Preprocess/Population/chinapop01.asc
NCOLS 612 
NROWS 354 
XLLCORNER 73.6 
YLLCORNER 18.2 
CELLSIZE 0.1 
NODATA_value -9999 
[rows 112 to 139 of 354, columns 248 to 309 of 612]
104.140621200842 77.1146280715488 58.7235936108187 56.2520095907936 13.1662865461675 0 0 0 0 0 0 0 0 0 0 0 0 0 0 0 0 0 0 3.07146381676206 21.8012221353034 30.8628610380952 57.9374485804695 131.337917985568 96.8222596902653 27.6888179912729 0 3.46366304713434 15.8026821144745 22.1096420262043 49.515662363769 -9999 -9999 -9999 -9999 -9999 -9999 -9999 -9999 -9999 -9999 -9999 -9999 -9999 -9999 -9999 -9999 -9999 -9999 -9999 -9999 -9999 -9999 -9999 -9999 -9999 -9999 -9999
6.37401722235389 38.8923174175513 238.917598713026 91.4488301444031 0 0 0 0 0 0 0 0 0 0 0 0 0 2.24047029635273 37.3805843427532 54.1479795972285 17.1779431238407 6.67527276330736 7.51807712181407 17.7668497747513 34.5208581603452 63.0468683918011 154.414993869688 421.954281193243 128.787460352827 84.2519134574096 15.0592158278059 18.0968357527385 46.3252944382469 52.9619941184669 116.051308878882 130.406731661486 -9999 -9999 -9999 -9999 -9999 -9999 -9999 -9999 -9999 -9999 -9999 -9999 -9999 -9999 -9999 -9999 -9999 -9999 -9999 -9999 -9999 -9999 -9999 -9999 -9999 -9999
9.50451978226116 6.10066001518317 65.6787103423816 96.7132257079424 0 0 0 0 0 0 0 0 0 0 0 0 0 32.4972817893579 58.1333537106655 59.4294987521948 30.9733030082126 14.6499791152712 17.6040916210986 30.3804885790923 125.137114249036 160.618414701722 412.85146042548 421.803930435768 221.061674856813 126.896460849824 39.2485883331237 3.9232301945562 40.6325710509652 12.6104538063573 1.98583290178696 41.7263527730966 125.16045191992 89.4736176239207 16.8681841478395 14.4885956346267 -9999 -9999 -9999 -9999 -9999 -9999 -9999 -9999 -9999 -9999 -9999 -9999 -9999 -9999 -9999 -9999 -9999 -9999 -9999 -9999 -9999 -9999
0.106258791475781 0 0 0 0 0 0 0 0 0 0 0 0 0 5.97901487243473 39.0411632967392 39.9492607591681 66.7714896613964 72.2642041947697 74.4960143665457 59.1796270427289 53.6109130768228 97.8114169872169 113.591930646663 125.704021700815 268.559416808725 1295.13962899079 2353.62240488911 507.106058073669 209.359869173837 91.0497972898905 0 0 0 0 0 7.5598688163476 27.4068145293888 15.2983272964147 55.2317868956564 31.1634530026693 47.5899836634507 43.5263983830566 10.0273173320574 13.8410372227621 -9999 -9999 -9999 -9999 -9999 -9999 -9999 -9999 -9999 -9999 -9999 -9999 -9999 -9999 -9999 -9999 -9999
0 0 0 0 0 0 0 0 0 0 0 0 0 0 17.2201912472228 485.390984289706 244.113748032469 83.194368593112 80.7235579522447 84.6361447688672 66.9499865028208 98.5177980628137 254.652104941239 170.523947027528 123.934190843646 224.595865356286 4145.21733044588 7031.58337293161 289.820356742916 125.057710852887 37.6430079927387 0 0 0 0 0 0 0 0 0 0 72.0026515240992 100.030113243984 45.3689909312759 28.5164503683227 79.391732565841 20.4225585360329 25.6034020234959 -9999 -9999 -9999 -9999 -9999 -9999 -9999 -9999 -9999 -9999 -9999 -9999 -9999 -9999
0 0 0 0 0 0 0 0 0 0 0 0 0 0 0 0 0 0.355772389464867 21.6633206317608 86.4276299925337 117.950836970302 131.914639218971 228.354541349999 64.1801334917904 78.6134777902926 178.171252319715 356.604083807211 211.911483955144 112.478089794566 64.534763953333 9.60392345131625 0 0 0 0 0 0 0 0 0 1.99855392637968 63.4514478853595 76.2100878274977 60.3256063861056 11.9156667017427 48.9583791166775 38.0030027517442 27.7289598805438 26.0628157396638 5.38276297324721 7.91394863382676 17.669289106441 -9999 -9999 -9999 -9999 -9999 -9999 -9999 28.7025667162486 43.2450920751563 -9999
0 0 0 0 0 0 0 0 0 0 0 0 0 0 3.3311428535109 40.1641355076751 37.72546111583 27.5607633263853 40.7437069712893 92.0834964535233 113.740814081179 55.8566852876809 50.9264481034389 22.1902663874248 23.6304282787797 56.028967279031 108.537194079366 122.990440579607 119.004339186767 68.0339544611868 0.137651558797231 0 0 0 0 0 0 0 0 0 0.639566845774034 9.43504562202556 51.6832434005567 15.1883695034553 3.33927750119892 30.4191379843223 45.4593070411647 44.3717180414242 22.1246506191302 9.41226052284501 26.1593139023497 30.2463187766317 15.3178893481837 32.9508056210847 39.1096044991792 35.809665418268 73.1631371090305 9.10801585991168 4.64572151732716 3.87724998750044 11.5955091014836 -9999
0 0 0 0 0 0 0 0 0 0 0 0 0 13.8054268150836 56.6015290656568 71.1765914071287 84.9280705496868 82.8162821556106 83.5707370067971 84.83114482093 51.3455620481114 3.54615253987451 0.994171060911035 0.654963694695115 0.789156883012663 0.946545552831479 2.27210219196369 15.2248926929064 81.642675959901 21.1236350283837 0 0 0 0 0 0 0 0 0.476360125646287 0.0538938204184416 0 0.228870789986279 6.46973474638373 4.67773667756955 2.7868813243767 2.72781051711428 10.2164262704221 0.867620110671881 3.43394387910735 0.13043891795122 2.69480387229091 9.11792392601045 10.384587935222 2.9016656214021 2.28537636103029 0.998209175417698 0.0971736393227555 0.0549437488486102 3.35420861792704 0.402575361442895 0 0.642563598298219
0 0 0 0 0 0 0 0 0 0 0 59.047864585214 221.809045531487 74.5642359478997 68.559803885033 71.3480816056593 65.8110019109602 71.9721712185352 60.6417686491129 11.3900272231089 1.07296839773253 2.55800425076651 0.779595560302501 0.682422439734027 0.724736888858076 0.660842346049388 0.449175976769099 0.396501867789566 0.201894649366095 0 0 0 0 0 0 1.18574366411261 7.81205861043062 3.55394547087722 8.80574739250233 8.12061169113218 3.96989420615935 2.21390962925625 2.82976258417338 1.87037742990815 0.449295274534477 0 0 0 0 0 0 0 0 0 0 0 0 0 0 0 0 0
0 0 0 0 0 0 0 0 0 0 0 71.5578128445621 94.8277064313892 67.7175385491506 69.5687112076467 64.6876114584742 70.2490323321069 37.3694156159111 1.56520821666931 1.18890988002808 2.49214726323913 1.83932261381515 0.983496570837383 0.753112547350155 0.620095559167449 0.413456113264394 0.306738354934947 0.218539292438291 0 0 0 0 0 0 0 0.976456503264372 11.9424425022498 12.5034752995067 12.6131989170567 14.4856446904016 14.8749615544535 69.328793538816 156.474827901179 4.41169341459846 3.28100932415076 2.69395960794097 2.00747122836281 1.24556197403716 0.66143221691645 0 0 0 0 0 0 0 0 0 0 0 0 0
0 0 0 0 0 0 0 0 0 0 0 13.4348573565087 29.5598237872153 27.4524313046651 41.0646361698621 58.7559316384699 19.2220675810115 1.07598654223959 1.92971127433617 5.59826493364079 6.93966015207686 4.41941723624984 3.49054357779767 0.305104096328874 0.10591896145885 0.234139556911024 0.21496381358091 0.0144024563407528 0 0 0 0 0 0 0 0 5.85835854858966 9.95416860137843 10.5430813864924 11.5376624809999 10.0328127544813 50.4283965434172 96.5889361079066 1.29140216877599 0.738075525104768 1.23359139760805 2.37679969262987 2.42778298184332 2.49869671654257 3.59540865375798 1.27803453808467 0.922715299203717 2.74443642565229 8.75902926567506 15.3510386318926 22.705963712575 20.2649627132575 20.6510985690066 11.5630808702872 3.71043743128549 2.59222100722636 2.55001077506898
0 0 0 0 0 0 0 0 0 0 0 0 0 0 0 0.00047139482240701 0.778062831779615 2.17177831894041 5.19474923466659 9.11269749012826 21.7324362796758 13.3967465132037 4.75638288255493 2.23519994985914 1.52532624262508 0.000258225130536585 0 0 0.0279575088036451 0.122810951738268 0.11660302059979 2.45090586103734 0.563012176926645 0 0 0 0 0 0 0 0 0 0 0 0 0 0.139517689908949 1.57582452532017 2.10697393015694 2.13908377742708 2.16696991225316 2.66385506056233 17.4817329545015 39.7926377870229 43.573601175274 47.0259812449434 52.8145364238728 63.1071051205471 71.7157543968431 13.364027113122 3.90466791057582 3.60802957862004
0.0919302149205077 0.671370269125957 0 0 0 0 0 0 0 0 0 0 0 0 0 0 1.51342729628102 4.24547456057429 16.4834384236963 47.3405540471631 29.0015774271405 41.7389032588386 7.02984514029711 2.53579593075322 2.49828927893606 0.404848359545238 0.120622599548185 0 0.0334844323394912 0.173168729423992 0.284576773793002 0.438500602391368 1.14785522367593 0 0 0 0 0 0 0 0 0 0 0 0 0.068762710071939 0.504763889791468 1.53096804479377 2.05854009440905 2.13539884626795 2.22461591170126 2.34904189549617 9.04550752287917 27.479807750521 34.156948557794 33.3162927763292 32.2743382549661 30.0340021465419 24.2333264926913 18.1474511138922 22.1255113400804 23.2860586451588
11.5221267982492 20.8813605768534 1.82908902739625 0.0045042164890125 0 0 0 0 0 0 0 0 0 0 0 0 0.982964199982941 12.5744418219781 228.132665386186 31.7124997453642 7.9437663141454 13.522551871521 5.871241851718 2.58555652904183 3.54516610458595 0.713498213348872 0.346523433861029 0.00288335693176126 0 0 0.196570996576648 0.695503321760732 0.120420596713367 0 0 0 0 0 0 0 0 0 0 0.447246230989209 1.48602612630063 2.04374136286508 2.11149544386849 2.11254960748795 2.11194685723182 2.14106535674992 3.24505119380326 6.77035822718099 2.65323615367921 7.24128954766613 16.2190608530543 22.3845882015581 33.6257388381801 36.5875645954849 19.4118246309298 28.3769071863124 14.8033717510408 20.9353459442352
8.26749791332386 29.7327445334908 4.39724348986815 0.139539367735602 0 0 0 0 0 0 0 0 0 0 0 0 36.758646669841 38.6554762920043 29.7126254748384 13.048634323921 3.47869927952049 1.72554934869264 0.234292278666222 0 0.0919436003368619 0.107261467770731 0.0489522129805337 0 0 0.002095865169121 0.345810128856364 0.436928853164381 0.0280099691076401 0 0 0 0 0 0 0 0 0 0.599497301628286 2.07063674368629 2.04290245762903 2.03188775164566 2.02941535629323 2.0529564376355 2.04133078623399 8.28798114608302 21.2863497319614 23.0227818168777 10.0649163283209 3.4717265592897 2.5633545988251 4.22281102937904 18.4810825979942 24.3198076675604 24.6218765626522 33.9379940469443 10.5353335484916 10.2639981733505
0 13.1683310413307 6.54267324438863 6.64202100685768 6.53365173449797 3.28403245564971 0.139152228855069 0 0 0 0 0 0 0 2.87645573484795 68.8155939274476 248.89298998614 140.0316069751 11.1503493285871 2.64792465393445 3.11252199264648 1.01394848381344 0 0 0 0 0 0 0 0.144620099411799 0.788038371746386 0.496443603823829 0.00129931690187416 0 0 0 0 0 0 0 0 0 1.15623325977668 1.99462085815282 2.0336370127117 7.71830603293709 14.2111136560073 11.1722959263813 3.59370901688051 6.29295332110316 21.912555592795 24.3810966302078 21.7007050307947 22.6596096952805 2.4818020178184 2.06018380942155 2.27506435104512 3.13877996348716 20.9584708294043 22.3804250177218 23.2843600232204 34.4395063274578
0 4.57385212766529 43.3450363428339 51.5221278589167 151.90592120929 315.331877908998 86.0907948850032 0 0 0 0 5.23394263766283 28.5896426806871 55.3900459103981 88.3835151865363 265.002516979741 745.86918694194 88.8285193211656 15.4336826565838 1.57584723612668 3.69381227106909 1.32419091008955 0.266745704138388 0 0 0 0 0 0.137173994279406 1.01641316869818 1.73375656367776 0.479649021484912 0.00437818506180821 0 0 0 0 0 0 0 0 0 1.59520067188483 2.09828111612618 2.11936071707823 18.7714168264152 34.0328976328781 23.2905437426774 6.32335151272244 2.08151292757448 3.94050535035842 26.8467682633753 17.2527379411831 4.75253109784764 2.33563822296315 2.41758167115291 10.8821454407539 7.61322480115313 7.99107060385746 4.61281851535142 6.66621829280562 39.3700668276711
0 4.75458126726795 31.1500966005037 27.5362806405456 107.626916455712 385.780247615896 338.390626427797 24.4592003214108 0 0.376414121424084 25.7115444628102 93.8818038177436 93.5225808927651 115.264046455946 141.480262839265 210.704820463672 152.327466246126 0 0 4.17600865897464 13.3379920223083 2.77166773910389 2.41094862098726 1.76455851976121 0.24519076267135 0.172796458652947 0.267129637409994 0.770434162988432 0.94071344957874 1.90400462606866 2.51975246885136 0.520488079053488 0 0 0 0 0 0 0 0.186386509485284 0.503432975388106 0.783317728980179 1.99300852042718 2.04486087132748 2.01023120329839 2.02927861816657 9.42509839437671 26.1525265299733 6.5017714739957 2.07006656071181 2.1285919434601 5.18047319276334 24.787842305909 17.5750674497213 3.80223386649271 3.69839572844297 15.2252962133842 11.759988179159 3.12970367374087 2.49521117353255 2.90404381459236 11.8451044798205
0 2.96872386390509 77.4425892313261 190.301957711385 68.7499318549769 59.3288528826583 114.082694041284 99.9497106192474 81.6944814223064 358.831200256319 136.634236758608 162.418995734095 201.246118291296 736.053779939751 559.133735149899 165.541641569969 0 0 0 0.20699145071289 1.70803416983724 1.00713942620368 0.844672649766676 0.59872846862108 0.226894639632887 0.345276464525397 1.32496091530878 0.941737713671547 0.282313115288669 0.217270372994664 0.14368191032555 0.00791422546471622 0 0 0 0 0 0 0.31150951397398 2.16881003357235 2.02726170748577 1.99931571852549 1.99389354733254 1.96934478937742 1.99144571966174 2.00941913552348 2.08362245548339 2.26378124616906 2.03319800797427 2.03989529658193 2.21031703318805 3.178137257004 11.3956669384345 7.43096838380672 4.86029713295549 5.91556434731599 6.33727667764288 5.64440135660623 4.75134359234716 4.43680916368388 5.75482034888833 7.29968903586555
0 0 4.86330204855021 44.1575800114181 25.7560526027202 31.820573582897 355.268535871377 436.008833418235 240.921931694833 832.364280253545 790.270368730672 788.276405644702 1026.95575505632 3892.35048488506 1326.14835063489 49.6753937058207 0 0 0 0 0 0 0 0 0 0 0 0 0 0 0 0 0 0 0 0 0 0 0.684866893274724 3.94294193645254 3.01908851720858 2.1361947095594 1.97383140533472 2.02952234593017 2.05304058115277 2.03020077504136 2.05444723394035 2.07213304047647 2.10205695339759 2.16526058349906 2.27828917969716 2.27960428037187 2.57748130982759 5.11855597849778 7.8665307346646 12.5320879070049 18.7504262209928 21.5223390591899 19.367255436512 11.8548580586108 10.6105271671483 11.2140170301614
0 99.9272132663611 448.825450361398 209.741666999064 118.715297199588 105.006592849514 652.048115304582 1568.47692052902 811.582586016024 622.618964241316 1670.5652640764 4355.56148062865 2035.338576698 277.41128062819 29.1828149780248 0 0 0 0 0 0 0 0 0 0 0 0 0 0 0 0 0 0 0 0 0 0 0 0.00963245853443768 1.85700296460864 3.15527068953906 3.37198395695158 3.19047840659442 2.99549301832086 2.66559604110198 2.35838038985099 2.14448599349994 2.11787207118777 2.11078884837963 3.27760479426531 6.41393847949038 29.8785634491263 4.93402627287923 10.7404425710801 24.9333754267119 46.624624289849 20.2157800092096 18.9048828320462 26.7329651093412 25.1505366339083 37.3275276909491 106.029608926298
0 50.7720887931746 751.019611620324 2118.94028013716 3359.0301607678 7416.46342258876 6123.9285314382 2631.00146955197 840.365394139109 371.581521639101 1588.57761772495 997.727880061662 258.656635909309 1.15992562403915 0 0 0 0 0 0 0 0 0 0 0 0 0 0 0 0 0 0 0 0 0 0 0.0715920442721577 0.844255650989665 0.296156718815766 0 0 0 0 0.0494860893749526 0.343455310270437 0.914970541802755 2.47772277102716 4.298693067295 10.5514354053311 11.6501019754007 12.4736242133022 21.3137047279341 0 0 4.89582721009441 23.7163021272914 25.9760524471891 16.2871058579773 23.5063121400846 29.6188050770838 35.2559831434464 101.962867833753
0 0 115.344837770843 1840.21361762544 12670.5405046356 13072.7283363314 7423.7918768576 1559.6365798364 164.11769767388 249.167300017813 423.714046319292 38.4078364756166 0 0 0.747444354730276 1.87070279869864 19.4633814706442 26.5953751703532 6.30761589775322 0 0 0 0 0 0 0 0 0 0 0 0 0 0 0 0 0.196198638143181 2.38269187897574 3.85179691139954 4.06481154903943 2.96827329667001 1.33861906243228 0.0701927831948144 0 0 0 0.0868525726241252 3.14444227677783 11.5177395670928 10.3551874360064 8.94491812149427 5.35554394477199 6.75949237827578 10.4985526968182 37.1563406442643 11.1323142920536 3.78037225464802 25.4961083639853 69.2013127419498 51.6322834099089 25.9574593218214 29.8571561495879 28.2687123291707
408.072128197796 829.680141731723 550.805819169858 1543.66808365468 10373.5974409351 39128.2623688933 1833.28254354734 471.0407291627 197.839247859964 319.104924447101 304.169770361232 0 0 2.20647861634016 24.2470732292563 28.9456021124721 48.7248871148696 51.7169738901711 55.5802995457388 1.21134231166282 0 0 0 0 0 0 0 0 0 0 0 0 0 0 0 1.78401612619872 3.21531906669985 3.66614223408941 5.09824342826881 4.92828288256069 4.35309558828467 3.55230057400719 2.09566933603881 0.977599416543314 1.3456808309159 3.20754075069534 3.07954142365892 9.48359605752838 1.85371745106218 5.0062442524758 12.1876570179695 13.6358712666911 18.2790025397314 39.7723234292001 92.612324601593 32.6733026754596 0.312598873309778 29.0058096316452 15.7997482336234 11.8369245277704 25.8400402902925 26.1901049328524
539.212039221924 2741.47344533787 4575.00577956525 1510.19749729358 3272.7032294702 4749.20932656393 1892.27742779249 377.983030425665 200.252313166735 249.056478714439 359.123394349515 34.1656643921194 0 6.98878886899504 35.4110035581669 37.2466497434213 35.2609085104055 41.0672373907098 47.9621700372744 11.6139771011193 0 0.312254862552349 5.87446253893177 2.7999612463827 2.17867806213191 0.706797253241684 0.00113501777650626 0 0 0 0 0 0 0 0.0323906642648829 2.88398243300818 3.13040007440808 4.73902253655586 11.5614351045083 14.4720347395019 7.85233665853461 4.35585338556588 4.3316082156058 4.09600103491876 4.10232880039879 4.14483951458412 2.39241738506233 8.10009599319926 9.91282972545554 4.74285418582434 11.9049444854953 19.5801917135581 95.7641831193285 183.725946976187 113.94254949146 42.1156273202746 7.24205085330276 0.623624459238455 0 4.28004868414023 5.03090233571404 5.83480417697634
7878.77675345876 19029.193493668 23298.292831249 10188.5677874734 4968.90459432247 1478.41712801778 730.305016900947 872.913474360525 629.745522045312 316.979466513697 922.299943103169 1035.24783909933 115.870550525886 8.97905773102097 127.919344225486 93.8855740983905 20.1125978145406 15.9259842905525 4.77297607370254 0.0150596551224611 1.03983856489062 14.2806536418396 10.0209661400918 3.93242509588028 3.22080833069802 3.1106502469388 2.31724828547752 1.33785012246207 0.357320688163402 0 0 0 0 0 0.0130434166104713 3.019896137157 3.395183228796 11.1359830742662 11.7058281158377 7.27864874547628 8.31703191537452 11.7376800618573 7.43702787082885 5.48864545383755 5.58848375244307 9.74040857044943 21.9677817209078 33.4702846169909 27.3606305628512 13.1170159039496 40.6222757492848 23.4971249503658 61.4511119175629 51.7653508997183 22.2465237923763 14.4105587053477 13.0975269717082 7.94442541560232 0.0108907575392136 1.72283320818318 3.99690700820481 5.88070316579207
12887.0242161451 161875.520787772 107126.860174562 8454.14717647841 1770.80307629785 361.507626976269 131.526053636255 173.550342929457 291.450526763049 660.182998441782 840.898311358019 1678.54449929073 1170.09681873435 24.6344180831319 41.577118368232 217.426105294201 243.141979362353 282.975317243188 103.367607487341 0 1.66284141602913 9.49091417057799 42.3850852922374 27.1477440024492 7.8348007167788 3.20474014278984 3.09892146779038 3.89339186832463 29.1976057310035 22.2013031007419 1.24264509192815 0.0599855079611449 0 0 0 3.60178082083796 8.32401668384509 17.1112080698514 15.8105541398373 15.0409042095924 13.8238785941462 11.8812900442979 9.24830577660645 9.09546003128161 10.8519285922739 45.1616509639267 50.4501360639704 31.9682686594954 13.6096767987773 7.70634473918937 12.0493967814252 7.33589747259905 15.0189934527859 16.7359842413316 14.1716391332633 12.5026441427544 11.7560763390485 9.39610382921379 0.613937497563313 0.145393741652569 3.89570989534821 4.76982425879207
3551.23394350089 2937.02226676583 11586.4673626212 24341.223836604 5785.26431849634 1671.06347872243 1249.55449204382 112.508623544259 58.843882916624 135.640904671937 142.897204467366 629.77991007852 2431.51240195247 1256.16723854925 363.988871519748 539.564065722364 641.19262918526 700.104794323278 350.999014679402 0 0.00869872929016478 13.1482208532351 49.026861229381 37.0654802471007 24.4597653479883 4.53263088996018 3.95868632131084 3.80217523652586 14.3329436981475 12.4431592595102 13.1362766969537 22.2001914713261 37.1090369619322 7.50580764828241 2.66144325941428 9.52968313054359 10.6935213792017 10.3866091702301 11.5271332630209 14.546230182917 17.2348744693257 11.1329959042409 15.1961642487988 27.8593782540261 38.77923333394 44.6715008656139 47.4746752709858 81.7509136047445 61.8022097342557 10.0953441453901 4.52766888920806 6.01023339864632 7.37036677075244 15.1620896045174 16.0185334091469 13.1095444703153 13.5670653342495 13.0673736509556 1.54706804440249 0 7.3472951465927 12.3832532206472
