Preprocess/Population/chinapop01.asc
NCOLS 612 
NROWS 354 
XLLCORNER 73.6 
YLLCORNER 18.2 
CELLSIZE 0.1 
NODATA_value -9999 
[rows 112 to 139 of 354, columns 186 to 247 of 612]
0 0 0 0 0 0 0 0 0 0 0 0 0 0 0 0 0 333.223009349742 487.534254479675 266.277269283981 79.7051281621608 0 0 0 0 0 0 0 0 0 0 0 0 0 0 1.50773639331023 1.83874323730476 0.106289555590246 0 0 0 0 0 0 0 0 0 0 1.08609502596715 12.866973525774 3.95590243115566 4.84931147591279 7.55668850182515 6.26287413266133 40.4291940699943 42.9240068548352 21.98627569898 4.05606477000829 3.90954400730038 4.38491640277284 11.2355098497839 28.9201108705666
0 0 0 0 0 0 0 0 0 0 0 0 0 0 0 0 0 0.408969311747143 160.4441622222 149.670323121557 62.4319617083987 0.684208630527946 0 0 0 0 0 0 0 0 0 0 0 2.36707530002702 11.4811770485542 27.3413763573331 21.1523705580686 10.1879300477467 8.98974885268272 9.07873583695994 14.4905478926323 17.9056965567071 10.5412189678828 0 0 0 0 0 0 31.2735477897977 3.94736712636674 3.70198153651548 2.63168828172195 17.0941055628702 34.0039958440152 33.4248754089847 59.8742470952933 28.4812767411094 14.1967193783757 4.00298076210236 12.4037954286693 5.27489341795978
0 0 0 0 0 0 0 0 0 0 0 0 0 0 0 0 0 2.18124197387225 44.0413990617046 259.178323504289 74.3938486603963 23.0744765410017 79.2215923522216 139.690581690221 5.48569073305788 0 0 0 0 0 0 0 0 14.6909180967576 25.8358966425189 20.4240533766142 31.9515076935888 12.8656333147446 16.3705385506317 24.9560871512354 21.7746080405441 19.8570838926592 18.0866731439811 8.2429801648862 3.01790738292422 0 0 0 0 18.7097641698221 24.247466884665 18.1804078858235 2.89238126118889 1.22578329508219 30.6933027101516 33.253231113966 71.862179866224 38.6967564665745 12.7536694222969 4.91662016414979 23.7693605944226 6.04775121638861
0 0 0 0 0 0 0 0 0 0 0 0 0 0 0 0 0 18.9455239133091 27.5969195066527 23.6888741661836 27.2147726005455 20.547827549888 75.7476179151236 174.198621770053 53.9475770861253 0 0 0 0 0 0 0 0 3.586175821892 23.7668241907999 24.8664506991186 20.9789152205844 14.5804452993328 14.6082160015895 32.2593229161644 34.4843264764045 29.0019787261321 41.4133042463908 24.483790910058 23.1251366854592 0.0317000918956622 0 0 4.8209541496997 23.4721620216609 9.68753919567344 5.50106456794589 3.34299223312625 0.356907497768619 0.376982611262522 7.11790693579856 31.0326296561376 16.7249753417017 0.0352529689878862 0.00238846641778563 0.515234789449136 0.0260406654019434
0 0 0 0 0 0 0 0 0 0 0 0 0 0 0 0 97.1074332755869 220.595558357224 36.2157298012851 19.7163952196218 24.0456610999556 31.0126611716604 87.3384641194804 58.0543064094147 0.302059477183532 0 0 25.5606813328519 57.6977532681607 38.8862142451703 17.6368607476199 17.5019729334419 32.5441057135725 27.630182522088 52.1211607131702 97.8318625220878 65.3728211219868 46.2160437246087 12.3445267772219 15.9125569471393 22.6812166150609 23.4691954504966 23.8102013752643 22.828352302332 16.0588701893907 0.355177134039173 0.417735809928521 1.71747747266201 14.8031551220075 9.41485124449989 4.49620548354356 3.99866313366269 4.32573394347776 2.64697013281693 0 0 0 0 0 0 0 0
0 0 0 0 0 0 0 0 0 0 0 0 0 0 0 0 40.2341156412825 70.8523179194555 14.0121327108032 8.93687522766838 35.5817151517161 43.6150915169285 40.7826481194175 27.2191426736529 0 0 1.3813190826295 420.462371805969 582.370506401066 511.749385452364 274.547062300285 95.2434423453537 39.7576498877494 28.0601236388336 57.7994178334141 124.566580897921 67.773847689392 32.8898612523055 9.17718658386591 11.6812309154441 16.0916958519173 24.7835205439877 20.6343898458566 10.1735219137037 8.12770635484496 5.26198197250199 6.02165183715206 20.7106641571934 43.7414915274059 16.7687724993634 4.62212365324701 3.93494469267457 3.73610885303529 2.8446033231747 0 0 0 0 0 0 0 0
0 0 0 0 0 0 0 0 0 0 0 0 0 0 0 0 0 0 0 0 24.4689188322642 43.7110735056746 474.84999660255 145.281037600437 9.84614083351896 0.884623921080122 15.4103426358607 36.144236080673 55.1587042162598 99.6051830378174 328.123364647558 109.088334190424 70.785258613363 14.6087048492513 13.8994778663737 15.7501333417386 15.26194210357 12.300434242287 10.4051514380567 11.3077235412303 7.45265359930235 8.2887979426462 13.0006381833623 16.2518865516075 18.6956877963357 11.4602224037929 10.8905969799539 18.5769835418113 12.3976539545369 6.00101898704097 4.35988782027055 3.89282309435345 3.77604569231604 2.00225600805176 0 0 0 0 0 0 0 0
0 0 0 0 0 0 0 0 0 0 0 0 0 0 0 0 0 0 0 0 1.53177816797311 27.2812929756777 100.742935615226 60.313596708836 42.8653513848663 78.2208694149384 72.2111173626169 57.3702367316078 163.424926286883 130.162216689161 322.864598660537 275.293183060128 128.232596397507 22.2221641380004 21.9056470600428 31.4017235269346 57.2050007095921 22.9488847465894 11.6518805836055 8.06553116680596 5.20595932044184 5.26239444130676 9.0083348238891 42.4835038731311 35.3320552396653 12.9854548599723 8.7975451093838 8.06763669625981 9.0482657644832 5.60658399600423 4.20970108826238 3.76325747016674 2.99068737925932 0.424473931508241 0 0 0 0 0 0 0 0
0 0 0 0 0 0 0 0 0 0 0 0 0 0 0 0 0 0 0 0.0123125647043153 7.16626118609679 26.6913069057384 33.9020532275947 38.5774492440945 39.2198085558036 65.6855142368973 24.0525190368746 46.9912820406771 150.639536828645 132.357729680308 149.786851905041 440.4931999838 47.8318036614017 92.7748228887761 97.9426869542323 45.8066879654019 141.286638762643 42.1643423778281 16.6010897096438 13.0338299723539 6.79510105053338 5.08730692838852 5.80526897576616 30.0468855816933 36.2159456395545 15.7185972706289 24.6059383203585 33.0161556686392 30.0781296535581 6.82498967295872 4.43976261016512 1.64442754820059 0.131233083655759 0 0 0 0 0 0 0 0 0
0 0 0 0 0 0 0 0 0 0 0 0 0 0 0 0 0 0 0 10.6795593787404 16.6754262445408 21.368464554102 32.0414716868023 34.5573937314284 143.688236094482 316.897007483571 18.8007620048904 44.8213611750032 201.71498209814 49.1826429798734 213.337518312481 293.246359423557 59.0907734852121 121.434501006162 109.607910309553 97.8778946804448 37.3588527179032 27.7270400244521 24.9240004583484 21.206490939237 10.1450074859198 6.40728499683261 6.60094179847527 24.2965819398652 29.8276055686832 11.5147580314738 18.9277756215519 32.1855164620088 18.3700031139825 9.29160394281757 0.319345645953757 0 0 0 0 0 0 0 0 0 0 0
0 0 0 0 0 0 0 0 0 0 0 0 0 0 0 0 0 0 0 0 0.562722069302971 8.08939291057888 9.95482083226962 11.054329743764 103.118823584316 164.584268510728 19.2476645409127 80.8792173692599 117.029460623713 44.2011414426763 155.612031447661 132.412115217283 52.6523632321869 15.7580444972364 57.403251653531 95.788950788689 114.633244307026 38.4213608588538 14.7243205862532 12.378592180455 7.84541925794675 29.4041157275239 14.9636107246741 18.6605864137284 10.5138681992927 13.745597803298 22.1999662966009 22.5688366492027 9.25033907628431 0.205535121415858 0 0 0 0 0 0 0 0 0 0 0 0
0 0 0 0 0 0 0 0 0 0 0 0 0 0 0 0 0 0 0 0 0.290939742525158 18.4465699491018 29.1482043414707 99.7275382377052 93.9489264861179 37.2305756291828 17.1034366423043 12.4844909148008 13.5856246776293 13.9878487428999 60.8473065815269 157.108582620168 98.5457398015958 79.9058019544171 118.621585894737 185.077919074532 120.327911171392 76.5282406513704 33.2878243918869 33.9818203790999 34.3358864923087 46.2530151101924 23.2559475015531 9.01211074585805 22.5423602004131 20.7386901511101 27.037421871487 44.800628395474 6.28362530649072 0 0 0 0 0 0 0 0 0 0 0 0 0
0 0 0 0 0 0 0 0 0 0 0 0 0 0 0 0 0 0 0 0 0 0 2.39690719308134 42.8923440149361 64.500687248849 22.9024958728508 21.8293461187672 19.0849388119805 9.40355490742408 11.9343535704723 65.089023196836 41.1343846282752 224.015596888752 813.076396274127 148.624246425549 89.0445884660229 50.1098066126781 20.3507095153227 16.4402652395988 30.0979721524531 33.7303343172915 23.237991928501 26.25722959517 14.4358062526466 30.8348623602213 29.1948678138664 30.7060648045359 39.0565586144354 12.0173223223552 0.4985876721667 0.0383420682174161 0 0 0 0 0 0 0 0 0 0 0
0 0 0 0 0 0 0 0 0 0 0 0 0 0 0 0 0 0 0 0 0 0 0 0 0 0.130492172986681 8.98037762450772 42.6822981385537 6.4130445507823 9.24134961159009 14.9990389252533 37.7708237791376 118.221648977668 146.658988413734 32.4892784241987 23.0538671254327 34.748180676828 35.588605349959 16.8553130108118 11.223656507384 90.8023240758922 61.0007334585504 39.6609543864085 30.3426051178522 32.6224050214187 29.8218566012481 37.2834815829629 34.6463576137374 7.66044564276009 4.04676825324368 3.55816133777261 0.504125570137237 0 0 0 0 0 0 0 0 0 0
0 0 0 0 0 0 0 0 0 0 0 0 0 0 0 0 0 0 0 0 0 0 0 0 0 0.424680594102483 21.2782380138576 94.6089202172554 77.9519822517047 38.6869603574476 11.4199353447591 19.4054064248324 25.6733561142722 74.0289961112549 87.479070998531 32.2011485377087 129.97476810199 330.350470320735 89.9987562663007 65.6145959125832 44.6683445637691 32.772806159559 51.7909796668547 47.3253643960208 34.7277094126139 25.8607760639059 19.648197486653 16.4043454177709 6.20141195864215 4.46718989030511 3.23207016944712 0.0600697168601945 0 0 0 0 0 0 0 0 0 0
0 0 0 0 0 0 0 0 0 0 0 0 0 0 0 0 0 0 0 0 0 0 0 0 0 0 0 14.0456905933134 29.7191294512501 18.3093453684588 0 0 48.5416921639043 359.15002961616 2458.38700499046 1435.76646592585 1265.78680295466 838.920689302151 132.970103126088 198.776178042386 193.361927148564 76.9890290903874 39.5196265048897 31.0426251064732 33.9825285729503 57.4162402273375 11.6695641080887 1.89539067542727 0.881254706631408 0.572008822459579 0.0440378636120113 0 0 0 0 0 0 0 0 0 0 0
0 0 0 0 0 0 0 0 0 0 0 0 0 0 0 0 0 0 0 0 0 0 0 0 0 0 0 0 0 0 2.88205456273382 52.6948181167359 1626.8682347829 2283.03376100176 3251.0968352843 3392.34861722851 2396.07120100056 1314.14424251772 148.891681946308 172.633083896143 245.001075607329 157.534580635834 136.231567570489 91.2109306374006 46.2324786491067 1.27803790739776 0 0 0 0 0 0 0 0 0 0 0 0 0 0 0 0
0 0 0 0 0 0 0 0 0 0 0 0 0 0 0 0 0 0 0 0 0 0 0 0 0 0.611708913914088 8.85298646964459 358.221992847138 998.230305826592 1309.91918909093 739.114462992522 790.745837889897 1859.08839591759 1900.07626568135 2581.88634961991 7670.61727837835 2816.59902560207 263.371197982422 355.271907603837 370.968258164489 808.2760860894 2290.4068858889 499.202603477324 192.138254093769 150.024107133456 2945.5437004963 1449.88914590543 760.842115290936 182.357905202907 117.998281320596 44.3193945449255 9.45013842074155 0.0460694583779258 0 0 0 0 0 0 0 0 0
0 0 0 0 0 0 0 0 0 0 0 0 0 0 0 0 0 4.97369692372546 106.128099537249 96.1273102134793 77.3098388490381 182.658206442381 402.041603214567 199.920188782215 135.907573704647 89.8029790567889 198.479367861909 2129.13127842946 3909.61935528419 1766.41420277487 868.209272588279 650.491857105566 1958.97515563704 2394.13442586107 3837.22217939016 3006.47612650797 5303.57047511304 464.582368875056 1185.72304266175 1367.92943220942 1148.81987671534 3701.89282546327 522.817732423448 461.088419455096 1618.15895099128 8949.26105722738 6786.77397728714 3473.05182228904 1952.83850278271 1073.74480421608 491.740599403258 251.005242366522 284.085572458671 241.763283458786 292.307152718311 268.100861049676 181.578383491724 107.162981969911 14.5445436614351 0 0 0
0 0 0 0 0 0 0 0 0 0 0 0 1.75370063978669 11.4918357604462 9.46538635070135 33.079489215149 173.81042551388 234.561153668389 710.4384917822 1088.83480779109 455.815935955287 1266.08479726439 791.700583258195 323.320354018308 339.810938635628 666.795747739341 261.115459626259 445.594303294076 490.224188774965 260.450179075772 200.28981249084 211.79007733551 413.828118654933 1047.29319452272 3677.56639906973 5262.33963403891 594.890656793221 317.115183833408 312.046970684485 502.128032106057 626.121808089287 556.709081545131 465.23967028786 181.104011944288 1385.743783376 2988.26114287833 4895.43360858648 10737.958354568 6962.05674519155 6413.73890260267 1817.36057540288 589.81861942169 801.922931563402 1120.44507149444 1682.60892576612 789.541843141972 527.88804031915 282.997817934538 28.1429070383954 0 0 0
0 0 0 0 0 0 0 0 0 0 1.57807086122341 42.7836918232624 285.167425176015 80.051805901135 26.1516764515005 122.443757585704 279.587282510035 159.581011654981 22.7389086270909 38.0507460692933 108.135732201867 288.527735052304 339.367915048443 316.161924210832 560.444384719245 2962.27219696874 1879.44711066042 451.792872253297 293.436908716099 143.747068199063 114.273895853542 340.147576639173 595.476859332304 879.675883489677 1094.52025653614 799.130755905373 292.376052926076 365.116658465902 404.503197365657 1037.4777231173 2240.7315098938 269.796774640009 120.885722231124 175.433085473648 549.070297728466 819.626867829792 706.856280287742 875.156887774579 21704.8871065591 7459.55340393036 1246.16158031687 669.875446790976 561.246152138306 1156.3046805065 1981.94630457752 4779.2773976441 2357.40835632066 339.937470483572 101.287024068106 11.0756653073615 0 0
0 0 0 0 0 0 0 0 0 0 66.9505085149219 122.436487845791 223.077486429804 109.650538012697 7.61748239395194 1.76080821119502 0 0 0 0 0 0 178.084496141633 1595.91618683993 9998.08364495477 33594.7660818345 9838.17579866603 1228.80111320046 552.958096440458 239.931100671141 119.888121854921 235.536361493249 243.336024836701 282.83486778388 285.254844254693 166.738487262258 97.5233919511526 148.685662417309 641.347596849162 459.872868214862 195.205207239161 264.420549280651 226.021764967585 274.255244835094 431.50098242573 635.83106433329 454.539275064046 347.070248605585 1690.67106200717 1396.46436837369 973.043626598607 3182.14977619241 1496.98663356769 864.423670186764 814.295951437649 2426.15603516139 1728.00450938023 1135.7539711742 537.878383943219 1040.70633919079 0 0
0 0 0 0 0 0 0 0 0 6.34361287461017 261.304335000362 32.8429060206401 4.17586517091347 0.0140329071585201 0 0 0 0 0 0.0852493299783087 0.63730588123311 16.8590212541173 268.764301311872 2401.60472290696 19560.3323137328 71967.1145476695 6270.96062548002 889.4383279771 458.54254221391 152.440559169135 58.2404579191278 54.3565469730999 84.8344965402623 98.8765971142383 213.58368750914 563.909478491753 76.8649455682291 62.1271093526293 63.2241523208014 46.4863358641106 84.8211591268402 223.7616108932 283.157139356453 287.282696154923 272.508885425479 540.573284206986 239.050520952633 250.482307207943 247.767899291302 236.805589988447 798.280909102259 1312.76214685055 855.916685199227 396.167924162686 292.390942342823 422.099045602845 750.750927657566 161.44565499802 106.000067504801 304.045516751935 0 0
0 0 0 0 0 0 0 0 0 0 0 0 0 0 1.37283226456356 4.08113748462673 6.45415340027581 16.8098670849641 75.4355082797542 75.3893129070498 68.2360488650534 138.493018746373 699.590597807988 1766.97842746111 651.717974264461 4142.91566334365 6804.13554467133 672.523596270869 153.672984686859 69.5484889857216 42.1444535679803 36.5745395810152 52.4700754440398 42.6242325000144 138.100881108536 309.05797640996 56.6706824353549 110.054857112154 106.171903765968 27.5350291626928 46.3600372183546 123.733771510692 215.226232318881 208.457412309917 242.220617024693 277.114804141569 258.317685403322 215.022261807894 137.894256078933 189.515329860101 346.089096005015 561.562783449169 1432.6302897931 1742.03837021348 309.982716213106 145.296966135165 160.910248495925 179.732247722223 17.1007238708172 78.3090078102486 341.218976676352 574.114562248008
0 0 0 0 0 0 0 0 0 0 0 0 0.0737727458735022 3.8912279824837 9.55828899630355 12.5809579481833 12.4487352473818 30.5491535177756 441.341968992214 949.817209837782 129.231433421029 342.205061527176 296.976795947724 178.592307158415 136.740201560582 1851.98194687056 1677.20977396813 704.655142701232 136.52479282133 39.746852108829 29.0497547085097 43.7309675770608 30.4122293463604 17.0464623290483 26.8583878502955 18.7977946298025 38.4035635262589 109.13806612245 142.962160719018 74.6393815992196 70.1590532942394 80.5336824714379 63.4592703994482 114.755747614351 194.389969340653 403.93625212234 537.969533047453 252.904548632898 118.017788161918 224.969224097955 245.496754395905 311.76744508433 1040.74112265276 1309.90438454239 370.289256108553 276.421780562509 171.82321453332 119.806357686946 93.1700414566877 90.096341343168 3304.46950206596 2825.28079319706
0 0 0 0 0 0 0 0 0 0 0 0.32022534546408 56.6533798517712 47.1168238768566 12.883391253507 55.134960633461 23.0516418862275 10.9588644825202 25.8802754670305 98.7924080862853 38.6888089717565 24.7243354413977 65.7097531283243 149.496628152773 205.751774426083 1455.16404127438 820.767820658873 172.750267653683 42.4060777926951 29.6639936362759 94.5741125328058 145.203608809601 62.0174401805359 17.2077175407226 16.297387978719 11.0954710256953 15.1535352931611 33.2037878163122 53.5444629649335 37.3088583279524 16.8885381557537 15.1365535110191 7.65477061375134 27.5074892065879 174.054121074613 488.941806549829 684.252059442919 227.241181191277 125.987840301129 107.710710435311 269.30456061334 277.342534595816 531.029484740461 17961.600631936 32995.2704945754 188.176635307363 116.01034177013 494.40584830191 196.408976876857 160.172733201264 55202.1296043511 161265.55319343
0 0 0 0 0 0 0 0 0 0 0 0.012955953980225 25.9761680974835 184.956803884128 6.17242583634389 6.95205818086217 8.35780565223169 10.2862932828939 10.2096727106986 13.3793850857071 66.701952737023 104.566536534827 67.0095336703516 140.282866370817 345.394414621472 419.178591617907 167.463219499083 94.6925745767134 65.8475235985006 50.3587875826418 84.3708514193096 60.7732318209886 74.5642259221113 11.5661103882072 9.81994409108975 8.32857648235812 9.52263364849669 7.64141385794813 14.4707542901641 10.7470645235905 7.30151822989271 7.50497929206556 5.00298508633384 7.43953227382942 86.0314427675296 179.340973546021 158.705152784626 661.412892884683 530.453920588677 241.685284015278 289.320500698171 293.755703316984 391.416922783021 980.079234423646 360.722138489157 79.1438847653548 81.9384919315633 112.123742394934 85.5315962141499 100.848994517658 1280.60023835164 35532.9174495606
0 0 0 0 0 0 0 0 0 0 0 0 0 0 0 8.66275106696775 73.560701276164 100.122417517749 22.4556473612762 5.23881145286069 39.3824514089859 5073.4188060335 1574.05577359871 445.12025590825 254.128677252168 211.326568363248 523.986238588212 444.531550138645 182.225614438022 80.0978570828588 40.8300927667109 38.0718326880615 64.4476579214913 20.3873624142145 10.4212006969554 8.75917474442618 6.22856072465012 6.27733576018718 8.98732495813194 6.88103819155872 4.08106902301042 2.81457145113217 0.833375362372586 0.782634352793321 69.0785399617911 130.575677334023 159.146449875573 378.801435457891 319.003971605846 163.494767627657 186.768534541227 183.344365830113 232.10463733786 264.844760443981 66.5946645597158 38.8725917783011 50.8321908949747 61.8044667640242 61.4283743299602 81.3063635910841 103.455252888905 237.226612852811
