Preprocess/Population/chinapop01.asc
NCOLS 612 
NROWS 354 
XLLCORNER 73.6 
YLLCORNER 18.2 
CELLSIZE 0.1 
NODATA_value -9999 
[rows 84 to 111 of 354, columns 124 to 185 of 612]
1368.53637871883 1407.45259719481 781.588589704807 63.6483182412484 0 0 0 0 0 0 0 0 0 0 0 0 0 0 0 0 0 0 0 0 0 0 0 2.55046631768584 45.2279363367748 41.9507923083681 50.1498240522317 32.892937885612 25.0594510980434 78.7769633439368 25.0859544355219 8.44178658472177 8.02309695574606 29.8636377690495 50.2337836814121 64.2792516087255 79.0458995275848 124.41595926653 92.1195058518368 84.607583562917 50.1078779272266 48.4950797414082 75.1379387494957 76.6375088311673 65.3646367476804 37.0561905653676 28.0113610545276 20.7730487313173 -9999 -9999 -9999 -9999 -9999 -9999 -9999 -9999 -9999 -9999
1763.09498007778 5791.81617802713 2890.61267776501 1763.91906516164 420.666775094499 0 0 0 0 0 0 0 0 0 0 0 0 0 0 0 0 0 0 0 0 0 0 4.54622369724901 60.9497834739752 58.7482426646302 205.192699934647 80.3123406034392 42.0009069839974 55.0088839076492 4.24143468413153 0 0 0 0 20.5486773492264 110.815311045905 109.14005904982 84.3536181332691 76.1360744893392 105.740282329286 157.235485921582 113.132209229199 73.3947558732372 84.2932032262894 70.3829045372849 27.8347847046952 19.5913027854522 39.4799527275969 69.994517058623 135.891329188907 84.2598857238754 12.4426061141249 38.0864898554814 54.8085479514948 67.4992297919659 67.8729704458951 -9999
691.005136344764 3410.81081618422 12914.3944948617 6498.38735682236 2265.26694586865 765.748090305909 50.1148719972104 0 0 0 0 0 0 0 0 0 0 0 0 0 0 0 0 0 0 0 0 0 48.0134736861907 163.769865815172 598.191037976479 121.668168693141 132.926746305017 64.4516939479518 20.7043325674254 0 0 0 0 0 0 0 0 0.0858579037174728 5.8654958082708 7.8368794315337 11.0360716272949 24.5267461836004 30.7432036322004 40.1539655356747 35.2330441827373 22.816437358483 71.7229204187752 153.693708009861 97.9450430475129 30.2900753345942 28.9092800822539 13.7317771011862 0 2.51725514634432 34.3494306095532 37.9174996608443
149.642026464555 1630.59426671457 4259.69571264459 6574.46837313068 5492.72280770684 1728.97787844397 1009.92653587549 81.7300168209618 0 0 0 0 0 0 0 0 0 0 0 0 0 0 0 0 0 0 0 0 0 0.110591227095482 0 11.533140710345 166.209826146268 56.8712054696149 20.0661199800657 0 0 0 0 0 0 0 0 0 0 0 0 0 0 3.25861812833924 52.7338769353591 25.8844021876719 18.8342535458802 30.9868397528598 33.9916733784336 17.9628278799626 11.5609380616155 0.0372014850350309 0 0 0 0
885.559094551892 1085.58269699185 2326.88644494086 2332.48887680896 5071.97735181444 3025.61115894194 1181.33768546913 1416.80717038115 945.66202371581 0 0 0 0 0 0 0 13.8504684508307 0 0 0 0 0 0 0 0 0 0 0 0 0 0 0 0 0 0 0 0 0 88.8242754613793 59.2493704019606 7.83575401090903 0 0 0 0 0 0 0 0 0 0 0 0 0 0.0507862578985306 0.388962483098926 0 0 0 0 0 0
1578.29021824383 7269.47262763257 1818.12937259545 894.795405463939 7929.94551757588 11412.4962451833 5661.41302050986 6190.11897308034 3907.65137723226 1957.03617851489 123.666713677864 134.118152783255 728.768408557576 281.684895509289 1349.64377859815 798.808784097279 588.304665607365 21.9966029483107 0 0 0 0 56.6828282478763 301.95184493339 192.791465947097 77.0399890503038 0 0 0 0 0 0 0 0 0 0 0 0 89.5803744386872 241.984716051357 202.492888019045 62.6709345889337 26.866820136272 26.3345703900768 22.123659570843 6.92173921138159 1.73942963665046 0 0 0 0 0 0 0 0 0 0 0 1.13513904035075 5.49702484883007 2.63912410289403 0
3372.42014731075 3309.06542096742 1226.17941312485 1427.57383852722 5327.00663357569 10620.1297839459 5675.98619900385 18569.8917051677 4375.04706919981 1217.74013254122 875.73479897779 808.786999592454 541.752040022288 929.140785367651 1976.75812667468 1925.07401663603 260.232756132568 33.0471725164314 0 0 44.3947091911923 312.495252054431 797.399270754883 923.231738776014 386.209684459773 288.18984745444 104.208419316843 0 0.026200955343178 4.80853082583328 0.0338964158272847 0 0 0 0 0 0 0 24.8215265411104 327.173852023423 257.451099200688 112.841535633082 63.396633658046 83.9263683108825 108.802345033339 37.6963287429275 41.4441163427239 47.2055839322225 20.6711993348134 4.15410119513337 0 0 0 0 0 0 0 10.0811869951621 203.048554562492 98.6791571102051 37.1328817019016 15.2459054471737
29725.8222719704 18780.8741131247 2022.98750262032 1819.0440230506 1125.65146905295 2593.99264887063 2407.9453833828 1951.58243941016 1326.95470935647 988.48677936973 1134.22269883097 1620.77754054113 1314.31135852423 1179.19708260018 2299.85161240674 4826.05789128749 957.6583031997 563.215454154925 568.665107770487 317.563769496206 420.421779392398 844.555589982009 1047.60623136783 1574.28717008024 1577.81907241192 1589.44116140496 598.426996105337 161.836111936437 52.8069939170424 140.839631205471 81.3825844743051 30.3260973096565 0.0389968370798014 0 0 0 0 0 0 30.2317573344459 152.627485339856 455.296775822613 190.322661043483 49.2500573662809 52.3111673910422 51.573046136961 49.688623099898 54.2464195455947 41.3967855940073 37.9037329918711 28.3321495641211 8.14736745126507 0 0 0 0 0 25.3760946010059 371.849266975146 219.206526080159 67.3614073011147 80.3006151784506
385666.630151382 84846.0705836652 62666.7840202194 4297.62959399229 1329.24793882125 1491.32355443853 878.99266967714 1061.23069827709 3886.36412665447 2291.84584483761 553.617820443685 676.779684723985 649.855001900821 397.41936323459 1421.80157018343 1990.7752794206 2127.89028179798 4058.60191791947 1431.53485313464 4575.62739712312 1631.41381597273 2472.74187062848 1417.8218899028 1098.32819288327 1808.05404236606 1680.27395132724 880.19064323918 494.88318957498 948.74108169772 1214.51767110104 1364.50475142152 1224.87180166469 503.012602180688 8.18877120040919 0 0 0 0 0 0 137.534057699759 797.870991947943 202.868851935938 72.8270266659657 60.0600225989032 50.3809660706428 45.7656190562643 43.493884545736 41.2180563843232 69.5163824170458 79.1335454663367 75.8170471390017 47.9703995155489 15.8630009636855 0 0 3.62872098833017 116.222742415588 205.203105271335 187.244789596967 106.466347941157 71.0526786204107
24055.3775162006 7289.56070960695 6624.20004391887 7970.03636357692 5997.83325853382 3162.30141222032 6920.93098781421 6724.97381949026 25615.7741703424 30208.3777555846 2140.57405534073 1601.94602732614 4734.63852304815 534.372958025711 4511.7225977079 42574.436612434 16347.8101986839 5665.0373717964 2233.28179857273 3334.45616296568 14543.6264973269 2267.9759286096 1983.53917780861 1731.64297610141 2455.66829842185 2326.1010529963 574.733945323974 765.058829909293 1794.65960123164 2458.23878298903 1791.71870411118 2873.67844369564 977.727264169185 387.9667646654 642.951801112398 520.240346283514 356.732934708556 104.543626592308 147.687603499474 174.096405679526 657.681932604327 562.064791636797 245.657807477489 82.6564758434973 67.5258852593089 59.3798937526168 54.9088708448182 82.6351569081741 107.778398656286 87.4996957784323 86.702699225225 84.7514007627927 78.3821924931572 45.3578193740876 9.55796038495568 6.30777749430481 58.5577303278589 379.260090423641 527.794218837423 116.341978098582 79.0779056798076 130.223268544958
884.977870733865 3653.5690619869 307.505880641179 1136.58388960528 1052.76698896153 1688.7770353027 3297.06091873457 1678.00676305227 18149.1959912228 17011.1778876129 7526.09232062296 5971.99557325136 5593.65093122005 12818.0558297789 14767.6892268207 48811.6007323426 32195.252173799 6755.35786317866 9532.08594103859 10216.5812791164 75601.7302494836 4062.04468421354 2809.48282602841 3427.4785539129 4173.04103699666 823.452536536204 804.255075891243 860.809255617845 2299.81665653374 9209.02198106331 3096.79672406934 966.054410242449 1894.62184102543 880.422385227556 1436.25345693045 3032.24629507382 3622.01702880959 4064.94280888922 2167.11052199723 1454.56634499668 1472.63541668213 981.36835682503 538.106084830255 313.368420207488 182.992883428475 272.032917289071 243.969293307251 210.450024708784 133.351203922164 93.1529905266423 88.354279198257 88.8455080405291 90.7065483511952 51.2452836759943 26.2171683620981 38.0866760086887 62.9211197035057 130.63740738315 103.392361044464 50.7459873799462 37.0344506675191 59.8155612817166
1465.88392059253 497.191435298991 195.824961983092 849.158925325072 494.97018881039 1272.50284101937 686.285093793087 897.823191211546 2811.58095105611 1671.16294436766 5091.50816705286 13310.4779810963 35181.5737596151 394293.653911586 68283.264741987 16609.6832341609 71788.9693121287 74035.4285476858 13905.4375579852 1452.02869016019 1926.14728618901 1746.74760726287 586.20367666986 891.843585016245 865.50823582811 647.157791895962 604.510442418973 598.590498763227 1612.24339779747 4128.36919939309 3066.67616717193 10631.6867443179 32766.0582674993 3228.36333952482 2005.9019042568 20201.7791615792 71645.4871580779 2999.18718694578 3499.95938871227 4781.05101568443 1935.59712258873 595.133663052468 314.817904131204 788.589194038304 950.108618316097 551.708545611172 361.617271990369 171.391398497218 93.0405825198443 104.662175500613 93.928612096737 92.3573365817311 94.1319696656086 70.6109377503417 45.5696941862539 33.3466139678901 35.5853166085118 38.0849451474923 50.3860657211327 30.5857267809056 25.3130340024489 34.0060286933195
1870.76677402008 1020.7749935476 807.278200723838 772.816039675014 1073.89365485561 1391.676928606 1026.87029454064 981.073934585293 754.906490169417 574.10297167391 1640.28963368778 3377.06830703795 4687.71631586276 27760.5960883756 42378.7270756798 507492.584839602 362155.054375221 90608.542202735 7008.84682104823 2057.13047914 2046.92119280876 479.437036995654 222.736731940925 256.127881240878 350.374439131855 318.160219773252 368.78865020309 796.34067126782 1474.69190443667 2075.21322234934 1342.11500231764 2248.26793095049 3536.27479923136 2497.47877225449 3325.07498155476 12128.2346455577 9311.56326329979 1198.55807649075 1948.25377251483 1713.15423952045 2742.72765944802 1103.599591744 105.791291690186 236.012820809479 908.980150779156 693.71955022907 156.678063046032 102.931056081293 102.47852827533 114.719200679677 111.6000739204 112.593429963518 93.4675988924135 105.553361972298 146.543480255145 131.075805370011 170.046187522794 152.128892550974 93.1120375515717 108.697820215371 155.069027088078 77.3794084666732
218.119658865456 373.443642899738 685.05548064426 624.239607270217 1261.04593836403 2511.73643570888 1532.92069596914 1389.80722581706 540.877450669738 672.513176830933 406.761694403661 360.168653986789 738.179601931212 24770.8552647808 1787.12842406529 227666.692064006 2002389.6138918 100442.953577216 546.023204707552 409.75356961951 660.649884969668 304.438650510807 252.338770591853 548.171020922801 607.835762146344 286.794917522046 274.668008258314 312.625586139361 426.970609564344 998.823274607452 2348.38047288201 3329.61582863875 2389.8804149082 2205.11980433473 2301.58325404599 4846.91110970703 2822.12426283478 2171.99711291292 3805.82739629541 3906.10884677808 3159.45787545293 2824.78095645141 2517.23958677192 24100.4581496726 2796.07845647079 443.730325462793 304.602171308703 341.867679315533 168.950667730469 176.392358488497 135.584327352083 264.436447916216 320.451521095349 135.816073673447 135.122360959997 137.931605448043 488.119120786531 327.940917784887 113.941340729269 135.866482340467 244.288286010235 222.796218018562
459.780322831367 404.37301915724 285.297571256362 200.412360347865 212.625951454002 298.677253290086 481.972062149573 844.339436142429 1141.83017206055 1354.50266693043 398.083203087212 271.909693164914 1316.57640778138 621.228688462535 2299.22045354226 30250.5758403174 324126.771824143 3861.02605093505 753.440229862936 344.178962972976 344.686778818858 246.647723363541 100.662091193119 135.30473570851 193.072259823885 222.720649305561 137.112560969185 111.152832745858 160.477355740712 380.839334636668 627.265106209065 1646.59156380958 1410.08085628476 1374.65944826914 1638.50931662875 3705.49426224785 2916.01159251361 5654.22325957185 3978.44251907951 2707.98205817744 3670.62373123112 2317.89353609994 1697.05091168281 911.164570157677 300.516928516008 298.789619967474 617.221368301899 347.92332982054 250.685577024193 420.127880499222 176.789018175126 458.072527694875 611.05164783416 198.027243850451 109.236080604041 122.917965724675 175.647727753809 169.869220409187 161.926422992856 168.009108122233 132.922294608176 142.904243582764
531.067261406987 371.621874561982 242.23401704134 395.624841807554 338.740488006769 152.244637044289 208.313190016552 345.174652588036 839.082236237126 658.924011545808 442.731581173213 861.867319210132 1293.42270339792 2652.69223353074 2239.49635585277 3866.96288084039 8411.3979750189 7087.07152732766 1413.79081156471 1135.21251349004 911.292126524291 270.518210560492 229.177949684648 200.275923742009 209.794316118631 241.492847834355 168.538045061382 80.8109241285574 46.4329172745462 75.9885547929481 167.297243840338 240.966470518478 271.416278448605 337.520242916309 535.098857774046 909.159733712872 1707.37974279478 4414.72435759074 3068.96423565617 1030.58157486839 442.849196695327 316.768547283576 323.895707625609 138.625854917917 103.763944201493 117.964519058366 309.668589518899 194.730490120427 251.433890419919 509.43795830789 227.972273605517 181.821218845765 174.093751431098 166.114867545018 79.7212099355824 55.9830158608594 88.1234299439112 133.973863257492 280.312605944433 285.203965397557 234.810861180092 309.337798521532
576.963674331583 427.395197606778 319.916847128698 297.547790221869 227.343269109024 363.220059138732 853.658221601718 531.519208939684 487.108706254335 784.135893462647 2060.77173928279 1430.4257723771 2742.31145075821 3638.26742626021 7522.59164507897 3989.8721817589 1094.06513890522 1980.14318511598 737.920184861811 2353.38995987188 609.862623292019 363.086526393756 277.349833438405 490.446854447662 693.563027102024 874.899898270611 387.52485085838 122.189662365789 65.7571116349335 53.6157937947949 29.5365675990472 21.0209990548803 71.8859461362636 143.947074110743 245.443048964092 327.825466685922 607.991375336099 920.698562038064 572.237918957136 314.186208849374 194.026678806453 124.003581569838 75.5209905831275 52.820312091825 49.4363232660794 69.5645471112079 88.5941616137563 85.6172527296486 95.8275332633924 231.644033301352 225.598353185284 150.260789043485 108.733074682687 69.5120862968328 409.343095844125 918.219727310173 191.6859571586 69.984499924759 153.185482107883 678.205525804517 144.106981064124 218.269902301311
106.535172871206 142.440563937903 284.178432199989 209.863936624636 196.437605246939 295.965239916453 287.445657675981 181.080514538906 185.990059094701 438.503824886451 421.779497089412 586.52926169477 1038.1068111157 1147.33520973669 3440.06718781345 2016.89577908105 1251.78689953168 665.979965459946 254.995841413626 171.575237835714 256.856032429357 1641.11965318526 1020.65085185977 1450.87345195182 1858.09995728419 3139.54202271419 704.299776617388 209.849532750322 96.1700062105103 99.3111391037991 40.6126838880445 14.7468278945529 79.9171118850165 110.06882734387 104.15733862122 116.15230899537 210.897964087833 336.863856713946 159.114008715235 84.411883543005 47.7319961544161 36.2587874556201 32.3308322583647 30.0044091701458 25.5462313550685 33.8928390693285 35.178235478387 68.6223671889773 167.014106995281 211.923157174784 91.2259883821888 134.217104014264 111.216613405542 59.4521406066454 530.277373883322 1288.42113730823 348.453000596669 83.5165120417739 311.258697508626 1008.17133515368 982.025166429112 1974.31954837691
66.0898124385063 82.6006313056823 108.15135140501 102.314571262255 139.797837445165 366.736201609399 571.184839042632 189.464791179536 155.077000287805 379.103269081596 251.573910626269 340.024098500794 660.700060391183 285.604837929609 287.951169000046 407.272023696481 713.223728952304 298.490828149706 157.008094838617 111.494094090912 157.505333463948 224.761819025421 506.588169207751 4532.36797703273 555.965385018521 370.452661437805 182.785910434516 112.317663264624 79.6694541211189 114.609073336596 68.0328551652829 31.3114535219365 194.078539786131 283.02678919256 165.245496511471 111.415736285747 126.321032366508 177.898401116367 197.272421878996 101.580324856625 34.1265527876778 33.7934492907127 42.5509626511598 58.6630645809979 84.0509987981267 99.1746697031986 136.263688827659 98.0840513157019 225.158695110066 122.149644135173 47.4534900142771 89.2932289414456 168.113945772218 80.8445860824355 150.577528823959 152.190810443783 155.784186960392 666.567277390063 296.685499372379 165.537093990186 407.443957734874 1242.30413635917
73.4061477147699 74.0606018749356 76.4864631363288 95.4188331499625 187.692925078113 332.821168518657 337.444925295462 276.869815034917 262.425633043864 113.515605297876 117.698406356511 573.752145163074 313.834156734251 10.2964332349732 12.5659828503181 721.663249190164 871.583954335981 392.799667073413 200.385830019841 208.139298721531 389.676228060209 231.755077048385 240.032087668953 325.344864030665 248.256367294748 312.281086566621 177.912235440927 218.689608253206 805.326592328022 811.600702926641 176.841633536684 98.8473968637413 348.461335715167 736.139159696951 908.370449355013 467.308669734905 345.972338561128 367.220916984964 304.556841497844 225.604776170748 195.292632511243 130.433027231375 161.171739589771 167.61182543686 220.012207792034 297.991693488363 149.243027296419 122.438715116893 92.2678083118429 25.2908839234664 94.9333782955194 276.280996297905 215.000836455595 36.2981258297677 18.1099094019405 37.8178269975077 717.882117866993 1637.6564209273 1447.80788361217 213.013201232375 302.462823687117 730.828722479069
198.130671768635 101.516424089707 66.004707427919 82.0371398410027 242.149707389355 537.261087581552 859.813277356409 317.613150702717 243.332014528134 98.7627253864601 28.0962503253676 0.0444250202494473 0 0 0 35.4318153957976 334.203664294564 377.539957965046 487.552893112972 305.34777026708 220.758255678931 169.696939918529 269.514347005083 438.918540779581 966.856184232837 1950.25034365127 432.265763228414 336.513574296881 1874.09410103562 5171.99599520131 1009.72177667184 302.505764152844 1666.53694552971 1578.99037643976 1643.19153688035 1342.51428081887 749.941445356689 1372.13873667487 1033.96801526798 576.171974794759 1013.84447613215 2002.70640398779 1238.8055255356 552.512836805242 2899.19260400528 9881.35070799559 791.197775690235 233.09764021251 0 0 58.0900806631295 183.97034896304 85.3406368824354 0 0 0 131.113581418713 382.221237182866 431.460188628796 81.4733169649856 688.261485088525 897.744805788683
312.475569726786 221.923516312999 94.3846684027643 81.1258103716109 125.165184357146 517.751974177797 845.180679205374 679.848128657357 544.603562525591 158.806941121472 0 0 0 0 284.28698869484 957.074891277055 1266.86696036132 988.30036980646 544.248211065793 245.100340123827 654.913642533501 1240.01601638875 129.456530071879 206.62280501351 2005.46600055235 1044.5795009188 529.54275212398 477.893628867735 338.766358312499 522.547285759385 969.205126094047 7255.81767025025 11898.7037519258 4642.87645900544 2509.56074245305 5542.84905129387 7361.59349656115 4722.2493969199 1145.84315412387 1213.9158125167 1706.74739090899 4529.33788726522 5570.33449007558 2609.01567734776 2974.26525616862 7255.26711605432 5573.08760472205 1874.00572126737 41.7288269861584 0 0 0 0 0 0 0 0 0 0 0 6.36324163568791 42.7084062097777
174.594432498035 218.018953119412 99.7052371422937 104.540355235834 226.17735501316 530.881756650393 1579.05739246581 1737.62581563539 859.790437721491 97.256337524502 46.1146678747602 64.5144874590658 96.5266029588778 245.112008138189 605.109653587013 740.060011758417 623.978194081358 766.82656977646 1436.95968449275 737.231088219897 881.157058918477 1481.2673239949 144.202598165333 92.2915220687496 268.76961593337 891.805645863887 1260.91928292066 1689.65743393128 948.558982713753 664.449665937163 3411.77214640368 46240.0108822699 96875.0479761011 3467.72688226071 2922.91026976255 7266.82085441395 9069.24677246344 10595.7828970046 5226.19497902312 10107.9567920822 9761.44657508757 8542.20040895412 18004.0945054258 2919.13825696967 1500.60172941109 1037.00679646676 578.535818297791 157.865376764829 0 0 0 0 0 0 0 0 0 0 0 0 0 0
113.54762972881 139.848763902733 154.702415873283 448.86916451294 346.322848451722 225.271775870746 332.713469052677 166.609750119812 23.1989483715901 199.492220364985 180.609174125564 128.002692981354 170.669776051257 502.005089648449 669.012534209801 615.499418344985 495.990078391921 817.282322491206 2581.74728279323 5618.16626988706 1202.04194922267 845.180559013044 360.507042904712 136.636555159007 2362.08540016536 5390.04724704058 25071.9987939001 17473.1309107909 3779.28526785263 1489.24053873453 2837.20246246644 6269.17747135556 13822.2211630107 11199.8670916074 5037.61905463482 4989.53585618043 5490.39170359994 13365.3252746199 14113.0193553669 5669.28630192804 2956.32612145097 12726.5296741928 30713.1943851521 1201.77526089623 447.236668210905 45.2226666246403 0 0 0 0 0 0 0 0 0 0 0 0 0 0 0 0
0 9.44343866404253 237.863086755708 2034.06764067465 449.278370195683 137.131362043523 80.562271331614 118.048775788352 186.401124906576 76.2693822564651 51.3956193826713 14.2903939029621 12.8424850856458 1.79680705898644 0 0 0 26.692258712279 90.9479402919825 383.527336436617 522.35201506857 747.381776261757 743.351953007458 1174.49486671234 8246.37089047763 6399.26366949065 8516.74486145622 4696.17128255648 2865.90234612561 924.171590973258 966.411825878916 876.675500291196 775.060705819673 1398.44078787436 1278.94746760605 1332.36159767445 5068.46005948566 12768.7551494747 18203.0838265717 1649.04818959261 17.497468051243 529.163872826941 244.004084313176 0.35405468896669 0 0 0 0 0 0 0 0 0 0 0 0 0 0 0 0 0 0
0 0 0 156.392189354874 49.1915198350854 3.8616948655939 2.54655282343321 48.2479492706264 69.1383296105075 66.0123670411459 48.1244065326778 27.9193292556874 29.230723069602 26.5997421353845 12.7571604503307 4.44719841692702 0 10.0901513969108 29.4071683006784 54.0394278849054 215.483482411289 726.665683907785 840.284490271221 730.032073540465 603.949756503067 725.653432249934 707.11636839242 740.738282130807 647.087406546332 264.812569806274 152.16897227616 81.0538885992516 29.302795521674 25.0709716880639 39.204290093983 135.084080098525 615.730520468967 2267.76314444455 2895.13244039298 676.773722849391 74.6865383651889 0 0 0 0 0 0 0 0 0 0 0 0 0 0 0 0 0 0 0 0 0
0 0.0897811427466943 18.6768586556392 0 0 0 0 92.5753412367577 198.091121922818 151.183763851254 96.978517857784 57.0362005674649 45.9244445720226 39.7931401906844 31.2972098881448 28.1614025624418 12.8401557692986 0 0 0.304415593124857 4.09037220969852 41.3004985104363 184.666806917156 233.87580556473 203.250512436898 222.172023592956 242.539986394241 228.609060371793 45.2969242113995 0 0 0 0 0 0 0 0.147429670584938 3387.85002001298 4573.21647203963 459.654279460459 116.663031065794 0 0 0 0 0 0 0 0 0 0 0 0 0 0 0 0 0 0 0 0 0
701.114807620732 3503.28081772246 5952.22192334761 14710.9645899127 2801.88589629009 0 0 359.569798945687 713.945737832254 530.21862032658 413.845948861325 229.250079492309 218.13379454065 238.341893703059 88.423522151222 33.6187620575645 5.27336317303017 0 0 0 0 13.9867914123219 19.3449046824854 97.2912409751854 171.118547692944 130.163321129385 105.454175144923 43.6911752170644 0 0 0 0 0 0 0 0 0 96.3620139365736 714.418608810044 14.7239308817188 0 0 0 0 0 0 0 0 0 0 0 0 0 0 0 0 0 0 0 0 0 0
