Model input/Uganda/discharge/discharge_mar_1.asc
NCOLS 67 
NROWS 67 
XLLCORNER 29.5000000014144 
YLLCORNER -1.49999999936061 
CELLSIZE 0.0833333332926796 
NODATA_value -9999 
[rows 0 to 19 of 67, columns 0 to 44 of 67]
-9999.000000000000000 -9999 -9999 -9999 -9999 -9999 -9999 -9999 -9999 -9999 -9999 -9999 -9999 -9999 -9999 -9999 -9999 -9999 -9999 -9999 -9999 -9999 -9999 -9999 -9999 -9999 -9999 -9999 -9999 -9999 -9999 0.392461334355175 0.387742104008794 -9999 -9999 -9999 -9999 -9999 -9999 -9999 -9999 -9999 -9999 -9999 -9999
-9999 -9999 -9999 -9999 -9999 -9999 -9999 -9999 -9999 -9999 -9999 -9999 -9999 -9999 -9999 -9999 -9999 -9999 -9999 -9999 -9999 -9999 -9999 -9999 -9999 -9999 -9999 -9999 -9999 0.406308806501329 0.723077479749918 0.344515373464674 1.06394707970321 0.325240036007017 0.348235411569476 0.313905903603882 0.51326188351959 0.444718170445412 0.289239903911948 0.345598648302257 -9999 -9999 -9999 -9999 -9999
-9999 -9999 -9999 -9999 -9999 -9999 -9999 -9999 -9999 -9999 -9999 -9999 -9999 -9999 -9999 -9999 -9999 -9999 -9999 -9999 -9999 -9999 -9999 -9999 -9999 -9999 -9999 -9999 -9999 1.65947749465704 0.284190874081105 1.32597567886114 8.99952088296413 8.09505695104599 0.287110273260623 6.2245684787631 5.26919087022543 3.95213117450476 1.9625102058053 1.11533107236028 0.312502697575837 0.479839544743299 0.406249333173037 -9999 -9999
-9999 -9999 -9999 -9999 -9999 -9999 -9999 -9999 -9999 -9999 -9999 -9999 -9999 -9999 -9999 -9999 -9999 -9999 -9999 -9999 -9999 -9999 -9999 -9999 -9999 0.319502344354987 -9999 -9999 -9999 1.84029936790466 0.237404819112271 10.8654575049877 0.293132635764778 0.295700871851295 7.5422051846981 0.695858898572624 0.391476029530168 0.399084589444101 1.066038005054 0.521120138466358 0.445318846032023 0.480130066163838 1.11764044687152 -9999 -9999
-9999 -9999 -9999 -9999 -9999 -9999 -9999 -9999 -9999 -9999 -9999 -9999 -9999 -9999 -9999 -9999 -9999 -9999 -9999 -9999 -9999 -9999 0.415382320061326 -9999 -9999 0.603009120561182 -9999 -9999 -9999 1382.95039558411 126.775739431381 113.790238142014 1.52372409775853 1.06365706399083 0.531074981205165 0.32107282942161 0.394927199464291 0.852603942155838 0.551711910404265 0.264722986612469 1.17704055272043 0.238550493493676 1.67264268919826 0.321765947621316 -9999
-9999 -9999 -9999 -9999 -9999 -9999 -9999 -9999 -9999 -9999 -9999 -9999 -9999 -9999 -9999 -9999 -9999 -9999 -9999 -9999 -9999 0.675009207800031 0.850321337580681 0.38358952337876 0.851921839639544 0.207205547485501 1233.85844230652 1233.85844230652 1255.50123405457 1255.50123405457 0.138610696420074 112.094132661819 8.42672479152679 7.67018941044807 0.50620043836534 2.11401468142867 1.7030765414238 0.433458637446165 0.279308020602912 0.296232410240918 0.344286038074642 1.66901237517595 2.18032196164131 0.33229827741161 -9999
-9999 -9999 -9999 -9999 -9999 -9999 -9999 -9999 -9999 -9999 -9999 -9999 -9999 -9999 -9999 -9999 -9999 -9999 -9999 0.435591108631343 3.53002773970366 4.13901313394308 6.0600239560008 6.79481130093336 1.41469115018845 0.133821442723274 1233.85844230652 1233.85844230652 1255.50123405457 1255.50123405457 19.3564966619015 0.167268374236301 103.602167606354 0.577768048271537 7.20184257626534 3.31469067931175 2.91419452428818 1.54069969430566 0.332309776451439 0.685877359472215 1.05268317833543 2.49799071624875 5.05808998644352 0.246068370062858 -9999
-9999 -9999 -9999 -9999 -9999 -9999 -9999 -9999 -9999 -9999 -9999 -9999 -9999 -9999 -9999 -9999 -9999 1.05946261994541 1.51842734962702 2.3898640088737 0.43047196790576 0.650034681893885 0.387404949404299 6.87445659935474 0.0165973066811773 1.55725349858403 1233.57551002502 0.379686918109655 1.05346111580729 1.36504240147769 9.28626169264317 9.65330761671066 103.478803873062 0.193574202246964 0.378777745645493 0.904369151219726 0.903211558237672 0.459191592410207 0.327343177981675 0.370944167487323 1.78422042354941 0.358388827648014 6.00828416645527 0.283036199864 0.263011018745601
-9999 -9999 -9999 -9999 -9999 -9999 -9999 -9999 -9999 -9999 -9999 -9999 -9999 -9999 -9999 -9999 -9999 1.05909487232566 0.536328367888927 0.468361107166857 0.477062844205648 1.20701516233385 1.07939732633531 8.66969761252403 8.77756814658642 1230.67255783081 0.310151840094477 0.341877342667431 0.674983489327133 0.984166571870446 9.0225688368082 9.34789218008518 0.375193857587874 103.18351149559 0.643403371796012 0.428720979951322 0.467974015511572 0.446766684763134 0.678499675355852 0.382057809270918 0.400063509121537 25.5713796019554 0.347024930641055 0.853194152936339 0.292391538619995
-9999 -9999 -9999 -9999 -9999 -9999 -9999 -9999 -9999 -9999 -9999 -9999 -9999 -9999 -9999 -9999 -9999 1.74052147753537 2.27750357240438 3.76686681807041 0.819475340656936 1.39097491838038 1.2832065410912 0.0016814041921549 1218.26148796082 0.283206637948751 1.21493417210877 0.2275405889377 0.658803778700531 2.91349633410573 7.71925774216652 0.38167297327891 8.62713505327702 103.069615602493 102.259450912476 0.230156455654651 0.426541647873819 2.20173831284046 0.64434240758419 0.939727939665318 27.7096011042595 25.9487245082855 16.566435188055 1.3331309184432 0.361228897236288
-9999 -9999 -9999 -9999 -9999 -9999 -9999 -9999 -9999 -9999 -9999 -9999 -9999 -9999 -9999 -9999 0.595503399148583 1.21903474256396 4.97543902695179 9.11187919974327 11.0826560258865 11.2267863750458 13.0582255423069 1.28901660069823 1216.59250831604 2.92275592684746 0.438972432166338 0.434904777444899 0.900949629023671 1.66136109828949 4.04238626360893 0.415176959708333 7.85263749957085 0.666869094595313 0.258707970380783 101.859652519226 2.46262618526816 0.508539017289877 32.2416695356369 31.6602364778519 0.806845339015126 0.388195742852986 0.360029834322631 14.3818336725235 12.2722851485014
-9999 -9999 -9999 -9999 -9999 -9999 -9999 -9999 -9999 -9999 -9999 -9999 -9999 -9999 -9999 -9999 0.594592926092446 3.25503164157271 0.505640763789415 0.806674217805266 0.551719867624342 0.283948865486309 0.00193704157294405 1211.03301620483 0.201428010012023 2.46608460694551 1.95121617242694 0.493235663510859 0.489380980841815 1.26227153278887 3.14644305408001 3.64453459531069 6.73265217244625 0.666389935649931 0.59716435521841 60.9399398565292 37.6163074374199 37.3670523166656 4.33001208305359 0.456967439502478 1.92945803701878 1.49527037516236 0.338051468133926 1.64313188195229 0.33666755259037
-9999 -9999 -9999 -9999 -9999 -9999 -9999 -9999 -9999 -9999 -9999 -9999 -9999 -9999 -9999 0.578713233582675 1.95807692222297 0.741096751764417 1.2578532230109 3.28962601721287 0.216098651988432 0.223796256352216 1196.0759677887 1196.0759677887 0.57304618973285 0.485540552064776 0.474505183286965 0.512023290619254 0.546013816259801 0.975559832528234 0.851618153974414 1.80082836188376 5.18651480972767 0.372340518515557 0.503031506203115 2.00451246276498 58.0909048318863 0.423191268928349 0.844412390142679 2.85058846324682 0.440747376531363 0.763806790113449 0.36052783485502 1.01814759522676 0.296136728022248
-9999 -9999 -9999 -9999 -9999 -9999 -9999 -9999 -9999 -9999 -9999 -9999 -9999 -9999 -9999 -9999 0.768975301645696 0.916235875338316 1.37159881182015 0.665801657363772 3.5230852290988 0.0308460477458254 1196.0759677887 1196.0759677887 1.01416913047433 0.519724431447685 1.14623365923762 0.583114989101887 0.752488104626536 0.427277764305472 0.474647309631109 1.08942883647978 4.85477881133556 1.67355397716165 0.511497355997562 0.585744477808475 57.815881729126 0.342655779793859 0.473257425241172 2.3931285738945 0.750041838735342 0.402839079499245 0.380867850966752 0.71014292165637 0.322236986365169
-9999 -9999 -9999 -9999 -9999 -9999 -9999 -9999 -9999 -9999 -9999 -9999 -9999 -9999 -9999 -9999 -9999 0.880350666120648 1.66644740104675 2.45739653334022 2.66136073693633 6.39530976116657 1192.30883598328 1.55761425942183 1.01070368289948 1.68462373688817 0.543126028962433 1.74492320790887 0.442863566800952 0.533554919995368 0.567233523353934 0.575298379175365 2.73476102203131 1.14329394139349 0.594975700601935 0.617097105830908 2.88087303191423 54.0339424610138 0.365502587519586 0.351439119316638 19.8350949585438 0.47638391982764 1.25616264715791 0.657005444169044 15.0708059966564
-9999 -9999 -9999 -9999 -9999 -9999 -9999 -9999 -9999 -9999 -9999 -9999 -9999 -9999 -9999 -9999 1.1694944575429 1.98229928687215 0.536656734533608 1.11102877743542 1.43564403429627 1.46847096458077 1183.10947418213 0.634704245254397 5.64486997574568 5.51107373088598 2.80676382407546 0.551500846631825 0.412857167888433 1.53906196728349 1.58188972622156 0.519940971396863 0.63943357206881 1.61658630147576 0.895281080156565 1.28058875352144 1.77608472853899 1.63093858212233 51.4873940944672 21.2616844773293 1.15804971568286 19.5040237009525 17.2472620010376 16.3194381296635 0.629847883246839
-9999 -9999 -9999 -9999 -9999 -9999 -9999 -9999 -9999 -9999 -9999 -9999 -9999 -9999 -9999 -9999 1.15743568539619 5.62717704474926 8.19735741615295 0.537739750929177 17.1039182841778 20.3532550930977 20.3460975289345 1181.19861412048 0.482004781253636 0.46037292201072 0.498466378077865 0.518532956950366 4.34507537633181 3.5420074686408 0.498550820164382 0.53446604218334 0.942430891096592 0.73525863327086 1.37967843189836 0.653918068856001 0.582690453156829 0.485244737006724 2.37711743637919 27.4349611997604 0.270003912039101 0.650486181490123 0.317087673582137 0.288030904717743 0.298599733505398
-9999 -9999 -9999 -9999 -9999 -9999 -9999 -9999 -9999 -9999 -9999 -9999 -9999 -9999 -9999 1.0270366165787 3.70024545490742 0.692368129268289 7.61674462258816 16.3076220154762 3.22296214848757 0.281522610690445 0.283913472201675 1153.17759895325 8.78303915262222 7.59115877747536 6.6798589527607 5.70960218459368 5.2171700373292 0.429836340248585 1.11347847431898 0.632962971925735 0.553454644978046 3.50252893567085 0.5447893217206 1.17149217054248 0.512537971138954 1.41680778563023 1.86945052444935 27.0532663464546 26.634660243988 0.364726354833692 0.331277613062412 0.3246712340042 0.55404369533062
-9999 -9999 -9999 -9999 -9999 -9999 -9999 -9999 -9999 -9999 -9999 -9999 -9999 -9999 -9999 0.711193640716374 2.65356758236885 0.676395253278315 5.82630804181099 0.817957002669573 3.01767388731241 0.215664712712169 0.695289550349116 1152.39398002625 0.265824392437935 0.41734045278281 0.454047292470932 0.858672203496099 0.363005199469626 0.42569100484252 2.21619400382042 0.595358201302588 0.640937875024974 1.25133580714464 5.7073583304882 0.501928217709064 0.558644038625062 0.479253130964935 0.447699690237641 0.924855964258313 2.71652940660715 22.9200784564018 0.318210509140044 1.57571035437286 0.904585505835712
-9999 -9999 -9999 -9999 -9999 -9999 -9999 -9999 -9999 -9999 -9999 -9999 -9999 -9999 -9999 0.610767688602209 3.09855619817972 5.49227501451969 0.472897966392338 1.70268642902374 0.236113694030792 0.199904724955559 0.42171699879691 0.170710473204963 1142.06370925903 0.227271320065483 2.13128044456244 0.43392226845026 0.341247763019055 5.80930632352829 2.76992123946548 1.8844368159771 0.833583449944854 1.9166636839509 8.28441707789898 1.23431831598282 1.27765296027064 0.841294795274734 0.424532171338797 0.424519176594913 1.15690435096622 0.660908964462578 21.8007250726223 17.1088206768036 0.917006367817521
