Model input/Uganda/discharge/discharge_mar_1.asc
NCOLS 67 
NROWS 67 
XLLCORNER 29.5000000014144 
YLLCORNER -1.49999999936061 
CELLSIZE 0.0833333332926796 
NODATA_value -9999 
[rows 20 to 39 of 67, columns 0 to 44 of 67]
-9999 -9999 -9999 -9999 -9999 -9999 -9999 -9999 -9999 -9999 -9999 -9999 -9999 -9999 -9999 1.57621745765209 0.604621040634811 0.687304422259331 1.04873644188046 0.382013155147433 0.255719924345613 0.513722038827837 1.34758791513741 0.724423862760887 2.81532281637192 2.40381301194429 0.380472633987665 0.778295580297709 1201.05399513245 6.75723734498024 0.424350217916071 0.447146006859839 0.808900944888592 0.79939510859549 14.6764122545719 14.0401031672955 2.52196434512734 0.847509231418371 0.45147845055908 0.681912349537015 0.785399127751589 0.764571381732821 1.10553567670286 1.32005118206143 15.7031465172768
-9999 -9999 -9999 -9999 -9999 -9999 -9999 -9999 -9999 -9999 -9999 -9999 -9999 -9999 -9999 0.514268465340137 0.570639988407493 0.542731929570436 0.370143907144666 0.493494095280766 0.834545876830816 0.338578155264258 1.0663942694664 0.212867770344019 1204.52519798279 1204.95334815979 1204.68775939941 1201.59598731995 0.540791044011712 1194.69801712036 1195.01787185669 0.549454213120043 1.45890150219202 0.721883544698358 16.5577029287815 0.410585756413639 0.837893266230822 7.39735823869705 4.98923868685961 3.75647603720427 2.28595098108053 0.472772880457342 0.420260295271873 0.646352014504373 0.613532403483987
-9999 -9999 -9999 -9999 -9999 -9999 -9999 -9999 -9999 -9999 -9999 -9999 -9999 -9999 -9999 -9999 0.527120793238282 1.00971683301032 0.717340757139027 0.319220143835992 1142.06370925903 1142.06370925903 1142.06370925903 1204.29257392883 0.345241268631071 0.313581508118659 0.30306868487969 2.46735923737288 1.97730873897672 1.43137862160802 0.968758689239621 1193.53530693054 1193.64969062805 1191.71089172363 0.678890882059932 0.822338873520494 9.79634007811546 0.861035341396928 1.62674160674214 0.801292261108756 0.640611597336829 0.449892707169056 0.381861607544124 0.362605170812458 0.564366778358817
-9999 -9999 -9999 -9999 -9999 -9999 -9999 -9999 -9999 -9999 -9999 -9999 -9999 -9999 -9999 -9999 -9999 0.581939646974206 1142.06370925903 1142.06370925903 1142.06370925903 1142.06370925903 1142.06370925903 0.715422958135605 0.552026883699 1.0586445312947 0.519330342765898 1.77323072403669 0.540853694081306 0.737811038270593 0.575015956535935 0.581531097181141 2.33428530022502 1174.45226287842 0.649605311453342 1.57312171161175 12.6145932376385 1.47827689349651 0.755498550832272 0.729855520650744 0.425112888216972 0.405419586226344 1.09600387699902 2.18258387222886 0.614380293525755
-9999 -9999 -9999 -9999 -9999 -9999 -9999 -9999 -9999 -9999 -9999 -9999 -9999 -9999 -9999 0.403554710559547 0.317352000623941 1142.06370925903 1142.06370925903 1142.06370925903 1142.06370925903 1142.06370925903 1142.06370925903 1142.06370925903 8.43033860623837 6.67443139851093 5.92535207420588 1.12612018547952 0.906071042641997 0.329064041376114 0.555721674114466 0.572855459526181 0.586636373773217 2.932308152318 1173.77347373962 12.9679246544838 0.666345912963152 0.59463881701231 0.669221986085176 2.70672777295113 1.23968433775008 0.399995793588459 5.27169723808765 2.63962502405047 0.445137321017683
-9999 -9999 -9999 -9999 -9999 -9999 -9999 -9999 -9999 -9999 -9999 -9999 -9999 -9999 -9999 0.657985829748213 1142.06370925903 1142.06370925903 1142.06370925903 1142.06370925903 1142.06370925903 1142.06370925903 1142.06370925903 1142.06370925903 0.52295281784609 0.285658550681546 0.536567509174347 2.7887104600668 0.584716483950615 1.0873716827482 0.547964923083782 0.563677550293505 0.583322684280574 1156.97996139526 8.01677739620209 6.5068670809269 5.85779111087322 4.71681654453278 3.48078191280365 0.857526268810034 0.870555933564901 0.421782552264631 7.22553849220276 1.19254439882934 0.435017159208655
-9999 -9999 -9999 -9999 -9999 -9999 -9999 -9999 -9999 -9999 -9999 -9999 -9999 -9999 -9999 1142.06370925903 1142.06370925903 1142.06370925903 1142.06370925903 1142.06370925903 1142.06370925903 1142.06370925903 1142.06370925903 0.503283238038421 3.90862106531858 0.568830302916467 0.609721082262695 2.25517474859953 0.489726835861802 2.60267675668001 1.03465521335602 1.09742984734476 0.575664496049285 1150.25466346741 1148.7322845459 1.27048327960074 0.663625409826636 0.541027420200408 0.554641995579004 1.71737283095717 1.37042695470154 10.3703952282667 0.472151114605367 1.98893096670508 1.14350458979607
-9999 -9999 -9999 -9999 -9999 -9999 -9999 -9999 -9999 -9999 -9999 -9999 -9999 -9999 -9999 1142.06370925903 1142.06370925903 1142.06370925903 1142.06370925903 1142.06370925903 1142.06370925903 1142.06370925903 1142.06370925903 0.238632696680725 2.45927491784096 0.668065867386758 0.566435593180358 0.523197670467198 0.545935963280499 0.50542111787945 4.17952815443277 1150.00928688049 1150.00928688049 1150.00928688049 0.523495046421885 0.54031550232321 0.658813778311014 1.85619268193841 3.12849367409945 19.8196941614151 17.4769749045372 5.66204118728638 0.543837312608957 2.49407923221588 1016.58977890015
-9999 -9999 -9999 -9999 -9999 -9999 -9999 -9999 -9999 -9999 -9999 -9999 -9999 -9999 1142.06370925903 1142.06370925903 1142.06370925903 1142.06370925903 1142.06370925903 1142.06370925903 1142.06370925903 1142.06370925903 2.70700705051422 1.74803363531828 2.13293536379933 1.65487878397107 0.553373055532575 2.20742798596621 0.537749881856143 0.429052004124969 0.895215870812535 1150.00928688049 1150.00928688049 1150.00928688049 28.6369448900223 0.956162797287107 0.493347307667136 0.721362868323922 24.2211689949036 0.631406696513295 0.671088013797998 4.2409265935421 3.47484211623669 0.478943414054811 1016.58977890015
-9999 -9999 -9999 -9999 -9999 -9999 -9999 -9999 -9999 -9999 -9999 1142.06370925903 1142.06370925903 1142.06370925903 1142.06370925903 1142.06370925903 1142.06370925903 1142.06370925903 1142.06370925903 1142.06370925903 1142.06370925903 0.639180791564286 0.633299109525979 0.521799727343023 0.609948807395995 1.1393397655338 0.582796673290431 2.71361312270164 0.486104647628963 0.306035002693534 1.05244862660766 1150.00928688049 1150.00928688049 1150.00928688049 1016.58977890015 26.9439314007759 25.9478527903557 25.4459335803986 1016.58977890015 1016.58977890015 1016.58977890015 1016.58977890015 1016.58977890015 1016.58977890015 1016.58977890015
-9999 -9999 -9999 -9999 -9999 -9999 -9999 -9999 -9999 -9999 1.03143843077123 1142.06370925903 1142.06370925903 1142.06370925903 1142.06370925903 1142.06370925903 1142.06370925903 1142.06370925903 1142.06370925903 1142.06370925903 0.871956367045641 0.433847279287875 0.488040591590106 1.03528613038361 0.600159003399312 0.521643969230354 1.29967360757291 4.5684015750885 0.957242794334888 0.16593966668006 91.7968797683716 1.56072413548827 0.572621013969183 1.98586700484157 1016.58977890015 1016.58977890015 1016.58977890015 1016.58977890015 1016.58977890015 1016.58977890015 1016.58977890015 1016.58977890015 1016.58977890015 1016.58977890015 1016.58977890015
-9999 -9999 -9999 -9999 -9999 -9999 -9999 -9999 -9999 -9999 1142.06370925903 1142.06370925903 1142.06370925903 1142.06370925903 1142.06370925903 1142.06370925903 1142.06370925903 1142.06370925903 0.344310882501304 3.83864081650972 0.493894814513624 0.485863709822297 0.6152683198452 0.604109355248511 2.99660328775644 1.2766445223242 5.74281789362431 5.10598763823509 72.006098985672 91.6328290700912 19.0874436497688 0.669960639439523 0.658352877013385 0.629637143574655 1.69297268986702 1.03941450826824 1016.58977890015 1016.58977890015 1016.58977890015 1016.58977890015 1016.58977890015 1016.58977890015 1016.58977890015 1016.58977890015 1016.58977890015
-9999 -9999 -9999 -9999 -9999 -9999 -9999 -9999 -9999 0.873340705409646 1142.06370925903 1142.06370925903 1142.06370925903 1142.06370925903 1142.06370925903 1142.06370925903 1142.06370925903 1.723319478333 0.539314518682659 3.35353496670723 2.07286004722118 1.11139022000134 0.488932800479233 0.572164690122008 26.3435178399086 28.4221607446671 6.35384188592434 70.8491253852844 0.436323326081038 0.436362809035927 0.532753058709204 17.6259081065655 0.736313948407769 0.767914162948728 0.714311264455318 0.683490823954344 1016.58977890015 1016.58977890015 1016.58977890015 0.429298391100019 1016.58977890015 1016.58977890015 1016.58977890015 1016.58977890015 1016.58977890015
-9999 -9999 -9999 -9999 -9999 -9999 -9999 -9999 -9999 0.805877361446619 1142.06370925903 1142.06370925903 1142.06370925903 1142.06370925903 1142.06370925903 1142.06370925903 0.637381226755679 1.04855972900987 0.346079930197448 0.358147654216737 0.389877556823194 0.312034498434514 20.0483439862728 22.9924293160439 1.80017855204642 0.429881680756807 36.385614156723 0.407312285620719 33.99236536026 5.31156054139137 0.734514167532325 0.535857535898685 17.3423668444157 1.47093991190195 0.782756356522441 0.644534100778401 5.43748825788498 0.664146056398749 0.460802926681936 25.99662566185 1016.58977890015 1016.58977890015 8.90571191960454e-05 1016.58977890015 1016.58977890015
-9999 -9999 -9999 -9999 -9999 -9999 1.19411046616733 2.01486536115408 0.944650012999773 0.395407912321389 56.4738146066666 1142.06370925903 1142.06370925903 1142.06370925903 1142.06370925903 0.64352401625365 0.669325294904411 0.464250673539937 0.488932375796139 0.337991722393781 4.22141676396132 17.7201596200466 0.730622630566359 0.464586301706731 0.427134728059173 1.11119089275599 1.29936867021024 0.639451920054853 27.285719871521 0.68508308660239 4.28196240961552 0.654831088148057 1.8983302116394 12.4193855673075 0.608203649520874 0.700715648010373 1.29407535865903 2.8586979880929 0.714466631412506 25.99662566185 0.832651730626822 1022.46343040466 6.37971575558186 0.825652917847037 1016.58977890015
-9999 -9999 -9999 -9999 -9999 -9999 2.23259928077459 2.91474717110395 0.434239955618978 56.1492629647255 0.324440943542868 1142.06370925903 1142.06370925903 1142.06370925903 1142.06370925903 13.420791298151 11.649898275733 10.6041216850281 8.56678551435471 7.68359178304672 2.95419093966484 0.491084377281368 13.1693188250065 10.9679126143456 0.424685782752931 0.438522816635668 0.651667295955122 2.27178743854165 24.4527840614319 0.34216018486768 3.3014732375741 0.652445713989437 1.21072670258582 0.610447415150702 10.483427554369 0.669478511437774 0.675292536616325 2.22111298143864 0.861932702362537 24.1649342179298 0.959843188524246 1013.69684696198 1.71082744374871 4.96611928939819 0.702479800209403
-9999 -9999 -9999 -9999 -9999 0.523438429459929 0.789218835532665 2.64869119226933 55.4615932106972 0.182702539721504 0.131034652236849 1142.06370925903 1142.06370925903 1142.06370925903 0.65569440741092 2.69738488644361 0.40470066620037 0.984586413949728 0.816733816638589 7.26450292766094 0.363097011577338 2.29731069877744 1.54442797601223 9.83840331435204 0.714522805064917 0.47277910169214 0.408144368324429 1.22373538836837 2.01628453284502 22.3739724755287 0.757267739623785 1.68527866154909 0.62981472350657 0.630304348655045 5.84123669564724 3.64906896650791 0.653185302391648 0.812305703759193 1.7275581099093 22.7126215100288 0.950279418379068 1013.48999118805 0.868863878771663 3.47195782512426 0.67873895354569
-9999 -9999 0.205967787653208 0.804351868107915 0.425471780821681 0.267044389620423 0.244207001756877 1.24425351805985 49.4530435204506 0.170923208119348 2.20937250554562 2.28212241455913 27.8367511034012 0.588235663250089 0.796132599934936 1.5234522819519 0.73853278812021 0.520007218234241 0.371654331684113 7.04399470984936 0.295933270826936 1.75655350461602 0.71322170458734 2.81089209392667 8.4067127853632 1.00825309939682 0.531252075918019 0.484380080364645 1.71474740281701 22.1228301525116 19.7061719894409 0.427743468433619 0.663119209930301 0.687868880107999 4.83840280026197 0.423375839367509 1.88701470941305 0.785619076341391 1.08880894631147 18.5243543386459 0.959038458764553 1011.9619436264 0.824870493263006 0.798460513353348 1.21480083279312
-9999 0.564996180124581 2.02400295808911 0.501705717295408 0.129940344020724 0.419109316542745 46.734582901001 47.517827808857 0.287110262084752 0.150409679161385 2.06419236585498 0.593808154575527 3.86699541658163 22.9609022140503 19.643652677536 0.804321266710758 1.31357802823186 0.564452048391104 2.07891988754272 4.49432763457298 1.25683069601655 0.657860313542187 0.735903213731945 2.15887125208974 0.441269939765334 3.4506454616785 0.321180131286383 0.254653206095099 0.736955182626843 0.679012960754335 2.17175046354532 19.353550106287 1.99376742914319 0.457146679982543 4.46626999974251 0.517285889945924 1.39526106417179 0.680608857423067 0.963674971833825 16.482276558876 0.546998015604913 1009.97882080078 0.733201559633017 0.719557901844382 0.351828951388597
-9999 0.499632875435054 0.841927321627736 42.3984310626984 42.8252964317799 45.7016400098801 0.44240059889853 0.719339242205024 0.848292740061879 1.83252155780792 0.612218730151653 2.2934137955308 0.90735886245966 2.94785814732313 0.733690464869142 17.60857462883 9.67048668861389 0.560225324705243 0.799189671874046 0.735362937673926 2.8217091076076 0.719625475816429 0.707740340381861 1.68067908287048 0.485408809967339 2.89853344112635 2.36011765524745 1.47149006277323 0.274352530483156 0.267395395319909 1.14055598713458 0.632520295679569 16.4237838983536 0.457986591383815 0.508922007866204 3.54102912917733 0.563379276543856 0.498337096534669 7.84448643028736 8.17391589283943 0.503508097492158 0.565821899101138 1009.3601140976 6.62023983895779 0.655119903385639
