Model input/Uganda/discharge/discharge_aug_1.asc
NCOLS 67 
NROWS 67 
XLLCORNER 29.5000000014144 
YLLCORNER -1.49999999936061 
CELLSIZE 0.0833333332926796 
NODATA_value -9999 
[rows 0 to 19 of 67, columns 0 to 44 of 67]
-9999.000000000000000 -9999 -9999 -9999 -9999 -9999 -9999 -9999 -9999 -9999 -9999 -9999 -9999 -9999 -9999 -9999 -9999 -9999 -9999 -9999 -9999 -9999 -9999 -9999 -9999 -9999 -9999 -9999 -9999 -9999 -9999 0.467733168043196 0.461719970218837 -9999 -9999 -9999 -9999 -9999 -9999 -9999 -9999 -9999 -9999 -9999 -9999
-9999 -9999 -9999 -9999 -9999 -9999 -9999 -9999 -9999 -9999 -9999 -9999 -9999 -9999 -9999 -9999 -9999 -9999 -9999 -9999 -9999 -9999 -9999 -9999 -9999 -9999 -9999 -9999 -9999 0.502257287502289 0.862022278830409 0.413342982530594 1.28646271675825 0.40407739020884 0.427663902752101 0.406483166851103 0.696873728185892 0.649514141492546 0.369930083397776 0.441594608128071 -9999 -9999 -9999 -9999 -9999
-9999 -9999 -9999 -9999 -9999 -9999 -9999 -9999 -9999 -9999 -9999 -9999 -9999 -9999 -9999 -9999 -9999 -9999 -9999 -9999 -9999 -9999 -9999 -9999 -9999 -9999 -9999 -9999 -9999 2.12407855316997 0.347481356933713 1.61440655961633 12.1642400920391 11.0462895035744 0.382494211662561 8.62719990313053 7.41114377975464 5.58741979300976 2.7126697525382 1.52843896299601 0.444351486396044 0.64924742653966 0.824849292635918 -9999 -9999
-9999 -9999 -9999 -9999 -9999 -9999 -9999 -9999 -9999 -9999 -9999 -9999 -9999 -9999 -9999 -9999 -9999 -9999 -9999 -9999 -9999 -9999 -9999 -9999 -9999 0.669785186648369 -9999 -9999 -9999 2.55045768991113 0.308922406751662 14.4403253793716 0.367082921788096 0.371650049462914 10.32975281775 0.91119724418968 0.519840880297124 0.560329172760248 1.5699518378824 0.8164391675964 0.688943644985557 0.890688536688685 2.03191100805998 -9999 -9999
-9999 -9999 -9999 -9999 -9999 -9999 -9999 -9999 -9999 -9999 -9999 -9999 -9999 -9999 -9999 -9999 -9999 -9999 -9999 -9999 -9999 -9999 0.53679178468883 -9999 -9999 1.24499347805977 -9999 -9999 -9999 1762.57266807556 194.839608669281 177.417818784714 1.87262092903256 1.31248300895095 0.661277141422033 0.415328513365239 0.621521862223744 2.13353561423719 1.43248396459967 0.765098102390766 2.33659603819251 0.733238037209958 3.04496227949858 0.422821667045355 -9999
-9999 -9999 -9999 -9999 -9999 -9999 -9999 -9999 -9999 -9999 -9999 -9999 -9999 -9999 -9999 -9999 -9999 -9999 -9999 -9999 -9999 1.11881486419588 1.73658840637654 1.12891177507117 1.75176267512143 0.512280268128961 1523.92834854126 1523.92834854126 1569.37599182129 1569.37599182129 0.424274998251349 175.361339569092 20.1387750953436 18.0711831003428 0.690849081613123 4.6726502738893 3.90550746396184 1.18311734311283 0.832740857731551 0.792667706962675 0.63148081349209 3.65659176185727 3.97279334813356 0.442566053010523 -9999
-9999 -9999 -9999 -9999 -9999 -9999 -9999 -9999 -9999 -9999 -9999 -9999 -9999 -9999 -9999 -9999 -9999 -9999 -9999 0.732399705797434 5.36182853206992 6.51016370952129 10.6167148351669 12.8525347188115 3.45161431282759 0.40199236269109 1523.92834854126 1523.92834854126 1569.37599182129 1569.37599182129 40.5505103170872 0.484555588569492 155.003857135773 1.65321155171841 17.4218199104071 8.73064085096121 7.73204699158669 4.13502870872617 0.821999212726951 1.48005692102015 2.03767661377788 4.93924045935273 9.37543068081141 0.383574848528951 -9999
-9999 -9999 -9999 -9999 -9999 -9999 -9999 -9999 -9999 -9999 -9999 -9999 -9999 -9999 -9999 -9999 -9999 1.44825415499508 2.20154732652009 3.5776528455317 0.605404019355774 1.06153996475041 1.2063839090988 13.2519497871399 0.307675525099057 3.97391439601779 1523.11458778381 0.582275082357228 2.26309806294739 2.92026395350695 21.1905205398798 18.2247884422541 154.588992357254 0.622127309441566 1.06126794312149 2.38286733813584 2.34751084633172 1.19192176125944 0.661112660076469 0.592726381495595 3.09839693084359 0.417603862471879 10.7363179624081 0.447817351203412 0.409244021400809
-9999 -9999 -9999 -9999 -9999 -9999 -9999 -9999 -9999 -9999 -9999 -9999 -9999 -9999 -9999 -9999 -9999 1.42536636069417 0.720909690484405 0.635207837447524 0.621328489854932 1.63705469295382 2.22175712138414 17.7600303590298 18.5897544771433 1520.77358627319 0.782848832197487 0.856152394786477 1.67622613254935 2.59362064860761 20.5226649940014 17.4461058825254 1.02896470576525 153.594341278076 1.90785241685808 1.20259170420468 1.26777842920274 1.25569244939834 1.29429735429585 0.606257844716311 0.493440241552889 39.4267339706421 0.430333704687655 1.31787947006524 0.437485604081303
-9999 -9999 -9999 -9999 -9999 -9999 -9999 -9999 -9999 -9999 -9999 -9999 -9999 -9999 -9999 -9999 -9999 2.31469548866153 3.01303186640143 5.00911219418049 1.09884765185416 2.30257969163358 2.27538729086518 0.48949634431483 1500.7447013855 0.837342634331435 3.18429733626544 0.684949604328722 1.78041721694171 7.28022139146924 17.0800396054983 1.03814459778368 15.504914984107 153.156482934952 150.639046907425 0.764963754918426 1.24754083156586 4.83235909044743 1.03365658223629 1.26932189241052 42.2206840515137 39.9276537299156 24.2001065313816 1.85580196231604 0.375637169927359
-9999 -9999 -9999 -9999 -9999 -9999 -9999 -9999 -9999 -9999 -9999 -9999 -9999 -9999 -9999 -9999 0.817222302779555 1.60179641284049 6.69614416360855 12.5361553877592 16.9659566730261 17.5873335450888 21.4471702575684 3.18963776342571 1502.18478965759 7.55299706757069 1.11051384080201 1.10805871896446 2.45693207159638 3.87372436001897 7.71654903143644 1.14314470160753 13.4227104485035 1.05144976545125 0.793183656409383 149.29262471199 5.58649292960763 1.25063337478787 48.6132841706276 47.8949245214462 1.18671745993197 0.600121902301908 0.555960956960917 21.2060213088989 18.1213460862637
-9999 -9999 -9999 -9999 -9999 -9999 -9999 -9999 -9999 -9999 -9999 -9999 -9999 -9999 -9999 -9999 0.781453859061003 4.346336171031 0.803933138027787 1.69568753987551 1.42958367615938 0.598629186395556 0.49840729956486 1491.62769508362 1.1906414180994 6.46197155490518 5.17124782130122 1.25258016772568 1.32185824774206 2.7789767049253 5.34281418472528 6.62505415827036 11.1825274825096 1.12436646129936 1.29937901999801 83.1409869194031 57.820692896843 57.0298397541046 6.5826381072402 0.641115399077535 3.08295867219567 2.42591373249888 0.55637763813138 2.4672932215035 0.514538357034326
-9999 -9999 -9999 -9999 -9999 -9999 -9999 -9999 -9999 -9999 -9999 -9999 -9999 -9999 -9999 0.732427777722478 2.65121588110924 0.975568319670856 1.85167593881488 5.29432117193937 0.959267548751086 1.47962610283867 1471.32490348816 1471.32490348816 1.19838201534003 1.31271721981466 1.3069777181372 1.36915698740631 1.38949099741876 2.04030529037118 1.30728317983449 2.77873078361154 8.08267470449209 0.663694187998772 0.751173056662083 3.15934703871608 77.9225542545319 0.604730256833136 1.17212600074708 4.66036894917488 0.668228601105511 1.24692154675722 0.589966133236885 1.55386702157557 0.423475474584848
-9999 -9999 -9999 -9999 -9999 -9999 -9999 -9999 -9999 -9999 -9999 -9999 -9999 -9999 -9999 -9999 1.03796973917633 0.935969376936555 1.91607797518373 1.50294552743435 5.81571324914694 0.336858500631934 1471.32490348816 1471.32490348816 2.65357352606952 1.38859987352043 3.01378895156085 1.53652211278677 1.38621906936169 0.62087975628674 0.691227682866156 1.64234687574208 7.43002095073462 2.53949074447155 0.728710921481252 0.824162538163364 77.1556226015091 0.792976944707334 0.712531142868102 4.03679437935352 1.18553563579917 0.661715374328196 0.621913167648017 1.10725622810423 0.41728843562305
-9999 -9999 -9999 -9999 -9999 -9999 -9999 -9999 -9999 -9999 -9999 -9999 -9999 -9999 -9999 -9999 -9999 0.862701252102852 2.40856691449881 4.83704020828009 5.20694152265787 11.8983919322491 1459.60454177856 3.73778716847301 2.61425898037851 4.35947769135237 1.4095728546381 3.62333666905761 0.825180442072451 0.736044882796705 0.805951439775527 0.856169611215591 4.22247628122568 1.73240377195179 0.891103528439999 0.867642397992313 4.03146816790104 71.3989400863647 0.998764568008482 0.886478007771075 24.9641919732094 0.522778592072427 1.38698855787516 0.718933584168553 19.1324713230133
-9999 -9999 -9999 -9999 -9999 -9999 -9999 -9999 -9999 -9999 -9999 -9999 -9999 -9999 -9999 -9999 1.18246060423553 1.97483096271753 1.06936283875257 2.38030909001827 2.90081965923309 3.07188125327229 1445.31286048889 0.826576418243349 13.8672600537539 13.1624529957771 6.26232754439116 1.38424996845424 0.610951874405146 2.13183919712901 2.1692487038672 0.732466561719775 0.933937128633261 2.56042540445924 1.33559172041714 1.77895529381931 2.47667368128896 2.28358662500978 67.2218495607376 27.8865439891815 1.98875589482486 24.3534765839577 21.7217519879341 20.4993079900742 0.664645358920097
-9999 -9999 -9999 -9999 -9999 -9999 -9999 -9999 -9999 -9999 -9999 -9999 -9999 -9999 -9999 -9999 1.1492203976959 5.52770782262087 8.59690316021442 1.19219554867595 19.6052989065647 25.8890152573586 25.9148471355438 1446.32211875916 0.853813828900456 1.04572494700551 1.13938982132822 1.22438837960362 5.96439285576344 4.84865961223841 0.666329544968903 0.727829469367862 1.26570254564285 1.08696958236396 2.01678593456745 0.904708879068494 0.816989633254707 0.684867719188333 3.31745639443398 35.2847936749458 0.81073427060619 1.0591501398012 0.476285790558904 0.435953367967159 0.432420937810093
-9999 -9999 -9999 -9999 -9999 -9999 -9999 -9999 -9999 -9999 -9999 -9999 -9999 -9999 -9999 1.01510395854712 3.6346825286746 0.689329111948609 8.18473383784294 17.8367201685905 6.18591156601906 0.54016383131966 0.573403066024184 1406.38254356384 14.8335192799568 12.3529070168734 10.3537362366915 8.16148686408997 7.075424939394 0.553478263318539 1.48195619881153 0.835483800619841 0.757808826863766 4.88310549408197 0.768819103017449 1.61015275307 0.71963741723448 1.97917740419507 2.60622660070658 34.5437064766884 33.981129527092 0.384023399557918 0.41413725214079 0.456387068610638 0.793238328769803
-9999 -9999 -9999 -9999 -9999 -9999 -9999 -9999 -9999 -9999 -9999 -9999 -9999 -9999 -9999 0.696613047271967 2.60315297544003 0.665251977741718 6.0056090131402 1.57901699654758 5.63315027952194 0.534052020870149 1.43982621282339 1406.8602104187 0.581313565606251 0.812926491722465 0.935095176100731 1.56613294966519 0.517058555968106 0.542622003704309 2.92084269225597 0.773613445460796 0.836487201973796 1.66937102936208 7.98101912438869 0.762959734536707 0.825252098031342 0.673531749285758 0.629062239080667 1.26636307127774 3.56527014821768 28.5870532393456 0.328585400711745 2.08018081448972 1.2381026763469
-9999 -9999 -9999 -9999 -9999 -9999 -9999 -9999 -9999 -9999 -9999 -9999 -9999 -9999 -9999 0.588817708194256 2.973991189152 5.28587341308594 0.632368032820523 2.74325675517321 0.634242493193597 0.423577645793557 0.479376115836203 0.485487430123612 1391.19941139221 0.547219298779964 4.14571104198694 0.886199825443327 0.501697139814496 7.57173258066177 3.62659667432308 2.50569357722998 1.14830734394491 2.60245882347226 11.4894235134125 1.78089186735451 1.83607022836804 1.25373449549079 0.608401540666819 0.582838553935289 1.47385639511049 0.817512955516577 27.3702031373978 21.4845888018608 1.07245074212551
