Model input/Uganda/discharge/discharge_sep_1.asc
NCOLS 67 
NROWS 67 
XLLCORNER 29.5000000014144 
YLLCORNER -1.49999999936061 
CELLSIZE 0.0833333332926796 
NODATA_value -9999 
[rows 40 to 59 of 67, columns 0 to 44 of 67]
0.316579472273588 0.212266358546913 25.0176365077496 25.8727092146873 0.105244892882183 3.11985696107149 0.30704893451184 0.484304802492261 0.540438424795866 0.465229414403439 0.388404734432697 0.86703035980463 0.789361529052258 2.58885039389133 0.870175106450915 8.80454403162003 4.83132752031088 8.347351975739 1.21749671176076 1.27461243607104 1.1517025437206 2.16862435638905 1.11127381958067 0.945100152399391 1.00730869127437 0.662460904568434 0.895458772778511 1.07002730295062 0.471210055984557 0.236436726525426 0.697892555035651 0.410692638717592 14.9207821190357 1.57874286547303 0.811832156032324 2.83065684512258 0.532834916375577 0.526476541534066 0.476800949312747 5.87648858875036 7.08833497017622 0.550922943279147 929.465106964111 1.5732185728848 3.33541579544544
0.379154557362199 0.800312196835876 23.4086888432503 2.05583238229156 1.92630458250642 2.31227687373757 0.628299979493022 0.501403621397913 0.561816059052944 2.14171210303903 2.91974851489067 0.544012356549501 0.878584841266274 0.890868755057454 1.79672360420227 5.42108127474785 0.863404320552945 4.04016687348485 7.48403450101614 5.59060264378786 2.7310979552567 2.06715750321746 0.998550548218191 1.95088189747185 1.72949538379908 0.791596177965403 0.195113452384248 0.404070739634335 0.359281555283815 0.400061454623938 0.643020063638687 2.0045362599194 12.5853626132011 0.51708358945325 0.541440878994763 0.521893970202655 0.968136932700872 0.496395919471979 4.3795675560832 0.99829825758934 6.06602435559034 1.96787930652499 928.370098114014 0.821677023544908 2.61547692120075
0.130130962468684 0.252787746023387 20.7686074078083 0.226145192980766 1.68998730368912 1.58316047303379 0.444435384124517 1.09231544472277 1.68023273348808 0.477466859854758 0.596572616137564 4.00709560513496 1.19668707065284 0.60369967110455 0.921918258070946 1.07922657951713 2.65424678102136 1.56644527055323 1.60647611320019 0.938559085130692 0.824826353229582 0.628916246118024 0.681414457038045 2.87540853209794 0.639550566440448 4.24952445179224 0.706672428175807 0.965836700052023 0.359472898300737 0.210214594029821 1.02279658801854 0.497981168329716 11.5862176716328 5.02351145446301 1.53346846066415 0.492760178167373 0.466855890583247 0.461459390819073 3.43114795535803 0.478789396584034 3.62629909068346 1.45951121859252 927.328332901001 926.219595909119 0.590480705723166
17.0907581597567 20.6275947093964 0.302129538264126 0.719108117744327 1.06145141087472 0.887654293328524 0.435440835542977 1.0366166010499 2.1024566218257 0.668109917081892 1.09255366772413 4.555439658463 6.35599085688591 0.697134790942073 0.749418963678181 1.26705379970372 0.978856299072504 0.689013598952442 0.783460859209299 0.965240908088163 0.980713288998231 1.43911650730297 4.94839434698224 0.684965017368086 0.538841513218358 4.64509300515056 0.455500229028985 0.32526209927164 2.19098766520619 2.45021902723238 0.595263520255685 0.342235035263002 6.05703507363796 0.546177812851965 2.43411365523934 1.89681804925203 0.535242415964603 2.00256869569421 0.501179240643978 0.511687814258039 3.16770296916366 1.04283195920289 0.195570655399933 925.380951881409 0.778711987659335
16.898136973381 3.01454520970583 2.71794491633773 1.69611071050167 1.0413139667362 0.847736081108451 0.288695441558957 0.64987566974014 1.23766312561929 3.05958895385265 2.52517158538103 0.546396910212934 9.06929856538773 2.10443795099854 2.30730776488781 0.962053902447224 1.10917336540297 1.17922176420689 1.43230553623289 1.90755457151681 1.49996006255969 6.77676205709577 0.412154071615078 1.09335615765303 5.67565157264471 0.742212652345188 0.576644233544357 7.10048388317227 2.39491177909076 2.45021902723238 0.420991575345397 0.418917433358729 1.25646100752056 3.87816042453051 2.68765998631716 0.582857713103294 0.849242731928825 1.47481299564242 0.651147940196097 0.911649169400334 2.16861124709249 0.65517414920032 923.655253410339 923.655253410339 923.655253410339
16.2269041240215 1.18446760624647 0.965572020038962 0.786459032446146 1.77655475120991 0.746482774615288 1.40737627446651 1.86260967329144 0.811812730506063 4.43175934255123 2.99444221332669 0.458323738537729 9.60942773520947 0.959328212309629 4.17836335860193 0.995310365688056 4.18524949625134 0.965959436725825 0.843513309722766 3.81764163263142 2.08119242265821 7.52459053695202 7.65031734853983 6.36778935417533 0.248081367230043 0.415810293226968 0.444785615429282 7.10048388317227 2.45021902723238 2.45021902723238 1.33496117219329 0.44625142775476 0.652250412851572 0.614728331565857 0.404838773421943 1.52880927547812 0.939363908022642 923.655253410339 923.655253410339 0.342416414059699 0.653475956991315 0.321841095108539 923.655253410339 923.655253410339 923.655253410339
2.95872344076633 14.7330950796604 0.486703436821699 0.689785814844072 2.49320398084819 0.495865694247186 1.8022699765861 1.90847966633737 26.7178964018822 9.43034832179546 4.00452592968941 0.563124128617346 10.1289582550526 5.96776217222214 6.86841344088316 8.63736568763852 17.8735903501511 18.8289669528604 26.4375314861536 33.9526088833809 33.6696700900793 55.4964961409569 54.942527204752 0.35825675027445 0.284726528683677 0.295215755002573 7.22390887141228 0.258100593404379 0.314534421311691 0.886684112250805 0.427737555466592 0.43781921453774 0.440229117870331 0.892031004652381 923.655253410339 923.655253410339 923.655253410339 923.655253410339 923.655253410339 923.655253410339 923.655253410339 923.655253410339 923.655253410339 923.655253410339 923.655253410339
0.27872486365959 11.1792319193482 1.24032372236252 0.710292303934693 0.768527721986175 4.07471732422709 26.7178964018822 26.7178964018822 26.7178964018822 26.7178964018822 28.3811601400375 27.9911761283875 15.2440875768661 14.728557318449 0.514697368256748 0.455241734627634 4.43188903853297 1.07384134363383 6.55320238694549 1.46335751283914 6.11856631375849 0.511933842673898 1.11998853366822 56.6741290986538 0.503680901601911 7.32727901265025 0.178017843514681 0.234493437805213 0.256161160068586 0.448008024133742 0.402676893398166 0.876578163355589 923.655253410339 923.655253410339 923.655253410339 923.655253410339 923.655253410339 923.655253410339 923.655253410339 923.655253410339 923.655253410339 923.655253410339 923.655253410339 923.655253410339 923.655253410339
0.772550653666258 11.0506504401565 10.1028723022901 10.1028723022901 4.57077123224735 0.278209326788783 26.7178964018822 26.7178964018822 26.7178964018822 26.7178964018822 0.489704566076398 2.14913908019662 0.518041126430035 4.26765652000904 9.4815616607666 3.20467968285084 1.77871504426003 0.577024744823575 6.05791841819882 0.643748261267319 4.18795344140381 1.17399836797267 0.608489638660103 0.426206827163696 64.6038447618484 72.2022755146027 72.1709712147713 72.5425099730492 73.9254908561707 0.895254395902157 923.655253410339 923.655253410339 923.655253410339 923.655253410339 923.655253410339 923.655253410339 923.655253410339 923.655253410339 923.655253410339 923.655253410339 923.655253410339 923.655253410339 923.655253410339 923.655253410339 923.655253410339
10.1028723022901 10.1028723022901 10.1028723022901 10.1028723022901 10.1028723022901 0.0798726563807577 0.131815131986514 0.483570585492998 26.7178964018822 26.7178964018822 1.06661873310804 0.526778953615576 2.87938054651022 0.454903178382665 5.91380992531776 2.39974622055888 0.418170803692192 1.30427452735603 5.27493418753147 4.49195805564523 0.602865270571783 3.01390089187771 0.536592772696167 0.458933036308736 3.78238904848695 0.693967788480222 3.70034335553646 0.643872148357332 923.655253410339 923.655253410339 923.655253410339 923.655253410339 923.655253410339 923.655253410339 923.655253410339 923.655253410339 923.655253410339 923.655253410339 923.655253410339 923.655253410339 923.655253410339 923.655253410339 923.655253410339 923.655253410339 923.655253410339
10.1028723022901 10.1028723022901 10.1028723022901 10.1028723022901 10.1028723022901 0.0767614728538319 31.3891126215458 27.1228415966034 26.7178964018822 0.240040476201102 0.569224200211465 0.458419801667333 2.31674135103822 0.422521808650345 5.54048598557711 1.69183642230928 0.348027072381228 0.772241840139031 0.40165730426088 3.86263494379818 0.540289145894349 2.58177957311273 0.518124318390619 0.318131286418065 3.40135749429464 0.408597002737224 3.48852010071278 0.361059620045125 923.655253410339 923.655253410339 923.655253410339 923.655253410339 923.655253410339 923.655253410339 923.655253410339 923.655253410339 923.655253410339 923.655253410339 923.655253410339 923.655253410339 923.655253410339 923.655253410339 923.655253410339 923.655253410339 923.655253410339
10.1028723022901 10.1028723022901 10.1028723022901 10.1028723022901 10.1028723022901 31.2941994667053 0.181966426549479 4.21018487587571 0.284879105631262 1.37124426942319 0.362602303270251 0.988704643212259 0.513905549421906 0.464736266061664 4.33592128753662 0.202682584524155 1.08864696417004 0.301854092627764 0.695233790203929 1.99001132696867 0.673774943687022 0.965062787290663 0.546840689145029 0.417146832449362 3.20912271179259 0.312394675333053 2.02221348509192 0.389105187729001 923.655253410339 923.655253410339 923.655253410339 923.655253410339 923.655253410339 923.655253410339 923.655253410339 923.655253410339 923.655253410339 923.655253410339 923.655253410339 923.655253410339 923.655253410339 923.655253410339 923.655253410339 923.655253410339 923.655253410339
10.1028723022901 10.1028723022901 10.1028723022901 10.1028723022901 10.1028723022901 0.2591413538903 0.0784627259708941 3.56589202210307 0.547402800060809 0.227851352421567 0.580613274127245 0.160679599735886 0.544056654907763 1.32754978910089 1.42914069443941 1.02632402069867 0.302404394373298 0.275193211622536 0.299311827868223 0.684940095059574 0.681325576500967 0.461677118903026 0.379830894991755 1.1719578076154 2.07848302833736 0.575945403426886 0.854975990951061 0.391952536068857 0.643370045349002 0.864323318004608 923.655253410339 923.655253410339 923.655253410339 923.655253410339 923.655253410339 923.655253410339 923.655253410339 923.655253410339 923.655253410339 923.655253410339 923.655253410339 923.655253410339 923.655253410339 923.655253410339 923.655253410339
10.1028723022901 10.1028723022901 10.1028723022901 10.1028723022901 10.1028723022901 0.0485214488580823 0.192495458293706 3.36676573753357 2.82574252411723 0.580622386187315 1.09929669834673 1.16971407318488 0.489775035530329 0.848017446696758 0.301745270378888 0.35586624359712 0.330919927917421 0.37573323212564 0.379964355379343 0.411934250034392 0.918706868542358 0.207178038544953 0.409964981023222 0.198278647381812 0.774645033758134 0.268877702299505 0.402783507481217 0.500469148159027 1.59822546690702 3.16897904872894 923.655253410339 923.655253410339 923.655253410339 923.655253410339 923.655253410339 923.655253410339 923.655253410339 923.655253410339 923.655253410339 923.655253410339 923.655253410339 923.655253410339 923.655253410339 923.655253410339 923.655253410339
10.1028723022901 10.1028723022901 10.1028723022901 10.1028723022901 0.0706365184159949 0.580122205428779 0.401317589916289 1.19070449844003 0.523548685014248 1.1695931982249 2.16702758148313 1.80265902541578 0.629473965615034 0.452416484244168 0.441359526477754 0.794646320864558 0.355420385021716 0.711538122966886 0.792537054046988 3.62820529565215 1.0653591118753 0.706686687655747 0.464877395890653 0.391923115821555 0.240617620293051 0.113543101644609 0.180851788958535 923.655253410339 923.655253410339 923.655253410339 923.655253410339 923.655253410339 923.655253410339 923.655253410339 923.655253410339 923.655253410339 923.655253410339 923.655253410339 923.655253410339 923.655253410339 923.655253410339 923.655253410339 923.655253410339 923.655253410339 923.655253410339
10.1028723022901 10.1028723022901 10.913826867938 0.156780857592821 2.63562971353531 0.338207566644996 0.565157570876181 0.61157280113548 0.68665437027812 4.02147237583995 0.626241323538125 2.31216873787344 1.14644753374159 0.475626982282847 0.431021170690656 0.48591379262507 1.3983422908932 1.85268120840192 0.334772223141044 3.62820529565215 0.179532652255148 0.303455945570022 0.126122949877754 0.224732202244923 0.229918278288096 0.088725837340462 0.597974293865263 923.655253410339 923.655253410339 923.655253410339 923.655253410339 923.655253410339 923.655253410339 923.655253410339 923.655253410339 923.655253410339 923.655253410339 923.655253410339 923.655253410339 923.655253410339 923.655253410339 923.655253410339 923.655253410339 923.655253410339 923.655253410339
10.1028723022901 10.1028723022901 10.8112426102161 9.76849563419819 0.256699854973704 2.13279253616929 0.569606802426279 0.511385477147996 1.17651513777673 4.70033998787403 0.577223642729223 12.0743432193995 14.4814078509808 15.4621586799622 16.2682296037674 17.1049167811871 22.5832535326481 3.62185426056385 26.8025849163532 26.8025849163532 27.562425494194 0.606660245917737 26.6020176708698 0.454099408350885 0.279101372696459 0.433132127393037 923.655253410339 923.655253410339 923.655253410339 923.655253410339 923.655253410339 923.655253410339 923.655253410339 923.655253410339 923.655253410339 923.655253410339 923.655253410339 923.655253410339 923.655253410339 923.655253410339 923.655253410339 923.655253410339 923.655253410339 923.655253410339 923.655253410339
0.184845696901903 5.1129640750587 0.742094812449068 9.50664176046848 0.340547274332494 0.484814429655671 0.470594832673669 2.58333745598793 0.439675283618271 5.35716631263494 8.14929089695215 0.519352221861482 0.445838091894984 0.597458457574248 1.27188854105771 1.78006850555539 22.5832535326481 22.5832535326481 26.8025849163532 26.8025849163532 27.562425494194 26.6020176708698 26.6020176708698 0.484847544692457 1.44064404442906 0.415027713403106 923.655253410339 923.655253410339 923.655253410339 923.655253410339 923.655253410339 923.655253410339 923.655253410339 923.655253410339 923.655253410339 923.655253410339 923.655253410339 923.655253410339 923.655253410339 923.655253410339 923.655253410339 923.655253410339 923.655253410339 923.655253410339 923.655253410339
0.180888878181577 4.68744824826717 0.527636906248517 9.1634304523468 0.287235345225781 0.458699965849519 3.78091787546873 2.96776658296585 0.556657811626792 7.31619074940681 1.00022481568158 0.506723009981215 0.482396217994392 0.438189359381795 0.348877882584929 0.516360959969461 22.5832535326481 22.5832535326481 0.315330964978784 0.221880523022264 1.04615802131593 0.257084503769875 26.9502158761024 0.133810138620902 2.13349198922515 2.44749935343862 923.655253410339 923.655253410339 923.655253410339 923.655253410339 923.655253410339 923.655253410339 923.655253410339 923.655253410339 923.655253410339 923.655253410339 923.655253410339 923.655253410339 923.655253410339 923.655253410339 923.655253410339 923.655253410339 923.655253410339 923.655253410339 923.655253410339
0.231276508653536 4.51667327620089 0.42116489019827 0.447389977227431 8.58417968451977 4.58215225487947 4.31915674358606 0.387877086177468 0.455247991718352 0.581083186902106 0.628538298420608 0.294517102651298 1.00766702461988 0.384480906650424 0.375511711928993 0.86234253551811 0.645102027803659 0.291767671238631 0.324051391799003 0.502956113778055 0.836813231930137 0.303814330138266 0.297431649640203 27.0314965248108 31.0337633490562 31.2841497063637 923.655253410339 923.655253410339 923.655253410339 923.655253410339 923.655253410339 923.655253410339 923.655253410339 923.655253410339 923.655253410339 923.655253410339 923.655253410339 923.655253410339 923.655253410339 923.655253410339 923.655253410339 923.655253410339 923.655253410339 923.655253410339 923.655253410339
