Model input/Uganda/discharge/discharge_nov_1.asc
NCOLS 67 
NROWS 67 
XLLCORNER 29.5000000014144 
YLLCORNER -1.49999999936061 
CELLSIZE 0.0833333332926796 
NODATA_value -9999 
[rows 40 to 59 of 67, columns 0 to 45 of 67]
0.34656037716195 0.22718148957938 59.7241324186325 60.5640028119087 0.118822498014197 4.00130497664213 0.376541728619486 0.670343352481723 0.736180454492569 0.533721666783094 0.484642875380814 1.00584898889065 0.900585543364286 2.98446763306856 0.955158311873674 10.8911906927824 7.13427899777889 12.0646491348743 1.56390925310552 1.52184532769024 1.4314690772444 2.91473779827356 1.48130645975471 1.70005329139531 1.59739439934492 0.958104972727597 1.36081326100975 1.40981003642082 0.625686031766236 0.25763785559684 0.767076167277992 0.467840746976435 17.1272068023682 2.16955524869263 1.09472391568124 3.64802396669984 0.585996007546782 0.535310822539032 0.528529584873468 6.23510686308146 7.84266231954098 0.576501190662384 913.04921245575 1.75349628552794 3.8991411998868 0.800411984324455
0.408623960800469 0.86851654946804 58.0816340446472 2.60126219689846 2.44456282258034 2.98769348487258 0.798346690833569 0.699447521939874 0.80347984470427 2.86571750044823 3.92158841341734 0.740629794076085 0.986687492579222 1.06879163533449 2.24615559726954 6.77125650644302 1.11212591640651 6.13221099227667 10.7320894151926 7.80542100220919 3.89100719988346 2.93325861915946 1.40489422902465 3.74332408979535 2.84230950288475 1.53652271209285 0.351405254332349 0.448239292018116 0.374183954671025 0.446404004469514 0.697410426102579 2.23852815106511 14.3880086839199 0.771100325975567 0.767974687740207 0.738487984985113 1.24712535738945 0.513468239456415 4.6318331733346 1.04192330129445 6.76436542719603 2.31489567086101 913.322854042053 0.955380983650684 3.1126754283905 0.731573568657041
0.140648727770895 0.267540931235999 54.9251655340195 0.260543178301305 2.16132211312652 2.05790680646896 0.593279668129981 1.55036183819175 2.41122518852353 0.698251124471426 0.843357743695378 5.41175458580256 1.58311657980084 0.801652358844876 1.23930467106402 1.30392629094422 3.21266352385283 2.0935181453824 2.61613159254193 1.29428383708 1.10235707275569 1.56555960699916 1.7709263311699 5.51780708506703 1.14713024254888 7.66545395925641 1.13522072695196 1.64360019285232 0.742235252633691 0.746234343503602 1.21080854348838 0.514398854225874 12.9793441295624 6.01444429159164 2.1562042105943 0.729000987950712 0.613449767697603 0.480975121259689 3.6568214520812 0.506973586976528 3.944451212883 1.73468794301152 913.485394477844 913.451104164124 0.733824545517564 1.52938326820731
50.8395805358887 54.8341799676418 0.323368900455534 0.827792314812541 1.4287015479058 1.22179019637406 0.592355811968446 1.49171191453934 3.13655127957463 0.953307006508112 1.49922200664878 6.1497568488121 8.7214123904705 1.10476374998689 1.12237985804677 1.77922579646111 1.08884349837899 0.848223183304071 0.971051955595613 1.38669166713953 1.27859091758728 2.82489430531859 9.79997222870588 1.17977738939226 1.2452579466626 8.83448311313987 1.14982067327946 1.08056315570138 4.91567398793995 8.90379403159022 1.22871043067425 0.353105302900076 6.40862017869949 0.558722943067551 2.7395046018064 2.15960721299052 0.582455730065703 2.17527724429965 0.519001257605851 0.539205078035593 3.44265506416559 1.21754206903279 0.218805396230891 913.463837623596 1.11407002434134 1.50954119302332
50.6943192481995 3.55085417628288 3.22985323518515 2.06649622693658 2.05043921619654 1.24290787614882 0.416016997303814 0.924666674807668 1.96196947991848 4.51884291321039 3.80488302558661 0.890294430777431 13.0050563216209 3.26494747400284 3.86742040514946 1.9399098213762 1.47307489253581 1.74051006138325 2.53580875694752 2.98689712584019 2.13312599807978 13.4906969666481 1.04290334880352 2.81238413788378 12.4754536747932 2.50220766477287 1.51600704574957 23.3796427100897 6.67148710973561 8.90379403159022 0.71551860217005 0.450219024904072 1.29177424684167 4.16791220754385 2.95124549418688 0.607550077140331 0.945790031924844 1.61691477708519 0.696748596616089 0.986374698579311 2.37692429125309 0.750386890955269 912.46439743042 912.46439743042 912.46439743042 912.46439743042
50.0307421386242 1.40092004090548 1.16274783574045 0.956934049725533 3.40531191974878 0.97367009613663 1.9834890216589 2.75311587005854 1.23652679286897 6.83994755148888 4.65095657110214 0.830749050714076 13.9546637237072 1.825926983729 7.52619853615761 1.50903319753706 5.99927122145891 1.37217782437801 1.31552410684526 6.63149280846119 3.62021512910724 15.6233807504177 19.1735863313079 15.1436558142304 1.07312756823376 1.4139166623354 1.51996699813753 23.3796427100897 8.90379403159022 8.90379403159022 1.39902831986547 0.473531119525433 0.670167752541602 0.628732814453542 0.427717386744916 1.75495814904571 1.12286943756044 912.46439743042 912.46439743042 0.357845759950578 0.710261962376535 0.349384779576212 912.46439743042 912.46439743042 912.46439743042 912.46439743042
3.18536654114723 48.447822958231 0.554087265394628 0.848772207275033 4.32887227833271 0.606649488210678 2.33241913467646 2.8311446197331 61.9043934345245 14.8804146051407 6.49448008835316 0.995133906602859 14.8510550558567 10.9228445738554 12.2335131913424 15.0704039186239 28.9028455018997 30.5475967526436 44.9610815048218 58.5784466266632 59.7524225711823 110.593544363976 112.415609002113 1.29231033055112 1.16097836941481 1.21666183089837 24.3641305714846 1.04679089179263 0.909020545892417 0.903573723509908 0.451714258641005 0.463743928819895 0.468586334958673 0.945042695850134 912.46439743042 912.46439743042 912.46439743042 912.46439743042 912.46439743042 912.46439743042 912.46439743042 912.46439743042 912.46439743042 912.46439743042 912.46439743042 912.46439743042
0.302148645743728 44.7777133882046 1.46014339476824 0.836204877123237 0.938351741060615 6.31836710870266 61.9043934345245 61.9043934345245 61.9043934345245 61.9043934345245 42.385459125042 41.5785477757454 22.4545417129993 21.6106463372707 0.757856361567974 0.63754640892148 6.40279450267553 1.59702675975859 12.1962765008211 2.40149842016399 12.8695349097252 1.27716880850494 2.95492194965482 120.58928668499 2.24313503410667 25.1621814966202 0.960386767983437 1.08605819148943 0.938710065092891 0.46770410053432 0.421319890767336 0.912427289411426 912.46439743042 912.46439743042 912.46439743042 912.46439743042 912.46439743042 912.46439743042 912.46439743042 912.46439743042 912.46439743042 912.46439743042 912.46439743042 912.46439743042 912.46439743042 912.46439743042
0.834408244118094 44.7969320714474 43.9052801728249 43.9052801728249 7.04000701010227 0.401532373391092 61.9043934345245 61.9043934345245 61.9043934345245 61.9043934345245 0.676166886463761 3.42894914001226 0.827769760973752 6.63403248786926 13.433263912797 4.42458729445934 2.54698925092816 0.884226342663169 11.2625555545092 1.10951512958854 8.97443670779467 2.5722240023315 1.5152538754046 1.38051975239068 150.036312937737 166.406279921532 167.990134596825 170.687193155289 173.016018509865 0.938442872837186 912.46439743042 912.46439743042 912.46439743042 912.46439743042 912.46439743042 912.46439743042 912.46439743042 912.46439743042 912.46439743042 912.46439743042 912.46439743042 912.46439743042 912.46439743042 912.46439743042 912.46439743042 912.46439743042
43.9052801728249 43.9052801728249 43.9052801728249 43.9052801728249 43.9052801728249 0.110966350184754 0.207873494829983 0.558808371424675 61.9043934345245 61.9043934345245 1.72054439410567 0.799980283714831 4.47841065376997 0.697020811028779 8.43324880301952 3.27774101495743 0.531066969037056 1.79946693778038 10.0317781344056 8.4460968002677 1.16037112381309 6.71088445931673 1.24449014943093 1.29455039650202 11.5748633667827 0.724233570508659 3.72905430942774 0.660013277083635 912.46439743042 912.46439743042 912.46439743042 912.46439743042 912.46439743042 912.46439743042 912.46439743042 912.46439743042 912.46439743042 912.46439743042 912.46439743042 912.46439743042 912.46439743042 912.46439743042 912.46439743042 912.46439743042 912.46439743042 912.46439743042
43.9052801728249 43.9052801728249 43.9052801728249 43.9052801728249 43.9052801728249 0.137849826132879 69.221301317215 62.5697909593582 61.9043934345245 0.402678590733558 0.916391765698791 0.702629845589399 3.61420955136418 0.639738660305738 7.85757023096085 2.32773594930768 0.459262187592685 0.981802454218268 0.782170812599361 7.27865318208933 1.15382953826338 5.59092205390334 1.12524715065956 0.96365543268621 10.0859702453017 0.417453988455236 3.5503950342536 0.369179527275264 912.46439743042 912.46439743042 912.46439743042 912.46439743042 912.46439743042 912.46439743042 912.46439743042 912.46439743042 912.46439743042 912.46439743042 912.46439743042 912.46439743042 912.46439743042 912.46439743042 912.46439743042 912.46439743042 912.46439743042 912.46439743042
43.9052801728249 43.9052801728249 43.9052801728249 43.9052801728249 43.9052801728249 69.3694275617599 0.29409357951954 6.19571089744568 0.42404233943671 2.22668101079762 0.615374084329233 1.58071521483362 0.76295848377049 0.674124637618661 6.09310078620911 0.2980488082394 1.575419312343 0.420971537940204 1.30751008354127 3.59788264334202 1.18610653560609 2.15859975665808 1.15783570334315 1.03646156471223 9.34973883628845 0.33716819062829 2.05888729915023 0.394331699237227 912.46439743042 912.46439743042 912.46439743042 912.46439743042 912.46439743042 912.46439743042 912.46439743042 912.46439743042 912.46439743042 912.46439743042 912.46439743042 912.46439743042 912.46439743042 912.46439743042 912.46439743042 912.46439743042 912.46439743042 912.46439743042
43.9052801728249 43.9052801728249 43.9052801728249 43.9052801728249 43.9052801728249 0.367348425090313 0.126930899801664 5.10246886312962 0.926408098079264 0.379222344374284 0.941862524487078 0.277769832639024 0.773866976611316 1.90521348640323 2.0661565028131 1.38754440657794 0.441436663269997 0.375486929435283 0.538648026064038 1.17463065590709 1.21701806318015 1.06153998617083 0.967421139590442 3.25736733339727 6.47784876450896 1.09349619690329 0.881907340139151 0.402515335008502 0.652759526856244 1.09406986087561 912.46439743042 912.46439743042 912.46439743042 912.46439743042 912.46439743042 912.46439743042 912.46439743042 912.46439743042 912.46439743042 912.46439743042 912.46439743042 912.46439743042 912.46439743042 912.46439743042 912.46439743042 912.46439743042
43.9052801728249 43.9052801728249 43.9052801728249 43.9052801728249 43.9052801728249 0.0608253076206893 0.273646844550967 4.73352348059416 3.96135722100735 0.891102121211588 1.61297826096416 1.3664030469954 0.670639705844223 1.19092245586216 0.444896605797112 0.454025357961655 0.43504589702934 0.57172548212111 0.659280312247574 0.745779164135456 1.84220911003649 0.565882072318345 0.989726495929062 0.636646208353341 2.54556865245104 0.588501169811934 0.41470451746136 0.505533290095627 1.58296345546842 3.62300213426352 912.46439743042 912.46439743042 912.46439743042 912.46439743042 912.46439743042 912.46439743042 912.46439743042 912.46439743042 912.46439743042 912.46439743042 912.46439743042 912.46439743042 912.46439743042 912.46439743042 912.46439743042 912.46439743042
43.9052801728249 43.9052801728249 43.9052801728249 43.9052801728249 0.0880886252271011 0.765571963042021 0.541618130169809 1.5488490331918 0.727352045476437 1.32641266100109 2.94023198634386 2.31177989766002 0.799918270669878 0.586395433172584 0.662019225768745 1.22756526432931 0.548333672806621 1.09837388806045 1.35996368899941 7.63090755790472 2.41625613905489 1.36773845367134 0.916257024742663 0.979582970030606 0.95334749808535 0.355883907759562 0.180659703211859 912.46439743042 912.46439743042 912.46439743042 912.46439743042 912.46439743042 912.46439743042 912.46439743042 912.46439743042 912.46439743042 912.46439743042 912.46439743042 912.46439743042 912.46439743042 912.46439743042 912.46439743042 912.46439743042 912.46439743042 912.46439743042 912.46439743042
43.9052801728249 43.9052801728249 13.5705797970295 0.196392016950995 3.30856146663427 0.434196433983743 0.723050377331674 0.742631293833256 0.790717017836869 5.29907320439816 0.861938236281276 3.15128641203046 1.60761562921107 0.69772161450237 0.634583202190697 0.703192562796175 2.2342197932303 3.01304107904434 0.535586045123637 7.63090755790472 0.379095711745322 0.714825488626957 0.377229935955256 0.515046375803649 0.485657137352973 0.141727858455852 0.596224044449627 912.46439743042 912.46439743042 912.46439743042 912.46439743042 912.46439743042 912.46439743042 912.46439743042 912.46439743042 912.46439743042 912.46439743042 912.46439743042 912.46439743042 912.46439743042 912.46439743042 912.46439743042 912.46439743042 912.46439743042 912.46439743042 912.46439743042
43.9052801728249 43.9052801728249 13.4339981377125 11.9746344685555 0.341363194864243 2.66598378494382 0.676971290260553 0.578965233638883 1.34064791537821 6.16229073703289 0.801239483989775 16.3961600065231 19.9781490564346 21.4034503698349 22.6337968409061 24.0624014735222 34.3361605405807 5.82940532267094 45.4474884867668 45.4474884867668 47.4422516822815 1.22407105565071 48.4434347748756 0.75416236743331 0.286070734262466 0.743757260031998 912.46439743042 912.46439743042 912.46439743042 912.46439743042 912.46439743042 912.46439743042 912.46439743042 912.46439743042 912.46439743042 912.46439743042 912.46439743042 912.46439743042 912.46439743042 912.46439743042 912.46439743042 912.46439743042 912.46439743042 912.46439743042 912.46439743042 912.46439743042
0.213493941351771 7.32901700586081 1.07943862490356 11.6151992529631 0.450753228738904 0.605887151323259 0.542702201753855 2.943110242486 0.501559697091579 6.96526753157377 10.8822871595621 0.683289532549679 0.590397753752768 0.72384671214968 1.68556722067297 2.35514846816659 34.3361605405807 34.3361605405807 45.4474884867668 45.4474884867668 47.4422516822815 48.4434347748756 48.4434347748756 0.492663310840726 2.05127316713333 0.408084359019995 912.46439743042 912.46439743042 912.46439743042 912.46439743042 912.46439743042 912.46439743042 912.46439743042 912.46439743042 912.46439743042 912.46439743042 912.46439743042 912.46439743042 912.46439743042 912.46439743042 912.46439743042 912.46439743042 912.46439743042 912.46439743042 912.46439743042 912.46439743042
0.236317266244441 6.78089957684278 0.810314126312733 11.1396471560001 0.396345862653106 0.554960975423455 4.32998955249786 3.39117297530174 0.671515483409166 9.58328479528427 1.30864117667079 0.660297689028084 0.539561953395605 0.536989070475101 0.502160173840821 0.658327305689454 34.3361605405807 34.3361605405807 0.387871437706053 0.344768072012812 1.56908567994833 0.365287767257541 48.9600836038589 0.122623328818008 2.73504079133272 3.013661660254 912.46439743042 912.46439743042 912.46439743042 912.46439743042 912.46439743042 912.46439743042 912.46439743042 912.46439743042 912.46439743042 912.46439743042 912.46439743042 912.46439743042 912.46439743042 912.46439743042 912.46439743042 912.46439743042 912.46439743042 912.46439743042 912.46439743042 912.46439743042
0.301892769755796 6.55165612697601 0.607623666757718 0.668665857054293 10.3150958716869 5.38930873572826 5.03725703060627 0.679871900938451 0.559493486769497 0.725607868283987 0.846297670155764 0.477434300351888 1.21009046584368 0.488234496675432 0.493932055309415 1.05378580838442 0.90933228097856 0.444649848155677 0.518382670357823 0.74294176697731 1.24162665382028 0.456396800465882 0.303253823425621 49.1071183085442 54.3785760402679 54.6403144598007 912.46439743042 912.46439743042 912.46439743042 912.46439743042 912.46439743042 912.46439743042 912.46439743042 912.46439743042 912.46439743042 912.46439743042 912.46439743042 912.46439743042 912.46439743042 912.46439743042 912.46439743042 912.46439743042 912.46439743042 912.46439743042 912.46439743042 912.46439743042
