Model input/Uganda/discharge/discharge_nov_1.asc
NCOLS 67 
NROWS 67 
XLLCORNER 29.5000000014144 
YLLCORNER -1.49999999936061 
CELLSIZE 0.0833333332926796 
NODATA_value -9999 
[rows 0 to 19 of 67, columns 0 to 45 of 67]
-9999.000000000000000 -9999 -9999 -9999 -9999 -9999 -9999 -9999 -9999 -9999 -9999 -9999 -9999 -9999 -9999 -9999 -9999 -9999 -9999 -9999 -9999 -9999 -9999 -9999 -9999 -9999 -9999 -9999 -9999 -9999 -9999 0.429366998374462 0.42610214650631 -9999 -9999 -9999 -9999 -9999 -9999 -9999 -9999 -9999 -9999 -9999 -9999 -9999
-9999 -9999 -9999 -9999 -9999 -9999 -9999 -9999 -9999 -9999 -9999 -9999 -9999 -9999 -9999 -9999 -9999 -9999 -9999 -9999 -9999 -9999 -9999 -9999 -9999 -9999 -9999 -9999 -9999 0.452123060822487 0.812534783035517 0.390040901023895 1.22545059211552 0.401783089153469 0.412321277428418 0.404437819961458 0.686656870879233 0.604597236961126 0.316282362211496 0.372676308266819 -9999 -9999 -9999 -9999 -9999 -9999
-9999 -9999 -9999 -9999 -9999 -9999 -9999 -9999 -9999 -9999 -9999 -9999 -9999 -9999 -9999 -9999 -9999 -9999 -9999 -9999 -9999 -9999 -9999 -9999 -9999 -9999 -9999 -9999 -9999 1.90394414961338 0.323257869109511 1.57386979088187 11.7020053267479 10.5346860289574 0.384446527343243 8.07972909510136 6.86154565960169 5.09166964143515 2.4478711374104 1.35993051528931 0.382183310575783 0.531554675661027 0.490994969382882 -9999 -9999 -9999
-9999 -9999 -9999 -9999 -9999 -9999 -9999 -9999 -9999 -9999 -9999 -9999 -9999 -9999 -9999 -9999 -9999 -9999 -9999 -9999 -9999 -9999 -9999 -9999 -9999 0.476345974951982 -9999 -9999 -9999 2.18362518027425 0.292434899602085 13.9961767047644 0.383543811738491 0.378598628565669 9.79586583375931 0.904880870133638 0.506722442805767 0.524501780979335 1.39490455202758 0.685539085417986 0.522097770124674 0.579393281601369 1.36189702153206 -9999 -9999 -9999
-9999 -9999 -9999 -9999 -9999 -9999 -9999 -9999 -9999 -9999 -9999 -9999 -9999 -9999 -9999 -9999 -9999 -9999 -9999 -9999 -9999 -9999 0.664896924514323 -9999 -9999 0.913907373324037 -9999 -9999 -9999 1838.76697921753 169.992871999741 152.977771759033 1.89366595819592 1.31772836484015 0.660370234400034 0.407593282870948 0.510821521282196 1.31947668083012 0.850350868888199 0.427525596227497 1.48732041381299 0.357346954755485 2.09676239639521 0.369606119114906 -9999 -9999
-9999 -9999 -9999 -9999 -9999 -9999 -9999 -9999 -9999 -9999 -9999 -9999 -9999 -9999 -9999 -9999 -9999 -9999 -9999 -9999 -9999 1.24051838647574 1.68073483556509 0.923064978793263 1.34891138225794 0.358826279640198 1630.03842544556 1630.03842544556 1668.48340988159 1668.48340988159 0.2931011042092 150.468707561493 13.9089626520872 12.3644728809595 0.630032306537032 3.1571147814393 2.57635059207678 0.73801311571151 0.462838963139802 0.439435073640198 0.430692004039884 2.21194147318602 2.76597537100315 0.383742685429752 -9999 -9999
-9999 -9999 -9999 -9999 -9999 -9999 -9999 -9999 -9999 -9999 -9999 -9999 -9999 -9999 -9999 -9999 -9999 -9999 -9999 0.852436855435371 6.23954323679209 7.49521838128567 11.3960693478584 13.1993605643511 2.54664666205645 0.168652831809595 1630.03842544556 1630.03842544556 1668.48340988159 1668.48340988159 34.3747347593307 0.331957757938653 136.001955747604 1.1488040080294 11.6912514865398 5.57273707538843 4.88329542428255 2.53754764795303 0.496916936244816 0.942323273979127 1.38377992808819 3.22343731299043 6.44064809381962 0.29732005065307 -9999 -9999
-9999 -9999 -9999 -9999 -9999 -9999 -9999 -9999 -9999 -9999 -9999 -9999 -9999 -9999 -9999 -9999 -9999 1.58852354064584 2.50704728811979 4.15044172480702 0.66933966986835 1.22311226185411 0.960115348454565 13.422689691186 0.201584865426412 3.22770953550935 1629.58833122253 0.505097858607769 1.70838117226958 2.29287059232593 17.3086436241865 16.2127793133259 135.345685005188 0.426662304438651 0.764437038451433 1.61637077108026 1.52791915275156 0.770258906297386 0.490403821691871 0.460320911370218 2.2666972912848 0.395992662757635 7.59638477861881 0.344048593658954 0.311296987812966 -9999
-9999 -9999 -9999 -9999 -9999 -9999 -9999 -9999 -9999 -9999 -9999 -9999 -9999 -9999 -9999 -9999 -9999 1.61652630008757 0.875275639817119 0.756985924206674 0.719947879202664 1.83883224055171 2.13788888789713 17.4353775978088 18.2608662992716 1626.19729423523 0.61750450078398 0.60439180303365 1.19508930854499 1.89109094999731 16.6244049072266 15.4876978397369 0.767737130634487 134.340919494629 1.32482901308686 0.844270533882082 0.844354224391282 0.829045042395592 0.990204910747707 0.459266791120172 0.441129714250565 30.8871533274651 0.389981323853135 1.02098801545799 0.344744134694338 0.318539028521627
-9999 -9999 -9999 -9999 -9999 -9999 -9999 -9999 -9999 -9999 -9999 -9999 -9999 -9999 -9999 -9999 -9999 2.73018531873822 3.59134348854423 5.99679133296013 1.31323974207044 2.3949248958379 2.03773091174662 0.23665941879517 1604.30410385132 0.89248374523595 2.50176209397614 0.456383071374148 1.28847788646817 5.62078303098679 14.0373873412609 0.781903062947094 13.9793498814106 133.726213932037 131.766840934753 0.506576173938811 0.882008276879787 3.5257471986115 0.823907291516662 1.07773480005562 33.4178790450096 31.3558846712112 19.6608226895332 1.54606007784605 0.382342996075749 12.7390569299459
-9999 -9999 -9999 -9999 -9999 -9999 -9999 -9999 -9999 -9999 -9999 -9999 -9999 -9999 -9999 -9999 1.06100750248879 2.07992991618812 8.22947324067354 14.9597227424383 18.7475745975971 19.0506888329983 23.0427196919918 2.5582055170089 1603.95358085632 5.78596591949463 0.802193940617144 0.793968450278044 1.83104703575373 3.05183360725641 6.78889060765505 0.855717685073614 12.3552834689617 1.03360557742417 0.547517533414066 130.639558076859 4.01750985905528 0.844277821481228 38.8950750827789 38.1910774111748 0.969593908637762 0.476007011719048 0.441605725325644 17.1024205982685 14.4981571733952 0.395537259057164
-9999 -9999 -9999 -9999 -9999 -9999 -9999 -9999 -9999 -9999 -9999 -9999 -9999 -9999 -9999 -9999 0.976870661601424 5.30157310515642 0.820461609400809 1.48039525747299 1.12103089503944 0.458163712639362 0.273347766749794 1594.45690536499 1.26232217717916 4.89617604017258 3.91338714957237 0.901222608052194 0.960364274680614 2.22896958701313 4.96590745449066 5.96396990865469 10.4102102816105 1.06540365796536 1.09825940709561 78.2846558094025 46.1882510781288 45.6412292718887 5.42217329889536 0.544361426495016 2.44081719592214 1.89409757405519 0.42338193487376 2.03701967746019 0.414203609339893 0.418987892568111
-9999 -9999 -9999 -9999 -9999 -9999 -9999 -9999 -9999 -9999 -9999 -9999 -9999 -9999 -9999 0.757389821112156 3.12060371413827 1.04259124398232 1.80450665578246 4.8082511946559 0.461529668653384 0.935988891404122 1570.76293945312 1570.76293945312 1.01846603490412 1.05726359877735 1.02706178370863 1.02528358157724 1.00351742655039 1.665771311149 1.24933318421245 2.75185061991215 7.73596692830324 0.59160144533962 0.698786957189441 2.75846334919333 73.8001313209534 0.50795179605484 0.99988697655499 3.70780389010906 0.540454449132085 0.972660377621651 0.457413933239877 1.27164806425571 0.35397706925869 0.250446785241365
-9999 -9999 -9999 -9999 -9999 -9999 -9999 -9999 -9999 -9999 -9999 -9999 -9999 -9999 -9999 -9999 1.19532398320735 1.08085312135518 1.85086907818913 1.13378406129777 5.14691904187202 0.370391519303666 1570.76293945312 1570.76293945312 2.18558211624622 1.13541248161346 2.33689457736909 1.16397583298385 1.19989333488047 0.606159828603268 0.666078951209784 1.62747589126229 7.16391160339117 2.55855855718255 0.685070284642279 0.748304504901171 73.1657013893127 0.545676521956921 0.588434881530702 3.15073734521866 0.9547786321491 0.522659056819975 0.489492579363286 0.894883189350367 0.372808029875159 1.53228256478906
-9999 -9999 -9999 -9999 -9999 -9999 -9999 -9999 -9999 -9999 -9999 -9999 -9999 -9999 -9999 -9999 -9999 1.00149565562606 2.29195074737072 3.81651233881712 4.17312108725309 10.4656432271004 1560.55462837219 3.22241347655654 2.22047103568912 3.44215556979179 1.11570298485458 3.10997397452593 0.71394582465291 0.721869841217995 0.754525634460151 0.834523930214345 3.9113423153758 1.74254448711872 0.877860768698156 0.794690804556012 3.6728680729866 68.0752665996552 0.65466876886785 0.586896483786404 23.4980180561543 0.533626495860517 1.39541601017118 0.7255026884377 17.7808302938938 1.63077728077769
-9999 -9999 -9999 -9999 -9999 -9999 -9999 -9999 -9999 -9999 -9999 -9999 -9999 -9999 -9999 -9999 1.37940465286374 2.26222962886095 0.856150167994201 1.86982503719628 2.34177446179092 2.68586545437574 1546.73784637451 0.864728744141757 12.0369632989168 10.8700367361307 5.28194785863161 1.09419269859791 0.572918347083032 2.05790865048766 2.06194233894348 0.687443389557302 0.839634958654642 2.32519415393472 1.21866183169186 1.61929119378328 2.25430519506335 2.0689148530364 64.4756406545639 25.7151395082474 1.61041923984885 22.9843634963036 20.3657185733318 19.2110357284546 0.682780040428042 15.1893264949322
-9999 -9999 -9999 -9999 -9999 -9999 -9999 -9999 -9999 -9999 -9999 -9999 -9999 -9999 -9999 -9999 1.26381913945079 6.0974089205265 9.19217491149902 0.880573021247983 19.8336088359356 25.1737158894539 25.2625617682934 1546.71586036682 0.829789763316512 0.983624342828989 1.01192829106003 1.04753234051168 5.7975452914834 4.68180862814188 0.618936353363097 0.648487647995353 1.14732995256782 0.931036805734038 1.74909222498536 0.816252781078219 0.747530503198504 0.602607993409038 2.96029817685485 35.1300739049911 0.495496401097625 0.880397191271186 0.40889593726024 0.373238100670278 0.373356037307531 0.696085878647864
-9999 -9999 -9999 -9999 -9999 -9999 -9999 -9999 -9999 -9999 -9999 -9999 -9999 -9999 -9999 1.11059051565826 4.00358188897371 0.75577402766794 8.59042581915855 18.5536836385727 5.08875485137105 0.463021731004119 0.551524065900594 1507.83235740662 14.5547172129154 11.8730466514826 9.96406312286854 7.95696702599525 6.94598996639252 0.527094279415905 1.3519569542259 0.758007536642253 0.67104319203645 4.38309541344643 0.66997485794127 1.44477070122957 0.631371731869876 1.74443911761045 2.31297629326582 34.5067228674889 33.9539451003075 0.406280565075576 0.398454464972019 0.411038936581463 0.716660710982978 0.355545998550951
-9999 -9999 -9999 -9999 -9999 -9999 -9999 -9999 -9999 -9999 -9999 -9999 -9999 -9999 -9999 0.76730949152261 2.8657438904047 0.730047595687211 6.44029062241316 1.27921719476581 4.68024765700102 0.482101609930396 1.56180391460657 1507.62631225586 0.894843930378556 0.835492168553174 0.91608015075326 1.47986306995153 0.490595819428563 0.518009724095464 2.69241158664227 0.712675172835588 0.766076436266303 1.5287646446377 7.16900376975536 0.632896286435425 0.704231767915189 0.582739064469934 0.555099150165915 1.14082013070583 3.33163876831532 29.1572036743164 0.355672007892281 1.97588378936052 1.15068980120122 0.340214755851775
-9999 -9999 -9999 -9999 -9999 -9999 -9999 -9999 -9999 -9999 -9999 -9999 -9999 -9999 -9999 0.651697660796344 3.31209580600262 5.89343030005693 0.602397088892758 2.41090871021152 0.467322119511664 0.401468113763258 0.536381463054568 0.68197927204892 1491.17366981506 0.823554726783186 4.09287578985095 0.874311666935682 0.493428675923496 7.1432428508997 3.41706551611423 2.33793072402477 1.04915875568986 2.40155571326613 10.4786359518766 1.57911226339638 1.62642439082265 1.08247625827789 0.527290775440633 0.523226368241012 1.40377416647971 0.797138158231974 27.781541287899 21.9706549048424 1.10635165497661 0.351486869156361
