Model input/Uganda/discharge/discharge_jun_1.asc
NCOLS 67 
NROWS 67 
XLLCORNER 29.5000000014144 
YLLCORNER -1.49999999936061 
CELLSIZE 0.0833333332926796 
NODATA_value -9999 
[rows 20 to 39 of 67, columns 0 to 44 of 67]
-9999 -9999 -9999 -9999 -9999 -9999 -9999 -9999 -9999 -9999 -9999 -9999 -9999 -9999 -9999 1.48703970201313 0.5627630520612 0.6372732501477 1.00317811593413 0.459299494512379 0.309307009447366 0.588963283225894 1.41652275063097 2.12246508675526 3.7141640484333 3.10374311357737 0.471012408379465 0.967901211231947 1556.30469512939 7.67237789928913 0.471344146877527 0.503935361281037 0.937249196693301 0.937673645094037 17.4737059772015 16.7081364989281 2.92604941129684 0.937837326899171 0.48240879457444 0.709345579147339 0.851686583831906 0.867541743442416 1.21720798313618 1.42180921882391 18.7055514454842
-9999 -9999 -9999 -9999 -9999 -9999 -9999 -9999 -9999 -9999 -9999 -9999 -9999 -9999 -9999 0.48767742421478 0.540693913586438 0.510506494902074 0.354065463878214 0.490392306819558 0.856993922963738 0.359870929270983 1.85855244286358 0.34656748152338 1561.90919494629 1562.08817863464 1561.52483940125 1557.36933517456 0.719883912242949 1548.51328659058 1548.31447792053 0.635250197723508 1.69231355190277 0.838865853846073 19.7110003530979 0.486712696030736 0.911238776519895 7.9036411345005 5.34406129270792 4.07381130754948 2.5657984726131 0.533892496488988 0.480260260403156 0.739691033959389 0.68873986043036
-9999 -9999 -9999 -9999 -9999 -9999 -9999 -9999 -9999 -9999 -9999 -9999 -9999 -9999 -9999 -9999 0.513624310493469 0.979212217032909 0.697410895489156 0.328420776408166 1331.6955280304 1331.6955280304 1331.6955280304 1561.83966636658 0.442595619475469 0.458082782570273 0.473332511493936 3.02793982252479 2.38652140647173 1.64953983575106 1.10627625696361 1546.07848930359 1545.61088752747 1542.64163017273 0.769240766763687 0.897507794201374 10.3910824358463 0.859708730131388 1.75077673047781 0.882927317172289 0.746537323109806 0.531101104803383 0.46910298615694 0.446502100676298 0.653332989662886
-9999 -9999 -9999 -9999 -9999 -9999 -9999 -9999 -9999 -9999 -9999 -9999 -9999 -9999 -9999 -9999 -9999 0.568719882518053 1331.6955280304 1331.6955280304 1331.6955280304 1331.6955280304 1331.6955280304 1.3038395838812 0.907812577672303 1.99535722425207 1.01511104218662 2.37945549190044 0.728839526884258 0.822405788116157 0.644225459545851 0.660971550270915 2.6533835940063 1521.25569915771 0.723188211210072 1.65601871162653 13.5525636970997 1.67130432277918 0.844297140836716 0.77009130641818 0.518843609839678 0.488443237729371 1.28641653247178 2.54953951761127 0.705253980122507
-9999 -9999 -9999 -9999 -9999 -9999 -9999 -9999 -9999 -9999 -9999 -9999 -9999 -9999 -9999 0.386022332124412 0.300528198014945 1331.6955280304 1331.6955280304 1331.6955280304 1331.6955280304 1331.6955280304 1331.6955280304 1331.6955280304 12.5513371378183 8.84789147228003 7.63737787306309 1.3726102411747 1.09950265660882 0.37010304024443 0.620267616584897 0.644987368024886 0.66230012755841 3.36536304652691 1519.66300392151 13.9706527888775 0.7539898827672 0.644052882678807 0.679739556275308 3.0528605543077 1.48117616027594 0.48765158560127 6.23001878708601 3.09937829524279 0.52570150885731
-9999 -9999 -9999 -9999 -9999 -9999 -9999 -9999 -9999 -9999 -9999 -9999 -9999 -9999 -9999 0.631221966817975 1331.6955280304 1331.6955280304 1331.6955280304 1331.6955280304 1331.6955280304 1331.6955280304 1331.6955280304 1331.6955280304 1.22036246722564 0.656303868745454 0.681285360828042 3.31242871657014 0.674984539858997 1.20412942394614 0.61247490812093 0.627180458046496 0.653786029666662 1500.43516731262 8.88799877464771 7.10435800254345 6.38303446024656 5.16630147397518 3.88773303478956 1.00674130022526 1.03757016919553 0.532983741723001 8.56516481935978 1.37419013306499 0.514938716776669
-9999 -9999 -9999 -9999 -9999 -9999 -9999 -9999 -9999 -9999 -9999 -9999 -9999 -9999 -9999 1331.6955280304 1331.6955280304 1331.6955280304 1331.6955280304 1331.6955280304 1331.6955280304 1331.6955280304 1331.6955280304 0.880599969532341 4.53902614116669 0.725820877589285 0.743455017916858 2.59037614241242 0.543510278686881 2.91469829902053 1.1463206615299 1.21814887225628 0.636661125347018 1490.14894485474 1490.42319297791 1.44078766927123 0.745395891368389 0.611834739334881 0.642217393033206 2.14548673480749 1.78982314653695 12.9280252307653 0.599391404539347 2.31237817555666 1.31502270326018
-9999 -9999 -9999 -9999 -9999 -9999 -9999 -9999 -9999 -9999 -9999 -9999 -9999 -9999 -9999 1331.6955280304 1331.6955280304 1331.6955280304 1331.6955280304 1331.6955280304 1331.6955280304 1331.6955280304 1331.6955280304 0.336847029393539 2.66663854941726 0.729809050448239 0.611568221822381 0.576381116174161 0.59980343747884 0.56927798781544 4.67938563972712 1489.52655601501 1489.52655601501 1489.52655601501 0.572350788861513 0.600647012703121 0.76045869383961 2.15735347568989 3.8445765003562 25.4244206249714 21.905267983675 7.02201755344868 0.688733860850334 2.92082544416189 1334.53354072571
-9999 -9999 -9999 -9999 -9999 -9999 -9999 -9999 -9999 -9999 -9999 -9999 -9999 -9999 1331.6955280304 1331.6955280304 1331.6955280304 1331.6955280304 1331.6955280304 1331.6955280304 1331.6955280304 1331.6955280304 2.95045967400074 1.86708681471646 2.27650808170438 1.75118469819427 0.584013527259231 2.40516578406096 0.560124488547444 0.463123097084463 1.01430991664529 1489.52655601501 1489.52655601501 1489.52655601501 37.5725291371346 1.18156454525888 0.585582592524588 0.968486892990768 31.163579761982 0.787797990255058 0.743584237992764 4.99501067399979 4.06813109666109 0.558884571306407 1334.53354072571
-9999 -9999 -9999 -9999 -9999 -9999 -9999 -9999 -9999 -9999 -9999 1331.6955280304 1331.6955280304 1331.6955280304 1331.6955280304 1331.6955280304 1331.6955280304 1331.6955280304 1331.6955280304 1331.6955280304 1331.6955280304 0.714152555912733 0.705986488610506 0.565182019025087 0.617255916818976 1.1952604521066 0.594076653942466 2.9464143589139 0.497206756845117 0.32088540494442 1.14026997797191 1489.52655601501 1489.52655601501 1489.52655601501 1334.53354072571 35.1329212784767 33.8449253439903 33.0001202225685 1334.53354072571 1334.53354072571 1334.53354072571 1334.53354072571 1334.53354072571 1334.53354072571 1334.53354072571
-9999 -9999 -9999 -9999 -9999 -9999 -9999 -9999 -9999 -9999 1.01554966717958 1331.6955280304 1331.6955280304 1331.6955280304 1331.6955280304 1331.6955280304 1331.6955280304 1331.6955280304 1331.6955280304 1331.6955280304 0.971786510199308 0.487156806979328 0.517719481140375 1.08222516998649 0.614865613169968 0.540081894025207 1.32024517841637 4.85055706650019 0.994894292205572 0.181567206745967 102.306675672531 1.67469304054976 0.597285873256624 2.16459623351693 1334.53354072571 1334.53354072571 1334.53354072571 1334.53354072571 1334.53354072571 1334.53354072571 1334.53354072571 1334.53354072571 1334.53354072571 1334.53354072571 1334.53354072571
-9999 -9999 -9999 -9999 -9999 -9999 -9999 -9999 -9999 -9999 1331.6955280304 1331.6955280304 1331.6955280304 1331.6955280304 1331.6955280304 1331.6955280304 1331.6955280304 1331.6955280304 0.440897164400667 4.10270833969116 0.533845024183393 0.536967533640563 0.640303601510823 0.618329119868577 3.08763314783573 1.32953412644565 6.14218418300152 5.42580416053534 78.7362751960754 101.331741452217 20.9386485815048 0.691766628995538 0.698348741978407 0.669328555464745 1.80605812370777 1.10954891331494 1334.53354072571 1334.53354072571 1334.53354072571 1334.53354072571 1334.53354072571 1334.53354072571 1334.53354072571 1334.53354072571 1334.53354072571
-9999 -9999 -9999 -9999 -9999 -9999 -9999 -9999 -9999 0.876667002215981 1331.6955280304 1331.6955280304 1331.6955280304 1331.6955280304 1331.6955280304 1331.6955280304 1331.6955280304 1.82117372751236 0.55227374099195 3.56738292425871 2.21489148214459 1.1679779086262 0.542240622453392 0.621790213510394 27.7795305252075 30.23149985075 6.83643728494644 76.999386548996 0.448880818672478 0.421572822611779 0.537201699800789 19.2467343211174 0.774095921777189 0.819943843409419 0.745538232848048 0.703038087114692 1334.53354072571 1334.53354072571 1334.53354072571 0.595359971281141 1334.53354072571 1334.53354072571 1334.53354072571 1334.53354072571 1334.53354072571
-9999 -9999 -9999 -9999 -9999 -9999 -9999 -9999 -9999 0.818938186392188 1331.6955280304 1331.6955280304 1331.6955280304 1331.6955280304 1331.6955280304 1331.6955280304 0.636479699984193 1.07488297298551 0.358611065428704 0.368061128072441 0.417980821803212 0.357642812654376 20.6222942173481 24.0205712914467 1.94749229215086 0.472537323366851 39.0430326461792 0.42860461352393 36.5490936040878 5.66322410106659 0.758215942420065 0.513909130357206 18.7427591979504 1.57399295456707 0.813052050769329 0.658151782117784 5.66704098135233 0.682544762268662 0.474014798179269 27.6834982037544 1334.53354072571 1334.53354072571 0.00665908065481569 1334.53354072571 1334.53354072571
-9999 -9999 -9999 -9999 -9999 -9999 1.18855390883982 1.9981485158205 0.930701516568661 0.398870980367064 63.4041287899017 1331.6955280304 1331.6955280304 1331.6955280304 1331.6955280304 0.651037584990263 0.666291975416243 0.47063413541764 0.491686689667404 0.344877695664763 4.09532597661018 17.8235435783863 0.749937346205115 0.475378603674471 0.448649549391121 1.18801547959447 1.37624670192599 0.645067878067493 29.1899413466454 0.695686532184482 4.48209148645401 0.66801506280899 2.00444311276078 13.3632202148438 0.630818417295814 0.723880977369845 1.33098944462836 2.96425846964121 0.721055662259459 27.6834982037544 0.847058273851871 1208.0318069458 7.10784806311131 0.891850421205163 1334.53354072571
-9999 -9999 -9999 -9999 -9999 -9999 2.22701999545097 2.88948131352663 0.436729053966701 62.8396007418633 0.356924092397094 1331.6955280304 1331.6955280304 1331.6955280304 1331.6955280304 12.7059877216816 10.8557367026806 9.64786803722382 7.52409341931343 6.50556067377329 2.73233957588673 0.490556270815432 13.2105049490929 10.9266375303268 0.427737511694431 0.459958567284048 0.668601462617517 2.34693773463368 26.0640677809715 0.332054181490093 3.40547037869692 0.658287747763097 1.27099286951125 0.629675085656345 11.1663503348827 0.692630049772561 0.697381362318993 2.27312062680721 0.856522491201758 25.5723563432693 0.969923110678792 1195.26205253601 1.82141513004899 5.49326916784048 0.783436514437199
-9999 -9999 -9999 -9999 -9999 0.522846373729408 0.79125639423728 2.64527872204781 61.8163694143295 0.190187137108296 0.147584407124668 1331.6955280304 1331.6955280304 1331.6955280304 0.621875683777034 2.34399941191077 0.389888475183398 0.959486285224557 0.818387071602046 5.92646157741547 0.362689901143312 2.03015630319715 1.45831893570721 9.67401815950871 0.706323403865099 0.474417441524565 0.430029745679349 1.25621164217591 2.00518618524075 23.757751584053 0.778014561161399 1.75078316405416 0.63598870486021 0.636349765583873 6.15696854144335 3.8135347738862 0.676729863509536 0.812329152598977 1.71109844371676 24.0441733598709 0.953374924138188 1192.68093109131 0.90736423805356 3.80286610871553 0.750636152923107
-9999 -9999 0.200120866764337 0.785566164180636 0.415539864450693 0.264513206202537 0.248276455327868 1.25912438333035 55.511656165123 0.133179553318769 2.14313416928053 2.27514899522066 26.1099846959114 0.537032665684819 0.662436912767589 1.2912677899003 0.606047649867833 0.475173071958125 0.360027754679322 5.55986575782299 0.274570358917117 1.43986692465842 0.598731411620975 2.39053102955222 8.11624260246754 1.0032544285059 0.524349357001483 0.490199987776577 1.7193295545876 23.285297036171 20.5708761513233 0.437163268215954 0.673006048426032 0.697103152982891 5.0852110683918 0.438660180196166 1.95526199415326 0.771351344883442 1.08596087247133 19.678612858057 0.961269663646817 1189.15472412109 0.845948997884989 0.830939210951328 1.36550934053957
-9999 0.558403426781297 1.98671142756939 0.496191429905593 0.126020765630528 0.415034331381321 52.855829834938 53.6801401972771 0.17707809433341 0.117957429378293 1.96254937723279 0.575997456908226 3.66163691133261 21.3691510856152 17.7567300796509 0.691668533720076 1.10238480009139 0.472110414877534 1.5894881747663 3.41335187107325 0.951492864638567 0.523101870901883 0.554309288039804 1.73095037415624 0.383843525778502 3.54209686070681 0.32048305682838 0.253854603040963 0.73695520684123 0.680746227502823 2.19803221896291 20.1288379430771 2.05390721186996 0.467284098267555 4.64050000160933 0.533017403446138 1.42805477976799 0.673981908708811 0.960531752556562 17.5574051439762 0.558999123983085 1185.20994377136 0.765540612861514 0.741102520376444 0.395569900982082
-9999 0.492787739261985 0.833243696019053 48.8365731239319 49.3076022863388 51.7718002796173 0.433534311596304 0.681614282540977 0.732453549280763 1.72463956475258 0.587618977762759 2.26231562718749 0.805818643420935 2.88703290373087 0.7125697825104 15.6045430600643 8.14602887630463 0.459753319621086 0.611866096965969 0.489886209368706 2.07608075067401 0.522419856861234 0.512706083245575 1.34538407996297 0.380734406877309 2.9523170478642 2.34922202304006 1.49927020631731 0.271592286881059 0.267737441696227 1.17997335456312 0.623347456566989 16.899964004755 0.465806712396443 0.519146178849041 3.63888077437878 0.57151587959379 0.503943713381886 8.12288853526115 8.88297611474991 0.538618435151875 0.573156774044037 1182.85158348083 6.69745419919491 0.670612340793014
