Model input/Uganda/discharge/discharge_jan_1.asc
NCOLS 67 
NROWS 67 
XLLCORNER 29.5000000014144 
YLLCORNER -1.49999999936061 
CELLSIZE 0.0833333332926796 
NODATA_value -9999 
[rows 0 to 19 of 67, columns 0 to 44 of 67]
-9999.000000000000000 -9999 -9999 -9999 -9999 -9999 -9999 -9999 -9999 -9999 -9999 -9999 -9999 -9999 -9999 -9999 -9999 -9999 -9999 -9999 -9999 -9999 -9999 -9999 -9999 -9999 -9999 -9999 -9999 -9999 -9999 0.398282506503165 0.395965123549104 -9999 -9999 -9999 -9999 -9999 -9999 -9999 -9999 -9999 -9999 -9999 -9999
-9999 -9999 -9999 -9999 -9999 -9999 -9999 -9999 -9999 -9999 -9999 -9999 -9999 -9999 -9999 -9999 -9999 -9999 -9999 -9999 -9999 -9999 -9999 -9999 -9999 -9999 -9999 -9999 -9999 0.411001156084239 0.74439082108438 0.358286060392857 1.11540112830698 0.3564512161538 0.37283066380769 0.354776924941689 0.582843692973256 0.510189269669354 0.298256680369377 0.353422683198005 -9999 -9999 -9999 -9999 -9999
-9999 -9999 -9999 -9999 -9999 -9999 -9999 -9999 -9999 -9999 -9999 -9999 -9999 -9999 -9999 -9999 -9999 -9999 -9999 -9999 -9999 -9999 -9999 -9999 -9999 -9999 -9999 -9999 -9999 1.69129856303334 0.293666681274772 1.41569524817169 10.1163012832403 9.09422318637371 0.329412925988436 6.95952752232552 5.88920434564352 4.38302909582853 2.15593235194683 1.21747230738401 0.34541689325124 0.498517193831503 0.391226987354457 -9999 -9999
-9999 -9999 -9999 -9999 -9999 -9999 -9999 -9999 -9999 -9999 -9999 -9999 -9999 -9999 -9999 -9999 -9999 -9999 -9999 -9999 -9999 -9999 -9999 -9999 -9999 0.326970665715635 -9999 -9999 -9999 1.86308129504323 0.253802681807429 12.1556345075369 0.333679489791393 0.333117091562599 8.45663601160049 0.789215405471623 0.442400572355837 0.44908251054585 1.17385979369283 0.566006742417812 0.46936000417918 0.4751668991521 1.115617364645 -9999 -9999
-9999 -9999 -9999 -9999 -9999 -9999 -9999 -9999 -9999 -9999 -9999 -9999 -9999 -9999 -9999 -9999 -9999 -9999 -9999 -9999 -9999 -9999 0.547708318568766 -9999 -9999 0.617765278555453 -9999 -9999 -9999 1654.22885894775 135.05255150795 120.531339168549 1.65376606583595 1.15114290639758 0.575836922973394 0.359934438485652 0.421598609536886 0.869060605764389 0.551421529613435 0.262906842399389 1.1960160639137 0.23491565650329 1.66679713129997 0.331502598244697 -9999
-9999 -9999 -9999 -9999 -9999 -9999 -9999 -9999 -9999 -9999 -9999 -9999 -9999 -9999 -9999 -9999 -9999 -9999 -9999 -9999 -9999 0.878390836529434 1.07893851399422 0.461322058923542 0.905770037323236 0.207944810390472 1492.53451538086 1492.53451538086 1516.7433757782 1516.7433757782 0.149539264384657 118.506613016129 8.35479255020618 7.53469477593899 0.524323118850589 2.11734823137522 1.7153298035264 0.410247136838734 0.279243952129036 0.297882482875139 0.348938320763409 1.69064018502831 2.18253283202648 0.340863513760269 -9999
-9999 -9999 -9999 -9999 -9999 -9999 -9999 -9999 -9999 -9999 -9999 -9999 -9999 -9999 -9999 -9999 -9999 -9999 -9999 0.612634959165007 4.6369574368 5.45345288515091 7.87025987356901 8.7399819418788 1.536462103948 0.140094601316378 1492.53451538086 1492.53451538086 1516.7433757782 1516.7433757782 21.2802854776382 0.176085362909362 109.901117324829 0.59501697588712 7.0129002481699 3.14900676161051 2.77754874154925 1.49376061558723 0.339436146896333 0.702735486440361 1.08339783363044 2.5412220209837 5.12817238271236 0.252192093059421 -9999
-9999 -9999 -9999 -9999 -9999 -9999 -9999 -9999 -9999 -9999 -9999 -9999 -9999 -9999 -9999 -9999 -9999 1.2630370054394 1.91253533773124 3.11862418055534 0.536063292063773 0.84938842151314 0.443122908938676 8.87357363849878 0.0636577284360555 1.83151149004698 1491.64101600647 0.380318357609212 1.00887015648186 1.31045941449702 10.041649222374 10.8010185807943 109.591422557831 0.219348290003836 0.387372032739222 0.860706798732281 0.842955546453595 0.429793654941022 0.360088082496077 0.381361906416714 1.84400533139706 0.375749303027987 6.11892870813608 0.288351442664862 0.265724057797343
-9999 -9999 -9999 -9999 -9999 -9999 -9999 -9999 -9999 -9999 -9999 -9999 -9999 -9999 -9999 -9999 -9999 1.27613778412342 0.685992766171694 0.597009972669184 0.588141719810665 1.44749706797302 1.30122410319746 11.0563724637032 11.1633194684982 1486.059633255 0.33207927364856 0.318978894501925 0.636090263724327 0.979519359767437 9.73268766701221 10.4537025988102 0.386144548188895 109.099081516266 0.682646775618196 0.437321947421879 0.451267373748124 0.442488300614059 0.740526695735753 0.382135608233511 0.409635349176824 26.4883216023445 0.3596480647102 0.866560574620962 0.297190223354846
-9999 -9999 -9999 -9999 -9999 -9999 -9999 -9999 -9999 -9999 -9999 -9999 -9999 -9999 -9999 -9999 -9999 2.14448094367981 2.82517573237419 4.72391410171986 1.01044161617756 1.64681543782353 1.53815500810742 0.0244320863392167 1467.14324569702 0.446219453588128 1.2556791510433 0.229371772147715 0.665160052478313 3.07147254049778 8.41220815479755 0.389024548698217 9.69917011260986 108.810281991959 107.818074226379 0.25975935626775 0.445912038441747 2.26238085702062 0.626822388730943 0.948258863762021 28.7468960881233 26.9057838916779 17.2293812930584 1.36265101470053 0.377345025539398
-9999 -9999 -9999 -9999 -9999 -9999 -9999 -9999 -9999 -9999 -9999 -9999 -9999 -9999 -9999 -9999 0.780461291782558 1.57662918791175 6.26676149666309 11.4209458827972 13.5668167024851 13.7486360967159 16.0190011113882 1.5958721190691 1462.2457447052 2.93224389851093 0.420322136953473 0.41636981908232 0.919920502230525 1.78467645682395 4.53948887437582 0.426070922520012 8.89480711519718 0.771607810631394 0.296021575108171 107.247025251389 2.52699379622936 0.462137554772198 33.4000483155251 32.773897767067 0.810561379417777 0.387986424379051 0.361966059543192 14.9606201648712 12.7701026499271
-9999 -9999 -9999 -9999 -9999 -9999 -9999 -9999 -9999 -9999 -9999 -9999 -9999 -9999 -9999 -9999 0.760573787614703 4.07604013383389 0.585575285367668 0.912765700370073 0.556206314824522 0.352356983814389 0.0195535378910421 1453.63571357727 0.374495601747185 2.44381212815642 1.94790317118168 0.464441316202283 0.488070679828525 1.37266557849944 3.60527462512255 4.12668907642365 7.65292197465897 0.758838765323162 0.672924689948559 64.8083939552307 38.85599142313 38.5704590082169 4.37661200016737 0.459593487903476 1.94210495054722 1.50017891079187 0.339343846775591 1.6774688474834 0.340326706878841
-9999 -9999 -9999 -9999 -9999 -9999 -9999 -9999 -9999 -9999 -9999 -9999 -9999 -9999 -9999 0.651848012581468 2.40112134441733 0.844185915775597 1.37753302790225 3.43903435766697 0.214906682725996 0.310410985955968 1431.48034667969 1431.48034667969 0.579563175328076 0.505239767953753 0.49523738399148 0.511631152592599 0.532803781330585 1.0464608669281 0.991515656001866 2.09589468315244 5.92538716644049 0.437262444291264 0.562036867253482 2.17178494110703 61.6356183290482 0.433290974237025 0.860754938796163 2.87190233170986 0.441302129067481 0.764312461018562 0.36030653398484 1.03681419230998 0.301957096904516
-9999 -9999 -9999 -9999 -9999 -9999 -9999 -9999 -9999 -9999 -9999 -9999 -9999 -9999 -9999 -9999 0.939960116520524 1.01808829791844 1.46828620508313 0.587062549777329 3.69672203809023 0.120324634453027 1431.48034667969 1431.48034667969 1.03802108392119 0.536380589008331 1.13742953725159 0.573369542136788 0.852384625002742 0.492099172435701 0.544045030139387 1.27744617126882 5.53319243341684 1.98572177439928 0.565694772638381 0.624299426563084 61.2833385467529 0.350606522057205 0.480956661514938 2.40348609164357 0.757948199287057 0.403835228644311 0.383721108548343 0.720560267567635 0.332133921794593
-9999 -9999 -9999 -9999 -9999 -9999 -9999 -9999 -9999 -9999 -9999 -9999 -9999 -9999 -9999 -9999 -9999 0.972773917019367 1.71033414453268 2.42681990936399 2.69747659191489 6.82482467591763 1426.82065582275 1.57622298784554 1.03482893668115 1.6679649092257 0.537894389592111 1.91156455501914 0.492073904722929 0.591351894661784 0.620280790142715 0.662476730532944 3.00753040239215 1.35230398178101 0.692651235498488 0.659136028029025 3.07178522646427 57.230362534523 0.359105398878455 0.337194018065929 20.6094014644623 0.507231872528791 1.30705482512712 0.681291788816452 15.5515779554844
-9999 -9999 -9999 -9999 -9999 -9999 -9999 -9999 -9999 -9999 -9999 -9999 -9999 -9999 -9999 -9999 1.30932600982487 2.18460099771619 0.517364563420415 1.02693644724786 1.39494461007416 1.53829398937523 1413.63212203979 0.67191538028419 5.8664274290204 5.63418451696634 2.95523852854967 0.535122748464346 0.45041938778013 1.69252685271204 1.71103915572166 0.569155503064394 0.682252672500908 1.7468057833612 0.958268521353602 1.3598606493324 1.89079245552421 1.73317273706198 54.4970177412033 22.0551124811172 1.15664006397128 20.2414837181568 17.8678515255451 16.889140099287 0.656300028786063
-9999 -9999 -9999 -9999 -9999 -9999 -9999 -9999 -9999 -9999 -9999 -9999 -9999 -9999 -9999 -9999 1.23955209739506 6.02313098311424 8.74119855463505 0.45236493460834 17.9353059530258 21.2871744632721 21.303041934967 1407.75906562805 0.454878143966198 0.444922585971653 0.469619513489306 0.495918493717909 4.74617663770914 3.8645373955369 0.524095117114484 0.546934796497226 0.953639620915055 0.737188527360559 1.40486876294017 0.690400479361415 0.622748357243836 0.511488658376038 2.48355490714312 29.474656701088 0.258169006556273 0.674074123613536 0.330606634262949 0.300185639411211 0.307533931452781
-9999 -9999 -9999 -9999 -9999 -9999 -9999 -9999 -9999 -9999 -9999 -9999 -9999 -9999 -9999 1.09416497498751 3.95463788509369 0.744547855108976 8.10404469072819 17.2527021169662 3.23344226926565 0.279685168992728 0.311943637672812 1374.12037277222 9.16913749277592 7.93075112998486 7.0695588439703 6.14288912713528 5.67511264234781 0.443583620712161 1.13602663576603 0.643524612300098 0.567311246879399 3.58377666771412 0.562082756310701 1.22019130736589 0.536396625451744 1.47241938114166 1.94825092330575 29.03644323349 28.5635276436806 0.39542727638036 0.358390251174569 0.341695746872574 0.577474906109273
-9999 -9999 -9999 -9999 -9999 -9999 -9999 -9999 -9999 -9999 -9999 -9999 -9999 -9999 -9999 0.761412436142564 2.83451246470213 0.726064600981772 6.23232232034206 0.818357281386852 3.0511726886034 0.230232483474538 0.871489495970309 1370.53856658936 0.463709708768874 0.372842233628035 0.411209690384567 0.816307300701737 0.364903124980628 0.431803720071912 2.25945005193353 0.603723932057619 0.65362870786339 1.28370013274252 5.87596113979816 0.50997134950012 0.567989635281265 0.491547045297921 0.465835646726191 0.962884413078427 2.81693296507001 24.6745464205742 0.352668770123273 1.69862962700427 0.959625458344817
-9999 -9999 -9999 -9999 -9999 -9999 -9999 -9999 -9999 -9999 -9999 -9999 -9999 -9999 -9999 0.655342505313456 3.32491633296013 5.89603177458048 0.489757082425058 1.74573845788836 0.231518068350852 0.203614830039442 0.458370630629361 0.354133800254203 1355.56647872925 0.352954106638208 1.96680659800768 0.389383273199201 0.334319753106683 5.89954589307308 2.79869453236461 1.90068348497152 0.82942295819521 1.95224066078663 8.50298844277859 1.24535122141242 1.288973165676 0.866330597549677 0.436784695833921 0.44240531604737 1.1992962192744 0.684889129363 23.3586727380753 18.3351156711578 1.00937111489475
