Model input/Uganda/discharge/discharge_jan_1.asc
NCOLS 67 
NROWS 67 
XLLCORNER 29.5000000014144 
YLLCORNER -1.49999999936061 
CELLSIZE 0.0833333332926796 
NODATA_value -9999 
[rows 40 to 59 of 67, columns 0 to 44 of 67]
0.348332895431668 0.228202429134399 65.6084046363831 66.6800198554993 0.104100292315707 2.24755183234811 0.210958909010515 0.383185966871679 0.511007337830961 0.523445129394531 0.425903962925076 0.804174093529582 0.729278542101383 2.30809966102242 0.769871054217219 5.38883496820927 2.70603206008673 4.16132075339556 0.583254273980856 0.54678554367274 0.493214186280966 0.972098872065544 0.500922912731767 0.194724715009215 0.134587620249469 0.327531123533845 0.48101119697094 0.960862690582871 0.440211499109864 0.243570913095027 0.711199628189206 0.405170586891472 14.0841073393822 1.02985190227628 0.502296717837453 2.20200214907527 0.490678310394287 0.538832232356071 0.529007911682129 5.93392850458622 7.66836006939411 0.559330707415938 1010.64066505432 1.53624580800533 3.26307368278503
0.419549150392413 0.885457325726748 63.6970544457436 1.40683705173433 1.29146723076701 1.61436219885945 0.501149961724877 0.42138341255486 0.704475185833871 2.3593857511878 3.20337307453156 0.539677495136857 0.762927366420627 0.821074344217777 1.3228451795876 2.58961968868971 0.575003874488175 1.98408107832074 3.72490422427654 2.68126152083278 1.34669394418597 1.04536247439682 0.517719531431794 0.449360425074701 0.244907083386352 0.250115061178803 0.135069481329992 0.403958858922124 0.375074111390859 0.401601711288095 0.657132287509739 2.01780352368951 11.8013571202755 0.318624393083155 0.353692247997969 0.37214075634256 0.81086153537035 0.520649421028793 4.33546550571918 1.0463767722249 6.59223811328411 2.11080400645733 1010.36479091644 0.78046234883368 2.55716151744127
0.147241343045607 0.275494562927634 61.5358188450336 0.212695281021297 1.11005055531859 1.01096185296774 0.359977923799306 0.916037272661924 1.52836023643613 0.534609405323863 0.642384610138834 4.30323530733585 1.14590044878423 0.560311554931104 0.517850331962109 0.417166681960225 0.981527868658304 0.704409981146455 0.847596161067486 0.425169035792351 0.378016694448888 0.377777811489068 0.40196937113069 0.700739093852462 0.0972235680392259 1.27438142336905 0.476641490124166 0.684470422565937 0.20312568731606 0.125180622926564 1.00280475057662 0.519703133963048 11.0458305776119 4.50552290678024 1.14099094644189 0.349697078578174 0.386575403623283 0.489231999963522 3.34409389644861 0.512693428434432 3.96614429354668 1.57955257594585 1010.0810956955 1009.61060333252 0.578694395720959
57.8258920609951 61.2861447036266 0.327425078488886 0.653343452140689 0.549192675389349 0.425943141337484 0.320896953344345 0.810353066772223 1.97941552847624 0.790948387235403 1.2101192958653 4.8560703471303 6.32865324616432 0.228774803690612 0.220628939568996 0.101981421525124 0.327599596232176 0.238608508836478 0.335526727605611 0.189678380062105 0.116656576122296 0.521846479270607 1.38159067207016 0.111792325366878 0.144656632190163 1.43119322136045 0.124668470891265 0.137828392878873 1.22442994080484 4.29977305978537 0.387990245129913 0.35772295948118 6.01078832149506 0.569812778383493 2.27441847324371 1.7089246250689 0.526888246648014 1.83698217198253 0.52534953225404 0.553772322833538 3.4630127325654 1.13782368041575 0.216073838528246 1009.30431842804 0.65494441613555
57.5074447095394 2.70222793519497 2.37915777042508 1.41307254135609 0.472560118185356 0.302727736416273 0.205330989323556 0.550717279314995 0.929174415767193 3.03017129004002 2.17186687514186 0.34449803410098 7.17626072466373 0.657939134165645 0.238754049118143 0.131088841590099 0.110922332343762 0.27731456735637 0.507156115025282 0.481412891298532 0.280187367199687 2.07825110340491 0.277400089020375 0.639543350320309 1.98668705113232 0.354315965174465 0.205662559696066 7.26168083772063 1.47413589060307 4.29977305978537 0.369511486031115 0.425989286974072 1.29568508639932 3.74814902991056 2.50921170413494 0.576348059810698 0.688839236274362 1.29112365841866 0.620873832143843 0.950416434556246 2.36643730476499 0.709684899076819 1008.32175159454 1008.32175159454 1008.32175159454
56.6432043910027 1.09434366412461 0.847838463261724 0.628650023601949 0.782480910420418 0.363450709730387 0.70524488016963 1.07598762959242 0.617097980342805 4.00771436840296 2.42690939456224 0.175300636095926 7.37638962268829 0.121824583940906 0.507592036854476 0.112977305165259 0.692652830621228 0.164855711860582 0.209375830541831 1.25324877537787 0.714802580419928 2.66776539199054 3.98887135088444 2.89076598733664 0.345255778171122 0.192354695085669 0.308268414664781 7.26168083772063 4.29977305978537 4.29977305978537 1.35224726051092 0.455216612666845 0.669034669175744 0.627979828044772 0.408191571012139 1.33703843876719 0.755685057491064 1008.32175159454 1008.32175159454 0.34845020994544 0.745937851257622 0.365239080507308 1008.32175159454 1008.32175159454 1008.32175159454
3.21611469238997 54.9477262496948 0.478631671518087 0.565346194431186 1.29893854353577 0.382480275817215 1.12370585463941 1.09195019863546 29.9989619851112 7.56756421923637 2.83489682897925 0.217673270497471 7.56599295139313 0.755930682411417 0.905013056471944 1.17937137838453 4.50696570426226 4.95234163850546 8.25641129910946 10.9984730631113 11.8437868133187 23.2218972593546 24.808069050312 0.452317460905761 0.512675119563937 0.542601308086887 8.01226661354303 0.221071457825019 0.254139045253396 0.896095680072904 0.439063764177263 0.449407264590263 0.452721293084323 0.912301043048501 1008.32175159454 1008.32175159454 1008.32175159454 1008.32175159454 1008.32175159454 1008.32175159454 1008.32175159454 1008.32175159454 1008.32175159454 1008.32175159454 1008.32175159454
0.309513681568205 50.8187089711428 1.17327110283077 0.659232398495078 0.637742280960083 2.51735642552376 29.9989619851112 29.9989619851112 29.9989619851112 29.9989619851112 20.2395601272583 20.0376797616482 11.51645411551 11.3280563652515 0.238311836961657 0.245887407101691 2.30263701826334 0.477027806919068 2.76202766783535 0.352523869441939 3.09385900013149 0.4553331611678 0.923719150945544 28.314348205924 1.01873620040715 8.56757199391723 0.279495453487471 0.224505081874668 0.280298919416964 0.458540979772806 0.410559010691941 0.893105298280716 1008.32175159454 1008.32175159454 1008.32175159454 1008.32175159454 1008.32175159454 1008.32175159454 1008.32175159454 1008.32175159454 1008.32175159454 1008.32175159454 1008.32175159454 1008.32175159454 1008.32175159454
0.843949554488063 50.3859412670135 49.0845895111561 49.0845895111561 2.98116739466786 0.243738240562379 29.9989619851112 29.9989619851112 29.9989619851112 29.9989619851112 0.305872878991067 0.761407206766307 0.213409404503182 2.49074283987284 8.38450747728348 2.68504370376468 1.06861332058907 0.154385194007773 2.61269361432642 0.172463439968851 2.25597004010342 0.59873305785004 0.383932383847423 0.280255588884756 39.3887971043587 50.3170243799686 51.884469628334 53.6929480731487 56.9511933624744 0.908531973138452 1008.32175159454 1008.32175159454 1008.32175159454 1008.32175159454 1008.32175159454 1008.32175159454 1008.32175159454 1008.32175159454 1008.32175159454 1008.32175159454 1008.32175159454 1008.32175159454 1008.32175159454 1008.32175159454 1008.32175159454
49.0845895111561 49.0845895111561 49.0845895111561 49.0845895111561 49.0845895111561 0.0948031068546697 0.118398323887959 0.0768791696755216 29.9989619851112 29.9989619851112 0.392513181548566 0.15172096923925 1.57949404790998 0.354168766178191 5.34946970641613 2.115414429456 0.316638351883739 0.686850123107433 2.38637153524905 2.10460681654513 0.213347059629086 1.83101501362398 0.30257695374894 0.366845833224943 5.1626782156527 0.72247411031276 3.69517874717712 0.653066935949028 1008.32175159454 1008.32175159454 1008.32175159454 1008.32175159454 1008.32175159454 1008.32175159454 1008.32175159454 1008.32175159454 1008.32175159454 1008.32175159454 1008.32175159454 1008.32175159454 1008.32175159454 1008.32175159454 1008.32175159454 1008.32175159454 1008.32175159454
49.0845895111561 49.0845895111561 49.0845895111561 49.0845895111561 49.0845895111561 0.0624964140006341 33.7179991602898 30.3081171512604 29.9989619851112 0.196004211204126 0.174036538461223 0.189260151935741 1.3820392601192 0.368831141386181 5.01842199265957 1.56081987917423 0.290670598857105 0.461161035113037 0.11692425388901 1.86040042713284 0.225968033941172 1.56052224675659 0.251239372995769 0.377321600914001 4.24204032681882 0.418973709456623 3.46790491789579 0.360380218364298 1008.32175159454 1008.32175159454 1008.32175159454 1008.32175159454 1008.32175159454 1008.32175159454 1008.32175159454 1008.32175159454 1008.32175159454 1008.32175159454 1008.32175159454 1008.32175159454 1008.32175159454 1008.32175159454 1008.32175159454 1008.32175159454 1008.32175159454
49.0845895111561 49.0845895111561 49.0845895111561 49.0845895111561 49.0845895111561 34.0244154334068 0.0919164987280965 2.98190134391189 0.1788355759345 0.595572996884584 0.133419431978837 0.467943368479609 0.449011575430632 0.440911801997572 3.94369656592607 0.198440866079181 1.09466177783906 0.28281683428213 0.528744621668011 0.870044213486835 0.288283277077426 0.628586430626456 0.347767049999675 0.417860576184466 3.72026238404214 0.312388721853495 1.99664680287242 0.386391927488148 1008.32175159454 1008.32175159454 1008.32175159454 1008.32175159454 1008.32175159454 1008.32175159454 1008.32175159454 1008.32175159454 1008.32175159454 1008.32175159454 1008.32175159454 1008.32175159454 1008.32175159454 1008.32175159454 1008.32175159454 1008.32175159454 1008.32175159454
49.0845895111561 49.0845895111561 49.0845895111561 49.0845895111561 49.0845895111561 0.217221906641498 0.047591257491149 2.64964486286044 0.279428525594994 0.0566638978780247 0.24486702028662 0.076137131836731 0.442332899197936 1.14495727978647 1.35904099605978 0.971995033323765 0.314621381927282 0.269976623123512 0.289774865843356 0.341699605574831 0.320809126467793 0.336767938308185 0.326835535102873 1.13007762184134 2.38784133363515 0.626842541620135 0.843120502308011 0.385570623911917 0.655044347047806 0.744809089228511 1008.32175159454 1008.32175159454 1008.32175159454 1008.32175159454 1008.32175159454 1008.32175159454 1008.32175159454 1008.32175159454 1008.32175159454 1008.32175159454 1008.32175159454 1008.32175159454 1008.32175159454 1008.32175159454 1008.32175159454
49.0845895111561 49.0845895111561 49.0845895111561 49.0845895111561 49.0845895111561 0.0474416193319485 0.178101760102436 2.46961913257837 2.058813393116 0.397274388000369 0.315525092184544 0.359132973942906 0.391538587398827 0.758181258104742 0.308723932132125 0.312941519077867 0.308678661938757 0.344392509199679 0.403583981562406 0.413406278472394 0.613093364750966 0.238256666227244 0.347103358741151 0.226866484015773 0.994593071984127 0.282207582611591 0.401298425160348 0.505565788596869 1.60406888648868 2.92160975933075 1008.32175159454 1008.32175159454 1008.32175159454 1008.32175159454 1008.32175159454 1008.32175159454 1008.32175159454 1008.32175159454 1008.32175159454 1008.32175159454 1008.32175159454 1008.32175159454 1008.32175159454 1008.32175159454 1008.32175159454
49.0845895111561 49.0845895111561 49.0845895111561 49.0845895111561 0.0702736541861668 0.487836710177362 0.339001432992518 0.919157968834043 0.325228929519653 0.424514880869538 0.759182476438582 0.70307144895196 0.385758208110929 0.358182135503739 0.364772879052907 0.698239707387984 0.317077833693475 0.670880743302405 0.829125590622425 4.23596929758787 1.2256739847362 0.700812952592969 0.408885921817273 0.352598395256791 0.38047296681907 0.144138967152685 0.186211194377393 1008.32175159454 1008.32175159454 1008.32175159454 1008.32175159454 1008.32175159454 1008.32175159454 1008.32175159454 1008.32175159454 1008.32175159454 1008.32175159454 1008.32175159454 1008.32175159454 1008.32175159454 1008.32175159454 1008.32175159454 1008.32175159454 1008.32175159454 1008.32175159454
49.0845895111561 49.0845895111561 9.65667308866978 0.166314005386084 2.43383979424834 0.275547872763127 0.474188653752208 0.466600392013788 0.466315398924053 1.78678276576102 0.435292524285614 1.11645103245974 0.803916657343507 0.341511017177254 0.32408656552434 0.420644199941307 1.28511569835246 1.87917817570269 0.328837377019227 4.23596929758787 0.223662049742416 0.448926371755078 0.2202542933519 0.239337765146047 0.244882554281503 0.117842987703625 0.613912193104625 1008.32175159454 1008.32175159454 1008.32175159454 1008.32175159454 1008.32175159454 1008.32175159454 1008.32175159454 1008.32175159454 1008.32175159454 1008.32175159454 1008.32175159454 1008.32175159454 1008.32175159454 1008.32175159454 1008.32175159454 1008.32175159454 1008.32175159454 1008.32175159454
49.0845895111561 49.0845895111561 9.51310558617115 8.72929194569588 0.239717553369701 1.9936728477478 0.553697362542152 0.465818936005235 0.884455224499106 2.35726498439908 0.419077094644308 8.01321206986904 9.88434921205044 10.6325815469027 11.3429551720619 12.3780760020018 19.3533832728863 3.60429073125124 26.9536974132061 26.9536974132061 28.6059771776199 0.836824912577868 30.6475178599358 0.492161157540977 0.284638119395822 0.513323222286999 1008.32175159454 1008.32175159454 1008.32175159454 1008.32175159454 1008.32175159454 1008.32175159454 1008.32175159454 1008.32175159454 1008.32175159454 1008.32175159454 1008.32175159454 1008.32175159454 1008.32175159454 1008.32175159454 1008.32175159454 1008.32175159454 1008.32175159454 1008.32175159454 1008.32175159454
0.209936567116529 3.00386361405253 0.431490828283131 8.48109184205532 0.294664437416941 0.488031232729554 0.467151039279997 2.20887488871813 0.41235492285341 2.94548554345965 5.66195393353701 0.402280672919005 0.315413248725235 0.350235719699413 1.00199973024428 1.43602498248219 19.3533832728863 19.3533832728863 26.9536974132061 26.9536974132061 28.6059771776199 30.6475178599358 30.6475178599358 0.498853375203907 1.59484679624438 0.417110161855817 1008.32175159454 1008.32175159454 1008.32175159454 1008.32175159454 1008.32175159454 1008.32175159454 1008.32175159454 1008.32175159454 1008.32175159454 1008.32175159454 1008.32175159454 1008.32175159454 1008.32175159454 1008.32175159454 1008.32175159454 1008.32175159454 1008.32175159454 1008.32175159454 1008.32175159454
0.139865738339722 2.65247633494437 0.217985065130051 8.1759023219347 0.289494709577411 0.40993744134903 3.37534303218126 2.58737495169044 0.504947894252837 4.88193722814322 0.891518769785762 0.400262703653425 0.277348136529326 0.297623322345316 0.29857028182596 0.404727580491453 19.3533832728863 19.3533832728863 0.319278422277421 0.243259557988495 1.19902557693422 0.276220234110951 31.3165832459927 0.138637947675306 2.31676939502358 2.64408142492175 1008.32175159454 1008.32175159454 1008.32175159454 1008.32175159454 1008.32175159454 1008.32175159454 1008.32175159454 1008.32175159454 1008.32175159454 1008.32175159454 1008.32175159454 1008.32175159454 1008.32175159454 1008.32175159454 1008.32175159454 1008.32175159454 1008.32175159454 1008.32175159454 1008.32175159454
0.119216572726145 2.54568861983716 0.10272466398601 0.157073077483801 7.71181704103947 4.12347005307674 3.87694525718689 0.422769711352885 0.436268525198102 0.524671604856849 0.527975521981716 0.291759107494727 0.674868240021169 0.273942856583744 0.326771978288889 0.785261698067188 0.664030624553561 0.305012743920088 0.343610745854676 0.522127347998321 0.951048724353313 0.356973820831627 0.308870892971754 31.9944424927235 37.8026722073555 38.6837159395218 1008.32175159454 1008.32175159454 1008.32175159454 1008.32175159454 1008.32175159454 1008.32175159454 1008.32175159454 1008.32175159454 1008.32175159454 1008.32175159454 1008.32175159454 1008.32175159454 1008.32175159454 1008.32175159454 1008.32175159454 1008.32175159454 1008.32175159454 1008.32175159454 1008.32175159454
