Model input/Uganda/discharge/discharge_nov_1.asc
NCOLS 67 
NROWS 67 
XLLCORNER 29.5000000014144 
YLLCORNER -1.49999999936061 
CELLSIZE 0.0833333332926796 
NODATA_value -9999 
[rows 20 to 39 of 67, columns 0 to 45 of 67]
-9999 -9999 -9999 -9999 -9999 -9999 -9999 -9999 -9999 -9999 -9999 -9999 -9999 -9999 -9999 1.67770196869969 0.64646624121815 0.736063892953098 1.14741128496826 0.69765439350158 0.436179228592664 0.830248503014445 1.86507180705667 3.97796896100044 6.39986810833216 4.92922231182456 0.81466958206147 1.3710499741137 1411.57809829712 8.33018046617508 0.516490493901074 0.542288311757147 1.0135754570365 1.03149617649615 18.6275524795055 17.7398471832275 3.13291791826487 1.01482865586877 0.516632163897157 0.760994780808687 0.930405311286449 0.958192497491837 1.34827513247728 1.57441123202443 20.2638397216797 0.43984207790345
-9999 -9999 -9999 -9999 -9999 -9999 -9999 -9999 -9999 -9999 -9999 -9999 -9999 -9999 -9999 0.542933591641486 0.614981981925666 0.568841131404042 0.397514738608152 0.581025931984186 1.0696815950796 0.442180960904807 2.81158190220594 0.72059057187289 1423.460313797 1422.25178718567 1420.34519577026 1413.74386787415 1.00479351822287 1402.20234107971 1401.25007820129 0.69039692170918 1.8445250466466 0.90922899544239 21.1861780881882 0.529382726177573 0.99440610781312 8.569729372859 5.77354028075933 4.41487900167704 2.80027853325009 0.581262659281492 0.530282988213003 0.823186781257391 0.748292610049248 16.9461091458797
-9999 -9999 -9999 -9999 -9999 -9999 -9999 -9999 -9999 -9999 -9999 -9999 -9999 -9999 -9999 -9999 0.572392701171339 1.09023803286254 0.801655797287822 0.391763582825661 1491.17366981506 1491.17366981506 1491.17366981506 1424.91718292236 0.853436573408544 0.944254187867045 1.01688231155276 4.03805963695049 3.02108428254724 1.98392224498093 1.23959014937282 1398.14763069153 1396.94488716125 1392.95474815369 0.848890864290297 0.988580018281937 11.2591918855906 0.921033870428801 1.92156667262316 0.975490968674421 0.829423038288951 0.581145802512765 0.510182034224272 0.482415439561009 0.714567623101175 0.702078067697585
-9999 -9999 -9999 -9999 -9999 -9999 -9999 -9999 -9999 -9999 -9999 -9999 -9999 -9999 -9999 -9999 -9999 0.673270540311933 1491.17366981506 1491.17366981506 1491.17366981506 1491.17366981506 1491.17366981506 2.47532353363931 1.79711625725031 4.13125568628311 2.12532887235284 3.61203487217426 1.06070586945862 0.98136134725064 0.726127039641142 0.728848222643137 2.94207971543074 1369.10574531555 0.799745905213058 1.79645238444209 14.8507912456989 1.89197248220444 0.950234005227685 0.854888882488012 0.58287771884352 0.541556830517948 1.40967703424394 2.75409396365285 0.754920540377498 0.483197508379817
-9999 -9999 -9999 -9999 -9999 -9999 -9999 -9999 -9999 -9999 -9999 -9999 -9999 -9999 -9999 0.435610573273152 0.353994722478092 1491.17366981506 1491.17366981506 1491.17366981506 1491.17366981506 1491.17366981506 1491.17366981506 1491.17366981506 20.690322175622 13.3908297717571 11.3184296041727 1.94072868302464 1.50526695884764 0.466223146300763 0.70486047398299 0.723499024286866 0.730311018414795 3.75759940594435 1366.66501998901 15.3350597023964 0.879076837562025 0.727915164083242 0.737947057932615 3.40937081351876 1.66325138323009 0.527018790133297 6.74622337520123 3.32614638656378 0.537967555224895 1.03105792962015
-9999 -9999 -9999 -9999 -9999 -9999 -9999 -9999 -9999 -9999 -9999 -9999 -9999 -9999 -9999 0.718425669707358 1491.17366981506 1491.17366981506 1491.17366981506 1491.17366981506 1491.17366981506 1491.17366981506 1491.17366981506 1491.17366981506 2.22283629514277 1.20561623480171 1.04303273465484 4.67604631558061 0.919017132371664 1.40006524696946 0.706462004221976 0.713259886950254 0.732808499597013 1344.70310401917 10.0877293497324 7.94657507538795 7.13004840910435 5.7548006772995 4.34912437945604 1.10912645980716 1.11861740238965 0.550397946499288 9.19595848023891 1.43758046627045 0.531151902861893 0.572064019739628
-9999 -9999 -9999 -9999 -9999 -9999 -9999 -9999 -9999 -9999 -9999 -9999 -9999 -9999 -9999 1491.17366981506 1491.17366981506 1491.17366981506 1491.17366981506 1491.17366981506 1491.17366981506 1491.17366981506 1491.17366981506 1.47514746617526 6.44584026187658 1.13429518230259 1.11805815342814 3.57247615978122 0.683068010956049 3.43437527865171 1.33276091888547 1.39868600480258 0.722518771886826 1330.76006126404 1332.64742851257 1.70250481180847 0.877066179178655 0.712328428402543 0.727991879917681 2.27663484960794 1.84807220846415 13.6003499031067 0.605442456901073 2.42701802030206 1.39285597018898 0.952660761773586
-9999 -9999 -9999 -9999 -9999 -9999 -9999 -9999 -9999 -9999 -9999 -9999 -9999 -9999 -9999 1491.17366981506 1491.17366981506 1491.17366981506 1491.17366981506 1491.17366981506 1491.17366981506 1491.17366981506 1491.17366981506 0.607581892516464 3.54407917708158 1.00313165038824 0.806624100543559 0.762412073090672 0.743957687169313 0.707774672657251 5.5073951035738 1329.82639503479 1329.82639503479 1329.82639503479 0.658496565185487 0.694053722545505 0.862058453261852 2.47597019001842 4.32663883268833 26.4604047238827 22.7739755213261 7.20719286799431 0.700435794889927 3.06139040738344 1137.05005264282 1137.05005264282
-9999 -9999 -9999 -9999 -9999 -9999 -9999 -9999 -9999 -9999 -9999 -9999 -9999 -9999 1491.17366981506 1491.17366981506 1491.17366981506 1491.17366981506 1491.17366981506 1491.17366981506 1491.17366981506 1491.17366981506 3.62419012188911 2.2323872577399 2.90359783172607 2.20084240101278 0.769116410985589 3.09854617342353 0.725979232229292 0.622311593033373 1.29116057790816 1329.82639503479 1329.82639503479 1329.82639503479 40.5665988922119 1.42014024220407 0.679416470229626 1.07820531027392 32.8121918439865 0.822894099168479 0.79040720872581 5.22596048563719 4.2760507017374 0.596736213192344 1137.05005264282 1137.05005264282
-9999 -9999 -9999 -9999 -9999 -9999 -9999 -9999 -9999 -9999 -9999 1491.17366981506 1491.17366981506 1491.17366981506 1491.17366981506 1491.17366981506 1491.17366981506 1491.17366981506 1491.17366981506 1491.17366981506 1491.17366981506 0.872085786424577 0.882699936628342 0.638312501832843 0.667468681000173 1.45936125330627 0.698073025792837 3.7802913710475 0.678346141241491 0.463079647161067 1.56154264695942 1329.82639503479 1329.82639503479 1329.82639503479 1137.05005264282 37.5970513820648 36.0108268857002 34.9691441059113 1137.05005264282 1137.05005264282 1137.05005264282 1137.05005264282 1137.05005264282 1137.05005264282 1137.05005264282 1137.05005264282
-9999 -9999 -9999 -9999 -9999 -9999 -9999 -9999 -9999 -9999 1.15133873559535 1491.17366981506 1491.17366981506 1491.17366981506 1491.17366981506 1491.17366981506 1491.17366981506 1491.17366981506 1491.17366981506 1491.17366981506 1.25201370473951 0.623296929057688 0.550446880515665 1.13328111357987 0.640406233258545 0.567049387842417 1.45922534540296 5.97492241114378 1.40429897606373 0.343583176378161 133.014294743538 2.18174145743251 0.75742591265589 2.73291898518801 1137.05005264282 1137.05005264282 1137.05005264282 1137.05005264282 1137.05005264282 1137.05005264282 1137.05005264282 1137.05005264282 1137.05005264282 1137.05005264282 1137.05005264282 1137.05005264282
-9999 -9999 -9999 -9999 -9999 -9999 -9999 -9999 -9999 -9999 1491.17366981506 1491.17366981506 1491.17366981506 1491.17366981506 1491.17366981506 1491.17366981506 1491.17366981506 1491.17366981506 0.656538390088826 5.76493033021688 0.764550655148923 0.758322193287313 0.738838187418878 0.658174415118992 3.22821551561356 1.40479401499033 7.66974119096994 6.78916119039059 104.020027756691 132.00547170639 26.134263664484 0.907164739444852 0.916296989656985 0.850274933502078 2.26616718992591 1.32535482384264 1137.05005264282 1137.05005264282 1137.05005264282 1137.05005264282 1137.05005264282 1137.05005264282 1137.05005264282 1137.05005264282 1137.05005264282 1137.05005264282
-9999 -9999 -9999 -9999 -9999 -9999 -9999 -9999 -9999 1.0389524884522 1491.17366981506 1491.17366981506 1491.17366981506 1491.17366981506 1491.17366981506 1491.17366981506 1491.17366981506 2.74004412814975 0.744041169993579 5.04960407316685 3.04798047244549 1.55519573763013 0.885695294477046 0.96451257634908 41.0842007994652 43.9411273598671 8.587298437953 101.856065273285 0.624766855034977 0.618874208535999 0.741076990962029 23.8609947860241 1.00014380458742 1.03598654828966 0.917062518186867 0.82875263877213 1137.05005264282 1137.05005264282 1137.05005264282 0.688264599535614 1137.05005264282 1137.05005264282 1137.05005264282 1137.05005264282 1137.05005264282 1137.05005264282
-9999 -9999 -9999 -9999 -9999 -9999 -9999 -9999 -9999 0.924996584653854 1491.17366981506 1491.17366981506 1491.17366981506 1491.17366981506 1491.17366981506 1491.17366981506 0.926380358636379 1.57779668271542 0.561224931385368 0.533642863389105 0.676971801090986 0.757091830018908 31.7977113425732 36.8995852470398 2.78682296350598 0.675242571625859 55.2395250797272 0.601251870393753 45.1142917871475 7.5274590998888 1.00653918087482 0.694979872554541 23.2111650407314 1.99762708321214 1.0189117975533 0.795732547529042 6.75883284956217 0.801045592874289 0.546347975730896 28.7369064092636 1137.05005264282 1137.05005264282 0.00126827853925571 1137.05005264282 1137.05005264282 1137.05005264282
-9999 -9999 -9999 -9999 -9999 -9999 1.24167042598128 2.12604714930058 1.02840685099363 0.403710992075503 74.9312689304352 1491.17366981506 1491.17366981506 1491.17366981506 1491.17366981506 1.00519006326795 0.973445694893599 0.654461129568517 0.593260165303946 0.400782383978367 6.92787929624319 27.2871674597263 0.942825302481651 0.685198490507901 0.679839046671987 1.75348119996488 1.99913749098778 0.931016391143203 35.2749115228653 0.935792813077569 5.91528461128473 0.877670031040907 2.55636527016759 16.2980706244707 0.792285051196814 0.889632221311331 1.6150629222393 3.5280842743814 0.839642822742462 28.7369064092636 0.845104498788714 934.566783905029 7.63153375685215 0.963999660685658 1137.05005264282 1137.05005264282
-9999 -9999 -9999 -9999 -9999 -9999 2.29858918488026 3.05281796306372 0.443413314409554 75.3701709508896 0.383560003712773 1491.17366981506 1491.17366981506 1491.17366981506 1491.17366981506 25.391036182642 22.3517172634602 20.4312909245491 17.1473182141781 15.9814990609884 5.3849009051919 0.505859334021807 19.6949993371964 16.5634889304638 0.573076732456684 0.691245276946574 0.96985802706331 3.20606913790107 31.0094935894012 0.504819918423891 4.46578357368708 0.848619027063251 1.60914105549455 0.791547622531652 13.5831077098846 0.856189949437976 0.843081757426262 2.71015910059214 0.997465949505568 26.329672396183 1.00927716493607 924.739365577698 2.01625967770815 5.91463084518909 0.827645694836974 1.74728566408157
-9999 -9999 -9999 -9999 -9999 0.554067114368081 0.834015496075153 2.71923515945673 75.8086886405945 0.201398158213124 0.153685022844002 1491.17366981506 1491.17366981506 1491.17366981506 1.1059218980372 5.68593323230743 0.813002190552652 1.60202749073505 1.29715727642179 15.353106290102 0.368343198206276 4.66290885955095 2.3178937509656 15.1634539216757 0.820500448346138 0.673082403838634 0.647600054740906 1.6485882923007 2.59622019901872 28.0448779761791 1.01646758429706 2.27209051698446 0.805483900941908 0.798511720262468 7.86980756372213 4.25973956286907 0.811258852481842 0.961082607507706 1.99732751399279 24.7138738930225 1.0123263001442 924.976804733276 1.01437686383724 4.13116652518511 0.801439546048641 0.854350365698338
-9999 -9999 0.210123578086495 0.833369391039014 0.441670102998614 0.280784953851253 0.257978751789778 1.3165366128087 70.6117031574249 0.177288882900029 2.94731941074133 3.11764324456453 52.0607994198799 1.14073705673218 1.59995645470917 3.19428950175643 1.56313588470221 1.08038900047541 0.820610301103443 14.9406872093678 0.761935593560338 4.0520722605288 1.43425363302231 5.72559902817011 13.4966482371092 1.17024077288806 0.640800500288606 0.632372635416687 2.18292593955994 27.4586450457573 24.2308442592621 0.595633490942419 0.863479038700461 0.864931500516832 6.5348382666707 0.493799788411707 2.07568050920963 0.901714770123363 1.2886999566108 19.7966861724854 1.02734067849815 923.65625 0.953546792268753 0.940431669354439 1.46323453076184 0.769126730039716
-9999 0.612786001525819 2.10517601296306 0.524776563048363 0.132438533706591 0.431405171751976 67.7999011278152 68.7465659379959 0.285409265663475 0.192328925477341 2.71506676077843 0.801100229844451 5.26267347484827 45.2657154202461 40.0114747285843 1.49675538763404 2.79158086329699 1.24357045441866 4.11721029877663 9.39301306009293 2.63704621046782 1.36432731151581 1.52548278868198 4.69070971384645 0.832877712324262 4.76196247339249 0.324875827413052 0.259201896842569 0.839504465460777 0.879238658584654 2.61951136961579 23.6489363312721 2.48823255300522 0.565665229223669 5.99139418452978 0.601655262522399 1.45563349500299 0.727543499320745 1.02964909560978 17.6044256389141 0.570018795318902 921.64760017395 0.858211256563663 0.877867463976145 0.472239355556667 2.40747699141502
-9999 0.521335976198316 0.902730835601687 62.6860176920891 62.9188584089279 66.790901362896 0.597021056339145 1.12001617625356 1.02202689833939 2.35033174231648 0.772979527711868 2.81664900481701 1.1413759496063 3.80659017711878 0.9159638248384 36.3102293610573 21.5998819470406 1.20488983206451 1.49130837246776 1.44692920893431 5.6862480789423 1.44631729461253 1.45736519806087 3.63498006761074 0.948072722181678 4.1814897954464 3.55216027423739 1.9171339366585 0.278715821448714 0.310588815249503 1.3053172044456 0.766414558514953 19.721158772707 0.514171380549669 0.603457434102893 4.8572985008359 0.567405092529953 0.501589282415807 8.22642679512501 8.85317094624043 0.524833966977894 0.572257377207279 921.284754753113 7.68029054999352 0.786814549937844 1.59507158398628
