Model input/Uganda/discharge/discharge_aug_1.asc
NCOLS 67 
NROWS 67 
XLLCORNER 29.5000000014144 
YLLCORNER -1.49999999936061 
CELLSIZE 0.0833333332926796 
NODATA_value -9999 
[rows 20 to 39 of 67, columns 0 to 44 of 67]
-9999 -9999 -9999 -9999 -9999 -9999 -9999 -9999 -9999 -9999 -9999 -9999 -9999 -9999 -9999 1.49793220311403 0.567947139032185 0.643997565843165 1.06993550620973 0.902110144495964 0.676849324256182 1.09252622164786 2.04923984594643 3.27210164070129 5.6249166354537 4.65927293896675 0.730485633481294 1.35439913906157 1476.64660072327 8.72909335792065 0.529080107808113 0.566037564538419 1.09286908619106 1.10725399851799 20.3533473312855 19.4975807070732 3.42019997164607 1.06221186183393 0.536609120666981 0.758983479812741 0.954241620376706 1.01101007126272 1.38380619697273 1.55621014907956 19.9063489735126
-9999 -9999 -9999 -9999 -9999 -9999 -9999 -9999 -9999 -9999 -9999 -9999 -9999 -9999 -9999 0.48866171669215 0.549306203611195 0.512875929474831 0.373076422140002 0.585433745756745 1.11195270717144 0.487006884068251 2.87689357995987 0.52515376615338 1485.96287345886 1485.57217597961 1484.3696975708 1478.49835777283 1.0139618543908 1467.27264404297 1466.62056159973 0.707751116715372 1.95081762969494 0.96946257352829 22.8872197270393 0.569969832897186 1.01534168422222 8.46768221259117 5.77147205173969 4.45171960443258 2.89991897717118 0.610651061870158 0.570134096778929 0.863478938117623 0.778845344670117
-9999 -9999 -9999 -9999 -9999 -9999 -9999 -9999 -9999 -9999 -9999 -9999 -9999 -9999 -9999 -9999 0.538313910365105 1.02085150964558 0.756694184616208 0.385132064577192 1391.19941139221 1391.19941139221 1391.19941139221 1486.53770446777 0.551404031459242 0.5865772315301 0.69673562515527 3.83903762325644 2.95917010679841 1.95129166170955 1.26348941400647 1463.79929924011 1462.94443702698 1459.18412399292 0.888612961396575 0.996022598817945 11.0744333863258 0.875538835301995 1.91685245931149 0.989037711173296 0.882667614147067 0.624478029087186 0.555599360726774 0.548023410141468 0.764893571846187
-9999 -9999 -9999 -9999 -9999 -9999 -9999 -9999 -9999 -9999 -9999 -9999 -9999 -9999 -9999 -9999 -9999 0.629689102061093 1391.19941139221 1391.19941139221 1391.19941139221 1391.19941139221 1391.19941139221 1.55817653704435 1.100193079561 2.57926228269935 1.37673588935286 3.13289548456669 0.992284109815955 0.959598266519606 0.743623305112123 0.758986284956336 3.02146051824093 1434.04914283752 0.806805892847478 1.76520886644721 14.5531318485737 1.8982706181705 0.958311166614294 0.817922819405794 0.599960658699274 0.562527177855372 1.46359426341951 2.947883117944 0.797433647327125
-9999 -9999 -9999 -9999 -9999 -9999 -9999 -9999 -9999 -9999 -9999 -9999 -9999 -9999 -9999 0.390741917304695 0.312335264869034 1391.19941139221 1391.19941139221 1391.19941139221 1391.19941139221 1391.19941139221 1391.19941139221 1391.19941139221 15.2739796191454 10.8383850902319 9.39274906367064 1.70260949619114 1.37347976863384 0.426580683328211 0.713980860076845 0.737474240362644 0.755579796619713 3.78577569872141 1431.9375038147 14.9798771440983 0.863334828056395 0.704353800974786 0.693569602444768 3.34448821470141 1.68414931744337 0.551020652987063 7.06110775470734 3.54413662850857 0.574181277304888
-9999 -9999 -9999 -9999 -9999 -9999 -9999 -9999 -9999 -9999 -9999 -9999 -9999 -9999 -9999 0.643579038791358 1391.19941139221 1391.19941139221 1391.19941139221 1391.19941139221 1391.19941139221 1391.19941139221 1391.19941139221 1391.19941139221 1.35436265962198 0.739648135146126 0.851430969312787 3.88654116541147 0.805384361185133 1.36908319965005 0.697260297834873 0.712990643456578 0.73618006054312 1410.78468513489 9.45247426629066 7.52132031321526 6.77833916246891 5.50745747238398 4.21309980005026 1.11166062764823 1.13868410140276 0.56750971544534 9.54218365252018 1.48940307833254 0.547704772092402
-9999 -9999 -9999 -9999 -9999 -9999 -9999 -9999 -9999 -9999 -9999 -9999 -9999 -9999 -9999 1391.19941139221 1391.19941139221 1391.19941139221 1391.19941139221 1391.19941139221 1391.19941139221 1391.19941139221 1391.19941139221 0.935473657213151 4.9153907597065 0.87975996453315 0.909753299318254 2.97439958527684 0.608564984053373 3.26500090584159 1.2988910432905 1.37211572751403 0.714114919304848 1398.76810455322 1399.7502822876 1.60533775761724 0.845842592418194 0.688392179086804 0.722452010028064 2.53516518697143 2.04041037708521 14.594879925251 0.67799108941108 2.46851437911391 1.41926935687661
-9999 -9999 -9999 -9999 -9999 -9999 -9999 -9999 -9999 -9999 -9999 -9999 -9999 -9999 -9999 1391.19941139221 1391.19941139221 1391.19941139221 1391.19941139221 1391.19941139221 1391.19941139221 1391.19941139221 1391.19941139221 0.366663743276149 2.79409822821617 0.796732608228922 0.671565128490329 0.636888535693288 0.661162139847875 0.63649142999202 5.23668717592955 1397.97955513 1397.97955513 1397.97955513 0.638489400036633 0.667782492004335 0.842648476362228 2.3825312256813 4.51918475329876 28.6808052062988 24.637004584074 7.7681420147419 0.820163937285542 3.06392301619053 1238.16312408447
-9999 -9999 -9999 -9999 -9999 -9999 -9999 -9999 -9999 -9999 -9999 -9999 -9999 -9999 1391.19941139221 1391.19941139221 1391.19941139221 1391.19941139221 1391.19941139221 1391.19941139221 1391.19941139221 1391.19941139221 2.97929676249623 1.88200104236603 2.36610467731953 1.82471937872469 0.636746427975595 2.60580669716001 0.611159935593605 0.505964054726064 1.11652569845319 1397.97955513 1397.97955513 1397.97955513 42.9576035141945 1.53286476433277 0.72263618465513 1.39638844784349 35.5436438322067 0.961543272249401 0.797129083424807 5.25261449068785 4.29494263231754 0.614023783244193 1238.16312408447
-9999 -9999 -9999 -9999 -9999 -9999 -9999 -9999 -9999 -9999 -9999 1391.19941139221 1391.19941139221 1391.19941139221 1391.19941139221 1391.19941139221 1391.19941139221 1391.19941139221 1391.19941139221 1391.19941139221 1391.19941139221 0.730894555337727 0.716879895888269 0.546513651497662 0.603234125301242 1.23724674247205 0.605196851305664 3.15139351785183 0.546243230812252 0.346191787626594 1.21945706941187 1397.97955513 1397.97955513 1397.97955513 1238.16312408447 40.2499774694443 38.9165772795677 37.9035367369652 1238.16312408447 1238.16312408447 1238.16312408447 1238.16312408447 1238.16312408447 1238.16312408447 1238.16312408447
-9999 -9999 -9999 -9999 -9999 -9999 -9999 -9999 -9999 -9999 1.01043999008834 1391.19941139221 1391.19941139221 1391.19941139221 1391.19941139221 1391.19941139221 1391.19941139221 1391.19941139221 1391.19941139221 1391.19941139221 0.98260027077049 0.487836473621428 0.495126826222986 1.03879721090198 0.592934767715633 0.518552029505372 1.31131488829851 5.05586241185665 1.07789404504001 0.205551862018183 99.770078420639 1.76874402351677 0.645607741549611 2.23447282984853 1238.16312408447 1238.16312408447 1238.16312408447 1238.16312408447 1238.16312408447 1238.16312408447 1238.16312408447 1238.16312408447 1238.16312408447 1238.16312408447 1238.16312408447
-9999 -9999 -9999 -9999 -9999 -9999 -9999 -9999 -9999 -9999 1391.19941139221 1391.19941139221 1391.19941139221 1391.19941139221 1391.19941139221 1391.19941139221 1391.19941139221 1391.19941139221 0.427403784589842 4.20425944030285 0.548327247612178 0.545517918653786 0.614023694768548 0.596044334582984 2.98509278893471 1.28164804913104 6.35603559017181 5.65899847447872 78.1510230302811 99.283303976059 20.1810864210129 0.744777859188616 0.742640755139291 0.704889591783285 1.88295553997159 1.139035301283 1238.16312408447 1238.16312408447 1238.16312408447 1238.16312408447 1238.16312408447 1238.16312408447 1238.16312408447 1238.16312408447 1238.16312408447
-9999 -9999 -9999 -9999 -9999 -9999 -9999 -9999 -9999 0.872416889294982 1391.19941139221 1391.19941139221 1391.19941139221 1391.19941139221 1391.19941139221 1391.19941139221 1391.19941139221 1.82699594646692 0.579170577228069 3.6663789190352 2.2488056756556 1.17825165390968 0.572980322409421 0.675204804167151 29.3480370640755 31.5700752139091 7.05745516717434 76.6824864149094 0.475504169240594 0.451558146625757 0.566479013301432 18.5011248886585 0.8157854732126 0.856887140311301 0.781681150197983 0.734731236472726 1238.16312408447 1238.16312408447 1238.16312408447 0.585831539006904 1238.16312408447 1238.16312408447 1238.16312408447 1238.16312408447 1238.16312408447
-9999 -9999 -9999 -9999 -9999 -9999 -9999 -9999 -9999 0.815360531210899 1391.19941139221 1391.19941139221 1391.19941139221 1391.19941139221 1391.19941139221 1391.19941139221 0.644968457520008 1.07985001988709 0.368020740803331 0.382995650637895 0.453481371048838 0.415912346914411 22.4254175424576 25.8702458441257 2.11060750856996 0.496324884705245 40.4821763634682 0.462019486818463 35.3511262536049 5.79329243302345 0.820857251062989 0.537378984503448 18.1045513451099 1.62497684173286 0.842697946354747 0.675230216234922 5.65771774202585 0.691629863344133 0.471136228181422 26.229233622551 1238.16312408447 1238.16312408447 3.3450762542131e-05 1238.16312408447 1238.16312408447
-9999 -9999 -9999 -9999 -9999 -9999 1.14875240623951 1.95427333563566 0.91605044528842 0.396620188374072 40.7455211281776 1391.19941139221 1391.19941139221 1391.19941139221 1391.19941139221 0.638769447803497 0.678293916396797 0.472681325860322 0.491890734992921 0.320298673119396 4.775863468647 19.6742588281631 0.734380594454706 0.483230849262327 0.470447606407106 1.29960754141212 1.45940358377993 0.688017542473972 27.9084829092026 0.754722720012069 4.59511214494705 0.706032604910433 2.02460963651538 12.7176424860954 0.641598484478891 0.736990606412292 1.35545077174902 2.94550966843963 0.723125038668513 26.229233622551 0.832834906876087 1022.99989509583 6.81784211099148 0.873214907944202 1238.16312408447
-9999 -9999 -9999 -9999 -9999 -9999 2.16676615178585 2.82248406857252 0.431348049081862 40.3780156373978 0.353635483421385 1391.19941139221 1391.19941139221 1391.19941139221 1391.19941139221 15.4421214312315 13.6418980807066 12.5835337787867 10.5157631784678 9.64648862183094 3.53842945769429 0.480324647389352 14.5520751774311 12.0570116639137 0.459180844947696 0.531244748737663 0.707394363358617 2.54764185473323 24.6515366435051 0.358558569569141 3.50795710831881 0.692411058582366 1.27371157333255 0.63021628651768 10.599459156394 0.691676029935479 0.695859402418137 2.27405267208815 0.866900287568569 24.1907588243484 0.953972505405545 1010.24864768982 1.78055671602488 5.32623599469662 0.766922656446695
-9999 -9999 -9999 -9999 -9999 0.504738911055028 0.768959976732731 2.5805380307138 39.6519570350647 0.194863488664851 0.145475956145674 1391.19941139221 1391.19941139221 1391.19941139221 0.669564042240381 2.85688487440348 0.418061311822385 1.0083843767643 0.843575547449291 9.23813774436712 0.36224202811718 2.8966446518898 1.86668237671256 10.9126026183367 0.728012009523809 0.547253847122192 0.483266722876579 1.35760359466076 2.04658832028508 22.422408759594 0.824154499918222 1.79584854841232 0.660005456767976 0.651764241978526 5.82620117813349 3.69180113822222 0.671090348623693 0.823782626539469 1.72412414476275 22.7138116359711 0.948073705658317 1007.38535499573 0.898043248802423 3.70652218908072 0.738100286573172
-9999 -9999 0.193220720859244 0.757386922836304 0.399052441120148 0.260022703092545 0.244457097258419 1.2290317248553 33.7605420947075 0.155030851019546 2.15761122107506 2.27365324646235 30.9008896946907 0.580280903726816 0.801420689560473 1.62737046182156 0.798358479514718 0.557503794319928 0.404070150107145 9.03710947930813 0.354141173884273 2.37529529072344 1.02805839665234 3.51600534841418 9.46741944551468 1.02166049741209 0.539704715833068 0.529258272610605 1.75573470070958 22.0326759517193 19.4530335962772 0.461023424752057 0.701363780535758 0.703114883974195 4.77490465342999 0.419267370831221 1.89298488944769 0.776639107614756 1.05790589563549 18.4530193209648 0.952955750748515 1003.70620536804 0.843005828559399 0.824327547103167 1.31289945542812
-9999 0.540147515945137 1.9280527792871 0.485936098732054 0.122075970284641 0.409139233641326 31.1312413811684 31.9389338493347 0.200045381905511 0.14563714293763 1.98396242409945 0.574697712436318 3.60826842486858 26.2812304496765 23.0184120237827 0.859244143590331 1.55708615854383 0.696827686391771 2.6086863130331 5.92110008001328 1.59428496100008 0.86530552431941 1.03286720439792 2.73167491704226 0.537774011492729 3.63787396252155 0.313176803290844 0.24778721248731 0.748404215089977 0.692321198992431 2.18035640567541 19.0292531847954 2.03738544136286 0.463580065406859 4.3765622600913 0.515034632757306 1.39156525954604 0.664041021838784 0.923028873279691 16.4035669565201 0.548487554304302 999.714643478394 0.74986856430769 0.731888962909579 0.365862183272839
-9999 0.479183875024319 0.808422705158591 27.0012902319431 27.4235632717609 30.0578691661358 0.487075166776776 0.729527342133224 0.754643814638257 1.73657852783799 0.584966029040515 2.21039427444339 0.762197153642774 2.89278584718704 0.738154675811529 20.9208774268627 12.0127849280834 0.681778865866363 1.06187776476145 0.936404963955283 3.82668094336987 0.959605561569333 0.887484728358686 2.05211846157908 0.587381528690457 3.09478388354182 2.5421779230237 1.48539729975164 0.265581514686346 0.263824454974383 1.13688136078417 0.629746408201754 15.8901283740997 0.45609446708113 0.506259506568313 3.44051042199135 0.558924495242536 0.49516111984849 7.73665097355843 8.14777700603008 0.508059659041464 0.563405252061784 997.352415084839 6.58372391760349 0.675108470954001
