Model input/Uganda/discharge/discharge_sep_1.asc
NCOLS 67 
NROWS 67 
XLLCORNER 29.5000000014144 
YLLCORNER -1.49999999936061 
CELLSIZE 0.0833333332926796 
NODATA_value -9999 
[rows 0 to 19 of 67, columns 0 to 44 of 67]
-9999.000000000000000 -9999 -9999 -9999 -9999 -9999 -9999 -9999 -9999 -9999 -9999 -9999 -9999 -9999 -9999 -9999 -9999 -9999 -9999 -9999 -9999 -9999 -9999 -9999 -9999 -9999 -9999 -9999 -9999 -9999 -9999 0.461371646262705 0.456627358682454 -9999 -9999 -9999 -9999 -9999 -9999 -9999 -9999 -9999 -9999 -9999 -9999
-9999 -9999 -9999 -9999 -9999 -9999 -9999 -9999 -9999 -9999 -9999 -9999 -9999 -9999 -9999 -9999 -9999 -9999 -9999 -9999 -9999 -9999 -9999 -9999 -9999 -9999 -9999 -9999 -9999 0.496195830404758 0.861995687708259 0.413727205246687 1.29107975959778 0.412718421313912 0.429906127043068 0.415526863187551 0.71180921792984 0.65305482968688 0.350285068154335 0.416131998877972 -9999 -9999 -9999 -9999 -9999
-9999 -9999 -9999 -9999 -9999 -9999 -9999 -9999 -9999 -9999 -9999 -9999 -9999 -9999 -9999 -9999 -9999 -9999 -9999 -9999 -9999 -9999 -9999 -9999 -9999 -9999 -9999 -9999 -9999 2.10403391346335 0.34624790539965 1.6376430504024 12.3072757273912 11.1318611949682 0.392801258247346 8.627451390028 7.37594790756702 5.51734435558319 2.66486979648471 1.49060590006411 0.427305903285742 0.594613499008119 0.671225958503783 -9999 -9999
-9999 -9999 -9999 -9999 -9999 -9999 -9999 -9999 -9999 -9999 -9999 -9999 -9999 -9999 -9999 -9999 -9999 -9999 -9999 -9999 -9999 -9999 -9999 -9999 -9999 0.625898050144315 -9999 -9999 -9999 2.50347626954317 0.313887007068843 14.6561580896378 0.384185025468469 0.382976369932294 10.3837398588657 0.933522626757622 0.528258858248591 0.561910600401461 1.53166500665247 0.777847822755575 0.615697744302452 0.757384372875094 1.74839918874204 -9999 -9999
-9999 -9999 -9999 -9999 -9999 -9999 -9999 -9999 -9999 -9999 -9999 -9999 -9999 -9999 -9999 -9999 -9999 -9999 -9999 -9999 -9999 -9999 0.607157635036856 -9999 -9999 1.18296669237316 -9999 -9999 -9999 1801.821144104 191.80806016922 173.7142598629 1.91818588972092 1.33973647654057 0.673397845588624 0.420262154191732 0.587460124865174 1.78536281175911 1.16843935567886 0.610839718952775 1.95838366821408 0.548742806538939 2.66693463176489 0.404569931328297 -9999
-9999 -9999 -9999 -9999 -9999 -9999 -9999 -9999 -9999 -9999 -9999 -9999 -9999 -9999 -9999 -9999 -9999 -9999 -9999 -9999 -9999 1.2316399179399 1.85257419757545 1.15968624595553 1.69807174429297 0.495034005492926 1564.53446769714 1564.53446769714 1609.9137172699 1609.9137172699 0.406625253614038 171.123497247696 18.0239078253508 16.0347355902195 0.679848440922797 4.08090844750404 3.3739496730268 1.00567079987377 0.66012308280915 0.630577109754086 0.541103130206466 2.9961922802031 3.48075412586331 0.421539218630642 -9999
-9999 -9999 -9999 -9999 -9999 -9999 -9999 -9999 -9999 -9999 -9999 -9999 -9999 -9999 -9999 -9999 -9999 -9999 -9999 0.829062024131417 5.9917865395546 7.2594974860549 11.6240091472864 13.9229042232037 3.34266875311732 0.314189505530521 1564.53446769714 1564.53446769714 1609.9137172699 1609.9137172699 40.1182436347008 0.453200828284025 152.399029254913 1.51576261688024 15.3231443315744 7.49370262771845 6.58050077408552 3.45012773573399 0.668529558926821 1.24551058188081 1.75723093189299 4.17329777032137 8.13270646333694 0.342854301445186 -9999
-9999 -9999 -9999 -9999 -9999 -9999 -9999 -9999 -9999 -9999 -9999 -9999 -9999 -9999 -9999 -9999 -9999 1.57131416536868 2.43634228780866 3.99912669509649 0.655777343548834 1.17868433054537 1.24219695199281 14.2823867201805 0.336071448386065 3.97798346728086 1563.52265930176 0.586787533946335 2.21898486465216 2.91259099170566 20.7918621301651 18.2041801512241 151.559673786163 0.573011217173189 0.988526144064963 2.13499701209366 2.0431937687099 1.03610234893858 0.59553530625999 0.536772754974663 2.75391712039709 0.41063336096704 9.42162543535233 0.396202250383794 0.356849032919854
-9999 -9999 -9999 -9999 -9999 -9999 -9999 -9999 -9999 -9999 -9999 -9999 -9999 -9999 -9999 -9999 -9999 1.56728387624025 0.81248473841697 0.708296360448003 0.681435642763972 1.77337474562228 2.34937836229801 19.0230713784695 19.9695340394974 1559.81896972656 0.786909373942763 0.828383710235357 1.62342462688684 2.49015456065536 19.9837844073772 17.3245402872562 0.986479477025568 150.228008031845 1.72660488262773 1.09229729790241 1.12369443289936 1.10568798985332 1.18500627949834 0.538700921460986 0.470185269601643 35.6275153756142 0.410745576024055 1.16603946313262 0.39126489078626
-9999 -9999 -9999 -9999 -9999 -9999 -9999 -9999 -9999 -9999 -9999 -9999 -9999 -9999 -9999 -9999 -9999 2.5808506719768 3.37181390076876 5.60992769896984 1.2200278211385 2.46912864223123 2.27058259956539 0.509964931145078 1536.24332046509 0.930899281520396 3.17303244397044 0.641979527194053 1.69198733754456 6.9780535325408 16.6152067482471 0.996975517831743 15.4071412235498 149.42166185379 146.845056772232 0.672071322333068 1.13235510978848 4.38158765435219 0.95497952029109 1.18768831156194 38.4502604007721 36.1721178293228 22.0204998552799 1.70188068598509 0.381228579208255
-9999 -9999 -9999 -9999 -9999 -9999 -9999 -9999 -9999 -9999 -9999 -9999 -9999 -9999 -9999 -9999 0.957640761975199 1.86053849197924 7.63662030547857 14.1120820939541 18.7037926316261 19.2450504899025 23.5031912326813 3.31546929478645 1536.165807724 7.20984577387571 1.04671489354223 1.03841040376574 2.3337448630482 3.70487615838647 7.59671857208014 1.07846918795258 13.3644320070744 1.07018451392651 0.707675766665488 145.356013059616 5.02405602484941 1.10005263052881 44.5920637249947 43.8042993545532 1.08360498398542 0.538191684521735 0.493378292769194 19.1781559884548 16.2330368459225
-9999 -9999 -9999 -9999 -9999 -9999 -9999 -9999 -9999 -9999 -9999 -9999 -9999 -9999 -9999 -9999 0.891424088738859 4.94071787968278 0.869642766192555 1.76570624858141 1.45236707851291 0.599818096496165 0.611219565878855 1524.51582717896 1.36341483332217 6.13040765374899 4.90225761756301 1.17034547682852 1.23369150422513 2.65602878853679 5.33678511530161 6.5492477118969 11.1688812375069 1.12308088317513 1.25053981505334 84.296190738678 53.2305628061295 52.4667058587074 6.1451990455389 0.598101803101599 2.80784028023481 2.18877551704645 0.492881957441568 2.28001514822245 0.465342476963997
-9999 -9999 -9999 -9999 -9999 -9999 -9999 -9999 -9999 -9999 -9999 -9999 -9999 -9999 -9999 0.774651507847011 2.98243132606149 1.04037497658283 1.94067624956369 5.45104887336493 0.85744471475482 1.5771101936698 1500.46627044678 1500.46627044678 1.18017247319221 1.27577807474881 1.25398068409413 1.28547153249383 1.27852462790906 1.95806321129203 1.32769094221294 2.83095545694232 8.1529166251421 0.657339127734303 0.746552068740129 3.05145327374339 79.1850957870483 0.566888687200844 1.10416425205767 4.29802452772856 0.610957926139235 1.12611456587911 0.529347869567573 1.43052578903735 0.391086978372186
-9999 -9999 -9999 -9999 -9999 -9999 -9999 -9999 -9999 -9999 -9999 -9999 -9999 -9999 -9999 -9999 1.15873938240111 0.999169621616602 1.9855574183166 1.48106515593827 5.95170490443707 0.5008116060053 1500.46627044678 1500.46627044678 2.59606671333313 1.34329264052212 2.8435360789299 1.43248802423477 1.37040534988046 0.636301197111607 0.705549474805593 1.67599913477898 7.49855536967516 2.62662730365992 0.736691457219422 0.803589629940689 78.369492650032 0.69010965526104 0.665624959394336 3.68780006468296 1.09829938039184 0.604917476885021 0.561222458258271 1.01339445821941 0.398789842613041
-9999 -9999 -9999 -9999 -9999 -9999 -9999 -9999 -9999 -9999 -9999 -9999 -9999 -9999 -9999 -9999 -9999 0.919407838955522 2.49159819632769 4.75317040085793 5.16830471158028 12.218302115798 1487.92719459534 3.69334191828966 2.57638807222247 4.147879447788 1.34316216409206 3.57496416941285 0.799998681992292 0.745609302073717 0.805013059638441 0.865524077787995 4.1570592597127 1.79293074645102 0.907277767546475 0.854141926392913 3.9798169285059 72.711877822876 0.849698084406555 0.758049702271819 24.9683106541634 0.536857254803181 1.40172015503049 0.725768402218819 18.9401981830597
-9999 -9999 -9999 -9999 -9999 -9999 -9999 -9999 -9999 -9999 -9999 -9999 -9999 -9999 -9999 -9999 1.27757229283452 2.10858628898859 1.06772287935019 2.35874291881919 2.91015118360519 3.2251899279654 1472.04953193665 0.85001424793154 13.8622792810202 12.7715535014868 6.13435734808445 1.31174925528467 0.61405972763896 2.15828841924667 2.18925432115793 0.737058117054403 0.903252465650439 2.478725515306 1.29446263238788 1.75368305295706 2.44907998293638 2.26099390909076 68.612428188324 27.7038906812668 1.88565766066313 24.3465748131275 21.6500427722931 20.3954612016678 0.675710499286652
-9999 -9999 -9999 -9999 -9999 -9999 -9999 -9999 -9999 -9999 -9999 -9999 -9999 -9999 -9999 -9999 1.20352399721742 5.78523810207844 8.94594417512417 1.14872688427567 20.068412899971 26.2697594761848 26.3456394672394 1472.32546043396 0.865109356120229 1.05264595989138 1.12805590778589 1.19946428015828 6.08801307529211 4.9244721159339 0.665245552547276 0.72449092939496 1.23089465685189 1.0368069447577 1.95280539244413 0.889228127896786 0.813357271254063 0.672335745766759 3.31941244006157 36.7866284251213 0.681752528529614 1.03334747627378 0.465643788687885 0.427903765812516 0.419159958139062
-9999 -9999 -9999 -9999 -9999 -9999 -9999 -9999 -9999 -9999 -9999 -9999 -9999 -9999 -9999 1.05859974212945 3.80005145072937 0.722587107680738 8.46035647392273 18.398774266243 5.99055675417185 0.528678270988166 0.604701532050967 1430.99833679199 15.2670028656721 12.6225940436125 10.5817850381136 8.37186223268509 7.26134218275547 0.559022985398769 1.47575234994292 0.818448821082711 0.752584180794656 4.81585442274809 0.761594080366194 1.60796160064638 0.712631685659289 1.96950783208013 2.60585341602564 36.0267238616943 35.4216619729996 0.402527500875294 0.431267788633704 0.464746769051999 0.800730917602777
-9999 -9999 -9999 -9999 -9999 -9999 -9999 -9999 -9999 -9999 -9999 -9999 -9999 -9999 -9999 0.729026556015015 2.72083911299706 0.697902451269329 6.2210932970047 1.53206311911345 5.46969768404961 0.546063735149801 1.57645514421165 1431.09695243835 0.719208632595837 0.845455723814666 0.955709761939943 1.59844494611025 0.525350492447615 0.547067329287529 2.91154589504004 0.761757599189878 0.82239278126508 1.65598104707897 7.94843718409538 0.751138995401561 0.813947199843824 0.66777510009706 0.62819092348218 1.28092638403177 3.65487958490849 30.0121430158615 0.352551399264485 2.14781389571726 1.26457424089313
-9999 -9999 -9999 -9999 -9999 -9999 -9999 -9999 -9999 -9999 -9999 -9999 -9999 -9999 -9999 0.614345570094883 3.11198459565639 5.53769764304161 0.649346917867661 2.70632655918598 0.583681291900575 0.442295659333467 0.505872724577785 0.621800683438778 1414.25825691223 0.661513757891953 4.2772766686976 0.914626932702959 0.517551912926137 7.62360456585884 3.64509665966034 2.50601297616959 1.13683493621647 2.60469853132963 11.522306188941 1.787403549999 1.83925567567348 1.31139450334013 0.629625007510185 0.598697543144226 1.53291737660766 0.84557225368917 28.6277246177197 22.4541510641575 1.13117041438818
