Model input/Uganda/discharge/discharge_sep_1.asc
NCOLS 67 
NROWS 67 
XLLCORNER 29.5000000014144 
YLLCORNER -1.49999999936061 
CELLSIZE 0.0833333332926796 
NODATA_value -9999 
[rows 20 to 39 of 67, columns 0 to 44 of 67]
-9999 -9999 -9999 -9999 -9999 -9999 -9999 -9999 -9999 -9999 -9999 -9999 -9999 -9999 -9999 1.56990214064717 0.600090906023979 0.682053351774812 1.11226437799633 0.8712317077443 0.587151095271111 1.01856824941933 2.01108922809362 3.86751184239984 6.08829182386398 4.90683419629931 0.769779669120908 1.40651999227703 1455.16377258301 8.82893522083759 0.538978504016995 0.574894580990076 1.09020033665001 1.11366719566286 20.5786510109901 19.6453846991062 3.50080174952745 1.07474010065198 0.557160775177181 0.775799214839935 0.984135942533612 1.04494789801538 1.43436410091817 1.61658482253551 20.7433573305607
-9999 -9999 -9999 -9999 -9999 -9999 -9999 -9999 -9999 -9999 -9999 -9999 -9999 -9999 -9999 0.508917909115553 0.578047120943666 0.533389153890312 0.387580946087837 0.592123840935528 1.12539501860738 0.47340398747474 2.98151019588113 0.597272595390677 1465.98204803467 1465.16218566895 1463.62234306335 1457.25443267822 1.04010185040534 1445.40434646606 1444.52159118652 0.722756661474705 1.97290780767798 0.979578785598278 23.2942737936974 0.600519463419914 1.03129861876369 8.74917846918106 5.95102544873953 4.58547257632017 2.99116744473577 0.631654107011855 0.590375977568328 0.895819881930947 0.806968136690557
-9999 -9999 -9999 -9999 -9999 -9999 -9999 -9999 -9999 -9999 -9999 -9999 -9999 -9999 -9999 -9999 0.559208917431533 1.05937332473695 0.790776158683002 0.393745058681816 1414.25825691223 1414.25825691223 1414.25825691223 1467.01109313965 0.647353354841471 0.694676212966442 0.805197859182954 4.00325106456876 3.05953320115805 2.01173017919064 1.29852489754558 1441.42902565002 1440.33501243591 1436.27627944946 0.904660420492291 1.01634078845382 11.4177358597517 0.89449629560113 1.97561888024211 1.02116337604821 0.905574183911085 0.649907329119742 0.57659037783742 0.573635091073811 0.794560793787241
-9999 -9999 -9999 -9999 -9999 -9999 -9999 -9999 -9999 -9999 -9999 -9999 -9999 -9999 -9999 -9999 -9999 0.671245261095464 1414.25825691223 1414.25825691223 1414.25825691223 1414.25825691223 1414.25825691223 1.8371363459155 1.31403607036918 3.05653390288353 1.61475128959864 3.40919274091721 1.04781460948288 0.989936679601669 0.760604469105601 0.777104244567454 3.12390196323395 1410.4135055542 0.832082843407989 1.80176506191492 15.0655678808689 1.9726096354425 0.992202363908291 0.847054004669189 0.634337891824543 0.602109245024621 1.52297097817063 3.05559001117945 0.820084454491735
-9999 -9999 -9999 -9999 -9999 -9999 -9999 -9999 -9999 -9999 -9999 -9999 -9999 -9999 -9999 0.414353699423373 0.335764106828719 1414.25825691223 1414.25825691223 1414.25825691223 1414.25825691223 1414.25825691223 1414.25825691223 1414.25825691223 17.1311755478382 11.8777289390564 10.2388222143054 1.83735124766827 1.48078196682036 0.459175950847566 0.740558875724673 0.764330270700157 0.780820077285171 3.94757035374641 1408.06366157532 15.534185230732 0.903560969978571 0.732569598592818 0.712127795442939 3.50118183344603 1.77090190164745 0.588492688722908 7.3785365074873 3.6755086556077 0.598681275732815
-9999 -9999 -9999 -9999 -9999 -9999 -9999 -9999 -9999 -9999 -9999 -9999 -9999 -9999 -9999 0.685528879985213 1414.25825691223 1414.25825691223 1414.25825691223 1414.25825691223 1414.25825691223 1414.25825691223 1414.25825691223 1414.25825691223 1.57413435541093 0.864843634422868 0.92135639116168 4.19002893194556 0.868093029595912 1.43555977381766 0.730424637906253 0.744478669948876 0.768449985422194 1385.91773796082 9.97650960087776 7.87724053859711 7.09310983121395 5.75919036567211 4.41488233953714 1.15974452160299 1.18255299888551 0.599559540860355 9.96872238814831 1.5416958630085 0.580266210250556
-9999 -9999 -9999 -9999 -9999 -9999 -9999 -9999 -9999 -9999 -9999 -9999 -9999 -9999 -9999 1414.25825691223 1414.25825691223 1414.25825691223 1414.25825691223 1414.25825691223 1414.25825691223 1414.25825691223 1414.25825691223 1.05591264273971 5.33527440577745 0.968236130662262 0.982174472883344 3.19082538038492 0.649263681843877 3.45711911469698 1.36426319926977 1.44097329489887 0.746720903553069 1372.74783325195 1374.12120628357 1.70870331302285 0.894258595071733 0.727455853484571 0.758764076046646 2.48729434236884 2.03326119482517 14.8502522408962 0.651291009970009 2.58659926056862 1.47651614807546
-9999 -9999 -9999 -9999 -9999 -9999 -9999 -9999 -9999 -9999 -9999 -9999 -9999 -9999 -9999 1414.25825691223 1414.25825691223 1414.25825691223 1414.25825691223 1414.25825691223 1414.25825691223 1414.25825691223 1414.25825691223 0.426371993729845 2.99110062792897 0.859491614624858 0.71249467227608 0.691112389788032 0.714339720085263 0.689610849134624 5.55293086916208 1371.87592124939 1371.87592124939 1371.87592124939 0.675105189904571 0.706901524215937 0.890475977212191 2.52779552340508 4.59066089987755 28.7741532921791 24.7593623697758 7.73699301481247 0.76571055687964 3.22965053468943 1200.6153717041
-9999 -9999 -9999 -9999 -9999 -9999 -9999 -9999 -9999 -9999 -9999 -9999 -9999 -9999 1414.25825691223 1414.25825691223 1414.25825691223 1414.25825691223 1414.25825691223 1414.25825691223 1414.25825691223 1414.25825691223 3.16293120011687 1.98434336856008 2.52066545188427 1.93886192888021 0.682287096045911 2.81857985630631 0.663663378916681 0.567289276979864 1.23450233973563 1371.87592124939 1371.87592124939 1371.87592124939 43.5957214832306 1.5377535186708 0.7296207183972 1.29057747032493 35.6705395579338 0.9266801122576 0.828203776851296 5.48436065763235 4.49759171903133 0.624862843193114 1200.6153717041
-9999 -9999 -9999 -9999 -9999 -9999 -9999 -9999 -9999 -9999 -9999 1414.25825691223 1414.25825691223 1414.25825691223 1414.25825691223 1414.25825691223 1414.25825691223 1414.25825691223 1414.25825691223 1414.25825691223 1414.25825691223 0.774178240448236 0.767022345215082 0.569921786896884 0.613500923849642 1.3031216301024 0.631299020722508 3.39775512367487 0.598022331483662 0.395819115452468 1.38121319003403 1371.87592124939 1371.87592124939 1371.87592124939 1200.6153717041 40.6428281068802 39.1319739818573 38.0241087079048 1200.6153717041 1200.6153717041 1200.6153717041 1200.6153717041 1200.6153717041 1200.6153717041 1200.6153717041
-9999 -9999 -9999 -9999 -9999 -9999 -9999 -9999 -9999 -9999 1.05734529346228 1414.25825691223 1414.25825691223 1414.25825691223 1414.25825691223 1414.25825691223 1414.25825691223 1414.25825691223 1414.25825691223 1414.25825691223 1.05238998122513 0.526313259266317 0.499816572293639 1.04347593896091 0.599527482874691 0.526340254582465 1.34517760388553 5.37060645967722 1.20049738325179 0.259771479759365 108.880944371223 1.98858599364758 0.715659333392978 2.49882037937641 1200.6153717041 1200.6153717041 1200.6153717041 1200.6153717041 1200.6153717041 1200.6153717041 1200.6153717041 1200.6153717041 1200.6153717041 1200.6153717041 1200.6153717041
-9999 -9999 -9999 -9999 -9999 -9999 -9999 -9999 -9999 -9999 1414.25825691223 1414.25825691223 1414.25825691223 1414.25825691223 1414.25825691223 1414.25825691223 1414.25825691223 1414.25825691223 0.470318073872477 4.55736821144819 0.589334024116397 0.59412394836545 0.632459642365575 0.60180950537324 2.99829152971506 1.30749122425914 6.77755103260279 6.04112685471773 85.0221590995789 108.296948552132 22.192735761404 0.831139010377228 0.843330757692456 0.792088245041668 2.1024313159287 1.24811744131148 1200.6153717041 1200.6153717041 1200.6153717041 1200.6153717041 1200.6153717041 1200.6153717041 1200.6153717041 1200.6153717041 1200.6153717041
-9999 -9999 -9999 -9999 -9999 -9999 -9999 -9999 -9999 0.920846188440919 1414.25825691223 1414.25825691223 1414.25825691223 1414.25825691223 1414.25825691223 1414.25825691223 1414.25825691223 2.01402247324586 0.62743413168937 3.98665208369493 2.42673422768712 1.26372493058443 0.665613822638988 0.778342050500214 32.5936553478241 35.0353910923004 7.5495879650116 83.3444805145264 0.523851790465415 0.505285639315844 0.630732633173466 20.3353884518147 0.923036731779575 0.96360682696104 0.866256976500154 0.801710706204176 1200.6153717041 1200.6153717041 1200.6153717041 0.60220512188971 1200.6153717041 1200.6153717041 1200.6153717041 1200.6153717041 1200.6153717041
-9999 -9999 -9999 -9999 -9999 -9999 -9999 -9999 -9999 0.846830585971475 1414.25825691223 1414.25825691223 1414.25825691223 1414.25825691223 1414.25825691223 1414.25825691223 0.712827117182314 1.18217699602246 0.41166127147153 0.418504283763468 0.514630560297519 0.509520909748971 24.9050821959972 28.8915484547615 2.30087484046817 0.548400346189737 44.6877053380013 0.498870756477118 37.6527755856514 6.34599156677723 0.904061188921332 0.595454029738903 19.9105139672756 1.83093327656388 0.946300243958831 0.738546720705926 6.18524748831987 0.7492342479527 0.510648251511157 26.6146730184555 1200.6153717041 1200.6153717041 5.23524455673385e-05 1200.6153717041 1200.6153717041
-9999 -9999 -9999 -9999 -9999 -9999 1.15544991381466 1.98467555642128 0.948069978505373 0.396410849876702 40.8549976348877 1414.25825691223 1414.25825691223 1414.25825691223 1414.25825691223 0.716293612495065 0.752519812434912 0.522200912237167 0.516624679788947 0.329737176652998 5.25642215460539 21.5556025505066 0.786034736782312 0.543730467092246 0.530692950356752 1.4142501745373 1.59583373554051 0.752875020727515 29.4934482574463 0.821478576399386 5.02735383808613 0.780081985518336 2.22834165766835 13.9071007668972 0.715615931898355 0.82100154273212 1.49440042860806 3.21674128994346 0.781218344345689 26.6146730184555 0.833602009341121 962.207632064819 7.07697786390781 0.91306503303349 1200.6153717041
-9999 -9999 -9999 -9999 -9999 -9999 2.17422991618514 2.8678135201335 0.431402828544378 40.7657973766327 0.358722089789808 1414.25825691223 1414.25825691223 1414.25825691223 1414.25825691223 18.0698994398117 15.961584597826 14.6615608781576 12.3021237552166 11.3336164355278 3.94726864248514 0.483682281337678 15.8097223937511 13.1283256560564 0.49313869792968 0.559471776243299 0.777128463611007 2.70224638655782 26.0046083927155 0.399868277367204 3.82368269562721 0.761136301793158 1.39348836988211 0.691708044148982 11.5580388605595 0.768253388814628 0.768870456144214 2.48770539090037 0.937108894810081 24.4382037520409 0.970701579004526 949.819061279297 1.86429040506482 5.48789566755295 0.782295346260071
-9999 -9999 -9999 -9999 -9999 0.509918684139848 0.777390368282795 2.58903243765235 40.4712560772896 0.192468172870576 0.144600365776569 1414.25825691223 1414.25825691223 1414.25825691223 0.802151462063193 3.83275773376226 0.508673077914864 1.14250567555428 0.938648177310824 10.8395370990038 0.359447945840657 3.27963066101074 1.93402084708214 11.8711546808481 0.755446619354188 0.577188302762806 0.512387709692121 1.42638417705894 2.14374307915568 23.6724374592304 0.887594876810908 1.95173272117972 0.720835604704916 0.710565083660185 6.47248370200396 3.89313968271017 0.733742184937 0.896149391308427 1.86414598301053 22.9231242537498 0.971289366483688 947.485843658447 0.937379393726587 3.81364473700523 0.755509577691555
-9999 -9999 0.195136977359653 0.765027889050543 0.402295581996441 0.265027014538646 0.247746736276895 1.24256383255124 34.9511014223099 0.146311020245776 2.41466799378395 2.52585678547621 38.1287381649017 0.75918634980917 1.13942565955222 2.16642356850207 1.06529479566962 0.687329950742424 0.500375700183213 10.5543872714043 0.446258336305618 2.72573645785451 1.09015060029924 3.98409210518003 10.331271469593 1.05526734516025 0.565521824173629 0.549365227110684 1.82538551092148 23.2631201148033 20.6113288104534 0.494132275693119 0.748964676633477 0.765346569940448 5.32285683602095 0.43942081136629 1.95052701979876 0.837406801059842 1.15264180861413 18.4049794971943 0.979123307392001 944.184947967529 0.874143704771996 0.851071992889047 1.34458683989942
-9999 0.554276390001178 1.9530204385519 0.493219783529639 0.123715545982122 0.41429596953094 32.3992382884026 33.1987319588661 0.21565275080502 0.146797456778586 2.25471317023039 0.646069851703942 4.18253841996193 32.8030205965042 28.8587181866169 1.07702860049903 1.98097963631153 0.870702668093145 3.0374831110239 6.76559506356716 1.83772094734013 0.993432139977813 1.11284807045013 3.16597283631563 0.59247172344476 3.84963572770357 0.311994118615985 0.246773346792907 0.759085823781788 0.721554999239743 2.24511007592082 20.1638781428337 2.17081051692367 0.493665853515267 4.88745953887701 0.546273588202894 1.40661980584264 0.689048612490296 0.955628294497728 16.3217889368534 0.553530923090875 940.505290985107 0.781762812286615 0.760372104123235 0.381745575927198
-9999 0.48623073566705 0.82719755358994 27.9367930591106 28.2695738375187 31.3886166810989 0.506123095750809 0.834945222362876 0.870358865708113 1.99164834246039 0.68791120685637 2.43242587894201 0.849843345582485 3.24623513221741 0.813712799921632 26.2275586426258 14.7556666731834 0.835478676483035 1.208042236045 1.0522371660918 4.26805047318339 1.06589207984507 1.02208767738193 2.43558755144477 0.673186484724283 3.28815459832549 2.69977695867419 1.54943991452456 0.264487114734948 0.267936877440661 1.15295016951859 0.654227554798126 16.8315834701061 0.472926535643637 0.537478807382286 3.89181963354349 0.558459893800318 0.495014505460858 7.78878703713417 8.02273236215115 0.500433587469161 0.561284475028515 938.495838165283 6.67840620875359 0.699214952066541
