Model input/Uganda/discharge/discharge_mar_1.asc
NCOLS 67 
NROWS 67 
XLLCORNER 29.5000000014144 
YLLCORNER -1.49999999936061 
CELLSIZE 0.0833333332926796 
NODATA_value -9999 
[rows 40 to 59 of 67, columns 0 to 44 of 67]
0.332574001513422 0.217387546319515 39.252788990736 40.1876140832901 0.104504174552858 2.78174296393991 0.250042927917093 0.442605291493237 0.540151025168598 0.495820797048509 0.409626678563654 0.819772742688656 0.737265190109611 2.29182316735387 0.768804896622896 6.07786260545254 3.2080854177475 5.39355825632811 0.840534932911396 0.81263667717576 0.745822618715465 1.44647368788719 0.755945554003119 0.500899381586351 0.484126568830106 0.484644698910415 0.648315035738051 0.988950397819281 0.441802598536015 0.242271281313151 0.710459964349866 0.422707357443869 14.8455630540848 1.34468999132514 0.699039210565388 2.5378304682672 0.521649783477187 0.531988807953894 0.46873634448275 5.94593718647957 7.27505306899548 0.564025298692286 1002.05682563782 1.58562472090125 3.3924653455615
0.398397563956678 0.84072027541697 37.515593200922 1.78642072156072 1.67838585190475 2.07490761950612 0.558881195262074 0.476064359769225 0.636645213700831 2.27053748443723 3.08288186043501 0.522419690154493 0.759152771905065 0.813904440030456 1.40424744039774 3.25805326551199 0.672557698562741 2.50411434099078 4.8838959261775 3.59522258490324 1.77200677618384 1.40228764154017 0.731503764167428 1.08366434182972 0.810333522502333 0.408032465260476 0.154671237105504 0.404374565929174 0.367472465150058 0.405331239104271 0.654348508454859 2.02870467677712 12.536406904459 0.480017774738371 0.472810560371727 0.449423689860851 0.882454853504896 0.505866221152246 4.43534680455923 1.02734464965761 6.26061637699604 2.03174710273743 1002.12086963654 0.829053372144699 2.68740406632423
0.139704765286297 0.262566454242915 35.0891337394714 0.204933202359825 1.48264065571129 1.40579462982714 0.419414162635803 1.01876639761031 1.62370502203703 0.506593113765121 0.616096976213157 4.14099983125925 1.14188115485013 0.560472425073385 0.609448399394751 0.603472778573632 1.33420178480446 0.88945840112865 1.0471488405019 0.585829559713602 0.517910079099238 0.395514921168797 0.446114908205345 1.62849112926051 0.3320719608746 2.34439738094807 0.598038052208722 0.82965618930757 0.316309930756688 0.203891941695474 1.02906809747219 0.512571390718222 11.6325256824493 4.91745115071535 1.38681326247752 0.441391804255545 0.432619965169579 0.479118197225034 3.48212914913893 0.494460439309478 3.76227781921625 1.52171748876572 1002.16297912598 1002.03893280029 0.625636016950011
31.4925644695759 34.8991540968418 0.310420385561883 0.666403679177165 0.909399786032736 0.797139476984739 0.365519109647721 0.889567688107491 2.05124462023377 0.731349252164364 1.14454743266106 4.68446057289839 6.24642074108124 0.351479784585536 0.352796462364495 0.349595259642228 0.47711244598031 0.277947153430432 0.409675205126405 0.275858351204079 0.343923067412106 0.676464122487232 2.62693926412612 0.311542898707557 0.354795249877498 2.55688847973943 0.374641635658918 0.424403219105443 2.13962936215103 3.20293936692178 0.746292222291231 0.356913426890969 6.22807683050632 0.555516458116472 2.45836548507214 1.92760470137 0.548098389059305 2.02115830779076 0.515802753157914 0.524495720863342 3.30024879425764 1.09933019056916 0.209175053983927 1001.99842453003 0.873018600046635
31.2368123978376 2.77899063378572 2.47132720425725 1.50071192532778 0.868669084040448 0.66610515397042 0.223859051242471 0.632276672869921 1.05561306327581 3.05253739655018 2.30284017696977 0.436751073226333 7.60387906432152 1.04818729311228 0.669238314963877 0.350473749102093 0.282681573589798 0.314389761653729 0.408317152410746 0.577502329018898 0.49841053262935 3.42676723981276 0.229497579624876 0.663135841954499 3.8382208943367 1.07107536663534 0.582658680796158 8.90658244118094 2.47572414763272 3.20293936692178 0.52845202665776 0.450360799208283 1.29967343062162 3.98796720802784 2.79256635159254 0.604149872437119 0.860131168738008 1.49044093303382 0.66812658496201 0.943451721221209 2.27595581114292 0.690218232572079 1001.13791370392 1001.13791370392 1001.13791370392
30.468366459012 1.14099717512727 0.908950118348002 0.68358352035284 1.46142186038196 0.575011738575995 1.12807739432901 1.50548355467618 0.742709731683135 4.17154958844185 2.6516241915524 0.29020151682198 7.93381790816784 0.322897921549156 1.27220665290952 0.280865642474964 1.06854716152884 0.258202589524444 0.260237414331641 1.14036812866107 0.751387315336615 3.81609419453889 5.08659086748958 4.51068132743239 0.452915459871292 0.651230626623146 0.897900100448169 8.90658244118094 3.20293936692178 3.20293936692178 1.40366826206446 0.476893963292241 0.677686678245664 0.636717569082975 0.430080925114453 1.60862947627902 1.01755298860371 1001.13791370392 1001.13791370392 0.353633167222142 0.699580593034625 0.34455454768613 1001.13791370392 1001.13791370392 1001.13791370392
3.11210972815752 28.8734784573317 0.472855487838387 0.635505530051887 2.12510854192078 0.431984756141901 1.46605365537107 1.53033354319632 21.7792558819056 8.38466136157513 3.31965257227421 0.353020693175495 8.23437917232513 1.85750902723521 1.95730943745002 2.35212830128148 5.47062984108925 5.62167837098241 9.95363581925631 12.4456531554461 11.9416926130652 25.332475155592 24.3555589616299 0.323244221275672 0.728314691223204 0.768061073729768 9.14980024844408 0.395024659053888 0.450786393834278 0.904195485636592 0.454601260833442 0.467015734873712 0.471645727753639 0.95269070379436 1001.13791370392 1001.13791370392 1001.13791370392 1001.13791370392 1001.13791370392 1001.13791370392 1001.13791370392 1001.13791370392 1001.13791370392 1001.13791370392 1001.13791370392
0.295435389969498 25.0204069539905 1.21914537064731 0.699675740674138 0.70154014788568 3.48050481081009 21.7792558819056 21.7792558819056 21.7792558819056 21.7792558819056 21.5938385426998 21.3162857890129 11.6763857454062 11.4258772581816 0.297114313114434 0.288076721131802 2.08290798589587 0.328826306154951 4.13958927989006 0.742613192647696 4.65919387340546 0.300775894429535 0.859357966575772 26.1460913419724 1.42340474156663 9.40619076788425 0.419536046800204 0.420251447649207 0.43852084223181 0.471080067567527 0.422330054454505 0.919156147167087 1001.13791370392 1001.13791370392 1001.13791370392 1001.13791370392 1001.13791370392 1001.13791370392 1001.13791370392 1001.13791370392 1001.13791370392 1001.13791370392 1001.13791370392 1001.13791370392 1001.13791370392
0.81533333286643 24.7374336216599 23.6044073862722 23.6044073862722 3.93586776033044 0.250020559877157 21.7792558819056 21.7792558819056 21.7792558819056 21.7792558819056 0.339523917995393 1.11915562674403 0.292823378462344 2.75012488290668 8.11689606308937 2.58920514956117 1.11542159318924 0.227629547007382 3.9875393435359 0.363568646833301 3.46618111152202 0.835031467257068 0.497370265424252 0.519359619822353 37.3540563881397 47.6665809750557 47.7072333395481 48.1746076643467 49.2435006797314 0.932170690968633 1001.13791370392 1001.13791370392 1001.13791370392 1001.13791370392 1001.13791370392 1001.13791370392 1001.13791370392 1001.13791370392 1001.13791370392 1001.13791370392 1001.13791370392 1001.13791370392 1001.13791370392 1001.13791370392 1001.13791370392
23.6044073862722 23.6044073862722 23.6044073862722 23.6044073862722 23.6044073862722 0.0855975084705278 0.119173255283386 0.22530355642084 21.7792558819056 21.7792558819056 0.526759810745716 0.250245691509917 1.79560160264373 0.321271658875048 5.22581823170185 1.99264642968774 0.283971639350057 0.822127988561988 3.63102327659726 3.35164084658027 0.488830008078367 2.79424612782896 0.462731016217731 0.644320196006447 6.63498260825872 0.728110740892589 3.75209494680166 0.656346413306892 1001.13791370392 1001.13791370392 1001.13791370392 1001.13791370392 1001.13791370392 1001.13791370392 1001.13791370392 1001.13791370392 1001.13791370392 1001.13791370392 1001.13791370392 1001.13791370392 1001.13791370392 1001.13791370392 1001.13791370392 1001.13791370392 1001.13791370392
23.6044073862722 23.6044073862722 23.6044073862722 23.6044073862722 23.6044073862722 0.0580248276819475 25.173970490694 21.9908358454704 21.7792558819056 0.183385768905282 0.24840734153986 0.247652273159474 1.52836979925632 0.32211927510798 4.95066714286804 1.52091440930963 0.26546731335111 0.538818523287773 0.172711529681692 2.93186128512025 0.444190411944874 2.48729588929564 0.411491933744401 0.391609762213193 5.97901322692633 0.42595031671226 3.55602449923754 0.368400976993144 1001.13791370392 1001.13791370392 1001.13791370392 1001.13791370392 1001.13791370392 1001.13791370392 1001.13791370392 1001.13791370392 1001.13791370392 1001.13791370392 1001.13791370392 1001.13791370392 1001.13791370392 1001.13791370392 1001.13791370392 1001.13791370392 1001.13791370392
23.6044073862722 23.6044073862722 23.6044073862722 23.6044073862722 23.6044073862722 25.1701270639896 0.117228085640818 3.06995810568333 0.170792912598699 0.682366773486137 0.137145975837484 0.547605317085981 0.468695236369967 0.438501977361739 3.96855917572975 0.183667554520071 1.10607471689582 0.288977475836873 0.605256066657603 1.45734447892755 0.402196469251066 1.11311458144337 0.577945629134774 0.430933604715392 5.42814473994076 0.327413126826286 2.06033460795879 0.393893087282777 1001.13791370392 1001.13791370392 1001.13791370392 1001.13791370392 1001.13791370392 1001.13791370392 1001.13791370392 1001.13791370392 1001.13791370392 1001.13791370392 1001.13791370392 1001.13791370392 1001.13791370392 1001.13791370392 1001.13791370392 1001.13791370392 1001.13791370392
23.6044073862722 23.6044073862722 23.6044073862722 23.6044073862722 23.6044073862722 0.216354188276455 0.0516691855737008 2.67871711775661 0.332926756236702 0.0639581242576241 0.291402812581509 0.0769704149570316 0.475128027610481 1.16961593739688 1.32986402139068 1.04406943358481 0.319933737628162 0.290627880487591 0.304975908249617 0.577050766907632 0.506477378774434 0.619674205314368 0.600334537914023 1.97210184391588 3.88933480158448 0.796205341815948 0.883237803354859 0.403813894838095 0.652361593209207 1.06781684607267 1001.13791370392 1001.13791370392 1001.13791370392 1001.13791370392 1001.13791370392 1001.13791370392 1001.13791370392 1001.13791370392 1001.13791370392 1001.13791370392 1001.13791370392 1001.13791370392 1001.13791370392 1001.13791370392 1001.13791370392
23.6044073862722 23.6044073862722 23.6044073862722 23.6044073862722 23.6044073862722 0.0459367986768484 0.175489944871515 2.51235309615731 2.09189243242145 0.410615891218185 0.446127582574263 0.462133110966533 0.390031791757792 0.736065405420959 0.311507064849138 0.347462407313287 0.339436404407024 0.387928267009556 0.354641254525632 0.36442972579971 0.734182509128004 0.295025433646515 0.652631184784696 0.366090536932461 1.60178491706029 0.42931565316394 0.418345429934561 0.515423693694174 1.59146326035261 3.66557663679123 1001.13791370392 1001.13791370392 1001.13791370392 1001.13791370392 1001.13791370392 1001.13791370392 1001.13791370392 1001.13791370392 1001.13791370392 1001.13791370392 1001.13791370392 1001.13791370392 1001.13791370392 1001.13791370392 1001.13791370392
23.6044073862722 23.6044073862722 23.6044073862722 23.6044073862722 0.0676027378067374 0.477438388392329 0.336432787589729 0.923758851364255 0.322973038069904 0.48756084125489 0.920088951475918 0.805065074004233 0.407060123980045 0.356065800879151 0.389044613577425 0.731025906279683 0.350417269393802 0.733321005478501 0.727725201286376 4.26530029252172 1.46496227942407 0.968970676884055 0.679784679785371 0.688323530135676 0.601374847872648 0.274975377658848 0.189034024719149 1001.13791370392 1001.13791370392 1001.13791370392 1001.13791370392 1001.13791370392 1001.13791370392 1001.13791370392 1001.13791370392 1001.13791370392 1001.13791370392 1001.13791370392 1001.13791370392 1001.13791370392 1001.13791370392 1001.13791370392 1001.13791370392 1001.13791370392 1001.13791370392
23.6044073862722 23.6044073862722 9.80922593176365 0.160433744313195 2.40558401122689 0.275409143883735 0.474749181419611 0.464913747273386 0.476219719275832 1.86991075798869 0.416957078501582 1.1900757048279 0.809822166338563 0.348122106865048 0.317271067295223 0.39277181820944 1.34956032969058 1.81515399739146 0.378497297409922 4.26530029252172 0.239045773865655 0.444583228323609 0.21013688412495 0.345363880973309 0.348667027428746 0.116458757955115 0.610782093368471 1001.13791370392 1001.13791370392 1001.13791370392 1001.13791370392 1001.13791370392 1001.13791370392 1001.13791370392 1001.13791370392 1001.13791370392 1001.13791370392 1001.13791370392 1001.13791370392 1001.13791370392 1001.13791370392 1001.13791370392 1001.13791370392 1001.13791370392 1001.13791370392
23.6044073862722 23.6044073862722 9.6839469820261 8.90582367777824 0.226408363785595 1.9729852154851 0.552798268385231 0.460118330083787 0.887106295675039 2.39585984125733 0.394799687899649 7.78581787645817 9.59118580818176 10.2947444021702 10.9749180227518 11.7949987351894 18.107891023159 3.60932935029268 24.9284462928772 24.9284462928772 26.3702635467052 0.835326420143247 26.9718224406242 0.571418729610741 0.282259492669255 0.561299161054194 1001.13791370392 1001.13791370392 1001.13791370392 1001.13791370392 1001.13791370392 1001.13791370392 1001.13791370392 1001.13791370392 1001.13791370392 1001.13791370392 1001.13791370392 1001.13791370392 1001.13791370392 1001.13791370392 1001.13791370392 1001.13791370392 1001.13791370392 1001.13791370392 1001.13791370392
0.197159491479397 3.50269270315766 0.45188220217824 8.67230899631977 0.285896657966077 0.477162554860115 0.463870132341981 2.20345354452729 0.410101534798741 2.92778494209051 5.45670765638351 0.411587133072317 0.321237631607801 0.370501930825412 1.03101594559848 1.4516628626734 18.107891023159 18.107891023159 24.9284462928772 24.9284462928772 26.3702635467052 26.9718224406242 26.9718224406242 0.485459717921913 1.63814655318856 0.383863761089742 1001.13791370392 1001.13791370392 1001.13791370392 1001.13791370392 1001.13791370392 1001.13791370392 1001.13791370392 1001.13791370392 1001.13791370392 1001.13791370392 1001.13791370392 1001.13791370392 1001.13791370392 1001.13791370392 1001.13791370392 1001.13791370392 1001.13791370392 1001.13791370392 1001.13791370392
0.140818900894374 3.16077485308051 0.249599579488859 8.37902460992336 0.275571145117283 0.403330748900771 3.36176024377346 2.58054983988404 0.503159830346704 4.78508768230677 0.892747305333614 0.416568947024643 0.266178041696548 0.297525414265692 0.313444381579757 0.401821879204363 18.107891023159 18.107891023159 0.351984928362072 0.285879244096577 1.3773536849767 0.325571589171886 27.4679661691189 0.114099430531496 2.28107460588217 2.51377968490124 1001.13791370392 1001.13791370392 1001.13791370392 1001.13791370392 1001.13791370392 1001.13791370392 1001.13791370392 1001.13791370392 1001.13791370392 1001.13791370392 1001.13791370392 1001.13791370392 1001.13791370392 1001.13791370392 1001.13791370392 1001.13791370392 1001.13791370392 1001.13791370392 1001.13791370392
0.131300456589088 3.05418171361089 0.149042710545473 0.186517362482846 7.9284582734108 4.12596164643764 3.88156700134277 0.40218032989651 0.448451338335872 0.551701370626688 0.567140323109925 0.293556754942983 0.668496114201844 0.257075613131747 0.335263732820749 0.774118762463331 0.735418517142534 0.362205454148352 0.419279697816819 0.656325470656157 1.09674935415387 0.408532848581672 0.301674469839782 27.6642318367958 32.7517087459564 33.0864545702934 1001.13791370392 1001.13791370392 1001.13791370392 1001.13791370392 1001.13791370392 1001.13791370392 1001.13791370392 1001.13791370392 1001.13791370392 1001.13791370392 1001.13791370392 1001.13791370392 1001.13791370392 1001.13791370392 1001.13791370392 1001.13791370392 1001.13791370392 1001.13791370392 1001.13791370392
