Model input/Uganda/discharge/discharge_jun_1.asc
NCOLS 67 
NROWS 67 
XLLCORNER 29.5000000014144 
YLLCORNER -1.49999999936061 
CELLSIZE 0.0833333332926796 
NODATA_value -9999 
[rows 0 to 19 of 67, columns 0 to 44 of 67]
-9999.000000000000000 -9999 -9999 -9999 -9999 -9999 -9999 -9999 -9999 -9999 -9999 -9999 -9999 -9999 -9999 -9999 -9999 -9999 -9999 -9999 -9999 -9999 -9999 -9999 -9999 -9999 -9999 -9999 -9999 -9999 -9999 0.422349596396089 0.413706134073436 -9999 -9999 -9999 -9999 -9999 -9999 -9999 -9999 -9999 -9999 -9999 -9999
-9999 -9999 -9999 -9999 -9999 -9999 -9999 -9999 -9999 -9999 -9999 -9999 -9999 -9999 -9999 -9999 -9999 -9999 -9999 -9999 -9999 -9999 -9999 -9999 -9999 -9999 -9999 -9999 -9999 0.450675603933632 0.772313499823213 0.366339180618525 1.1306425165385 0.342482436448336 0.368670790456235 0.330753573216498 0.568487389944494 0.521677013486624 0.332303387578577 0.405057562049478 -9999 -9999 -9999 -9999 -9999
-9999 -9999 -9999 -9999 -9999 -9999 -9999 -9999 -9999 -9999 -9999 -9999 -9999 -9999 -9999 -9999 -9999 -9999 -9999 -9999 -9999 -9999 -9999 -9999 -9999 -9999 -9999 -9999 -9999 1.85419477894902 0.307233665138483 1.4021852593869 10.0875355452299 9.15339449048042 0.308794316835701 7.17437484115362 6.17094825953245 4.7027589827776 2.30853548645973 1.29321833699942 0.360798919573426 0.563672350719571 0.699684096500278 -9999 -9999
-9999 -9999 -9999 -9999 -9999 -9999 -9999 -9999 -9999 -9999 -9999 -9999 -9999 -9999 -9999 -9999 -9999 -9999 -9999 -9999 -9999 -9999 -9999 -9999 -9999 0.486997546162456 -9999 -9999 -9999 2.15581110864878 0.261878904420882 12.0380900800228 0.306101189926267 0.311409252695739 8.5723964869976 0.743215152993798 0.421738545875996 0.463158432394266 1.32305637188256 0.684946497902274 0.559017421677709 0.735730501823127 1.72844539955258 -9999 -9999
-9999 -9999 -9999 -9999 -9999 -9999 -9999 -9999 -9999 -9999 -9999 -9999 -9999 -9999 -9999 -9999 -9999 -9999 -9999 -9999 -9999 -9999 0.397536276374012 -9999 -9999 0.901088564656675 -9999 -9999 -9999 1603.97641563416 164.09712600708 149.497302293777 1.65099559910595 1.15605027228594 0.579004400409758 0.34777204412967 0.493647959083319 1.63677918352187 1.09342907276005 0.572544380556792 1.86956727132201 0.558626044541597 2.60366179049015 0.383600690867752 -9999
-9999 -9999 -9999 -9999 -9999 -9999 -9999 -9999 -9999 -9999 -9999 -9999 -9999 -9999 -9999 -9999 -9999 -9999 -9999 -9999 -9999 0.801400060765445 1.17964148893952 0.735159290488809 1.24764044396579 0.347078113351017 1408.83076858521 1408.83076858521 1441.65586280823 1441.65586280823 0.266227354761213 147.593016386032 15.1367035955191 13.7470628172159 0.59261386282742 3.61074644699693 3.00528663396835 0.959395658224821 0.620862878859043 0.585169214289635 0.513882473111153 2.88100766390562 3.38618587329984 0.397797491867095 -9999
-9999 -9999 -9999 -9999 -9999 -9999 -9999 -9999 -9999 -9999 -9999 -9999 -9999 -9999 -9999 -9999 -9999 -9999 -9999 0.466155111324042 3.81906744092703 4.60529192537069 7.39697992801666 8.85329219698906 2.35285746119916 0.275036980281584 1408.83076858521 1408.83076858521 1441.65586280823 1441.65586280823 29.5723805725574 0.315915015758947 132.220142364502 1.10582365188748 13.1965459138155 6.61993700265884 5.89247707277536 3.19997471943498 0.618959061801434 1.13524257391691 1.60300078801811 3.9634922966361 7.75695897638798 0.327922126743942 -9999
-9999 -9999 -9999 -9999 -9999 -9999 -9999 -9999 -9999 -9999 -9999 -9999 -9999 -9999 -9999 -9999 -9999 1.14184484630823 1.63820177875459 2.54907613247633 0.450389469973743 0.766954617574811 0.77608839655295 9.06704942882061 0.0872329229023308 2.66508081555367 1408.74375152588 0.491045050323009 1.72108157165349 2.23056213371456 14.9558274298906 13.8397219032049 131.852256059647 0.395068679004908 0.721497507765889 1.70411514490843 1.75022106617689 0.89535010792315 0.50581420911476 0.500066477805376 2.51629649102688 0.384626117534935 8.91764722764492 0.378620277158916 0.343885967507958
-9999 -9999 -9999 -9999 -9999 -9999 -9999 -9999 -9999 -9999 -9999 -9999 -9999 -9999 -9999 -9999 -9999 1.12512356601655 0.537130304612219 0.470352868549526 0.478161838371307 1.28567695245147 1.55968654155731 12.0090643912554 12.5263156443834 1408.3422870636 0.553779462352395 0.622547704260796 1.22396632749587 1.80105610564351 14.4577328264713 13.2683324813843 0.705957002937794 131.128469467163 1.29132471233606 0.828404857777059 0.893852215260267 0.918480266816914 1.00455296877772 0.515252999030054 0.449593748897314 33.0022225379944 0.388108144979924 1.11244715377688 0.372493065427989
-9999 -9999 -9999 -9999 -9999 -9999 -9999 -9999 -9999 -9999 -9999 -9999 -9999 -9999 -9999 -9999 -9999 1.7846286855638 2.31358276307583 3.80416526645422 0.858607772737741 1.68939714692533 1.65699467994273 0.203916390991026 1396.61560058594 0.5443552932702 2.21854135207832 0.458168554119766 1.21800413262099 4.91153051704168 12.0614706873894 0.728673407807946 11.9163067936897 130.749055147171 128.987094402313 0.502361646387726 0.842218609526753 3.65950842574239 0.865444652736187 1.13152945972979 35.4610491394997 33.4302697777748 20.2921884059906 1.61933285556734 0.361830906942487
-9999 -9999 -9999 -9999 -9999 -9999 -9999 -9999 -9999 -9999 -9999 -9999 -9999 -9999 -9999 -9999 0.524997162166983 1.09945661202073 4.63337408751249 8.95231433212757 11.7851968705654 12.1241212487221 14.8207223713398 2.014404643327 1399.01239585876 5.05788816511631 0.773675257340074 0.768837519921362 1.62304217554629 2.632478332147 5.69990625232458 0.791461112909019 10.4484721720219 0.832501620985568 0.520703600719571 128.03369808197 4.18899262696505 0.919526602141559 40.9794056415558 40.3492617607117 1.03105752728879 0.516143323853612 0.475331627763808 17.6608628332615 15.0508089065552
-9999 -9999 -9999 -9999 -9999 -9999 -9999 -9999 -9999 -9999 -9999 -9999 -9999 -9999 -9999 -9999 0.568290734663606 3.00196440517902 0.560730281285942 1.06663618050516 0.89519917871803 0.414411088218912 0.199763903950952 1393.29420280457 0.748303276253864 4.28681927546859 3.4007324911654 0.855922474525869 0.859868438914418 1.89817282184958 4.05784017965198 4.95537868142128 8.78120668232441 0.865843970328569 0.91487988550216 73.5403527021408 48.3819505572319 47.8427478671074 5.5068605914712 0.560025471262634 2.56512187793851 2.00113597884774 0.458097604103386 2.06179917231202 0.42921117413789
-9999 -9999 -9999 -9999 -9999 -9999 -9999 -9999 -9999 -9999 -9999 -9999 -9999 -9999 -9999 0.591485106386244 1.83395669236779 0.721965728327632 1.34427632391453 3.80838552117348 0.519465166842565 0.769816726446152 1381.11236763 1381.11236763 0.81643036659807 0.819208884611726 0.822163480333984 0.888172497041523 0.919147783890367 1.41192881204188 1.00704188738018 2.19366053491831 6.5021762624383 0.492886661551893 0.596122525632381 2.51579776406288 69.4919159412384 0.50729700550437 1.00215594656765 3.80830065906048 0.558156712912023 1.01786830276251 0.481847914867103 1.28344414010644 0.358606438618153
-9999 -9999 -9999 -9999 -9999 -9999 -9999 -9999 -9999 -9999 -9999 -9999 -9999 -9999 -9999 -9999 0.694037572480738 0.85152543336153 1.47541698813438 0.962506696581841 4.11621791124344 0.100967762969958 1381.11236763 1381.11236763 1.65738039277494 0.865106034092605 1.95498186349869 0.994971422478557 0.992082052864134 0.483144465368241 0.547316884621978 1.29980733059347 6.02083314955235 2.01266689971089 0.607113377191126 0.69007608667016 68.8307894468307 0.5837561506778 0.589748142287135 3.25466004386544 0.973279729485512 0.535319703631103 0.497134794481099 0.901986939832568 0.363089935854077
-9999 -9999 -9999 -9999 -9999 -9999 -9999 -9999 -9999 -9999 -9999 -9999 -9999 -9999 -9999 -9999 -9999 0.816076712682843 1.82814801856875 3.11924386397004 3.32293410226703 7.97445586323738 1374.25739860535 2.35116268880665 1.61446390487254 2.80919137969613 0.903650370426476 2.49632972292602 0.581486308015883 0.59503380022943 0.656797493807971 0.681141307577491 3.47303229942918 1.37873393297195 0.709418741054833 0.732563642784953 3.41274938732386 64.011697769165 0.709517358802259 0.644432592205703 22.2668783664703 0.495733215473592 1.31242505833507 0.681793157011271 16.806078851223
-9999 -9999 -9999 -9999 -9999 -9999 -9999 -9999 -9999 -9999 -9999 -9999 -9999 -9999 -9999 -9999 1.09867581166327 1.86458721384406 0.669539176858962 1.44970407150686 1.80706597492099 1.86747699417174 1366.37329101562 0.681624066084623 9.03393183648586 8.58345331251621 4.16156611219049 0.871645185165107 0.475926276296377 1.74048653058708 1.81578161194921 0.607589895837009 0.778687194921076 2.11408883705735 1.11528268828988 1.50672324001789 2.09716324135661 1.91776138544083 60.5602517127991 24.5031372904778 1.5701826941222 21.7421224117279 19.2640913128853 18.1532793939114 0.639577462337911
-9999 -9999 -9999 -9999 -9999 -9999 -9999 -9999 -9999 -9999 -9999 -9999 -9999 -9999 -9999 -9999 1.10883721522987 5.36670984327793 7.92762583494186 0.708760955370963 17.0300862193108 20.9120143949986 20.9197455942631 1368.4996471405 0.59793381113559 0.635302100330591 0.7215760871768 0.782130016945302 4.92723661661148 4.02405604720116 0.566706889308989 0.628109105862677 1.0919708814472 0.903774634003639 1.6933682821691 0.766961978748441 0.685652238316834 0.575268455781043 2.78251584246755 32.6080622673035 0.528606863692403 0.85282189399004 0.396807420067489 0.365400787442923 0.357980059459805
-9999 -9999 -9999 -9999 -9999 -9999 -9999 -9999 -9999 -9999 -9999 -9999 -9999 -9999 -9999 0.986523339524865 3.53435405343771 0.65783064533025 7.42516696453094 15.9710469245911 3.84490968286991 0.347422709688544 0.356003084685653 1340.0165309906 10.7976209074259 9.2475808262825 7.98107091337442 6.57651822268963 5.8812565356493 0.478678355924785 1.28424474969506 0.722592373378575 0.651120350696146 4.18195883929729 0.664494344964623 1.38900213874876 0.610742202028632 1.65153753571212 2.18325667455792 31.9773942232132 31.4464885592461 0.36696392390877 0.373590859118849 0.401339128147811 0.673453190363944
-9999 -9999 -9999 -9999 -9999 -9999 -9999 -9999 -9999 -9999 -9999 -9999 -9999 -9999 -9999 0.679112072102726 2.53542316704988 0.640475585125387 5.62426043301821 1.01266111060977 3.54279012233019 0.280669018160552 0.838609254918993 1341.34825897217 0.370583818759769 0.521275012753904 0.587861953303218 1.09482286311686 0.419051628094167 0.472520699724555 2.53938358277082 0.671703505329788 0.729607998393476 1.44597921520472 6.86319079995155 0.635805739089847 0.681280615739524 0.558743668720126 0.51819394249469 1.04879309795797 3.04821256175637 26.9547283649445 0.320920458529145 1.86494892090559 1.08160072937608
-9999 -9999 -9999 -9999 -9999 -9999 -9999 -9999 -9999 -9999 -9999 -9999 -9999 -9999 -9999 0.580201027914882 2.93698386847973 5.1990981772542 0.488686019554734 1.86379079148173 0.303394658723846 0.227919121505693 0.414018884766847 0.306469425559044 1331.6955280304 0.31122594664339 2.74847491458058 0.572041308507323 0.400681786704808 6.62028980255127 3.16871576011181 2.17249494418502 0.977404626086354 2.2416763715446 9.89970801770687 1.50615182705224 1.53704582899809 1.03415299765766 0.500682444311678 0.480925239622593 1.28466282784939 0.722959293052554 25.6506795287132 20.2802545130253 1.00536319147795
