Model input/Uganda/discharge/discharge_aug_1.asc
NCOLS 67 
NROWS 67 
XLLCORNER 29.5000000014144 
YLLCORNER -1.49999999936061 
CELLSIZE 0.0833333332926796 
NODATA_value -9999 
[rows 40 to 59 of 67, columns 0 to 44 of 67]
0.311983908060938 0.209007672034204 23.980672121048 24.8866511583328 0.103632127866149 2.53366013988853 0.288860863540322 0.405272492207587 0.483784557320178 0.464176179841161 0.375041954219341 0.790461016818881 0.715401234105229 2.29348802939057 0.789976509287953 6.80460271239281 3.98912526667118 6.82705184817314 1.01669038459659 1.15720053948462 1.08974910993129 1.90493304654956 0.957713140174747 0.578988590277731 0.731928018736653 0.619035786017776 0.820075949653983 1.00765983760357 0.438137991353869 0.233246219344437 0.696603545919061 0.406929831951857 14.2527371048927 1.30107371509075 0.671052936464548 2.43175780028105 0.506051043048501 0.527001376263797 0.479644042439759 5.81730623543262 7.19040195643902 0.552510168403387 988.046682357788 1.55533315613866 3.31976918131113
0.375980422832072 0.791083788499236 22.3211654424667 1.66286219283938 1.54057892039418 1.82430807873607 0.536022850312293 0.417747476138175 0.538767821155488 2.00816625729203 2.73351394385099 0.470323296263814 0.757858073338866 0.807851225137711 1.46364933438599 3.89898173511028 0.705928177572787 3.30301244184375 6.19524042308331 4.70573952421546 2.23820671625435 1.65987311303616 0.798822046257555 1.15362482122146 1.206990708597 0.572420065989718 0.171775564551353 0.402875270694494 0.369796761311591 0.394955847412348 0.638103879056871 1.96885070204735 11.9924746453762 0.428378506097943 0.436431722249836 0.422891139984131 0.839098171330988 0.497893016785383 4.29844623804092 1.00790278241038 6.15541944652796 1.97993817180395 986.673456192017 0.801425520330667 2.60078486055136
0.129727345891297 0.251457169186324 20.0196383595467 0.214022416155785 1.32200465723872 1.19511725753546 0.364045850001276 0.895121989771724 1.4058131352067 0.43094961438328 0.533066400326788 3.67784664034843 1.04464832879603 0.516137075610459 0.66619639378041 0.741934769786894 1.78687126748264 1.33933696895838 1.31384050752968 0.813358169980347 0.720273133832961 0.377970058936626 0.394531843950972 1.66768654226325 0.41172162006842 3.02559427544475 0.636997606605291 0.816447866149247 0.297929927939549 0.13896754552843 0.988349638879299 0.501102860085666 11.1338462531567 4.64346508681774 1.27308842912316 0.393659712746739 0.400212951935828 0.464998982846737 3.34823186695576 0.484753204509616 3.69498945772648 1.47232870943844 985.399616241455 984.073022842407 0.58325320482254
16.4971763938665 19.8317040205002 0.299543112516403 0.665936928242445 0.75407856144011 0.602528383024037 0.339539587497711 0.805706223472953 1.74082770571113 0.62149309925735 0.996553326025605 4.15603605657816 5.58152389526367 0.360503455158323 0.381065739318728 0.538242521579377 0.649862985592335 0.433658352587372 0.743948649149388 0.732847484876402 0.691382645978592 0.904077302780934 2.97487638844177 0.463059138681274 0.314669959712774 3.19406526535749 0.338119348860346 0.24942814593669 1.73569725826383 1.44200993562117 0.492103038821369 0.344878011383116 5.99595692753792 0.549544247798622 2.32043058425188 1.79233659431338 0.521546617150307 1.91175650805235 0.504732840694487 0.518290506675839 3.22623416781425 1.0601029060781 0.197776552755386 983.06601524353 0.744283504784107
16.2525374591351 2.72285384684801 2.42913700267673 1.46863975375891 0.541368632111698 0.517393025802448 0.215468666981906 0.540180807001889 0.921082451939583 2.59793150797486 1.96863374486566 0.36174701852724 6.93090234696865 1.06797613762319 0.886893180198967 0.35789437009953 0.478480739693623 0.560516626515891 1.1674519139342 1.45803612290183 1.06458422908327 4.13561223400757 0.300801720150048 0.753946066834033 3.74227593932301 0.468379519123118 0.37139432533877 4.61864973697811 1.76321469061077 1.44200993562117 0.387975107878447 0.426294876262546 1.26953118667006 3.79735779762268 2.59846515953541 0.578800439834595 0.791813151910901 1.38937379419804 0.634020209312439 0.915066024288535 2.20685876905918 0.668847672641277 981.166868209839 981.166868209839 981.166868209839
15.5328302532434 1.06139829941094 0.845249870792031 0.663035072386265 0.908095105551183 0.534722821321338 0.963932217098773 1.29152031056583 0.630551263689995 3.56975995004177 2.24390102177858 0.230963573325425 7.20322549343109 0.305865796282887 1.5396948386915 0.368312086968217 1.85556982352864 0.464137926988769 0.580694594187662 2.93564796959981 1.51630627317354 4.65147364418954 4.94843841716647 4.20718449726701 0.172807852155529 0.25379782395612 0.332883812021464 4.61864973697811 1.44200993562117 1.44200993562117 1.34869707375765 0.456186628900468 0.659977277740836 0.620638439431787 0.407625777646899 1.44517136365175 0.870033651590347 981.166868209839 981.166868209839 0.342436349950731 0.67403223272413 0.332228627521545 981.166868209839 981.166868209839 981.166868209839
2.96159405261278 14.0354985892773 0.459324756637216 0.579390347003937 1.4754990702495 0.425950397737324 1.39002791047096 1.31305511109531 16.1332773119211 7.07285162806511 2.75161856040359 0.278307258617133 7.45309343934059 2.10076396074146 2.3603450297378 2.97682964522392 7.18070706352592 7.50790635868907 11.5382973775268 16.9210238493979 16.5102641135454 29.2519096881151 28.5184103325009 0.263612947193906 0.214240368222818 0.243034118553624 4.66607821080834 0.17280605257838 0.249341334914789 0.886671409010887 0.440073474310338 0.451713345944881 0.449858137406409 0.905226096510887 981.166868209839 981.166868209839 981.166868209839 981.166868209839 981.166868209839 981.166868209839 981.166868209839 981.166868209839 981.166868209839 981.166868209839 981.166868209839
0.278634732123464 10.345381397754 1.11267947405577 0.631467837840319 0.659543978050351 2.75566969439387 16.1332773119211 16.1332773119211 16.1332773119211 16.1332773119211 18.8211079537868 18.6304107606411 9.88584373891354 9.67143446207047 0.282476874534041 0.276988080702722 2.28649615682662 0.434728378197178 3.37349628936499 0.910476380959153 2.93740465352312 0.397387993638404 0.79273663344793 29.4596654996276 0.397990414872766 4.6894119232893 0.115953942935448 0.137734931369778 0.199268547352403 0.461598563939333 0.416179150342941 0.897248866036534 981.166868209839 981.166868209839 981.166868209839 981.166868209839 981.166868209839 981.166868209839 981.166868209839 981.166868209839 981.166868209839 981.166868209839 981.166868209839 981.166868209839 981.166868209839
0.766079595312476 10.0609738808125 8.98122758467798 8.98122758467798 3.15383629128337 0.221444660332054 16.1332773119211 16.1332773119211 16.1332773119211 16.1332773119211 0.29959500906989 1.0666292430833 0.241601284826174 2.41038419306278 6.76459191739559 2.24577131308615 1.10202768910676 0.269165118923411 3.07954937871546 0.390790166216902 1.88502389099449 0.59927081130445 0.395399466040544 0.207788623054512 34.3909119442105 40.6484903842211 40.5658651888371 40.7615120708942 42.1733084619045 0.909323967993259 981.166868209839 981.166868209839 981.166868209839 981.166868209839 981.166868209839 981.166868209839 981.166868209839 981.166868209839 981.166868209839 981.166868209839 981.166868209839 981.166868209839 981.166868209839 981.166868209839 981.166868209839
8.98122758467798 8.98122758467798 8.98122758467798 8.98122758467798 8.98122758467798 0.0694342611823231 0.0939623627346009 0.199309549236204 16.1332773119211 16.1332773119211 0.534908943343908 0.253749303519726 1.61398718133569 0.279825730249286 4.27045268565416 1.71307303570211 0.280686045764014 0.845975660718977 2.63614671863616 2.28876889590174 0.294581228517927 1.23690891207661 0.176244500224129 0.165735128393862 2.28699772432446 0.711194253526628 3.76870397478342 0.661571260541677 981.166868209839 981.166868209839 981.166868209839 981.166868209839 981.166868209839 981.166868209839 981.166868209839 981.166868209839 981.166868209839 981.166868209839 981.166868209839 981.166868209839 981.166868209839 981.166868209839 981.166868209839 981.166868209839 981.166868209839
8.98122758467798 8.98122758467798 8.98122758467798 8.98122758467798 8.98122758467798 0.0374302106210962 18.9115890860558 16.3340463936329 16.1332773119211 0.15014493605122 0.27072871197015 0.264320171438158 1.36232568696141 0.278251348529011 4.03142482787371 1.2521103490144 0.239009028766304 0.547514028847218 0.185407375960494 1.97557492926717 0.248741019691806 1.08512153930496 0.173157809307668 0.140914028161205 2.02895983401686 0.412891801446676 3.5744648873806 0.380865689367056 981.166868209839 981.166868209839 981.166868209839 981.166868209839 981.166868209839 981.166868209839 981.166868209839 981.166868209839 981.166868209839 981.166868209839 981.166868209839 981.166868209839 981.166868209839 981.166868209839 981.166868209839 981.166868209839 981.166868209839
8.98122758467798 8.98122758467798 8.98122758467798 8.98122758467798 8.98122758467798 18.9085105657578 0.0879806043813005 2.49586695060134 0.151020197663456 0.609168232418597 0.13146289868746 0.508385931141675 0.369779030326754 0.348427725955844 3.21189903095365 0.141388800577261 0.871770332567394 0.242018752731383 0.448616836685687 0.971818578895181 0.29234721607645 0.454971234314144 0.241991263115779 0.197274610050954 1.83006573002785 0.314174672588706 2.09589963033795 0.416616972535849 981.166868209839 981.166868209839 981.166868209839 981.166868209839 981.166868209839 981.166868209839 981.166868209839 981.166868209839 981.166868209839 981.166868209839 981.166868209839 981.166868209839 981.166868209839 981.166868209839 981.166868209839 981.166868209839 981.166868209839
8.98122758467798 8.98122758467798 8.98122758467798 8.98122758467798 8.98122758467798 0.184205840807408 0.0411494216532446 2.19490522518754 0.255431428784505 0.0494428407982923 0.271062489598989 0.0715368662495166 0.388813683763146 0.963060148060322 1.06739297881722 0.831048173829913 0.241755587281659 0.228953942889348 0.219021104741842 0.380817529279739 0.303962350531947 0.230787676904583 0.191062786354451 0.578941709187347 1.06143152283039 0.503173254430294 0.870237683877349 0.399555686861277 0.653602063655853 0.90384522266686 981.166868209839 981.166868209839 981.166868209839 981.166868209839 981.166868209839 981.166868209839 981.166868209839 981.166868209839 981.166868209839 981.166868209839 981.166868209839 981.166868209839 981.166868209839 981.166868209839 981.166868209839
8.98122758467798 8.98122758467798 8.98122758467798 8.98122758467798 8.98122758467798 0.0406936106155626 0.148390792310238 2.07243357971311 1.72763307020068 0.322891790419817 0.388592907460406 0.518230337649584 0.348776269704103 0.617557608522475 0.235509298043326 0.290971840266138 0.272733535151929 0.296291148755699 0.250151060055941 0.266209740191698 0.42390557739418 0.137793733854778 0.205720402271254 0.0951232643330968 0.405043732316699 0.218003077898175 0.405359957367182 0.506037737242877 1.63027773424983 3.22445184737444 981.166868209839 981.166868209839 981.166868209839 981.166868209839 981.166868209839 981.166868209839 981.166868209839 981.166868209839 981.166868209839 981.166868209839 981.166868209839 981.166868209839 981.166868209839 981.166868209839 981.166868209839
8.98122758467798 8.98122758467798 8.98122758467798 8.98122758467798 0.0597385910805315 0.420455057173967 0.291150967590511 0.782934300601482 0.288028963375837 0.496444102376699 0.879544913768768 0.833347203209996 0.376815913245082 0.327526901382953 0.326973361894488 0.597290364094079 0.269442135468125 0.551246771588922 0.510535697452724 2.28275834210217 0.75214808806777 0.502446554601192 0.292633581673726 0.189088446379174 0.137757256336045 0.0808788353460841 0.190334937418811 981.166868209839 981.166868209839 981.166868209839 981.166868209839 981.166868209839 981.166868209839 981.166868209839 981.166868209839 981.166868209839 981.166868209839 981.166868209839 981.166868209839 981.166868209839 981.166868209839 981.166868209839 981.166868209839 981.166868209839 981.166868209839
8.98122758467798 8.98122758467798 8.33687226474285 0.138128012651578 2.02765771001577 0.247708910610527 0.402029714547098 0.411452339030802 0.454723274335265 1.76612899079919 0.359711601398885 1.15110060572624 0.71713914629072 0.304694931954145 0.260040641762316 0.315376175567508 1.05583649128675 1.31523101963103 0.255892261397094 2.28275834210217 0.13772283680737 0.23925369954668 0.0906581059098244 0.156213581096381 0.178441250696778 0.100322910773684 0.619858738034964 981.166868209839 981.166868209839 981.166868209839 981.166868209839 981.166868209839 981.166868209839 981.166868209839 981.166868209839 981.166868209839 981.166868209839 981.166868209839 981.166868209839 981.166868209839 981.166868209839 981.166868209839 981.166868209839 981.166868209839 981.166868209839
8.98122758467798 8.98122758467798 8.22888290882111 7.57050438225269 0.198381163645536 1.64023016765714 0.471414589323103 0.425775355659425 0.842658907175064 2.24824222177267 0.333282194565982 7.03313551843166 8.58761815726757 9.1947890073061 9.74817645549774 10.3853490203619 14.2100923657417 2.6782446578145 16.985244423151 16.985244423151 17.6666279137135 0.510909681208432 16.8849605619907 0.393975007347763 0.2801518952474 0.412359672598541 981.166868209839 981.166868209839 981.166868209839 981.166868209839 981.166868209839 981.166868209839 981.166868209839 981.166868209839 981.166868209839 981.166868209839 981.166868209839 981.166868209839 981.166868209839 981.166868209839 981.166868209839 981.166868209839 981.166868209839 981.166868209839 981.166868209839
0.17971568973735 2.55452767387033 0.376713466830552 7.36909495294094 0.244728663004935 0.382247463800013 0.410526865161955 2.04096863046288 0.374053012579679 2.73492949083447 4.91775603592396 0.352946914266795 0.276291425339878 0.339488431345671 0.813820563256741 1.1544286403805 14.2100923657417 14.2100923657417 16.985244423151 16.985244423151 17.6666279137135 16.8849605619907 16.8849605619907 0.492354494519532 1.4199261367321 0.440972710959613 981.166868209839 981.166868209839 981.166868209839 981.166868209839 981.166868209839 981.166868209839 981.166868209839 981.166868209839 981.166868209839 981.166868209839 981.166868209839 981.166868209839 981.166868209839 981.166868209839 981.166868209839 981.166868209839 981.166868209839 981.166868209839 981.166868209839
0.129998410120606 2.23736387863755 0.199354957789183 7.12507791817188 0.20899100182578 0.339511921163648 3.07487498223782 2.37718745321035 0.452437554486096 4.36726530641317 0.780187752097845 0.3515879008919 0.23321849340573 0.239746705628932 0.233388382010162 0.314480752218515 14.2100923657417 14.2100923657417 0.288812270388007 0.187455397564918 0.922305466607213 0.23193677328527 17.2974311709404 0.158543470664881 2.15120001509786 2.53264609351754 981.166868209839 981.166868209839 981.166868209839 981.166868209839 981.166868209839 981.166868209839 981.166868209839 981.166868209839 981.166868209839 981.166868209839 981.166868209839 981.166868209839 981.166868209839 981.166868209839 981.166868209839 981.166868209839 981.166868209839 981.166868209839 981.166868209839
0.14603301952593 2.13469188474119 0.141538679308724 0.159456989495084 6.75803185999393 3.6988802626729 3.49714927375317 0.249367369804531 0.397397822700441 0.49055093433708 0.474039781838655 0.210574171505868 0.559516849927604 0.18972170969937 0.266285969410092 0.650589875876904 0.535565114580095 0.238580295816064 0.259798791725188 0.414759903214872 0.738982972688973 0.277572595980018 0.301615339703858 17.6025629639626 22.1877010464668 22.6842446029186 981.166868209839 981.166868209839 981.166868209839 981.166868209839 981.166868209839 981.166868209839 981.166868209839 981.166868209839 981.166868209839 981.166868209839 981.166868209839 981.166868209839 981.166868209839 981.166868209839 981.166868209839 981.166868209839 981.166868209839 981.166868209839 981.166868209839
