Model input/Uganda/discharge/discharge_jan_1.asc
NCOLS 67 
NROWS 67 
XLLCORNER 29.5000000014144 
YLLCORNER -1.49999999936061 
CELLSIZE 0.0833333332926796 
NODATA_value -9999 
[rows 20 to 39 of 67, columns 0 to 44 of 67]
-9999 -9999 -9999 -9999 -9999 -9999 -9999 -9999 -9999 -9999 -9999 -9999 -9999 -9999 -9999 1.69268169626594 0.651967141777277 0.741448397748172 1.1135748680681 0.369017847813666 0.22110581677407 0.47979165520519 1.37071199156344 1.72645675763488 3.10364479571581 2.41518745198846 0.344512925948948 0.718280047178268 1269.3461151123 6.86712291836739 0.428620749153197 0.453209613449872 0.805441642180085 0.802980303764343 14.9870736300945 14.3316279947758 2.57226832211018 0.863589134067297 0.46939467266202 0.705507481470704 0.80880961380899 0.781860027462244 1.14891471341252 1.37829436734319 16.7397097051144
-9999 -9999 -9999 -9999 -9999 -9999 -9999 -9999 -9999 -9999 -9999 -9999 -9999 -9999 -9999 0.549111882224679 0.614657753147185 0.578524590469897 0.391210709232837 0.510752692818642 0.847046624869108 0.329387232195586 1.40444113872945 0.342668891185895 1276.46927261353 1275.3844909668 1274.17876243591 1270.42866325378 0.465902117080986 1261.80657577515 1261.19604110718 0.557273301295936 1.45175454765558 0.711608057841659 16.9163446128368 0.417985731735826 0.855455063283443 7.65555508434772 5.15123070031404 3.8565484508872 2.31728443875909 0.484228589572012 0.43536676093936 0.65536099113524 0.627305333502591
-9999 -9999 -9999 -9999 -9999 -9999 -9999 -9999 -9999 -9999 -9999 -9999 -9999 -9999 -9999 -9999 0.559685082174838 1.07027403637767 0.752386474981904 0.334674120415002 1355.56647872925 1355.56647872925 1355.56647872925 1277.84410095215 0.530590607319027 0.526029503904283 0.425515349023044 2.30653453245759 1.85680399462581 1.37977689690888 0.953263791278005 1258.71518707275 1257.70292663574 1254.48534584045 0.669363425113261 0.834400225430727 10.1530057936907 0.901236221194267 1.66749457269907 0.815576745197177 0.629846629686654 0.456778883002698 0.394304365850985 0.372201452031732 0.570165785960853
-9999 -9999 -9999 -9999 -9999 -9999 -9999 -9999 -9999 -9999 -9999 -9999 -9999 -9999 -9999 -9999 -9999 0.609284420497715 1355.56647872925 1355.56647872925 1355.56647872925 1355.56647872925 1355.56647872925 1.23494501691312 0.949594099074602 1.84915931150317 0.848425358533859 1.76476525887847 0.485652577131987 0.722170411609113 0.560847107321024 0.565623259171844 2.27316886559129 1235.37578201294 0.646969457156956 1.61983728036284 13.0419692695141 1.49271596223116 0.762699881568551 0.764978941529989 0.437486807815731 0.4197729350999 1.12647637724876 2.2202909514308 0.624479299411178
-9999 -9999 -9999 -9999 -9999 -9999 -9999 -9999 -9999 -9999 -9999 -9999 -9999 -9999 -9999 0.431100219488144 0.333499984815717 1355.56647872925 1355.56647872925 1355.56647872925 1355.56647872925 1355.56647872925 1355.56647872925 1355.56647872925 10.0602143257856 6.86590870469809 5.95502698421478 1.05126468650997 0.875127034261823 0.344199429731816 0.538868082687259 0.555938861332834 0.567598034627736 2.88211247324944 1233.31456184387 13.4164172112942 0.673764324747026 0.607760658487678 0.70545656234026 2.80172771587968 1.2653332632035 0.410386242903769 5.39228988438845 2.68941298127174 0.44660737272352
-9999 -9999 -9999 -9999 -9999 -9999 -9999 -9999 -9999 -9999 -9999 -9999 -9999 -9999 -9999 0.697887625545263 1355.56647872925 1355.56647872925 1355.56647872925 1355.56647872925 1355.56647872925 1355.56647872925 1355.56647872925 1355.56647872925 0.920578288845718 0.484525155741721 0.48890991229564 2.69678439199924 0.576760069467127 1.0557310488075 0.531864728778601 0.545505026355386 0.562464038841426 1214.43589401245 8.3614112585783 6.81004650890827 6.12441754341125 4.92520813643932 3.61413917690516 0.855966558679938 0.86665410362184 0.423834851942956 7.33072297275066 1.18923880159855 0.430715978145599
-9999 -9999 -9999 -9999 -9999 -9999 -9999 -9999 -9999 -9999 -9999 -9999 -9999 -9999 -9999 1355.56647872925 1355.56647872925 1355.56647872925 1355.56647872925 1355.56647872925 1355.56647872925 1355.56647872925 1355.56647872925 0.720915696118027 3.98536718636751 0.489753808826208 0.55687388125807 2.21149478852749 0.487550313584507 2.55067162960768 1.00265746004879 1.06301215291023 0.550918289460242 1202.61120796204 1204.43669319153 1.28759915195405 0.666831848211586 0.53477050177753 0.54572188295424 1.51621906831861 1.23921712860465 9.9638144671917 0.412503706291318 1.9685042835772 1.13159517757595
-9999 -9999 -9999 -9999 -9999 -9999 -9999 -9999 -9999 -9999 -9999 -9999 -9999 -9999 -9999 1355.56647872925 1355.56647872925 1355.56647872925 1355.56647872925 1355.56647872925 1355.56647872925 1355.56647872925 1355.56647872925 0.302742955740541 2.47025757282972 0.677831334061921 0.573096301406622 0.528613639995456 0.528454079292715 0.4942223764956 4.08917687088251 1201.86058998108 1201.86058998108 1201.86058998108 0.499463826417923 0.524492962285876 0.653889797627926 1.85164074227214 2.86690135300159 18.3414708077908 16.2977049350739 5.12645818293095 0.43857469316572 2.47550685703754 1067.89803123474
-9999 -9999 -9999 -9999 -9999 -9999 -9999 -9999 -9999 -9999 -9999 -9999 -9999 -9999 1355.56647872925 1355.56647872925 1355.56647872925 1355.56647872925 1355.56647872925 1355.56647872925 1355.56647872925 1355.56647872925 2.80267359316349 1.80396189540625 2.1794536486268 1.68581315129995 0.536400821991265 2.1885983273387 0.521533468738198 0.428449444007128 0.890390349552035 1201.86058998108 1201.86058998108 1201.86058998108 26.0826004743576 0.771125899627805 0.434274032711983 0.413001456297934 22.1295337080956 0.501164163462818 0.648952139541507 4.1426674425602 3.41043715924025 0.446047795005143 1067.89803123474
-9999 -9999 -9999 -9999 -9999 -9999 -9999 -9999 -9999 -9999 -9999 1355.56647872925 1355.56647872925 1355.56647872925 1355.56647872925 1355.56647872925 1355.56647872925 1355.56647872925 1355.56647872925 1355.56647872925 1355.56647872925 0.619828947819769 0.645508081652224 0.557340102270246 0.658836626447737 1.15885522589087 0.59652472473681 2.71779362112284 0.464042991399765 0.286881444044411 1.03848796896636 1201.86058998108 1201.86058998108 1201.86058998108 1067.89803123474 24.3945068717003 23.3913645744324 23.0096681118011 1067.89803123474 1067.89803123474 1067.89803123474 1067.89803123474 1067.89803123474 1067.89803123474 1067.89803123474
-9999 -9999 -9999 -9999 -9999 -9999 -9999 -9999 -9999 -9999 1.0385914593935 1355.56647872925 1355.56647872925 1355.56647872925 1355.56647872925 1355.56647872925 1355.56647872925 1355.56647872925 1355.56647872925 1355.56647872925 0.880226420238614 0.442160560749471 0.53014365490526 1.11847176589072 0.637914116494358 0.556020853109658 1.35628197528422 4.64430755376816 0.93407803401351 0.15122388175223 94.8604106903076 1.55254023522139 0.560119051486254 1.94936312362552 1067.89803123474 1067.89803123474 1067.89803123474 1067.89803123474 1067.89803123474 1067.89803123474 1067.89803123474 1067.89803123474 1067.89803123474 1067.89803123474 1067.89803123474
-9999 -9999 -9999 -9999 -9999 -9999 -9999 -9999 -9999 -9999 1355.56647872925 1355.56647872925 1355.56647872925 1355.56647872925 1355.56647872925 1355.56647872925 1355.56647872925 1355.56647872925 0.424153358209878 3.89068008214235 0.486284555867314 0.484848994761705 0.69420303683728 0.653437753207982 3.20802706852555 1.34702758304775 5.85958409309387 5.17847336828709 73.6723618507385 94.1043322086334 19.07143881917 0.646026894450188 0.645129460841417 0.612207299098372 1.62985954806209 0.976193802431226 1067.89803123474 1067.89803123474 1067.89803123474 1067.89803123474 1067.89803123474 1067.89803123474 1067.89803123474 1067.89803123474 1067.89803123474
-9999 -9999 -9999 -9999 -9999 -9999 -9999 -9999 -9999 0.874658286571503 1355.56647872925 1355.56647872925 1355.56647872925 1355.56647872925 1355.56647872925 1355.56647872925 1355.56647872925 1.79044424183667 0.512772588059306 3.40022467449307 2.12941852584481 1.16995035484433 0.492933294735849 0.547453796491027 26.742773771286 29.0713930130005 6.48154340684414 72.1147668361664 0.424495049752295 0.384875057265162 0.495217262767255 17.5319328606129 0.706526141613722 0.740823024883866 0.674680190160871 0.629671614617109 1067.89803123474 1067.89803123474 1067.89803123474 0.381880987435579 1067.89803123474 1067.89803123474 1067.89803123474 1067.89803123474 1067.89803123474
-9999 -9999 -9999 -9999 -9999 -9999 -9999 -9999 -9999 0.810612715780735 1355.56647872925 1355.56647872925 1355.56647872925 1355.56647872925 1355.56647872925 1355.56647872925 0.625819968990982 1.05489528551698 0.344798381440341 0.356355238240212 0.372591343708336 0.269425589591265 19.8365263640881 23.0347951054573 1.85874238237739 0.428437420167029 37.4216160774231 0.391390821896493 33.5355786085129 5.125402957201 0.691580332815647 0.465635938104242 17.0989286899567 1.42013745009899 0.737364757806063 0.603901038877666 5.09817324578762 0.615626192651689 0.419732879847288 26.3890037536621 1067.89803123474 1067.89803123474 0.000957420530691921 1067.89803123474 1067.89803123474
-9999 -9999 -9999 -9999 -9999 -9999 1.24165286682546 2.04804576933384 0.944070076569915 0.410096688196063 84.7422785758972 1355.56647872925 1355.56647872925 1355.56647872925 1355.56647872925 0.661083018407226 0.654046253301203 0.473161641508341 0.497641387395561 0.392093779984862 4.01719675958157 17.3281314074993 0.810468849726021 0.504195323679596 0.457952789962292 1.16613150201738 1.35832596756518 0.640051652677357 26.8569319248199 0.642238927073777 4.06400819867849 0.611303244717419 1.8222284168005 12.2510081827641 0.579588755965233 0.652093296870589 1.20862885378301 2.66163695603609 0.642334904521704 26.3890037536621 0.839901797473431 1031.17561531067 5.99282658100128 0.753483653068542 1067.89803123474
-9999 -9999 -9999 -9999 -9999 -9999 2.30876841396093 2.95820801705122 0.449660223908722 83.9632531404495 0.358275610953569 1355.56647872925 1355.56647872925 1355.56647872925 1355.56647872925 11.9571723937988 10.20240662992 9.05985005199909 6.96853059530258 5.93795469403267 2.55082833021879 0.510870984755456 12.8015897572041 10.6159797757864 0.41912541911006 0.445064163766801 0.669154219329357 2.19202180951834 23.9711409807205 0.306245259474963 3.09158816188574 0.609991038218141 1.15715687349439 0.569470651447773 10.2798711806536 0.626660625450313 0.62820435129106 2.04715034365654 0.767711272463202 24.6290164589882 0.928429478779435 1022.91300773621 1.57571117207408 4.68381040543318 0.661594428122044
-9999 -9999 -9999 -9999 -9999 0.560295505449176 0.842934502288699 2.73804496228695 82.6292053461075 0.177197232842445 0.129948870744556 1355.56647872925 1355.56647872925 1355.56647872925 0.519454783760011 1.82208878174424 0.342230582144111 0.951983712613583 0.784043623134494 5.36477234214544 0.372653034050018 1.83340569213033 1.36350515112281 9.36411087214947 0.707319716922939 0.447919552214444 0.412287944927812 1.16180294938385 1.90128400921822 21.836782515049 0.699645586311817 1.60134713351727 0.591039785183966 0.597227889113128 5.60479348152876 3.6102999150753 0.614838062785566 0.735285481438041 1.53255540877581 23.1927484869957 0.912975834682584 1022.68378257751 0.797124277800322 3.2631224617362 0.642401497811079
-9999 -9999 0.21985991904512 0.858994843438268 0.454652233049273 0.283588813617826 0.259173025842756 1.32620146498084 75.9027690887451 0.105367447249591 1.93553522229195 2.02866351976991 25.0122740268707 0.453129359520972 0.49108063429594 1.0300871077925 0.497938144020736 0.440000215545297 0.307809871155769 5.01301565021276 0.24210652615875 1.23991506360471 0.49174446798861 2.24830163642764 7.81085136532784 1.01300594396889 0.527953512966633 0.46260697580874 1.64501144364476 21.4306932985783 18.9081285595894 0.39448716212064 0.611822593025863 0.649972267448902 4.61146189272404 0.423864755779505 1.89884231612086 0.706021308898926 0.962262624874711 19.2171063125134 0.915126984938979 1021.111120224 0.752439694479108 0.725713847205043 1.15958242677152
-9999 0.606558040715754 2.14687236398458 0.526334507390857 0.138845208333805 0.438450462184846 73.2466434836388 74.0516842603683 0.148720473982394 0.0966820811154321 1.83350664377213 0.540615737438202 3.62956669181585 20.3900947272778 16.8266712725163 0.587234362959862 0.903074225410819 0.392710782587528 1.41014030948281 3.10739002376795 0.862590856850147 0.458130435086787 0.486746313050389 1.63955795019865 0.35498221591115 3.43498893082142 0.332332831807435 0.263172222767025 0.727442907169461 0.636743109673262 2.0720100812614 18.5178522467613 1.93952265754342 0.444562466815114 4.20081418007612 0.511187883093953 1.41837637498975 0.643852626904845 0.902235055342317 17.1699609160423 0.548629228025675 1019.04386138916 0.689182827249169 0.646174734458327 0.326568944379687
-9999 0.523406342603266 0.898443873971701 69.1133236885071 69.6541858911514 72.1210046410561 0.397798472549766 0.609604146331549 0.691992592066526 1.63897283747792 0.568768312223256 2.25863966345787 0.871718920767307 2.96613634377718 0.720140513032675 14.8593971729279 7.80783165991306 0.394937922246754 0.524090052582324 0.477238083258271 1.90931140258908 0.474308745004237 0.488925753161311 1.29328818246722 0.371957774274051 2.83234434574842 2.23473152518272 1.46773822233081 0.280569950118661 0.260075520258397 1.12759966775775 0.5844094036147 15.5252697765827 0.459124384447932 0.498595684766769 3.24132683873177 0.569594403728843 0.504233463667333 7.93946798145771 8.68041852116585 0.52075913362205 0.569608332589269 1018.08602905273 6.3709421902895 0.610726174898446
