Model input/Uganda/discharge/discharge_jun_1.asc
NCOLS 67 
NROWS 67 
XLLCORNER 29.5000000014144 
YLLCORNER -1.49999999936061 
CELLSIZE 0.0833333332926796 
NODATA_value -9999 
[rows 40 to 59 of 67, columns 0 to 44 of 67]
0.322271601762623 0.214006111491472 45.6489357054234 46.6173753142357 0.0988724814960733 2.30297121405602 0.244499168591574 0.403690589126199 0.507021592929959 0.497269773855805 0.404232042841613 0.809416674077511 0.723193990066648 2.26474916934967 0.760596446692944 5.56494791805744 2.70767774805427 4.35221949219704 0.651515892706811 0.605850607156754 0.542461313307285 1.03525888361037 0.517378609627485 0.171137755482753 0.20947597504624 0.368863504845649 0.562795529142022 1.00248459726572 0.449245356954634 0.239537823479623 0.735217740759254 0.424526896327734 15.1352845728397 1.31783815100789 0.656826302409172 2.54814396053553 0.522738172672689 0.538755444809794 0.543043374083936 6.09646759927273 7.80898095667362 0.564095053821802 1173.38817024231 1.57279916480184 3.36955899745226
0.391167207621038 0.821221031248569 43.8966185748577 1.45608745701611 1.34121836721897 1.6328946352005 0.527565600350499 0.432799643836915 0.627669835463166 2.21082903444767 3.00358607620001 0.507059103809297 0.750856230035424 0.796099841594696 1.3388556689024 2.75827080011368 0.600644633173943 1.9694641828537 3.83281631022692 2.76948220655322 1.35674648918211 1.06450839526951 0.505128187127411 0.417186371536843 0.375377191138824 0.331719373934902 0.142798617249355 0.410557394847274 0.375191284809262 0.404572589322925 0.65945341065526 2.05740496888757 12.7566061913967 0.422468671575189 0.433753220830113 0.43666879972443 0.904824927449226 0.51933173649013 4.43844871222973 1.05986955948174 6.71015007793903 2.17762399092317 1171.97284317017 0.807483034208417 2.64509332180023
0.135934460442513 0.259357312228531 41.7556989789009 0.208978864364326 1.14837875962257 1.0128105469048 0.371034361887723 0.934083454310894 1.49719921126962 0.484286854974926 0.587605348788202 4.02334982901812 1.06772364862263 0.517145878635347 0.552860751748085 0.478796105831861 1.02851800248027 0.70058467425406 0.772990120574832 0.432601159438491 0.37679025856778 0.180975501551075 0.214458476260916 0.645153392037173 0.128654939575759 1.60923969000578 0.527180979028344 0.800722148269415 0.241806475445628 0.137052763793531 1.02371940203011 0.531243522651494 11.8498091697693 4.89799782633781 1.33569059707224 0.419731650035828 0.430217871908098 0.491673139855266 3.44748459011316 0.519934046082199 4.00278513133526 1.6235914286226 1170.6277141571 1169.18786811829 0.598740141838789
38.1620719283819 41.5404170453548 0.31144909420982 0.660600123926997 0.57946771197021 0.421679384540766 0.350455177947879 0.829773744568229 1.88939215242863 0.705673901364207 1.10067173838615 4.53205089271069 5.94312223792076 0.268347767880186 0.263342105317861 0.205204157774194 0.367268499918282 0.193828045157716 0.320865930058062 0.18628439499571 0.167655876862837 0.362651953804743 1.16967790542549 0.107670964200037 0.142730131769128 1.8140298621729 0.16589954931287 0.169006581698795 1.49591697752476 4.62475297413766 0.489106656983495 0.368504149839282 6.3980795443058 0.573947159573436 2.44741658493876 1.85949367284775 0.551068395376205 1.93658554553986 0.526329454034567 0.554150274954736 3.48287696391344 1.16177717596292 0.212127882288769 1168.09750747681 0.735184833407402
37.886145234108 2.70071538165212 2.39508989825845 1.43418801389635 0.402186958468519 0.368770543951541 0.22551335208118 0.549419081769884 0.960563223809004 2.84990786761045 2.07886859402061 0.352612094022334 6.95002146065235 0.777246685698628 0.430074709523524 0.202883663975276 0.167693341607523 0.212228933960432 0.443427256657742 0.458431925246259 0.333333711647356 1.69546450198686 0.184800186019856 0.502947934553958 2.40613372717053 0.367946113889047 0.241877686903587 7.99800072424114 1.75077849067748 4.62475297413766 0.444957074709237 0.476562677882612 1.37564979493618 4.01610388606787 2.70610702782869 0.594717343337834 0.776697860099375 1.37675578705966 0.639066345058382 0.960911378264427 2.37572191655636 0.725174634717405 1166.09389305115 1166.09389305115 1166.09389305115
37.1141456067562 1.07462129183114 0.848559565842152 0.65154077205807 0.690783135592937 0.451276618521661 0.817952450364828 1.2014049384743 0.648596001788974 3.88066326826811 2.35451482236385 0.210976832779124 7.18898345530033 0.209713026054885 0.852421313586092 0.173752865198907 0.695550567557802 0.143202183933681 0.199097297649132 1.16960398713127 0.696929855970666 2.138906767359 4.17885443195701 3.21405676007271 0.329757910687476 0.20106203306717 0.339038094331045 7.99800072424114 4.62475297413766 4.62475297413766 1.50400169193745 0.513495364226401 0.719952365383506 0.66958674043417 0.450717519037426 1.48512938246131 0.861418502405286 1166.09389305115 1166.09389305115 0.347392795607448 0.735714266076684 0.362340736202896 1166.09389305115 1166.09389305115 1166.09389305115
3.09484098106623 35.5318656787276 0.467852432280779 0.578394868411124 1.25141455139965 0.422345470637083 1.29468671418726 1.22763832658529 28.6952129900455 7.4978750795126 2.83705073222518 0.252568230731413 7.41199770569801 1.26044414414355 1.49292316645733 1.8965180379455 4.86554021574557 5.22117968462408 8.42206885665655 11.247685585171 12.220679346472 23.2841277197003 25.110133908689 0.33302097779233 0.54792837658897 0.596098359441385 8.89972742274404 0.206451282268411 0.254891520831734 0.957064431160688 0.47811564616859 0.504529459401965 0.512401756830513 1.03814892470837 1166.09389305115 1166.09389305115 1166.09389305115 1166.09389305115 1166.09389305115 1166.09389305115 1166.09389305115 1166.09389305115 1166.09389305115 1166.09389305115 1166.09389305115
0.293646514415741 31.6231938190758 1.13674820028245 0.64318254776299 0.665318598970771 2.53205416724086 28.6952129900455 28.6952129900455 28.6952129900455 28.6952129900455 19.4186476767063 19.1775514185429 10.5386237353086 10.3210109621286 0.23199135158211 0.234339015558362 1.94253913126886 0.320988132385537 2.64545160718262 0.469265526538493 3.05415941611864 0.402458198834211 0.927938061533496 28.6857255101204 1.14244986558333 9.56215281412005 0.308142146441241 0.217781180155107 0.32319576269947 0.477541367523372 0.437997746281326 0.995443534106016 1166.09389305115 1166.09389305115 1166.09389305115 1166.09389305115 1166.09389305115 1166.09389305115 1166.09389305115 1166.09389305115 1166.09389305115 1166.09389305115 1166.09389305115 1166.09389305115 1166.09389305115
0.800908211618662 31.269229311496 30.0870064073242 30.0870064073242 2.96624201908708 0.229198256973177 28.6952129900455 28.6952129900455 28.6952129900455 28.6952129900455 0.315441023092717 0.992457215674222 0.224007664481178 2.4627807661891 7.42186950147152 2.41191517189145 1.00816426984966 0.169205920479726 2.46010539866984 0.211427269002669 2.15706394263543 0.574771406012587 0.387940117507242 0.269418599287746 41.0996318608522 53.2583303749561 55.174225717783 57.3587580025196 61.1386734843254 0.94181215018034 1166.09389305115 1166.09389305115 1166.09389305115 1166.09389305115 1166.09389305115 1166.09389305115 1166.09389305115 1166.09389305115 1166.09389305115 1166.09389305115 1166.09389305115 1166.09389305115 1166.09389305115 1166.09389305115 1166.09389305115
30.0870064073242 30.0870064073242 30.0870064073242 30.0870064073242 30.0870064073242 0.0836403125431389 0.114904240472242 0.165869182965253 28.6952129900455 28.6952129900455 0.498653044458479 0.223998431814834 1.6269472874701 0.314122391398996 4.71728340536356 1.89768427237868 0.291028518229723 0.710423790849745 2.14883123431355 1.86002292949706 0.206235757456286 1.669862794457 0.279875092535804 0.329488385294098 5.86348080076277 0.753152650780976 3.77594416588545 0.681565367616713 1166.09389305115 1166.09389305115 1166.09389305115 1166.09389305115 1166.09389305115 1166.09389305115 1166.09389305115 1166.09389305115 1166.09389305115 1166.09389305115 1166.09389305115 1166.09389305115 1166.09389305115 1166.09389305115 1166.09389305115 1166.09389305115 1166.09389305115
30.0870064073242 30.0870064073242 30.0870064073242 30.0870064073242 30.0870064073242 0.0548531477106735 31.9291960597038 29.0692028403282 28.6952129900455 0.186856482643634 0.238562565529719 0.233525247313082 1.39419590495527 0.324602558743209 4.431172311306 1.39362878538668 0.258083152584732 0.464388567022979 0.0960774123898531 1.61406175233424 0.197336946389441 1.37299331574468 0.247040291914004 0.366225373290945 4.78079917281866 0.423338254913688 3.5210400596261 0.368867630138993 1166.09389305115 1166.09389305115 1166.09389305115 1166.09389305115 1166.09389305115 1166.09389305115 1166.09389305115 1166.09389305115 1166.09389305115 1166.09389305115 1166.09389305115 1166.09389305115 1166.09389305115 1166.09389305115 1166.09389305115 1166.09389305115 1166.09389305115
30.0870064073242 30.0870064073242 30.0870064073242 30.0870064073242 30.0870064073242 32.1862258911133 0.0916834297822788 2.49171205982566 0.164801207836717 0.582185814157128 0.133122140832711 0.497393207624555 0.411504513584077 0.394587775692344 3.48471014946699 0.163390567991883 0.986746501177549 0.262179451528937 0.437263516243547 0.755292046349496 0.260851952945814 0.537636332061084 0.303150098799961 0.441758971079253 4.0606511682272 0.311135780997574 2.03469512239099 0.392407855950296 1166.09389305115 1166.09389305115 1166.09389305115 1166.09389305115 1166.09389305115 1166.09389305115 1166.09389305115 1166.09389305115 1166.09389305115 1166.09389305115 1166.09389305115 1166.09389305115 1166.09389305115 1166.09389305115 1166.09389305115 1166.09389305115 1166.09389305115
30.0870064073242 30.0870064073242 30.0870064073242 30.0870064073242 30.0870064073242 0.195465596858412 0.0425011877086945 2.18910978734493 0.253883588360623 0.05004043187364 0.226982679450884 0.0667472197674215 0.416039892472327 1.03828670457006 1.16985127516091 0.881902135908604 0.280160432681441 0.24959982233122 0.226840488146991 0.291464881040156 0.295317316922592 0.262180057667138 0.262931865396922 0.948119235888043 2.58966641512234 0.652466538362205 0.858895894140005 0.40457305777818 0.695913078263402 0.933534326963127 1166.09389305115 1166.09389305115 1166.09389305115 1166.09389305115 1166.09389305115 1166.09389305115 1166.09389305115 1166.09389305115 1166.09389305115 1166.09389305115 1166.09389305115 1166.09389305115 1166.09389305115 1166.09389305115 1166.09389305115
30.0870064073242 30.0870064073242 30.0870064073242 30.0870064073242 30.0870064073242 0.043487451504916 0.158046107273549 2.04955936595798 1.70558684691787 0.317825201433152 0.291890268214047 0.42365051433444 0.360228220932186 0.654089696705341 0.263913659378886 0.288742938544601 0.28526699077338 0.296036006882787 0.304867326281965 0.339100494980812 0.580622142646462 0.217406442738138 0.273632957844029 0.212117223707275 1.33582330658101 0.301135178189725 0.416935454122722 0.537715540267527 1.73803205043077 3.49117090553045 1166.09389305115 1166.09389305115 1166.09389305115 1166.09389305115 1166.09389305115 1166.09389305115 1166.09389305115 1166.09389305115 1166.09389305115 1166.09389305115 1166.09389305115 1166.09389305115 1166.09389305115 1166.09389305115 1166.09389305115
30.0870064073242 30.0870064073242 30.0870064073242 30.0870064073242 0.0643054468091577 0.433412974700332 0.2954534413293 0.779926652088761 0.266346451360732 0.384735675528646 0.734563953243196 0.748893614858389 0.363519346341491 0.319962589535862 0.310794244986027 0.591469380073249 0.268555473070592 0.567605505697429 0.643331680446863 3.93859826773405 1.18894658051431 0.681924593634903 0.377610720228404 0.315146380876286 0.669911389180925 0.347467962652445 0.214715344132856 1166.09389305115 1166.09389305115 1166.09389305115 1166.09389305115 1166.09389305115 1166.09389305115 1166.09389305115 1166.09389305115 1166.09389305115 1166.09389305115 1166.09389305115 1166.09389305115 1166.09389305115 1166.09389305115 1166.09389305115 1166.09389305115 1166.09389305115 1166.09389305115
30.0870064073242 30.0870064073242 8.57952933013439 0.153643629513681 2.09811066091061 0.250480139162391 0.405840144492686 0.403193023987114 0.41922749672085 1.61950615234673 0.359124461188912 1.06979937292635 0.678246881812811 0.269940573256463 0.262385493144393 0.348870990797877 1.06668107397854 1.5287037435919 0.271973023191094 3.93859826773405 0.204331938410178 0.545744485687464 0.298575228138361 0.264249684289098 0.259389468468726 0.193126473313896 0.664026432670653 1166.09389305115 1166.09389305115 1166.09389305115 1166.09389305115 1166.09389305115 1166.09389305115 1166.09389305115 1166.09389305115 1166.09389305115 1166.09389305115 1166.09389305115 1166.09389305115 1166.09389305115 1166.09389305115 1166.09389305115 1166.09389305115 1166.09389305115 1166.09389305115
30.0870064073242 30.0870064073242 8.44414420425892 7.74816784262657 0.216970525681973 1.69490327686071 0.486469516530633 0.428198387846351 0.804088985547423 2.12037963420153 0.323294314090163 6.95513792335987 8.47356648743153 9.0908233076334 9.68167316913605 10.5539703220129 16.0577763319016 2.97699163854122 22.9306985735893 22.9306985735893 24.6844165921211 0.970885549671948 26.9289071261883 0.536060953512788 0.290911994874477 0.64760911418125 1166.09389305115 1166.09389305115 1166.09389305115 1166.09389305115 1166.09389305115 1166.09389305115 1166.09389305115 1166.09389305115 1166.09389305115 1166.09389305115 1166.09389305115 1166.09389305115 1166.09389305115 1166.09389305115 1166.09389305115 1166.09389305115 1166.09389305115 1166.09389305115 1166.09389305115
0.199595059733838 2.58888515457511 0.370717914309353 7.52295529842377 0.259523988701403 0.404891206882894 0.41983696538955 2.01250075176358 0.375214442610741 2.64800658449531 4.89564161002636 0.326339624356478 0.257959198206663 0.315044012852013 0.855747047811747 1.23702959530056 16.0577763319016 16.0577763319016 22.9306985735893 22.9306985735893 24.6844165921211 26.9289071261883 26.9289071261883 0.509632514789701 1.97855028137565 0.502678974531591 1166.09389305115 1166.09389305115 1166.09389305115 1166.09389305115 1166.09389305115 1166.09389305115 1166.09389305115 1166.09389305115 1166.09389305115 1166.09389305115 1166.09389305115 1166.09389305115 1166.09389305115 1166.09389305115 1166.09389305115 1166.09389305115 1166.09389305115 1166.09389305115 1166.09389305115
0.13524169428274 2.24347887933254 0.172447384276893 7.2576974183321 0.22777704987675 0.339375189971179 3.06653583794832 2.35588365420699 0.442528743296862 4.31532242149115 0.754422303289175 0.327126523945481 0.230507937259972 0.256290499586612 0.256138666998595 0.368134966120124 16.0577763319016 16.0577763319016 0.300760140642524 0.212616395205259 1.20585443452001 0.296854147687554 27.7019267082214 0.221646942663938 2.81377589702606 3.36519949510694 1166.09389305115 1166.09389305115 1166.09389305115 1166.09389305115 1166.09389305115 1166.09389305115 1166.09389305115 1166.09389305115 1166.09389305115 1166.09389305115 1166.09389305115 1166.09389305115 1166.09389305115 1166.09389305115 1166.09389305115 1166.09389305115 1166.09389305115 1166.09389305115 1166.09389305115
0.127047199988738 2.137550259009 0.0938175988412695 0.126176802150439 6.88529671728611 3.69521393626928 3.49035100638866 0.286836552899331 0.391412719152868 0.474990134127438 0.43451408855617 0.212626622524112 0.564575112424791 0.212440033676103 0.30657160654664 0.751711607910693 0.607621390372515 0.265641989652067 0.289314039982855 0.455942842178047 0.954203257337213 0.371696250978857 0.323780218139291 28.6574963927269 36.2226316928864 37.4007239341736 1166.09389305115 1166.09389305115 1166.09389305115 1166.09389305115 1166.09389305115 1166.09389305115 1166.09389305115 1166.09389305115 1166.09389305115 1166.09389305115 1166.09389305115 1166.09389305115 1166.09389305115 1166.09389305115 1166.09389305115 1166.09389305115 1166.09389305115 1166.09389305115 1166.09389305115
