Archive - glowpa-model-master/Model input/Uganda/watertemperature/Tw_apr_1.asc
NCOLS 67 
NROWS 67 
XLLCORNER 29.5000000014144 
YLLCORNER -1.49999999936061 
CELLSIZE 0.0833333332926796 
NODATA_value -9999 
[rows 20 to 39 of 67, columns 0 to 45 of 67]
-9999 -9999 -9999 -9999 -9999 -9999 -9999 -9999 -9999 -9999 -9999 -9999 -9999 -9999 -9999 22.4494493603706 22.5158876776695 22.6628424525261 23.6209156513214 24.120036303997 25.1575793623924 25.4686087369919 25.6980397105217 25.7242075204849 25.6692378520966 25.5998607873917 25.4161093831062 25.3818567991257 25.3228229284286 25.1946440339088 25.0988699197769 25.0020785927773 24.8467250466347 24.8366158604622 24.8520256280899 24.8701341152191 24.7863816618919 24.7199713587761 24.7230211496353 24.6729412674904 24.644951403141 24.5740897059441 24.6960510611534 24.7981666326523 24.8769370913506 24.9270104169846
-9999 -9999 -9999 -9999 -9999 -9999 -9999 -9999 -9999 -9999 -9999 -9999 -9999 -9999 -9999 22.0948994159698 21.8038604855537 22.0184732079506 22.944328546524 23.9791478514671 25.0971067547798 25.4869921207428 25.74052298069 25.6901122331619 25.6630469560623 25.6187354326248 25.4755727648735 25.37394541502 25.1637781262398 25.0968517065048 25.0554941296577 24.9547246098518 24.8400948047638 24.86409252882 24.8695555329323 24.8400259017944 24.8011466860771 24.809749007225 24.7813264131546 24.7103362083435 24.6968157291412 24.6162850260735 24.6385399103165 24.702531337738 24.7380653619766 24.8601819872856
-9999 -9999 -9999 -9999 -9999 -9999 -9999 -9999 -9999 -9999 -9999 -9999 -9999 -9999 -9999 -9999 21.1438203454018 21.8019839525223 23.0070548653603 24.316645860672 25.1010627746582 25.6208285093307 25.6842707395554 25.681036233902 25.5589386224747 25.4773769378662 25.3840010166168 25.2875164747238 25.1178749799728 24.9577273726463 24.8681356906891 24.891363799572 24.8798313736916 24.8577851653099 24.8278960585594 24.8105796575546 24.8407108783722 24.8083156943321 24.7669997811317 24.6986182332039 24.638975918293 24.6425724625587 24.7173505425453 24.6852594017982 24.6080392599106 24.7058561444283
-9999 -9999 -9999 -9999 -9999 -9999 -9999 -9999 -9999 -9999 -9999 -9999 -9999 -9999 -9999 -9999 -9999 21.4155384898186 23.2115522623062 24.231591463089 25.3984273076057 25.6627144217491 25.6720160841942 25.6842641830444 25.5472963452339 25.4820746779442 25.4296876192093 25.2671357989311 24.9821308255196 24.6801635622978 24.5886095762253 24.581717133522 24.734205186367 24.8151272535324 24.7754606604576 24.825985789299 24.8359443545341 24.8031454086304 24.7508131861687 24.7638210058212 24.694752395153 24.7454499006271 24.7918111085892 24.7455808520317 24.6466630101204 24.6135647296906
-9999 -9999 -9999 -9999 -9999 -9999 -9999 -9999 -9999 -9999 -9999 -9999 -9999 -9999 -9999 20.1050986647606 19.7947689294815 22.34302765131 24.6271703839302 25.0635104775429 25.5940416455269 25.6172037124634 25.6416534781456 25.6624315977097 25.5929753780365 25.5264431834221 25.3483021259308 25.106664121151 24.8035184144974 24.5237902402878 24.4397169947624 24.5278559923172 24.6526058912277 24.709366440773 24.7347221374512 24.7884287834167 24.7996129989624 24.7796930074692 24.7976999878883 24.8028656840324 24.7348058819771 24.8107870221138 24.8547641038895 24.7821860313416 24.6732404232025 24.6743223667145
-9999 -9999 -9999 -9999 -9999 -9999 -9999 -9999 -9999 -9999 -9999 -9999 -9999 -9999 -9999 19.7920932769775 21.5159155726433 24.7489368915558 25.4050952196121 25.5496580004692 25.5869063138962 25.6051195263863 25.6231666207314 25.6372266411781 25.5604189038277 25.2581657171249 24.8933588266373 24.8192177414894 24.661041200161 24.5048425793648 24.5596264600754 24.5741529464722 24.5663549304008 24.6566716432571 24.7346150875092 24.7678854465485 24.7767487168312 24.7990006804466 24.8006232976913 24.7735357284546 24.7756846547127 24.8235439062119 24.8613405227661 24.8116579055786 24.6972119808197 24.6523432731628
-9999 -9999 -9999 -9999 -9999 -9999 -9999 -9999 -9999 -9999 -9999 -9999 -9999 -9999 -9999 20.2719565033913 24.2721393704414 25.3941668868065 25.471009016037 25.5302532315254 25.5713727474213 25.5916773676872 25.6013140678406 25.517545580864 25.1143462657928 24.7726188898087 24.7000080347061 24.7898089885712 24.5901505947113 24.5943443775177 24.6073653101921 24.6139783859253 24.5668262243271 24.6255131959915 24.6764642000198 24.7129062414169 24.7082444429398 24.7880302667618 24.8077462315559 24.8603593707085 24.8622543811798 24.857121348381 24.8222315311432 24.7778514027596 24.7119888067245 24.6851266622543
-9999 -9999 -9999 -9999 -9999 -9999 -9999 -9999 -9999 -9999 -9999 -9999 -9999 -9999 -9999 23.7875756025314 25.3161368966103 25.3823280930519 25.4486475586891 25.5309818387032 25.5690143704414 25.5759966373444 25.3658410310745 24.8043478727341 24.6186745166779 24.5343511104584 24.6097679138184 24.6631919145584 24.5506539940834 24.5412024855614 24.6412920951843 24.6135877966881 24.5718874931335 24.5830033421516 24.6283830404282 24.6778219342232 24.7214444875717 24.7906173467636 24.8643440008163 24.8588001728058 24.8835182785988 24.8645439147949 24.8082084655762 24.7921195030212 24.7562149763107 24.7779716253281
-9999 -9999 -9999 -9999 -9999 -9999 -9999 -9999 -9999 -9999 -9999 -9999 -9999 -9999 23.8721043467522 25.2282949090004 25.3923977017403 25.4448828101158 25.4947460889816 25.5488288402557 25.5780118107796 25.2792707681656 24.7060028910637 24.4927725195885 24.4423735141754 24.4647108316422 24.5225224494934 24.5309435129166 24.497999548912 24.5448315143585 24.6594817042351 24.6481549739838 24.5546299219131 24.420652449131 24.5685861110687 24.7097569108009 24.7570662498474 24.8151716589928 24.8125747442245 24.8552249073982 24.8625190258026 24.8765426278114 24.8610460758209 24.8488358855247 24.866004884243 24.8447434902191
-9999 -9999 -9999 -9999 -9999 -9999 -9999 -9999 -9999 -9999 -9999 21.977908551693 22.4805067181587 24.2417387366295 25.2737379074097 25.3875485658646 25.4457905888557 25.4874592423439 25.541997551918 25.5490617156029 25.0795601606369 24.4643433690071 24.4288350343704 24.3885805010796 24.463466823101 24.447470843792 24.3974894881248 24.4831688404083 24.4776458740234 24.5509625673294 24.6024960875511 24.5974429249763 24.5711702108383 24.5915693640709 24.6075402498245 24.6530458927155 24.711780667305 24.778597176075 24.8550334572792 24.9027681946754 24.8872883915901 24.8736026287079 24.8759399652481 24.9035049676895 24.8963892459869 24.8287677764893
-9999 -9999 -9999 -9999 -9999 -9999 -9999 -9999 -9999 -9999 23.0240048766136 24.2166342139244 25.1833573579788 25.3679483532906 25.4129807949066 25.4636558890343 25.4871952533722 25.4963862895966 25.4238545298576 24.7440813779831 24.3544079065323 24.3043234348297 24.0444988012314 24.1710586547852 24.3559116125107 24.4184763431549 24.4515424966812 24.4873887300491 24.552753329277 24.5691328644753 24.5604932308197 24.5299078822136 24.5226488113403 24.5702646374702 24.6428571343422 24.6992220878601 24.7109912037849 24.8013469576836 24.8802251219749 24.9119027853012 24.9150603413582 24.9200573563576 24.9162554740906 24.8958567380905 24.8630078434944 24.8168646097183
-9999 -9999 -9999 -9999 -9999 -9999 -9999 -9999 -9999 -9999 24.8950423598289 25.4358075857162 25.4473160505295 25.4644216895103 25.4759327173233 25.5065006017685 25.5199217796326 25.4019188284874 24.7170087695122 24.2613606452942 24.2665742635727 24.3022983074188 23.9899833202362 24.0705649852753 24.3487241268158 24.4467594623566 24.4522454738617 24.5005990862846 24.5259249806404 24.536118388176 24.5071370005608 24.4632540345192 24.4358182549477 24.4826819896698 24.581135392189 24.6823552846909 24.7557665109634 24.7923555970192 24.845830142498 24.8372015357018 24.857331097126 24.9050613045692 24.9028633236885 24.9122187495232 24.8977201581001 24.8556351661682
-9999 -9999 -9999 -9999 -9999 -9999 -9999 -9999 -9999 23.9806532263756 25.4131261110306 25.47619754076 25.4835889935493 25.5022024512291 25.5138631463051 25.4465090632439 24.7744372487068 24.4740555286407 24.3194882273674 24.3092443943024 24.35020840168 24.2445222139359 24.1105170249939 24.1882876753807 24.4079189896584 24.4283739328384 24.4342142939568 24.4606586098671 24.4385209083557 24.4288085699081 24.4299860596657 24.4583804607391 24.4343364238739 24.4194909334183 24.4517858624458 24.5699436664581 24.7042456865311 24.7589713335037 24.7788570523262 24.7419684529305 24.7536907196045 24.8701961040497 24.9149076342583 24.9021102786064 24.8916269540787 24.8619244098663
-9999 -9999 -9999 -9999 -9999 -9999 -9999 -9999 -9999 24.526647567749 25.3836160302162 25.376200735569 25.4707106947899 25.5220041871071 25.5218827724457 24.6937661170959 24.1981709003448 24.2041350007057 24.2472826242447 24.2695409059525 24.2688044309616 24.2229970097542 24.3018233180046 24.3681431412697 24.312463581562 24.3507111668587 24.386495411396 24.3741587996483 24.4098576903343 24.3946986794472 24.360544860363 24.3551450371742 24.4177366495132 24.4066503047943 24.3502043485641 24.4336411356926 24.6365690231323 24.6948900818825 24.7825199961662 24.6859204769135 24.6995356082916 24.7278118729591 24.8412756919861 24.8781447410583 24.8687543869019 24.8385576605797
-9999 -9999 -9999 -9999 -9999 -9999 22.4868170619011 22.6235312223434 23.1459169387817 25.3018721342087 25.4412436485291 25.3861669301987 25.4669677615166 25.4621055722237 25.2811169624329 24.1383994817734 24.1990448832512 24.1952252388 24.254433453083 24.2710002660751 24.3223202824593 24.3313166499138 24.3273356556892 24.3030542135239 24.324814081192 24.336908698082 24.3238394856453 24.3030508756638 24.3740341067314 24.3259683847427 24.3509715795517 24.2912237048149 24.3010890483856 24.3556531071663 24.3618070483208 24.3349962234497 24.4268456697464 24.5333366394043 24.6266495585442 24.6551088690758 24.6774046421051 24.6473393440247 24.7280088067055 24.7944673299789 24.7932312488556 24.8004084229469
-9999 -9999 -9999 -9999 -9999 -9999 23.3782986402512 23.6057951450348 24.7802246212959 25.6151959300041 25.7379007339478 25.6975580453873 25.5297756195068 25.4041987657547 24.4619349241257 24.1665804982185 24.3635216355324 24.3542529940605 24.3527187108994 24.3270774483681 24.3029736876488 24.31497579813 24.3487030267715 24.3576803207397 24.3202070593834 24.3004505634308 24.2907919287682 24.2972190380096 24.3305377960205 24.2821673750877 24.2912330627441 24.2360088825226 24.1655505299568 24.2677300572395 24.3118125796318 24.2857739329338 24.2980459928513 24.413741350174 24.5070157647133 24.5892440080643 24.6122278571129 24.7058176398277 24.6906301379204 24.691822707653 24.6944685578346 24.7485520243645
-9999 -9999 -9999 -9999 -9999 23.64647179842 24.7544922232628 25.2357599139214 25.496288061142 25.7020411491394 25.7206149697304 25.6988319754601 25.5279731154442 24.7436116337776 24.0404241085052 24.2112125754356 24.1681454181671 24.2151318192482 24.2513411641121 24.3097762465477 24.2681111097336 24.2468153238297 24.2647574543953 24.3304667472839 24.3585634231567 24.2692419290543 24.2379692196846 24.2108214497566 24.2677692174911 24.2991724610329 24.2271350026131 24.1985194683075 24.1135981678963 24.1453931331635 24.2326021790504 24.2735199928284 24.2869057655334 24.250261425972 24.4184938669205 24.5044457912445 24.525533914566 24.6125603914261 24.6162496209145 24.6219636797905 24.6208080649376 24.6274407505989
-9999 -9999 23.9012754559517 23.789447247982 23.2529661655426 24.3660419583321 25.0453497767448 25.3528991937637 25.5562278628349 25.5916175246239 25.5367802381516 25.4595641493797 24.6976390480995 23.8093144893646 23.8700399398804 23.9390001296997 24.0476300120354 24.1181702017784 24.1933976411819 24.2962443828583 24.0892649292946 24.0815361738205 24.0743101239204 24.2547962069511 24.3258006572723 24.1726004481316 23.9901378750801 24.1553847789764 24.2498646378517 24.2554637789726 24.2272734642029 24.1675916314125 24.1638052463531 24.1210429668427 24.1988544464111 24.2611097097397 24.2665434479713 24.1968904733658 24.3726206421852 24.4495015740395 24.5068668723106 24.6040711402893 24.5901940464973 24.5051998496056 24.5338531732559 24.5324198007584
-9999 23.9038332104683 23.9044299125671 24.0972898006439 24.2112202048302 24.7937440276146 25.0242974758148 25.0333058834076 24.6895921826363 25.2074883580208 24.8484324812889 23.6399022340775 23.5193693041801 23.8695576190948 23.9755666255951 24.0377508997917 23.9870618581772 24.0190932750702 24.1293488740921 24.1985382437706 24.2362906932831 24.0323773622513 23.8598830699921 23.8369522690773 23.8684174418449 24.1209513545036 23.8815175294876 23.9185433387756 24.1275304555893 24.2129417657852 24.2593299746513 24.2450236678123 24.2024494409561 24.121752679348 24.1670765280724 24.1795591115952 24.1085677742958 24.1433431506157 24.3075619339943 24.3942444324493 24.4652054309845 24.5535970926285 24.5377283096313 24.4996825456619 24.4644829034805 24.5141417384148
-9999 23.960993885994 24.2761359214783 24.3749238848686 24.4746645092964 24.558763563633 24.5589944720268 24.3340802192688 23.2215536832809 24.0019361972809 23.2838431596756 22.9380900859833 23.0857548117638 23.4913958311081 23.6074670553207 23.9751506447792 24.0372535586357 24.0099193453789 23.865172624588 23.9265497922897 24.1495609879494 24.0186855196953 23.8594946861267 23.7774409651756 23.4954288601875 24.1193318367004 24.119186937809 23.9579856395721 23.5787063837051 23.8607179522514 24.1070230603218 24.1154142022133 24.1854566335678 24.1100354790688 24.0684093236923 24.1135101914406 24.0235286951065 24.139016866684 24.265936434269 24.3320035338402 24.3392926454544 24.4025869369507 24.4784768819809 24.4929274916649 24.4579821825027 24.4642222523689
