Archive - glowpa-model-master/Model input/Uganda/watertemperature/Tw_apr_1.asc
NCOLS 67 
NROWS 67 
XLLCORNER 29.5000000014144 
YLLCORNER -1.49999999936061 
CELLSIZE 0.0833333332926796 
NODATA_value -9999 
[rows 0 to 19 of 67, columns 0 to 45 of 67]
-9999.000000000000000 -9999 -9999 -9999 -9999 -9999 -9999 -9999 -9999 -9999 -9999 -9999 -9999 -9999 -9999 -9999 -9999 -9999 -9999 -9999 -9999 -9999 -9999 -9999 -9999 -9999 -9999 -9999 -9999 -9999 -9999 25.3406085968018 25.2356140017509 -9999 -9999 -9999 -9999 -9999 -9999 -9999 -9999 -9999 -9999 -9999 -9999 -9999
-9999 -9999 -9999 -9999 -9999 -9999 -9999 -9999 -9999 -9999 -9999 -9999 -9999 -9999 -9999 -9999 -9999 -9999 -9999 -9999 -9999 -9999 -9999 -9999 -9999 -9999 -9999 -9999 -9999 25.3572313785553 25.4361516833305 25.3754749894142 25.5199605226517 25.2972995638847 25.2062995433807 25.4222189188004 25.2104170918465 23.6985179185867 22.2282939553261 21.7449480295181 -9999 -9999 -9999 -9999 -9999 -9999
-9999 -9999 -9999 -9999 -9999 -9999 -9999 -9999 -9999 -9999 -9999 -9999 -9999 -9999 -9999 -9999 -9999 -9999 -9999 -9999 -9999 -9999 -9999 -9999 -9999 -9999 -9999 -9999 -9999 25.7068145871162 25.73559653759 25.8985030651093 25.8660051226616 25.5278937220573 25.2492812871933 25.5480779409409 25.4952757954597 25.3160479664803 24.4441305398941 23.438415646553 21.5006746053696 20.0376535654068 22.0125176310539 -9999 -9999 -9999
-9999 -9999 -9999 -9999 -9999 -9999 -9999 -9999 -9999 -9999 -9999 -9999 -9999 -9999 -9999 -9999 -9999 -9999 -9999 -9999 -9999 -9999 -9999 -9999 -9999 25.1349620223045 -9999 -9999 -9999 25.9120717048645 25.9733037352562 25.9826860427856 25.8451819419861 25.5238079428673 25.2576392889023 25.433089017868 25.374637901783 25.2818126678467 24.9415605068207 23.8900630474091 21.5970661044121 22.8380338549614 24.6833464503288 -9999 -9999 -9999
-9999 -9999 -9999 -9999 -9999 -9999 -9999 -9999 -9999 -9999 -9999 -9999 -9999 -9999 -9999 -9999 -9999 -9999 -9999 -9999 -9999 -9999 25.6030856966972 -9999 -9999 25.2629452943802 -9999 -9999 -9999 25.8291530609131 26.0217734575272 25.9182503223419 25.7706028819084 25.5895292162895 25.2727067470551 25.1113436818123 25.2268394827843 25.3014270663261 25.1601930260658 24.9431380033493 24.5353140830994 24.456355214119 24.7515644431114 24.5962218046188 -9999 -9999
-9999 -9999 -9999 -9999 -9999 -9999 -9999 -9999 -9999 -9999 -9999 -9999 -9999 -9999 -9999 -9999 -9999 -9999 -9999 -9999 -9999 25.468306183815 25.4887710213661 25.4438070654869 25.4294581413269 25.3712159991264 24.8981578350067 25.0847941637039 25.1939432621002 25.7218160033226 25.9246668219566 25.859145283699 25.8572616577148 25.7692130208015 25.5357826948166 25.1438368558884 25.2745306491852 25.2735007405281 25.0986210107803 24.821010529995 24.8384038805962 24.9374876618385 24.7926716804504 24.8822920322418 -9999 -9999
-9999 -9999 -9999 -9999 -9999 -9999 -9999 -9999 -9999 -9999 -9999 -9999 -9999 -9999 -9999 -9999 -9999 -9999 -9999 25.4855812191963 25.6090371608734 25.4728382229805 25.5137568712234 25.5985190272331 25.6086000204086 25.5825216174126 25.4434176087379 25.7008108496666 25.7272686362267 25.7431163787842 25.9696208238602 25.8846142292023 25.7927668094635 25.5314455628395 25.358508348465 25.2832592725754 25.3824225664139 25.2802457809448 25.0973262786865 24.9457532167435 25.0435301661491 25.0980254411697 25.0586514472961 25.054757475853 -9999 -9999
-9999 -9999 -9999 -9999 -9999 -9999 -9999 -9999 -9999 -9999 -9999 -9999 -9999 -9999 -9999 -9999 -9999 25.0101522803307 25.4970749020576 25.5353860259056 25.4994074106216 25.4162643551826 25.5177416205406 25.6719428300858 25.7312371730804 25.7484094500542 25.7160989642143 25.6960778832436 25.684839785099 25.7980479598045 25.761746942997 25.6662311553955 25.5748483538628 25.4139085412025 25.2711320519447 25.3762370347977 25.3189696669579 25.225909113884 25.0336146950722 25.0024561285973 25.1168054938316 25.1283208727837 25.2182412743568 25.1220811605453 25.0924653410912 -9999
-9999 -9999 -9999 -9999 -9999 -9999 -9999 -9999 -9999 -9999 -9999 -9999 -9999 -9999 -9999 -9999 -9999 25.2149896621704 25.4004393815994 25.4873509407043 25.5077905654907 25.442739546299 25.6184160709381 25.7770165205002 25.7502916455269 25.7776529788971 25.539720416069 25.4724580049515 25.5511690974236 25.6527732014656 25.5274479985237 25.4713286161423 25.3765888214111 25.4515165686607 25.3308181762695 25.3140321969986 25.2995025515556 25.2048098444939 25.1428263187408 25.1560637950897 25.1819813251495 25.2503635287285 25.2029767036438 25.1122955679893 25.0716235637665 25.018628180027
-9999 -9999 -9999 -9999 -9999 -9999 -9999 -9999 -9999 -9999 -9999 -9999 -9999 -9999 -9999 -9999 -9999 25.2696300148964 25.4301146864891 25.5180926918983 25.4154917597771 25.5462919473648 25.6898814439774 25.7947324514389 25.8020537495613 25.8227962851524 25.4902171492577 25.4071874022484 25.4457724094391 25.392274081707 25.423857152462 25.3529356122017 25.371762752533 25.3045986294746 25.3858463168144 25.3465923070908 25.4114128351212 25.3188346028328 25.2741980552673 25.2924709320068 25.3117193579674 25.248066842556 25.1904512047768 25.1576472520828 25.0700778365135 25.0762141346931
-9999 -9999 -9999 -9999 -9999 -9999 -9999 -9999 -9999 -9999 -9999 -9999 -9999 -9999 -9999 -9999 24.9902530312538 25.244042634964 25.3253757357597 25.3894534707069 25.5291158556938 25.6751852631569 25.7523422241211 25.7671265006065 25.8780725598335 25.7639764547348 25.6218965053558 25.5697702169418 25.5021388530731 25.5547051429749 25.5321379303932 25.4996759295464 25.4906059503555 25.3337659835815 25.3549228906631 25.4721275568008 25.5027367472649 25.419180393219 25.4076404571533 25.325528383255 25.1573640704155 25.0648783445358 25.0227037072182 25.1066879034042 25.0335688591003 24.6453479528427
-9999 -9999 -9999 -9999 -9999 -9999 -9999 -9999 -9999 -9999 -9999 -9999 -9999 -9999 -9999 -9999 25.0020759105682 25.1312101483345 25.2705981135368 25.3788438439369 25.5774465203285 25.6484381556511 25.7178292870522 25.9077225923538 25.7885792255402 25.4179130196571 25.315934419632 25.2329832911491 25.1373409032822 25.3977491855621 25.4105341434479 25.4309712648392 25.3946418166161 25.2567510604858 25.0996961593628 25.2859771251678 25.4238526821136 25.4166567325592 25.3566523790359 25.2194474935532 25.0478353500366 24.9915811419487 24.764965057373 24.9624581933022 24.8673334717751 24.6153647303581
-9999 -9999 -9999 -9999 -9999 -9999 -9999 -9999 -9999 -9999 -9999 -9999 -9999 -9999 -9999 24.3970542550087 24.9146042466164 25.0585126876831 25.2703269720078 25.3570480942726 25.5225782394409 25.6285338401794 25.7013726234436 25.8786245584488 25.4229655265808 25.1931294202805 25.1459964513779 25.0737118721008 25.0250734686852 25.043255507946 25.1686142683029 25.2083977460861 25.2084437608719 25.1163017749786 25.0128301382065 25.1477067470551 25.1755417585373 25.0507828593254 25.1553820371628 25.1636245250702 24.9748588204384 24.8879449367523 24.763847887516 24.880328476429 24.7725136876106 24.6895148158073
-9999 -9999 -9999 -9999 -9999 -9999 -9999 -9999 -9999 -9999 -9999 -9999 -9999 -9999 -9999 -9999 24.4378906488419 24.9151232838631 25.253746509552 25.320385992527 25.4987827539444 25.6455425620079 25.7627083659172 25.699241399765 25.3505337238312 25.2287045121193 25.1615669727325 24.9870785474777 24.9073278307915 24.8335567116737 24.938338637352 25.0516158342361 25.0788421034813 25.0259708166122 24.9939747452736 25.0204938650131 25.1082486510277 25.0585343837738 24.9881725311279 25.0509893894196 24.9916369318962 24.8408572077751 24.7277680039406 24.777588903904 24.7156483530998 24.6657997965813
-9999 -9999 -9999 -9999 -9999 -9999 -9999 -9999 -9999 -9999 -9999 -9999 -9999 -9999 -9999 -9999 -9999 24.8398347496986 25.1917274594307 25.3383201360703 25.5349351167679 25.6629275679588 25.7754460573196 25.5403509140015 25.416002869606 25.3409130573273 25.2605491280556 25.0836535692215 24.9162299633026 24.8413208723068 24.8467118144035 24.906016767025 24.9855245947838 24.9485185146332 24.8690250515938 24.9011234641075 24.9978513121605 25.0738631486893 24.9290761351585 24.9034414291382 24.8779808878899 24.8230396509171 24.7604933381081 24.7301222085953 24.7123958468437 24.6239593029022
-9999 -9999 -9999 -9999 -9999 -9999 -9999 -9999 -9999 -9999 -9999 -9999 -9999 -9999 -9999 -9999 23.5735715031624 24.5609815120697 25.0808954834938 25.3447917103767 25.5099470019341 25.5867168307304 25.7430485486984 25.6774334311485 25.5628866553307 25.4028136730194 25.2521133422852 25.0580233335495 24.9671813845634 24.9914673566818 24.89231300354 24.7927728891373 24.833647787571 24.836064517498 24.7797798514366 24.8649312257767 24.8843858838081 24.9141889214516 24.9626349210739 24.9119493365288 24.853820502758 24.8039389848709 24.757147192955 24.7524415254593 24.7854533791542 24.8069860339165
-9999 -9999 -9999 -9999 -9999 -9999 -9999 -9999 -9999 -9999 -9999 -9999 -9999 -9999 -9999 -9999 23.5123441815376 24.3642748594284 25.1857587099075 25.2821457386017 25.4744272828102 25.5864767432213 25.7078269720078 25.7569222450256 25.6672600507736 25.3616763949394 25.2787079811096 25.1674760580063 25.1038304567337 25.0541922450066 24.8883737325668 24.8125960230827 24.7849425673485 24.8057118654251 24.7736611962318 24.7833839654922 24.793416261673 24.8042550683022 24.8611631989479 24.8756073713303 24.821257352829 24.7623710036278 24.7084583044052 24.7139010429382 24.6905841231346 24.7636622190475
-9999 -9999 -9999 -9999 -9999 -9999 -9999 -9999 -9999 -9999 -9999 -9999 -9999 -9999 -9999 23.0187153220177 23.3491733074188 24.1796028017998 25.1821027398109 25.3219596147537 25.4110267162323 25.4879469871521 25.6836156249046 25.7491369843483 25.6406446695328 25.4486851096153 25.336504638195 25.2343254685402 25.1688364744186 25.0669186115265 24.9574432373047 24.7773776054382 24.6751028299332 24.720316529274 24.772284090519 24.7124513983727 24.7324095368385 24.7916839718819 24.8143557310104 24.8079081773758 24.8592138886452 24.8162224888802 24.7428515553474 24.7758281230927 24.8245504498482 24.731537759304
-9999 -9999 -9999 -9999 -9999 -9999 -9999 -9999 -9999 -9999 -9999 -9999 -9999 -9999 -9999 22.7777155637741 23.0403314232826 23.6894230246544 24.8871695399284 25.2021166086197 25.2393823862076 25.4297606348991 25.6548385620117 25.7085699439049 25.5891243815422 25.4288600683212 25.2793912291527 25.1891613006592 25.1186389327049 25.0789039134979 25.0376397967339 24.8898566961288 24.6491931080818 24.6585800051689 24.7961447238922 24.7905163764954 24.7872196435928 24.717714548111 24.6808166503906 24.7355542182922 24.7933098077774 24.8228669762611 24.8115111589432 24.8231775760651 24.7765608429909 24.7883788943291
-9999 -9999 -9999 -9999 -9999 -9999 -9999 -9999 -9999 -9999 -9999 -9999 -9999 -9999 -9999 22.4645358920097 22.7265327572823 23.1973589658737 24.3040518760681 24.9777000546455 25.128898859024 25.4886121749878 25.6197725534439 25.7025206685066 25.7013640403748 25.5690892934799 25.3928134441376 25.2376193404198 25.2527694106102 25.1362425684929 25.1180780529976 24.9917113780975 24.7712265849113 24.7353230714798 24.835437476635 24.8383134007454 24.8083800077438 24.7255907654762 24.6569257974625 24.6521412134171 24.7294198274612 24.7564061284065 24.8098703026772 24.8343459367752 24.8550089001656 24.8567859530449
