Archive - glowpa-model-master/Model input/Uganda/watertemperature/Tw_apr_1.asc
NCOLS 67 
NROWS 67 
XLLCORNER 29.5000000014144 
YLLCORNER -1.49999999936061 
CELLSIZE 0.0833333332926796 
NODATA_value -9999 
[rows 40 to 59 of 67, columns 0 to 45 of 67]
23.9902792572975 24.389921605587 24.5152310729027 24.4254793524742 24.2500180602074 24.2530416250229 24.2394065856934 21.7029557824135 22.0782279372215 22.6082249283791 22.6172688603401 22.8474404811859 22.9768375754356 23.3919042944908 23.5964210033417 23.9456721544266 23.8529590368271 23.961164355278 23.7202979922295 23.6868454813957 23.8183504343033 23.9402224421501 23.7719503045082 23.6227113008499 23.5783775448799 23.6940433979034 24.0615010857582 23.9756443500519 23.8213802576065 23.5358629226685 23.9442898035049 23.9922311902046 24.0634412169456 23.9538410902023 23.8906586766243 23.9270831346512 23.9437610507011 24.0164186954498 24.1902841329575 24.2698498368263 24.3031950592995 24.2707787752151 24.3700777292252 24.4058057069778 24.4466518759727 24.3874792456627
24.1023885011673 24.4025006890297 24.6350250840187 24.5523766279221 24.2238547801971 24.0489051938057 21.8755731582642 18.9350467920303 22.4532403945923 22.7606760263443 22.7559519410133 22.8963827490807 23.121528506279 23.3808906078339 23.5975545048714 23.7573278546333 23.7653474211693 23.908486187458 23.7867691516876 23.8070117235184 23.7598112225533 23.7208164334297 23.6987010836601 23.794730246067 23.77968531847 23.7107731103897 23.7468194365501 23.8902016282082 23.8408322930336 23.6590340137482 23.8020702004433 23.9504121541977 24.0273265838623 24.0049138069153 23.9856842756271 24.0019094347954 23.9224426150322 23.981224656105 24.1385424733162 24.1946566104889 24.2467601895332 24.2442395687103 24.3035842776299 24.2953464984894 24.3505576252937 24.242769241333
23.9952399134636 24.2729905247688 24.5682874917984 24.3100684285164 20.0554234981537 19.0818839669228 15.9053591489792 20.2525066137314 22.7741549015045 22.951040327549 22.8555061221123 23.1374776959419 23.3940804600716 23.3236832618713 23.4553821086884 23.6003708839417 23.6767952442169 23.6733109951019 23.6626916527748 23.6808220744133 23.6928862333298 23.716203391552 23.6853524446487 23.8106155395508 23.7851936221123 23.8327885270119 23.7576287984848 23.8591777086258 23.8010815382004 23.7188261151314 23.5100758075714 23.7916957736015 23.9393612146378 24.0129721164703 24.0384187102318 23.9780384898186 23.7698249816895 23.9438645839691 24.0469681620598 24.0839379429817 24.1593517065048 24.1356847286224 24.1644536852837 24.1611166596413 24.2590855360031 24.2012003064156
23.9999679327011 24.1126223802567 24.2677606344223 20.2502660155296 10.8238857388496 10.3970580101013 14.1303055882454 21.9558682441711 23.4169944524765 23.5533773303032 23.5211848020554 23.4986464977264 23.5221303105354 23.4974238872528 23.4589892625809 23.543245613575 23.6436133384705 23.5216220617294 23.5060569643974 23.6191558837891 23.7413011789322 23.8003919124603 23.8630940914154 23.778282225132 23.7187543511391 23.7997894883156 23.8228124380112 23.811089515686 23.858950316906 23.8117082118988 23.5983793139458 23.671677172184 23.8298593759537 23.79176902771 23.9308651089668 23.8694505095482 23.8265978693962 23.9524949789047 23.9212303161621 23.99467420578 24.0719882249832 23.8928380608559 23.9193135499954 23.969262778759 24.1888640522957 24.1434670686722
24.0945199131966 24.020206451416 23.9852591753006 18.8955491781235 7.69349034130573 10.7366079092026 18.8312041759491 22.8261004090309 23.955349624157 24.1637449264526 23.8146601319313 23.816187441349 23.8001566529274 23.6916385293007 23.639111995697 23.7009929418564 23.7235563993454 23.6561517119408 23.636411190033 23.770808339119 23.8533290028572 23.8368227481842 23.860533952713 23.8308804631233 23.8464534282684 23.7997606992722 23.7984299063683 23.8894006609917 23.9642034173012 23.8808043003082 23.6922971606255 23.6101261973381 23.7584065198898 23.8174369931221 23.8482088446617 23.7559311389923 23.859811604023 23.9330533146858 23.8755165338516 23.9512729644775 23.9068695902824 23.7941846847534 23.7527118325233 23.8940551877022 24.0177798867226 24.171072781086
24.1546285748482 24.0382009744644 23.8468053340912 18.097913146019 8.54647369682789 12.3710111677647 20.0711589455605 23.924267411232 24.4694508314133 24.440260052681 23.9530783295631 23.8847141861916 23.9269997477531 23.7890037298203 23.791012942791 23.7700042128563 23.8625159859657 23.7591389417648 23.8100632429123 23.9163473248482 23.9246163964272 23.887688100338 23.8843951821327 23.8507832884789 23.8081767559052 23.7354871630669 23.8008353710175 23.9061766266823 23.8333958387375 23.7437404990196 23.6774612665176 23.6528691649437 23.6743864417076 23.6636899113655 23.7754470705986 23.8023350834846 23.8644008040428 23.9899904727936 23.915664434433 23.8327217698097 23.7595329284668 23.7348944544792 23.7493727207184 23.9730452895164 24.0876789093018 24.1116153001785
24.1469075679779 24.1664417386055 23.0876315236092 18.4083762168884 14.4555415213108 18.636804997921 22.9405185580254 24.5072444677353 24.4999745488167 24.509849011898 23.9913112521172 23.7153428196907 23.8866146802902 23.916541159153 23.8619772791862 23.8464106321335 23.8598846793175 23.84295129776 23.8748254776001 23.8571881055832 23.8452078104019 23.8286766409874 23.7776376605034 23.7355161309242 23.7602249383926 23.7771999239922 23.8028486967087 23.7403828501701 23.6854024529457 23.6381577253342 23.5975543856621 23.6628130078316 23.6267569065094 23.7380235791206 23.800344645977 23.7890684604645 23.7889956235886 23.8943720459938 23.8954365849495 23.8010248541832 23.8889323472977 23.7459024786949 23.7487604022026 24.1012405753136 24.1372286081314 23.9846451878548
24.1746821403503 24.2570598721504 22.9231652021408 19.6818849444389 19.7094987630844 22.6825013756752 23.900436937809 24.5340307950974 24.438379585743 24.3544309735298 23.8693264126778 23.8332585096359 23.7553941011429 23.7764847874641 23.6458626389503 23.6264018416405 23.6584080457687 23.615620970726 23.701324403286 23.6155888438225 23.6375626921654 23.6773728728294 23.6400871872902 23.6976262927055 23.7292388081551 23.7270948290825 23.7059900164604 23.6626982688904 23.6839072108269 23.5943449735641 23.5525348782539 23.6836692094803 23.7210057377815 23.7913537621498 23.8658753633499 23.8878942728043 23.8586912155151 23.9254198670387 23.8772362470627 23.9049604535103 23.835843026638 23.6305755972862 23.9133977293968 24.0799935460091 24.1426976919174 24.1107246279716
23.9863310456276 24.4018906950951 23.8524037599564 23.0517305135727 23.8095940947533 23.8178420066833 24.5819790959358 24.5796355605125 24.4155802130699 24.2757261395454 23.6247909069061 23.597906768322 23.4880521297455 23.5513575077057 23.542729139328 23.4574129581451 23.4218475222588 23.4061587452888 23.4936827421188 23.4127760529518 23.4810275435448 23.5295652747154 23.4989829063416 23.5772778391838 23.6673114895821 23.6681055426598 23.7283762097359 23.7409572601318 23.6803998351097 23.6788834929466 23.632962346077 23.6979824304581 23.7703720331192 23.7929798960686 23.9256597161293 23.9118920564651 23.8795895576477 23.9227389097214 23.921674489975 23.8919516205788 23.885378241539 23.9418330788612 24.0168304443359 24.079392015934 24.1088322997093 24.1151385307312
23.8645184636116 24.4074749946594 24.1863233447075 24.4576554298401 24.3271333575249 24.2080901265144 24.7421929240227 24.8502359986305 24.484459400177 24.0124336481094 23.3052033185959 23.4020723104477 23.3879750967026 23.3175428509712 23.3217120170593 23.270298063755 23.2322189211845 23.2201644182205 23.2837616801262 23.2812483310699 23.2757216691971 23.3676721453667 23.3973942399025 23.4442563652992 23.5733962059021 23.5550048947334 23.6582899689674 23.6167357563972 23.7119034528732 23.6718729138374 23.670064330101 23.7134908437729 23.7451360821724 23.8132796287537 23.8792161345482 23.895966231823 23.9266877770424 23.9316341280937 23.9029102921486 23.8696002960205 23.8897126913071 23.937785923481 23.9568673968315 24.0149511694908 24.0788106322289 24.1347286701202
24.1829841732979 24.4849792122841 24.4211458563805 24.4814760684967 24.5811831355095 24.495201587677 24.5412362217903 24.4397540688515 24.2051692605019 23.7203062772751 22.5230198502541 22.7976077198982 23.0717906355858 23.0870581269264 23.1840539574623 23.0935211181641 23.0216487050056 22.9712306261063 23.0677919387817 23.1033009290695 23.0675408840179 23.1797235012054 23.2377158403397 23.3481592535973 23.4764783382416 23.4395442605019 23.5839526057243 23.5107395648956 23.6661180853844 23.6973838806152 23.6991898417473 23.7288680672646 23.7362196445465 23.7997978925705 23.8712990283966 23.9002333283424 23.9063425064087 23.9172946810722 23.849436044693 23.8613913655281 23.9252723455429 23.9251511096954 23.9614419937134 24.0118464231491 24.0806265473366 24.1202592253685
24.5042868256569 24.5306135416031 24.4568274021149 24.3876880407333 24.4239186048508 24.3900020122528 24.1579393744469 23.7348326444626 23.3759820461273 22.8393663764 21.414010822773 22.218287229538 22.2692950963974 22.8187445402145 22.9177534580231 22.8176476359367 22.7680054306984 22.7787190675735 22.854661822319 22.8832912445068 22.8903779983521 23.0095644593239 23.1195937395096 23.2607558369637 23.4020773768425 23.3704585433006 23.4781379103661 23.3757652044296 23.6095024943352 23.635078728199 23.6790607571602 23.6696915030479 23.7081688046455 23.7326335906982 23.8111535906792 23.8551735877991 23.8821778893471 23.9151291251183 23.9191706180573 23.918990790844 23.913618683815 23.9508717656136 23.9690211415291 24.013474881649 24.0788291096687 24.1227254271507
24.6626039743423 24.6809726953506 24.4728965759277 24.3937176465988 24.2846556901932 24.1284174323082 23.6957312226295 22.869050681591 22.5371028780937 21.6502311229706 20.6713315248489 20.663668513298 21.8569547533989 22.4806388020515 22.5715516805649 22.6042037010193 22.5913209915161 22.5273369550705 22.6310777068138 22.6856000423431 22.6848928928375 22.8760341405869 22.985056579113 23.1707777380943 23.2817575335503 23.3087641596794 23.3880239129066 23.360582113266 23.593957722187 23.6056922674179 23.6540789604187 23.5874071717262 23.6177344322205 23.6654726862907 23.7436977624893 23.7951466441154 23.8292853832245 23.8816909193993 23.9182474017143 23.9371364712715 23.9386969208717 23.9401606321335 23.9615723490715 24.0243057608604 24.068963766098 24.1213458776474
24.7260173559189 24.6735329627991 24.4353474378586 24.3819034099579 24.1851337552071 23.9922441840172 23.0662634968758 22.2563759684563 22.4241397976875 21.2940610647202 20.7181490063667 21.2090054750443 22.0539164543152 22.2324267029762 22.3299177289009 22.4428086280823 22.4674960374832 22.5096768736839 22.5917457342148 22.6960474252701 22.7854136228561 22.69957280159 22.9013964533806 23.0556917786598 23.1834905147552 23.2132170200348 23.3020028471947 23.3656905293465 23.5803498029709 23.5911526083946 23.6077215671539 23.6454253196716 23.6230448484421 23.593371450901 23.7017471790314 23.7337691783905 23.7649267911911 23.865505874157 23.8884443044662 23.9033095240593 23.9030045866966 23.9111917614937 23.961288869381 23.9957498311996 24.0436214804649 24.0808849930763
24.6696511507034 24.4892942905426 24.3669074177742 24.2750512361526 24.0519399046898 23.7666375041008 22.4492512345314 21.8479665517807 22.0978537201881 21.4309814572334 21.370804131031 21.9743468761444 22.1861020326614 22.3465565443039 22.3163329958916 22.4155216813087 22.5378447175026 22.6393299102783 22.664743065834 22.7116087079048 22.6710896492004 22.6151515245438 22.6824348568916 22.9435393214226 23.0786609649658 23.1985160112381 23.2347321510315 23.3996644616127 23.5607821345329 23.5908434987068 23.6019306778908 23.5999369621277 23.5686228871346 23.5909259319305 23.707376241684 23.6990923881531 23.7447609901428 23.8417599797249 23.8583656549454 23.869149684906 23.874361038208 23.9206061959267 23.923756301403 23.9742119312286 23.9825658798218 24.0370256304741
24.4898824095726 24.5136932730675 24.4198775887489 24.056765973568 23.8632751703262 23.1562884449959 22.0441988110542 21.4792122840881 21.4259029626846 21.5958848595619 21.788777410984 22.0265358090401 22.0692872405052 22.1630650758743 22.3019009828568 22.3530194759369 22.3998264670372 22.6474004983902 22.6216647624969 22.7292798757553 22.5829975605011 22.5159275531769 22.5188535451889 22.8491953611374 23.0958775877953 23.180241048336 23.2964194417 23.4892223477364 23.5253538489342 23.5454892516136 23.5556825399399 23.57427328825 23.6024858951569 23.6330859065056 23.6842414140701 23.7304359078407 23.742164850235 23.8046889901161 23.8280112743378 23.8414790630341 23.8831533789635 23.8882457613945 23.9012075662613 23.9409257769585 23.9481046199799 23.9926842451096
24.5706472992897 24.5830296278 24.3128959536552 23.8758530020714 23.5632259249687 22.3981987833977 21.5529373288155 21.4545300602913 21.6532801985741 21.6824343204498 21.9052798748016 22.0281756520271 22.0169413089752 22.0769587159157 22.3860133290291 22.3776589035988 22.2141531705856 22.5281469225883 22.5706852674484 22.4795241951942 22.5898430347443 22.5596850514412 22.4348110556602 22.7535219192505 23.1326534152031 23.2160482406616 23.3180849552155 23.4576130509377 23.4995583295822 23.5234323143959 23.5333599448204 23.5634891986847 23.5732411146164 23.6182590126991 23.6403606534004 23.7102500796318 23.7217514514923 23.7760961055756 23.7992514967918 23.8521240949631 23.856060385704 23.8500061631203 23.8864857554436 23.8993545770645 23.9237094521523 23.9490829110146
24.7131679654121 24.3638219833374 23.860929787159 23.5616971850395 23.0242519974709 21.792800784111 21.3159923553467 21.3227669000626 21.2218419909477 21.2710571289062 21.687440097332 21.3703237771988 21.1511717438698 21.416468501091 22.1839593648911 22.3005949854851 22.4208769202232 22.6332361102104 22.5223190784454 22.3301877379417 22.3684359788895 22.6317945122719 22.5137078762054 22.7326816916466 23.1011917591095 23.1866031289101 23.3673455119133 23.4451102018356 23.4563316702843 23.486702144146 23.5056317448616 23.5277252793312 23.5718794465065 23.6091501116753 23.6342598795891 23.6816114783287 23.7062728404999 23.764890730381 23.7733822464943 23.8272622823715 23.8193736672401 23.8132526874542 23.8617295622826 23.8573533296585 23.8972705602646 23.9258106946945
24.2382208704948 23.8196573853493 23.3770853877068 22.9411973357201 22.1671322584152 21.2120434045792 21.6385726928711 21.4612219929695 21.3377301096916 21.4966517090797 21.2527107596397 21.2889892458916 21.2153223156929 20.9457059502602 21.6026800870895 21.9178495407104 22.4700415730476 22.3900502920151 21.9513697624207 22.1379512548447 22.1315073370934 22.2506868243217 22.4910576939583 22.7907396554947 23.0669111609459 23.2132652401924 23.326946914196 23.3668896555901 23.4252259731293 23.4670488834381 23.4767589569092 23.518065392971 23.5655499100685 23.6029863357544 23.6259087324142 23.6576827168465 23.6828431487083 23.7408007383347 23.7364161610603 23.782664835453 23.7835394740105 23.7849596738815 23.8262696266174 23.8380510807037 23.8689099550247 23.8902773857117
23.6241968274117 23.3486624360085 22.3622988462448 21.7820854783058 21.6548352837563 21.9786177277565 22.064987719059 21.8000544309616 21.5495183467865 21.7484512329102 21.4092336893082 21.3917936682701 21.4823447465897 21.4561914801598 21.2779445052147 21.9424594640732 21.9536546468735 21.7319530844688 22.0269226431847 22.2916995882988 22.2046735286713 22.1115327477455 22.8003801107407 22.8233606219292 23.0508235692978 23.3000259995461 23.2799205780029 23.3515627980232 23.3719136118889 23.427009165287 23.4768790602684 23.5131068229675 23.5621090531349 23.5825065374374 23.6333836913109 23.6555292010307 23.6794618964195 23.7273755669594 23.7338252067566 23.7757301330566 23.7668534517288 23.798065662384 23.8165594339371 23.8473228812218 23.8734906315804 23.8988200426102
