Archive - glowpa-model-master/Model input/Uganda/watertemperature/Tw_dec_1.asc
NCOLS 67 
NROWS 67 
XLLCORNER 29.5000000014144 
YLLCORNER -1.49999999936061 
CELLSIZE 0.0833333332926796 
NODATA_value -9999 
[rows 40 to 59 of 67, columns 0 to 45 of 67]
23.7303330302238 24.1250455379486 24.1638970971107 24.1245731115341 23.9308735728264 23.8420461416245 23.8303724527359 21.2561206221581 21.6015291810036 22.1123002767563 22.0437146425247 22.3002102971077 22.544170320034 22.9503864645958 23.1234130263329 23.5248048901558 23.4673593640327 23.6140403747559 23.4268482923508 23.3842188715935 23.5342836976051 23.6963184475899 23.5418186783791 23.3728649616241 23.3633652925491 23.4786061048508 23.8031783103943 23.7016643285751 23.5578764677048 23.2777835726738 23.6973204016685 23.7291117310524 23.8664207458496 23.7309792041779 23.6723266243935 23.6200766563416 23.6191242337227 23.7633069753647 23.9499896764755 24.0550075769424 24.1060003638268 24.1108338832855 24.2245970368385 24.2457752227783 24.283252954483 24.2542147636414
23.8618381023407 24.1463453173637 24.2941293716431 24.2995458841324 24.0758690834045 23.7628065943718 21.410281598568 18.4964421987534 21.9328513145447 22.2384462952614 22.2354091405869 22.4142398834229 22.6708178520203 22.9824821352959 23.1676187515259 23.3494837284088 23.3787633776665 23.5451724529266 23.4849125146866 23.509251832962 23.4422725439072 23.4100027680397 23.4402838349342 23.577143907547 23.5837564468384 23.5093621015549 23.4849202632904 23.5938178896904 23.5119022130966 23.3590012192726 23.5141916275024 23.6633864045143 23.7528539299965 23.7471905946732 23.7308225035667 23.7276445627213 23.5787988305092 23.6925518512726 23.8856843709946 23.9860885739326 24.0441656708717 24.0554094314575 24.1465116143227 24.1065623164177 24.1653571128845 24.0570799708366
23.7774782180786 24.0506009459496 24.250712454319 23.8934403061867 19.405359685421 18.5013158917427 15.5446252524853 19.7690441012383 22.3120848536491 22.4607399702072 22.4103513360023 22.744921207428 22.9878365397453 22.9226754903793 23.1007559895515 23.1826143860817 23.293388903141 23.3389050364494 23.3347960710526 23.3784712553024 23.4070788025856 23.4641700387001 23.4613118767738 23.6037095189095 23.5878244042397 23.5977465510368 23.464884519577 23.5232167243958 23.4175481796265 23.3342918753624 23.1925200819969 23.454348385334 23.6699560284615 23.6986821293831 23.7167535424232 23.7787815928459 23.5051795840263 23.6496579051018 23.7916812896729 23.860787332058 23.9554105401039 23.9241709709167 23.9803001284599 23.9992432594299 24.0484973788261 24.0188374519348
23.8213114142418 23.9072020053864 23.8722211718559 19.5675991177559 10.8872557282448 10.499436289072 13.9485268890858 21.4908063411713 22.8748244643211 23.0193845033646 23.0718023180962 23.1307079195976 23.1584066152573 23.119749724865 23.0718879699707 23.1169402003288 23.2335280776024 23.2016801834106 23.2118365764618 23.3345453739166 23.4688935875893 23.5549936890602 23.6372068524361 23.5750669836998 23.4950450658798 23.5531463623047 23.4975974559784 23.4991917014122 23.5296055078506 23.422539293766 23.2635855674744 23.308525800705 23.4741178154945 23.5452414155006 23.6891185641289 23.7485641241074 23.5935885310173 23.6923277378082 23.6996603608131 23.7549290657043 23.8432778716087 23.6645774245262 23.7775737047195 23.8021107912064 24.0793192386627 24.0102888345718
23.8622262477875 23.7261551618576 23.5251312255859 18.1685989499092 8.25699363648891 10.9260853827 18.3985893726349 22.413613140583 23.5516430139542 23.7683521509171 23.38484364748 23.3480239510536 23.3569400906563 23.3407783508301 23.2990376353264 23.3854548335075 23.4080488085747 23.3708696961403 23.3577139377594 23.483362197876 23.563913166523 23.5758521556854 23.6258212924004 23.6304236650467 23.6452246308327 23.5747558474541 23.4879464507103 23.6051227450371 23.6702231764793 23.5956016182899 23.3526706695557 23.2399582862854 23.3602751493454 23.4421834945679 23.5387381315231 23.5721395015717 23.6356381773949 23.7604051828384 23.6855699419975 23.7505586743355 23.6827601194382 23.5764592289925 23.5490670204163 23.7127240300179 23.9059364795685 24.0643067359924
23.7819747328758 23.6924065351486 23.3364384174347 17.3587815761566 9.04483896493912 12.5392788946629 19.6629641652107 23.489485502243 24.0374706983566 24.052954852581 23.5297911167145 23.4212492108345 23.5156944394112 23.5009390115738 23.4890839457512 23.4676752090454 23.5736211538315 23.4847502112389 23.529605448246 23.6367428302765 23.6546740531921 23.6339183449745 23.6432556509972 23.6441849470139 23.6102715134621 23.4922484755516 23.5012460947037 23.62780803442 23.6330460906029 23.4664245843887 23.3090794086456 23.2458441853523 23.242661178112 23.2579694986343 23.4309853315353 23.5619975328445 23.712283551693 23.897307574749 23.6789929866791 23.5631302595139 23.4987898468971 23.5046234130859 23.5031650662422 23.7920787334442 23.9538828134537 23.9922852516174
23.5829657316208 23.7059637308121 22.5062088370323 17.5303152501583 14.2358736395836 18.2566964030266 22.4675051569939 24.0860388875008 24.163365483284 24.1278705596924 23.5729299783707 23.2808394432068 23.4920620322227 23.5644819736481 23.5393036007881 23.5527904033661 23.5752552747726 23.5468459129333 23.5912472605705 23.5686113834381 23.5705360770226 23.5664932131767 23.5231276750565 23.4813532233238 23.478356719017 23.4746007919312 23.5275245308876 23.442008972168 23.3557629585266 23.2818376421928 23.1999619603157 23.2426580190659 23.1899327039719 23.2855230569839 23.4291288852692 23.4786931276321 23.6382910013199 23.7733612060547 23.5439820885658 23.4967260956764 23.7180683612823 23.6753299236298 23.4945608973503 23.9280027151108 23.9835767745972 23.835872232914
23.5369426012039 23.6935342550278 22.3263211250305 19.0452476739883 19.2067461013794 22.1753346920013 23.468309044838 24.108108818531 24.1062213182449 23.9823028445244 23.4535264372826 23.4198669791222 23.3986656665802 23.3746408820152 23.2733888626099 23.24667096138 23.3114839792252 23.2888522744179 23.3860535621643 23.3209415078163 23.3607903122902 23.4058260321617 23.3580835461617 23.4217351675034 23.4468895196915 23.4426382184029 23.4286596775055 23.3787839412689 23.3905010223389 23.2631032466888 23.2274026870728 23.2693046331406 23.2616400718689 23.4041129350662 23.4427499175072 23.5357648134232 23.7022050619125 23.8402029871941 23.698535323143 23.7500925064087 23.6054604053497 23.2830032110214 23.7279299497604 23.888548374176 23.949258685112 23.9171445965767
23.4314218759537 23.8604805469513 23.4221700429916 22.5382159352303 23.291767179966 23.2993846535683 24.2372605800629 24.3015538454056 24.1196830868721 23.8834911584854 23.117894411087 23.1389130949974 23.0495561957359 23.1408389210701 23.118487238884 23.0596124529839 23.0349986553192 23.0556266307831 23.182490170002 23.1315898895264 23.1802573204041 23.2419839501381 23.22008228302 23.3044748902321 23.3990501761436 23.3781611323357 23.4254988431931 23.4352621436119 23.3685829043388 23.3132905364037 23.2649494409561 23.3114454746246 23.3426495194435 23.3920924067497 23.6142466068268 23.7616249918938 23.7879538536072 23.8060259222984 23.8158853054047 23.7105678915977 23.7853264808655 23.8018201589584 23.8628695011139 23.8697734475136 23.9213709831238 23.9177066087723
23.4964885115623 23.963818192482 23.7881416082382 23.9618249535561 23.7652189135551 23.6631092429161 24.4522146582603 24.6933189630508 24.2392636537552 23.5720135569572 22.7564923763275 22.8143332004547 22.8352162837982 22.828938126564 22.8823943138123 22.8465583324432 22.857942700386 22.8750687837601 22.9555671215057 22.9894736409187 22.9993436336517 23.0827549099922 23.089438021183 23.1854732632637 23.3045915961266 23.2807980179787 23.3617893457413 23.3359156847 23.4231033325195 23.3508270382881 23.3780432343483 23.3227219581604 23.3883362412453 23.5629281401634 23.7200922369957 23.7581731677055 23.7921910881996 23.7822596430779 23.6554092168808 23.6037260293961 23.8129932284355 23.8192808628082 23.8211497068405 23.8477913141251 23.8816183805466 23.9328510165215
23.9362228512764 24.1495714783669 24.1926130652428 24.1643447875977 24.1451192498207 24.0508536696434 24.2290818095207 24.1627393960953 23.8509191274643 23.2780247330666 22.1154338121414 22.3495542407036 22.6124748587608 22.5898216962814 22.7362775802612 22.6903238892555 22.6731803417206 22.6273951530457 22.7206766605377 22.8105399012566 22.8081652522087 22.9114910960197 22.9415988326073 23.0936949849129 23.2223073244095 23.1976920962334 23.3081690073013 23.250590801239 23.4810162782669 23.437579035759 23.5540603995323 23.4832926392555 23.4854223132133 23.5746088624001 23.6493519544601 23.659297645092 23.7042915821075 23.6739227771759 23.5006590485573 23.5923522114754 23.7749527096748 23.7767248153687 23.7765497565269 23.8144654631615 23.8446129560471 23.8990893959999
24.3675246834755 24.3644645810127 24.3058424592018 24.2263606786728 24.1645532250404 24.020026922226 23.8172225952148 23.3588142991066 22.9356086850166 22.4390982985497 20.959888279438 21.8198176622391 21.9796671867371 22.3979046344757 22.4666311740875 22.5053485631943 22.4735306501389 22.4414954185486 22.5518733859062 22.6079949736595 22.5661906003952 22.6828840970993 22.8270670771599 22.9976463317871 23.164631485939 23.1608971953392 23.2139611840248 23.1051679849625 23.4204691052437 23.3598326444626 23.4347275495529 23.3841325044632 23.4092270731926 23.4507474303246 23.5148012042046 23.5618332028389 23.582469701767 23.6185595989227 23.6851029992104 23.7228838205338 23.7309108972549 23.7312614917755 23.7315357327461 23.782762169838 23.8060404658318 23.8570221066475
24.4553881883621 24.4409104585648 24.3481719493866 24.2379667162895 23.9824448823929 23.7667393088341 23.2791699767113 22.4362801909447 22.1528607606888 21.220302939415 20.2235471010208 20.1475029587746 21.5663987398148 22.1853963136673 22.3000020980835 22.3346752524376 22.2784063220024 22.268261551857 22.3559688329697 22.3309093117714 22.3268904685974 22.5293089747429 22.6832981705666 22.9061397910118 22.945719063282 23.0420162081718 23.1596147418022 23.1335464119911 23.3696410059929 23.3185406923294 23.3769884705544 23.2540425658226 23.2706174254417 23.3058020472527 23.440314412117 23.4685980677605 23.4669412970543 23.5430366396904 23.6174521446228 23.6291947960854 23.6354832649231 23.6551595330238 23.6881195902824 23.7359938025475 23.7771042585373 23.8184252977371
24.4557347297668 24.4303243160248 24.2920258045197 24.1364387273788 23.8236548304558 23.5612280368805 22.6643590927124 21.946729362011 22.0437597632408 20.8472561836243 20.244745016098 20.7992224693298 21.8306633234024 22.0311092734337 22.0784153342247 22.1466083526611 22.199081659317 22.2708806991577 22.2871569395065 22.3674035668373 22.4161782860756 22.350695848465 22.5908119082451 22.8029391765594 22.7987732291222 22.8633558750153 23.109309732914 23.1624800562859 23.3883120417595 23.3178906440735 23.395403444767 23.3756453990936 23.2802362442017 23.206316947937 23.3380948901176 23.3754506707191 23.407862007618 23.5653466582298 23.5726113319397 23.5713861584663 23.6238633394241 23.6289047598839 23.6774876713753 23.727478146553 23.7907232046127 23.8002745509148
24.4281470179558 24.3527212142944 24.2075596451759 24.0099096298218 23.6598435640335 23.2983683943748 22.0357339382172 21.5292022824287 21.6455503702164 20.950927734375 20.9101863503456 21.6063102483749 21.9121270775795 22.0275523662567 22.0518823862076 22.1624032258987 22.2856288552284 22.359569132328 22.3012637495995 22.4221927523613 22.3084537386894 22.224325299263 22.3759043216705 22.6622405648232 22.7099404931068 22.9427054524422 23.0980834960938 23.2292836308479 23.361144900322 23.3875107169151 23.3463782668114 23.3137740492821 23.2162321805954 23.2326537370682 23.3798918128014 23.3657385110855 23.4368180036545 23.5425103902817 23.5535349845886 23.5887690782547 23.6115130782127 23.6147407889366 23.6590755581856 23.7042593359947 23.7597060799599 23.7951632738113
24.3448516726494 24.3171125650406 24.1523851156235 23.7612037062645 23.4225710630417 22.6458812355995 21.5229665637016 21.1218348741531 21.0056357979774 21.143457710743 21.343180835247 21.6021093130112 21.7747263908386 21.8140321969986 22.0211125612259 21.9489994645119 21.9189246296883 22.2837843894958 22.2412831187248 22.3792474269867 22.1928406953812 22.2109563946724 22.1860391497612 22.5689437389374 22.7934970855713 22.9681830406189 23.1889306902885 23.3266755342484 23.395222902298 23.31984603405 23.348573923111 23.3413203954697 23.3812910318375 23.3630402684212 23.415983915329 23.4431880116463 23.5105309486389 23.5293625593185 23.5774361491203 23.6183041334152 23.6158971786499 23.6398797035217 23.6405314803123 23.6847122311592 23.7392161488533 23.7780629396439
24.3816130757332 24.2567071318626 23.9433764815331 23.6235076785088 23.1961262822151 21.8092378377914 21.2620613574982 21.1670696735382 21.2931298613548 21.2628085613251 21.4953271746635 21.6316959261894 21.5834745168686 21.7201809883118 22.1912557482719 22.0259953141212 21.9257363677025 22.3199024796486 22.2497851252556 22.1510165929794 22.2391889691353 22.1871200203896 22.0500978827477 22.4644256830215 22.8058594465256 22.8722778558731 23.1498441696167 23.3308928012848 23.3382338285446 23.2986342906952 23.347341299057 23.3808377981186 23.3885852694511 23.3839319944382 23.4017366170883 23.4481248855591 23.5159032940865 23.5397460460663 23.6089555621147 23.6127933263779 23.6569113135338 23.6404102444649 23.6418428421021 23.6682326197624 23.7046017050743 23.7513813972473
24.527407169342 24.0269508957863 23.5848653912544 23.2840065956116 22.4923756718636 21.404320538044 21.1408441662788 21.1059057116508 20.8734728097916 20.8353493213654 21.2771682143211 20.9556280970573 20.7171229124069 21.0583590865135 22.0670111179352 21.9171453714371 22.1549119949341 22.3690540194511 22.2487061023712 22.0685530304909 22.1087582111359 22.3079798817635 22.1406184434891 22.4282668828964 22.7665693759918 22.8978930711746 23.0978075861931 23.3112690448761 23.2470452785492 23.2773047089577 23.3338851332664 23.3656414747238 23.3486502170563 23.3521708250046 23.3893964290619 23.4556832909584 23.5192252993584 23.533033490181 23.6066508889198 23.6072012782097 23.6418402791023 23.6260588765144 23.6405100226402 23.6759853363037 23.7035109996796 23.7238821983337
23.9620996117592 23.6018353104591 23.0558095574379 22.4112039208412 21.648824095726 20.888833463192 21.3994683623314 21.2751472592354 21.0406616926193 21.1145262718201 20.8073991537094 20.8126211166382 20.7162207961082 20.5167552828789 21.4761488437653 21.5689036250114 22.097334086895 22.0386862754822 21.5704036355019 21.8713421821594 21.8807442188263 21.947637796402 22.0641476511955 22.4201309680939 22.7317911982536 22.8706950545311 23.0455622673035 23.2144547104836 23.1769618988037 23.230206489563 23.290486574173 23.3243703246117 23.3118914365768 23.3331757187843 23.3728647232056 23.4336521029472 23.4805397391319 23.5342398881912 23.5990858674049 23.6157536506653 23.6391541361809 23.6205517649651 23.6476490497589 23.6719618439674 23.7094709873199 23.6965503096581
23.2569450736046 22.8566015958786 22.0455021858215 21.3818672895432 21.3921658992767 21.452418923378 21.5147735476494 21.3892340064049 21.184455871582 21.3871703147888 21.0524868369102 21.1304971575737 21.0454450249672 21.097572863102 21.1561747193336 21.6143681406975 21.5852819085121 21.3918284773827 21.6447247266769 21.9240217208862 21.8617215156555 21.7715407013893 22.5252102017403 22.4778438806534 22.7086399793625 23.0026188492775 22.9853279590607 23.0905444025993 23.1361886262894 23.198813855648 23.2449766993523 23.3016645908356 23.2993777394295 23.321297109127 23.386639714241 23.4398906826973 23.4661455154419 23.5311020612717 23.5718477964401 23.6013035774231 23.6335622668266 23.6321367025375 23.6634168624878 23.7027213573456 23.7176080942154 23.705739736557
