Archive - glowpa-model-master/Model input/Uganda/watertemperature/Tw_dec_1.asc
NCOLS 67 
NROWS 67 
XLLCORNER 29.5000000014144 
YLLCORNER -1.49999999936061 
CELLSIZE 0.0833333332926796 
NODATA_value -9999 
[rows 20 to 39 of 67, columns 0 to 45 of 67]
-9999 -9999 -9999 -9999 -9999 -9999 -9999 -9999 -9999 -9999 -9999 -9999 -9999 -9999 -9999 21.8666228652 22.0290835499763 22.1415826678276 23.1165573000908 23.5944236516953 24.9905753731728 25.0084040760994 25.2957996726036 25.3919944763184 25.3369800448418 25.3689854741096 25.1775118112564 25.1300486922264 25.0402237176895 24.8527489900589 24.7967851161957 24.740353345871 24.6133593320847 24.5304422974586 24.5328701734543 24.540403842926 24.4913935661316 24.4220675826073 24.4368604421616 24.4060828089714 24.3868083357811 24.3012262582779 24.4567562937737 24.5590188503265 24.5902083516121 24.6323832273483
-9999 -9999 -9999 -9999 -9999 -9999 -9999 -9999 -9999 -9999 -9999 -9999 -9999 -9999 -9999 21.4005272388458 21.1488296985626 21.4212419390678 22.4298545718193 23.5664695501328 24.9276652932167 25.1106456518173 25.4277609586716 25.3382253646851 25.3603988289833 25.36556661129 25.2025381922722 25.1028002500534 24.8433588147163 24.7497117519379 24.7583466768265 24.701699256897 24.6015575528145 24.5028695464134 24.537197470665 24.5070136189461 24.4957525134087 24.5195718407631 24.5171088576317 24.4476327896118 24.4239351153374 24.3448957800865 24.3893731832504 24.4581285715103 24.4738023281097 24.606507062912
-9999 -9999 -9999 -9999 -9999 -9999 -9999 -9999 -9999 -9999 -9999 -9999 -9999 -9999 -9999 -9999 20.2251817584038 21.0612128973007 22.4599669575691 23.9434914588928 24.8399716615677 25.2404354810715 25.4697734117508 25.3660129904747 25.2900945544243 25.1717849969864 25.0578970909119 24.9565169215202 24.7648813128471 24.6491205692291 24.6263855099678 24.6474824547768 24.5932051539421 24.4993525743484 24.4952909350395 24.4841225743294 24.5395347476006 24.5229188799858 24.5151735544205 24.4587879776955 24.381364941597 24.3739748597145 24.4521302580833 24.4391196370125 24.3623609542847 24.4764161109924
-9999 -9999 -9999 -9999 -9999 -9999 -9999 -9999 -9999 -9999 -9999 -9999 -9999 -9999 -9999 -9999 -9999 20.6341508030891 22.6718996763229 23.8608042001724 25.1250351071358 25.4088733196259 25.3926743865013 25.2436069846153 25.2504422664642 25.1639780402184 25.0992289185524 24.9382336139679 24.6351425647736 24.3783330321312 24.3578537106514 24.3626284599304 24.4313086271286 24.4503138661385 24.4477922916412 24.4941835999489 24.5341357588768 24.5052442550659 24.4814085960388 24.4970537424088 24.4107496142387 24.4596651792526 24.5413751006126 24.5326470732689 24.4383246898651 24.409461081028
-9999 -9999 -9999 -9999 -9999 -9999 -9999 -9999 -9999 -9999 -9999 -9999 -9999 -9999 -9999 19.1429896950722 19.0455198287964 21.6982966065407 24.1751688122749 24.7088063955307 25.3875823020935 25.4006063938141 25.3893955349922 25.3017351031303 25.3020285964012 25.2063871026039 25.0125574469566 24.7539774179459 24.4922706484795 24.2564189434052 24.1815105080605 24.2195219993591 24.2846906781197 24.3773248195648 24.4218670129776 24.4572238922119 24.4830539226532 24.4694870114326 24.5233429074287 24.5342208147049 24.4532343149185 24.5450454950333 24.6202213168144 24.5721430182457 24.485943198204 24.4926559925079
-9999 -9999 -9999 -9999 -9999 -9999 -9999 -9999 -9999 -9999 -9999 -9999 -9999 -9999 -9999 18.9274823069572 20.8317019343376 24.3190451264381 25.1584724187851 25.3162455558777 25.3504558205605 25.3641028404236 25.3692028522491 25.3451519012451 25.2491803765297 24.9173547625542 24.5422340631485 24.4743903875351 24.3285866975784 24.1926891207695 24.1813727617264 24.1900364160538 24.1772751808167 24.316191136837 24.3883621096611 24.4059954881668 24.4359848499298 24.4748192429543 24.5371713042259 24.514155626297 24.5233736038208 24.5831126570702 24.649084508419 24.6187980771065 24.5237183570862 24.5093322992325
-9999 -9999 -9999 -9999 -9999 -9999 -9999 -9999 -9999 -9999 -9999 -9999 -9999 -9999 -9999 19.4434117078781 23.850482404232 25.1164003014565 25.2123553156853 25.2686783671379 25.3075710535049 25.3269971013069 25.3168640136719 25.1842210292816 24.7623857855797 24.4171402454376 24.2995300889015 24.3793660998344 24.1952778100967 24.2330778241158 24.2455355525017 24.2538446784019 24.2160134911537 24.2742043733597 24.3181708455086 24.3366706371307 24.3555772304535 24.4809907674789 24.5517708659172 24.6069023609161 24.6098983883858 24.6603972911835 24.6409113407135 24.5977454781532 24.5797902941704 24.5674160718918
-9999 -9999 -9999 -9999 -9999 -9999 -9999 -9999 -9999 -9999 -9999 -9999 -9999 -9999 -9999 23.2783238887787 25.0449367165565 25.113124370575 25.2011765241623 25.2589876055717 25.2948813438416 25.3130288720131 25.0374890565872 24.4195911288261 24.2690712809563 24.193271279335 24.1680240035057 24.2260397076607 24.2197418212891 24.1857734322548 24.3012701869011 24.2676461338997 24.2432819008827 24.2332051992416 24.2633184790611 24.3278291225433 24.4126861691475 24.5177606344223 24.6050668954849 24.6576727628708 24.6659622192383 24.6991912722588 24.6897992491722 24.6628188490868 24.656718313694 24.6468625664711
-9999 -9999 -9999 -9999 -9999 -9999 -9999 -9999 -9999 -9999 -9999 -9999 -9999 -9999 23.3440586328506 24.9484786391258 25.1123501062393 25.1695662140846 25.2243593335152 25.2832980751991 25.3093615174294 25.0038912892342 24.3666583895683 24.1236057877541 24.0895802974701 24.1010866761208 24.1685415506363 24.2080002427101 24.1495392918587 24.238666176796 24.3081024289131 24.3096865415573 24.2224579453468 24.0835452079773 24.2632596492767 24.4022691845894 24.4678106307983 24.5751373767853 24.6249064207077 24.6802384257317 24.6775976419449 24.7294043302536 24.7467899918556 24.7675126791 24.7780362963676 24.7729331851006
-9999 -9999 -9999 -9999 -9999 -9999 -9999 -9999 -9999 -9999 -9999 21.2132592797279 21.778658926487 23.766079723835 24.9965098500252 25.1209273338318 25.1639775633812 25.2240463495255 25.2524864077568 25.2783936262131 24.8027020692825 24.0811851024628 24.057485461235 24.0050187706947 24.04399985075 24.0696302056313 24.1380361914635 24.2313603758812 24.175201177597 24.2540012598038 24.2837591171265 24.3210514783859 24.280809879303 24.2924975156784 24.3680204749107 24.4579036235809 24.5363174676895 24.515545964241 24.5637816786766 24.6843997240067 24.7138285636902 24.7378696799278 24.7862256169319 24.8471526503563 24.8749795556068 24.8059310317039
-9999 -9999 -9999 -9999 -9999 -9999 -9999 -9999 -9999 -9999 22.3309510350227 23.6358842253685 24.8239393234253 25.0846485495567 25.1456188559532 25.1873108148575 25.2301398515701 25.2158104777336 25.15799254179 24.4447119235992 23.9606450796127 23.9495757818222 23.6942448616028 23.8080378174782 23.9839163422585 24.0447534918785 24.1140294075012 24.1713629364967 24.2010273933411 24.2639331221581 24.2691618800163 24.2431562542915 24.2146065235138 24.2688848376274 24.4370378851891 24.5344160199165 24.5295235514641 24.4557380080223 24.6404789686203 24.7446255087852 24.7694931030273 24.7986096143723 24.8417081832886 24.869110763073 24.8635991811752 24.8002281785011
-9999 -9999 -9999 -9999 -9999 -9999 -9999 -9999 -9999 -9999 24.5244418978691 25.0612780451775 25.1446338891983 25.1966232061386 25.2266476154327 25.2566084265709 25.2509844303131 25.092427611351 24.3773000836372 23.891780436039 23.945082962513 23.984990298748 23.6422654390335 23.7343122959137 24.0119023323059 24.0780910849571 24.0966128110886 24.2114948630333 24.2887892723083 24.2690412402153 24.2000267505646 24.1623986363411 24.1598271131516 24.2482331991196 24.3741158246994 24.485686480999 24.5869707465172 24.6190406680107 24.7103268504143 24.7595716118813 24.781275510788 24.8201405405998 24.8339434862137 24.855953514576 24.8660352826118 24.8769695162773
-9999 -9999 -9999 -9999 -9999 -9999 -9999 -9999 -9999 23.5690248608589 25.0478670597076 25.1582782268524 25.2273389697075 25.2788247466087 25.2943775057793 25.228915810585 24.4081245660782 24.0319249629974 23.9307444095612 23.9864845871925 24.0491684675217 23.9540117383003 23.8056210875511 23.8855394124985 24.104918718338 24.1185321211815 24.1413924098015 24.2464680671692 24.1816384792328 24.1257403492928 24.1475261449814 24.1944999694824 24.168084025383 24.1755015254021 24.1519417762756 24.3116726875305 24.4923001527786 24.5879154205322 24.6694375872612 24.5971721410751 24.7058745622635 24.7811500430107 24.8302696943283 24.8428896665573 24.8509750962257 24.8437294960022
-9999 -9999 -9999 -9999 -9999 -9999 -9999 -9999 -9999 24.176400244236 25.0974659323692 25.1743336319923 25.2806732654572 25.3492770195007 25.3491237163544 24.3870956897736 23.7426809072495 23.8257772922516 23.8885432481766 23.9377463459969 23.9575942158699 23.9145753979683 23.991799890995 24.073069691658 23.9955286979675 24.0517448782921 24.1112140417099 24.1211701631546 24.1774282455444 24.1448858380318 24.0691292881966 24.1135210394859 24.1585698723793 24.1426820158958 24.0901058912277 24.1981652379036 24.3822199702263 24.4188308119774 24.5521706342697 24.4342061281204 24.5249179601669 24.6375666856766 24.7495778203011 24.7975340485573 24.8270362615585 24.7933959960938
-9999 -9999 -9999 -9999 -9999 -9999 21.7974920272827 21.9985800385475 22.581657230854 24.9698676466942 25.1163613200188 25.1581584215164 25.278795003891 25.3413811326027 25.1350712776184 23.7206376791 23.7681934833527 23.7890892624855 23.9033979177475 23.9387337565422 24.009475171566 24.0379599332809 24.040135383606 24.0208203792572 23.9983462691307 24.0199856758118 24.0574989914894 24.060329914093 24.1271032691002 24.0740441083908 24.0695783495903 24.0085499286652 24.0271604061127 24.1145485043526 24.1011465787888 24.0728968381882 24.1651749610901 24.2471001148224 24.3775249123573 24.408646941185 24.4525452256203 24.4554073810577 24.6298553347588 24.6815561056137 24.6963427662849 24.7404522895813
-9999 -9999 -9999 -9999 -9999 -9999 22.8018020987511 23.1097756028175 24.4556503891945 25.354149222374 25.5568580627441 25.4848588109016 25.2997224926949 25.2364391684532 24.1759870648384 23.7679157853127 24.0089708566666 23.9980137348175 24.0246362686157 24.0111265182495 24.0017505884171 24.0260125398636 24.0825505852699 24.0880388021469 24.0355359315872 24.0170922875404 24.0190076231956 24.0526488423347 24.0936247110367 24.0352820158005 24.0395711660385 23.9792181253433 23.9028313159943 24.0064772963524 24.0441170930862 24.0149553418159 24.0292035341263 24.1380645036697 24.2267563939095 24.3292675018311 24.4231218099594 24.50151014328 24.4791175723076 24.5260069966316 24.5939115285873 24.6507951617241
-9999 -9999 -9999 -9999 -9999 23.1003190875053 24.1773147583008 24.8707115650177 25.182022690773 25.5100510716438 25.5839309692383 25.5144808888435 25.2967929840088 24.448104262352 23.5699337720871 23.7866248488426 23.8097472786903 23.8579770326614 23.9190771579742 23.9979890584946 23.9558920264244 23.9440352320671 23.9870033860207 24.0627839565277 24.0963864922523 24.0550058484077 24.0141195058823 23.9801380038261 24.0323455929756 24.066817522049 23.9833400249481 23.9760344624519 23.886582672596 23.872366130352 23.965650677681 24.0077471733093 24.0316030979156 23.9883995652199 24.1676008105278 24.2554540634155 24.3085726499557 24.432044506073 24.4807916283607 24.4621829390526 24.518490254879 24.4988530278206
-9999 -9999 23.3988758325577 23.2909761667252 22.7268165946007 23.8007736206055 24.5297743678093 24.9704995751381 25.2371885180473 25.3602157235146 25.28724360466 25.1651734113693 24.3331147432327 23.3917429447174 23.4620177745819 23.5951308608055 23.6845181584358 23.7611123919487 23.8605801463127 23.9941986203194 23.7928134799004 23.8115774393082 23.7966712117195 24.000749707222 24.0861510038376 23.9619011878967 23.7594621777534 23.9373195767403 24.0305339097977 24.0417777895927 24.0118490457535 23.929018497467 23.9330095052719 23.851085960865 23.9816293120384 24.0717285275459 24.0217784643173 23.9343198537827 24.1231701374054 24.2192317247391 24.2672466039658 24.4179186820984 24.4261527061462 24.4013946652412 24.4434763789177 24.3989258408546
-9999 23.4091504812241 23.4401476979256 23.6641781926155 23.7436168789864 24.2729731798172 24.5451300144196 24.6293708086014 24.3153243660927 24.8322688937187 24.4110381603241 23.1540549397469 23.0433125495911 23.3863748908043 23.5252977013588 23.666069149971 23.6080499887466 23.6488078832626 23.8080486059189 23.8981275558472 23.9591913223267 23.7858896255493 23.6131271719933 23.5948147773743 23.6363852024078 23.8894686698914 23.6399750709534 23.6910173892975 23.9236663579941 24.010992705822 24.0387889742851 24.0152084827423 23.9667557477951 23.9350317716599 23.9617964029312 23.9284499287605 23.8045939207077 23.8824036121368 24.059045612812 24.1783132553101 24.274204492569 24.4089347720146 24.3892492055893 24.3766374588013 24.366709113121 24.3916011452675
-9999 23.6411271691322 23.9866450428963 23.9795037508011 24.0885363221169 24.199661552906 24.2154988050461 23.8854283690453 22.7725328207016 23.5188162326813 22.8154115080833 22.4478373527527 22.5833925008774 23.0005701780319 23.1427778601646 23.5838530659676 23.6378831863403 23.6395703554153 23.5492789745331 23.622002363205 23.8737052679062 23.7736539244652 23.6190193891525 23.4948655366898 23.2804909944534 23.879327237606 23.8745310902596 23.6955898404121 23.3276874423027 23.6097871661186 23.872259914875 23.8797913193703 23.9542809724808 23.9275800585747 23.7850639224052 23.864538371563 23.7086808681488 23.8407958745956 23.9991284608841 24.1156668066978 24.1732121706009 24.2704515457153 24.3561568260193 24.3697537183762 24.3571605086327 24.3811377286911
