Archive - glowpa-model-master/Model input/Uganda/watertemperature/Tw_dec_1.asc
NCOLS 67 
NROWS 67 
XLLCORNER 29.5000000014144 
YLLCORNER -1.49999999936061 
CELLSIZE 0.0833333332926796 
NODATA_value -9999 
[rows 0 to 19 of 67, columns 0 to 45 of 67]
-9999.000000000000000 -9999 -9999 -9999 -9999 -9999 -9999 -9999 -9999 -9999 -9999 -9999 -9999 -9999 -9999 -9999 -9999 -9999 -9999 -9999 -9999 -9999 -9999 -9999 -9999 -9999 -9999 -9999 -9999 -9999 -9999 25.0015395283699 24.9508951306343 -9999 -9999 -9999 -9999 -9999 -9999 -9999 -9999 -9999 -9999 -9999 -9999 -9999
-9999 -9999 -9999 -9999 -9999 -9999 -9999 -9999 -9999 -9999 -9999 -9999 -9999 -9999 -9999 -9999 -9999 -9999 -9999 -9999 -9999 -9999 -9999 -9999 -9999 -9999 -9999 -9999 -9999 25.0334605574608 25.0578511953354 25.0947161912918 25.1463476419449 24.9325787425041 24.7210157513618 24.6442223787308 24.5430319309235 23.4564903378487 21.5468350052834 20.9692660570145 -9999 -9999 -9999 -9999 -9999 -9999
-9999 -9999 -9999 -9999 -9999 -9999 -9999 -9999 -9999 -9999 -9999 -9999 -9999 -9999 -9999 -9999 -9999 -9999 -9999 -9999 -9999 -9999 -9999 -9999 -9999 -9999 -9999 -9999 -9999 25.2893267869949 25.3756473660469 25.4945794343948 25.4076399207115 25.0794341564178 24.8984126448631 24.8203517198563 24.7474417090416 24.6713849306107 24.3233341574669 23.0695066452026 20.6239280700684 18.9931551814079 21.4372121095657 -9999 -9999 -9999
-9999 -9999 -9999 -9999 -9999 -9999 -9999 -9999 -9999 -9999 -9999 -9999 -9999 -9999 -9999 -9999 -9999 -9999 -9999 -9999 -9999 -9999 -9999 -9999 -9999 25.247919023037 -9999 -9999 -9999 25.5326781868935 25.5870724916458 25.560654759407 25.4478084445 25.2136076688766 24.9549887180328 24.8677349090576 24.7249301075935 24.5337403416634 24.4401413202286 23.6652709245682 20.9323064088821 22.3382779359818 24.1690914034843 -9999 -9999 -9999
-9999 -9999 -9999 -9999 -9999 -9999 -9999 -9999 -9999 -9999 -9999 -9999 -9999 -9999 -9999 -9999 -9999 -9999 -9999 -9999 -9999 -9999 25.4727692008018 -9999 -9999 25.3550060391426 -9999 -9999 -9999 25.6557571291924 25.6940243840218 25.6494147181511 25.5583942532539 25.3162845373154 24.9504997730255 24.7920923829079 24.6451927423477 24.6247118115425 24.52605509758 24.4204753041267 24.0594147443771 23.7205739021301 24.1476980447769 24.6503505706787 -9999 -9999
-9999 -9999 -9999 -9999 -9999 -9999 -9999 -9999 -9999 -9999 -9999 -9999 -9999 -9999 -9999 -9999 -9999 -9999 -9999 -9999 -9999 25.4029459357262 25.5158466696739 25.5433593392372 25.5382457971573 25.4615846276283 25.2233750224113 25.1288416385651 25.1146181821823 25.6345775723457 25.6671788096428 25.679456949234 25.6569598317146 25.4964130520821 25.1900507807732 25.0504673719406 24.7937097549438 24.6459323167801 24.5179215669632 24.2155439853668 24.1211045980453 24.132376730442 24.2784814834595 24.3717233538628 -9999 -9999
-9999 -9999 -9999 -9999 -9999 -9999 -9999 -9999 -9999 -9999 -9999 -9999 -9999 -9999 -9999 -9999 -9999 -9999 -9999 25.4655959010124 25.3728454113007 25.5774556994438 25.5301357507706 25.5124142765999 25.5450223684311 25.4494830369949 25.4099999070168 25.5883602499962 25.5636582970619 25.548081278801 25.7150118350983 25.6851310133934 25.6623378992081 25.5476205348969 25.4191011786461 25.1651440858841 24.8785760402679 24.699490249157 24.5276008248329 24.3840261697769 24.3847699165344 24.3151302933693 24.4053437113762 24.4651048183441 -9999 -9999
-9999 -9999 -9999 -9999 -9999 -9999 -9999 -9999 -9999 -9999 -9999 -9999 -9999 -9999 -9999 -9999 -9999 24.2791826725006 25.3139922618866 25.2637705802917 25.4576389193535 25.4001551866531 25.3834710121155 25.577811062336 25.6004524827003 25.6235533952713 25.6297590732574 25.6749013662338 25.6845505237579 25.6817049980164 25.6940701603889 25.59593552351 25.5727990865707 25.4888297319412 25.2553015351295 24.9789507985115 24.8225464820862 24.6862797141075 24.5110068321228 24.4805217385292 24.564402282238 24.4230555295944 24.6429252028465 24.7355912923813 24.7669026851654 -9999
-9999 -9999 -9999 -9999 -9999 -9999 -9999 -9999 -9999 -9999 -9999 -9999 -9999 -9999 -9999 -9999 -9999 24.8396428823471 25.3897033929825 25.4788026809692 25.5572751164436 25.3507699370384 25.4746170043945 25.6817036867142 25.660276055336 25.6722834706306 25.4736331701279 25.4835569858551 25.5830579996109 25.5148996710777 25.5131454467773 25.4327827095985 25.4896058440208 25.4910904765129 25.2280239462852 24.9259051680565 24.7591315507889 24.6822841763496 24.6270605325699 24.6316621303558 24.643647134304 24.713559627533 24.6673712134361 24.5297015309334 24.5726769566536 24.4177384972572
-9999 -9999 -9999 -9999 -9999 -9999 -9999 -9999 -9999 -9999 -9999 -9999 -9999 -9999 -9999 -9999 -9999 25.1532217860222 25.5012927055359 25.5140694975853 25.2550157904625 25.4314221739769 25.5429206490517 25.5862317681313 25.6546384692192 25.6674599051476 25.5177139639854 25.3778911232948 25.3795609474182 25.313567340374 25.3362446427345 25.2573345899582 25.2580814957619 25.1644035577774 25.2718809247017 25.1074233651161 24.9409961700439 24.7986527681351 24.7736747860909 24.7537692189217 24.7271898388863 24.6833567619324 24.6465512514114 24.5966598391533 24.5082488059998 24.5789581537247
-9999 -9999 -9999 -9999 -9999 -9999 -9999 -9999 -9999 -9999 -9999 -9999 -9999 -9999 -9999 -9999 24.3192259073257 25.2696641683578 25.237465262413 25.2635444998741 25.3414487242699 25.5237551927567 25.6171635389328 25.6456892490387 25.6412366628647 25.3948670625687 25.2342086434364 25.2122800946236 25.1838384866714 25.2556838989258 25.2639672160149 25.224605858326 25.15114569664 24.9190738797188 25.0539903640747 25.2812269926071 25.2307283878326 25.0606085658073 24.9902883172035 24.8137107491493 24.6406496763229 24.5512091517448 24.5130862593651 24.5793662667274 24.492082118988 24.1662656068802
-9999 -9999 -9999 -9999 -9999 -9999 -9999 -9999 -9999 -9999 -9999 -9999 -9999 -9999 -9999 -9999 24.3749683499336 25.0530315041542 25.1600711345673 25.193383038044 25.3142535686493 25.4369925260544 25.5281844735146 25.5846476554871 25.1619317531586 24.8133034706116 24.7886058092117 24.7142438292503 24.5967802405357 24.8671859502792 24.8681260347366 24.9196251034737 24.9202325344086 24.8547441959381 24.7476654648781 24.9109792709351 25.0762878656387 25.0751459002495 24.985988676548 24.7706397771835 24.5924496650696 24.5146537423134 24.3109374046326 24.5110180974007 24.3960189223289 24.2782287597656
-9999 -9999 -9999 -9999 -9999 -9999 -9999 -9999 -9999 -9999 -9999 -9999 -9999 -9999 -9999 23.7161439657211 24.2511024475098 25.0224440693855 25.0962626934052 25.1535766124725 25.2853829860687 25.3885700106621 25.5189896821976 25.4487400650978 24.8318489193916 24.7208374142647 24.7454671263695 24.6640093326569 24.6239629983902 24.5454841852188 24.6191826462746 24.708137691021 24.7404968738556 24.7391579151154 24.586219727993 24.6978459954262 24.8022622466087 24.6804755330086 24.7665546536446 24.7405102849007 24.5482477545738 24.4268720149994 24.3145282864571 24.4462244510651 24.4139857888222 24.5632336735725
-9999 -9999 -9999 -9999 -9999 -9999 -9999 -9999 -9999 -9999 -9999 -9999 -9999 -9999 -9999 -9999 23.6562728285789 24.6945684552193 25.2120652198792 25.1833509802818 25.4010725617409 25.5315034389496 25.5418329834938 25.1282045841217 24.8615877628326 24.7303460240364 24.7481470108032 24.5952314734459 24.6233919262886 24.5490239858627 24.4988483190536 24.5970942974091 24.6867250800133 24.6519230008125 24.5598124265671 24.6035726666451 24.6978662014008 24.6728482246399 24.6056184768677 24.6779400110245 24.5758195519447 24.389442384243 24.2805106043816 24.3477687239647 24.3251991868019 24.3272492289543
-9999 -9999 -9999 -9999 -9999 -9999 -9999 -9999 -9999 -9999 -9999 -9999 -9999 -9999 -9999 -9999 -9999 24.391795873642 25.1676830649376 25.1797335147858 25.4238178730011 25.5303462147713 25.4096513390541 25.195881485939 25.1227056384087 25.1481389403343 25.1229541301727 24.7507688999176 24.62511241436 24.5568400025368 24.5636824369431 24.496732711792 24.5862070322037 24.5819271802902 24.4823030233383 24.552737891674 24.6306152939796 24.6742815971375 24.5240914821625 24.5227180123329 24.5171552300453 24.434484064579 24.3757541179657 24.3253262639046 24.317034304142 24.2421481609344
-9999 -9999 -9999 -9999 -9999 -9999 -9999 -9999 -9999 -9999 -9999 -9999 -9999 -9999 -9999 -9999 23.1397632360458 23.9964194297791 25.0410653352737 25.1399887800217 25.2821843028069 25.320769906044 25.5427027344704 25.413937151432 25.3412167429924 25.2778761982918 25.0901339054108 24.721626162529 24.5685762763023 24.5879228711128 24.6158267259598 24.4663382172585 24.4436718821526 24.5185945630074 24.4238759279251 24.5239813923836 24.561027765274 24.5913087129593 24.5868663787842 24.5273485183716 24.5040416121483 24.4824350476265 24.4225683808327 24.358813226223 24.3166997432709 24.3330489993095
-9999 -9999 -9999 -9999 -9999 -9999 -9999 -9999 -9999 -9999 -9999 -9999 -9999 -9999 -9999 -9999 23.2049695849419 23.7758541703224 25.0720857381821 24.9928836226463 25.1905336976051 25.2891471982002 25.5067977309227 25.498272895813 25.4203786253929 25.2752784490585 25.1805299520493 24.9914545416832 24.7284187674522 24.6721744537354 24.6076935529709 24.5872402787209 24.4987367391586 24.4669287800789 24.4212637543678 24.4333385229111 24.5053691864014 24.5089061260223 24.5461992621422 24.5342932343483 24.4566972255707 24.442278444767 24.4041441679001 24.3972399830818 24.3210794329643 24.3368464112282
-9999 -9999 -9999 -9999 -9999 -9999 -9999 -9999 -9999 -9999 -9999 -9999 -9999 -9999 -9999 22.5010036230087 23.0159869790077 23.6320142745972 25.0241787433624 25.1281098723412 25.160353243351 25.1566752791405 25.4162327051163 25.4229139685631 25.3617157936096 25.3158595561981 25.2316964268684 25.064268052578 24.8221393227577 24.6723337173462 24.6603877544403 24.5791149139404 24.4896609783173 24.5161126852036 24.5003264546394 24.411867082119 24.4188027977943 24.4720333814621 24.5148865580559 24.5233677625656 24.535300552845 24.4718437194824 24.4630286693573 24.479793548584 24.4935854077339 24.4258629083633
-9999 -9999 -9999 -9999 -9999 -9999 -9999 -9999 -9999 -9999 -9999 -9999 -9999 -9999 -9999 22.3021060824394 22.3918340206146 23.2421860694885 24.4459473490715 25.1037174463272 25.1192905902863 25.0477758646011 25.2973594069481 25.4110291600227 25.3724660873413 25.162833571434 25.0980940461159 25.0102981328964 24.820328772068 24.7166124582291 24.7228224873543 24.6744549274445 24.4926493167877 24.4955565333366 24.5201460123062 24.4713905453682 24.465209543705 24.41548204422 24.393572807312 24.4687179923058 24.4596724510193 24.4934159517288 24.488832116127 24.5351734757423 24.513231754303 24.4797064065933
-9999 -9999 -9999 -9999 -9999 -9999 -9999 -9999 -9999 -9999 -9999 -9999 -9999 -9999 -9999 21.9212993383408 22.2310385107994 22.690488576889 23.6776437759399 24.6466524004936 24.9715371131897 25.0611854791641 25.2117316126823 25.3486532568932 25.4839698672295 25.2946699261665 25.110739171505 24.9647354483604 24.9796079397202 24.8119398355484 24.8019590973854 24.7352299690247 24.5774851441383 24.5094279646873 24.5146814584732 24.5112442970276 24.4974802136421 24.4333369731903 24.3686153292656 24.3817919492722 24.420572578907 24.3914277553558 24.5290521383286 24.5380185842514 24.5652084350586 24.5521445870399
