Archive - glowpa-model-master/Model input/Uganda/watertemperature/Tw_jan_1.asc
NCOLS 67 
NROWS 67 
XLLCORNER 29.5000000014144 
YLLCORNER -1.49999999936061 
CELLSIZE 0.0833333332926796 
NODATA_value -9999 
[rows 0 to 19 of 67, columns 0 to 45 of 67]
-9999.000000000000000 -9999 -9999 -9999 -9999 -9999 -9999 -9999 -9999 -9999 -9999 -9999 -9999 -9999 -9999 -9999 -9999 -9999 -9999 -9999 -9999 -9999 -9999 -9999 -9999 -9999 -9999 -9999 -9999 -9999 -9999 25.3360397815704 25.2153152227402 -9999 -9999 -9999 -9999 -9999 -9999 -9999 -9999 -9999 -9999 -9999 -9999 -9999
-9999 -9999 -9999 -9999 -9999 -9999 -9999 -9999 -9999 -9999 -9999 -9999 -9999 -9999 -9999 -9999 -9999 -9999 -9999 -9999 -9999 -9999 -9999 -9999 -9999 -9999 -9999 -9999 -9999 25.331480383873 25.3885834217072 25.4112647771835 25.474149107933 25.2945693731308 25.0596180558205 24.9629852175713 24.8677785396576 23.8356978297234 22.177688896656 21.6055374741554 -9999 -9999 -9999 -9999 -9999 -9999
-9999 -9999 -9999 -9999 -9999 -9999 -9999 -9999 -9999 -9999 -9999 -9999 -9999 -9999 -9999 -9999 -9999 -9999 -9999 -9999 -9999 -9999 -9999 -9999 -9999 -9999 -9999 -9999 -9999 25.563313126564 25.6437037587166 25.7504662275314 25.655310690403 25.3874905705452 25.2204002141953 25.125075340271 25.1751018762589 24.8949885368347 24.6262014508247 23.7285205721855 21.2353402376175 19.4536366462708 22.1360676288605 -9999 -9999 -9999
-9999 -9999 -9999 -9999 -9999 -9999 -9999 -9999 -9999 -9999 -9999 -9999 -9999 -9999 -9999 -9999 -9999 -9999 -9999 -9999 -9999 -9999 -9999 -9999 -9999 25.6470026373863 -9999 -9999 -9999 25.7858573794365 25.840281188488 25.8152638077736 25.7164704203606 25.5637560486794 25.4319567680359 25.1963950991631 25.1572870016098 24.8426507115364 24.668316423893 24.1145250201225 21.7240314483643 23.071971654892 24.5494222640991 -9999 -9999 -9999
-9999 -9999 -9999 -9999 -9999 -9999 -9999 -9999 -9999 -9999 -9999 -9999 -9999 -9999 -9999 -9999 -9999 -9999 -9999 -9999 -9999 -9999 25.7114602923393 -9999 -9999 25.6000074148178 -9999 -9999 -9999 25.8130140304565 25.8959401845932 25.8654157519341 25.8301267027855 25.7402163147926 25.550220310688 25.2788717150688 25.0426197052002 24.9803223609924 24.9195232391357 24.8306352496147 24.5664407610893 24.383891582489 24.7744373679161 24.968933224678 -9999 -9999
-9999 -9999 -9999 -9999 -9999 -9999 -9999 -9999 -9999 -9999 -9999 -9999 -9999 -9999 -9999 -9999 -9999 -9999 -9999 -9999 -9999 25.6315080523491 25.5495693087578 25.5510599017143 25.6434069871902 25.6649571061134 25.4506767988205 25.3597190976143 25.3150326013565 25.7627606391907 25.8443697094917 25.8610698580742 25.8698949813843 25.8350672125816 25.7412479519844 25.5424374938011 25.1506907939911 25.1071323156357 25.0025777816772 24.7509067058563 24.7604399323463 24.8616040349007 24.6490634679794 24.6055761575699 -9999 -9999
-9999 -9999 -9999 -9999 -9999 -9999 -9999 -9999 -9999 -9999 -9999 -9999 -9999 -9999 -9999 -9999 -9999 -9999 -9999 25.7066318392754 25.6458669304848 25.8180094957352 25.6700320243835 25.6703889369965 25.7442497014999 25.7333509325981 25.6845225691795 25.8022379279137 25.7729970216751 25.7574433088303 25.8982577323914 25.8935170769691 25.8703579306602 25.8132544159889 25.6863528490067 25.4969376325607 25.2228972911835 25.1437401175499 25.0087885260582 24.8835656046867 24.9684953689575 25.0002321004868 24.9328727126122 24.7512423396111 -9999 -9999
-9999 -9999 -9999 -9999 -9999 -9999 -9999 -9999 -9999 -9999 -9999 -9999 -9999 -9999 -9999 -9999 -9999 24.4327431917191 25.3397323489189 25.3709425330162 25.609943151474 25.7425241470337 25.6209011077881 25.7887186408043 25.8575332164764 25.8942824602127 25.89595246315 25.8649451136589 25.8575459122658 25.8555502295494 25.8662860989571 25.8535752892494 25.8494122028351 25.780636548996 25.4738060235977 25.2856643795967 25.1627627015114 25.1080546975136 24.9735519886017 24.9620957970619 25.0534759163857 25.038587808609 25.123959004879 24.9467669725418 24.8769351840019 -9999
-9999 -9999 -9999 -9999 -9999 -9999 -9999 -9999 -9999 -9999 -9999 -9999 -9999 -9999 -9999 -9999 -9999 24.8707294464111 25.5236667394638 25.704167842865 25.827416241169 25.6255902647972 25.755958199501 25.8735332489014 25.8683972358704 25.959114074707 25.7275827527046 25.7116869688034 25.8294296860695 25.7803082466125 25.7919784784317 25.731949031353 25.7167924046516 25.7863725423813 25.5777467489243 25.2662401199341 25.0956137180328 25.0733027458191 25.049187541008 25.0706365704536 25.082378745079 25.148380279541 25.1136045455933 25.0590053796768 24.9713991880417 25.0070102214813
-9999 -9999 -9999 -9999 -9999 -9999 -9999 -9999 -9999 -9999 -9999 -9999 -9999 -9999 -9999 -9999 -9999 25.1777379512787 25.7925601601601 25.7888867855072 25.5481403470039 25.7215011715889 25.7991696000099 25.8929262161255 25.9009290933609 25.8640558123589 25.7298173904419 25.6352114677429 25.5954733490944 25.5400758385658 25.5963418483734 25.4914377331734 25.5475670695305 25.500045478344 25.6440715193748 25.4126713275909 25.2393782734871 25.1318443417549 25.0743994116783 25.1392798423767 25.1599832773209 25.1046228408813 25.0701133012772 25.0740595459938 25.0155646800995 25.0092962384224
-9999 -9999 -9999 -9999 -9999 -9999 -9999 -9999 -9999 -9999 -9999 -9999 -9999 -9999 -9999 -9999 24.5238869786263 25.3378720879555 25.672932446003 25.6400570273399 25.6275984048843 25.8262244462967 25.8047258853912 25.8519878387451 25.8487006425858 25.7199549674988 25.6206873655319 25.5539365410805 25.4769440293312 25.4908773899078 25.4797611832619 25.4534573554993 25.370554625988 25.2005514502525 25.3397187590599 25.4914629459381 25.4254820346832 25.2365472316742 25.2234503626823 25.1820803880692 25.0686312913895 24.995695233345 24.9584532976151 25.0068389773369 24.9743401408195 24.6615692973137
-9999 -9999 -9999 -9999 -9999 -9999 -9999 -9999 -9999 -9999 -9999 -9999 -9999 -9999 -9999 -9999 24.634611427784 25.2264729738235 25.5339851975441 25.4596185684204 25.6229170560837 25.7046211957932 25.7843951582909 25.732582449913 25.4387555718422 25.1044638156891 25.0744744539261 24.9866569042206 24.9318726062775 25.3068667054176 25.2992761731148 25.2936153411865 25.2821895480156 25.2121970653534 25.0832847356796 25.2235956192017 25.3359652161598 25.3034145832062 25.2586747407913 25.1601899862289 25.0138667225838 24.9594467282295 24.7562317252159 24.9342690110207 24.8559668064117 24.6742099523544
-9999 -9999 -9999 -9999 -9999 -9999 -9999 -9999 -9999 -9999 -9999 -9999 -9999 -9999 -9999 23.9944912195206 24.5222417116165 25.2280714511871 25.3880096673965 25.4356065988541 25.544281899929 25.6299923658371 25.7338526844978 25.6498341560364 25.2187436819077 25.006977558136 25.0291034579277 24.9381985664368 24.8859927654266 24.8499351143837 24.9156750440598 24.9842591881752 25.033325612545 25.0499973893166 24.8674118518829 25.005700647831 25.1515203714371 25.0481199026108 25.1316134333611 25.1231112480164 24.9542310833931 24.8595734834671 24.7661246061325 24.8653019070625 24.8436596989632 24.7528734207153
-9999 -9999 -9999 -9999 -9999 -9999 -9999 -9999 -9999 -9999 -9999 -9999 -9999 -9999 -9999 -9999 24.073598921299 25.081342279911 25.3786401748657 25.344936132431 25.5057982206345 25.7295811772346 25.7096554636955 25.442937374115 25.2167739868164 25.0669706463814 25.048064827919 24.9028036594391 24.897956609726 24.8302854299545 24.7616738677025 24.8584403395653 24.9359110593796 24.8974469304085 24.8252248764038 24.8732426166534 25.0438334941864 25.0653275251389 24.9979432225227 25.0478740930557 24.9605271816254 24.8077478408813 24.7348800301552 24.783442735672 24.7853271365166 24.7496343255043
-9999 -9999 -9999 -9999 -9999 -9999 -9999 -9999 -9999 -9999 -9999 -9999 -9999 -9999 -9999 -9999 -9999 24.932123363018 25.3876934051514 25.3005682229996 25.5535777807236 25.7235693335533 25.6156732439995 25.5487098693848 25.3842571973801 25.3427195549011 25.2239567041397 25.0045241713524 24.9109447598457 24.8401777744293 24.8325098156929 24.7643268108368 24.840451836586 24.8435000181198 24.7679814696312 24.8292343616486 24.91663646698 25.0467465519905 24.9372593164444 24.9182368516922 24.9020373225212 24.8261897563934 24.7772750258446 24.7588785290718 24.7390273213387 24.6681289076805
-9999 -9999 -9999 -9999 -9999 -9999 -9999 -9999 -9999 -9999 -9999 -9999 -9999 -9999 -9999 -9999 23.3579505085945 24.6063820719719 25.2435223460197 25.2922655344009 25.4313196539879 25.4982972145081 25.7445412278175 25.7264301776886 25.5911149978638 25.4043962955475 25.1697791218758 24.9572747349739 24.8660515546799 24.8724480867386 24.9161537289619 24.7480294108391 24.7068036794662 24.7398400306702 24.6966895461082 24.8006475567818 24.8386835455894 24.8727503418922 24.9158644676208 24.9110402464867 24.8951080441475 24.8501976728439 24.8137528300285 24.7805961966515 24.7553292512894 24.7670102715492
-9999 -9999 -9999 -9999 -9999 -9999 -9999 -9999 -9999 -9999 -9999 -9999 -9999 -9999 -9999 -9999 23.3334789872169 24.3579930663109 25.251319527626 25.3948721289635 25.5660101771355 25.5252653956413 25.6977361440659 25.7509709596634 25.698503613472 25.3949982523918 25.2625655531883 25.1141310930252 25.006615459919 24.9504772424698 24.8951916098595 24.8825974464417 24.7800533771515 24.7621406316757 24.7351653575897 24.7299730181694 24.7983286976814 24.8071109056473 24.8576753139496 24.8759593963623 24.843656539917 24.8450319170952 24.8128442168236 24.8077418208122 24.7472680211067 24.7718930244446
-9999 -9999 -9999 -9999 -9999 -9999 -9999 -9999 -9999 -9999 -9999 -9999 -9999 -9999 -9999 22.9359317421913 23.1276341676712 24.1905288100243 25.2271054983139 25.3263930082321 25.5762234330177 25.5435428023338 25.6078610420227 25.6292611956596 25.6317517161369 25.5086641907692 25.3975437879562 25.1663732528687 25.032092154026 24.9410874247551 24.9338548183441 24.8909220099449 24.8179377317429 24.8596166968346 24.8164740204811 24.71351313591 24.7315913438797 24.7787761092186 24.8325084447861 24.8576326966286 24.8910697698593 24.8807386755943 24.8589379191399 24.86741065979 24.8678408265114 24.8246513009071
-9999 -9999 -9999 -9999 -9999 -9999 -9999 -9999 -9999 -9999 -9999 -9999 -9999 -9999 -9999 22.7261813879013 22.7137312293053 23.5859807133675 24.9111768603325 25.2317416071892 25.1902297139168 25.4074862599373 25.4384387731552 25.662249982357 25.590289413929 25.3799183368683 25.3034995794296 25.1416557431221 25.0000385642052 24.9523271918297 24.9854958057404 24.9595248103142 24.8106271624565 24.8515651226044 24.8346400260925 24.7967493534088 24.7771884799004 24.7463061213493 24.7491426467896 24.8319325447083 24.8470044732094 24.8869082331657 24.8819934129715 24.9348343014717 24.9218422174454 24.9052109122276
-9999 -9999 -9999 -9999 -9999 -9999 -9999 -9999 -9999 -9999 -9999 -9999 -9999 -9999 -9999 22.3471198678017 22.7058784365654 22.9563696980476 24.1268277168274 24.9080692529678 25.1213466525078 25.4457637071609 25.4126948714256 25.563336789608 25.6844349503517 25.5156788825989 25.3186955451965 25.2017892599106 25.1910046339035 25.0158094167709 25.0711703300476 25.0312379598618 24.8941775560379 24.8280126452446 24.844130396843 24.8458454608917 24.8179706335068 24.7727928757668 24.7203405499458 24.7390006780624 24.8019772768021 24.7633548378944 24.8881649971008 24.9045759439468 24.9311550855637 24.9733484387398
