Archive - glowpa-model-master/Model input/Uganda/watertemperature/Tw_jun_1.asc
NCOLS 67 
NROWS 67 
XLLCORNER 29.5000000014144 
YLLCORNER -1.49999999936061 
CELLSIZE 0.0833333332926796 
NODATA_value -9999 
[rows 20 to 39 of 67, columns 0 to 45 of 67]
-9999 -9999 -9999 -9999 -9999 -9999 -9999 -9999 -9999 -9999 -9999 -9999 -9999 -9999 -9999 21.2111880779266 21.3813199400902 21.4704713225365 22.6451134681702 23.2618646621704 24.5646978616714 24.888119161129 25.2149476408958 25.2555451393127 25.1900631785393 25.1226626634598 24.9150583148003 24.8493532538414 24.7359027266502 24.52839833498 24.3863257169724 24.3242816925049 24.2068985104561 24.1054782271385 24.1134505271912 24.1166060566902 24.0522548556328 23.9688004255295 23.9782539606094 23.931077837944 23.8867737650871 23.7845836281776 23.9234082102776 24.0370109677315 24.1269156932831 24.132083773613
-9999 -9999 -9999 -9999 -9999 -9999 -9999 -9999 -9999 -9999 -9999 -9999 -9999 -9999 -9999 20.8250210881233 20.6287759542465 20.8259388208389 21.8420712947845 23.1613288521767 24.4944103956223 24.9352335333824 25.2536457777023 25.2014400362968 25.1878418326378 25.1465947628021 24.9646995067596 24.8335236310959 24.5319155454636 24.4091957211494 24.3524387478828 24.2823798656464 24.1810895204544 24.1057042479515 24.1147890686989 24.0795887112617 24.048750936985 24.0629354715347 24.0460805892944 23.9479305148125 23.9242410063744 23.8137419819832 23.8329087495804 23.907346367836 23.9727857112885 24.1030895709991
-9999 -9999 -9999 -9999 -9999 -9999 -9999 -9999 -9999 -9999 -9999 -9999 -9999 -9999 -9999 -9999 19.8104000687599 20.5941005349159 21.9513210058212 23.5654999017715 24.4611840248108 25.0877885222435 25.2387363910675 25.2019644975662 25.0821494460106 24.9764563441277 24.8198981285095 24.6841651201248 24.4605057835579 24.2346088886261 24.2024109363556 24.2269508838654 24.1747666597366 24.0943721532822 24.0689088106155 24.0497679710388 24.0945728421211 24.0557539463043 24.0290875434875 23.9568545222282 23.8622960448265 23.841478228569 23.9149546027184 23.8892614245415 23.801775932312 23.9331601262093
-9999 -9999 -9999 -9999 -9999 -9999 -9999 -9999 -9999 -9999 -9999 -9999 -9999 -9999 -9999 -9999 -9999 20.1115894913673 22.2050080895424 23.428902566433 24.8518579006195 25.2177242636681 25.2262775301933 25.1831794977188 25.0650819540024 24.9656342864037 24.8744181394577 24.6712382435799 24.278577029705 23.9405065178871 23.9235990047455 23.9364103078842 24.0040312409401 24.0442358851433 24.0194321274757 24.0590252280235 24.0864016413689 24.0460747480392 23.9866732358932 24.0036881566048 23.915158867836 23.9577157497406 24.0094392299652 23.9718031287193 23.8439774513245 23.8198699355125
-9999 -9999 -9999 -9999 -9999 -9999 -9999 -9999 -9999 -9999 -9999 -9999 -9999 -9999 -9999 18.6017680168152 18.3623270988464 21.1872972846031 23.8512730002403 24.3992720842361 25.1625699400902 25.2076439857483 25.2167448401451 25.1740629673004 25.1211557984352 24.9951552152634 24.7687960267067 24.4372118711472 24.0941854715347 23.8369278907776 23.7294344902039 23.7832059860229 23.8449984788895 23.9309893846512 23.9838038682938 24.0204254388809 24.0316877365112 24.0195143222809 24.0330050587654 24.0440109968185 23.9491869211197 24.0259549021721 24.0796167850494 24.0254296064377 23.9053829908371 23.8990528583527
-9999 -9999 -9999 -9999 -9999 -9999 -9999 -9999 -9999 -9999 -9999 -9999 -9999 -9999 -9999 18.3367536067963 20.2825804948807 24.0726852416992 24.9116342067719 25.084668636322 25.1280400753021 25.1511605381966 25.1776046156883 25.176053404808 25.0773687958717 24.6554750204086 24.1798875927925 24.0767061710358 23.9170073270798 23.7651710510254 23.7989504337311 23.8112235069275 23.7524828910828 23.8590521812439 23.9404484033585 23.9771809577942 23.9871032834053 24.0233444571495 24.0383968353271 24.1187074184418 24.0672798752785 24.0996434092522 24.107068002224 24.0510730743408 23.9361597895622 23.8989148139954
-9999 -9999 -9999 -9999 -9999 -9999 -9999 -9999 -9999 -9999 -9999 -9999 -9999 -9999 -9999 18.9509684443474 23.5383228063583 24.9016285538673 25.0011227726936 25.0634531974792 25.1090871691704 25.138335943222 25.1514539122581 25.0298026800156 24.5329428315163 24.0803236961365 23.934009373188 24.0281254053116 23.8404334187508 23.8950199484825 23.9043306112289 23.8351907134056 23.7466443181038 23.8202825784683 23.8818134069443 23.912638604641 23.905969619751 24.0144718885422 24.1760015487671 24.2393099665642 24.1540221571922 24.1424370408058 24.0883774161339 24.0306177139282 23.9581331014633 23.9590629935265
-9999 -9999 -9999 -9999 -9999 -9999 -9999 -9999 -9999 -9999 -9999 -9999 -9999 -9999 -9999 22.9162610769272 24.8300930857658 24.9150795340538 24.9789157509804 25.0609868764877 25.1148157119751 25.1394108533859 24.8782075643539 24.1716483235359 23.920150578022 23.825457572937 23.8104768395424 23.8243407011032 23.8769513964653 23.8545846939087 23.9340871572495 23.8618188500404 23.7977527976036 23.7955730557442 23.8505449295044 23.9011989831924 23.9488510489464 24.0641360282898 24.1405747532845 24.1545860767365 24.1583371162415 24.1503354907036 24.1158553361893 24.0668342113495 24.0333565473557 24.0659487843513
-9999 -9999 -9999 -9999 -9999 -9999 -9999 -9999 -9999 -9999 -9999 -9999 -9999 -9999 23.0051321387291 24.7419120669365 24.9091738462448 24.9834027290344 25.0245814919472 25.0637077093124 25.1043440103531 24.7980944514275 24.1348387598991 23.7875728011131 23.7335337996483 23.7506187558174 23.8483455777168 23.7960215210915 23.74744617939 23.8036562204361 23.9455724954605 23.9322046637535 23.8074359297752 23.6380025148392 23.8274328112602 23.9897527098656 24.0460239648819 24.1009853482246 24.1558170318604 24.1880591511726 24.1603639125824 24.2062218785286 24.1720920205116 24.1504822969437 24.2013940811157 24.191330909729
-9999 -9999 -9999 -9999 -9999 -9999 -9999 -9999 -9999 -9999 -9999 20.9452777504921 21.4750653505325 23.4716701507568 24.8110333681107 24.9371734261513 24.9817056655884 25.0203524827957 25.0667697191238 25.0802087783813 24.5557921528816 23.8408852219582 23.7585321068764 23.6773392558098 23.764168202877 23.842688202858 23.7297295331955 23.8124787807465 23.7720631957054 23.8520859479904 23.948420882225 23.9178673028946 23.8635523319244 23.884163081646 23.9404497742653 23.9924196004868 24.0604557991028 24.0939257740974 24.1615610718727 24.2486683130264 24.2510486841202 24.2253277301788 24.2005088329315 24.2153696417809 24.2312424182892 24.1773027181625
-9999 -9999 -9999 -9999 -9999 -9999 -9999 -9999 -9999 -9999 22.1644947528839 23.4289179444313 24.6261922121048 24.9138588309288 24.9864467978477 25.0099055171013 25.0480200052261 25.0461086034775 24.9904053807259 24.2030181884766 23.7256275415421 23.6568006873131 23.3515475392342 23.464623272419 23.6723105311394 23.7633242607117 23.7457345128059 23.7906474471092 23.8344577550888 23.9011607766151 23.8894081711769 23.8621047735214 23.8376296758652 23.8592275977135 23.9607601761818 24.0441142916679 24.0634394884109 24.1308881044388 24.23527354002 24.2868726849556 24.2721717953682 24.2630478739738 24.2623873949051 24.2536433339119 24.2522492408752 24.1979106664658
-9999 -9999 -9999 -9999 -9999 -9999 -9999 -9999 -9999 -9999 24.2957566380501 24.9748731255531 25.0223962664604 25.0654148459435 25.0672708749771 25.0916519761086 25.093690097332 24.9657328128815 24.1854205727577 23.680735886097 23.6748796701431 23.6728199720383 23.3173882365227 23.3805875778198 23.6812664866447 23.7775760293007 23.7583558559418 23.9069846868515 23.9661009311676 23.9313834905624 23.8778824210167 23.8255521059036 23.7600170373917 23.7847220301628 23.8678443431854 23.9907445907593 24.1047394871712 24.1790487766266 24.2378110289574 24.2532910704613 24.25330722332 24.2760066986084 24.2718767523766 24.2619646787643 24.2428112626076 24.2601358890533
-9999 -9999 -9999 -9999 -9999 -9999 -9999 -9999 -9999 23.334233045578 24.9785386323929 25.0695301890373 25.1129701733589 25.1484619379044 25.161473929882 25.0778856277466 24.2419621348381 23.8863289952278 23.714541554451 23.7265100479126 23.7650293707848 23.6328580379486 23.4695239663124 23.5407485961914 23.7452917098999 23.7621049880981 23.8270484805107 23.9201722145081 23.8764968514442 23.8255304694176 23.811526954174 23.8198835849762 23.7806299328804 23.7325156331062 23.7098389267921 23.8282697796822 24.0002928376198 24.1162239313126 24.1669294238091 24.1158195734024 24.1316365003586 24.2036188840866 24.2590526342392 24.2661856412888 24.239574611187 24.2276585102081
-9999 -9999 -9999 -9999 -9999 -9999 -9999 -9999 -9999 23.9309975504875 25.0225083827972 25.0488557815552 25.1611840724945 25.2248332500458 25.2201944589615 24.2559403777122 23.5888052582741 23.6154054999352 23.6769837737083 23.7066186070442 23.7003419995308 23.626614511013 23.6868072152138 23.7424470186234 23.6823006868362 23.7282209992409 23.7606348991394 23.8283764719963 23.8284184932709 23.8003090620041 23.7599855065346 23.7122586965561 23.787123978138 23.7516568899155 23.6615924239159 23.7237846851349 23.9080186486244 23.9478080272675 24.0680043697357 24.0602549910545 24.0585358738899 24.1047154664993 24.1684171557426 24.2243003249168 24.2182760238647 24.1885113716125
-9999 -9999 -9999 -9999 -9999 -9999 21.6318826079369 21.7921497821808 22.3735912442207 24.8648020029068 25.0678185224533 25.0612131357193 25.1489928364754 25.1939550638199 24.9998935461044 23.5672543644905 23.5919209718704 23.6208506822586 23.6757271885872 23.6905121207237 23.7412114739418 23.7650556564331 23.7414875030518 23.6960415244102 23.6712780594826 23.6898601651192 23.7122656106949 23.7269478440285 23.7522530555725 23.6765120625496 23.7494842410088 23.6497771143913 23.6610014438629 23.7180760502815 23.7038356661797 23.6631988883018 23.7519634962082 23.8261268138885 23.9114423394203 24.0175393223763 23.9864126443863 24.0159950852394 24.0839735865593 24.1204665899277 24.1396759152412 24.1488170027733
-9999 -9999 -9999 -9999 -9999 -9999 22.6972123384476 22.9223122596741 24.2099405527115 25.2786125540733 25.4240362644196 25.3426270484924 25.1701003313065 25.0818928480148 24.0028163790703 23.560722887516 23.7712339758873 23.7820826172829 23.8014923930168 23.760537981987 23.7242467403412 23.7474238872528 23.7747963666916 23.757997572422 23.6748563051224 23.6613810658455 23.6472328305244 23.6838455796242 23.739783346653 23.6226168274879 23.6456394791603 23.5662495493889 23.4915825128555 23.608161509037 23.6454518437386 23.6180294752121 23.6377031803131 23.7616654038429 23.813870549202 23.952487051487 23.9253221750259 24.0146059393883 23.9991033673286 24.0057993531227 24.0142131447792 24.0803397893906
-9999 -9999 -9999 -9999 -9999 23.0003091096878 23.9167373776436 24.7404392957687 25.0931817889214 25.3783438205719 25.397659778595 25.3251555562019 25.1486823558807 24.2584586143494 23.3906781077385 23.5807853937149 23.5580263733864 23.6216267943382 23.7129976153374 23.7524925470352 23.7102310657501 23.6837528347969 23.6903403997421 23.7292478680611 23.7482585906982 23.6602765321732 23.5949321389198 23.5695642232895 23.6382768750191 23.6465157866478 23.5600106716156 23.5282248854637 23.4417145848274 23.4567930698395 23.5902288556099 23.6166130304337 23.7017803788185 23.6178425550461 23.8033207654953 23.9018322825432 23.8615382313728 23.94597697258 23.9297786951065 23.9464361071587 23.9514428973198 23.9497007131577
-9999 -9999 23.322481572628 23.18340498209 22.5898490548134 23.6796551346779 24.3344966173172 24.8648151159286 25.1341148018837 25.1720728874207 25.0922337174416 25.0347045660019 24.2408555150032 23.214990735054 23.2105127573013 23.275897860527 23.4586147069931 23.5420743227005 23.6519008278847 23.7328877449036 23.5152243971825 23.5187095999718 23.4765303730965 23.657994389534 23.7319396734238 23.5330510139465 23.3105420470238 23.5150516629219 23.6084639430046 23.6109164953232 23.5599113702774 23.4759413599968 23.4934578537941 23.4511040449142 23.6404885649681 23.7006089091301 23.6882050037384 23.5315726399422 23.7269879579544 23.8343971967697 23.8062248826027 23.9064525961876 23.9019365310669 23.8379940986633 23.8686554431915 23.8478097319603
-9999 23.353999376297 23.3814918398857 23.5974723100662 23.7011149525642 24.0409362912178 24.4253836274147 24.4848796725273 24.1550416946411 24.655712723732 24.2505248785019 23.0151578783989 22.8436152338982 23.1681064963341 23.307895720005 23.4176844954491 23.3849958181381 23.439977645874 23.5756288766861 23.6381693482399 23.6943954825401 23.5300921201706 23.3493054509163 23.2756015062332 23.2973136305809 23.5105733275414 23.2216940522194 23.2506656646729 23.4691056609154 23.5664865970612 23.6176489591599 23.6108833551407 23.5374355912209 23.511699616909 23.6000046730042 23.5946494936943 23.4495047330856 23.4758248329163 23.6706640124321 23.7741479277611 23.7836055159569 23.8677400350571 23.8552786707878 23.8196763396263 23.7692941427231 23.8354059457779
-9999 23.5560466051102 23.9052754640579 23.9143248796463 24.0068224072456 24.0452519655228 23.9208590388298 23.7101427912712 22.5360419750214 23.3329760432243 22.6284680962563 22.2185591459274 22.4039840698242 22.8059125542641 22.8674481511116 23.3165344595909 23.4730333089828 23.467476606369 23.2911739349365 23.3632734417915 23.6155061125755 23.5117183923721 23.3796919584274 23.3171913027763 23.0312035083771 23.6052256822586 23.6131847500801 23.3622665405273 22.9200938344002 23.1925661563873 23.4876637458801 23.4374695420265 23.5659779310226 23.5250262618065 23.4767026305199 23.5524462461472 23.3488624691963 23.4993389248848 23.6530297398567 23.7162748575211 23.7266026139259 23.7526911497116 23.821209192276 23.8572611808777 23.8192395567894 23.8303239941597
