Archive - glowpa-model-master/Model input/Uganda/watertemperature/Tw_jul_1.asc
NCOLS 67 
NROWS 67 
XLLCORNER 29.5000000014144 
YLLCORNER -1.49999999936061 
CELLSIZE 0.0833333332926796 
NODATA_value -9999 
[rows 20 to 39 of 67, columns 0 to 45 of 67]
-9999 -9999 -9999 -9999 -9999 -9999 -9999 -9999 -9999 -9999 -9999 -9999 -9999 -9999 -9999 20.6028165221214 20.9064333438873 21.0397282838821 22.2607119679451 22.8605779409409 24.21401065588 24.5161355137825 24.9330842494965 25.0085317492485 24.9373286962509 24.8645874857903 24.6252545714378 24.5643249750137 24.4780570864677 24.2274225354195 24.0467125177383 23.9874572753906 23.8531134724617 23.7774142026901 23.7786944508553 23.7665781378746 23.664034485817 23.5697385668755 23.5682401657104 23.4991594552994 23.4582163691521 23.3576896190643 23.5076678395271 23.6415551900864 23.7223102450371 23.7388837337494
-9999 -9999 -9999 -9999 -9999 -9999 -9999 -9999 -9999 -9999 -9999 -9999 -9999 -9999 -9999 20.2385037541389 20.0620455741882 20.3079429268837 21.42582654953 22.7372803092003 24.1237861514091 24.5908280014992 25.002746462822 24.95335906744 24.9364963769913 24.8840140104294 24.6886305809021 24.5592542886734 24.2359241247177 24.0692709088326 24.0103845596313 23.9445499181747 23.8406289815903 23.7878227829933 23.7935120463371 23.7292162775993 23.6690871715546 23.6666569113731 23.6377268433571 23.5240128040314 23.4809401035309 23.3824762701988 23.4222359061241 23.5000165700912 23.5557700991631 23.704558968544
-9999 -9999 -9999 -9999 -9999 -9999 -9999 -9999 -9999 -9999 -9999 -9999 -9999 -9999 -9999 -9999 19.1665734052658 20.0781404972076 21.4946545958519 23.1670669317245 24.09532558918 24.814118206501 24.9917818307877 24.9442289471626 24.8173317313194 24.6951087713242 24.5383743643761 24.3900001049042 24.1100130081177 23.8699479699135 23.860922396183 23.8948112130165 23.8460565805435 23.7837826609612 23.7489265799522 23.6990762352943 23.7213418483734 23.6645086407661 23.625657081604 23.5455438494682 23.4318970441818 23.4130680561066 23.5071821212769 23.4830548167229 23.4086297750473 23.5307519435883
-9999 -9999 -9999 -9999 -9999 -9999 -9999 -9999 -9999 -9999 -9999 -9999 -9999 -9999 -9999 -9999 -9999 19.5537458062172 21.7773705720901 23.0348159074783 24.565086722374 24.981801867485 24.9777768850327 24.9117599129677 24.78627794981 24.6657256484032 24.5730877518654 24.3125171065331 23.8813169598579 23.5661757588387 23.5684925913811 23.6011630296707 23.6777114868164 23.7233601808548 23.6973500847816 23.7302891612053 23.7256472706795 23.6628547310829 23.5803495645523 23.5889965891838 23.4916532039642 23.5463824868202 23.6011320352554 23.5685187578201 23.4610000252724 23.4306598901749
-9999 -9999 -9999 -9999 -9999 -9999 -9999 -9999 -9999 -9999 -9999 -9999 -9999 -9999 -9999 18.055655837059 17.9612183570862 20.7020112276077 23.511057138443 24.041724383831 24.878836274147 24.9613204598427 24.9764083623886 24.9113994836807 24.8460928201675 24.7025192975998 24.4203451871872 24.0404517650604 23.7259331345558 23.476288318634 23.3760640025139 23.4419627189636 23.5109265446663 23.6026915311813 23.6559670567513 23.690803706646 23.678883433342 23.6462774276733 23.6320754885674 23.6358720064163 23.5303835868835 23.6141845583916 23.6781142354012 23.6268356442451 23.5094403624535 23.5408622026443
-9999 -9999 -9999 -9999 -9999 -9999 -9999 -9999 -9999 -9999 -9999 -9999 -9999 -9999 -9999 17.8603578805923 19.7466852068901 23.6790682673454 24.6142637133598 24.8260996341705 24.869756937027 24.917913377285 24.9490986466408 24.9224863052368 24.8209347724915 24.3082730174065 23.7816050648689 23.6965531110764 23.5494483113289 23.3907840251923 23.4242476820946 23.4798747301102 23.4276116490364 23.5435549020767 23.6133556365967 23.6379889249802 23.6437590718269 23.6571577191353 23.6614251732826 23.6886268258095 23.6451570987701 23.6611761450768 23.715910077095 23.6684173941612 23.567787706852 23.5299400091171
-9999 -9999 -9999 -9999 -9999 -9999 -9999 -9999 -9999 -9999 -9999 -9999 -9999 -9999 -9999 18.4249948859215 23.1021202802658 24.6085234880447 24.7242602705956 24.7880977988243 24.841778755188 24.9131923913956 24.9030281305313 24.7382787466049 24.1745944619179 23.6743092536926 23.5185863375664 23.6209114193916 23.4167729020119 23.5086419582367 23.5219339132309 23.4803373813629 23.4314875602722 23.4987067580223 23.5512736439705 23.5596898794174 23.5464226007462 23.6486222147942 23.7664989829063 23.8035797476768 23.748018860817 23.738087952137 23.7013323903084 23.6507140994072 23.5721870660782 23.5711994767189
-9999 -9999 -9999 -9999 -9999 -9999 -9999 -9999 -9999 -9999 -9999 -9999 -9999 -9999 -9999 22.4813889861107 24.5124094486237 24.6385858654976 24.7302272319794 24.7925803661346 24.8779454231262 24.9120510220528 24.580421090126 23.7712888121605 23.5096546411514 23.4037829041481 23.3891195058823 23.416192471981 23.4595277905464 23.501674592495 23.5674714446068 23.4874724149704 23.468082010746 23.4563583731651 23.5055185556412 23.5574410557747 23.5925796031952 23.6921965479851 23.7629465460777 23.7757198214531 23.7825953364372 23.7755188941956 23.7437383532524 23.6957296133041 23.6304162740707 23.6323246359825
-9999 -9999 -9999 -9999 -9999 -9999 -9999 -9999 -9999 -9999 -9999 -9999 -9999 -9999 22.600153028965 24.437613427639 24.6502687335014 24.7032582759857 24.7925009131432 24.8347294926643 24.8821907639503 24.5527017116547 23.7929081916809 23.4038859605789 23.321230173111 23.3369228839874 23.3781687021255 23.4214895367622 23.3801844120026 23.4357649087906 23.5615490674973 23.5481348633766 23.4386346340179 23.2938683629036 23.492934525013 23.6481931805611 23.6905281543732 23.7709248065948 23.8065030574799 23.8259286284447 23.7879365086555 23.8545831441879 23.8097167015076 23.7919828891754 23.8035311102867 23.8018319010735
-9999 -9999 -9999 -9999 -9999 -9999 -9999 -9999 -9999 -9999 -9999 20.4035677313805 21.0470490455627 23.1204727292061 24.5209859013557 24.6764333844185 24.7466086745262 24.7813605666161 24.8418254852295 24.8478018045425 24.3365938663483 23.5347648262978 23.390664935112 23.3010158538818 23.4204515814781 23.3956717848778 23.3079735636711 23.4051018953323 23.4162641167641 23.4790444374084 23.573659658432 23.5937607884407 23.5609803199768 23.5469418168068 23.5864256620407 23.6326250433922 23.7191168069839 23.7640295624733 23.811592400074 23.8699241876602 23.855964422226 23.8493152856827 23.8338732123375 23.8925233483315 23.9046520590782 23.8327792882919
-9999 -9999 -9999 -9999 -9999 -9999 -9999 -9999 -9999 -9999 21.7716337442398 23.1594687700272 24.3710571527481 24.6297820806503 24.722980260849 24.7719902396202 24.8102452754974 24.8032963275909 24.6949310898781 23.9218308925629 23.4298474788666 23.3097431659698 22.9663460254669 23.0857758522034 23.307915687561 23.3538240790367 23.3727322220802 23.425194978714 23.4585164189339 23.5139115452766 23.5933509469032 23.5434011220932 23.4901913404465 23.5405829548836 23.6769607067108 23.7395907640457 23.7265056371689 23.7915036082268 23.876610159874 23.9151896834373 23.9058234095573 23.9067655205727 23.912523329258 23.9279441833496 23.8973735570908 23.8367850184441
-9999 -9999 -9999 -9999 -9999 -9999 -9999 -9999 -9999 -9999 24.0772095918655 24.7173401713371 24.7648668885231 24.8006674051285 24.8306087851524 24.8493443727493 24.8515825271606 24.6779249310493 23.8673824071884 23.3475615382195 23.3124809265137 23.3065727353096 22.9441356658936 23.0098596215248 23.3273760080338 23.4118590354919 23.3964120149612 23.4748191833496 23.5376918315887 23.5352479219437 23.5313585400581 23.4705606102943 23.4390472769737 23.4694224596024 23.5659411549568 23.6991387605667 23.8066213726997 23.8217486143112 23.8830844759941 23.8964094519615 23.894578397274 23.9238711595535 23.9279710650444 23.9123931527138 23.9248517751694 23.9207042455673
-9999 -9999 -9999 -9999 -9999 -9999 -9999 -9999 -9999 23.0326517224312 24.6986219882965 24.8146577477455 24.8529431819916 24.908153295517 24.9133613109589 24.8267031908035 24.002936065197 23.6186166405678 23.3984724879265 23.3823195695877 23.4083774089813 23.2807039022446 23.1172695159912 23.1963970661163 23.4224304556847 23.4398376345634 23.4583267569542 23.4901813268661 23.4795563220978 23.4780402779579 23.4770829081535 23.50899964571 23.4521693587303 23.3756417632103 23.3464438319206 23.4794976115227 23.6936812996864 23.786828994751 23.8374599218369 23.7884944081306 23.7867994904518 23.8690429925919 23.9310182332993 23.9455428123474 23.9477934837341 23.9353503584862
-9999 -9999 -9999 -9999 -9999 -9999 -9999 -9999 -9999 23.7002534270287 24.7704244852066 24.7869449853897 24.9127823114395 24.9685518145561 24.983591735363 24.0355418324471 23.2630953192711 23.3326641917229 23.3703420162201 23.3693265318871 23.3610397577286 23.2864776849747 23.3643323779106 23.430392563343 23.377669095993 23.424561560154 23.4288237094879 23.4089450836182 23.455038189888 23.4243160486221 23.3906402587891 23.3997313380241 23.4567720890045 23.3758918046951 23.3105206489563 23.3717797994614 23.5617878437042 23.5976195335388 23.7245908975601 23.7488681674004 23.7190216183662 23.758699297905 23.8639276623726 23.9219548106194 23.9184690713882 23.9001693725586
-9999 -9999 -9999 -9999 -9999 -9999 21.0350052118301 21.2675269842148 22.0370722413063 24.6247755289078 24.8411226272583 24.8225091099739 24.9044812321663 24.9687461853027 24.7954055666924 23.3902198076248 23.2819067835808 23.3327676057816 23.3594252467155 23.3790436983109 23.4342824816704 23.4517101049423 23.4316865205765 23.4000335335732 23.3741186261177 23.3883451223373 23.3840799331665 23.3459175825119 23.4120679497719 23.3448058366776 23.3812189102173 23.2969899177551 23.3021983504295 23.355745613575 23.3398211598396 23.3203386068344 23.4183238148689 23.4948538541794 23.5565577745438 23.6743251681328 23.6474569439888 23.6987193226814 23.7865594625473 23.8139399290085 23.8249305486679 23.856920003891
-9999 -9999 -9999 -9999 -9999 -9999 22.3887308239937 22.6097104549408 23.9634999036789 24.9689235687256 25.0871925354004 25.036063015461 24.9337890148163 24.869252383709 23.9585986733437 23.3644388318062 23.471783220768 23.4911903738976 23.5175429582596 23.475165605545 23.4375666975975 23.4577017426491 23.5014065504074 23.480803668499 23.4006012678146 23.377317070961 23.3631011247635 23.3615177869797 23.3712866902351 23.305067718029 23.3106449842453 23.2311178445816 23.1406475901604 23.2513264417648 23.2811516523361 23.2593683600426 23.316253721714 23.4795486927032 23.5118448734283 23.6348437070847 23.5852288603783 23.6867015957832 23.6996114253998 23.7117970585823 23.7054281830788 23.7818694114685
-9999 -9999 -9999 -9999 -9999 22.672670006752 23.5286864042282 24.4414668679237 24.8445435166359 25.0694649219513 25.0702830553055 25.0434899926186 24.9339733123779 24.1285635232925 23.3717617988586 23.5688470005989 23.260869383812 23.3499987125397 23.4575963616371 23.490875184536 23.4339488148689 23.407473385334 23.4423169493675 23.4834517836571 23.4866021871567 23.3983426690102 23.3370904922485 23.2838806509972 23.3171294927597 23.347405731678 23.2438900470734 23.2019404172897 23.1126385331154 23.1105936765671 23.2761656045914 23.2742694616318 23.4019609689713 23.3309996128082 23.5208734273911 23.6059746742249 23.5083307027817 23.6120807528496 23.6020537018776 23.6392290592194 23.657472550869 23.6492747068405
-9999 -9999 22.8247256875038 22.6574172973633 22.0107692480087 23.4073483347893 24.0436318516731 24.6339379549026 24.8999800086021 24.8920497894287 24.8446328639984 24.8302438259125 24.0881184339523 23.0583882331848 22.9703475832939 23.091944694519 23.2117981314659 23.3088287711143 23.4148586988449 23.500374853611 23.289660513401 23.3009006977081 23.2833591103554 23.4513768553734 23.5174816250801 23.2721532583237 23.0385870933533 23.2354494929314 23.3224458098412 23.3025878071785 23.2475707530975 23.1340236067772 23.1727809906006 23.0955041050911 23.2799929976463 23.3394618034363 23.3374727964401 23.1715802550316 23.3779221177101 23.4881068468094 23.4462918043137 23.5892408490181 23.5872214436531 23.5282027721405 23.5751786828041 23.5559778809547
-9999 22.9042626619339 22.9326307177544 23.2299690842628 23.4065816998482 23.6714615225792 24.104895055294 24.2835140824318 23.9527034759521 24.4914299249649 24.1163962483406 22.8502418994904 22.5913271307945 22.9421719908714 23.0850734114647 23.1682025790215 23.1712039709091 23.2328188419342 23.3594333529472 23.4213866591454 23.4744654297829 23.3083476424217 23.1261972784996 23.084149479866 23.0806166529655 23.2609367370605 22.9576301574707 22.9794696569443 23.1977507472038 23.2627821564674 23.3038843870163 23.2812756896019 23.2101394534111 23.1561685204506 23.2630972266197 23.2391048073769 23.0868765711784 23.08044308424 23.3007234334946 23.4301760792732 23.4337903857231 23.5445963740349 23.5414828658104 23.4954676628113 23.4663153886795 23.5350478887558
-9999 23.2235869765282 23.6872717738152 23.6789797544479 23.6119049787521 23.6063776016235 23.6951788663864 23.4420155882835 22.1468567848206 23.1152382493019 22.3304414153099 21.8966457843781 22.1674805283546 22.6285010576248 22.674764752388 23.1092522740364 23.2885574102402 23.264245569706 23.0925678610802 23.1638053059578 23.4134781360626 23.3039740920067 23.1728206276894 23.0642739534378 22.8008382916451 23.3328713774681 23.3261042237282 23.0578566193581 22.6000413894653 22.852608859539 23.1434356570244 23.0837947130203 23.1883361935616 23.0662572383881 23.0479447841644 23.1698353290558 22.9375554919243 23.1347441673279 23.3042030930519 23.3478140234947 23.3659474849701 23.4142411351204 23.5051626563072 23.5259475708008 23.4859429001808 23.5145733952522
