Archive - glowpa-model-master/Model input/Uganda/watertemperature/Tw_jan_1.asc
NCOLS 67 
NROWS 67 
XLLCORNER 29.5000000014144 
YLLCORNER -1.49999999936061 
CELLSIZE 0.0833333332926796 
NODATA_value -9999 
[rows 40 to 59 of 67, columns 0 to 45 of 67]
23.6796206235886 24.1358244419098 24.2513136267662 24.1776213645935 23.8880088925362 23.7245059013367 23.7697467803955 21.188865840435 21.5440179109573 22.0725556612015 21.9629255533218 22.2664875388145 22.5922027230263 23.024951338768 23.2627685666084 23.6708564162254 23.6276915669441 23.733373105526 23.5976710319519 23.623310148716 23.8105618357658 24.0228788256645 23.9328835010529 23.8220146298409 23.7765274047852 23.7838170528412 24.0948049426079 23.9840070009232 23.8502733707428 23.5408366918564 23.8698030114174 23.9063079357147 24.015213727951 23.8412086963654 23.7441219687462 23.7018741369247 23.7498323917389 23.8401104211807 24.0310528874397 24.1570470333099 24.2118691802025 24.1674590110779 24.2539484500885 24.246911585331 24.3026456832886 24.3775841593742
23.830124437809 24.1499664783478 24.3655533790588 24.3691782355309 24.0654255747795 23.7086328864098 21.3394673466682 18.3284595608711 21.8337868452072 22.098274230957 22.0792084932327 22.3841283321381 22.6999282836914 23.006674349308 23.2189449667931 23.48679292202 23.5528346896172 23.717388510704 23.6599545478821 23.6970435380936 23.6652512550354 23.675213932991 23.7938660383224 23.9595366716385 23.9590795040131 23.8659819960594 23.8402639627457 23.9008066654205 23.8168291449547 23.6430495381355 23.7496982216835 23.9203523993492 24.0089362859726 23.974746465683 23.9110600948334 23.8907476067543 23.764092028141 23.7918845415115 23.9585025906563 24.0599880814552 24.1505251526833 24.1553093791008 24.1617720127106 24.0999041199684 24.1917472481728 24.1079170703888
23.711895108223 24.0371286869049 24.3183351159096 23.9499375224113 19.2809761762619 18.3135592341423 15.2150805294514 19.6142568588257 22.2464600801468 22.4187718629837 22.2797352671623 22.6240023374557 23.0784755945206 23.0583392381668 23.1614584326744 23.3303257226944 23.460254073143 23.5254820585251 23.5535615682602 23.6026610732079 23.68093085289 23.7991572618484 23.8331993222237 23.9503854513168 23.938036262989 23.9328676462173 23.8017711043358 23.8364908695221 23.7037414908409 23.5986098051071 23.492674767971 23.7833536267281 23.9482851624489 23.9054852128029 23.8972094655037 23.9084131121635 23.7164853811264 23.7568710446358 23.9055019617081 23.9219437241554 24.0521738529205 24.0643628239632 24.0652428269386 24.0405373573303 24.070930659771 24.0276939272881
23.6700229048729 23.8510429263115 23.9167122840881 19.4316553473473 10.4711491763592 10.0239708274603 13.6080839633942 21.4747885465622 22.9187313914299 23.0958177447319 23.2331604957581 23.1207417845726 23.1698251366615 23.2581540346146 23.2520776987076 23.283541560173 23.4599485397339 23.3986235260963 23.4594673514366 23.5761869549751 23.7775910496712 23.879910826683 23.9669488668442 23.9161732196808 23.8469547629356 23.8825215101242 23.8152406215668 23.8018152713776 23.8019380569458 23.64985704422 23.5012086033821 23.6277366280556 23.7614274024963 23.8102501630783 23.8517701625824 23.8873861432076 23.7626101970673 23.7961881756783 23.8145982027054 23.8513102531433 23.9473699331284 23.7879402637482 23.9162460565567 23.8386858701706 24.0955842137337 24.0039065480232
23.6967443823814 23.6130030155182 23.5730383992195 17.9760001599789 7.87544524669647 10.5235005021095 18.2377685904503 22.4539905786514 23.6426673531532 23.7868862748146 23.5364031791687 23.4147379994392 23.4601695537567 23.5070741176605 23.4455892443657 23.493502497673 23.6109121441841 23.5560088157654 23.5573180317879 23.7564893960953 23.8323663473129 23.861828327179 23.9361146688461 23.927942097187 23.9148147702217 23.8580464720726 23.7844125032425 23.8881124854088 23.8737714886665 23.7346315383911 23.5683547854424 23.4720038771629 23.5401812791824 23.6023427248001 23.7026445865631 23.7579008936882 23.7562876939774 23.9125416278839 23.7797771692276 23.797637283802 23.7054196596146 23.6147699356079 23.6483737230301 23.7450996041298 23.8666160702705 24.0646748542786
23.6679654717445 23.6448860764503 23.3967868089676 17.1757188141346 8.75042586028576 12.2952001094818 19.613264799118 23.7470228075981 24.3339186906815 24.1307091116905 23.6319262981415 23.5004153847694 23.595801949501 23.5517798662186 23.6116725802422 23.5910302996635 23.713727414608 23.6492376327515 23.720131456852 23.863031744957 23.9035503268242 23.9170591235161 23.9456298947334 23.9146309494972 23.8637366294861 23.7954635024071 23.7908316850662 23.8670371174812 23.8244006037712 23.644527733326 23.4881944656372 23.4134104251862 23.3967302441597 23.4096258282661 23.5790081620216 23.7181894183159 23.8359352946281 24.0244089365005 23.7275270819664 23.6157039999962 23.6007443070412 23.5250417590141 23.5477395057678 23.8145586252213 23.974714756012 24.0092216134071
23.6476682424545 23.75760024786 22.6056207418442 17.2830336391926 13.926747918129 18.1408940553665 22.6711269617081 24.3056858778 24.2415389418602 24.2028563022614 23.6370598077774 23.3394721746445 23.5944474935532 23.6699481606483 23.6548348665237 23.6898708343506 23.7036903500557 23.7047385573387 23.7711503505707 23.7756969332695 23.8019326329231 23.8224632143974 23.807508289814 23.7768515348434 23.7791595458984 23.7651252746582 23.7923428416252 23.6963103413582 23.5971255898476 23.4986411929131 23.382889688015 23.3926612734795 23.3922507762909 23.4273210763931 23.5748168230057 23.6625466942787 23.7242460250854 23.8020594716072 23.6411959528923 23.6023069024086 23.7923626899719 23.7528098225594 23.5703328847885 23.9568629860878 23.9904333949089 23.8604731559753
23.5806101560593 23.7661769986153 22.4703294038773 18.9514879882336 19.1722146272659 22.3661825060844 23.7157145738602 24.3032142519951 24.2317877411842 24.038143157959 23.4970030784607 23.5025131106377 23.4894711375237 23.541240632534 23.4359182715416 23.4059582948685 23.4801962375641 23.4839797019958 23.5803935527802 23.5305653214455 23.5742321014404 23.6360092163086 23.6216475963593 23.6840414404869 23.7172843813896 23.7099029421806 23.6949890851974 23.6407090425491 23.6013038158417 23.4769409894943 23.4963182806969 23.4429131150246 23.4243327379227 23.6060705780983 23.6007089018822 23.6832917332649 23.7639970183372 23.8446692228317 23.7393271923065 23.804771065712 23.6929480433464 23.4026594758034 23.7810983657837 23.9312120676041 24.001945734024 23.99835896492
23.4605339169502 23.8498485684395 23.5011401772499 22.7226353883743 23.4737207889557 23.5631220340729 24.3893418312073 24.4139055013657 24.1341032981873 23.950558423996 23.263075709343 23.2847125530243 23.1834201812744 23.3496755361557 23.2994511127472 23.2421644330025 23.1987953186035 23.2406660318375 23.3607148528099 23.3165174126625 23.3866420984268 23.4634863138199 23.4617313146591 23.5420480370522 23.6392011642456 23.6392164826393 23.658071577549 23.6635525822639 23.589838206768 23.547112762928 23.5085245966911 23.4887312650681 23.5181649923325 23.6011159420013 23.749961912632 23.8269578814507 23.8425222635269 23.8382199406624 23.8518007993698 23.7777965664864 23.867201924324 23.8640210032463 23.9214654564857 23.9492180943489 24.0056236386299 24.0112927556038
23.503842651844 23.9527115821838 23.8975723981857 24.1685079336166 24.0035517215729 23.9011299014091 24.5475458502769 24.7463701963425 24.2779071331024 23.6758318543434 22.9613684415817 23.1206403374672 23.0756323933601 23.0110260248184 23.0666091442108 22.9830701351166 23.0314992070198 23.046337723732 23.1137235164642 23.1483896374702 23.171394109726 23.2698968052864 23.3398609757423 23.4263269305229 23.5481063723564 23.5316103100777 23.5988190174103 23.5989407300949 23.6530284285545 23.5645382404327 23.5350258946419 23.5347598791122 23.578735768795 23.6930074095726 23.7906156778336 23.8228546977043 23.8288482427597 23.8224038481712 23.7709110975266 23.7038398385048 23.8765871524811 23.8755201101303 23.8793310523033 23.9344055056572 24.0020499229431 24.0545123815536
23.9698306322098 24.1942650079727 24.1831838488579 24.2283064723015 24.3021739721298 24.2416285276413 24.3194762468338 24.2855197191238 24.0045691728592 23.4159585237503 22.2672206163406 22.6006996631622 22.8932017087936 22.7388989329338 22.9020872116089 22.8712126016617 22.8459305763245 22.7624962329865 22.8655718564987 22.9419792890549 22.9327047467232 23.0402810573578 23.1530662178993 23.3013510107994 23.4706090092659 23.4430768489838 23.5230610966682 23.478238761425 23.6465971469879 23.592198908329 23.5847015380859 23.5991575717926 23.6475759148598 23.7000914812088 23.7722767591476 23.7937469482422 23.7907715439796 23.7983909845352 23.6989068984985 23.702379822731 23.8408983945847 23.830198943615 23.885522544384 23.9335036873817 23.992418050766 24.0506021976471
24.3424740433693 24.3197575807571 24.2595183849335 24.1694784164429 24.2044698596001 24.1747384667397 23.9135586023331 23.493666946888 23.0958792567253 22.5867164731026 21.1547559499741 22.0194185376167 22.2418221235275 22.5687221288681 22.5884280204773 22.6988643407822 22.6506519317627 22.5741282105446 22.6620923280716 22.717110991478 22.729784488678 22.8664615154266 23.00619161129 23.1548693180084 23.3313403129578 23.3879702687263 23.3746671080589 23.3783586025238 23.5961973071098 23.5319423079491 23.5640159249306 23.5405388474464 23.6002628803253 23.6554491519928 23.7000589370728 23.743044257164 23.7674676775932 23.7817405462265 23.7953082919121 23.8203349113464 23.8298311829567 23.8237211108208 23.8800178170204 23.9319695234299 23.9773174524307 24.0299568772316
24.4202348589897 24.4303010702133 24.2759119868279 24.1862643957138 24.042708337307 23.865225315094 23.3932398557663 22.5891370177269 22.2743670344353 21.2989540100098 20.3383573293686 20.4040011167526 21.9477887153625 22.3999985456467 22.462638437748 22.5355392694473 22.4441554546356 22.3965600728989 22.4398499727249 22.4605931639671 22.4974848031998 22.7167345285416 22.8397374153137 23.0960904955864 23.1708726882935 23.2563971877098 23.3723519444466 23.408996284008 23.5734492540359 23.491925239563 23.5745909810066 23.4928901791573 23.5093864798546 23.5490223169327 23.6102361083031 23.6682063341141 23.6868074536324 23.7344609498978 23.78478038311 23.8097852468491 23.8067344427109 23.810462474823 23.8569166064262 23.9157076478004 23.9743893742561 24.0251492857933
24.4521043896675 24.4251155257225 24.2136167287827 24.143849670887 23.9321035146713 23.6875283718109 22.793360710144 21.9885891675949 22.1533569097519 20.9128044843674 20.3337377905846 21.0535533428192 22.0747070908546 22.2466302514076 22.3377789258957 22.3667467832565 22.3419340848923 22.3621256947517 22.344102203846 22.4267153739929 22.5122292637825 22.5205983519554 22.7499329447746 22.9693578481674 23.0211936831474 23.0690237283707 23.3575852513313 23.4411270022392 23.5607261061668 23.5068058371544 23.5712298750877 23.5519407391548 23.5292283892632 23.4930647015572 23.5631563067436 23.5916681885719 23.6245300769806 23.7246651649475 23.7566860318184 23.7767119407654 23.7790676951408 23.8206838965416 23.8569553494453 23.8880248069763 23.9461930990219 23.9940504431725
24.4084789156914 24.2930921316147 24.1856908798218 24.0293694138527 23.7564470171928 23.4083352088928 22.1118196845055 21.5828478932381 21.8302410244942 21.0619877576828 21.0888708233833 21.7710835933685 22.1113229393959 21.9666283726692 22.0929589271545 22.2872076034546 22.3269182443619 22.3903641700745 22.3667275905609 22.4234830737114 22.2953178286552 22.2729586362839 22.573172211647 22.882285296917 23.0444185733795 23.1686608791351 23.2829485535622 23.4624717831612 23.4650632143021 23.5692870020866 23.5547775626183 23.5388436317444 23.4628078937531 23.4954789280891 23.5828903913498 23.5715610980988 23.6275718212128 23.7033792734146 23.7283736467361 23.7647629380226 23.7951058149338 23.7959353923798 23.845196723938 23.8890296816826 23.933022081852 23.979001224041
24.2513661980629 24.3313179016113 24.2636789083481 23.8165888786316 23.5015525817871 22.7594214677811 21.7111487984657 21.1648921966553 21.0737968683243 21.2731506824493 21.5567066669464 21.8165694475174 21.9240272045135 22.0413993000984 21.9475517272949 21.8273411393166 21.9394309520721 22.2932753562927 22.2996841669083 22.4178239107132 22.2024184465408 22.133281826973 22.2095992565155 22.7365105748177 22.9650999307632 23.0835202336311 23.2541031837463 23.4915793538094 23.5754255652428 23.4982533454895 23.5192313194275 23.5033349990845 23.534677028656 23.5326490402222 23.5602931976318 23.5877736210823 23.6543400883675 23.681303858757 23.7245891690254 23.7728398442268 23.7641153335571 23.8029326200485 23.8227916955948 23.8598114848137 23.9038685560226 23.9402040243149
24.3302010297775 24.3591200113297 24.0227320194244 23.6366586685181 23.2499249577522 21.9576371312141 21.2034764289856 21.08597022295 21.2779823541641 21.3457054495811 21.6901718378067 21.8180314302444 21.803369641304 21.8489844202995 22.1676146388054 21.9715170264244 21.8520370125771 22.2588896751404 22.2792075872421 22.1913820505142 22.2173919677734 22.084064245224 21.971294939518 22.5322977304459 22.7942526936531 22.7724170088768 23.0970496535301 23.3804235458374 23.4087588191032 23.4035437703133 23.466881275177 23.4781577587128 23.515680372715 23.540187895298 23.5519361495972 23.601953804493 23.6469977498055 23.6590759754181 23.6985149979591 23.7393209338188 23.7580862641335 23.7867400050163 23.8294803500175 23.8322383165359 23.8689407706261 23.9047046303749
24.5544276237488 24.1305444836617 23.5837599635124 23.3150475025177 22.5622923374176 21.3978556394577 20.9773347973824 20.9165308475494 20.787390768528 20.9427220821381 21.4429172277451 21.085450053215 20.9082099795341 21.2259150147438 22.0273142457008 21.8821681141853 22.144366145134 22.3870153427124 22.1739392876625 22.048516690731 22.1417806148529 22.2302116751671 21.9721369147301 22.494729757309 22.6678586006165 22.8003445267677 23.0061855912209 23.3297283053398 23.2824326753616 23.3350750803947 23.3972555994987 23.4561237692833 23.4827364087105 23.5201681852341 23.5546191930771 23.599867939949 23.6312236785889 23.6386187076569 23.689483165741 23.7055207490921 23.7513483166695 23.781721830368 23.7906233668327 23.812557220459 23.8436213135719 23.8732165694237
24.0470301508904 23.6387652158737 23.0879971981049 22.5125631690025 21.7072384357452 20.8615425825119 21.3169438838959 21.1221641302109 20.9464840292931 21.191410779953 20.9673066139221 20.9914385080338 20.9436576962471 20.7364416122437 21.4771163463593 21.5546394586563 22.0675567984581 22.0219886302948 21.5992352366447 21.8402115106583 21.9190841317177 21.9886677265167 21.9039187431335 22.4299589395523 22.5690531134605 22.9468759894371 23.0748285055161 23.1237415075302 23.188916862011 23.2759883999825 23.3293892145157 23.3990375995636 23.4618982672691 23.4914447069168 23.5436849594116 23.566158413887 23.6157075166702 23.6327030658722 23.6784071326256 23.6797972917557 23.720673084259 23.7554971575737 23.7555272579193 23.7962567806244 23.8254563808441 23.8457500934601
23.344102025032 23.0043604969978 22.1263402104378 21.4229546189308 21.4157271981239 21.5846345424652 21.665956735611 21.5168275237083 21.3588311076164 21.5769816637039 21.161380648613 21.114500105381 21.2352318167686 21.2183437943459 21.1762119531631 21.6107496619225 21.6004980802536 21.3785619139671 21.6750184893608 21.8584979772568 21.7811006307602 21.8504561781883 22.5475135445595 22.2815195918083 22.775110065937 23.1489711403847 23.0937428474426 23.0058455467224 23.1334816813469 23.2111327648163 23.3116468191147 23.3823528289795 23.4475517868996 23.5017472505569 23.5328041911125 23.5584453940392 23.6053180098534 23.6421462893486 23.6703896522522 23.70027333498 23.7169263958931 23.7567954659462 23.7787963747978 23.7962606549263 23.8316453099251 23.8488283753395
