Archive - glowpa-model-master/Model input/Uganda/watertemperature/Tw_jul_1.asc
NCOLS 67 
NROWS 67 
XLLCORNER 29.5000000014144 
YLLCORNER -1.49999999936061 
CELLSIZE 0.0833333332926796 
NODATA_value -9999 
[rows 0 to 19 of 67, columns 0 to 45 of 67]
-9999.000000000000000 -9999 -9999 -9999 -9999 -9999 -9999 -9999 -9999 -9999 -9999 -9999 -9999 -9999 -9999 -9999 -9999 -9999 -9999 -9999 -9999 -9999 -9999 -9999 -9999 -9999 -9999 -9999 -9999 -9999 -9999 24.288765668869 24.2177461385727 -9999 -9999 -9999 -9999 -9999 -9999 -9999 -9999 -9999 -9999 -9999 -9999 -9999
-9999 -9999 -9999 -9999 -9999 -9999 -9999 -9999 -9999 -9999 -9999 -9999 -9999 -9999 -9999 -9999 -9999 -9999 -9999 -9999 -9999 -9999 -9999 -9999 -9999 -9999 -9999 -9999 -9999 24.2734991908073 24.2426666021347 24.2183989286423 24.4166771173477 24.2417048215866 24.0191247463226 24.0123819708824 23.8864973187447 22.2095510959625 20.085258603096 19.4863855242729 -9999 -9999 -9999 -9999 -9999 -9999
-9999 -9999 -9999 -9999 -9999 -9999 -9999 -9999 -9999 -9999 -9999 -9999 -9999 -9999 -9999 -9999 -9999 -9999 -9999 -9999 -9999 -9999 -9999 -9999 -9999 -9999 -9999 -9999 -9999 24.6093927025795 24.5644775629044 24.6673128008842 24.6134477853775 24.4529835581779 24.1912144422531 24.1212337613106 24.0820076465607 23.9883525371552 23.2928014993668 21.851561486721 19.3816099762917 17.9548833966255 19.9543476104736 -9999 -9999 -9999
-9999 -9999 -9999 -9999 -9999 -9999 -9999 -9999 -9999 -9999 -9999 -9999 -9999 -9999 -9999 -9999 -9999 -9999 -9999 -9999 -9999 -9999 -9999 -9999 -9999 24.1814484596252 -9999 -9999 -9999 24.9108279943466 24.8572524785995 24.8132347464561 24.628220975399 24.5160454511642 24.3234938979149 24.1911962032318 24.0363780260086 23.8891722559929 23.6069675683975 22.4823662042618 19.460334956646 20.8840240240097 23.2525472640991 -9999 -9999 -9999
-9999 -9999 -9999 -9999 -9999 -9999 -9999 -9999 -9999 -9999 -9999 -9999 -9999 -9999 -9999 -9999 -9999 -9999 -9999 -9999 -9999 -9999 24.3517081141472 -9999 -9999 24.3418942689896 -9999 -9999 -9999 24.9569600224495 25.0075173974037 24.9449270963669 24.8448288440704 24.6765913963318 24.3415171504021 24.083807528019 23.9405431747437 23.9650985002518 23.8284898400307 23.636922955513 23.0518379211426 22.9037477374077 23.4631071090698 23.1603157520294 -9999 -9999
-9999 -9999 -9999 -9999 -9999 -9999 -9999 -9999 -9999 -9999 -9999 -9999 -9999 -9999 -9999 -9999 -9999 -9999 -9999 -9999 -9999 24.2583510875702 24.5312089920044 24.5963631272316 24.677918612957 24.5696920156479 24.1916278004646 24.1767697930336 24.1396523118019 24.8485575318336 24.9317763447762 24.9426825642586 24.9304391741753 24.7743565440178 24.5395564436913 24.2484089136124 24.0721882581711 23.9245944023132 23.7256789207458 23.4536456465721 23.4228996634483 23.5266050100327 23.4342525005341 23.3008563518524 -9999 -9999
-9999 -9999 -9999 -9999 -9999 -9999 -9999 -9999 -9999 -9999 -9999 -9999 -9999 -9999 -9999 -9999 -9999 -9999 -9999 24.0548965930939 24.2262818217278 24.646136701107 24.8521339297295 24.9108675122261 24.9017194509506 24.7813429832458 24.7268037199974 24.9940062761307 25.0070402026176 25.0133712887764 24.999340236187 24.9171724319458 24.8777282238007 24.6657223701477 24.5891571640968 24.4263216853142 24.242612183094 24.0152074098587 23.7960002422333 23.5886278152466 23.6865282654762 23.7549386620522 23.779877603054 23.6029853820801 -9999 -9999
-9999 -9999 -9999 -9999 -9999 -9999 -9999 -9999 -9999 -9999 -9999 -9999 -9999 -9999 -9999 -9999 -9999 23.4915269613266 23.9996157884598 24.2008509635925 24.5062623023987 24.6586916446686 24.8720227479935 25.0058724284172 25.0220989584923 25.0706520676613 25.0447975993156 24.9128877520561 24.9350487589836 24.9636833667755 24.9395317435265 24.8270152807236 24.7752096652985 24.6473327279091 24.4402622580528 24.3557184934616 24.2231152653694 23.9789899587631 23.7718867063522 23.6622619628906 23.8266363143921 23.8286333680153 23.9519992470741 23.8501305580139 23.824976503849 -9999
-9999 -9999 -9999 -9999 -9999 -9999 -9999 -9999 -9999 -9999 -9999 -9999 -9999 -9999 -9999 -9999 -9999 23.5924479961395 24.1554824113846 24.3617022633553 24.6346245408058 24.6877390146255 24.9584854245186 25.0639964342117 25.058906853199 25.0869899988174 24.8740035295486 24.7351942062378 24.8466525673866 24.8945218920708 24.8280819654465 24.7411171793938 24.6202771663666 24.7407945990562 24.5385979413986 24.2931814193726 24.1044065952301 23.9757127761841 23.9153251051903 23.9308645129204 23.9644511342049 24.1040397882462 23.9968855381012 23.892718911171 23.8298616409302 23.7848915457726
-9999 -9999 -9999 -9999 -9999 -9999 -9999 -9999 -9999 -9999 -9999 -9999 -9999 -9999 -9999 -9999 -9999 23.7621301412582 24.4821131825447 24.6159011125565 24.5357115268707 24.7690101265907 24.9996322989464 25.0743508934975 25.1000115275383 25.0582895874977 24.8728816509247 24.7675777077675 24.8048217892647 24.721837580204 24.7436433434486 24.6678400635719 24.5888728499413 24.4528033137321 24.6902915239334 24.4271889925003 24.2889995574951 24.1439185738564 24.0798380970955 24.1332178115845 24.1896932721138 24.0774484276772 24.0410313606262 23.972246825695 23.8617376685143 23.8862400650978
-9999 -9999 -9999 -9999 -9999 -9999 -9999 -9999 -9999 -9999 -9999 -9999 -9999 -9999 -9999 -9999 23.3642204403877 23.9513798356056 24.4049982428551 24.4988805055618 24.6822689175606 24.8910069465637 25.0415617227554 25.0720759034157 25.0833826065063 24.8383635282516 24.6041575074196 24.5183635950089 24.3855667710304 24.5072684884071 24.5829857587814 24.5898990035057 24.5020669102669 24.1914213895798 24.3341491818428 24.580864906311 24.5094258189201 24.3084773421288 24.3096984028816 24.2114228606224 24.028644323349 23.9271373748779 23.8519117832184 23.9348421692848 23.8296378850937 23.3147599697113
-9999 -9999 -9999 -9999 -9999 -9999 -9999 -9999 -9999 -9999 -9999 -9999 -9999 -9999 -9999 -9999 23.3612575531006 23.7822676301003 24.3111957907677 24.4978476762772 24.6805297136307 24.8534986972809 24.9747149348259 25.0645490884781 24.7242186665535 24.2810706496239 24.221626162529 24.1380807757378 24.0075993537903 24.2321498990059 24.2757699489594 24.3210998177528 24.2981902956963 24.1585974097252 23.9772022366524 24.2167335152626 24.4110260605812 24.3705661892891 24.3059853315353 24.1405977010727 23.9470973014832 23.8617534637451 23.5414415597916 23.7854424118996 23.6501422524452 23.3463930487633
-9999 -9999 -9999 -9999 -9999 -9999 -9999 -9999 -9999 -9999 -9999 -9999 -9999 -9999 -9999 22.8644253611565 23.3039640784264 23.7080318331718 24.2909442782402 24.4664254188538 24.6678202152252 24.840715110302 24.9420992732048 24.9926679730415 24.2698298096657 24.1124532818794 24.1207988858223 24.0357368588448 23.9996178150177 23.9291428923607 24.0213918685913 24.1241170763969 24.146088540554 24.0350986719131 23.8725965023041 24.028564453125 24.0926846861839 23.9479119181633 24.1094329953194 24.0998641252518 23.8597628474236 23.7413554787636 23.5629799962044 23.6994159221649 23.5689769983292 23.4691714048386
-9999 -9999 -9999 -9999 -9999 -9999 -9999 -9999 -9999 -9999 -9999 -9999 -9999 -9999 -9999 -9999 22.8850942254066 23.4695157408714 24.1996504068375 24.4105326533318 24.6642135381699 24.8528946638107 24.976666033268 24.7588278651237 24.2328271865845 24.146680533886 24.1321133375168 23.9872375130653 23.9800161719322 23.8814150691032 23.8564911484718 24.0037859082222 24.0923144817352 24.0003079771996 23.8744644522667 23.9036471247673 24.0199658274651 23.9629039764404 23.8909212946892 23.9797027111053 23.8887537121773 23.6797156333923 23.5399037599564 23.5949754118919 23.5147671699524 23.5100838541985
-9999 -9999 -9999 -9999 -9999 -9999 -9999 -9999 -9999 -9999 -9999 -9999 -9999 -9999 -9999 -9999 -9999 23.4688495397568 24.0600435733795 24.3879615664482 24.6641873121262 24.8516664505005 24.9738641381264 24.6248821616173 24.4049826264381 24.3519376516342 24.2712448239326 24.0868483781815 23.9720478057861 23.877149105072 23.8788669705391 23.8384764194489 23.9658291935921 23.9417307972908 23.7834919691086 23.8314453959465 23.9143728613853 23.9850277900696 23.7900358438492 23.7688770294189 23.759534060955 23.6910434365273 23.6246630549431 23.5702912807465 23.5407849550247 23.4553421139717
-9999 -9999 -9999 -9999 -9999 -9999 -9999 -9999 -9999 -9999 -9999 -9999 -9999 -9999 -9999 -9999 21.9584518074989 23.1489180922508 23.892155110836 24.4146736264229 24.6779419779778 24.8172662854195 24.9534056186676 24.8727484941483 24.7001463770866 24.479176223278 24.2673408985138 24.026903629303 23.9245806336403 23.9602719545364 23.9065774083138 23.7555478215218 23.7763417363167 23.8235574960709 23.6849550008774 23.7781354188919 23.8132607936859 23.8132352232933 23.8354339003563 23.7728321552277 23.7260155677795 23.6843546628952 23.6254068613052 23.5955519080162 23.5666548609734 23.5902262926102
-9999 -9999 -9999 -9999 -9999 -9999 -9999 -9999 -9999 -9999 -9999 -9999 -9999 -9999 -9999 -9999 21.8871347904205 22.9751145243645 24.1175009012222 24.3545979857445 24.6315043568611 24.8093180656433 24.9427347779274 24.9969417452812 24.8898498415947 24.4752553701401 24.3413641452789 24.1734136939049 24.0740430951118 24.0186231136322 23.9022514224052 23.8827993869781 23.7604303956032 23.7303120493889 23.6553276181221 23.6610328555107 23.7137007713318 23.7050668597221 23.7450486421585 23.7526630759239 23.6773942708969 23.6247999072075 23.5643592476845 23.5660288929939 23.5026210546494 23.5433730483055
-9999 -9999 -9999 -9999 -9999 -9999 -9999 -9999 -9999 -9999 -9999 -9999 -9999 -9999 -9999 21.4263051152229 21.6891415119171 22.81273406744 24.1349740624428 24.3905487656593 24.5387744307518 24.6698282957077 24.9275074005127 25.005904853344 24.883363366127 24.6418336033821 24.4835587739944 24.3063178062439 24.1912720799446 24.0506442189217 23.962822675705 23.8461380004883 23.7480574846268 23.7655302882195 23.7027793526649 23.6197562813759 23.6211047172546 23.6685345172882 23.6969773173332 23.7061663269997 23.751772403717 23.7085982561111 23.613451063633 23.5773044228554 23.5896878242493 23.5301606655121
-9999 -9999 -9999 -9999 -9999 -9999 -9999 -9999 -9999 -9999 -9999 -9999 -9999 -9999 -9999 21.1197599768639 21.3104500174522 22.2699275612831 23.7685260772705 24.2228381037712 24.3048157095909 24.5892078876495 24.8960136771202 24.9825485348701 24.8373724222183 24.6495653390884 24.4318751096725 24.2965645194054 24.2163062095642 24.0828536748886 24.0260682702065 23.9406220316887 23.7537706494331 23.7495637536049 23.7401770949364 23.7052453756332 23.667960703373 23.5843026638031 23.5313892364502 23.5808919668198 23.614419400692 23.6739085912704 23.6964171528816 23.6593931317329 23.6316176056862 23.5867033004761
-9999 -9999 -9999 -9999 -9999 -9999 -9999 -9999 -9999 -9999 -9999 -9999 -9999 -9999 -9999 20.7377560734749 21.1802432537079 21.6718842387199 23.0259331464767 23.9418132305145 24.1511519551277 24.5996441245079 24.8236511945724 24.9864336252213 24.9858113527298 24.8201904892921 24.5743945240974 24.363243997097 24.3397421836853 24.1269403100014 24.0800914168358 23.9913088679314 23.8230677843094 23.7295637130737 23.7627104520798 23.7357771992683 23.6906830668449 23.5888282060623 23.5027067661285 23.4803875684738 23.5392538905144 23.5025926828384 23.669604241848 23.7033050060272 23.6928721666336 23.6598765254021
