Archive - glowpa-model-master/Model input/Uganda/watertemperature/Tw_jan_1.asc
NCOLS 67 
NROWS 67 
XLLCORNER 29.5000000014144 
YLLCORNER -1.49999999936061 
CELLSIZE 0.0833333332926796 
NODATA_value -9999 
[rows 20 to 39 of 67, columns 0 to 45 of 67]
-9999 -9999 -9999 -9999 -9999 -9999 -9999 -9999 -9999 -9999 -9999 -9999 -9999 -9999 -9999 22.3545568585396 22.4662860631943 22.3849362134933 23.4156936407089 23.9345536231995 25.1419515013695 25.3292220830917 25.5095526576042 25.6289897561073 25.5352616906166 25.5637298226357 25.3709751367569 25.3358777761459 25.2179052233696 25.0765429735184 25.0949512124062 25.0738855004311 24.9406048059464 24.8393534421921 24.8581336736679 24.8498860001564 24.8109799623489 24.7809039354324 24.8114129304886 24.782656788826 24.7534730434418 24.6583358645439 24.7983605265617 24.8881351947784 24.927680850029 25.0217863917351
-9999 -9999 -9999 -9999 -9999 -9999 -9999 -9999 -9999 -9999 -9999 -9999 -9999 -9999 -9999 21.9459382891655 21.733712375164 21.9250705242157 22.691722035408 23.8449123501778 25.0976563692093 25.3249611854553 25.644897043705 25.6003732085228 25.5647953152657 25.5011923909187 25.3552162647247 25.2931569814682 25.0466656088829 25.0048292279243 25.0891889333725 25.0433477163315 24.9509946703911 24.8044517040253 24.8441077470779 24.815361738205 24.8099238276482 24.8713178634644 24.8776869773865 24.833897292614 24.8003056645393 24.6963056325912 24.7109068036079 24.7727741003036 24.8187357783318 24.976215004921
-9999 -9999 -9999 -9999 -9999 -9999 -9999 -9999 -9999 -9999 -9999 -9999 -9999 -9999 -9999 -9999 20.9709197878838 21.6813821792603 22.8101524710655 24.2037419080734 25.061864733696 25.5230002999306 25.549480676651 25.5693657398224 25.5031522512436 25.3782640695572 25.2266273498535 25.1429249644279 24.9823503494263 24.978376865387 24.9343674778938 24.974125623703 24.9397311210632 24.7810876965523 24.7939105629921 24.7996036410332 24.8556522130966 24.8472670316696 24.8538538217545 24.8213665485382 24.7463384866714 24.7188839912415 24.7680258750916 24.78074914217 24.6904085874557 24.8437423110008
-9999 -9999 -9999 -9999 -9999 -9999 -9999 -9999 -9999 -9999 -9999 -9999 -9999 -9999 -9999 -9999 -9999 21.220694065094 23.0868116617203 24.1039971113205 25.3314027190208 25.5513219833374 25.5216862559319 25.456072807312 25.4769214391708 25.3806249499321 25.2713636159897 25.1929880976677 24.9504904747009 24.7216998338699 24.6763461828232 24.690808057785 24.7693948745728 24.7482038140297 24.7721871733665 24.8018113970757 24.8408690690994 24.8281754255295 24.8138080239296 24.8560411334038 24.7990584373474 24.8435730338097 24.915270447731 24.8634683489799 24.7441111803055 24.7586072087288
-9999 -9999 -9999 -9999 -9999 -9999 -9999 -9999 -9999 -9999 -9999 -9999 -9999 -9999 -9999 19.4828559756279 19.3173207044601 22.193876683712 24.5093350410461 24.9035116434097 25.4556835889816 25.4537803530693 25.4986346364021 25.4885067939758 25.4862997531891 25.3673483133316 25.2276511192322 25.0453845858574 24.7917776703835 24.5936055183411 24.5178913474083 24.5584725141525 24.6228978633881 24.7141759395599 24.7844439744949 24.7734401226044 24.7886751890182 24.8017424941063 24.8465356826782 24.8925405144691 24.8341552615166 24.9173426032066 24.9891045093536 24.8574223518372 24.8026706576347 24.7609623074532
-9999 -9999 -9999 -9999 -9999 -9999 -9999 -9999 -9999 -9999 -9999 -9999 -9999 -9999 -9999 19.2450168430805 21.332613825798 24.5734274983406 25.2028705477715 25.3683803677559 25.4079813957214 25.4110337495804 25.4533198475838 25.5132684707642 25.4457249045372 25.1477759480476 24.8140184283257 24.7460920810699 24.6382680535316 24.519869863987 24.5025722980499 24.478042781353 24.4972072839737 24.6707764863968 24.7650152444839 24.7435356974602 24.7759937047958 24.8331617116928 24.863165140152 24.8398632407188 24.8349514007568 24.9143337607384 25.0389718413353 24.9115114808083 24.7737936973572 24.7584010958672
-9999 -9999 -9999 -9999 -9999 -9999 -9999 -9999 -9999 -9999 -9999 -9999 -9999 -9999 -9999 19.8763779401779 24.093448638916 25.1674638986588 25.2586384415627 25.3164764642715 25.3789998888969 25.3887665271759 25.4502028822899 25.3733537197113 25.0181712508202 24.6926668286324 24.563694357872 24.6638098955154 24.534314930439 24.5306758880615 24.5674812197685 24.6048120260239 24.5355942249298 24.6430575847626 24.6905236840248 24.7029196619987 24.7348644733429 24.8258888721466 24.863399207592 24.9193405508995 24.936071395874 25.0077127218246 24.9631142020226 24.8646401762962 24.862962603569 24.817499756813
-9999 -9999 -9999 -9999 -9999 -9999 -9999 -9999 -9999 -9999 -9999 -9999 -9999 -9999 -9999 23.6654944419861 25.0890606045723 25.1744093298912 25.2368829846382 25.303523182869 25.3460593223572 25.3796433806419 25.2507308125496 24.7272751331329 24.567784011364 24.4760247468948 24.4368326067924 24.5052987337112 24.5372149944305 24.4228385090828 24.6133454442024 24.6444362998009 24.6179456114769 24.5730253458023 24.6210744976997 24.6990712881088 24.7639480829239 24.8355030417442 24.9070230126381 24.9744642972946 24.9882440567017 25.0251812934875 25.013770878315 24.916311621666 24.9672642350197 25.0210627913475
-9999 -9999 -9999 -9999 -9999 -9999 -9999 -9999 -9999 -9999 -9999 -9999 -9999 -9999 23.7512212395668 25.0497159361839 25.1323704719543 25.1898191571236 25.2404326796532 25.3016716241837 25.3252287507057 25.0874596834183 24.5928693413734 24.4504372477531 24.3828207850456 24.3837204575539 24.453592479229 24.5219478011131 24.415047287941 24.5454607605934 24.6171116232872 24.6116476655006 24.5467399358749 24.4345188736916 24.6040515899658 24.7118256688118 24.7759208083153 24.8481646776199 24.9174852371216 24.9790136218071 24.9712269902229 24.9925470352173 25.0475679636002 25.0580135583878 25.1545965671539 25.1347827911377
-9999 -9999 -9999 -9999 -9999 -9999 -9999 -9999 -9999 -9999 -9999 21.4552909135818 22.1956657767296 24.1212375164032 25.0742767453194 25.1300747394562 25.1615700125694 25.2058978676796 25.2612438201904 25.2906202077866 24.8633096814156 24.3352743983269 24.4033637046814 24.307964682579 24.3674226403236 24.4041414260864 24.4580982923508 24.5047090649605 24.4252944588661 24.5307686328888 24.5688441991806 24.5766534209251 24.5617157816887 24.6170396208763 24.6442784070969 24.6876007914543 24.7630357146263 24.8093053102493 24.8957298994064 24.9769869446754 24.9938821792603 25.011505484581 25.0521075129509 25.1577569246292 25.1977031230927 25.1330278515816
-9999 -9999 -9999 -9999 -9999 -9999 -9999 -9999 -9999 -9999 22.6876793503761 24.0465335249901 25.0227278470993 25.1394221782684 25.1618634462357 25.1706302762032 25.2076463103294 25.3132533431053 25.3525931835175 24.6604595780373 24.2898743152618 24.2882143259048 24.0208379626274 24.1437184810638 24.3149905204773 24.3914076089859 24.4243340492249 24.3992998600006 24.4449561238289 24.5453940033913 24.460697054863 24.4801955223083 24.499487221241 24.5600922703743 24.6689476370811 24.7326438426971 24.7310492396355 24.7895538210869 24.9150267243385 25.0117245912552 25.0332744121552 25.0803675055504 25.1199005842209 25.1816181540489 25.1534692645073 25.0770663022995
-9999 -9999 -9999 -9999 -9999 -9999 -9999 -9999 -9999 -9999 24.8778030276299 25.3480715751648 25.2120159864426 25.2146954536438 25.2145748734474 25.2299246191978 25.3570939898491 25.33056640625 24.6393447518349 24.2205368280411 24.2175142168999 24.2244926691055 23.9750898480415 24.0304362773895 24.2925533652306 24.3700322508812 24.343056678772 24.4543971419334 24.5770344138145 24.5512176156044 24.4597852230072 24.4232164621353 24.4245231151581 24.5008750557899 24.6267570257187 24.7472571730614 24.795036315918 24.8105795383453 24.8890073299408 24.9278132915497 24.9695329666138 25.0246897339821 25.0218725800514 25.1343103051186 25.1502758860588 25.1673936247826
-9999 -9999 -9999 -9999 -9999 -9999 -9999 -9999 -9999 23.8252550363541 25.3141636252403 25.2321264743805 25.2332148551941 25.2703942656517 25.2723676562309 25.2620500922203 24.7414730787277 24.3670732975006 24.2182806134224 24.2402428388596 24.2975644469261 24.1636397838593 24.0670509934425 24.1319321393967 24.3423618674278 24.3365455269814 24.3769297003746 24.5148965120316 24.4669082760811 24.3484842181206 24.3651452660561 24.4265173077583 24.4356411099434 24.4241065979004 24.4222167134285 24.5891517996788 24.7600322365761 24.7909930944443 24.8565061092377 24.8177131414413 24.8978574872017 24.9997599720955 25.0489379167557 25.0863165259361 25.1385619044304 25.0722200870514
-9999 -9999 -9999 -9999 -9999 -9999 -9999 -9999 -9999 24.2981736660004 25.1279653310776 25.1479313969612 25.2608163356781 25.3188432455063 25.3132487535477 24.5846471190453 23.9507190585136 24.0554963946342 24.1091369986534 24.1753023266792 24.2025533914566 24.1462988257408 24.2153009176254 24.3011323809624 24.261539041996 24.3206713795662 24.3756295442581 24.3200432062149 24.4288594722748 24.3973842859268 24.3055456280708 24.3445557355881 24.4067472219467 24.4010097384453 24.3566203713417 24.466036260128 24.6497956514359 24.6728490591049 24.8019182682037 24.6674727797508 24.7286378741264 24.7956925630569 24.9574887752533 25.029640853405 25.0430679321289 25.0064432621002
-9999 -9999 -9999 -9999 -9999 -9999 21.5629545450211 21.8580490350723 22.6411086916924 25.1011561751366 25.198214173317 25.1679757237434 25.2449584007263 25.3037091493607 25.1578207612038 24.0308299064636 24.0235733985901 24.0493974089622 24.1252745985985 24.1537718176842 24.2132350802422 24.2920151352882 24.2818577289581 24.2432888746262 24.2396084070206 24.2618879079819 24.301401257515 24.2960736751556 24.3403705358505 24.293565094471 24.313751578331 24.2608377933502 24.2770384550095 24.3407126069069 24.3146632313728 24.3135697841644 24.3965943455696 24.4806584715843 24.6429843306541 24.6182166337967 24.7050342559814 24.5909442305565 24.761892914772 24.9220904707909 24.9377539753914 24.924510538578
-9999 -9999 -9999 -9999 -9999 -9999 22.864815056324 23.2509639263153 24.6173560023308 25.5012589097023 25.6522279977798 25.5895433425903 25.2872560024261 25.2357593178749 24.5014196634293 24.0507100224495 24.2018738985062 24.2009811401367 24.1925280690193 24.1574098467827 24.2111266851425 24.2684896588326 24.3021181225777 24.2895529866219 24.2435048222542 24.2345416545868 24.225589632988 24.2536146640778 24.3061003684998 24.2258942127228 24.2582132816315 24.1861690282822 24.1274916529655 24.230569601059 24.2425701022148 24.2197321653366 24.2304039597511 24.3310190439224 24.4244255423546 24.5079517960548 24.6022239327431 24.6614134311676 24.7196390032768 24.7578447461128 24.8119708299637 24.86767578125
-9999 -9999 -9999 -9999 -9999 23.103547334671 24.3393096327782 25.0012936592102 25.3105790615082 25.6181896328926 25.6640920639038 25.6370760798454 25.3395132422447 24.6411027908325 24.0361971855164 24.1446185112 23.997142136097 24.0903405547142 24.1348038315773 24.1902338266373 24.1806817650795 24.2041224837303 24.1941946744919 24.2673373818398 24.3309136629105 24.2585602402687 24.1988822221756 24.1736954450607 24.2344425320625 24.2531239390373 24.1688939332962 24.1524760127068 24.0668156147003 24.0622045993805 24.1545379161835 24.1653921604156 24.1755238771439 24.1450825929642 24.3290498256683 24.4516500234604 24.4731789827347 24.6021610498428 24.6878299713135 24.6818113923073 24.7237074375153 24.7140025496483
-9999 -9999 23.3866775035858 23.2183465957642 22.5835331678391 23.7975808978081 24.6671706438065 25.0928251743317 25.3280852437019 25.5049558877945 25.5186642408371 25.3954694271088 24.6008669734001 23.6530484557152 23.6360039710999 23.764323413372 23.916906774044 23.9786689281464 24.072625041008 24.2112083435059 24.0644620060921 24.0995294451714 24.024896800518 24.2059950232506 24.3370627760887 24.1623833179474 23.9329087138176 24.1037915349007 24.210228741169 24.2261011600494 24.1938280463219 24.0895817279816 24.125449359417 23.9909490346909 24.1771398186684 24.2319489717484 24.1805849671364 24.0769903063774 24.2590655684471 24.3666347265244 24.3955400586128 24.5712947249413 24.5310443043709 24.5506581664085 24.628805577755 24.6092781424522
-9999 23.4388054609299 23.457717359066 23.6901865005493 23.6666312217712 24.2239506244659 24.7094432115555 24.7484055757523 24.4698680639267 25.1020401716232 24.7139647603035 23.4338770508766 23.1746376156807 23.5206134319305 23.6684141755104 23.8596033453941 23.779964864254 23.84084379673 24.0355781912804 24.1381365060806 24.2057722210884 24.0895367860794 23.9432121515274 23.8782278895378 23.8928918838501 24.1143607497215 23.8474659919739 23.8781196475029 24.0867500901222 24.1819621920586 24.2486103177071 24.2249196171761 24.2015754580498 24.110431432724 24.1259181499481 24.0715820193291 23.9486480951309 24.0141341090202 24.2002789378166 24.325619161129 24.3618005514145 24.548895418644 24.5285242199898 24.5256105065346 24.545515358448 24.5689346790314
-9999 23.6497662067413 24.0509460568428 24.0201740264893 23.9147128462791 24.015953540802 24.1284290552139 23.8594507575035 22.7511547207832 23.6371088624001 22.8173236846924 22.3626925349236 22.6396197676659 23.1086097955704 23.2815725207329 23.7524574995041 23.7249487042427 23.7444472908974 23.7718351483345 23.8925906419754 24.136972784996 24.0857715606689 23.98556381464 23.9149267077446 23.6740612387657 24.167165517807 24.183324277401 23.9971371889114 23.5939130187035 23.7902284860611 24.0392398834229 24.0334497690201 24.1746792793274 24.0630303025246 23.9284216761589 24.0038178563118 23.843329012394 23.9928874373436 24.2051122784615 24.2635247707367 24.2655576467514 24.3826978206635 24.4616342186928 24.3906545639038 24.4054910540581 24.5165511369705
