Archive - glowpa-model-master/Model input/Uganda/watertemperature/Tw_jun_1.asc
NCOLS 67 
NROWS 67 
XLLCORNER 29.5000000014144 
YLLCORNER -1.49999999936061 
CELLSIZE 0.0833333332926796 
NODATA_value -9999 
[rows 0 to 19 of 67, columns 0 to 45 of 67]
-9999.000000000000000 -9999 -9999 -9999 -9999 -9999 -9999 -9999 -9999 -9999 -9999 -9999 -9999 -9999 -9999 -9999 -9999 -9999 -9999 -9999 -9999 -9999 -9999 -9999 -9999 -9999 -9999 -9999 -9999 -9999 -9999 24.6023038625717 24.5310195684433 -9999 -9999 -9999 -9999 -9999 -9999 -9999 -9999 -9999 -9999 -9999 -9999 -9999
-9999 -9999 -9999 -9999 -9999 -9999 -9999 -9999 -9999 -9999 -9999 -9999 -9999 -9999 -9999 -9999 -9999 -9999 -9999 -9999 -9999 -9999 -9999 -9999 -9999 -9999 -9999 -9999 -9999 24.5875379443169 24.575511097908 24.5484571456909 24.7294211983681 24.5621035695076 24.3991256356239 24.3904779553413 24.2227357029915 22.4241510033607 20.5372543931007 20.027682185173 -9999 -9999 -9999 -9999 -9999 -9999
-9999 -9999 -9999 -9999 -9999 -9999 -9999 -9999 -9999 -9999 -9999 -9999 -9999 -9999 -9999 -9999 -9999 -9999 -9999 -9999 -9999 -9999 -9999 -9999 -9999 -9999 -9999 -9999 -9999 24.9426453113556 24.8986693620682 24.9864673018456 24.9510070681572 24.7712844610214 24.5216423273087 24.4947565197945 24.4691618084908 24.3733243346214 23.5518035888672 22.1372961401939 19.8509373664856 18.350776553154 20.3743584752083 -9999 -9999 -9999
-9999 -9999 -9999 -9999 -9999 -9999 -9999 -9999 -9999 -9999 -9999 -9999 -9999 -9999 -9999 -9999 -9999 -9999 -9999 -9999 -9999 -9999 -9999 -9999 -9999 24.5546433329582 -9999 -9999 -9999 25.1719034314156 25.1415879130363 25.1177645921707 24.9705522656441 24.8752345442772 24.649692595005 24.5302578806877 24.4043428897858 24.2659709453583 24.0194207429886 22.8562042713165 19.9813896417618 21.3313258886337 23.6513149738312 -9999 -9999 -9999
-9999 -9999 -9999 -9999 -9999 -9999 -9999 -9999 -9999 -9999 -9999 -9999 -9999 -9999 -9999 -9999 -9999 -9999 -9999 -9999 -9999 -9999 24.6918944716454 -9999 -9999 24.684333562851 -9999 -9999 -9999 25.2311969995499 25.2873928546906 25.2303144335747 25.1054312586784 24.9771081209183 24.6623761057854 24.4163323640823 24.3170768618584 24.3338984847069 24.2220837473869 24.0285248756409 23.4541673064232 23.3321962356567 23.8639999628067 23.600757420063 -9999 -9999
-9999 -9999 -9999 -9999 -9999 -9999 -9999 -9999 -9999 -9999 -9999 -9999 -9999 -9999 -9999 -9999 -9999 -9999 -9999 -9999 -9999 24.6667058467865 24.9321016669273 24.9649893641472 25.0182212591171 24.9322123527527 24.5613490343094 24.576564013958 24.5049164295197 25.1589896678925 25.2278310656548 25.2256925702095 25.1972795128822 25.0708812475204 24.8542619347572 24.563408434391 24.4399438500404 24.3143294453621 24.1202526688576 23.8694053888321 23.8493318557739 23.9244529008865 23.769655585289 23.8176431655884 -9999 -9999
-9999 -9999 -9999 -9999 -9999 -9999 -9999 -9999 -9999 -9999 -9999 -9999 -9999 -9999 -9999 -9999 -9999 -9999 -9999 24.4089766740799 24.6150322556496 25.0148547887802 25.114903151989 25.1780666708946 25.1710628271103 25.0722385048866 25.031080186367 25.236999630928 25.2525500059128 25.2709879279137 25.2770900726318 25.2173816561699 25.1860831975937 25.0127232074738 24.8918625712395 24.7174952626228 24.5767115950584 24.3728405237198 24.1704743504524 23.9795274734497 24.0789423584938 24.1307931542397 24.1084372997284 24.0532157421112 -9999 -9999
-9999 -9999 -9999 -9999 -9999 -9999 -9999 -9999 -9999 -9999 -9999 -9999 -9999 -9999 -9999 -9999 -9999 23.8646185398102 24.3759546875954 24.5413635969162 24.8474228978157 24.883261680603 25.1182931065559 25.2561669945717 25.2620165944099 25.301974773407 25.287946164608 25.1667693257332 25.195041000843 25.2353262901306 25.2272710204124 25.1484180092812 25.1117268800735 25.000034570694 24.7551215291023 24.6623784303665 24.5433198213577 24.3346477150917 24.1377336382866 24.0455762147903 24.1254934072495 24.186630487442 24.3316087722778 24.2230689525604 24.19152957201 -9999
-9999 -9999 -9999 -9999 -9999 -9999 -9999 -9999 -9999 -9999 -9999 -9999 -9999 -9999 -9999 -9999 -9999 24.0222270488739 24.5375465750694 24.6857591867447 24.9540740847588 24.9637058377266 25.213098347187 25.3115838170052 25.3348968029022 25.336697280407 25.1490603685379 25.0250874757767 25.1210720539093 25.1714697480202 25.1394982337952 25.0924197435379 24.9695899486542 25.060558795929 24.8558056354523 24.6100745201111 24.4376898407936 24.3313024044037 24.2757354974747 24.2857837080956 24.2649171352386 24.3336787223816 24.3020119667053 24.2580224871635 24.1869323253632 24.1356604099274
-9999 -9999 -9999 -9999 -9999 -9999 -9999 -9999 -9999 -9999 -9999 -9999 -9999 -9999 -9999 -9999 -9999 24.1989901661873 24.8345052599907 24.9086791276932 24.8310660719872 25.0541655421257 25.2765718102455 25.2897161245346 25.3658013343811 25.3034943938255 25.1425358653069 25.0566059947014 25.0855172872543 25.0172140598297 25.0504554510117 25.0034896731377 24.9061295986176 24.7782813310623 25.0120817422867 24.7382385730743 24.5981244444847 24.4729424118996 24.4229374527931 24.4350858926773 24.500727057457 24.3637204766273 24.3711756467819 24.3193138241768 24.225035071373 24.2368221879005
-9999 -9999 -9999 -9999 -9999 -9999 -9999 -9999 -9999 -9999 -9999 -9999 -9999 -9999 -9999 -9999 23.7984279990196 24.3836050629616 24.7354966402054 24.7648611664772 24.961460351944 25.1782377958298 25.3322615027428 25.3479820489883 25.3482607007027 25.0861104726791 24.8638859987259 24.8038378357887 24.6942338943481 24.8110642433167 24.8898537158966 24.9004363417625 24.8006972074509 24.5109758377075 24.6406383514404 24.8690283298492 24.7916003465652 24.6135827898979 24.6105294823647 24.5126323103905 24.3331089019775 24.2536751627922 24.1952630281448 24.2650775313377 24.1683290600777 23.6853796243668
-9999 -9999 -9999 -9999 -9999 -9999 -9999 -9999 -9999 -9999 -9999 -9999 -9999 -9999 -9999 -9999 23.8333212137222 24.2554277777672 24.6834853291512 24.8088738918304 24.9718641638756 25.1355798840523 25.2518763542175 25.2994669675827 24.9535304307938 24.5633501410484 24.4932567477226 24.4096781015396 24.2917039394379 24.5365963578224 24.576353430748 24.62608897686 24.6001299023628 24.4614155888557 24.2913002371788 24.5083383321762 24.6956509947777 24.6488281488419 24.5944766402245 24.4372223615646 24.2480517625809 24.1924216151237 23.911663711071 24.1345344781876 24.0019360780716 23.708299934864
-9999 -9999 -9999 -9999 -9999 -9999 -9999 -9999 -9999 -9999 -9999 -9999 -9999 -9999 -9999 23.292011320591 23.8220517039299 24.203560769558 24.6706190109253 24.7816769480705 24.9630749225616 25.1229214668274 25.2293521165848 25.2205639481544 24.5685233473778 24.3832470774651 24.3898367881775 24.3199471831322 24.284590780735 24.229390501976 24.3261224031448 24.4333031773567 24.4471614360809 24.344658434391 24.1814178824425 24.3252850174904 24.3911589384079 24.249197602272 24.4088426828384 24.3979700803757 24.1809222102165 24.0706697702408 23.9254499673843 24.0568745732307 23.9322994947433 23.8237428069115
-9999 -9999 -9999 -9999 -9999 -9999 -9999 -9999 -9999 -9999 -9999 -9999 -9999 -9999 -9999 -9999 23.3674345612526 23.895740032196 24.5849138498306 24.7379462122917 24.9622656702995 25.1492058634758 25.2703222632408 24.9683616757393 24.5321326851845 24.4470029473305 24.4322216510773 24.2868020534515 24.2687824964523 24.1747534275055 24.1566078662872 24.3028765916824 24.3729287385941 24.2821281552315 24.1602850556374 24.2027457952499 24.3228006958961 24.2703005671501 24.2084340453148 24.286946952343 24.2057219743729 24.0245844125748 23.8986753225327 23.9571439027786 23.8866829872131 23.8443143963814
-9999 -9999 -9999 -9999 -9999 -9999 -9999 -9999 -9999 -9999 -9999 -9999 -9999 -9999 -9999 -9999 -9999 23.872855424881 24.4747042059898 24.7546282410622 25.0011230111122 25.1681387424469 25.26690107584 24.8561432957649 24.6709802150726 24.6170832514763 24.5693158507347 24.3949776887894 24.2833350300789 24.1866475939751 24.1789435148239 24.1209573745728 24.2413802742958 24.2111530900002 24.0594182014465 24.1131588220596 24.2066705226898 24.2920216917992 24.1254645586014 24.107029736042 24.0915265679359 24.0306451320648 23.9700106978416 23.9298669099808 23.9064051508904 23.8076838850975
-9999 -9999 -9999 -9999 -9999 -9999 -9999 -9999 -9999 -9999 -9999 -9999 -9999 -9999 -9999 -9999 22.4938469529152 23.5571786761284 24.3281917572021 24.7681410312653 24.9806458353996 25.0981128811836 25.2507115602493 25.12602186203 24.8975298404694 24.7153352499008 24.5485144853592 24.3302406072617 24.239715218544 24.2606272101402 24.2180404663086 24.0612089633942 24.0736679434776 24.0995185375214 23.9968857765198 24.0728234052658 24.12411236763 24.1532633900642 24.1809782385826 24.1290906667709 24.0744200944901 24.0357203483582 23.9742606878281 23.9593682289124 23.954627931118 23.9950717687607
-9999 -9999 -9999 -9999 -9999 -9999 -9999 -9999 -9999 -9999 -9999 -9999 -9999 -9999 -9999 -9999 22.3808262348175 23.3850318789482 24.5108680725098 24.6900516152382 24.9301404356956 25.0868579745293 25.2197361588478 25.2614673376083 25.1124975085258 24.7172648906708 24.5989896655083 24.4594455361366 24.3825147151947 24.3226422667503 24.2097774147987 24.1879287958145 24.0631731152534 24.0229034423828 23.9686027169228 23.9882136583328 24.0714436769485 24.0673621892929 24.0998200774193 24.1046209931374 24.0392262935638 23.9884983301163 23.9328345060349 23.9297637939453 23.876259624958 23.9463487267494
-9999 -9999 -9999 -9999 -9999 -9999 -9999 -9999 -9999 -9999 -9999 -9999 -9999 -9999 -9999 21.809979557991 22.136449098587 23.2041952610016 24.5149883627892 24.7152518630028 24.8586575388908 24.9697769880295 25.2029995918274 25.273841381073 25.1666697263718 24.9002717137337 24.7339230775833 24.5630144476891 24.4705545306206 24.337498486042 24.272246837616 24.1660372614861 24.0738651752472 24.0933536887169 24.0572128295898 23.9683423638344 23.9565525650978 24.0158136487007 24.0529096722603 24.0757119059563 24.1188005208969 24.075122833252 23.9846769571304 23.9450070261955 23.9676303267479 23.9092451930046
-9999 -9999 -9999 -9999 -9999 -9999 -9999 -9999 -9999 -9999 -9999 -9999 -9999 -9999 -9999 21.5349375605583 21.7192155718803 22.6068689227104 24.1036247014999 24.5685354471207 24.6295611262321 24.8950380086899 25.1622428894043 25.2445615530014 25.1099764108658 24.9269574284554 24.6908799409866 24.545782327652 24.4561056494713 24.3666226863861 24.3443691730499 24.2699549198151 24.0814667344093 24.088880777359 24.068859398365 24.0277667045593 24.021025955677 23.9605162143707 23.9205600619316 23.9829145073891 24.0145447254181 24.0577637553215 24.0632464885712 24.0293075442314 23.9974250793457 23.9549366831779
-9999 -9999 -9999 -9999 -9999 -9999 -9999 -9999 -9999 -9999 -9999 -9999 -9999 -9999 -9999 21.1876767277718 21.6502940058708 22.0689897537231 23.4022547006607 24.3117027878761 24.4993914961815 24.9316389560699 25.1125915646553 25.2444353699684 25.2382172942162 25.1000629663467 24.8751304149628 24.6312955021858 24.6074067950249 24.4234641194344 24.4091511964798 24.3251227140427 24.1656076908112 24.0825038552284 24.0874465107918 24.0762987732887 24.0602669119835 23.9762302041054 23.9041173458099 23.8979701399803 23.9511494636536 23.9182066321373 24.0567209124565 24.0831607580185 24.0899138450623 24.0342280864716
