Archive - glowpa-model-master/Model input/Uganda/watertemperature/Tw_jun_1.asc
NCOLS 67 
NROWS 67 
XLLCORNER 29.5000000014144 
YLLCORNER -1.49999999936061 
CELLSIZE 0.0833333332926796 
NODATA_value -9999 
[rows 40 to 59 of 67, columns 0 to 45 of 67]
23.5913722515106 24.0027968883514 24.0349379181862 23.9386041164398 23.7005541920662 23.6344464421272 23.6516160368919 21.050210416317 21.3266023397446 21.8965345621109 21.7901797890663 22.1365987658501 22.3199761509895 22.7686201334 22.9097557663918 23.2979470491409 23.2981442809105 23.4205681085587 23.1947194337845 23.139287352562 23.30387789011 23.4708966016769 23.3182651996613 23.1657726764679 23.1045262813568 23.203552365303 23.5222867131233 23.3721327185631 23.2511866092682 22.8895465731621 23.26296210289 23.2906938195229 23.3880510926247 23.2711475491524 23.2013759613037 23.197160422802 23.2448647022247 23.3663402199745 23.5637577772141 23.646660387516 23.679022192955 23.6419024467468 23.7227039337158 23.7310326099396 23.7727804780006 23.7119405269623
23.7088778018951 23.981530547142 24.0754549503326 24.0669772624969 23.7232839465141 23.4588750004768 21.2560285925865 18.677541077137 21.6865903139114 21.9962153434753 21.9733445048332 22.1752138733864 22.4804884195328 22.7997830510139 22.9555948376656 23.1835780739784 23.2243711352348 23.3864565491676 23.2663593888283 23.3197588324547 23.2563214898109 23.2296120524406 23.2607145905495 23.3467620015144 23.3528230786324 23.2612099647522 23.2368435263634 23.2990865111351 23.2272044420242 23.0022000670433 23.116003036499 23.2622819542885 23.3647063374519 23.3146007657051 23.2853986620903 23.3040452599525 23.2222687005997 23.3552691936493 23.5210763812065 23.5678458809853 23.6207659244537 23.6157527565956 23.6584761738777 23.6074900627136 23.67140853405 23.5395694375038
23.6043660640717 23.8514429926872 24.0473880767822 23.7224317789078 19.3809421658516 18.5036305189133 15.6233239769936 19.8001538515091 22.1175417900085 22.2891305088997 22.0948731899261 22.4044588804245 22.777928173542 22.7495386600494 22.8782956004143 23.0449176430702 23.1193976402283 23.1559501290321 23.1579953432083 23.1975018978119 23.2241786122322 23.2658232450485 23.2591691017151 23.3555507659912 23.3529179692268 23.3651313781738 23.2116648554802 23.2264452576637 23.1745228171349 23.0698244571686 22.8279770612717 23.1009324789047 23.2776393294334 23.3400212526321 23.3424695730209 23.3265007138252 23.1408430933952 23.2963581085205 23.4266288280487 23.4499078392982 23.5204360485077 23.506073474884 23.5259827375412 23.5214314460754 23.5680760145187 23.5234159827232
23.6064151525497 23.6655116677284 23.7125593423843 19.5463644862175 10.2736518085003 9.97950893640518 13.6576161086559 21.3367493152618 22.8348610401154 22.951029419899 22.9564987421036 22.9098190069199 22.938933134079 22.9792774915695 22.9313107132912 23.0083004236221 23.1188253760338 23.0194725394249 23.0177045464516 23.1444736123085 23.2780363559723 23.3527479171753 23.4211315512657 23.3513675332069 23.2690446972847 23.3177845478058 23.2445267438889 23.1654779911041 23.2003230452538 23.1724099516869 22.9275996685028 22.9663717150688 23.1402911543846 23.0940657258034 23.2199800014496 23.1899802684784 23.1436914801598 23.3048647642136 23.2950437068939 23.3396899700165 23.3980732560158 23.2613671422005 23.4057461619377 23.3211894035339 23.5833261013031 23.5018718242645
23.6611886620522 23.4881889820099 23.3751734495163 18.0928297638893 7.39618577063084 10.2552163004875 18.3270617723465 22.1792443990707 23.4163246154785 23.5978218317032 23.2629305720329 23.2682839632034 23.2459959983826 23.2076155543327 23.1481745839119 23.2050922513008 23.2165123820305 23.1513051390648 23.1359860301018 23.3013184666634 23.3394900560379 23.3101063966751 23.3898884654045 23.3903358578682 23.3522152900696 23.3110591173172 23.2192293405533 23.2757058739662 23.3091096282005 23.2505881786346 23.0178580880165 22.8896994590759 23.0455388426781 23.0806336402893 23.0956294536591 23.0659817457199 23.1730671525002 23.2858823537827 23.218273460865 23.2810673713684 23.182357609272 23.0820300579071 23.1329503059387 23.2286070585251 23.4080566763878 23.5789382457733
23.6808262467384 23.5005637407303 23.1567645072937 17.3807556629181 8.12749713659286 11.8093927204609 19.3995210528374 23.4308664798737 23.9810072183609 23.8589529395103 23.4378294944763 23.3355849981308 23.3984749913216 23.3430559039116 23.3205463886261 23.2804153561592 23.372967004776 23.2714661359787 23.3116297125816 23.4341745376587 23.4477335214615 23.4002311825752 23.4129738807678 23.3934174180031 23.3208094239235 23.243132352829 23.2339695692062 23.3161225914955 23.2568854689598 23.1263496875763 22.9836921095848 22.9325943589211 22.9326444268227 22.9126858115196 23.0154113769531 23.0847912430763 23.2202600240707 23.3664162158966 23.1991656422615 23.088783800602 23.0506716966629 23.0444428324699 23.0317693352699 23.302320599556 23.445010304451 23.4856316447258
23.7070607542992 23.6711962819099 22.3324088454247 17.9158737659454 14.0236604809761 17.9054937958717 22.3275381326675 24.0733580589294 23.9854778647423 23.9106624722481 23.4448626637459 23.1746538281441 23.3733566403389 23.3946173787117 23.3543790578842 23.3327431082726 23.3408598899841 23.3107848763466 23.3560817241669 23.3353908061981 23.3429788947105 23.3295956254005 23.2791958451271 23.2241591215134 23.2130900025368 23.2130642533302 23.2795587778091 23.2042908668518 23.1294112801552 23.0499964952469 22.9341517090797 22.9763335585594 22.9180620908737 23.0168063640594 23.0561076998711 23.0618299841881 23.187086224556 23.3043918013573 23.0907508134842 23.0345687866211 23.2183694839478 23.2074706554413 23.0721347332001 23.4534954428673 23.5066655278206 23.3431622385979
23.6467656493187 23.7965690493584 22.3803502321243 18.8574249744415 18.9387346506119 22.1333546638489 23.4815520644188 24.1247382164001 23.9439551234245 23.8141209483147 23.3556827306747 23.3436162471771 23.2980452179909 23.2113155126572 23.09080940485 23.0717644691467 23.0900983214378 23.0538614392281 23.141127884388 23.0682297945023 23.1013399362564 23.135128736496 23.0942710638046 23.1637262105942 23.1852306723595 23.1850593686104 23.2082816362381 23.1382521390915 23.1477602124214 23.0776139497757 22.9764777421951 23.008940577507 23.0319359898567 23.0982087850571 23.1237379312515 23.1568489074707 23.2885633707047 23.3696513175964 23.2617970108986 23.3159448504448 23.1960614919662 22.8977626562119 23.2851650118828 23.4448615908623 23.5019394755363 23.4479585886002
23.516218483448 23.9396066665649 23.4878872036934 22.6165519356728 23.3641780018806 23.4260887503624 24.2127559185028 24.2324556112289 23.9568185806274 23.7529751062393 23.1176055669785 23.1257392764091 22.9919760227203 22.9454975128174 22.9282923340797 22.8636437654495 22.8130316138268 22.8569288253784 22.8968447446823 22.8426087498665 22.9252396821976 22.9827825427055 22.954540848732 23.0224587321281 23.117872595787 23.1274150013924 23.1780363917351 23.1755360364914 23.0978230834007 23.101512670517 23.0405849218369 23.0391954183578 23.1058257222176 23.1091201901436 23.3209057450294 23.4091099500656 23.3627014160156 23.3918713927269 23.4074220657349 23.2831749916077 23.3877976536751 23.3720890879631 23.4377763867378 23.4475536942482 23.50109988451 23.4642687439919
23.4401485919952 23.9647080898285 23.7509394288063 24.0421035885811 23.9089062213898 23.8094809651375 24.4613337516785 24.6349862217903 24.1020858883858 23.4933086633682 22.6832010149956 22.7643815279007 22.7494476437569 22.6731823682785 22.6961174607277 22.7051644921303 22.6044176220894 22.6345809102058 22.6600670218468 22.6643923521042 22.6862362623215 22.8150641918182 22.8301343917847 22.872197329998 23.0004848837852 22.9647855162621 23.0961945652962 23.0424124002457 23.1168134212494 23.095627784729 23.0877749919891 23.0848225355148 23.1171196103096 23.2743690013885 23.3957705497742 23.4550319910049 23.4465728998184 23.4541124105453 23.2858499288559 23.1926451325417 23.3809136748314 23.404136121273 23.4365910887718 23.4328202605247 23.4909544587135 23.5003880858421
23.7876586914062 24.090932071209 24.1009391546249 24.0982949733734 24.1778795719147 24.0957409739494 24.1731096506119 24.0788124203682 23.7822846770287 23.1503440737724 21.8965400457382 22.1928905248642 22.4296462535858 22.5152238607407 22.6105080842972 22.5185557603836 22.462532222271 22.4424674510956 22.4385776519775 22.4786130785942 22.4668607115746 22.5955632328987 22.6448875069618 22.7519954442978 22.8961766958237 22.8634030818939 23.0003378987312 22.9231337308884 23.0863245129585 23.1383043527603 23.1940072178841 23.1783952713013 23.2003577947617 23.3163431882858 23.3946984410286 23.423942565918 23.4349880218506 23.3875591158867 23.1945742964745 23.2280769944191 23.403648853302 23.4198856949806 23.4186168313026 23.4206882119179 23.4760996103287 23.5045733451843
24.1720060706139 24.2229686975479 24.189158976078 24.1032411456108 24.0750914812088 23.9428899288177 23.7084772586823 23.2753298282623 22.8860911130905 22.2541581988335 20.7111418247223 21.5854315757751 21.7749980688095 22.313007235527 22.4622624516487 22.3059287667274 22.2429235577583 22.2849622964859 22.2644920349121 22.3251340389252 22.3113279342651 22.4098562598228 22.4362404346466 22.6130257248878 22.8042036890984 22.7930174469948 22.9218398928642 22.8134527802467 23.0761891007423 23.0673549175262 23.1501997113228 23.1195647120476 23.1807628273964 23.2347090244293 23.2861431241035 23.3466653227806 23.3640344142914 23.3738803863525 23.3911123275757 23.4027868509293 23.4020813107491 23.401335477829 23.403916656971 23.4446696639061 23.465812265873 23.5245318412781
24.3081486225128 24.3289374709129 24.1737638115883 24.077944278717 23.7966043353081 23.5935295820236 23.1246203184128 22.2916573286057 21.9552841186523 21.0472190976143 19.7769667506218 19.7953644394875 21.2228879332542 22.0874131917953 22.3509009480476 22.3325124382973 22.144933283329 22.0993701815605 22.1822518706322 22.0227905511856 22.0624064207077 22.1910754442215 22.3193366527557 22.533272922039 22.6980913877487 22.741978764534 22.8483560681343 22.8303104639053 23.0702546238899 23.0612312555313 23.1038677692413 23.0272902846336 23.0316062569618 23.0511432290077 23.1491559147835 23.2477536797523 23.2901847362518 23.3357037901878 23.3693655729294 23.3728976249695 23.3775382637978 23.3767321109772 23.4122854471207 23.4422239661217 23.4439749121666 23.5061658024788
24.3629760146141 24.3110894560814 24.0954077839851 23.9246213436127 23.6346317529678 23.3697748184204 22.4696748256683 21.7293934822083 21.8112580180168 20.6200979948044 19.8220717310905 20.370618224144 21.3452877402306 21.7928915023804 21.9523822069168 22.0169429183006 22.1051635146141 22.207611322403 22.1024668812752 22.1808975934982 22.2160640358925 22.0708414316177 22.2898225784302 22.4367322325706 22.6369618177414 22.6511604189873 22.7988055348396 22.8574870824814 23.0670956373215 23.060514330864 23.1225197315216 23.1081631183624 23.0447596311569 22.9552847743034 23.066782951355 23.0949098467827 23.1369465589523 23.3344539999962 23.3511601686478 23.355832695961 23.3502866029739 23.3474100828171 23.4013110995293 23.401070535183 23.4169350862503 23.4567585587502
24.3481857180595 24.1899902224541 23.9746307730675 23.8239812254906 23.4590066075325 23.1379240751266 21.8376455903053 21.2712465524673 21.452935218811 20.7007734775543 20.5580840706825 21.1959872245789 21.4247002601624 21.9329195618629 22.0902279615402 21.9777320027351 22.2398881912231 22.2986896634102 22.1125541329384 22.2675365209579 22.1932073831558 22.1147456169128 22.1429435014725 22.3749070763588 22.5248851180077 22.6614231467247 22.6756607294083 22.8266701102257 23.016835808754 23.1514829993248 23.138269841671 23.1088001728058 22.9870817065239 22.9964336752892 23.1177909970284 23.0871888399124 23.1608358025551 23.2653586864471 23.3246397972107 23.3331835269928 23.3228176236153 23.3342228531837 23.3699625730515 23.3710514307022 23.4092038869858 23.4102061390877
24.2585328221321 24.2408902049065 24.0985644459724 23.608302295208 23.2254787683487 22.547349691391 21.3419744372368 20.8025460839272 20.7301930189133 20.8795375823975 21.0494204759598 21.2819629907608 21.3789158463478 21.5675829052925 22.1139086484909 21.7641693353653 21.5994473695755 22.2290115952492 22.052286863327 22.1464284658432 21.9980736970901 22.0275482535362 22.0398266911507 22.281029343605 22.5084052681923 22.5839619040489 22.6104185581207 22.9251952171326 23.1305593848228 23.1204964518547 23.1427299976349 23.1016178131104 23.1026829481125 23.0806653499603 23.1501651406288 23.1729853749275 23.2386948466301 23.2446154952049 23.2965343594551 23.3103539347649 23.2951312065125 23.3154385089874 23.3329187035561 23.3503094911575 23.3703169226646 23.3597848415375
24.3003433942795 24.2768616676331 23.9313356280327 23.4568008184433 23.0435212254524 21.6952330470085 20.8818687796593 20.7653881311417 20.9268196225166 20.9257951974869 21.1979326605797 21.2884717583656 21.2230433821678 21.4437588453293 21.9696363806725 21.6689074039459 21.8609834909439 22.1747172474861 22.0913998484612 21.9367817640305 21.9867340326309 22.0277171730995 21.7786944508553 22.00023239851 22.3989667892456 22.3724586963654 22.6251259446144 22.9309139847755 23.1111069321632 23.1231864690781 23.1070510149002 23.136658012867 23.1127333045006 23.0990723967552 23.1234541535378 23.1666370630264 23.2309856414795 23.2361860871315 23.2956750392914 23.2873442769051 23.3131708502769 23.3122447729111 23.2955576777458 23.325997531414 23.3236019611359 23.3327502012253
24.4433327913284 23.9494254589081 23.4669049978256 23.0963805913925 22.3899723887444 21.1172771453857 20.7038180232048 20.6568927168846 20.4774510264397 20.5716047286987 20.9704924225807 20.634848177433 20.3858484625816 20.6947301030159 21.9714434146881 21.4584285616875 21.7754420042038 21.6997675895691 21.9957895278931 22.0240635871887 22.012894153595 22.1241258978844 21.6838700175285 21.9996531009674 22.1542962789536 22.3602846264839 22.63823980093 23.0513642430305 23.1092023253441 23.0962079167366 23.1149538755417 23.1103993654251 23.1199048757553 23.103987455368 23.1437671780586 23.1644018888474 23.2197474837303 23.2228029966354 23.2768899798393 23.2648472189903 23.3016914725304 23.2829352617264 23.2874430418015 23.304924249649 23.3079591989517 23.3137039542198
23.8053179383278 23.3755109906197 22.857293844223 22.2854872941971 21.4569112062454 20.6108003854752 20.9479193091393 20.8231922984123 20.6552476882935 20.807658970356 20.5564611554146 20.557662665844 20.4094671607018 20.0982415676117 21.285826086998 21.3306123614311 21.9223517179489 21.677108168602 21.2036658525467 21.8492747545242 21.8806063532829 21.8386018872261 21.5493552088737 21.7772007584572 22.0387199521065 22.4774419665337 22.7675294876099 23.0761912465096 23.1064112186432 23.0956017374992 23.1137174367905 23.0986426472664 23.1223315596581 23.1064474582672 23.1553045511246 23.1731127500534 23.2117329239845 23.2217139005661 23.2579181790352 23.2787517309189 23.2794168591499 23.2807533144951 23.2895859479904 23.2805376052856 23.2988857626915 23.280158162117
23.0386112928391 22.6838902235031 21.7089757919312 21.1339864134789 21.1311591863632 21.2248613238335 21.2781862616539 21.0800387859344 20.8241384029388 21.030724465847 20.69616740942 20.7669009566307 20.6938501596451 20.7460878491402 20.9636232256889 21.4668250083923 21.3097013831139 20.9218738675117 21.3328395485878 21.9164053201675 21.9245067238808 21.7884891629219 22.2215594649315 21.8225061893463 22.2507080435753 22.7326344251633 22.6611991524696 22.9869054555893 23.0675386190414 23.0851997733116 23.0943174362183 23.0878453850746 23.1173657178879 23.1176247596741 23.1580858826637 23.1864373087883 23.1986562013626 23.2433777451515 23.2533641457558 23.2873665690422 23.2946238517761 23.2943113446236 23.3042382597923 23.2976661920547 23.2924498319626 23.3097747564316
