Archive - glowpa-model-master/Model input/Uganda/watertemperature/Tw_jul_1.asc
NCOLS 67 
NROWS 67 
XLLCORNER 29.5000000014144 
YLLCORNER -1.49999999936061 
CELLSIZE 0.0833333332926796 
NODATA_value -9999 
[rows 40 to 59 of 67, columns 0 to 45 of 67]
23.2849385738373 23.7642537951469 23.8387076854706 23.7773710489273 23.5800945162773 23.4199447631836 23.3004360795021 20.6001797914505 20.9190782308578 21.6149567365646 21.5152838230133 21.9203404188156 22.0922457575798 22.5722934007645 22.7120735645294 23.0963639616966 23.1078478693962 23.2538011074066 23.0012151002884 22.9432497024536 23.1017281413078 23.2756211161613 23.1141083240509 22.9598042964935 22.9098490476608 22.9255259037018 23.2141290307045 23.0518587827682 22.9375621676445 22.5410984158516 22.9140191078186 22.9191041588783 22.9774942398071 22.8369557261467 22.7688797712326 22.7648232579231 22.8183177709579 22.9432156682014 23.1734273433685 23.2810074687004 23.3263818621635 23.3095850348473 23.395166516304 23.4020354151726 23.4549798965454 23.3980848193169
23.4191399216652 23.7573531270027 23.8694304227829 23.8610349297523 23.5276572108269 23.1667296290398 20.8261843323708 18.3489511609077 21.2826392650604 21.6811696887016 21.6264269351959 21.9480358362198 22.2209916114807 22.5689437389374 22.7511267662048 22.9967300891876 23.0559145212173 23.2022618055344 23.0688586831093 23.1294931769371 23.0613349080086 23.0692287683487 23.0790981650352 23.1681373715401 23.127338886261 23.0144522190094 22.9655337333679 22.9657725095749 22.8892242908478 22.6525152921677 22.7414438724518 22.8804079294205 22.9771647453308 22.8934517502785 22.8857706785202 22.9419299960136 22.8299785852432 22.9459330439568 23.1424752473831 23.2134403586388 23.2829819321632 23.285590171814 23.3345378041267 23.2769157886505 23.3598044514656 23.2252897620201
23.3389009833336 23.6153959035873 23.8182106614113 23.3628833293915 18.8895061016083 18.1062893867493 15.40392562747 19.44368237257 21.7771542668343 21.9953738451004 21.770454287529 22.1715814471245 22.5785353183746 22.5112011432648 22.6641573309898 22.8179063200951 22.9264163374901 22.9341034889221 22.9538205862045 22.9976108074188 23.0211853981018 23.0644665360451 23.0529696345329 23.1833904385567 23.1180356144905 23.1070302128792 22.8936498761177 22.9002586603165 22.8294252753258 22.7287878394127 22.4300394058228 22.6991756558418 22.8724188804626 22.9702760577202 22.9992259144783 22.9786159396172 22.7247167229652 22.9072897434235 23.053210914135 23.1099119782448 23.1976026892662 23.1859461069107 23.2048364877701 23.2083967328072 23.2471651434898 23.2118912339211
23.4430171251297 23.45433396101 23.3710782527924 19.0481532216072 10.2710566222668 9.95641925930977 13.5540944933891 20.9505925774574 22.5574205517769 22.645668387413 22.7215307950974 22.6694312691689 22.7336257696152 22.7112165093422 22.6783227324486 22.8383021950722 22.9225912094116 22.7952396869659 22.8035073876381 22.9447520971298 23.061135828495 23.0941638350487 23.1897954940796 23.1258840560913 23.0370818376541 23.0684928297997 22.899767935276 22.8435100317001 22.8755068778992 22.8093163967133 22.550344645977 22.5552200078964 22.7212977409363 22.6424642801285 22.8256995081902 22.8147377967834 22.7452371716499 22.9156466126442 22.9409444332123 23.0031153559685 23.0812845230103 22.9169196486473 23.0153572559357 22.984234213829 23.2258279323578 23.1823828816414
23.5947770476341 23.366770029068 22.995507478714 17.691946208477 7.62335607409477 10.3868010342121 18.0453324317932 21.8227291703224 23.5467108488083 23.3817575573921 22.9923496842384 22.9235446453094 22.948286652565 22.9476360678673 22.8948159217834 23.0228742361069 23.0141149759293 22.9549176692963 22.9283111095428 23.0839826464653 23.1161332130432 23.0777491927147 23.1428109407425 23.1598347425461 23.1411201357841 23.0537496209145 22.8977634310722 22.986363530159 22.9946668744087 22.8829964399338 22.6182147860527 22.4686444401741 22.6123187541962 22.6708673834801 22.7285111546516 22.6679081320763 22.7811757326126 22.9521086215973 22.8801231980324 22.9820117354393 22.8720252513885 22.7595236301422 22.7558814883232 22.8956310153008 23.0872626304626 23.2555049657822
23.5329675674438 23.3824367523193 22.8388822078705 16.9855847358704 8.28296031057835 11.8096307218075 19.0141497254372 23.3128846287727 24.0506347417831 23.5513433218002 23.0710312128067 23.0622960329056 23.1296058297157 23.0883351564407 23.0458554029465 23.0649282336235 23.1616792678833 23.0599163770676 23.085418343544 23.2277283072472 23.2294367551804 23.1665955781937 23.1598508954048 23.1572079062462 23.0813988447189 22.9622864127159 22.9145139455795 22.9956071972847 22.9129705429077 22.7442601919174 22.6077626347542 22.5300828814507 22.4984855651855 22.4781025648117 22.6419449448586 22.7273365855217 22.8550179600716 23.0390638113022 22.8882256150246 22.7765635251999 22.7086641788483 22.6896961331367 22.6946541070938 22.9827171564102 23.1330142617226 23.1725468635559
23.4441430568695 23.5237048864365 22.0360974669456 17.499596953392 13.8802947103977 17.5200214385986 22.1115728020668 23.9412614703178 23.888530254364 23.7221136689186 23.3870188593864 23.1548038721085 23.2850154042244 23.199667096138 23.1127161979675 23.0981623530388 23.101062297821 23.0847475528717 23.1386577486992 23.1368343234062 23.1423054337502 23.1205853223801 23.0406758785248 22.9726569056511 22.9508944153786 22.9326124787331 22.98737180233 22.880795776844 22.772425532341 22.6787771582603 22.5220135450363 22.5625411272049 22.5189205408096 22.6120729446411 22.7087092399597 22.7425404191017 22.7924689650536 22.928754389286 22.8127362728119 22.7278088927269 22.8931682109833 22.7899565696716 22.7136201262474 23.1509796977043 23.2006558179855 23.0416831374168
23.2305122613907 23.4692144393921 22.2104509472847 18.3978924155235 18.610556781292 21.9691736102104 23.2889824509621 24.0795170664787 23.7550495862961 23.7897394299507 23.3847803473473 23.2944653630257 23.2703151106834 23.0897995233536 22.9080299735069 22.8923919200897 22.9172394275665 22.8875415921211 22.9641447663307 22.8952744603157 22.9136280417442 22.9343309998512 22.8759234547615 22.927799642086 22.9403393864632 22.9390778541565 22.9179672598839 22.8429161310196 22.8384754061699 22.7132771611214 22.5971564650536 22.6248203516006 22.6462862491608 22.746134519577 22.7501962780952 22.7883151173592 22.8985868692398 23.0063936710358 22.9099158644676 22.9884920120239 22.8605453968048 22.5084679722786 22.9599850177765 23.141678750515 23.2019633054733 23.1603095531464
23.1687148213387 23.6259078383446 23.1713491082191 22.4077789783478 23.1800822019577 23.1630988717079 23.9974032640457 24.068753182888 23.8521680235863 23.7632070183754 23.0536612272263 23.0382668972015 22.9315505623817 22.8076207637787 22.7658736109734 22.6979211568832 22.6533434987068 22.6918269395828 22.7329998612404 22.6800729036331 22.7225107550621 22.766420841217 22.7256560325623 22.8004571199417 22.8882917165756 22.8801746368408 22.9024046063423 22.8802220821381 22.8028062582016 22.7830879688263 22.6601777672768 22.6947665810585 22.7216405272484 22.764402449131 22.9289512634277 22.9949007034302 22.9635420441628 23.0097857713699 23.0449959635735 22.9785516858101 23.0512469410896 23.0765424966812 23.1256447434425 23.1582580208778 23.2045976519585 23.2027877569199
23.148933172226 23.6734973788261 23.496820628643 23.8736083507538 23.7167127728462 23.580934047699 24.2172377109528 24.3454774618149 23.9599787592888 23.5259587168694 22.490474998951 22.6053706407547 22.6563147306442 22.5811284184456 22.5909771323204 22.6007580757141 22.4846253991127 22.4966636300087 22.5346034169197 22.4997354149818 22.5046257376671 22.5973696708679 22.6092113852501 22.6413314938545 22.7871529459953 22.7117587924004 22.8200980424881 22.7691743373871 22.8236973285675 22.7999773621559 22.7390031814575 22.7639564275742 22.7695153951645 22.8692996501923 22.974837243557 23.0182402729988 23.0641512274742 23.0559334754944 22.9918877482414 22.8917595148087 23.0968004465103 23.0951995253563 23.1168233752251 23.1516978144646 23.2051230072975 23.2414957880974
23.61305809021 23.8248637914658 23.887878715992 23.9419015645981 24.0016363859177 23.901517033577 23.9834489226341 23.9153791666031 23.756175339222 23.0791333317757 21.7605798840523 22.0594264864922 22.3755522370338 22.4829567670822 22.5217565894127 22.3760167360306 22.2749400138855 22.2504498958588 22.276486158371 22.3039259314537 22.2802527546883 22.3924685120583 22.4275362491608 22.5169834494591 22.6739512085915 22.6091603636742 22.7500888109207 22.6682895421982 22.8084188103676 22.8182216286659 22.7496067881584 22.7933941483498 22.8331790566444 22.915491104126 22.9910020232201 23.0250360369682 23.0539219975471 23.0392911434174 22.861930668354 22.8823224306107 23.0785452127457 23.0805587768555 23.1199498176575 23.1464539170265 23.1993168592453 23.2434295415878
24.0343157052994 24.0432543158531 23.9677083492279 23.9297922253609 23.9206389188766 23.8457973599434 23.7062232494354 23.2656267881393 22.8291093707085 22.089721262455 20.6054633259773 21.4438546895981 21.7092208862305 22.2299276590347 22.3224309682846 22.1131777763367 22.008365213871 22.0192922949791 22.0536811947823 22.1160425543785 22.1051732897758 22.1899678111076 22.2707268595695 22.4029000997543 22.5778679847717 22.5706884860992 22.681480884552 22.5795538425446 22.7915204763412 22.7884405255318 22.7667883038521 22.7850269675255 22.8171417117119 22.8705834150314 22.9459043741226 22.9831040501595 23.0007368922234 23.0254468917847 23.0464724898338 23.0616336464882 23.0637593269348 23.0658464431763 23.1265342831612 23.1439855694771 23.2122285366058 23.267329454422
24.0843691825867 24.0560225844383 23.9994878172874 23.9394860267639 23.7194828987122 23.4951038360596 22.9596413373947 22.1347517967224 21.7930216193199 20.8937592506409 19.8373787403107 19.7285383343697 21.0833923220634 21.796995818615 22.0939611792564 22.0799372792244 21.9608601927757 21.8756749033928 21.9909599423409 21.8952028155327 21.8774029016495 22.0266997814178 22.1374326944351 22.2996536493301 22.4717791080475 22.517075240612 22.6229718327522 22.60498046875 22.7319993376732 22.782501578331 22.7461411356926 22.7401060461998 22.7332492470741 22.7686578631401 22.8600643277168 22.9234997034073 22.9625847935677 22.998551607132 23.0278730392456 23.040035545826 23.0427260994911 23.0581682324409 23.1187934279442 23.1220498085022 23.1792225837708 23.2296212911606
24.0524382591248 24.0276488661766 23.9478231072426 23.8292005062103 23.5184597969055 23.2257152795792 22.3170446753502 21.5512060523033 21.6753411889076 20.4956654906273 19.8527296185493 20.2871747016907 21.1999359130859 21.5703799128532 21.7290397286415 21.8597136735916 22.0381286740303 21.9077677130699 22.011331140995 22.0328036546707 22.0258120298386 21.8689978718758 22.0156779885292 22.1695359349251 22.3879128694534 22.403918504715 22.5517584085464 22.5552125573158 22.7192386388779 22.7856549024582 22.7518050670624 22.7860836386681 22.7610429525375 22.6787922382355 22.7691889405251 22.8069847226143 22.8387118577957 22.9883515238762 23.0134923458099 23.021769464016 23.0180522203445 23.0599377155304 23.0817081928253 23.0779153704643 23.1355056762695 23.1632406711578
24.0235951542854 23.9649770855904 23.8842758536339 23.7718808054924 23.3628197312355 23.0257149338722 21.6948046088219 21.1141591668129 21.3497000932693 20.6081229448318 20.4772118926048 21.0515379905701 21.3387244939804 21.8281738162041 21.933702647686 21.968803524971 22.157976269722 22.1617161035538 22.0728860497475 22.0522388219833 21.9103869199753 21.8296904563904 21.8374556303024 22.0705684423447 22.2287218570709 22.3971586823463 22.4342242479324 22.4403177499771 22.7399672269821 22.7249034643173 22.7306346297264 22.732608795166 22.6971861720085 22.7076033353806 22.8124204277992 22.7882024049759 22.8420988321304 22.9838165044785 22.9989798069 23.0033459663391 23.0239815711975 23.0544692873955 23.0471603870392 23.0661474466324 23.0885660052299 23.1432517170906
23.9446125626564 23.9917743206024 23.9972767829895 23.5752816796303 23.1344800591469 22.4060201644897 21.2829218506813 20.7052789330482 20.6175804138184 20.7920734882355 20.9187953472137 21.0923834443092 21.315854370594 21.6749277710915 22.1401091217995 21.749731361866 21.5958671569824 22.1422087550163 21.9873821735382 22.0642700195312 21.8871478438377 21.7399091124535 21.5774212479591 21.9629765748978 22.1933506727219 22.3356457352638 22.4156559705734 22.5107226371765 22.6522063612938 22.6771088242531 22.7302526831627 22.7160733938217 22.7488133907318 22.7785625457764 22.8436005711555 22.8876575827599 22.8958251476288 22.9698301553726 22.9843354225159 23.0048503279686 23.0326577425003 23.0232306718826 23.0066065192223 23.0585176348686 23.0582914352417 23.1019545793533
24.010234773159 24.0420380830765 23.8284648060799 23.4224091172218 22.9459683299065 21.5768085122108 20.9359926581383 20.6432123184204 20.7644433379173 20.7757447957993 21.0183860659599 21.1160233020782 21.1026403903961 21.4130222797394 22.0402116179466 21.7700548768044 21.8217258453369 21.9389473199844 21.9870707988739 21.7919780611992 21.823102414608 21.6126720905304 21.4269744753838 21.8149345517159 22.1809601187706 22.2013419270515 22.3563863635063 22.5071302652359 22.6368932127953 22.6831295490265 22.7380006313324 22.7345516681671 22.7548748850822 22.7928208708763 22.8218030333519 22.8813539147377 22.9070112705231 22.9643747210503 22.9695591926575 23.0134167075157 23.0147831439972 23.0010741353035 23.0331516265869 23.0215466022491 23.0513072013855 23.0766382217407
24.1212943196297 23.7896500229836 23.3818981647491 23.0351574420929 22.2291119098663 21.1315765976906 20.9238426685333 20.6947218775749 20.35090726614 20.5087271332741 20.8893024921417 20.5374017357826 20.316054224968 20.6196441054344 21.9365850090981 21.4704438447952 21.5921621322632 21.4643820524216 21.6928579211235 21.7204300165176 21.5638934969902 21.6086518168449 21.4977621436119 21.7838097214699 22.066260099411 22.2435568571091 22.5027931928635 22.5486696362495 22.6298219561577 22.6883633136749 22.7441907525063 22.7395416498184 22.7645857930183 22.7959314584732 22.8381464481354 22.8749694824219 22.9202886819839 22.9523267149925 22.9568098187447 23.0075633525848 22.9917642474174 23.0160554647446 23.0123834013939 23.0372487306595 23.0299435257912 23.0425690412521
23.6979869008064 23.297032058239 22.7315756678581 22.1138476729393 21.351454615593 20.7507848143578 20.9035684466362 20.8412526845932 20.5988987088203 20.7743101716042 20.4779870510101 20.4673924446106 20.3376492261887 20.0409930944443 21.3070410490036 21.3574770689011 21.7997251749039 21.5775694847107 21.1279921531677 21.7129620313644 21.6780827045441 21.6554554700851 21.5918796062469 21.7659778594971 21.9598409533501 22.4812509417534 22.6005237698555 22.5089892148972 22.6080486178398 22.6863341331482 22.7250792980194 22.7443029284477 22.7797449827194 22.7964004278183 22.8347614407539 22.8685046434402 22.9165923595428 22.9405074119568 22.9916756153107 22.9995946884155 22.9985246062279 23.0010079741478 23.0192081332207 23.0065622925758 23.0239560604095 23.0134083032608
23.0004414319992 22.6272630095482 21.65987855196 21.0525679588318 21.1014521121979 21.1304298043251 21.1360407471657 20.9971458315849 20.7855194807053 20.9882155060768 20.6591712236404 20.9029280543327 20.7381417155266 20.855068385601 21.0387706160545 21.3653728961945 21.3228234648705 20.9111889600754 21.192763209343 21.7160348892212 21.7181124687195 21.5676182508469 22.0608040094376 21.7594872117043 22.2147606611252 22.5034592747688 22.545345723629 22.4795385599136 22.59584659338 22.663913667202 22.7052111029625 22.7462493777275 22.779646217823 22.8020429611206 22.864325106144 22.8648924231529 22.9236865639687 22.9553193449974 22.9867650270462 23.0048300623894 23.0090991854668 23.0183327794075 23.0110875964165 23.0238298773766 23.0272349119186 23.0356147289276
