Archive - glowpa-model-master/Model input/Uganda/watertemperature/Tw_may_1.asc
NCOLS 67 
NROWS 67 
XLLCORNER 29.5000000014144 
YLLCORNER -1.49999999936061 
CELLSIZE 0.0833333332926796 
NODATA_value -9999 
[rows 20 to 39 of 67, columns 0 to 45 of 67]
-9999 -9999 -9999 -9999 -9999 -9999 -9999 -9999 -9999 -9999 -9999 -9999 -9999 -9999 -9999 21.6324912309647 21.7881833314896 21.9034481048584 22.9694139957428 23.5364761948586 24.8342612981796 25.1303763389587 25.4042702913284 25.4701116085052 25.411977827549 25.3458362817764 25.0843191742897 25.0109177231789 24.944988489151 24.7745820879936 24.6695897579193 24.5833204984665 24.4501325488091 24.4006975293159 24.41057741642 24.4010974764824 24.3078509569168 24.2394378185272 24.2617462277412 24.1855059862137 24.1517954468727 24.0581476092339 24.2126133441925 24.325704574585 24.4402530789375 24.4766136407852
-9999 -9999 -9999 -9999 -9999 -9999 -9999 -9999 -9999 -9999 -9999 -9999 -9999 -9999 -9999 21.2688431143761 21.0148511528969 21.1940125226974 22.2133409380913 23.3891488313675 24.7582406997681 25.1580485105515 25.4715274572372 25.4238883256912 25.3871756196022 25.3162465691566 25.1361228227615 25.0168719291687 24.7609320282936 24.6791285276413 24.6425513625145 24.5511238574982 24.4417327642441 24.3833591341972 24.4075684547424 24.3564858436584 24.3086511492729 24.3279198408127 24.3128548264503 24.2074897289276 24.1910673975945 24.0909132957458 24.1280049085617 24.1999841332436 24.2571272850037 24.4024616479874
-9999 -9999 -9999 -9999 -9999 -9999 -9999 -9999 -9999 -9999 -9999 -9999 -9999 -9999 -9999 -9999 20.2870209217072 20.9678921103477 22.2827687859535 23.7758529782295 24.7459419369698 25.3160848617554 25.4179630279541 25.4039841890335 25.251537322998 25.1247189044952 25.0177806019783 24.9121435880661 24.7174208164215 24.5150244832039 24.4496331810951 24.4961662888527 24.4678935408592 24.3627508282661 24.3563810586929 24.3073155879974 24.3527962565422 24.3181262016296 24.2943902611732 24.2242186069489 24.1406852006912 24.1093327999115 24.1979567408562 24.1725672483444 24.090673327446 24.213926076889
-9999 -9999 -9999 -9999 -9999 -9999 -9999 -9999 -9999 -9999 -9999 -9999 -9999 -9999 -9999 -9999 -9999 20.5297764539719 22.5311990976334 23.6817978620529 25.0731208920479 25.3994516134262 25.4010970592499 25.3644959330559 25.226602435112 25.1241385340691 25.0750016570091 24.9065108299255 24.5475082397461 24.2057576179504 24.1587464213371 24.1637204289436 24.2894488573074 24.3262546062469 24.322429060936 24.3269366621971 24.3419873118401 24.2997275590897 24.2524241805077 24.2692370414734 24.18483710289 24.236333489418 24.2894235253334 24.2315263152122 24.118546962738 24.081403195858
-9999 -9999 -9999 -9999 -9999 -9999 -9999 -9999 -9999 -9999 -9999 -9999 -9999 -9999 -9999 19.2534162998199 19.0037126541138 21.569209754467 24.1068831682205 24.6195991635323 25.3174842596054 25.3594307303429 25.372262597084 25.3452922105789 25.2726657986641 25.1745752692223 24.9852936863899 24.6800402998924 24.3272393345833 24.0503877997398 23.9606228470802 24.0531613826752 24.1590346693993 24.23815959692 24.2937664985657 24.2885200977325 24.2792247533798 24.2658391594887 24.2864165306091 24.2974029183388 24.2129900455475 24.2959491014481 24.3461666107178 24.268646299839 24.1461370587349 24.1542855501175
-9999 -9999 -9999 -9999 -9999 -9999 -9999 -9999 -9999 -9999 -9999 -9999 -9999 -9999 -9999 18.9976261258125 20.7140765190125 24.3000942468643 25.0830961465836 25.2472838759422 25.2886313796043 25.308897793293 25.3259847760201 25.3138678073883 25.2257088422775 24.8745812773705 24.4124308228493 24.3155454397202 24.1504401564598 23.9877040982246 24.0778902173042 24.0630264282227 24.0711880326271 24.1638939380646 24.2539773583412 24.2513608336449 24.2515140175819 24.2760346531868 24.2856512665749 24.3179941773415 24.2693255543709 24.3183108568192 24.3549763560295 24.304771065712 24.1838374137878 24.1385459303856
-9999 -9999 -9999 -9999 -9999 -9999 -9999 -9999 -9999 -9999 -9999 -9999 -9999 -9999 -9999 19.4836602807045 23.7944396138191 25.0586658120155 25.1414716243744 25.2066261172295 25.2510909438133 25.2809388041496 25.3014029860497 25.1756734251976 24.7299073338509 24.2938011288643 24.1702253818512 24.3456698656082 24.1541968584061 24.1524151563644 24.1557705402374 24.1508845686913 24.0409142971039 24.1382223963737 24.1877636313438 24.1884111166 24.1814534664154 24.2673812508583 24.3655686378479 24.4373772144318 24.3534057736397 24.3710840940475 24.3368614912033 24.2671998739243 24.1836549639702 24.1704103946686
-9999 -9999 -9999 -9999 -9999 -9999 -9999 -9999 -9999 -9999 -9999 -9999 -9999 -9999 -9999 23.2437946200371 24.9812431931496 25.0707695484161 25.1357060670853 25.193063557148 25.2323544621468 25.2523154020309 25.0284788012505 24.3600004315376 24.1230819225311 24.0128750801086 24.0158428549767 24.1299856305122 24.2035150527954 24.0842106938362 24.1930264234543 24.1583319306374 24.0808978676796 24.0997905731201 24.1180493235588 24.1571753621101 24.2033766508102 24.2910732626915 24.3736823797226 24.4062955975533 24.4091861248016 24.4037402272224 24.3566263318062 24.3015753626823 24.2452003955841 24.2637277841568
-9999 -9999 -9999 -9999 -9999 -9999 -9999 -9999 -9999 -9999 -9999 -9999 -9999 -9999 23.3159231543541 24.9202800989151 25.0615656971931 25.1030476093292 25.1457500457764 25.1931936144829 25.2195758223534 24.9247899651527 24.3025542497635 23.9941436648369 23.9539380073547 23.9444506764412 24.0325965285301 24.0093368291855 23.9677372574806 24.0486178994179 24.2432017922401 24.2183002829552 24.0685023069382 23.9214518070221 24.0586342215538 24.2219208478928 24.2684525847435 24.3497231602669 24.3964627385139 24.4167971014977 24.3910752534866 24.3983418345451 24.4016628861427 24.3811383247375 24.4036473631859 24.3774390220642
-9999 -9999 -9999 -9999 -9999 -9999 -9999 -9999 -9999 -9999 -9999 21.3533616065979 21.8367843031883 23.741735637188 24.9627600908279 25.0743677020073 25.1025391817093 25.1399422287941 25.1790961027145 25.1923553943634 24.7064962387085 24.0246492624283 23.9384008049965 23.8949407339096 24.0554595589638 24.1108165979385 23.9621524810791 24.0202044248581 23.987340092659 24.1106134653091 24.2083523273468 24.1480113863945 24.1221277117729 24.1392148733139 24.1981023550034 24.2453469634056 24.2965486049652 24.3325507640839 24.37983751297 24.4425039887428 24.4230013489723 24.4071813225746 24.4363268017769 24.4406618475914 24.4312590360641 24.3809187412262
-9999 -9999 -9999 -9999 -9999 -9999 -9999 -9999 -9999 -9999 22.51134288311 23.6949242949486 24.7869558930397 25.0513623952866 25.1162557601929 25.1360207796097 25.1668690443039 25.1826173067093 25.1506192088127 24.3658291101456 23.8934920430183 23.8195760846138 23.5176730751991 23.6491141319275 23.8861693739891 23.9908285140991 23.9418968558311 23.9853429794312 24.0694143772125 24.1787120699883 24.1094797849655 24.0937081575394 24.0908264517784 24.1024767756462 24.1686155796051 24.2520407438278 24.2956433296204 24.3247401714325 24.4221826195717 24.4815135598183 24.4904170632362 24.4819098711014 24.4863328337669 24.4679062366486 24.458035826683 24.3936957716942
-9999 -9999 -9999 -9999 -9999 -9999 -9999 -9999 -9999 -9999 24.507705450058 25.144400537014 25.1743351221085 25.1905323266983 25.1922423839569 25.2169201374054 25.2206084728241 25.1172451376915 24.3377928137779 23.8278173804283 23.8152038455009 23.8119329214096 23.4714895486832 23.5462517142296 23.8736850619316 23.9998897910118 23.948849260807 24.0902178287506 24.1895154714584 24.1650965809822 24.1129384040833 24.0624982118607 23.995235979557 24.0158450007439 24.0912491083145 24.1851353645325 24.3008622527122 24.3777015209198 24.452041208744 24.4769297838211 24.4782845973969 24.4974111914635 24.4899662137032 24.4802629351616 24.4628452658653 24.4463760256767
-9999 -9999 -9999 -9999 -9999 -9999 -9999 -9999 -9999 23.5290829539299 25.1311764717102 25.2165040373802 25.2362921833992 25.293278336525 25.2915859222412 25.2058523893356 24.404346704483 24.0618300437927 23.8800128102303 23.886837720871 23.9122646450996 23.7847999334335 23.6373773217201 23.696210026741 23.9237097501755 23.9496554732323 24.0333136916161 24.1117906570435 24.0807402133942 24.0375156998634 24.0268126726151 24.0363695025444 23.999135196209 23.9567841291428 23.9503268003464 24.0455608963966 24.2021826505661 24.2974893450737 24.373016834259 24.3276185393333 24.327951669693 24.4038464426994 24.4740210771561 24.4735525846481 24.4539627432823 24.4473158717155
-9999 -9999 -9999 -9999 -9999 -9999 -9999 -9999 -9999 24.096761405468 25.1656292676926 25.2163901329041 25.3160387277603 25.3595939874649 25.3390624523163 24.3940848112106 23.8028673529625 23.8120001554489 23.8390535116196 23.8720626831055 23.8493002653122 23.7727103233337 23.8296043276787 23.9005652666092 23.8530202507973 23.9125162959099 23.9482865929604 24.0163908600807 24.0497116446495 24.0154556632042 23.9657539129257 23.9313753247261 23.9975842237473 23.9610797762871 23.8973892331123 23.9495933651924 24.1229523420334 24.1470574736595 24.2572585940361 24.277622461319 24.2761587500572 24.3057300448418 24.3862755298615 24.4494709968567 24.4384425282478 24.4311341047287
-9999 -9999 -9999 -9999 -9999 -9999 22.0821443796158 22.1793403625488 22.7043610811234 25.0016899108887 25.2234642505646 25.2166467308998 25.3016607165337 25.3322089910507 25.1143963932991 23.7350646853447 23.7983647584915 23.804944217205 23.8648009896278 23.8803961873055 23.9295335412025 23.9257126450539 23.8794919848442 23.8551003932953 23.8559516072273 23.8770762085915 23.9015293717384 23.9293606281281 23.975124001503 23.9071151018143 23.9632765650749 23.8808245062828 23.8820027112961 23.9351887106895 23.9339291453362 23.9276947975159 23.994205892086 24.0668922066689 24.1378636360168 24.2518194317818 24.2227222919464 24.258246243 24.3114710450172 24.3556281328201 24.353752553463 24.3951263427734
-9999 -9999 -9999 -9999 -9999 -9999 22.9811061024666 23.1806516647339 24.4100083112717 25.4087814688683 25.5709946751595 25.5067719817162 25.3078711032867 25.1943961381912 24.1021243333817 23.7614317536354 23.980636715889 23.9851191043854 23.9949259161949 23.9624335765839 23.9218968749046 23.9153217673302 23.9282151460648 23.9154164791107 23.8643397688866 23.8369737267494 23.8362820148468 23.8827067017555 23.9420647025108 23.8666006326675 23.9076684713364 23.8321489691734 23.752922296524 23.863537967205 23.896334707737 23.8847428560257 23.9233852028847 24.0261546969414 24.060016810894 24.1871275901794 24.18421626091 24.2554249167442 24.2260868549347 24.2396250367165 24.2473174929619 24.3357918262482
-9999 -9999 -9999 -9999 -9999 23.3167846798897 24.3020023703575 24.9123621582985 25.2525169253349 25.5115984082222 25.5339106321335 25.4639057517052 25.2497472167015 24.3526544570923 23.621820628643 23.7756659984589 23.7746848464012 23.8236426711082 23.8825438022614 23.9364512562752 23.8859326243401 23.8369834423065 23.8504105806351 23.8889972567558 23.9205303788185 23.8419264554977 23.783900976181 23.7874740958214 23.8804649710655 23.8900036215782 23.8153096437454 23.789224922657 23.698270201683 23.7410269379616 23.8583904504776 23.8815186023712 23.9399401545525 23.8960322737694 24.0468367338181 24.1372377872467 24.1159893870354 24.193911254406 24.1745175123215 24.1660451292992 24.1842087507248 24.2120494842529
-9999 -9999 23.6405448317528 23.5260502696037 23.0066943764687 23.9948124885559 24.6553798913956 24.9986600279808 25.2713814377785 25.3206473588943 25.2392929792404 25.1202745437622 24.2952497005463 23.438863992691 23.5047532320023 23.5241193175316 23.6786149144173 23.7524025440216 23.8350728154182 23.9212476611137 23.6829124093056 23.6645202040672 23.634423494339 23.8151799440384 23.8956096172333 23.713726580143 23.518400490284 23.7222290635109 23.8478462100029 23.8535102009773 23.8068597316742 23.7306391000748 23.7488701939583 23.7416343092918 23.8424614071846 23.8788293004036 23.900157392025 23.8175867199898 23.9872473478317 24.0855116248131 24.0668882131577 24.1699629426003 24.1351606249809 24.0674920678139 24.1130625605583 24.1207032203674
-9999 23.6805450320244 23.6603091955185 23.8639079332352 23.9357049465179 24.420871078968 24.6830344200134 24.712104678154 24.3166133761406 24.7967201471329 24.4171763658524 23.2483319044113 23.1753818392754 23.5017334222794 23.5998869538307 23.6716207265854 23.6092839241028 23.639045715332 23.7612842321396 23.8044614195824 23.8434432148933 23.6262554526329 23.4223011732101 23.3797261118889 23.4183171391487 23.6842085719109 23.4246782064438 23.4692739248276 23.716698884964 23.8066671490669 23.8543702960014 23.8429192900658 23.7794897556305 23.7497661113739 23.7832678556442 23.7826878428459 23.7296510338783 23.7675023078918 23.9432948231697 24.0390931963921 24.0554216504097 24.1393645405769 24.1195222139359 24.0906666517258 24.0496555566788 24.1017246246338
-9999 23.8053838014603 24.0486339330673 24.1502346992493 24.2472974061966 24.2791408896446 24.2937177419662 24.0243863463402 22.9322000145912 23.6541901230812 22.9524641633034 22.5697469115257 22.695304453373 23.0814626812935 23.1717374920845 23.593751847744 23.6480954289436 23.6345438361168 23.4529818296432 23.5189300775528 23.7558079957962 23.6097076535225 23.4235662221909 23.3455556631088 23.0400097370148 23.7062356472015 23.7197181582451 23.5479078292847 23.1381276249886 23.4313641190529 23.7272557020187 23.7127364873886 23.8079964518547 23.7527428865433 23.6940079331398 23.7507840394974 23.6579160690308 23.808290719986 23.9410431981087 23.9860953688622 23.9922115802765 24.0366709828377 24.1031351685524 24.1265585422516 24.0804044604301 24.0890336632729
