Archive - glowpa-model-master/Model input/Uganda/watertemperature/Tw_may_1.asc
NCOLS 67 
NROWS 67 
XLLCORNER 29.5000000014144 
YLLCORNER -1.49999999936061 
CELLSIZE 0.0833333332926796 
NODATA_value -9999 
[rows 40 to 59 of 67, columns 0 to 45 of 67]
23.8433859348297 24.193529009819 24.23526263237 24.1206550002098 23.9432207942009 23.9182021617889 23.9180949926376 21.4270218014717 21.7339999079704 22.2103875279427 22.2143248915672 22.4467839002609 22.6190081238747 23.0107333660126 23.1773309111595 23.5484863519669 23.4637795686722 23.5660920143127 23.3115226626396 23.2396796345711 23.3842554688454 23.5242519378662 23.3489416837692 23.189201772213 23.1404396295547 23.2659604549408 23.6628916859627 23.5708818435669 23.4092052578926 23.1020748019218 23.5313406586647 23.5962283611298 23.7152997255325 23.6089240312576 23.530397772789 23.5268485546112 23.5665549635887 23.6685116291046 23.8485805988312 23.9192703962326 23.9477981328964 23.9091092348099 23.9945778250694 24.0201010107994 24.0692617893219 24.0000522732735
23.9685370326042 24.1968758702278 24.2854431271553 24.2259310483932 23.9210584759712 23.7130125761032 21.5730580091476 18.7856368422508 22.0748093128204 22.3563302755356 22.330682516098 22.4958761334419 22.7722342610359 23.0296097397804 23.1705682873726 23.3639898896217 23.3597903251648 23.5005270838737 23.3922897577286 23.3959473371506 23.3306873440742 23.2919528484344 23.2735111713409 23.3788637518883 23.3828333616257 23.3006410002708 23.3352645039558 23.4877555370331 23.434096634388 23.2220787405968 23.4202499985695 23.5794985294342 23.6731507182121 23.6596863865852 23.6218432784081 23.6509925723076 23.5333572030067 23.6459578275681 23.7959151864052 23.8402854800224 23.8919146060944 23.8890958428383 23.93035197258 23.8986440896988 23.9664603471756 23.8400260210037
23.865769803524 24.0861895680428 24.2552654743195 24.0141495466232 19.7168335318565 18.7898261547089 15.7118235230446 19.9519849419594 22.4003178477287 22.566032409668 22.4437494874001 22.7387337088585 23.0013002753258 22.9640283584595 23.0667226910591 23.2110849022865 23.2696939706802 23.2935907840729 23.2530161142349 23.2713384628296 23.2820419669151 23.3058905005455 23.2777608036995 23.4184960126877 23.400174498558 23.4387360215187 23.360826253891 23.4561688899994 23.3972972035408 23.2825010418892 23.1051055192947 23.418320775032 23.5930016040802 23.6535970568657 23.6708347797394 23.6353144049644 23.4360547661781 23.6050845384598 23.7229573130608 23.729626595974 23.8172556757927 23.7998457551003 23.815508723259 23.7929730415344 23.8762642741203 23.8482982516289
23.8489364385605 23.9345387220383 23.9971848726273 19.8947978019714 10.5868147611618 10.2323102653027 13.8280263245106 21.5928575396538 23.1381258368492 23.2395015954971 23.1462106704712 23.1206965446472 23.1427484750748 23.1478799581528 23.0886461138725 23.1192037463188 23.2259917855263 23.1335610747337 23.1019819974899 23.2261230945587 23.3518384695053 23.4149423241615 23.483306825161 23.4009647965431 23.3296560049057 23.4162952303886 23.4237887263298 23.4102519750595 23.4588265419006 23.4285060763359 23.2226573228836 23.2910079956055 23.4592396020889 23.4307904839516 23.5528398156166 23.5202129483223 23.46744120121 23.5866554379463 23.6036328077316 23.6642590761185 23.7433189749718 23.5342342853546 23.5819081068039 23.6155243515968 23.8592193722725 23.8216781616211
23.9317021369934 23.8006762266159 23.7514545917511 18.4899474382401 7.58747081458569 10.4009567201138 18.445248901844 22.4512578845024 23.8008006215096 23.9171586632729 23.463510453701 23.4441160559654 23.4412708878517 23.3387770652771 23.2626414299011 23.3075736165047 23.352770447731 23.2795252203941 23.255058825016 23.4053372144699 23.4926005601883 23.4730677604675 23.4951968193054 23.4702429771423 23.4883270859718 23.4366045594215 23.4047199487686 23.5108253359795 23.5785916447639 23.545426428318 23.3270963430405 23.2137705683708 23.3507817387581 23.390666782856 23.4235492944717 23.408035993576 23.4560796022415 23.5379263758659 23.5113911032677 23.6116542816162 23.5410174131393 23.4254210591316 23.3949290513992 23.5454611182213 23.6760849356651 23.8800400495529
23.9362123012543 23.8144556879997 23.6006072759628 17.7426497340202 8.36122453212738 11.9034013450146 19.6639429926872 23.5999485850334 23.9678507447243 24.1622296571732 23.6285999417305 23.5349599719048 23.5937651395798 23.4516426920891 23.414430975914 23.3787603378296 23.5039971470833 23.3972670435905 23.4465129971504 23.5668533444405 23.5800415873528 23.5410358309746 23.5339755415916 23.4998088479042 23.4561118483543 23.3736655116081 23.4090317487717 23.5365615487099 23.498385488987 23.4016870856285 23.2930482029915 23.2667446136475 23.2443923354149 23.2158353924751 23.3396804332733 23.4182625412941 23.476559817791 23.5995666980743 23.5317412018776 23.4454182386398 23.378655731678 23.3545862436295 23.3845667243004 23.6161496639252 23.7405551671982 23.7558152079582
23.9171677827835 23.9110662341118 22.7782701253891 18.1020509600639 14.0844270884991 18.2293419837952 22.5924683213234 24.0920402407646 24.1253150701523 24.212705373764 23.7469096183777 23.4584672451019 23.6095231175423 23.5626737475395 23.4924295544624 23.5050753355026 23.5064293146133 23.4786467552185 23.5221304893494 23.5088019371033 23.5005979537964 23.4791369438171 23.4255220293999 23.3740383982658 23.3695346713066 23.3683394789696 23.4428674578667 23.3859953284264 23.3264516592026 23.2627682685852 23.2122458815575 23.2713534832001 23.2304071784019 23.3284803628922 23.4143899083138 23.3888921737671 23.4618858098984 23.5810819268227 23.4777289032936 23.3935233950615 23.5019329190254 23.4176571965218 23.395709335804 23.7552947998047 23.7762200832367 23.595883846283
23.9298463463783 23.9718121290207 22.6614438891411 19.3531594276428 19.3746869564056 22.4058391451836 23.5579478740692 24.1333492398262 24.0639470219612 24.0283046364784 23.6548852920532 23.6155450344086 23.5503820776939 23.4245086312294 23.2704592347145 23.2661157846451 23.3028170466423 23.253820002079 23.3347702622414 23.2667276859283 23.2885122299194 23.3167670965195 23.2821483612061 23.3259891867638 23.3573040366173 23.3614386916161 23.3492407202721 23.2986499071121 23.3058287501335 23.2643296718597 23.220378279686 23.2859487533569 23.3078975081444 23.421276807785 23.4877376556396 23.4815573692322 23.5662383437157 23.6496170759201 23.5446454286575 23.6217936873436 23.5230526328087 23.2753247618675 23.5926253795624 23.7501204609871 23.7925916314125 23.7563262581825
23.774706363678 24.1264468431473 23.6445634365082 22.8329471945763 23.4931597113609 23.5022146105766 24.2722677588463 24.2877203226089 24.1146780252457 23.9854267239571 23.4001824259758 23.3805338144302 23.2281787991524 23.1828318834305 23.1368349790573 23.0707947611809 23.022592484951 23.043998837471 23.1153999567032 23.0538740754128 23.1083297133446 23.1631490588188 23.126846075058 23.2119805216789 23.2884321212769 23.2883920669556 23.3456021547318 23.3788329362869 23.2918984293938 23.3578724861145 23.3081293106079 23.3147664070129 23.3654496073723 23.4047275781631 23.623863697052 23.6363316774368 23.6274257302284 23.661027431488 23.6732940673828 23.6079719662666 23.6660896539688 23.6737617850304 23.7367826104164 23.788383603096 23.7812829017639 23.7772682905197
23.7027850747108 24.1739171147346 23.9193621873856 24.1508864760399 24.0101959705353 23.8936024308205 24.4930813312531 24.6502842307091 24.1977786421776 23.7567604780197 22.939743578434 23.0575621128082 22.9995010495186 22.9350930452347 22.9334016442299 22.9209569096565 22.8113293647766 22.817676961422 22.8831856250763 22.8937236070633 22.8953813910484 23.000671505928 23.0149564146996 23.0554670095444 23.1909388303757 23.1503203511238 23.2399052381516 23.2506703138351 23.3494450449944 23.2623529434204 23.3207614421844 23.3325082659721 23.4042621254921 23.5338034629822 23.6334539055824 23.7046165466309 23.7045069336891 23.697330057621 23.5705828070641 23.5194742679596 23.6705206632614 23.7064613699913 23.7338747382164 23.7755962014198 23.7736583352089 23.8237057924271
23.9880872964859 24.3107025623322 24.278071641922 24.2672733068466 24.3152366876602 24.2061324715614 24.2527153491974 24.1190134882927 23.8910738229752 23.4495841860771 22.1700675487518 22.4685786366463 22.6770040392876 22.7122927308083 22.8233916759491 22.6805961728096 22.5964952707291 22.5670635104179 22.6270233988762 22.6796813011169 22.6613232493401 22.772242128849 22.8332030773163 22.9363716244698 23.0776833295822 23.0383684635162 23.1763278841972 23.1344863176346 23.325912296772 23.3360942602158 23.4223465323448 23.4222218394279 23.4460864663124 23.5075500607491 23.6365122199059 23.6875970959663 23.7044854164124 23.6625068187714 23.5136235356331 23.5336862802505 23.6582162976265 23.6546455621719 23.7086610198021 23.7683828473091 23.773540019989 23.8168482780457
24.361502289772 24.4362055063248 24.38816177845 24.3045714497566 24.2341705560684 24.0821102261543 23.8721581101418 23.4256770610809 23.1194899082184 22.5278465151787 21.0297587513924 21.8809685707092 21.9665458202362 22.4275189042091 22.541069984436 22.4087246060371 22.3502570390701 22.3360384106636 22.3834757208824 22.4290308356285 22.466657102108 22.5780467987061 22.6952930092812 22.8502566814423 22.9910815954208 22.9597801566124 23.063996553421 22.966589152813 23.2898881435394 23.2682821154594 23.3219148516655 23.3132741451263 23.3481116890907 23.3713057041168 23.5070396065712 23.6124611496925 23.6429061293602 23.6724814176559 23.6929374933243 23.6537164449692 23.6458466053009 23.6514377593994 23.7011674046516 23.750389277935 23.7846686840057 23.8093064427376
24.5225291848183 24.5504937767982 24.4042875170708 24.2642049193382 24.0264284014702 23.8624391555786 23.4270067214966 22.5574258565903 22.2215638160706 21.3237307667732 20.2245420217514 20.2340601682663 21.448642551899 22.0728903412819 22.2706797122955 22.2617990970612 22.1789700388908 22.0564415454865 22.1638736724854 22.2627986073494 22.2323078513145 22.4039051532745 22.5237962603569 22.728635430336 22.8565585613251 22.8874570131302 22.9737296104431 22.9659859538078 23.28354626894 23.2835840582848 23.312310397625 23.247103869915 23.2717310190201 23.3206231594086 23.4001663923264 23.4693507552147 23.5185979008675 23.6200720071793 23.6325547099113 23.6315044760704 23.6257201433182 23.6340753436089 23.6803086996078 23.7330497503281 23.7657255530357 23.7874779105186
24.5671714544296 24.5323671102524 24.2950956225395 24.1278297901154 23.9092019200325 23.6997914910316 22.7503580451012 21.9341063499451 22.0580478906631 20.9311813116074 20.2738804221153 20.7363810539246 21.5981088280678 21.8521605730057 21.9119471907616 22.0405064225197 22.0309660434723 22.0172989368439 22.1928742527962 22.2539785504341 22.2939215302467 22.1853613853455 22.4181435704231 22.6155597567558 22.7249339818954 22.7988477945328 22.9099052548409 22.990821480751 23.2791507840157 23.2799029350281 23.3045516014099 23.3188283443451 23.2962063550949 23.2659690976143 23.3584068417549 23.4159749150276 23.4543207883835 23.5771804451942 23.5968982577324 23.6070337891579 23.5972256064415 23.6048801541328 23.6422222852707 23.6837503314018 23.7045300602913 23.7403862476349
24.5562643408775 24.4216833114624 24.1528849601746 24.0126262903214 23.7545254230499 23.4507096409798 22.0997961163521 21.4731101989746 21.645537674427 20.9987061619759 20.9270703792572 21.525382578373 21.8478257656097 22.074001789093 21.8624126315117 21.9389804005623 22.0416014790535 22.1925436258316 22.3266116380692 22.229242682457 22.0970593094826 22.0196889042854 22.204211294651 22.5037193894386 22.6519905924797 22.8068843483925 22.8826821446419 23.0639159083366 23.256157040596 23.296019077301 23.3192404508591 23.298756301403 23.2326848506927 23.2611973881721 23.4076187610626 23.3971229195595 23.471547305584 23.5620593428612 23.5765807032585 23.6038058400154 23.5737013816833 23.6021338701248 23.615473151207 23.6532298922539 23.6804584860802 23.6927884221077
24.4655187726021 24.4291821718216 24.2126324176788 23.7846725583076 23.5462499856949 22.8261061906815 21.5799921154976 21.0027114152908 20.9961184263229 21.1442697644234 21.2965197563171 21.5453966259956 21.6604869961739 21.70705473423 22.1015792489052 22.1924633979797 22.1480333209038 22.273862183094 22.279526591301 22.3596002459526 22.1016846895218 21.9208863377571 21.9247875809669 22.3582114577293 22.6523326635361 22.7831822633743 22.9770171642303 23.1550577282906 23.2544002532959 23.2716492414474 23.2902070879936 23.2655044794083 23.3140527009964 23.3478950858116 23.4236387610435 23.4765240550041 23.5315346121788 23.5461422801018 23.5593413114548 23.603716135025 23.6002212166786 23.5868937969208 23.6034387350082 23.6159819364548 23.6477983593941 23.6453323364258
24.485636651516 24.4118491411209 24.0747473239899 23.6251629590988 23.2795295119286 21.968149960041 21.0141888260841 21.024280667305 21.2497078180313 21.2412858009338 21.4171702861786 21.5319768190384 21.480583190918 21.6394991278648 22.2736421823502 22.2158399820328 21.8604925274849 22.02597874403 22.2233474254608 22.0303067564964 22.1014048457146 21.9488625526428 21.7660201787949 22.1892666816711 22.6691116690636 22.7444885373116 22.8970692157745 23.1420010328293 23.2339403033257 23.2381817102432 23.2760707736015 23.3007132411003 23.3116163611412 23.3301295638084 23.3919181227684 23.4696807861328 23.5247200727463 23.530085504055 23.5759950876236 23.59766715765 23.5869196653366 23.6079809069633 23.5971342921257 23.5829461812973 23.6135864853859 23.6317114830017
24.5987428426743 24.1489246487617 23.6199067831039 23.290190577507 22.6963927745819 21.3811748027802 20.8676378726959 20.8485703468323 20.7399216294289 20.7603818178177 21.1721248626709 20.7964362502098 20.5439899563789 20.8530867099762 21.8113474845886 22.0231722593307 21.9885405898094 22.0894232988358 22.012664437294 21.8940253853798 21.8857756853104 22.1498178243637 21.9132334589958 22.171570122242 22.6158309578896 22.7827532887459 23.0439108014107 23.1868666410446 23.1925603747368 23.2363080382347 23.287245452404 23.2899953126907 23.3172940611839 23.3679249286652 23.4024602770805 23.4560859799385 23.513182759285 23.5204663872719 23.5585649013519 23.5726065635681 23.601498067379 23.5860543847084 23.5965783596039 23.5907819867134 23.6109245419502 23.6140909194946
24.0060326457024 23.595708668232 23.1296925544739 22.6273273825645 21.8405447602272 20.7176502346992 21.0938164591789 20.9868122339249 20.8303209543228 20.9912185072899 20.7117194533348 20.711977481842 20.6177969574928 20.2926281094551 21.0278127789497 21.5383570194244 22.1257528066635 22.0214686393738 21.5372828245163 21.7059011459351 21.6920295357704 21.7029256224632 21.8903406262398 22.1775612235069 22.606564104557 22.7834798693657 22.9885478615761 23.1413040757179 23.1939563751221 23.2337204813957 23.2463735342026 23.2720050811768 23.3132261037827 23.3797984719276 23.4176071286201 23.4478000402451 23.5016510486603 23.5049807429314 23.5490624308586 23.5476332902908 23.5721681714058 23.5600197911263 23.5856772065163 23.5897308588028 23.5943771600723 23.5852820277214
23.3458813428879 23.0058346390724 22.005723297596 21.4167461395264 21.3710240721703 21.5711647868156 21.6494493484497 21.4502745866776 21.1262876391411 21.2866832017899 20.9630103707314 20.9289487600327 20.9119763970375 20.8721958994865 20.7608637809753 21.5210090279579 21.5473398566246 21.2872123122215 21.5586232542992 21.8010808825493 21.7579616308212 21.5291023254395 22.1921316981316 22.3011144399643 22.5409809350967 22.8206810951233 22.8429383635521 23.0434297323227 23.1567661762238 23.1844716072083 23.2189309000969 23.2483299970627 23.2953823208809 23.3693438768387 23.4227958917618 23.4351045489311 23.4852519631386 23.5165004730225 23.5416596531868 23.543840944767 23.5607571005821 23.5879859924316 23.5936141610146 23.6004875302315 23.5858321785927 23.5919454693794
