Archive - glowpa-model-master/Model input/Uganda/watertemperature/Tw_may_1.asc
NCOLS 67 
NROWS 67 
XLLCORNER 29.5000000014144 
YLLCORNER -1.49999999936061 
CELLSIZE 0.0833333332926796 
NODATA_value -9999 
[rows 0 to 19 of 67, columns 0 to 45 of 67]
-9999.000000000000000 -9999 -9999 -9999 -9999 -9999 -9999 -9999 -9999 -9999 -9999 -9999 -9999 -9999 -9999 -9999 -9999 -9999 -9999 -9999 -9999 -9999 -9999 -9999 -9999 -9999 -9999 -9999 -9999 -9999 -9999 24.9950104951859 24.9656415581703 -9999 -9999 -9999 -9999 -9999 -9999 -9999 -9999 -9999 -9999 -9999 -9999 -9999
-9999 -9999 -9999 -9999 -9999 -9999 -9999 -9999 -9999 -9999 -9999 -9999 -9999 -9999 -9999 -9999 -9999 -9999 -9999 -9999 -9999 -9999 -9999 -9999 -9999 -9999 -9999 -9999 -9999 24.9863348603249 24.971132338047 24.9462012052536 25.1150770187378 24.9963535070419 24.8795469403267 24.872774541378 24.5419048666954 22.8402668833733 21.2970424294472 20.8530648350716 -9999 -9999 -9999 -9999 -9999 -9999
-9999 -9999 -9999 -9999 -9999 -9999 -9999 -9999 -9999 -9999 -9999 -9999 -9999 -9999 -9999 -9999 -9999 -9999 -9999 -9999 -9999 -9999 -9999 -9999 -9999 -9999 -9999 -9999 -9999 25.2812610268593 25.2833099961281 25.3756220936775 25.3360303640366 25.1325056552887 24.9632383584976 24.9966787099838 24.9463816285133 24.7228914499283 23.7771699428558 22.6175541877747 20.6658940911293 19.2719328403473 21.2382743954659 -9999 -9999 -9999
-9999 -9999 -9999 -9999 -9999 -9999 -9999 -9999 -9999 -9999 -9999 -9999 -9999 -9999 -9999 -9999 -9999 -9999 -9999 -9999 -9999 -9999 -9999 -9999 -9999 24.95174741745 -9999 -9999 -9999 25.5181953907013 25.5257653594017 25.5052530765533 25.344485938549 25.173648416996 25.0190432667732 24.9904850721359 24.8688387870789 24.697618663311 24.3975678086281 23.2827600836754 20.7731621861458 22.0570366382599 24.0233919024467 -9999 -9999 -9999
-9999 -9999 -9999 -9999 -9999 -9999 -9999 -9999 -9999 -9999 -9999 -9999 -9999 -9999 -9999 -9999 -9999 -9999 -9999 -9999 -9999 -9999 25.0452892780304 -9999 -9999 25.0864584445953 -9999 -9999 -9999 25.5496300458908 25.6245363354683 25.5452992320061 25.3860101103783 25.2362000346184 24.9977602958679 24.8484904766083 24.7613418698311 24.7605927586555 24.623948097229 24.4089396595955 23.9096730351448 23.8149124383926 24.1455262303352 23.9730409383774 -9999 -9999
-9999 -9999 -9999 -9999 -9999 -9999 -9999 -9999 -9999 -9999 -9999 -9999 -9999 -9999 -9999 -9999 -9999 -9999 -9999 -9999 -9999 24.976423740387 25.2318602800369 25.2557297348976 25.3048212528229 25.251128911972 24.9263346195221 24.9348098039627 24.875493824482 25.4407339096069 25.5182437896729 25.5062683820724 25.4666291475296 25.3406449556351 25.1367101669312 24.9542703032494 24.8454669117928 24.7352323532104 24.5378640890121 24.274121940136 24.2801415324211 24.2707140445709 24.2143769264221 24.1123828887939 -9999 -9999
-9999 -9999 -9999 -9999 -9999 -9999 -9999 -9999 -9999 -9999 -9999 -9999 -9999 -9999 -9999 -9999 -9999 -9999 -9999 24.7724539637566 24.915832221508 25.277739405632 25.4109514355659 25.4602372646332 25.4625294804573 25.3904877901077 25.3364722728729 25.511919260025 25.5105713009834 25.5267633795738 25.5467718243599 25.4820087552071 25.4633477926254 25.283336520195 25.1777541041374 25.0869227051735 24.9477570652962 24.7712819576263 24.5819184780121 24.4179809689522 24.5181673765182 24.5521405339241 24.5518527626991 24.4553807377815 -9999 -9999
-9999 -9999 -9999 -9999 -9999 -9999 -9999 -9999 -9999 -9999 -9999 -9999 -9999 -9999 -9999 -9999 -9999 24.3072316050529 24.7533516287804 24.883718252182 25.1317239403725 25.2359852194786 25.4220229387283 25.5316143035889 25.5439039468765 25.5960143208504 25.5769785046577 25.4663279056549 25.4873251914978 25.532090485096 25.4942123293877 25.399649143219 25.3543699383736 25.2659886479378 25.0887659192085 25.0250107645988 24.8802872300148 24.7152214050293 24.5368432402611 24.4617012739182 24.4848078489304 24.5666578412056 24.7358668446541 24.6553211808205 24.6243347525597 -9999
-9999 -9999 -9999 -9999 -9999 -9999 -9999 -9999 -9999 -9999 -9999 -9999 -9999 -9999 -9999 -9999 -9999 24.429734647274 24.9889225959778 25.0552241206169 25.2245471477509 25.257396697998 25.5025237798691 25.5706738829613 25.6024379134178 25.6094923019409 25.4640456438065 25.3380395174026 25.4145791530609 25.4525169730186 25.3954752087593 25.3265845179558 25.2354584932327 25.3232632279396 25.1738991737366 24.9632597565651 24.7829713821411 24.7034358382225 24.6661818623543 24.6757326126099 24.6484655737877 24.6659498214722 24.6852242946625 24.6678027510643 24.6079725027084 24.499064385891
-9999 -9999 -9999 -9999 -9999 -9999 -9999 -9999 -9999 -9999 -9999 -9999 -9999 -9999 -9999 -9999 -9999 24.535959482193 25.1312781572342 25.2192803621292 25.1454325914383 25.3413523435593 25.534100651741 25.5331267118454 25.6321339011192 25.5713211894035 25.4402269721031 25.3576221466064 25.3806586265564 25.3198765516281 25.3362529873848 25.261823952198 25.2303096055984 25.1080222725868 25.2944546937943 25.082711994648 24.9358703494072 24.8219822049141 24.7757757306099 24.7717584371567 24.8020125627518 24.694499373436 24.7209770679474 24.6839341521263 24.5472345948219 24.5487923026085
-9999 -9999 -9999 -9999 -9999 -9999 -9999 -9999 -9999 -9999 -9999 -9999 -9999 -9999 -9999 -9999 24.2085534930229 24.6818425655365 25.0706999897957 25.0847362875938 25.2611750364304 25.461572945118 25.6085395216942 25.6044822335243 25.6189466714859 25.3779338598251 25.203183054924 25.1377954483032 25.0459668040276 25.1554591655731 25.2209879755974 25.2071239352226 25.1310492753983 24.8616538643837 24.988122344017 25.1931217908859 25.1286743283272 24.9267013669014 24.937408387661 24.8549993038177 24.6897280216217 24.6185817718506 24.5777750015259 24.6389624476433 24.53460252285 24.1345100402832
-9999 -9999 -9999 -9999 -9999 -9999 -9999 -9999 -9999 -9999 -9999 -9999 -9999 -9999 -9999 -9999 24.2794038653374 24.584184885025 25.0173482894897 25.086373269558 25.2350504398346 25.3936071395874 25.5209818482399 25.5343503952026 25.2698139548302 24.890974342823 24.8327142000198 24.7470746040344 24.6256650090218 24.8797201514244 24.932180583477 24.9752832651138 24.9408728480339 24.8091474175453 24.6559432148933 24.85073107481 25.0164675712585 24.97980260849 24.9267668128014 24.7952123880386 24.6300240159035 24.5690916180611 24.3105618953705 24.533439874649 24.4155988693237 24.1397206783295
-9999 -9999 -9999 -9999 -9999 -9999 -9999 -9999 -9999 -9999 -9999 -9999 -9999 -9999 -9999 23.7744585871696 24.280604660511 24.5028477907181 25.0099583268166 25.0726798772812 25.2200992107391 25.3710042238235 25.4965329766273 25.4651088118553 24.882976770401 24.7017655968666 24.7104330062866 24.6243672370911 24.58927744627 24.555919110775 24.6641494631767 24.7644019126892 24.7791743278503 24.6829048991203 24.5255818963051 24.6662278175354 24.7406399846077 24.619863986969 24.7660061120987 24.7630860805511 24.5586540699005 24.4600348472595 24.3243813514709 24.4521554708481 24.3254818320274 24.2259631156921
-9999 -9999 -9999 -9999 -9999 -9999 -9999 -9999 -9999 -9999 -9999 -9999 -9999 -9999 -9999 -9999 23.7461934685707 24.1845279335976 24.9159838557243 25.0233441591263 25.2204654216766 25.4193753004074 25.5293316245079 25.2146607041359 24.8292271494865 24.7391732335091 24.7365024089813 24.5954250693321 24.556111574173 24.460792183876 24.4755256772041 24.633693754673 24.7104582190514 24.6187163591385 24.5003363490105 24.548720061779 24.6636699438095 24.6289181113243 24.5827116966248 24.6618447899818 24.5833982825279 24.374541580677 24.2953216433525 24.3473663330078 24.2781158685684 24.2328288555145
-9999 -9999 -9999 -9999 -9999 -9999 -9999 -9999 -9999 -9999 -9999 -9999 -9999 -9999 -9999 -9999 -9999 24.1667428612709 24.7972353696823 25.0375065803528 25.2618047595024 25.42916482687 25.4945091605186 25.0820609331131 24.9551905989647 24.9073615074158 24.8653011322021 24.6973521709442 24.5797057747841 24.4871467351913 24.4792386293411 24.4538505077362 24.5834236741066 24.5513100028038 24.4046375751495 24.4720491170883 24.5680294036865 24.6508430838585 24.5083305239677 24.4956098794937 24.4745961427689 24.4057431221008 24.3434284925461 24.3026573061943 24.2783382534981 24.1809595227242
-9999 -9999 -9999 -9999 -9999 -9999 -9999 -9999 -9999 -9999 -9999 -9999 -9999 -9999 -9999 -9999 22.9193200469017 23.8553655743599 24.615327000618 25.0624066591263 25.2257211208344 25.3277844190598 25.5035607218742 25.3062191605568 25.1400183439255 24.9801761507988 24.8349853754044 24.6318762302399 24.5463853478432 24.5588294863701 24.5141776204109 24.3719298839569 24.3901402950287 24.4256334900856 24.3217260837555 24.4270958900452 24.4798833727837 24.5094175338745 24.5429140329361 24.5015097856522 24.4413148760796 24.3812344074249 24.3151094317436 24.2841786146164 24.2665154933929 24.3533220291138
-9999 -9999 -9999 -9999 -9999 -9999 -9999 -9999 -9999 -9999 -9999 -9999 -9999 -9999 -9999 -9999 22.7808390855789 23.6780224442482 24.8117855787277 24.9875211119652 25.1711974740028 25.3172340989113 25.4708691239357 25.4633514285088 25.2856794595718 24.9475328326225 24.8748735785484 24.7473833560944 24.6813261508942 24.6343940496445 24.5048707723618 24.4665468931198 24.3710508942604 24.34314930439 24.3028756380081 24.3398526310921 24.4073215126991 24.4054282903671 24.4521461129189 24.4597259163857 24.3982534408569 24.3368936777115 24.2649059891701 24.2540760040283 24.17356133461 24.276294529438
-9999 -9999 -9999 -9999 -9999 -9999 -9999 -9999 -9999 -9999 -9999 -9999 -9999 -9999 -9999 22.3243970274925 22.6078714132309 23.4899873137474 24.824603497982 25.0135205388069 25.1174497008324 25.2135409712791 25.4397372603416 25.4407278895378 25.3182283043861 25.0807580947876 24.9656252861023 24.8323287367821 24.7510270476341 24.6284371614456 24.5723062753677 24.4379091858864 24.3372518420219 24.3684718608856 24.3645048141479 24.2966064810753 24.2979983687401 24.3491712212563 24.3869395256042 24.393131673336 24.431843996048 24.3935203552246 24.2987258434296 24.2652413249016 24.3022952079773 24.2074974179268
-9999 -9999 -9999 -9999 -9999 -9999 -9999 -9999 -9999 -9999 -9999 -9999 -9999 -9999 -9999 22.0318790078163 22.2912946343422 22.9775191545486 24.3923771977425 24.8903763890266 24.9187445640564 25.138594865799 25.3847832083702 25.4732488393784 25.3071984648705 25.0991895794868 24.8941380381584 24.788786649704 24.7059935927391 24.6463206410408 24.6390647292137 24.5319665670395 24.3311277031898 24.3452690243721 24.3850097060204 24.3424449563026 24.3246395587921 24.2625591754913 24.2052556872368 24.2695242166519 24.3007631897926 24.3450850248337 24.3466730713844 24.3369674682617 24.323206782341 24.2776921391487
-9999 -9999 -9999 -9999 -9999 -9999 -9999 -9999 -9999 -9999 -9999 -9999 -9999 -9999 -9999 21.6703003644943 21.9959748387337 22.459012389183 23.685256421566 24.6351987719536 24.81169039011 25.1583003401756 25.3248298168182 25.4533532261848 25.4757657647133 25.2915845513344 25.0406613945961 24.846066057682 24.8516502976418 24.7046393752098 24.6923216581345 24.5787041187286 24.4142088294029 24.3709092140198 24.3871079087257 24.3771986365318 24.3443245887756 24.2687177658081 24.1980748176575 24.178280711174 24.2243889570236 24.1938416361809 24.3390007615089 24.366541326046 24.4256860017776 24.3716977238655
