Archive - glowpa-model-master/Model input/Uganda/watertemperature/Tw_nov_1.asc
NCOLS 67 
NROWS 67 
XLLCORNER 29.5000000014144 
YLLCORNER -1.49999999936061 
CELLSIZE 0.0833333332926796 
NODATA_value -9999 
[rows 40 to 59 of 67, columns 0 to 45 of 67]
23.7793610692024 24.1929052472115 24.3010228276253 24.1665742993355 24.0334770679474 23.9594229459763 23.9538199901581 21.3904406428337 21.7269888520241 22.2415151000023 22.2432793974876 22.4895116686821 22.6900143027306 23.0742194056511 23.2137073278427 23.6441127061844 23.5918425917625 23.7213933467865 23.5343598127365 23.4920928478241 23.6245898008347 23.7855676412582 23.6215381026268 23.453803896904 23.4423735737801 23.5097354650497 23.8355048894882 23.7292982339859 23.6066635251045 23.3215410709381 23.7292864322662 23.7897737026215 23.9251109957695 23.8625623583794 23.7258962988853 23.7426426410675 23.7775332927704 23.9054597616196 24.100828230381 24.1932272911072 24.2389475107193 24.2197015285492 24.3069321513176 24.3042583465576 24.3324459791183 24.259625852108
23.8833235502243 24.1830053329468 24.2823806405067 24.2203834652901 23.934100985527 23.7246860861778 21.5035918354988 18.7490728497505 22.0478674173355 22.3972093462944 22.4153639674187 22.5969988107681 22.7882274985313 23.0944632291794 23.2269614934921 23.4548010826111 23.5211043953896 23.6729393601418 23.5801115036011 23.6015080809593 23.5579892992973 23.5526921153069 23.5506103634834 23.66238540411 23.6730066537857 23.5843136310577 23.56459826231 23.6391537189484 23.5756874084473 23.401051223278 23.5629761219025 23.7108315825462 23.7937438488007 23.8393613696098 23.8420998454094 23.8515924811363 23.7258215546608 23.8765304684639 24.058128118515 24.1292554140091 24.171108186245 24.1755805015564 24.2318464517593 24.1623173952103 24.236422419548 24.1089749336243
23.7638785839081 24.0435785055161 24.237870156765 23.866475880146 19.6074486374855 18.7894458770752 15.9616166055202 19.9983691573143 22.3876745700836 22.5923176407814 22.5708148479462 22.893442928791 23.1459012031555 23.0821297168732 23.1155630946159 23.3082743883133 23.4132792949677 23.444921195507 23.4537628293037 23.4923197627068 23.5227059721947 23.5689352750778 23.5568853020668 23.6977644562721 23.6807517409325 23.6840752363205 23.5535830259323 23.6118020415306 23.512901365757 23.4242124557495 23.2459330558777 23.5369136929512 23.7403692007065 23.8190217018127 23.8514760136604 23.8217821121216 23.6574397683144 23.8411117196083 23.9733640551567 24.0159514546394 24.0690633058548 23.9991637468338 24.068402826786 24.1025755405426 24.1382240056992 24.0969278812408
23.7833329439163 23.8710824251175 23.835632443428 19.7666358947754 11.5125336050987 11.2382271587849 14.5682269334793 21.5989170670509 22.9759852290154 23.1473233699799 23.196618437767 23.2722488045692 23.3176755309105 23.2591828107834 23.2584412693977 23.2576324939728 23.3426979780197 23.3220836520195 23.3495616912842 23.4557734727859 23.5795283317566 23.6579454541206 23.7383544445038 23.6748839020729 23.6034913659096 23.6659606695175 23.6049435734749 23.5796529650688 23.6172095537186 23.5271641016006 23.3987903594971 23.4239478707314 23.5851348042488 23.5867151021957 23.7476151585579 23.7356108427048 23.7032039761543 23.859992146492 23.8456201553345 23.9304053783417 23.9543578028679 23.7521394491196 23.8720545768738 23.8678329586983 24.0485790967941 24.0551047325134
23.9292467832565 23.7572090625763 23.4745408892632 18.4917078018188 8.91518430411816 11.7065252363682 18.735736310482 22.4670299291611 23.7403102517128 23.862251996994 23.5060260295868 23.4403221011162 23.4813482761383 23.4976182579994 23.4614326953888 23.5123679637909 23.4806371331215 23.470576107502 23.4796501994133 23.6128840446472 23.6958629488945 23.6940461993217 23.7448159456253 23.7580229640007 23.7780539393425 23.6994896531105 23.6060970425606 23.6816934347153 23.738535284996 23.6949071288109 23.4719580411911 23.3405452370644 23.4765766859055 23.5507081747055 23.6247738003731 23.6117668151855 23.7307671308517 23.8539714217186 23.82147783041 23.9024627804756 23.8163029551506 23.6968959569931 23.6556312441826 23.7885543704033 23.9267154932022 24.1002424359322
23.8155726194382 23.7054650783539 23.2841654419899 17.6772300004959 9.61803486943245 13.0345681905746 19.7701696157455 23.5761784315109 24.0814887285233 24.1164612770081 23.6249101758003 23.4989955425262 23.6088069081306 23.6048216819763 23.645341694355 23.5925016999245 23.6737805604935 23.5912907719612 23.6570751667023 23.777516067028 23.7984209060669 23.7745388150215 23.784470975399 23.7786441445351 23.7488272190094 23.6395105719566 23.6394362449646 23.7281982898712 23.708466053009 23.5652824640274 23.4270098805428 23.3729583621025 23.3617248535156 23.3662338852882 23.5253574848175 23.6377905607224 23.7687707543373 23.9235087037086 23.8462897539139 23.7119965553284 23.6242250800133 23.6222587823868 23.606643140316 23.8764711022377 24.0101206302643 24.0242647528648
23.5704663991928 23.6440699100494 22.4339497089386 17.8865746259689 14.6471181809902 18.3898947834969 22.563828766346 24.1911931037903 24.1983419656754 24.2146207690239 23.6768516898155 23.3720928430557 23.5832958221436 23.6529560685158 23.666877746582 23.6760560870171 23.6883465051651 23.6641278266907 23.7234317064285 23.705605506897 23.7125890254974 23.7153737545013 23.6715924143791 23.6422026157379 23.6403416991234 23.6255130767822 23.6743448376656 23.5694652199745 23.4824050068855 23.4254496693611 23.3427947759628 23.3867846727371 23.3054831027985 23.4019743800163 23.5293037891388 23.5820332765579 23.694538295269 23.7972331047058 23.8479466438293 23.6704549193382 23.8681402206421 23.7596678137779 23.6108165979385 24.031062066555 24.0393221974373 23.8338864445686
23.5524277091026 23.6038565635681 22.2729304432869 19.1702258586884 19.2819439172745 22.2419536709785 23.5520172715187 24.2202830910683 24.1549979448318 24.0839993357658 23.5844236016273 23.5182241201401 23.5114037394524 23.4893256425858 23.3904963135719 23.3901134133339 23.4438858032227 23.4260289669037 23.5241883993149 23.4760591983795 23.5125313401222 23.5597343444824 23.5117945075035 23.5869006514549 23.6120179891586 23.6091781258583 23.5730032920837 23.5042657852173 23.4943758845329 23.3748413920403 23.3490122556686 23.3919838666916 23.4037998914719 23.5383704900742 23.5677627921104 23.6357970237732 23.7378857731819 23.8218492269516 23.7146474719048 23.8313573002815 23.7277824282646 23.4873515367508 23.824414908886 24.0047541260719 24.0392485260963 24.0132137537003
23.4907599687576 23.8339741230011 23.4192790985107 22.6003363132477 23.4045083522797 23.425764799118 24.3270235061646 24.4017129540443 24.2604236602783 24.0016316175461 23.2344156503677 23.2533532381058 23.1845093369484 23.2935492992401 23.2605468630791 23.2092164158821 23.1831638813019 23.2042398452759 23.3251749873161 23.2966801524162 23.3317312002182 23.4009570479393 23.3716997504234 23.4430212974548 23.5429752469063 23.5398540496826 23.5839677453041 23.5668308734894 23.485732793808 23.4522078633308 23.4224192500114 23.4105381369591 23.4467239975929 23.5229231715202 23.6350333690643 23.7201943397522 23.7795880436897 23.8326762914658 23.8419425487518 23.7617546319962 23.8112340569496 23.8484053611755 23.9220139980316 23.9848734736443 24.0097783207893 24.0087265372276
23.4696272015572 23.9823892116547 23.8007175326347 24.0734570622444 23.9065197706223 23.7874126434326 24.45061814785 24.5995318293571 24.3365670442581 23.692961037159 22.9094175696373 22.9370564818382 22.9450885057449 22.9400365948677 23.0023995041847 23.003598690033 22.9854107499123 23.0100665092468 23.1039010286331 23.139885365963 23.1558032035828 23.2535848021507 23.2639377713203 23.3213066458702 23.4404206871986 23.4229425191879 23.5242617726326 23.4775810837746 23.5579567551613 23.4710587263107 23.4570684432983 23.4655972123146 23.4819963574409 23.5579009056091 23.660507440567 23.7092931866646 23.7291496992111 23.7501668930054 23.7224081158638 23.6784257888794 23.7997207045555 23.8219093084335 23.8557029366493 23.9430170059204 23.9861186146736 24.0161719918251
23.8905695080757 24.2433180809021 24.2867065668106 24.2481096982956 24.232057094574 24.1580023169518 24.2812393307686 24.227486371994 23.9690259695053 23.3980923295021 22.301681637764 22.5163704156876 22.766660630703 22.7048026323318 22.8436167836189 22.8119460344315 22.7970454096794 22.7687495350838 22.8878521323204 22.9647476673126 22.9626013040543 23.0750470161438 23.1093367934227 23.2254254817963 23.3420496582985 23.3131117224693 23.4505236148834 23.3874943256378 23.5701413750648 23.5633613467216 23.5858767032623 23.569216132164 23.5570088028908 23.5887157917023 23.6280072331429 23.6669888496399 23.6980192065239 23.7040537595749 23.6576192378998 23.6513047814369 23.7667890787125 23.7858508229256 23.8147360682487 23.8897026777267 23.9385931491852 23.9941289424896
24.388208091259 24.4613580107689 24.3935652971268 24.3290771245956 24.2567052841187 24.1095505952835 23.9180665612221 23.4897024035454 23.0858344435692 22.5867046713829 21.0957371592522 22.028292953968 22.1399883031845 22.5367166399956 22.5914592146873 22.7138258814812 22.6764003634453 22.6055530905724 22.7036411762238 22.7686403989792 22.748854637146 22.8717895746231 22.9724655151367 23.1300350427628 23.2892993688583 23.2810719013214 23.3541385531425 23.2548359036446 23.5259733200073 23.4971346259117 23.5360315442085 23.4978570342064 23.5385991334915 23.5699465274811 23.6056560277939 23.6501003503799 23.6814059019089 23.7169196605682 23.7528010606766 23.7587236166 23.7450144886971 23.76778870821 23.7809603214264 23.8519125580788 23.9163140654564 23.9604087471962
24.5190477371216 24.5339803099632 24.4359318614006 24.3382809758186 24.0109730958939 23.794740319252 23.3235187530518 22.5508617758751 22.2719658613205 21.2552498579025 20.2199317216873 20.2902579903603 21.7697057723999 22.348771750927 22.4662673473358 22.5644065737724 22.5012341141701 22.5150723457336 22.5684177279472 22.5218492150307 22.5175380706787 22.7115043997765 22.8253092765808 23.0517324209213 23.1473772525787 23.1875970959663 23.2764644622803 23.2587704062462 23.5052695870399 23.4602543115616 23.513799071312 23.4160434603691 23.4445862174034 23.4848644733429 23.5602273344994 23.6139073371887 23.641327381134 23.6493083238602 23.727442085743 23.7485311031342 23.7449390888214 23.7412330508232 23.7821778059006 23.8145712018013 23.8553484082222 23.8919798135757
24.5412710905075 24.5156043171883 24.3680818676949 24.1615799665451 23.8218435645103 23.5429857373238 22.7117362618446 22.0305631756783 22.1841172575951 20.9026386141777 20.3244850039482 21.0989773273468 21.9209712147713 22.1539666056633 22.3005535006523 22.4098870754242 22.4338848590851 22.5167984366417 22.4667786955833 22.5606209635735 22.6139016151428 22.5188001394272 22.740761578083 22.9243505001068 23.0344779491425 23.0674320459366 23.2463246583939 23.3087192773819 23.5209917426109 23.4667326211929 23.5405160188675 23.5285274982452 23.4834224581718 23.4372010827065 23.5221210718155 23.5569331049919 23.5850038528442 23.6625289916992 23.7078562378883 23.7313058972359 23.7245251536369 23.7328641414642 23.7732206583023 23.8038223981857 23.8222872018814 23.8616519570351
24.5200247764587 24.4285018444061 24.2336810231209 24.019382417202 23.6487221121788 23.2870801687241 22.0865606069565 21.6377503275871 21.849417924881 21.1554243564606 21.2293323874474 21.9178013801575 22.0129370093346 22.0618414282799 22.1529163122177 22.3582224845886 22.4673052430153 22.5421242713928 22.4844195246696 22.6141827702522 22.5652334094048 22.4724135994911 22.4919505119324 22.7996441721916 22.9354559779167 23.0826951265335 23.2614773511887 23.3744124770164 23.5202054977417 23.5286136269569 23.5060383081436 23.5038074851036 23.431801378727 23.4666345715523 23.5501860380173 23.5434278845787 23.583644092083 23.6782104969025 23.704029083252 23.7139270305634 23.7318950891495 23.7566295266151 23.75346159935 23.7991914153099 23.8083311319351 23.8416032791138
24.4295136332512 24.3790258765221 24.1903004050255 23.7739022374153 23.3695703744888 22.6465552449226 21.6486479640007 21.2389092445374 21.1883755922318 21.4224181771278 21.6604753732681 21.8952245116234 21.9472100138664 22.0020889043808 22.094856262207 22.1899107098579 22.201495051384 22.4978184103966 22.4311220049858 22.5250426530838 22.3936151266098 22.5210030078888 22.4351044893265 22.6771317124367 22.9453402757645 23.1105180382729 23.3215963840485 23.4560160040855 23.5364332795143 23.5026724338531 23.4931735396385 23.487559735775 23.5043575167656 23.5314250588417 23.5722015500069 23.5860222578049 23.630808532238 23.6777696609497 23.6911890506744 23.6995844244957 23.7429605722427 23.7360737323761 23.7688721418381 23.7788147926331 23.8105075955391 23.8220221400261
24.3997519016266 24.2786927819252 24.008495092392 23.6446561217308 23.1853992938995 21.8108387589455 21.320908844471 21.218591094017 21.4321044683456 21.4661651849747 21.7274512648582 21.8634272217751 21.8735082745552 21.9442958831787 22.23507553339 22.2568138241768 22.1425534486771 22.493925511837 22.3929091095924 22.2534509897232 22.3339559435844 22.4041710495949 22.2506723403931 22.6394962668419 22.9803193807602 23.108692407608 23.2915061116219 23.4425328969955 23.4689162373543 23.442687869072 23.4629618525505 23.4937110543251 23.5051508545876 23.512367784977 23.5673415064812 23.5893542170525 23.6383382678032 23.670207798481 23.681427359581 23.7290240526199 23.7266851663589 23.7659592628479 23.7564854025841 23.7796420454979 23.7863330841064 23.8072810173035
24.3641018271446 24.0627356767654 23.6449440121651 23.2887840270996 22.467726290226 21.4286226630211 21.3188173174858 21.2078405618668 20.9746183753014 21.0145509839058 21.4652191400528 21.1479983925819 20.9692331552505 21.3145154714584 22.0868312120438 22.1408595442772 22.3396424055099 22.5981267690659 22.4266959428787 22.1894727349281 22.2168041467667 22.431411087513 22.37850522995 22.5864418148994 22.9971786141396 23.165656208992 23.3104804754257 23.3907759785652 23.375657081604 23.4068794250488 23.4472440481186 23.474017560482 23.4986388683319 23.5208829641342 23.5663587450981 23.592612862587 23.6303008794785 23.6625506877899 23.6900958418846 23.724676668644 23.731228530407 23.7490324378014 23.7445982098579 23.7703521251678 23.7625799179077 23.7961794137955
23.9224689602852 23.5795484185219 23.0490235686302 22.3769376277924 21.633630335331 21.1696057915688 21.2475257515907 21.2798388004303 21.1299871206284 21.2582222223282 21.0113277435303 21.049843609333 20.9815149307251 20.8044446706772 21.5121262073517 21.7753638625145 22.2784267663956 22.1841643452644 21.710954785347 21.9668115973473 21.9658355712891 22.0491358041763 22.3390778303146 22.611379981041 22.9989394545555 23.1292461752892 23.2489409446716 23.2913078665733 23.3360431790352 23.3824309110641 23.4257135391235 23.4699615240097 23.4794654846191 23.5340883731842 23.562394797802 23.5957123041153 23.6332604289055 23.6551045179367 23.694055378437 23.7075423002243 23.7357848286629 23.7530428767204 23.7613452076912 23.7556568384171 23.7580805420876 23.7679508328438
23.1757072210312 22.8098015785217 22.0301960706711 21.3821293711662 21.3319806456566 21.419920861721 21.5600792765617 21.5077221393585 21.2742173671722 21.4901970624924 21.2138752937317 21.2469782233238 21.280754327774 21.3431280851364 21.3001554012299 21.8376472592354 21.8639102578163 21.5893654227257 21.8035032749176 22.0346400737762 21.987761259079 21.9107404351234 22.6707143187523 22.7153967022896 22.9351893663406 23.2182929515839 23.21163636446 23.2702271342278 23.3002958893776 23.3484535813332 23.3968659043312 23.4421402812004 23.4830453395844 23.5295811891556 23.5590317845345 23.5973635911942 23.6398727297783 23.6595663428307 23.7059166431427 23.7142485976219 23.7402489185333 23.7666302323341 23.7632812857628 23.7899636626244 23.8045585751534 23.7946367263794
