Archive - glowpa-model-master/Model input/Uganda/watertemperature/Tw_nov_1.asc
NCOLS 67 
NROWS 67 
XLLCORNER 29.5000000014144 
YLLCORNER -1.49999999936061 
CELLSIZE 0.0833333332926796 
NODATA_value -9999 
[rows 0 to 19 of 67, columns 0 to 45 of 67]
-9999.000000000000000 -9999 -9999 -9999 -9999 -9999 -9999 -9999 -9999 -9999 -9999 -9999 -9999 -9999 -9999 -9999 -9999 -9999 -9999 -9999 -9999 -9999 -9999 -9999 -9999 -9999 -9999 -9999 -9999 -9999 -9999 25.1917057037354 25.1030096411705 -9999 -9999 -9999 -9999 -9999 -9999 -9999 -9999 -9999 -9999 -9999 -9999 -9999
-9999 -9999 -9999 -9999 -9999 -9999 -9999 -9999 -9999 -9999 -9999 -9999 -9999 -9999 -9999 -9999 -9999 -9999 -9999 -9999 -9999 -9999 -9999 -9999 -9999 -9999 -9999 -9999 -9999 25.1912175416946 25.1458485722542 25.1306361556053 25.2220543026924 25.1013397574425 24.9400495886803 24.8828247189522 24.7012261152267 23.3789210319519 21.612774848938 21.0870055556297 -9999 -9999 -9999 -9999 -9999 -9999
-9999 -9999 -9999 -9999 -9999 -9999 -9999 -9999 -9999 -9999 -9999 -9999 -9999 -9999 -9999 -9999 -9999 -9999 -9999 -9999 -9999 -9999 -9999 -9999 -9999 -9999 -9999 -9999 -9999 25.3567522764206 25.3177220821381 25.3867540955544 25.3613876700401 25.2162017822266 25.0550469756126 25.0213988423347 24.9516869187355 24.7799897193909 24.1928308606148 22.9742107391357 20.8017184138298 19.2947025299072 21.4919118285179 -9999 -9999 -9999
-9999 -9999 -9999 -9999 -9999 -9999 -9999 -9999 -9999 -9999 -9999 -9999 -9999 -9999 -9999 -9999 -9999 -9999 -9999 -9999 -9999 -9999 -9999 -9999 -9999 25.1323554515839 -9999 -9999 -9999 25.5482298135757 25.5160972476006 25.4685419797897 25.3126606941223 25.2216433882713 25.1198850274086 25.0538232326508 24.9138576984406 24.6948385238647 24.4492719769478 23.54313403368 20.9997772574425 22.3110503554344 24.2095264196396 -9999 -9999 -9999
-9999 -9999 -9999 -9999 -9999 -9999 -9999 -9999 -9999 -9999 -9999 -9999 -9999 -9999 -9999 -9999 -9999 -9999 -9999 -9999 -9999 -9999 25.4620731472969 -9999 -9999 25.2993856072426 -9999 -9999 -9999 25.6261423230171 25.6649406552315 25.600259244442 25.4441713094711 25.2717950344086 25.0788896679878 24.9411912560463 24.8397718071938 24.7904312610626 24.6443558931351 24.4853913187981 24.0456658601761 23.8068807125092 24.2941860556602 24.3000121712685 -9999 -9999
-9999 -9999 -9999 -9999 -9999 -9999 -9999 -9999 -9999 -9999 -9999 -9999 -9999 -9999 -9999 -9999 -9999 -9999 -9999 -9999 -9999 25.446437060833 25.5292801856995 25.5198566913605 25.4304555058479 25.376073539257 25.1441151499748 25.1200348138809 25.1189078688622 25.6139351725578 25.6789411306381 25.6592502593994 25.5799820423126 25.3658120632172 25.180979013443 25.0321670770645 24.9060227274895 24.8000577092171 24.6114831566811 24.3237391114235 24.2633038163185 24.2569851875305 24.2572199702263 24.2533220648766 -9999 -9999
-9999 -9999 -9999 -9999 -9999 -9999 -9999 -9999 -9999 -9999 -9999 -9999 -9999 -9999 -9999 -9999 -9999 -9999 -9999 25.3095788955688 25.4357923865318 25.493653357029 25.4601309299469 25.4625287652016 25.4611791968346 25.4084130525589 25.4332785010338 25.6435270905495 25.6889679431915 25.6729012131691 25.6927493810654 25.5832052230835 25.5611384510994 25.334216594696 25.2433022260666 25.1531131267548 25.0118598341942 24.8341109752655 24.6426784992218 24.4923600554466 24.5046166777611 24.4851096272469 24.595850288868 24.4011066555977 -9999 -9999
-9999 -9999 -9999 -9999 -9999 -9999 -9999 -9999 -9999 -9999 -9999 -9999 -9999 -9999 -9999 -9999 -9999 24.6397370696068 25.270113825798 25.3669652938843 25.5201338529587 25.3209764957428 25.3812576532364 25.5440288186073 25.5743582844734 25.606181204319 25.6164254546165 25.6201201677322 25.6576142311096 25.6750165820122 25.633659183979 25.4633411169052 25.4251039624214 25.3192194700241 25.1547321677208 25.0947331190109 24.9630064368248 24.790391266346 24.6130341291428 24.5515889525414 24.6484650969505 24.5415282249451 24.7297315597534 24.6411078572273 24.5833972096443 -9999
-9999 -9999 -9999 -9999 -9999 -9999 -9999 -9999 -9999 -9999 -9999 -9999 -9999 -9999 -9999 -9999 -9999 24.8874246478081 25.2957517504692 25.4448411464691 25.5476650595665 25.3341320753098 25.4642903208733 25.6184616088867 25.6164163947105 25.5976762771606 25.4716870188713 25.4858309626579 25.5890066623688 25.5571653842926 25.4552387595177 25.3739011883736 25.3030955791473 25.3550488352776 25.2114751338959 25.0267050266266 24.8607693910599 24.7632321715355 24.7129873037338 24.7051630616188 24.7149993181229 24.7962650060654 24.7395341396332 24.6756080389023 24.6015466451645 24.5407582521439
-9999 -9999 -9999 -9999 -9999 -9999 -9999 -9999 -9999 -9999 -9999 -9999 -9999 -9999 -9999 -9999 -9999 25.09074229002 25.3428848981857 25.3952380418777 25.247700214386 25.3890938162804 25.5314985513687 25.5660831928253 25.6036094427109 25.5686528086662 25.4117684960365 25.3808864951134 25.4524961709976 25.3677791953087 25.3786619305611 25.3372972011566 25.2702657580376 25.1611213684082 25.3256788253784 25.1294348835945 24.9901728630066 24.8631027340889 24.810816526413 24.8255103826523 24.8458835482597 24.7662031054497 24.7348637580872 24.706624686718 24.5910385251045 24.6478676199913
-9999 -9999 -9999 -9999 -9999 -9999 -9999 -9999 -9999 -9999 -9999 -9999 -9999 -9999 -9999 -9999 24.6008623838425 25.1320508718491 25.082038462162 25.1718457937241 25.3425760865211 25.5117314457893 25.5571939945221 25.5874576568604 25.6176524758339 25.4795762896538 25.3237016797066 25.2623977065086 25.1864654421806 25.2555248141289 25.2775121927261 25.2534269094467 25.1826592683792 24.9439290761948 25.051548242569 25.2616797089577 25.1960545182228 24.9876400232315 24.9704951047897 24.8783981800079 24.723500430584 24.6412619948387 24.5985018610954 24.6582416892052 24.584454536438 24.2116556167603
-9999 -9999 -9999 -9999 -9999 -9999 -9999 -9999 -9999 -9999 -9999 -9999 -9999 -9999 -9999 -9999 24.6201232075691 24.9551824331284 25.0361140370369 25.1897393465042 25.3515899181366 25.4722813367844 25.5507784485817 25.5778539776802 25.4727616906166 25.090085208416 24.9639712572098 24.8916975259781 24.7985277175903 25.0321712493896 25.0282089710236 25.0455277562141 25.0035489201546 24.8827896714211 24.7323845624924 24.9180282354355 25.0766143798828 25.0430061221123 24.9669854044914 24.8348051905632 24.6750455498695 24.6100651621819 24.3671917319298 24.5592547059059 24.4686104655266 24.2604048848152
-9999 -9999 -9999 -9999 -9999 -9999 -9999 -9999 -9999 -9999 -9999 -9999 -9999 -9999 -9999 23.9640967845917 24.5229535698891 24.8844355344772 25.0405182242393 25.1789672970772 25.3337858319283 25.4469086527824 25.5100162625313 25.5720071196556 25.1454592347145 24.8855000138283 24.8247117400169 24.7570785284042 24.7059499025345 24.702682197094 24.7829275727272 24.8344486355782 24.8412135839462 24.7582748532295 24.6381978988647 24.7478184103966 24.801577270031 24.6793672442436 24.8181157112122 24.828100502491 24.6117793917656 24.5144651532173 24.3800992965698 24.4957765340805 24.4081057310104 24.4636743068695
-9999 -9999 -9999 -9999 -9999 -9999 -9999 -9999 -9999 -9999 -9999 -9999 -9999 -9999 -9999 -9999 23.9875707626343 24.6433804035187 25.0656316876411 25.140596807003 25.3106085062027 25.4252904057503 25.4963909387589 25.4421454071999 25.1279395222664 24.942707836628 24.9008124470711 24.7543783783913 24.657534122467 24.5534208416939 24.5871467590332 24.7189581990242 24.7785776853561 24.7079352736473 24.6327059864998 24.6626471281052 24.7388771772385 24.6904518604279 24.641315639019 24.7253248095512 24.6480489969254 24.4527895450592 24.3564360141754 24.400551378727 24.3509191870689 24.3322561979294
-9999 -9999 -9999 -9999 -9999 -9999 -9999 -9999 -9999 -9999 -9999 -9999 -9999 -9999 -9999 -9999 -9999 24.51154088974 25.0422154068947 25.1411784887314 25.2957918047905 25.4026089906693 25.4725047945976 25.3368228077888 25.2515179514885 25.1807295084 25.1119269132614 24.8827172517776 24.646437048912 24.554557621479 24.5375270247459 24.5616008639336 24.6714233756065 24.6530124545097 24.5345394611359 24.5909351706505 24.6808589696884 24.7360094189644 24.6153317689896 24.5691687464714 24.5515600442886 24.5091624855995 24.436341047287 24.3686068058014 24.3396798372269 24.271061360836
-9999 -9999 -9999 -9999 -9999 -9999 -9999 -9999 -9999 -9999 -9999 -9999 -9999 -9999 -9999 -9999 23.193888604641 24.1773920655251 24.8900915980339 25.1331547498703 25.3068460822105 25.378589451313 25.4705097079277 25.4389478564262 25.358853161335 25.2214971184731 25.0790045261383 24.8435913920403 24.6689731478691 24.6710856556892 24.5759640336037 24.4709473848343 24.5134863853455 24.5383329987526 24.470961868763 24.5771401524544 24.5956827998161 24.6150623559952 24.6733633875847 24.5965949892998 24.5418848395348 24.6062591075897 24.5092854499817 24.4092537164688 24.3517106175423 24.3709780573845
-9999 -9999 -9999 -9999 -9999 -9999 -9999 -9999 -9999 -9999 -9999 -9999 -9999 -9999 -9999 -9999 23.1138061285019 23.9556391835213 24.9492046236992 25.0667725205421 25.245925962925 25.3655771017075 25.4593933820724 25.4931350946426 25.4341529011726 25.1751495599747 25.094821035862 24.9725958108902 24.8385429382324 24.7636271715164 24.6002511382103 24.5469697117805 24.4665459394455 24.4715425372124 24.4534177184105 24.4981815814972 24.521641254425 24.5225580334663 24.5914129018784 24.6172879338264 24.5121442675591 24.4611693620682 24.4490838646889 24.4465340971947 24.3567352890968 24.3559520244598
-9999 -9999 -9999 -9999 -9999 -9999 -9999 -9999 -9999 -9999 -9999 -9999 -9999 -9999 -9999 22.5506643652916 22.898154437542 23.7837019562721 24.8945028781891 25.1124672889709 25.1947739720345 25.2670535445213 25.4468368887901 25.513155579567 25.412490427494 25.2489269375801 25.1578228473663 25.0490189194679 24.9250353574753 24.7706105709076 24.6916882991791 24.5458884239197 24.4231605529785 24.4263233542442 24.4701624512672 24.451088488102 24.4750814437866 24.5228407382965 24.5551803708076 24.5802035331726 24.595301926136 24.5088819265366 24.499342918396 24.591367661953 24.6057378649712 24.5544130802155
-9999 -9999 -9999 -9999 -9999 -9999 -9999 -9999 -9999 -9999 -9999 -9999 -9999 -9999 -9999 22.3744034767151 22.4323378801346 23.2871352434158 24.4754704236984 24.985303401947 25.0431244373322 25.2110131978989 25.4051199555397 25.4375419616699 25.3686808347702 25.2276781201363 25.1009148359299 25.0306136608124 24.9300634860992 24.8196030259132 24.7933189868927 24.6687709093094 24.4489694833755 24.4290465116501 24.524533033371 24.5368421673775 24.5251018404961 24.4746072888374 24.457047700882 24.5115468502045 24.4865299463272 24.5218071341515 24.5418340563774 24.6456480622292 24.6369213461876 24.5983262062073
-9999 -9999 -9999 -9999 -9999 -9999 -9999 -9999 -9999 -9999 -9999 -9999 -9999 -9999 -9999 22.0364497303963 22.322218477726 22.7351927161217 23.8235624432564 24.6308441162109 24.9148029088974 25.1873912811279 25.311201274395 25.413190305233 25.4810695052147 25.34636926651 25.182585477829 25.0579924583435 25.074431180954 24.9056401848793 24.8467498421669 24.7375962734222 24.5555072426796 24.5000586509705 24.5727043151855 24.5824887752533 24.5558044314384 24.4849802851677 24.430838406086 24.4283252954483 24.4504460096359 24.4197251200676 24.5366305112839 24.6034619212151 24.6531262397766 24.6507498025894
