Archive - glowpa-model-master/Model input/Uganda/watertemperature/Tw_nov_1.asc
NCOLS 67 
NROWS 67 
XLLCORNER 29.5000000014144 
YLLCORNER -1.49999999936061 
CELLSIZE 0.0833333332926796 
NODATA_value -9999 
[rows 20 to 39 of 67, columns 0 to 45 of 67]
-9999 -9999 -9999 -9999 -9999 -9999 -9999 -9999 -9999 -9999 -9999 -9999 -9999 -9999 -9999 21.9034330248833 22.0797001123428 22.1692440509796 23.1762934923172 23.6855775713921 24.9262872934341 25.0733031630516 25.3823568224907 25.4561688899994 25.4052466154099 25.3953236341476 25.2248366475105 25.2067171931267 25.1489450335503 24.9419768452644 24.8288286924362 24.750527381897 24.6213742494583 24.5770503878593 24.5950340032578 24.6133194565773 24.5485625863075 24.4950252175331 24.4935503005981 24.4548853039742 24.42734593153 24.3270729780197 24.4440780878067 24.5361278057098 24.6750987768173 24.7663497328758
-9999 -9999 -9999 -9999 -9999 -9999 -9999 -9999 -9999 -9999 -9999 -9999 -9999 -9999 -9999 21.4640741348267 21.2069017291069 21.4923613667488 22.4649557471275 23.5906365513802 24.8497212529182 25.1005337834358 25.444946706295 25.3950048089027 25.4248782992363 25.4317997097969 25.2837311625481 25.1897422671318 24.9366999864578 24.8174600601196 24.7896606326103 24.7160438299179 24.6123229265213 24.5749683976173 24.6058202385902 24.5704666376114 24.5400258898735 24.5670976042747 24.5470099449158 24.4765737056732 24.4519515633583 24.3594903349876 24.3749315738678 24.4344707727432 24.5139390826225 24.671672642231
-9999 -9999 -9999 -9999 -9999 -9999 -9999 -9999 -9999 -9999 -9999 -9999 -9999 -9999 -9999 -9999 20.3301734924316 21.086540043354 22.5297354459763 23.9429170489311 24.8116327524185 25.2883466482162 25.4802290201187 25.4160967469215 25.3424341082573 25.2655460834503 25.1241559386253 25.0131468176842 24.8165504932404 24.6784289479256 24.6459292769432 24.6674717068672 24.6361975073814 24.5627198219299 24.5534070134163 24.532286465168 24.5793542265892 24.5486413836479 24.529868721962 24.4669363498688 24.3953577876091 24.375194132328 24.4398871064186 24.4458209276199 24.3618255853653 24.5105454325676
-9999 -9999 -9999 -9999 -9999 -9999 -9999 -9999 -9999 -9999 -9999 -9999 -9999 -9999 -9999 -9999 -9999 20.6744390726089 22.7747212648392 23.9055141806602 25.1478341221809 25.4482307434082 25.4296600222588 25.3310258388519 25.3192771077156 25.2123965024948 25.1339772939682 24.9374321699142 24.6525967121124 24.4065487980843 24.3734300136566 24.3859085440636 24.4739118218422 24.5187820196152 24.5053834915161 24.5404732227325 24.5667332410812 24.528807580471 24.4785950779915 24.4899362325668 24.4210025072098 24.4566351771355 24.5287743210793 24.583841085434 24.4611614942551 24.4278577566147
-9999 -9999 -9999 -9999 -9999 -9999 -9999 -9999 -9999 -9999 -9999 -9999 -9999 -9999 -9999 19.3807399868965 19.3045648336411 21.8221514225006 24.2885468006134 24.7969965338707 25.4220644235611 25.4349620938301 25.4403317570686 25.4030709862709 25.3665304780006 25.2373161911964 25.0100095868111 24.7540261149406 24.5210266709328 24.2883253693581 24.1942061185837 24.2470358014107 24.3343929052353 24.4262836575508 24.4980376958847 24.5186035037041 24.5160539150238 24.4957633018494 24.5208866596222 24.5270304083824 24.4440823197365 24.5155876278877 24.6109087467194 24.6266617178917 24.5154728889465 24.5068504810333
-9999 -9999 -9999 -9999 -9999 -9999 -9999 -9999 -9999 -9999 -9999 -9999 -9999 -9999 -9999 19.1575309634209 21.0165831446648 24.4701782464981 25.2020578980446 25.3620743751526 25.3951101899147 25.4044916629791 25.4302987456322 25.4208416342735 25.3048627972603 24.9182825088501 24.5612574219704 24.4988469481468 24.3517437577248 24.2075516581535 24.2248945832253 24.2466433048248 24.2460374832153 24.3675274252892 24.4623472690582 24.47265625 24.4763769507408 24.512791633606 24.5408390164375 24.531218111515 24.5381283760071 24.6002814173698 24.651055932045 24.6341662406921 24.5455632209778 24.5023756027222
-9999 -9999 -9999 -9999 -9999 -9999 -9999 -9999 -9999 -9999 -9999 -9999 -9999 -9999 -9999 19.6896868944168 24.0071382522583 25.1652522087097 25.2258296012878 25.2968056797981 25.3605859875679 25.3735532164574 25.3813535571098 25.2557099461555 24.7659571170807 24.4496698379517 24.3249388337135 24.3830256462097 24.1991019845009 24.2420986890793 24.2602704167366 24.2844775319099 24.260510802269 24.3305854797363 24.3771712779999 24.3924831151962 24.3812501430511 24.4829084277153 24.5636466741562 24.6402513384819 24.6304330229759 24.6681426167488 24.6519793272018 24.6226697564125 24.5349225997925 24.5599158406258
-9999 -9999 -9999 -9999 -9999 -9999 -9999 -9999 -9999 -9999 -9999 -9999 -9999 -9999 -9999 23.4196694493294 25.0894693732262 25.1738860607147 25.2248657941818 25.2744796872139 25.3350028395653 25.3625372648239 25.1043899059296 24.4373064637184 24.3053339719772 24.2136641740799 24.1794890761375 24.1974852085114 24.1906133294106 24.1905363798141 24.290609061718 24.2914596796036 24.2713069915771 24.2732203602791 24.3057283759117 24.360701918602 24.4192860126495 24.5338413119316 24.6384877562523 24.6819818615913 24.6917806267738 24.7091072201729 24.6849325299263 24.6862317919731 24.5888324379921 24.5450967550278
-9999 -9999 -9999 -9999 -9999 -9999 -9999 -9999 -9999 -9999 -9999 -9999 -9999 -9999 23.5064700245857 25.0553779602051 25.1472451090813 25.1980177760124 25.2386790513992 25.2947195768356 25.3308345675468 25.0695049166679 24.3949751257896 24.1688741445541 24.1366305947304 24.1379766464233 24.1052755713463 24.1631257534027 24.1782305836678 24.2315982580185 24.2769184112549 24.3121708035469 24.2371815443039 24.1164698600769 24.2971142530441 24.4669380187988 24.5097391605377 24.6151884198189 24.664569735527 24.678975045681 24.6830026507378 24.7277692556381 24.757851421833 24.7509545087814 24.7378913760185 24.7525291442871
-9999 -9999 -9999 -9999 -9999 -9999 -9999 -9999 -9999 -9999 -9999 21.4101639389992 21.9610213637352 23.9162329435349 25.0998339653015 25.1660879850388 25.2159073352814 25.2346427440643 25.2549239993095 25.2927477955818 24.8420366048813 24.1484363079071 24.1149459481239 24.0598706007004 24.0907694101334 24.069638967514 24.0378887653351 24.1637058258057 24.2110740542412 24.2442368865013 24.3024441003799 24.3614839315414 24.3194126486778 24.3320801854134 24.45646494627 24.548137485981 24.5969982743263 24.5893163084984 24.567288517952 24.6560215950012 24.6877645850182 24.7419950962067 24.8028721809387 24.817819237709 24.8118379116058 24.7662541270256
-9999 -9999 -9999 -9999 -9999 -9999 -9999 -9999 -9999 -9999 22.5490285158157 23.8285234570503 24.9528161883354 25.1820864081383 25.2084846496582 25.2398784160614 25.2778294086456 25.2445248961449 25.1309018731117 24.4918859601021 24.0332401394844 24.0204445123672 23.7565720081329 23.8748663067818 24.0507263541222 24.0944490432739 24.1609216928482 24.2113105654716 24.2291806340218 24.2542991638184 24.354903280735 24.297704577446 24.2414152622223 24.3173220157623 24.4839534759521 24.5808814764023 24.5822556614876 24.514472424984 24.6588379144669 24.7595728635788 24.7653033733368 24.8104272484779 24.8069850206375 24.8327222466469 24.8655463457108 24.8185141682625
-9999 -9999 -9999 -9999 -9999 -9999 -9999 -9999 -9999 -9999 24.6168370842934 25.1543013453484 25.2427637577057 25.2787826657295 25.3001407384872 25.3183271288872 25.3007454276085 25.1248298883438 24.3809259533882 23.9770175814629 24.0169810056686 24.0171767473221 23.7188413143158 23.7955706119537 24.0707825422287 24.1311633586884 24.161503970623 24.1825658679008 24.2258479595184 24.2339396476746 24.2459251284599 24.192555129528 24.1860745549202 24.2632396817207 24.3775165081024 24.4979712963104 24.6097756624222 24.6733812689781 24.7596779465675 24.8062582612038 24.7953999042511 24.8053825497627 24.7923473119736 24.8180939555168 24.8248102664948 24.8756467103958
-9999 -9999 -9999 -9999 -9999 -9999 -9999 -9999 -9999 23.6795774102211 25.1056517362595 25.2640734314919 25.3318405151367 25.3754233717918 25.3857172131538 25.3112417459488 24.4758679270744 24.1411250829697 24.0202441811562 24.0334360003471 24.0955227017403 23.9981282949448 23.8587445616722 23.9321274161339 24.1560408473015 24.1766173243523 24.1408695578575 24.171363055706 24.161704480648 24.1600908041 24.1873590946198 24.2509550452232 24.2251819372177 24.2151061892509 24.1868612170219 24.3136830329895 24.5132196545601 24.638614654541 24.7017155885696 24.6463877558708 24.7025693655014 24.754835486412 24.7743110060692 24.7675330638885 24.7475354075432 24.7647817134857
-9999 -9999 -9999 -9999 -9999 -9999 -9999 -9999 -9999 24.2823892831802 25.2505812644958 25.3161081671715 25.386889398098 25.4452794790268 25.4508937001228 24.5212913155556 23.8623169064522 23.9078775048256 23.9885371923447 24.0058889985085 24.0178118348122 23.9678217768669 24.0211009383202 24.1066980957985 24.0739313960075 24.0740498304367 24.1138297319412 24.088672876358 24.1280333995819 24.1215825676918 24.1144619584084 24.1818145513535 24.2435874938965 24.1827840209007 24.1445910930634 24.2283411026001 24.4247949719429 24.4720410108566 24.5750700235367 24.5254743099213 24.5632728934288 24.6652132868767 24.7443082928658 24.7743032574654 24.7391438484192 24.7518717646599
-9999 -9999 -9999 -9999 -9999 -9999 21.9071781039238 22.04495459795 22.7147414684296 25.0674061179161 25.2808386087418 25.3262907266617 25.3945006728172 25.4574137926102 25.2524859905243 23.8534407019615 23.8520564436913 23.9199832081795 24.0001548528671 24.0207216739655 24.0604620575905 24.0736477971077 24.067801117897 24.0731043815613 24.0842475295067 24.0982117056847 24.0827882289886 24.0222641825676 24.102254152298 24.0715088248253 24.110237121582 24.0651949644089 24.0938346385956 24.1745888590813 24.1772766709328 24.1648460626602 24.2558814883232 24.3344334959984 24.4285523295403 24.5086825489998 24.4830381274223 24.5544359087944 24.6732976436615 24.7000006437302 24.7121684551239 24.7313616871834
-9999 -9999 -9999 -9999 -9999 -9999 23.0526360869408 23.3111244440079 24.5407431125641 25.3457472920418 25.4836245775223 25.4574890732765 25.4157338738441 25.3699298501015 24.2928701639175 23.8895912766457 24.056897521019 24.0912255048752 24.1017814874649 24.1010700464249 24.0464016795158 24.0740950107574 24.1033153533936 24.1153144240379 24.0931531786919 24.0666756033897 24.0465636253357 24.0471396446228 24.0642761588097 24.0385810136795 24.0496604442596 24.00758010149 23.9523389339447 24.078926384449 24.1266380548477 24.1301575899124 24.1458565592766 24.2523222565651 24.3278128504753 24.4514679908752 24.4752393960953 24.5602877140045 24.5355583429337 24.5122193098068 24.5662263631821 24.651739180088
-9999 -9999 -9999 -9999 -9999 23.3038979172707 24.466495513916 25.0187708735466 25.2673832774162 25.4545107483864 25.4779322147369 25.4477937221527 25.3864051699638 24.5619826316833 23.7393783926964 23.9277946352959 23.8650149703026 23.9363551139832 23.951141834259 24.0923564434052 24.0636267662048 24.0345700979233 24.0184271335602 24.0955290198326 24.1259003281593 24.0798018574715 24.0414674282074 23.9905304908752 24.0227733850479 24.0606791377068 23.9946977496147 23.9780805110931 23.9059725999832 23.9490441679955 24.0544566512108 24.101450920105 24.164204120636 24.1141630411148 24.2865045070648 24.3732746839523 24.3954871892929 24.5098542571068 24.4855763912201 24.4676094055176 24.5464603304863 24.5275686979294
-9999 -9999 23.4561441540718 23.3299084305763 22.7905084490776 24.0301838517189 24.7896427512169 25.1350934505463 25.3007767796516 25.2925543189049 25.2672785520554 25.2125644087791 24.4108702540398 23.5301182866096 23.5790266990662 23.6866483688354 23.7908819317818 23.879498064518 23.9550700187683 24.0799092054367 23.8737200498581 23.8567679524422 23.8322457671165 24.0332666635513 24.106786429882 23.9830148816109 23.7930672168732 23.9494132399559 24.0215149521828 24.0260373950005 24.00355219841 23.9293546676636 23.9446828961372 23.9196531176567 24.0539873242378 24.128849029541 24.1480189561844 24.0697225928307 24.2610722184181 24.350620508194 24.3637161254883 24.471565425396 24.4766076803207 24.4315353631973 24.4778527617455 24.4381511807442
-9999 23.4912168383598 23.4926876425743 23.7022266983986 23.9599786996841 24.5751923322678 24.8364631533623 24.8189976811409 24.4126979112625 24.8742108345032 24.4990718960762 23.2776247859001 23.1651923060417 23.4756370186806 23.6260071992874 23.7569780349731 23.7383058071136 23.7975344061852 23.9192844033241 23.9781477451324 24.0213926434517 23.8640222549438 23.6805990338326 23.6419553160667 23.66285187006 23.9055212140083 23.6630395054817 23.7005246281624 23.9306744337082 23.9951472878456 24.048602938652 24.0398244857788 23.9787071943283 23.9817735552788 24.0491564273834 24.0291036367416 23.9613052606583 24.0209995508194 24.1990482211113 24.3112919926643 24.3403933048248 24.4222323298454 24.4357541799545 24.4075273275375 24.3696449995041 24.4151453971863
-9999 23.6881275177002 24.0917004346848 24.2260389328003 24.422842502594 24.462996840477 24.3003421425819 23.9998980760574 22.8305848240852 23.627257168293 22.9351155161858 22.6063967347145 22.7563568353653 23.108628153801 23.2064954638481 23.6985792517662 23.800563454628 23.7897057533264 23.6486473083496 23.7070374488831 23.9478896260262 23.8401585221291 23.6874916553497 23.5942764878273 23.3423691987991 23.9104469418526 23.9190195798874 23.7082304954529 23.34507137537 23.6314206719398 23.8804127573967 23.901387989521 23.9961214661598 23.9938791394234 23.9118995666504 23.9852635264397 23.8698346018791 23.9992740154266 24.1306661963463 24.246885240078 24.2828314304352 24.317873775959 24.4024896025658 24.440879046917 24.4073193073273 24.4071515798569
