Archive - glowpa-model-master/Model input/Uganda/discharge/discharge_oct_1.asc
NCOLS 67 
NROWS 67 
XLLCORNER 29.5000000014144 
YLLCORNER -1.49999999936061 
CELLSIZE 0.0833333332926796 
NODATA_value -9999 
[rows 40 to 59 of 67, columns 0 to 45 of 67]
0.32966083753854 0.21875492669642 37.582611978054 38.4178822636604 0.112838923698291 3.79136498644948 0.364352168049663 0.626784674823284 0.68336464650929 0.500670080073178 0.445663505233824 0.991534870117903 0.896402193233371 2.94948588311672 0.978820247575641 11.1105069816113 6.63226028904319 11.3681841865182 1.60223877429962 1.63764225691557 1.52371681295335 2.94912829808891 1.50340523384511 1.60689144488424 1.52328980108723 0.911035969853401 1.23431780654937 1.22450077533722 0.529731562361121 0.245246971957386 0.725181544199586 0.438615778461099 15.9821975231171 1.96508575044572 1.01578270178288 3.33528799936175 0.572656244039536 0.530918243341148 0.496894312556833 6.03323029726744 7.30175635963678 0.563099746592343 896.678880691528 1.66050725057721 3.56199420243502 0.746156530454755
0.390194523148239 0.82746004126966 35.9762096405029 2.44040074571967 2.29867787286639 2.82430528849363 0.761461579240859 0.639737986959517 0.681901621632278 2.60465693846345 3.56041652709246 0.697495725937188 0.999894162639976 1.00939507968724 2.20448576286435 7.11515066772699 1.10913804732263 5.76213875412941 10.2127587273717 7.57770320773125 3.72411540523171 2.79785844497383 1.36603214684874 3.31985078100115 2.68903472088277 1.29672883078456 0.286976786679588 0.42187540512532 0.364117891993374 0.419141039252281 0.663637852296233 2.09294729679823 13.462483227253 0.677929314784706 0.683344749733806 0.642797491513193 1.12333334609866 0.503991263918579 4.48688584566116 1.02069231495261 6.26500686258078 2.08375923149288 896.131026268005 0.888340458273888 2.81655127555132 0.68010369874537
0.133647878887132 0.258142575621605 32.9765609204769 0.244193161372095 2.02849515527487 1.9548953641206 0.544761737808585 1.41824757494032 2.20893607288599 0.632746893912554 0.760763419792056 4.94714531302452 1.46810955367982 0.748965593054891 1.23046730924398 1.4864540938288 3.47151026874781 2.15667670220137 2.35643686726689 1.29204200766981 1.12847830262035 1.13567104167305 1.31138598453254 4.89869462139904 1.07107522001024 6.75893420353532 0.962006423156708 1.31197670381516 0.570492850616574 0.409109377069399 1.09778537601233 0.50145870167762 12.2306358069181 5.52199199795723 1.87659087218344 0.617739632725716 0.545849421527237 0.47116242069751 3.52447878569365 0.491127786226571 3.70106385648251 1.54767885990441 895.569312095642 894.902874946594 0.651983140036464 1.38659782707691
29.0531970113516 32.8667324483395 0.310352098196745 0.78750528767705 1.32641757745296 1.15252340584993 0.537478164769709 1.34509103745222 2.82489056140184 0.84771384857595 1.34868388622999 5.62189003825188 8.01210065186024 1.11269136238843 1.16471755970269 1.87658601999283 1.23738534469157 0.853358809370548 1.03665341623127 1.43139382381923 1.37385276798159 2.36304276203737 8.48211016692221 1.10869026579894 0.947677387390286 7.56168205477297 0.857300521049183 0.671273004918476 3.54420973174274 4.38857141393237 0.910677142441273 0.344974380452186 6.18327835202217 0.549052208662033 2.56393589451909 2.00626324117184 0.555631188675761 2.07109110802412 0.50802169367671 0.519366794265807 3.23075031116605 1.09500248730183 0.199915271950886 894.409834861755 0.918704150244594 1.02256701048464
28.8928387314081 3.34526690840721 3.03846292942762 1.92990745231509 1.66201672609895 1.16173118818551 0.360132350586355 0.828146575950086 1.70562165416777 4.04606629908085 3.4386238604784 0.810895619913936 12.3156429231167 3.31415873765945 3.66429169848561 1.69821364898235 1.54535925108939 1.57424877746962 2.17543219588697 2.85184686770663 2.15950033767149 11.5380267482251 0.749604553624522 1.95577530679293 9.81035531125963 1.59492636838695 1.0579962853808 12.9924848806113 4.07735078781843 4.38857141393237 0.565776751376688 0.43441660143435 1.26814016140997 3.98700853437185 2.78992064297199 0.592257617972791 0.878503389656544 1.52612382173538 0.670346803031862 0.935660045593977 2.21781330928206 0.682958910241723 892.982166290283 892.982166290283 892.982166290283 892.982166290283
28.2378814518452 1.30751876160502 1.08106297254562 0.892219563946128 2.80143633019179 0.902949941344559 1.82399817183614 2.44913332164288 1.07982328161597 6.01474054157734 4.17493889480829 0.757542241830379 13.1879441142082 1.61113423295319 6.84560842998326 1.48027371289209 5.75906857755035 1.31636232533492 1.24085421930067 5.80251373909414 3.1461804099381 12.938821323216 13.5197786167264 11.1735250689089 0.520187003421597 0.901683417119784 0.875055063690525 12.9924848806113 4.38857141393237 4.38857141393237 1.35342307016253 0.458095644600689 0.659636668860912 0.619619735516608 0.41585663612932 1.615673083812 1.00573807954788 892.982166290283 892.982166290283 0.347287794575095 0.658678933978081 0.324134166352451 892.982166290283 892.982166290283 892.982166290283 892.982166290283
3.04471201449633 26.7043731808662 0.527096251025796 0.783923868089914 3.64078270830214 0.560785681940615 2.1469756886363 2.51416014321148 45.0323075652122 13.1208045780659 5.7748980820179 0.884234576486051 13.993023827672 9.79203505441546 10.9679552949965 13.563410654664 25.4565839022398 26.5870255529881 37.42217682302 48.7927860617638 48.6818980574608 86.1351321339607 85.6803073585033 0.733833681675605 0.606850038282573 0.600528242997825 13.152266131714 0.562654827663209 0.595024526584893 0.870585838332772 0.432682204991579 0.445410479791462 0.454212113283575 0.917040437459946 892.982166290283 892.982166290283 892.982166290283 892.982166290283 892.982166290283 892.982166290283 892.982166290283 892.982166290283 892.982166290283 892.982166290283 892.982166290283 892.982166290283
0.287542634177953 23.1369919478893 1.36777882650495 0.779301049187779 0.86702398955822 5.48331316187978 45.0323075652122 45.0323075652122 45.0323075652122 45.0323075652122 37.1245486438274 36.4923773705959 18.9762423634529 18.2061784565449 0.719976461492479 0.597440980840474 5.26838248595595 1.29696805635467 9.16481353156269 2.0804625810124 9.77693744003773 0.877967775450088 2.10723677137867 89.7528437077999 1.10655528213829 13.363192524761 0.45750823643175 0.562980537069961 0.510792481247336 0.448863286525011 0.403055739589036 0.881511559709907 892.982166290283 892.982166290283 892.982166290283 892.982166290283 892.982166290283 892.982166290283 892.982166290283 892.982166290283 892.982166290283 892.982166290283 892.982166290283 892.982166290283 892.982166290283 892.982166290283
0.79953714646399 23.1077244356275 22.212529623881 22.212529623881 6.11141099780798 0.352290497161448 45.0323075652122 45.0323075652122 45.0323075652122 45.0323075652122 0.590954654850066 2.8020694218576 0.719665986951441 5.46765566244721 11.3076620101929 3.77183875441551 2.11535252630711 0.724081059452146 8.43147381208837 0.934508294332772 6.64751722384244 1.97273747110739 1.16579676466063 1.0132887585205 104.617767393589 114.883682727814 114.780037403107 115.376833438873 116.209383547306 0.897271351888776 892.982166290283 892.982166290283 892.982166290283 892.982166290283 892.982166290283 892.982166290283 892.982166290283 892.982166290283 892.982166290283 892.982166290283 892.982166290283 892.982166290283 892.982166290283 892.982166290283 892.982166290283 892.982166290283
22.212529623881 22.212529623881 22.212529623881 22.212529623881 22.212529623881 0.0943788090953603 0.169047497445717 0.502638367004693 45.0323075652122 45.0323075652122 1.34651662129909 0.66770827351138 3.62693389505148 0.573580721858889 7.04685106128454 2.73538463190198 0.453352761920542 1.51862409058958 7.37083628587425 6.30867950618267 0.912829875480384 4.82040375191718 0.902799462201074 0.889822312281467 6.97661437466741 0.695338303223252 3.5967418551445 0.632223961874843 892.982166290283 892.982166290283 892.982166290283 892.982166290283 892.982166290283 892.982166290283 892.982166290283 892.982166290283 892.982166290283 892.982166290283 892.982166290283 892.982166290283 892.982166290283 892.982166290283 892.982166290283 892.982166290283 892.982166290283 892.982166290283
22.212529623881 22.212529623881 22.212529623881 22.212529623881 22.212529623881 0.10797832289245 50.7553356289864 45.4938032031059 45.0323075652122 0.310706030577421 0.701373128220439 0.571996442973614 2.92499762028456 0.518568359781057 6.57684954255819 1.94048591703176 0.382989111356437 0.85343156568706 0.531485815823544 5.41275298036635 0.848087824764661 4.03214885294437 0.84386848565191 0.577849954832345 6.25945104472339 0.406247046776116 3.40839490294456 0.350946764461696 892.982166290283 892.982166290283 892.982166290283 892.982166290283 892.982166290283 892.982166290283 892.982166290283 892.982166290283 892.982166290283 892.982166290283 892.982166290283 892.982166290283 892.982166290283 892.982166290283 892.982166290283 892.982166290283 892.982166290283 892.982166290283
22.212529623881 22.212529623881 22.212529623881 22.212529623881 22.212529623881 50.7422266602516 0.227727697230875 5.06658939272165 0.329369944520295 1.7287261299789 0.488660997129045 1.27528331335634 0.627535624429584 0.563997458666563 5.12537135183811 0.242730729049072 1.30801602266729 0.351983424276114 0.95898590516299 2.69744500983506 0.82877414993709 1.55235947598703 0.840846631210297 0.646004784619436 5.86641126684844 0.315663298591971 1.97459580749273 0.376337292604148 892.982166290283 892.982166290283 892.982166290283 892.982166290283 892.982166290283 892.982166290283 892.982166290283 892.982166290283 892.982166290283 892.982166290283 892.982166290283 892.982166290283 892.982166290283 892.982166290283 892.982166290283 892.982166290283 892.982166290283 892.982166290283
22.212529623881 22.212529623881 22.212529623881 22.212529623881 22.212529623881 0.306044077500701 0.0987426888896152 4.21265690028667 0.728677187580615 0.289660787559114 0.735945380758494 0.227074070193339 0.6512681087479 1.58857353031635 1.72394554875791 1.20113143883646 0.367679927498102 0.321333459578454 0.400372982956469 0.93461793474853 0.875412316527218 0.756213175365701 0.66577130521182 2.07720569614321 3.96887308359146 0.80941117182374 0.846994061022997 0.382890823297203 0.632151973433793 0.923925278708339 892.982166290283 892.982166290283 892.982166290283 892.982166290283 892.982166290283 892.982166290283 892.982166290283 892.982166290283 892.982166290283 892.982166290283 892.982166290283 892.982166290283 892.982166290283 892.982166290283 892.982166290283 892.982166290283
22.212529623881 22.212529623881 22.212529623881 22.212529623881 22.212529623881 0.0543689262121916 0.226921011926606 3.94520400092006 3.30959598720074 0.732800923287868 1.31823607860133 1.20182168204337 0.567330191843212 1.00687396898866 0.369260099250823 0.404777964111418 0.381872426718473 0.465383197180927 0.4827252458781 0.521562458015978 1.25345560628921 0.333939607255161 0.679197593475692 0.360094493080396 1.52541697584093 0.416149720549583 0.398599768057466 0.491395615041256 1.56550815328956 3.24464705213904 892.982166290283 892.982166290283 892.982166290283 892.982166290283 892.982166290283 892.982166290283 892.982166290283 892.982166290283 892.982166290283 892.982166290283 892.982166290283 892.982166290283 892.982166290283 892.982166290283 892.982166290283 892.982166290283
22.212529623881 22.212529623881 22.212529623881 22.212529623881 0.0786958715179935 0.661755096167326 0.464026387780905 1.33680041693151 0.58929989207536 1.17514294758439 2.46533785760403 1.95712860953063 0.684467875398695 0.512894391082227 0.555300720967352 1.01615708880126 0.450124407652766 0.886860812082887 1.00490584224463 5.30572853982449 1.58096476085484 0.982518819160759 0.662562994752079 0.653701895149425 0.545544922817498 0.216630186128896 0.176248278818093 892.982166290283 892.982166290283 892.982166290283 892.982166290283 892.982166290283 892.982166290283 892.982166290283 892.982166290283 892.982166290283 892.982166290283 892.982166290283 892.982166290283 892.982166290283 892.982166290283 892.982166290283 892.982166290283 892.982166290283 892.982166290283 892.982166290283
22.212529623881 22.212529623881 11.8847212642431 0.173844353528693 2.91802858188748 0.377985966857523 0.635519833303988 0.653194740414619 0.697567401453853 4.47849918529391 0.701477628201246 2.6042847763747 1.32714939303696 0.581715923268348 0.504840644076467 0.564311712048948 1.80363498628139 2.32422743737698 0.456978611648083 5.30572853982449 0.264072592603043 0.473164029419422 0.227701366646215 0.374342620372772 0.354684764752164 0.104289851238718 0.59100245218724 892.982166290283 892.982166290283 892.982166290283 892.982166290283 892.982166290283 892.982166290283 892.982166290283 892.982166290283 892.982166290283 892.982166290283 892.982166290283 892.982166290283 892.982166290283 892.982166290283 892.982166290283 892.982166290283 892.982166290283 892.982166290283 892.982166290283
22.212529623881 22.212529623881 11.7600887268782 10.5489405691624 0.292018178850412 2.35609478130937 0.611299553886056 0.52738440502435 1.19417277164757 5.22472957149148 0.634227925911546 13.8272139877081 16.8016926348209 18.0343493670225 19.0630452930927 20.2384017109871 28.215233027935 4.60599315166473 35.8833060264587 35.8833060264587 37.3119336366653 0.878869250416756 37.6827221512794 0.606874802149832 0.28016310185194 0.5691177113913 892.982166290283 892.982166290283 892.982166290283 892.982166290283 892.982166290283 892.982166290283 892.982166290283 892.982166290283 892.982166290283 892.982166290283 892.982166290283 892.982166290283 892.982166290283 892.982166290283 892.982166290283 892.982166290283 892.982166290283 892.982166290283 892.982166290283 892.982166290283
0.197743310593069 6.31970217823982 0.870863243937492 10.2402846217155 0.387593758292496 0.534295449964702 0.495819850824773 2.66210949420929 0.458724727854133 5.95222691446543 9.31587634980679 0.585750726982951 0.500500144436955 0.634216745384037 1.4439370892942 2.00467780418694 28.215233027935 28.215233027935 35.8833060264587 35.8833060264587 37.3119336366653 37.6827221512794 37.6827221512794 0.489324317313731 1.7075044196099 0.400597455445677 892.982166290283 892.982166290283 892.982166290283 892.982166290283 892.982166290283 892.982166290283 892.982166290283 892.982166290283 892.982166290283 892.982166290283 892.982166290283 892.982166290283 892.982166290283 892.982166290283 892.982166290283 892.982166290283 892.982166290283 892.982166290283 892.982166290283 892.982166290283
0.214032046962529 5.82420545071363 0.632742107380182 9.83150482177734 0.331459062639624 0.487039708532393 3.92379027605057 3.07076266407967 0.5926692802459 8.26229707151651 1.14876476302743 0.573524413630366 0.447637207340449 0.458049522247165 0.423067634459585 0.543019134551287 28.215233027935 28.215233027935 0.347693861462176 0.281797276809812 1.26587452925742 0.301153630483896 38.1270794868469 0.12098313763272 2.38153155148029 2.6566856764257 892.982166290283 892.982166290283 892.982166290283 892.982166290283 892.982166290283 892.982166290283 892.982166290283 892.982166290283 892.982166290283 892.982166290283 892.982166290283 892.982166290283 892.982166290283 892.982166290283 892.982166290283 892.982166290283 892.982166290283 892.982166290283 892.982166290283 892.982166290283
0.28140868502669 5.62003957480192 0.550727695226669 0.513601672486402 9.14753367006779 4.81110289692879 4.51551517099142 0.504616734106094 0.493679698556662 0.634175675921142 0.71193072386086 0.369741207454354 1.00227433256805 0.379552428144962 0.4167958246544 0.912275466136634 0.748940641060472 0.35568615840748 0.414775884244591 0.608862139284611 1.00444421544671 0.358672157395631 0.298155597411096 38.2739289402962 42.4332239627838 42.7257015705109 892.982166290283 892.982166290283 892.982166290283 892.982166290283 892.982166290283 892.982166290283 892.982166290283 892.982166290283 892.982166290283 892.982166290283 892.982166290283 892.982166290283 892.982166290283 892.982166290283 892.982166290283 892.982166290283 892.982166290283 892.982166290283 892.982166290283 892.982166290283
