Archive - glowpa-model-master/Model input/Uganda/discharge/discharge_may_1.asc
NCOLS 67 
NROWS 67 
XLLCORNER 29.5000000014144 
YLLCORNER -1.49999999936061 
CELLSIZE 0.0833333332926796 
NODATA_value -9999 
[rows 20 to 39 of 67, columns 0 to 44 of 67]
-9999 -9999 -9999 -9999 -9999 -9999 -9999 -9999 -9999 -9999 -9999 -9999 -9999 -9999 -9999 1.52243242226541 0.57572937104851 0.652133351191878 1.02672135084867 0.492661658674479 0.397779244463891 0.70289892423898 1.56802142970264 2.08696651218634 3.86124113574624 3.21003302186728 0.516129096969962 1.02543371263891 1473.54049491882 7.62458080053329 0.476532228291035 0.506607504561543 0.948117956519127 0.950731271877885 17.276164829731 16.5051054358482 2.94457170367241 0.956981418654323 0.483089189045131 0.719773473218083 0.877577260136604 0.904341630637646 1.2477429267019 1.45479215681553 19.2355615794659
-9999 -9999 -9999 -9999 -9999 -9999 -9999 -9999 -9999 -9999 -9999 -9999 -9999 -9999 -9999 0.498106574639678 0.554472704418004 0.522642620839179 0.362727951258421 0.508683848194778 0.920252943411469 0.404967806302011 1.99108441639692 0.383662881096825 1471.85244560242 1474.90787315369 1476.02708625793 1473.3027973175 0.80111264064908 1468.00186920166 1469.63530921936 0.645829108543694 1.72112832218409 0.86642687022686 19.5322934985161 0.489487068727612 0.935059005394578 8.04510363936424 5.45610213279724 4.19447540491819 2.686777792871 0.553438200615346 0.49593819398433 0.778516720980406 0.725367744453251
-9999 -9999 -9999 -9999 -9999 -9999 -9999 -9999 -9999 -9999 -9999 -9999 -9999 -9999 -9999 -9999 0.535448052920401 1.01601479575038 0.71997816581279 0.346311904955655 1254.86674118042 1254.86674118042 1254.86674118042 1468.83135223389 0.471512495540082 0.472695878474042 0.527448756387457 3.37493626773357 2.62737934663892 1.77663197554648 1.15859024226665 1469.2420539856 1470.86597442627 1470.18398094177 0.810340616852045 0.928166996687651 10.5506441891193 0.861904883757234 1.80660648271441 0.921210961416364 0.810450734570622 0.557878891006112 0.492851660586894 0.469121005386114 0.693393344059587
-9999 -9999 -9999 -9999 -9999 -9999 -9999 -9999 -9999 -9999 -9999 -9999 -9999 -9999 -9999 -9999 -9999 0.595401516184211 1254.86674118042 1254.86674118042 1254.86674118042 1254.86674118042 1254.86674118042 1.43219485506415 0.952751161064953 2.10182986687869 1.09886305686086 2.75155762396753 0.851205687969923 0.880099314264953 0.677818804048002 0.693513062782586 2.79251264408231 1451.52906799316 0.75890288874507 1.68856750428677 13.814855247736 1.7479490339756 0.884424660354853 0.787194024771452 0.5445855576545 0.502164836041629 1.34800077416003 2.69813969358802 0.744276337325573
-9999 -9999 -9999 -9999 -9999 -9999 -9999 -9999 -9999 -9999 -9999 -9999 -9999 -9999 -9999 0.401576366275549 0.311840712558478 1254.86674118042 1254.86674118042 1254.86674118042 1254.86674118042 1254.86674118042 1254.86674118042 1254.86674118042 14.2204414457083 10.2942598387599 8.9116959348321 1.61445731297135 1.25313585810363 0.39809543825686 0.653034629300237 0.680693374015391 0.703435078263283 3.53367000073195 1452.26396369934 14.2310688495636 0.79942386969924 0.668891214765608 0.682716037146747 3.17824374511838 1.57211710326374 0.505038939416409 6.54683735966682 3.2791016176343 0.546831800602376
-9999 -9999 -9999 -9999 -9999 -9999 -9999 -9999 -9999 -9999 -9999 -9999 -9999 -9999 -9999 0.659354819916189 1254.86674118042 1254.86674118042 1254.86674118042 1254.86674118042 1254.86674118042 1254.86674118042 1254.86674118042 1254.86674118042 1.33007347444072 0.717994536971673 0.826736778020859 3.94764045253396 0.768719616346061 1.2823573499918 0.660772085189819 0.67243680357933 0.699828416109085 1435.29331207275 9.15922646224499 7.2762668132782 6.53625972568989 5.30313331633806 4.02479648590088 1.09549452364445 1.12676553428173 0.56676432210952 9.01169092953205 1.44567599520087 0.538723649457097
-9999 -9999 -9999 -9999 -9999 -9999 -9999 -9999 -9999 -9999 -9999 -9999 -9999 -9999 -9999 1254.86674118042 1254.86674118042 1254.86674118042 1254.86674118042 1254.86674118042 1254.86674118042 1254.86674118042 1254.86674118042 1.02834775159135 5.28202506899834 0.926669381558895 0.927405427210033 3.04985658451915 0.618293552659452 3.1660799831152 1.24809584394097 1.31148391403258 0.693916907534003 1432.19951438904 1427.25312232971 1.54309419170022 0.800784812308848 0.663199212402105 0.702804292552173 2.45359723642468 2.04659736528993 14.1610908806324 0.706497004255652 2.42782481014729 1.38087916746736
-9999 -9999 -9999 -9999 -9999 -9999 -9999 -9999 -9999 -9999 -9999 -9999 -9999 -9999 -9999 1254.86674118042 1254.86674118042 1254.86674118042 1254.86674118042 1254.86674118042 1254.86674118042 1254.86674118042 1254.86674118042 0.414669409161434 3.04664385318756 0.832309623248875 0.697328014299273 0.674141967669129 0.704224413260818 0.669914163649082 5.10208506137133 1432.29361724854 1432.29361724854 1432.29361724854 0.629398795776069 0.667184152640402 0.850800461135805 2.37711531668901 4.37851637229323 28.3836550116539 24.2931276857853 7.8424519598484 0.838430441915989 3.04637721925974 1253.96351051331
-9999 -9999 -9999 -9999 -9999 -9999 -9999 -9999 -9999 -9999 -9999 -9999 -9999 -9999 1254.86674118042 1254.86674118042 1254.86674118042 1254.86674118042 1254.86674118042 1254.86674118042 1254.86674118042 1254.86674118042 3.193423461169 1.98898325115442 2.53678450360894 1.94202271848917 0.675284986384213 2.77785687148571 0.647749776020646 0.560994919389486 1.20974728837609 1432.29361724854 1432.29361724854 1432.29361724854 43.2051690220833 1.52527919597924 0.734140201471746 1.36253323685378 35.2255282998085 0.970701429992914 0.805194167420268 5.29063764959574 4.30227825045586 0.625798077322543 1253.96351051331
-9999 -9999 -9999 -9999 -9999 -9999 -9999 -9999 -9999 -9999 -9999 1254.86674118042 1254.86674118042 1254.86674118042 1254.86674118042 1254.86674118042 1254.86674118042 1254.86674118042 1254.86674118042 1254.86674118042 1254.86674118042 0.798998282290995 0.782595748081803 0.581221534870565 0.618841022253036 1.30528814159334 0.631148955784738 3.36509772390127 0.580025208182633 0.40679617645219 1.41259260103106 1432.29361724854 1432.29361724854 1432.29361724854 1253.96351051331 40.3430446386337 38.8575209379196 37.730695605278 1253.96351051331 1253.96351051331 1253.96351051331 1253.96351051331 1253.96351051331 1253.96351051331 1253.96351051331
-9999 -9999 -9999 -9999 -9999 -9999 -9999 -9999 -9999 -9999 1.05293667316437 1254.86674118042 1254.86674118042 1254.86674118042 1254.86674118042 1254.86674118042 1254.86674118042 1254.86674118042 1254.86674118042 1254.86674118042 1.09936607070267 0.548165690153837 0.512257610447705 1.06438435986638 0.606488207355142 0.531256970018148 1.35625487565994 5.35967516154051 1.17747209779918 0.27340383362025 118.646275997162 1.99567090347409 0.687904145568609 2.62774094194174 1253.96351051331 1253.96351051331 1253.96351051331 1253.96351051331 1253.96351051331 1253.96351051331 1253.96351051331 1253.96351051331 1253.96351051331 1253.96351051331 1253.96351051331
-9999 -9999 -9999 -9999 -9999 -9999 -9999 -9999 -9999 -9999 1254.86674118042 1254.86674118042 1254.86674118042 1254.86674118042 1254.86674118042 1254.86674118042 1254.86674118042 1254.86674118042 0.524007081054151 4.71523929387331 0.618597245775163 0.620818837545812 0.645805336534977 0.612880465574563 3.04977416992188 1.3199402987957 6.80649568140507 6.04231930524111 91.3152593374252 117.869301080704 25.1336633563042 0.83337021432817 0.864336458034813 0.825797948054969 2.21179584041238 1.32463026046753 1253.96351051331 1253.96351051331 1253.96351051331 1253.96351051331 1253.96351051331 1253.96351051331 1253.96351051331 1253.96351051331 1253.96351051331
-9999 -9999 -9999 -9999 -9999 -9999 -9999 -9999 -9999 0.939751176163554 1254.86674118042 1254.86674118042 1254.86674118042 1254.86674118042 1254.86674118042 1254.86674118042 1254.86674118042 2.139843525365 0.637254362925887 4.10318012535572 2.49936890229583 1.2851342856884 0.663547349628061 0.757081684656441 32.9375785589218 35.459908246994 7.59106321632862 89.5228533744812 0.535608746111393 0.542249523103237 0.676041098311543 23.149614661932 0.965600982308388 1.0114484615624 0.90478403866291 0.838998343795538 1253.96351051331 1253.96351051331 1253.96351051331 0.766754776705056 1253.96351051331 1253.96351051331 1253.96351051331 1253.96351051331 1253.96351051331
-9999 -9999 -9999 -9999 -9999 -9999 -9999 -9999 -9999 0.871847059577703 1254.86674118042 1254.86674118042 1254.86674118042 1254.86674118042 1254.86674118042 1254.86674118042 0.737295969389379 1.25059462152421 0.427572838030756 0.427392544224858 0.522684646304697 0.521646353416145 25.1378723680973 29.1247859895229 2.25070875138044 0.542931501753628 45.2505276799202 0.504485175013542 43.0296563506126 7.02852737903595 0.943382585421205 0.678087175823748 22.6226302981377 1.93775026500225 0.997751731425524 0.779898783192039 6.81259040534496 0.809997767210007 0.57749430090189 29.566074192524 1253.96351051331 1253.96351051331 0.00878702330412651 1253.96351051331 1253.96351051331
-9999 -9999 -9999 -9999 -9999 -9999 1.20704787783325 2.03617851808667 0.955922881141305 0.408573383465409 70.0442116260529 1254.86674118042 1254.86674118042 1254.86674118042 1254.86674118042 0.780926343053579 0.777747007086873 0.540200255811214 0.529873474501073 0.353624805808067 5.15361519157887 21.7281705439091 0.798859382048249 0.544273764826357 0.524162698537111 1.38811094500124 1.61355363018811 0.772202804684639 34.0311527252197 0.854915319010615 5.61315272003412 0.85241421777755 2.51099679619074 15.9643447399139 0.769591758027673 0.88651767000556 1.61205269396305 3.59414215385914 0.887764709070325 29.566074192524 0.847716130316257 1217.87836074829 8.6026066839695 1.1162169482559 1253.96351051331
-9999 -9999 -9999 -9999 -9999 -9999 2.25425508990884 2.94539297372103 0.447458704933524 69.893238067627 0.371576132252812 1254.86674118042 1254.86674118042 1254.86674118042 1254.86674118042 17.919009834528 15.6166432797909 14.1244535595179 11.5030933469534 10.425180092454 3.7565750554204 0.493838089518249 16.0281662940979 13.3687133342028 0.483715136535466 0.552295499481261 0.78869826067239 2.84091662988067 30.2709711790085 0.452058495022357 4.25308755785227 0.813043545000255 1.58618463017046 0.805144031532109 13.3423789143562 0.850697487592697 0.85884462390095 2.77639257162809 1.05528483912349 27.0120867490768 1.03907928243279 1208.35996818542 2.24047588929534 6.56683027744293 0.933435562998056
-9999 -9999 -9999 -9999 -9999 0.531188131310046 0.801834754645824 2.67478179931641 69.43145185709 0.210824216948822 0.170631920918822 1254.86674118042 1254.86674118042 1254.86674118042 0.869123501703143 3.90959858521819 0.558537533506751 1.22759104333818 1.02857048530132 9.82094685733318 0.365182284265757 3.04432072117925 1.85939234122634 12.0751252025366 0.755399627611041 0.576840192079544 0.539994571823627 1.51175263896585 2.45445621758699 27.5020015239716 0.975734064355493 2.15036588907242 0.766676568426192 0.767123752273619 7.66399030387402 4.27947901189327 0.823137688450515 0.987946020439267 2.11670318990946 25.3357641100883 1.0468597766012 1209.55288314819 1.11834765970707 4.54790980368853 0.882649533450603
-9999 -9999 0.203909547068179 0.799788178876042 0.423495070077479 0.267915273085237 0.24974518455565 1.27299125306308 63.5352093577385 0.202381468145177 2.74174042791128 2.94860661774874 36.5501096844673 0.788444315083325 1.10793111659586 2.18055185116827 1.04655282944441 0.728861099109054 0.561277687549591 9.42333582043648 0.43617279175669 2.4424628932029 0.991456749849021 3.72592202946544 10.4817791283131 1.09127491898835 0.588314038701355 0.583467368967831 2.06344763562083 26.9656391739845 23.8401446640491 0.568134997040033 0.839604902081192 0.83910365588963 6.37346220761538 0.491467658430338 2.08835867419839 0.939641559496522 1.3968653306365 20.1534251272678 1.07293917611241 1208.82271003723 1.03890774212778 1.02702895179391 1.60951658338308
-9999 0.571519755758345 2.02041773125529 0.503640186972916 0.128578782081604 0.419288477860391 60.6370383501053 61.5326970219612 0.258161209989339 0.194366783834994 2.41071487590671 0.683371756225824 4.33990630507469 30.8971317112446 26.6359363496304 1.04027880914509 1.88973468728364 0.830699319951236 2.67218370176852 5.88294472545385 1.62390447035432 0.874300816096365 0.952083599753678 2.86919962614775 0.584251020569354 4.17980120331049 0.321890890132636 0.255839612800628 0.809762937948108 0.830901975743473 2.556435726583 23.2857040464878 2.41424645483494 0.550665291026235 5.8477221801877 0.60594567656517 1.45636814832687 0.747144348919392 1.08969703316689 17.8738276660442 0.588195396587253 1207.17157363892 0.919316954910755 0.964007759466767 0.548341818153858
-9999 0.502194273285568 0.850585309788585 56.0204099714756 56.3915484845638 59.5753656625748 0.50644560996443 0.86717642378062 0.865195548161864 2.05483173578978 0.68314560316503 2.49295155331492 0.931127076968551 3.1974346190691 0.794300427660346 23.8021788299084 13.393276438117 0.769007731229067 1.02548584155738 0.840149138122797 3.60186151787639 0.898794000037014 0.860295173712075 2.19893252849579 0.605962703935802 3.59964340180159 2.98732048273087 1.74127035960555 0.275429632980376 0.292511633597314 1.28907382115722 0.752013605087996 19.4733011126518 0.507697133347392 0.598730235360563 4.7196783348918 0.569046137854457 0.504035983234644 8.31849066913128 9.02354797720909 0.534502545371652 0.576242156326771 1207.2405128479 7.67765817046165 0.824587306007743
