Archive - glowpa-model-master/Model input/Uganda/discharge/discharge_apr_1.asc
NCOLS 67 
NROWS 67 
XLLCORNER 29.5000000014144 
YLLCORNER -1.49999999936061 
CELLSIZE 0.0833333332926796 
NODATA_value -9999 
[rows 40 to 59 of 67, columns 0 to 44 of 67]
0.334450994618237 0.217951685190201 44.0185532271862 44.8873143196106 0.107675494858995 3.57231041789055 0.309743925463408 0.53055779542774 0.60642996057868 0.504446537233889 0.432582689449191 0.907530751079321 0.81509517505765 2.54494426771998 0.865286845713854 8.17181713879108 4.73549405112863 8.29840114712715 1.21517528779805 1.21841881610453 1.0847750576213 2.05560346134007 1.03373610507697 0.892159857787192 0.9554855247261 0.724052667617798 1.00589046999812 1.16396745108068 0.510897513478994 0.24672914808616 0.757935499772429 0.453209950588644 16.7620227336884 1.88273273594677 0.96327194198966 3.2105580046773 0.577966473065317 0.534606724046171 0.486241573467851 6.24742735922337 7.77191983163357 0.586299414746463 1086.48544120789 1.81818607449532 4.00332723557949
0.398169495165348 0.841747205704451 42.3519508838654 2.38242357596755 2.25139520689845 2.72749761864543 0.673439289443195 0.575648385100067 0.680701040662825 2.45933164283633 3.34201855957508 0.58878939319402 0.853924043476582 0.875886585563421 1.65987690165639 4.8780112452805 0.871614397503436 3.90208375826478 7.38348775357008 5.41505267471075 2.64819383062422 2.00078759528697 0.960994238033891 1.91165203321725 1.71135372656863 0.937358099967241 0.234721332555637 0.421294565312564 0.371039493940771 0.42454678285867 0.675520669668913 2.14706982299685 14.1511041820049 0.669511781074107 0.624626571312547 0.578550239093602 1.08474805951118 0.506306322291493 4.68448426574469 1.03094563819468 6.6824626326561 2.28482875600457 1087.78731155396 1.00247306935489 3.19102538377047
0.139237745199353 0.26156460493803 39.3850587010384 0.223671947140247 2.02070745453238 1.9195901080966 0.525074824690819 1.26933834701777 1.96895761787891 0.566601392813027 0.672904740087688 4.51781254261732 1.22719012200832 0.602522573433816 0.790090057998896 0.940574008971453 2.22661991789937 1.40552111994475 1.58989164233208 0.889234660193324 0.784130987711251 0.768537554773502 0.883385843364522 2.93112828303128 0.720760406926274 4.8031577244401 0.849541873671114 1.2609630189836 0.528634790331125 0.424808094510809 1.12585867755115 0.514501898549497 12.8850893378258 5.65906576067209 1.80535379052162 0.596405753865838 0.53010568767786 0.471996515057981 3.71390103548765 0.493254832923412 3.89564871788025 1.69985187798738 1088.86866378784 1089.68883323669 0.740333627909422
35.5010463148355 39.2469075322151 0.311812439002097 0.76071635633707 1.38082714844495 1.20846435241401 0.500815058127046 1.18468332290649 2.49348108842969 0.793078172951937 1.22686547972262 5.10081461071968 6.8757883310318 0.515503079630435 0.540229697246104 0.890616987016983 0.819516686722636 0.476803141413257 0.648114339448512 0.871578236692585 0.915187984122895 1.58434655540623 5.31778338365257 0.703030585311353 0.669314417988062 5.4505449924618 0.724459996738005 0.737635678960942 3.5974987167865 7.51674194633961 1.1054633371532 0.35827056504786 6.66410253942013 0.559948477894068 2.7448781915009 2.1616546921432 0.573162591084838 2.24828892946243 0.514953317120671 0.529155367985368 3.40389028936625 1.19202672876418 0.222507026512176 1090.3877658844 1.19191277958453
35.3024917840958 3.2166874781251 2.90574387833476 1.82886733114719 1.68052035104483 1.23312577325851 0.334116919431835 0.755849513225257 1.44505956396461 3.62127960473299 2.70881751924753 0.56091463053599 8.96502849459648 1.55882835574448 1.60430030850694 0.743492911569774 0.849556279717945 0.8595192481298 1.04927807534114 1.79869912494905 1.50629984517582 7.44557512085885 0.554437383019831 1.30589394411072 7.71406217850745 1.64827024331316 0.995885170355905 17.9706331565976 4.88093934580684 7.51674194633961 0.717180130071938 0.454700254835188 1.32219668477774 4.37209532409906 3.11662066727877 0.611103347502649 0.984166195616126 1.68706158176064 0.710753388702869 0.978937856853008 2.35727529227734 0.735430236905813 1090.15382957458 1090.15382957458 1090.15382957458
34.5983136743307 1.28170171566308 1.05041793733835 0.851466929540038 2.90336305834353 0.999506425112486 1.87123945914209 2.42925045453012 0.971668126061559 5.2626636326313 3.22549977526069 0.448019313858822 9.46032758057117 0.699012869386934 3.04965278320014 0.758881718153134 3.18491062149405 0.759604616032448 0.838935228821356 3.43175503797829 2.14243795955554 8.54837524704635 10.9207619987428 9.09991422854364 0.714943636208773 0.993407059635501 1.14942607667763 17.9706331565976 7.51674194633961 7.51674194633961 1.45807308703661 0.494750536978245 0.691135989502072 0.645598020404577 0.451282690279186 1.90360514074564 1.24005430750549 1090.15382957458 1090.15382957458 0.359549898654222 0.718740919604897 0.354424968361855 1090.15382957458 1090.15382957458 1090.15382957458
3.16737647354603 33.0025168508291 0.507369314320385 0.762099562212825 3.83703055605292 0.542539557442069 2.18028696626425 2.48987570777535 34.8448200523853 10.7523386627436 4.28149884939194 0.55290939565748 9.94146499037743 4.42822750285268 5.19869670271873 6.65487679839134 14.4096698760986 15.1064753159881 26.4261342138052 34.0517936944962 34.1387293934822 65.6420915126801 65.6861793994904 0.664638645481318 1.09945423342288 1.16462120367214 18.8555964976549 0.784255462349392 0.762283505406231 0.967028461396694 0.470331164076924 0.486443040892482 0.494535103440285 1.00708765536547 1090.15382957458 1090.15382957458 1090.15382957458 1090.15382957458 1090.15382957458 1090.15382957458 1090.15382957458 1090.15382957458 1090.15382957458 1090.15382957458 1090.15382957458
0.29610500857234 29.2313284575939 1.3394013941288 0.7744155023247 0.856192337349057 5.57010022550821 34.8448200523853 34.8448200523853 34.8448200523853 34.8448200523853 28.7902569770813 28.3201792240143 15.8189610391855 15.3262152075768 0.467315055429935 0.414554200600833 4.03810876235366 0.747926592361182 10.0899866968393 1.68868435360491 10.9618945699185 0.644341340055689 1.86308797635138 70.6058430969715 2.26745497435331 19.6418367549777 0.840389663469978 0.918197897495702 0.85996379936114 0.48758440092206 0.440405671484768 0.965625734999776 1090.15382957458 1090.15382957458 1090.15382957458 1090.15382957458 1090.15382957458 1090.15382957458 1090.15382957458 1090.15382957458 1090.15382957458 1090.15382957458 1090.15382957458 1090.15382957458 1090.15382957458
0.821222208440304 29.1051582563668 28.1014430844807 28.1014430844807 6.10582880675793 0.29143010918051 34.8448200523853 34.8448200523853 34.8448200523853 34.8448200523853 0.4907018058002 2.07351651601493 0.468495241831988 4.06804052740335 10.3778847455978 3.46241663396358 2.01478519663215 0.607956501888111 9.51043944992125 0.772433377685957 8.04453380405903 1.93143887887709 1.07993811229244 1.09519360458944 94.3287915289402 114.512907624245 115.530780434608 117.522288799286 119.386317551136 0.989806767553091 1090.15382957458 1090.15382957458 1090.15382957458 1090.15382957458 1090.15382957458 1090.15382957458 1090.15382957458 1090.15382957458 1090.15382957458 1090.15382957458 1090.15382957458 1090.15382957458 1090.15382957458 1090.15382957458 1090.15382957458
28.1014430844807 28.1014430844807 28.1014430844807 28.1014430844807 28.1014430844807 0.0925308720907196 0.155142388073727 0.486920069437474 34.8448200523853 34.8448200523853 0.994237844832242 0.535626858472824 2.70159903541207 0.465532445348799 6.53982802480459 2.67469441890717 0.414081746712327 1.5701814070344 8.56456823088229 7.40149934217334 0.958929171552882 6.32059261202812 1.03945518808905 1.19977160356939 15.2169956341386 0.769648392684758 4.22597158700228 0.693368133157492 1090.15382957458 1090.15382957458 1090.15382957458 1090.15382957458 1090.15382957458 1090.15382957458 1090.15382957458 1090.15382957458 1090.15382957458 1090.15382957458 1090.15382957458 1090.15382957458 1090.15382957458 1090.15382957458 1090.15382957458 1090.15382957458 1090.15382957458
28.1014430844807 28.1014430844807 28.1014430844807 28.1014430844807 28.1014430844807 0.0861713752383366 39.249558031559 35.2976599037647 34.8448200523853 0.262968445662409 0.503365023992956 0.413799401372671 2.11748924851418 0.443532350473106 6.15595396608114 1.97102563641965 0.364579108543694 0.895121968351305 0.589420179370791 6.49424515292048 1.01383929688018 5.39491928741336 1.04796248214552 0.933021839009598 13.4329132884741 0.445679407566786 4.00080365687609 0.40051706507802 1090.15382957458 1090.15382957458 1090.15382957458 1090.15382957458 1090.15382957458 1090.15382957458 1090.15382957458 1090.15382957458 1090.15382957458 1090.15382957458 1090.15382957458 1090.15382957458 1090.15382957458 1090.15382957458 1090.15382957458 1090.15382957458 1090.15382957458
28.1014430844807 28.1014430844807 28.1014430844807 28.1014430844807 28.1014430844807 39.2163300216198 0.180668358691037 3.80401178449392 0.269368950044736 1.05603082384914 0.153240376617759 0.747996621765196 0.574194182641804 0.526548658497632 4.87127710133791 0.230225028237328 1.39129725284874 0.36967160506174 1.10792133491486 3.34023359138519 1.05691838357598 2.20950067741796 1.17303120298311 1.08449357468635 12.3935406729579 0.377366601023823 2.36626615002751 0.436293888837099 1090.15382957458 1090.15382957458 1090.15382957458 1090.15382957458 1090.15382957458 1090.15382957458 1090.15382957458 1090.15382957458 1090.15382957458 1090.15382957458 1090.15382957458 1090.15382957458 1090.15382957458 1090.15382957458 1090.15382957458 1090.15382957458 1090.15382957458
28.1014430844807 28.1014430844807 28.1014430844807 28.1014430844807 28.1014430844807 0.250202963827178 0.073850963730365 3.23152500018477 0.473657683935016 0.0668851265509147 0.461394496262074 0.0816135997301899 0.583884990774095 1.43296678178012 1.62676715105772 1.26322749257088 0.398793632164598 0.356057933531702 0.46599362231791 1.17809185571969 1.2552474810509 1.14441101776902 1.09620149154216 4.04249254381284 8.89413152076304 1.47390248253942 1.02515844628215 0.482325213029981 0.765835026279092 1.48551870603114 1090.15382957458 1090.15382957458 1090.15382957458 1090.15382957458 1090.15382957458 1090.15382957458 1090.15382957458 1090.15382957458 1090.15382957458 1090.15382957458 1090.15382957458 1090.15382957458 1090.15382957458 1090.15382957458 1090.15382957458
28.1014430844807 28.1014430844807 28.1014430844807 28.1014430844807 28.1014430844807 0.0493154649739154 0.196297619258985 3.02051098272204 2.52367413043976 0.507634626701474 0.911417199298739 0.945136274211109 0.493787162937224 0.910441101528704 0.372829206287861 0.413975618313998 0.410059567540884 0.51566678006202 0.548635269515216 0.646876590326428 1.8969638501294 0.620973621029407 1.19917181576602 0.883488537743688 3.90623198635876 0.840711627621204 0.489634890109301 0.608806155622005 1.78000354021788 4.82329846918583 1090.15382957458 1090.15382957458 1090.15382957458 1090.15382957458 1090.15382957458 1090.15382957458 1090.15382957458 1090.15382957458 1090.15382957458 1090.15382957458 1090.15382957458 1090.15382957458 1090.15382957458 1090.15382957458 1090.15382957458
28.1014430844807 28.1014430844807 28.1014430844807 28.1014430844807 0.0725392141612247 0.541982955299318 0.379239209927619 1.08141931705177 0.432379291392863 0.845901601016521 1.79089099913836 1.53881782479584 0.599063546396792 0.449886855203658 0.503288706764579 0.966129699721932 0.485894464887679 0.987711841240525 1.11497840750962 8.02169796079397 2.79451033845544 1.6875560823828 1.17133968416601 1.36466850433499 1.59207773767412 0.649465179420076 0.225316126598045 1090.15382957458 1090.15382957458 1090.15382957458 1090.15382957458 1090.15382957458 1090.15382957458 1090.15382957458 1090.15382957458 1090.15382957458 1090.15382957458 1090.15382957458 1090.15382957458 1090.15382957458 1090.15382957458 1090.15382957458 1090.15382957458 1090.15382957458 1090.15382957458
28.1014430844807 28.1014430844807 11.3859942257404 0.173290839185938 2.62401363998652 0.323089533485472 0.532165399752557 0.549560194835067 0.593504789285362 3.30179123580456 0.598222685046494 2.05378364771605 1.1084893103689 0.480324655771255 0.482692143879831 0.571551568806171 1.8344629406929 2.60566700994968 0.529034234583378 8.02169796079397 0.468259909888729 0.992905966006219 0.55564979754854 0.738490825053304 0.699744993355125 0.220777751994319 0.689619606360793 1090.15382957458 1090.15382957458 1090.15382957458 1090.15382957458 1090.15382957458 1090.15382957458 1090.15382957458 1090.15382957458 1090.15382957458 1090.15382957458 1090.15382957458 1090.15382957458 1090.15382957458 1090.15382957458 1090.15382957458 1090.15382957458 1090.15382957458 1090.15382957458
28.1014430844807 28.1014430844807 11.2523688077927 10.234634578228 0.267031704075634 2.12816738709807 0.582870167680085 0.49568737577647 1.04408368095756 3.93264707177877 0.529085913673043 11.1360887885094 13.5860696136951 14.622072994709 15.5784700214863 16.7310147285461 25.6875542700291 5.03208350390196 37.7094303965569 37.7094303965569 40.2708611488342 1.63140781503171 41.4597699642181 0.992227654904127 0.29897027509287 1.05852108867839 1090.15382957458 1090.15382957458 1090.15382957458 1090.15382957458 1090.15382957458 1090.15382957458 1090.15382957458 1090.15382957458 1090.15382957458 1090.15382957458 1090.15382957458 1090.15382957458 1090.15382957458 1090.15382957458 1090.15382957458 1090.15382957458 1090.15382957458 1090.15382957458 1090.15382957458
0.199523111339658 5.54283805191517 0.672695817425847 9.9547815322876 0.335823301691562 0.504235579632223 0.485368693247437 2.4460784457624 0.436974809505045 4.56074893474579 7.50528666377068 0.500422088429332 0.429194211028516 0.560300832614303 1.41367348097265 1.98565471172333 25.6875542700291 25.6875542700291 37.7094303965569 37.7094303965569 40.2708611488342 41.4597699642181 41.4597699642181 0.516917824745178 2.67658107355237 0.438806720077991 1090.15382957458 1090.15382957458 1090.15382957458 1090.15382957458 1090.15382957458 1090.15382957458 1090.15382957458 1090.15382957458 1090.15382957458 1090.15382957458 1090.15382957458 1090.15382957458 1090.15382957458 1090.15382957458 1090.15382957458 1090.15382957458 1090.15382957458 1090.15382957458 1090.15382957458
0.173073681769893 5.12061996012926 0.448407855350524 9.60998184978962 0.303477805107832 0.449029348790646 3.6742407232523 2.84743354097009 0.560641380026937 6.67888998985291 1.05418060161173 0.514832076616585 0.397914607543498 0.435882168356329 0.440229236613959 0.601181042846292 25.6875542700291 25.6875542700291 0.402342198416591 0.406045653857291 2.09888339228928 0.504298658575863 42.1044030785561 0.135775485774502 3.41881961002946 3.78766030818224 1090.15382957458 1090.15382957458 1090.15382957458 1090.15382957458 1090.15382957458 1090.15382957458 1090.15382957458 1090.15382957458 1090.15382957458 1090.15382957458 1090.15382957458 1090.15382957458 1090.15382957458 1090.15382957458 1090.15382957458 1090.15382957458 1090.15382957458 1090.15382957458 1090.15382957458
0.20099808787927 4.97065316140652 0.338484908686951 0.392129801213741 9.04798771440983 4.5273099988699 4.25500911474228 0.508610671386123 0.487383457832038 0.621388215571642 0.685096209868789 0.339563565794379 0.930924881249666 0.358642711536959 0.455161911435425 1.00282382965088 0.950357135385275 0.468291852623224 0.580894639715552 0.907522352412343 1.65053835138679 0.687320335768163 0.320896338671446 42.2165683507919 50.913249194622 51.2063810229301 1090.15382957458 1090.15382957458 1090.15382957458 1090.15382957458 1090.15382957458 1090.15382957458 1090.15382957458 1090.15382957458 1090.15382957458 1090.15382957458 1090.15382957458 1090.15382957458 1090.15382957458 1090.15382957458 1090.15382957458 1090.15382957458 1090.15382957458 1090.15382957458 1090.15382957458
