Archive - glowpa-model-master/Model input/Uganda/discharge/discharge_jul_1.asc
NCOLS 67 
NROWS 67 
XLLCORNER 29.5000000014144 
YLLCORNER -1.49999999936061 
CELLSIZE 0.0833333332926796 
NODATA_value -9999 
[rows 0 to 19 of 67, columns 0 to 44 of 67]
-9999.000000000000000 -9999 -9999 -9999 -9999 -9999 -9999 -9999 -9999 -9999 -9999 -9999 -9999 -9999 -9999 -9999 -9999 -9999 -9999 -9999 -9999 -9999 -9999 -9999 -9999 -9999 -9999 -9999 -9999 -9999 -9999 0.444282289594412 0.437252703122795 -9999 -9999 -9999 -9999 -9999 -9999 -9999 -9999 -9999 -9999 -9999 -9999
-9999 -9999 -9999 -9999 -9999 -9999 -9999 -9999 -9999 -9999 -9999 -9999 -9999 -9999 -9999 -9999 -9999 -9999 -9999 -9999 -9999 -9999 -9999 -9999 -9999 -9999 -9999 -9999 -9999 0.475514328107238 0.80892276018858 0.386262575164437 1.19873294793069 0.36839828081429 0.393925903365016 0.363028980791569 0.629402345977724 0.589066424407065 0.35235355142504 0.428395831957459 -9999 -9999 -9999 -9999 -9999
-9999 -9999 -9999 -9999 -9999 -9999 -9999 -9999 -9999 -9999 -9999 -9999 -9999 -9999 -9999 -9999 -9999 -9999 -9999 -9999 -9999 -9999 -9999 -9999 -9999 -9999 -9999 -9999 -9999 1.96912490576506 0.322711364366114 1.48864319361746 10.9832346141338 9.99245183169842 0.338609449565411 7.86347179114819 6.77955488115549 5.14624596387148 2.51419536024332 1.41008207201958 0.401743969880044 0.609235269017518 0.787280231714249 -9999 -9999
-9999 -9999 -9999 -9999 -9999 -9999 -9999 -9999 -9999 -9999 -9999 -9999 -9999 -9999 -9999 -9999 -9999 -9999 -9999 -9999 -9999 -9999 -9999 -9999 -9999 0.593402497470379 -9999 -9999 -9999 2.32353550940752 0.279170560650527 13.0459463149309 0.326948485337198 0.333357659168541 9.36505641043186 0.80658649187535 0.45977015979588 0.507367056794465 1.45057684741914 0.757412698119879 0.621635056100786 0.823044238612056 1.90453762002289 -9999 -9999
-9999 -9999 -9999 -9999 -9999 -9999 -9999 -9999 -9999 -9999 -9999 -9999 -9999 -9999 -9999 -9999 -9999 -9999 -9999 -9999 -9999 -9999 0.449527250602841 -9999 -9999 1.07961855176836 -9999 -9999 -9999 1665.40574073792 167.228465080261 151.627596616745 1.72565793991089 1.21033118851483 0.608473296277225 0.370935778133571 0.54529869183898 1.85708758048713 1.2460265820846 0.655891536269337 2.09637569077313 0.640700522344559 2.83091996982694 0.398583762813359 -9999
-9999 -9999 -9999 -9999 -9999 -9999 -9999 -9999 -9999 -9999 -9999 -9999 -9999 -9999 -9999 -9999 -9999 -9999 -9999 -9999 -9999 0.939995422959328 1.43323664367199 0.921405637171119 1.48968722298741 0.413005545269698 1464.2050743103 1464.2050743103 1499.58020210266 1499.58020210266 0.317201221361756 149.84814453125 16.7118613272905 15.1588578224182 0.62403664086014 4.04390352964401 3.39042197167873 1.05480676237494 0.693039137404412 0.664671227801591 0.560705978423357 3.23155423626304 3.66036120429635 0.414448008872569 -9999
-9999 -9999 -9999 -9999 -9999 -9999 -9999 -9999 -9999 -9999 -9999 -9999 -9999 -9999 -9999 -9999 -9999 -9999 -9999 0.575203159824014 4.45096214860678 5.3938769325614 8.78073853254318 10.588624984026 2.81654033437371 0.325711300130934 1464.2050743103 1464.2050743103 1499.58020210266 1499.58020210266 31.447864741087 0.362359449500218 133.099255084991 1.2595823276788 14.6014830172062 7.32316859066486 6.51510206609964 3.53508352488279 0.683058901689947 1.25337891094387 1.74552467279136 4.37985350191593 8.45569418370724 0.347636241465807 -9999
-9999 -9999 -9999 -9999 -9999 -9999 -9999 -9999 -9999 -9999 -9999 -9999 -9999 -9999 -9999 -9999 -9999 1.26857915148139 1.86808072589338 2.96496500819921 0.515757649205625 0.889490652829409 0.961629442870617 10.8811759203672 0.188226704395674 3.20352933555841 1463.56848144531 0.510801029391587 1.83961481601 2.36696170642972 16.0799138844013 14.5010006129742 132.908333778381 0.451436264440417 0.815146165899932 1.88957708328962 1.92967746593058 0.988219269551337 0.553514605388045 0.52807226870209 2.69464348629117 0.393989684525877 9.66616237163544 0.401187084615231 0.367918683215976
-9999 -9999 -9999 -9999 -9999 -9999 -9999 -9999 -9999 -9999 -9999 -9999 -9999 -9999 -9999 -9999 -9999 1.23956580460072 0.604044230654836 0.530400289222598 0.531932739540935 1.41797909140587 1.82190179079771 14.4393742233515 15.0343889296055 1461.57975578308 0.607030290644616 0.678143789526075 1.32703069597483 1.95400961302221 15.573205307126 13.9060222506523 0.774322370998561 132.307843446732 1.43989388737828 0.925440201535821 0.999475078657269 1.01172477658838 1.08052638918161 0.535462328232825 0.460181053727865 35.1762023568153 0.400327980518341 1.1764837577939 0.393006515223533
-9999 -9999 -9999 -9999 -9999 -9999 -9999 -9999 -9999 -9999 -9999 -9999 -9999 -9999 -9999 -9999 -9999 1.97638509608805 2.56094665825367 4.23214377462864 0.939184544607997 1.89520997367799 1.86592389084399 0.321099605960399 1445.54990768433 0.634857801487669 2.382573639974 0.497678379528224 1.32312306482345 5.37789112329483 12.9801646769047 0.786578135564923 12.4362285286188 132.12181520462 130.354959964752 0.553937136661261 0.9504473535344 3.97104428336024 0.909029001370072 1.16106949746609 37.5680437684059 35.5633262991905 21.5532027184963 1.69122460111976 0.365924110636115
-9999 -9999 -9999 -9999 -9999 -9999 -9999 -9999 -9999 -9999 -9999 -9999 -9999 -9999 -9999 -9999 0.625474582891911 1.26587546430528 5.32029660791159 10.1771593242884 13.4967687427998 13.9047674834728 16.9286104738712 2.45450472645462 1446.78731918335 5.53812732547522 0.837515270337462 0.830911876633763 1.8004544544965 2.86755238100886 6.05218033492565 0.849711429327726 10.8690171390772 0.880109516903758 0.565484774298966 129.502194643021 4.53227893635631 0.99411815404892 43.1406624913216 42.5572644472122 1.06571760214865 0.535901653580368 0.49816451780498 18.8918475806713 16.2543796896935
-9999 -9999 -9999 -9999 -9999 -9999 -9999 -9999 -9999 -9999 -9999 -9999 -9999 -9999 -9999 -9999 0.644186521880329 3.45413680002093 0.640639144927263 1.26892473176122 1.04504017811269 0.451510001206771 0.304082638162981 1439.22965431213 0.87065760511905 4.70757047086954 3.75014270469546 0.934808366931975 0.966136375442147 2.067303519696 4.29089168831706 5.24666786938906 9.10243760049343 0.91852397006005 0.998354397714138 72.4151036739349 50.6535974144936 50.1624309420586 5.65400336682796 0.576572621241212 2.66854997351766 2.09676698967814 0.486639584414661 2.15156504511833 0.453757710754871
-9999 -9999 -9999 -9999 -9999 -9999 -9999 -9999 -9999 -9999 -9999 -9999 -9999 -9999 -9999 0.647775328718126 2.11167017370462 0.805755492299795 1.51510704681277 4.286924906075 0.611483056331053 0.938426486216486 1423.76484680176 1423.76484680176 0.898018500767648 0.916332394815981 0.920381045900285 0.987930230796337 1.01487535890192 1.53909979201853 1.06312375050038 2.29505379125476 6.69215276092291 0.517678809352219 0.623381950892508 2.60845667868853 68.275603055954 0.523527561686933 1.0282265022397 3.92347382754087 0.583602827042341 1.06993952766061 0.510706165805459 1.34655259363353 0.376478154677898
-9999 -9999 -9999 -9999 -9999 -9999 -9999 -9999 -9999 -9999 -9999 -9999 -9999 -9999 -9999 -9999 0.806156162172556 0.870248245075345 1.61639734171331 1.13637026399374 4.63706199079752 0.174785747010901 1423.76484680176 1423.76484680176 1.85823736898601 0.965225484222174 2.14454999007285 1.10080507025123 1.05858546216041 0.50978367170319 0.57183004822582 1.35685162059963 6.19691301137209 2.09053352102637 0.616913633421063 0.708730131387711 67.7319943904877 0.604138760827482 0.609717850573361 3.3696249499917 1.00915417633951 0.561842730268836 0.530723058618605 0.95343529060483 0.376895135268569
-9999 -9999 -9999 -9999 -9999 -9999 -9999 -9999 -9999 -9999 -9999 -9999 -9999 -9999 -9999 -9999 -9999 0.825133167207241 2.00343237817287 3.64252408593893 3.87436020374298 9.12516547739506 1415.7522277832 2.63101229816675 1.81048650667071 3.09418143332005 0.994176683947444 2.67979933321476 0.623600357212126 0.617954207584262 0.678089619614184 0.709868856705725 3.55845650285482 1.42832643911242 0.739418235607445 0.744692879728973 3.45941222459078 62.9068524837494 0.742639175616205 0.672625181265175 22.4087100923061 0.498255527578294 1.32595815509558 0.689639599993825 17.2345588207245
-9999 -9999 -9999 -9999 -9999 -9999 -9999 -9999 -9999 -9999 -9999 -9999 -9999 -9999 -9999 -9999 1.11189879477024 1.87810107320547 0.810850685462356 1.76346704922616 2.15035136789083 2.2313913423568 1405.51814651489 0.711220561526716 9.75943993031979 9.40731725841761 4.53517257422209 0.978162962943316 0.496204813010991 1.79578711092472 1.85272348672152 0.619396706111729 0.795619426295161 2.17077836766839 1.14625989831984 1.53120819292963 2.1247816644609 1.94586906209588 59.4951641559601 24.6111927628517 1.60039492510259 21.9551913142204 19.5377624034882 18.4832722246647 0.644665877334774
-9999 -9999 -9999 -9999 -9999 -9999 -9999 -9999 -9999 -9999 -9999 -9999 -9999 -9999 -9999 -9999 1.11166360974312 5.37296652048826 8.1135495454073 0.885977557860315 17.9027737379074 22.6972057521343 22.6786923706532 1406.82026290894 0.650113164447248 0.725992143154144 0.812760164961219 0.870459579862654 5.04509843140841 4.11965019255877 0.57606621272862 0.630194833502173 1.11498994939029 0.925106199458241 1.71825359761715 0.781079457141459 0.695937791839242 0.580112206749618 2.79855005815625 31.5288293361664 0.544981373474002 0.864035109989345 0.403327829670161 0.370212940964848 0.37174388114363
-9999 -9999 -9999 -9999 -9999 -9999 -9999 -9999 -9999 -9999 -9999 -9999 -9999 -9999 -9999 0.990612871944904 3.53996129333973 0.671135346405208 7.6647056043148 16.5656460225582 4.79213653504848 0.415781903080642 0.419602239504457 1375.01486778259 11.4958040565252 9.7542732656002 8.33698826283216 6.77749725431204 6.00789345055819 0.48452999535948 1.29371484555304 0.731989678926766 0.651601266115904 4.21806702017784 0.659002241678536 1.39243067242205 0.614819499664009 1.67077203467488 2.19791631773114 30.9872427582741 30.5194553732872 0.366430668160319 0.370504679623991 0.394841981586069 0.68356800172478
-9999 -9999 -9999 -9999 -9999 -9999 -9999 -9999 -9999 -9999 -9999 -9999 -9999 -9999 -9999 0.680215721949935 2.53785083815455 0.640342430211604 5.7389529645443 1.24613559246063 4.40278158336878 0.356206724885851 0.997202747501433 1375.78577423096 0.412141360575333 0.590390289202332 0.671079229563475 1.18290576897562 0.431153391953558 0.477319996803999 2.55737037584186 0.679290958680212 0.736149974167347 1.45492132008076 6.87110397219658 0.633634473197162 0.689891661517322 0.567858192138374 0.526342839002609 1.06907815486193 3.08856379240751 26.0488582253456 0.319360331632197 1.84716193564236 1.08343332447112
-9999 -9999 -9999 -9999 -9999 -9999 -9999 -9999 -9999 -9999 -9999 -9999 -9999 -9999 -9999 0.577532263472676 2.92486798018217 5.18096769601107 0.537533644586802 2.22726799920201 0.445316942874342 0.286650769179687 0.426166705787182 0.324829460121691 1364.49077987671 0.360574190621264 3.03937325254083 0.637915866449475 0.415709332097322 6.64493361860514 3.17833598703146 2.18337995931506 0.98987664654851 2.2502604611218 9.89999225735664 1.5057171266526 1.54989604838192 1.02998297475278 0.505133729428053 0.491530707105994 1.30203795060515 0.733128949068487 24.9132652878761 19.6313433349133 1.00245149061084
