Archive - glowpa-model-master/Model input/Uganda/discharge/discharge_feb_1.asc
NCOLS 67 
NROWS 67 
XLLCORNER 29.5000000014144 
YLLCORNER -1.49999999936061 
CELLSIZE 0.0833333332926796 
NODATA_value -9999 
[rows 20 to 39 of 67, columns 0 to 44 of 67]
-9999 -9999 -9999 -9999 -9999 -9999 -9999 -9999 -9999 -9999 -9999 -9999 -9999 -9999 -9999 1.62905350700021 0.626540704630315 0.712209899909794 1.07340212911367 0.351954117882997 0.210059178993106 0.457594509236515 1.29864041693509 0.953140630736016 2.69773077964783 2.22945763915777 0.329737672116607 0.704612059518695 1220.84309959412 6.7248567789793 0.420357855968177 0.444229790009558 0.792017318308353 0.785005765035748 14.5866096019745 13.9509653449059 2.50264813378453 0.841126848012209 0.456181973218918 0.686602718196809 0.784190267324448 0.755582399666309 1.11095021106303 1.33355820178986 15.9022074043751
-9999 -9999 -9999 -9999 -9999 -9999 -9999 -9999 -9999 -9999 -9999 -9999 -9999 -9999 -9999 0.529776877723634 0.590842043049634 0.559165360406041 0.377917222678661 0.494895666837692 0.819281537085772 0.318572328425944 1.06464476510882 0.220657327910885 1226.31293678284 1225.83244132996 1225.03661727905 1221.69013214111 0.462832421064377 1213.81093215942 1213.49794769287 0.54386530444026 1.42746436595917 0.699363557621837 16.4633539915085 0.407417997717857 0.834883190691471 7.45821492373943 5.01750586181879 3.75793761759996 2.25963842868805 0.471045292913914 0.421479831449687 0.636936547234654 0.606980180367827
-9999 -9999 -9999 -9999 -9999 -9999 -9999 -9999 -9999 -9999 -9999 -9999 -9999 -9999 -9999 -9999 0.541153880767524 1.0356407314539 0.728086945600808 0.323384394403547 1219.92213821411 1219.92213821411 1219.92213821411 1227.02929115295 0.401246522553265 0.365890996064991 0.307152815861627 2.25177555531263 1.8278584331274 1.35641252622008 0.941140545532107 1211.33672142029 1210.62422561646 1207.76566886902 0.657326954416931 0.815744064748287 9.89128801226616 0.878411555662751 1.6276988312602 0.796295456588268 0.616701049730182 0.445556801743805 0.381571230478585 0.361397109925747 0.555351014249027
-9999 -9999 -9999 -9999 -9999 -9999 -9999 -9999 -9999 -9999 -9999 -9999 -9999 -9999 -9999 -9999 -9999 0.592035005800426 1219.92213821411 1219.92213821411 1219.92213821411 1219.92213821411 1219.92213821411 0.811567725613713 0.649066824000329 1.20911214780062 0.561681793536991 1.62227970734239 0.468348595313728 0.707055535167456 0.555381677113473 0.561418082565069 2.25652774423361 1189.48820304871 0.635053858160973 1.58108065649867 12.7099696993828 1.46197259053588 0.747184315696359 0.740070378407836 0.424512589350343 0.407587400637567 1.09588103741407 2.16467535123229 0.611226312816143
-9999 -9999 -9999 -9999 -9999 -9999 -9999 -9999 -9999 -9999 -9999 -9999 -9999 -9999 -9999 0.415664630010724 0.323645264375955 1219.92213821411 1219.92213821411 1219.92213821411 1219.92213821411 1219.92213821411 1219.92213821411 1219.92213821411 8.21717996895313 6.20769468694925 5.48805601894855 1.01723697036505 0.84011241979897 0.327657116111368 0.535196415148675 0.552216534502804 0.565281270071864 2.85008249431849 1187.75612449646 13.0725587904453 0.65703639946878 0.592835193499923 0.683721786364913 2.72186485677958 1.23429679498076 0.401383471675217 5.25902853906155 2.62232423946261 0.441869013011456
-9999 -9999 -9999 -9999 -9999 -9999 -9999 -9999 -9999 -9999 -9999 -9999 -9999 -9999 -9999 0.67416404094547 1219.92213821411 1219.92213821411 1219.92213821411 1219.92213821411 1219.92213821411 1219.92213821411 1219.92213821411 1219.92213821411 0.556462595239282 0.297443307004869 0.472266125492752 2.58185536786914 0.554437998682261 1.04581374302506 0.526666558347642 0.541101829148829 0.560003518126905 1169.63859939575 8.09310209751129 6.59468458592892 5.93580185621977 4.77595213055611 3.5088255405426 0.84222417883575 0.857435673475266 0.417617419734597 7.1837225407362 1.17791719175875 0.428015309385955
-9999 -9999 -9999 -9999 -9999 -9999 -9999 -9999 -9999 -9999 -9999 -9999 -9999 -9999 -9999 1219.92213821411 1219.92213821411 1219.92213821411 1219.92213821411 1219.92213821411 1219.92213821411 1219.92213821411 1219.92213821411 0.52130615664646 3.73171210289001 0.481000829488039 0.534793877974153 2.11543005332351 0.471625281497836 2.51148836687207 0.99221602268517 1.05302763357759 0.547025050967932 1159.02956199646 1160.20359230042 1.25135047733784 0.650348248891532 0.525679231621325 0.537608663551509 1.5380336381495 1.25965266861022 9.95600539445877 0.427454288117588 1.95295559614897 1.12050097621977
-9999 -9999 -9999 -9999 -9999 -9999 -9999 -9999 -9999 -9999 -9999 -9999 -9999 -9999 -9999 1219.92213821411 1219.92213821411 1219.92213821411 1219.92213821411 1219.92213821411 1219.92213821411 1219.92213821411 1219.92213821411 0.247305250959471 2.36883469671011 0.643432106822729 0.545055078342557 0.502035776153207 0.515137635171413 0.480228944681585 4.02533904463053 1158.38639831543 1158.38639831543 1158.38639831543 0.496059942059219 0.517143775708973 0.642148516140878 1.81356162205338 2.8538836017251 18.4839155077934 16.4443076848984 5.22472740709782 0.460705614648759 2.45576652884483 1031.29630565643
-9999 -9999 -9999 -9999 -9999 -9999 -9999 -9999 -9999 -9999 -9999 -9999 -9999 -9999 1219.92213821411 1219.92213821411 1219.92213821411 1219.92213821411 1219.92213821411 1219.92213821411 1219.92213821411 1219.92213821411 2.68417233228683 1.73656041547656 2.08557680621743 1.61595938540995 0.517373775132 2.10871456190944 0.505756508558989 0.405864346306771 0.855267370119691 1158.38639831543 1158.38639831543 1158.38639831543 25.98458725214 0.76542948000133 0.431266387924552 0.445697951130569 22.2964557409286 0.528669896535575 0.652080271393061 4.12948825210333 3.39257437735796 0.447108793072402 1031.29630565643
-9999 -9999 -9999 -9999 -9999 -9999 -9999 -9999 -9999 -9999 -9999 1219.92213821411 1219.92213821411 1219.92213821411 1219.92213821411 1219.92213821411 1219.92213821411 1219.92213821411 1219.92213821411 1219.92213821411 1219.92213821411 0.607752081938088 0.619942910037935 0.531883140094578 0.629823058843613 1.11535673029721 0.579235066659749 2.61754464358091 0.45026080403477 0.267077647149563 0.975821483880281 1158.38639831543 1158.38639831543 1158.38639831543 1031.29630565643 24.41348695755 23.4954308271408 23.1498026847839 1031.29630565643 1031.29630565643 1031.29630565643 1031.29630565643 1031.29630565643 1031.29630565643 1031.29630565643
-9999 -9999 -9999 -9999 -9999 -9999 -9999 -9999 -9999 -9999 1.02026662789285 1219.92213821411 1219.92213821411 1219.92213821411 1219.92213821411 1219.92213821411 1219.92213821411 1219.92213821411 1219.92213821411 1219.92213821411 0.843557094223797 0.423115368001163 0.505355863831937 1.07120432332158 0.616822746582329 0.536211145110428 1.31521055847406 4.48060194402933 0.898406526073813 0.133919783867896 88.6898498535156 1.47944396361709 0.537918336689472 1.8684823513031 1031.29630565643 1031.29630565643 1031.29630565643 1031.29630565643 1031.29630565643 1031.29630565643 1031.29630565643 1031.29630565643 1031.29630565643 1031.29630565643 1031.29630565643
-9999 -9999 -9999 -9999 -9999 -9999 -9999 -9999 -9999 -9999 1219.92213821411 1219.92213821411 1219.92213821411 1219.92213821411 1219.92213821411 1219.92213821411 1219.92213821411 1219.92213821411 0.358352107927203 3.7068260461092 0.46542726457119 0.462241075001657 0.643703198060393 0.624837949872017 3.08682803064585 1.30244683288038 5.63696703314781 4.99040354788303 69.2777564525604 88.1734265089035 17.8668723404408 0.618881678208709 0.614732190035284 0.585411470383406 1.57047027722001 0.959151942282915 1031.29630565643 1031.29630565643 1031.29630565643 1031.29630565643 1031.29630565643 1031.29630565643 1031.29630565643 1031.29630565643 1031.29630565643
-9999 -9999 -9999 -9999 -9999 -9999 -9999 -9999 -9999 0.854889588430524 1219.92213821411 1219.92213821411 1219.92213821411 1219.92213821411 1219.92213821411 1219.92213821411 1219.92213821411 1.67724583297968 0.505354460328817 3.23378414288163 2.0149074010551 1.09957920573652 0.456226544920355 0.526538074947894 25.2306278944016 27.418240070343 6.22849205136299 67.9060037136078 0.409158351831138 0.364384160842746 0.471628988161683 16.4369215071201 0.673617722466588 0.707762144505978 0.654209300875664 0.622642369940877 1031.29630565643 1031.29630565643 1031.29630565643 0.32857571542263 1031.29630565643 1031.29630565643 1031.29630565643 1031.29630565643 1031.29630565643
-9999 -9999 -9999 -9999 -9999 -9999 -9999 -9999 -9999 0.792194474488497 1219.92213821411 1219.92213821411 1219.92213821411 1219.92213821411 1219.92213821411 1219.92213821411 0.602201343514025 1.00901482626796 0.329886513762176 0.342599680647254 0.357714787591249 0.254979880992323 18.7866332828999 21.7149421870708 1.73070191964507 0.407192751765251 35.313502073288 0.371030216105282 31.6836978793144 4.89032315462828 0.66623323597014 0.44374827388674 16.0689849853516 1.35459651611745 0.706833159551024 0.586449900642037 4.97322719544172 0.606070161797106 0.418387125246227 25.4620047807693 1031.29630565643 1031.29630565643 9.3373518263995e-06 1031.29630565643 1031.29630565643
-9999 -9999 -9999 -9999 -9999 -9999 1.21094439551234 2.01431820169091 0.929869851097465 0.401581538841128 66.0056602954865 1219.92213821411 1219.92213821411 1219.92213821411 1219.92213821411 0.611756315454841 0.62989341840148 0.452196427620947 0.483514637686312 0.359498467762023 3.83691760152578 16.490781635046 0.749180787242949 0.464785105548799 0.41961228242144 1.07249820232391 1.24388628266752 0.595019476488233 25.3744340538979 0.622157570905983 3.88675038516521 0.589605215936899 1.73383555188775 11.5008037239313 0.554081374779344 0.631373702548444 1.17510302364826 2.60152073204517 0.64214288815856 25.4620047807693 0.830455543473363 1032.08028125763 5.94480465352535 0.761006830260158 1031.29630565643
-9999 -9999 -9999 -9999 -9999 -9999 2.26032470166683 2.90930528193712 0.440642084926367 65.3624319434166 0.332797812763602 1219.92213821411 1219.92213821411 1219.92213821411 1219.92213821411 11.306398332119 9.65166953206062 8.59031562507153 6.60914543271065 5.63709457218647 2.47324939444661 0.498866730369627 12.2199075222015 10.1151635050774 0.406949196942151 0.412701601162553 0.617322758771479 2.09451856836677 22.6633648276329 0.290859184693545 2.96410246938467 0.590894971974194 1.10221342928708 0.541222320869565 9.66144789755344 0.602879280224442 0.611906865611672 2.00491007789969 0.766729075461626 23.7615263462067 0.921298721805215 1023.44648933411 1.57572579011321 4.63748179376125 0.657346704974771
-9999 -9999 -9999 -9999 -9999 0.537987564690411 0.810278564691544 2.68200325965881 64.2142704129219 0.174525562208146 0.124950291821733 1219.92213821411 1219.92213821411 1219.92213821411 0.521711602807045 1.7802326567471 0.331116594839841 0.905213562771678 0.759617324918509 5.10920943319798 0.366868755314499 1.77874968573451 1.33707180991769 8.92029082775116 0.695476700551808 0.434164382517338 0.37781528243795 1.12333579733968 1.82445162162185 20.6739554107189 0.675599290058017 1.53619386255741 0.571344069205225 0.572264398448169 5.20160867273808 3.48472888767719 0.594250584021211 0.724441189318895 1.52845523878932 22.3449609279633 0.907928496599197 1022.88092136383 0.79588602297008 3.22676339000463 0.63649494946003
-9999 -9999 0.211439037229866 0.826673218980432 0.43730382528156 0.273483891505748 0.249663010705262 1.2753360774368 57.7557761073112 0.105174014926888 1.9165560118854 2.00162871554494 23.5484796762466 0.455669296905398 0.494792201556265 0.993726065382361 0.478866723366082 0.418759576044977 0.300298816058785 4.79254695773125 0.234998666215688 1.20317888818681 0.485167438164353 2.11481466889381 7.42115806043148 0.988249655812979 0.513714333064854 0.447269361466169 1.58451713249087 20.3341054618359 17.9621621072292 0.376365357078612 0.590447428636253 0.622856160625815 4.26939950883389 0.40406136168167 1.84673660993576 0.697761192917824 0.941940274089575 18.4409575760365 0.909189973026514 1021.08487224579 0.749098485335708 0.721937295049429 1.1387735940516
-9999 0.578894047066569 2.07139961048961 0.510103279724717 0.133634714409709 0.42641890142113 55.2393157482147 55.9885208010674 0.150888357078657 0.0979951345361769 1.82133410871029 0.537847383879125 3.54530990868807 19.0366432964802 15.6666876673698 0.575373455882072 0.870494378730655 0.377081867307425 1.37805848941207 2.96434274315834 0.839002158492804 0.451546002179384 0.47324859444052 1.52768009155989 0.342528526671231 3.25591520965099 0.325467984657735 0.256968390662223 0.707669889554381 0.611852784641087 1.99747740104795 17.6075991392136 1.84929375723004 0.423416007310152 3.9014393016696 0.489568941295147 1.38937503099442 0.635847548022866 0.883735897019506 16.4354529976845 0.540276320651174 1018.85205745697 0.679072383791208 0.637906176969409 0.311371780466288
-9999 0.507302105426788 0.861086212098598 51.1986097693443 51.6952236890793 54.1766140460968 0.388163249008358 0.599986905232072 0.696970345452428 1.6282486692071 0.563796380534768 2.21261141449213 0.839964183047414 2.87635441124439 0.702132157981396 13.8060074746609 7.10575251281261 0.381573162041605 0.516597295179963 0.462864379398525 1.81419411674142 0.462006510235369 0.4691674541682 1.20568103715777 0.351472233422101 2.67419669777155 2.10386676713824 1.39620007947087 0.274445201735944 0.250792403705418 1.08864668570459 0.56487366836518 14.7968759536743 0.443319352343678 0.474988516420126 3.00152925401926 0.563034037128091 0.49889428820461 7.65994243323803 8.24683967232704 0.502834103070199 0.562765882350504 1017.77309513092 6.22768320143223 0.601395717822015
