Archive - glowpa-model-master/Model input/Uganda/discharge/discharge_may_1.asc
NCOLS 67 
NROWS 67 
XLLCORNER 29.5000000014144 
YLLCORNER -1.49999999936061 
CELLSIZE 0.0833333332926796 
NODATA_value -9999 
[rows 40 to 59 of 67, columns 0 to 44 of 67]
0.331297834869474 0.217993290629238 52.9520036578178 53.8572183847427 0.104748909827322 3.13803859055042 0.301223286427557 0.505251069553196 0.589871946722269 0.510799857787788 0.433175683952868 0.88831271789968 0.791104605421424 2.49567663297057 0.840622328221798 7.61104238033295 4.37284850329161 7.37914042919874 1.05955051630735 1.04545937944204 0.941327396780252 1.80624244175851 0.896306766197085 0.72575887604944 0.804584950970821 0.651763979811221 0.965397650375962 1.23971777781844 0.558484562672675 0.251216827891767 0.764171482995152 0.462603982537985 16.997317969799 2.03589650243521 1.03161505609751 3.50905768945813 0.593094007112086 0.537441189400852 0.534910898655653 6.31193396449089 7.9767020046711 0.573833907954395 1199.36761856079 1.72698900476098 3.74927971512079
0.399333097040653 0.840526169165969 51.2499804794788 2.02660402283072 1.89376305416226 2.33265991508961 0.638709725812078 0.551729994826019 0.687458132393658 2.43967393785715 3.3194330856204 0.58809014596045 0.835141949355602 0.864981723949313 1.60821771249175 4.36529652774334 0.813147063367069 3.52413211017847 6.53497181087732 4.76384042948484 2.33707431703806 1.78973726928234 0.851162806153297 1.59535520608188 1.46265845021117 0.900435596238822 0.247270167805254 0.425971454009414 0.373537235893309 0.429145079106092 0.684078457765281 2.17910823971033 14.3372773230076 0.710492515470833 0.682085417211056 0.654730425681919 1.2056351993233 0.515482845716178 4.66745122522116 1.05410679616034 6.87607062608004 2.32896337285638 1199.95419692993 0.932778041809797 2.95363665372133
0.139238508651033 0.262522452976555 48.5985494554043 0.226621969603002 1.66888114623725 1.57184384018183 0.481530427001417 1.20254347845912 1.85784117132425 0.550271431915462 0.667925404384732 4.49512772262096 1.21434752829373 0.593275497667491 0.747100008651614 0.801762853749096 1.91798234544694 1.28452095855027 1.39368133153766 0.779904771596193 0.676513426937163 0.677817948781012 0.793402221956057 2.44081692522741 0.597670657458366 4.38709677197039 0.817911623045802 1.28575011901557 0.520150856114924 0.516279557792586 1.14053061977029 0.521529235877097 13.0038397610188 5.84774801135063 1.96671997383237 0.662221069913357 0.590724506415427 0.483189233578742 3.68337684869766 0.514597463421524 4.01956135779619 1.73605700023472 1200.38212966919 1200.56825447083 0.674324630759656
44.7757433503866 48.4376650750637 0.316141134127975 0.733908534049988 1.03840774204582 0.884976879693568 0.512787091545761 1.14899402111769 2.35346177220345 0.783303506672382 1.22745238244534 5.07322411239147 6.81058491766453 0.492362372810021 0.519895067671314 0.762626697367523 0.689277046825737 0.418178378837183 0.607483152300119 0.808150463322818 0.772499368205899 1.41395819297759 4.59555596089922 0.611968773244371 0.621482677932363 5.04975473228842 0.659779962204993 0.673471582427737 3.46559487655759 8.53965143114328 1.07202109834179 0.359621923416853 6.58384634554386 0.567770283669233 2.75401338934898 2.16004033014178 0.584731392562389 2.18440055847168 0.525629153475165 0.551274305209517 3.49949163198471 1.21417748183012 0.226340922992676 1200.77952957153 0.936678133904934
44.5552550554276 3.08404073864222 2.77130953967571 1.72345082461834 1.35174295864999 1.09471941040829 0.340278076007962 0.688608516007662 1.38596944697201 3.45990113168955 2.65473221242428 0.527722583618015 8.78534238040447 1.49361558351666 1.50500577839557 0.739923720131628 0.756067406997317 0.832961629726924 1.15436661755666 1.79475066671148 1.3581387657614 6.55402679368854 0.569479373283684 1.40041087253485 7.28036821540445 1.53698122275819 0.970135756469972 18.8152878843248 4.6570436861366 8.53965143114328 0.643979091197252 0.43791185785085 1.31106606125832 4.29834409058094 3.04862360656261 0.605475151911378 0.953422329388559 1.61175446212292 0.689890809357166 0.985191544517875 2.40372519940138 0.744480295106769 1200.19322013855 1200.19322013855 1200.19322013855
43.8292551785707 1.22970223799348 0.99747496843338 0.801900903694332 2.38782139774412 0.921086514368653 1.73362867161632 2.30424231663346 0.897123488597572 5.05693952739239 3.14763899892569 0.422122590709478 9.25420087575912 0.675171082257293 2.95591247524135 0.698464621847961 2.98078684555367 0.699402722588275 0.834088274641545 3.70752943237312 2.20915814233012 7.82615504600108 11.3669213019311 9.10379977338016 0.872119835112244 0.90482395732397 1.09123606921639 18.8152878843248 8.53965143114328 8.53965143114328 1.38185704126954 0.464840138331056 0.676476076245308 0.632107902318239 0.42589317727834 1.8400548659265 1.17739457078278 1200.19322013855 1200.19322013855 0.353584705851972 0.737351068295538 0.363769792951643 1200.19322013855 1200.19322013855 1200.19322013855
3.18225783109665 42.2283867076039 0.501004075631499 0.710162232629955 3.26685921661556 0.550429493188858 2.07486929744482 2.36485133320093 43.0110993385315 10.3018084466457 4.11902645602822 0.503712230129167 9.717235699296 4.31290081329644 5.06379037629813 6.50013197492808 14.4646005742252 15.3730117194355 26.8264992684126 35.4335406199098 36.4748005568981 69.8780357390642 71.4247139543295 0.79282349976711 1.2415557813365 1.3511352466885 20.2497203201056 0.814888289154624 0.700235372874886 0.910644063726068 0.449343252927065 0.460094630718231 0.46243586204946 0.943394945934415 1200.19322013855 1200.19322013855 1200.19322013855 1200.19322013855 1200.19322013855 1200.19322013855 1200.19322013855 1200.19322013855 1200.19322013855 1200.19322013855 1200.19322013855
0.299650317057967 38.3737025186419 1.26833244599402 0.728205973282456 0.837393859401345 4.95366832986474 43.0110993385315 43.0110993385315 43.0110993385315 43.0110993385315 28.6870486736298 28.1927116215229 15.8288359194994 15.3375783711672 0.457946076989174 0.415443032979965 4.18162294104695 0.815137661062181 9.94103928282857 1.87392121495213 11.942701199092 0.852318480378017 2.32715404452756 78.1770244538784 2.60160152614117 21.4442705884576 1.00025932455901 0.978032445244025 0.952757274964824 0.471189640462399 0.426966193132102 0.935339735820889 1200.19322013855 1200.19322013855 1200.19322013855 1200.19322013855 1200.19322013855 1200.19322013855 1200.19322013855 1200.19322013855 1200.19322013855 1200.19322013855 1200.19322013855 1200.19322013855 1200.19322013855
0.820814562961459 38.1750858556479 37.1072538045701 37.1072538045701 5.50248109549284 0.28910390753299 43.0110993385315 43.0110993385315 43.0110993385315 43.0110993385315 0.494985603261739 2.15236086212099 0.438734996598214 4.16461167111993 10.3103685826063 3.5014805868268 1.98661878891289 0.630598636809736 9.27002283371985 0.839867102331482 8.82551901880652 2.06075710593723 1.21687310258858 1.09313429848407 105.027896016836 131.257963240147 133.368592262268 136.449373185635 139.5551019907 0.969757944345474 1200.19322013855 1200.19322013855 1200.19322013855 1200.19322013855 1200.19322013855 1200.19322013855 1200.19322013855 1200.19322013855 1200.19322013855 1200.19322013855 1200.19322013855 1200.19322013855 1200.19322013855 1200.19322013855 1200.19322013855
37.1072538045701 37.1072538045701 37.1072538045701 37.1072538045701 37.1072538045701 0.0951990119647235 0.170921033946797 0.368670098250732 43.0110993385315 43.0110993385315 1.0868109036237 0.525520179187879 2.82639709487557 0.479706810321659 6.40286254137754 2.70987271144986 0.437094481196254 1.48152994830161 8.31186561100185 7.16326496191323 0.980740186176263 6.93408499937505 1.08394477405818 1.23796199006028 19.702566601336 0.788029348477721 4.41650591790676 0.727982602082193 1200.19322013855 1200.19322013855 1200.19322013855 1200.19322013855 1200.19322013855 1200.19322013855 1200.19322013855 1200.19322013855 1200.19322013855 1200.19322013855 1200.19322013855 1200.19322013855 1200.19322013855 1200.19322013855 1200.19322013855 1200.19322013855 1200.19322013855
37.1072538045701 37.1072538045701 37.1072538045701 37.1072538045701 37.1072538045701 0.0875443833647296 47.4860290884972 43.5423520207405 43.0110993385315 0.295276711927727 0.556346180383116 0.43829492945224 2.26675624400377 0.461758597288281 5.9843462780118 1.94516172073781 0.367763396818191 0.81104498077184 0.522985156043433 6.19792977534235 0.970501350879204 5.96243402967229 1.15094774911995 1.1900294914376 17.2963164523244 0.437590068206191 4.16610453277826 0.408685423433781 1200.19322013855 1200.19322013855 1200.19322013855 1200.19322013855 1200.19322013855 1200.19322013855 1200.19322013855 1200.19322013855 1200.19322013855 1200.19322013855 1200.19322013855 1200.19322013855 1200.19322013855 1200.19322013855 1200.19322013855 1200.19322013855 1200.19322013855
37.1072538045701 37.1072538045701 37.1072538045701 37.1072538045701 37.1072538045701 47.687651693821 0.178256921702996 3.54483520612121 0.283859160030261 1.14080024138093 0.281833853223361 0.899612070992589 0.552574750036001 0.51861475314945 4.67401400208473 0.223619530443102 1.35876225680113 0.36532009486109 1.03539889585227 3.17915456043556 1.12824008395546 2.45357179094572 1.33030093973503 1.45533814490773 16.0207736939192 0.370583274867386 2.54497781023383 0.471508352085948 1200.19322013855 1200.19322013855 1200.19322013855 1200.19322013855 1200.19322013855 1200.19322013855 1200.19322013855 1200.19322013855 1200.19322013855 1200.19322013855 1200.19322013855 1200.19322013855 1200.19322013855 1200.19322013855 1200.19322013855 1200.19322013855 1200.19322013855
37.1072538045701 37.1072538045701 37.1072538045701 37.1072538045701 37.1072538045701 0.257096836809069 0.0755705198971555 2.97479532659054 0.472038384992629 0.113197427330306 0.458478810731322 0.113859698118176 0.580267513170838 1.41469603963196 1.54511741921306 1.16674801893532 0.380048338323832 0.342442017514259 0.461201009806246 1.03976975148544 1.30357185282628 1.22284982775454 1.25026287703076 5.11937891645357 11.7983164060861 1.73047269601375 1.09503906592727 0.552722308784723 0.863083724863827 1.60588737297803 1200.19322013855 1200.19322013855 1200.19322013855 1200.19322013855 1200.19322013855 1200.19322013855 1200.19322013855 1200.19322013855 1200.19322013855 1200.19322013855 1200.19322013855 1200.19322013855 1200.19322013855 1200.19322013855 1200.19322013855
37.1072538045701 37.1072538045701 37.1072538045701 37.1072538045701 37.1072538045701 0.0507889798027463 0.197037645615637 2.77040929347277 2.30426730588078 0.47678284952417 0.814417314250022 0.885108846239746 0.49260313808918 0.860673130489886 0.347327610943466 0.376835630275309 0.378959923516959 0.495317051652819 0.550601715222001 0.702741364017129 2.09059706679545 0.862718415213749 1.3929877281189 1.31434605096001 5.46138655859977 1.01754254242405 0.541993864811957 0.688304915092885 1.95538925752044 5.26674249023199 1200.19322013855 1200.19322013855 1200.19322013855 1200.19322013855 1200.19322013855 1200.19322013855 1200.19322013855 1200.19322013855 1200.19322013855 1200.19322013855 1200.19322013855 1200.19322013855 1200.19322013855 1200.19322013855 1200.19322013855
37.1072538045701 37.1072538045701 37.1072538045701 37.1072538045701 0.0749297041911632 0.541261698119342 0.362425058148801 0.982337774708867 0.384549693204463 0.683223909698427 1.63890401087701 1.48369609005749 0.556076825596392 0.42096082540229 0.452484575100243 0.879481540992856 0.425024323631078 0.932137116789818 1.14181708637625 9.67258759215474 3.70033340901136 2.11517422180623 1.41331681748852 1.72028948599473 2.30645744001959 0.990190567565151 0.274567514890805 1200.19322013855 1200.19322013855 1200.19322013855 1200.19322013855 1200.19322013855 1200.19322013855 1200.19322013855 1200.19322013855 1200.19322013855 1200.19322013855 1200.19322013855 1200.19322013855 1200.19322013855 1200.19322013855 1200.19322013855 1200.19322013855 1200.19322013855 1200.19322013855
37.1072538045701 37.1072538045701 10.8524746149778 0.175063010072336 2.4559395685792 0.314290121663362 0.49027241859585 0.491841891780496 0.533309669233859 3.03429878875613 0.57388068549335 1.99264873377979 1.01923329010606 0.406780866906047 0.430097740609199 0.541445702314377 1.68848969601095 2.59387628734112 0.535734789445996 9.67258759215474 0.636749343015254 1.59924672171474 0.950828023487702 0.995287594851106 0.894023078959435 0.396384411142208 0.804345508106053 1200.19322013855 1200.19322013855 1200.19322013855 1200.19322013855 1200.19322013855 1200.19322013855 1200.19322013855 1200.19322013855 1200.19322013855 1200.19322013855 1200.19322013855 1200.19322013855 1200.19322013855 1200.19322013855 1200.19322013855 1200.19322013855 1200.19322013855 1200.19322013855
37.1072538045701 37.1072538045701 10.7100311219692 9.68318572640419 0.273653738666326 1.96175630018115 0.541243814863265 0.475292580202222 0.970306504517794 3.66257673874497 0.497102370485663 10.7372771054506 13.0397276580334 14.0277809947729 14.9151020348072 16.168362736702 25.4233691990376 4.859579436481 40.599229156971 40.599229156971 44.5254101157188 2.46285436302423 47.8051676154137 1.28513705171645 0.347273861058056 1.52297465037555 1200.19322013855 1200.19322013855 1200.19322013855 1200.19322013855 1200.19322013855 1200.19322013855 1200.19322013855 1200.19322013855 1200.19322013855 1200.19322013855 1200.19322013855 1200.19322013855 1200.19322013855 1200.19322013855 1200.19322013855 1200.19322013855 1200.19322013855 1200.19322013855 1200.19322013855
0.206401654984802 5.28669957071543 0.671791849657893 9.39500130712986 0.331969808787107 0.462711305357516 0.459863656200469 2.30893971025944 0.417166445404291 4.312346175313 7.21113472431898 0.446191384457052 0.413718644995242 0.52107363473624 1.34066168777645 1.89255384542048 25.4233691990376 25.4233691990376 40.599229156971 40.599229156971 44.5254101157188 47.8051676154137 47.8051676154137 0.566487212665379 3.65456373244524 0.558884947560728 1200.19322013855 1200.19322013855 1200.19322013855 1200.19322013855 1200.19322013855 1200.19322013855 1200.19322013855 1200.19322013855 1200.19322013855 1200.19322013855 1200.19322013855 1200.19322013855 1200.19322013855 1200.19322013855 1200.19322013855 1200.19322013855 1200.19322013855 1200.19322013855 1200.19322013855
0.184474047739059 4.8275363817811 0.437177039915696 9.0500248670578 0.272794472519308 0.399069098755717 3.47877026349306 2.69288229942322 0.534918039105833 6.38226073235273 0.976237105205655 0.453673704527318 0.388229511212558 0.436970884446055 0.415319176856428 0.600642998702824 25.4233691990376 25.4233691990376 0.381896520964801 0.444181818049401 2.43434751033783 0.667915426660329 48.8382973670959 0.20078868069686 4.56298071891069 5.12712405994534 1200.19322013855 1200.19322013855 1200.19322013855 1200.19322013855 1200.19322013855 1200.19322013855 1200.19322013855 1200.19322013855 1200.19322013855 1200.19322013855 1200.19322013855 1200.19322013855 1200.19322013855 1200.19322013855 1200.19322013855 1200.19322013855 1200.19322013855 1200.19322013855 1200.19322013855
0.214094539405778 4.66214899718761 0.296165986452252 0.362004658440128 8.51760391891003 4.25815091282129 4.0097358673811 0.449986307881773 0.455660582520068 0.579981594346464 0.590857352130115 0.305185297504067 0.895334393717349 0.364324106369168 0.459812228567898 1.02178247272968 0.896573226898909 0.424658783711493 0.522825338877738 0.856195289641619 1.84197392128408 0.840671507641673 0.349310948513448 49.4096444249153 60.5907672643661 61.4835941791534 1200.19322013855 1200.19322013855 1200.19322013855 1200.19322013855 1200.19322013855 1200.19322013855 1200.19322013855 1200.19322013855 1200.19322013855 1200.19322013855 1200.19322013855 1200.19322013855 1200.19322013855 1200.19322013855 1200.19322013855 1200.19322013855 1200.19322013855 1200.19322013855 1200.19322013855
