Archive - glowpa-model-master/Model input/Uganda/discharge/discharge_jul_1.asc
NCOLS 67 
NROWS 67 
XLLCORNER 29.5000000014144 
YLLCORNER -1.49999999936061 
CELLSIZE 0.0833333332926796 
NODATA_value -9999 
[rows 40 to 59 of 67, columns 0 to 44 of 67]
0.312417663633823 0.209248980972916 31.5376825332642 32.4997837543488 0.0970601671142504 2.05242717638612 0.234517720993608 0.362752305343747 0.46898140758276 0.477432003244758 0.383550162427127 0.776222478598356 0.694920500740409 2.20016437023878 0.749055599793792 5.4185910448432 2.66050069406629 4.36198936402798 0.661842946894467 0.675267624668777 0.633849863894284 1.18504297733307 0.59763493295759 0.189867509239775 0.226835743088941 0.395797005388886 0.556404335424304 0.932034017518163 0.410456757061183 0.23307764204219 0.6901999656111 0.394516041502357 13.9739840328693 1.04604180157185 0.532428998500109 2.16538290679455 0.491214412264526 0.531748125329614 0.506757151335478 5.90939435362816 7.46715673804283 0.562433960847557 1067.04014396667 1.54624500870705 3.25765131413937
0.38122736569494 0.798321871086955 29.8121095597744 1.28831463307142 1.17808701656759 1.43167258054018 0.479622699320316 0.380789585411549 0.567780122160912 2.04925175383687 2.7905390560627 0.468951686285436 0.724024230614305 0.776972427964211 1.29590274766088 2.71395033970475 0.586565701290965 1.98347217589617 3.9103919416666 2.90003611147404 1.40021625347435 1.07703279703856 0.530013578943908 0.42154084147478 0.385462927046319 0.285171557916328 0.140768373967148 0.401942005380988 0.369442328345031 0.391088089905679 0.638297471217811 1.96722271293402 11.7676527202129 0.328126395586878 0.355485710315406 0.356492331717163 0.776897826232016 0.507536091841757 4.31652316451073 1.03801568411291 6.39063628017902 2.04493477940559 1065.44351387024 0.786751521751285 2.54975968599319
0.132017525844276 0.254379855003208 27.8408707082272 0.200984451919794 0.993531674146652 0.866990590468049 0.327117322944105 0.818783890455961 1.33512865379453 0.445463515818119 0.541738956235349 3.73402409255505 1.00313668139279 0.487238697707653 0.53006649017334 0.476399919018149 1.04967520944774 0.736167890951037 0.78376382496208 0.464264127425849 0.416064641904086 0.13238882713631 0.144078879689914 0.598414942796808 0.140347770005974 1.46956723649055 0.498200861737132 0.679790084250271 0.20158351608552 0.0630170575050215 0.968241715803742 0.515951393172145 11.0371272563934 4.4423014819622 1.09771419875324 0.330728938337415 0.372261675540358 0.479641289450228 3.34830988198519 0.504238796420395 3.84088595211506 1.52095855027437 1063.97721672058 1062.46291351318 0.572963604703546
24.4225981533527 27.6189770996571 0.303632522467524 0.622869683429599 0.463175389915705 0.322094656061381 0.288475051987916 0.706109505146742 1.67342713102698 0.649259415455163 1.01922500878572 4.20550580322742 5.5089415460825 0.237038739025593 0.238559620222077 0.169624560105149 0.381517371162772 0.212285905843601 0.360624155495316 0.178902749861663 0.182036691447138 0.291202315071132 1.02530743950047 0.141914864003894 0.129403998429552 1.57984567992389 0.14234072862746 0.134047005303728 1.16275426000357 2.20799224614166 0.351851888000965 0.357801569160074 6.08711585402489 0.560839998535812 2.27559409290552 1.72857645526528 0.524706490337849 1.87414309382439 0.51606348529458 0.535809461958706 3.34852999076247 1.0968591850251 0.201865059323609 1061.32039260864 0.69277729280293
24.1416600197554 2.51340299099684 2.21635774895549 1.30346889980137 0.219577496638522 0.220020963577554 0.18584342347458 0.471982007846236 0.787200521677732 2.54824898391962 1.85205310583115 0.29980395687744 6.38223576545715 0.689988514408469 0.318206817493774 0.157636023592204 0.127205135504482 0.159220920730149 0.376937494147569 0.394581012704293 0.280900236451089 1.38941842108034 0.129789106598764 0.385324484435841 1.95685770735145 0.286521008390991 0.177347908345837 4.31587579566985 1.217270122841 2.20799224614166 0.368874860927463 0.453301582485437 1.32322110049427 3.79987921565771 2.56150454282761 0.576027383096516 0.726393274962902 1.33685332350433 0.631596705876291 0.935338849201798 2.2856716401875 0.690179878845811 1059.30393981934 1059.30393981934 1059.30393981934
23.3791437000036 0.991726160049438 0.773247426375747 0.585227910429239 0.358453109045513 0.341357680503279 0.597867961972952 0.889069890603423 0.533615563064814 3.37127152085304 2.06494187563658 0.153677606955171 6.56758816540241 0.132871936017182 0.586711004376411 0.121032196766464 0.502752940403298 0.112799786118558 0.150714633136886 0.889862772775814 0.493045246636029 1.63006192602916 2.87135606817901 2.38629690650851 0.187722826260142 0.154134234177036 0.253515490912832 4.31587579566985 2.20799224614166 2.20799224614166 1.45161141082644 0.490283412858844 0.691911371424794 0.638223456218839 0.429084178991616 1.39318913593888 0.810724066570401 1059.30393981934 1059.30393981934 0.344166313298047 0.703270371071994 0.346230891533196 1059.30393981934 1059.30393981934 1059.30393981934
2.99179533869028 21.8631560355425 0.445467875339091 0.513609769754112 0.815475857816637 0.366970853880048 1.06090063415468 0.903779178857803 17.2967403680086 6.40636509656906 2.40337095782161 0.182059824233875 6.73505493998528 0.823725692462176 0.881700978148729 1.07635734952055 3.01070860959589 3.13641334883869 4.72822231799364 6.43768696859479 6.43442590534687 12.6536708772182 12.8080845028162 0.198098552064039 0.291543405735865 0.327521012281068 4.68187597021461 0.106829278731311 0.178981338394806 0.966356044635177 0.471854058094323 0.484630235470831 0.481149350292981 0.96859117038548 1059.30393981934 1059.30393981934 1059.30393981934 1059.30393981934 1059.30393981934 1059.30393981934 1059.30393981934 1059.30393981934 1059.30393981934 1059.30393981934 1059.30393981934
0.284787921700627 18.0519768744707 1.05575357377529 0.592380060814321 0.58681908249855 1.92414395138621 17.2967403680086 17.2967403680086 17.2967403680086 17.2967403680086 16.0914525985718 15.9510668814182 8.42501245439053 8.28051590919495 0.200677999295294 0.209392443764955 1.38658146001399 0.189893747796305 1.40119352377951 0.290033134071564 1.28071220323909 0.240085110417567 0.52002945705317 14.1331598386168 0.569196772528812 4.92324499692768 0.125330631433826 0.0811349622890702 0.171485471306369 0.476457514800131 0.432720819488168 0.95290869474411 1059.30393981934 1059.30393981934 1059.30393981934 1059.30393981934 1059.30393981934 1059.30393981934 1059.30393981934 1059.30393981934 1059.30393981934 1059.30393981934 1059.30393981934 1059.30393981934 1059.30393981934
0.777857348322868 17.672143002972 16.4929088419265 16.4929088419265 2.30480060726404 0.205484821926802 17.2967403680086 17.2967403680086 17.2967403680086 17.2967403680086 0.260039093904197 0.634997353889048 0.158846034668386 1.79943497851491 6.12592635303736 2.0101451613009 0.758374133147299 0.0907247581053525 1.32883602194488 0.140723731819776 0.853510133572854 0.288172003231011 0.221436978667043 0.137438336241757 20.0245547741652 26.5929572433233 27.1478112488985 27.8449573963881 30.0149134099483 0.927309999242425 1059.30393981934 1059.30393981934 1059.30393981934 1059.30393981934 1059.30393981934 1059.30393981934 1059.30393981934 1059.30393981934 1059.30393981934 1059.30393981934 1059.30393981934 1059.30393981934 1059.30393981934 1059.30393981934 1059.30393981934
16.4929088419265 16.4929088419265 16.4929088419265 16.4929088419265 16.4929088419265 0.0728349378332496 0.0906338659115136 0.0878093853825703 17.2967403680086 17.2967403680086 0.31161587452516 0.141671950463206 1.14799972809851 0.246397697366774 3.87882304936647 1.56539542786777 0.242552717216313 0.543275434523821 1.18144261557609 1.11295433808118 0.137881453601985 0.611216125893407 0.103634286224406 0.125360670615919 1.92791804485023 0.72993482183665 3.65232265740633 0.654486764222383 1059.30393981934 1059.30393981934 1059.30393981934 1059.30393981934 1059.30393981934 1059.30393981934 1059.30393981934 1059.30393981934 1059.30393981934 1059.30393981934 1059.30393981934 1059.30393981934 1059.30393981934 1059.30393981934 1059.30393981934 1059.30393981934 1059.30393981934
16.4929088419265 16.4929088419265 16.4929088419265 16.4929088419265 16.4929088419265 0.0331035697308835 19.7058717310429 17.5053037703037 17.2967403680086 0.139626665972173 0.136642982950434 0.157342160120606 0.997722297906876 0.256849442142993 3.65430620312691 1.15674484521151 0.210631397319958 0.384386169724166 0.0405618545560174 0.959823017939925 0.099158692223682 0.546463334234431 0.0760830148357741 0.131552248843946 1.56493553332984 0.41658522374928 3.41880990564823 0.354936555027962 1059.30393981934 1059.30393981934 1059.30393981934 1059.30393981934 1059.30393981934 1059.30393981934 1059.30393981934 1059.30393981934 1059.30393981934 1059.30393981934 1059.30393981934 1059.30393981934 1059.30393981934 1059.30393981934 1059.30393981934 1059.30393981934 1059.30393981934
16.4929088419265 16.4929088419265 16.4929088419265 16.4929088419265 16.4929088419265 19.851516187191 0.0615568562643602 1.98165885731578 0.125983551377431 0.367370168212801 0.0867040422162972 0.327741899527609 0.323714196216315 0.31922143837437 2.90080207213759 0.131776882219128 0.827931883744895 0.227133903419599 0.32120170397684 0.412145855138078 0.123900154576404 0.221152132100542 0.135875061561819 0.161820809240453 1.29005245305598 0.298142643645406 1.97364734485745 0.382456154562533 1059.30393981934 1059.30393981934 1059.30393981934 1059.30393981934 1059.30393981934 1059.30393981934 1059.30393981934 1059.30393981934 1059.30393981934 1059.30393981934 1059.30393981934 1059.30393981934 1059.30393981934 1059.30393981934 1059.30393981934 1059.30393981934 1059.30393981934
16.4929088419265 16.4929088419265 16.4929088419265 16.4929088419265 16.4929088419265 0.169638314517215 0.0312220781925134 1.79138569161296 0.156344946241006 0.0277977409423329 0.142321865539998 0.054312439810019 0.331122420728207 0.846102127805352 0.974014358595014 0.765449081547558 0.229968558996916 0.215539908967912 0.182768510654569 0.192064043600112 0.120656955536106 0.119924687649473 0.101885607569362 0.312664515068263 0.666744955757167 0.436762833036482 0.83141802623868 0.38559159077704 0.654088451527059 0.81746990326792 1059.30393981934 1059.30393981934 1059.30393981934 1059.30393981934 1059.30393981934 1059.30393981934 1059.30393981934 1059.30393981934 1059.30393981934 1059.30393981934 1059.30393981934 1059.30393981934 1059.30393981934 1059.30393981934 1059.30393981934
16.4929088419265 16.4929088419265 16.4929088419265 16.4929088419265 16.4929088419265 0.0400251654209569 0.138466404518113 1.68453723937273 1.40645633637905 0.244600919540972 0.131977333221585 0.250578771810979 0.304498943034559 0.554046808741987 0.218355308985338 0.261862169485539 0.252211276441813 0.256878884043545 0.23157938499935 0.236308515071869 0.228146205074154 0.106656633899547 0.111528272549101 0.0558946641548217 0.323433310084511 0.184537999331951 0.395313108339906 0.506549621932209 1.66227389127016 3.13064031302929 1059.30393981934 1059.30393981934 1059.30393981934 1059.30393981934 1059.30393981934 1059.30393981934 1059.30393981934 1059.30393981934 1059.30393981934 1059.30393981934 1059.30393981934 1059.30393981934 1059.30393981934 1059.30393981934 1059.30393981934
16.4929088419265 16.4929088419265 16.4929088419265 16.4929088419265 0.0592798676807433 0.383763666264713 0.259318665135652 0.670002659782767 0.216144416481256 0.278254754841328 0.427932645194232 0.468401836231351 0.297008219175041 0.285446163732558 0.273551776539534 0.500687471590936 0.228957085870206 0.482318424619734 0.478040171321481 1.919957395643 0.606586329638958 0.406269283499569 0.214618244208395 0.106200016953665 0.164643418276682 0.114051053882577 0.192868963582441 1059.30393981934 1059.30393981934 1059.30393981934 1059.30393981934 1059.30393981934 1059.30393981934 1059.30393981934 1059.30393981934 1059.30393981934 1059.30393981934 1059.30393981934 1059.30393981934 1059.30393981934 1059.30393981934 1059.30393981934 1059.30393981934 1059.30393981934 1059.30393981934
16.4929088419265 16.4929088419265 7.65597805380821 0.137967629125342 1.87899409607053 0.221595622133464 0.358616418205202 0.361495450139046 0.386632179841399 1.08484733477235 0.290585891809314 0.72904484346509 0.574408151209354 0.237869024742395 0.218483303207904 0.291376155335456 0.901683714240789 1.20401394926012 0.224422559607774 1.919957395643 0.12051971280016 0.228268568171188 0.0901625867700204 0.139713090378791 0.162204828811809 0.108397314790636 0.618220665492117 1059.30393981934 1059.30393981934 1059.30393981934 1059.30393981934 1059.30393981934 1059.30393981934 1059.30393981934 1059.30393981934 1059.30393981934 1059.30393981934 1059.30393981934 1059.30393981934 1059.30393981934 1059.30393981934 1059.30393981934 1059.30393981934 1059.30393981934 1059.30393981934
16.4929088419265 16.4929088419265 7.5391960144043 6.99133135378361 0.188245617318898 1.5182612426579 0.447794101200998 0.406386826187372 0.753196261823177 1.54192853346467 0.277475050650537 5.63350619375706 6.91340702772141 7.41593751311302 7.89891524612904 8.54298888146877 12.2382318079472 2.39906755462289 15.0944872498512 15.0944872498512 15.8955423235893 0.508296228945255 15.9649394750595 0.386040592566133 0.284178458619863 0.410450283903629 1059.30393981934 1059.30393981934 1059.30393981934 1059.30393981934 1059.30393981934 1059.30393981934 1059.30393981934 1059.30393981934 1059.30393981934 1059.30393981934 1059.30393981934 1059.30393981934 1059.30393981934 1059.30393981934 1059.30393981934 1059.30393981934 1059.30393981934 1059.30393981934 1059.30393981934
0.186870685312897 1.73469713702798 0.257244877517223 6.8012587428093 0.219934201333672 0.362023864872754 0.397165853530169 1.90574287995696 0.361258623190224 2.02973576262593 4.10625220835209 0.313135873991996 0.243563368916512 0.284061051905155 0.74253636226058 1.06805775500834 12.2382318079472 12.2382318079472 15.0944872498512 15.0944872498512 15.8955423235893 15.9649394750595 15.9649394750595 0.501100406050682 1.4825536031276 0.466313919983804 1059.30393981934 1059.30393981934 1059.30393981934 1059.30393981934 1059.30393981934 1059.30393981934 1059.30393981934 1059.30393981934 1059.30393981934 1059.30393981934 1059.30393981934 1059.30393981934 1059.30393981934 1059.30393981934 1059.30393981934 1059.30393981934 1059.30393981934 1059.30393981934 1059.30393981934
0.110476285452023 1.4535549916327 0.0816014567972161 6.58226877450943 0.196158180013299 0.308549085631967 2.90576866269112 2.23298414796591 0.431298964656889 3.60008406639099 0.723502121865749 0.322750269435346 0.20628128410317 0.218008689116687 0.216131140477955 0.30658448394388 12.2382318079472 12.2382318079472 0.280489264521748 0.176576130557805 0.889729458838701 0.22797566652298 16.4822882711887 0.189782745670527 2.24627627059817 2.68693164736032 1059.30393981934 1059.30393981934 1059.30393981934 1059.30393981934 1059.30393981934 1059.30393981934 1059.30393981934 1059.30393981934 1059.30393981934 1059.30393981934 1059.30393981934 1059.30393981934 1059.30393981934 1059.30393981934 1059.30393981934 1059.30393981934 1059.30393981934 1059.30393981934 1059.30393981934
0.0947464988566935 1.37470735050738 0.039593640763087 0.0469904762139777 6.28460350632668 3.48167636245489 3.29719093441963 0.22109911730513 0.388737171888351 0.483149453997612 0.480168770998716 0.20590358809568 0.522081705741584 0.174487154465169 0.260339983273298 0.657925909385085 0.522573903203011 0.226971853524446 0.246121606323868 0.391935816034675 0.717255739495158 0.276434998959303 0.308397522196174 17.055941849947 22.5543404519558 23.3072919547558 1059.30393981934 1059.30393981934 1059.30393981934 1059.30393981934 1059.30393981934 1059.30393981934 1059.30393981934 1059.30393981934 1059.30393981934 1059.30393981934 1059.30393981934 1059.30393981934 1059.30393981934 1059.30393981934 1059.30393981934 1059.30393981934 1059.30393981934 1059.30393981934 1059.30393981934
