Archive - glowpa-model-master/Model input/Uganda/discharge/discharge_apr_1.asc
NCOLS 67 
NROWS 67 
XLLCORNER 29.5000000014144 
YLLCORNER -1.49999999936061 
CELLSIZE 0.0833333332926796 
NODATA_value -9999 
[rows 0 to 19 of 67, columns 0 to 44 of 67]
-9999.000000000000000 -9999 -9999 -9999 -9999 -9999 -9999 -9999 -9999 -9999 -9999 -9999 -9999 -9999 -9999 -9999 -9999 -9999 -9999 -9999 -9999 -9999 -9999 -9999 -9999 -9999 -9999 -9999 -9999 -9999 -9999 0.40042631700635 0.393800864927471 -9999 -9999 -9999 -9999 -9999 -9999 -9999 -9999 -9999 -9999 -9999 -9999
-9999 -9999 -9999 -9999 -9999 -9999 -9999 -9999 -9999 -9999 -9999 -9999 -9999 -9999 -9999 -9999 -9999 -9999 -9999 -9999 -9999 -9999 -9999 -9999 -9999 -9999 -9999 -9999 -9999 0.419236663728952 0.734162036329508 0.348785340320319 1.07428859174252 0.324583504348993 0.348978103138506 0.309395900927484 0.511764197610319 0.443659289740026 0.295542880892754 0.358181714080274 -9999 -9999 -9999 -9999 -9999
-9999 -9999 -9999 -9999 -9999 -9999 -9999 -9999 -9999 -9999 -9999 -9999 -9999 -9999 -9999 -9999 -9999 -9999 -9999 -9999 -9999 -9999 -9999 -9999 -9999 -9999 -9999 -9999 -9999 1.7130676433444 0.289616819471121 1.33273811265826 9.00061306357384 8.11229799687862 0.282845463603735 6.2688115760684 5.3306060731411 4.02662552148104 1.99547454714775 1.13290595822036 0.314463342539966 0.493569954298437 0.479543305002153 -9999 -9999
-9999 -9999 -9999 -9999 -9999 -9999 -9999 -9999 -9999 -9999 -9999 -9999 -9999 -9999 -9999 -9999 -9999 -9999 -9999 -9999 -9999 -9999 -9999 -9999 -9999 0.360095665790141 -9999 -9999 -9999 1.92841816693544 0.242337745148689 10.8585911095142 0.290190606378019 0.293911273125559 7.57163341343403 0.689379726536572 0.388336289208382 0.400483532808721 1.10967854596674 0.557497841306031 0.459585007280111 0.537137174978852 1.2633983194828 -9999 -9999
-9999 -9999 -9999 -9999 -9999 -9999 -9999 -9999 -9999 -9999 -9999 -9999 -9999 -9999 -9999 -9999 -9999 -9999 -9999 -9999 -9999 -9999 0.381709969136864 -9999 -9999 0.672788917087018 -9999 -9999 -9999 1387.98036956787 138.869245052338 126.012122392654 1.55598961561918 1.08704582415521 0.542188319377601 0.322998153045774 0.414648152887821 1.07407704554498 0.7066689748317 0.34246536064893 1.31017098389566 0.297329789027572 1.91724094748497 0.339309126138687 -9999
-9999 -9999 -9999 -9999 -9999 -9999 -9999 -9999 -9999 -9999 -9999 -9999 -9999 -9999 -9999 -9999 -9999 -9999 -9999 -9999 -9999 0.678845467977226 0.904957361519337 0.481832608580589 0.937853626906872 0.240246704779565 1225.93665313721 1225.93665313721 1250.84935188293 1250.84935188293 0.168916634051129 124.488801956177 10.8196503221989 9.88333915174007 0.543053105473518 2.62784124538302 2.11776940152049 0.639931034296751 0.368887080345303 0.359492117539048 0.388110574800521 1.90397855266929 2.49651052802801 0.353588772937655 -9999
-9999 -9999 -9999 -9999 -9999 -9999 -9999 -9999 -9999 -9999 -9999 -9999 -9999 -9999 -9999 -9999 -9999 -9999 -9999 0.408595978282392 3.42324543744326 4.05100529640913 6.14551429450512 7.08452469855547 1.60079545341432 0.139789853710681 1225.93665313721 1225.93665313721 1250.84935188293 1250.84935188293 22.7528041899204 0.204817215446383 113.791896343231 0.753667466342449 9.40080054104328 4.5461903065443 4.01787284761667 2.10303748399019 0.400235701352358 0.785568094812334 1.1748070679605 2.8040924295783 5.68268435448408 0.268696318846196 -9999
-9999 -9999 -9999 -9999 -9999 -9999 -9999 -9999 -9999 -9999 -9999 -9999 -9999 -9999 -9999 -9999 -9999 1.06350065395236 1.49804755672812 2.31347787752748 0.416176314931363 0.656202538870275 0.499873100779951 7.15604111552238 0.0113724668735813 1.76180880889297 1226.2596912384 0.424050263129175 1.31467263400555 1.69822378829122 11.2279504835606 10.9886770993471 113.827070951462 0.243020829511806 0.50442754290998 1.21857998147607 1.25358178094029 0.638442415744066 0.37349711637944 0.41061045601964 1.95410903915763 0.36230907542631 6.68429531157017 0.310217721387744 0.286964889615774
-9999 -9999 -9999 -9999 -9999 -9999 -9999 -9999 -9999 -9999 -9999 -9999 -9999 -9999 -9999 -9999 -9999 1.05951326340437 0.512193593196571 0.445911072660238 0.456952116452157 1.19537117145956 1.19988745450974 9.23302307724953 9.46831196546555 1226.25826263428 0.387921070680022 0.445262481924146 0.886510612443089 1.2693971991539 10.8957131803036 10.6074065119028 0.497949931770563 113.626147031784 0.852558068931103 0.578614772297442 0.637216543778777 0.649168194271624 0.758586903102696 0.423233073204756 0.413068345747888 28.3950827717781 0.358169023413211 0.926493121311069 0.315794956404716
-9999 -9999 -9999 -9999 -9999 -9999 -9999 -9999 -9999 -9999 -9999 -9999 -9999 -9999 -9999 -9999 -9999 1.70928042754531 2.221620477736 3.64243533089757 0.808224958367646 1.46603027544916 1.33375796489418 0.0197326797490973 1217.80004119873 0.339517797809094 1.49585900083184 0.286014278419316 0.840885926038027 3.62466667965055 9.21105818450451 0.511194318532944 9.66126172244549 113.641309738159 112.696633577347 0.301883549895138 0.593346594832838 2.76274212449789 0.751719878986478 1.00680365413427 30.5391020774841 28.751912355423 18.5642337203026 1.41422178037465 0.357714021578431
-9999 -9999 -9999 -9999 -9999 -9999 -9999 -9999 -9999 -9999 -9999 -9999 -9999 -9999 -9999 -9999 0.544164132326841 1.13056731596589 4.66249372810125 8.70833502709866 10.990142121911 11.185587644577 13.3064502030611 1.35914244316518 1220.0327205658 3.71286707371473 0.561113836243749 0.561311954632401 1.16124824807048 1.99500344693661 4.56814617663622 0.55887580756098 8.63325269520283 0.71730572078377 0.323757810983807 112.296436786652 3.1060334853828 0.695032277144492 35.330365717411 34.7659184336662 0.876722764223814 0.428482273593545 0.394999597221613 16.2891957759857 14.0580796003342
-9999 -9999 -9999 -9999 -9999 -9999 -9999 -9999 -9999 -9999 -9999 -9999 -9999 -9999 -9999 -9999 0.566328223794699 3.03605616465211 0.513824320398271 0.877171577885747 0.699372030794621 0.364024704089388 0.0243060859020261 1216.52214431763 0.369695102097467 3.14562501385808 2.49193907156587 0.626684833317995 0.627532655373216 1.46555551886559 3.38976123556495 4.03926238417625 7.3152115046978 0.735001961700618 0.710527002811432 66.7968952655792 41.3725177049637 41.0794482827187 4.76847261935472 0.493698937818408 2.13789449259639 1.66534888744354 0.381135960109532 1.77073874697089 0.367941707372665
-9999 -9999 -9999 -9999 -9999 -9999 -9999 -9999 -9999 -9999 -9999 -9999 -9999 -9999 -9999 0.57725069206208 1.83730286359787 0.713588303886354 1.27699471451342 3.55396468192339 0.586996383499354 0.61684470390901 1206.012758255 1206.012758255 0.677727181464434 0.611513462848961 0.605080699548125 0.65624529030174 0.696789178065956 1.12978410162032 0.869430025108159 1.88955786451697 5.52238857746124 0.394600229803473 0.521495225839317 2.13434312865138 63.6920076608658 0.449878401122987 0.895317537710071 3.21061695367098 0.483178051188588 0.851162273436785 0.404914593324065 1.10001857206225 0.316824576351792
-9999 -9999 -9999 -9999 -9999 -9999 -9999 -9999 -9999 -9999 -9999 -9999 -9999 -9999 -9999 -9999 0.702334661968052 0.883999761193991 1.39686426334083 0.839005157351494 3.79414526373148 0.0214809346452967 1206.012758255 1206.012758255 1.27411018498242 0.662493241019547 1.48438333906233 0.755743997171521 0.804552988149226 0.433005539234728 0.48183866776526 1.11958889663219 5.16421481221914 1.71179391629994 0.527622416615486 0.613960401155055 63.4046733379364 0.416017561219633 0.517143609002233 2.72335209697485 0.833942351862788 0.454991666600108 0.421273625455797 0.772935641929507 0.333745911717415
-9999 -9999 -9999 -9999 -9999 -9999 -9999 -9999 -9999 -9999 -9999 -9999 -9999 -9999 -9999 -9999 -9999 0.849999664351344 1.74561776220798 2.77679306268692 2.96913330629468 7.08133074641228 1201.16732978821 1.93311168625951 1.28005132637918 2.17062207683921 0.697620381601155 1.99143223464489 0.481693726032972 0.545828104019165 0.586539871990681 0.592966550029814 3.00447639450431 1.171341214329 0.610709795728326 0.648527114652097 3.03196284919977 59.3728026151657 0.487155642360449 0.474992916919291 21.0343896150589 0.480308586731553 1.27682331390679 0.66555486060679 16.0631889104843
-9999 -9999 -9999 -9999 -9999 -9999 -9999 -9999 -9999 -9999 -9999 -9999 -9999 -9999 -9999 -9999 1.13062186725438 1.92208071798086 0.604528875090182 1.32346573658288 1.67510425485671 1.70134502835572 1194.5296497345 0.671624694950879 7.09700912982225 6.80874845385551 3.34257231652737 0.705924712121487 0.431805672589689 1.58257549628615 1.63878001272678 0.53719649836421 0.689965143799782 1.83285346254706 0.979224251583219 1.35122511349618 1.87099713087082 1.72986144199967 56.5896713733673 22.8173153996468 1.39783388003707 20.6487090885639 18.303415954113 17.3083528876305 0.630111277103424
-9999 -9999 -9999 -9999 -9999 -9999 -9999 -9999 -9999 -9999 -9999 -9999 -9999 -9999 -9999 -9999 1.13398091122508 5.51211515814066 8.14585037529469 0.704388056881726 17.4945777952671 21.3402324020863 21.3397615253925 1196.74917030334 0.572121078148484 0.572066637687385 0.629562293179333 0.659864353947341 4.48530394583941 3.6545037701726 0.520566039718688 0.562996938824654 1.00961989350617 0.81408373080194 1.50393084436655 0.692166307941079 0.617497025988996 0.517697927542031 2.55956044793129 30.7875818014145 0.382151007652283 0.738717920146883 0.355831440538168 0.329888867679983 0.329529987182468
-9999 -9999 -9999 -9999 -9999 -9999 -9999 -9999 -9999 -9999 -9999 -9999 -9999 -9999 -9999 1.01022993028164 3.62938633561134 0.679113063961267 7.59583257138729 16.3941653966904 3.82442271709442 0.328214798588306 0.330546003300697 1170.30168533325 9.80976638197899 8.36566761136055 7.22675159573555 6.00565705448389 5.3906797170639 0.450378244742751 1.17285686358809 0.668253697454929 0.584107735194266 3.75897914916277 0.580140389502048 1.24997592158616 0.548900526948273 1.53133831173182 2.01779830083251 30.3845447301865 29.9656273722649 0.36104362597689 0.360879663843662 0.391045632772148 0.675649803131819
-9999 -9999 -9999 -9999 -9999 -9999 -9999 -9999 -9999 -9999 -9999 -9999 -9999 -9999 -9999 0.696466289460659 2.60287491232157 0.661223175004125 5.77280770987272 0.995458859950304 3.52400079742074 0.266594524029642 0.790636295452714 1172.01235580444 0.311854168772697 0.505982774309814 0.556633843109012 1.02074335329235 0.394656837452203 0.449144128710032 2.33641400188208 0.629082980565727 0.678297785110772 1.32930438034236 6.12077306210995 0.555262208916247 0.617576573975384 0.52054501324892 0.486522603780031 0.997258422896266 2.93139936774969 25.9059886038303 0.31320761051029 1.81804575584829 1.07358578033745
-9999 -9999 -9999 -9999 -9999 -9999 -9999 -9999 -9999 -9999 -9999 -9999 -9999 -9999 -9999 0.597628866322339 3.0316677056253 5.36936195194721 0.489702311344445 1.86940828338265 0.321144323796034 0.233487735502422 0.430772627703846 0.224416399374604 1164.05841636658 0.28614455438219 2.59885880723596 0.543730325996876 0.382916301488876 6.18084159493446 2.97621112316847 2.03419417887926 0.919077532365918 2.0727575533092 8.93122448027134 1.38245889358222 1.43004727736115 0.922259671613574 0.46057300735265 0.456566968001425 1.24278944730759 0.709643986076117 24.8337295055389 19.7407075464725 0.985207448713481
