Archive - glowpa-model-master/Model input/Uganda/discharge/discharge_feb_1.asc
NCOLS 67 
NROWS 67 
XLLCORNER 29.5000000014144 
YLLCORNER -1.49999999936061 
CELLSIZE 0.0833333332926796 
NODATA_value -9999 
[rows 40 to 59 of 67, columns 0 to 44 of 67]
0.336583981756121 0.220674829091877 47.8702115118504 48.8772536814213 0.101382236229256 2.3049288392067 0.206683664117008 0.377683852799237 0.498774523846805 0.503124171867967 0.408883878029883 0.789757497608662 0.71480524353683 2.24099769070745 0.7486526761204 5.14388367533684 2.45828479528427 3.76692020148039 0.569162457250059 0.523694419302046 0.473074646666646 0.916523208841681 0.472884030081332 0.120740545426088 0.0883085694877082 0.304875560104847 0.437157223001122 0.906420931220055 0.412157979793847 0.237602127715945 0.688904037699103 0.392233396880329 13.5100356340408 0.933867933228612 0.463725838810205 2.02646490186453 0.478064744733274 0.532337418757379 0.489740610588342 5.71313877403736 7.30287282168865 0.550807574763894 1010.3500957489 1.51173317432404 3.18811852484941
0.405960185453296 0.855134474113584 46.0472871363163 1.47377465292811 1.36141976341605 1.68421755731106 0.49165469314903 0.414968738332391 0.64758837223053 2.236627753824 3.04175413399935 0.513574488461018 0.743819093331695 0.79456097073853 1.28376907482743 2.44056414812803 0.55691454000771 1.76663335040212 3.37107665836811 2.42975683510303 1.19542107731104 0.944954706355929 0.474997309967875 0.283415026089642 0.132923121105705 0.15191505709663 0.107652282807976 0.393990780226886 0.367330932524055 0.391531779430807 0.641056910157204 1.95776691660285 11.3223976492882 0.28929777443409 0.321326387580484 0.329910803586245 0.739518041722476 0.508485014550388 4.18884968012571 1.01731420122087 6.26827748119831 1.99424527958035 1009.98023319244 0.767321741208434 2.49729372560978
0.142401687800884 0.267696213442832 43.8669240474701 0.206970721483231 1.18246237188578 1.08861729875207 0.359160062856972 0.896298414096236 1.47776518017054 0.503988397307694 0.608701795339584 4.08666992932558 1.09780003130436 0.534983932040632 0.503800609149039 0.39701053313911 0.896131828427315 0.639372856356204 0.728411830961704 0.386567015200853 0.340185842476785 0.181492077477742 0.193003383639734 0.431812296679709 0.0431692315487453 0.874959741719067 0.424244480207562 0.603562970645726 0.162544110091403 0.0499397816311102 0.967646466568112 0.508469097316265 10.6345322430134 4.27047552168369 1.03461137413979 0.31055894587189 0.352803464047611 0.476286163553596 3.21712017059326 0.493179787881672 3.78879763185978 1.49109446443617 1009.61990356445 1009.09633255005 0.566986668854952
40.25103110075 43.6410591006279 0.316944568417966 0.646197054535151 0.632861806079745 0.513893939554691 0.320886665489525 0.794670043513179 1.89264222607017 0.74117342941463 1.14585291221738 4.61502132564783 6.03833338618279 0.23353211209178 0.218860879074782 0.0752489030273864 0.307765757199377 0.200490768998861 0.305759356357157 0.080895317660179 0.0519936271448387 0.240484699956141 0.732907936908305 0.0472230928717181 0.0769652241142467 0.925664114765823 0.0554358515328204 0.0741607305608341 0.941068593412638 2.32720407471061 0.3416503877379 0.3507582815364 5.85859417915344 0.558787481859326 2.17474411427975 1.63012318313122 0.508208956569433 1.74838477000594 0.512705120258033 0.533527286723256 3.31492449343204 1.07890929281712 0.206988882971928 1008.73662662506 0.666618416085839
39.9573280215263 2.68561507761478 2.37226243317127 1.42040534690022 0.603726932662539 0.406454303418286 0.203094832133502 0.544873772189021 0.910311840474606 2.88433609157801 2.10710443556309 0.347216604277492 6.9172587543726 0.676888898015022 0.196454880933743 0.116108193760738 0.0666389233228983 0.144341953389812 0.263375842012465 0.214269728632644 0.108840707092895 1.03501219581813 0.120654195256066 0.317648361437023 1.17988194897771 0.184694240408135 0.102469007833861 3.98765650391579 0.990650305524468 2.32720407471061 0.342084614560008 0.419558510184288 1.27320391684771 3.64051163196564 2.42592777311802 0.568778256885707 0.654189879074693 1.22231763415039 0.601562157273293 0.916437724605203 2.26591273397207 0.675642522983253 1007.66625881195 1007.66625881195 1007.66625881195
39.1371558308601 1.08664924092591 0.848766453564167 0.637322146445513 1.0774729095865 0.424651933368295 0.817435867153108 1.16322606615722 0.62031947914511 3.84038712084293 2.37009270116687 0.191624066093937 7.13674169778824 0.125278031191556 0.408360094763339 0.081796927144751 0.369955702451989 0.085293091047788 0.0930260280438233 0.585103540681303 0.315084183821455 1.28459537168965 2.07779329456389 1.61321058496833 0.188507367740385 0.101014986614246 0.20353531256842 3.98765650391579 2.32720407471061 2.32720407471061 1.32674795389175 0.44619167689234 0.659372134134173 0.620632259175181 0.400903210043907 1.2716458030045 0.705725647509098 1007.66625881195 1007.66625881195 0.343210854567587 0.713603531010449 0.35007562674582 1007.66625881195 1007.66625881195 1007.66625881195
3.14692237228155 37.5045890659094 0.471154134720564 0.572505850344896 1.62025061715394 0.387898572720587 1.21308689191937 1.18176453001797 20.6772499680519 7.39888729155064 2.82512519881129 0.241729375673458 7.34399324655533 0.648680319194682 0.688027646858245 0.819901043782011 3.03490921109915 3.21583412215114 5.33411082625389 6.56767048686743 6.68726446479559 12.4357854798436 12.7769123613834 0.21785131492652 0.296236962545663 0.314553681528196 4.26485618203878 0.100397949136095 0.170568089466542 0.873842615634203 0.428784561343491 0.439097150228918 0.442590655758977 0.891102934256196 1007.66625881195 1007.66625881195 1007.66625881195 1007.66625881195 1007.66625881195 1007.66625881195 1007.66625881195 1007.66625881195 1007.66625881195 1007.66625881195 1007.66625881195
0.300269482191652 33.5096717327833 1.16711132787168 0.657988406717777 0.645209470763803 2.85682841017842 20.6772499680519 20.6772499680519 20.6772499680519 20.6772499680519 19.6675883829594 19.463978022337 11.0009151101112 10.8111656904221 0.236882124561816 0.235840005334467 1.75751409307122 0.280011227587238 1.96378903090954 0.25631786318263 1.83003518078476 0.236738445237279 0.482789902482182 14.2374456971884 0.552739998325706 4.46582502126694 0.119058384283562 0.101071172743104 0.171341644832864 0.448485326953232 0.399917425587773 0.871926430612803 1007.66625881195 1007.66625881195 1007.66625881195 1007.66625881195 1007.66625881195 1007.66625881195 1007.66625881195 1007.66625881195 1007.66625881195 1007.66625881195 1007.66625881195 1007.66625881195 1007.66625881195
0.823609111830592 33.1258939914405 31.8900378551334 31.8900378551334 3.30167885124683 0.238539098296314 20.6772499680519 20.6772499680519 20.6772499680519 20.6772499680519 0.314585204236209 0.908858542330563 0.233825703151524 2.53412456810474 7.83567455410957 2.45242168754339 0.92587423697114 0.117487509502098 1.90067392867059 0.140843452943955 1.40598239796236 0.320971078588627 0.206892497371882 0.145453405944863 19.7959928959608 27.3709573447704 27.9526356458664 28.7018575966358 30.8472031056881 0.886558793485165 1007.66625881195 1007.66625881195 1007.66625881195 1007.66625881195 1007.66625881195 1007.66625881195 1007.66625881195 1007.66625881195 1007.66625881195 1007.66625881195 1007.66625881195 1007.66625881195 1007.66625881195 1007.66625881195 1007.66625881195
31.8900378551334 31.8900378551334 31.8900378551334 31.8900378551334 31.8900378551334 0.0881130093475804 0.115203738678247 0.131677031749859 20.6772499680519 20.6772499680519 0.462368893902749 0.190276151057333 1.65611320920289 0.323488467838615 5.07733594626188 1.92504002898932 0.281901102047414 0.628644030541182 1.75236531998962 1.62758124060929 0.175276447844226 1.17045630281791 0.164914246561239 0.237826271157246 3.07529193535447 0.699268158525229 3.5110132843256 0.636328939348459 1007.66625881195 1007.66625881195 1007.66625881195 1007.66625881195 1007.66625881195 1007.66625881195 1007.66625881195 1007.66625881195 1007.66625881195 1007.66625881195 1007.66625881195 1007.66625881195 1007.66625881195 1007.66625881195 1007.66625881195 1007.66625881195 1007.66625881195
31.8900378551334 31.8900378551334 31.8900378551334 31.8900378551334 31.8900378551334 0.0538225146592595 24.1190614700317 20.9024071097374 20.6772499680519 0.186547902645543 0.217429011594504 0.218592135934159 1.44205377437174 0.334488049149513 4.78703866899014 1.43921416066587 0.25910218572244 0.437140049412847 0.0665710852772463 1.4505744734779 0.164125133771449 1.05336096417159 0.132098801113898 0.184872363053728 2.66203204356134 0.405417545698583 3.29766460508108 0.345308125950396 1007.66625881195 1007.66625881195 1007.66625881195 1007.66625881195 1007.66625881195 1007.66625881195 1007.66625881195 1007.66625881195 1007.66625881195 1007.66625881195 1007.66625881195 1007.66625881195 1007.66625881195 1007.66625881195 1007.66625881195 1007.66625881195 1007.66625881195
31.8900378551334 31.8900378551334 31.8900378551334 31.8900378551334 31.8900378551334 24.248290926218 0.102637924952433 2.9767631329596 0.177133833058178 0.682903106324375 0.17949619126739 0.525807988364249 0.438303570263088 0.419439088087529 3.80054182559252 0.181488859700039 1.02473703678697 0.266825258266181 0.435462524183095 0.683298291638494 0.180106916377554 0.491174109629355 0.245028821344022 0.214273768244311 2.37421846948564 0.291017265524715 1.89345771446824 0.366847070865333 1007.66625881195 1007.66625881195 1007.66625881195 1007.66625881195 1007.66625881195 1007.66625881195 1007.66625881195 1007.66625881195 1007.66625881195 1007.66625881195 1007.66625881195 1007.66625881195 1007.66625881195 1007.66625881195 1007.66625881195 1007.66625881195 1007.66625881195
31.8900378551334 31.8900378551334 31.8900378551334 31.8900378551334 31.8900378551334 0.217765270266682 0.0497099943459034 2.62709829211235 0.294769533909857 0.0992547115311027 0.27731755678542 0.0957230687490664 0.441904490813613 1.12706508487463 1.29784840904176 0.950759882107377 0.295235276222229 0.259098832728341 0.236764936242253 0.311954013537616 0.225370250758715 0.283413331955671 0.266650900652166 0.834880239563063 1.57121344748884 0.49007186666131 0.801481815055013 0.364426509477198 0.628795450553298 0.725598588585854 1007.66625881195 1007.66625881195 1007.66625881195 1007.66625881195 1007.66625881195 1007.66625881195 1007.66625881195 1007.66625881195 1007.66625881195 1007.66625881195 1007.66625881195 1007.66625881195 1007.66625881195 1007.66625881195 1007.66625881195
31.8900378551334 31.8900378551334 31.8900378551334 31.8900378551334 31.8900378551334 0.0467628779588267 0.175271162064746 2.46092889457941 2.05606342479587 0.396675166208297 0.383334210375324 0.439454112201929 0.389966525137424 0.730603461153805 0.29498446546495 0.314807493705302 0.306500773411244 0.318039075471461 0.315123606938869 0.302543637808412 0.387939255684614 0.165134152630344 0.28671172662871 0.144742762990063 0.619551927316934 0.22132916143164 0.380594382993877 0.484101525507867 1.55248834565282 2.84340127557516 1007.66625881195 1007.66625881195 1007.66625881195 1007.66625881195 1007.66625881195 1007.66625881195 1007.66625881195 1007.66625881195 1007.66625881195 1007.66625881195 1007.66625881195 1007.66625881195 1007.66625881195 1007.66625881195 1007.66625881195
31.8900378551334 31.8900378551334 31.8900378551334 31.8900378551334 0.0695965237682685 0.484093300998211 0.335632634349167 0.915251113474369 0.33359576575458 0.491714559495449 0.869493204168975 0.779812404885888 0.401493530720472 0.356121932622045 0.349867898970842 0.649372555315495 0.295171392615885 0.613467935472727 0.649377875030041 3.02627881988883 0.909715891815722 0.593718452379107 0.364038359373808 0.288445011712611 0.200950750207994 0.0900323050445877 0.168742857174948 1007.66625881195 1007.66625881195 1007.66625881195 1007.66625881195 1007.66625881195 1007.66625881195 1007.66625881195 1007.66625881195 1007.66625881195 1007.66625881195 1007.66625881195 1007.66625881195 1007.66625881195 1007.66625881195 1007.66625881195 1007.66625881195 1007.66625881195 1007.66625881195
31.8900378551334 31.8900378551334 9.87229751050472 0.162785918684676 2.4040902517736 0.275539360009134 0.470284053124487 0.470282787457108 0.487117363139987 1.89026882126927 0.418694647029042 1.14512894675136 0.776273280382156 0.327301886398345 0.322542148176581 0.399591089226305 1.17988867498934 1.5858340356499 0.299369877204299 3.02627881988883 0.163419555407017 0.29526122380048 0.123607868037652 0.188387722941115 0.196584050543606 0.0829497077793349 0.577891960740089 1007.66625881195 1007.66625881195 1007.66625881195 1007.66625881195 1007.66625881195 1007.66625881195 1007.66625881195 1007.66625881195 1007.66625881195 1007.66625881195 1007.66625881195 1007.66625881195 1007.66625881195 1007.66625881195 1007.66625881195 1007.66625881195 1007.66625881195 1007.66625881195
31.8900378551334 31.8900378551334 9.74136364459991 8.92861852049828 0.235013482626528 1.96613297238946 0.548583009280264 0.467225450091064 0.911424463614821 2.44068472459912 0.411502244882286 7.96675696969032 9.73086519539356 10.4468438625336 11.116367071867 11.9894327372313 17.8216351568699 3.15940914303064 23.0095420479774 23.0095420479774 24.14132386446 0.618553880602121 24.7608753144741 0.42206493485719 0.272811650764197 0.395810547750443 1007.66625881195 1007.66625881195 1007.66625881195 1007.66625881195 1007.66625881195 1007.66625881195 1007.66625881195 1007.66625881195 1007.66625881195 1007.66625881195 1007.66625881195 1007.66625881195 1007.66625881195 1007.66625881195 1007.66625881195 1007.66625881195 1007.66625881195 1007.66625881195 1007.66625881195
0.202420134562999 3.60250567644835 0.47689141985029 8.68746012449265 0.294824291020632 0.477880424819887 0.464093694463372 2.24540835991502 0.421634539961815 3.03046361356974 5.66336300969124 0.413026049733162 0.345444762613624 0.397100461646914 1.08072016201913 1.51577839255333 17.8216351568699 17.8216351568699 23.0095420479774 23.0095420479774 24.14132386446 24.7608753144741 24.7608753144741 0.483948905020952 1.34159270301461 0.385922780726105 1007.66625881195 1007.66625881195 1007.66625881195 1007.66625881195 1007.66625881195 1007.66625881195 1007.66625881195 1007.66625881195 1007.66625881195 1007.66625881195 1007.66625881195 1007.66625881195 1007.66625881195 1007.66625881195 1007.66625881195 1007.66625881195 1007.66625881195 1007.66625881195 1007.66625881195
0.149143431335688 3.23891043663025 0.266171841765754 8.38686315715313 0.280998828820884 0.415457657538354 3.41882570832968 2.62661564350128 0.517293002456427 4.94989850372076 0.910871163010597 0.426153908483684 0.335830557858571 0.349837605375797 0.322499817237258 0.435323084238917 17.8216351568699 17.8216351568699 0.327394977211952 0.23448960762471 1.14706803672016 0.266232107765973 25.2673731148243 0.123004296416184 2.00745156034827 2.28138767555356 1007.66625881195 1007.66625881195 1007.66625881195 1007.66625881195 1007.66625881195 1007.66625881195 1007.66625881195 1007.66625881195 1007.66625881195 1007.66625881195 1007.66625881195 1007.66625881195 1007.66625881195 1007.66625881195 1007.66625881195 1007.66625881195 1007.66625881195 1007.66625881195 1007.66625881195
0.148813242791221 3.12007050216198 0.21424513758393 0.197065598214976 7.91580522060394 4.18131063878536 3.93594386428595 0.392239069100469 0.442546053789556 0.551419622264802 0.578114249743521 0.299527293536812 0.780947641469538 0.314399117371067 0.354132153093815 0.810707222670317 0.681377078406513 0.318468962330371 0.360058614518493 0.550203124992549 0.920438418164849 0.33296963153407 0.301193248014897 25.6296575069427 30.5798367261887 31.107630699873 1007.66625881195 1007.66625881195 1007.66625881195 1007.66625881195 1007.66625881195 1007.66625881195 1007.66625881195 1007.66625881195 1007.66625881195 1007.66625881195 1007.66625881195 1007.66625881195 1007.66625881195 1007.66625881195 1007.66625881195 1007.66625881195 1007.66625881195 1007.66625881195 1007.66625881195
