Archive - glowpa-model-master/Model input/Uganda/discharge/discharge_oct_1.asc
NCOLS 67 
NROWS 67 
XLLCORNER 29.5000000014144 
YLLCORNER -1.49999999936061 
CELLSIZE 0.0833333332926796 
NODATA_value -9999 
[rows 20 to 39 of 67, columns 0 to 45 of 67]
-9999 -9999 -9999 -9999 -9999 -9999 -9999 -9999 -9999 -9999 -9999 -9999 -9999 -9999 -9999 1.65858929418027 0.632371475920081 0.716751122847199 1.15595268644392 0.869543308392167 0.599388307426125 1.04356176406145 2.08406717330217 4.01991841197014 7.15144699811935 5.71231370419264 0.941034312359989 1.60608766786754 1430.64943504333 9.19932505488396 0.573820400983095 0.603804717771709 1.13922870717943 1.15991383232176 20.8963894844055 19.962744563818 3.49262923002243 1.09809534065425 0.553046872839332 0.78847430087626 0.995915399864316 1.04884876869619 1.4273339509964 1.62476305291057 20.0997905433178 0.436091719660908
-9999 -9999 -9999 -9999 -9999 -9999 -9999 -9999 -9999 -9999 -9999 -9999 -9999 -9999 -9999 0.535619728267193 0.613169895485044 0.561673291958869 0.400379319209605 0.619376186281443 1.17664850875735 0.490227676928043 2.96928302757442 0.694542810320854 1441.9177532196 1441.41121482849 1439.83622550964 1432.84691810608 1.19956949725747 1420.79455375671 1420.14069366455 0.759160399436951 2.05944273248315 1.02485399879515 23.6355312168598 0.612664858810604 1.06322302669287 8.86734111607075 6.01533243060112 4.63954853266478 3.01770704239607 0.630246618762612 0.575387332588434 0.885750643908978 0.792433813214302 16.7202628850937
-9999 -9999 -9999 -9999 -9999 -9999 -9999 -9999 -9999 -9999 -9999 -9999 -9999 -9999 -9999 -9999 0.59604764636606 1.12787098623812 0.826051622629166 0.426251045428216 1447.86923599243 1447.86923599243 1447.86923599243 1442.65868186951 0.79187742434442 0.859544033184648 1.03172336053103 4.53881528973579 3.39033871144056 2.17481477186084 1.37674623727798 1417.22205543518 1416.46466827393 1412.67230796814 0.950454214587808 1.05536648631096 11.6020838022232 0.914552722126245 2.01982234790921 1.04295696131885 0.926281582564116 0.64211961068213 0.557069503702223 0.539199921302497 0.775962637737393 0.731023811735213
-9999 -9999 -9999 -9999 -9999 -9999 -9999 -9999 -9999 -9999 -9999 -9999 -9999 -9999 -9999 -9999 -9999 0.709147332236171 1447.86923599243 1447.86923599243 1447.86923599243 1447.86923599243 1447.86923599243 2.23116354644299 1.62074126861989 3.82932367548347 2.04669249616563 4.00061298161745 1.22345963306725 1.06469942256808 0.801186811178923 0.812731854617596 3.26338697224855 1386.87727546692 0.869527295231819 1.85815836116672 15.3660461604595 2.03307216614485 1.02073009498417 0.872539358213544 0.638048914261162 0.589763952419162 1.50437648966908 2.98483251035213 0.810965312644839 0.517706583254039
-9999 -9999 -9999 -9999 -9999 -9999 -9999 -9999 -9999 -9999 -9999 -9999 -9999 -9999 -9999 0.447300026658922 0.36050681816414 1447.86923599243 1447.86923599243 1447.86923599243 1447.86923599243 1447.86923599243 1447.86923599243 1447.86923599243 20.5745911300182 14.0103152245283 11.9960457384586 2.13058018684387 1.66062345914543 0.50178715121001 0.775712762027979 0.798289379104972 0.815778762102127 4.10878976434469 1384.87052154541 15.8553037345409 0.949983427301049 0.765625558793545 0.732311544008553 3.56515275686979 1.78697194159031 0.570300445891917 7.24297980964184 3.5939542427659 0.578221499919891 1.09680798649788
-9999 -9999 -9999 -9999 -9999 -9999 -9999 -9999 -9999 -9999 -9999 -9999 -9999 -9999 -9999 0.743849375285208 1447.86923599243 1447.86923599243 1447.86923599243 1447.86923599243 1447.86923599243 1447.86923599243 1447.86923599243 1447.86923599243 1.97795881144702 1.09057226404548 1.11788914166391 4.87285494804382 0.977364505641162 1.51615403406322 0.76648604311049 0.783646539784968 0.808279238641262 1362.64925193787 10.3519254773855 8.11092799901962 7.2897008061409 5.89935214817524 4.51197808980942 1.18807975202799 1.19078484922647 0.588883745484054 9.78687547147274 1.51666623726487 0.558671447448432 0.601797238923609
-9999 -9999 -9999 -9999 -9999 -9999 -9999 -9999 -9999 -9999 -9999 -9999 -9999 -9999 -9999 1447.86923599243 1447.86923599243 1447.86923599243 1447.86923599243 1447.86923599243 1447.86923599243 1447.86923599243 1447.86923599243 1.31526130717248 6.29284457117319 1.18889661133289 1.17557291686535 3.67412604391575 0.716125694103539 3.65508134663105 1.4419357907027 1.5207587685436 0.793711341917515 1350.32547569275 1350.81002807617 1.812674138695 0.944478275254369 0.766686569899321 0.786636643111706 2.53281811252236 2.01622123271227 14.507239729166 0.634746646508574 2.51657805591822 1.44168468564749 0.986507330089808
-9999 -9999 -9999 -9999 -9999 -9999 -9999 -9999 -9999 -9999 -9999 -9999 -9999 -9999 -9999 1447.86923599243 1447.86923599243 1447.86923599243 1447.86923599243 1447.86923599243 1447.86923599243 1447.86923599243 1447.86923599243 0.554450921714306 3.44243330508471 0.988276571035385 0.807131848298013 0.781112764030695 0.787363820709288 0.746127905324101 5.87279136478901 1349.54397964478 1349.54397964478 1349.54397964478 0.719278273172677 0.749643096700311 0.930136540904641 2.63311228528619 4.74326039105654 28.3131820559502 24.3090820610523 7.62895174324512 0.753719184547663 3.15162735432386 1163.70337486267 1163.70337486267
-9999 -9999 -9999 -9999 -9999 -9999 -9999 -9999 -9999 -9999 -9999 -9999 -9999 -9999 1447.86923599243 1447.86923599243 1447.86923599243 1447.86923599243 1447.86923599243 1447.86923599243 1447.86923599243 1447.86923599243 3.52308856323361 2.17477339319885 2.82799195498228 2.15098238363862 0.772552912123501 3.1352486088872 0.742403229698539 0.638962352648377 1.34518066979945 1349.54397964478 1349.54397964478 1349.54397964478 43.9267840385437 1.66805272176862 0.776851010508835 1.38182029128075 35.4373952150345 0.958754157647491 0.842199334874749 5.42069939523935 4.42311738431454 0.624355673789978 1163.70337486267 1163.70337486267
-9999 -9999 -9999 -9999 -9999 -9999 -9999 -9999 -9999 -9999 -9999 1447.86923599243 1447.86923599243 1447.86923599243 1447.86923599243 1447.86923599243 1447.86923599243 1447.86923599243 1447.86923599243 1447.86923599243 1447.86923599243 0.874297828413546 0.8659403398633 0.615502352826297 0.636795411817729 1.42690883390605 0.680836111307144 3.77158361300826 0.686978870071471 0.465426792856306 1.57799433358014 1349.54397964478 1349.54397964478 1349.54397964478 1163.70337486267 40.7868520021439 39.1438421010971 37.9792577624321 1163.70337486267 1163.70337486267 1163.70337486267 1163.70337486267 1163.70337486267 1163.70337486267 1163.70337486267 1163.70337486267
-9999 -9999 -9999 -9999 -9999 -9999 -9999 -9999 -9999 -9999 1.1248325239867 1447.86923599243 1447.86923599243 1447.86923599243 1447.86923599243 1447.86923599243 1447.86923599243 1447.86923599243 1447.86923599243 1447.86923599243 1.20571317803115 0.603039669338614 0.52782370056957 1.08610819093883 0.615902124904096 0.542776986025274 1.40942525677383 5.86898181587458 1.40404602512717 0.345040746498853 121.559816479683 2.26491522416472 0.796289280988276 2.84274160861969 1163.70337486267 1163.70337486267 1163.70337486267 1163.70337486267 1163.70337486267 1163.70337486267 1163.70337486267 1163.70337486267 1163.70337486267 1163.70337486267 1163.70337486267 1163.70337486267
-9999 -9999 -9999 -9999 -9999 -9999 -9999 -9999 -9999 -9999 1447.86923599243 1447.86923599243 1447.86923599243 1447.86923599243 1447.86923599243 1447.86923599243 1447.86923599243 1447.86923599243 0.578978565055877 5.25638387724757 0.687642693519592 0.695288044400513 0.682592142373323 0.626058132387698 3.10011768713593 1.35298757627606 7.43425982445478 6.64675587415695 94.6664577722549 121.132389903069 25.5456576645374 0.947539410553873 0.971381480805576 0.903119673021138 2.388018861413 1.37701442278922 1163.70337486267 1163.70337486267 1163.70337486267 1163.70337486267 1163.70337486267 1163.70337486267 1163.70337486267 1163.70337486267 1163.70337486267 1163.70337486267
-9999 -9999 -9999 -9999 -9999 -9999 -9999 -9999 -9999 1.02531274966896 1447.86923599243 1447.86923599243 1447.86923599243 1447.86923599243 1447.86923599243 1447.86923599243 1447.86923599243 2.43544273450971 0.716023762710392 4.60161567106843 2.77964425459504 1.4251985065639 0.80028416775167 0.907819334417582 36.8372945189476 39.3163959383965 8.29248780012131 92.9301413297653 0.616730809211731 0.613969968631864 0.75247114803642 23.3812789022923 1.07639004848897 1.10347485542297 0.97234177775681 0.874085232615471 1163.70337486267 1163.70337486267 1163.70337486267 0.711074071004987 1163.70337486267 1163.70337486267 1163.70337486267 1163.70337486267 1163.70337486267 1163.70337486267
-9999 -9999 -9999 -9999 -9999 -9999 -9999 -9999 -9999 0.910312071442604 1447.86923599243 1447.86923599243 1447.86923599243 1447.86923599243 1447.86923599243 1447.86923599243 0.85073849093169 1.41554038971663 0.498395044356585 0.486915538087487 0.6138806915842 0.669197830371559 28.6119394004345 33.0666280388832 2.61209951899946 0.630335004534572 49.8716956377029 0.59353499347344 42.2611006498337 7.44641976058483 1.05983045510948 0.73035647906363 22.8819936811924 2.11740216612816 1.08406900800765 0.821514149196446 6.92779443413019 0.827735891565681 0.564317921176553 27.7146991491318 1163.70337486267 1163.70337486267 0.000304479429340532 1163.70337486267 1163.70337486267 1163.70337486267
-9999 -9999 -9999 -9999 -9999 -9999 1.20288908481598 2.06639770418406 1.00602144002914 0.401122566312551 53.2306892871857 1447.86923599243 1447.86923599243 1447.86923599243 1447.86923599243 0.898174033500254 0.902482733130455 0.616298141889274 0.563702362589538 0.356176571454853 6.27032732963562 24.7501570880413 0.861274065449834 0.615884989034384 0.611909986939281 1.62529015913606 1.84157572686672 0.87882764916867 32.7283146977425 0.956895843148232 5.9028599485755 0.918821690604091 2.62158384546638 15.8129066079855 0.827813135460019 0.940436193719506 1.69029094092548 3.61252474039793 0.868657568469644 27.7146991491318 0.839958235621452 925.13733291626 7.34789952635765 0.953794710338116 1163.70337486267 1163.70337486267
-9999 -9999 -9999 -9999 -9999 -9999 2.23708132654428 2.98520196229219 0.445420774631202 53.4601235389709 0.366577921435237 1447.86923599243 1447.86923599243 1447.86923599243 1447.86923599243 22.9815784394741 20.371024876833 18.8524121940136 16.0329939126968 15.0677179396152 4.91826145723462 0.492094874382019 18.0428921878338 15.1321683824062 0.537895325105637 0.650186992716044 0.890406720340252 3.09256890416145 28.7046090364456 0.508423061110079 4.47186475992203 0.873610857874155 1.63855173997581 0.823432805016637 13.0919750779867 0.899670790880919 0.879366951994598 2.79980902001262 1.03223511390388 25.343375235796 1.005067281425 913.697232246399 1.97102008014917 5.68860378861427 0.80936174094677 1.72184016183019
-9999 -9999 -9999 -9999 -9999 0.52676516957581 0.798888850957155 2.65489357337356 53.5925275683403 0.196400410728529 0.148409688379616 1447.86923599243 1447.86923599243 1447.86923599243 1.05660962499678 5.68781838938594 0.702915608882904 1.45733039081097 1.13300225418061 14.6324008405209 0.364461639430374 4.26086536794901 2.26699780859053 13.8921757787466 0.794010037556291 0.649971202015877 0.610169071238488 1.61367682181299 2.4502719938755 26.0341077446938 1.03858515061438 2.26743416488171 0.821221240796149 0.814439730718732 7.42833738029003 4.25602826476097 0.835134019143879 0.99806173145771 2.05960742384195 23.7630569338799 1.00806306116283 912.37815952301 0.993972487747669 3.95616624504328 0.778384050354362 0.838967768475413
-9999 -9999 0.200647674966604 0.790768126025796 0.416991141624749 0.27174652274698 0.251631941180676 1.27033754996955 48.2627483010292 0.160915401531383 2.91965446248651 3.04466907307506 49.2027761936188 1.08834209106863 1.6999667044729 3.23134867660701 1.58483709581196 0.982519288547337 0.682784907519817 14.399452522397 0.609527634456754 3.71412424370646 1.41511754877865 5.29163343831897 12.3757597059011 1.12198103778064 0.611937381327152 0.618789970874786 2.06879575178027 25.5495443046093 22.6063719987869 0.595791718922555 0.87440443970263 0.863829738460481 6.08420825749636 0.483523898292333 2.05346827208996 0.917778773233294 1.29390081204474 18.8822249174118 1.01755688153207 909.822577476501 0.924487771466374 0.898174200206995 1.38211756199598 0.741183681413531
-9999 0.579484465532005 2.01343691721559 0.506984852254391 0.126982043264434 0.421481636352837 45.5047916769981 46.448450088501 0.273406457621604 0.172645074082538 2.73091417178512 0.783738397061825 5.2251843214035 42.6285587251186 37.992486000061 1.49989008065313 2.79462708905339 1.23685876559466 4.11850144341588 9.27641103416681 2.55690412595868 1.32930464111269 1.51961805671453 4.33606608211994 0.77010705601424 4.30589151382446 0.31614065123722 0.250984291080385 0.815307608805597 0.834058923646808 2.47841655090451 22.0641418397427 2.42060842737556 0.550860989838839 5.57800625264645 0.591699877753854 1.43835000321269 0.727973168715835 1.02276077866554 16.7323445081711 0.562783990055323 906.759647369385 0.821421982720494 0.820917909964919 0.41305007878691 2.25549565255642
-9999 0.500967182219028 0.859491001814604 40.487572401762 40.7629331946373 44.4802928566933 0.575945378281176 1.05785587150604 1.04829063639045 2.39793440327048 0.820071456953883 2.79603801295161 1.06779170595109 3.7478503882885 0.942504171282053 34.6609970927238 20.0666912198067 1.17419130168855 1.57699274737388 1.47186177875847 5.79546730965376 1.46790019888431 1.43265291582793 3.33481300622225 0.879374019335955 3.76296648383141 3.1912580281496 1.71317976713181 0.269706648308784 0.292502406518906 1.2294518314302 0.723786864429712 18.2949334084988 0.496876186691225 0.584109269082546 4.48876920342445 0.563766015693545 0.4984574560076 7.97823646664619 8.25758856534958 0.511865053325891 0.566624348983169 905.409995079041 7.09411512315273 0.738501766696572 1.48565616086125
