Archive - glowpa-model-master/Model input/Uganda/discharge/discharge_feb_1.asc
NCOLS 67 
NROWS 67 
XLLCORNER 29.5000000014144 
YLLCORNER -1.49999999936061 
CELLSIZE 0.0833333332926796 
NODATA_value -9999 
[rows 0 to 19 of 67, columns 0 to 44 of 67]
-9999.000000000000000 -9999 -9999 -9999 -9999 -9999 -9999 -9999 -9999 -9999 -9999 -9999 -9999 -9999 -9999 -9999 -9999 -9999 -9999 -9999 -9999 -9999 -9999 -9999 -9999 -9999 -9999 -9999 -9999 -9999 -9999 0.393275743350387 0.389553776942194 -9999 -9999 -9999 -9999 -9999 -9999 -9999 -9999 -9999 -9999 -9999 -9999
-9999 -9999 -9999 -9999 -9999 -9999 -9999 -9999 -9999 -9999 -9999 -9999 -9999 -9999 -9999 -9999 -9999 -9999 -9999 -9999 -9999 -9999 -9999 -9999 -9999 -9999 -9999 -9999 -9999 0.406498930417001 0.729955522343516 0.349158281460404 1.08192037604749 0.33717814553529 0.357099734246731 0.330145370680839 0.539751878939569 0.471087686251849 0.291609682142735 0.346759119071066 -9999 -9999 -9999 -9999 -9999
-9999 -9999 -9999 -9999 -9999 -9999 -9999 -9999 -9999 -9999 -9999 -9999 -9999 -9999 -9999 -9999 -9999 -9999 -9999 -9999 -9999 -9999 -9999 -9999 -9999 -9999 -9999 -9999 -9999 1.66521590948105 0.28729136986658 1.36007614992559 9.44852350652218 8.49232162535191 0.304529032669961 6.51105793565512 5.50688873976469 4.11361856013536 2.0354293435812 1.1524660512805 0.325521529186517 0.483800960704684 0.380195932462811 -9999 -9999
-9999 -9999 -9999 -9999 -9999 -9999 -9999 -9999 -9999 -9999 -9999 -9999 -9999 -9999 -9999 -9999 -9999 -9999 -9999 -9999 -9999 -9999 -9999 -9999 -9999 0.3188291573897 -9999 -9999 -9999 1.83908779919147 0.243690796662122 11.3868341445923 0.309638700913638 0.310750219039619 7.90250174701214 0.732893694192171 0.411662336438894 0.419821383431554 1.10026607848704 0.530593148432672 0.450015890412033 0.460281024686992 1.08028472587466 -9999 -9999
-9999 -9999 -9999 -9999 -9999 -9999 -9999 -9999 -9999 -9999 -9999 -9999 -9999 -9999 -9999 -9999 -9999 -9999 -9999 -9999 -9999 -9999 0.472939902916551 -9999 -9999 0.602862672880292 -9999 -9999 -9999 1495.08660507202 128.794105291367 115.152987480164 1.56821558997035 1.09227556735277 0.545595372095704 0.336084749549627 0.401074487250298 0.824375458993018 0.521979285404086 0.247793959919363 1.15002960711718 0.225261262618005 1.61199860647321 0.321071273181587 -9999
-9999 -9999 -9999 -9999 -9999 -9999 -9999 -9999 -9999 -9999 -9999 -9999 -9999 -9999 -9999 -9999 -9999 -9999 -9999 -9999 -9999 0.751368798315525 0.929536572657526 0.400494175963104 0.866935888305306 0.205489435233176 1341.92935752869 1341.92935752869 1364.25919723511 1364.25919723511 0.13987569953315 113.286605119705 7.99969407916069 7.23602965474129 0.504517655819654 2.02236834168434 1.63521821424365 0.392458813264966 0.263758092187345 0.284395659342408 0.336931497324258 1.6262576803565 2.11183372884989 0.330718823242933 -9999
-9999 -9999 -9999 -9999 -9999 -9999 -9999 -9999 -9999 -9999 -9999 -9999 -9999 -9999 -9999 -9999 -9999 -9999 -9999 0.507216252852231 3.96534371376038 4.64728364348412 6.72925957292318 7.48962316662073 1.44689291715622 0.136442523216829 1341.92935752869 1341.92935752869 1364.25919723511 1364.25919723511 19.6881856322289 0.166021369630471 105.098439455032 0.550383808091283 6.73695850372314 3.02700334042311 2.6642505787313 1.42612334340811 0.322478638961911 0.674870910122991 1.04369400069118 2.45120768994093 4.95771224796772 0.24367548013106 -9999
-9999 -9999 -9999 -9999 -9999 -9999 -9999 -9999 -9999 -9999 -9999 -9999 -9999 -9999 -9999 -9999 -9999 1.13471790589392 1.66914479061961 2.67744244635105 0.473982134833932 0.722843123599887 0.388980980031192 7.59518832713366 0.0320237161840353 1.63477717153728 1341.25743675232 0.376397925429046 1.00834710709751 1.31071224622428 9.32950241863728 9.94473060965538 104.868273973465 0.196571212029085 0.355552486609668 0.826990894973278 0.811978466808796 0.412909270264208 0.333614996634424 0.368881638627499 1.78051855042577 0.3644879902713 5.92066115140915 0.279508101288229 0.25878848368302
-9999 -9999 -9999 -9999 -9999 -9999 -9999 -9999 -9999 -9999 -9999 -9999 -9999 -9999 -9999 -9999 -9999 1.1385438926518 0.596805155277252 0.520660321693867 0.522711083758622 1.29920617304742 1.14093150012195 9.48937560617924 9.56480953097343 1336.4077835083 0.3109584399499 0.320621553808451 0.635075439698994 0.945388924330473 9.04120722413063 9.61948911845684 0.359221999533474 104.467013835907 0.620319206267595 0.401290793903172 0.427567392587662 0.412480679806322 0.692419467493892 0.374627626501024 0.401326073333621 25.5461696982384 0.349583082832396 0.843983959406614 0.289608050137758
-9999 -9999 -9999 -9999 -9999 -9999 -9999 -9999 -9999 -9999 -9999 -9999 -9999 -9999 -9999 -9999 -9999 1.89611921831965 2.491305898875 4.14703823626041 0.890072495676577 1.46727590076625 1.38189450465143 0.00550234505069191 1320.09057044983 0.331942711025476 1.19620165415108 0.221135694067925 0.636777067556977 2.86944492533803 7.77501229941845 0.363365813624114 8.91602224111557 104.248268127441 103.377871990204 0.231596705969423 0.402947787661105 2.13133184239268 0.61500624474138 0.931081434711814 27.7456106543541 25.9492497444153 16.5905042886734 1.32904388569295 0.368440785445273
-9999 -9999 -9999 -9999 -9999 -9999 -9999 -9999 -9999 -9999 -9999 -9999 -9999 -9999 -9999 -9999 0.678312000352889 1.37266810238361 5.52735960483551 10.05663831532 12.0123335272074 12.1748244315386 14.1082865893841 1.39846478775144 1315.82005500793 2.78456934168935 0.411431954242289 0.407984899356961 0.866742026992142 1.65882066823542 4.15832220762968 0.397195259574801 8.16622176766396 0.699847621843219 0.263807469746098 102.895210027695 2.38296434283257 0.456166375428438 32.2949906587601 31.6891034841537 0.797092750668526 0.381582042202353 0.354753542691469 14.3872494399548 12.2631819993258
-9999 -9999 -9999 -9999 -9999 -9999 -9999 -9999 -9999 -9999 -9999 -9999 -9999 -9999 -9999 -9999 0.662728832103312 3.61367293819785 0.52964402642101 0.825606822967529 0.517750169150531 0.312883066246286 0.00432584884850939 1308.15413665771 0.210863348096609 2.33119076490402 1.8488382473588 0.456271244212985 0.465315015055239 1.27335228212178 3.29101633653045 3.77303591370583 7.02919533848763 0.690020686946809 0.605934862978756 61.9823355674744 37.6175132393837 37.3526014685631 4.28844145685434 0.452083398588002 1.90368098020554 1.4706071279943 0.331114750821143 1.63564567640424 0.332215705886483
-9999 -9999 -9999 -9999 -9999 -9999 -9999 -9999 -9999 -9999 -9999 -9999 -9999 -9999 -9999 0.608315384015441 2.15151274949312 0.788776637986302 1.29840196855366 3.27674025297165 0.19299924490042 0.230344405048527 1288.6811466217 1288.6811466217 0.551661721430719 0.467379408888519 0.456582328304648 0.483097591437399 0.512274657376111 0.97597554884851 0.905596279539168 1.90656908787787 5.45105316489935 0.395658542402089 0.524530591443181 2.0544966198504 59.0352010726929 0.423233585432172 0.843779757618904 2.81090059131384 0.434326866641641 0.750306976959109 0.35290489718318 1.01191512495279 0.294605948030949
-9999 -9999 -9999 -9999 -9999 -9999 -9999 -9999 -9999 -9999 -9999 -9999 -9999 -9999 -9999 -9999 0.848353358916938 0.961323749274015 1.39516691677272 0.579910550266504 3.52179095894098 0.0599351868823135 1288.6811466217 1288.6811466217 0.965825604274869 0.494502883404493 1.07628147304058 0.544370695948601 0.785448152571917 0.452323481906205 0.501957913860679 1.1629753690213 5.09676805138588 1.79856248386204 0.531962438486516 0.597049279138446 58.7197939157486 0.336831368971616 0.470102721825242 2.35151023417711 0.741044713184237 0.395100827328861 0.374999460764229 0.703663162887096 0.324109562207013
-9999 -9999 -9999 -9999 -9999 -9999 -9999 -9999 -9999 -9999 -9999 -9999 -9999 -9999 -9999 -9999 -9999 0.92233220115304 1.64229121431708 2.3364862203598 2.57198518514633 6.34438303112984 1284.74749755859 1.47273928113282 0.958069864660501 1.57738510519266 0.50925656221807 1.77393823303282 0.455913010984659 0.554785768501461 0.586437132209539 0.608533373102546 2.81145926192403 1.22710935026407 0.632801461964846 0.630099961534142 2.9383099488914 54.8526681661606 0.347868079319596 0.328376044519246 19.9909533858299 0.488829329609871 1.27225434035063 0.66449536383152 15.1200012266636
-9999 -9999 -9999 -9999 -9999 -9999 -9999 -9999 -9999 -9999 -9999 -9999 -9999 -9999 -9999 -9999 1.2315762899816 2.07279133051634 0.501235004514456 0.996782027184963 1.33875949122012 1.4121371768415 1272.885679245 0.636196170002222 5.43811304867268 5.29427737742662 2.76229987293482 0.510601744987071 0.424273530952632 1.59515127912164 1.62670204602182 0.537730114534497 0.651067741215229 1.63887405395508 0.909852314740419 1.30204146355391 1.80932945013046 1.65892820060253 52.2498241662979 21.3765211701393 1.11481794528663 19.6461587250233 17.3541282117367 16.4139856696129 0.640190201811492
-9999 -9999 -9999 -9999 -9999 -9999 -9999 -9999 -9999 -9999 -9999 -9999 -9999 -9999 -9999 -9999 1.19430626556277 5.8047878742218 8.39783933758736 0.445653005503118 17.2632700204849 20.4265271425247 20.429267168045 1267.6738319397 0.440859936177731 0.418487993534654 0.451180103234947 0.474538167007267 4.48876748234034 3.65796963125467 0.505236813798547 0.534980806522071 0.934459391981363 0.719715574756265 1.36867455020547 0.662468627095222 0.593965119682252 0.491212395951152 2.39402879402041 28.0282135605812 0.250260526780039 0.646862427704036 0.31619341019541 0.286363884806633 0.296463069040328
-9999 -9999 -9999 -9999 -9999 -9999 -9999 -9999 -9999 -9999 -9999 -9999 -9999 -9999 -9999 1.05698280036449 3.81363868713379 0.715656749904156 7.80065587162971 16.5959879457951 3.09388966858387 0.270029094535857 0.280014953110367 1236.24746322632 8.65108273923397 7.53566592931747 6.71119572967291 5.82633127272129 5.37827068567276 0.431062771007419 1.11217448860407 0.630612180568278 0.554333933629096 3.4969133362174 0.54623413644731 1.17868349701166 0.515974354930222 1.42073417641222 1.878731418401 27.616330742836 27.1678994894028 0.378521904814988 0.338477418757975 0.321442282292992 0.541780232451856
-9999 -9999 -9999 -9999 -9999 -9999 -9999 -9999 -9999 -9999 -9999 -9999 -9999 -9999 -9999 0.733721449971199 2.73424654453993 0.698478897102177 5.9971190392971 0.786084892228246 2.92100743204355 0.205227409722283 0.726504565216601 1233.2688369751 0.313728757202625 0.361906505189836 0.397399317473173 0.794466953724623 0.355917827691883 0.422726233489811 2.21263237670064 0.591959061101079 0.639665901660919 1.25265174545348 5.71655149757862 0.495932063087821 0.551870350725949 0.476733610033989 0.448880830779672 0.927813267335296 2.71824231743813 23.4283479452133 0.334523277822882 1.59722088649869 0.902457968331873
-9999 -9999 -9999 -9999 -9999 -9999 -9999 -9999 -9999 -9999 -9999 -9999 -9999 -9999 -9999 0.630698350258172 3.20080225914717 5.67399308085442 0.470980918034911 1.67575834691525 0.216260722838342 0.187096656765789 0.428398807533085 0.222452946414705 1219.92213821411 0.24461429938674 1.9140887260437 0.381064159795642 0.327634459361434 5.78002558648586 2.7444374114275 1.86421686038375 0.81503526493907 1.90524017065763 8.27782787382603 1.21218115650117 1.25346395000815 0.839631518349051 0.423697108402848 0.426355519331992 1.15927245654166 0.659440273419023 22.1949624717236 17.4028220176697 0.950138681568205
