Archive - glowpa-model-master/Model input/Uganda/discharge/discharge_jul_1.asc
NCOLS 67 
NROWS 67 
XLLCORNER 29.5000000014144 
YLLCORNER -1.49999999936061 
CELLSIZE 0.0833333332926796 
NODATA_value -9999 
[rows 20 to 39 of 67, columns 0 to 44 of 67]
-9999 -9999 -9999 -9999 -9999 -9999 -9999 -9999 -9999 -9999 -9999 -9999 -9999 -9999 -9999 1.48138524219394 0.557698865421116 0.630744314752519 1.0213270727545 0.634521186351776 0.488244632259011 0.80459461081773 1.66440744325519 2.19368063472211 4.07415039464831 3.41415005549788 0.53742015408352 1.04578010831028 1506.3846321106 7.6939477622509 0.47257970739156 0.501815624535084 0.946720214560628 0.944024596363306 17.4706737697124 16.7344142794609 2.937419783324 0.945731181651354 0.484381295740604 0.713948057033122 0.866200221702456 0.889057155698538 1.24139702692628 1.43645323067904 18.1366614997387
-9999 -9999 -9999 -9999 -9999 -9999 -9999 -9999 -9999 -9999 -9999 -9999 -9999 -9999 -9999 0.484021081589162 0.543235333636403 0.512394271790981 0.356737974565476 0.540293683297932 0.97312000580132 0.433425663039088 2.07818446587771 0.400131003116257 1514.94569396973 1514.1537361145 1512.96150016785 1508.00271034241 0.76895266585052 1497.88367843628 1497.13954925537 0.631291618570685 1.69574758037925 0.84150986559689 19.6460937261581 0.481279124505818 0.91754174977541 7.8785964101553 5.35484200716019 4.09869214892387 2.60491124540567 0.544316672720015 0.496510204859078 0.761934505775571 0.704538276419044
-9999 -9999 -9999 -9999 -9999 -9999 -9999 -9999 -9999 -9999 -9999 -9999 -9999 -9999 -9999 -9999 0.539367126300931 1.02281523682177 0.717541474848986 0.373421910684556 1364.49077987671 1364.49077987671 1364.49077987671 1515.95239257812 0.456142737995833 0.466241198824719 0.514480854850262 3.11488483473659 2.43170500919223 1.66017677262425 1.10114836134017 1494.39256477356 1493.37430763245 1489.81597328186 0.772649659775198 0.897224541753531 10.3507302999496 0.857837613672018 1.76096488535404 0.893498610705137 0.769480590708554 0.542993124574423 0.478140488266945 0.457860400900245 0.669690073467791
-9999 -9999 -9999 -9999 -9999 -9999 -9999 -9999 -9999 -9999 -9999 -9999 -9999 -9999 -9999 -9999 -9999 0.590330014936626 1364.49077987671 1364.49077987671 1364.49077987671 1364.49077987671 1364.49077987671 1.24985028244555 0.883043474983424 1.95276950486004 1.01398090203293 2.42622779868543 0.754859756678343 0.830314566381276 0.648720500059426 0.659507796168327 2.62722447887063 1467.8768901825 0.718930339440703 1.65128794685006 13.4434480965137 1.6668095793575 0.848756408318877 0.769088750705123 0.514756638556719 0.482724457979202 1.29036494903266 2.58162141218781 0.710230351425707
-9999 -9999 -9999 -9999 -9999 -9999 -9999 -9999 -9999 -9999 -9999 -9999 -9999 -9999 -9999 0.390995977912098 0.300869486294687 1364.49077987671 1364.49077987671 1364.49077987671 1364.49077987671 1364.49077987671 1364.49077987671 1364.49077987671 12.2762072756886 8.82308214902878 7.66250052303076 1.39851359464228 1.1072453064844 0.365412298589945 0.618262861855328 0.6382971778512 0.657788389362395 3.29819438606501 1465.73182678223 13.8199189007282 0.749236627481878 0.640273857861757 0.676125675439835 3.01607393473387 1.46303772181273 0.474051263183355 6.19137389957905 3.11226739734411 0.508494280278683
-9999 -9999 -9999 -9999 -9999 -9999 -9999 -9999 -9999 -9999 -9999 -9999 -9999 -9999 -9999 0.634954888373613 1364.49077987671 1364.49077987671 1364.49077987671 1364.49077987671 1364.49077987671 1364.49077987671 1364.49077987671 1364.49077987671 1.11808367096819 0.608896205434576 0.696508843451738 3.31664289534092 0.67788019310683 1.19562930986285 0.606243488378823 0.61963976547122 0.642703444696963 1446.14441871643 8.6322255730629 6.95139960944653 6.26276553422213 5.07820898294449 3.8264723867178 0.986096365377307 1.00919213704765 0.505104839801788 8.4050757586956 1.33516508340836 0.490018068812788
-9999 -9999 -9999 -9999 -9999 -9999 -9999 -9999 -9999 -9999 -9999 -9999 -9999 -9999 -9999 1364.49077987671 1364.49077987671 1364.49077987671 1364.49077987671 1364.49077987671 1364.49077987671 1364.49077987671 1364.49077987671 0.816874832147732 4.43803475052118 0.728021786548197 0.754793109372258 2.59745835140347 0.551129546947777 2.87044816464186 1.13885843940079 1.19900867342949 0.628971284255385 1434.56580352783 1435.91290473938 1.40826078876853 0.7408382659778 0.604368211701512 0.629752566106617 2.18709754943848 1.76114842481911 12.6379078179598 0.586171535775065 2.21473284065723 1.27095132507384
-9999 -9999 -9999 -9999 -9999 -9999 -9999 -9999 -9999 -9999 -9999 -9999 -9999 -9999 -9999 1364.49077987671 1364.49077987671 1364.49077987671 1364.49077987671 1364.49077987671 1364.49077987671 1364.49077987671 1364.49077987671 0.320553511381149 2.61098473146558 0.719561812467873 0.614392339251935 0.58613602630794 0.615380468778312 0.579249633476138 4.60523999482393 1433.81378936768 1433.81378936768 1433.81378936768 0.565263544209301 0.589249663986266 0.750120557844639 2.1053217574954 3.85435998439789 24.4647039473057 21.235061943531 6.72991728782654 0.694450886920094 2.76455790549517 1290.7698059082
-9999 -9999 -9999 -9999 -9999 -9999 -9999 -9999 -9999 -9999 -9999 -9999 -9999 -9999 1364.49077987671 1364.49077987671 1364.49077987671 1364.49077987671 1364.49077987671 1364.49077987671 1364.49077987671 1364.49077987671 2.87523483484983 1.83123869635165 2.23037453740835 1.71589726209641 0.583674781955779 2.38179542124271 0.554016309790313 0.445012943819165 0.992313073948026 1433.81378936768 1433.81378936768 1433.81378936768 35.9816543459892 1.25728059560061 0.61070476192981 1.0967538706027 30.1427111625671 0.797484256327152 0.720156244933605 4.71091902256012 3.86032447218895 0.542715851217508 1290.7698059082
-9999 -9999 -9999 -9999 -9999 -9999 -9999 -9999 -9999 -9999 -9999 1364.49077987671 1364.49077987671 1364.49077987671 1364.49077987671 1364.49077987671 1364.49077987671 1364.49077987671 1364.49077987671 1364.49077987671 1364.49077987671 0.695532637648284 0.680571881122887 0.556151784025133 0.60634679812938 1.17375432699919 0.583399502560496 2.88808245956898 0.489097909070551 0.300514724338427 1.07812920585275 1433.81378936768 1433.81378936768 1433.81378936768 1290.7698059082 33.8258339166641 32.6731110215187 31.9441453814507 1290.7698059082 1290.7698059082 1290.7698059082 1290.7698059082 1290.7698059082 1290.7698059082 1290.7698059082
-9999 -9999 -9999 -9999 -9999 -9999 -9999 -9999 -9999 -9999 0.993410369381309 1364.49077987671 1364.49077987671 1364.49077987671 1364.49077987671 1364.49077987671 1364.49077987671 1364.49077987671 1364.49077987671 1364.49077987671 0.943239242769778 0.472463796846569 0.523582408670336 1.08278110995889 0.610750660300255 0.54001516290009 1.29543391801417 4.7296399846673 0.961132597178221 0.160633877501823 92.0465650558472 1.61310329847038 0.583907990716398 2.05317753180861 1290.7698059082 1290.7698059082 1290.7698059082 1290.7698059082 1290.7698059082 1290.7698059082 1290.7698059082 1290.7698059082 1290.7698059082 1290.7698059082 1290.7698059082
-9999 -9999 -9999 -9999 -9999 -9999 -9999 -9999 -9999 -9999 1364.49077987671 1364.49077987671 1364.49077987671 1364.49077987671 1364.49077987671 1364.49077987671 1364.49077987671 1364.49077987671 0.423773232614622 3.98662038147449 0.514441082254052 0.521528110839427 0.62883831653744 0.612601739354432 3.07133686169982 1.31819844990969 5.91096507757902 5.26432411372662 71.8387722969055 91.6227598190308 18.931372821331 0.682836923748255 0.682595795951784 0.647046312689781 1.73887004330754 1.05673946626484 1290.7698059082 1290.7698059082 1290.7698059082 1290.7698059082 1290.7698059082 1290.7698059082 1290.7698059082 1290.7698059082 1290.7698059082
-9999 -9999 -9999 -9999 -9999 -9999 -9999 -9999 -9999 0.847392709925771 1364.49077987671 1364.49077987671 1364.49077987671 1364.49077987671 1364.49077987671 1364.49077987671 1364.49077987671 1.75613673962653 0.550455375574529 3.47532520443201 2.15751303732395 1.13822580501437 0.507716575171798 0.58857109490782 26.3511459231377 28.5274457037449 6.54631041735411 70.5210849046707 0.434582315385342 0.405757286120206 0.516259332187474 17.3952776491642 0.750224458985031 0.795908748172224 0.728389640338719 0.685949198901653 1290.7698059082 1290.7698059082 1290.7698059082 0.549857323756441 1290.7698059082 1290.7698059082 1290.7698059082 1290.7698059082 1290.7698059082
-9999 -9999 -9999 -9999 -9999 -9999 -9999 -9999 -9999 0.800063502043486 1364.49077987671 1364.49077987671 1364.49077987671 1364.49077987671 1364.49077987671 1364.49077987671 0.617430116981268 1.03339364659041 0.354327991139144 0.366230539046228 0.408887998666614 0.345252867322415 19.8004358410835 22.8598806858063 1.87039032578468 0.451624899636954 36.706612944603 0.420013027265668 33.0278678536415 5.21457985043526 0.739967974834144 0.491156727075577 17.0313292741776 1.5114870686084 0.792178752832115 0.633295548148453 5.33455541729927 0.651181821711361 0.445541898719966 26.4038962125778 1290.7698059082 1290.7698059082 0.000559454378884938 1290.7698059082 1290.7698059082
-9999 -9999 -9999 -9999 -9999 -9999 1.16558660939336 1.96123374253511 0.910287328064442 0.395167568698525 49.1585339307785 1364.49077987671 1364.49077987671 1364.49077987671 1364.49077987671 0.62028571870178 0.645993483252823 0.467772864736617 0.490805830806494 0.334510895889252 4.1361498311162 17.3347210288048 0.713066771626472 0.446122870314866 0.425962940324098 1.13858962059021 1.28590123914182 0.615602587349713 26.3184661269188 0.674593696370721 4.13263498991728 0.638478960841894 1.86319809406996 12.0568481534719 0.604257706552744 0.693842547014356 1.27570642158389 2.77816821634769 0.683268059045076 26.4038962125778 0.840039514005184 1103.71644592285 6.49728339910507 0.829982390627265 1290.7698059082
-9999 -9999 -9999 -9999 -9999 -9999 2.19232854619622 2.83751326054335 0.432327449321747 48.5053598284721 0.342284895014018 1364.49077987671 1364.49077987671 1364.49077987671 1364.49077987671 12.5462886095047 10.8326083272696 9.77682866156101 7.77324093878269 6.81754849106073 2.83309283107519 0.483068540692329 12.8047721087933 10.5639849156141 0.421414215583354 0.456720608752221 0.625913402065635 2.24860981106758 23.4181877970695 0.319766787812114 3.15000344067812 0.62912103254348 1.17517903260887 0.582306542433798 10.0614355802536 0.651507494039834 0.65600046236068 2.14247608184814 0.815785650163889 24.4889011383057 0.9513517357409 1090.64036178589 1.69757875427604 5.07365915924311 0.727581884711981
-9999 -9999 -9999 -9999 -9999 0.510918891057372 0.77534163184464 2.60722510516644 47.3692563176155 0.185066611738876 0.137820514617488 1364.49077987671 1364.49077987671 1364.49077987671 0.602142460644245 2.21479465067387 0.362445714417845 0.933400465175509 0.793074008077383 6.30162081867456 0.369557552039623 2.14991224557161 1.53391526639462 9.40130174160004 0.695548905991018 0.47343594674021 0.413709317333996 1.2032050229609 1.88957845419645 21.3520179390907 0.731947881169617 1.61379447951913 0.602923681028187 0.604884403757751 5.43329969793558 3.60009870678186 0.63337837997824 0.773417236283422 1.62644703686237 23.0218958556652 0.930818827822804 1087.31249809265 0.856496222317219 3.53141325712204 0.701285658404231
-9999 -9999 0.19553508842364 0.767222130671144 0.404917470179498 0.260096067562699 0.244402884505689 1.23513238877058 41.0679260492325 0.129620010731742 2.00798236206174 2.1137021407485 24.7786468863487 0.506050856783986 0.625271877273917 1.22892100922763 0.58951976057142 0.465595512650907 0.335970698390156 6.01356835663319 0.271696350537241 1.5970770381391 0.676682355813682 2.47557244077325 7.92919713258743 0.979518052190542 0.509834868833423 0.474084167741239 1.62140274420381 21.002116382122 18.6087330877781 0.394072381779552 0.624582790769637 0.65372347086668 4.45084030926228 0.411819819360971 1.87651503831148 0.73006908968091 0.993153464049101 18.929139226675 0.931877927854657 1083.33306503296 0.801684413105249 0.782957892864943 1.2533890157938
-9999 0.543136429041624 1.94472133740783 0.487058246508241 0.122966598952189 0.409578961320221 38.4853501319885 39.2679027915001 0.165367097361013 0.115067101782188 1.85759383067489 0.548242283053696 3.46411389112473 20.3250132203102 17.0894665122032 0.679258008487523 1.1025463975966 0.481997653841972 1.70476760156453 3.8435737863183 1.08693784475327 0.588718567974865 0.655337557196617 1.81633854471147 0.39405261632055 3.35041736066341 0.316374024841934 0.251802773214877 0.711259589530528 0.626897120848298 2.02662330120802 18.2454439997673 1.90612591430545 0.436081542633474 4.06945738941431 0.500273333862424 1.39505912736058 0.647387342527509 0.907281747087836 16.8908459246159 0.547138035297394 1079.12214660645 0.716893313452601 0.690720634534955 0.344453975558281
-9999 0.481884991750121 0.812620559707284 34.6899430155754 35.1747126579285 37.4072246551514 0.418623968027532 0.620037786662579 0.696968283504248 1.63661463931203 0.564209830015898 2.17004123702645 0.761485690250993 2.80105663090944 0.704239649698138 15.1507399380207 7.99523490667343 0.47342331847176 0.657122461125255 0.580980852246284 2.37589939311147 0.625247822143137 0.587527406401932 1.38989626429975 0.393258859403431 2.78660926967859 2.22936661913991 1.41458394937217 0.266055372543633 0.248971092049032 1.09653859399259 0.575201810337603 15.3559167385101 0.445667507126927 0.484761144965887 3.15508112311363 0.563529619947076 0.498396582901478 7.87277142703533 8.48502314090729 0.525999942794442 0.569661410525441 1076.47601509094 6.43324562907219 0.640508851967752
