Archive - glowpa-model-master/Model input/Uganda/discharge/discharge_oct_1.asc
NCOLS 67 
NROWS 67 
XLLCORNER 29.5000000014144 
YLLCORNER -1.49999999936061 
CELLSIZE 0.0833333332926796 
NODATA_value -9999 
[rows 0 to 19 of 67, columns 0 to 45 of 67]
-9999.000000000000000 -9999 -9999 -9999 -9999 -9999 -9999 -9999 -9999 -9999 -9999 -9999 -9999 -9999 -9999 -9999 -9999 -9999 -9999 -9999 -9999 -9999 -9999 -9999 -9999 -9999 -9999 -9999 -9999 -9999 -9999 0.462128884159029 0.458214111626148 -9999 -9999 -9999 -9999 -9999 -9999 -9999 -9999 -9999 -9999 -9999 -9999 -9999
-9999 -9999 -9999 -9999 -9999 -9999 -9999 -9999 -9999 -9999 -9999 -9999 -9999 -9999 -9999 -9999 -9999 -9999 -9999 -9999 -9999 -9999 -9999 -9999 -9999 -9999 -9999 -9999 -9999 0.49756773095578 0.866188710555434 0.419014337472618 1.30761912465096 0.425033093430102 0.438175945542753 0.428471723105758 0.726356847211719 0.640010546892881 0.332133427727968 0.386197553481907 -9999 -9999 -9999 -9999 -9999 -9999
-9999 -9999 -9999 -9999 -9999 -9999 -9999 -9999 -9999 -9999 -9999 -9999 -9999 -9999 -9999 -9999 -9999 -9999 -9999 -9999 -9999 -9999 -9999 -9999 -9999 -9999 -9999 -9999 -9999 2.10857040062547 0.349976973142475 1.66994259878993 12.2969083040953 11.0846999138594 0.404912272468209 8.51429080963135 7.2351172119379 5.36843852698803 2.56783466413617 1.43000442348421 0.405591776128858 0.563338932581246 0.585814113728702 -9999 -9999 -9999
-9999 -9999 -9999 -9999 -9999 -9999 -9999 -9999 -9999 -9999 -9999 -9999 -9999 -9999 -9999 -9999 -9999 -9999 -9999 -9999 -9999 -9999 -9999 -9999 -9999 0.648946668952703 -9999 -9999 -9999 2.51811032369733 0.326538023538888 14.706434994936 0.403863113839179 0.399461215361953 10.3153416514397 0.954932355321944 0.535709734074771 0.553215497173369 1.48916888050735 0.745839921757579 0.569385587237775 0.672327937558293 1.56361852400005 -9999 -9999 -9999
-9999 -9999 -9999 -9999 -9999 -9999 -9999 -9999 -9999 -9999 -9999 -9999 -9999 -9999 -9999 -9999 -9999 -9999 -9999 -9999 -9999 -9999 0.657576727680862 -9999 -9999 1.23291435837746 -9999 -9999 -9999 1830.39910507202 184.458552598953 166.520296573639 1.9897679053247 1.38698535598814 0.696168611757457 0.431657434906811 0.574702097103 1.58515594154596 1.02181564830244 0.529040371999145 1.73336002230644 0.451033197809011 2.39873904362321 0.390540128108114 -9999 -9999
-9999 -9999 -9999 -9999 -9999 -9999 -9999 -9999 -9999 -9999 -9999 -9999 -9999 -9999 -9999 -9999 -9999 -9999 -9999 -9999 -9999 1.35340040922165 2.03613654710352 1.2914113085717 1.78642919100821 0.534340912010521 1598.8519115448 1598.8519115448 1647.03244400024 1647.03244400024 0.429070340935141 164.082395553589 17.472207814455 15.4639267325401 0.699348801746964 3.84619130939245 3.13569403812289 0.942360348068178 0.579916116781533 0.546053165569901 0.49162707850337 2.61020141094923 3.1465981528163 0.407366784755141 -9999 -9999
-9999 -9999 -9999 -9999 -9999 -9999 -9999 -9999 -9999 -9999 -9999 -9999 -9999 -9999 -9999 -9999 -9999 -9999 -9999 0.910003123804927 6.60432185977697 8.01679477840662 12.8234119564295 15.3826563954353 3.55441666767001 0.318931545130908 1598.8519115448 1598.8519115448 1647.03244400024 1647.03244400024 42.8217506408691 0.477062982972711 146.151319265366 1.57285625487566 14.7650248259306 7.1703784391284 6.25160563737154 3.18941109254956 0.604522264562547 1.10833730362356 1.58547797612846 3.71065843850374 7.31672339141369 0.324156356975436 -9999 -9999
-9999 -9999 -9999 -9999 -9999 -9999 -9999 -9999 -9999 -9999 -9999 -9999 -9999 -9999 -9999 -9999 -9999 1.6919527836144 2.66260328143835 4.39313269406557 0.728021679446101 1.33409134857357 1.41276496276259 15.7332390099764 0.305389886518242 4.24656738340855 1598.04640960693 0.636650747619569 2.4296209178865 3.1451854147017 22.4150644540787 19.2113651335239 145.498921394348 0.588141968473792 1.03456662129611 2.14189873822033 2.00279755890369 1.00007654447109 0.563535709865391 0.507744321599603 2.53397914767265 0.407016760669649 8.54146611690521 0.375908463727683 0.339522620197386 -9999
-9999 -9999 -9999 -9999 -9999 -9999 -9999 -9999 -9999 -9999 -9999 -9999 -9999 -9999 -9999 -9999 -9999 1.70897705666721 0.917114589363337 0.802909899502993 0.76128352060914 1.9839740768075 2.68006515875459 21.0356465876102 22.0064517259598 1595.04280090332 0.894762586802244 0.920313359238207 1.79648078978062 2.72805542126298 21.6222127974033 18.3415532410145 1.05684311687946 144.336290359497 1.77277475595474 1.1309550832957 1.11614244431257 1.07418437860906 1.12285692617297 0.511122401803732 0.461367686279118 33.1178541779518 0.40565278660506 1.1120325550437 0.373868526425213 0.331565742846578
-9999 -9999 -9999 -9999 -9999 -9999 -9999 -9999 -9999 -9999 -9999 -9999 -9999 -9999 -9999 -9999 -9999 2.85917760059237 3.75599463284016 6.28390672802925 1.36839667521417 2.77513215318322 2.46451281383634 0.41764126772614 1570.70942306519 1.03593351878226 3.40832986310124 0.698345012962818 1.85368109866977 7.59349220246077 17.962337449193 1.07594704627991 16.3038052022457 143.713316440582 141.232709169388 0.672910976223648 1.15554204024374 4.27059253305197 0.94473566673696 1.15482348017395 35.7699155211449 33.6045503616333 20.6568024754524 1.64773280918598 0.383446913212538 13.2858162224293
-9999 -9999 -9999 -9999 -9999 -9999 -9999 -9999 -9999 -9999 -9999 -9999 -9999 -9999 -9999 -9999 1.1290853349492 2.17700632102787 8.7356531098485 15.9972036927938 21.065883398056 21.5922457277775 26.1675891876221 3.28254222124815 1571.98563575745 7.97616840898991 1.16122142039239 1.15058215893805 2.55972877144814 4.01538509130478 8.18145927041769 1.16959270648658 14.1449960172176 1.14047843590379 0.720963601022959 139.86955499649 4.91004319489002 1.09498693421483 41.6224364638329 40.8943699598312 1.05622348003089 0.523872814141214 0.483026491478086 17.9406644701958 15.1617490947247 0.42885660380125
-9999 -9999 -9999 -9999 -9999 -9999 -9999 -9999 -9999 -9999 -9999 -9999 -9999 -9999 -9999 -9999 1.02534910943359 5.60788055509329 0.976616157218814 1.96370131894946 1.58232197724283 0.593623518943787 0.463180919730803 1560.69758415222 1.45496436581016 6.78752661496401 5.4280848056078 1.28362130001187 1.35397380404174 2.8678245767951 5.72344585508108 7.04364985972643 11.8000759631395 1.2085614874959 1.33733994700015 82.3750158548355 49.9142118096352 49.2301943898201 5.97919689118862 0.592383170500398 2.66947321593761 2.07617584615946 0.46510015707463 2.17965374141932 0.45382887404412 0.45110631082207
-9999 -9999 -9999 -9999 -9999 -9999 -9999 -9999 -9999 -9999 -9999 -9999 -9999 -9999 -9999 0.831747353076935 3.33341105654836 1.15935786627233 2.13447236642241 5.92155637592077 0.835724922362715 1.4624740621075 1535.74433708191 1535.74433708191 1.32804783992469 1.43291210196912 1.40063634887338 1.41843177005649 1.38800231926143 2.11479327827692 1.39834204316139 3.03267757222056 8.57621204853058 0.686675149947405 0.77697535417974 3.14701149612665 77.1202076673508 0.561545476317406 1.09110849536955 4.14422383159399 0.596618167124689 1.06727206148207 0.500941755250096 1.36185442470014 0.379613080061972 0.266526563558728
-9999 -9999 -9999 -9999 -9999 -9999 -9999 -9999 -9999 -9999 -9999 -9999 -9999 -9999 -9999 -9999 1.28461274318397 1.06695027090609 2.14374547079206 1.61299800314009 6.40810135751963 0.480122514767572 1535.74433708191 1535.74433708191 2.93641416355968 1.51133614964783 3.11541050672531 1.56499970145524 1.45175416395068 0.677436844445765 0.7391760898754 1.78231726586819 7.90326988697052 2.77388059347868 0.75553931761533 0.831194087862968 76.3576271533966 0.682298475876451 0.656729698181152 3.55390871316195 1.04887619428337 0.57683393266052 0.532538627274334 0.961590442806482 0.387803100980818 1.5909997690469
-9999 -9999 -9999 -9999 -9999 -9999 -9999 -9999 -9999 -9999 -9999 -9999 -9999 -9999 -9999 -9999 -9999 0.973686117678881 2.66709895431995 5.13985603302717 5.56514744460583 13.1798373013735 1522.54438781738 4.18720500543714 2.91920907795429 4.5888702198863 1.49802730791271 3.81642740219831 0.869265248999 0.792671197094023 0.84325751196593 0.919919116422534 4.3863213583827 1.88867968693376 0.958939336240292 0.88350255228579 4.08853248506784 70.6077477931976 0.841511623002589 0.723350968211889 24.1270080208778 0.536563822999597 1.41057663783431 0.732665425166488 18.2712871432304 1.67103635519743
-9999 -9999 -9999 -9999 -9999 -9999 -9999 -9999 -9999 -9999 -9999 -9999 -9999 -9999 -9999 -9999 1.34836887381971 2.21385525912046 1.12197668477893 2.50504682213068 3.05562289059162 3.40353338420391 1506.50523757935 0.937772214412689 15.0935307145119 14.0694546848536 6.67240577936172 1.46020199544728 0.660663174465299 2.27406394481659 2.28113719448447 0.768355960026383 0.948695397004485 2.63001043349504 1.36469558812678 1.81861765310168 2.51818051934242 2.28137941658497 66.5124107599258 26.6731048226357 1.78685032576323 23.5643516778946 20.8960102796555 19.6995168924332 0.683537865057588 15.6194086074829
-9999 -9999 -9999 -9999 -9999 -9999 -9999 -9999 -9999 -9999 -9999 -9999 -9999 -9999 -9999 -9999 1.24534642882645 6.00651413202286 9.32454688847065 1.20667313225567 20.9745831787586 27.3898569643497 27.4783959984779 1507.86141014099 0.994530871510506 1.23862863332033 1.30762062780559 1.35602786578238 6.39046383649111 5.15865246206522 0.691589049063623 0.732582825236022 1.27905564755201 1.09330694191158 2.02525115013123 0.923095615580678 0.827412186190486 0.670574858784676 3.27128116041422 35.8081654906273 0.6135059799999 0.954083491116762 0.434658001177013 0.395017157774419 0.395688800606877 0.73188990727067
-9999 -9999 -9999 -9999 -9999 -9999 -9999 -9999 -9999 -9999 -9999 -9999 -9999 -9999 -9999 1.09781074337661 3.94803000986576 0.754463951103389 8.82940326631069 19.1953156888485 6.18339122086763 0.574342404492199 0.661740808747709 1465.09536743164 16.8820146620274 13.7655724585056 11.3989728391171 8.87769383192062 7.62098808586597 0.590337951667607 1.51486003212631 0.852775186300278 0.766811216250062 4.94496100395918 0.769100022502244 1.62974445149302 0.71682040579617 1.95519023016095 2.57254827767611 35.0895440578461 34.5002201199532 0.406791693530977 0.412393869366497 0.428183789364994 0.734018503688276 0.360510204453021
-9999 -9999 -9999 -9999 -9999 -9999 -9999 -9999 -9999 -9999 -9999 -9999 -9999 -9999 -9999 0.760264186188579 2.82752523198724 0.722974983043969 6.50091177970171 1.5684120953083 5.62136046588421 0.592886965721846 1.73477813415229 1465.7163105011 0.86238878313452 0.999770166352391 1.12476125732064 1.79355538636446 0.569189554080367 0.577337484806776 3.0045971609652 0.801412042230368 0.857647582888603 1.7142576277256 8.08360233902931 0.761110911145806 0.820339003577828 0.664538082666695 0.618928846903145 1.259566584602 3.62769728153944 29.2259335517883 0.35498290322721 2.02083612978458 1.17808181978762 0.33965610107407
-9999 -9999 -9999 -9999 -9999 -9999 -9999 -9999 -9999 -9999 -9999 -9999 -9999 -9999 -9999 0.640975932590663 3.2636876963079 5.79455124586821 0.661997760646045 2.76834780722857 0.607705821283162 0.473577433265746 0.538177655078471 0.689714385196567 1447.86923599243 0.839027918875217 4.93785783648491 1.06161341443658 0.571397510357201 7.93821106851101 3.81982776522636 2.61915374547243 1.19128295406699 2.69508093968034 11.7478062957525 1.83073287457228 1.86552553623915 1.25171209312975 0.604754414409399 0.583958488889039 1.52556637302041 0.851206863299012 27.844772040844 21.7855988740921 1.09881316684186 0.345743156038225
