Archive - glowpa-model-master/Model input/Uganda/discharge/discharge_dec_1.asc
NCOLS 67 
NROWS 67 
XLLCORNER 29.5000000014144 
YLLCORNER -1.49999999936061 
CELLSIZE 0.0833333332926796 
NODATA_value -9999 
[rows 0 to 19 of 67, columns 0 to 44 of 67]
-9999.000000000000000 -9999 -9999 -9999 -9999 -9999 -9999 -9999 -9999 -9999 -9999 -9999 -9999 -9999 -9999 -9999 -9999 -9999 -9999 -9999 -9999 -9999 -9999 -9999 -9999 -9999 -9999 -9999 -9999 -9999 -9999 0.397138027474284 0.394131016917527 -9999 -9999 -9999 -9999 -9999 -9999 -9999 -9999 -9999 -9999 -9999 -9999
-9999 -9999 -9999 -9999 -9999 -9999 -9999 -9999 -9999 -9999 -9999 -9999 -9999 -9999 -9999 -9999 -9999 -9999 -9999 -9999 -9999 -9999 -9999 -9999 -9999 -9999 -9999 -9999 -9999 0.411392317153513 0.745590928941965 0.357611266896129 1.12082635052502 0.362795419059694 0.375536287203431 0.363080075010657 0.615188124589622 0.539187892340124 0.295137090142816 0.349983504973352 -9999 -9999 -9999 -9999 -9999
-9999 -9999 -9999 -9999 -9999 -9999 -9999 -9999 -9999 -9999 -9999 -9999 -9999 -9999 -9999 -9999 -9999 -9999 -9999 -9999 -9999 -9999 -9999 -9999 -9999 -9999 -9999 -9999 -9999 1.7043068036437 0.294906096532941 1.42969486117363 10.5014030784369 9.44944116473198 0.342701037414372 7.24848608672619 6.15008030086756 4.56588876992464 2.22277506813407 1.24387578852475 0.349336429964751 0.497087839059532 0.403369757346809 -9999 -9999
-9999 -9999 -9999 -9999 -9999 -9999 -9999 -9999 -9999 -9999 -9999 -9999 -9999 -9999 -9999 -9999 -9999 -9999 -9999 -9999 -9999 -9999 -9999 -9999 -9999 0.343685203231871 -9999 -9999 -9999 1.88909948244691 0.255012364126742 12.5772925019264 0.342491849791259 0.339575236197561 8.78919161856174 0.813122061081231 0.456147061660886 0.469318252056837 1.22998248040676 0.593928820453584 0.474163665436208 0.48759248573333 1.13644317910075 -9999 -9999
-9999 -9999 -9999 -9999 -9999 -9999 -9999 -9999 -9999 -9999 -9999 -9999 -9999 -9999 -9999 -9999 -9999 -9999 -9999 -9999 -9999 -9999 0.592312020249665 -9999 -9999 0.652592089027166 -9999 -9999 -9999 1746.17238235474 144.160477161407 128.917073249817 1.71153647080064 1.19175293296576 0.5967459063977 0.365530617069453 0.434800310060382 0.933987591415644 0.589019641280174 0.284869051538408 1.22825814783573 0.248297681100667 1.7092867270112 0.332726613618433 -9999
-9999 -9999 -9999 -9999 -9999 -9999 -9999 -9999 -9999 -9999 -9999 -9999 -9999 -9999 -9999 -9999 -9999 -9999 -9999 -9999 -9999 1.02053780760616 1.26495065540075 0.590441408567131 0.972966462373734 0.230036922264844 1572.66096878052 1572.66096878052 1600.16251754761 1600.16251754761 0.175632111495361 126.590379714966 9.46869732439518 8.47081281244755 0.542944408021867 2.29117862135172 1.85632183030248 0.470780998468399 0.309278390370309 0.316600457299501 0.354587726760656 1.7537441663444 2.24622507020831 0.343418736476451 -9999
-9999 -9999 -9999 -9999 -9999 -9999 -9999 -9999 -9999 -9999 -9999 -9999 -9999 -9999 -9999 -9999 -9999 -9999 -9999 0.701746015809476 5.25211472809315 6.23718070238829 9.1214847266674 10.2450494468212 1.72302770987153 0.130824332591146 1572.66096878052 1572.66096878052 1600.16251754761 1600.16251754761 24.4168483316898 0.204609101405367 116.613918542862 0.718656497076154 7.90186952054501 3.60707438737154 3.17033999413252 1.68078267201781 0.363084196578711 0.735509506426752 1.1241875756532 2.62579774856567 5.28844077885151 0.255948351696134 -9999
-9999 -9999 -9999 -9999 -9999 -9999 -9999 -9999 -9999 -9999 -9999 -9999 -9999 -9999 -9999 -9999 -9999 1.38887040875852 2.14349182322621 3.50853337347507 0.57084040530026 0.996468867175281 0.582813554443419 10.39283464849 0.101968445625971 2.1858571395278 1571.99753952026 0.398467298597097 1.13268894702196 1.50030174478889 11.7100726217031 12.1791605353355 116.04471373558 0.264900250826031 0.477765065617859 1.01032215356827 0.968704944476485 0.492956215515733 0.386866783723235 0.391268793493509 1.90156493708491 0.374566960148513 6.31151728332043 0.295773910824209 0.270463414024562
-9999 -9999 -9999 -9999 -9999 -9999 -9999 -9999 -9999 -9999 -9999 -9999 -9999 -9999 -9999 -9999 -9999 1.41127913445234 0.749447227455676 0.644156645052135 0.623617739416659 1.56930148415267 1.55844966880977 13.0991515666246 13.4271273165941 1567.36409759521 0.39727126294747 0.370182322803885 0.735599469393492 1.15812883526087 11.2895359843969 11.7273332774639 0.475668964907527 115.27681350708 0.82841369509697 0.529984607361257 0.528493759222329 0.524004030041397 0.794848152436316 0.392502401024103 0.410821511410177 27.2004666924477 0.361350710038096 0.885938199236989 0.302868302445859
-9999 -9999 -9999 -9999 -9999 -9999 -9999 -9999 -9999 -9999 -9999 -9999 -9999 -9999 -9999 -9999 -9999 2.36284354329109 3.10253474861383 5.16050331294537 1.13092711940408 1.89158577658236 1.65533601865172 0.0738172792013572 1547.78003311157 0.625740548130125 1.53095435351133 0.271011311560869 0.786456016823649 3.61481410637498 9.70280373096466 0.480801608413458 10.7909820228815 114.756302595139 113.430961847305 0.315368676092476 0.551607797853649 2.53957655653358 0.66230261605233 0.965218206867576 29.5684856176376 27.6516461968422 17.6706063449383 1.38626450113952 0.375802204944193
-9999 -9999 -9999 -9999 -9999 -9999 -9999 -9999 -9999 -9999 -9999 -9999 -9999 -9999 -9999 -9999 0.854229836724699 1.71854093670845 6.78769195824862 12.4475517570972 14.9987211227417 15.1842740625143 18.0273115038872 1.82218001969159 1544.43761062622 3.54677462950349 0.494293245486915 0.486067508347332 1.11319390498102 2.05147173628211 5.08639108389616 0.525645427405834 9.78347504138947 0.853547852486372 0.354307805188 112.621057748795 2.84796372801065 0.538514691404998 34.4334046244621 33.7588120698929 0.838241126388311 0.403904966078699 0.376867891289294 15.3319484591484 13.0266874134541
-9999 -9999 -9999 -9999 -9999 -9999 -9999 -9999 -9999 -9999 -9999 -9999 -9999 -9999 -9999 -9999 0.828678077086806 4.39009164273739 0.64034110121429 1.03531219437718 0.699375160969794 0.355786390602589 0.0747282904194435 1535.92420387268 0.742681018542498 2.95313143730164 2.35579179599881 0.542322097346187 0.582141688093543 1.54692757874727 3.94305174797773 4.57786881178617 8.34980088472366 0.849091759882867 0.789188970811665 68.0186189413071 40.3062766194344 39.9323538541794 4.56120570749044 0.472195973619819 2.04225957393646 1.57925918698311 0.353951318189502 1.75331865996122 0.354477775283158
-9999 -9999 -9999 -9999 -9999 -9999 -9999 -9999 -9999 -9999 -9999 -9999 -9999 -9999 -9999 0.666055897250772 2.57404818385839 0.861769968643785 1.43167843110859 3.67061273008585 0.239714667201042 0.446212673559785 1513.55135536194 1513.55135536194 0.67446138523519 0.633797665126622 0.615419654175639 0.617021817713976 0.623715227469802 1.17213717289269 1.04398723691702 2.279141779989 6.37547748535872 0.472918186336756 0.590307251550257 2.27681643888354 64.4960292577744 0.440287583507597 0.874955378472805 3.02972386777401 0.460229827091098 0.80780584178865 0.379527321085334 1.08676206879318 0.311374462675303
-9999 -9999 -9999 -9999 -9999 -9999 -9999 -9999 -9999 -9999 -9999 -9999 -9999 -9999 -9999 -9999 0.992010497488081 1.02282996289432 1.52676256746054 0.698277498595417 3.91786922514439 0.195960949851724 1513.55135536194 1513.55135536194 1.30064585991204 0.672385442070663 1.40137925185263 0.696664770133793 0.912358283996582 0.511179056018591 0.56594174169004 1.36858237534761 5.94024043530226 2.14782778173685 0.585956808179617 0.645069894380867 64.0147678852081 0.383829871658236 0.499870189465582 2.54432278499007 0.793614979833364 0.427241129800677 0.405948407948017 0.75741227529943 0.340935470536351
-9999 -9999 -9999 -9999 -9999 -9999 -9999 -9999 -9999 -9999 -9999 -9999 -9999 -9999 -9999 -9999 -9999 0.968801910057664 1.82256845384836 2.67398638650775 2.93816903606057 7.60425858199596 1507.3471698761 1.94129355996847 1.30426170863211 2.05371211096644 0.663188401609659 2.1600155197084 0.532411489635706 0.612830554135144 0.640837540850043 0.703719939105213 3.21020701527596 1.46141323447227 0.741573308594525 0.68212959729135 3.16953161358833 59.736624956131 0.41769296489656 0.387502836994827 21.2041567564011 0.510453032329679 1.33120857551694 0.694504642859101 15.9072831273079
-9999 -9999 -9999 -9999 -9999 -9999 -9999 -9999 -9999 -9999 -9999 -9999 -9999 -9999 -9999 -9999 1.33434980362654 2.19408894702792 0.575004086829722 1.18402194790542 1.55184000171721 1.76572635769844 1494.36471366882 0.710543460212648 7.31458904594183 6.74400749802589 3.43403880298138 0.644606163725257 0.462899710983038 1.74434599094093 1.75231020897627 0.582671382464468 0.706244818866253 1.88094742596149 1.01442275568843 1.40046416409314 1.94844920188189 1.79849450662732 56.7684171199799 22.8404840528965 1.25187072902918 20.7808403074741 18.3316456973553 17.2967017889023 0.665169317275286
-9999 -9999 -9999 -9999 -9999 -9999 -9999 -9999 -9999 -9999 -9999 -9999 -9999 -9999 -9999 -9999 1.23993204534054 5.988371104002 8.76141990721226 0.526171590201557 18.0524275004864 21.7464728355408 21.7692470252514 1490.2746257782 0.526550684124231 0.556958015076816 0.578451479785144 0.605163837783039 4.87702242285013 3.96832281351089 0.529116336256266 0.550293726846576 0.981539430096745 0.761970744468272 1.44803743064404 0.709533886983991 0.648155767470598 0.526486956514418 2.57177501171827 30.7774969935417 0.305994079448283 0.716041478328407 0.345335651189089 0.31395748956129 0.32017449522391
-9999 -9999 -9999 -9999 -9999 -9999 -9999 -9999 -9999 -9999 -9999 -9999 -9999 -9999 -9999 1.09264153055847 3.9361763894558 0.733933033421636 8.05112540721893 17.2787939310074 3.53531580790877 0.305314105004072 0.344287612475455 1456.03178405762 10.2363663166761 8.64321953058243 7.56299409270287 6.41271779686213 5.83189585804939 0.445206699892879 1.14904287084937 0.652042044326663 0.57043743506074 3.68307407200336 0.568754491396248 1.25228972174227 0.54998967051506 1.5189594719559 2.01207641512156 30.2453478574753 29.7280166745186 0.392515677958727 0.361391653306782 0.351346842013299 0.595909354276955
-9999 -9999 -9999 -9999 -9999 -9999 -9999 -9999 -9999 -9999 -9999 -9999 -9999 -9999 -9999 0.753244696184993 2.81766680255532 0.709738443605602 6.16287863254547 0.898257398046553 3.31264764070511 0.277684762375429 1.05689251236618 1453.23928833008 0.665430662687868 0.465668865013868 0.510930913500488 0.93936104606837 0.376793620642275 0.434512264095247 2.28937702998519 0.612231167964637 0.663398362696171 1.3100360352546 6.04032339900732 0.525237467139959 0.593089865520597 0.505949012003839 0.48211382329464 0.997604567557573 2.92347164824605 25.6163859367371 0.34588717110455 1.73669700883329 0.986484669148922
-9999 -9999 -9999 -9999 -9999 -9999 -9999 -9999 -9999 -9999 -9999 -9999 -9999 -9999 -9999 0.641390103846788 3.25553670153022 5.79027012735605 0.503312073647976 1.84689156338573 0.266157552599907 0.236154372338206 0.467776331119239 0.502489802660421 1438.03279685974 0.528293421026319 2.39389007911086 0.486965951044112 0.359438206534833 6.02900578081608 2.88060839101672 1.96528034284711 0.870847845450044 2.02259888127446 8.79328632354736 1.3089154381305 1.36078147403896 0.906758517026901 0.452783593907952 0.456925082020462 1.23758324794471 0.70968518499285 24.2285014390945 19.0159571766853 1.01769797503948
