Archive - glowpa-model-master/Model input/Uganda/discharge/discharge_apr_1.asc
NCOLS 67 
NROWS 67 
XLLCORNER 29.5000000014144 
YLLCORNER -1.49999999936061 
CELLSIZE 0.0833333332926796 
NODATA_value -9999 
[rows 20 to 39 of 67, columns 0 to 44 of 67]
-9999 -9999 -9999 -9999 -9999 -9999 -9999 -9999 -9999 -9999 -9999 -9999 -9999 -9999 -9999 1.54183758050203 0.587431665509939 0.666986303403974 1.03532740846276 0.447167844045907 0.395091062411666 0.690257878042758 1.54912605509162 1.31560242734849 3.50025932863355 2.930643633008 0.476983323227614 0.946546552702785 1300.50017929077 7.19359643757343 0.451331899501383 0.477297510951757 0.890782644972205 0.888270266354084 16.0198704600334 15.3108101189137 2.75623889267445 0.914868297055364 0.467349299229681 0.704365662299097 0.838682739064097 0.845172025263309 1.17919233627617 1.39587469212711 18.2908911406994
-9999 -9999 -9999 -9999 -9999 -9999 -9999 -9999 -9999 -9999 -9999 -9999 -9999 -9999 -9999 0.503946577198803 0.559937623329461 0.531302741728723 0.365220341831446 0.505763334222138 0.914750590920448 0.403595103416592 1.5948376301676 0.329023838043213 1298.21673583984 1301.24411773682 1302.4194278717 1300.1048374176 0.718474547378719 1295.52970314026 1297.32831954956 0.600451298058033 1.61544943973422 0.814452027902007 18.1022193431854 0.451256578788161 0.898091470822692 7.73193393647671 5.23537287116051 3.99566432833672 2.51127974316478 0.513462730683386 0.457193434238434 0.729311016388237 0.694377642124891
-9999 -9999 -9999 -9999 -9999 -9999 -9999 -9999 -9999 -9999 -9999 -9999 -9999 -9999 -9999 -9999 0.534973690286279 1.01840001158416 0.718794065527618 0.342294552363455 1164.05841636658 1164.05841636658 1164.05841636658 1295.23366355896 0.407422150950879 0.390417028218508 0.429343370255083 3.09068983048201 2.4261340610683 1.67500436492264 1.07837743498385 1297.21830368042 1299.01281547546 1298.68992996216 0.764876640401781 0.888831960037351 10.1866142898798 0.858286736533046 1.72856399789453 0.869601046666503 0.745011410675943 0.504121956415474 0.440509187988937 0.418059983290732 0.650331439450383
-9999 -9999 -9999 -9999 -9999 -9999 -9999 -9999 -9999 -9999 -9999 -9999 -9999 -9999 -9999 -9999 -9999 0.592504527419806 1164.05841636658 1164.05841636658 1164.05841636658 1164.05841636658 1164.05841636658 1.13820302952081 0.736962066963315 1.55913434736431 0.810476399958134 2.3883400708437 0.747304925695062 0.841507288627326 0.639971820637584 0.651505594141781 2.62627895921469 1281.79272651672 0.721382635645568 1.64108848199248 13.2544606924057 1.63797709345818 0.832413990050554 0.759890837594867 0.483206808567047 0.450617987662554 1.23706439323723 2.50237688422203 0.693654337897897
-9999 -9999 -9999 -9999 -9999 -9999 -9999 -9999 -9999 -9999 -9999 -9999 -9999 -9999 -9999 0.407971271313727 0.315825006458908 1164.05841636658 1164.05841636658 1164.05841636658 1164.05841636658 1164.05841636658 1164.05841636658 1164.05841636658 11.6950641572475 8.91034951806068 7.80890622735023 1.45521624945104 1.13939373660833 0.367539145518094 0.622810335829854 0.645968988537788 0.662589244544506 3.30158589780331 1282.83062362671 13.6311927437782 0.747018017806113 0.639261901378632 0.673197587952018 2.96009033173323 1.42091722786427 0.449564698152244 5.99824048578739 3.0286046937108 0.500510903075337
-9999 -9999 -9999 -9999 -9999 -9999 -9999 -9999 -9999 -9999 -9999 -9999 -9999 -9999 -9999 0.6676976531744 1164.05841636658 1164.05841636658 1164.05841636658 1164.05841636658 1164.05841636658 1164.05841636658 1164.05841636658 1164.05841636658 0.915601313114166 0.497140287887305 0.726019795052707 3.55589180067182 0.705400671809912 1.22220014408231 0.629433376714587 0.640050787478685 0.662345173768699 1267.03199386597 8.60664759576321 6.89455136656761 6.20195811241865 5.01693393290043 3.76937931030989 1.00510908104479 1.02444818615913 0.50062489695847 8.26269692182541 1.34261574782431 0.486659640446305
-9999 -9999 -9999 -9999 -9999 -9999 -9999 -9999 -9999 -9999 -9999 -9999 -9999 -9999 -9999 1164.05841636658 1164.05841636658 1164.05841636658 1164.05841636658 1164.05841636658 1164.05841636658 1164.05841636658 1164.05841636658 0.780452188104391 4.74653943628073 0.805337688885629 0.818598886020482 2.79576620832086 0.589747915044427 3.0085484534502 1.19572011753917 1.24737053364515 0.663127211853862 1265.39995765686 1259.85279655457 1.43691868148744 0.75076297391206 0.618614564649761 0.653958090581 2.35785178095102 1.91161831654608 13.0978545844555 0.656610403209925 2.21938939020038 1.27301301620901
-9999 -9999 -9999 -9999 -9999 -9999 -9999 -9999 -9999 -9999 -9999 -9999 -9999 -9999 -9999 1164.05841636658 1164.05841636658 1164.05841636658 1164.05841636658 1164.05841636658 1164.05841636658 1164.05841636658 1164.05841636658 0.330974577926099 2.83881808072329 0.774863875471056 0.655427739955485 0.64341969974339 0.692095509730279 0.641893854364753 4.84704725444317 1265.64919662476 1265.64919662476 1265.64919662476 0.600135641172528 0.629774545319378 0.788009056821465 2.19087363779545 4.11182599514723 26.3982762396336 22.690815448761 7.41983413696289 0.811561856418848 2.78212895989418 1097.98385238647
-9999 -9999 -9999 -9999 -9999 -9999 -9999 -9999 -9999 -9999 -9999 -9999 -9999 -9999 1164.05841636658 1164.05841636658 1164.05841636658 1164.05841636658 1164.05841636658 1164.05841636658 1164.05841636658 1164.05841636658 3.02231387794018 1.90264344960451 2.39143413305283 1.83297172747552 0.636593788862228 2.6560215651989 0.627993837930262 0.548578312620521 1.14768631570041 1265.64919662476 1265.64919662476 1265.64919662476 39.7917162775993 1.47349780797958 0.708878543227911 1.36101790471002 32.7679234147072 0.941867708228528 0.763097353279591 4.89409150183201 3.95494092255831 0.584787078201771 1097.98385238647
-9999 -9999 -9999 -9999 -9999 -9999 -9999 -9999 -9999 -9999 -9999 1164.05841636658 1164.05841636658 1164.05841636658 1164.05841636658 1164.05841636658 1164.05841636658 1164.05841636658 1164.05841636658 1164.05841636658 1164.05841636658 0.762123990803957 0.732554930262268 0.559363309293985 0.607647662051022 1.24335753545165 0.611399251036346 3.2023252248764 0.564878990873694 0.409962354693562 1.39756132476032 1265.64919662476 1265.64919662476 1265.64919662476 1097.98385238647 37.3402715325356 36.0313809514046 35.0616546869278 1097.98385238647 1097.98385238647 1097.98385238647 1097.98385238647 1097.98385238647 1097.98385238647 1097.98385238647
-9999 -9999 -9999 -9999 -9999 -9999 -9999 -9999 -9999 -9999 1.06094079278409 1164.05841636658 1164.05841636658 1164.05841636658 1164.05841636658 1164.05841636658 1164.05841636658 1164.05841636658 1164.05841636658 1164.05841636658 1.02254119887948 0.506817014422268 0.500730651430786 1.04539534263313 0.59649558365345 0.520861045457423 1.32639773562551 5.13556950539351 1.14605489000678 0.264477773103863 112.47930431366 1.87715263850987 0.651575668714941 2.4387740381062 1097.98385238647 1097.98385238647 1097.98385238647 1097.98385238647 1097.98385238647 1097.98385238647 1097.98385238647 1097.98385238647 1097.98385238647 1097.98385238647 1097.98385238647
-9999 -9999 -9999 -9999 -9999 -9999 -9999 -9999 -9999 -9999 1164.05841636658 1164.05841636658 1164.05841636658 1164.05841636658 1164.05841636658 1164.05841636658 1164.05841636658 1164.05841636658 0.452284952625632 4.45504641905427 0.577041091397405 0.579286127351224 0.627207803539932 0.60399604588747 3.00515706092119 1.29621542990208 6.49695010483265 5.78851730376482 87.4727753400803 112.033049345016 23.5540941059589 0.797137375921011 0.813161590136588 0.770593636669219 2.06672389805317 1.23244756832719 1097.98385238647 1097.98385238647 1097.98385238647 1097.98385238647 1097.98385238647 1097.98385238647 1097.98385238647 1097.98385238647 1097.98385238647
-9999 -9999 -9999 -9999 -9999 -9999 -9999 -9999 -9999 0.969313774257898 1164.05841636658 1164.05841636658 1164.05841636658 1164.05841636658 1164.05841636658 1164.05841636658 1164.05841636658 2.06887314468622 0.626316693611443 3.8951323479414 2.37207419425249 1.23325952701271 0.61901131644845 0.717981055378914 31.8732164502144 34.1632462739944 7.23939500749111 85.94575548172 0.522959562949836 0.569634623359889 0.670565357431769 21.6572411358356 0.911892596632242 0.946606213226914 0.858316726051271 0.795134533196688 1097.98385238647 1097.98385238647 1097.98385238647 0.741829032544047 1097.98385238647 1097.98385238647 1097.98385238647 1097.98385238647 1097.98385238647
-9999 -9999 -9999 -9999 -9999 -9999 -9999 -9999 -9999 0.904812090098858 1164.05841636658 1164.05841636658 1164.05841636658 1164.05841636658 1164.05841636658 1164.05841636658 0.748200588859618 1.23549178242683 0.415744257625192 0.415233966894448 0.492661396507174 0.470076132565737 24.5792669355869 28.292333394289 2.20539645664394 0.523666496854275 43.3597369790077 0.504895402118564 41.6858030557632 6.73077069222927 0.910267183557153 0.697639018297195 21.187687009573 1.81101385876536 0.946157997474074 0.741913343779743 6.50732707977295 0.776629379019141 0.558141431771219 28.869007229805 1097.98385238647 1097.98385238647 0.00299464539571836 1097.98385238647 1097.98385238647
-9999 -9999 -9999 -9999 -9999 -9999 1.21580817364156 2.0610068179667 0.981462983414531 0.41243246383965 60.8501664400101 1164.05841636658 1164.05841636658 1164.05841636658 1164.05841636658 0.801074738614261 0.793789675459266 0.550501686520875 0.529194227419794 0.339692784007639 5.17241326719522 21.5322508215904 0.770404354669154 0.519949211739004 0.501851433422416 1.34515994414687 1.56271408870816 0.766126024536788 33.0463970899582 0.834836132824421 5.37630016356707 0.824142692610621 2.37370165064931 14.896517008543 0.730179290287197 0.847950528375804 1.53994901105762 3.4508206397295 0.865114834159613 28.869007229805 0.844538457691669 1097.94493484497 8.10475331544876 1.06064741685987 1097.98385238647
-9999 -9999 -9999 -9999 -9999 -9999 2.26070995628834 3.004593282938 0.457220366224647 60.886430978775 0.351980905979872 1164.05841636658 1164.05841636658 1164.05841636658 1164.05841636658 18.6436338722706 16.3393000215292 14.9326346814632 12.373635366559 11.3768709897995 3.85704741999507 0.4902059789747 15.9253566563129 13.2740537673235 0.476007144898176 0.540158990770578 0.762475264258683 2.75863823667169 29.3958349227905 0.458991025108844 4.06260653585196 0.774218760430813 1.51078714057803 0.771531236357987 12.4394046664238 0.81207020021975 0.818976670503616 2.67110777273774 1.04562879353762 26.4084714651108 1.04448888078332 1090.67094993591 2.12387642636895 6.22039234638214 0.878024326637387
-9999 -9999 -9999 -9999 -9999 0.526116200722754 0.793221194297075 2.68099213391542 60.6812098026276 0.209576908266172 0.16046968055889 1164.05841636658 1164.05841636658 1164.05841636658 0.937414285726845 4.65913000330329 0.575819830410182 1.26723538339138 0.998529741540551 10.8666471689939 0.364787569735199 3.17585222050548 1.93678316101432 12.0460708737373 0.752818022854626 0.564078351482749 0.511764950118959 1.46719611994922 2.41160969808698 26.6789149641991 0.937547009438276 2.03054920583963 0.728747800923884 0.730650773271918 7.07437990605831 4.07048243284225 0.77051936276257 0.957099745050073 2.0960580855608 24.7283292412758 1.03588749654591 1093.07711982727 1.07671626843512 4.35924652963877 0.835675708949566
-9999 -9999 0.204709672834724 0.800560299307108 0.423726043663919 0.266671054065228 0.245519168674946 1.25420999899507 54.9676433205605 0.246779108187184 2.98332215473056 3.13194542750716 39.0750155448914 0.883460263721645 1.37826084997505 2.6510983556509 1.29099681135267 0.791204317472875 0.546820668037981 10.5577251836658 0.435479704290628 2.61029435135424 1.08897203020751 3.94752741232514 10.5164321064949 1.06170012615621 0.568723042495549 0.56443458609283 2.00345753133297 26.1767299175262 23.1574539244175 0.53224260173738 0.793709048070014 0.792638367041945 5.86788539588451 0.463434961624444 2.0150459036231 0.905576843768358 1.32434401661158 19.6930404901505 1.06132838688791 1093.3755569458 1.01311644539237 1.01858344487846 1.5398188047111
-9999 0.569368400610983 2.02072963863611 0.503163739107549 0.128974844701588 0.41830572206527 51.9285425543785 52.8062552809715 0.382353177992627 0.24227863131091 2.64669569954276 0.70758508797735 4.65030482411385 33.1399320960045 28.9570691883564 1.24782289378345 2.25383316539228 0.97245607804507 3.10737202689052 6.65711225569248 1.83688453771174 0.953880472108722 1.05780850723386 3.08662758395076 0.595133340917528 4.07241453975439 0.319503617472947 0.252910948358476 0.792357625439763 0.802837578579783 2.49595646560192 22.6388881802559 2.27347063273191 0.516524219885468 5.39947336912155 0.575467803515494 1.42987643554807 0.737487258389592 1.0572041682899 17.4590509235859 0.575980757363141 1092.74991607666 0.900972235947847 1.00837155245245 0.510647661052644
-9999 0.50208496581763 0.847132632508874 47.0131419599056 47.3444062769413 50.9096475243568 0.516387015581131 0.910342322662473 0.990719532594085 2.28814939036965 0.754721403121948 2.56821423396468 1.02331924065948 3.28580923378468 0.837057026103139 25.9779647886753 14.77722838521 0.901966468431056 1.21654073894024 1.03385748900473 4.10668260976672 1.02072592265904 0.966405837796628 2.36067089997232 0.647923204582185 3.50924756377935 2.92175279930234 1.65515146777034 0.272795422933996 0.285523888655007 1.26900892332196 0.726521901786327 19.0529751777649 0.487818202003837 0.566827767528594 4.34767760336399 0.565237833186984 0.500806575641036 8.20190066099167 8.73355884850025 0.516732295043766 0.575950724072754 1093.69777679443 7.98594611883163 0.835953710600734
