Archive - glowpa-model-master/Model input/Uganda/discharge/discharge_dec_1.asc
NCOLS 67 
NROWS 67 
XLLCORNER 29.5000000014144 
YLLCORNER -1.49999999936061 
CELLSIZE 0.0833333332926796 
NODATA_value -9999 
[rows 20 to 39 of 67, columns 0 to 44 of 67]
-9999 -9999 -9999 -9999 -9999 -9999 -9999 -9999 -9999 -9999 -9999 -9999 -9999 -9999 -9999 1.64538948982954 0.633952636271715 0.723379855975509 1.09308338724077 0.431701049208641 0.253244368126616 0.529153752606362 1.4326736908406 2.7895604679361 4.03107965365052 3.01932572200894 0.447670150082558 0.855675786733627 1318.01670646667 7.03241653740406 0.437163839116693 0.462256540544331 0.846381632611156 0.851955695077777 15.6300485730171 14.9181700050831 2.68864572420716 0.895846605300903 0.473379395902157 0.715301276184618 0.830204216763377 0.81390174664557 1.18797336891294 1.4262137748301 17.378352701664
-9999 -9999 -9999 -9999 -9999 -9999 -9999 -9999 -9999 -9999 -9999 -9999 -9999 -9999 -9999 0.53317495342344 0.602032360620797 0.561045828275383 0.37756311846897 0.517790748737752 0.872706157155335 0.33645648881793 1.95245897583663 0.511270785704255 1328.67199325562 1326.64921951294 1324.72928237915 1319.75037002563 0.589535110630095 1309.5998134613 1308.39147186279 0.582729524001479 1.53523706272244 0.756406569853425 17.7017626166344 0.432751776650548 0.884593170136213 7.81372238695621 5.24984962493181 3.94781532883644 2.39376107230783 0.496975399553776 0.450264140963554 0.692043371498585 0.652761778794229
-9999 -9999 -9999 -9999 -9999 -9999 -9999 -9999 -9999 -9999 -9999 -9999 -9999 -9999 -9999 -9999 0.556066271848977 1.05756519548595 0.739903093315661 0.347285523544997 1438.03279685974 1438.03279685974 1438.03279685974 1331.02939414978 0.68274246994406 0.732863430865109 0.646370660979301 2.73874985799193 2.14105700328946 1.52756037935615 1.01105474308133 1305.2604598999 1303.63481140137 1299.61833572388 0.709181725047529 0.867215340957046 10.3492440730333 0.901712855324149 1.71270072087646 0.84375430457294 0.664105455391109 0.474290675483644 0.415232895873487 0.389910559169948 0.596731450408697
-9999 -9999 -9999 -9999 -9999 -9999 -9999 -9999 -9999 -9999 -9999 -9999 -9999 -9999 -9999 -9999 -9999 0.614115169271827 1438.03279685974 1438.03279685974 1438.03279685974 1438.03279685974 1438.03279685974 1.85852196533233 1.37934440653771 2.9135363176465 1.39247671328485 2.30445720627904 0.638322833459824 0.785558462142944 0.598091713152826 0.60344010591507 2.43826846033335 1278.90696334839 0.683374790474772 1.65516250580549 13.3996116220951 1.57437412440777 0.798045309260488 0.785924402996898 0.462994322180748 0.440629030577838 1.18310397304595 2.31581759825349 0.648767950944602
-9999 -9999 -9999 -9999 -9999 -9999 -9999 -9999 -9999 -9999 -9999 -9999 -9999 -9999 -9999 0.425255285110325 0.325659058056772 1438.03279685974 1438.03279685974 1438.03279685974 1438.03279685974 1438.03279685974 1438.03279685974 1438.03279685974 14.2483373731375 9.03399708122015 7.66307983547449 1.29951289948076 1.04689552262425 0.371738878078759 0.581259720027447 0.599529417231679 0.608112246729434 3.10685867071152 1276.11066246033 13.8033277392387 0.719362499192357 0.634917359799147 0.713521149009466 2.93194479867816 1.34352517127991 0.430089727044106 5.64414759725332 2.80100563913584 0.456039232201874
-9999 -9999 -9999 -9999 -9999 -9999 -9999 -9999 -9999 -9999 -9999 -9999 -9999 -9999 -9999 0.690195069648325 1438.03279685974 1438.03279685974 1438.03279685974 1438.03279685974 1438.03279685974 1438.03279685974 1438.03279685974 1438.03279685974 1.57317339815199 0.830670536961406 0.638150494080037 3.30142484232783 0.677413827739656 1.1486178394407 0.580463874153793 0.589378755539656 0.607944905757904 1255.84069633484 8.79199661314487 7.0883277207613 6.36136392503977 5.11838942021132 3.77878867834806 0.909771095961332 0.917602026835084 0.447496187873185 7.67589291930199 1.22456404939294 0.440465480089188
-9999 -9999 -9999 -9999 -9999 -9999 -9999 -9999 -9999 -9999 -9999 -9999 -9999 -9999 -9999 1438.03279685974 1438.03279685974 1438.03279685974 1438.03279685974 1438.03279685974 1438.03279685974 1438.03279685974 1438.03279685974 1.05181891424581 4.75433608144522 0.659676470793784 0.724468102678657 2.63536805659533 0.547591347247362 2.81191784143448 1.09600825048983 1.156518753618 0.599821079522371 1241.48732757568 1244.70617866516 1.39111261814833 0.717134186066687 0.576822865754366 0.586586633697152 1.66982267424464 1.36145136505365 10.6554010957479 0.437047623097897 2.02137931808829 1.16157215088606
-9999 -9999 -9999 -9999 -9999 -9999 -9999 -9999 -9999 -9999 -9999 -9999 -9999 -9999 -9999 1438.03279685974 1438.03279685974 1438.03279685974 1438.03279685974 1438.03279685974 1438.03279685974 1438.03279685974 1438.03279685974 0.401378767797723 2.78892989084125 0.779458469711244 0.646375668235123 0.60401158593595 0.594817038625479 0.565550232306123 4.5093015357852 1240.4788608551 1240.4788608551 1240.4788608551 0.542075510136783 0.567948608659208 0.699791043996811 2.00064356252551 3.21732391417027 20.0387164950371 17.5584613978863 5.52095773816109 0.474025695584714 2.55823880434036 1082.91404533386
-9999 -9999 -9999 -9999 -9999 -9999 -9999 -9999 -9999 -9999 -9999 -9999 -9999 -9999 1438.03279685974 1438.03279685974 1438.03279685974 1438.03279685974 1438.03279685974 1438.03279685974 1438.03279685974 1438.03279685974 3.02788109704852 1.9206408970058 2.40248719602823 1.84898052737117 0.606861401349306 2.4801521115005 0.579166749492288 0.483676220756024 1.02062698081136 1240.4788608551 1240.4788608551 1240.4788608551 29.718524992466 0.943161175586283 0.493860064074397 0.591339795384556 24.4923374056816 0.579599503427744 0.681026447564363 4.34332302212715 3.54523255676031 0.469520920887589 1082.91404533386
-9999 -9999 -9999 -9999 -9999 -9999 -9999 -9999 -9999 -9999 -9999 1438.03279685974 1438.03279685974 1438.03279685974 1438.03279685974 1438.03279685974 1438.03279685974 1438.03279685974 1438.03279685974 1438.03279685974 1438.03279685974 0.678611687384546 0.708686725236475 0.580737051088363 0.665250539779663 1.25727234594524 0.623365822248161 3.05959858745337 0.524308768101037 0.334904594579712 1.18933398090303 1240.4788608551 1240.4788608551 1240.4788608551 1082.91404533386 27.5996479988098 26.3783987164497 25.7701163291931 1082.91404533386 1082.91404533386 1082.91404533386 1082.91404533386 1082.91404533386 1082.91404533386 1082.91404533386
-9999 -9999 -9999 -9999 -9999 -9999 -9999 -9999 -9999 -9999 1.06697315536439 1438.03279685974 1438.03279685974 1438.03279685974 1438.03279685974 1438.03279685974 1438.03279685974 1438.03279685974 1438.03279685974 1438.03279685974 0.990559763275087 0.496188137214631 0.538622739724815 1.12897750549018 0.643612992018461 0.566730341874063 1.38891608268023 5.07552865892649 1.07047922164202 0.204795115627348 112.560359358788 1.75291309691966 0.624429494142532 2.20232093706727 1082.91404533386 1082.91404533386 1082.91404533386 1082.91404533386 1082.91404533386 1082.91404533386 1082.91404533386 1082.91404533386 1082.91404533386 1082.91404533386 1082.91404533386
-9999 -9999 -9999 -9999 -9999 -9999 -9999 -9999 -9999 -9999 1438.03279685974 1438.03279685974 1438.03279685974 1438.03279685974 1438.03279685974 1438.03279685974 1438.03279685974 1438.03279685974 0.522444995120168 4.51986832916737 0.578135762829334 0.572655599564314 0.722272449173033 0.661308077163994 3.23503004387021 1.37643120996654 6.46329713612795 5.6978952512145 87.4778008460999 111.373459815979 21.9049100577831 0.724660004489124 0.728063179180026 0.683929546736181 1.83468157798052 1.09111394919455 1082.91404533386 1082.91404533386 1082.91404533386 1082.91404533386 1082.91404533386 1082.91404533386 1082.91404533386 1082.91404533386 1082.91404533386
-9999 -9999 -9999 -9999 -9999 -9999 -9999 -9999 -9999 0.914439739659429 1438.03279685974 1438.03279685974 1438.03279685974 1438.03279685974 1438.03279685974 1438.03279685974 1438.03279685974 2.11488939076662 0.572366878390312 3.95032635703683 2.44007638655603 1.29928692895919 0.615390754304826 0.661833429709077 32.7813981175423 35.5075088143349 7.187459371984 85.4508751630783 0.479119952302426 0.446096132043749 0.564973736181855 20.135209441185 0.801187398843467 0.840092376805842 0.756744645535946 0.694881615228951 1082.91404533386 1082.91404533386 1082.91404533386 0.515690242871642 1082.91404533386 1082.91404533386 1082.91404533386 1082.91404533386 1082.91404533386
-9999 -9999 -9999 -9999 -9999 -9999 -9999 -9999 -9999 0.833668181672692 1438.03279685974 1438.03279685974 1438.03279685974 1438.03279685974 1438.03279685974 1438.03279685974 0.70497646741569 1.22126474790275 0.415551067329943 0.412710497155786 0.466976222582161 0.415599867934361 24.6687198877335 28.6957924365997 2.17634419724345 0.50618083588779 45.0844433903694 0.447675578761846 38.6381797790527 5.93754379451275 0.782195905223489 0.530687777325511 19.6213166117668 1.61771075055003 0.837876029312611 0.673757748678327 5.66495878994465 0.677474422380328 0.455675954930484 27.1669557392597 1082.91404533386 1082.91404533386 0.00145620682292402 1082.91404533386 1082.91404533386
-9999 -9999 -9999 -9999 -9999 -9999 1.25528590381145 2.0678535439074 0.958825636655092 0.402902375906706 92.5802857875824 1438.03279685974 1438.03279685974 1438.03279685974 1438.03279685974 0.768166908994317 0.739025348797441 0.523275265470147 0.525879861786962 0.409048467176035 5.02186075598001 21.3415606617928 0.87577086314559 0.575691999401897 0.541646550409496 1.37440088111907 1.59430105239153 0.735724255442619 30.8473256230354 0.728219762444496 4.69127909839153 0.688114687800407 2.07525023445487 14.0706694722176 0.657241543754935 0.736094754189253 1.35088219121099 2.95078924298286 0.697083704173565 27.1669557392597 0.83661974593997 967.420663833618 6.45821262896061 0.810360599309206 1082.91404533386
-9999 -9999 -9999 -9999 -9999 -9999 2.3214896582067 2.98306073248386 0.446102134883404 92.3757005929947 0.367464073468 1438.03279685974 1438.03279685974 1438.03279685974 1438.03279685974 16.6894598156214 14.5038682967424 13.0061953663826 10.4341742694378 9.2639434337616 3.43530755117536 0.508656241931021 15.6110686808825 13.0354866087437 0.471698653884232 0.522158189211041 0.78007461456582 2.53586819767952 27.4480612277985 0.364290470723063 3.56326408311725 0.687999702058733 1.3165818657726 0.644650244154036 11.8244166523218 0.712229670025408 0.701680910773575 2.2693362981081 0.835127171128988 25.213562220335 0.942882589995861 959.195920944214 1.68433682993054 5.02535998821259 0.706944588571787
-9999 -9999 -9999 -9999 -9999 0.565112124197185 0.847028521820903 2.74330653250217 91.8653928041458 0.181272657588124 0.137299500638619 1438.03279685974 1438.03279685974 1438.03279685974 0.654868488200009 2.84556295722723 0.472626421134919 1.15248189866543 0.967286631464958 8.55262604355812 0.369726413860917 2.67184399440885 1.62291256338358 11.6372132301331 0.74201819114387 0.516539570875466 0.493838279508054 1.32822214625776 2.14414042234421 24.9763675630093 0.798329235985875 1.85127252340317 0.672948645427823 0.680763620883226 6.73526258021593 3.86438635736704 0.688239736482501 0.811852220445871 1.66592438519001 23.7422095537186 0.931628232821822 959.563591003418 0.844801049679518 3.49651451408863 0.683785032480955
-9999 -9999 0.215661511290818 0.855956157669425 0.453916303813457 0.283671372104436 0.259203262627125 1.32995245233178 85.8314151763916 0.120925460825674 2.22299675270915 2.36723890528083 34.2794346809387 0.614029093645513 0.760655598714948 1.60785622522235 0.779969468712807 0.620576017536223 0.475090479012579 8.06649428606033 0.414285350590944 2.02190759964287 0.726973853074014 3.35383027791977 9.94443286955357 1.07282062992454 0.569403793662786 0.525920169427991 1.84160114452243 24.4604565799236 21.602668941021 0.467637153342366 0.703824186697602 0.745157091878355 5.5953961238265 0.453983407467604 1.96866999566555 0.77520657889545 1.07086752168834 19.4964562058449 0.937957342714071 958.472751617432 0.798580018803477 0.775532795116305 1.25020400248468
-9999 0.626126062124968 2.14870897307992 0.530033020302653 0.135606947122142 0.434176462702453 83.2475941181183 84.0487366914749 0.173736034659669 0.116274331929162 2.07105810567737 0.597465090453625 4.06395959109068 29.0223627686501 24.6571410000324 0.83297998458147 1.42604141309857 0.624771012924612 2.17641706764698 4.96888267248869 1.35406817309558 0.692579224705696 0.739806742407382 2.58702610060573 0.493571157567203 4.10551119595766 0.330735811498016 0.262500774580985 0.770655600354075 0.723736750893295 2.29187424480915 21.128913462162 2.19617909565568 0.501662074588239 5.10682610422373 0.553161028772593 1.43216965720057 0.672817965969443 0.941843675449491 17.4181441664696 0.552190924063325 956.810977935791 0.733431788161397 0.703437708318233 0.377744786441326
-9999 0.530016651377082 0.920702829957008 78.9128601551056 79.3072598576546 82.1937990188599 0.469680280424654 0.772678181529045 0.7622245028615 1.82378148660064 0.609322506934404 2.41548532247543 0.963841022923589 3.24561447650194 0.769868288189173 22.0152778327465 12.4950333684683 0.619060930795968 0.787421396002173 0.731931095942855 3.00832311809063 0.722536508925259 0.737422452308238 2.03012140467763 0.533436272758991 3.48120861127973 2.82128160819411 1.72568324953318 0.28144429018721 0.281364569440484 1.21038800291717 0.656970717012882 17.6761060655117 0.489402387291193 0.551170655526221 4.04957456514239 0.567023524083197 0.500540429726243 8.06341962516308 8.8206270635128 0.5215979302302 0.565907963551581 956.338108062744 6.79947344958782 0.66516175866127
