Archive - glowpa-model-master/Model input/Uganda/discharge/discharge_dec_1.asc
NCOLS 67 
NROWS 67 
XLLCORNER 29.5000000014144 
YLLCORNER -1.49999999936061 
CELLSIZE 0.0833333332926796 
NODATA_value -9999 
[rows 40 to 59 of 67, columns 0 to 44 of 67]
0.35216986015439 0.2303826212883 75.6171682476997 76.6012025475502 0.109844479011372 2.82765900343657 0.27069965749979 0.475305765867233 0.581392203457654 0.53758901078254 0.447475184686482 0.863548075780272 0.77708669565618 2.54296689853072 0.823381053283811 7.07008504867554 4.17418862134218 6.8289731964469 0.85701175685972 0.818869920447469 0.758822962641716 1.5319000352174 0.764922269620001 0.662451211945154 0.571964508504607 0.492113222833723 0.775759686715901 1.20032935775816 0.558072108775377 0.250750361941755 0.742763613350689 0.432543213479221 15.6352276802063 1.5573309622705 0.766496622003615 2.91038320586085 0.534448743797839 0.535136505030096 0.537614370230585 6.05990988016129 7.79955185204744 0.562490080483258 948.965715408325 1.60013834387064 3.4701509475708
0.420974805951118 0.890312666073442 73.8037279844284 1.85482874140143 1.71591893211007 2.06206607818604 0.597527864389122 0.517162892967463 0.77604972012341 2.58498694747686 3.50990341603756 0.608701754361391 0.832407869398594 0.918913632631302 1.6109712831676 3.80894391983747 0.732324811629951 3.31454312428832 6.05694083124399 4.34033444523811 2.21764659136534 1.68067912198603 0.781529734842479 1.51961099356413 1.05519195320085 0.73905614670366 0.230151942931116 0.4221061328426 0.37377268448472 0.420679769013077 0.676900865510106 2.14592118933797 13.1039098799229 0.510779808275402 0.545490045100451 0.561494959983975 1.02082558348775 0.516972660087049 4.44655074179173 1.04353810660541 6.72207607328892 2.21188998781145 949.101202011108 0.831892339512706 2.73445937037468
0.145934163359925 0.274272395297885 71.2793442606926 0.234578302595764 1.490627290681 1.3449071906507 0.438259589485824 1.13478301092982 1.84173598885536 0.601710263639688 0.723654862493277 4.75340600311756 1.30860920995474 0.64720693975687 0.73052004352212 0.65075052715838 1.6160257793963 1.08724302239716 1.4630953874439 0.68584255874157 0.595885775983334 0.968155062757432 1.05478974245489 2.3304345747456 0.433278874785174 3.47653570957482 0.688610892742872 1.06209785677493 0.421712365467101 0.514077685947996 1.11485102772713 0.520292250439525 12.0288117080927 5.22261958569288 1.63347486034036 0.528780836611986 0.48946376144886 0.486985494382679 3.46099017560482 0.511962790507823 3.99176950752735 1.65778796188533 949.171199798584 949.026239395142 0.624294672161341
67.4041462540627 71.1009932756424 0.329960566945374 0.727499317377806 0.866785798221827 0.679524331353605 0.427752249874175 1.06893287785351 2.41281313449144 0.868934269994497 1.34020115435123 5.38747718930244 7.26405507326126 0.50227803690359 0.484723173081875 0.567888388526626 0.531122957356274 0.418418047949672 0.494778292253613 0.598135421634652 0.472846216638573 1.49497662205249 4.43926472775638 0.432405682688113 0.53945847961586 4.08880394883454 0.459818323375657 0.450295751274098 2.64438720606267 8.80053300410509 0.775283217430115 0.35806853370741 6.23893815279007 0.566773913800716 2.47616774216294 1.88557452335954 0.552504736930132 1.96183975040913 0.522738688625395 0.548832214437425 3.48267424106598 1.18158087693155 0.218187731457874 948.973743438721 0.762592753395438
67.1621908545494 3.07543788850307 2.74837134033442 1.69365819916129 1.23541547451168 0.635755004361272 0.284432211890817 0.717684592120349 1.36111513711512 3.61658734828234 2.85951489210129 0.564817149192095 9.21376785635948 1.47560560517013 1.35960548371077 0.682088170899078 0.521827972261235 0.837772189639509 1.33583381678909 1.4436776265502 0.9298227049876 6.44628853723407 0.687419576570392 1.68892209557816 5.9696254208684 1.16582024469972 0.671093943994492 17.1526338011026 3.7856400180608 8.80053300410509 0.519302691332996 0.443959604948759 1.30821975134313 3.95357312262058 2.69380937516689 0.590575401671231 0.77155646122992 1.4031301997602 0.648094227537513 0.967270204797387 2.39025942236185 0.732744086533785 948.205806732178 948.205806732178 948.205806732178
66.3821711540222 1.2376382984221 0.992469467222691 0.765591764822602 2.05845948774368 0.588745081797242 1.16368890181184 1.72487636469305 0.900403641164303 5.16660846024752 3.36704078316689 0.442246548365802 9.71385346353054 0.754655629163608 2.7918794080615 0.585768262622878 2.55503020156175 0.587915574316867 0.634574740077369 3.5069745015353 1.97822731081396 7.95219552144408 11.174669764936 8.20264097675681 0.872537373797968 0.668132286984473 0.832290547725279 17.1526338011026 8.80053300410509 8.80053300410509 1.41182752326131 0.473737151362002 0.678838999010623 0.635586288757622 0.422811977565289 1.49545191600919 0.876612078398466 948.205806732178 948.205806732178 0.34973728377372 0.736502285115421 0.360820156987756 948.205806732178 948.205806732178 948.205806732178
3.25228754431009 64.7305806577206 0.520920870825648 0.69181542750448 2.75183605961502 0.481203475035727 1.59479856863618 1.76742074452341 52.8480682969093 10.678063750267 4.39653307944536 0.545792223419994 10.1979364305735 4.26939628273249 4.95343982242048 6.23088609613478 14.1650036126375 15.3129201084375 24.6221395432949 32.3108516335487 34.0189006626606 65.0418537557125 68.1777690649033 1.05112541397102 1.05391988251358 1.1284356652759 18.6943882703781 0.679388447897509 0.567554121371359 0.940070046111941 0.45621588639915 0.465730278752744 0.468837657012045 0.948090612888336 948.205806732178 948.205806732178 948.205806732178 948.205806732178 948.205806732178 948.205806732178 948.205806732178 948.205806732178 948.205806732178 948.205806732178 948.205806732178
0.310656876768917 60.7501847743988 1.31940873712301 0.746167495846748 0.775386463850737 4.31126903742552 52.8480682969093 52.8480682969093 52.8480682969093 52.8480682969093 30.3937127590179 29.8753063082695 17.2672756314278 16.8011343181133 0.445485830307007 0.402833441738039 4.37288954108953 1.04983523488045 7.89574323967099 1.24431919679046 8.50757776945829 0.971287931315601 2.1025696657598 75.7462958097458 2.11913880053908 19.8168134316802 0.733840272005182 0.721999182715081 0.658897370332852 0.475747514516115 0.429116141051054 0.9273154232651 948.205806732178 948.205806732178 948.205806732178 948.205806732178 948.205806732178 948.205806732178 948.205806732178 948.205806732178 948.205806732178 948.205806732178 948.205806732178 948.205806732178 948.205806732178
0.851569056510925 60.518806129694 59.384345293045 59.384345293045 4.93939715623856 0.339991504326463 52.8480682969093 52.8480682969093 52.8480682969093 52.8480682969093 0.464480304159224 1.91715583018959 0.483366900589317 4.48390476405621 11.4043292850256 3.67975756525993 1.82443805970252 0.472766950726509 7.39461358264089 0.600650303764269 6.21104266494513 1.60855439584702 0.964160459814593 0.841550885117613 100.672304213047 118.691222310066 121.365705370903 124.710336208344 128.824105620384 0.955332526937127 948.205806732178 948.205806732178 948.205806732178 948.205806732178 948.205806732178 948.205806732178 948.205806732178 948.205806732178 948.205806732178 948.205806732178 948.205806732178 948.205806732178 948.205806732178 948.205806732178 948.205806732178
59.384345293045 59.384345293045 59.384345293045 59.384345293045 59.384345293045 0.109235082985833 0.179032515035942 0.295329329557717 52.8480682969093 52.8480682969093 0.962879369966686 0.414731743047014 2.97799558192492 0.530018370132893 7.24691703170538 2.84656982496381 0.429470751434565 1.22707910463214 6.68077515438199 5.69390847347677 0.699784968281165 4.90507888048887 0.838869239669293 0.983753096312284 11.2449969612062 0.733117389492691 3.88031636178493 0.665040610358119 948.205806732178 948.205806732178 948.205806732178 948.205806732178 948.205806732178 948.205806732178 948.205806732178 948.205806732178 948.205806732178 948.205806732178 948.205806732178 948.205806732178 948.205806732178 948.205806732178 948.205806732178 948.205806732178 948.205806732178
59.384345293045 59.384345293045 59.384345293045 59.384345293045 59.384345293045 0.114582416019402 58.9979654550552 53.4846403598785 52.8480682969093 0.315091825090349 0.483520344365388 0.404967127833515 2.48724095523357 0.521349071990699 6.77714354544878 2.07771427184343 0.396463899873197 0.723271699622273 0.463012903812341 4.9475808814168 0.736155090271495 4.15453117806464 0.755107444303576 0.899075441295281 9.45643000677228 0.426087616942823 3.6516357883811 0.379847462289035 948.205806732178 948.205806732178 948.205806732178 948.205806732178 948.205806732178 948.205806732178 948.205806732178 948.205806732178 948.205806732178 948.205806732178 948.205806732178 948.205806732178 948.205806732178 948.205806732178 948.205806732178 948.205806732178 948.205806732178
59.384345293045 59.384345293045 59.384345293045 59.384345293045 59.384345293045 59.4285935163498 0.212107045692392 4.81938625127077 0.304684572620317 1.37521860096604 0.348607229418121 1.00759319961071 0.637452087365091 0.589162938296795 5.28891401737928 0.269407961051911 1.43655057810247 0.372729439288378 1.03678407985717 2.41120249405503 0.807416615192778 1.66214143717661 0.896740031428635 0.967660009395331 8.62422376871109 0.336999441497028 2.10886619985104 0.407202683389187 948.205806732178 948.205806732178 948.205806732178 948.205806732178 948.205806732178 948.205806732178 948.205806732178 948.205806732178 948.205806732178 948.205806732178 948.205806732178 948.205806732178 948.205806732178 948.205806732178 948.205806732178 948.205806732178 948.205806732178
59.384345293045 59.384345293045 59.384345293045 59.384345293045 59.384345293045 0.31072406237945 0.0950994543964043 4.07252613455057 0.630891186185181 0.197435917652911 0.584986533038318 0.170152442122344 0.62827898748219 1.58776825480163 1.81156724691391 1.24751575104892 0.409923332277685 0.344806074164808 0.510620468296111 0.818908107001334 0.886102641816251 0.856210249476135 0.809139438439161 2.98332982510328 6.0003799777478 0.99614570569247 0.887511862441897 0.410643248818815 0.669081348925829 0.978491336107254 948.205806732178 948.205806732178 948.205806732178 948.205806732178 948.205806732178 948.205806732178 948.205806732178 948.205806732178 948.205806732178 948.205806732178 948.205806732178 948.205806732178 948.205806732178 948.205806732178 948.205806732178
59.384345293045 59.384345293045 59.384345293045 59.384345293045 59.384345293045 0.0556458770879544 0.242696938104928 3.76444923877716 3.14813857898116 0.667410254478455 0.968690095469356 0.830172619316727 0.538525952026248 1.01137949340045 0.406185207888484 0.3977733659558 0.390705953817815 0.53292689146474 0.632976302411407 0.715597145725042 1.48835847899318 0.598912116140127 0.8244016347453 0.669207750703208 2.34675197070464 0.507969347760081 0.417143843136728 0.513952009379864 1.6097345687449 3.47710084915161 948.205806732178 948.205806732178 948.205806732178 948.205806732178 948.205806732178 948.205806732178 948.205806732178 948.205806732178 948.205806732178 948.205806732178 948.205806732178 948.205806732178 948.205806732178 948.205806732178 948.205806732178
59.384345293045 59.384345293045 59.384345293045 59.384345293045 0.0812400236027315 0.654854782857001 0.465090493671596 1.29524876177311 0.543844663538039 0.879651446826756 1.8712960248813 1.51420159172267 0.589695883914828 0.47384325787425 0.564951664302498 1.08420528657734 0.494404110126197 1.02535807900131 1.29954071901739 7.63178691267967 2.50610014423728 1.30474114976823 0.805498350411654 0.828928771894425 0.862223849166185 0.30908393766731 0.188656361540779 948.205806732178 948.205806732178 948.205806732178 948.205806732178 948.205806732178 948.205806732178 948.205806732178 948.205806732178 948.205806732178 948.205806732178 948.205806732178 948.205806732178 948.205806732178 948.205806732178 948.205806732178 948.205806732178 948.205806732178 948.205806732178
59.384345293045 59.384345293045 11.7097372412682 0.188962362706661 2.96570478007197 0.363678396679461 0.626284392550588 0.629261277616024 0.640876743011177 3.71028067544103 0.705285345204175 2.24669748358428 1.30556497350335 0.559367306996137 0.502373587805778 0.600225710775703 2.04915429279208 2.87244603037834 0.51405975734815 7.63178691267967 0.446422703098506 0.876941417343915 0.471413024119101 0.445985387079418 0.407187175005674 0.150565165211447 0.622380395419896 948.205806732178 948.205806732178 948.205806732178 948.205806732178 948.205806732178 948.205806732178 948.205806732178 948.205806732178 948.205806732178 948.205806732178 948.205806732178 948.205806732178 948.205806732178 948.205806732178 948.205806732178 948.205806732178 948.205806732178 948.205806732178
59.384345293045 59.384345293045 11.5565533190966 10.4526489824057 0.303158788941801 2.40968228504062 0.632858630269766 0.536536578088999 1.13515747152269 4.50374950841069 0.658826220780611 13.2451194673777 16.2864194214344 17.4962266236544 18.5471840053797 19.9991080164909 30.3738556802273 5.49548916518688 42.833903491497 42.833903491497 45.3935182094574 1.4290286982432 47.9739997982979 0.69469503313303 0.285161559004337 0.705528082791716 948.205806732178 948.205806732178 948.205806732178 948.205806732178 948.205806732178 948.205806732178 948.205806732178 948.205806732178 948.205806732178 948.205806732178 948.205806732178 948.205806732178 948.205806732178 948.205806732178 948.205806732178 948.205806732178 948.205806732178 948.205806732178 948.205806732178
0.218115628696978 4.60685461014509 0.717269906774163 10.1328212171793 0.386321885045618 0.559353176504374 0.515579430386424 2.63405439257622 0.465472721494734 5.27413726598024 8.99989475309849 0.571149835828692 0.483911484479904 0.544743460137397 1.42198508605361 1.99939977191389 30.3738556802273 30.3738556802273 42.833903491497 42.833903491497 45.3935182094574 47.9739997982979 47.9739997982979 0.48841479793191 1.99168404750526 0.414743554778397 948.205806732178 948.205806732178 948.205806732178 948.205806732178 948.205806732178 948.205806732178 948.205806732178 948.205806732178 948.205806732178 948.205806732178 948.205806732178 948.205806732178 948.205806732178 948.205806732178 948.205806732178 948.205806732178 948.205806732178 948.205806732178 948.205806732178
0.186243290547282 4.14993527159095 0.467154271085747 9.72343774139881 0.354018417187035 0.481948841363192 3.94082003831863 3.06033120304346 0.642568949609995 7.78375492244959 1.16577111743391 0.539807112887502 0.420084891840816 0.445756753440946 0.427360721863806 0.572933726012707 30.3738556802273 30.3738556802273 0.372269038576633 0.364886289462447 1.60817692801356 0.371229187119752 48.7138403654099 0.130448378855363 2.70339599624276 3.02376894652843 948.205806732178 948.205806732178 948.205806732178 948.205806732178 948.205806732178 948.205806732178 948.205806732178 948.205806732178 948.205806732178 948.205806732178 948.205806732178 948.205806732178 948.205806732178 948.205806732178 948.205806732178 948.205806732178 948.205806732178 948.205806732178 948.205806732178
0.186938471859321 3.98242705315351 0.303341858671047 0.361441825167276 9.05484789609909 4.86375407129526 4.55965296179056 0.635541054420173 0.525471653789282 0.639509217813611 0.694874834269285 0.435014888877049 0.975928925909102 0.412240314763039 0.431399474386126 0.972396976314485 0.852117139846087 0.412080870941281 0.478637724649161 0.675325597636402 1.24918131716549 0.503798499703407 0.307403346523643 49.3064093589783 55.9193642735481 56.6674274206161 948.205806732178 948.205806732178 948.205806732178 948.205806732178 948.205806732178 948.205806732178 948.205806732178 948.205806732178 948.205806732178 948.205806732178 948.205806732178 948.205806732178 948.205806732178 948.205806732178 948.205806732178 948.205806732178 948.205806732178 948.205806732178 948.205806732178
