Archive - glowpa-model-master/Model input/Uganda/discharge/discharge_may_1.asc
NCOLS 67 
NROWS 67 
XLLCORNER 29.5000000014144 
YLLCORNER -1.49999999936061 
CELLSIZE 0.0833333332926796 
NODATA_value -9999 
[rows 0 to 19 of 67, columns 0 to 44 of 67]
-9999.000000000000000 -9999 -9999 -9999 -9999 -9999 -9999 -9999 -9999 -9999 -9999 -9999 -9999 -9999 -9999 -9999 -9999 -9999 -9999 -9999 -9999 -9999 -9999 -9999 -9999 -9999 -9999 -9999 -9999 -9999 -9999 0.407892637886107 0.399429007433355 -9999 -9999 -9999 -9999 -9999 -9999 -9999 -9999 -9999 -9999 -9999 -9999
-9999 -9999 -9999 -9999 -9999 -9999 -9999 -9999 -9999 -9999 -9999 -9999 -9999 -9999 -9999 -9999 -9999 -9999 -9999 -9999 -9999 -9999 -9999 -9999 -9999 -9999 -9999 -9999 -9999 0.430667064152658 0.747574640437961 0.353417534846812 1.09011599235237 0.327811291441321 0.352159582544118 0.310678709298372 0.524862810969353 0.466825774870813 0.309771344531327 0.380751165561378 -9999 -9999 -9999 -9999 -9999
-9999 -9999 -9999 -9999 -9999 -9999 -9999 -9999 -9999 -9999 -9999 -9999 -9999 -9999 -9999 -9999 -9999 -9999 -9999 -9999 -9999 -9999 -9999 -9999 -9999 -9999 -9999 -9999 -9999 1.76706767827272 0.295939840376377 1.35203599371016 9.36525413393974 8.46476478874683 0.288397205527872 6.5873017385602 5.63409395515919 4.28473839908838 2.11340022087097 1.18476786091924 0.326558530330658 0.510439715348184 0.537452317774296 -9999 -9999
-9999 -9999 -9999 -9999 -9999 -9999 -9999 -9999 -9999 -9999 -9999 -9999 -9999 -9999 -9999 -9999 -9999 -9999 -9999 -9999 -9999 -9999 -9999 -9999 -9999 0.404657437000424 -9999 -9999 -9999 2.02011730521917 0.248604920692742 11.2506218552589 0.293390055187047 0.297171159647405 7.91438117623329 0.700659058988094 0.395816132891923 0.425657816231251 1.18693261779845 0.597101769410074 0.484418319538236 0.587067063897848 1.38207839429379 -9999 -9999
-9999 -9999 -9999 -9999 -9999 -9999 -9999 -9999 -9999 -9999 -9999 -9999 -9999 -9999 -9999 -9999 -9999 -9999 -9999 -9999 -9999 -9999 0.377986964304 -9999 -9999 0.758186962455511 -9999 -9999 -9999 1493.29770278931 154.778340578079 141.230853319168 1.59330792352557 1.11319020390511 0.555350061506033 0.328912414610386 0.443060955964029 1.30213687568903 0.846066977828741 0.417336072772741 1.46306455135345 0.368496038019657 2.09990191459656 0.350285178050399 -9999
-9999 -9999 -9999 -9999 -9999 -9999 -9999 -9999 -9999 -9999 -9999 -9999 -9999 -9999 -9999 -9999 -9999 -9999 -9999 -9999 -9999 0.717909353785217 1.00277292355895 0.581005898769945 1.05357230454683 0.283226375002414 1311.97224617004 1311.97224617004 1340.9740524292 1340.9740524292 0.209719113772735 139.487891197205 13.0421456545591 11.85365216434 0.563713748939335 3.05365928635001 2.4962234608829 0.815337202511728 0.470130846370012 0.437251266557723 0.428171486128122 2.1815482378006 2.75013220310211 0.367359139490873 -9999
-9999 -9999 -9999 -9999 -9999 -9999 -9999 -9999 -9999 -9999 -9999 -9999 -9999 -9999 -9999 -9999 -9999 -9999 -9999 0.417746915947646 3.51192612946033 4.19319073483348 6.54302283376455 7.69704736769199 1.86423104815185 0.15316681843251 1311.97224617004 1311.97224617004 1340.9740524292 1340.9740524292 26.5313156843185 0.255635949783027 126.347594738007 0.930600219406188 11.3166567236185 5.61372001469135 4.97878739237785 2.62938711047173 0.484367846976966 0.912884743884206 1.33160402812064 3.15004421398044 6.30621523410082 0.290026107802987 -9999
-9999 -9999 -9999 -9999 -9999 -9999 -9999 -9999 -9999 -9999 -9999 -9999 -9999 -9999 -9999 -9999 -9999 1.07700435817242 1.52560724504292 2.35698241367936 0.420462469104677 0.689943714998662 0.60868699522689 7.8140993565321 0.0174486552514281 2.10136761702597 1312.41298103333 0.458593328483403 1.52029417268932 1.98566977679729 13.2305810153484 12.6457554996014 126.164337158203 0.318593267351389 0.617379965260625 1.48603207804263 1.5285137295723 0.782688504084945 0.436301521956921 0.453876545652747 2.17620822787285 0.369970839936286 7.3927766084671 0.33758063102141 0.309541177004576
-9999 -9999 -9999 -9999 -9999 -9999 -9999 -9999 -9999 -9999 -9999 -9999 -9999 -9999 -9999 -9999 -9999 1.06942733936012 0.51115080434829 0.445402078796178 0.4554487853311 1.21417992934585 1.3355413004756 10.2298300042748 10.6485479474068 1313.42383956909 0.462454479187727 0.529040463734418 1.05126412492245 1.53613460436463 12.7962229400873 12.1620225608349 0.610779657959938 125.680767774582 1.08639978803694 0.712889743037522 0.778945791535079 0.815513332374394 0.87772448733449 0.463774151168764 0.427283429540694 30.9423949718475 0.370060214307159 1.00907358340919 0.343008830212057
-9999 -9999 -9999 -9999 -9999 -9999 -9999 -9999 -9999 -9999 -9999 -9999 -9999 -9999 -9999 -9999 -9999 1.71126055344939 2.22114533558488 3.64093337580562 0.818124366924167 1.54440321587026 1.45377389900386 0.102332217376954 1305.41227149963 0.43951304955408 1.84970235079527 0.36443540500477 1.02437945548445 4.28068578243256 10.7451967000961 0.635840832255781 10.9936208277941 125.471101999283 124.077652931213 0.408526525832713 0.736454680562019 3.29101223126054 0.826604818925261 1.06735473312438 33.3099429607391 31.3600631356239 20.1253109574318 1.50745453685522 0.358763374388218
-9999 -9999 -9999 -9999 -9999 -9999 -9999 -9999 -9999 -9999 -9999 -9999 -9999 -9999 -9999 -9999 0.526061964221299 1.0935714142397 4.5700741559267 8.65362283587456 11.1547743082047 11.4357323795557 13.9368143975735 1.645168595016 1309.08428764343 4.39826445654035 0.669047235511243 0.665378192439675 1.39338342472911 2.32273392379284 5.19423059374094 0.696353424340487 9.71868796646595 0.778964950703084 0.433257476426661 123.360831260681 3.74863181263208 0.849086635746062 38.5963427424431 37.9637689590454 0.957911647856236 0.474784342572093 0.43764363694936 17.6605033874512 15.1724643409252
-9999 -9999 -9999 -9999 -9999 -9999 -9999 -9999 -9999 -9999 -9999 -9999 -9999 -9999 -9999 -9999 0.559459124691784 2.97383981198072 0.52261280734092 0.944599432870746 0.780235038138926 0.436051399447024 0.136472038390082 1305.5168170929 0.591944150393829 3.72707867622375 2.95344720780849 0.742695045657456 0.743708049878478 1.68715007789433 3.74794993922114 4.54822308570147 8.20763728022575 0.809749823063612 0.832263314165175 72.4473022222519 45.6156764626503 45.1402280330658 5.28876900672913 0.535221006721258 2.41395784541965 1.88405371457338 0.431769291870296 1.95938063040376 0.40935826767236
-9999 -9999 -9999 -9999 -9999 -9999 -9999 -9999 -9999 -9999 -9999 -9999 -9999 -9999 -9999 0.587022284977138 1.81078670360148 0.704149750992656 1.28796844929457 3.62156423181295 0.581027615815401 0.822526538278908 1295.83361625671 1295.83361625671 0.74856308940798 0.717900622170419 0.717014181893319 0.77337044570595 0.816484624519944 1.27567645721138 0.934053055010736 2.06048836559057 6.13459353148937 0.444851515349001 0.56276466883719 2.36553935706615 68.7933449745178 0.485611219890416 0.963786838576198 3.63923746347427 0.533979073166847 0.964387729763985 0.458996317349374 1.22151766903698 0.34563388582319
-9999 -9999 -9999 -9999 -9999 -9999 -9999 -9999 -9999 -9999 -9999 -9999 -9999 -9999 -9999 -9999 0.677498030476272 0.86082249507308 1.41733480431139 0.887159755453467 3.91526981443167 0.0632967014826136 1295.83361625671 1295.83361625671 1.46987928263843 0.775146122090518 1.7601220048964 0.893462630920112 0.900169377215207 0.455270134378225 0.512147348374128 1.21733700484037 5.71451016515493 1.87294001504779 0.569665674120188 0.661263960413635 68.3015502691269 0.523145156912506 0.566439082846045 3.10737624019384 0.932152826339006 0.513724197633564 0.473568786866963 0.860869405791163 0.353838394396007
-9999 -9999 -9999 -9999 -9999 -9999 -9999 -9999 -9999 -9999 -9999 -9999 -9999 -9999 -9999 -9999 -9999 0.830300206318498 1.76224448904395 2.9209290780127 3.13029585406184 7.51380750536919 1289.80440330505 2.18350204080343 1.47544829919934 2.55035668797791 0.835755072534084 2.28700175136328 0.536826199386269 0.571451102383435 0.623781364411116 0.641896509565413 3.35294803604484 1.2846288960427 0.666305616497993 0.701308637857437 3.28282116353512 63.7707250118256 0.661189213395119 0.611013267189264 22.2544238567352 0.48952317237854 1.30472061224282 0.678943507373333 16.9904710054398
-9999 -9999 -9999 -9999 -9999 -9999 -9999 -9999 -9999 -9999 -9999 -9999 -9999 -9999 -9999 -9999 1.11114614456892 1.88772538304329 0.629712708294392 1.385692210868 1.75421475991607 1.80256928503513 1283.77935218811 0.688608563505113 8.39488480240107 7.92628843337297 3.86010956019163 0.820842991583049 0.459914338774979 1.6689984742552 1.74440334737301 0.576976818032563 0.754149914719164 2.0698569342494 1.0842591188848 1.46121696196496 2.02567510679364 1.87234950438142 60.5175631046295 24.3865430951118 1.55460387840867 21.7868083715439 19.3533587157726 18.2835408747196 0.637356542982161
-9999 -9999 -9999 -9999 -9999 -9999 -9999 -9999 -9999 -9999 -9999 -9999 -9999 -9999 -9999 -9999 1.12039157748222 5.44266926497221 8.05280834436417 0.73286359384656 17.4689244329929 21.6842869520187 21.6939014494419 1287.44698143005 0.611062207259238 0.633120205253363 0.716298970393836 0.757531951181591 4.74848725646734 3.87021496891975 0.550538226030767 0.602693763561547 1.07575823366642 0.882593229413033 1.63727552443743 0.74744722340256 0.668957462534308 0.56055710837245 2.75565766915679 32.8106731176376 0.504066394641995 0.822251917794347 0.386204939335585 0.360986447893083 0.361022032797337
-9999 -9999 -9999 -9999 -9999 -9999 -9999 -9999 -9999 -9999 -9999 -9999 -9999 -9999 -9999 1.0008389800787 3.58731361478567 0.670920641161501 7.59118214249611 16.3249274492264 4.17674829810858 0.364492264576256 0.372674214653671 1260.49152374268 10.6275911331177 9.04662689566612 7.77000692486763 6.38840407133102 5.69496189057827 0.473123783245683 1.2469340339303 0.70928991958499 0.625280304811895 4.05498081445694 0.630240970291197 1.35198144800961 0.594566934742033 1.64399117231369 2.16897854954004 32.2700980901718 31.7863758206367 0.364067238755524 0.374109767843038 0.415460278280079 0.721512545831501
-9999 -9999 -9999 -9999 -9999 -9999 -9999 -9999 -9999 -9999 -9999 -9999 -9999 -9999 -9999 0.689936314709485 2.57383183762431 0.651172206737101 5.75814809650183 1.11646081879735 3.83698249608278 0.302935278974473 0.88071592990309 1262.89329910278 0.363836041884497 0.544740548357368 0.607256677001715 1.10838522017002 0.418900659773499 0.471208474598825 2.48061604425311 0.664647801779211 0.719945983961225 1.42017790861428 6.63036851584911 0.613452883437276 0.676772257313132 0.557199810631573 0.52111803740263 1.06004156544805 3.10128377005458 27.3379797339439 0.317436118610203 1.92557011544704 1.14033679850399
-9999 -9999 -9999 -9999 -9999 -9999 -9999 -9999 -9999 -9999 -9999 -9999 -9999 -9999 -9999 0.590680337511003 2.99450150132179 5.29667910188437 0.503274622373283 1.98388461023569 0.344778928440064 0.248538956977427 0.432584380265325 0.300076763378456 1254.86674118042 0.324981136713177 2.8345451168716 0.598357828333974 0.410790178459138 6.55608393251896 3.16360804438591 2.16459519416094 0.980572253465652 2.22167037799954 9.65016016364098 1.49992389976978 1.54885157570243 1.01087706722319 0.496252003125846 0.487184116616845 1.31570321880281 0.739515206776559 26.1682602763176 20.754944473505 1.01938210241497
