Model input/Uganda/survival/survivalcombined/survival_restime_1dec.asc
NCOLS 67 
NROWS 67 
XLLCORNER 29.500000001 
YLLCORNER -1.499999999 
CELLSIZE 0.0833333332985075 
NODATA_value -9999 
[rows 20 to 39 of 67, columns 0 to 44 of 67]
-9999 -9999 -9999 -9999 -9999 -9999 -9999 -9999 -9999 -9999 -9999 -9999 -9999 -9999 -9999 0.940272361558425 0.92795876630221 0.949975836956646 0.933328489812963 0.942317937220881 0.933801712432085 0.943068874806698 0.952947700411338 0.941191481339835 0.960330524562481 0.958123458081291 0.916946585175186 0.926883434044361 0.979240398550463 0.964071913066478 0.939620774581186 0.916973948778761 0.947484419680177 0.926458169621758 0.968316467487231 0.967894365809705 0.956686364737358 0.947186137523474 0.940504795724154 0.945211647414438 0.946782315641595 0.925179792545157 0.949675024369824 0.950957446732891 0.954828895518245
-9999 -9999 -9999 -9999 -9999 -9999 -9999 -9999 -9999 -9999 -9999 -9999 -9999 -9999 -9999 0.94708001073667 0.927876859780273 0.926651178409758 0.94164723453268 0.944204595156317 0.928466987425396 0.93740661953237 0.937414804230227 0.942572079406363 0.979028993000438 0.985093135179961 0.985172329121278 0.985219943642923 0.943856443839472 0.979390973571613 0.985084945074223 0.94313576076359 0.953057311040458 0.924772899820982 0.956238391942797 0.939732365251974 0.947307002623611 0.949371026365759 0.961387324465055 0.959551428632082 0.955893263924564 0.940862115996776 0.939406522880538 0.944275165762489 0.943588477978915
-9999 -9999 -9999 -9999 -9999 -9999 -9999 -9999 -9999 -9999 -9999 -9999 -9999 -9999 -9999 -9999 0.947827189952507 0.935609310170812 0.949164400603124 0.915082476162983 0.980124774692667 0.979720491551917 0.985481577884972 0.985285801581682 0.945355271839122 0.946234088091584 0.944984942899974 0.940929612172609 0.956027101107695 0.953458032555974 0.94927343179735 0.979124339722892 0.985145414020325 0.98515324925532 0.945391295707695 0.947825278060804 0.965628998091021 0.947206782133258 0.934559393265355 0.94661265249815 0.94446005171738 0.916847942629148 0.938345297279754 0.937554928266781 0.919732132175692
-9999 -9999 -9999 -9999 -9999 -9999 -9999 -9999 -9999 -9999 -9999 -9999 -9999 -9999 -9999 -9999 -9999 0.928497232434995 0.986734302767861 0.986319772635422 0.985676909054658 0.985583546126057 0.985492849939743 0.954901628249448 0.951941410713262 0.94137176568576 0.952159476570612 0.939150224212978 0.945025310474981 0.947813855488968 0.944125200112514 0.943881052164254 0.939411703478207 0.985213586402962 0.945045997611629 0.935026024452485 0.953583637527102 0.952406390093174 0.946017223461271 0.946156746749809 0.940295988341098 0.915486823359456 0.94959830183941 0.955341421702436 0.94328427093825
-9999 -9999 -9999 -9999 -9999 -9999 -9999 -9999 -9999 -9999 -9999 -9999 -9999 -9999 -9999 0.945450336712953 0.942119773355683 0.987278789368442 0.980423866459765 0.980135842907778 0.985514086541979 0.985582776882169 0.985496102620605 0.985615122590024 0.9547496730682 0.965303798909363 0.964493497844764 0.951909148225941 0.930549902362755 0.93905292879139 0.921417297081607 0.921768663738976 0.944230959881947 0.958451234995355 0.979117342622478 0.967568657613975 0.945214341858553 0.921342224033642 0.923060291269505 0.940405512069448 0.951058745311884 0.938928439457124 0.961573845780674 0.956500936290035 0.915278918253261
-9999 -9999 -9999 -9999 -9999 -9999 -9999 -9999 -9999 -9999 -9999 -9999 -9999 -9999 -9999 0.950549528922647 0.982307740294279 0.986277169133248 0.985627076319241 0.985548039210662 0.979643944259815 0.985591573352209 0.985498513700094 0.979638356706684 0.953386511822673 0.94751907100153 0.92356439613299 0.943507385813063 0.92471658088863 0.951630453624419 0.944250114391743 0.944426257266638 0.94437554300148 0.979315616477897 0.965424480199155 0.964174860991495 0.963546565028436 0.96216975846434 0.96014684716505 0.948735605924522 0.948827593228856 0.9409523567551 0.950287030622794 0.951097070229712 0.916965554780379
-9999 -9999 -9999 -9999 -9999 -9999 -9999 -9999 -9999 -9999 -9999 -9999 -9999 -9999 -9999 0.982651531940346 0.986489673500955 0.985908838528604 0.985593988443564 0.979705638292406 0.985631817737544 0.985536765867403 0.9796463343697 0.95001734166154 0.946559534503376 0.945660136090546 0.946717954824287 0.958153132882256 0.943626295772541 0.942120838273947 0.950415598952662 0.931417796586429 0.922313624170697 0.985262213221447 0.979261661936887 0.93362388094923 0.946107871394097 0.943993211231601 0.944117097395004 0.954167665761804 0.952129757555675 0.952955321116177 0.94016864043322 0.955663894663331 0.950681057889791
-9999 -9999 -9999 -9999 -9999 -9999 -9999 -9999 -9999 -9999 -9999 -9999 -9999 -9999 -9999 0.986704587896772 0.985955200031195 0.98590403042591 0.979742971774062 0.985646541989219 0.985539440374083 0.979659936814858 0.985669807959503 0.940745281419172 0.958837753822187 0.926973518863708 0.924137389095892 0.944986282268986 0.922743105266679 0.922106593516294 0.946087967950369 0.985283578791014 0.985297569998434 0.985376297077789 0.943031943944351 0.921336754907634 0.945834492002544 0.955444010928268 0.95920629512347 0.957492651289196 0.969010748162634 0.962527746383439 0.941116678260979 0.940180436587976 0.984838090042585
-9999 -9999 -9999 -9999 -9999 -9999 -9999 -9999 -9999 -9999 -9999 -9999 -9999 -9999 0.986672726140565 0.980345979292717 0.985911447787022 0.980160661842238 0.985571318827096 0.979682258529121 0.979664495811679 0.985768214991203 0.943320896448787 0.956313375739168 0.957857425298763 0.955545684483296 0.923187178374004 0.957975130114834 0.944419741168689 0.919592958321724 0.94961532836314 0.979256936510107 0.979341330745657 0.985366546548406 0.960391655854172 0.948826424850091 0.941870502911847 0.944182235073249 0.958854250278162 0.943531630773314 0.945674902047737 0.961217776271698 0.95949150741072 0.940945776620902 0.978459036734039
-9999 -9999 -9999 -9999 -9999 -9999 -9999 -9999 -9999 -9999 -9999 0.987754777042765 0.981906865065135 0.981037590153787 0.980330184258826 0.985920464148325 0.980156865212172 0.985950332253994 0.979689504195406 0.985629055889465 0.979995511793573 0.925602268860512 0.947515583342928 0.945437010405624 0.924579532821919 0.952440542260552 0.945571942120166 0.959495036427455 0.943641893297129 0.937646447941849 0.93178737539403 0.985368759221108 0.985289767951995 0.979286638706645 0.98483922484091 0.95975328449179 0.971045814956081 0.970911708948487 0.98484329792551 0.978528913519067 0.978529724318918 0.984818092816796 0.984758067159899 0.984744200033591 0.978427492145504
-9999 -9999 -9999 -9999 -9999 -9999 -9999 -9999 -9999 -9999 0.954444635254067 0.98690341865826 0.986133583689411 0.985929006974469 0.985897593063419 0.980145026815256 0.985939869982999 0.98584472376454 0.979778719025679 0.980226481568519 0.930980205242901 0.943314963951151 0.944515277963494 0.93295551233888 0.945934942144058 0.944462998963159 0.953071495747025 0.962932761507788 0.950982865262467 0.930589011010422 0.968101315789693 0.954843147704156 0.944685245917788 0.956619436889334 0.984899078730472 0.978594383530168 0.984782039772135 0.984781955963777 0.984835429041417 0.978501378888789 0.984700900169368 0.978486842587309 0.978431782537861 0.984650387558375 0.984743778465481
-9999 -9999 -9999 -9999 -9999 -9999 -9999 -9999 -9999 -9999 0.986439078984261 0.98053450868833 0.985745244786356 0.98573889476673 0.979956601393084 0.98580747618492 0.985791062501792 0.98001038408641 0.9436252344002 0.962560316303489 0.923175998404301 0.923060234490574 0.926885910424648 0.946568085267896 0.95994584139955 0.953209255255865 0.964350999395962 0.963331552328679 0.976502043866397 0.968320076905751 0.970641285594926 0.946772484544924 0.925902681092941 0.94614684373089 0.937454686962376 0.931035092802502 0.985015749453181 0.978785509310247 0.984872556703541 0.984848737491378 0.984846153182122 0.984840969817039 0.984938405839677 0.984944374760452 0.984930911303096
-9999 -9999 -9999 -9999 -9999 -9999 -9999 -9999 -9999 0.951567669865109 0.986162287756602 0.986093610758305 0.985706038431149 0.979890376029845 0.985784516012193 0.985733497711204 0.980426399343566 0.957595990980209 0.922918913100156 0.961644572633294 0.957975323475516 0.952931859965044 0.946069462580349 0.925392430109612 0.972566799300345 0.961984989019825 0.964990706294492 0.967010397868613 0.919454699868098 0.941703834007483 0.944480241667728 0.958324936456623 0.948158953280842 0.948638015982058 0.947552071762313 0.946591496967571 0.984968499140598 0.98500646293052 0.978747846310178 0.942977724567874 0.978746329111248 0.984862404485589 0.985047122442686 0.97884242270932 0.984942984569623
-9999 -9999 -9999 -9999 -9999 -9999 -9999 -9999 -9999 0.950181105650684 0.986114985303137 0.986103897695646 0.979858848436047 0.985763122417536 0.985684817608169 0.980448739800012 0.947672942189263 0.953232476424262 0.917785836426144 0.941237929439701 0.919747150168487 0.941044662051061 0.971586244690027 0.961088743449749 0.956767562152698 0.943182552199501 0.963406219606799 0.941785776537765 0.96247867271505 0.963621761309637 0.947670380956545 0.943442542084619 0.958161539748176 0.954299644260804 0.927870065463215 0.924707764746314 0.948544430080822 0.945872098009668 0.941259004486629 0.959993550588632 0.985007277169896 0.98488489070083 0.732716737677095 0.985055205619295 0.985061577412879
-9999 -9999 -9999 -9999 -9999 -9999 0.955842534608326 0.959753340528473 0.952644948062047 0.918312958125373 0.977260514962717 0.980458253496601 0.985766770356207 0.979871908934735 0.98002566456324 0.948864356386055 0.927683999020815 0.922471570346764 0.944110967074734 0.940753387082295 0.962950499001174 0.959163917724372 0.949508726806781 0.945133828904931 0.921513607016494 0.934311934846578 0.954519809299985 0.926160985908513 0.972417708068644 0.925902730941428 0.947171610771243 0.946371295848364 0.956716948928691 0.9558890902495 0.945724651876967 0.946931696882827 0.953018431160722 0.9425414583764 0.92499194120486 0.971652636806531 0.947985787878899 0.978316890958563 0.964047890059736 0.94784382791559 0.985087379253636
-9999 -9999 -9999 -9999 -9999 -9999 0.943727791633896 0.946046222636595 0.943169446399475 0.967997722716719 0.939727598858298 0.980315098907285 0.979864812239612 0.985833193035737 0.986185539669568 0.970129518505661 0.969340289427399 0.968786169441169 0.967167009309558 0.966537146137883 0.960700363082793 0.921089133122417 0.957029863811322 0.968384628539376 0.942026536139463 0.943570507492663 0.947915732408001 0.941168233641296 0.971903311886115 0.914838764204138 0.960658250934644 0.946333766875196 0.952989604682504 0.945655606183225 0.954595049686444 0.946608764438543 0.946476017886328 0.957258027310002 0.948463745810042 0.971352437429995 0.949216586180266 0.984653965281125 0.936635262522249 0.947625053946502 0.946504573304978
-9999 -9999 -9999 -9999 -9999 0.948252638895782 0.930877295185113 0.959588430326681 0.9680367788389 0.902304949378698 0.895872189839545 0.985983601026448 0.985773045827319 0.98615468148095 0.947291669064639 0.943642859465798 0.943571085042339 0.952705251608245 0.930409008013846 0.966317986923154 0.939834166198146 0.942286467639918 0.955095622835545 0.968007149087839 0.947040963582243 0.92071260800948 0.920090485967123 0.952999311052908 0.956893030597893 0.95973260468824 0.94820581879311 0.937869106179335 0.9461496694189 0.94624631799159 0.96464767495991 0.945287533396405 0.946271273621676 0.948338085515927 0.954485512499051 0.97110654435246 0.949155567835706 0.984683154247324 0.948724577543517 0.960459596803162 0.946202269557753
-9999 -9999 0.935527713620397 0.932757416088623 0.9454591548059 0.938985537877863 0.935422626913361 0.953220308990994 0.976753043361812 0.92219689411603 0.95720579886263 0.958050663047274 0.972851211114946 0.924308910248523 0.927434052283419 0.955114927364161 0.948080832348325 0.945942695200741 0.941947425339925 0.965268029526118 0.940029210299513 0.956111812061326 0.94683927873323 0.959499845606302 0.952336956338227 0.949885295057586 0.943472674958114 0.942779376221572 0.954842666747215 0.970749340096489 0.970049136863297 0.941444916172107 0.924346551810742 0.925187649649742 0.962843981665921 0.941013687898942 0.937085129647609 0.946472118850467 0.929612347111183 0.969430447813669 0.927706375549126 0.984278903118573 0.946500081731313 0.946595984532431 0.931470772009351
-9999 0.928168980004889 0.943349676172915 0.946439985625581 0.927651411757575 0.943849514937735 0.976964276602613 0.967644380998929 0.929842292033617 0.891771787574729 0.957625474535766 0.925863046125889 0.962235898610782 0.961384242020148 0.971639227273432 0.948743537633617 0.93545133856069 0.945728832012725 0.939010576405168 0.962395281786887 0.952326604957095 0.946293324453844 0.925830038254315 0.958161919464555 0.942299138069791 0.944977370554296 0.936891755157795 0.934045057331974 0.946930262191499 0.92454752842678 0.93911083100542 0.957934669478355 0.956133295919336 0.941942302010404 0.962291350216075 0.943012567761746 0.952716188225943 0.945022704930248 0.92796192015366 0.968898332822907 0.919929705671429 0.984275177699663 0.924221258667762 0.923680152446464 0.913700208758846
-9999 0.925380251307562 0.932810509990689 0.977667610955041 0.97773069515062 0.968888857083862 0.943733602574735 0.949271348569925 0.949660337218025 0.939840487176916 0.947239894625169 0.94379040118359 0.951141568879666 0.960743411241445 0.948644288753244 0.959484925384288 0.968198502640577 0.945581209869649 0.947758169460461 0.925603184972361 0.942358666321779 0.925300403322478 0.946738429181802 0.956294015243197 0.943052572548676 0.959752075890878 0.957972745487331 0.95426336218457 0.935344100550526 0.935074146810359 0.951441255395905 0.923356317478965 0.956783444405241 0.918722546255523 0.943043843837898 0.944822067971263 0.943608504968633 0.941679226697257 0.950482617606861 0.965303909449963 0.941925998793885 0.943174828862824 0.977811298353678 0.963459909095544 0.944642727857231
