Model input/Uganda/survival/survivalcombined/survival_restime_1aug.asc
NCOLS 67 
NROWS 67 
XLLCORNER 29.500000001 
YLLCORNER -1.499999999 
CELLSIZE 0.0833333332985075 
NODATA_value -9999 
[rows 20 to 39 of 67, columns 0 to 44 of 67]
-9999 -9999 -9999 -9999 -9999 -9999 -9999 -9999 -9999 -9999 -9999 -9999 -9999 -9999 -9999 0.93354720813888 0.920168283564813 0.944428378603815 0.927235198734931 0.946060146904433 0.94178127600854 0.946484720631911 0.952268705738627 0.937971590676957 0.959389857991095 0.957887955294672 0.919033487605779 0.92765075191916 0.977672676183092 0.962287298875698 0.937568589862624 0.914281032967205 0.94597297530523 0.924456634435798 0.966745340602783 0.966349332729369 0.954895147544783 0.944809451243033 0.937636880491237 0.941599258485179 0.944037290568982 0.922449592656567 0.947153926892079 0.947871381322544 0.951724173795162
-9999 -9999 -9999 -9999 -9999 -9999 -9999 -9999 -9999 -9999 -9999 -9999 -9999 -9999 -9999 0.94157637610514 0.920364634744593 0.919045026542103 0.936888059135914 0.941213800585891 0.926060137300811 0.937690283674403 0.936664959784029 0.938695598665362 0.977523308523253 0.984019363249572 0.984070435391487 0.98407066559957 0.945572933407561 0.977816475012204 0.983881768058236 0.941027961584856 0.951245149224934 0.922693762257842 0.954032304982856 0.938722150985336 0.944628731659112 0.945495455711794 0.958555605547875 0.956801601628221 0.953620174269299 0.938866891503444 0.937894682857141 0.942489176250053 0.941337668020833
-9999 -9999 -9999 -9999 -9999 -9999 -9999 -9999 -9999 -9999 -9999 -9999 -9999 -9999 -9999 -9999 0.943078530210995 0.929386640028001 0.945102065832711 0.910679311891979 0.97778004129079 0.977474878112919 0.983924724734145 0.98414964010193 0.938968728280398 0.939791168951586 0.941859444323681 0.93963268516036 0.955030354941137 0.951728892305017 0.947403490392648 0.977445936307347 0.983945052014019 0.98399394241667 0.943658903546036 0.94517673735642 0.962880692054805 0.942735957298703 0.930498966887787 0.944053909111389 0.943247253782288 0.915202671853269 0.937507788644973 0.937380901561076 0.917713642301899
-9999 -9999 -9999 -9999 -9999 -9999 -9999 -9999 -9999 -9999 -9999 -9999 -9999 -9999 -9999 -9999 -9999 0.922885242298541 0.985032298584142 0.984651057455935 0.984072311426866 0.984032466931976 0.983942140584677 0.949683918710792 0.946098787498037 0.935287242247833 0.948385401310399 0.937623026765222 0.945570841283038 0.945755562920146 0.942306333222286 0.942188500504128 0.936648014332072 0.984056983085549 0.942658062435195 0.930494180871726 0.949937838897937 0.950110724057206 0.943703239986804 0.942350233452997 0.938945617390591 0.913408507981716 0.947586032158427 0.953546046203678 0.941322874208259
-9999 -9999 -9999 -9999 -9999 -9999 -9999 -9999 -9999 -9999 -9999 -9999 -9999 -9999 -9999 0.940213295530702 0.937485318369775 0.985596554486089 0.978045600572769 0.977810682571569 0.983975103158107 0.984075166345213 0.983964091670577 0.984056216397059 0.951341810155668 0.963373273638195 0.962633927061903 0.950521144775969 0.928617084271671 0.936419747400758 0.918759479172964 0.919127267226048 0.942473461146783 0.956346167207491 0.977410419663199 0.964952729418834 0.94296005189336 0.917001277457571 0.916725329131375 0.93664947040013 0.949073124820205 0.937485223408367 0.959649292407518 0.954647524269812 0.913111257803823
-9999 -9999 -9999 -9999 -9999 -9999 -9999 -9999 -9999 -9999 -9999 -9999 -9999 -9999 -9999 0.946665158955532 0.980355386408113 0.984924552517704 0.984458359348986 0.984388375383322 0.978028019772688 0.984450503479383 0.984326706703957 0.977964936195667 0.949099033896965 0.94303047079473 0.923140187071719 0.941153425753879 0.922568429996971 0.950031241277545 0.9430399340801 0.943293015357864 0.943279620549295 0.978057182890144 0.963348983933361 0.961942444858243 0.961014926125754 0.959633202141772 0.957794900465193 0.947135022086742 0.947356308732965 0.939941237164022 0.94792284854501 0.949232454232848 0.915054595449346
-9999 -9999 -9999 -9999 -9999 -9999 -9999 -9999 -9999 -9999 -9999 -9999 -9999 -9999 -9999 0.980875724125249 0.985133674816401 0.98468635313018 0.984443416243383 0.978087736556425 0.984481525656458 0.98436784667141 0.977999616544029 0.94595401793729 0.943080379520079 0.945281321055311 0.945739096707487 0.956250065476424 0.941470291100579 0.939692703852173 0.948968277221101 0.929398642334798 0.920413751516265 0.984381036686086 0.978025458418264 0.931132109964214 0.944179139918863 0.942234713956152 0.942721667800149 0.954252073455617 0.952202227681322 0.951602500107273 0.941338207623536 0.953823694650712 0.948877642977767
-9999 -9999 -9999 -9999 -9999 -9999 -9999 -9999 -9999 -9999 -9999 -9999 -9999 -9999 -9999 0.985286411919124 0.984729579141749 0.98469476983581 0.978156607131013 0.984518231203477 0.984396091433656 0.978048162897607 0.984460393250407 0.936164626092227 0.955861047634329 0.922584018976893 0.920083136046828 0.942336836456512 0.919816537236663 0.919341491826708 0.943839522109989 0.984405931107565 0.984414133733099 0.984494669198756 0.941577949607795 0.919247362843577 0.944135928012138 0.953562030631636 0.958566864956082 0.956578197083703 0.968187502834714 0.96178122282164 0.943401339369474 0.937427619306144 0.983761455778041
-9999 -9999 -9999 -9999 -9999 -9999 -9999 -9999 -9999 -9999 -9999 -9999 -9999 -9999 0.985242437995609 0.978565838654775 0.984716452128321 0.978480401331801 0.984455705849588 0.978117298123892 0.978089207087342 0.984601260417819 0.93943953248086 0.953129067277923 0.954706789727573 0.952316526090679 0.919360913043493 0.955422099087735 0.941599160448275 0.915539076803897 0.947463112599402 0.978085091353452 0.978130860947595 0.98448103758394 0.959773656874726 0.950279984615355 0.94247365112066 0.949370629221739 0.958103350853605 0.945329496796511 0.943699509872917 0.959469980625994 0.957622727940791 0.940186655350969 0.976972728900956
-9999 -9999 -9999 -9999 -9999 -9999 -9999 -9999 -9999 -9999 -9999 0.986289831869725 0.979965405459835 0.979041660180425 0.978546580010608 0.984723092136237 0.978500642429263 0.984776613583016 0.978151508181052 0.984535248840336 0.978364735454636 0.922343188739933 0.944417035090416 0.941438476489778 0.91858607795205 0.949281095568665 0.941929196111422 0.956892434830092 0.940666410978268 0.934520296228312 0.927944194677998 0.984519311895759 0.984418825625007 0.978119528540698 0.984041597828776 0.95938089321434 0.970615661708518 0.970423138648558 0.983856635553761 0.97713035621245 0.977126919820829 0.983824612510342 0.983722154191756 0.983722652965318 0.977031858718032
-9999 -9999 -9999 -9999 -9999 -9999 -9999 -9999 -9999 -9999 0.950323986328216 0.98532566455207 0.984787574850663 0.984702536103759 0.984708256680297 0.978502417410556 0.984774931693869 0.984634462868296 0.978110290393667 0.978513232311596 0.926633479404403 0.939769474200779 0.940186020546357 0.927651418714257 0.941718627372536 0.940180854885523 0.949450434331801 0.960184369357502 0.947847068194286 0.926912900801662 0.964917699717361 0.951993075083843 0.941813263163656 0.953859128137018 0.984099559617899 0.977511624904024 0.983887067440727 0.983798315870265 0.983849519746329 0.97718737580046 0.983747942258779 0.977160300725996 0.977036301934064 0.983671895934661 0.983717364068694
-9999 -9999 -9999 -9999 -9999 -9999 -9999 -9999 -9999 -9999 0.985091316320921 0.978737069018305 0.984835019225413 0.984858763281301 0.978711928278571 0.984936345977863 0.984871251018213 0.97862168586683 0.93898537432145 0.960214370854304 0.919113098891836 0.918941911197591 0.921169944635831 0.943065852934788 0.957541025867304 0.950608932559165 0.962592522396626 0.96157053518228 0.974788228331118 0.965973373231741 0.968582484927334 0.944683427738764 0.922885573595833 0.944053048583227 0.93474950090768 0.928465264510751 0.984425913577832 0.978004431371733 0.984328990978581 0.984343728835268 0.984336608268317 0.984312686513887 0.984322356637136 0.984200254741844 0.984153097135557
-9999 -9999 -9999 -9999 -9999 -9999 -9999 -9999 -9999 0.947958326596332 0.984897227657477 0.98495176063503 0.984871043963387 0.978693347251569 0.984925789904085 0.98482443794665 0.978957279784444 0.954174726772613 0.919968869943575 0.959267169352899 0.955346932652744 0.949844515824986 0.942875569323653 0.922428280890798 0.970537255968233 0.959213646530219 0.963242434284108 0.964586770516205 0.916195982174102 0.93955257582654 0.942064695503892 0.955403950493707 0.946025126803695 0.946524736351799 0.945567448338293 0.944762246942398 0.984332331255923 0.984428869660961 0.977971457631123 0.941922073839632 0.977932407244088 0.984226038294373 0.984290194009845 0.977903540404275 0.984255986716315
-9999 -9999 -9999 -9999 -9999 -9999 -9999 -9999 -9999 0.946791780264282 0.984962656211819 0.985044481315156 0.978724343319887 0.98491626691996 0.98481388859292 0.979077817381471 0.944264581551886 0.949777986249693 0.912524433798594 0.938002440552516 0.916095439433262 0.938675778593782 0.96953968435956 0.958230811065642 0.95460959839519 0.940831497158416 0.960906422146032 0.939911778864428 0.95995201269871 0.961748385626242 0.945799502179112 0.941140263867623 0.955294059105838 0.95222541901259 0.924843979676787 0.921459753414658 0.945591513860882 0.943474123550274 0.938953393679189 0.957415298785662 0.984441712874023 0.984309952969555 0.253825643611766 0.984299822939801 0.984314853019523
-9999 -9999 -9999 -9999 -9999 -9999 0.952190324004625 0.95657701723708 0.949173867895532 0.913483838274419 0.972100758363488 0.978917407641357 0.984980984087844 0.978704247890544 0.978771503720161 0.944469205314333 0.923029055281726 0.917348579197032 0.941104654270986 0.935273744122193 0.960840510357982 0.95643151968608 0.945505655829265 0.94086062537676 0.916209434567904 0.930914286905383 0.95185320622858 0.922249737009504 0.970560076655169 0.923573508789312 0.944282897607992 0.944297364346257 0.954454981877178 0.952792732799206 0.943198231485808 0.944697747678892 0.950710402434402 0.939491192097643 0.922019674257823 0.969807659752433 0.945450653849393 0.977195886842465 0.962110408577587 0.945674981947123 0.984319095661384
-9999 -9999 -9999 -9999 -9999 -9999 0.939313722549232 0.941795547910866 0.939412904944097 0.960657338958004 0.935869760965923 0.978598149726571 0.978731865918857 0.984985219616024 0.985155404086829 0.967989599278841 0.967247537956987 0.966828814343721 0.96559013212211 0.965137482501591 0.959064391481651 0.916993785641343 0.954305324168081 0.966362223996496 0.939550466147353 0.941658288923198 0.944851940150594 0.938710882013143 0.970008159130976 0.911566066397961 0.958636047937068 0.944172910466795 0.950603908233464 0.943090870720021 0.951457441082015 0.944111922873363 0.943958499722983 0.955115880313705 0.946417376006195 0.969488541022687 0.946900961612279 0.983807974991985 0.933607306872138 0.944813755299163 0.944404719444583
-9999 -9999 -9999 -9999 -9999 0.943161650175041 0.924857065668345 0.956370915972465 0.960664984203964 0.899053829693676 0.892302449823072 0.984746209118225 0.984881328966057 0.985207749866285 0.944972701768385 0.940703808615137 0.939595109616411 0.949167274939245 0.925648357763888 0.965120561008229 0.937295333879497 0.94045898615742 0.954275169894676 0.966053416920137 0.944757887022588 0.918732703858587 0.916780069826442 0.951282105029038 0.954716436974695 0.957082392871375 0.946367452878556 0.934769457590184 0.943730620772876 0.943600138679813 0.962044140204257 0.942327089075548 0.943596544146348 0.946136419184172 0.952557361217008 0.969239704289707 0.946936699708514 0.983834548543606 0.946497984242854 0.958406457088672 0.944077567551662
-9999 -9999 0.930466888974947 0.926924194173443 0.940778235452328 0.934506620871887 0.931761870556578 0.95024114157034 0.971452627422522 0.923770875909059 0.954792107466858 0.955533374046085 0.971295776720198 0.92137686824747 0.926213385939819 0.953867932442912 0.946805164952181 0.943192769881172 0.939269456637456 0.965394297617377 0.93731086866842 0.956727062189874 0.949608948221774 0.95923886186781 0.951340208069593 0.948956417804803 0.942378273765836 0.942376897330361 0.954036810043731 0.969914129575234 0.968945129926868 0.94047243983363 0.923168276098276 0.923323806720574 0.961192886084976 0.939211449639428 0.935946346470388 0.945921294431304 0.928658715057158 0.968737627524988 0.92708044174978 0.984097615635517 0.946177939019776 0.946354649747674 0.93086605145422
-9999 0.921704447133525 0.938477570399553 0.942392792360346 0.922472044614772 0.939776546709166 0.971272691034307 0.959915730857959 0.929402156160878 0.893310103691344 0.954998031099933 0.921872415239898 0.960248109562007 0.95933874061133 0.970273406666031 0.947586659740763 0.934586515895345 0.945393782182321 0.94012265611366 0.962962426778525 0.953125967586766 0.947924741132409 0.929488880747278 0.957967499887038 0.942780483110892 0.943257321574485 0.935659752089501 0.932737143587198 0.946208982836805 0.923298520952417 0.937511384015533 0.956347242960803 0.954756574281709 0.940193867511158 0.960637792143916 0.941410879515882 0.95195731021474 0.944308446338771 0.926911279521579 0.968176429206285 0.919039229523798 0.98411782937899 0.923407835727014 0.923075832780776 0.911786490548824
-9999 0.91963902999291 0.927134561179121 0.971472061831929 0.971584882942027 0.960674504702565 0.941785278813953 0.946464098540105 0.947354140353391 0.936354740203856 0.944581956848162 0.940187118604808 0.947497733668883 0.95871934033218 0.946725112143135 0.957715253667148 0.96696816456337 0.945243205548522 0.950099395960486 0.928186759124703 0.94391741806033 0.928349801634275 0.947953406854409 0.955776628113581 0.943627908331392 0.958488647268893 0.956732006725668 0.952505914022004 0.933963365659609 0.933684718909556 0.950162237593319 0.921712526769083 0.955118199205104 0.916519095341583 0.941321793157795 0.942409482740391 0.942885345878019 0.940991397520657 0.949499330174348 0.964389976982153 0.941060185663633 0.942574692503859 0.977489206796114 0.962600866429288 0.943940193257054
