Model input/Uganda/survival/survivalcombined/survival_restime_1feb.asc
NCOLS 67 
NROWS 67 
XLLCORNER 29.500000001 
YLLCORNER -1.499999999 
CELLSIZE 0.0833333332985075 
NODATA_value -9999 
[rows 40 to 59 of 67, columns 0 to 44 of 67]
0.918477847948252 0.935187092163657 0.975930346578351 0.976176893433741 0.922690137642162 0.960260795310103 0.933405362275112 0.943445384598819 0.925039801309956 0.946340079591874 0.943952833591592 0.95092558661246 0.927733946851823 0.958316509813148 0.948299677439937 0.96372975055224 0.958727032169914 0.946023406081205 0.94453428730267 0.943629140557939 0.942343763247226 0.928883944098349 0.941975629150173 0.922317513205068 0.915895427922243 0.93614543706677 0.940913133067769 0.94897382060583 0.940009469210639 0.932794508257108 0.946247060962628 0.939314119886138 0.968135676211727 0.928741839297623 0.941311212768394 0.956109928892346 0.941668818088639 0.920362994682469 0.942068941752028 0.947939775523358 0.949989257744283 0.94299519895221 0.984728564402901 0.953437747533294 0.942639026052944
0.943649082365728 0.932213389459047 0.975877702694484 0.956194953418079 0.955819069169643 0.958047464817314 0.924905988735979 0.945663826360704 0.948871049663757 0.959649229172148 0.946671119797334 0.946344822874466 0.928201587334589 0.949280826978635 0.934939603845759 0.958730497122061 0.944881916421468 0.938310034374525 0.943950143041481 0.957494110859932 0.951645664034758 0.949447674960837 0.942056215440544 0.935740579596788 0.893233293479801 0.925900877586995 0.919210955203986 0.939764665893387 0.914462362301256 0.939535551535012 0.945607184080106 0.937948504624501 0.96723023009773 0.935236356319911 0.93707356378314 0.937437799115976 0.92550639383958 0.942295646188868 0.945251722544925 0.949795069540261 0.963608129312032 0.955359006867639 0.984745654791366 0.94714771501922 0.957511398166749
0.929082881121546 0.913796930052007 0.975718516841421 0.909030983180956 0.957391337648958 0.956955858346727 0.922674546298846 0.953034418317693 0.956597741124417 0.946070607233823 0.948332048079931 0.963808880097399 0.952326077661615 0.944738102750251 0.94439342939338 0.94139606475461 0.930152362766737 0.946829346401272 0.925923623038455 0.939544808133429 0.913563757677511 0.929177012223534 0.930181439066804 0.917600583337999 0.898588276389667 0.948610063778504 0.94035512773971 0.922596888037671 0.927051582136706 0.903150780738887 0.929813472946945 0.942994378824033 0.966962306922134 0.961202319373539 0.949908644944242 0.936207551760528 0.938369880769675 0.941547904904233 0.959352211382758 0.942205488905788 0.960429238276989 0.953322376556164 0.984812255547438 0.9846935637926 0.943938192212972
0.974860525645671 0.965131888942816 0.939485802570063 0.930817386474046 0.952508253937638 0.950346321480631 0.942350202147841 0.930427152729904 0.939859557624851 0.948741961452978 0.952882654880698 0.963196850987398 0.964009727810763 0.933153977062961 0.905219159397684 0.878602774360295 0.936887487020843 0.903269754207817 0.910320581965421 0.913232988682235 0.903127358215696 0.932337409351389 0.924466162115016 0.900075141116828 0.876945438215898 0.927259009267816 0.866854483607999 0.910336235683405 0.948410576558042 0.956323967243487 0.936284132550243 0.936606219725228 0.962459675322895 0.942622481841951 0.937351549604829 0.952776070994749 0.940910385196444 0.934581485126685 0.941283111976759 0.941298354432355 0.958332591554246 0.949185750063895 0.929308277703096 0.984362604587173 0.943990928951023
0.974982107069101 0.960634341141316 0.959729629010553 0.958165695875926 0.95225260844879 0.926545091811202 0.909160917532948 0.92423521440124 0.930107902311138 0.95985679919799 0.95775952034386 0.939392287122565 0.96465011526359 0.945968285590095 0.930311533158464 0.89016098493538 0.910060021591364 0.895661669938614 0.907233587533902 0.930570661130758 0.918987520995598 0.949612747002453 0.889659606436815 0.91065896554085 0.930365387268797 0.927309002865527 0.916937345882237 0.960134232746841 0.928176111969051 0.938491520285087 0.936210898080234 0.91501758081552 0.951016017492763 0.942777789265145 0.95604802136578 0.942440063536543 0.921701331149758 0.950352572338836 0.942795867321108 0.947181938954702 0.955594909514143 0.944533017623673 0.97803341606009 0.977928023726696 0.977838172326408
0.974923425708634 0.953028900308226 0.951067802772674 0.951309333845132 0.957687381442298 0.927003789415212 0.951317772214698 0.952678061284973 0.924003549870002 0.961702373626681 0.958571348455803 0.903923910569379 0.964759696666206 0.922593340803779 0.916352824839384 0.914338628815665 0.939075362557492 0.914689563350268 0.915844161765176 0.943569558637397 0.910349293621712 0.951539422688581 0.937592734124657 0.953229978864469 0.927597375598156 0.917125692030823 0.928901490281334 0.943878554877504 0.955959659951594 0.956014677260551 0.931744318708346 0.939644351593889 0.944542996824576 0.943901198108552 0.938648661214939 0.931137501433543 0.944604135056742 0.984271599602145 0.977798453154847 0.936440441339639 0.945214006497228 0.9363649240715 0.984384904791081 0.984258501411724 0.977799818324259
0.961485040554667 0.964379429839686 0.945369356657681 0.929829350122218 0.944258264094848 0.945228980677696 0.935078110588164 0.951995380151509 0.970738454861692 0.965693921210671 0.959549250138002 0.934500873324423 0.950604069686078 0.945321535809903 0.945933587615283 0.947763670261847 0.958929990696071 0.959365939567639 0.961976285014473 0.963310874932729 0.963435911641289 0.966999650884235 0.954058045205881 0.930850526484495 0.908855568331244 0.910009360937349 0.944523379608429 0.917077487392384 0.926690221157908 0.926732816071543 0.939140937565522 0.93979755543708 0.939556841799262 0.947615858736249 0.977943339736056 0.984398276070281 0.977848057287585 0.984294773127468 0.984189388634922 0.984254776143673 0.984296235924644 0.977822232624892 0.984372745732423 0.984297774405933 0.984285622912578
0.939433614287506 0.974359977281886 0.954833622806697 0.950801834161984 0.95054859287077 0.946399753329281 0.971243452562036 0.970809533088294 0.970998648717273 0.971011775964483 0.959179945229199 0.970857547580258 0.966995228864805 0.966935246600433 0.932695836878965 0.933089649454882 0.9551838899022 0.935139430604908 0.955227270553508 0.933286427020794 0.936319283042114 0.932115227915966 0.941221638603817 0.954922958524403 0.942721774320111 0.944996938599006 0.920301608489268 0.91723888250868 0.897656139974991 0.94045010601415 0.938738020907743 0.947387160450322 0.977952865042707 0.977908544395055 0.984292190785286 0.977921272812513 0.984308606671415 0.984264496547876 0.984207922186994 0.984289396005119 0.984335679941342 0.984281658825541 0.98429523542166 0.977809332968362 0.984285399938762
0.950690467392389 0.974203443233013 0.974186150214609 0.974392570721333 0.962168611350737 0.935697004584878 0.970647281769074 0.95879065832529 0.970784927466475 0.959179937199518 0.938170848606562 0.950585010742576 0.932615963834869 0.95808299951832 0.951361809007843 0.957599629802172 0.949612102971121 0.890843266279749 0.955068883902841 0.923903831567488 0.952573305649193 0.911120766852281 0.930221601606365 0.924420897051027 0.969202233291831 0.970777438454336 0.970858991364019 0.970984413789054 0.959863087704595 0.947525433963129 0.984456928920541 0.977941821677344 0.984288376846653 0.984382978389656 0.984346904287036 0.977832185430506 0.984164098402578 0.984144933929093 0.984153888946601 0.984205850965262 0.984193013365204 0.984173409570555 0.984228927430158 0.984213904297694 0.984296881894203
0.973732957802805 0.973461729953428 0.973499842092313 0.97326682810532 0.973360517632836 0.917240320703162 0.920466135538504 0.922814556801805 0.957823871897093 0.970421358285632 0.91927661958887 0.930179425077905 0.935170521726556 0.936580575796326 0.962106662841583 0.955162010644088 0.934308563207929 0.922432643489798 0.953612917371109 0.952668077510835 0.926535463670048 0.92985019324428 0.895973047162911 0.903869091105676 0.939974070635448 0.944175703831956 0.941296682440256 0.920259748857892 0.983936688287491 0.983936621437144 0.977393400930749 0.983897150213574 0.98400237763178 0.983978146233802 0.983946935426042 0.98381450987264 0.983897259822 0.984013665066586 0.984051348207484 0.984097586265709 0.984021827297844 0.983901342977652 0.977302202381869 0.983931321109599 0.983905134227064
0.962610023350901 0.973382718949574 0.973194007930531 0.973273673546684 0.973025683491449 0.906681569499576 0.958863835595357 0.969971548445853 0.970180474712457 0.929166981154641 0.932810760106973 0.932184502922316 0.952790888452196 0.936733366872756 0.96179324207454 0.952838857433966 0.933232381010749 0.94063391598564 0.908088717673423 0.952095006807627 0.925104218809354 0.949134320516103 0.921298566932424 0.898630863402723 0.956294788541966 0.937473332469431 0.957866940402675 0.935352844697339 0.977456549331383 0.983923079305698 0.983892338056853 0.983876726239202 0.983870943979645 0.983860840552646 0.983841823840472 0.977295638114761 0.98403148043071 0.977429010844077 0.984101322747391 0.984094481757929 0.983920583702118 0.977402697009116 0.983961111130547 0.977292194738488 0.983806659722972
0.97306187378755 0.962256284596012 0.973122847614518 0.973174006980966 0.973121009399007 0.971868142735249 0.918692207476353 0.942589357002714 0.928981139812064 0.9257139425247 0.930114877671022 0.922139291978833 0.940903063015485 0.916193659136873 0.960384397928703 0.927874275488648 0.929645219796922 0.933824942327516 0.915583041699105 0.944901789257679 0.926815660668896 0.941155914958072 0.904822534812343 0.929388671365271 0.955478024985659 0.906973563071246 0.953641732611226 0.936234998703547 0.983958708283779 0.977440007812469 0.984002009068876 0.983894294574932 0.983875914526586 0.983980832638351 0.983970749781954 0.983958442448334 0.983941254208955 0.983943453312879 0.983940394238398 0.977428590495573 0.983930715486408 0.983924855230518 0.983967909245011 0.983943929399839 0.977258809080066
0.97306469521185 0.973247216763663 0.962301065611152 0.962381029162464 0.973227816957023 0.933187779239233 0.903431790234421 0.958957120158245 0.912045308181521 0.919977787599266 0.912343858401449 0.888231966205858 0.940807592030798 0.931056994762033 0.952122838833474 0.92871306720863 0.935734847300441 0.90760464280392 0.931634750017155 0.935536076282429 0.930931112794476 0.934165605488645 0.932832678139272 0.946601260182489 0.952148089268753 0.916337566379688 0.945726859841733 0.911200647588834 0.943022309207618 0.922216240749806 0.9773817734522 0.977421188477898 0.977417892009345 0.984032336427329 0.983897238719597 0.983886316625049 0.97748371836096 0.983956827312123 0.984050406369689 0.983929235242286 0.98392372122926 0.983918227237877 0.97733580224735 0.983838575074334 0.977256332050674
0.962294347418715 0.9732875326127 0.962344012212174 0.962406780485827 0.973285323511808 0.903193921301115 0.901005800937777 0.958733770989998 0.956992654292532 0.94136067562368 0.941597001217302 0.942911733953373 0.91545248496429 0.925295434589502 0.935802909677201 0.936642017011955 0.910754843796381 0.936807459584357 0.935663904619381 0.935076064346354 0.913683567710847 0.896695036233664 0.908157812775118 0.923601778560515 0.943054782513732 0.929613734014066 0.937168382497775 0.9397311547825 0.951582264553191 0.956451087484601 0.984004228592376 0.98389709956633 0.983920005214116 0.984051834986862 0.984031749223848 0.98391787411822 0.977518957018305 0.98404702971201 0.983927257869823 0.983930551075589 0.977408946097711 0.984023561044343 0.983969661978652 0.977306759637518 0.983824805109821
0.973303611098044 0.962361369779949 0.973322335387 0.962443404988867 0.913069507477627 0.922140105941079 0.938628154067661 0.930642090407467 0.939028403380218 0.944196318934658 0.930199246504379 0.948816708872952 0.939977702645754 0.938381110323417 0.937729924485053 0.923417193246536 0.935679105373652 0.944650705173899 0.922075768962866 0.958121931720319 0.94765392263196 0.943215664558283 0.937288741059683 0.908248606624229 0.928248914357518 0.913218731936254 0.92529860940039 0.98404075461156 0.977455986998378 0.984049747362503 0.984003029669183 0.983903536534016 0.977434715290986 0.977438659503813 0.98401034909224 0.977406209780836 0.983989445247403 0.983954680511144 0.977456395156925 0.983943499949996 0.983926935100948 0.977407495152228 0.983970759972134 0.983859844083469 0.977300998645735
0.972912179084684 0.972848966637104 0.967059124955859 0.899791149495788 0.941806440674707 0.936698372427391 0.919931700748061 0.943235650160504 0.94362224447645 0.956541349878981 0.918056479609264 0.95203240146746 0.946967052656353 0.911560813773069 0.936406779570911 0.939234920230209 0.931068598428135 0.953362950730445 0.933657561517151 0.957459909905489 0.924466305542498 0.934044715838992 0.919725805337021 0.927251518778052 0.89811616636933 0.911208548275605 0.917967836199408 0.977159913637632 0.983787947341834 0.977059883135426 0.976903164832503 0.983678597113122 0.983560057295546 0.983566910057174 0.983550462885612 0.976885719640683 0.983551829107353 0.976730448057046 0.98352672409963 0.983516876540085 0.976696958103355 0.983509174965934 0.976671671272864 0.976650868757984 0.98348275996732
0.972865865325762 0.972819628382866 0.967087658418643 0.966666081183747 0.934137507801736 0.940851567238706 0.944498787144686 0.943164765343539 0.930086441431255 0.958510803604791 0.940872813357445 0.965736730513901 0.965902409832993 0.966257262404461 0.96642448098353 0.953704190339691 0.969193541719011 0.958775209565108 0.969393221402112 0.957235810702733 0.969886700807915 0.920499871903628 0.957936324883203 0.91417934629998 0.932009828453787 0.911758279091962 0.983895023630196 0.983721147909952 0.983680103761465 0.983673951525625 0.983557952253148 0.983555848529865 0.976898432050359 0.976908521568572 0.983663148045497 0.983654069738708 0.976728989003188 0.983427490186339 0.983411101206459 0.983514937440927 0.983516193290526 0.983511219283695 0.983399110066361 0.976663393783432 0.976661052404042
0.931378512389877 0.961132024558223 0.943360797244183 0.966963344457368 0.937806360931274 0.9447216060095 0.942930053210833 0.95799203290188 0.941637166712204 0.960189845360901 0.949484680347485 0.941207792128115 0.938054813422573 0.939716357635218 0.949719230586915 0.952898946400558 0.968968083546001 0.968926534670582 0.969428542456228 0.96947166755776 0.969755488542462 0.957802400785486 0.969950190683122 0.939994180953726 0.950251405132533 0.911339956518732 0.983842764800462 0.983810676955024 0.977095450203868 0.977093101513071 0.98368631223681 0.976904795747055 0.983661866235265 0.983662400842636 0.976890461201215 0.976886965127288 0.983424227039634 0.983527842269022 0.983403761806178 0.98339295093988 0.976683841651478 0.983394967357859 0.983393057880688 0.983502367912264 0.976661181475162
0.897703976171718 0.960753118749091 0.936479754192448 0.967258024223487 0.937572358984698 0.920535242401672 0.960977063666943 0.958806043146378 0.943880739004313 0.948411398054677 0.949952995248728 0.941640335402869 0.937678907489968 0.913711620189443 0.936872922120531 0.940530565498334 0.956507248883573 0.969009187928468 0.935742764217018 0.903250303519638 0.929358926151949 0.932281876211084 0.957981851896213 0.888416689029404 0.953467056004912 0.954243869386784 0.983821937632049 0.983697989958583 0.977095587209466 0.983693715518129 0.976934440133095 0.983677784276516 0.976893451431037 0.976891525631142 0.976889837074349 0.983540720499538 0.983423456125191 0.983422191093454 0.976690351847074 0.983507557160711 0.983509384304276 0.983507488983058 0.976687753659876 0.983393890247486 0.983503385898755
0.927314401915313 0.96087363881511 0.933575745196806 0.906450043086047 0.953990419028572 0.963251690672286 0.961577776454841 0.940880038558993 0.942440234681246 0.922663674219064 0.945471294456521 0.937310524121092 0.947355674064622 0.936565378264643 0.938202656661449 0.947465013368726 0.945649636445767 0.936332024101518 0.936960655917465 0.918688862249725 0.947520682931347 0.935493348132086 0.907892461465495 0.969976469129338 0.970219092711103 0.970257164806231 0.977164174181544 0.983820685900108 0.977106377240224 0.9836987573411 0.983582293528696 0.983557378503466 0.983547541418619 0.983546597184739 0.983536195766053 0.976854849213099 0.983533841473039 0.983408675502844 0.983403352422261 0.983510707150304 0.983500322215089 0.983390680059852 0.98349552137912 0.97665298822187 0.976658496120028
