Model input/Uganda/survival/survivalcombined/survival_restime_1jan.asc
NCOLS 67 
NROWS 67 
XLLCORNER 29.500000001 
YLLCORNER -1.499999999 
CELLSIZE 0.0833333332985075 
NODATA_value -9999 
[rows 0 to 19 of 67, columns 0 to 44 of 67]
-9999.000000000000000 -9999 -9999 -9999 -9999 -9999 -9999 -9999 -9999 -9999 -9999 -9999 -9999 -9999 -9999 -9999 -9999 -9999 -9999 -9999 -9999 -9999 -9999 -9999 -9999 -9999 -9999 -9999 -9999 -9999 -9999 0.908058933620985 0.934244479648486 -9999 -9999 -9999 -9999 -9999 -9999 -9999 -9999 -9999 -9999 -9999 -9999
-9999 -9999 -9999 -9999 -9999 -9999 -9999 -9999 -9999 -9999 -9999 -9999 -9999 -9999 -9999 -9999 -9999 -9999 -9999 -9999 -9999 -9999 -9999 -9999 -9999 -9999 -9999 -9999 -9999 0.935862478587787 0.918731017837427 0.932895457464782 0.9243773462509 0.906648059923759 0.907605857284145 0.932986918508882 0.938232507201063 0.913301910651117 0.932099179550491 0.934731634778536 -9999 -9999 -9999 -9999 -9999
-9999 -9999 -9999 -9999 -9999 -9999 -9999 -9999 -9999 -9999 -9999 -9999 -9999 -9999 -9999 -9999 -9999 -9999 -9999 -9999 -9999 -9999 -9999 -9999 -9999 -9999 -9999 -9999 -9999 0.950444203302521 0.929719147313421 0.947898387887568 0.947180080271446 0.961917612559247 0.931879713154411 0.944347847536075 0.958260456611446 0.956368097156871 0.951625886911655 0.947301950489051 0.934296782127373 0.916009713325098 0.935138046583373 -9999 -9999
-9999 -9999 -9999 -9999 -9999 -9999 -9999 -9999 -9999 -9999 -9999 -9999 -9999 -9999 -9999 -9999 -9999 -9999 -9999 -9999 -9999 -9999 -9999 -9999 -9999 0.933071847335771 -9999 -9999 -9999 0.931366289112652 0.927597891341705 0.948537984842612 0.931381034513118 0.905029257277863 0.946368600175638 0.94232939807088 0.934410765291296 0.934980095657145 0.92427939756586 0.938829928928823 0.9384443687868 0.912996065042203 0.945011338222493 -9999 -9999
-9999 -9999 -9999 -9999 -9999 -9999 -9999 -9999 -9999 -9999 -9999 -9999 -9999 -9999 -9999 -9999 -9999 -9999 -9999 -9999 -9999 -9999 0.939675221665092 -9999 -9999 0.91724211796396 -9999 -9999 -9999 0.982288568058187 0.97485190861985 0.974452258452336 0.94920659185513 0.94602376216134 0.938949814058749 0.907080194844874 0.934230622307247 0.919605592241588 0.937352545511983 0.927683211925391 0.925023535048273 0.926793755449621 0.948718727206198 0.930581871480245 -9999
-9999 -9999 -9999 -9999 -9999 -9999 -9999 -9999 -9999 -9999 -9999 -9999 -9999 -9999 -9999 -9999 -9999 -9999 -9999 -9999 -9999 0.922945023454249 0.947032378559045 0.937782731539779 0.944831215320745 0.896981539075123 0.984510474518838 0.98449592041811 0.978094279781996 0.984235126894624 0.918707223443741 0.974536554668527 0.961106601262248 0.960537181912605 0.93783284237612 0.932835822097818 0.948934620060545 0.933828668198162 0.900489120442625 0.929938234475579 0.905167088600988 0.949340167958748 0.951010459270875 0.930679460667153 -9999
-9999 -9999 -9999 -9999 -9999 -9999 -9999 -9999 -9999 -9999 -9999 -9999 -9999 -9999 -9999 -9999 -9999 -9999 -9999 0.941093825432171 0.958571435774818 0.959780264258173 0.962075543412572 0.962812709328866 0.929448804414431 0.91892430177462 0.984324044619995 0.984120155758712 0.984158112955398 0.984224181252483 0.952837264707918 0.921569025167302 0.963718765086037 0.91509693026691 0.944623022011788 0.954933981307112 0.952866587914044 0.947677119295399 0.931168424687532 0.940357638006219 0.945082909778153 0.952408932942449 0.957282310618191 0.897391616224072 -9999
-9999 -9999 -9999 -9999 -9999 -9999 -9999 -9999 -9999 -9999 -9999 -9999 -9999 -9999 -9999 -9999 -9999 0.95014274522288 0.952553927244112 0.938991645846365 0.940210426246277 0.923426505776646 0.913112896263562 0.963340447961074 0.865969459617326 0.951185791218646 0.977824451273559 0.908934565300695 0.945750466717867 0.94839443431625 0.96299005221392 0.948646591677792 0.974770811942994 0.926456208468939 0.90917676926175 0.921857128132166 0.943047821052067 0.935035102554682 0.93322430039982 0.933710336372383 0.930811505099712 0.933693759563112 0.942426887964075 0.928984650437276 0.899700474112484
-9999 -9999 -9999 -9999 -9999 -9999 -9999 -9999 -9999 -9999 -9999 -9999 -9999 -9999 -9999 -9999 -9999 0.950280461340502 0.92031163700209 0.941466923624313 0.940994233516263 0.930463559348804 0.949052145440113 0.964351964572531 0.963810741830634 0.977761924989992 0.933231722851466 0.932435669302893 0.941270653848641 0.94548389563625 0.963000467585505 0.963464912631312 0.934578382080582 0.964506813983029 0.918485070786779 0.936246931007187 0.91032452470765 0.935728486972366 0.918551870902007 0.93388768080607 0.934767162941953 0.967930101709716 0.931986705281164 0.942875532779187 0.929466800395987
-9999 -9999 -9999 -9999 -9999 -9999 -9999 -9999 -9999 -9999 -9999 -9999 -9999 -9999 -9999 -9999 -9999 0.954431965780911 0.955710954354497 0.959506405461383 0.946840292228966 0.931892291372329 0.930870386963139 0.878341064682268 0.977685789658926 0.936766682687809 0.927510307237038 0.927701608907351 0.918610873923216 0.955653979473648 0.962212543308242 0.934695817797581 0.948097716452162 0.974913770168976 0.974700562092903 0.929426705293291 0.909954161893006 0.932930881701241 0.939549433219869 0.944294342774523 0.955352011435987 0.967852679843636 0.951104536629464 0.947056911475602 0.933089665441409
-9999 -9999 -9999 -9999 -9999 -9999 -9999 -9999 -9999 -9999 -9999 -9999 -9999 -9999 -9999 -9999 0.945435302930084 0.95188938798777 0.961316595367576 0.964846540979354 0.965690198142867 0.965645370574514 0.952941678374456 0.9507288330116 0.984158476986435 0.954955367908798 0.936239582717547 0.910730516925404 0.923292334335004 0.951383817787041 0.958132464076691 0.910516077319066 0.962494710661674 0.942832691053148 0.931302085545218 0.964386846125959 0.952702330027862 0.936049295498392 0.956288490580041 0.968776812593759 0.942792117154399 0.933857420935069 0.932582208042664 0.950100623419546 0.963518805218775
-9999 -9999 -9999 -9999 -9999 -9999 -9999 -9999 -9999 -9999 -9999 -9999 -9999 -9999 -9999 -9999 0.945148631091894 0.943082412456246 0.941177726727522 0.924478275681023 0.940557747217489 0.908833038562434 0.870433621396456 0.977963592654213 0.934558795825474 0.954092046796357 0.952105874206157 0.937592502601434 0.93860764440859 0.949219667407548 0.956390179138279 0.94035766149416 0.961657542140594 0.942725908969143 0.941564606088885 0.972738132860338 0.957289959698186 0.969500042831132 0.956964442336637 0.93619000284394 0.931495902993901 0.948720129783692 0.931625422954779 0.94937747324545 0.931903438849648
-9999 -9999 -9999 -9999 -9999 -9999 -9999 -9999 -9999 -9999 -9999 -9999 -9999 -9999 -9999 0.944045142310031 0.937983341237855 0.94617369026956 0.949897380092448 0.940196493068702 0.927484393652276 0.906495914356859 0.984467728306236 0.984375041994792 0.940040553828743 0.914578297292986 0.938775090611737 0.914949713998928 0.939461039017817 0.946996366066398 0.945864995031115 0.933465059533131 0.960189596157588 0.911518405413903 0.939588201535924 0.952948602822331 0.960503890157145 0.935292935808187 0.943427865727177 0.935745488357132 0.910384087638449 0.942420233902012 0.932438256520715 0.944930353237341 0.902672276192861
-9999 -9999 -9999 -9999 -9999 -9999 -9999 -9999 -9999 -9999 -9999 -9999 -9999 -9999 -9999 -9999 0.948320404399609 0.948405526736447 0.931348688426764 0.941826228170019 0.941169772989422 0.88612690257069 0.978179184317528 0.984594728345323 0.925879567957323 0.916270266018617 0.927355628695844 0.940905957513247 0.923737960390909 0.939252560806791 0.940213280590107 0.948989716983347 0.960336155093647 0.952621495108972 0.916845664253678 0.941712460347488 0.972657874105728 0.933695703889588 0.937827290653161 0.953921491288464 0.943046782189606 0.935777879975129 0.934899319210418 0.942691418806482 0.933321764111193
-9999 -9999 -9999 -9999 -9999 -9999 -9999 -9999 -9999 -9999 -9999 -9999 -9999 -9999 -9999 -9999 -9999 0.948027448083713 0.952207943432163 0.954930560606695 0.955567018220581 0.961845321339886 0.984545123287286 0.931829003191311 0.946765829740564 0.951497042859903 0.91626787541224 0.933853264448045 0.939166575779455 0.941704318679502 0.918496326351531 0.942485097337041 0.956161008055925 0.949605889312121 0.942709713393346 0.942131097099473 0.955856324635863 0.961059451686217 0.934144879803678 0.933669429449912 0.954463805358935 0.938951708912985 0.928014083928925 0.941817246831491 0.952258798403457
-9999 -9999 -9999 -9999 -9999 -9999 -9999 -9999 -9999 -9999 -9999 -9999 -9999 -9999 -9999 -9999 0.951845761256842 0.937658772687771 0.940290828478424 0.947402963998011 0.950114651955399 0.931468693439378 0.984533263631551 0.942654684015218 0.944664201270718 0.960315381052077 0.955931940364548 0.940021733501581 0.938357882290757 0.951941270039513 0.932250264693968 0.940562927204374 0.942877460936128 0.932561018728761 0.946191777600399 0.949462208164788 0.952107568132585 0.951342606695894 0.960854197486643 0.967816526151507 0.947458422296547 0.954402273250195 0.966619536801776 0.966323506328577 0.941344506186066
-9999 -9999 -9999 -9999 -9999 -9999 -9999 -9999 -9999 -9999 -9999 -9999 -9999 -9999 -9999 -9999 0.951393646814102 0.96263678728314 0.949234021964939 0.938456841990576 0.967463218751274 0.968249782914534 0.968159261685345 0.97810823117494 0.93740716992881 0.912954123973783 0.913992593740521 0.915061843944553 0.959646184928569 0.958051224722833 0.939822611226992 0.916540651339515 0.924883465000275 0.943438964696844 0.929988952396256 0.943054422044748 0.917880602578176 0.93907007613568 0.954341911530772 0.956950532329302 0.929987768270679 0.919144274458593 0.932907755172202 0.904851039900942 0.931923125839413
-9999 -9999 -9999 -9999 -9999 -9999 -9999 -9999 -9999 -9999 -9999 -9999 -9999 -9999 -9999 0.931031262361291 0.944876425570683 0.945884374573105 0.963283297079103 0.954301208355874 0.939932901128145 0.931840018968553 0.907034560157394 0.984442201431261 0.948404304838273 0.962422560865688 0.961809015887979 0.961008186373182 0.960552026750867 0.937730969160104 0.94797473890638 0.919148416606489 0.940628531323668 0.94048728313345 0.94075280178609 0.928268671834631 0.939373761825701 0.949746543527035 0.952418036386516 0.96942043644241 0.969136721720597 0.935512492354411 0.908149455715853 0.933647660752546 0.940164118468433
-9999 -9999 -9999 -9999 -9999 -9999 -9999 -9999 -9999 -9999 -9999 -9999 -9999 -9999 -9999 0.94717973700981 0.958673645768007 0.92472255253905 0.962116689684062 0.945245358576034 0.956988316454592 0.929035450508899 0.945433436929882 0.984455221900896 0.938065754381589 0.909737982769879 0.936898633346603 0.922733196609612 0.935168367584595 0.937721816194125 0.935265118684342 0.941460271143605 0.942258760420539 0.949384985962168 0.960946745063487 0.939592797260061 0.94032034929403 0.938674712360066 0.913297413627265 0.945755088946818 0.955372370089798 0.955778023178792 0.933673912868034 0.931182643309093 0.945385516737747
-9999 -9999 -9999 -9999 -9999 -9999 -9999 -9999 -9999 -9999 -9999 -9999 -9999 -9999 -9999 0.946209023212515 0.960117690349175 0.949035773499938 0.917703222252354 0.93443047567766 0.930434055528183 0.899527844650713 0.939140776403527 0.935773711678796 0.978173637011013 0.910094639704835 0.935106927385974 0.937022066247088 0.909577407475332 0.961889429615047 0.956394258683714 0.953454962537041 0.94600515178249 0.953896625449819 0.949606349157852 0.950182615464856 0.930565609580408 0.925387718200249 0.938870459830818 0.939372023673556 0.949935249947045 0.943996897048284 0.957324944190404 0.968328885254146 0.948091486786968
