Model input/Uganda/survival/survivalcombined/survival_restime_1dec.asc
NCOLS 67 
NROWS 67 
XLLCORNER 29.500000001 
YLLCORNER -1.499999999 
CELLSIZE 0.0833333332985075 
NODATA_value -9999 
[rows 40 to 59 of 67, columns 0 to 44 of 67]
0.918596926557174 0.935356407952891 0.977450890574336 0.977651465373887 0.923751510138305 0.96142343065467 0.936872736245136 0.945725367676038 0.926810753787548 0.946694168563556 0.944639308406011 0.951434562752191 0.928521798190392 0.959028105761771 0.948978023132852 0.965384391476501 0.96214454350945 0.950859350783597 0.948662853420871 0.94823803296163 0.947395471054404 0.935170720033643 0.947144945369826 0.946084368277224 0.944110700691492 0.941969519913555 0.947059200385719 0.951365444748307 0.943365909842119 0.933306531565127 0.946783619711825 0.940236971057846 0.96870261743522 0.934895037720349 0.946787428185728 0.958682673947172 0.942648246241824 0.919973193827224 0.942803342928289 0.948047223460082 0.950138136163691 0.942820043744147 0.984309120351185 0.953407452956701 0.942841563302889
0.943622512368872 0.932217622323162 0.977470288577462 0.957693070608275 0.957318897321536 0.959222033689567 0.927309923137005 0.947840820312164 0.950322461592124 0.96038552293877 0.947590714452014 0.947832569868534 0.929352882143128 0.950418028152625 0.937245873631042 0.961596189519518 0.947523411328242 0.944455797978026 0.949062771985535 0.961445307473174 0.956684376831347 0.954480310843904 0.947403441816511 0.953874269138905 0.930164316937728 0.946776807427083 0.931786227244914 0.940332941678464 0.914399237190974 0.940156300573935 0.945937146192949 0.938675901315781 0.967869701644368 0.942244568679264 0.943402343092781 0.943711244234555 0.929552248109906 0.94215308636462 0.945413641492408 0.949685957340356 0.963733685285954 0.955826467001171 0.984318342178681 0.947395836214487 0.957700884516416
0.928980840564871 0.91363090390948 0.977365014486747 0.91079712236373 0.958872059825892 0.95833762443168 0.925496207105012 0.954878404449869 0.95803077693952 0.947669803114073 0.949725579323771 0.964422772421145 0.953621017887736 0.94652560776107 0.948143858826043 0.9468063512203 0.937161508079985 0.951814504249169 0.934844739531595 0.946036395857215 0.922679353723977 0.949848112329618 0.950682833478645 0.93994242311101 0.940278517699477 0.959847235842459 0.945655860492263 0.930210990271337 0.940393630635708 0.942832088709701 0.931367299363654 0.943036234470628 0.967432534197924 0.962314875380773 0.953785635334815 0.942635609650525 0.942077944189438 0.941491920914697 0.95957838913752 0.942295960005664 0.960468517748735 0.953912016387274 0.984401334239384 0.98428620138349 0.944426446281922
0.976695782521151 0.967528886072328 0.939526557973145 0.931865629811382 0.9551285229687 0.952805545779167 0.945330435422353 0.933572888742008 0.941779260653339 0.949785247742851 0.953739229058518 0.963709703163512 0.964801376008086 0.94274267897311 0.919205265086777 0.921702805486124 0.94334052468976 0.916745077228368 0.918320995771958 0.943824256810776 0.941023090744571 0.952696590206992 0.944960812484349 0.939490205917788 0.919071703933146 0.94390745417264 0.916409386773447 0.939778549519707 0.957112973200316 0.964971645583619 0.945788007571134 0.936674154719299 0.962713922179591 0.942590104220868 0.938517153210367 0.953822202940025 0.941673595566865 0.935632050398794 0.941254450436273 0.941358490134622 0.958429531089328 0.949852931358862 0.929621650028181 0.983958108489148 0.944860489716411
0.976793832739157 0.961243432696724 0.960337384773638 0.959193728779647 0.958459936896414 0.932701633890545 0.914987479302965 0.927495715568458 0.934688679552034 0.960974342704954 0.959500566436349 0.94466226745088 0.966005483476831 0.953052134042947 0.952701738692579 0.92421936624997 0.943022220458846 0.92726272361257 0.932299100509276 0.952395640575431 0.948267412986579 0.963273836666628 0.923051714510196 0.934898207538002 0.947252176605349 0.949819444691553 0.944285782298367 0.968531383487538 0.943151057679662 0.950564028634132 0.941258657309323 0.915744706510423 0.95112165883474 0.943418901437834 0.95672012591349 0.942695983423141 0.923801821331812 0.951284867568815 0.943357535063052 0.947458676388322 0.955746205520297 0.945102345600333 0.977475809299385 0.97733828202458 0.977251198368176
0.976768777765112 0.953865792902704 0.952116412641862 0.952715467572342 0.962396503116538 0.931370107365691 0.954050166529375 0.955528058998301 0.928667968795349 0.963122379523624 0.960562600471676 0.918923439655734 0.966236399156247 0.946927320815301 0.941370978617713 0.944238757600934 0.95765586086596 0.943952495480773 0.944278097308947 0.959204424539379 0.936605475100461 0.964463096986433 0.95264126924517 0.964425138376558 0.946985076963409 0.944588221705478 0.946548433549574 0.955594430600957 0.964715037048382 0.964747320949603 0.932354792204091 0.940227970939163 0.944726519096119 0.944026936967362 0.939136540965245 0.93286910839393 0.946602369319214 0.983949010247252 0.97736686259561 0.936329068247776 0.945197366256688 0.936396014451515 0.98393338662715 0.983834129625321 0.977232078649112
0.961375448655929 0.9670631308899 0.946038808411698 0.931970662443289 0.949097014286624 0.947279030820211 0.937552524994383 0.954943813447395 0.974553557325152 0.967266890299217 0.962150216031706 0.944434371022335 0.952956570625671 0.961018190671647 0.961960549660902 0.963417242208723 0.96804505126593 0.968470069502072 0.970221327391497 0.971511437741709 0.97175100481055 0.974570492631896 0.964636397017636 0.949472782522715 0.928712096809884 0.929644085127033 0.956211205487453 0.944841140882785 0.942952032467211 0.92742200448521 0.939738465452707 0.940360008919574 0.940136834928875 0.948064506237287 0.97754442896521 0.984109983828245 0.977439150067025 0.983987356837516 0.983924985071086 0.983939037245692 0.983973401791806 0.977494901996694 0.983950406045913 0.98388858683541 0.983894125040207
0.939189106012533 0.976399444662528 0.955505830006586 0.951585994494004 0.951942341310272 0.949662662080416 0.97496545976187 0.974621480964354 0.974779950184544 0.974831902957807 0.961548437718352 0.972524044378593 0.969181007841889 0.969003898331311 0.940782694344061 0.939997321140939 0.961595850322247 0.950057019015447 0.964543299541089 0.951136924119846 0.95070021353336 0.948764335957506 0.95528424783131 0.965293900463344 0.95530091306708 0.956636973615949 0.94563970128505 0.945510249578736 0.922274749806104 0.940928984853163 0.939461660989566 0.947860558396833 0.977602098790643 0.977588784510319 0.983999944145075 0.977504193357282 0.984000708282259 0.983943083454912 0.983879080910557 0.983972066541667 0.984018047071521 0.984011816149941 0.983857393940172 0.977242233055744 0.983888656773422
0.950454066325914 0.976302172599168 0.976402789994024 0.976639478569193 0.964382840475829 0.940042136972706 0.974421194060959 0.964079011130337 0.974566535419826 0.964540041229954 0.942585872734239 0.95666332071419 0.94189817551387 0.961776248408844 0.95397620337216 0.960257958610495 0.955359114105649 0.918828525313506 0.964265681865267 0.943944418687285 0.963218932130456 0.934582520912502 0.948832585526598 0.94743265260499 0.976245645697119 0.976884498053447 0.976950000695795 0.977054876275713 0.968026410637247 0.948037300119979 0.98420628664149 0.977592973052186 0.984033627952672 0.984148141706432 0.984063078220568 0.977424871603639 0.983834494031055 0.98382052899938 0.983835818745837 0.983868111720597 0.983875794784874 0.983856738864548 0.983828459593479 0.983818058672969 0.983892452533477
0.975903885482632 0.975662560390967 0.975729098229804 0.975541173802372 0.975621852711483 0.920894897786425 0.927323667264679 0.934754881310823 0.963159383140816 0.974246955477018 0.929270567300956 0.940358025876727 0.940926700608758 0.942172652670933 0.963898371380131 0.957697972559484 0.939259157385371 0.930926889144177 0.962793156320231 0.961532810094412 0.944436904357698 0.944781136037247 0.924638062153353 0.926813821546796 0.951048955951647 0.944160486983664 0.941684419093603 0.920199501149646 0.983536834334169 0.983553382185464 0.976898532437361 0.983537493023982 0.983633989307261 0.983598888259982 0.983556162792241 0.98341265455659 0.983505936609834 0.983626181252561 0.983655507917499 0.983677740772611 0.983641551265237 0.983519821369863 0.976740478675908 0.983523235315445 0.983519033993928
0.965713108913733 0.975571564524322 0.975432365792742 0.975550369377242 0.975322671223472 0.921976076730479 0.963770231625142 0.973789829781709 0.974027114946247 0.936194099468527 0.942761525608504 0.94001027373876 0.95679346633909 0.941750493334662 0.963563427649857 0.95539655964682 0.938385701397341 0.945754655579573 0.939876443605869 0.960962892166715 0.944740765022669 0.959739817148453 0.944935070576106 0.925649021333513 0.964300260100761 0.937534498962833 0.958138981039138 0.936029669012212 0.976863132418451 0.983540595709823 0.983521609459954 0.98350529797678 0.983489776367558 0.983471725536123 0.983456824459005 0.976765720146862 0.98366918591095 0.976882689217702 0.983679583173502 0.983674883979727 0.983528433920438 0.976861101238559 0.983551409247295 0.976724295902781 0.983408992182327
0.975385242371427 0.965453886778841 0.975392211935059 0.975444848117409 0.975401786247362 0.975408961303236 0.930494626583751 0.946502967094981 0.936352356382624 0.934232565068569 0.939039694736879 0.930618046410463 0.9447184335443 0.921011196905948 0.962140122867072 0.933249511462853 0.933166088359159 0.937725861105277 0.927985684885997 0.955943566404383 0.945826234971415 0.952885981803459 0.925860327396191 0.947469183139523 0.963804246909284 0.908952548891666 0.954042755892972 0.937005045172719 0.983545905362041 0.976893136089066 0.983616464877123 0.983513856265362 0.983497983353659 0.983583608910083 0.983573389415767 0.983575474682297 0.983569055116676 0.983553757384295 0.983529654981449 0.976843267110086 0.983518892271931 0.983511470450685 0.983534804548757 0.983525994109949 0.976677818727754
0.975328872217482 0.97547540929093 0.965506375254039 0.965574119316354 0.975570047452545 0.937797924777176 0.917032215659574 0.961474722260677 0.923962245159624 0.931252254831448 0.924246513950284 0.901370811492977 0.94438900289916 0.934614809607776 0.954498014796949 0.931533149292035 0.939430783694179 0.912105302913637 0.941254978877082 0.946474466089936 0.94731287281926 0.946877007099384 0.94587068285458 0.957150108884005 0.961652089405339 0.926269836317275 0.946241669453957 0.912494480111584 0.943138851271131 0.925773429114373 0.976842213868079 0.976893190205966 0.97686615640247 0.983622336127842 0.983484871844265 0.983468101372697 0.976894651725898 0.983542603568507 0.983634114348647 0.983511856553484 0.983500551617268 0.983486521569361 0.976696090647433 0.983404018101799 0.976659228773807
0.965372166855648 0.975480401411406 0.965551418136827 0.965655583950771 0.975650525734729 0.906954327685868 0.9068816701464 0.961216261896197 0.959621659841716 0.946734999855366 0.951072656317506 0.94922048098788 0.920081633852518 0.929061792756723 0.939375104301098 0.939075956013159 0.914366986904974 0.942564792808758 0.943710351999227 0.944983276922489 0.932702732666576 0.920345162719701 0.924900299763407 0.944126045362234 0.955056813617686 0.940245120654159 0.937758815652385 0.939850131378464 0.951384047254031 0.957491017368875 0.983635237712793 0.983522556410239 0.983528875064523 0.983652964231256 0.983621855572884 0.98348618868685 0.976917528313472 0.983648508300721 0.983527485698856 0.983512343799672 0.976814710794074 0.983603033061483 0.983519881309583 0.976677650270473 0.983394675956909
0.975483873890393 0.965471716892495 0.975597006267179 0.965678071682822 0.915896586218988 0.926231463368852 0.942045069801943 0.934261192494425 0.944344805005776 0.949794295561874 0.93874883363867 0.954348914913431 0.943958939661366 0.941372116558557 0.943017098004556 0.929819652355692 0.941666063867696 0.949354402505145 0.931130681592339 0.963781920717312 0.956038861268086 0.950620519110933 0.945961295906681 0.924906334309999 0.946179049376346 0.933478390907474 0.926502735004484 0.983624155881741 0.976913708483436 0.98366274489654 0.983637121146438 0.983525006963233 0.976885070419449 0.976872870022017 0.98360343900224 0.976815250129454 0.983565530619832 0.983543036409675 0.976838114317467 0.983503580473618 0.983502781409892 0.97681498668788 0.983518912280068 0.983397694247793 0.97666417793591
0.975003495131511 0.9749695221986 0.967433450999032 0.901999360239288 0.943181441250041 0.9396697394115 0.923359680675885 0.945711925973092 0.945914816744605 0.960825885508032 0.925140116299614 0.956951408564642 0.951208694631875 0.919521800609719 0.941212882948564 0.943243376014625 0.936639940001063 0.957418741108223 0.939958524500353 0.963047626962601 0.938273810822976 0.946079992319764 0.938793854378824 0.938501902248342 0.911169406530642 0.921579236965596 0.917889852159923 0.976400770479921 0.98326616160136 0.976331649133207 0.976206559336607 0.983174560701353 0.983051683597011 0.983038706063932 0.983014036451155 0.976125885701261 0.983016166753183 0.975961480883631 0.982980848953866 0.982972163510911 0.975921095302048 0.982951013041973 0.975819499572817 0.975795236503392 0.982879535805942
0.974965167504748 0.974947685731103 0.9674462172035 0.966982661163802 0.936917043476167 0.942231445978716 0.945337691559138 0.943919437689395 0.931863218130792 0.962102954982858 0.945520016660225 0.967965635851311 0.968097583939018 0.968419927814911 0.968555883614186 0.956584083745364 0.971219487479563 0.961819625755579 0.971935538564463 0.960720546708728 0.972403358132407 0.930840674815895 0.961358153042624 0.921014455304645 0.931732986886222 0.919910808404396 0.983357441738784 0.98318581964919 0.983157607255863 0.983155933992825 0.983060398328181 0.983054483425421 0.976190581128983 0.976165141503037 0.983126341112725 0.98311706091187 0.975979343188227 0.982876632784478 0.982870375326567 0.982979664746453 0.982971030276185 0.982961177412743 0.982780932114036 0.975797620721087 0.975795173555436
0.931607777778187 0.962107754107482 0.947108026285469 0.96724703286825 0.940565407243208 0.945893799974707 0.943417738406881 0.958561616460514 0.942045865624463 0.963282885575673 0.952476201211344 0.944283809850179 0.941457991717144 0.942613972592803 0.951513259896258 0.954545900285614 0.970980880381218 0.970888322695192 0.971837881938368 0.97196963769918 0.972281114157226 0.961323574245126 0.972446102698572 0.939243472734594 0.952879843814117 0.911326630210848 0.983325458864272 0.983278499124587 0.976368315122528 0.976366177040633 0.983175657139634 0.976196667362124 0.983159198390035 0.98313648588596 0.976139492761981 0.976131013974093 0.982889787095725 0.982990854861576 0.982876313127493 0.982857325297781 0.975917878871334 0.982838128341998 0.982783878071575 0.982869675898056 0.975775414515132
0.901555654722825 0.961774569148665 0.942866801058369 0.967529012770124 0.939915073838291 0.922018224325859 0.961300797817646 0.959275234440046 0.945595273621019 0.951435849928729 0.951607792110092 0.943708266555849 0.939747653861888 0.916635452650686 0.939519127689386 0.943027606810252 0.959371870457078 0.971048595521122 0.936709006050881 0.910911181513851 0.932802919434635 0.936138080264465 0.961519908392643 0.888518405413268 0.955066625489759 0.955700669509014 0.98331688404532 0.983184838148199 0.97637486644251 0.983174710791996 0.976210272429935 0.983163671126797 0.976186070749545 0.976150323359147 0.976139956701336 0.982992996925469 0.98288753699664 0.982862211313003 0.975927079036846 0.982967231050307 0.982961428921065 0.982956676306248 0.975816526379585 0.982760553311771 0.98287234406468
0.930313971956464 0.961980149900406 0.937716991191774 0.916992522713446 0.95430341249741 0.963688360700498 0.961875216586228 0.945613089653371 0.943595973742059 0.923778207137651 0.946691113499637 0.941320025161058 0.948808883423462 0.939219229348271 0.939894687570531 0.948579114395407 0.947257113972563 0.938834021825989 0.939801756318934 0.921020978829911 0.94989643602299 0.94008174657234 0.907119163128101 0.972474777506083 0.972481526057229 0.972487088848583 0.97643155645753 0.983287028399527 0.976382251862567 0.98317621604465 0.983060831580713 0.983050470222296 0.983029774207716 0.983012427687856 0.982994583281801 0.976099682714245 0.982994209192845 0.982864903494243 0.982850450565759 0.982952532398849 0.982951025430519 0.9828331835599 0.982888828150391 0.975788298562188 0.975769848524978
