Model input/Uganda/survival/survivalcombined/survival_restime_1jan.asc
NCOLS 67 
NROWS 67 
XLLCORNER 29.500000001 
YLLCORNER -1.499999999 
CELLSIZE 0.0833333332985075 
NODATA_value -9999 
[rows 40 to 59 of 67, columns 0 to 44 of 67]
0.916116424832534 0.933512435177514 0.975964836368891 0.976236481293483 0.920904367235806 0.958298659760099 0.932188565438319 0.942317284058577 0.92355708079178 0.945422465600042 0.943012485636688 0.94981312813025 0.927642325807672 0.958290669536841 0.948208879271732 0.963687205141216 0.959146253489469 0.946561030448776 0.945652662118328 0.944961215382277 0.943677119443423 0.930788114670853 0.943532287755652 0.931354438566124 0.925652780256723 0.938656582406212 0.943492068854706 0.950860922099591 0.942277953859381 0.934694786015915 0.948426981699193 0.941683982465676 0.969673167710842 0.932642638771735 0.944331614744289 0.958425190895937 0.944960056205379 0.924681558168118 0.945953389023745 0.951467046725682 0.953486455754092 0.946156095041875 0.985854535876495 0.956539655942947 0.946659226986818
0.94197111034798 0.930079120165943 0.975935905132004 0.953996755652859 0.953525829265926 0.955853902508631 0.923422499448869 0.944827443007793 0.948399904809364 0.958850306276425 0.94553672189985 0.945565560531598 0.928139510539035 0.949352174545911 0.934860521508326 0.958893437724709 0.944956764022314 0.939211700555583 0.945872911247444 0.958971512161512 0.953508725765428 0.951247826944666 0.943972347479037 0.942601548657511 0.909015514122133 0.935342938077164 0.925085500279113 0.941547093098086 0.916868058611547 0.941291305345342 0.947716893821216 0.940571874829518 0.968800481457687 0.938597885618086 0.94036462788072 0.940994656695656 0.930726940845089 0.945604007130089 0.948922317354941 0.952865355255728 0.966173799214372 0.958400838084911 0.985882467221621 0.950521824429269 0.960486412290878
0.927390314328278 0.911437986794013 0.975839825898746 0.906236347467528 0.954984587667281 0.954530983753721 0.921284593400905 0.95220746059506 0.955702358335049 0.945420637647342 0.947496313568955 0.963030277800468 0.952509302370242 0.945014610356144 0.944379865313803 0.941712575089283 0.931004371563549 0.947567627095554 0.92924351028059 0.941654193310522 0.916732487738912 0.940541718249584 0.941340389026781 0.926401191042851 0.918934945357227 0.953554661651669 0.943275625032974 0.92642371307816 0.932187548216226 0.92424262494921 0.932769986329135 0.945159244825077 0.968513320243364 0.963073714659916 0.952606432357941 0.939838615676249 0.94262944883827 0.944924153804067 0.962099442483998 0.945693178488309 0.963141973255845 0.956475936886663 0.985940750564686 0.985847519268666 0.947448176705823
0.975804471603639 0.966299222811903 0.938760135064705 0.929648392284222 0.950337332354535 0.947544056428817 0.942860745526532 0.930992933083531 0.940550043915332 0.949541858658855 0.953571740644662 0.963664883454008 0.965167478441279 0.934066661146596 0.907057954289209 0.888993983827117 0.938933593494398 0.90857178576738 0.915230117197876 0.931250351566311 0.922901344371609 0.944614870164539 0.93564261932788 0.921578097526696 0.898184828359305 0.936556039470419 0.894480527358632 0.925725767897621 0.953460628626731 0.962960427634409 0.941858950257101 0.9407761793441 0.965486505688469 0.946551608266497 0.942299417003675 0.956531748615667 0.94566375847102 0.940439391042661 0.94590394602061 0.946080096107792 0.962149714503268 0.953677746957125 0.934522460649548 0.985783358186484 0.947838757865423
0.975890189304578 0.959897463223985 0.958726169447211 0.957292023019024 0.94895167942895 0.920531789449133 0.910031126995485 0.924611577470119 0.930921040537481 0.960331999599102 0.958157907592912 0.93948683407936 0.965723962414763 0.946787026934235 0.934569894886191 0.895143430794334 0.921848162226281 0.911354039596185 0.922065284052682 0.943710892114227 0.93677478616702 0.957545598695184 0.911289426486164 0.925408314472801 0.940215003122684 0.939906384129833 0.932276278294391 0.966078990542388 0.936729908143111 0.947787292724595 0.941169359218014 0.920596247500792 0.954590395494738 0.947289342570131 0.95949890713161 0.946357751219186 0.928239722283565 0.954757704432007 0.94742942898461 0.951664963489217 0.959602566039733 0.94923465730278 0.98000573432017 0.979926416126406 0.979855417831466
0.975797185229947 0.952261709390699 0.949986558540814 0.950331237716204 0.954131093074096 0.923441284802165 0.950113016085293 0.952206604114644 0.924525694046478 0.962022506631856 0.958889289500292 0.902281867155713 0.965799692197845 0.923512162458319 0.921740626339368 0.922146944069255 0.947537612474349 0.928290028065226 0.932601625963189 0.953310632149454 0.926927796973734 0.959374867352168 0.946721654225995 0.959712973679361 0.939564283313682 0.931740799421212 0.938075684710169 0.952196064558884 0.962701359206937 0.962762210380054 0.936778559833911 0.943749385155215 0.948365949543275 0.94770593708344 0.942709753645583 0.936513907175227 0.949487539505875 0.985734932331134 0.979861500060368 0.941066039796408 0.94976900753031 0.941364377954471 0.985774295208062 0.985684177877865 0.979814666189537
0.960769686748529 0.965653332626613 0.944446562743439 0.928553906380428 0.940909357242371 0.944179426791522 0.93440924163671 0.951547291590141 0.972566754673077 0.965860017318119 0.959724252435337 0.93316434031413 0.952060179790286 0.948059522561499 0.949904901977449 0.952404276903359 0.962618605798591 0.963229593139266 0.966337797172412 0.967913593189506 0.96831052302452 0.971621858473704 0.960697886364102 0.943006780700788 0.922569539071183 0.923438701290187 0.953065873258891 0.933848661294386 0.935918859717523 0.930833401652912 0.943364695782794 0.943954995902254 0.943705294117308 0.951416200482122 0.979744775653406 0.985686882769606 0.97993282091578 0.985773694593103 0.985678213698311 0.985716171536602 0.985775882109912 0.979956790109051 0.985774435235745 0.985726338889673 0.985711339048516
0.938497135833953 0.975307035816033 0.954012725714331 0.949905605217514 0.949547838879561 0.944100615346639 0.973105326444592 0.972726268903375 0.972785944124253 0.972837582751937 0.959586473733352 0.971130372113987 0.968134669865928 0.968034861222545 0.934111174968112 0.93500606799893 0.95835169986982 0.943242761997147 0.95975637331915 0.94003093893454 0.944559161575255 0.943133268127332 0.950388470760961 0.961590524692204 0.951889784851259 0.953652204308331 0.937229826136863 0.934144535267703 0.912196669070231 0.943628335597444 0.942963426358684 0.951254416372419 0.979788788662977 0.979749736453655 0.985560407269178 0.979695434250526 0.98578801085213 0.985761174365293 0.985685501315259 0.985769432676371 0.985797134840092 0.985783212367695 0.985708344561566 0.979819056448595 0.985709052539683
0.94982785622515 0.975188822247921 0.97539202523901 0.975635826638879 0.96074316115273 0.935092216402434 0.972514584618861 0.961480929017484 0.9726192868113 0.961744465972218 0.938077363040795 0.949124689998665 0.932605140342221 0.959009452576623 0.95317047105928 0.959353593122575 0.952134249624821 0.899363826272113 0.959497727599782 0.929919271363141 0.958421652503641 0.924751710318972 0.941204997542434 0.937014733597142 0.974250715693443 0.975258604489549 0.975350662382463 0.97548169945479 0.965988335676996 0.950521749728294 0.985747892019329 0.979801435187314 0.985598571136772 0.985685336885691 0.985632259193243 0.979681765774624 0.985684504767505 0.985667011197428 0.985667444111577 0.985679504617908 0.985682164811845 0.985659231995748 0.985665938778458 0.985639980477727 0.985723183966246
0.975489377965314 0.975183672640205 0.97531135138401 0.975154077756019 0.975230571468534 0.918917182403884 0.922581321684064 0.913945450836112 0.961616926532718 0.973078229981501 0.918713206456648 0.928224159216352 0.937966628517942 0.940560460188895 0.964546226428145 0.958266707556426 0.938776985428346 0.927404444621797 0.959230711487136 0.958014925383934 0.933670010197731 0.939747160537209 0.913901931247125 0.917311719138588 0.950158903674177 0.949090367505257 0.94711811370522 0.927015738101525 0.985561657760959 0.985577356758134 0.979893231531065 0.985675633554235 0.985758436591373 0.985731516811427 0.985705192921852 0.985602774962749 0.985531335493745 0.985625492556285 0.98563708892157 0.985650470825503 0.985642399054302 0.985526814396976 0.979378103642998 0.985398823382686 0.985372516516575
0.965151897562231 0.975137863934309 0.97501046422877 0.97513994690616 0.974914426370035 0.910330746711774 0.962281763826341 0.972686983649179 0.972964912197927 0.931623585014762 0.931170728041192 0.931843914089895 0.954968679257188 0.940868472232143 0.96423897003936 0.955974150115029 0.937789557070309 0.944051904979439 0.923882338703288 0.957452843411637 0.93426470070833 0.955986798500751 0.935669614836112 0.917906550113738 0.963449394652257 0.942755196591942 0.962062535215062 0.940826182601727 0.979734814715008 0.985567378240846 0.98568127062667 0.985669589187605 0.985666687401972 0.985641449274619 0.985612761417678 0.979764854937429 0.985635705662355 0.979672534548081 0.985658537621594 0.985653758018154 0.985531926454553 0.979668079097677 0.985420663841163 0.979346496219497 0.985273922767754
0.974960951912633 0.964867469413741 0.974989340060809 0.975030317657468 0.9750089004204 0.973499183122262 0.918358595169236 0.944523146917089 0.93092850464502 0.925869126031692 0.927037335145965 0.922698398918021 0.94422355231068 0.92096993468999 0.962872680025242 0.932411278103789 0.934136542747745 0.937598736964136 0.923954804988082 0.950964222330199 0.937863218348143 0.947569987179809 0.916725181464884 0.942367835484175 0.962647720149548 0.915220553539024 0.95817145672454 0.941811780981378 0.985601681931547 0.979751822575143 0.985784263814726 0.985692873210961 0.985677788459101 0.985763343233068 0.985732360177819 0.985714822033016 0.985549448461828 0.98553609669316 0.985534454243842 0.979671630982046 0.985536710308485 0.985521534861574 0.985417581983793 0.985399427252497 0.979307633163206
0.974864837718298 0.975019493745641 0.964915891078108 0.964981467708796 0.975090688726701 0.933305130823145 0.904142995918963 0.960303137824446 0.913401484712766 0.910065983592657 0.912462720224842 0.884640019690831 0.943944341396724 0.934954433975267 0.955148326757273 0.932759837832569 0.939569075466288 0.912553938434901 0.938526537880447 0.940660752264044 0.939842713941297 0.940334881810841 0.939472639732529 0.952903348960167 0.959648001426899 0.926740708620596 0.950759626078903 0.918953328680231 0.948043143517572 0.928914854246092 0.979902098541158 0.979938270974389 0.979921897732532 0.985789540765714 0.98566385200848 0.985643424253728 0.979722425585339 0.985549720073844 0.985630901483212 0.985527216018806 0.985526579129484 0.985525982535397 0.979375533288759 0.985297423056705 0.979313451820897
0.964700844605209 0.975024048366509 0.964947236133127 0.964991326668589 0.975148140171625 0.903701413619263 0.903689035570603 0.960154357042606 0.958435334181117 0.943125435433758 0.940905406233978 0.94229469913575 0.919701728517426 0.929734504492046 0.939501153049529 0.939602820419037 0.915120815627743 0.940801799620807 0.942809948871652 0.943028935429198 0.926276345394722 0.910062412830131 0.916919170369701 0.934757554123236 0.952481484875577 0.938238288420434 0.942712377569889 0.945027990383404 0.956077393105788 0.960627453195058 0.985811847725021 0.98570251650297 0.985711215403395 0.985817355363582 0.985775421128785 0.985667878623916 0.979758383603799 0.985652108826113 0.985547093219334 0.985541073107577 0.979680872068715 0.985633745139076 0.985420720770888 0.979355975648895 0.985289535119397
0.975026422344545 0.964902532414875 0.975207413192213 0.965078553753919 0.913404178852682 0.922414962880849 0.940399754693119 0.932848454190652 0.940485379476944 0.944214871877209 0.930632717543245 0.949476286701034 0.942446924171211 0.941413428950106 0.941283833754964 0.928409015132789 0.939709345091434 0.948434862357908 0.93069181440878 0.963517667145934 0.953965373181955 0.948648914673815 0.942533199656807 0.917153679097705 0.942228052300092 0.927544784257513 0.932151860516551 0.985681899297007 0.979792195505067 0.98570447510142 0.985814069858478 0.985720299275215 0.97994855688196 0.979936616255385 0.985773223607512 0.979877503446087 0.985604701832362 0.985566045654037 0.97970624546251 0.985555023054791 0.985552920605401 0.979670961245331 0.985435928156001 0.985318284653161 0.979363670485597
0.975265219575231 0.975251020657896 0.967802295844849 0.901999088213412 0.943150071333724 0.937809653236354 0.923578946902647 0.945668872551972 0.945692440257413 0.958390026901364 0.922414281593172 0.954221066058431 0.951019583491724 0.91780905693761 0.94057955404997 0.943801660918095 0.936947841155489 0.958100870360795 0.940483334467937 0.96401024520044 0.935171430489674 0.944775830505037 0.934991701348262 0.9363719706582 0.911079019016258 0.924619351627642 0.926604874663579 0.979889127265233 0.985770945621256 0.979859045341793 0.97965221406992 0.985609551782104 0.985502943014805 0.985491083316048 0.985471127853538 0.979557059856972 0.985332205159369 0.979216409726619 0.985298275436129 0.985292910651546 0.979172269701111 0.985274192248564 0.978868363485378 0.978845753752803 0.985041772070785
0.975216832290196 0.975209361906502 0.967795274769975 0.967406502702647 0.93550751114807 0.942402626532514 0.9472105947146 0.945663717698522 0.932975996789201 0.960435800998146 0.943788137285769 0.967751907675628 0.968808969505984 0.969161587624461 0.969345144099535 0.957688052094073 0.97221246650662 0.962834313411747 0.973552110789616 0.962983114369684 0.973972672272752 0.931745877008916 0.963782204766819 0.923802126053393 0.938542507712972 0.923959339816475 0.985848337685755 0.985702225311992 0.985686319249337 0.985677218647573 0.985529721664955 0.985518170941818 0.979643031129376 0.979618668960633 0.985584140193262 0.985556989198886 0.979262476910077 0.985221408743949 0.985212192910172 0.985288657539538 0.985287089304759 0.985289503063881 0.984967532410143 0.978869567122083 0.9788557240393
0.932890916056252 0.960721120196174 0.943379376191664 0.967658829927175 0.938830055179896 0.946298836121935 0.945775389089682 0.96013912801966 0.944000401907749 0.962210863087227 0.952325142078208 0.943616025306409 0.940940412144254 0.942132993091202 0.952744168990215 0.955854751479139 0.971933413640873 0.971831162826191 0.973575144350156 0.973663326363628 0.973903218148113 0.963655843030297 0.974132075953163 0.945492289441317 0.956752266205298 0.92063628524069 0.985830168004302 0.985801198987228 0.979907022294339 0.979890902345548 0.985635646355371 0.97966765452905 0.985610454242141 0.98559616568356 0.979610136719353 0.979584091827309 0.985249227220256 0.985323262825944 0.985222718197593 0.985201231036404 0.979208512246557 0.985206835460503 0.984977754143489 0.985078299427451 0.978870923892954
0.897776510580268 0.960243811810196 0.934691483497835 0.967820472216958 0.939210709167245 0.922314497589701 0.962952899325469 0.960962865761257 0.946304787771991 0.95121280926566 0.952268614206793 0.943602508633751 0.939189057931978 0.91634927994448 0.939950904034421 0.943618336440177 0.960635737657995 0.97194846527414 0.940938333677119 0.911960471321734 0.936726183459534 0.938414323693145 0.963875012494361 0.899181546757655 0.959402433004032 0.96027165917005 0.985845071260441 0.985736746763858 0.979923636154196 0.985699132907556 0.979695017622076 0.98563093304795 0.979647529895138 0.979627307529819 0.97961468101906 0.985482189455441 0.985258676681588 0.985235883810973 0.979254886871497 0.985316245441179 0.985315894378241 0.985315332830548 0.978911158113171 0.98498753371498 0.985073671473154
0.924579465033925 0.960271914238472 0.922375706877975 0.903217190627325 0.955111484479906 0.964088186755975 0.963406589117987 0.944320565351104 0.944843448342222 0.925422112233881 0.94710867148569 0.939878691217172 0.949596089165558 0.938878182813557 0.941327353989951 0.95086355094024 0.94915509173758 0.939769700269827 0.941834815226887 0.925161546423815 0.952840722450932 0.941890847590929 0.915835915352687 0.974170374463893 0.974741675935899 0.97471273738784 0.979999536080222 0.985835987540844 0.979951609512723 0.985714524846938 0.985551995612228 0.985538224442713 0.985519472213635 0.98551162371952 0.985491936944871 0.979598934443669 0.985356677855594 0.985241475840302 0.985238931588719 0.985318978009079 0.985322472927205 0.985213452755904 0.985094535011151 0.978899548790667 0.978884794345928
