Model input/Uganda/survival/survivalcombined/survival_restime_1feb.asc
NCOLS 67 
NROWS 67 
XLLCORNER 29.500000001 
YLLCORNER -1.499999999 
CELLSIZE 0.0833333332985075 
NODATA_value -9999 
[rows 20 to 39 of 67, columns 0 to 44 of 67]
-9999 -9999 -9999 -9999 -9999 -9999 -9999 -9999 -9999 -9999 -9999 -9999 -9999 -9999 -9999 0.942007410065732 0.92985391202378 0.951283097146273 0.934979716526494 0.941293358027815 0.932578899175066 0.942777708307336 0.953345104636582 0.930443434600269 0.95854214573137 0.956951444848184 0.913423721730075 0.9258164906513 0.979563553642767 0.964823145573291 0.941060441279325 0.918906156020695 0.948586612207316 0.927834591478495 0.96928585627662 0.968885839803402 0.958262489584945 0.948919923331328 0.942553563263059 0.947175134158265 0.948581579960906 0.927442877018152 0.952300172287373 0.953571027909435 0.957563821653119
-9999 -9999 -9999 -9999 -9999 -9999 -9999 -9999 -9999 -9999 -9999 -9999 -9999 -9999 -9999 0.948513202600634 0.92955956498849 0.928609054312826 0.943136909187318 0.945131071924592 0.929481645927859 0.938137979016558 0.931915267521754 0.932969853479107 0.979326208599025 0.985315018508932 0.985391899940966 0.985437047256317 0.9423826698309 0.979751739699197 0.985523649969363 0.944196382152217 0.954088890045553 0.926203055110196 0.957553217602332 0.940935636211022 0.949082070167346 0.951580642829687 0.963032466845066 0.961214179633687 0.957593214824901 0.942755154380367 0.942160601897216 0.946814329999884 0.946248355617965
-9999 -9999 -9999 -9999 -9999 -9999 -9999 -9999 -9999 -9999 -9999 -9999 -9999 -9999 -9999 -9999 0.948947523635842 0.937184602211569 0.95037238486585 0.915831162209712 0.980154636442817 0.979723655463023 0.985513651927947 0.985542047311599 0.940501412338597 0.939450275632287 0.937282684797844 0.940443377497884 0.955930231867812 0.953593021298084 0.950308487841294 0.979715440222571 0.985580624764669 0.985613188079835 0.946446058195067 0.949022524508712 0.967171598560546 0.949293318885937 0.936995904957896 0.948378426046139 0.946086847873808 0.919306997877448 0.940889334315688 0.94022197478919 0.923446423990036
-9999 -9999 -9999 -9999 -9999 -9999 -9999 -9999 -9999 -9999 -9999 -9999 -9999 -9999 -9999 -9999 -9999 0.929879247691788 0.986758764997959 0.986343849421081 0.985702897382698 0.985617341479405 0.985528834678899 0.94867518295769 0.945765080854433 0.933024956614229 0.944348121103839 0.93685861891264 0.942779672591941 0.947936851346249 0.945089706112883 0.94486815922247 0.940822064063825 0.98567293182813 0.946110275433801 0.936843904964522 0.955626664844133 0.953984692604384 0.947713754227719 0.947907797775666 0.941757858385695 0.917667473740399 0.952135328817952 0.957853348477947 0.946113520260803
-9999 -9999 -9999 -9999 -9999 -9999 -9999 -9999 -9999 -9999 -9999 -9999 -9999 -9999 -9999 0.946667639234919 0.943608377571173 0.987339797965039 0.980469416250321 0.980189172999007 0.985568003260888 0.985636979152506 0.985539746286315 0.98563617673129 0.951859054168471 0.964064042058601 0.963473791254965 0.950863189866065 0.929228914366997 0.938694215588884 0.922646975212869 0.923048005351492 0.945298818157693 0.959422862246419 0.97975104867958 0.968620513714002 0.946645067367867 0.923644715210358 0.925770988040058 0.942548144901792 0.952585372130756 0.940638129556236 0.96387107037127 0.958992938147524 0.919703128464514
-9999 -9999 -9999 -9999 -9999 -9999 -9999 -9999 -9999 -9999 -9999 -9999 -9999 -9999 -9999 0.951141684757277 0.982110164265541 0.986140302843815 0.985500782430077 0.985422394238769 0.979480234758583 0.985478265068211 0.985380123109106 0.979461512331636 0.943978334395429 0.93623352718273 0.919952274759999 0.942028088033502 0.922782249523327 0.951524611597038 0.944255487715888 0.944561485874567 0.944602061819833 0.97959742851425 0.965802215200556 0.964609867714821 0.96445897738559 0.963101118607648 0.961065655161844 0.949544442694971 0.949797397826897 0.941892222402905 0.952111350259986 0.952822625969917 0.919662307634543
-9999 -9999 -9999 -9999 -9999 -9999 -9999 -9999 -9999 -9999 -9999 -9999 -9999 -9999 -9999 0.982446668015743 0.98636931976943 0.985780415566761 0.985467298019447 0.979530270580393 0.98550446466415 0.985402237608745 0.979480079994023 0.943622855561623 0.945235676186687 0.942869588110576 0.944202755403589 0.957260989034693 0.942778168141647 0.941958177985124 0.950499277018542 0.931675357301778 0.92242726562197 0.98547309790039 0.979547342663651 0.933759286276865 0.94675407021086 0.944657081035024 0.944834954516072 0.954992802279257 0.953035926060647 0.95423028891361 0.942177792807011 0.957337986280683 0.95243592332674
-9999 -9999 -9999 -9999 -9999 -9999 -9999 -9999 -9999 -9999 -9999 -9999 -9999 -9999 -9999 0.986566184593951 0.985830954629102 0.985767504178129 0.979565106946824 0.985524488851759 0.985414484557876 0.979487684602092 0.985524406484453 0.935229866047234 0.958283993651464 0.925205688685593 0.922651272011922 0.943767882848866 0.921682200445165 0.920640774463117 0.946277057775205 0.985478657821049 0.985490857562004 0.98557399071637 0.943148317857202 0.921419401170736 0.94659820657425 0.956180012058085 0.959793869793962 0.958587772193143 0.969875848538412 0.963552003494113 0.943034398227872 0.942396085604604 0.985491487837816
-9999 -9999 -9999 -9999 -9999 -9999 -9999 -9999 -9999 -9999 -9999 -9999 -9999 -9999 0.986520875508184 0.980164992049845 0.985775509560171 0.979945502114196 0.985436648612277 0.979501011392014 0.979479215438891 0.985640071705046 0.943175719441504 0.956266905603645 0.957438057956385 0.955117772542784 0.921857622415313 0.957468407917353 0.943688427084618 0.917826101091508 0.948974619458415 0.979548301363069 0.979611315293721 0.985548815087945 0.960537134588488 0.947796920841761 0.941979899703751 0.942656642098299 0.959815205271488 0.944218388997338 0.946886835036429 0.962254160432501 0.961005454774486 0.94262477603771 0.979377304792127
-9999 -9999 -9999 -9999 -9999 -9999 -9999 -9999 -9999 -9999 -9999 0.987541310587902 0.981679331535316 0.980815100607187 0.980116610237557 0.985781466636624 0.979950865496313 0.985797747736967 0.97949556861814 0.985497848546246 0.979795846109378 0.925205921869313 0.946960897509679 0.945325248854968 0.924875580863223 0.952108921909455 0.945597899618732 0.959082804719793 0.942638978013758 0.935424530891198 0.930615233522319 0.985550495962649 0.98546913042715 0.979557430553556 0.985088704449367 0.95996816979114 0.971625182973259 0.971532461652627 0.985320305788562 0.979196285989436 0.979198925614433 0.985294321322145 0.985407008805591 0.985390803901603 0.979339500698814
-9999 -9999 -9999 -9999 -9999 -9999 -9999 -9999 -9999 -9999 0.95466605690635 0.986717692068462 0.986009693615686 0.985803781104273 0.985767437526618 0.979953025392002 0.985787562987369 0.98568776238915 0.979557259735445 0.980019473620438 0.9299749443396 0.942314372439294 0.944650766227429 0.93342128200487 0.946298511279684 0.944693422327187 0.953334445481051 0.962759041732633 0.950054086786631 0.92447359238176 0.967623248317238 0.954359341806304 0.944096934054864 0.956256233278676 0.98516698254868 0.978976593144148 0.98526082607529 0.985252287348676 0.985305216609201 0.979171812447058 0.985176615165233 0.979156726877824 0.979327528872077 0.985287390958162 0.985389256918583
-9999 -9999 -9999 -9999 -9999 -9999 -9999 -9999 -9999 -9999 0.986187869915855 0.980169928127894 0.985458096175734 0.985457959612999 0.979556018710579 0.985518895747493 0.985489078755243 0.979580455665749 0.939486551655416 0.961576277481861 0.920262338543312 0.920163813718806 0.925680753426669 0.946334475491396 0.959974439735066 0.953119016964676 0.963889518040855 0.962839683700306 0.975835837764483 0.967414016377619 0.969774008678439 0.945272892886939 0.923641047115935 0.944636179365657 0.935963339480972 0.929664952464236 0.985133009705186 0.978948444243028 0.984992103035977 0.984969699626997 0.984968481586483 0.984960723119441 0.985190534467215 0.985194071549905 0.98518766450643
-9999 -9999 -9999 -9999 -9999 -9999 -9999 -9999 -9999 0.95146801479577 0.98587882645549 0.985835204785207 0.985399161293081 0.979457067624908 0.985478468897668 0.985431271130112 0.979989909707349 0.956139626612942 0.921534627952465 0.960612094413052 0.956836117031631 0.951768209044764 0.943006493481449 0.922372915647148 0.971597845161088 0.960711023398497 0.964461613450162 0.966043294962295 0.917370077104995 0.939577033558707 0.942538690857671 0.95708126138499 0.946513164552776 0.947057777135888 0.946228102239316 0.945630023092418 0.985077009174301 0.985114467979313 0.978905079170566 0.938135654147307 0.9789214184164 0.984974485041551 0.98527911713375 0.979178943581411 0.985190442809039
-9999 -9999 -9999 -9999 -9999 -9999 -9999 -9999 -9999 0.950251757107315 0.985854026753815 0.985860749208408 0.979447737988764 0.985435633549612 0.985358799128258 0.980011753899146 0.946432587173484 0.9519323448935 0.914329892589771 0.939290291238745 0.915724613772354 0.934921190206556 0.970512865689869 0.959598231964003 0.955282105144233 0.941008020020318 0.962290142140574 0.93984943607486 0.961596383229085 0.962738854777423 0.946122836534619 0.941466234072196 0.956918777709686 0.952945708181063 0.925736476881369 0.922897337416039 0.948136503824338 0.94532179252418 0.940914907173933 0.96019998467393 0.985122818865131 0.985002136964995 0.0978276980458079 0.985285410881734 0.985290650399175
-9999 -9999 -9999 -9999 -9999 -9999 0.956017180356759 0.959997736662273 0.952848793846657 0.919052766849769 0.976274713901743 0.980098501134085 0.985475246158247 0.979431632521734 0.979578718153475 0.946905326080681 0.925978717355595 0.920762058850203 0.943548298802126 0.939537004980782 0.961508590701277 0.95773428861809 0.948260433071957 0.943047314955474 0.917862887643649 0.931723989857275 0.952739288521068 0.923522394994892 0.9717922291304 0.924153822559037 0.945597358070574 0.944820547147726 0.955401250016461 0.954565247957575 0.944036161293816 0.945493301819973 0.952395227983926 0.942060362799158 0.924697480933817 0.971795322787457 0.948565766757536 0.978958633482715 0.964373060109908 0.948214590376135 0.985324022437906
-9999 -9999 -9999 -9999 -9999 -9999 0.944021309475906 0.946435741818653 0.943573732899531 0.966539601787208 0.939008219434873 0.979931031183265 0.97944817185973 0.98551610549777 0.985832579840601 0.96847656556415 0.967523772442444 0.966884335760051 0.964876622757976 0.963942484848289 0.958663573716988 0.921245260434437 0.955600703645183 0.967298904275125 0.940609211610531 0.941179178610183 0.945847230920189 0.939638839479262 0.971278541402334 0.911331896727617 0.959499475100732 0.944863696554304 0.951552918623066 0.943849608700487 0.953273029395017 0.945018695071321 0.945647689243312 0.956850490069034 0.948227014943725 0.971508022768192 0.949633521906137 0.985104814217631 0.937190565381044 0.948089000599692 0.946763158389786
-9999 -9999 -9999 -9999 -9999 0.948147704151982 0.931108069239558 0.959972087592763 0.966530277770789 0.902221759206305 0.894427334202727 0.985707962064291 0.985457570295825 0.985816041985066 0.945152845888636 0.939161496207651 0.939593527811129 0.950825955554244 0.927581771693874 0.963559232592099 0.9401283496885 0.938357823371024 0.95374960000719 0.966831593477783 0.946692705519413 0.918411409959304 0.916107791664471 0.951859698404192 0.955983810874883 0.958883089001859 0.946653027549963 0.935974378196847 0.944530135477404 0.94454972212335 0.963231089847186 0.944550520646661 0.945277806692945 0.947771670067573 0.954331017438573 0.971238181599523 0.949542660806181 0.98512609233524 0.949141020410828 0.960781963024059 0.94646541004828
-9999 -9999 0.935900388679562 0.933090475975227 0.945616339290927 0.938994316073166 0.935506383129141 0.953327173240416 0.975443582730675 0.920060710991284 0.956440950700484 0.957123892801228 0.971351537235571 0.920082479677414 0.921450583438661 0.951164750357426 0.943071952922551 0.941771230552054 0.936331625216277 0.962250673899299 0.932527738595347 0.951875959148326 0.942542273131147 0.956251137026526 0.950214969080858 0.949356385363232 0.942575980394471 0.941159334878393 0.953864786827022 0.970066321685886 0.969305212612037 0.939031013901963 0.92201840151291 0.922891274087018 0.961279417332058 0.939799774547894 0.936805260860158 0.945728941396957 0.928387161802996 0.969405497615381 0.927804214398175 0.984629585787925 0.946410360893615 0.94641824721443 0.931023593676995
-9999 0.927787662697276 0.943666161510642 0.946522716260979 0.927916363308335 0.944250769295166 0.975689020947752 0.965825920274787 0.928012875819447 0.888040037917543 0.956991250443692 0.924822814726118 0.961608259118158 0.958970093674668 0.969697169951245 0.945181440803009 0.929614899602828 0.940144501086246 0.934029007930637 0.959051114469953 0.947968732932119 0.941656709770027 0.919220285592494 0.954140779870803 0.938004889924051 0.943058488104787 0.936979273471439 0.93406515061976 0.946340216078799 0.922456187954087 0.937836977786158 0.956836410103211 0.954923110876087 0.940120137313335 0.960707710646334 0.941836327460514 0.952783255879717 0.944759945773752 0.927563139528012 0.968859947527282 0.920172038223216 0.984634450272094 0.923881680438505 0.922986287712672 0.910997299309391
-9999 0.925364278034918 0.932445014643699 0.976260695474246 0.976353176493104 0.967054902379959 0.94183703142791 0.947029108486101 0.949148222168985 0.939094408263846 0.946811704074911 0.943377149488523 0.950115394710917 0.960144892575242 0.948019318567591 0.956649743045737 0.965332012648049 0.940242286246634 0.943386234069361 0.918781377376533 0.937180986982724 0.918590809994281 0.941855413687245 0.952077974369715 0.938149041306065 0.958077935030748 0.955970585256511 0.95271015046797 0.935302676947194 0.933773092907985 0.950681285739619 0.921415433341949 0.955653496104014 0.917393293398519 0.941526107882544 0.942174015486064 0.94386478957346 0.941981121290171 0.950411361502043 0.965177964091471 0.941894837533446 0.943523218390679 0.978394228820768 0.963351378967354 0.944077575695091
