Model input/Uganda/survival/survivalcombined/survival_restime_1aug.asc
NCOLS 67 
NROWS 67 
XLLCORNER 29.500000001 
YLLCORNER -1.499999999 
CELLSIZE 0.0833333332985075 
NODATA_value -9999 
[rows 40 to 59 of 67, columns 0 to 44 of 67]
0.912209039138888 0.930725442760119 0.970794908222646 0.971200255693025 0.919289132634896 0.958142320532874 0.935411233243618 0.941729602705874 0.920930813240118 0.942765575160323 0.940186396058719 0.948432638259123 0.925522308377183 0.957070940989314 0.947108943573358 0.963997849346511 0.960690658665242 0.94936440065056 0.949849836336884 0.951067333544152 0.950373926669259 0.936879164876825 0.948771976440948 0.94397413871404 0.946301329774725 0.944089662573649 0.94716418419356 0.94927816632054 0.939960062227079 0.931690044304403 0.945411521080584 0.938759890135164 0.967701964226682 0.931866060196063 0.944686038448285 0.956716478360446 0.941421286656519 0.918988525683395 0.940919679748923 0.947075674137894 0.948845773591523 0.942078362330488 0.984085564508727 0.95244380312681 0.941416619129364
0.939234634260627 0.926763681936352 0.970588209643219 0.954134794186725 0.953771272576802 0.955694956751655 0.92274513187897 0.943467652912072 0.944245159627558 0.95655055657205 0.942573398513194 0.942720962713785 0.926236348381192 0.947893473420028 0.934323867655385 0.96061062716131 0.945803225793406 0.942849983562283 0.948681575031251 0.961539951059886 0.956290730675891 0.953913342931128 0.947045852181804 0.950862964859893 0.931272543886939 0.943537280642011 0.926668789809187 0.939285253538255 0.913517321221527 0.938834997427608 0.944529340291273 0.936743639751983 0.966791523125203 0.939339980353413 0.940002588283748 0.939607026997765 0.926069978853493 0.941170679567048 0.944483546695631 0.94885832894526 0.962756463788935 0.954457663316791 0.984115377842449 0.946279079218011 0.956644429331766
0.923717508733936 0.907683531309874 0.970117734037968 0.904406150144421 0.955374731366477 0.95487123707204 0.919741963294424 0.95079892978659 0.953843572361787 0.941635774257841 0.94425497404043 0.961016856726477 0.950357727372567 0.942679952666164 0.945815748331553 0.946776536945957 0.936518387706617 0.952379032201665 0.932931151193976 0.947311674023052 0.924748702066971 0.938841712237853 0.939390257773718 0.935475554298683 0.939206169216283 0.958501179137507 0.944383156718876 0.926056565591233 0.93542527543205 0.923656855671888 0.928778787314497 0.941805652180511 0.966442735316221 0.960917088007021 0.950909581729678 0.938238493543661 0.93899965052753 0.940377090638305 0.958865633286514 0.941079927708812 0.959471193821109 0.952387703919009 0.984179124089777 0.98405458095646 0.94290702960336
0.969377567717182 0.958205446064317 0.936050261484379 0.928085226049369 0.952271422323099 0.950025148601332 0.942124667614358 0.92900319358156 0.937450687898707 0.9456726824762 0.950427361050444 0.96154058803847 0.963382776412089 0.938899309367224 0.915447233885049 0.921055484654562 0.945676804037997 0.917516596052 0.925794600793479 0.94684077914994 0.946136999457698 0.948817162235203 0.942017462137768 0.94115011426076 0.911140348360054 0.942585078237288 0.912387794368858 0.932799893174138 0.954508988228566 0.953016968071696 0.941960527076546 0.93747129635627 0.963362294894679 0.943395144674352 0.939244852853455 0.954378236152955 0.94213622354065 0.936779361744638 0.942006019639607 0.94189359208043 0.958868528067435 0.949930732708035 0.929010859269302 0.9842945588611 0.945420102465956
0.96944410869693 0.958803821110768 0.957666682429834 0.956370353879185 0.949081626703885 0.927481778196324 0.908872458229867 0.922303587747661 0.928802032430452 0.958050978976852 0.956119698856252 0.938645742128076 0.964525576118423 0.950338108034472 0.948923339036418 0.913974417461941 0.942173799977882 0.921507149627893 0.931706607768585 0.953289755192121 0.950401572058434 0.961113886842805 0.910407915266205 0.925536114013591 0.944116406768117 0.941154142473042 0.938322283057102 0.961654800833519 0.936228552249779 0.933959170116713 0.939002757692336 0.916846809591664 0.951960917624606 0.94437483012826 0.957458986504403 0.943586599258792 0.925745644525102 0.952341682240716 0.9442871673779 0.948054043245802 0.956184109854727 0.94531908904858 0.977943869128278 0.977819013946828 0.977744912646103
0.969243837564279 0.950713364881326 0.9486169292951 0.949556355882619 0.954236063429568 0.927714505160029 0.951810873303435 0.952478436800524 0.922667553975074 0.960109959236714 0.95707772775582 0.905982658644535 0.964669070480302 0.936452469281543 0.935121287518439 0.938894336570706 0.9553119912003 0.941361350975614 0.944180848532365 0.958685809459291 0.934637615238476 0.961836459588226 0.946824157236644 0.960925575687398 0.927138219553298 0.933553983081457 0.93688542681388 0.946078132459861 0.952704092202419 0.95277062197285 0.933381980027917 0.941065886895542 0.945646534562175 0.94496482953488 0.939945675841301 0.933957085331681 0.947671784083722 0.984425099047803 0.978028108115044 0.937353927840156 0.945482438591608 0.936616039091425 0.984302569722731 0.984184638609867 0.977726593914478
0.959113038778674 0.955869289295368 0.942554119737512 0.927091975738662 0.940667519830138 0.944058304604648 0.935132955314855 0.951856336209519 0.96863896705291 0.964369510433957 0.958321901278077 0.93519492476788 0.9506012874471 0.956019928656117 0.956939832199649 0.958672914040734 0.964412653845712 0.964675358864534 0.966981579823482 0.968994687144402 0.96886223101839 0.971610330426321 0.96008904254834 0.934262013585661 0.903604140182772 0.906183761985565 0.946230904530543 0.927673799337236 0.933382657946321 0.927955575311742 0.940667851230147 0.941330862629657 0.940926792394726 0.9488483803102 0.978278765045539 0.984605048215781 0.978079952367328 0.984471182719007 0.984369092998422 0.984418563247283 0.984453040042197 0.97811137573573 0.984311670851812 0.984283555805 0.984255604347519
0.935688722620649 0.967012526458028 0.952284680832395 0.948125415577083 0.948552201522616 0.943319059604377 0.96923062056534 0.968819725680944 0.968869791780094 0.968953882716302 0.957814216943864 0.969869300691553 0.966389310681965 0.96621811106604 0.935091782258916 0.935270673137848 0.957168844764291 0.940752095883998 0.959826086608654 0.949050858111334 0.942148187822051 0.939806233220101 0.947301031502796 0.960378865909063 0.939634785807865 0.946353527850379 0.920758253889174 0.923921135165556 0.902215991788479 0.941583286197988 0.940332389477675 0.948789413565091 0.978347048341216 0.978278449117404 0.984527448660984 0.978224629522922 0.984487023212298 0.984458582209204 0.984390996967731 0.984481108503881 0.984520742434406 0.984495788847727 0.984252369988647 0.977794174822843 0.984259228675491
0.94757680127792 0.966753030728898 0.96645220791362 0.966715665993775 0.959974904019235 0.932123779241192 0.968631992677634 0.956064467864326 0.968731251739672 0.956342251224633 0.936344405641146 0.951067569650151 0.933084944312319 0.957624444641559 0.950050074006584 0.956844512561505 0.951178673936107 0.909100351977249 0.959323246283537 0.939835749580224 0.95562518921266 0.922540726304877 0.939894727189139 0.930913059764092 0.972350429250213 0.97309140896884 0.973053985214224 0.973066261548699 0.96251171947226 0.948535340291617 0.984698819489865 0.978336693599966 0.984562377783133 0.984642991074693 0.984577171020093 0.978147495238791 0.984359647694287 0.984353597097507 0.984379844961738 0.984394416439243 0.984399924508742 0.984390867470283 0.984228652657867 0.984196369042308 0.984272076267245
0.966443236315106 0.966101099398472 0.966235618243213 0.966076608516863 0.966178762371709 0.910512187106103 0.915854868498109 0.929129923500936 0.955865220590619 0.968966951789537 0.921182465777891 0.934177416258321 0.936183708798685 0.935679508227854 0.96178375704091 0.95507495975548 0.935268671092164 0.92800628518341 0.958515269681375 0.957173621072206 0.936453960601858 0.933008010988613 0.900358355156471 0.898927378908923 0.940040603816746 0.94690977301132 0.944998299857691 0.924371238084262 0.98473324964606 0.984747503933214 0.978562359538452 0.984729511311076 0.984823876463803 0.984786071468459 0.984733023009851 0.984594351086241 0.984378239122547 0.984504996614668 0.984524134677221 0.984528785229682 0.984521227926468 0.984409665138065 0.977744704535248 0.984241707208455 0.984220200197092
0.952370845285569 0.966031888509163 0.965845218710312 0.966041589553194 0.965777834420134 0.895661667756875 0.956884801465136 0.968530738929264 0.968792759602273 0.925240493583765 0.935747236483094 0.934736156238808 0.953247709396757 0.93536171078594 0.961485582888874 0.95249841889337 0.933133668236068 0.944250219852576 0.929814775093339 0.956436725403076 0.933835626700833 0.951293354519085 0.92809110562419 0.895269587754178 0.95649479881963 0.940441910546263 0.960630606469012 0.939349236654532 0.978549236026283 0.984738381510396 0.984720857185262 0.984721988085775 0.98472065918778 0.984689749792754 0.984645602280832 0.978408788730629 0.984530351130219 0.978117144775301 0.984542626423974 0.984541360565419 0.984420737235025 0.978092913426434 0.984266505649341 0.977720867758526 0.984122350390357
0.965771844967153 0.952080600717541 0.9657962818942 0.965836758137204 0.965878660034467 0.969796799246084 0.915223375225692 0.94047535943769 0.92606533233875 0.923592103388591 0.924541458760402 0.921389582388212 0.940027374291115 0.914399202328714 0.960049305144044 0.924904160678672 0.928893157435524 0.933516782703423 0.919006564209429 0.950452867638018 0.93623495402115 0.942213884056987 0.907383326628354 0.930157587665168 0.955741467881482 0.912291279607226 0.956756348538045 0.940576475459464 0.984760168740255 0.978596830655861 0.984839638468502 0.984736497979233 0.984732721268086 0.984809699305514 0.984789825812682 0.984773463693512 0.984444630028203 0.984430726042648 0.984440123727806 0.97812293803808 0.984416621044878 0.98441127636681 0.984267527113413 0.984253741941701 0.977705766602345
0.965727854488628 0.965948631052925 0.952115071656311 0.952188369882436 0.965970904097226 0.92903154498313 0.898202032685311 0.957331925289906 0.908889514306186 0.904461978145652 0.911656097338766 0.879582989341709 0.940514283365085 0.930287764678332 0.951278414766006 0.928324080415361 0.934110491861712 0.906839054177952 0.93281428185362 0.940271536485572 0.937338298823105 0.933298455589731 0.929886861306529 0.944534454504365 0.951190349114014 0.920535262551604 0.949099460192163 0.916574554716102 0.946003326870903 0.928888987251695 0.978573390886746 0.978605469120373 0.978581969875621 0.984843765609266 0.984716432559097 0.984693131903661 0.978169880253463 0.98444551471239 0.984534331821451 0.984421106168597 0.984413647577175 0.984404255976724 0.977757999893972 0.984148983071278 0.977713091657672
0.952037150511972 0.965979301787663 0.952196040669222 0.952276246469038 0.966055709520282 0.89788799348591 0.896753340845229 0.957194462521613 0.955337661593828 0.938524289246824 0.941593564985095 0.944690501790011 0.915028878665414 0.924143402191268 0.933846639469107 0.936821140618291 0.910351468271948 0.937075727038792 0.934719439877014 0.935506395405784 0.918100152897805 0.895496059601997 0.904301704247895 0.918038632012306 0.940992123953984 0.932446752876129 0.940745171769195 0.942900533522138 0.954367673354145 0.959623825344337 0.984864173411667 0.984750603758478 0.984746539370386 0.984859041324921 0.984825930744016 0.984710426261705 0.978196784075268 0.984548801541453 0.984435323596795 0.984429008719793 0.97809633188622 0.98451118926466 0.984273032466195 0.977741977763593 0.984140442388465
0.965997042555115 0.952157962498183 0.966089776762724 0.952337047551221 0.907940379989254 0.917907352695196 0.936433193718601 0.928127500882282 0.936822738063425 0.944109157987531 0.930007354930837 0.949288273605816 0.940340323676262 0.938384175261225 0.938038772309355 0.923814411961704 0.935710539039244 0.944601162474268 0.921204830528078 0.957814854222515 0.94770928737162 0.943295283160035 0.93637191430862 0.902466947002189 0.925087703548729 0.91417733895837 0.930160087861917 0.984824853457833 0.978676894459864 0.984903007380678 0.984876369340963 0.984762502368148 0.97860476952151 0.978585804176391 0.984820922767534 0.978529665084484 0.984484020295383 0.984450006736447 0.978140847880513 0.98443573955377 0.984416834018459 0.978106038944804 0.984274678486101 0.984165775095982 0.977725653239655
0.965907629554217 0.965897572990312 0.965491177147321 0.894581160834235 0.938962963052908 0.934248020232627 0.917779458238416 0.941848067576627 0.943100077710457 0.956243954275563 0.915781784280394 0.952283128913032 0.947858716353184 0.912781814077273 0.935330171863335 0.937928288375466 0.931751437192649 0.953238848867888 0.934825548993717 0.958016299788836 0.925033802780633 0.934477617670189 0.917344423754551 0.927458480347971 0.901702652496231 0.919501618417372 0.924211259023955 0.978904486677647 0.985058007765371 0.978833215367779 0.978592534037001 0.984852861949316 0.984736515832729 0.984721560628044 0.984697875515242 0.978475270528944 0.984595952998348 0.978171103989116 0.984559629360459 0.984547319203407 0.978126503133746 0.984534558657898 0.977812419552497 0.977807721078892 0.984293338905158
0.965890832068089 0.965853528931815 0.965534760158232 0.965095057505489 0.930480555293017 0.937927438588007 0.943129050270352 0.94235476011413 0.929382944029389 0.958114943985631 0.938458229433729 0.965269056868519 0.966403257915153 0.966851178859142 0.96697618522524 0.95425210660785 0.96929432100864 0.959091025925566 0.970024843422878 0.958140628570862 0.970412472837011 0.921934714655066 0.958185017612874 0.917248485973378 0.936434979625466 0.91799676882571 0.985173813687111 0.9850255488622 0.984974499844359 0.984952699965241 0.984778338829012 0.984761146533308 0.978565499397374 0.978540555897594 0.984814306377609 0.984786923392674 0.978218494320552 0.984475878123565 0.984463650000879 0.98455022258345 0.984542932168801 0.984536166828627 0.984217262145555 0.977822160285616 0.977801745037942
0.928301078343756 0.957900130224625 0.939669023386732 0.965372817574101 0.934172339349239 0.94141509790878 0.942029579810098 0.957665956444488 0.940518587438102 0.959765312815486 0.948562743973072 0.939515655531898 0.936773031951988 0.939546460650199 0.9486415917207 0.951977566090915 0.969006799074081 0.968885713223338 0.970161782011566 0.970192121815985 0.970359938207577 0.958067934471978 0.97016979682608 0.943334650233219 0.954328884081343 0.919079283956338 0.98514887242238 0.985119345659417 0.978903472843608 0.978871487245191 0.984888692513123 0.978601341117181 0.98485626487541 0.984838715778304 0.978520928290667 0.978502146516716 0.984500727411302 0.984587291916423 0.984470382719061 0.98445860622138 0.978150584645115 0.984442398931922 0.984227158546953 0.984330392041828 0.97781705267966
0.892945856739115 0.9572737245682 0.93115267235954 0.965599050085349 0.932496771638484 0.916380892261209 0.96053642071374 0.958493888803663 0.942804916365168 0.947750215806142 0.948705287764886 0.93945773246695 0.934328835410628 0.908997651751363 0.93425421280165 0.938192554565949 0.956577368940884 0.968988332023886 0.937369754949317 0.903456191812032 0.930691168688418 0.933717597229319 0.958417453669076 0.899429074693908 0.957474131278863 0.958460208170608 0.985108272406292 0.985020380206867 0.978916511025362 0.9849713120262 0.978638006857032 0.984879423601749 0.978588641713737 0.978561204605397 0.978537472851349 0.984709356580814 0.984505619279502 0.984488207750837 0.978189186019136 0.984576676907934 0.984559421477419 0.984555772451238 0.977852895932002 0.984234077045204 0.984325060277045
0.925882192849598 0.957254874080704 0.925852663571879 0.900501284256251 0.951936362270943 0.961828805923032 0.960958145022101 0.935110310635962 0.941401675062404 0.921149984495407 0.943581440441149 0.93281077627774 0.945395057061526 0.931199030514991 0.93641516957586 0.946863478440656 0.944769986900905 0.93404675215504 0.935873287270183 0.9185926071933 0.948498263071866 0.936402408640727 0.912544005028487 0.970261007820899 0.97128614666824 0.971201995148529 0.978942627426384 0.985134378980802 0.978931909337309 0.984982259966577 0.98480685974261 0.984785870456196 0.984766942783348 0.984747747104975 0.984729821537063 0.978510943566393 0.984607852835299 0.984496272573405 0.984477545307404 0.98458019526501 0.984561057507938 0.984455398120891 0.9843423432281 0.977845243312602 0.97783450137681
