Model input/Uganda/survival/survivalcombined/survival_restime_1jan.asc
NCOLS 67 
NROWS 67 
XLLCORNER 29.500000001 
YLLCORNER -1.499999999 
CELLSIZE 0.0833333332985075 
NODATA_value -9999 
[rows 20 to 39 of 67, columns 0 to 44 of 67]
-9999 -9999 -9999 -9999 -9999 -9999 -9999 -9999 -9999 -9999 -9999 -9999 -9999 -9999 -9999 0.937354328298223 0.92486527797976 0.947676161131054 0.930444938374026 0.937910829329487 0.929312810157539 0.939518739912408 0.950532271300824 0.933325907238752 0.9570640878118 0.954981276265283 0.90988340778117 0.922051763801767 0.978158060809207 0.962571392647125 0.938189876722026 0.915042751213684 0.945935055541191 0.92416415871807 0.967318129267328 0.96688126972838 0.956036347916502 0.946465081107058 0.940025143030369 0.944705088068239 0.946165772742312 0.924114508240995 0.949754536253817 0.951046523711519 0.9549402171541
-9999 -9999 -9999 -9999 -9999 -9999 -9999 -9999 -9999 -9999 -9999 -9999 -9999 -9999 -9999 0.944805294297195 0.924597178838793 0.923497456850755 0.939606534606981 0.941689922800349 0.925011592326188 0.934681342696222 0.930810263140482 0.935351664268726 0.977939573131969 0.984324651169481 0.984395057261294 0.98443699837711 0.939337557136417 0.97828490568654 0.984506181015349 0.941486110665553 0.951558015923709 0.922366270279732 0.954824846026112 0.938132478167348 0.946597250025318 0.948769034868382 0.960937796932379 0.959046789225586 0.955299616769348 0.940159936116798 0.939396169596607 0.944079989369538 0.943566010115828
-9999 -9999 -9999 -9999 -9999 -9999 -9999 -9999 -9999 -9999 -9999 -9999 -9999 -9999 -9999 -9999 0.945255003012333 0.932318117383285 0.947032447528935 0.911078651763251 0.978657393411019 0.978296549937476 0.984526198430281 0.984345228363611 0.940813817977596 0.940800224055467 0.9383369222793 0.937006694400693 0.953303765911472 0.950887085879797 0.947615723581606 0.978320452323836 0.984578949526557 0.984581196432928 0.943666506433456 0.9463316094412 0.965213764856848 0.946809926090787 0.933745927926999 0.945891709768162 0.943501655525415 0.915658901977376 0.938081964384254 0.937374519299634 0.919594147837608
-9999 -9999 -9999 -9999 -9999 -9999 -9999 -9999 -9999 -9999 -9999 -9999 -9999 -9999 -9999 -9999 -9999 0.924771377011015 0.985676555905777 0.985288817260965 0.984670795296196 0.984628219708039 0.984531715466707 0.949302144383827 0.946784537529146 0.934276719614843 0.945765127186634 0.934015057646531 0.940017636582619 0.945123955913167 0.942239640489667 0.94200655656847 0.937293340879098 0.984644046659183 0.943338717760168 0.933327969052136 0.952949436761156 0.951554963796881 0.945141107281584 0.945479000820981 0.939194078175849 0.914084886169322 0.949485208262106 0.955356332752669 0.943271775686399
-9999 -9999 -9999 -9999 -9999 -9999 -9999 -9999 -9999 -9999 -9999 -9999 -9999 -9999 -9999 0.943072390932718 0.940009257712103 0.986154980418579 0.978959988035456 0.978681137205791 0.984571145525582 0.984651615777213 0.984546625680313 0.984628365244824 0.95031266988882 0.962286970645236 0.961547395486928 0.948214818310054 0.925657863713155 0.936111814087664 0.918621099708995 0.919005004093029 0.942317105845199 0.956944962404888 0.978331422127384 0.966579552373619 0.94409155448374 0.920084768112882 0.922321851274467 0.939440715093162 0.95012979322834 0.937923435662374 0.961559720142076 0.956542475162651 0.915524057219244
-9999 -9999 -9999 -9999 -9999 -9999 -9999 -9999 -9999 -9999 -9999 -9999 -9999 -9999 -9999 0.948767556641502 0.98098500551261 0.985337523739441 0.984914067146162 0.984841223079029 0.978666998735074 0.984904489663827 0.984803541159745 0.978630711243299 0.94742227118186 0.940399703860688 0.917663107463498 0.940043241321112 0.920612066217997 0.949743759357221 0.94306097032507 0.943337092288922 0.943356922665072 0.97899254546078 0.965008791937912 0.963776800520826 0.96362632777617 0.962249137315062 0.960196750496182 0.94858364646449 0.948704908609003 0.940773385997055 0.95152597910041 0.952285229031797 0.918851258516773
-9999 -9999 -9999 -9999 -9999 -9999 -9999 -9999 -9999 -9999 -9999 -9999 -9999 -9999 -9999 0.981412003133438 0.985543198222525 0.985031634105026 0.984880318824873 0.978707010945367 0.984921705021734 0.984818992969746 0.978656135614502 0.944809190682574 0.943572977295507 0.941013010084922 0.942581865744241 0.955862160622377 0.941133268884955 0.93971793955214 0.949360131576659 0.930114721366953 0.920748846196048 0.985038451764854 0.978944960512768 0.932434633060912 0.945745726197322 0.943556584670755 0.94376837925334 0.953765325653598 0.95171190694687 0.95293219061665 0.941086040758637 0.956828516615604 0.951920173047361
-9999 -9999 -9999 -9999 -9999 -9999 -9999 -9999 -9999 -9999 -9999 -9999 -9999 -9999 -9999 0.985736983371153 0.985069507928397 0.985036814784058 0.978764256573968 0.984942186258844 0.984829887611921 0.978673844922411 0.984932117057027 0.935405098674305 0.956855164519866 0.923228638603238 0.920574867194044 0.94236078616861 0.919370761848195 0.918301909447265 0.944945361923949 0.985041196039537 0.985059698040368 0.985146438779502 0.941920493343779 0.919825142507316 0.945519625317282 0.955210192171319 0.958755028291845 0.957341207892231 0.968947242920509 0.962449029369836 0.941845197749652 0.94173013161583 0.985284455758042
-9999 -9999 -9999 -9999 -9999 -9999 -9999 -9999 -9999 -9999 -9999 -9999 -9999 -9999 0.985703479563721 0.979074651588626 0.985031140834626 0.97892459152346 0.984866958662205 0.978692826363453 0.978671939421342 0.985066853757479 0.940787479640961 0.954366861677386 0.956032120175868 0.953657766765429 0.919642818743528 0.955993854698764 0.942007518165343 0.915918094305362 0.948147312511678 0.978952846035853 0.979011522369774 0.985125122007007 0.959357082083658 0.946640832242834 0.940777704214503 0.940463486222735 0.958646530533694 0.942395605881833 0.945632701322071 0.961290722438247 0.9605431855456 0.942006361107055 0.979117023074831
-9999 -9999 -9999 -9999 -9999 -9999 -9999 -9999 -9999 -9999 -9999 0.986557880186631 0.980588990235416 0.979694300307902 0.9790432308939 0.985032911298229 0.978923521503302 0.985076298404136 0.978697264164316 0.98493306591129 0.979015409473305 0.922223557902743 0.945001531084855 0.943407537105378 0.922888984004165 0.950664055028112 0.943974826026051 0.957678768248961 0.940999067937877 0.934314982405838 0.929816707825318 0.985140099592783 0.985058705886527 0.978987745625377 0.98468724131521 0.958842188699316 0.970816153159191 0.970693967362341 0.984897622564008 0.978611297771459 0.978621511158872 0.984888973818516 0.985229118487759 0.985216223119019 0.979096561306222
-9999 -9999 -9999 -9999 -9999 -9999 -9999 -9999 -9999 -9999 0.951577590633675 0.98569346259917 0.985225275780755 0.985042026690866 0.985019636376382 0.978910540439452 0.98507644406778 0.984977745595444 0.978780344387892 0.979231742003043 0.927437555237737 0.94040193877181 0.94278659672638 0.930843059215613 0.944751069630401 0.943165105081522 0.951784773768195 0.961398959193465 0.948522866465826 0.924357461391526 0.966981993952202 0.953668206159786 0.943337325650017 0.955510115023837 0.984766672302062 0.978421337899158 0.984869128778988 0.984827493713297 0.984885895333026 0.978604821740305 0.984774247532447 0.978599424098034 0.97908299570177 0.985126672550284 0.985235172832034
-9999 -9999 -9999 -9999 -9999 -9999 -9999 -9999 -9999 -9999 0.985528575183858 0.979295794218733 0.985119053984247 0.985110458917134 0.979065657164755 0.985183192953055 0.9851764307259 0.979117621985321 0.94061296385319 0.961128697503126 0.91964981494362 0.919559150436689 0.925460561827493 0.945818155334936 0.959849053894685 0.952974452547408 0.963710148368316 0.962677377727686 0.975777210585556 0.967343502388247 0.970259496394062 0.946033771081235 0.924784984377032 0.945431451232102 0.936748735207736 0.930293807467487 0.985523384995474 0.979499987116618 0.985389733339202 0.985393765707264 0.985384350995953 0.985361905603913 0.985818620323249 0.985814200609249 0.98582104681666
-9999 -9999 -9999 -9999 -9999 -9999 -9999 -9999 -9999 0.94927761962431 0.985279715726411 0.985248076375206 0.98510025769956 0.979046701313559 0.985179496500707 0.985118915822332 0.979534329663025 0.955201367418221 0.920437464149837 0.960176261647905 0.956442403255068 0.951461510469235 0.942965440039792 0.921634379446035 0.971541047380416 0.960628883809044 0.964332110357199 0.965956231337095 0.917365051696422 0.939812940013951 0.943431019866004 0.957805899866032 0.947340149812433 0.947844814671793 0.946839755800348 0.945994625555048 0.985454678695201 0.985521927369943 0.979508393530698 0.941261209367741 0.979524679063539 0.985377784197158 0.985902385454886 0.980066283051872 0.985823402345299
-9999 -9999 -9999 -9999 -9999 -9999 -9999 -9999 -9999 0.948051101745048 0.985293906597505 0.985297588041382 0.979068636480448 0.985175400973994 0.985080362097402 0.979584691328149 0.945196119903679 0.950803941083608 0.91379400143507 0.938843905008731 0.915145626337032 0.934714428306988 0.97011547530096 0.959065785473066 0.955504912573195 0.941212778522107 0.962223674646668 0.940074429209963 0.961533939855478 0.962687956114221 0.946848998232239 0.942418667920672 0.957671914232599 0.953683487663407 0.926836847339637 0.923793661885742 0.949469543753269 0.946509645659759 0.942021658693139 0.961391111077231 0.985549053559594 0.985443380632003 0.7000648737263 0.985919621901927 0.985924006453646
-9999 -9999 -9999 -9999 -9999 -9999 0.953906445654851 0.957941819657242 0.950650457319279 0.915955295775592 0.97590291261145 0.979329484348443 0.985203057484101 0.979074383211534 0.979200124312525 0.946180611120228 0.924279992842241 0.919232280154629 0.942950223558621 0.939679498544079 0.961051027522518 0.957184466932735 0.948175953819473 0.943059129472646 0.918773638943249 0.932279454080526 0.953149050653249 0.92406361516693 0.971760700671634 0.92408687989483 0.946391276314955 0.945580851131265 0.956126975162225 0.955380787192307 0.944929893917991 0.946243199502209 0.953671778772949 0.943554774148327 0.926147282460613 0.972650063326521 0.949741820952634 0.979451826927986 0.965797299839508 0.949794567741638 0.985959045903334
-9999 -9999 -9999 -9999 -9999 -9999 0.941457793351205 0.943761723836595 0.941286408390485 0.965986282921775 0.937413279379346 0.979106913673007 0.97902613914702 0.985234305845512 0.985575087029131 0.967613301755282 0.966626954682987 0.965974970628364 0.964494068310593 0.963548431834626 0.958122151034347 0.920380066273974 0.955023832836268 0.966877042571508 0.940598448698612 0.941719330984766 0.946346590014922 0.939672854757663 0.971265490514369 0.911763967243264 0.960098232239417 0.945604106792965 0.952366312211873 0.944815332502426 0.954125746863053 0.945854805660894 0.947085472595247 0.958024355321444 0.949315954529874 0.972385167057801 0.950776079446231 0.985423678083529 0.939357881249898 0.950102193396422 0.948548658120889
-9999 -9999 -9999 -9999 -9999 0.945588157024653 0.927813075572935 0.957935407951981 0.966009482557707 0.898903333429097 0.891614980124247 0.985131987793438 0.985172415614315 0.985545017792101 0.943591767426255 0.937528154358705 0.938369353028084 0.949819718925784 0.926898513758705 0.963167906483648 0.939417972765782 0.937608504683871 0.953111935855757 0.966421212128831 0.946535163037411 0.918474733995012 0.917118114688621 0.951848312730719 0.956000721344568 0.958892994525586 0.947418193930537 0.936973328105958 0.94536133791773 0.945448897968775 0.964030431521489 0.945369126967233 0.946862006702421 0.949102549352238 0.955428212473133 0.972169356218199 0.950690036028468 0.985465309267442 0.950833554329549 0.962299034531224 0.948305775735215
-9999 -9999 0.933843250262399 0.930372194761308 0.943642454551397 0.937048906617864 0.933984318184847 0.952153574241639 0.975669816902973 0.918342664017471 0.955172773027528 0.955906229411901 0.971340824055254 0.919459902566327 0.920700498460493 0.951117141731606 0.943082932853639 0.941921455151875 0.937460743859335 0.963109372035818 0.933785124062205 0.952835576110077 0.943426095680711 0.957325331743703 0.952065141328866 0.950887718799555 0.944270181467814 0.942952040899346 0.955400607562021 0.971205419671674 0.970810488710336 0.941574913333967 0.925161795010944 0.926111173160088 0.963330324036186 0.942369123541268 0.94071383097717 0.948718273880387 0.932499288667371 0.971555862233355 0.93167708167714 0.985578889526204 0.949575481058769 0.949607593070462 0.935412010327718
-9999 0.925278051913298 0.9412336481873 0.944651104347103 0.926175923759516 0.941864846624984 0.975716931224275 0.965994250684045 0.926120082356704 0.885201750955778 0.955650454180827 0.922903138271652 0.96142550395036 0.958965489368094 0.969718673501058 0.944967621411358 0.929558653887666 0.940234480342223 0.935257820811696 0.960006419964277 0.948982552667182 0.942630282548164 0.920776292742623 0.955415297524942 0.939943795142263 0.945135113372613 0.938689630927277 0.935882250143939 0.94797760399609 0.924951856047502 0.940530810739542 0.958947291955664 0.956965356122183 0.942699841408897 0.962757759873725 0.94428705145929 0.955605153118038 0.947797018658394 0.931726286012746 0.97106332530031 0.924413754526258 0.985595765534498 0.928485547925584 0.927602201506649 0.91659130382108
-9999 0.922948572974509 0.930426773526245 0.976249364954225 0.976222508146757 0.96676833114751 0.940595322729623 0.945772384094725 0.947683005401183 0.93734722745549 0.945517676701649 0.941885350586889 0.950154757102882 0.960052131173716 0.947848475636953 0.956719534878936 0.965600731070283 0.940312104277627 0.944336110526792 0.920378853504073 0.938718439197464 0.920170241374949 0.943177909398638 0.953443188986241 0.940467288433997 0.95966689486899 0.957649196668487 0.954383317379045 0.937066832841072 0.935766659594589 0.952752107073672 0.924524954950591 0.95780953466452 0.920731347275444 0.944095467312626 0.94521715827426 0.946915320376246 0.945105201054515 0.953792210638706 0.967650473762852 0.945294461713767 0.946585253857296 0.979950283831964 0.966015232937696 0.947515188232267
