Model input/Uganda/survival/survivalcombined/survival_restime_1aug.asc
NCOLS 67 
NROWS 67 
XLLCORNER 29.500000001 
YLLCORNER -1.499999999 
CELLSIZE 0.0833333332985075 
NODATA_value -9999 
[rows 0 to 19 of 67, columns 0 to 44 of 67]
-9999.000000000000000 -9999 -9999 -9999 -9999 -9999 -9999 -9999 -9999 -9999 -9999 -9999 -9999 -9999 -9999 -9999 -9999 -9999 -9999 -9999 -9999 -9999 -9999 -9999 -9999 -9999 -9999 -9999 -9999 -9999 -9999 0.909006802910664 0.93476983799753 -9999 -9999 -9999 -9999 -9999 -9999 -9999 -9999 -9999 -9999 -9999 -9999
-9999 -9999 -9999 -9999 -9999 -9999 -9999 -9999 -9999 -9999 -9999 -9999 -9999 -9999 -9999 -9999 -9999 -9999 -9999 -9999 -9999 -9999 -9999 -9999 -9999 -9999 -9999 -9999 -9999 0.936392711140685 0.918540996634116 0.932889815757838 0.923991279313591 0.906164256277096 0.907303214164144 0.933042573022822 0.938646690591709 0.914794873538675 0.933299174115163 0.935900374136395 -9999 -9999 -9999 -9999 -9999
-9999 -9999 -9999 -9999 -9999 -9999 -9999 -9999 -9999 -9999 -9999 -9999 -9999 -9999 -9999 -9999 -9999 -9999 -9999 -9999 -9999 -9999 -9999 -9999 -9999 -9999 -9999 -9999 -9999 0.950843609072411 0.930357648472106 0.947695562855189 0.947151294634699 0.961786058235042 0.93184104559979 0.944448190683251 0.958450700667926 0.956743132576048 0.951814899239232 0.947718455921798 0.93587881962324 0.918160734061034 0.942026644759853 -9999 -9999
-9999 -9999 -9999 -9999 -9999 -9999 -9999 -9999 -9999 -9999 -9999 -9999 -9999 -9999 -9999 -9999 -9999 -9999 -9999 -9999 -9999 -9999 -9999 -9999 -9999 0.939731995748111 -9999 -9999 -9999 0.932939029686117 0.928790577363158 0.948360197178016 0.931037183129204 0.904544653388841 0.946018630183621 0.942153179270107 0.934616795925344 0.936104616709447 0.92588201195815 0.941062591228773 0.941193512576367 0.920248536998706 0.948737414979961 -9999 -9999
-9999 -9999 -9999 -9999 -9999 -9999 -9999 -9999 -9999 -9999 -9999 -9999 -9999 -9999 -9999 -9999 -9999 -9999 -9999 -9999 -9999 -9999 0.937378273364271 -9999 -9999 0.924402039380303 -9999 -9999 -9999 0.981807765319038 0.975565739107322 0.975196808887304 0.948718689820532 0.945541086963562 0.938619675569046 0.906904038884464 0.937121472593089 0.929242105905317 0.945837025970997 0.939522195247174 0.930904560213691 0.939666410668796 0.952088700891764 0.931822129607785 -9999
-9999 -9999 -9999 -9999 -9999 -9999 -9999 -9999 -9999 -9999 -9999 -9999 -9999 -9999 -9999 -9999 -9999 -9999 -9999 -9999 -9999 0.923571009450665 0.949500128069908 0.945506547653719 0.949160565296465 0.911136504772977 0.983627089234658 0.983727621663836 0.977214027823661 0.983694807588619 0.932862743161414 0.975269450851922 0.964936740240803 0.964362456977236 0.939183243993899 0.938921207475266 0.954032085535467 0.944063126110374 0.916780131125464 0.940272938718489 0.912759804171881 0.954085488685358 0.954135099677125 0.932217947962436 -9999
-9999 -9999 -9999 -9999 -9999 -9999 -9999 -9999 -9999 -9999 -9999 -9999 -9999 -9999 -9999 -9999 -9999 -9999 -9999 0.941270450695984 0.958083463692872 0.959215155771084 0.96238199406252 0.963626329247009 0.936328286468122 0.933038896024509 0.983617107706808 0.983478903828359 0.983575601754273 0.983660826113346 0.955904861224591 0.934465575448886 0.964386607565123 0.927015062984735 0.950107630822332 0.960414714771696 0.958777526279015 0.95448595525594 0.940181934910605 0.946171056457395 0.949217365011704 0.955909904434714 0.959830030773375 0.902929120065 -9999
-9999 -9999 -9999 -9999 -9999 -9999 -9999 -9999 -9999 -9999 -9999 -9999 -9999 -9999 -9999 -9999 -9999 0.949663235821145 0.951883934623836 0.937907000223681 0.939224258852133 0.923150733068942 0.925004415869891 0.963951731773548 0.901516761568232 0.955271129856095 0.976710071177227 0.912895064048068 0.950910714112729 0.953161257435529 0.965267539679097 0.950029262461428 0.97469215209488 0.937529445464118 0.921242029540234 0.931537177771982 0.950249264027468 0.943878791843164 0.938048910501058 0.936442973434087 0.933481781243518 0.932316104583575 0.94442979691378 0.932024045909741 0.903941687468313
-9999 -9999 -9999 -9999 -9999 -9999 -9999 -9999 -9999 -9999 -9999 -9999 -9999 -9999 -9999 -9999 -9999 0.949607462347047 0.918036343588218 0.93998439423906 0.939175626999003 0.928918445384339 0.951642114160574 0.965317509451242 0.96502122748313 0.976676680056843 0.941135486604704 0.94187297341834 0.948582601184716 0.952038820247808 0.965159371076124 0.964311448261125 0.943038632775552 0.96435378979966 0.928763851853455 0.944874177554815 0.922547826650558 0.944662519405496 0.922945696367259 0.936885510007044 0.934406527748822 0.968229869361043 0.931369547287504 0.94433416231357 0.931702428675547
-9999 -9999 -9999 -9999 -9999 -9999 -9999 -9999 -9999 -9999 -9999 -9999 -9999 -9999 -9999 -9999 -9999 0.953402118838217 0.954317028654176 0.958069243882639 0.945366551710464 0.933011617416426 0.932670024667649 0.936387042732805 0.97663569972032 0.941808591168443 0.935417218867574 0.939546505214021 0.928841311074315 0.959617769724544 0.964222057134289 0.943130427988545 0.949004514580148 0.974828968259977 0.974550220478817 0.940368544805335 0.922204722267407 0.937903102898608 0.942407186301125 0.944753975395744 0.955681674885978 0.968112828576454 0.950944689181147 0.947278849282238 0.930060618948341
-9999 -9999 -9999 -9999 -9999 -9999 -9999 -9999 -9999 -9999 -9999 -9999 -9999 -9999 -9999 -9999 0.944125183342833 0.950242317200566 0.959843425795759 0.963545547145912 0.965312528158389 0.965409480458647 0.95294498303005 0.954349457764639 0.983485878397223 0.959792635870484 0.944951915182137 0.922879313568991 0.932848292061867 0.955558541158427 0.959556647461034 0.922114682792614 0.962975708297898 0.943501730120651 0.940772289371329 0.964294157804181 0.956455483231146 0.944500251877906 0.956585131047886 0.968988475265802 0.944132976829932 0.936563689913478 0.935072191381349 0.950035453119926 0.963482719802666
-9999 -9999 -9999 -9999 -9999 -9999 -9999 -9999 -9999 -9999 -9999 -9999 -9999 -9999 -9999 -9999 0.943588715030672 0.941466743407592 0.942247502308628 0.929558870005253 0.948147000678571 0.914666301960156 0.936445452921728 0.977065422816409 0.945663630168987 0.959366686761834 0.957730207389469 0.946287850865267 0.947166173068709 0.953331302073147 0.957054877433109 0.941920065006097 0.961968569473313 0.944219779986526 0.945806913707214 0.972358373182538 0.957693656912843 0.969754067312756 0.957639441914153 0.93746998482834 0.933508778922186 0.950521354332697 0.935036452524335 0.95009019314404 0.934237010267481
-9999 -9999 -9999 -9999 -9999 -9999 -9999 -9999 -9999 -9999 -9999 -9999 -9999 -9999 -9999 0.94349494189843 0.936756115744385 0.945753560232901 0.950338432757694 0.941818364536619 0.944052765464022 0.927580297352409 0.983737858471492 0.983768384302256 0.945724894049426 0.925778147082471 0.947031007219216 0.926364162935397 0.947388936506576 0.95107739135372 0.946221033976029 0.933508420964597 0.960104687838986 0.914706882068411 0.940383773522302 0.953775611919991 0.959923131342231 0.936757476665472 0.944041115685252 0.937645751298749 0.913568153671781 0.944893289081463 0.935744540195643 0.946135938633378 0.904777222078237
-9999 -9999 -9999 -9999 -9999 -9999 -9999 -9999 -9999 -9999 -9999 -9999 -9999 -9999 -9999 -9999 0.947522367076626 0.945774127737868 0.931663904821713 0.949229666983412 0.942997014600969 0.905308826345349 0.977229781916 0.983982785390909 0.934414570037965 0.926828915244107 0.935911489833837 0.948630780338118 0.927102899679344 0.939511203614583 0.940167363118456 0.948727941423289 0.960061068309476 0.952190638977627 0.917022648019364 0.942047427158299 0.971840475036252 0.940319602216102 0.939165871307824 0.955112332494873 0.944466546094728 0.938376072350867 0.936937198693006 0.943460524973208 0.932290162345465
-9999 -9999 -9999 -9999 -9999 -9999 -9999 -9999 -9999 -9999 -9999 -9999 -9999 -9999 -9999 -9999 -9999 0.944961446746981 0.95298785807866 0.958132637896404 0.958494841876964 0.963493985559529 0.983898111994891 0.938811764438021 0.952863712895894 0.956960100628535 0.92693781660688 0.937868972497894 0.94254072746265 0.94168176857551 0.918511998812402 0.94252744798762 0.956317749755874 0.949265311995686 0.942680754625656 0.942351864839952 0.955177166779873 0.959803030893647 0.942841475405252 0.941906831379935 0.952736836948697 0.935922699113693 0.923856197943745 0.938590043468328 0.950062850073708
-9999 -9999 -9999 -9999 -9999 -9999 -9999 -9999 -9999 -9999 -9999 -9999 -9999 -9999 -9999 -9999 0.949097837566299 0.934077944223084 0.945936082569854 0.952915479366428 0.954348667196958 0.936706434422739 0.983855949517013 0.942818283882775 0.949523408816878 0.963738985628429 0.959279327547627 0.947617654681697 0.939510739409968 0.951735511872599 0.931447064170844 0.940568734180579 0.943507396818566 0.933514820055607 0.946782584393114 0.949309338405603 0.951487811860946 0.950792181122538 0.959490385868378 0.966835844269306 0.949360038880797 0.952622380084287 0.965022089076331 0.964712200953533 0.937693488831169
-9999 -9999 -9999 -9999 -9999 -9999 -9999 -9999 -9999 -9999 -9999 -9999 -9999 -9999 -9999 -9999 0.948897582247132 0.960501902301841 0.946777226320116 0.946880229603842 0.966475947716435 0.967846401143693 0.967705137548577 0.977213051910284 0.942368761172942 0.922962699097637 0.924233721951412 0.925266767952959 0.959249498141798 0.957651931354101 0.939686014053941 0.9169769851489 0.925006025717481 0.94478249519189 0.930899648078977 0.943220066856524 0.917587221208119 0.939189773439629 0.953793910384036 0.95523495767234 0.94100576614136 0.921283766422545 0.933666751638252 0.906165085911923 0.932461894142839
-9999 -9999 -9999 -9999 -9999 -9999 -9999 -9999 -9999 -9999 -9999 -9999 -9999 -9999 -9999 0.927605634877449 0.941911844771961 0.943076532117241 0.961667292893083 0.952533011725581 0.943689502428254 0.938219058611506 0.914738977605254 0.9838086619231 0.949935757262412 0.963337657458513 0.96239907547017 0.961034082263702 0.960164695868524 0.938020417776571 0.94778422886096 0.919061868655678 0.940948141211239 0.940189946015282 0.94143935600524 0.9281510513114 0.93950107593526 0.949415383522567 0.951934299327906 0.96814496474545 0.96785783989331 0.93164569694509 0.905248188084144 0.933464006288374 0.940007850347589
-9999 -9999 -9999 -9999 -9999 -9999 -9999 -9999 -9999 -9999 -9999 -9999 -9999 -9999 -9999 0.944337511107128 0.956511236625165 0.92072735140631 0.960187601539012 0.94952377844807 0.959525897721301 0.9382096588966 0.948387546818781 0.983798602018309 0.938444377534 0.919230487559725 0.943950042299648 0.92849307729747 0.937223612537883 0.938149295246462 0.934653726472208 0.941318584925198 0.942042216670543 0.949058439484028 0.96067510353296 0.941374618907685 0.941307173303803 0.93908108324985 0.913626575402549 0.945311250737621 0.954373614417017 0.953772629868892 0.928629763057286 0.928862970506955 0.944266654124236
-9999 -9999 -9999 -9999 -9999 -9999 -9999 -9999 -9999 -9999 -9999 -9999 -9999 -9999 -9999 0.943133467055593 0.957719604830599 0.946114533025365 0.91888906861397 0.936975087860399 0.941370695384761 0.910817981165707 0.937684053161681 0.937728178767505 0.977149368049936 0.914286501180842 0.940105793498459 0.944102280698126 0.913398223121023 0.961658324673034 0.955668723951665 0.952891464026023 0.946168145272215 0.953379775443881 0.948791771021103 0.950518196469978 0.93003994016539 0.925296252672909 0.938823746501638 0.938631299394201 0.94817867691476 0.94205306521606 0.95411936091447 0.965955675648829 0.944240912339054
