Model input/Uganda/survival/survivalcombined/survival_restime_1feb.asc
NCOLS 67 
NROWS 67 
XLLCORNER 29.500000001 
YLLCORNER -1.499999999 
CELLSIZE 0.0833333332985075 
NODATA_value -9999 
[rows 0 to 19 of 67, columns 0 to 44 of 67]
-9999.000000000000000 -9999 -9999 -9999 -9999 -9999 -9999 -9999 -9999 -9999 -9999 -9999 -9999 -9999 -9999 -9999 -9999 -9999 -9999 -9999 -9999 -9999 -9999 -9999 -9999 -9999 -9999 -9999 -9999 -9999 -9999 0.916418207316035 0.940199713561723 -9999 -9999 -9999 -9999 -9999 -9999 -9999 -9999 -9999 -9999 -9999 -9999
-9999 -9999 -9999 -9999 -9999 -9999 -9999 -9999 -9999 -9999 -9999 -9999 -9999 -9999 -9999 -9999 -9999 -9999 -9999 -9999 -9999 -9999 -9999 -9999 -9999 -9999 -9999 -9999 -9999 0.941603391233382 0.925990877342987 0.938370136902548 0.931169046663091 0.913482356634658 0.914762838690551 0.938067735423058 0.943582313028635 0.920539389860847 0.938415129431443 0.940976083033873 -9999 -9999 -9999 -9999 -9999
-9999 -9999 -9999 -9999 -9999 -9999 -9999 -9999 -9999 -9999 -9999 -9999 -9999 -9999 -9999 -9999 -9999 -9999 -9999 -9999 -9999 -9999 -9999 -9999 -9999 -9999 -9999 -9999 -9999 0.955589898148306 0.935557458112766 0.952854761597372 0.952616569720012 0.965681873919286 0.936577111805586 0.950031707620046 0.96283799327084 0.961031929791501 0.956387223194983 0.952444791854075 0.939953940143835 0.923810461287679 0.941113410333737 -9999 -9999
-9999 -9999 -9999 -9999 -9999 -9999 -9999 -9999 -9999 -9999 -9999 -9999 -9999 -9999 -9999 -9999 -9999 -9999 -9999 -9999 -9999 -9999 -9999 -9999 -9999 0.938584399900041 -9999 -9999 -9999 0.938438818279569 0.933211831612861 0.953885607148846 0.936502344443417 0.911790523065785 0.951431732968815 0.947054421862445 0.939961153728995 0.940621651840081 0.931490366868454 0.944184158668511 0.944183579436736 0.921225098382885 0.950572245168487 -9999 -9999
-9999 -9999 -9999 -9999 -9999 -9999 -9999 -9999 -9999 -9999 -9999 -9999 -9999 -9999 -9999 -9999 -9999 -9999 -9999 -9999 -9999 -9999 0.944101123125215 -9999 -9999 0.924465019111758 -9999 -9999 -9999 0.984180540532336 0.977648520671544 0.977281666840168 0.953748802459783 0.950673303398591 0.943755410622261 0.913652494031212 0.940001515326699 0.92717804333634 0.943024048404708 0.933514429564848 0.932564598216084 0.933020808523073 0.953989907685376 0.93674495437055 -9999
-9999 -9999 -9999 -9999 -9999 -9999 -9999 -9999 -9999 -9999 -9999 -9999 -9999 -9999 -9999 -9999 -9999 -9999 -9999 -9999 -9999 0.928776178364269 0.951074936067362 0.941873228719874 0.949635060094877 0.905039495914058 0.986018065699266 0.986106708771737 0.980463388178993 0.985900910065018 0.923876538487587 0.977320414863065 0.965033666154946 0.964566687096077 0.942950717631258 0.938777477258719 0.954066661346729 0.939750285622285 0.90865363494635 0.935903935903407 0.913629255023811 0.954744595076114 0.956199298630922 0.936995114765109 -9999
-9999 -9999 -9999 -9999 -9999 -9999 -9999 -9999 -9999 -9999 -9999 -9999 -9999 -9999 -9999 -9999 -9999 -9999 -9999 0.945224335656937 0.962569853294279 0.96333496269051 0.965465391067318 0.96621181713891 0.93571770024941 0.924890925705309 0.985902070980901 0.985728465078886 0.985761815160555 0.985822065061783 0.957558183712577 0.9268479078009 0.967620464325814 0.921272923037994 0.949888236324783 0.95910122899421 0.957800417854346 0.952933133092443 0.937058327159847 0.946077830610634 0.950671446777043 0.957638877433808 0.962074163585341 0.906177095674522 -9999
-9999 -9999 -9999 -9999 -9999 -9999 -9999 -9999 -9999 -9999 -9999 -9999 -9999 -9999 -9999 -9999 -9999 0.954363767988757 0.956355495478516 0.943880263252592 0.944004857163007 0.927930573152486 0.917896849750608 0.9661678375935 0.850488646420183 0.954713368947492 0.979816459194192 0.915996350923141 0.950484994339609 0.953063979796023 0.966267301978535 0.953125197892353 0.977265441688543 0.930107290269657 0.914670587139418 0.928030232175834 0.947827558628593 0.940188981073945 0.937917745642914 0.939067623386368 0.937234666724694 0.939124161606304 0.948570995961512 0.93480893896539 0.907746544737331
-9999 -9999 -9999 -9999 -9999 -9999 -9999 -9999 -9999 -9999 -9999 -9999 -9999 -9999 -9999 -9999 -9999 0.954500695832208 0.925503936308565 0.945207403309347 0.94477272972808 0.935477631524137 0.952436402980977 0.967162543248937 0.966594913169745 0.979777825935055 0.937561708500554 0.937771216118991 0.946131230030041 0.94990008005762 0.966179516820166 0.966566677165833 0.93871192308644 0.967931064348436 0.923668979299842 0.940400199958674 0.917117668961365 0.940487231999188 0.92493843096315 0.939330719155656 0.940162022551326 0.971329748483436 0.937665671185833 0.948177996073218 0.935294850678335
-9999 -9999 -9999 -9999 -9999 -9999 -9999 -9999 -9999 -9999 -9999 -9999 -9999 -9999 -9999 -9999 -9999 0.958370211436188 0.959182904507995 0.962782141828162 0.950454505374882 0.93679582100623 0.935835621871467 0.823185546461929 0.979708856172633 0.938212150976029 0.93316791905059 0.932496360370506 0.924601156069885 0.959286377067158 0.965364073502605 0.938821513421149 0.952435455534398 0.977404172530185 0.97713672210385 0.933131061148815 0.915878123628329 0.938895376734569 0.944785596516706 0.949251254826507 0.960003441011657 0.971237789326091 0.95637485848276 0.952173090540003 0.938795401827683
-9999 -9999 -9999 -9999 -9999 -9999 -9999 -9999 -9999 -9999 -9999 -9999 -9999 -9999 -9999 -9999 0.949491587883083 0.955603245839504 0.964547882648664 0.967879300893032 0.968672659589241 0.9686108614966 0.956894775805301 0.954094948774883 0.985641560203349 0.95896236940386 0.941334366772859 0.917809569736132 0.929412391166872 0.955405224808759 0.961602010407213 0.916416067018825 0.965784909102369 0.946860322534106 0.935102564922683 0.967962363831734 0.956819609329368 0.941407035661997 0.960890331071335 0.972095152969393 0.947828092052182 0.939267412889127 0.938308620791671 0.955487360307086 0.967447580624078
-9999 -9999 -9999 -9999 -9999 -9999 -9999 -9999 -9999 -9999 -9999 -9999 -9999 -9999 -9999 -9999 0.949254426650604 0.94819061468956 0.945169307969612 0.929817651038335 0.944889004542382 0.913981522072268 0.809141516244779 0.980072211452927 0.932074708585507 0.958275862080658 0.956319637152784 0.942723668936049 0.943350315629857 0.953395576536699 0.960057389334422 0.945386394863313 0.965079276409817 0.946746580075141 0.945509082327532 0.975547117508164 0.961727568497622 0.972715443516369 0.961178419223269 0.941472587875619 0.937857610336636 0.953437805324529 0.937320168169598 0.954274660269155 0.937592548879498
-9999 -9999 -9999 -9999 -9999 -9999 -9999 -9999 -9999 -9999 -9999 -9999 -9999 -9999 -9999 0.94874325787407 0.943537431332156 0.950703617702384 0.954057729622305 0.945565922553243 0.931422312242835 0.908095056259403 0.985929659723147 0.985881317510357 0.944785436127373 0.920607889843926 0.943054755871833 0.921225079301275 0.944203589577682 0.951234088813546 0.949867916845693 0.9386649502694 0.963664174688626 0.917046360266275 0.94397072503381 0.957006073994169 0.964637306534019 0.940499543715613 0.948308097740644 0.941795461718704 0.917676257332378 0.947422993723405 0.938131267808771 0.95004294804062 0.910518254498016
-9999 -9999 -9999 -9999 -9999 -9999 -9999 -9999 -9999 -9999 -9999 -9999 -9999 -9999 -9999 -9999 0.952147727951061 0.952687029564441 0.936534694740506 0.946109039862568 0.945824136899715 0.873619153521098 0.979977893920933 0.985914606975397 0.930746911471422 0.921121355697433 0.932294809001319 0.944649418312906 0.928273391534977 0.942605900460301 0.943656142198665 0.952155463313093 0.963215475425969 0.955652684978569 0.921965075313655 0.945574029810863 0.975168602162487 0.937968515229363 0.942199485339338 0.957675514838616 0.947267339997485 0.940262119290748 0.939614564053187 0.947142056413016 0.938061932803503
-9999 -9999 -9999 -9999 -9999 -9999 -9999 -9999 -9999 -9999 -9999 -9999 -9999 -9999 -9999 -9999 -9999 0.952281826816462 0.956066489579235 0.958547379173893 0.959030973236843 0.964833456650291 0.98582073971967 0.936655681577595 0.950158589895914 0.954936480250863 0.921439734982241 0.938322758396206 0.942595087802249 0.945234803701997 0.923474437959385 0.945844997028559 0.959318906761954 0.952697345266618 0.94602974265634 0.945932524378227 0.959352197125767 0.964593691892673 0.938510670899045 0.938099929507603 0.958558190372811 0.943120546439583 0.933763542920543 0.946259712087763 0.956738828722472
-9999 -9999 -9999 -9999 -9999 -9999 -9999 -9999 -9999 -9999 -9999 -9999 -9999 -9999 -9999 -9999 0.955906538294947 0.943195232246764 0.944708244519841 0.951358393436892 0.953831712882489 0.936007850087909 0.985807892642921 0.946444619988163 0.948713650688616 0.963360589759471 0.959152474316771 0.943868839937549 0.94206524518065 0.955334995424359 0.936963916004865 0.944229528992146 0.946620813242835 0.937128018904241 0.949824236398699 0.953059958568893 0.955728624109925 0.955006718293635 0.964402666614841 0.970719288690142 0.951355774822898 0.95848377551548 0.969748553899986 0.969493519585953 0.94585400620604
-9999 -9999 -9999 -9999 -9999 -9999 -9999 -9999 -9999 -9999 -9999 -9999 -9999 -9999 -9999 -9999 0.955727872702992 0.966343055305618 0.953758444428036 0.942867761679401 0.970358663424521 0.971040599865981 0.970948030931035 0.979885912449092 0.941390528122787 0.918048452391027 0.919435728739682 0.920423009199933 0.962763099387133 0.961250483710653 0.943689650386245 0.922035005966423 0.930241828932951 0.94741828014214 0.935170077410692 0.946851228516205 0.923282033921253 0.943125976230939 0.957932611748859 0.960709002918127 0.934407662101252 0.92465957425139 0.937307361064731 0.910885137996635 0.936501681338179
-9999 -9999 -9999 -9999 -9999 -9999 -9999 -9999 -9999 -9999 -9999 -9999 -9999 -9999 -9999 0.936915590013566 0.95022867102514 0.950322389933888 0.966578562742442 0.958368348579084 0.944718784216978 0.936130730748644 0.911450791166843 0.985706721997485 0.952337424107213 0.965361317967527 0.964788102932328 0.964065789072385 0.96364348310305 0.941852092769023 0.951755883273057 0.924573683717318 0.944563928335984 0.945089390736507 0.944707375066962 0.933341997781132 0.943463170730953 0.953547159003225 0.956086864812088 0.972080966682195 0.97183007301594 0.939618743417036 0.913903758050623 0.937851634295217 0.944249753340197
-9999 -9999 -9999 -9999 -9999 -9999 -9999 -9999 -9999 -9999 -9999 -9999 -9999 -9999 -9999 0.951526014028178 0.962605442762816 0.930806708332294 0.965555619867343 0.9492202889666 0.960467593971948 0.932186594498371 0.94783836859484 0.985711212109487 0.93743646106462 0.915269079854661 0.940861549177422 0.928065066143057 0.939333983986927 0.941906175846601 0.940207657922532 0.945424401684607 0.946140125147189 0.95298813448768 0.96412127834839 0.94361128838466 0.944491793315782 0.942858308316542 0.918988909281467 0.949674622170953 0.958941133679025 0.959607467625226 0.937929890962 0.936370775615885 0.949290615437828
-9999 -9999 -9999 -9999 -9999 -9999 -9999 -9999 -9999 -9999 -9999 -9999 -9999 -9999 -9999 0.949839141436256 0.96329734719794 0.953280778860973 0.922578415150752 0.938619096719476 0.933442843979949 0.903287314264673 0.942004641079971 0.93303360520636 0.97926659053319 0.907470323518317 0.938481369052426 0.939897685748279 0.913636802437875 0.964185838062432 0.958820610490425 0.955936022687702 0.948627530404682 0.956292652713371 0.952543794292205 0.952721407493866 0.933846563053516 0.928709510089907 0.941411120356694 0.941823750265934 0.952273701277925 0.946456261136238 0.959857851642272 0.970192635052697 0.950440726461591
