Model input/Uganda/survival/survivalcombined/survival_restime_1dec.asc
NCOLS 67 
NROWS 67 
XLLCORNER 29.500000001 
YLLCORNER -1.499999999 
CELLSIZE 0.0833333332985075 
NODATA_value -9999 
[rows 0 to 19 of 67, columns 0 to 44 of 67]
-9999.000000000000000 -9999 -9999 -9999 -9999 -9999 -9999 -9999 -9999 -9999 -9999 -9999 -9999 -9999 -9999 -9999 -9999 -9999 -9999 -9999 -9999 -9999 -9999 -9999 -9999 -9999 -9999 -9999 -9999 -9999 -9999 0.911844116939694 0.936913640963999 -9999 -9999 -9999 -9999 -9999 -9999 -9999 -9999 -9999 -9999 -9999 -9999
-9999 -9999 -9999 -9999 -9999 -9999 -9999 -9999 -9999 -9999 -9999 -9999 -9999 -9999 -9999 -9999 -9999 -9999 -9999 -9999 -9999 -9999 -9999 -9999 -9999 -9999 -9999 -9999 -9999 0.938776718014172 0.922198457930461 0.935481873183882 0.927686209963455 0.910386110480996 0.911266284600461 0.936175709872956 0.941190584902621 0.917209535436006 0.934371980809788 0.936957010249688 -9999 -9999 -9999 -9999 -9999
-9999 -9999 -9999 -9999 -9999 -9999 -9999 -9999 -9999 -9999 -9999 -9999 -9999 -9999 -9999 -9999 -9999 -9999 -9999 -9999 -9999 -9999 -9999 -9999 -9999 -9999 -9999 -9999 -9999 0.953263695722579 0.932708249248074 0.950571950215453 0.950362851203872 0.964039267068254 0.934940848398088 0.947681210824592 0.960457808160107 0.95859913077256 0.953727027833845 0.949546738763759 0.936773931598475 0.918868866116491 0.937344471291769 -9999 -9999
-9999 -9999 -9999 -9999 -9999 -9999 -9999 -9999 -9999 -9999 -9999 -9999 -9999 -9999 -9999 -9999 -9999 -9999 -9999 -9999 -9999 -9999 -9999 -9999 -9999 0.936602169434601 -9999 -9999 -9999 0.935410295077128 0.930710860187021 0.951683409938164 0.934697567239759 0.909058998589284 0.949138073802331 0.945186246248088 0.937188619711809 0.93802028463795 0.927938284079549 0.941596185808309 0.940809159536449 0.916623570657974 0.947001619796709 -9999 -9999
-9999 -9999 -9999 -9999 -9999 -9999 -9999 -9999 -9999 -9999 -9999 -9999 -9999 -9999 -9999 -9999 -9999 -9999 -9999 -9999 -9999 -9999 0.94388986550645 -9999 -9999 0.921694656325926 -9999 -9999 -9999 0.983662916727612 0.976576502267628 0.976163067462893 0.951819934047089 0.948696746423701 0.941762333746105 0.910796386005147 0.936941136374811 0.92376215728836 0.940494964702206 0.931332325574269 0.928400048266826 0.930235410722252 0.950629322036395 0.932501662740311 -9999
-9999 -9999 -9999 -9999 -9999 -9999 -9999 -9999 -9999 -9999 -9999 -9999 -9999 -9999 -9999 -9999 -9999 -9999 -9999 -9999 -9999 0.929231920275799 0.951355612587454 0.943677840828078 0.94813971304561 0.903170906284744 0.985501111426728 0.985606933878405 0.979753441147416 0.985424881175963 0.924408177647799 0.976192556867128 0.963825247832991 0.963265137438784 0.940809299041012 0.936512672228716 0.951589350774401 0.937944724359512 0.905886767425516 0.933227682374098 0.908894679107637 0.951849728795907 0.952898169005575 0.932755982635036 -9999
-9999 -9999 -9999 -9999 -9999 -9999 -9999 -9999 -9999 -9999 -9999 -9999 -9999 -9999 -9999 -9999 -9999 -9999 -9999 0.945964168825547 0.962119111271124 0.963042575055892 0.965263555202219 0.966068791131073 0.934396288956431 0.921005501068686 0.985424256995981 0.985254456648497 0.98528348435331 0.985351406849971 0.956297792678224 0.926967141307222 0.966019693934377 0.921331375448201 0.948093311504235 0.957869859938591 0.955746126527146 0.950795148587536 0.934486255770931 0.94310470949693 0.947667106240789 0.954735201783375 0.959024592109641 0.900648481698828 -9999
-9999 -9999 -9999 -9999 -9999 -9999 -9999 -9999 -9999 -9999 -9999 -9999 -9999 -9999 -9999 -9999 -9999 0.953936860648679 0.956129313153314 0.943553022242207 0.943706051494126 0.929338574077208 0.921345589911958 0.966250123723569 0.883676220158517 0.954821985106801 0.97924751803947 0.913323771895782 0.949158197829084 0.951901097095841 0.965425683143597 0.951764556539205 0.976117665879478 0.931425881864622 0.915599380321984 0.926894163891768 0.946015467467533 0.938503547427828 0.935954206800416 0.935879293234818 0.933349540839332 0.935510011181594 0.944233374158913 0.930812342402927 0.902040037178316
-9999 -9999 -9999 -9999 -9999 -9999 -9999 -9999 -9999 -9999 -9999 -9999 -9999 -9999 -9999 -9999 -9999 0.954119800898149 0.925418321813106 0.945051971031316 0.94433537523003 0.934902877008156 0.953122252527922 0.967224711033231 0.966558428846406 0.979226115227618 0.938084212671998 0.936950593428731 0.945171162818065 0.949418082846701 0.965312257741222 0.965561849510676 0.939230246689432 0.966295610934834 0.923975381700006 0.940747189680722 0.915353426172186 0.939525876935868 0.921878470087867 0.936004633479345 0.936564837505589 0.969178604978989 0.933393693655882 0.944357268646516 0.931124357940902
-9999 -9999 -9999 -9999 -9999 -9999 -9999 -9999 -9999 -9999 -9999 -9999 -9999 -9999 -9999 -9999 -9999 0.957888832073731 0.958784819891218 0.962343708341561 0.950568423266765 0.936891287210831 0.93515688910784 0.91101861953813 0.97915464057423 0.943274325292967 0.932980177289605 0.932712321848756 0.924229712877811 0.958786405736887 0.964474335465276 0.939325887390733 0.950939677853116 0.976208840893457 0.975936466130782 0.934358792666091 0.915831438224867 0.936259163908984 0.941870852109882 0.946054255015661 0.957046663905916 0.969093029940772 0.952522817198097 0.948387872857649 0.934337665709282
-9999 -9999 -9999 -9999 -9999 -9999 -9999 -9999 -9999 -9999 -9999 -9999 -9999 -9999 -9999 -9999 0.949488405795526 0.955318050923152 0.964051692836011 0.967392769145601 0.968204129131097 0.968141526237874 0.956457963317542 0.95431680130694 0.985250243636624 0.95851043918419 0.940871405736883 0.917035775149195 0.92928579763509 0.954800677760284 0.960563410530386 0.916959406865474 0.964619440771234 0.94603016744805 0.935990220275646 0.966238733105244 0.95497585354922 0.939565574685108 0.957990632162279 0.970003340866565 0.944723684218565 0.936081011415041 0.934404121785086 0.951539646289211 0.964534102011289
-9999 -9999 -9999 -9999 -9999 -9999 -9999 -9999 -9999 -9999 -9999 -9999 -9999 -9999 -9999 -9999 0.949155341762397 0.94724370396413 0.945058419940431 0.929897963206913 0.945936368311234 0.913032927563276 0.910986338317582 0.979649592611577 0.945273159775335 0.957793440719266 0.955942984572506 0.942103234788702 0.943302736616963 0.952678438813063 0.958850708387225 0.943823636382639 0.963844987016308 0.946009845331498 0.945380248807987 0.974202232606196 0.958896514548671 0.970668156826877 0.958539622178158 0.938142786681818 0.934041971950082 0.950645558128474 0.933483836809251 0.950867480220372 0.933745562343244
-9999 -9999 -9999 -9999 -9999 -9999 -9999 -9999 -9999 -9999 -9999 -9999 -9999 -9999 -9999 0.947434430179168 0.942519054123186 0.949348138016699 0.952880276985588 0.9440780289529 0.932228772961162 0.916972531748624 0.985624001035921 0.985560746084942 0.944345364070209 0.921797863784451 0.943900223285639 0.92152223831272 0.943840252844054 0.950498064645024 0.948428205349859 0.936986645526814 0.962318462321459 0.91584189770076 0.942317565721571 0.955219201000142 0.962087848089298 0.937089615243819 0.945051224395964 0.938126946275416 0.913341578215903 0.944563045066169 0.934397850634457 0.946538915919014 0.905040461791074
-9999 -9999 -9999 -9999 -9999 -9999 -9999 -9999 -9999 -9999 -9999 -9999 -9999 -9999 -9999 -9999 0.951806657412024 0.951400025630358 0.935170963395033 0.946287439744275 0.944692406595336 0.901573567841372 0.979736474759004 0.98569996715881 0.931841614275848 0.922997149733957 0.932945037096601 0.945320103328041 0.927686217851698 0.94200565044392 0.942394712435512 0.951163498176162 0.962089716522594 0.954731116929833 0.919795390937802 0.943788447425313 0.973589877614029 0.936176846718438 0.939526205797212 0.955417551323324 0.944747759114031 0.937804608650792 0.936152861236331 0.9437333400758 0.93421402710247
-9999 -9999 -9999 -9999 -9999 -9999 -9999 -9999 -9999 -9999 -9999 -9999 -9999 -9999 -9999 -9999 -9999 0.950907621275378 0.955131986983892 0.957915420011448 0.958423132683338 0.964485205228457 0.985648803806232 0.937434626345346 0.951087972543043 0.955234022264048 0.922623514242274 0.937983604423277 0.942372430720688 0.944299583465143 0.921243434544625 0.944794662412833 0.958035622641413 0.951804167180318 0.945102673860261 0.944164964504818 0.957110962918192 0.962365850637499 0.937398770144241 0.936793437993016 0.955838018434169 0.940258629089233 0.928807964093187 0.942482808634037 0.95292916219354
-9999 -9999 -9999 -9999 -9999 -9999 -9999 -9999 -9999 -9999 -9999 -9999 -9999 -9999 -9999 -9999 0.954853209287166 0.941427764970435 0.944262684791506 0.951211148955708 0.953406349490884 0.936285537559505 0.985636340776227 0.945789104479518 0.949035054567142 0.963234581827158 0.958950372940259 0.944430610524165 0.941025567928941 0.954209744491311 0.934592332048604 0.942516174697948 0.944878582896987 0.935418948240888 0.948341557154895 0.951283486589983 0.953427076628717 0.952757346015077 0.962180075222925 0.968847801873705 0.949344335974629 0.955739902843499 0.967063934738418 0.96678143359717 0.941998544476594
-9999 -9999 -9999 -9999 -9999 -9999 -9999 -9999 -9999 -9999 -9999 -9999 -9999 -9999 -9999 -9999 0.954280345041378 0.965023947603702 0.952090221513888 0.942945334062928 0.969302933969613 0.970097315088462 0.970013496822672 0.979651657944449 0.9414662798517 0.919818787888725 0.920554069698352 0.921421816697742 0.96166658454224 0.960111393734008 0.941613648158925 0.918926903713715 0.927475884271977 0.94542796219225 0.932526100694816 0.945031946826801 0.920154325923261 0.940648611519622 0.955683132703015 0.958382498513293 0.933732543412374 0.921703614988838 0.933942550350286 0.906327513659153 0.932969944409831
-9999 -9999 -9999 -9999 -9999 -9999 -9999 -9999 -9999 -9999 -9999 -9999 -9999 -9999 -9999 0.935019971599005 0.948410141509828 0.948744157774076 0.965306662322739 0.956881854709862 0.943860349402717 0.935845602699696 0.912598874058926 0.985539304983222 0.951615791836707 0.964646719294013 0.963959423252396 0.963056670705972 0.962527684343648 0.940122828889912 0.949652729731163 0.921594442517561 0.942318911490768 0.942641839276445 0.942587280816438 0.930789553583374 0.940900062496444 0.951145650505204 0.95376390709175 0.970396699638289 0.970122025277269 0.936648616435768 0.908890382635718 0.934514638236716 0.941034396720549
-9999 -9999 -9999 -9999 -9999 -9999 -9999 -9999 -9999 -9999 -9999 -9999 -9999 -9999 -9999 0.950059054264466 0.961316804365211 0.928539692484135 0.964215173703471 0.948771495506481 0.959806091342449 0.93460490726895 0.949800645727064 0.985556049631825 0.944493112778265 0.916814276146352 0.941869567293879 0.92770528148545 0.937950596517758 0.940131197177855 0.937463685034824 0.943266698133627 0.944018151408617 0.951052180879353 0.96245593948737 0.941662405538165 0.942027557711947 0.940232136337236 0.915550279288483 0.947248826206909 0.956698548487249 0.957171443220584 0.933845264458895 0.932014541712596 0.946074206592343
-9999 -9999 -9999 -9999 -9999 -9999 -9999 -9999 -9999 -9999 -9999 -9999 -9999 -9999 -9999 0.948559460250827 0.962125453183139 0.951782323979988 0.921505027046538 0.937929037754045 0.93490849343734 0.906033857159012 0.941641594965077 0.942325263566312 0.979322686331917 0.919424794277039 0.93938414059276 0.941574451819092 0.913391797063072 0.963398853857626 0.957578198485075 0.954715275872081 0.947500951128566 0.955103251115543 0.951032459326705 0.951647851833655 0.931697697137137 0.926481282427252 0.939676085977124 0.940123913672691 0.950564236559808 0.944791177790534 0.957205824728371 0.968232686935393 0.947779114816856
