Model input/Uganda/DOCraster.asc
NCOLS 720 
NROWS 360 
XLLCORNER -180 
YLLCORNER -90 
CELLSIZE 0.5 
NODATA_value -9999 
[rows 35 to 69 of 360, columns 474 to 552 of 720]
-9999 -9999 -9999 -9999 -9999 -9999 -9999 -9999 -9999 -9999 -9999 -9999 -9999 -9999 -9999 -9999 -9999 -9999 -9999 -9999 -9999 -9999 -9999 4.25 4.53 4.37 4.37 4.36 4.36 4.92 4.92 6.48 -9999 -9999 -9999 -9999 4.14 -9999 -9999 -9999 -9999 4.16 4.33 4.2 4.26 4.26 -9999 -9999 -9999 -9999 4.23 4.23 4.23 3.81 3.81 3.81 3.81 3.81 3.81 3.81 3.81 3.81 3.81 3.81 3.81 3.81 3.81 3.81 3.81 3.81 3.81 3.81 3.81 3.81 3.81 4.4 4.4 3.81 3.81
-9999 -9999 -9999 -9999 -9999 -9999 -9999 -9999 -9999 -9999 -9999 -9999 -9999 -9999 -9999 -9999 -9999 -9999 -9999 -9999 -9999 -9999 4.39 4.39 4.25 4.51 4.51 4.51 4.92 4.92 4.92 -9999 -9999 4.34 4.4 4.26 4.26 -9999 4.4 4.2 4.33 4.29 4.29 4.21 4.26 4.26 4.2 4.23 4.31 -9999 4.13 4.13 4.13 3.81 3.81 3.81 3.81 3.81 3.81 3.81 3.81 3.81 3.81 3.81 3.81 3.81 3.81 3.81 3.81 3.81 3.81 3.81 3.81 3.81 3.81 3.81 3.81 3.81 3.83
-9999 -9999 -9999 -9999 -9999 -9999 -9999 -9999 -9999 -9999 -9999 -9999 -9999 -9999 -9999 -9999 -9999 -9999 -9999 -9999 4.48 4.48 4.39 4.39 4.44 4.51 4.51 4.51 4.51 4.51 4.51 -9999 -9999 4.23 4.15 4.22 4.22 4.23 4.21 4.21 4.21 4.21 4.21 4.21 4.21 4.2 4.2 4.23 4.68 4.68 4.68 4.68 4.68 4.68 4.68 4.68 4.68 4.68 3.81 3.81 3.81 3.81 3.81 3.81 3.81 3.81 3.81 3.81 3.81 3.81 3.81 3.81 3.81 3.81 3.81 3.83 3.83 3.83 3.83
4.3 -9999 -9999 -9999 -9999 -9999 -9999 -9999 -9999 -9999 -9999 -9999 -9999 -9999 -9999 -9999 -9999 -9999 -9999 -9999 -9999 4.48 4.48 4.37 4.44 4.44 4.51 4.51 4.51 4.51 10.2 8.72 -9999 -9999 4.24 4.22 4.22 4.23 4.23 4.21 4.21 4.21 4.21 4.21 4.21 4.2 4.2 4.68 4.68 4.68 4.68 4.68 4.68 4.68 4.68 4.68 4.68 4.68 4.68 4.68 4.68 3.81 3.81 3.81 3.81 3.81 3.81 3.81 3.81 3.81 3.81 3.81 3.83 3.83 3.83 3.83 3.83 3.83 3.83
-9999 -9999 -9999 -9999 -9999 -9999 -9999 -9999 -9999 -9999 -9999 -9999 -9999 -9999 -9999 -9999 -9999 -9999 -9999 -9999 4.48 4.48 4.37 4.37 4.44 4.44 4.44 4.51 4.51 4.83 4.83 -9999 -9999 -9999 4.31 4.2 4.2 4.21 4.2 4.23 4.21 4.21 4.21 4.21 4.21 4.2 4.68 4.68 4.68 4.68 4.68 4.68 4.68 4.68 4.68 4.68 4.68 4.68 4.68 4.68 4.68 3.81 3.81 3.81 3.81 3.81 3.81 3.81 3.81 3.81 3.81 3.81 3.81 3.83 3.83 3.83 3.83 3.83 3.83
-9999 -9999 -9999 -9999 -9999 -9999 4.2 4.28 4.28 4.28 4.08 4.22 -9999 -9999 -9999 -9999 -9999 -9999 -9999 -9999 4.52 4.36 4.37 4.37 4.44 4.44 4.44 4.44 5.5 5.5 5.5 -9999 -9999 4.15 4.14 4.2 4.25 4.21 4.2 4.2 4.2 4.2 4.2 5.15 4.21 4.21 4.68 4.68 4.68 4.68 4.68 4.68 4.68 4.68 4.68 4.68 4.68 4.68 4.68 4.68 3.81 3.81 3.81 3.81 3.81 3.81 3.81 3.81 3.81 3.83 3.83 3.83 3.83 3.83 3.83 3.83 3.83 3.83 3.83
-9999 -9999 -9999 -9999 -9999 -9999 -9999 4.28 4.28 4.28 4.28 4.28 4.28 5.59 4.3 4.34 4.25 -9999 -9999 -9999 -9999 -9999 4.37 4.37 -9999 4.44 4.44 4.44 5.3 5.3 5.3 -9999 -9999 -9999 4.24 4.2 4.25 -9999 4.2 4.2 4.2 4.17 4.17 5.15 5.15 5.15 5.15 5.15 5.15 5.15 4.68 4.68 4.68 4.68 4.68 4.68 4.68 4.68 4.68 4.68 4.68 3.81 3.81 3.81 3.81 3.81 3.81 3.81 3.81 3.81 3.81 4.68 4.68 4.68 3.83 4.68 3.83 3.83 3.83
-9999 4.17 4.22 4.21 4.25 -9999 -9999 4.28 4.28 4.28 4.28 4.28 4.28 4.3 4.3 4.34 4.34 4.34 4.34 4.33 4.49 -9999 -9999 -9999 4.44 4.44 4.44 4.44 4.45 4.57 4.57 5.97 4.85 -9999 -9999 -9999 4.25 4.21 4.2 4.2 -9999 4.17 4.17 5.15 5.15 5.15 5.15 5.15 5.15 5.15 5.15 4.68 4.68 4.68 4.68 4.68 4.68 4.68 4.68 4.68 4.68 4.68 4.68 4.68 3.81 3.81 3.81 3.81 3.81 4.68 4.68 4.68 4.68 4.68 4.68 4.68 3.83 3.83 3.83
4.21 4.17 4.22 4.21 4.25 4.21 4.28 4.28 4.28 4.28 4.28 4.28 4.28 4.3 4.3 4.3 4.34 4.34 4.34 4.33 4.46 4.46 5.86 5.86 4.82 4.82 4.82 4.45 4.45 4.68 4.21 4.28 5.5 -9999 -9999 4.18 4.18 4.21 4.2 4.2 6.49 -9999 4.17 5.15 5.15 5.15 5.15 5.15 5.15 5.15 5.15 4.68 4.68 4.68 4.68 4.68 4.68 4.68 4.68 4.68 4.68 4.68 4.68 4.68 4.68 4.68 4.68 4.68 4.68 4.68 4.68 4.68 4.68 4.68 4.68 4.68 4.68 4.68 4.68
4.68 4.21 4.22 4.22 4.25 4.21 4.21 4.21 4.68 4.28 4.28 4.28 4.28 4.68 4.68 4.68 4.68 4.68 5.86 5.86 5.86 5.86 5.59 5.59 5.59 5.59 5.59 4.45 4.45 4.68 4.21 4.21 -9999 -9999 -9999 4.14 4.14 4.21 6.49 6.49 6.49 -9999 5.15 5.15 5.15 5.15 5.15 5.15 5.15 5.15 5.15 5.15 4.68 4.68 4.68 4.68 4.68 4.68 4.68 4.68 4.68 4.68 4.68 4.68 4.68 4.68 4.68 4.68 4.68 4.68 4.68 4.68 4.68 4.68 4.68 4.68 4.68 4.68 4.68
4.68 4.68 4.68 4.68 4.68 4.68 4.68 4.68 4.68 4.68 4.68 4.28 4.68 4.68 4.68 4.68 4.68 4.68 5.59 5.59 5.59 5.59 5.59 5.59 5.59 5.59 5.59 4.86 4.45 6.56 4.68 -9999 -9999 -9999 4.24 4.17 4.17 6.49 6.49 6.49 6.49 9.88 8.15 5.15 5.15 5.15 5.15 5.15 5.15 5.15 5.15 5.15 4.68 4.68 4.68 4.68 4.68 4.68 4.68 4.68 4.68 4.68 4.68 4.68 4.68 4.68 4.68 4.68 4.68 4.68 4.68 4.68 4.68 4.68 4.68 4.68 4.68 4.68 4.68
4.68 4.68 4.68 4.68 4.68 4.68 4.68 4.68 4.68 4.68 4.68 4.68 4.68 4.68 4.68 5.59 5.59 5.59 5.59 5.59 5.59 5.59 5.59 5.59 5.59 -9999 -9999 -9999 -9999 -9999 -9999 -9999 5.82 5.46 5.46 5.46 4.17 6.49 6.49 6.49 6.49 8.15 8.15 8.15 5.15 5.15 5.15 5.15 5.15 5.15 5.15 5.15 5.15 4.68 4.68 4.68 4.68 4.68 4.68 4.68 4.68 4.68 4.68 4.68 4.68 4.68 4.68 4.68 4.68 4.68 4.68 4.68 4.68 4.68 4.68 4.68 4.68 4.68 4.68
4.68 4.68 4.68 4.68 4.68 4.68 4.68 4.68 4.68 4.68 4.68 4.68 5.59 5.59 5.59 5.59 5.59 5.59 5.59 5.59 5.59 5.59 5.59 5.59 5.59 6.74 6.74 6.74 6.95 8.04 7.98 6.33 6.34 5.82 5.82 5.46 5.46 6.49 6.49 6.49 8.15 8.15 8.15 8.15 8.15 5.15 5.15 5.15 5.15 5.15 5.15 5.15 5.15 4.68 4.68 4.68 4.68 4.68 4.68 4.68 4.68 4.68 4.68 4.68 4.68 4.68 4.68 4.68 4.68 4.68 4.68 4.68 4.68 4.68 4.68 4.68 4.68 4.68 4.68
4.68 4.68 4.68 4.68 4.68 4.68 4.68 4.68 4.68 4.68 5.59 5.59 5.59 5.59 5.59 5.59 5.59 5.59 5.59 5.59 5.59 5.59 5.59 5.59 5.59 8.04 8.04 8.04 8.04 8.04 8.04 7.98 7.98 7.98 8.04 8.04 8.04 6.49 6.49 8.15 8.15 8.15 8.15 8.15 8.15 8.15 5.15 5.15 5.15 5.15 5.15 5.15 5.15 5.15 4.68 4.68 4.68 4.68 4.68 4.68 4.68 4.68 4.68 4.68 4.68 4.68 4.68 4.68 4.68 4.68 4.68 4.68 4.68 4.68 4.68 4.68 4.68 4.68 4.68
4.68 4.68 4.68 4.68 4.68 4.68 4.68 4.68 4.68 5.59 5.59 5.59 5.59 5.59 5.59 5.59 5.59 5.59 5.59 5.59 5.59 5.59 5.59 5.59 5.59 5.59 5.59 8.04 8.04 8.04 8.04 8.04 8.04 8.04 8.04 8.04 8.04 8.15 8.15 8.15 8.15 8.15 8.15 8.15 8.15 8.15 5.15 5.15 5.15 5.15 5.15 5.15 5.15 5.15 5.15 4.68 4.68 4.68 4.68 4.68 4.68 4.68 4.68 4.68 4.68 4.68 4.68 4.68 4.68 4.68 4.68 4.68 4.68 4.68 4.68 4.68 4.68 4.68 4.68
4.68 4.68 4.68 4.68 4.68 5.59 5.59 5.59 5.59 5.59 5.59 5.59 5.59 5.59 5.59 5.59 5.59 5.59 5.59 5.59 5.59 5.59 5.59 5.59 5.59 5.59 5.59 8.04 8.04 8.04 8.04 8.04 8.04 8.04 8.04 8.04 8.04 8.15 8.15 8.15 8.15 8.15 8.15 5.15 5.15 5.15 5.15 5.15 5.15 5.15 5.15 5.15 5.15 5.15 5.15 5.15 4.68 4.68 4.68 4.68 4.68 4.68 4.68 4.68 4.68 4.68 4.68 4.68 4.68 4.68 4.68 4.68 4.68 4.68 4.68 4.68 4.68 4.68 4.68
4.68 4.68 4.68 4.68 4.68 5.59 5.59 5.59 5.59 5.59 5.59 5.59 5.59 5.59 5.59 5.59 5.59 5.59 5.59 5.59 5.59 5.59 5.59 5.59 5.59 5.59 5.59 8.04 8.04 8.04 8.04 8.04 8.04 8.04 8.15 8.15 8.15 8.15 8.15 8.15 8.15 8.15 8.15 8.15 5.15 5.15 5.15 5.15 5.15 5.15 5.15 5.15 5.15 5.15 5.15 5.15 5.15 4.68 4.68 4.68 4.68 4.68 4.68 4.68 4.68 4.68 4.68 4.68 4.68 4.68 4.68 4.68 4.68 4.68 4.68 4.68 4.68 4.68 4.68
4.68 4.68 4.68 4.68 5.59 5.59 5.59 5.59 5.59 5.59 5.59 5.59 5.59 5.59 5.59 5.59 5.59 5.59 5.59 5.59 5.59 5.59 5.59 5.59 5.59 5.59 5.59 5.59 8.04 8.04 8.04 8.04 8.04 8.04 8.15 8.15 8.15 8.15 8.15 8.15 8.15 8.15 8.15 8.15 5.15 5.15 5.15 5.15 5.15 5.15 5.15 5.15 5.15 5.15 5.15 5.15 5.15 4.68 4.68 4.68 4.68 4.68 4.68 4.68 4.68 4.68 4.68 4.68 4.68 4.68 4.68 4.68 4.68 4.68 4.68 4.68 4.68 4.68 4.68
4.68 4.68 4.68 4.68 5.59 5.59 5.59 5.59 5.59 5.59 5.59 5.59 5.59 5.59 5.59 5.59 5.59 5.59 5.59 5.59 5.59 5.59 5.59 5.59 5.59 5.59 5.59 5.59 5.59 5.59 8.04 5.59 5.59 8.15 8.15 8.15 8.15 8.15 8.15 8.15 8.15 8.15 8.15 8.15 8.15 5.15 5.15 5.15 5.15 5.15 5.15 5.15 5.15 5.15 5.15 5.15 5.15 5.15 4.68 4.68 4.68 4.68 4.68 4.68 4.68 4.68 4.68 4.68 4.68 4.68 4.68 4.68 4.68 4.68 4.68 4.68 4.68 4.68 4.68
4.68 4.68 4.68 4.68 5.59 5.59 5.59 5.59 5.59 5.59 5.59 5.59 5.59 5.59 5.59 5.59 5.59 5.59 5.59 5.59 5.59 5.59 5.59 5.59 5.59 5.59 5.59 5.59 5.59 5.59 5.59 5.59 5.59 5.59 5.59 5.59 5.59 5.59 5.59 5.59 8.15 5.59 5.59 5.59 8.15 5.59 5.59 5.59 5.59 5.59 5.59 5.59 5.15 5.15 5.15 5.15 5.15 5.15 4.68 4.68 4.68 4.68 4.68 4.68 4.68 4.68 4.68 4.68 4.68 4.68 4.68 4.68 4.68 4.68 4.68 4.68 4.68 4.68 4.68
4.68 4.68 4.68 4.68 4.68 5.59 5.59 5.59 5.59 5.59 5.59 5.59 5.59 5.59 5.59 5.59 5.59 5.59 5.59 5.59 5.59 5.59 5.59 5.59 5.59 5.59 5.59 5.59 5.59 5.59 5.59 5.59 5.59 5.59 5.59 5.59 5.59 5.59 5.59 5.59 5.59 5.59 5.59 5.59 5.59 5.59 5.59 5.59 5.59 5.59 5.59 5.59 5.59 5.59 5.59 4.68 4.68 4.68 4.68 4.68 4.68 4.68 4.68 4.68 4.68 4.68 4.68 4.68 4.68 4.68 4.68 4.68 4.68 4.68 4.68 4.68 4.68 4.68 4.68
4.68 4.68 4.68 4.68 4.68 5.59 5.59 5.59 5.59 5.59 5.59 5.59 5.59 5.59 5.59 5.59 5.59 5.59 5.59 5.59 5.59 5.59 5.59 5.59 5.59 5.59 5.59 5.59 5.59 5.59 5.59 5.59 5.59 5.59 5.59 5.59 5.59 5.59 5.59 5.59 5.59 5.59 5.59 5.59 5.59 5.59 5.59 5.59 5.59 5.59 5.59 5.59 5.59 5.59 5.59 5.59 4.68 4.68 4.68 4.68 4.68 4.68 4.68 4.68 4.68 4.68 4.68 4.68 4.68 4.68 4.68 4.68 4.68 4.68 4.68 4.68 4.68 4.68 4.68
4.68 4.68 4.68 4.3 4.3 5.59 5.59 5.59 5.59 5.59 5.59 5.59 5.59 5.59 5.59 5.59 5.59 5.59 5.59 5.59 5.59 5.59 5.59 5.59 5.59 5.59 5.59 5.59 5.59 5.59 5.59 5.59 5.59 5.59 5.59 5.59 5.59 5.59 5.59 5.59 5.59 5.59 5.59 5.59 5.59 5.59 5.59 5.59 5.59 5.59 5.59 5.59 5.59 5.59 5.59 5.59 5.59 4.68 4.68 4.68 4.68 4.68 4.68 4.68 4.68 4.68 4.68 4.68 4.68 4.68 4.68 4.68 4.68 4.68 4.68 4.68 4.68 4.68 4.68
4.3 4.3 4.3 4.3 5.59 5.59 5.59 5.59 5.59 5.59 5.59 5.59 5.59 5.59 5.59 5.59 5.59 5.59 5.59 5.59 5.59 5.59 5.59 5.59 5.59 5.59 5.59 5.59 5.59 5.59 5.59 5.59 5.59 5.59 5.59 5.59 5.59 5.59 5.59 5.59 5.59 5.59 5.59 5.59 5.59 5.59 5.59 5.59 5.59 5.59 5.59 5.59 5.59 5.59 5.59 5.59 4.68 4.68 4.68 4.68 4.68 4.68 4.68 4.68 4.68 4.68 4.68 4.68 4.68 4.68 4.68 4.68 4.68 4.68 4.68 4.68 4.68 4.68 4.68
4.3 4.3 4.3 4.3 5.59 5.59 5.59 5.59 5.59 5.59 5.59 5.59 5.59 5.59 5.59 5.59 5.59 5.59 5.59 5.59 5.59 5.59 5.59 5.59 5.59 5.59 5.59 5.59 5.59 5.59 5.59 5.59 5.59 5.59 5.59 5.59 5.59 5.59 5.59 5.59 5.59 5.59 5.59 5.59 5.59 5.59 5.59 5.59 5.59 5.59 5.59 5.59 5.59 5.59 5.59 5.59 5.59 5.59 5.59 4.68 4.68 4.68 4.68 4.68 4.68 4.68 4.68 4.68 4.68 4.68 4.68 4.68 4.68 4.68 4.68 4.68 4.68 4.68 4.68
4.3 4.3 4.3 4.3 5.59 5.59 5.59 5.59 5.59 5.59 5.59 5.59 5.59 5.59 5.59 5.59 5.59 5.59 5.59 5.59 5.59 5.59 5.59 5.59 5.59 5.59 5.59 5.59 5.59 5.59 5.59 5.59 5.59 5.59 5.59 5.59 5.59 5.59 5.59 5.59 5.59 5.59 5.59 5.59 5.59 5.59 5.59 5.59 5.59 5.59 5.59 5.59 5.59 5.59 5.59 5.59 5.59 5.59 5.59 5.59 5.59 4.68 4.68 4.68 4.68 4.68 4.68 4.68 4.68 4.68 4.68 4.68 4.68 4.68 4.68 4.68 4.68 4.68 4.68
4.3 4.3 4.3 4.3 5.59 5.59 5.59 5.59 5.59 5.59 5.59 5.59 5.59 5.59 5.59 5.59 5.59 5.59 5.59 5.59 5.59 5.59 5.59 5.59 5.59 5.59 5.59 5.59 5.59 5.59 5.59 5.59 5.59 5.59 5.59 5.59 5.59 5.59 5.59 5.59 5.59 5.59 5.59 5.59 5.59 5.59 5.59 5.59 5.59 5.59 5.59 5.59 5.59 5.59 5.59 5.59 5.59 5.59 5.59 5.59 5.59 5.59 5.59 4.68 4.68 4.68 4.68 4.68 4.68 4.68 4.68 4.68 4.68 4.68 4.68 4.68 4.68 4.68 4.68
4.3 4.3 4.3 4.3 5.59 5.59 5.59 5.59 5.59 5.59 5.59 5.59 5.59 5.59 5.59 5.59 5.59 5.59 5.59 5.59 5.59 5.59 5.59 5.59 5.59 5.59 5.59 5.59 5.59 5.59 5.59 5.59 5.59 5.59 5.59 5.59 5.59 5.59 5.59 5.59 5.59 5.59 5.59 5.59 5.59 5.59 5.59 5.59 5.59 5.59 5.59 5.59 5.59 5.59 5.59 5.59 5.59 5.59 5.59 5.59 5.59 5.59 5.59 5.59 5.59 5.59 5.59 4.68 4.68 4.68 4.68 4.68 4.68 4.68 4.68 4.68 4.68 4.68 4.68
4.3 4.3 4.3 4.3 4.3 5.59 5.59 5.59 5.59 5.59 5.59 5.59 5.59 5.59 5.59 5.59 5.59 5.59 5.59 5.59 5.59 5.59 5.59 5.59 5.59 5.59 5.59 5.59 5.59 5.59 5.59 5.59 5.59 5.59 5.59 5.59 5.59 5.59 5.59 5.59 5.59 5.59 5.59 5.59 5.59 5.59 5.59 5.59 5.59 5.59 5.59 5.59 5.59 5.59 5.59 5.59 5.59 5.59 5.59 5.59 5.59 5.59 5.59 5.59 5.59 5.59 5.59 5.59 4.68 4.68 4.68 4.68 4.68 4.68 4.68 4.68 4.68 4.68 4.68
4.3 4.3 4.3 4.3 4.3 5.59 5.59 5.59 5.59 5.59 5.59 5.59 5.59 5.59 5.59 5.59 5.59 5.59 5.59 5.59 5.59 5.59 5.59 5.59 5.59 5.59 5.59 5.59 5.59 5.59 5.59 5.59 5.59 5.59 5.59 5.59 5.59 5.59 5.59 5.59 5.59 5.59 5.59 5.59 5.59 5.59 5.59 5.59 5.59 5.59 5.59 5.59 5.59 5.59 5.59 5.59 5.59 5.59 5.59 5.59 5.59 5.59 5.59 5.59 5.59 5.59 5.59 5.59 5.59 5.59 4.68 4.68 4.68 4.68 4.68 4.68 4.68 4.68 4.68
4.3 4.3 4.3 4.3 4.3 4.3 5.59 5.59 5.59 5.59 5.59 5.59 5.59 5.59 5.59 5.59 5.59 5.59 5.59 5.59 5.59 5.59 5.59 5.59 5.59 5.59 5.59 5.59 5.59 5.59 5.59 5.59 5.59 5.59 5.59 5.59 5.59 5.59 5.59 5.59 5.59 5.59 5.59 5.59 5.59 5.59 5.59 5.59 5.59 5.59 5.59 5.59 5.59 5.59 5.59 5.59 5.59 5.59 5.59 5.59 5.59 5.59 5.59 5.59 5.59 5.59 5.59 5.59 5.59 5.59 5.59 4.68 4.68 4.68 4.68 4.68 4.68 4.68 4.68
4.3 4.3 4.3 4.3 4.3 4.3 4.3 5.59 5.59 5.59 5.59 5.59 5.59 5.59 5.59 5.59 5.59 5.59 5.59 5.59 5.59 5.59 5.59 5.59 5.59 5.59 5.59 5.59 5.59 5.59 5.59 5.59 5.59 5.59 5.59 5.59 5.59 5.59 5.59 5.59 5.59 5.59 5.59 5.59 5.59 5.59 5.59 5.59 5.59 5.59 5.59 5.59 5.59 5.59 5.59 5.59 5.59 5.59 5.59 5.59 5.59 5.59 5.59 5.59 5.59 5.59 5.59 5.59 5.59 5.59 5.59 4.68 4.68 4.68 4.68 4.68 4.68 4.68 4.68
4.3 4.3 4.3 4.3 4.3 4.3 4.3 5.59 5.59 5.59 5.59 5.59 5.59 5.59 5.59 5.59 5.59 5.59 5.59 5.59 5.59 5.59 5.59 5.59 5.59 5.59 5.59 5.59 5.59 5.59 5.59 5.59 5.59 5.59 5.59 5.59 5.59 5.59 5.59 5.59 5.59 5.59 5.59 5.59 5.59 5.59 5.59 5.59 5.59 5.59 5.59 5.59 5.59 5.59 5.59 5.59 5.59 5.59 5.59 5.59 5.59 5.59 5.59 5.59 5.59 5.59 5.59 5.59 5.59 5.59 4.68 4.68 4.68 4.68 4.68 4.68 4.68 4.68 4.68
4.3 4.3 4.3 4.3 4.3 4.3 4.3 5.59 5.59 5.59 5.59 5.59 5.59 5.59 5.59 5.59 5.59 5.59 5.59 5.59 5.59 5.59 5.59 5.59 5.59 5.59 5.59 5.59 5.59 5.59 5.59 5.59 5.59 5.59 5.59 5.59 5.59 5.59 5.59 5.59 5.59 5.59 5.59 5.59 5.59 5.59 5.59 5.59 5.59 5.59 5.59 5.59 5.59 5.59 5.59 5.59 5.59 5.59 5.59 5.59 5.59 5.59 5.59 5.59 5.59 5.59 5.59 5.59 5.59 4.68 4.68 4.68 4.68 4.68 4.68 4.68 4.68 4.68 4.68
4.3 4.3 4.3 4.3 4.3 5.59 5.59 5.59 5.59 5.59 5.59 5.59 5.59 5.59 5.59 5.59 5.59 5.59 5.59 5.59 5.59 5.59 5.59 5.59 5.59 5.59 5.59 5.59 5.59 5.59 5.59 5.59 5.59 5.59 5.59 5.59 5.59 5.59 5.59 5.59 5.59 5.59 5.59 5.59 5.59 5.59 5.59 5.59 5.59 5.59 5.59 5.59 5.59 5.59 5.59 5.59 5.59 5.59 5.59 5.59 5.59 5.59 5.59 5.59 5.59 5.59 5.59 5.59 4.68 4.68 4.68 4.68 4.68 4.68 4.68 4.68 4.68 4.68 4.68
