Model input/Uganda/DOCraster.asc
NCOLS 720 
NROWS 360 
XLLCORNER -180 
YLLCORNER -90 
CELLSIZE 0.5 
NODATA_value -9999 
[rows 105 to 139 of 360, columns 395 to 473 of 720]
-9999 -9999 -9999 -9999 -9999 -9999 -9999 -9999 3.94 3.97 4.13 -9999 -9999 -9999 -9999 -9999 -9999 -9999 -9999 -9999 4.01 3.9 3.86 3.66 3.9 3.81 3.81 3.96 4 4 4.02 4.02 4.63 4.63 4.01 4.01 3.66 3.66 3.66 3.66 3.13 3.13 3.13 3.13 3.13 3.13 3.13 3.13 3.13 3.13 3.13 3.13 3.13 3.13 3.13 2.95 2.95 2.95 2.98 2.98 2.98 2.98 2.98 4.19 2.98 3.9 -9999 -9999 -9999 -9999 -9999 -9999 -9999 3.68 3.68 3.68 3.68 3.68 3.68
-9999 -9999 -9999 -9999 -9999 -9999 -9999 -9999 -9999 -9999 4.13 -9999 -9999 -9999 -9999 -9999 -9999 -9999 -9999 -9999 -9999 -9999 3.66 3.9 3.9 4.15 3.81 -9999 3.78 4.02 4.02 4.02 4.02 4.63 -9999 4.01 3.66 3.75 3.75 3.13 3.13 3.13 3.13 3.13 3.13 3.13 3.13 3.13 3.13 3.13 3.13 3.13 3.13 3.13 3.13 3.13 2.95 2.95 2.95 2.98 2.98 2.98 2.98 2.98 2.98 3.9 4.19 -9999 -9999 -9999 4.19 4.19 4.19 3.68 3.68 3.68 3.68 4.19 4.19
-9999 -9999 -9999 -9999 -9999 -9999 -9999 -9999 -9999 -9999 -9999 -9999 -9999 -9999 -9999 -9999 -9999 -9999 -9999 -9999 -9999 -9999 -9999 -9999 3.96 3.76 -9999 -9999 -9999 -9999 4.02 4.02 4.02 -9999 -9999 -9999 -9999 3.75 3.75 3.13 3.13 3.13 3.13 3.13 3.13 3.13 3.13 3.13 3.13 3.13 3.13 3.13 3.13 3.13 3.13 3.13 3.13 3.13 2.95 2.98 2.98 2.98 2.98 2.98 2.98 2.98 2.98 3.36 2.26 4.19 4.19 4.19 4.19 4.19 4.19 4.19 4.19 4.19 4.19
-9999 -9999 -9999 -9999 -9999 -9999 -9999 -9999 -9999 -9999 -9999 -9999 -9999 -9999 -9999 -9999 -9999 -9999 -9999 -9999 -9999 -9999 -9999 -9999 -9999 -9999 -9999 -9999 -9999 -9999 -9999 -9999 -9999 -9999 -9999 -9999 -9999 3.75 3.75 3.13 3.13 3.13 3.13 3.13 3.13 3.13 3.13 3.13 3.13 3.13 3.13 3.13 3.13 3.13 3.13 3.13 3.13 3.13 2.98 2.98 2.98 2.98 2.67 2.67 2.67 2.67 2.67 2.67 2.67 4.19 4.19 4.19 4.19 4.19 4.19 4.19 4.19 4.19 4.19
-9999 -9999 -9999 -9999 -9999 -9999 -9999 -9999 -9999 -9999 -9999 -9999 3.96 3.8 3.89 -9999 -9999 -9999 -9999 -9999 -9999 -9999 -9999 -9999 -9999 -9999 -9999 -9999 -9999 -9999 -9999 4.19 4.28 -9999 -9999 -9999 -9999 3.75 3.75 3.13 3.13 3.13 3.13 3.13 3.13 3.13 3.13 3.13 3.13 3.13 3.13 3.13 3.13 3.13 3.13 3.13 3.13 3.13 3.13 3.13 2.98 2.98 2.67 2.67 2.67 2.67 2.67 2.67 2.67 4.19 4.19 4.19 4.19 4.19 4.19 4.19 4.19 4.19 4.19
-9999 -9999 -9999 -9999 -9999 -9999 -9999 -9999 -9999 -9999 -9999 -9999 -9999 -9999 -9999 -9999 -9999 -9999 -9999 -9999 -9999 -9999 -9999 -9999 -9999 -9999 -9999 -9999 -9999 -9999 4.18 4.18 -9999 -9999 -9999 -9999 -9999 3.76 3.75 3.13 3.13 3.13 3.13 3.13 3.13 3.13 3.13 3.13 3.13 3.13 3.13 3.13 3.13 3.13 3.13 3.13 3.13 3.13 3.13 3.13 3.13 3.13 2.67 2.67 2.67 2.67 2.67 2.67 2.67 4.19 4.19 4.19 4.19 4.19 4.19 4.19 4.19 4.19 4.19
-9999 -9999 -9999 -9999 -9999 -9999 -9999 -9999 -9999 -9999 -9999 -9999 -9999 -9999 -9999 -9999 -9999 -9999 -9999 -9999 -9999 -9999 -9999 -9999 -9999 -9999 -9999 -9999 -9999 -9999 -9999 -9999 -9999 -9999 -9999 -9999 3.87 3.75 3.75 3.75 3.13 3.13 3.13 3.13 3.13 3.13 3.13 3.13 3.13 3.13 3.13 3.13 3.13 3.13 3.13 3.13 3.13 3.13 3.13 3.13 3.13 3.13 2.75 2.67 2.67 2.67 2.67 2.67 2.67 4.19 4.19 4.19 4.19 4.19 4.19 4.19 4.19 4.19 4.19
-9999 -9999 -9999 -9999 -9999 -9999 -9999 -9999 -9999 -9999 -9999 -9999 -9999 -9999 -9999 -9999 -9999 -9999 -9999 -9999 -9999 -9999 -9999 -9999 -9999 -9999 -9999 -9999 -9999 -9999 -9999 -9999 -9999 -9999 -9999 -9999 3.62 3.87 3.87 3.87 3.13 3.13 3.13 3.13 3.13 3.13 3.13 3.13 3.13 3.13 3.13 3.13 3.13 3.13 3.13 3.13 3.13 3.13 3.13 3.13 3.13 3.13 2.75 2.67 2.67 2.67 2.67 2.67 2.67 4.19 4.19 4.19 4.19 4.19 4.19 4.19 4.19 4.19 4.19
-9999 -9999 -9999 -9999 -9999 -9999 -9999 -9999 -9999 -9999 -9999 -9999 -9999 -9999 -9999 -9999 -9999 -9999 -9999 -9999 -9999 -9999 -9999 -9999 -9999 -9999 -9999 -9999 -9999 -9999 -9999 -9999 -9999 -9999 -9999 3.62 3.62 3.87 3.87 3.87 3.87 3.87 3.13 3.13 3.13 3.13 3.13 3.13 3.13 3.13 3.13 3.13 3.13 3.13 3.13 3.13 3.13 3.13 3.13 3.13 3.13 2.75 2.75 2.75 2.67 2.67 2.67 2.67 2.67 4.19 4.19 4.19 4.19 4.19 4.19 4.19 4.19 4.19 4.19
-9999 -9999 -9999 -9999 -9999 -9999 -9999 3.89 4.04 4.11 -9999 -9999 -9999 -9999 -9999 -9999 -9999 -9999 -9999 -9999 -9999 -9999 -9999 -9999 -9999 -9999 -9999 -9999 -9999 -9999 -9999 -9999 -9999 -9999 -9999 2.2 3.87 3.87 3.87 3.87 3.87 3.87 3.87 3.13 3.13 3.13 3.13 3.13 3.13 3.13 3.13 3.13 3.13 3.13 3.13 3.13 3.13 3.13 3.13 3.13 3.13 3.13 2.75 2.75 2.75 4.19 4.19 4.19 4.19 4.19 4.19 4.19 4.19 4.19 4.19 4.19 4.19 4.19 4.19
-9999 -9999 -9999 -9999 -9999 4.19 3.3 4.22 4.19 6.84 5.45 4.19 -9999 -9999 -9999 -9999 -9999 -9999 -9999 -9999 -9999 -9999 -9999 -9999 -9999 -9999 -9999 -9999 -9999 -9999 -9999 -9999 -9999 -9999 -9999 3.87 3.87 3.87 3.87 3.87 3.87 3.87 3.87 3.13 3.13 3.13 3.13 3.13 3.13 3.13 3.13 3.13 3.13 3.13 3.13 3.13 3.13 3.13 3.13 3.13 3.13 3.13 2.75 2.75 2.75 2.75 2.75 4.19 4.19 4.19 4.19 4.19 4.19 4.19 4.19 4.19 4.19 4.19 4.19
-9999 -9999 -9999 -9999 -9999 4.19 3.3 3.3 4.19 4.19 4.19 4.19 4.19 4.19 4.19 -9999 -9999 -9999 -9999 -9999 -9999 -9999 -9999 -9999 -9999 -9999 -9999 -9999 -9999 -9999 -9999 -9999 -9999 -9999 2.32 3.87 3.87 3.87 3.87 3.87 3.87 3.87 3.87 3.13 3.13 3.13 3.13 3.13 3.13 3.13 3.13 3.13 3.13 3.13 3.13 3.13 3.13 3.13 3.13 3.13 3.13 3.13 2.75 2.75 2.75 2.75 2.75 4.19 4.19 4.19 4.19 4.19 4.19 4.19 4.19 4.19 4.19 4.19 4.19
-9999 -9999 -9999 -9999 -9999 4.19 4.19 4.19 4.19 4.19 4.19 4.19 4.19 4.19 4.19 4.19 4.19 4.19 4.19 4.19 -9999 -9999 -9999 -9999 -9999 4.19 4.19 0.02 4.19 4.19 -9999 -9999 -9999 4.19 3.87 3.87 3.87 3.87 3.87 3.87 3.87 3.87 3.87 3.13 3.13 3.13 3.13 3.13 3.13 3.13 3.13 3.13 3.13 3.13 3.13 3.13 3.13 3.13 3.13 3.13 3.13 3.13 2.75 5.83 5.83 5.83 2.75 2.75 4.19 4.19 4.19 4.19 4.19 4.19 4.19 4.19 4.19 4.19 4.19
4.19 -9999 -9999 -9999 -9999 4.19 4.19 4.19 4.19 4.19 4.19 4.19 4.19 4.19 4.19 4.19 4.19 4.19 4.19 4.19 4.19 4.19 4.19 4.19 4.19 4.19 4.19 0.02 4.19 4.19 4.19 4.19 4.19 4.19 3.87 3.87 3.87 3.87 3.87 3.87 3.87 3.87 3.87 3.87 3.13 3.13 3.13 3.13 3.13 3.13 3.13 3.13 3.13 3.13 3.13 3.13 3.13 3.13 3.13 3.13 3.13 2.75 5.83 5.83 5.83 5.83 5.83 2.75 2.75 4.19 4.19 4.19 4.19 4.19 4.19 4.19 4.19 4.19 4.19
4.19 4.19 4.19 4.19 4.19 4.19 4.19 4.19 4.19 4.19 4.19 4.19 4.19 4.19 4.19 4.19 4.19 4.19 4.19 4.19 4.19 4.19 4.19 4.19 4.19 4.19 4.19 0.02 4.19 4.19 4.19 4.19 4.19 4.19 3.87 3.87 3.87 3.87 3.87 3.87 3.87 3.87 3.87 3.87 3.13 3.13 3.13 3.13 3.13 3.13 3.13 3.13 3.13 3.13 3.13 3.13 3.13 3.13 3.13 3.13 3.13 3.13 2.75 5.83 4.19 4.19 4.19 4.19 4.19 4.19 4.19 4.19 4.19 4.19 4.19 4.19 4.19 4.19 4.19
4.19 4.19 4.19 4.19 4.19 4.19 4.19 4.19 4.19 4.19 4.19 4.19 4.19 4.19 4.19 4.19 4.19 4.19 4.19 4.19 4.19 4.19 4.19 4.19 4.19 4.19 0.02 0.02 4.19 4.19 4.19 4.19 4.19 3.87 4.19 4.19 3.87 3.87 3.87 3.87 3.87 3.87 3.87 3.87 3.87 3.13 3.13 3.13 3.13 3.13 3.13 3.13 3.13 3.13 3.13 3.13 3.13 3.13 4.19 4.19 4.19 4.19 -9999 -9999 -9999 -9999 4.19 4.19 1.7 4.48 4.19 4.19 4.19 4.19 4.19 4.19 4.19 4.19 4.19
4.19 4.19 4.19 4.19 4.19 4.19 4.19 4.19 4.19 4.19 4.19 4.19 4.19 4.19 4.19 4.19 4.19 4.19 4.19 4.19 4.19 4.19 4.19 4.19 0.02 0.02 0.02 0.02 4.19 4.19 4.19 4.19 4.19 4.19 4.19 4.19 4.19 4.19 4.19 3.87 3.87 3.87 3.87 3.87 3.87 3.13 3.13 3.13 3.13 3.13 3.13 3.13 3.13 3.13 3.13 3.13 3.13 4.19 4.19 4.19 4.19 -9999 -9999 -9999 -9999 -9999 1.7 1.7 1.7 1.7 4.48 4.19 4.19 4.19 4.19 4.19 4.19 4.19 4.19
4.19 4.19 4.19 4.19 4.19 4.19 4.19 4.19 4.19 4.19 4.19 4.19 4.19 4.19 4.19 4.19 4.19 4.19 4.19 4.19 4.19 4.19 4.19 0.02 0.02 0.02 0.02 0.02 0.02 4.19 4.19 4.19 4.19 4.19 4.19 4.19 4.19 4.19 4.19 3.87 3.87 3.87 3.87 3.87 3.87 3.87 3.13 3.13 3.13 3.13 3.13 3.13 3.13 3.13 3.13 3.13 4.19 4.19 4.19 4.19 4.19 4.19 -9999 -9999 -9999 -9999 -9999 4.19 4.48 4.48 4.48 4.48 4.19 4.19 4.19 4.19 4.19 4.19 4.19
4.19 4.19 4.19 4.19 4.19 4.19 4.19 4.19 4.19 4.19 4.19 4.19 4.19 4.19 4.19 4.19 4.19 4.19 4.19 4.19 4.19 4.19 4.19 0.02 0.02 0.02 0.02 0.02 0.02 0.02 4.19 4.19 4.19 4.19 4.19 4.19 4.19 4.19 4.19 3.87 3.87 3.87 3.87 3.87 3.87 3.87 3.13 3.13 3.13 3.13 3.13 4.19 3.13 4.19 4.19 4.19 4.19 4.19 4.19 4.19 4.19 4.19 -9999 -9999 -9999 -9999 -9999 4.48 4.48 4.48 4.48 4.48 4.48 4.19 4.19 4.19 4.19 4.19 4.19
4.19 4.19 4.19 4.19 4.19 4.19 4.19 4.19 4.19 4.19 4.19 4.19 4.19 4.19 4.19 4.19 4.19 4.19 4.19 4.19 4.19 4.19 0.02 0.02 0.02 0.02 0.02 0.02 0.02 0.02 4.19 4.19 -9999 -9999 -9999 -9999 4.19 4.19 4.19 3.87 3.87 3.87 3.87 3.87 3.87 3.87 3.13 3.13 3.13 3.13 4.19 4.19 4.19 4.19 4.19 4.19 4.19 4.19 4.19 4.19 4.19 4.19 4.19 -9999 -9999 -9999 -9999 -9999 -9999 4.19 4.48 4.48 4.48 4.19 4.19 4.19 4.19 4.19 4.19
4.19 4.19 4.19 4.19 4.19 4.19 4.19 4.19 4.19 4.19 4.19 4.19 4.19 4.19 4.19 4.19 4.19 4.19 4.19 4.19 4.19 4.19 0.02 0.02 0.02 0.02 0.02 0.02 0.02 0.02 0.02 4.19 4.19 -9999 -9999 -9999 4.19 4.19 4.19 4.19 4.19 4.19 4.19 3.87 3.87 3.87 3.13 4.19 3.13 4.19 4.19 4.19 4.19 4.19 4.19 4.19 4.19 4.19 4.19 4.19 4.19 4.19 4.19 4.19 -9999 -9999 -9999 -9999 -9999 -9999 4.19 4.19 4.19 4.19 4.19 4.19 4.19 4.19 4.19
4.19 4.19 4.19 4.19 4.19 4.19 4.19 4.19 4.19 4.19 4.19 4.19 4.19 4.19 4.19 4.19 4.19 4.19 4.19 4.19 4.19 4.19 0.02 0.02 0.02 0.02 0.02 0.02 0.02 0.02 0.02 4.19 4.19 -9999 -9999 -9999 -9999 4.19 4.19 4.19 4.19 4.19 4.19 4.19 4.19 4.19 4.19 4.19 4.19 4.19 4.19 4.19 4.19 4.19 4.19 4.19 4.19 4.19 4.19 4.19 4.19 4.19 4.19 4.19 4.19 -9999 -9999 -9999 -9999 -9999 -9999 -9999 4.19 4.19 4.19 4.19 6.76 -9999 -9999
4.19 4.19 4.19 4.19 4.19 4.19 4.19 4.19 4.19 4.19 4.19 4.19 4.19 4.19 4.19 4.19 4.19 4.19 4.19 4.19 4.19 4.19 4.19 0.02 0.02 0.02 0.02 0.02 0.02 0.02 0.02 4.19 4.19 -9999 -9999 -9999 -9999 -9999 4.19 4.19 4.19 4.19 4.19 4.19 4.19 4.19 4.19 4.19 4.19 4.19 4.19 4.19 4.19 4.19 4.19 4.19 4.19 4.19 4.19 4.19 4.19 4.19 4.19 4.19 4.19 -9999 -9999 -9999 -9999 -9999 -9999 -9999 -9999 -9999 -9999 -9999 -9999 -9999 -9999
4.19 4.19 4.19 4.19 4.19 4.19 4.19 4.19 4.19 4.19 4.19 4.19 4.19 4.19 4.19 4.19 4.19 4.19 4.19 4.19 4.19 0.02 0.02 0.02 0.02 0.02 0.02 0.02 0.02 0.02 0.02 0.02 4.19 4.19 -9999 -9999 -9999 -9999 -9999 4.19 4.19 4.19 4.19 4.19 4.19 4.19 4.19 4.19 4.19 4.19 4.19 4.19 4.19 4.19 4.19 4.19 4.19 4.19 4.19 4.19 4.19 4.19 4.19 4.19 4.19 4.19 -9999 4.19 -9999 -9999 -9999 -9999 -9999 -9999 -9999 -9999 -9999 4.19 -9999
4.19 4.19 4.19 4.19 4.19 4.19 4.19 4.19 4.19 4.19 4.19 4.19 4.19 4.19 4.19 4.19 4.19 4.19 4.19 4.19 4.19 0.02 0.02 0.02 0.02 0.02 0.02 0.02 0.02 0.02 0.02 0.02 0.02 4.19 4.19 -9999 -9999 -9999 -9999 -9999 4.19 4.19 4.19 4.19 4.19 4.19 4.19 4.19 4.19 4.19 4.19 4.19 4.19 4.19 4.19 4.19 4.19 4.19 4.19 4.19 4.19 4.19 4.19 4.19 4.19 4.19 4.19 4.19 -9999 -9999 -9999 -9999 -9999 -9999 -9999 4.31 4.19 4.19 -9999
4.19 4.19 4.19 4.19 4.19 4.19 4.19 4.19 4.19 4.19 4.19 4.19 4.19 4.19 4.19 4.19 4.19 4.19 4.19 4.19 0.02 0.02 0.02 0.02 0.02 0.02 0.02 0.02 0.02 0.02 0.02 0.02 0.02 4.19 4.19 -9999 -9999 -9999 -9999 -9999 4.19 4.19 4.19 4.19 4.19 4.19 4.19 4.19 4.19 4.19 4.19 4.19 4.19 4.19 4.19 4.19 4.19 4.19 4.19 4.19 4.19 4.19 4.19 4.19 4.19 4.19 4.19 4.19 -9999 -9999 -9999 -9999 -9999 -9999 3.37 3.37 4.19 4.19 -9999
4.19 4.19 4.19 4.19 4.19 4.19 4.19 4.19 4.19 4.19 4.19 4.19 4.19 4.19 4.19 4.19 4.19 0.02 0.02 0.02 0.02 0.02 0.02 0.02 0.02 0.02 0.02 0.02 0.02 0.02 0.02 0.02 0.02 0.02 4.19 4.19 -9999 -9999 -9999 -9999 4.19 4.19 4.19 4.19 4.19 4.19 4.19 4.19 4.19 4.19 4.19 4.19 4.19 4.19 4.19 4.19 4.19 4.19 4.19 4.19 4.19 4.19 4.19 4.19 4.19 4.19 4.19 4.19 -9999 -9999 -9999 -9999 -9999 4.19 4.19 4.19 4.19 4.19 4.19
4.19 4.19 4.19 4.19 4.19 4.19 4.19 4.19 4.19 4.19 4.19 4.19 4.19 4.19 4.19 4.19 4.19 0.02 0.02 0.02 0.02 0.02 0.02 0.02 0.02 0.02 0.02 0.02 0.02 0.02 0.02 0.02 0.02 0.02 4.19 4.19 -9999 -9999 -9999 -9999 -9999 -9999 4.19 4.19 4.19 4.19 4.19 4.19 4.19 4.19 4.19 4.19 4.19 4.19 4.19 4.19 4.19 4.19 4.19 4.19 4.19 4.19 4.19 4.19 4.19 4.19 4.19 4.19 4.19 4.19 4.19 4.19 4.19 4.19 4.19 4.19 4.19 4.19 4.19
4.19 4.19 4.19 4.19 4.19 4.19 4.19 4.19 4.19 4.19 4.19 4.19 4.19 4.19 4.19 4.19 0.02 0.02 0.02 0.02 0.02 0.02 0.02 0.02 0.02 0.02 0.02 0.02 0.02 0.02 0.02 0.02 0.02 0.02 4.19 4.19 -9999 -9999 -9999 -9999 -9999 -9999 4.19 4.19 4.19 4.19 4.19 4.19 4.19 4.19 4.19 4.19 4.19 4.19 4.19 4.19 4.19 4.19 4.19 4.19 4.19 4.19 4.19 4.19 4.19 4.19 4.19 4.19 4.19 4.19 4.19 4.19 4.19 4.19 4.19 4.19 4.19 4.19 4.19
4.19 4.19 4.19 4.19 4.19 4.19 4.19 4.19 4.19 4.19 4.19 4.19 4.19 4.19 4.19 0.02 0.02 0.02 0.02 0.02 0.02 0.02 0.02 0.02 0.02 0.02 0.02 0.02 0.02 0.02 0.02 0.02 0.02 0.02 4.19 4.19 4.19 -9999 -9999 -9999 -9999 -9999 -9999 4.19 4.19 4.19 4.19 4.19 4.19 4.19 4.19 4.19 4.19 4.19 4.19 4.19 4.19 4.19 4.19 4.19 4.19 4.19 4.19 4.19 4.19 4.19 4.19 4.19 4.19 4.19 4.19 4.19 4.19 4.19 4.19 4.19 4.19 4.19 4.19
4.19 4.19 4.19 4.19 4.19 4.19 4.19 4.19 4.19 4.19 4.19 4.19 4.19 4.19 4.19 0.02 0.02 0.02 0.02 0.02 0.02 0.02 0.02 0.02 0.02 0.02 0.02 0.02 0.02 0.02 0.02 0.02 0.02 0.02 0.02 4.19 4.19 4.19 -9999 -9999 -9999 -9999 -9999 4.19 4.19 4.19 4.19 4.19 4.19 4.19 4.19 4.19 4.19 4.19 4.19 4.19 4.19 4.19 4.19 4.19 4.19 4.19 4.19 4.19 4.19 4.19 4.19 4.19 4.19 4.19 4.19 4.19 4.19 4.19 4.19 4.19 4.19 4.19 4.19
4.19 4.19 4.19 4.19 4.19 4.19 4.19 4.19 4.19 4.19 4.19 4.19 4.19 4.19 4.19 0.02 0.02 0.02 0.02 0.02 0.02 0.02 0.02 0.02 0.02 0.02 0.02 0.02 0.02 0.02 0.02 0.02 0.02 0.02 0.02 0.02 4.19 4.19 4.19 -9999 -9999 -9999 -9999 4.19 4.19 4.19 4.19 4.19 4.19 4.19 4.19 4.19 4.19 4.19 4.19 4.19 4.19 4.19 4.19 4.19 4.19 4.19 4.19 4.19 4.19 4.19 4.19 4.19 4.19 4.19 4.19 4.19 4.19 4.19 4.19 4.19 4.19 4.19 4.19
4.19 4.19 4.19 4.19 4.19 4.19 4.19 4.19 4.19 4.19 4.19 4.19 4.19 4.19 4.19 0.02 0.02 0.02 0.02 0.02 0.02 0.02 0.02 0.02 0.02 0.02 0.02 0.02 0.02 0.02 0.02 0.02 0.02 0.02 0.02 0.02 4.19 4.19 4.19 -9999 -9999 -9999 -9999 4.19 4.19 4.19 4.19 4.19 4.19 4.19 4.19 4.19 4.19 4.19 4.19 4.19 4.19 4.19 4.19 4.19 4.19 4.19 4.19 4.19 4.19 4.19 4.19 4.19 4.19 4.19 4.19 4.19 4.19 4.19 4.19 4.19 4.19 4.19 4.19
4.19 4.19 4.19 4.19 4.19 4.19 4.19 4.19 4.19 4.19 4.19 4.19 4.19 4.19 4.19 0.02 0.02 0.02 0.02 0.02 0.02 0.02 0.02 0.02 0.02 0.02 0.02 0.02 0.02 0.02 0.02 0.02 0.02 0.02 0.02 0.02 4.19 4.19 4.19 -9999 -9999 -9999 -9999 -9999 4.19 4.19 4.19 4.19 4.19 4.19 4.19 4.19 4.19 4.19 4.19 4.19 4.19 4.19 4.19 4.19 4.19 4.19 4.19 4.19 4.19 4.19 4.19 4.19 4.19 4.19 4.19 4.19 4.19 4.19 4.19 4.19 4.19 4.19 4.19
4.19 4.19 4.19 4.19 4.19 4.19 4.19 4.19 4.19 4.19 4.19 4.19 4.19 0.02 0.02 0.02 0.02 0.02 0.02 0.02 0.02 0.02 0.02 0.02 0.02 0.02 0.02 0.02 0.02 0.02 0.02 0.02 0.02 0.02 0.02 0.02 4.19 4.19 4.19 -9999 -9999 -9999 -9999 -9999 -9999 4.19 4.19 4.19 4.19 4.19 4.19 4.19 4.19 4.19 4.19 4.19 4.19 4.19 4.19 4.19 4.19 4.19 4.19 4.19 4.19 4.19 4.19 4.19 4.19 4.19 4.19 4.19 4.19 4.19 4.19 4.19 4.19 4.19 5.97
