Model input/Uganda/DOCraster.asc
NCOLS 720 
NROWS 360 
XLLCORNER -180 
YLLCORNER -90 
CELLSIZE 0.5 
NODATA_value -9999 
[rows 35 to 69 of 360, columns 395 to 473 of 720]
-9999 -9999 -9999 -9999 -9999 -9999 -9999 -9999 -9999 -9999 -9999 -9999 -9999 -9999 -9999 -9999 -9999 -9999 -9999 -9999 -9999 -9999 -9999 -9999 -9999 -9999 -9999 -9999 -9999 -9999 -9999 -9999 -9999 -9999 -9999 -9999 -9999 -9999 -9999 -9999 -9999 -9999 -9999 -9999 -9999 -9999 -9999 -9999 -9999 -9999 -9999 -9999 -9999 -9999 -9999 -9999 -9999 -9999 -9999 -9999 -9999 -9999 -9999 -9999 -9999 -9999 -9999 -9999 -9999 -9999 4.28 4.28 4.25 4.23 4.23 4.23 -9999 -9999 -9999
-9999 -9999 -9999 -9999 -9999 -9999 -9999 -9999 -9999 -9999 -9999 -9999 -9999 -9999 -9999 -9999 -9999 -9999 -9999 -9999 -9999 -9999 -9999 -9999 -9999 -9999 -9999 -9999 -9999 -9999 -9999 -9999 -9999 -9999 -9999 -9999 -9999 -9999 -9999 -9999 -9999 -9999 -9999 -9999 -9999 -9999 -9999 -9999 -9999 -9999 -9999 -9999 -9999 -9999 -9999 -9999 -9999 -9999 -9999 -9999 -9999 -9999 -9999 -9999 -9999 -9999 -9999 -9999 4.34 -9999 4.17 4.25 4.23 4.23 4.19 4.19 -9999 -9999 -9999
-9999 -9999 -9999 -9999 -9999 -9999 -9999 -9999 -9999 -9999 -9999 -9999 -9999 -9999 -9999 -9999 -9999 -9999 -9999 -9999 -9999 -9999 -9999 -9999 -9999 -9999 -9999 -9999 -9999 -9999 -9999 -9999 -9999 -9999 -9999 -9999 -9999 -9999 -9999 -9999 -9999 -9999 -9999 -9999 -9999 -9999 -9999 -9999 -9999 -9999 -9999 -9999 -9999 -9999 -9999 -9999 -9999 -9999 -9999 -9999 -9999 -9999 -9999 -9999 -9999 -9999 -9999 -9999 -9999 -9999 -9999 -9999 4.23 4.23 4.21 -9999 4.26 4.13 -9999
-9999 -9999 -9999 -9999 -9999 -9999 -9999 -9999 -9999 -9999 -9999 -9999 -9999 4 4.04 4.05 4.08 4.01 4.06 4.05 4.05 -9999 4.15 4.12 4.01 -9999 -9999 -9999 -9999 -9999 -9999 -9999 -9999 -9999 -9999 -9999 -9999 -9999 -9999 -9999 -9999 -9999 -9999 -9999 -9999 -9999 -9999 -9999 -9999 -9999 -9999 -9999 -9999 -9999 -9999 -9999 -9999 -9999 -9999 -9999 -9999 -9999 -9999 -9999 -9999 -9999 -9999 -9999 -9999 -9999 -9999 -9999 -9999 4.23 4.21 4.24 4.26 4.34 4.3
-9999 -9999 -9999 -9999 -9999 -9999 -9999 4.04 3.97 4.03 4.04 4.09 4.39 4.08 4.08 4.08 4.08 4.06 4.06 4.05 4.05 4.05 4.13 4.13 4.13 4.17 -9999 -9999 -9999 -9999 -9999 -9999 -9999 -9999 -9999 -9999 -9999 -9999 -9999 -9999 -9999 -9999 -9999 -9999 -9999 -9999 -9999 -9999 -9999 -9999 -9999 -9999 -9999 -9999 -9999 -9999 -9999 -9999 -9999 -9999 -9999 -9999 -9999 -9999 -9999 -9999 -9999 -9999 -9999 -9999 -9999 -9999 -9999 -9999 -9999 -9999 -9999 -9999 -9999
-9999 -9999 3.95 4.01 3.93 3.96 3.98 4.04 3.97 4.04 4.04 4.09 4.09 4.08 4.08 4.08 4.08 4.05 4.05 4.05 4.05 5.26 5.26 5.26 5.26 -9999 4.2 4.13 4.11 4.13 4.14 -9999 -9999 -9999 -9999 -9999 -9999 -9999 -9999 -9999 -9999 -9999 -9999 -9999 -9999 -9999 -9999 -9999 -9999 -9999 -9999 -9999 -9999 -9999 -9999 -9999 -9999 -9999 -9999 -9999 -9999 -9999 -9999 -9999 -9999 -9999 -9999 -9999 -9999 -9999 -9999 -9999 -9999 -9999 -9999 -9999 -9999 -9999 -9999
3.92 3.99 4 4.01 4.01 4.01 5.62 5.62 4.04 4.04 4.09 4.09 4.09 4.05 4.05 4.05 4.05 4.22 4.22 5.26 5.26 5.26 5.26 4.22 4.22 4.13 4.13 4.13 4.13 4.18 4.18 -9999 4.19 4.24 4.14 4.25 -9999 -9999 -9999 -9999 -9999 -9999 -9999 -9999 -9999 -9999 -9999 -9999 -9999 -9999 -9999 -9999 -9999 -9999 -9999 -9999 -9999 -9999 -9999 -9999 -9999 -9999 -9999 -9999 -9999 -9999 -9999 -9999 -9999 -9999 -9999 -9999 -9999 -9999 -9999 -9999 -9999 -9999 -9999
3.96 3.99 3.99 3.99 3.99 5.62 5.62 5.62 5.62 5.62 5.62 5.62 4.21 4.21 4.05 4.05 4.22 4.22 4.22 4.22 4.22 4.22 4.22 4.18 4.18 4.18 4.18 4.18 4.18 4.18 4.18 4.12 4.19 4.19 5.06 5.06 5.06 4.09 4.33 4.12 -9999 -9999 -9999 -9999 -9999 -9999 -9999 -9999 -9999 -9999 -9999 -9999 -9999 -9999 -9999 -9999 -9999 -9999 -9999 -9999 -9999 -9999 -9999 -9999 -9999 -9999 -9999 -9999 -9999 -9999 -9999 4.26 4.32 -9999 -9999 -9999 -9999 -9999 -9999
3.97 3.96 5.8 5.62 5.62 5.62 5.62 5.62 5.62 5.62 5.62 5.62 4.21 4.21 4.21 4.21 4.22 4.22 4.22 4.22 4.18 4.18 4.18 4.18 4.18 4.18 4.18 4.18 4.18 4.18 4.18 4.12 4.12 4.84 4.84 5.06 5.06 4.33 4.33 4.12 4.11 4.11 4.09 -9999 -9999 -9999 -9999 -9999 -9999 -9999 -9999 -9999 -9999 6.77 12.3 13.04 12.9 10.5 -9999 -9999 -9999 -9999 -9999 -9999 -9999 -9999 6.15 8.21 5.96 5.33 6.17 6.17 7.84 4.68 4.16 4.16 4.14 4.22 4.25
3.82 3.82 3.82 5.8 5.8 5.8 5.8 5.62 5.62 5.62 5.62 5.62 5.62 4.21 4.21 4.21 4.21 4.21 4.21 4.21 4.21 4.21 4.21 4.21 4.18 4.18 4.18 4.12 4.12 4.12 4.12 4.12 4.84 4.84 4.84 5.06 7.68 5.4 5.4 4.08 4.08 4.08 4.08 4.08 4.13 4.13 4.13 -9999 -9999 -9999 -9999 -9999 -9999 11.91 13.04 13.04 9.5 8.09 -9999 -9999 -9999 -9999 6.13 5.26 4.4 4.32 4.77 4.68 5.33 4.68 4.68 4.68 4.68 4.68 4.68 4.16 4.68 4.68 4.68
3.82 3.82 3.82 3.82 3.82 5.8 5.8 5.8 5.8 5.8 5.62 5.62 5.62 4.27 4.21 4.21 4.21 4.21 4.21 4.21 4.21 4.21 4.21 4.21 4.21 4.84 4.84 4.84 4.84 4.84 4.84 4.84 4.84 4.84 7.68 7.68 7.46 5.4 5.4 5.4 5.4 5.4 5.4 5.4 5.4 5.4 5.4 5.4 -9999 -9999 -9999 -9999 -9999 12.35 11.82 11.82 -9999 -9999 -9999 -9999 5.24 5.24 6.13 5.26 5.26 5.26 4.68 4.68 4.68 4.68 4.68 4.68 4.68 4.68 4.68 4.68 4.68 4.68 4.68
3.82 3.82 3.82 3.82 3.82 3.82 3.82 5.8 5.8 5.8 5.8 5.62 5.62 4.27 4.27 4.21 4.21 4.21 4.21 4.21 4.21 4.21 4.21 4.19 4.84 4.84 4.84 4.84 4.84 4.84 4.84 4.84 4.84 7.63 7.68 7.68 7.6 7.46 7.46 7.46 6.69 6.69 6.69 7.59 4.65 4.15 4.18 -9999 -9999 -9999 -9999 -9999 -9999 -9999 11.82 11.82 11.91 9.74 9.09 6.66 6.66 6.66 6.66 5.26 5.26 5.26 4.68 4.68 4.68 4.68 4.68 4.68 4.68 4.68 4.68 4.68 4.68 4.68 4.68
4.14 4.14 4.14 4.14 4.14 3.82 3.82 3.82 4.17 4.17 5.8 4.23 5.62 4.27 -9999 4.21 4.21 4.21 4.21 4.21 4.21 4.21 4.19 4.19 4.84 4.84 4.84 4.84 4.84 4.84 4.84 4.84 4.84 -9999 -9999 -9999 -9999 -9999 7.46 4.51 6.42 6.5 6.69 7.59 4.65 -9999 -9999 -9999 4.32 4.61 4.32 5.46 3.53 9.7 11.13 11.82 11.91 9.74 9.09 6.66 6.66 6.66 6.66 4.68 4.68 4.68 4.68 4.68 4.68 4.68 4.68 4.68 4.68 4.68 4.68 4.68 4.68 4.68 4.68
3.29 3.29 3.29 4.14 4.14 4.14 4.14 3.82 3.82 4.17 -9999 5.8 -9999 -9999 4.21 4.19 4.19 4.19 4.19 4.19 4.19 4.19 4.19 4.19 4.19 4.78 4.84 4.84 4.84 4.84 4.84 4.84 4.84 5.48 4.71 -9999 -9999 -9999 -9999 -9999 -9999 -9999 -9999 -9999 -9999 5.9 4.17 4.61 4.61 4.61 4.32 5.46 5.46 3.53 3.53 3.53 3.53 3.53 3.53 3.53 3.53 3.53 3.53 4.68 4.68 4.68 4.68 4.68 4.68 4.68 4.68 4.68 4.68 4.68 4.68 4.68 4.68 4.68 4.68
4.08 4.08 3.29 3.29 3.29 3.29 4.14 4.14 -9999 -9999 -9999 -9999 -9999 -9999 -9999 -9999 4.19 4.19 4.19 4.19 4.19 4.19 4.19 4.19 4.78 4.78 4.78 4.78 4.78 4.78 4.78 4.78 4.78 4.78 -9999 -9999 -9999 -9999 -9999 -9999 -9999 -9999 -9999 -9999 -9999 5.18 4.4 4.61 4.61 4.32 5.46 5.46 5.46 5.46 3.53 3.53 3.53 3.53 3.53 3.53 3.53 3.53 3.53 4.68 4.68 4.68 4.68 4.68 4.68 4.68 4.68 4.68 4.68 4.68 4.68 4.68 4.68 4.68 4.68
4.08 4.08 4.08 4.08 3.29 3.29 3.29 3.29 -9999 -9999 -9999 -9999 -9999 -9999 4.23 4.38 4.19 4.19 4.19 4.19 4.19 4.19 4.19 4.19 4.19 4.78 4.78 4.78 4.78 4.78 4.78 4.78 5.3 5.3 5.61 -9999 -9999 -9999 4.26 5.63 5.24 5.12 4.2 -9999 -9999 4.4 4.4 4.4 4.4 4.4 5.46 4.4 4.4 4.4 3.53 3.53 3.53 3.53 3.53 3.53 3.53 3.53 3.53 3.53 3.53 4.68 4.68 4.68 4.68 4.68 4.68 4.68 4.68 4.68 4.68 4.68 4.68 4.68 4.68
4.14 4.13 4.08 4.08 4.08 4.13 4.15 4.19 -9999 -9999 -9999 -9999 -9999 4.24 4.24 4.24 4.19 4.19 4.19 4.19 4.19 4.19 4.19 4.19 4.19 4.19 4.3 4.78 4.78 4.78 4.78 5.3 5.61 5.61 5.61 5.61 5.61 -9999 -9999 -9999 -9999 4.7 4.7 4.32 4.32 4.4 4.4 4.4 4.4 4.4 4.4 4.4 4.4 4.4 4.4 4.4 3.53 3.53 3.53 3.53 3.53 3.53 3.53 3.53 3.53 3.53 3.53 4.4 4.4 4.68 4.68 4.68 4.68 4.68 4.68 4.68 4.68 4.68 4.68
4.14 4.13 3.99 4.11 4.08 4.08 -9999 -9999 -9999 -9999 -9999 4.26 4.26 4.24 4.24 4.24 4.24 4.19 4.19 4.3 4.3 4.3 4.3 4.3 4.3 4.3 4.3 4.3 4.78 4.78 5.61 5.61 5.61 5.61 5.61 5.61 5.61 4.21 4.14 5.5 4.15 4.32 4.32 4.32 4.32 4.4 4.4 4.4 4.4 4.4 4.4 4.4 4.4 4.4 4.4 4.4 4.4 3.53 3.53 3.53 3.53 3.53 3.53 3.53 4.4 4.4 4.4 4.4 4.4 4.4 4.68 4.68 4.68 4.68 4.68 4.68 4.68 4.68 4.68
4.14 4.13 4.13 -9999 -9999 -9999 -9999 -9999 -9999 4.26 4.16 4.16 4.26 4.26 4.26 4.19 4.19 4.19 4.19 4.3 4.3 4.3 4.3 4.3 4.3 4.3 4.3 4.3 4.3 4.3 4.3 4.3 4.3 4.3 4.3 5.61 5.61 5.61 5.61 5.5 4.15 4.32 4.32 4.32 4.32 4.4 4.4 4.4 4.4 4.4 4.4 4.4 4.4 4.4 4.4 4.4 4.4 4.4 4.4 3.53 3.53 3.53 3.53 3.53 4.4 4.4 4.4 4.4 4.4 4.4 4.4 4.68 4.68 4.68 4.68 4.68 4.68 4.68 4.68
3.4 -9999 -9999 -9999 -9999 -9999 -9999 4.27 4.25 4.19 4.19 4.16 4.26 4.09 4.09 4.09 4.19 4.19 4.19 4.19 4.3 4.3 4.3 4.3 4.3 4.3 4.3 4.3 4.3 4.3 4.3 4.3 4.3 4.3 4.3 4.3 4.3 5.61 5.61 5.5 4.32 4.32 4.32 4.32 4.32 4.4 4.4 4.4 4.4 4.4 4.4 4.4 4.4 4.4 4.4 4.4 4.4 4.4 4.4 4.4 3.53 3.53 4.4 4.4 4.4 4.4 4.4 4.4 4.4 4.4 4.4 4.68 4.68 4.68 4.68 4.4 4.68 4.68 4.68
-9999 -9999 -9999 -9999 -9999 -9999 -9999 4.17 4.17 4.23 4.19 4.19 4.09 4.09 4.09 4.19 4.19 4.19 4.19 4.19 4.3 4.3 4.3 4.3 4.3 4.3 4.3 4.3 4.3 4.3 4.3 4.3 4.3 4.3 4.3 4.3 4.3 4.3 4.3 4.3 4.32 4.32 4.32 4.32 4.32 4.32 4.32 4.4 4.4 4.4 4.4 4.4 4.4 4.4 4.4 4.4 4.4 4.4 4.4 4.4 3.53 4.4 4.4 4.4 4.4 4.4 4.4 4.4 4.4 4.4 4.4 4.4 4.4 4.4 4.4 4.4 4.4 4.68 4.68
-9999 -9999 -9999 -9999 -9999 -9999 -9999 -9999 4.23 4.23 4.09 4.09 4.09 4.09 4.09 4.19 4.19 4.19 4.19 4.19 4.3 4.3 4.3 4.3 4.3 4.3 4.3 4.3 4.3 4.3 4.3 4.3 4.3 4.3 4.3 4.3 4.3 4.3 4.3 4.3 4.3 4.32 4.32 4.32 4.32 4.32 4.32 4.32 4.4 4.4 4.4 4.4 4.4 4.4 4.4 4.4 4.4 4.4 4.4 4.4 4.4 4.4 4.4 4.4 4.4 4.4 4.4 4.4 4.4 4.4 4.4 4.4 4.4 4.4 4.4 4.4 4.4 4.68 4.68
-9999 -9999 -9999 -9999 -9999 -9999 -9999 -9999 4.09 4.09 4.09 4.09 4.09 4.09 4.09 4.19 4.19 4.19 4.19 4.16 4.13 4.3 4.3 4.3 4.3 4.3 4.3 4.3 4.3 4.3 4.3 4.3 4.3 4.3 4.3 4.3 4.3 4.3 4.3 4.3 4.3 4.32 4.32 4.32 4.32 4.32 4.4 4.4 4.4 4.4 4.4 4.4 4.4 4.4 4.4 4.4 4.4 4.4 4.4 4.4 4.4 4.4 4.4 4.4 4.4 4.4 4.4 4.4 4.4 4.4 4.4 4.4 4.4 4.4 4.4 4.4 4.4 4.68 4.68
-9999 -9999 -9999 -9999 -9999 -9999 -9999 -9999 4.19 4.19 3.73 3.82 4.28 4.09 4.17 4.17 4.17 4.08 4.19 4.16 4.13 4.17 4.3 4.3 4.3 4.3 4.3 4.3 4.3 4.3 4.3 4.3 4.3 4.3 4.3 4.3 4.3 4.3 4.3 4.3 4.3 4.3 4.32 4.32 4.32 4.4 4.4 4.4 4.4 4.4 4.4 4.4 4.4 4.4 4.4 4.4 4.4 4.4 4.4 4.4 4.4 4.4 4.4 4.4 4.4 4.4 4.4 4.4 4.4 4.3 4.3 4.3 4.3 4.3 4.3 4.3 4.3 4.3 4.3
4.19 4.24 -9999 -9999 -9999 -9999 -9999 -9999 -9999 -9999 3.73 3.82 4.28 4.18 4.17 4.17 4 -9999 -9999 -9999 -9999 -9999 -9999 4.3 4.3 4.3 4.3 4.3 4.3 4.3 4.3 4.3 4.3 4.3 4.3 4.3 4.3 4.3 4.3 4.3 4.3 4.3 4.32 4.32 4.4 4.32 4.4 4.4 4.4 4.4 4.4 4.4 4.4 4.4 4.4 4.4 4.4 4.4 4.4 4.4 4.4 4.4 4.4 4.4 4.4 4.4 4.4 4.4 4.4 4.4 4.3 4.3 4.3 4.3 4.3 4.3 4.3 4.3 4.3
4.25 4.25 4.36 -9999 -9999 -9999 -9999 -9999 -9999 -9999 -9999 -9999 -9999 -9999 -9999 -9999 -9999 -9999 -9999 -9999 -9999 -9999 4.18 4.18 4.18 4.3 4.3 4.3 4.3 4.3 4.3 4.3 4.3 4.3 4.3 4.3 4.3 4.3 4.3 4.3 4.3 4.3 4.3 4.4 4.4 4.4 4.4 4.4 4.4 4.4 4.4 4.4 4.4 4.3 4.4 4.4 4.4 4.4 4.4 4.3 4.3 4.3 4.3 4.3 4.4 4.3 4.3 4.3 4.3 4.3 4.3 4.3 4.3 4.3 4.3 4.3 4.3 4.3 4.3
4.42 4.25 -9999 -9999 -9999 -9999 -9999 -9999 -9999 -9999 -9999 -9999 4.2 4.2 4.15 4.13 4.14 4.15 4.22 4.27 3.23 4.19 4.17 4.17 4.17 4.18 4.3 4.3 4.3 4.3 4.3 4.3 4.3 4.3 4.3 4.3 4.3 4.3 4.3 4.3 4.3 4.3 4.3 4.4 4.4 4.4 4.4 4.4 4.4 4.4 4.4 4.3 4.3 4.3 4.3 4.3 4.3 4.3 4.3 4.3 4.3 4.3 4.3 4.3 4.3 4.3 4.3 4.3 4.3 4.3 4.3 4.3 4.3 4.3 4.3 4.3 4.3 4.3 4.3
-9999 -9999 -9999 -9999 -9999 -9999 -9999 -9999 -9999 -9999 4.22 -9999 4.49 4.49 4.49 4.49 4.49 4.22 4.22 3.23 3.23 3.23 4.17 4.17 4.17 4.3 4.3 4.3 4.3 4.3 4.3 4.3 4.3 4.3 4.3 4.3 4.3 4.3 4.3 4.3 4.3 4.3 4.3 4.3 4.3 4.3 4.3 4.3 4.3 4.3 4.3 4.3 4.3 4.3 4.3 4.3 4.3 4.3 4.3 4.3 4.3 4.3 4.3 4.3 4.3 4.3 4.3 4.3 4.3 4.3 4.3 4.3 4.3 4.3 4.3 4.3 4.3 4.3 4.3
-9999 -9999 -9999 -9999 -9999 -9999 -9999 -9999 -9999 4.14 -9999 -9999 -9999 -9999 4.2 4.2 4.49 4.22 3.23 3.23 3.23 3.23 3.23 4.17 4.17 4.3 4.3 4.3 4.3 4.3 4.3 4.3 4.3 4.3 4.3 4.3 4.3 4.3 4.3 4.3 4.3 4.3 4.3 4.3 4.3 4.3 4.3 4.3 4.3 4.3 4.3 4.3 4.3 4.3 4.3 4.3 4.3 4.3 4.3 4.3 4.3 4.3 4.3 4.3 4.3 4.3 4.3 4.3 4.3 4.3 4.3 4.3 4.3 4.3 4.3 4.3 4.3 4.3 4.3
-9999 -9999 -9999 -9999 -9999 -9999 -9999 -9999 -9999 -9999 -9999 -9999 -9999 -9999 4.24 4.24 4.24 4.24 3.23 3.23 3.23 3.23 3.23 3.23 3.23 4.3 4.3 4.3 4.3 4.3 4.3 4.3 4.3 4.3 4.3 4.3 4.3 4.3 4.3 4.3 4.3 4.3 4.3 4.3 4.3 4.3 4.3 4.3 4.3 4.3 4.3 4.3 4.3 4.3 4.3 4.3 4.3 4.3 4.3 4.3 4.3 4.3 4.3 4.3 4.3 4.3 4.3 4.3 4.3 4.3 4.3 4.3 4.3 4.3 4.3 4.3 4.3 4.3 4.3
-9999 -9999 -9999 -9999 -9999 -9999 -9999 -9999 4.35 4.23 4.32 -9999 -9999 -9999 4.19 4.19 4.19 4.24 3.23 3.23 3.23 3.23 3.23 3.23 3.23 4.3 4.3 4.3 4.3 4.3 4.3 4.3 4.3 4.3 4.3 4.3 4.3 4.3 4.3 4.3 4.3 4.3 4.3 4.3 4.3 4.3 4.3 4.3 4.3 4.3 4.3 4.3 4.3 4.3 4.3 4.3 4.3 4.3 4.3 4.3 4.3 4.3 4.3 4.3 4.3 4.3 4.3 4.3 4.3 4.3 4.3 4.3 4.3 4.3 4.3 4.3 4.3 4.3 4.3
-9999 -9999 -9999 -9999 -9999 -9999 -9999 4.17 4.17 4.17 4.23 4.23 4.2 4.44 4.44 4.44 4.44 4.44 4.44 3.23 3.23 3.23 3.23 3.23 3.23 3.23 4.3 4.3 4.3 4.44 4.44 4.3 4.3 4.3 4.3 4.3 4.3 4.3 4.3 4.3 4.3 4.3 4.3 4.3 4.3 4.3 4.3 4.3 4.3 4.3 4.3 4.3 4.3 4.3 4.3 4.3 4.3 4.3 4.3 4.3 4.3 4.3 4.3 4.3 4.3 4.3 4.3 4.3 4.3 4.3 4.3 4.3 4.3 4.3 4.3 4.3 4.3 4.3 4.3
-9999 -9999 -9999 -9999 -9999 -9999 -9999 4.17 4.17 4.17 4.23 4.23 4.2 4.2 4.2 4.44 4.44 4.44 4.44 4.44 4.44 3.23 3.23 3.23 3.23 3.23 4.3 4.3 4.44 4.44 4.44 4.44 4.3 4.3 4.3 4.3 4.3 4.3 4.3 4.3 4.3 4.3 4.3 4.3 4.3 4.3 4.3 4.3 4.3 4.3 4.3 4.3 4.3 4.3 4.3 4.3 4.3 4.3 4.3 4.3 4.3 4.3 4.3 4.3 4.3 4.3 4.3 4.3 4.3 4.3 4.3 4.3 4.3 4.3 4.3 4.3 4.3 4.3 4.3
-9999 -9999 -9999 -9999 -9999 -9999 -9999 3.83 3.83 3.83 3.83 4.2 4.2 4.2 4.2 4.2 4.44 4.44 4.44 4.44 4.44 4.44 4.44 4.44 4.44 4.44 4.3 4.44 4.44 4.44 4.44 4.73 4.73 4.3 4.3 4.3 4.3 4.3 4.3 4.3 4.3 4.3 4.3 4.3 4.3 4.3 4.3 4.3 4.3 4.3 4.3 4.3 4.3 4.3 4.3 4.3 4.3 4.3 4.3 4.3 4.3 4.3 4.3 4.3 4.3 4.3 4.3 4.3 4.3 4.3 4.3 4.3 4.3 4.3 4.3 4.3 4.3 4.3 4.3
-9999 -9999 -9999 -9999 -9999 -9999 -9999 3.83 3.83 3.83 3.83 3.83 3.83 3.83 3.83 3.83 3.83 3.83 4.44 4.44 4.73 4.44 4.44 4.44 4.44 4.44 4.44 4.44 4.44 4.44 4.73 4.73 4.73 4.3 4.3 4.3 4.3 4.3 4.3 4.3 4.3 4.3 4.3 4.3 4.3 4.3 4.3 4.3 4.3 4.3 4.3 4.3 4.3 4.3 4.3 4.3 4.3 4.3 4.3 4.3 4.3 4.3 4.3 4.3 4.3 4.3 4.3 4.3 4.3 4.3 4.3 4.3 4.3 4.3 4.3 4.3 4.3 4.3 4.3
