Model input/Uganda/DOCraster.asc
NCOLS 720 
NROWS 360 
XLLCORNER -180 
YLLCORNER -90 
CELLSIZE 0.5 
NODATA_value -9999 
[rows 35 to 69 of 360, columns 158 to 236 of 720]
6.45 4.28 6.14 4.83 4.83 4.36 4.65 4.55 4.28 -9999 -9999 4.28 4.42 4.42 4.42 -9999 -9999 -9999 -9999 -9999 -9999 -9999 6.43 4.6 4.67 4.61 4.61 4.63 4.63 -9999 -9999 4.41 4.41 4.41 4.41 4.41 4.41 4.35 4.45 4.45 4.35 4.28 3.34 3.34 4.28 4.42 4.31 4.19 -9999 -9999 4.19 4.4 -9999 -9999 -9999 -9999 -9999 -9999 -9999 -9999 -9999 -9999 -9999 -9999 -9999 -9999 -9999 -9999 -9999 -9999 -9999 -9999 -9999 -9999 -9999 -9999 -9999 -9999 -9999
-9999 -9999 4.83 3.99 4.36 4.36 4.65 4.55 4.16 -9999 -9999 4.14 4.41 4.41 -9999 -9999 -9999 -9999 -9999 -9999 -9999 -9999 4.7 5.18 4.61 4.61 4.61 4.61 4.61 4.59 4.43 4.76 4.76 4.76 4.41 4.41 4.41 4.35 4.35 4.35 4.35 3.34 3.34 3.34 4.36 4.31 4.31 4.19 4.27 4.19 4.4 4.36 4.26 -9999 -9999 -9999 -9999 -9999 -9999 -9999 -9999 -9999 -9999 -9999 -9999 -9999 -9999 -9999 -9999 -9999 -9999 -9999 -9999 -9999 -9999 -9999 -9999 -9999 -9999
-9999 -9999 -9999 -9999 4.55 4.3 -9999 -9999 -9999 4.53 4.7 4.77 4.41 4.41 4.51 4.54 -9999 -9999 -9999 -9999 -9999 -9999 -9999 4.61 4.61 4.61 4.61 4.61 4.61 4.76 4.76 4.76 4.76 4.76 4.62 4.42 4.42 4.38 4.38 4.38 4.34 4.34 4.34 4.36 4.36 4.36 4.36 4.27 4.27 4.27 4.26 4.26 4.26 4.29 4.29 4.25 4.27 4.46 4.28 4.24 -9999 -9999 -9999 -9999 -9999 -9999 -9999 -9999 -9999 -9999 -9999 -9999 -9999 -9999 -9999 -9999 -9999 -9999 -9999
-9999 -9999 -9999 -9999 -9999 -9999 -9999 -9999 -9999 4.42 4.42 4.64 4.73 4.51 4.51 4.43 5.2 -9999 -9999 -9999 -9999 -9999 -9999 -9999 4.19 6.62 3.8 4.61 4.61 5.09 5.09 5.09 5.09 4.62 4.58 4.43 4.42 4.52 4.38 4.38 4.34 4.34 4.34 4.36 4.36 4.42 4.32 4.27 4.27 4.31 4.3 4.26 4.29 4.29 4.29 4.25 4.27 4.24 4.24 4.33 4.29 1.45 1.26 4.34 -9999 -9999 -9999 -9999 -9999 -9999 -9999 -9999 -9999 -9999 -9999 -9999 -9999 -9999 -9999
-9999 -9999 -9999 -9999 -9999 -9999 -9999 -9999 -9999 4.64 4.64 4.73 4.65 4.43 4.56 4.53 4.14 5.25 5.35 -9999 -9999 -9999 -9999 -9999 -9999 -9999 4.57 4.21 4.63 5.09 5.39 5.87 4.62 4.62 4.58 4.43 4.43 4.42 4.52 4.38 4.52 4.25 4.25 -9999 -9999 4.42 4.32 4.27 4.31 4.41 4.3 4.3 4.54 4.54 1.01 1.91 4.24 4.24 4.29 4.29 1.45 1.26 4.34 2.45 2.45 2.45 4.28 -9999 -9999 -9999 -9999 -9999 -9999 -9999 -9999 -9999 -9999 -9999 -9999
-9999 -9999 -9999 -9999 -9999 4.53 5.44 -9999 -9999 -9999 5.1 4.73 4.65 4.43 4.56 4.53 4.53 4.53 -9999 -9999 -9999 -9999 -9999 -9999 -9999 -9999 -9999 -9999 -9999 -9999 -9999 4.62 4.62 4.62 -9999 -9999 4.43 4.43 -9999 -9999 -9999 -9999 4.25 -9999 -9999 -9999 -9999 -9999 4.43 4.41 4.3 4.3 4.54 4.54 1.01 1.91 1.91 1.91 4.29 4.29 4.29 2.45 2.45 2.45 4.27 -9999 4.34 4.19 -9999 -9999 -9999 -9999 -9999 -9999 -9999 -9999 -9999 -9999 -9999
-9999 -9999 -9999 -9999 4.18 5.83 4.53 4.4 5.45 5.12 -9999 -9999 -9999 -9999 4.56 4.53 4.53 4.53 4.45 4.45 4.45 -9999 -9999 4.43 -9999 -9999 -9999 -9999 -9999 -9999 -9999 4.49 4.49 4.49 4.54 4.43 4.44 4.44 4.55 -9999 -9999 -9999 -9999 -9999 -9999 -9999 -9999 4.43 -9999 -9999 4.3 4.3 4.54 4.54 1.01 1.91 1.91 1.91 1.91 4.28 4.28 4.28 4.28 1.95 1.95 4.18 4.18 4.31 4.2 -9999 -9999 -9999 -9999 -9999 -9999 -9999 -9999 -9999 -9999
-9999 -9999 -9999 -9999 -9999 4.66 4.66 4.4 5.12 5.12 4.53 -9999 -9999 -9999 4.52 4.52 4.52 4.53 4.45 4.45 4.45 -9999 4.38 4.38 4.66 4.66 -9999 -9999 -9999 -9999 -9999 4.49 4.49 4.49 4.43 4.38 4.38 4.38 4.24 -9999 -9999 -9999 -9999 -9999 -9999 -9999 -9999 -9999 -9999 4.21 -9999 -9999 4.37 4.54 1.01 1.91 1.91 1.91 1.91 4.28 4.28 4.28 4.28 1.95 1.95 -9999 -9999 -9999 -9999 -9999 -9999 -9999 -9999 -9999 -9999 -9999 -9999 -9999 -9999
-9999 -9999 -9999 -9999 -9999 4.58 4.66 3.96 -9999 -9999 -9999 -9999 -9999 4.87 4.52 4.52 4.52 4.52 4.53 4.45 4.48 4.48 4.38 4.38 4.61 4.61 -9999 -9999 4.19 -9999 4.19 4.62 4.38 4.38 4.38 4.38 4.3 4.3 -9999 -9999 -9999 -9999 -9999 -9999 -9999 -9999 -9999 -9999 -9999 4.72 4.72 4.35 -9999 -9999 -9999 1.91 4.57 4.28 4.28 4.28 4.28 4.28 4.28 1.95 4.25 4.18 4.22 4.17 4.23 -9999 -9999 -9999 -9999 -9999 -9999 -9999 -9999 -9999 -9999
4.53 4.1 4.41 5.14 4.72 4.38 -9999 -9999 4.5 4.5 -9999 4.41 4.24 4.87 4.52 4.52 4.52 4.52 4.53 4.48 4.48 4.38 4.38 4.61 4.41 4.41 -9999 -9999 4.36 4.47 4.47 4.38 4.38 4.38 4.41 4.3 4.24 4.24 4.15 -9999 -9999 -9999 -9999 -9999 -9999 -9999 -9999 4.23 4.25 4.34 4.34 4.5 -9999 4.3 4.3 -9999 -9999 4.28 4.28 4.28 4.42 4.28 4.28 4.28 4.28 4.22 4.22 4.23 4.2 4.16 3.26 4.31 4.15 -9999 -9999 -9999 -9999 -9999 -9999
4.53 4.53 4.53 4.72 4.72 4.38 4.49 4.33 4.48 4.48 3.7 4.24 4.24 4.24 4.24 4.24 4.24 4.24 4.24 4.48 4.38 4.38 4.38 4.38 4.41 4.41 4.36 4.35 4.63 4.34 4.51 4.51 4.41 4.41 4.41 4.31 4.3 4.3 4.41 -9999 -9999 -9999 -9999 -9999 -9999 -9999 -9999 -9999 4.25 4.34 4.33 -9999 -9999 -9999 -9999 -9999 -9999 4.42 4.42 4.42 4.28 4.28 4.28 4.28 4.28 4.27 4.27 1.28 3.42 1.22 3.26 -9999 -9999 4.14 4.11 4.15 -9999 -9999 -9999
3.7 4.53 4.53 4.53 4.53 4.49 4.49 4.33 4.48 4.48 3.7 4.24 4.24 4.4 4.24 4.24 4.24 4.24 4.24 4.24 4.24 4.38 4.38 4.36 4.36 4.36 4.36 4.63 4.63 4.34 4.51 4.5 4.41 4.41 4.39 4.31 4.3 4.36 -9999 -9999 -9999 -9999 -9999 -9999 -9999 -9999 -9999 -9999 -9999 -9999 -9999 -9999 -9999 -9999 -9999 -9999 4.28 4.28 4.28 4.28 4.28 4.28 4.28 4.28 4.28 4.27 4.27 1.28 3.42 1.22 1.22 -9999 -9999 4.14 4.15 -9999 4.09 4 4.01
3.7 3.7 3.7 3.7 3.7 4.49 4.49 4.49 3.7 3.7 3.7 4.4 4.4 4.4 4.4 4.4 4.4 4.24 4.24 4.24 4.39 4.39 4.39 4.43 4.43 4.43 4.4 4.4 4.23 -9999 -9999 -9999 4.5 4.5 -9999 -9999 -9999 -9999 -9999 -9999 -9999 -9999 -9999 -9999 -9999 -9999 -9999 -9999 -9999 -9999 -9999 -9999 -9999 4.25 4.51 4.52 4.28 4.28 4.28 4.28 4.28 4.28 4.28 4.28 4.28 4.16 4.27 4.15 -9999 1.22 -9999 -9999 4.14 4.14 2.03 2.39 4.07 4.02 -9999
3.7 3.7 3.7 3.7 3.7 3.7 3.7 3.7 3.7 3.7 3.7 3.7 4.4 4.4 4.4 4.4 4.4 4.24 4.24 4.35 4.42 4.39 4.39 -9999 4.43 4.43 4.43 4.43 4.4 -9999 4.43 4.89 -9999 -9999 4.37 -9999 -9999 -9999 -9999 -9999 -9999 -9999 -9999 -9999 -9999 -9999 -9999 -9999 -9999 -9999 -9999 -9999 -9999 -9999 -9999 4.28 4.28 4.28 4.28 4.28 4.28 4.28 4.28 4.28 4.16 4.16 4.16 -9999 -9999 -9999 -9999 4.14 4.13 4.13 2.03 2.39 4.1 -9999 -9999
4.4 4.4 4.4 4.4 4.4 4.4 4.4 4.4 4.4 4.4 3.7 4.4 4.4 4.4 4.4 4.4 4.4 4.4 4.4 4.35 4.35 4.42 4.4 4.4 -9999 4.43 4.43 4.43 -9999 -9999 4.43 4.43 4.45 4.36 -9999 -9999 -9999 -9999 -9999 -9999 -9999 -9999 -9999 -9999 -9999 -9999 -9999 4.28 4.29 4.38 4.22 4.31 4.29 4.31 4.31 4.31 4.31 4.28 4.28 4.28 4.28 4.28 4.28 4.16 4.16 4.16 4.26 4.19 -9999 -9999 -9999 -9999 4.13 4.21 4.14 -9999 -9999 -9999 -9999
4.4 4.4 4.4 4.4 4.4 4.4 4.4 4.4 4.4 4.4 4.4 4.4 4.4 4.4 4.4 4.4 4.4 4.4 4.4 4.35 4.35 4.42 4.4 4.31 4.4 4.39 4.56 -9999 -9999 4.32 4.32 5.06 5.06 5.06 4.24 4.29 4.27 4.24 -9999 -9999 -9999 -9999 -9999 -9999 -9999 -9999 4.22 4.28 4.29 4.32 4.16 4.21 4.35 4.19 4.29 -9999 4.24 4.28 4.28 4.28 4.28 4.28 4.28 4.28 4.28 4.28 4.16 4.06 4.09 4.13 4.09 -9999 -9999 -9999 -9999 -9999 -9999 -9999 -9999
4.4 4.4 4.4 4.4 4.4 4.4 4.4 4.4 4.4 4.4 4.4 4.4 4.4 4.4 4.4 4.4 4.4 4.4 4.4 4.4 4.35 4.42 4.4 4.31 4.4 4.39 -9999 -9999 -9999 5.12 5.12 5.06 5.06 4.3 4.24 4.29 4.98 5.55 4.47 -9999 -9999 -9999 -9999 -9999 -9999 -9999 -9999 4.12 4.18 -9999 -9999 -9999 -9999 -9999 -9999 4.24 -9999 4.31 4.28 4.28 4.28 4.28 4.28 4.11 4.28 4.12 4.16 4.16 4.13 4.09 4.02 4.08 -9999 -9999 -9999 -9999 -9999 -9999 -9999
4.4 4.4 4.4 4.4 4.4 4.4 4.4 4.4 4.4 4.4 4.4 4.4 4.4 4.4 4.4 4.4 4.4 4.4 4.4 4.4 4.35 4.36 -9999 -9999 -9999 -9999 -9999 -9999 6.4 6.67 5.06 5.06 4.38 4.3 4.23 -9999 -9999 5.55 5.55 4.69 4.36 -9999 -9999 -9999 -9999 -9999 -9999 -9999 -9999 -9999 -9999 -9999 -9999 -9999 -9999 -9999 -9999 4.14 -9999 4.23 4.18 4.18 4.28 4.19 -9999 4.12 4.1 4.1 4.05 4.08 4.08 4.04 4.04 -9999 -9999 -9999 -9999 -9999 -9999
4.4 4.4 4.4 4.4 4.4 4.4 4.4 4.4 4.4 5.22 5.22 5.9 5.9 4.4 5.88 4.33 4.33 4.33 4.4 4.4 4.4 -9999 -9999 -9999 -9999 -9999 -9999 -9999 -9999 -9999 -9999 4.38 4.38 -9999 -9999 -9999 -9999 -9999 -9999 -9999 -9999 -9999 -9999 -9999 -9999 -9999 4.26 -9999 -9999 -9999 -9999 -9999 -9999 -9999 -9999 -9999 -9999 -9999 4.12 4.23 4.18 4.2 4.2 4.06 4.1 -9999 -9999 -9999 4.05 4.08 4.05 -9999 4.05 -9999 -9999 -9999 -9999 -9999 -9999
4.4 4.4 4.4 4.4 4.4 4.4 4.4 4.4 5.22 5.22 5.22 5.22 5.9 7.95 5.88 5.88 4.67 4.33 4.14 -9999 -9999 -9999 -9999 -9999 -9999 -9999 -9999 -9999 -9999 -9999 -9999 -9999 -9999 -9999 -9999 4.22 4.34 4.26 -9999 -9999 -9999 -9999 -9999 -9999 -9999 -9999 -9999 -9999 -9999 -9999 -9999 -9999 -9999 -9999 -9999 -9999 -9999 -9999 -9999 -9999 4.18 4.2 4.11 4.1 4.13 4.14 4.06 4.06 -9999 -9999 -9999 4.05 -9999 -9999 -9999 -9999 -9999 -9999 -9999
4.4 4.4 4.4 4.4 4.4 4.4 5.22 5.22 5.22 5.22 5.22 5.22 5.9 7.95 7.95 5.88 -9999 -9999 -9999 -9999 -9999 -9999 -9999 -9999 -9999 -9999 -9999 -9999 -9999 -9999 -9999 -9999 -9999 -9999 4.23 4.33 4.19 -9999 -9999 -9999 -9999 -9999 4.22 -9999 -9999 -9999 4.28 4.21 4.22 4.19 4.22 4.19 4.15 4.15 4.21 4.15 -9999 -9999 -9999 -9999 -9999 -9999 -9999 -9999 -9999 4.09 4.08 4.12 4.08 4.11 -9999 -9999 -9999 -9999 -9999 -9999 -9999 -9999 -9999
4.4 4.4 4.4 4.4 5.22 5.22 5.22 5.22 5.22 5.22 5.22 5.22 5.22 5.9 8.19 -9999 -9999 -9999 -9999 -9999 -9999 -9999 -9999 -9999 -9999 -9999 -9999 -9999 -9999 -9999 -9999 -9999 -9999 -9999 -9999 -9999 -9999 -9999 -9999 -9999 -9999 -9999 4.23 -9999 -9999 -9999 4.23 4.23 4.21 4.17 4.17 4.17 4.16 4.15 4.15 4.16 4.13 4.13 -9999 -9999 -9999 -9999 -9999 -9999 -9999 -9999 -9999 -9999 -9999 -9999 -9999 -9999 -9999 -9999 -9999 -9999 -9999 -9999 -9999
4.4 5.74 5.74 5.74 5.74 5.74 5.74 5.74 5.74 5.74 5.74 5.74 5.22 5.22 -9999 -9999 -9999 -9999 -9999 -9999 -9999 -9999 -9999 -9999 -9999 -9999 -9999 -9999 -9999 -9999 -9999 -9999 -9999 -9999 -9999 -9999 -9999 -9999 -9999 -9999 -9999 -9999 -9999 -9999 -9999 -9999 4.12 4.17 4.17 4.16 4.16 4.16 4.16 4.16 4.16 4.17 4.13 4.13 4.15 -9999 -9999 -9999 -9999 -9999 -9999 -9999 -9999 -9999 -9999 -9999 -9999 -9999 -9999 -9999 -9999 -9999 -9999 -9999 -9999
4.4 5.74 5.74 6.34 6.34 6.34 6.34 5.74 5.74 5.74 5.74 5.74 5.74 -9999 -9999 -9999 -9999 -9999 -9999 -9999 -9999 -9999 -9999 -9999 -9999 -9999 -9999 -9999 -9999 -9999 -9999 -9999 -9999 -9999 -9999 -9999 -9999 -9999 -9999 -9999 -9999 -9999 -9999 -9999 -9999 -9999 -9999 4.15 4.16 4.16 4.16 4.16 4.14 4.14 4.14 4.17 4.17 4.15 4.15 4.12 4.15 4.21 4.19 -9999 -9999 -9999 -9999 -9999 -9999 -9999 -9999 -9999 -9999 -9999 -9999 -9999 -9999 -9999 -9999
6.34 6.34 6.34 6.34 6.34 6.34 6.34 6.34 6.34 6.34 6.34 6.34 6.34 -9999 -9999 -9999 -9999 -9999 -9999 -9999 -9999 -9999 -9999 -9999 -9999 -9999 -9999 -9999 -9999 -9999 -9999 -9999 -9999 -9999 -9999 -9999 -9999 -9999 -9999 -9999 -9999 -9999 -9999 -9999 -9999 -9999 -9999 4.16 4.16 4.16 4.16 4.16 4.16 4.14 4.14 4.14 4.14 4.17 4.17 4.17 4.17 4.17 4.17 -9999 -9999 -9999 -9999 -9999 -9999 -9999 -9999 -9999 4.01 -9999 -9999 -9999 -9999 -9999 -9999
6.34 6.34 6.34 7.61 7.61 6.34 6.34 6.34 6.34 10.91 10.91 10.91 -9999 -9999 -9999 -9999 -9999 -9999 -9999 -9999 -9999 -9999 -9999 -9999 -9999 -9999 -9999 -9999 -9999 -9999 -9999 -9999 -9999 -9999 -9999 -9999 -9999 -9999 -9999 -9999 -9999 -9999 -9999 -9999 -9999 -9999 -9999 4.15 4.16 4.16 4.16 4.16 4.14 4.14 4.14 4.14 4.14 4.14 4.14 4.14 4.14 4.14 4.14 -9999 -9999 -9999 -9999 -9999 -9999 -9999 -9999 4.06 4.01 4.01 -9999 -9999 -9999 -9999 -9999
6.34 6.34 7.61 7.61 7.61 6.34 6.34 6.34 7.61 7.61 7.61 11.79 -9999 -9999 -9999 -9999 -9999 -9999 -9999 -9999 -9999 -9999 -9999 -9999 -9999 -9999 -9999 -9999 -9999 -9999 -9999 -9999 -9999 -9999 -9999 -9999 -9999 -9999 -9999 -9999 -9999 -9999 -9999 -9999 -9999 -9999 4.23 4.23 4.15 4.15 4.15 4.15 4.15 4.14 4.14 4.14 4.14 4.13 4.13 4.14 4.14 4.14 4.14 -9999 -9999 -9999 -9999 -9999 -9999 -9999 -9999 4.05 4.01 4.01 4 -9999 -9999 -9999 -9999
7.61 7.61 7.61 7.61 7.61 7.61 7.61 7.61 7.61 7.61 7.61 7.61 12.14 4.15 7.57 -9999 -9999 -9999 -9999 -9999 -9999 -9999 -9999 -9999 -9999 -9999 -9999 -9999 -9999 -9999 -9999 -9999 -9999 -9999 -9999 -9999 -9999 -9999 -9999 -9999 -9999 -9999 -9999 -9999 -9999 4.15 4.15 4.15 4.15 4.15 4.15 4.15 4.15 4.15 4.14 4.14 4.14 4.13 4.13 4.13 4.13 4.13 4.13 4.09 4.09 -9999 -9999 -9999 -9999 4.91 4 4 4 4 4 3.97 -9999 -9999 -9999
7.61 7.61 7.61 7.61 7.61 7.61 4.15 4.15 7.61 7.61 4.15 4.15 4.15 4.15 7.57 11.47 -9999 -9999 -9999 -9999 -9999 -9999 -9999 -9999 -9999 -9999 -9999 -9999 -9999 -9999 -9999 -9999 -9999 -9999 -9999 -9999 -9999 -9999 -9999 -9999 -9999 -9999 -9999 -9999 -9999 -9999 -9999 4.17 4.17 4.17 4.13 4.15 4.15 4.15 4.13 4.13 4.13 4.13 4.13 4.13 4.13 4.13 4.13 4.09 4.24 5.18 5.25 4.1 4.54 4.91 4.91 4.91 4.91 3.98 3.98 3.98 3.98 -9999 -9999
7.61 7.61 7.61 7.61 7.61 4.15 4.15 4.15 4.15 4.15 4.15 4.15 4.15 4.15 11.47 12.27 10.34 -9999 -9999 -9999 -9999 -9999 -9999 -9999 -9999 -9999 -9999 -9999 -9999 -9999 -9999 -9999 -9999 -9999 -9999 -9999 -9999 -9999 -9999 -9999 -9999 -9999 -9999 -9999 -9999 -9999 -9999 -9999 4.13 4.13 4.13 4.13 4.15 4.15 4.13 4.13 4.13 4.13 4.13 4.13 5.18 5.18 5.18 5.18 5.18 5.18 5.25 5.25 4.54 4.54 4.91 4.91 4.91 3.98 3.98 3.97 3.97 3.98 -9999
7.61 7.61 4.15 4.15 4.15 4.15 4.15 4.15 4.15 4.15 4.15 11.47 11.47 11.47 12.27 7.53 7.53 -9999 -9999 10.26 10.6 -9999 -9999 -9999 -9999 -9999 -9999 -9999 -9999 -9999 -9999 -9999 -9999 -9999 -9999 -9999 -9999 -9999 -9999 -9999 -9999 -9999 -9999 -9999 -9999 -9999 -9999 -9999 -9999 4.13 4.13 4.13 4.13 4.13 4.13 4.13 5.18 5.18 5.18 5.18 5.18 5.18 5.18 5.18 5.18 5.25 5.25 5.25 4.54 4.54 4.54 4.91 4.91 3.97 3.97 3.97 3.96 3.96 3.94
4.15 4.15 4.15 4.15 4.15 4.15 4.15 4.15 4.15 4.15 4.15 11.47 11.47 7.53 7.53 7.53 8.47 11.5 12.33 10.26 10.6 12.64 12.63 12.22 11.11 -9999 -9999 -9999 -9999 -9999 -9999 -9999 -9999 -9999 -9999 -9999 -9999 -9999 -9999 -9999 -9999 -9999 -9999 -9999 -9999 -9999 -9999 -9999 -9999 4.15 4.15 4.15 4.15 4.15 4.15 5.18 5.18 5.18 5.18 5.18 5.18 5.18 5.18 5.18 5.18 5.18 5.25 5.25 5.25 5.25 4.54 4.91 4.91 3.97 3.97 3.97 3.97 3.97 3.97
4.15 4.15 7.53 7.53 7.53 7.53 7.53 7.53 7.53 7.53 7.53 7.53 7.53 7.53 7.53 8.47 8.47 8.47 8.47 8.47 8.47 12.64 12.63 12.22 11.11 12.89 6.14 -9999 -9999 -9999 -9999 -9999 -9999 -9999 -9999 -9999 -9999 -9999 -9999 -9999 -9999 -9999 -9999 4.18 -9999 -9999 -9999 -9999 -9999 5.46 5.46 5.46 5.46 5.46 5.46 4.15 5.18 5.18 5.18 5.18 5.18 5.18 5.18 5.18 5.18 5.18 5.18 5.25 5.25 5.25 5.25 4.54 4.91 4.91 3.97 3.97 3.97 3.97 3.97
4.15 4.15 7.53 7.53 7.53 7.53 7.53 7.53 7.53 7.53 7.53 7.53 8.47 8.47 8.47 8.47 8.47 8.47 8.47 8.47 8.47 6.14 6.14 11.11 6.14 6.14 12.23 12.62 11.71 10.72 -9999 -9999 -9999 -9999 -9999 -9999 -9999 -9999 -9999 -9999 -9999 -9999 -9999 -9999 -9999 -9999 -9999 -9999 8.04 8.04 5.46 5.46 5.46 5.46 5.46 5.46 5.46 5.46 5.46 5.18 5.18 5.18 5.18 5.18 5.18 5.18 5.18 5.18 5.25 5.25 5.25 5.25 4.91 4.91 3.97 3.97 3.97 3.97 3.97
4.15 7.53 7.53 7.53 7.53 7.53 7.53 7.53 7.53 7.53 7.53 8.47 8.47 8.47 8.47 8.47 8.47 8.47 8.47 8.47 8.47 6.14 6.14 6.14 6.14 6.14 9.85 9.85 11.71 10.72 13.03 9.85 10.42 10.49 10.8 10.49 -9999 -9999 -9999 -9999 -9999 -9999 -9999 -9999 -9999 -9999 8.04 8.04 8.04 8.04 8.04 8.04 8.04 8.04 8.04 8.04 8.04 8.04 8.04 5.18 5.18 5.18 5.18 5.18 5.18 5.18 5.18 5.18 5.25 4.91 4.91 4.91 4.91 4.91 4.91 4.03 4.03 4.03 4.03
