Archive - glowpa-model-master/Model input/Uganda/surfacerunoff/surfacerunoff_jan_1.asc
NCOLS 67 
NROWS 67 
XLLCORNER 29.5000000014144 
YLLCORNER -1.49999999936061 
CELLSIZE 0.0833333332926796 
NODATA_value -9999 
[rows 40 to 59 of 67, columns 0 to 44 of 67]
0.353140289917064 0.232178479564027 0.188902458830853 0.091221247885187 0.105937343619189 0.134815845513003 0.214370618778048 0.388940111406555 0.518207292770967 0.530818339939287 0.431347405537963 0.814184615592239 0.738651428036974 0.730307305275346 0.779605245043058 0.700918197253486 0.714741358024185 0.415677173805307 0.590180907238391 0.552734242774022 0.49912693521037 0.471215544166625 0.506847701217339 0.192375206285789 0.133757736649809 0.331995890519465 0.145987556379623 0.112611108988858 0.191704797543935 0.247939706696343 0.307025682104722 0.410564036428696 0.250028498612664 0.510505275997275 0.506846810822026 0.525304853908892 0.496284081236809 0.54713427562092 0.535303918695718 0.555049916329153 0.507056604874379 0.566552478630911 0.494204850838287 0.764025984608452 0.709685953552253
0.276097396181285 0.120374333846485 0.186937816579302 0.116939540021122 0.184151634357477 0.247149368078681 0.507424634633935 0.427558854426024 0.713632342012716 0.625788625256973 0.42282050162612 0.54714424732083 0.772376772147254 0.830494984256802 0.812026517451159 0.613439391599968 0.581767281801149 0.425915208325023 0.441569916802109 0.404831946070772 0.293673741452949 0.509657537804742 0.523018057720037 0.246371188937999 0.0951902911787705 0.0859933159627069 0.136285025064353 0.409767827477481 0.379726813662273 0.407350683417462 0.258939244304202 0.49938656957238 0.419886943745951 0.322412993682519 0.357859555151663 0.374147354250454 0.423377290644567 0.527708631125279 0.473050495202187 0.539642776857363 0.512128866830608 0.53409239717439 0.47785858532734 0.789595802416443 0.708123236108804
0.149416325257334 0.280654134257929 0.201207878944842 0.217677701584762 0.568419125556829 0.592606644204352 0.365428310033167 0.500635801472527 0.620082946625189 0.542214897905069 0.650272202619817 0.566614859053516 0.592479699662363 0.568038471101318 0.523553012499178 0.4217076148052 0.413988083892036 0.370227298844839 0.417271858168533 0.429201937549806 0.381637543796387 0.38001708082902 0.397890052340699 0.229312708647456 0.0916954871272857 0.167233800539179 0.48054578837764 0.284073184047884 0.202820035610785 0.122625588485192 0.34323774434597 0.525688521520351 0.522717487001501 0.52232008511055 0.433608459388779 0.353456106495287 0.391163025597052 0.495932459671167 0.496046756779833 0.519212747349229 0.503843360093015 0.444001496362034 0.412564635553281 0.426618906203657 0.585213527301676
0.26038884107038 0.322596913974849 0.331157891196199 0.66147095458291 0.556192124349764 0.431081191436533 0.325507337947784 0.496362107696768 0.457225983154785 0.260460511071869 0.575203308471828 0.55919645819813 0.325834470913833 0.232567729653965 0.224203183734062 0.100232581843329 0.330866922922723 0.240565496369527 0.339373672886722 0.186238202445566 0.112771622966079 0.113492153708705 0.119460673916549 0.112774153379291 0.141008121779862 0.107060255857938 0.120464385760854 0.139012277351469 0.171258287405607 0.20479416306074 0.391851704989676 0.362615142876166 0.613313283793104 0.577345803321805 0.564187334930466 0.495576457069546 0.533264449586568 0.548153469935642 0.531722982486826 0.560315163056657 0.545361495824181 0.431900979492639 0.219247365293995 0.442165442109399 0.66145085838798
0.298611497328238 0.327113601997553 0.316800792006688 0.793333863839507 0.478517313013072 0.307160843931342 0.209154860385752 0.557996159841423 0.121241688816554 0.263573740539869 0.446945638032048 0.349486092090956 0.189195572829703 0.210723882446473 0.12681213249266 0.132452433604158 0.107602911626259 0.278225568308699 0.509007102664327 0.280777335319726 0.137651026008712 0.13300770555702 0.273271766502603 0.49154432326759 0.130488637257287 0.158990258032787 0.199659700331978 0.347733907062775 0.209845108315676 0.212330406526462 0.372096374121611 0.431046493758913 0.633823549833323 0.611797109741019 0.598822680331068 0.58374439686304 0.695990197527863 0.673299242407666 0.628149304247927 0.607947084972693 0.675677495564742 0.717764598448412 0.396766834455775 0.443340311903739 0.709512331013684
0.154156638245695 0.249626319600793 0.286168788079522 0.636165372270625 0.296114677098558 0.368450004316401 0.407591075600067 0.168060395481007 0.0682912552747439 0.0487373150690473 0.256095832810388 0.178262563849785 0.198827936856105 0.11434275590716 0.110110249892159 0.106662191527107 0.118374212007666 0.166200302459174 0.202836740896828 0.22500537841097 0.419819591570558 0.279237011852729 0.26204975284827 0.498137459089776 0.34135371879529 0.18472443583839 0.311666574134506 0.215942353975151 0.229698445451731 0.335722428644658 0.474609271805093 0.460575137367414 0.677484085827018 0.636143897281727 0.413038801525545 0.58043951048603 0.763632178859552 0.7126035507099 0.747489959394443 0.352963363184244 0.384193758236506 0.370102720353316 0.383520583454811 0.805303901870502 0.485776738287313
0.206048278414528 0.247563443281251 0.484177380712936 0.572783389543474 0.520672341735917 0.387612088161404 0.383519768547558 0.0166616725607582 0.00549947536399031 0.107487803688855 0.192000801916947 0.220967220684543 0.187268761237647 0.108496162681604 0.0680716210297305 0.0831868587880535 0.157592121610151 0.339459757924487 0.143330017905896 0.16272034460485 0.21488199914188 0.526015502600785 0.47075326938284 0.449304529638539 0.507986837874341 0.540043043656624 0.436617943705642 0.212550463608352 0.25017010875672 0.459864142612787 0.444360221990792 0.454675962828333 0.458010860711511 0.464235779872979 0.448786075139651 0.447557163170131 0.515508031639911 0.637065084447386 0.451900995813048 0.318321671329613 0.451590215106989 0.337193484483578 0.777679581005941 0.708211302935524 0.661586406067727
0.313844949687336 0.262857654433901 0.520196764227876 0.666726860799827 0.645657139102696 0.586311402003048 0.116709104759138 0.00299305992701449 0.00438776769751126 0.146370609172664 0.185449457376308 0.186693036312136 0.175658022499192 0.205598908678439 0.242166148382239 0.248813991220231 0.596055201640411 0.475218922929344 0.118414663788258 0.167216232497935 0.162979999916324 0.452961690825759 0.535124260750308 0.457603326140088 0.428044625209623 0.341406078796069 0.271656363270978 0.216433528578364 0.274743529644184 0.464198134977778 0.415578281717899 0.448376255008043 0.527573456565733 0.960510798904579 0.815762623460614 0.812056237919023 0.813240079878597 0.667171137138212 0.687434045175905 0.728917962078413 0.593603450397495 0.451638110462227 0.610167846843979 0.620016973812199 0.673693575379275
0.369751675862062 0.296961948606622 0.390452135434316 0.2051668166132 0.221827810037212 0.247275228048238 0.0771221906461506 0.130158372712685 0.246908962708403 0.184047949460364 0.310702516344463 0.217751803802457 0.216988218880942 0.346618034654966 0.346345218531496 0.324649830417911 0.374743213797046 0.151231794461637 0.171538493432877 0.172832878108764 0.125626399331225 0.277255668777343 0.377442784497362 0.281325728884951 0.50880691128441 0.402141019890223 0.425747277404298 0.419615510963922 0.541639979019237 0.45448169203155 0.398015166865662 0.755270590161672 0.832138615805889 0.756484743760666 0.776847738961806 0.778422599978512 0.969094618994859 0.788042436624892 0.646905491151983 0.627644743872224 0.804807099484606 0.790889829659136 0.693023126132175 0.623123672028214 0.640604716295456
0.175723819893392 0.154075247110086 0.122282399502183 0.085029924207447 0.10804114003804 0.0979094377271394 0.0237478858196027 0.0779683930431929 0.273961492894159 0.171709312553503 0.215960256809922 0.154298999405 0.197146036043705 0.359135404323752 0.332357830757246 0.238563949324089 0.32125290545082 0.218536211377796 0.099610506067549 0.219286375745753 0.215576437913256 0.183211176043585 0.28641094105808 0.355953010370058 0.441285788156165 0.730564073819551 0.225658375711646 0.66051468547812 0.451266246984883 0.387603309718543 0.784719379225862 0.481414277601289 0.7084356584528 0.573893358705391 0.818562511994969 0.867105382894806 0.772455858623289 0.734564333697563 0.596312487630257 0.750845217226015 0.702632491083932 0.735434154194081 0.698842284009515 0.591317100429478 0.60927934174515
0.218162545706946 0.201786684101535 0.205026221919979 0.0580461311585623 0.0454979247592746 0.0644681823587234 0.110815991661184 0.0404492844836568 0.0778887933847727 0.199440819642405 0.176761454213192 0.192419123777654 0.278048421478161 0.373295646568295 0.265234475818943 0.177007957290698 0.294345324618916 0.465823142803856 0.111387254010609 0.213964364201402 0.218208279843424 0.300881807618225 0.241958048393442 0.371743009282 0.419650938624727 0.424230310272833 0.380869912532944 0.364704105777491 0.589590466915979 0.54200051818043 0.458611165640832 0.515338085790518 0.730858124825318 0.714883643070152 0.925843871755205 0.950379227106168 0.80829941043703 0.643831677194839 0.608383115945799 0.56400439166282 0.637634600479942 0.728201795482164 0.711430106548505 0.684930637362413 0.550944944052389
0.253150422793169 0.194020473429646 0.187548836038332 0.0895894632151339 0.10474211762812 0.0293042791099651 0.0451644557983855 0.0528850418959337 0.181925408469397 0.297905970001011 0.0585015416447732 0.330086257690709 0.454437259577389 0.44688552225125 0.270524460574961 0.201689414097928 0.228578511041633 0.286107740976149 0.226950587830288 0.230938989741247 0.281923624008584 0.272721185325508 0.349434809209015 0.418430133777292 0.174343006207778 0.316032597766025 0.383564338335418 0.390897959732683 0.617007469372766 0.431770974955725 0.561790304686838 0.540466489837854 0.805676527306787 0.718131097642072 0.912258359221596 0.902473159214878 0.736391667402359 0.682100932550611 0.698386798774209 0.651211973547561 0.624005129395755 0.593385421609582 0.683863333051704 0.655384678339033 0.538142974164657
0.350783962403511 0.27710214385479 0.159707576514734 0.104207884660923 0.089708093810259 0.0406193078106298 0.0488197943582236 0.180774462023692 0.283288294440354 0.0584520402355793 0.248846332624453 0.0783298175974778 0.44831803006673 0.314893824452156 0.295191637178505 0.35418146990196 0.318691907978064 0.274080599638182 0.289466939193517 0.342238291977992 0.315255675396031 0.335213758049235 0.321690605900926 0.223765150096256 0.206788554670823 0.321104225804447 0.445744373791968 0.389893333704094 0.662321151139622 0.750059145502746 0.675610943289939 0.558672762053902 0.705573309005558 0.805483603244284 1.0700660409384 0.961906605994045 0.907639126580762 0.871327996719629 0.645492861508501 0.650296258697836 0.613862098077789 0.589907787684751 0.555226381436569 0.646275223743942 0.529160426310682
0.558765717642018 0.373574076320438 0.168652858974383 0.130045896980846 0.0427929188049347 0.048278155816206 0.181124806658772 0.414026396356348 0.422091742620978 0.402808833314339 0.315481732059197 0.360758198894473 0.397026219161489 0.404174098548538 0.313222671593394 0.317496138904971 0.313060287226108 0.346654508120992 0.403700259994366 0.415178859839216 0.245616385086578 0.235943375741954 0.345797169060802 0.229323963196748 0.208322152126073 0.285384991457249 0.405875970500347 0.511324613398756 1.10974590643309 1.30958777663182 0.659694152204793 0.72923294209204 0.72248645108175 1.50983838830143 0.995251101585382 0.903376937799294 0.974955391029653 0.924970998767094 0.845126129206619 0.785193810770579 0.643790823573909 0.617704192734436 0.576937172581893 0.559827471448671 0.552516281913995
0.460553875086589 0.258185633811081 0.124285451079231 0.0918613922067379 0.0726949948557376 0.151995222495316 0.343498204529169 0.458294509371626 0.329825961216557 0.427157759986585 0.429426827395218 0.335278838974773 0.388769828532531 0.363336191185226 0.367029756034754 0.320975797421852 0.313060799271625 0.319660895456764 0.417559911966237 0.393567008359241 0.251223161285452 0.280886235486832 0.405628868065833 0.350523752956633 0.178579416079572 0.145791464774447 0.1885938615942 0.872775637617451 0.913158743060194 0.542408009437167 0.695726421668041 0.659310666492274 0.660287517803226 1.01853477917757 0.990715960369926 0.848315864459437 1.09064592197683 0.914262786409381 0.857228405948263 0.817971992773892 0.784014276632661 0.636488892098441 0.613411101994643 0.600035605685889 0.600172539179766
0.421177242401427 0.308618205508537 0.143313714943361 0.169708479688779 0.167591858371452 0.278775671631593 0.480447499285219 0.472773099318147 0.472462806101248 0.550762142665917 0.431303161349206 0.406473486691539 0.419488306761195 0.34384591754133 0.327215246670676 0.424727588779206 0.264479934685369 0.355483994553651 0.328856388023269 0.992794273770414 0.221274443902075 0.21838264433427 0.219805538279161 0.240330765564067 0.245329617882817 0.117392478159672 0.431119816312275 0.93804764583183 0.534254122783295 0.649307986918757 0.689242758085129 0.655683150085906 0.654596594131363 0.709325085153978 0.966141522440012 0.882792950392286 0.969177928709541 0.91847799194511 0.876056569268258 0.837263623679974 0.822880754640209 0.797127930127317 0.673722460078352 0.653101205273288 0.612747791251422
0.408379195505404 0.214086524010781 0.187160223049432 0.00826681365140303 0.244614397615806 0.484077610053646 0.560941550247662 0.471420985377335 0.422728551711771 0.559018280910095 0.420719437897787 0.343801854796766 0.354094555405027 0.345302124060254 0.356329592250404 0.50007157096843 0.329711470840266 0.40530154001317 0.535693474375876 0.298140722861717 0.393345163047343 0.37594364493998 0.32434239756185 0.248538117375574 0.287880588075495 0.134561237000952 0.476974235425587 0.961867877776967 0.639545742728842 0.690707005674085 0.70741530248597 0.714392311522261 0.697539872589914 0.66371808853205 0.834953958019469 0.829937060188968 0.929615916902549 0.921606834708655 0.893430506039294 0.865586171357791 0.859618797449002 0.850494434644133 0.823528396949769 0.69616019948171 0.659043359320322
0.21372663013608 0.212926748645259 0.21632317248077 0.0108614663116846 0.298914927498117 0.494803865876747 0.47276872828661 0.451237234301516 0.417256319451553 0.560814204618509 0.336999068167643 0.406821427532122 0.318840104682749 0.353642981735902 0.407836657359439 0.433497090398305 0.266996071104586 0.212637165873275 0.199486359861112 0.35680180099007 0.339669185905223 0.435816597473604 0.409961023706273 0.504629526403733 0.29591680959129 0.421183318394469 0.718585874892597 0.872999665261887 0.801086894171021 0.848870306981553 0.828577318088719 0.721372924829211 0.681050701416552 0.630382031062027 0.806597784958285 0.808413256436324 0.919045608497981 0.929123290006828 0.917239070076903 0.903519643770778 0.90367520624568 0.901103622254595 0.869048966933406 0.831692281508367 0.69337551323656
0.142457702850152 0.107502694845607 0.0623794132934563 0.176671417648322 0.294128369205282 0.415855528444808 0.324395103689312 0.38160784606589 0.509491950651864 0.495006917844876 0.481204579955374 0.404300619265996 0.280312721542941 0.300811452234484 0.301426896385237 0.408659564982372 0.946504334933707 0.167044139061545 0.322931141454319 0.244391141222877 0.24288509712278 0.279381506516074 0.248622362960305 0.140023190510874 0.294739952096279 0.309264180032187 0.787627608588082 0.847689711463318 0.888764944647846 0.91021063099106 0.867110102944935 0.746762577989557 0.670304700179258 0.692564045323252 0.857061166243511 0.79215337802907 0.917891386507108 0.933451149194298 0.954589432922148 0.937267005838294 0.955395235223477 0.938905718385286 0.906992159343645 0.856550447451809 0.756710189762089
0.121962389812325 0.0882526027226049 0.104977205637624 0.159951461853325 0.238385885040771 0.248797826316149 0.225079369101877 0.486391793856455 0.440952732787991 0.529939103216748 0.533336417902319 0.294575520001672 0.397788245209085 0.276621131888533 0.330396717799886 0.3777818646995 0.356785400981607 0.307933496515034 0.34621226541276 0.526256030752847 0.577633658394916 0.359626928911894 0.31239112968251 0.382891396384366 0.447114546659577 0.540063449079753 0.688524884935759 1.09741542746633 1.05130544807253 1.0350353868489 0.896054634040411 0.844760256313748 0.760282320300121 0.758810828784817 0.92232474503362 0.849396447847539 0.976181060195813 0.99261150626262 0.994612355952995 0.99001472949567 0.99404011120896 0.977258176817486 0.946674241959045 0.894279462727354 0.800117917890475
