Archive - glowpa-model-master/Model input/Uganda/surfacerunoff/surfacerunoff_jan_1.asc
NCOLS 67 
NROWS 67 
XLLCORNER 29.5000000014144 
YLLCORNER -1.49999999936061 
CELLSIZE 0.0833333332926796 
NODATA_value -9999 
[rows 0 to 19 of 67, columns 0 to 44 of 67]
-9999.000000000000000 -9999 -9999 -9999 -9999 -9999 -9999 -9999 -9999 -9999 -9999 -9999 -9999 -9999 -9999 -9999 -9999 -9999 -9999 -9999 -9999 -9999 -9999 -9999 -9999 -9999 -9999 -9999 -9999 -9999 -9999 0.405983905693574 0.402016651605663 -9999 -9999 -9999 -9999 -9999 -9999 -9999 -9999 -9999 -9999 -9999 -9999
-9999 -9999 -9999 -9999 -9999 -9999 -9999 -9999 -9999 -9999 -9999 -9999 -9999 -9999 -9999 -9999 -9999 -9999 -9999 -9999 -9999 -9999 -9999 -9999 -9999 -9999 -9999 -9999 -9999 0.419400886130461 0.391646082789521 0.365826318557083 0.327402643051755 0.363427412139572 0.379973239887477 0.359964460130868 0.59186714952375 0.519819093824481 0.304816830521304 0.360727278803097 -9999 -9999 -9999 -9999 -9999
-9999 -9999 -9999 -9999 -9999 -9999 -9999 -9999 -9999 -9999 -9999 -9999 -9999 -9999 -9999 -9999 -9999 -9999 -9999 -9999 -9999 -9999 -9999 -9999 -9999 -9999 -9999 -9999 -9999 0.247111132011923 0.30029602430659 0.305348346500978 0.326733290421544 0.307586939015891 0.335929504217347 0.341132094490604 0.415915439134551 0.610684939601924 0.648884764814284 0.526815069861186 0.351930301349057 0.506851887621451 0.399398219087743 -9999 -9999
-9999 -9999 -9999 -9999 -9999 -9999 -9999 -9999 -9999 -9999 -9999 -9999 -9999 -9999 -9999 -9999 -9999 -9999 -9999 -9999 -9999 -9999 -9999 -9999 -9999 0.332140145474114 -9999 -9999 -9999 0.175037441749737 0.258312157257024 0.285347156477656 0.33986047765211 0.338029259637551 0.347437586242449 0.352117975126021 0.449880213636789 0.456716685221181 0.616337328210648 0.574470666833804 0.477230293654429 0.483862759210751 0.230514675877203 -9999 -9999
-9999 -9999 -9999 -9999 -9999 -9999 -9999 -9999 -9999 -9999 -9999 -9999 -9999 -9999 -9999 -9999 -9999 -9999 -9999 -9999 -9999 -9999 0.555894460376294 -9999 -9999 0.297174423849356 -9999 -9999 -9999 0.131008119524267 0.161834509981418 0.296146818072884 0.509754108861671 0.583894119699835 0.585500226407021 0.366668024980754 0.428990261752915 0.322429742027452 0.293331892407878 0.268349302132265 0.256229761362192 0.240311660945736 0.224263310883543 0.337325077452988 -9999
-9999 -9999 -9999 -9999 -9999 -9999 -9999 -9999 -9999 -9999 -9999 -9999 -9999 -9999 -9999 -9999 -9999 -9999 -9999 -9999 -9999 0.890849189090659 0.536302181899373 0.468124261715275 0.292952534891811 0.213582012747793 0.234898271628481 0.220259044908744 0.212581495361519 0.161449064307817 0.15374756935671 0.174414186631111 0.22221650397114 0.525056107107957 0.531642237547203 0.407455805543577 0.430372363553033 0.417297254898585 0.285000932763069 0.303799640278157 0.354669199623459 0.264212364072591 0.178473239884624 0.347261383012665 -9999
-9999 -9999 -9999 -9999 -9999 -9999 -9999 -9999 -9999 -9999 -9999 -9999 -9999 -9999 -9999 -9999 -9999 -9999 -9999 0.620655785496638 0.987571081168426 0.821309595266939 0.453026121249422 0.405275912726211 0.284547985529571 0.144840725397444 0.143474222454643 0.302957850180974 0.34124932881241 0.251070690410415 0.261813910583442 0.180505517619167 0.236168208857634 0.210679955216619 0.361788829650322 0.376341065020824 0.446444000772317 0.470968911031378 0.34525013916209 0.409429836508934 0.386368240469892 0.508333790094184 0.409053056500852 0.257505726040108 -9999
-9999 -9999 -9999 -9999 -9999 -9999 -9999 -9999 -9999 -9999 -9999 -9999 -9999 -9999 -9999 -9999 -9999 1.28001233861141 0.657088194202515 0.592282792695187 0.543291236681398 0.861230183545558 0.449797676083108 0.118618903513834 0.064410653596525 0.295974326263604 0.316258624025068 0.387918374144647 0.37906650777586 0.301744240914559 0.29321226020329 0.328727323903877 0.208755548328554 0.223959712911892 0.393629504287674 0.416200104154996 0.419064986090234 0.43722997270379 0.36686889734483 0.388265269066324 0.385057085622975 0.383305752620799 0.454433349659666 0.293963483727566 0.269773005129537
-9999 -9999 -9999 -9999 -9999 -9999 -9999 -9999 -9999 -9999 -9999 -9999 -9999 -9999 -9999 -9999 -9999 1.29247677432431 0.695660547535226 0.605507912041503 0.596846269218076 0.870184494488058 0.456839465186931 0.353394767444115 0.0833703673777109 0.346815071907258 0.338341395035968 0.325610097661411 0.322158684866736 0.318867902933562 0.338877804097137 0.36365317828313 0.392637584354816 0.228544072797376 0.249104753493157 0.44401198374544 0.458902797618066 0.449979594122851 0.385985039883963 0.389706667192513 0.417660641687689 0.56330267307203 0.365251518815057 0.308733438941999 0.303948246710206
-9999 -9999 -9999 -9999 -9999 -9999 -9999 -9999 -9999 -9999 -9999 -9999 -9999 -9999 -9999 -9999 -9999 0.874081541951455 0.686846525240981 0.62191074994189 1.0236277084914 0.64342136556661 0.0902090864940419 0.0238026991645768 0.151473067717234 0.449022387329023 0.258619375927083 0.234456043472164 0.253086747989073 0.369934597074462 0.371175989130279 0.395535214011034 0.408613267609326 0.266727832695324 0.238613425381118 0.264912881448254 0.45302468151931 0.458528413219028 0.63739591405465 0.575632007894455 0.621654886344913 0.417136025134823 0.542675649739977 0.503167517308611 0.385091647331137
-9999 -9999 -9999 -9999 -9999 -9999 -9999 -9999 -9999 -9999 -9999 -9999 -9999 -9999 -9999 -9999 0.790889129348216 0.805800229500164 0.616678164988116 0.427294989094662 0.673615805681038 0.166495594385196 0.223079259512815 0.0258600569837952 0.0044518044736569 0.494602986691461 0.427564228630217 0.423343318288971 0.437804909324768 0.41688025203257 0.415143938880647 0.432975530657131 0.47232121869456 0.782875662480365 0.301780281915853 0.317057052143355 0.268283019522642 0.470420995952736 0.630741378699895 0.681888159306254 0.429272598921671 0.39546889365738 0.367731833648577 0.510222962475382 0.479876164718007
-9999 -9999 -9999 -9999 -9999 -9999 -9999 -9999 -9999 -9999 -9999 -9999 -9999 -9999 -9999 -9999 0.770799372730835 0.920195032449556 0.594508902395319 0.33116874510597 0.563866188713291 0.358219652753178 0.0199575147163955 0.140279925375353 0.378360677586898 0.5016850618631 0.481876732010278 0.472644092042174 0.496367402774922 0.330307916556194 0.524175309692509 0.523319956300838 0.532498692336958 0.769324511566083 0.681632519444975 0.307144121052261 0.284008540347713 0.33072919359256 0.652365313726477 0.468026591988746 0.447633197836694 0.40200266357715 0.346235056895239 0.342717429703043 0.347219943250821
-9999 -9999 -9999 -9999 -9999 -9999 -9999 -9999 -9999 -9999 -9999 -9999 -9999 -9999 -9999 0.661016795675096 0.816814367681218 0.856095818562608 0.541053459528484 0.60006899821019 0.219396183865683 0.0934991509531358 0.0354413131233855 0.20876648312651 0.588989023526665 0.512503131176345 0.5025374748584 0.519414275913732 0.540824833478837 0.52055133119211 0.453777403890854 0.827834100164182 0.393057158362353 0.444456250988878 0.570864955989236 0.425378644649754 0.330049579133629 0.441397069153027 0.434099629273987 0.474182395009848 0.448175882411306 0.41039828738576 0.367415465916565 0.320830415148521 0.307798720768915
-9999 -9999 -9999 -9999 -9999 -9999 -9999 -9999 -9999 -9999 -9999 -9999 -9999 -9999 -9999 -9999 0.952175253587484 1.03171807677427 0.456781804132333 0.596074865825358 0.258805117255179 0.120112241383197 0.0230283198017212 0.430008017474393 0.539272994501516 0.543988408935547 0.569941254980222 0.581927150960837 0.36300562442193 0.499463353662577 0.552505928681057 0.622448587819235 0.542812408639293 0.640436348476214 0.574988776861574 0.633444611594314 0.620696131591103 0.357310089384555 0.489442292746389 0.390972857530869 0.35997493796458 0.411237524531316 0.390143847653235 0.342397884196544 0.33900417474797
-9999 -9999 -9999 -9999 -9999 -9999 -9999 -9999 -9999 -9999 -9999 -9999 -9999 -9999 -9999 -9999 -9999 0.986100938462187 0.747048978155362 0.131284160943324 0.272518221322571 0.433878202784399 0.290214706978986 0.548159880963794 0.504296200233512 0.537197259291133 0.546002070223039 0.560837856937724 0.4987899783373 0.600335055423784 0.629487944934226 0.671659605359309 0.584163801249815 0.662914106214885 0.702405265656125 0.669311237288639 0.528448641489376 0.625642363047518 0.365638106814004 0.342650839229464 0.359568734893401 0.513985785801196 0.633900033790269 0.692229079504614 0.670543295200332
-9999 -9999 -9999 -9999 -9999 -9999 -9999 -9999 -9999 -9999 -9999 -9999 -9999 -9999 -9999 -9999 1.32658098118554 0.886520501808263 0.525043346897291 0.516933328981395 0.372842891010805 0.143602743989391 0.00162745420720714 0.681741150401649 0.467807805762277 0.477002093248302 0.512806988808734 0.542395042430144 0.45804169440089 0.486744957925112 0.624578853603452 0.577909277126309 0.69203837938403 0.797646483988501 0.971566392763634 0.678157612128416 0.537339221409638 0.607134945312282 0.468213496787939 0.278844362128439 0.488813484480488 0.553558489627903 0.675212239002576 0.668838705678354 0.665167130136979
-9999 -9999 -9999 -9999 -9999 -9999 -9999 -9999 -9999 -9999 -9999 -9999 -9999 -9999 -9999 -9999 1.25521207519341 0.839426827951684 0.540017266757786 0.460135878711299 0.231766865454119 0.111100790661567 0.0126648872298407 0.334909239313674 0.462528673779161 0.452076927103917 0.477288201182091 0.503758953527722 0.431924461281596 0.464845359601895 0.532538053448661 0.556954913918162 0.9675523651822 0.746973029890796 0.675433553624316 0.699782819538086 0.6327867949949 0.519617095051217 0.541270485882706 0.414499602811702 0.261949107425608 0.34788908851624 0.336995552515873 0.306887901388109 0.313764644033654
-9999 -9999 -9999 -9999 -9999 -9999 -9999 -9999 -9999 -9999 -9999 -9999 -9999 -9999 -9999 1.1088843766629 1.13342912663938 0.755427266994957 0.404672367949388 0.409351532653091 0.184481124051672 0.285391830857407 0.0335760454885925 0.358726206741267 0.420856592427299 0.392193381230754 0.431509181908041 0.469472881377442 0.485628306705621 0.4513755093285 0.597884874878218 0.653600823170564 0.576451480810647 0.662987478790455 0.570841464650584 0.690042939822888 0.544975737284403 0.521680833116989 0.480988777781022 0.459972703538369 0.398890964788734 0.401183330268395 0.365073211014533 0.348098097219918 0.294108571779361
-9999 -9999 -9999 -9999 -9999 -9999 -9999 -9999 -9999 -9999 -9999 -9999 -9999 -9999 -9999 0.772046800193493 0.991077753496938 0.736696743842913 0.340880735166138 0.33443425763835 0.259011869275128 0.234848328773296 0.442666646904399 0.334737064804358 0.469883634195867 0.379472762688238 0.416550380577974 0.458014514151728 0.37180189474384 0.439514789832174 0.486730800730584 0.611663502240845 0.663822348542453 0.636662593933579 0.511495012688101 0.516927024364122 0.576750541767979 0.49850211780722 0.473620574666711 0.52723846056324 0.662271451801644 0.563884803341352 0.358350127498852 0.400981239181419 0.385197193281783
-9999 -9999 -9999 -9999 -9999 -9999 -9999 -9999 -9999 -9999 -9999 -9999 -9999 -9999 -9999 0.664175091515062 0.987123537925072 1.19113942309923 0.498504214192508 0.267314401753538 0.236384778872889 0.20795368391191 0.465611453364545 0.358196286128987 0.395162236600299 0.356010824134501 0.354647433596256 0.395727801333123 0.340961585152399 0.413148128245666 0.450597144663334 0.474227258564497 0.841415487229824 0.67465226038621 0.674048783366743 0.743108093956835 0.728784030798124 0.434855794992473 0.444151406554738 0.448798504294246 0.396148901018023 0.695259308486129 0.682590044561948 0.574354619857331 0.40436734980176
