Archive - glowpa-model-master/Model input/Uganda/surfacerunoff/surfacerunoff_aug_1.asc
NCOLS 67 
NROWS 67 
XLLCORNER 29.5000000014144 
YLLCORNER -1.49999999936061 
CELLSIZE 0.0833333332926796 
NODATA_value -9999 
[rows 40 to 59 of 67, columns 0 to 44 of 67]
0.315978227718006 0.212195713629626 0.17005044560392 0.0869024351004555 0.105184682752224 0.177524887931213 0.292808206722839 0.410805380852253 0.490252399686142 0.470463816782285 0.379738816263853 0.801082265752484 0.725713425708818 0.743388864066219 0.801921527454397 0.715130765456706 0.753467133108643 0.740229987968632 1.03421349194832 1.18111634765228 1.10915016284707 0.999471503746463 0.976665482085082 0.59661321540716 0.744625624975015 0.631380659797287 0.247740861823331 0.180737647724527 0.216445858313818 0.237835271946096 0.295981516501342 0.413852939345816 0.311792348838935 0.669289979668974 0.682308013892907 0.683304960148234 0.511796816681453 0.535441648025881 0.485778271468007 0.519604946930485 0.485003014546237 0.560174570637173 0.489672216644976 0.763766380259767 0.729918894649018
0.249458165853866 0.105319916201552 0.165557353739132 0.128830193489193 0.223917273160623 0.268912924639153 0.542419375051395 0.423483601480257 0.545820708794054 0.528443904840969 0.356269625626737 0.476833684842859 0.769359921832802 0.820000263047405 0.816669544292381 0.716904834007437 0.719027867489785 0.703449984030158 0.583453459967131 0.644668840322993 0.62876552783564 0.960690546889964 0.816808305899031 0.605713427376031 0.52926829300759 0.478586939181014 0.177618507223087 0.410251916036941 0.374608152014844 0.401853720177314 0.247946129093179 0.488325496007747 0.456699535789085 0.433424647326319 0.441554877852468 0.433133995102253 0.452383564152115 0.504892745993857 0.461993886347045 0.529660007487109 0.484648836390988 0.514040451889741 0.479966851344216 0.810973142506555 0.725152931408957
0.131487497128546 0.255545159689063 0.1825013364396 0.21879203404751 0.57533664858056 0.599904738919577 0.369197664440435 0.483071512462629 0.51738436013693 0.437289131696161 0.539613507498871 0.479776917927666 0.536093731170695 0.523477951901441 0.67907430093328 0.756317690502328 0.74370784113853 0.623541624008794 0.543808597285533 0.832252829241042 0.737770463729248 0.384648412136812 0.41032950070985 0.574999415789534 0.432222176613095 0.318765255997278 0.650956076242437 0.508166470808646 0.308533685938528 0.144977626575837 0.3622784684012 0.506882395711727 0.514768043103686 0.512208142026793 0.461893817373493 0.399662143991009 0.405638332267699 0.471516447760223 0.476360822176503 0.491220511321444 0.472788604383823 0.417723841565021 0.400865853407595 0.426944600803836 0.589808949371218
0.23250662297869 0.292721524147055 0.302910944355972 0.673903363349382 0.763106067097397 0.60946200392209 0.344126551681256 0.472780786367366 0.340688337473694 0.19402102134336 0.46981477044028 0.484112223603006 0.388671239761607 0.366582339665911 0.38707108296876 0.549487399894133 0.667275340674678 0.449385923502632 0.760373355205957 0.752456194106799 0.709454312186608 0.584752806901179 0.54831794295751 0.468412695681764 0.327507898532531 0.300724747631875 0.352697074475827 0.252923008986272 0.428429637565841 0.445065319638616 0.49854790813697 0.349897040905489 0.594093815379892 0.557197802663723 0.549257116290391 0.494788126161438 0.529798955540173 0.538781006980571 0.511012107381248 0.524548082466936 0.506140537254396 0.3966047142967 0.201426593093856 0.445516491708986 0.752285084672621
0.260765030816401 0.297930905162502 0.298371391181718 0.814669174360461 0.548178168401137 0.524491265423421 0.21917077310718 0.547133043255599 0.118052956054271 0.240036692957801 0.385832700885658 0.367610282410169 0.289338299808151 0.332158861510834 0.372149732584148 0.36187823502587 0.493825903959078 0.570978157384161 1.18349872468571 0.761617399291481 0.443586801679885 0.344259961934767 0.312466350052887 0.455248783623574 0.212822545535118 0.219968858999664 0.385851407770588 0.411471092206739 0.0895908149516345 0.0797962733543045 0.397334113586112 0.431856437899114 0.616783979239699 0.593202080381161 0.589639745157911 0.58759402782016 0.803701557742897 0.772345896621118 0.6425858628063 0.580078849452548 0.624708825853304 0.677490888847387 0.37951285867166 0.437414461885055 0.891369890268834
0.132599139078593 0.219116667267372 0.26929838986689 0.67073976060783 0.394785930893704 0.54140635074873 0.452139624030679 0.114563610281948 0.0926966448560052 0.0539514384172435 0.281417705991771 0.235369626807369 0.280918337921321 0.317398225433863 0.338896466359984 0.383569811560847 0.402219436409723 0.470075347493548 0.602330657926586 0.392046066224339 0.495473372666311 0.285511016159035 0.219922204450995 0.391506908727024 0.177889520386998 0.264127346042642 0.336701168464515 0.221388885165652 0.0407023899349213 0.342698773238226 0.481728679005755 0.463910019789182 0.669121549435658 0.629391453912831 0.413881613894773 0.599854754909757 0.881969253896386 0.950985691815731 0.787028036938864 0.347094126482261 0.34585084858918 0.337208447490411 0.400976227865613 0.961840079980902 0.778725096324706
0.182845024937706 0.222026246774476 0.464571597149188 0.586806834689924 0.577617564886168 0.431367896453594 0.435860907600727 0.0242828255352379 0.00952060764802809 0.127608990851513 0.234458127579273 0.283315545857477 0.260832481217221 0.281995737509533 0.35641852741719 0.34251535561225 0.333470277837478 0.492701300345288 0.316811102763381 0.375265753902454 0.347894284573158 0.551085543520458 0.385689966606151 0.270544477757539 0.218426770061342 0.247720515289984 0.221786729184714 0.183705849792659 0.260552873442066 0.469460873318894 0.447462309239199 0.457883435046824 0.455860553302045 0.463181971099402 0.446472714429547 0.445011410192819 0.583450030717358 0.971280294834287 0.676905995078414 0.310218870254175 0.606538202191587 0.330598526034009 0.953783317527268 1.11728384990784 0.863225612420138
0.282417699509097 0.235815492942493 0.486917150738009 0.638608402368845 0.667569800498313 0.630493276730704 0.146061658142571 0.00721068158782145 0.0195227672215026 0.156737451334266 0.225839893118973 0.243762628542754 0.237870725413813 0.233993389656462 0.287852868950722 0.28027078951709 0.505766341575509 0.452344316499875 0.321894956300639 0.541278636433162 0.508456867805762 0.407412454251244 0.406966088348781 0.240771655967364 0.159682187700128 0.12879471248084 0.121888063773667 0.146662883452109 0.207534932769704 0.469120612251572 0.423245538513584 0.454933626315324 0.526045934748254 0.967059695540229 0.877810511155985 0.939046427447465 0.999301455522073 1.04605348815312 1.03587599278399 1.08605732566502 1.0438877930028 0.514252975335694 0.996115948964871 0.941962608294489 0.829935069418752
0.331539999024244 0.27014448914997 0.384866425520158 0.180594183348148 0.180848970103398 0.224730779336824 0.187161562053006 0.416037879176656 0.630644600732921 0.454840631846309 0.304575251448114 0.28533610429804 0.246416551362927 0.280217313047615 0.263524922047509 0.263835046098393 0.276776193231854 0.280819815998257 0.493270923016098 0.396268798056099 0.408280569359931 0.442068860650124 0.405470346777292 0.211105719643001 0.143911816053333 0.116900745979365 0.345652269061247 0.390380905628263 0.488854506329517 0.458190786957857 0.407046653890575 0.779075733589707 1.0546441153565 1.07824425504077 1.20192989743373 1.16880528366892 1.34347670064017 1.1129064528177 1.01153839182189 1.07107471558265 1.27733751696724 1.24459919425135 1.04810165294111 0.9164239850179 0.841510397378897
0.159108592242774 0.14205003412826 0.137491382474764 0.0792085027114808 0.0655407347949222 0.072189832053482 0.0255982687917822 0.201726930527002 0.671900423640182 0.298086255043017 0.275446517662203 0.258769923448199 0.259505262420134 0.285170494862541 0.24594927799626 0.186598416576089 0.286226072148565 0.317177347596953 0.221533264522122 0.339533087185373 0.297845093541582 0.206140916276354 0.191592988414868 0.174643188472601 0.146418375038593 0.719367468263954 0.213938238630362 0.669775964524888 0.459942176803452 0.393413285564748 1.17315507486637 0.86515989369218 1.18451948674192 1.16570723434961 1.28481330148134 1.21544068088042 1.20924269776879 1.14377899853935 1.02387439153517 1.14808521493615 1.16095271459926 1.14559337907849 1.00097283120704 0.881159048731206 0.81704105616609
0.417688677089245 0.471896286398987 0.634945381989382 0.282510058212893 0.084012077678608 0.0393629052268807 0.0709509040461853 0.057541592468624 0.138430844231152 0.153517448779894 0.274699850706384 0.269282498265966 0.225603341732494 0.28187548787173 0.200246299982609 0.145275983641113 0.242295718862806 0.554757415557106 0.194596380936218 0.329310814379369 0.259646495209154 0.24012826162334 0.184320605583821 0.147454454577201 0.231635825684862 0.419268781115534 0.388601663871668 0.386775575861975 0.594093661675288 1.05811183038895 1.09927304902158 1.07610653935808 1.26086844056772 1.22835704542013 1.38053461341769 1.33759397249378 1.30785034980363 1.08442145278786 0.999475179241927 0.945588321201285 1.04244334534087 1.16351025462791 1.04904104591697 1.00255480174383 0.879309665378969
0.940320330414579 0.796303969991641 0.723758544381781 0.54965922277006 0.423030867636953 0.0325444036661793 0.0487880818127451 0.0495754676990146 0.154135416551071 0.294410961032554 0.0620194942086982 0.390783595321409 0.374549795651546 0.354255726961128 0.215602224898248 0.145404956583661 0.165160324854696 0.244955459493212 0.24140725486177 0.311528348817092 0.305258092893723 0.240384726168941 0.246629724642844 0.202328836621746 0.105034589388708 0.320101785291627 0.423698973463615 0.424238307459746 0.623841359811195 0.874414227837406 1.03340803207175 1.11807108305584 1.36614854818617 1.37469051014705 1.5280421771422 1.29231687037645 1.29251241560269 1.16191616621109 1.10245531999453 1.07843231114657 1.07624176666832 1.0632030623583 1.10517603479821 1.02388707887258 0.888857158031442
1.12070944203424 0.965134054013106 0.715838424810045 0.625119178010891 0.367280989223673 0.0375909695549126 0.0425318363568294 0.128719816302691 0.259320727991508 0.0518656150063634 0.276016121688372 0.0744692816851966 0.395336607653007 0.231180219543603 0.220420466348514 0.273638488124561 0.245326856656902 0.233749879043899 0.224513298689999 0.388366077004321 0.316011554332363 0.237294115834175 0.198702406783546 0.0927821883345281 0.0980077146248703 0.304517783206393 0.474779925752955 0.406828812629101 0.66193851398566 0.910061939066509 1.18236643493219 0.860362620642263 1.23987437473261 1.38660526863532 1.67755027723615 1.39559905164788 1.4599985638597 1.36960724103119 1.17076012782036 1.08307754510406 1.09156446467296 1.07034655718508 1.00302900017368 1.07021877511215 0.921387336461521
1.3785986466246 1.07082254623947 0.766172356406969 0.589094184135774 0.0819372563114484 0.0414631188050407 0.151411516526423 0.351539831626724 0.338537306106446 0.328256962802698 0.398362534951957 0.529822473254171 0.354898922523716 0.299265594094322 0.240238139213034 0.296156115382473 0.277376645499317 0.3016290584128 0.257001321642747 0.271889090527111 0.157704411435589 0.142427331070394 0.211667772895954 0.0962811755066684 0.0931276205591303 0.220602617446275 0.41223602147511 0.51253725814604 1.13797360063472 1.62819007891812 1.06479638861856 1.09063914669605 1.26764043170624 1.80196635119501 1.49448768524962 1.49065454934316 1.5365938843388 1.3274526454552 1.23285906465753 1.16875678850192 1.03990985019209 1.0224917512005 0.983399550420927 0.941936149501998 0.87927783727082
1.22833351997542 0.820031729517723 0.386206134749045 0.0880540408161323 0.062171034869607 0.133637662656838 0.295371859010629 0.377694688722841 0.292838243240112 0.506346897509502 0.526270251612004 0.342391389949626 0.384546949135256 0.333561400566396 0.333768394739309 0.284022600681055 0.278480277302151 0.263508964053472 0.270827286840358 0.297529247745842 0.121408020731906 0.217740377138398 0.301241019087684 0.195223050871191 0.0654683795389133 0.0819945743728567 0.193793035123235 0.896969228051603 1.14746510007535 0.982584844450685 1.02012241086413 1.20603747109271 1.01469587661995 1.47757104059565 1.53004910134769 1.39121723714197 1.5988922532415 1.30027204841099 1.20174659605254 1.11857337969923 1.10460191672246 1.00285404926126 0.943999919513772 0.902217292946261 0.878926170003069
1.00022574645209 0.56747044709482 0.119398242304669 0.141574606232098 0.143781810265864 0.25068446620935 0.408140287618153 0.418043215177022 0.46185326664272 0.474169863082352 0.374106633898919 0.339672806148883 0.349038618878694 0.31130321940509 0.264706747202581 0.320600803661364 0.195762026123703 0.268202049483079 0.261660562046018 0.799860841652844 0.141713410357625 0.152309660506944 0.0930210255205566 0.159476357794119 0.1822567292038 0.102398265909187 0.435469273725175 1.09046483703423 0.873521427593005 0.860409935285134 0.930405927647371 1.14643923188851 1.2248755328983 1.28544438439349 1.30704594266717 1.22691775914063 1.25093162296253 1.17017175898582 1.09100042618593 1.01021477030372 1.00517217583729 0.980494787427233 0.870689914648892 0.860194437450446 0.838550418961859
0.708893924638687 0.201170226773684 0.152176112351299 0.00768074245627304 0.204435307750828 0.390789419725479 0.47853283558652 0.431200167440693 0.398026336370094 0.510811797539645 0.341215870776068 0.31085610635273 0.311929675717693 0.31889264118945 0.326064000546467 0.418346388869395 0.235151073411544 0.325262541082338 0.417844830735703 0.222980571834341 0.328911440647062 0.276254801974574 0.230202010698122 0.243428332396434 0.283517549178214 0.13796199167615 0.480612185128848 1.16931171396573 0.786788419190998 0.868784252247679 0.933770837264092 0.986025243491895 1.03675238187861 1.22229443786637 1.34703104868095 1.14707362990885 1.16290965661392 1.11365193242818 1.03154299222297 0.948815064248265 0.967291092820233 0.952883151057904 0.950914193708741 0.854188116875321 0.811881833158168
0.183512505827821 0.194532370869638 0.181162528861023 0.00406986924872399 0.248719130922836 0.388482009839208 0.415791180785163 0.405526496251696 0.378743178771401 0.531274961758754 0.234532751164807 0.357473610620218 0.281046308373334 0.347037549090601 0.348903248777788 0.351823490746028 0.173875114569455 0.0482815955820115 0.113455656446604 0.292316927698266 0.293152070753422 0.288370351881895 0.223565896931177 0.499191285598499 0.338417796911017 0.446599396127567 0.782780427471153 1.10199952905532 0.92054940523667 0.984905285804416 1.0152079864838 0.970250602733813 0.99667248082369 1.13692436207202 1.27699094264244 1.05456463370501 1.10487679694415 1.0525555244385 0.949837028429101 0.918814978149385 0.934608202214804 0.923066094173919 0.908948155029066 0.887183580061901 0.784817698217921
0.132826988419765 0.106900777041119 0.0430330711367333 0.16386924426115 0.213349789191852 0.34543925721664 0.293204142053582 0.344115954248991 0.45962122567289 0.448148581199348 0.435192751865543 0.357585377969372 0.238795377754286 0.24500086237822 0.238513101521676 0.320867080517928 0.802355276391609 0.147480392570287 0.293924163088377 0.191587434983376 0.186996720913157 0.234795264532295 0.239038577547035 0.160514364097253 0.292926708880259 0.382131125661545 0.904818987692124 0.915371930659603 0.976166350028507 1.03853450900715 1.04719593900882 0.994398578711753 0.966331959432409 0.975999876231981 1.11105164251057 1.00823908815073 1.05126645257769 0.996586783458042 0.912346656150476 0.86545656972703 0.87594922365497 0.879882491062745 0.86197107816588 0.806357605824815 0.738888768410106
0.149657751990162 0.148727937130388 0.145068960932804 0.164107384193812 0.189763666185172 0.208647435101739 0.194462556464714 0.386056103707233 0.403243036089407 0.497074209306447 0.480223863633 0.21424831402328 0.338376562922349 0.194912628103339 0.271521917056816 0.346749903656018 0.303290536066925 0.243190688252071 0.264827290266112 0.421619065491541 0.468849576463981 0.282349100416468 0.306517768422054 0.415860597513529 0.626501538590674 0.579196717808372 0.787734928053396 1.16862630329706 0.991227900158265 0.944928560556946 0.917370521825703 0.932513180202932 0.898503328187417 0.91236596182398 1.00593169281638 0.907459856534842 0.972221604115475 0.92844287155458 0.850164876737836 0.806677132231925 0.819574124534483 0.843664375224762 0.826201638346902 0.790439899674311 0.705331281913857
