Archive - glowpa-model-master/Model input/Uganda/surfacerunoff/surfacerunoff_dec_1.asc
NCOLS 67 
NROWS 67 
XLLCORNER 29.5000000014144 
YLLCORNER -1.49999999936061 
CELLSIZE 0.0833333332926796 
NODATA_value -9999 
[rows 20 to 39 of 67, columns 0 to 44 of 67]
-9999 -9999 -9999 -9999 -9999 -9999 -9999 -9999 -9999 -9999 -9999 -9999 -9999 -9999 -9999 0.516214097842749 0.641803205326141 0.732922439055983 0.540594982339826 0.43653364173224 0.254970747391781 0.276883637525316 0.438175200088153 0.548857269677683 0.470772662083618 0.624072261416586 0.451270460871456 0.495950520871702 0.511302556333249 0.563026561394508 0.443265359535872 0.468710974928399 0.856723361721379 0.85922225844115 0.689425667587784 0.768496248383599 0.894275905011455 0.907083860511193 0.480223006888991 0.724805416211893 0.840829243315966 0.824624470624258 0.746377001632936 0.742113008527667 0.511112734784547
-9999 -9999 -9999 -9999 -9999 -9999 -9999 -9999 -9999 -9999 -9999 -9999 -9999 -9999 -9999 0.540816095053742 0.609909950981091 0.568801021472609 0.383911018616345 0.525583943272068 0.354468833393184 0.340986265655374 0.340823378792265 0.512303518235058 0.542293598300603 0.655035524232517 0.553408601263072 0.554001943783078 0.593350803683279 0.462463257463241 0.729442035662942 0.59013739337388 0.690048394062615 0.7654534510948 0.739831030841742 0.438425861830183 0.895763039807207 0.837408082588809 0.832780429846025 0.842604253193713 0.762681882406469 0.503885500620527 0.45669387873204 0.701223383657634 0.661993177345721
-9999 -9999 -9999 -9999 -9999 -9999 -9999 -9999 -9999 -9999 -9999 -9999 -9999 -9999 -9999 -9999 0.563537190828356 0.507723010741756 0.367114474101982 0.346703827744932 0.310439633722126 0.654973886412336 0.626373761406285 0.676917940381827 0.689371628595836 0.739477820843604 0.651330929031246 0.596795559431484 0.611919690527429 0.739531390536285 0.41711035055414 0.671893037178961 0.625209237114177 1.06638694887806 0.717922364856349 0.877248387041618 0.748253462006687 0.912492438146728 0.877496851899195 0.854175981658045 0.671899167173251 0.480425823297992 0.421162616476067 0.395640499846195 0.605072403232043
-9999 -9999 -9999 -9999 -9999 -9999 -9999 -9999 -9999 -9999 -9999 -9999 -9999 -9999 -9999 -9999 -9999 0.622252124230727 0.364630135209154 0.348504196153954 0.358303745088051 0.341868019631875 0.85465060919887 0.472500534897335 0.671245555167843 0.742576699394704 0.684957160501654 0.617510147549183 0.642444791083108 0.794664236309472 0.60575643874472 0.610825381045288 0.626743816610542 0.974964976194315 0.690929257871176 0.796906488176319 0.728562998119742 0.777814965658763 0.807127192274493 0.795915255366708 0.468294661914115 0.445812031102832 0.772828670960735 0.687611700413981 0.657435693938169
-9999 -9999 -9999 -9999 -9999 -9999 -9999 -9999 -9999 -9999 -9999 -9999 -9999 -9999 -9999 0.431273515459907 0.330533626765828 0.480226108265924 0.288741039867091 0.490912802433741 0.320502694194147 0.364507634628808 0.321245845327667 0.544794842880947 0.647889395622769 0.706706025084713 0.742028761578695 0.628998819593107 0.676962484249088 0.376860311007476 0.588161649829999 0.605222645390313 0.615079456110834 0.648355327030004 0.355099775788403 0.385718014058511 0.72671426096349 0.642672247522569 0.723457679669082 0.804869127023267 0.885340021341108 0.43570149318839 0.787182556450716 0.49026265151042 0.463117101389798
-9999 -9999 -9999 -9999 -9999 -9999 -9999 -9999 -9999 -9999 -9999 -9999 -9999 -9999 -9999 0.266040214683017 0.199658156589066 0.584876318498573 0.422699772116175 0.346117126355239 0.349310857359342 0.321998174584337 0.321739552390454 0.534047321252729 0.729346522348351 0.831971172829071 0.645474739940255 0.654520619718824 0.683094124724448 0.56977237090905 0.58658063517214 0.596471983953961 0.613984085248376 0.508719162098714 0.274314953458088 0.715592327651393 0.598037640884286 0.621592391325976 0.844856957883167 0.91938502737321 0.927294260691269 0.452682850664132 0.781125250796322 0.775675751356175 0.446527723397594
-9999 -9999 -9999 -9999 -9999 -9999 -9999 -9999 -9999 -9999 -9999 -9999 -9999 -9999 -9999 0.277357702998415 0.885748779182904 0.465194370008248 0.348207580032067 0.369262481399346 0.389638633578215 0.333003089011186 0.380020314310059 0.643599331397127 0.523641607060199 0.66344708784527 0.729280155610468 0.705945655681717 0.553653464521631 0.542090753697266 0.521331039635697 0.569871980587777 0.60653220043605 0.583114596338419 0.343534016792546 0.670856797114538 0.725768158190476 0.58255798285245 0.592395347666752 0.759813600780035 0.442332941474888 0.671934757519921 0.441166369455459 0.421667299633555 0.694140902851359
-9999 -9999 -9999 -9999 -9999 -9999 -9999 -9999 -9999 -9999 -9999 -9999 -9999 -9999 -9999 0.799473767074232 0.458265005818248 0.511452688670033 0.327263173744541 0.303243434132128 0.335727769865457 0.31730115452433 0.640729606629975 0.40540371037423 0.381910086616699 0.783032802246453 0.65345681468898 0.609435063779529 0.599681693529419 0.567040376154182 0.532016301804106 0.547741620721354 0.57378113433515 0.577188029637909 0.548540653653617 0.573680871639226 0.706923033249041 0.714440228875901 0.598440919020504 0.611108328484988 0.655925731734897 0.667320827233198 0.478768325592682 0.524486758877174 0.801223737653345
-9999 -9999 -9999 -9999 -9999 -9999 -9999 -9999 -9999 -9999 -9999 -9999 -9999 -9999 0.722481471711944 0.411742995083841 0.456351289585655 0.469215890007035 0.264995614259078 0.284416926831454 0.257055821762719 0.460217185604961 0.399732880168813 0.681767200148897 0.555601279302209 0.595128622080665 0.612267375800002 0.672987642246881 0.583484240451071 0.486359752358112 0.450829612418602 0.153194443100801 0.478396318612795 0.44119913582108 0.39627726209801 0.433444867667276 0.497828240440867 0.584382552005991 0.551049790374236 0.583465498493752 0.689263670210494 0.776130906160688 0.51657671428984 0.474786968879926 0.66741784576152
-9999 -9999 -9999 -9999 -9999 -9999 -9999 -9999 -9999 -9999 -9999 0.95222169693443 0.880350564330001 0.968751334767148 0.415007968513237 0.455351490018074 0.47823479701492 0.403283615895589 0.206701817297983 0.222442692205504 0.307184813436834 0.686824321746826 0.71516857133247 0.587887473557203 0.674522015287948 0.647733813821105 0.630700851615984 0.564777535146277 0.527510709616763 0.335769292178156 0.361335441539268 0.135253327357532 0.400859853925795 0.531895058429654 0.458004949905444 1.15676770292339 0.484636579130893 0.579851518523355 0.565394323530199 0.563659568797448 0.460526007373119 0.473397655696317 0.480963752124808 0.542162610145169 0.484961620259128
-9999 -9999 -9999 -9999 -9999 -9999 -9999 -9999 -9999 -9999 1.07960640343663 0.801010531176871 0.711428853719553 0.395908292603053 0.448570031721829 0.441670173358943 0.445234730705124 0.388006592118018 0.173905959130138 0.440097009231977 0.494422121846583 0.500161776471941 0.54637439598082 0.595092199546343 0.652500613796292 0.574660527490778 0.770936805565725 0.60870960533066 0.536112932422839 0.202164257643744 0.409410396969179 0.390189284189546 0.631682314633508 0.354880476606922 0.328328987961868 0.52785801653954 0.294976681061598 0.517687837600533 0.539213607225975 0.535802708782285 0.572335144170211 0.557953625502705 0.531998549831769 0.539253264378203 0.403059368181857
-9999 -9999 -9999 -9999 -9999 -9999 -9999 -9999 -9999 -9999 0.441676299487881 0.608148969149624 0.246826454258553 0.299767566048104 0.286001046788442 0.283499379861496 0.291062197902647 0.243360898934952 0.528274948919716 0.551127842754795 0.58099147872781 0.57357649120604 0.731144982637488 0.670123761665309 0.809695240604924 0.818229940705351 0.718643722393608 0.598751668803743 0.514232164277928 0.248735958564339 0.406741397910082 0.732977129700885 0.734278962227108 0.691890841153509 0.390395085560158 0.391233133086644 0.5038543831688 0.732933605831931 0.492297702294309 0.533022642684955 0.534915438038297 0.523529921792942 0.507680984128456 0.436152658380706 0.585718175898364
-9999 -9999 -9999 -9999 -9999 -9999 -9999 -9999 -9999 0.925217082112795 0.414364526022837 0.556946969481942 0.282217293033682 0.298331555768527 0.294269151481785 0.189462319070799 0.440939427676312 0.478777118587459 0.578971527829708 0.615559468315041 0.560323769150273 0.583047436066408 0.617719371803105 0.665095711610775 0.550273859516892 0.551483390154317 0.689346121362178 0.561117986762838 0.480519689972425 0.44799509259974 0.56803317147569 0.436651077052375 0.810254543466726 0.846954773805919 0.763318208555575 0.701997271789878 0.595864521528711 0.413224616295338 0.509821452396864 0.512138628891989 0.678789608173247 0.349993505551538 0.575395253690658 0.554008210201573 0.5701339987354
-9999 -9999 -9999 -9999 -9999 -9999 -9999 -9999 -9999 0.84357131163415 0.395756747820997 0.335217648625985 0.284357423879555 0.281145032886343 0.192742616363262 0.401469238681784 0.712156571353262 0.48450609028805 0.418387876834458 0.417585095419781 0.468019027266564 0.411999050811573 0.495886647513544 0.486861480567313 0.788808702964161 0.507201366872323 0.500781601203926 0.452931010840985 0.24929211917879 0.407070221626782 0.787627606769092 0.534096080627933 0.441658953604929 0.780320380727062 0.846819064463489 0.680064629705157 0.671970598887128 0.683645474964578 0.460055583062058 0.549812033113994 0.413732634115149 0.464071114947728 0.321170675306348 0.402787368329882 0.638261460608192
-9999 -9999 -9999 -9999 -9999 -9999 1.2704948640021 1.11478584403812 0.970498213064275 0.408529422202264 0.319369310773254 0.46037130005061 0.226451250114224 0.219552027431291 0.260498506122531 0.776791696807777 0.744209102776949 0.527902223893761 0.531537320057396 0.414665254993452 0.593657378885837 0.533800262019213 0.884058301380719 0.579225831188523 0.543725539500883 0.842830295368913 0.806268812993949 0.740078037779313 0.386771928788221 0.73284176778543 0.400630920466938 0.693040582518734 0.760786883802211 0.685558995428437 0.6642497401117 0.744194144317589 0.619773123617051 0.674128765240312 0.703805393641233 0.467958924673439 0.847521252580918 0.723748422387871 0.59026485268987 0.817740075945039 0.406349145123386
-9999 -9999 -9999 -9999 -9999 -9999 1.07938223482051 0.925503769394709 0.452862386737252 0.189546302408417 0.186387960866341 0.205006473834146 0.288392310721974 0.196835567294329 0.371761695987516 0.578378650516242 0.317981745865836 0.339529334269173 0.51936056206614 0.554239484699792 0.340086392952799 0.515820127475308 0.791377617133548 0.816360427052132 0.474178708373074 0.523965093179868 0.783746035267541 0.704450962075498 0.209419172165326 0.365145044725068 0.208890263138528 0.69419713690877 0.666752813231142 0.649923244054662 0.450141605142562 0.720335583537235 0.707819701347034 0.756222309973964 0.842812762130052 0.522323985023831 0.953799784838338 0.84798440002487 0.836292230815161 0.809414241302875 0.71402915273211
-9999 -9999 -9999 -9999 -9999 0.571858044168039 0.286421428882022 0.427467096415057 0.383581221285567 0.182767339083512 0.13860564490642 0.21103689755364 0.274696179076273 0.313635572638304 0.659855164485634 0.45306055335459 0.473644313842669 0.524533928455639 0.482843287045398 0.32990621684803 0.375468499441922 0.59364636126702 0.882031008586637 0.827297510113567 0.748729757106048 0.518142490363971 0.496189818477433 0.795062437646266 0.299098816640253 0.417231370875015 0.803281177468307 0.695477221597685 0.679149029565451 0.688463925143878 0.442350717548834 0.75225052114547 0.69612634342775 0.820605480839731 0.838385367387673 0.556560348741186 0.941771682846593 1.14286013922538 0.852149614729569 0.786083428465645 0.690130198563566
-9999 -9999 0.219221814859338 0.40747691764409 0.460109973573708 0.288104537503386 0.263834268480423 0.226737865887117 0.0668445332507872 0.122950935178778 0.134537941903545 0.115931127311342 0.501979946420761 0.617132015577226 0.759994883082982 0.804146738119016 0.776365340243501 0.617406122728426 0.469530066311563 0.349827299487515 0.410515676321666 0.546716862572794 0.723019271390513 0.713824184458645 0.299507970794366 0.504477301547013 0.574724327634613 0.528311338712228 0.334358917825739 0.44563184155777 0.440660945969285 0.469525929474912 0.71175765060616 0.751244057937583 0.467200468847295 0.458636377970834 0.539258713615709 0.783662331741652 0.292670535600337 0.585524758207612 0.947449852901627 0.990050364634953 0.807534614068572 0.784313651820412 0.579558483877918
-9999 0.633873766673787 0.554189953618334 0.537019750481704 0.137386587539368 0.153364228708597 0.180828821839896 0.0633125637818921 0.176715027919272 0.117966815651016 0.238183931742242 0.603807536208478 0.680135194670584 0.656865559903963 0.730061848116748 0.832624495160417 0.769154316003551 0.617658343799121 0.615383346485032 0.509445166244404 0.597056690821773 0.689559724378341 0.736734259589866 0.516107084877149 0.49370360602552 0.263637718489917 0.335892641032842 0.266839801042806 0.493506967359281 0.443693826582603 0.428120927608688 0.454711766906257 0.450324025223381 0.50581422419782 0.487123551465629 0.558310828637332 0.874986497365171 0.680470417137258 0.271024189032687 0.534994535883015 0.559011855330027 0.654339020911721 0.737379972633789 0.708561561623355 0.380063478587545
-9999 0.536889652721584 0.298943003599561 0.191954214187717 0.184604256901366 0.0943496397667332 0.201511222030604 0.300830104606575 0.770152588302153 0.413364403357264 0.616290062680491 0.776291462898371 0.972798610746395 0.697796976965037 0.777164483224624 0.760658713261364 0.676525587550714 0.613525810877036 0.788513142651937 0.73064926891675 0.668257120196358 0.719137937267078 0.733059579943074 0.622568646576838 0.53452238034879 0.602209464886982 0.279771479199553 0.24802150846881 0.285590823295934 0.284613981875736 0.464522031506931 0.660833071378875 0.394106336898403 0.494019061079598 0.557279666281829 0.567471694921551 0.574627247260651 0.508260779497505 0.428578280661895 0.502791935105051 0.527654532561428 0.572970137000084 0.724973677279195 0.676839770676452 0.672459646011703
