Archive - glowpa-model-master/Model input/Uganda/surfacerunoff/surfacerunoff_dec_1.asc
NCOLS 67 
NROWS 67 
XLLCORNER 29.5000000014144 
YLLCORNER -1.49999999936061 
CELLSIZE 0.0833333332926796 
NODATA_value -9999 
[rows 0 to 19 of 67, columns 0 to 44 of 67]
-9999.000000000000000 -9999 -9999 -9999 -9999 -9999 -9999 -9999 -9999 -9999 -9999 -9999 -9999 -9999 -9999 -9999 -9999 -9999 -9999 -9999 -9999 -9999 -9999 -9999 -9999 -9999 -9999 -9999 -9999 -9999 -9999 0.404052243538899 0.400007267671754 -9999 -9999 -9999 -9999 -9999 -9999 -9999 -9999 -9999 -9999 -9999 -9999
-9999 -9999 -9999 -9999 -9999 -9999 -9999 -9999 -9999 -9999 -9999 -9999 -9999 -9999 -9999 -9999 -9999 -9999 -9999 -9999 -9999 -9999 -9999 -9999 -9999 -9999 -9999 -9999 -9999 0.418837849792908 0.390581010833557 0.364381153303839 0.334280398419651 0.369174666502659 0.382178550808021 0.368299336969358 0.62431482183456 0.548460167010489 0.301272152682941 0.356856067355693 -9999 -9999 -9999 -9999 -9999
-9999 -9999 -9999 -9999 -9999 -9999 -9999 -9999 -9999 -9999 -9999 -9999 -9999 -9999 -9999 -9999 -9999 -9999 -9999 -9999 -9999 -9999 -9999 -9999 -9999 -9999 -9999 -9999 -9999 0.255856672993104 0.300707884889562 0.31198167198454 0.335727474521264 0.313494025704131 0.348677738202241 0.354229273398232 0.430878522820421 0.649351964057132 0.691900755555253 0.552730557501491 0.355644184310222 0.505183583300095 0.411064233958314 -9999 -9999
-9999 -9999 -9999 -9999 -9999 -9999 -9999 -9999 -9999 -9999 -9999 -9999 -9999 -9999 -9999 -9999 -9999 -9999 -9999 -9999 -9999 -9999 -9999 -9999 -9999 0.348828752521513 -9999 -9999 -9999 0.187516446885638 0.259280021509767 0.291127649234113 0.348155952906382 0.344480015883164 0.357767361037986 0.362035581474629 0.463241524812474 0.476598300338082 0.643758439764497 0.60259385190875 0.481856061014696 0.495873072395625 0.239545015574549 -9999 -9999
-9999 -9999 -9999 -9999 -9999 -9999 -9999 -9999 -9999 -9999 -9999 -9999 -9999 -9999 -9999 -9999 -9999 -9999 -9999 -9999 -9999 -9999 0.600632423811476 -9999 -9999 0.309854555325728 -9999 -9999 -9999 0.148468446013794 0.184335389803891 0.31021114818941 0.525446864230616 0.602616783908161 0.605902778261225 0.371774364793964 0.441363956269925 0.344366278113739 0.306207869471109 0.288107802134618 0.269991834557004 0.25234881650249 0.242366359088919 0.338285230554902 -9999
-9999 -9999 -9999 -9999 -9999 -9999 -9999 -9999 -9999 -9999 -9999 -9999 -9999 -9999 -9999 -9999 -9999 -9999 -9999 -9999 -9999 1.03399961335526 0.677304140481283 0.597896607359871 0.321685015933326 0.232324893659097 0.252161136813811 0.239541649989405 0.2334406844966 0.181936473609312 0.178084793788003 0.196502344806504 0.243050677454448 0.548667826478777 0.550411927179084 0.433560375313391 0.488745465190732 0.475879083751352 0.311650239837036 0.320778653076559 0.360015665137325 0.27623717141978 0.193198729903088 0.349402300798829 -9999
-9999 -9999 -9999 -9999 -9999 -9999 -9999 -9999 -9999 -9999 -9999 -9999 -9999 -9999 -9999 -9999 -9999 -9999 -9999 0.710154889929981 1.17886474254192 0.990592845482752 0.590630661463365 0.528605161889573 0.379258787688741 0.134776992467778 0.131608449237319 0.307604418139817 0.366213643701485 0.319589174068824 0.3162095922562 0.20711580623356 0.285769051970419 0.24393218836849 0.422773517129826 0.436786924183252 0.519891088515578 0.538910987415875 0.368209583484713 0.41833699651761 0.39080847727746 0.517640504767769 0.411372615417349 0.260788683590363 -9999
-9999 -9999 -9999 -9999 -9999 -9999 -9999 -9999 -9999 -9999 -9999 -9999 -9999 -9999 -9999 -9999 -9999 1.40718457805633 0.762697864047368 0.660905769109377 0.578427324398945 1.00962629858259 0.588845961829065 0.126076312483292 0.101872461968355 0.457528260994877 0.472612598059641 0.404632471600053 0.397075010369008 0.336158715981583 0.355897318058851 0.398191335989395 0.251070254762453 0.267904804786667 0.4835224517592 0.483046374938567 0.48180737576331 0.499725934787421 0.392591482068383 0.397643634642009 0.386785781302024 0.381718620701577 0.460282214589824 0.301133409720933 0.274522054951376
-9999 -9999 -9999 -9999 -9999 -9999 -9999 -9999 -9999 -9999 -9999 -9999 -9999 -9999 -9999 -9999 -9999 1.42922823761182 0.759008138629724 0.652534994515008 0.632313185633393 0.956345216764021 0.566529482057376 0.429861214342964 0.293637386334922 0.568297294648801 0.402237432808761 0.374281574750057 0.368944390629622 0.374059557998407 0.410407940762525 0.442964266312629 0.479892096336698 0.276873526672716 0.299012669529475 0.537175969839154 0.534945565050293 0.529133001691662 0.408523285841511 0.399131671656505 0.41828688881651 0.560615030735789 0.366888491953432 0.316756713345967 0.30911572093828
-9999 -9999 -9999 -9999 -9999 -9999 -9999 -9999 -9999 -9999 -9999 -9999 -9999 -9999 -9999 -9999 -9999 0.956797442995594 0.745650746466708 0.670632924084202 1.14452039088064 0.767667777836323 0.0836444939409375 0.0709549407371668 0.434958519690554 0.629005490736745 0.29115233110133 0.272899315859831 0.298535072488448 0.445381633653597 0.453880969416787 0.484945563584915 0.505638317918056 0.318406556743867 0.291852570626361 0.319359162858746 0.559026057089795 0.559626467293128 0.671623508424091 0.580447857828403 0.618938222942234 0.420030040004349 0.5470553496707 0.506693061652186 0.38335407316481
-9999 -9999 -9999 -9999 -9999 -9999 -9999 -9999 -9999 -9999 -9999 -9999 -9999 -9999 -9999 -9999 0.86508316326217 0.874076701620652 0.680376486343448 0.494915937451879 0.810139236818941 0.163185963515389 0.527454849134301 0.0787214710982198 0.0352019631861822 0.596147659052804 0.500588828799664 0.492205655973521 0.528566641150974 0.505724292452214 0.506901961671247 0.530078023075475 0.578400025005976 0.864656878547976 0.35917791274187 0.393836095554434 0.30959175182943 0.545174316357588 0.638727514342463 0.680849356285762 0.439919513155473 0.410629499128845 0.382661607545742 0.523029980286083 0.494066182909592
-9999 -9999 -9999 -9999 -9999 -9999 -9999 -9999 -9999 -9999 -9999 -9999 -9999 -9999 -9999 -9999 0.839425110825687 0.991464691651345 0.64866680168052 0.396663968331268 0.705430151356268 0.360995688879484 0.0745218696778238 0.433042394433869 0.750499669265992 0.5952599876764 0.578381621380686 0.547351794011774 0.588488255743869 0.375025584162358 0.626613189524505 0.632393909654638 0.647902545097168 0.860390502566588 0.799261021711573 0.359188153197465 0.323013113302295 0.347426394000649 0.662607946651406 0.479771339087165 0.463467114059313 0.420264950662386 0.360283774170966 0.356459882823401 0.361018242074351
-9999 -9999 -9999 -9999 -9999 -9999 -9999 -9999 -9999 -9999 -9999 -9999 -9999 -9999 -9999 0.67499946726457 0.922806121707254 0.873341822625662 0.577058407543518 0.717079427886347 0.242522703501891 0.200326964517217 0.1090662313743 0.594435702168994 0.683004916936625 0.635246518868371 0.619313855168002 0.62303270897246 0.631914555924595 0.552568792954844 0.484043718643079 0.918815556360641 0.43100267112095 0.47930652362993 0.598230021751078 0.461132505733985 0.375559550775506 0.447571379481815 0.43989794630761 0.485585927890497 0.467024740828492 0.432618009654107 0.385925440241408 0.33203422663064 0.316998735797824
-9999 -9999 -9999 -9999 -9999 -9999 -9999 -9999 -9999 -9999 -9999 -9999 -9999 -9999 -9999 -9999 1.00438535082503 1.03624310759187 0.509844098814938 0.705072027813003 0.241109225953551 0.194860813451214 0.0624432474989334 0.787992064488208 0.67076646064379 0.676692626257136 0.695703404744563 0.701400089383242 0.397391400838387 0.518409377036733 0.573703438931261 0.671745500767429 0.580327890929766 0.692628358592629 0.592757797676313 0.653852573123004 0.666428424665355 0.389204025395884 0.507475866470486 0.404576844630355 0.370893979379616 0.433829468420299 0.41220402908948 0.355881847099226 0.34744854838209
-9999 -9999 -9999 -9999 -9999 -9999 -9999 -9999 -9999 -9999 -9999 -9999 -9999 -9999 -9999 -9999 -9999 0.981769135250943 0.860157448187238 0.154640509208548 0.258035202705287 0.750542480545846 0.599447112563212 0.644325202301843 0.631136795163911 0.657519033666176 0.668134694933542 0.680034635479387 0.539429706805095 0.620588280071388 0.64875566840783 0.712996537004074 0.624363273345807 0.718807543307776 0.750797395085101 0.690722325089155 0.544199633623066 0.674222345878661 0.422494405029283 0.392825684684794 0.387023902931105 0.517191218932567 0.644734423076443 0.705296575688408 0.677345580697875
-9999 -9999 -9999 -9999 -9999 -9999 -9999 -9999 -9999 -9999 -9999 -9999 -9999 -9999 -9999 -9999 1.35163027334784 0.870668793140794 0.582593117542274 0.611286115599796 0.366538371508796 0.206926879954494 0.00201330894228358 0.720117913260765 0.571887486330525 0.587870296840265 0.624246036750264 0.652859239380632 0.469165946014982 0.493303439725423 0.643141031105188 0.590308191021904 0.71573321656615 0.871608290253789 1.02656931085221 0.698699728673091 0.552376021914824 0.630516293313121 0.503881741678924 0.340485667948087 0.541620896001405 0.578009146011027 0.697945481078932 0.68490030207613 0.674075297865784
-9999 -9999 -9999 -9999 -9999 -9999 -9999 -9999 -9999 -9999 -9999 -9999 -9999 -9999 -9999 -9999 1.25542833120562 0.822537063868367 0.586086228395288 0.531176154254354 0.24739473064983 0.133622252619148 0.0097410687304178 0.647928591888558 0.531151429640886 0.560837403099868 0.582636345825449 0.608554377322434 0.437824400250975 0.47019721387187 0.536189848389768 0.557304652829771 0.993410736555234 0.77167966082925 0.687976297740533 0.718889646122989 0.656364299175038 0.534103586687706 0.56293590569112 0.458258516118804 0.310221771997021 0.371070536857587 0.350934875768871 0.319218806907884 0.325826154039532
-9999 -9999 -9999 -9999 -9999 -9999 -9999 -9999 -9999 -9999 -9999 -9999 -9999 -9999 -9999 1.10705562474323 1.13190274714725 0.744303149986081 0.448096508534945 0.467475167170051 0.215813304748735 0.309223044496321 0.0346990867523544 0.619351413206459 0.551137504771759 0.487138546304777 0.532917640157393 0.574162013435853 0.499725668305473 0.451516791144968 0.604857385951618 0.660733262520807 0.578227878577309 0.67207573010819 0.575998334170436 0.705088219547179 0.55776036788302 0.536977407136874 0.496041630867694 0.47598195305909 0.433473091106862 0.398135524392274 0.367600915978983 0.35711135069505 0.30425510931309
-9999 -9999 -9999 -9999 -9999 -9999 -9999 -9999 -9999 -9999 -9999 -9999 -9999 -9999 -9999 0.763500021093932 0.98379501105228 0.719800118531566 0.377601881154987 0.39742372746332 0.299667955914629 0.280108676179225 0.545960980616655 0.52045056145289 0.673875770189625 0.468221894152521 0.517363990184094 0.561457229196094 0.381836747237685 0.440661553511745 0.489834769723529 0.620126231297036 0.672502157613053 0.64856475819397 0.523535612046544 0.532126013240486 0.600568522713729 0.512874647029093 0.489265400574368 0.547409068531124 0.694334900799731 0.570612381125102 0.351400113231648 0.40052908434518 0.391745586512116
-9999 -9999 -9999 -9999 -9999 -9999 -9999 -9999 -9999 -9999 -9999 -9999 -9999 -9999 -9999 0.649932281703514 0.979257774815778 1.19102259850479 0.510517556904233 0.32090815329866 0.268251428678923 0.238197782891802 0.473902743124199 0.508117958816001 0.540126370651706 0.530704968696227 0.448777228939434 0.491339590098505 0.363596396255161 0.417764559642819 0.457157643722894 0.481178351947165 0.881340869455016 0.710744796379004 0.710830287061981 0.786366355896462 0.771815861298819 0.454735922176042 0.459122814390867 0.463295337794989 0.411812148740864 0.719696705345996 0.691904205268656 0.580463842197787 0.406899020617857
