Archive - glowpa-model-master/Model input/Uganda/surfacerunoff/surfacerunoff_jan_1.asc
NCOLS 67 
NROWS 67 
XLLCORNER 29.5000000014144 
YLLCORNER -1.49999999936061 
CELLSIZE 0.0833333332926796 
NODATA_value -9999 
[rows 20 to 39 of 67, columns 0 to 44 of 67]
-9999 -9999 -9999 -9999 -9999 -9999 -9999 -9999 -9999 -9999 -9999 -9999 -9999 -9999 -9999 0.535159456376277 0.660115233586112 0.751396609302901 0.544578460903722 0.375689141037583 0.225843405132764 0.263462838574924 0.438386165114935 0.371209621619073 0.335003800728373 0.453518601716496 0.350479181179253 0.38997056435619 0.435012308116711 0.544650087249465 0.435253357863985 0.461219622593489 0.8170962883014 0.814330376670114 0.651975258733728 0.728504299331689 0.85197627049638 0.875677766089211 0.476844022159639 0.715124522685073 0.819373297417769 0.792884600741672 0.723263081454206 0.732272306777304 0.506966565808398
-9999 -9999 -9999 -9999 -9999 -9999 -9999 -9999 -9999 -9999 -9999 -9999 -9999 -9999 -9999 0.557216260858695 0.622860256044078 0.586712038966652 0.398273989048903 0.519286913913675 0.343043485372618 0.333951779794006 0.234996611652605 0.343441496170271 0.422327708747616 0.549796829545812 0.440688097569364 0.437749209595495 0.47335880844912 0.391485372347233 0.68961966826464 0.565908047974517 0.653490107652033 0.721938835340552 0.696840326781967 0.423987027716066 0.867051514433115 0.837043236970203 0.833583186249598 0.842522464154172 0.755438308260636 0.491738212076598 0.441883655184938 0.665568260956206 0.636779021078837
-9999 -9999 -9999 -9999 -9999 -9999 -9999 -9999 -9999 -9999 -9999 -9999 -9999 -9999 -9999 -9999 0.567535654226958 0.517305329594819 0.367245217148593 0.338780931087967 0.310466141854704 0.564974820008501 0.349470675246266 0.508511395310052 0.536395155450009 0.530988188074843 0.43008982856918 0.454834805168502 0.482702340377728 0.665503896925657 0.398050879994116 0.631704646366416 0.59126014366484 1.00089472834952 0.677999360050308 0.845751777887926 0.745476718293503 0.91205757962598 0.862232718645828 0.827051435408066 0.639271902400651 0.462815709397546 0.400863886170555 0.378208796973922 0.579079889575951
-9999 -9999 -9999 -9999 -9999 -9999 -9999 -9999 -9999 -9999 -9999 -9999 -9999 -9999 -9999 -9999 -9999 0.617894799688656 0.363998969532986 0.343715486451401 0.297601317925 0.165047361178949 0.48010865566539 0.278674741707619 0.395580905660609 0.439555939919956 0.382595359951665 0.407729952257796 0.492683896482049 0.732656222680816 0.56853026853787 0.574350547140057 0.590387843658391 0.914172047487227 0.656052554404596 0.794865567513625 0.714910194801632 0.738038543204311 0.773397679949994 0.775786507801968 0.444533703557681 0.427076334744925 0.740594980015885 0.661352393763082 0.633099268270598
-9999 -9999 -9999 -9999 -9999 -9999 -9999 -9999 -9999 -9999 -9999 -9999 -9999 -9999 -9999 0.437503597822797 0.338950711920916 0.475621415716887 0.283784268049203 0.387143082662078 0.131700489873765 0.106470830814942 0.102394078680845 0.325851776324271 0.384227694667061 0.415638946833496 0.441039782799635 0.480632761536981 0.537145327143662 0.349540709976282 0.546698060134077 0.564628822758095 0.576068896407378 0.607315455454227 0.335795728005905 0.369362825040298 0.68299447048048 0.616621329754707 0.715674786988529 0.778943960540346 0.836975630591041 0.415980633079016 0.751052879422787 0.474548625788884 0.455622914159903
-9999 -9999 -9999 -9999 -9999 -9999 -9999 -9999 -9999 -9999 -9999 -9999 -9999 -9999 -9999 0.268392511316051 0.204131429200061 0.520263944054022 0.267410854576156 0.122626120855784 0.119949803320196 0.063795570667935 0.0942574069995317 0.322894177543276 0.424090689648438 0.484527461594553 0.495609695462917 0.486680051835719 0.584514059482899 0.522937183632166 0.539614314220671 0.552970444005041 0.570773316212581 0.46749069224461 0.247316748755111 0.684540166730585 0.59076355137222 0.608018769526097 0.817697995444178 0.867148623001412 0.877979593497002 0.43015080063924 0.744703078453313 0.752564366848674 0.438766747720365
-9999 -9999 -9999 -9999 -9999 -9999 -9999 -9999 -9999 -9999 -9999 -9999 -9999 -9999 -9999 0.277175864084711 0.715088213837589 0.172785999211555 0.115986096034248 0.119731615086494 0.111708656675091 0.0638416915847984 0.14674830885042 0.414910707149829 0.350434139363642 0.496716677844233 0.564191083867627 0.596580918681866 0.494796526254504 0.487775431793125 0.476418701509829 0.523334821082244 0.558592546440195 0.534979444637429 0.317205688588729 0.624499244622712 0.675412192322256 0.542296596904634 0.553334304640885 0.664924865304783 0.37498273240999 0.536941293830751 0.418920402807998 0.411913856623869 0.679639004374621
-9999 -9999 -9999 -9999 -9999 -9999 -9999 -9999 -9999 -9999 -9999 -9999 -9999 -9999 -9999 0.634218125014741 0.162079479423483 0.152268716419712 0.102283773230738 0.0626872978841675 0.0653872575924197 0.0941736978461449 0.405198714133803 0.307585961081713 0.292970690225047 0.686746542669425 0.580649872972572 0.535750497874687 0.535730036972382 0.500930575981329 0.476617764434195 0.498620905091229 0.52558559764293 0.531118858816626 0.506098779624153 0.531808471350814 0.662705111608375 0.664613539811398 0.458822500149836 0.462347128632246 0.545937511560624 0.538792745828687 0.444325407443102 0.510988860696671 0.781809127147426
-9999 -9999 -9999 -9999 -9999 -9999 -9999 -9999 -9999 -9999 -9999 -9999 -9999 -9999 0.550271299289307 0.136104164084827 0.137615582389117 0.133908243014957 0.0504790090189999 0.0524409379352164 0.0614560282485854 0.228657634352203 0.358042725110863 0.595110341237159 0.498437272653973 0.532568391463428 0.543822220606671 0.605448620262905 0.528561852661369 0.434116213909874 0.399006716179429 0.125778200981586 0.438472883615759 0.398667026274779 0.320870493851544 0.333486354065826 0.439813447883353 0.411037856338226 0.386020583391655 0.506745610437065 0.657616938042338 0.734108480173745 0.494208345116931 0.452966633019969 0.636675777059281
-9999 -9999 -9999 -9999 -9999 -9999 -9999 -9999 -9999 -9999 -9999 0.919735573916114 0.854396881550201 0.786551039709593 0.136478714694022 0.136007666696969 0.121567351470731 0.0591018847302394 0.0341288616354518 0.0517059999651792 0.200522752265897 0.62920501568442 0.654474069960997 0.565489031032484 0.668183693051105 0.627264548711537 0.605040459049633 0.529068774994812 0.470348757517058 0.290835291707481 0.32333744547941 0.117107014261819 0.362733263500559 0.419163767219288 0.284780366655468 0.987966217508074 0.34014583525277 0.431494143867894 0.526149866345804 0.484116098050436 0.43825119973917 0.452581993158674 0.440539935880224 0.381736698727764 0.33072867518058
-9999 -9999 -9999 -9999 -9999 -9999 -9999 -9999 -9999 -9999 1.05127744245692 0.775765594880795 0.534897519173683 0.144041326393562 0.130535889411476 0.126426134102076 0.103095871395453 0.11133302274402 0.0507807189080722 0.36374219098434 0.443958966116043 0.449010470219946 0.538199201400857 0.59210148810962 0.646823133138241 0.564005352316599 0.767782106777304 0.568163901334628 0.472569465273409 0.153002014599224 0.358944271738437 0.346430183981283 0.566736501241394 0.316672359531367 0.285673796042829 0.403813033699407 0.210137378871877 0.463012315776723 0.43958159039903 0.280573434338294 0.323049011512921 0.295638251145647 0.317311801154574 0.358552679244895 0.354626390617341
-9999 -9999 -9999 -9999 -9999 -9999 -9999 -9999 -9999 -9999 0.434006366958783 0.578447914449498 0.109267127527346 0.11269746664766 0.0958961638843903 0.0747393344227021 0.104654260439929 0.125941963588616 0.43003411792597 0.491663921820873 0.492867341563397 0.491195192807936 0.703098906342348 0.662232465401758 0.805852167104604 0.799875728262123 0.668404454700067 0.529766211002425 0.457299366644293 0.199773891154109 0.352100849340786 0.653538243568619 0.652870000521943 0.619617023403407 0.344299979587959 0.348316114468616 0.361901079486415 0.436155345596489 0.224538343786662 0.256467864119259 0.294362331942466 0.254408782893734 0.250253602644079 0.18378719590828 0.427801490332058
-9999 -9999 -9999 -9999 -9999 -9999 -9999 -9999 -9999 0.886065765371313 0.420446464886481 0.414944059230038 0.110306678379857 0.110522491240772 0.073882906349354 0.0347292238558339 0.249491150043468 0.395557201500196 0.5196804577281 0.54387998443417 0.47736417309352 0.481240981571318 0.499084144394146 0.554776871467766 0.423809010499099 0.476927220915968 0.613687252553063 0.498757207424205 0.430086744927394 0.38969299839664 0.501412803714629 0.382958125555888 0.714991154382005 0.749405926399049 0.682810457874439 0.637660117718042 0.54107491268951 0.289077681827621 0.327294644421272 0.379799524580449 0.461449474641995 0.292395729957207 0.420071179178194 0.258055326753492 0.366397917332506
-9999 -9999 -9999 -9999 -9999 -9999 -9999 -9999 -9999 0.820503055365407 0.342647937486618 0.14905680177435 0.113768763412736 0.0972079387793201 0.040390040027205 0.209682084459928 0.634430267382413 0.427311855219159 0.349800459844118 0.360990976332687 0.377904490960645 0.272935168140975 0.328647991864273 0.318952393172367 0.694886406563455 0.433942283962097 0.427718200626259 0.396134503716894 0.206219124265772 0.351525774931361 0.700006596161984 0.471573800041369 0.378887631995894 0.685083219650551 0.74620385930757 0.611492753705534 0.609689923294354 0.623309461843746 0.42569123525027 0.512688410708506 0.379565952698613 0.410685012866452 0.284746683519188 0.302844042380457 0.451169134976226
-9999 -9999 -9999 -9999 -9999 -9999 1.25689160995535 1.11510674651072 0.956259551458061 0.416041749303986 0.299157929930516 0.414462230310164 0.0980566856014775 0.0497344981909009 0.143304375342268 0.670222738335724 0.662775703858642 0.480076735584589 0.504809763697267 0.39734865185892 0.556742428670987 0.474891448448034 0.819520496406767 0.510160042267671 0.463305541416048 0.724212474779051 0.691802376422856 0.647401010610338 0.332466194322478 0.650174229122058 0.349754499438859 0.618897862295853 0.670334053211263 0.605949537202832 0.586508648666495 0.659971378809132 0.56239786772494 0.615253458818188 0.650676334771561 0.447218925728521 0.851123559186817 0.638339401120902 0.549032343769795 0.762654497520998 0.366208704690507
-9999 -9999 -9999 -9999 -9999 -9999 1.08027540409239 0.921683656997629 0.456638069408655 0.186767383183906 0.182288913492812 0.19948086196564 0.178580106421578 0.0737774601020647 0.309730098251748 0.424819800173282 0.294726576612447 0.339071125381452 0.51643636834342 0.553231104277074 0.343274866736465 0.518216879754618 0.792341907072114 0.815540577605134 0.425052213358867 0.450522573373746 0.676215837302152 0.621340672296355 0.169156136621496 0.31052755230121 0.176742649045991 0.617504863839713 0.588786094340321 0.576242428905971 0.390487334698264 0.634122396149905 0.63569311532774 0.688530044499203 0.777209565058001 0.497483672006638 0.940334150072886 0.79847904635244 0.786062935731024 0.761325925850542 0.669981702230871
-9999 -9999 -9999 -9999 -9999 0.567109277653799 0.287384656985523 0.4349773771537 0.388674680834811 0.180552516667376 0.132555355321529 0.211824497910129 0.191425261164113 0.24255965354314 0.527144869920448 0.302439404094912 0.347464460901392 0.517390794811945 0.481046729873924 0.332292862822214 0.378697745873069 0.595093912124867 0.88078292174032 0.827575337098096 0.716465601726668 0.453895020655182 0.417214858316584 0.704182179106283 0.257692201557802 0.350553556700106 0.707924660673598 0.614758471783716 0.598177342908457 0.604093384026783 0.384110702725593 0.674036832606362 0.622203169768909 0.744186561860261 0.77318174589891 0.534966045051988 0.924667487197439 1.08076709693705 0.80722925667942 0.741391231713351 0.650549403871992
-9999 -9999 0.223699700654834 0.409258756917552 0.461105076283275 0.288277406070847 0.264138096554234 0.227213497055345 0.0657959370755634 0.107987308410884 0.101967105479162 0.0911415420432604 0.438519451563479 0.459582261100877 0.497228342283051 0.534956885530846 0.503344406752149 0.445076408141176 0.311560007048683 0.234523206017911 0.245619076395087 0.295267183446413 0.497906866257836 0.607854421105003 0.294793900138757 0.490403237563442 0.534968054125784 0.468475114757894 0.28016838041367 0.382318818992644 0.372740556485951 0.399106595978083 0.618986303379643 0.656948120195011 0.395360142647405 0.428917598583212 0.483535874991503 0.714396481271251 0.257303228409 0.584009630983928 0.926391563552897 0.931262946323841 0.760937269660644 0.734175875550136 0.542682777449954
-9999 0.614289522673062 0.548877186702157 0.533534333953867 0.140724544507975 0.157988491309879 0.182098125833363 0.0569930607525748 0.152223052509726 0.0982579383617121 0.196660760138911 0.548137833902729 0.503852686961181 0.49990379375231 0.60145498264319 0.593954142459552 0.511622834892478 0.396801037823025 0.408546919970831 0.326937273257499 0.389659761822259 0.463877782749478 0.492915388349502 0.344831527399947 0.359762480911741 0.2640573534336 0.337738078997063 0.267821588749939 0.452407422926626 0.38069841775723 0.363675836524635 0.386948480809224 0.381888769879879 0.449538345492329 0.437726224845392 0.516761023391155 0.858470652019605 0.651721222311608 0.261235226389545 0.536534736966132 0.555981989236898 0.64140020913328 0.69747437555634 0.653835679258918 0.330632654367946
-9999 0.530456635715382 0.296449738016236 0.192694238648983 0.188349957170431 0.0971528354511975 0.189635445394742 0.230256690883834 0.701077657140559 0.378257358534029 0.576649767026538 0.733065315216663 0.88232153939316 0.663251744299487 0.729364537619404 0.713572257154738 0.509111078827118 0.399273416405777 0.530598266777815 0.483032920783444 0.442970945186971 0.480185975902714 0.494859918035218 0.417777398979524 0.3770666253331 0.586479450248589 0.27945535202889 0.242007557517354 0.284993508557818 0.264004896052938 0.418593252106803 0.590868455219606 0.365250719369214 0.464646901491506 0.504493172229559 0.529245356119645 0.577406482079823 0.512292000166781 0.429169771450688 0.48371091224908 0.526868874658248 0.576822736547911 0.722490700354683 0.632873705399106 0.617985253484221
