Archive - glowpa-model-master/Model input/Uganda/surfacerunoff/surfacerunoff_mar_1.asc
NCOLS 67 
NROWS 67 
XLLCORNER 29.5000000014144 
YLLCORNER -1.49999999936061 
CELLSIZE 0.0833333332926796 
NODATA_value -9999 
[rows 40 to 59 of 67, columns 0 to 44 of 67]
0.337006552399544 0.220966834604042 0.177659528617369 0.0895173674280159 0.106189492043995 0.152854685893544 0.253710359174875 0.448595160378318 0.547166679098154 0.502292275996297 0.414597877352207 0.831097262562253 0.747509417124093 0.732042550225742 0.779529866122175 0.704356707501574 0.759178958105622 0.601027673837962 0.856488546560286 0.83208199339424 0.761715858971002 0.735462704142265 0.773324684814725 0.521289108519341 0.496422725177581 0.495896319080202 0.206226483669525 0.157230142349363 0.21426253942991 0.246440336923115 0.306654406813323 0.431548177402874 0.340081330705289 0.705904490132525 0.711752833922219 0.710077581061341 0.527517476257344 0.54119558808452 0.474878091154096 0.503027932609257 0.48282663738064 0.573153991354047 0.502005143971473 0.76910774987482 0.727810713215149
0.262200086126541 0.112310597387477 0.173947580151435 0.117369741928997 0.202393323888828 0.253546194926457 0.56555531500635 0.48244982099277 0.644730843305297 0.608002043009037 0.410907404329919 0.529311217178474 0.769771708291955 0.825297380288248 0.812803991721012 0.698046413162956 0.685869857989019 0.610527692515461 0.538311279342452 0.538351378054358 0.41678760862851 0.767843276662461 0.749482954233827 0.621208082066005 0.381779458194842 0.333260274231861 0.160200664367949 0.410914664826123 0.371833581084502 0.411813804930716 0.253940915627027 0.499107302857738 0.498744483593327 0.485573010791995 0.478273706903565 0.461156804249185 0.468372455543431 0.51337330842216 0.468190906758537 0.54226760767051 0.487571485791705 0.522133042068162 0.503840799865429 0.839238555272459 0.750165405406733
0.141690705504516 0.26718569915829 0.18998563518835 0.209774644645222 0.581003964725824 0.616254893429868 0.425170721428003 0.549134468201373 0.612676330092654 0.513754512212472 0.623414825895452 0.5423449938462 0.589319349273865 0.567907521144662 0.621967591541761 0.619831592302944 0.614617759310931 0.501228085340699 0.49743990348361 0.60209311232029 0.532996860783896 0.403472199309363 0.465066536207814 0.620839198290923 0.356637820488004 0.317963532324939 0.612335826190247 0.543951360214123 0.328808097492583 0.212322894924455 0.393710521166213 0.518355160238571 0.536343673047668 0.533073216502089 0.497045272823016 0.448117427822581 0.438475205100985 0.486697990709217 0.482876139358268 0.502039728417003 0.47683375669294 0.433303880527092 0.424070929511799 0.456339187621779 0.632616487564519
0.248335071773909 0.305734709399985 0.313936213387933 0.67448189292918 0.920154816412833 0.806176160040195 0.370325372387015 0.531205658262479 0.434380031038017 0.228558026265091 0.535266986844363 0.550270416169951 0.431115093306289 0.357288985924242 0.358402783604106 0.363156211278692 0.49355760029357 0.287895255496551 0.420673144617467 0.292533983667909 0.363714945393667 0.342476570352801 0.361706667945327 0.315882504906995 0.373128385717791 0.354876362820278 0.394795659133251 0.430144751391026 0.649721939339543 0.773034052144794 0.755723057409341 0.361837889613525 0.609056780376704 0.563051378776436 0.568318500882015 0.540325168003619 0.557827464035654 0.558740654923895 0.522125478710223 0.530706509380252 0.512971623720659 0.417454306443688 0.212942440612096 0.480151898955228 0.88762369887263
0.28133325622548 0.312460165332595 0.308302280245698 0.826371300718165 0.879043423992698 0.674990867537417 0.227590208851325 0.640100527562026 0.169162959537061 0.275049259926163 0.438566753473424 0.443301550149044 0.318838629482343 0.350386014360993 0.350683591591405 0.354554214823111 0.29929841593912 0.322059553695908 0.417305209793994 0.331813805473757 0.222133908522437 0.221458670523589 0.242867532847413 0.327327776631137 0.380629887615669 0.432907458446152 0.607792236451132 0.967287494177071 0.434878645066306 0.416889836770906 0.540684271982173 0.455656809208449 0.62949285711511 0.60321897490212 0.608849240961717 0.61389000620693 0.874217867021798 0.850646376420627 0.67949564436276 0.601908961471054 0.645077380795556 0.700175492966082 0.39100473804865 0.459230895103246 1.16255864486448
0.144397661870244 0.235372912811727 0.277095990441012 0.691553051183291 0.640473343537451 0.582187602049089 0.467768390080892 0.156498444766839 0.112887140176099 0.0676057043733636 0.356543142061128 0.295196216029581 0.340561001848982 0.340139045420074 0.314298061198315 0.300493013128289 0.259205906672832 0.262530234579117 0.280148968158755 0.215134105417292 0.290930246364951 0.237140666285995 0.246470243382646 0.355759220610707 0.468190322862938 0.676342863471291 0.907734120914938 0.496300096983759 0.23395115873015 0.444919706751534 0.494223648274783 0.484006675833371 0.687468531396007 0.645978265310987 0.436778744187905 0.635481252174941 1.03234065863944 1.10054323886288 0.817108109913534 0.358463994416525 0.361951090326329 0.350082194017887 0.416643256357929 1.08987085332046 1.4026606850166
0.194720355921163 0.233971202305838 0.47828445531195 0.643605500044941 0.677524088132486 0.437500078987796 0.465935869215173 0.0281391116914165 0.0103354680760503 0.159163631224146 0.321347954923112 0.358771298579086 0.31353464237327 0.300470884781134 0.235794522552624 0.240702983091978 0.20982171150763 0.295745471021291 0.170385087045588 0.182311749711062 0.205503000444196 0.362104982286837 0.341362903327536 0.335084836933675 0.749781600234201 0.786754497539732 0.680007537766869 0.416457040216756 0.468834432012954 0.475216562335845 0.461195092611888 0.472670715680579 0.477313026749471 0.489505868245033 0.46711532286281 0.471157791253063 0.69367439027701 1.46320120711607 0.857636912769522 0.319644654155127 0.667345497276983 0.337928679073229 1.07146184745943 1.90740440302761 1.9357610183306
0.299502255074913 0.249774912390421 0.525627694514696 0.707544599208632 0.710015254298924 0.666050815198105 0.17053253782251 0.00760759046514181 0.0196499664113503 0.175886024862848 0.307873679957993 0.303088220789505 0.267083353037378 0.276326378298108 0.3021365546374 0.291373036816367 0.427917305387382 0.338039015559843 0.194888937016913 0.40695771292576 0.462560629955533 0.310677725565256 0.379425817754964 0.348989837675617 0.727966998738339 0.544310521149782 0.438082102732551 0.439666346494505 0.455832367151743 0.47777994768694 0.428374947659904 0.46070506596152 0.538947998393269 0.965802993960097 0.947225838899612 1.14925353591389 1.37984576394956 2.00592942837829 1.59726570018393 1.48540088139271 1.45950852311216 0.571388398384443 1.57037862300058 1.90649445380586 2.02355381770758
0.354678987605439 0.288713002191798 0.432059052400291 0.211210675843176 0.211228136322461 0.25361635198351 0.211545853289863 0.43427034142951 0.657946141473076 0.450858962267375 0.344503801898099 0.350828116097546 0.297665117614088 0.345694716543221 0.31338377539214 0.315300991587719 0.309836978431122 0.238161810557358 0.432572441127377 0.370014787677064 0.29486878509033 0.407329933523215 0.518602240390464 0.52856931495171 0.438228590155632 0.258278273861379 0.561907625524327 0.548713214811869 0.670212630211608 0.471458200991037 0.412617345318722 0.759739861678099 1.09903932934685 1.33898827152734 1.90021060370782 2.18606378984987 2.43623138521798 2.02408429868228 1.80579887637577 1.76316173929081 2.06517810511286 2.07728561963449 2.00003003146776 1.97727597651465 2.01273711672911
0.166858268357828 0.151697382534621 0.154660030716514 0.0940754724751969 0.0861382262655752 0.0882894038340964 0.0347043588249107 0.227927436526443 0.711631092599418 0.321453480637501 0.290401887468761 0.255120484780491 0.273498928208937 0.326078509715444 0.281199547316646 0.192687446315176 0.288378351797292 0.30030563902983 0.195400410262891 0.461097690504175 0.494287989454278 0.423877344474022 0.495482469091257 0.673055872994155 0.402172905751286 0.736133411919582 0.215015350931935 0.663843805341457 0.3944003065115 0.401151586629567 1.27876567421481 1.01644484948338 1.53265755398024 2.00643808057066 2.42745696141355 2.43744607632834 2.50974279424554 2.35155887730798 2.01960628419329 1.90404329714511 2.02828715737269 1.91284894481214 1.81517059809266 1.87369088610012 1.78719566213204
0.357426234586455 0.428162485150096 0.612641521911428 0.274869651150311 0.0823445224114039 0.060047471663438 0.103485586578245 0.0729684429643385 0.143363292977483 0.186556365633805 0.251815285764678 0.251920063874422 0.269364550149476 0.325942918607325 0.227697638138125 0.152841375893331 0.268725193109276 0.54589200499322 0.183982159654761 0.461990867165696 0.464932973727628 0.437492071569068 0.432944741135088 0.407551662874539 0.696591573614569 0.431934714470117 0.389006512250489 0.373036130440596 0.596703237533802 1.44976482260972 1.70932822629766 1.811399809867 2.1494704997167 2.29708716869936 2.5917014982042 2.62243481574842 2.63584018466645 2.35775791406923 1.9266659492132 1.7432855493098 1.80397228041329 1.91501540393801 1.85728858559742 1.81776917133902 1.77145726854633
0.797454527400987 0.730811921300756 0.678395444538182 0.543957363845493 0.408522797101796 0.0411796845583012 0.0675498788496043 0.0616626796272612 0.173638062051396 0.33258298299188 0.0615780998032278 0.420374533860013 0.474186050269054 0.444441809122509 0.247036471819229 0.186994173191124 0.212369087876141 0.292270206955436 0.317737948989816 0.49909210270016 0.419156620637295 0.530175706671798 0.587535484100954 0.440718071104129 0.472756799013041 0.332325953422696 0.391377092455514 0.39943387855601 0.617264035099652 1.35375092304457 1.84859471210075 1.92999574665009 2.49683002039092 2.69345325978065 3.05634498181462 2.65834063247894 2.59844730226177 2.43787454655831 2.02525082204374 1.89422900075442 1.81546796056864 1.77843366691377 1.82963137876868 1.77322850595374 1.64194649107685
0.87511420139208 0.803118420378723 0.663851842730878 0.572005873806347 0.324414829776742 0.0424870320898663 0.0529053955347081 0.171835404444209 0.337265409143583 0.0657650578261837 0.295954048397107 0.079033296117359 0.481683146063006 0.309856342937564 0.287632905838109 0.363766578175273 0.323918771755416 0.295221650503663 0.311929041799885 0.588926178352267 0.524818057783705 0.634336933217128 0.620034740450137 0.369170452017897 0.405708841640262 0.411553706726409 0.474695504635747 0.409800740271749 0.659965008708241 1.07863787343376 2.10804818107135 1.48172842273198 2.38234950029437 2.76642101016478 3.34847397061822 2.82517959203687 2.82844590583409 2.4877924061002 2.28128097751323 1.92653848898772 1.84304698268534 1.78588267863233 1.69832554229288 1.7530435302433 1.62467048340886
0.980734409949946 0.845837176143505 0.666719681930772 0.513597985161596 0.0734395660515474 0.0467093268525787 0.178350406713434 0.427448721893597 0.440055137914896 0.416282893638709 0.457546884717885 0.472863620416319 0.395620057133783 0.387662955745327 0.316188518809213 0.352458433553693 0.34410158650644 0.394405834413192 0.361878797320969 0.370832881799288 0.284179012396635 0.304479985288708 0.66852833788289 0.370172356724652 0.400534336336023 0.434033375313447 0.424659295276797 0.52139640229143 1.09004761725373 2.13953133425093 2.19296914929146 2.35412793153955 2.56713253293128 3.06005379752605 3.05681484860543 3.00643143054913 2.87013823799498 2.42209442967578 2.20290902780107 2.04533309442922 1.8681578981159 1.81124253572307 1.72334289243281 1.6641465452949 1.65956796502087
0.896319382604815 0.719833726520847 0.317354099593103 0.0947590003761434 0.0698452367942082 0.144841824294417 0.340782947205298 0.465315325527627 0.327605198435776 0.497191376780393 0.505297188283294 0.363538684723608 0.414054932662111 0.361346806130314 0.396131415072887 0.359428048795962 0.362396946911758 0.358540103661653 0.384638354262279 0.447376004558464 0.243796593395018 0.314351082579378 0.702403542618413 0.706590180925559 0.417648127381653 0.27805882029952 0.192436763654769 0.877930060596555 1.69379385260982 2.26277429646871 2.28195102545214 2.5966120610974 1.91100790016208 2.76408556419483 3.03720858573797 2.700564224142 2.86233688166249 2.39969293852482 2.21131375474215 2.0637665193135 1.9942786784668 1.82354926323569 1.7539820038337 1.70801808656051 1.69393128578577
0.979248518433451 0.541736494142242 0.135315485749743 0.163760548275604 0.160925030286307 0.278608129519853 0.480996810438228 0.471295207717048 0.482782732433407 0.522109922712843 0.429068999437732 0.401660278839699 0.410758658290433 0.354336637883534 0.321878185786773 0.39805672258808 0.277645123787806 0.375501324469951 0.38714928950867 1.11890427979233 0.246240478418258 0.24802501366139 0.215704022252794 0.352701626070484 0.357380189143441 0.121460035131804 0.432769753388129 1.38886096465285 2.2544839416696 2.24142872912125 2.29003442700559 2.54112925085792 2.61149517973536 2.6406493389004 2.70497078145127 2.54307698651246 2.46970939224411 2.33551165911194 2.15119262429653 2.04005834120835 1.98913033364079 1.9612809710452 1.78396670276015 1.75324134431776 1.70435108742595
0.719634645520273 0.2179031664582 0.173915738514552 0.0113932637866299 0.231687871291797 0.474927829600347 0.560055316782382 0.465599961898988 0.418976044784358 0.546922996363719 0.401901773329882 0.35449383813102 0.364765664926381 0.369041280009696 0.386544658795174 0.494655962029356 0.324563737194694 0.474723598927085 0.616127700595825 0.345982299222669 0.452608483101358 0.408389251788321 0.315977345962892 0.240878517615783 0.285404758869845 0.126785814458685 0.47135069326032 1.92615140076668 2.21520173181489 2.31089101907855 2.28084142236185 2.30879896753322 2.2948241580707 2.55576868403296 2.73534906227724 2.3844864917919 2.36517633220501 2.23356219339621 2.08438359095453 2.00800343463925 1.98044395983743 1.97920724576761 1.92325355101275 1.77222332479232 1.71703943755119
0.20083533217985 0.211570638839476 0.206145745323738 0.0118081313704721 0.290011406832491 0.483871667711355 0.469413779683236 0.45261381274031 0.414934087530128 0.562228559829236 0.285237900243374 0.416486756876111 0.325713127494964 0.377060942810203 0.427858183684293 0.430596056048671 0.272591613111217 0.155824908688373 0.221721114485263 0.415551096921263 0.407636403906508 0.484211063849216 0.367914225989807 0.491351236632909 0.244283259689837 0.388593958177808 0.862912287630024 2.41026062758465 2.35133550359024 2.45781363901187 2.41193235115134 2.26087749706494 2.18362744317346 2.41542067851697 2.55749588995968 2.23323380396323 2.22990496695274 2.13753470507072 2.04315774908537 1.97291466383831 1.97793319648554 1.97724520603515 1.94599564861164 1.89078942025844 1.73078957260486
0.143554507758381 0.112944450279429 0.0663161237639542 0.180515492274935 0.280125940207654 0.409352314818534 0.32251828997687 0.383631055228761 0.509893956404994 0.494837776386703 0.490056452690624 0.423061342189612 0.270307602932007 0.302142594136967 0.318860969400703 0.407698875733331 1.02525160036748 0.16864105350578 0.357161878127954 0.291418689812417 0.293249156584352 0.329209524352336 0.246718693688308 0.115516143097238 0.280150274647895 0.26100476134161 1.65996415853442 2.28814930642329 2.41658399227163 2.46145553774113 2.40766276738213 2.24186885134259 2.11472592536666 2.09956589469584 2.24395178611303 2.11390380400189 2.11079961991345 2.04149919773045 1.98656879365444 1.94034352352901 1.97508583869421 1.98479392543049 1.94948806847606 1.88534357835124 1.78828974537737
0.134497213366558 0.125989412936178 0.152521361712843 0.19126543747916 0.236060106999503 0.250121354838484 0.23310226833928 0.482624152937206 0.45450869583874 0.559554586288868 0.575456579099409 0.298117397505848 0.410470457609335 0.26114933871213 0.340301896358142 0.380494622731931 0.384482919798756 0.368211525255902 0.42675107215473 0.667915758640447 0.723224751709495 0.415535259435273 0.305696590203297 0.343469041581557 0.366411895811325 0.495922272421012 1.08191638901189 2.65468164070626 2.59234198256308 2.64262355767642 2.42773456875511 2.31174178725269 2.14966334442579 2.10461445976762 2.24721655831672 2.13587424968864 2.12991397256701 2.08935843647851 2.02435455730665 1.97919061429275 2.01043356082664 2.03680734239242 1.99910290029948 1.92808282213264 1.82320606057829
