Archive - glowpa-model-master/Model input/Uganda/surfacerunoff/surfacerunoff_mar_1.asc
NCOLS 67 
NROWS 67 
XLLCORNER 29.5000000014144 
YLLCORNER -1.49999999936061 
CELLSIZE 0.0833333332926796 
NODATA_value -9999 
[rows 0 to 19 of 67, columns 0 to 44 of 67]
-9999.000000000000000 -9999 -9999 -9999 -9999 -9999 -9999 -9999 -9999 -9999 -9999 -9999 -9999 -9999 -9999 -9999 -9999 -9999 -9999 -9999 -9999 -9999 -9999 -9999 -9999 -9999 -9999 -9999 -9999 -9999 -9999 0.400126915337751 0.393628030906257 -9999 -9999 -9999 -9999 -9999 -9999 -9999 -9999 -9999 -9999 -9999 -9999
-9999 -9999 -9999 -9999 -9999 -9999 -9999 -9999 -9999 -9999 -9999 -9999 -9999 -9999 -9999 -9999 -9999 -9999 -9999 -9999 -9999 -9999 -9999 -9999 -9999 -9999 -9999 -9999 -9999 0.414598853240022 0.385869101592107 0.351889844750986 0.290358374513744 0.332012141825544 0.355080967892718 0.318511055866111 0.521571551871602 0.454004688890564 0.295670457944652 0.352853522144869 -9999 -9999 -9999 -9999 -9999
-9999 -9999 -9999 -9999 -9999 -9999 -9999 -9999 -9999 -9999 -9999 -9999 -9999 -9999 -9999 -9999 -9999 -9999 -9999 -9999 -9999 -9999 -9999 -9999 -9999 -9999 -9999 -9999 -9999 0.251433681569324 0.290769687580905 0.268007554495853 0.287447859591339 0.269643526735308 0.293343583052774 0.298000059046899 0.364971184353635 0.532982611730404 0.567759777368337 0.465133934085316 0.318600978971517 0.487914858240401 0.415506249737518 -9999 -9999
-9999 -9999 -9999 -9999 -9999 -9999 -9999 -9999 -9999 -9999 -9999 -9999 -9999 -9999 -9999 -9999 -9999 -9999 -9999 -9999 -9999 -9999 -9999 -9999 -9999 0.324524491134071 -9999 -9999 -9999 0.184424286999274 0.241676561472559 0.25069346975215 0.299094070214778 0.300089476240828 0.305539807868627 0.309454530452058 0.398698973185674 0.40640026145411 0.554732728232921 0.529031210135145 0.452923055490828 0.489512659441971 0.239106170283776 -9999 -9999
-9999 -9999 -9999 -9999 -9999 -9999 -9999 -9999 -9999 -9999 -9999 -9999 -9999 -9999 -9999 -9999 -9999 -9999 -9999 -9999 -9999 -9999 0.422099800744036 -9999 -9999 0.291779524559388 -9999 -9999 -9999 0.135670633653717 0.146422676152724 0.27493244579091 0.468791195999074 0.542115383723285 0.540750420441327 0.327612720411707 0.402700425183866 0.312594417209766 0.295817243113561 0.273049176485074 0.258899110122002 0.24526364995836 0.242641374370578 0.327712397393043 -9999
-9999 -9999 -9999 -9999 -9999 -9999 -9999 -9999 -9999 -9999 -9999 -9999 -9999 -9999 -9999 -9999 -9999 -9999 -9999 -9999 -9999 0.685666553181363 0.442006412413321 0.390318376048526 0.254939654496411 0.213795672607375 0.236434960697807 0.221173590034596 0.214131579014065 0.153595870187928 0.143678220410948 0.174311129512716 0.210636543670262 0.497681318847754 0.513248291099444 0.425511693720182 0.468133313006547 0.44430507477955 0.289505790988187 0.303875139707088 0.350311752299604 0.26490027539694 0.185002136959156 0.338956405357749 -9999
-9999 -9999 -9999 -9999 -9999 -9999 -9999 -9999 -9999 -9999 -9999 -9999 -9999 -9999 -9999 -9999 -9999 -9999 -9999 0.442290848695848 0.716716411261586 0.615542935520352 0.398000899622275 0.354465331383835 0.22992505523689 0.138280360488352 0.136375617444173 0.293618677460472 0.289515201984614 0.180768458221792 0.25702365928737 0.172933157273292 0.21409808550743 0.202365896939227 0.397121903006337 0.412720558415458 0.485865510199801 0.509572743794706 0.338891620231152 0.398983497689187 0.375500646441651 0.498643702485424 0.395327752812591 0.251812885835534 -9999
-9999 -9999 -9999 -9999 -9999 -9999 -9999 -9999 -9999 -9999 -9999 -9999 -9999 -9999 -9999 -9999 -9999 1.07376182677399 0.4658422067223 0.439184325387032 0.436297477335756 0.659950491353811 0.395970097088139 0.0785072236624274 0.0183591750122503 0.147677678910441 0.167190632510028 0.387793944355508 0.388780448702164 0.330911756918795 0.291068548449402 0.325651318689779 0.188679412303827 0.199721764829519 0.386824907764094 0.450024974270491 0.450967750111886 0.468498511509097 0.335030769292644 0.378176059712132 0.370822125660197 0.365862923445093 0.4409714765643 0.288958194687439 0.267008756054565
-9999 -9999 -9999 -9999 -9999 -9999 -9999 -9999 -9999 -9999 -9999 -9999 -9999 -9999 -9999 -9999 -9999 1.07264352300263 0.544976859600865 0.475890658890421 0.484500475977256 0.740953631975572 0.437023818449234 0.313274965719756 0.107154103403673 0.154165114395255 0.31753840357851 0.350429280842945 0.33961204235311 0.331868952798686 0.332801832882978 0.357279857325921 0.384742172172992 0.205382494414152 0.222835318936632 0.435942723015614 0.477978213893948 0.458527380942542 0.361650681497849 0.390412528759043 0.40820816593623 0.535429264346021 0.352446281794982 0.304791274174931 0.299865679608047
-9999 -9999 -9999 -9999 -9999 -9999 -9999 -9999 -9999 -9999 -9999 -9999 -9999 -9999 -9999 -9999 -9999 0.689323496771976 0.543824050510011 0.490626526243432 0.832166232612508 0.580716844524432 0.0785204407165452 0.00390070417566335 0.105640935572637 0.289137427444075 0.264082324520132 0.234435185120674 0.232490617690928 0.361446376700769 0.363025946626294 0.391330318961991 0.405327819862578 0.239933017837757 0.215535698316671 0.236777927511866 0.434647216025041 0.445420369032945 0.656835723930271 0.568842430766381 0.603556670284888 0.409725010285911 0.527080296706117 0.488143630718696 0.368691047697212
-9999 -9999 -9999 -9999 -9999 -9999 -9999 -9999 -9999 -9999 -9999 -9999 -9999 -9999 -9999 -9999 0.603446429067844 0.63134860010905 0.504946765431669 0.370622434274992 0.617243229498854 0.141601798418378 0.149350027243145 0.00431206494155845 0.00173954284657385 0.466133747067943 0.447453124252206 0.443011339484656 0.424613658651651 0.407752168030129 0.406164526793873 0.425230164182722 0.461419182101963 0.678085363688297 0.26538200881987 0.287049735106848 0.268153567503759 0.520058528309164 0.624234163296933 0.663004357193131 0.426892341238272 0.396638676647854 0.365835230695666 0.504434652611963 0.478476652460813
-9999 -9999 -9999 -9999 -9999 -9999 -9999 -9999 -9999 -9999 -9999 -9999 -9999 -9999 -9999 -9999 0.602733399318822 0.707890190824401 0.514389677846339 0.307908246213628 0.563194862479577 0.289281321784074 0.00330506373202866 0.121708571839463 0.206811070256663 0.527808081642434 0.48402197080577 0.504137177813391 0.499654377563274 0.293988377052301 0.500991747685475 0.507124076648324 0.516775101459643 0.675880536618934 0.604898527853948 0.293461535420647 0.295333229132666 0.335243235895177 0.646199343464104 0.466031168798509 0.447557759798656 0.403809520321374 0.346376961715578 0.337806534844276 0.344464629051799
-9999 -9999 -9999 -9999 -9999 -9999 -9999 -9999 -9999 -9999 -9999 -9999 -9999 -9999 -9999 0.586843920245883 0.616448395703628 0.751397017666022 0.524474705343891 0.671047570904193 0.22597060467433 0.0170607196317007 0.00645409381405671 0.0719602162746469 0.583587906476168 0.49828394458018 0.485309975374548 0.522003026162565 0.554626612029097 0.438056721122848 0.38291334249152 0.722195372873102 0.338364934577839 0.379749026251375 0.511936033035454 0.409956036492076 0.330173862494121 0.431549862696556 0.42899613345071 0.470604015390563 0.44777235325455 0.413175056564796 0.368977274774807 0.315752267397329 0.302419427953282
-9999 -9999 -9999 -9999 -9999 -9999 -9999 -9999 -9999 -9999 -9999 -9999 -9999 -9999 -9999 -9999 0.778844884735008 0.928368215681985 0.46283652591228 0.679509386827704 0.241543422134782 0.0318296321601963 0.00244731743317961 0.237323818964796 0.538516536835232 0.530990409060905 0.58183371402265 0.595644661188999 0.332883911596582 0.433857425832684 0.4827261200262 0.521693537848478 0.454337224709889 0.537590476596961 0.522029662533896 0.594696521147853 0.596538204263197 0.35054227191722 0.482409507640114 0.387612449230801 0.354891110873723 0.411488296776952 0.387746030355629 0.336895835062023 0.329426736243477
-9999 -9999 -9999 -9999 -9999 -9999 -9999 -9999 -9999 -9999 -9999 -9999 -9999 -9999 -9999 -9999 -9999 0.892233172635315 0.800453215560992 0.127611903280922 0.214778993608888 0.217280820152155 0.12406528981046 0.554135744096129 0.503379435031093 0.547209002434101 0.554604562239547 0.56670174581086 0.448947766926722 0.542525545824901 0.576600460590271 0.58357175294077 0.488428416247189 0.556063773728965 0.604435600507713 0.62800400701235 0.495490654429886 0.598935103880649 0.374426520465931 0.35792294966086 0.358741663148976 0.482697099869256 0.607783384111826 0.667988846544176 0.639712085103383
-9999 -9999 -9999 -9999 -9999 -9999 -9999 -9999 -9999 -9999 -9999 -9999 -9999 -9999 -9999 -9999 1.18480385390285 0.823284812213387 0.544863721188449 0.588870663705165 0.335427549089218 0.0407849168908569 0.000682373390085457 0.644298437691759 0.483077285934996 0.488815686367161 0.522729063050065 0.559020165383117 0.420574740019219 0.446015588750015 0.572969002860191 0.528705708347843 0.648869846372691 0.734660374291707 0.909202804905362 0.636141403447255 0.50403003115207 0.573198783058615 0.462008271824743 0.300992466691241 0.516042166964326 0.552124599380477 0.666471782096778 0.651878141070483 0.638306712062331
-9999 -9999 -9999 -9999 -9999 -9999 -9999 -9999 -9999 -9999 -9999 -9999 -9999 -9999 -9999 -9999 1.17191094977898 0.779289943238837 0.595322727349412 0.550702041437034 0.263960673692054 0.040294625719639 0.00100674703026882 0.138480063583302 0.492307298372907 0.470740961645788 0.509407918798388 0.53017928985355 0.39750223959345 0.4286877647246 0.507253635078087 0.545628035069967 0.957462129008491 0.745136283512693 0.657138883070729 0.662878387629462 0.594606855884194 0.493622558678908 0.518597767950268 0.413987115280179 0.273939932867506 0.344788571055687 0.325039656217996 0.297889365810988 0.306266949337441
-9999 -9999 -9999 -9999 -9999 -9999 -9999 -9999 -9999 -9999 -9999 -9999 -9999 -9999 -9999 1.04058591568901 1.05932313454105 0.702214831107995 0.426735999099037 0.500260167427768 0.214709000829316 0.287944766569126 0.00680236400180112 0.159835777139961 0.329137641983834 0.425929764787725 0.463499736724771 0.501827751577366 0.45028808654024 0.437872594375222 0.589148115068383 0.643463368760422 0.56294189653272 0.64474948158022 0.554388405362261 0.670641131364391 0.521851897246961 0.497644099596073 0.462307847556076 0.44093318774685 0.392627590372285 0.370009006473992 0.33902609402503 0.333882136146713 0.28224429297552
-9999 -9999 -9999 -9999 -9999 -9999 -9999 -9999 -9999 -9999 -9999 -9999 -9999 -9999 -9999 0.720851385267451 0.926687347600819 0.686016681356705 0.338574757734023 0.353441798324639 0.268369125024037 0.222044908241514 0.286409787577213 0.146335141039344 0.269648991661597 0.427527334068145 0.459816208604025 0.508732082380448 0.370559963357664 0.433772585893166 0.479875892779091 0.603105717345898 0.651376087262179 0.621100896751159 0.503535757161444 0.508861212438205 0.569385771996167 0.486082390125375 0.456233479781076 0.50725850269373 0.645945428914274 0.524333720022696 0.323324585224327 0.359070469585276 0.363995824955055
-9999 -9999 -9999 -9999 -9999 -9999 -9999 -9999 -9999 -9999 -9999 -9999 -9999 -9999 -9999 0.618806907368707 0.92143955953361 1.11454112811771 0.481737580230401 0.279860410955735 0.243196816882119 0.205819121219974 0.429417921623099 0.174138236957333 0.21512912644539 0.234124624512333 0.399115792788507 0.442448105786752 0.349138178535213 0.409053439398122 0.445415498688817 0.468435991933802 0.846855515192146 0.679934899380896 0.679355047395802 0.748653699702118 0.734282004486886 0.427396647864953 0.432728094892809 0.430679988312477 0.379187355974864 0.671867395794834 0.636719893009285 0.527238998984103 0.361316943326528
