Archive - glowpa-model-master/Model input/Uganda/surfacerunoff/surfacerunoff_aug_1.asc
NCOLS 67 
NROWS 67 
XLLCORNER 29.5000000014144 
YLLCORNER -1.49999999936061 
CELLSIZE 0.0833333332926796 
NODATA_value -9999 
[rows 0 to 19 of 67, columns 0 to 44 of 67]
-9999.000000000000000 -9999 -9999 -9999 -9999 -9999 -9999 -9999 -9999 -9999 -9999 -9999 -9999 -9999 -9999 -9999 -9999 -9999 -9999 -9999 -9999 -9999 -9999 -9999 -9999 -9999 -9999 -9999 -9999 -9999 -9999 0.474915100312501 0.468112707494583 -9999 -9999 -9999 -9999 -9999 -9999 -9999 -9999 -9999 -9999 -9999 -9999
-9999 -9999 -9999 -9999 -9999 -9999 -9999 -9999 -9999 -9999 -9999 -9999 -9999 -9999 -9999 -9999 -9999 -9999 -9999 -9999 -9999 -9999 -9999 -9999 -9999 -9999 -9999 -9999 -9999 0.510111949552083 0.457953578006709 0.420219165789604 0.363828660283616 0.41094546804743 0.434451073488162 0.412015074289229 0.706856953001989 0.65996886951325 0.375634027477645 0.44819816139352 -9999 -9999 -9999 -9999 -9999
-9999 -9999 -9999 -9999 -9999 -9999 -9999 -9999 -9999 -9999 -9999 -9999 -9999 -9999 -9999 -9999 -9999 -9999 -9999 -9999 -9999 -9999 -9999 -9999 -9999 -9999 -9999 -9999 -9999 0.419366995629389 0.353519967575266 0.335319800342404 0.362554766979883 0.345948968060839 0.389433944746997 0.395660533740738 0.487759749375982 0.757182882807683 0.827499588922365 0.651873377137235 0.4509235623118 0.658312670566374 0.835718069538416 -9999 -9999
-9999 -9999 -9999 -9999 -9999 -9999 -9999 -9999 -9999 -9999 -9999 -9999 -9999 -9999 -9999 -9999 -9999 -9999 -9999 -9999 -9999 -9999 -9999 -9999 -9999 0.678771600178152 -9999 -9999 -9999 0.432660332535306 0.313510136493278 0.312767122522928 0.373745012439031 0.376694717488135 0.389466395972704 0.397643832457106 0.528321475940174 0.569292898944695 0.764723102292919 0.827384811600496 0.698485036991769 0.902761312318034 0.564224327263219 -9999 -9999
-9999 -9999 -9999 -9999 -9999 -9999 -9999 -9999 -9999 -9999 -9999 -9999 -9999 -9999 -9999 -9999 -9999 -9999 -9999 -9999 -9999 -9999 0.54672341366313 -9999 -9999 0.585011869134178 -9999 -9999 -9999 0.399101669472657 0.389765061981961 0.428316588113375 0.571181069972226 0.662519133584283 0.671797037284705 0.422315512878413 0.631194502602739 0.710514148522634 0.675829581723519 0.775345499278046 0.766942080190347 0.742824218832538 0.596972585299227 0.429072837050626 -9999
-9999 -9999 -9999 -9999 -9999 -9999 -9999 -9999 -9999 -9999 -9999 -9999 -9999 -9999 -9999 -9999 -9999 -9999 -9999 -9999 -9999 1.13577821684885 1.22060364992649 1.1446028042883 0.515440920480614 0.521983838098095 0.610265259638254 0.594285776060133 0.620738921952579 0.427193641598933 0.432433434070845 0.471976682547393 0.44490661503005 0.675303018397244 0.699895994330291 0.779896853600803 1.16656767932 1.19926410934568 0.844826422508049 0.803824909780815 0.640022894003778 0.593582614328625 0.490722668928356 0.449333582764666 -9999
-9999 -9999 -9999 -9999 -9999 -9999 -9999 -9999 -9999 -9999 -9999 -9999 -9999 -9999 -9999 -9999 -9999 -9999 -9999 0.745644125800027 1.20468272416474 1.17188216609065 1.28239871355618 1.13128061548196 0.805347686991809 0.408555293233803 0.278498906823188 0.379837966193008 0.42315049086028 0.434212742902673 0.673781392833916 0.494093775159854 0.659914298466902 0.600049783770373 0.976955394435208 1.01462991824519 1.26921943228808 1.31567626613105 0.83333370184846 0.697826769282983 0.566502391848189 0.659085891129507 0.468190047286043 0.389559527320671 -9999
-9999 -9999 -9999 -9999 -9999 -9999 -9999 -9999 -9999 -9999 -9999 -9999 -9999 -9999 -9999 -9999 -9999 1.46712279274652 0.767496513162769 0.666407010612602 0.613190561580268 1.07697401472251 1.22511584640961 0.425604004419711 0.316724867438722 0.536685410111204 0.547607233556846 0.592188048358366 0.601892852500896 0.696354395131493 0.764089579661231 0.868010406065878 0.593095518070186 0.633991614222396 1.07706806193164 1.13660089573386 1.1706894119925 1.20846023037302 0.672138117806753 0.601617277425248 0.477615575618984 0.424552279582713 0.535261805453047 0.454448048458289 0.414671180351434
-9999 -9999 -9999 -9999 -9999 -9999 -9999 -9999 -9999 -9999 -9999 -9999 -9999 -9999 -9999 -9999 -9999 1.44328664828208 0.734623320568062 0.646861413770239 0.631000550129102 1.03388947354688 1.1793430248872 0.814812138742127 0.871790929977578 0.682894106716958 0.796012073806196 0.870477526405011 0.832542938042025 0.827232551273482 0.891271243290248 0.957487429332105 1.04717683825584 0.655427688570853 0.720210110557673 1.21858162037825 1.28627015419625 1.27541349684179 0.648919291961647 0.615898272371851 0.501334307045909 0.552545616301359 0.436171639194072 0.478620000649244 0.444645036168367
-9999 -9999 -9999 -9999 -9999 -9999 -9999 -9999 -9999 -9999 -9999 -9999 -9999 -9999 -9999 -9999 -9999 0.911432082830288 0.713586799065524 0.65173742314073 1.11829811612552 1.22459717567835 0.654064589411973 0.502149527143558 0.989398012052334 0.854388656762239 0.69382361971293 0.699059201906493 0.690446051066829 0.975885376647057 0.989293313978123 1.05624049410835 1.09759746010241 0.77514070972029 0.708915366885776 0.778135839937022 1.26467721202062 1.27188495571318 1.04914139046741 0.674325882755511 0.626921259026858 0.509923128447554 0.590565629863704 0.545774581041769 0.381930356525118
-9999 -9999 -9999 -9999 -9999 -9999 -9999 -9999 -9999 -9999 -9999 -9999 -9999 -9999 -9999 -9999 0.82948131057492 0.798586288510705 0.770664129049692 0.857725719924929 1.34507199527434 0.663607178694292 1.07014209061163 0.452975742234685 0.384948672113694 1.11135486986313 1.12664998687251 1.12392309165443 1.16289950346982 1.11696997282706 1.11805355936667 1.16298098055267 1.21804610625986 1.06801258607447 0.80646094693293 0.92235185456957 0.767280683703575 1.26950345929799 0.736568881620769 0.696942834110814 0.595604744376033 0.609231538874155 0.563350920856465 0.62216461810749 0.626048888989317
-9999 -9999 -9999 -9999 -9999 -9999 -9999 -9999 -9999 -9999 -9999 -9999 -9999 -9999 -9999 -9999 0.792269408520951 0.939819521590834 0.817500715129427 0.910858314000507 1.45390398211021 0.610095389220078 0.507517362848375 1.01604779092668 1.20768871147447 1.31908417006343 1.27033033822954 1.27299855921592 1.342349609331 0.756215954879735 1.27509545382054 1.31401387261576 1.34835281460255 1.13893834259216 1.31543488896568 0.891111235432618 0.824572557576175 0.613963238720316 0.764096241255174 0.65088949213532 0.671000539114175 0.63405701348529 0.564837612728297 0.500105574246845 0.522538157383678
-9999 -9999 -9999 -9999 -9999 -9999 -9999 -9999 -9999 -9999 -9999 -9999 -9999 -9999 -9999 0.742423146220972 0.901201042324828 0.988934222732496 0.889704275323311 1.55349385931913 0.977439763573784 0.54539790517083 0.508520165098503 0.991209567473561 1.21638113614608 1.34046903986018 1.33016388372198 1.38994755616295 1.40763967374369 0.664362837596855 0.62614439502795 1.158418453997 0.677744387303392 0.676210145684308 0.764302574680187 0.866912137098552 0.911147912120214 0.614321108514559 0.577389133468387 0.642313901153102 0.677153395372443 0.668285871142871 0.59905237503699 0.455480633718253 0.429859818723344
-9999 -9999 -9999 -9999 -9999 -9999 -9999 -9999 -9999 -9999 -9999 -9999 -9999 -9999 -9999 -9999 1.05256994083902 0.948116925428621 0.99586599117174 1.52634802361717 0.545991875924301 0.351441736427205 0.266753497953687 1.11308936084242 1.36343181020493 1.41296475339914 1.51803711833054 1.5622971141056 0.793106829405588 0.629657223726099 0.703346689078899 0.800604556388862 0.691949820065929 0.822510740363214 0.747219650293118 0.835989640108892 1.02423378120875 0.806072688646964 0.723922998986382 0.59831561975443 0.5334279503586 0.672249010676751 0.63060211687116 0.494004107167711 0.424074407419539
-9999 -9999 -9999 -9999 -9999 -9999 -9999 -9999 -9999 -9999 -9999 -9999 -9999 -9999 -9999 -9999 -9999 0.874779198056785 1.57456557644764 0.938014984967595 0.391416791330812 0.897764883575292 0.696195485033968 1.13796690675372 1.252900828149 1.36559877137188 1.43311699594051 1.4837833114143 0.835541601190926 0.749312493098842 0.820454674794746 0.867903809194104 0.748522730646073 0.871069894856191 0.906164763364359 0.883713182702195 0.700650000908354 1.00670961364813 1.01519054896926 0.898460889402486 0.654249440231069 0.529294467924046 0.677637179251178 0.729465033145971 0.65485902086948
-9999 -9999 -9999 -9999 -9999 -9999 -9999 -9999 -9999 -9999 -9999 -9999 -9999 -9999 -9999 -9999 1.19848637041287 0.804651102953358 1.08341931263567 1.33603277572547 0.537632325631421 0.188018132945444 0.0395078085375644 0.838135199046519 1.08233044284134 1.15955772071175 1.28627215781307 1.40124849440326 0.622199489043851 0.606918762059649 0.79238035959861 0.745489252949483 0.946730631767423 1.24954496277496 1.35578535991954 0.888821035914589 0.713880055627669 0.79868767716107 0.836334372252168 0.995410914583772 0.943556728998374 0.760671896387066 0.819233593574609 0.741417514291243 0.672963111355784
-9999 -9999 -9999 -9999 -9999 -9999 -9999 -9999 -9999 -9999 -9999 -9999 -9999 -9999 -9999 -9999 1.1632541736617 0.75542796002992 1.11001070399652 1.21103953460988 0.591578671901516 0.139942391669479 0.0479418861090153 0.679938842949923 0.868607826305379 1.06380449869903 1.15831860330218 1.24563819463219 0.534295041688893 0.569586197343597 0.678098918797332 0.74440197840886 1.28517867233313 1.10063775355229 0.953266533542774 0.916263445105869 0.834934904560214 0.696065656484279 0.734571146495 0.826003156362276 0.820692421257263 0.602131975028897 0.485123654016206 0.445451716586831 0.439957883827446
-9999 -9999 -9999 -9999 -9999 -9999 -9999 -9999 -9999 -9999 -9999 -9999 -9999 -9999 -9999 1.02885403430264 1.04750430182321 0.699076253113162 0.840152159071295 1.07960009700037 0.571481270981167 0.549675425645546 0.0414252388125647 0.551313825326361 0.65977244048554 0.89548505275161 1.00405186185526 1.11948769608716 0.589972549278173 0.563313786187791 0.769415125432715 0.848757529638533 0.770855321206909 0.885974402081047 0.78298021981027 0.914211033887113 0.732174478798697 0.688630423610448 0.647425873467 0.612801208262681 0.697419423886458 0.389064218779822 0.42169107200607 0.464491226011887 0.41070211909755
-9999 -9999 -9999 -9999 -9999 -9999 -9999 -9999 -9999 -9999 -9999 -9999 -9999 -9999 -9999 0.706031837580667 0.904069069292746 0.674465876727481 0.729646660147409 0.962860185609316 0.691899505909532 0.544625917882513 0.494305422762409 0.506173284975375 0.588536243185445 0.82741961159627 0.946290419051365 1.07164944984106 0.526690366768889 0.552225409592211 0.621865580797021 0.78307503463293 0.849183664286102 0.853741531500418 0.761050735491153 0.772685903939418 0.840517303913657 0.682212630636059 0.640550644675386 0.69299001370382 0.84334813800524 0.569642624213884 0.333292654886463 0.395939061490935 0.455015009720228
-9999 -9999 -9999 -9999 -9999 -9999 -9999 -9999 -9999 -9999 -9999 -9999 -9999 -9999 -9999 0.597031022152805 0.901085442819749 1.1163494491484 0.643494321593607 0.789579892625625 0.645330631414254 0.432560640547308 0.487951335344405 0.493161338226855 0.420393438162137 0.559309710979505 0.780789001510129 0.899762041626673 0.511600459958572 0.50732809722831 0.564871095775743 0.605674161306524 1.16559532034444 0.961825031481567 0.95907873219403 1.04573374301253 1.03562940603297 0.671165660605766 0.620596638327697 0.590504863794195 0.530858187630656 0.829774375233683 0.665345110064663 0.550594987544173 0.392358728731779
