Archive - glowpa-model-master/Model input/Uganda/surfacerunoff/surfacerunoff_dec_1.asc
NCOLS 67 
NROWS 67 
XLLCORNER 29.5000000014144 
YLLCORNER -1.49999999936061 
CELLSIZE 0.0833333332926796 
NODATA_value -9999 
[rows 40 to 59 of 67, columns 0 to 44 of 67]
0.356804669991106 0.234089281548222 0.189164057701419 0.0878014628824531 0.111593661131337 0.168605913358988 0.274402976629062 0.481668668726343 0.588909998441522 0.54474545231642 0.452963100542547 0.87174866348505 0.784873507654993 0.789030582382111 0.831622086479911 0.756250807171455 0.791005801147548 0.649995762614708 0.859100931847934 0.815282201074297 0.758317379222717 0.722416274584248 0.762647602641664 0.650845341056083 0.569488902101511 0.491562128445366 0.227564833494398 0.199737303319125 0.285672424070071 0.254488480550208 0.308102808503463 0.436370031820843 0.35206129132348 0.756040695705451 0.771805979638884 0.787232233051327 0.540459446710884 0.543278675650072 0.544249716767808 0.572713018300419 0.516375427650928 0.569862379961705 0.49977921298705 0.774753878431511 0.735498397261836
0.278728331522871 0.119800062293507 0.188813941804256 0.134249050006474 0.225017035972996 0.282474630239449 0.60467984258139 0.523971310940397 0.785551841545384 0.692104622430634 0.479067545711587 0.616299817920662 0.839846721646609 0.926118369534379 0.872768432600424 0.757318073738134 0.734054194253986 0.713298810296692 0.740865831176052 0.658535169350216 0.483291436921718 0.781941404056852 0.778709826590784 0.822998269768505 0.420737060267129 0.401786004260885 0.228042506932979 0.426442617026623 0.378106634343567 0.425321203692874 0.258367162587092 0.511212260789762 0.524321324519406 0.516511019213794 0.55161014870464 0.563346272429044 0.526609005191858 0.52398215575522 0.469087269266311 0.538449531632068 0.520177668477118 0.557146546270815 0.509748552758538 0.841028255308629 0.753278331103502
0.147960925914958 0.27897465542992 0.202299758711888 0.238525983604632 0.631427490588976 0.673536718750256 0.444227117441187 0.624673903075745 0.71499031764688 0.609129812801257 0.732173528376734 0.641321860712196 0.667254607833456 0.655152089166222 0.729919478544616 0.647682839371555 0.632709570709267 0.574674797462649 0.736297422918142 0.68064620882069 0.590899583585269 0.974996122749872 1.04878746105896 0.725290914601828 0.41301061867216 0.39566640157318 0.685968513607804 0.590548863783624 0.415548453020165 0.512763936569627 0.42634795727281 0.526192196048214 0.544765836821171 0.544270272257563 0.548048363270937 0.533678482497635 0.494704390348488 0.493575848850014 0.490858032208052 0.518796235155605 0.513689030867681 0.478520077649591 0.441212746409292 0.458555896329926 0.631261868875299
0.26136678070543 0.324901109706843 0.333667770064494 0.736165206035366 0.876931548191351 0.687297871991177 0.433298942880356 0.648918360639072 0.576795526285423 0.270639253812988 0.623943581558706 0.640490932710236 0.559361617888499 0.507267256580235 0.489654592001898 0.561496305181208 0.524296035109728 0.413030786148738 0.49143331580126 0.586560938586445 0.460383684867338 0.454668366558053 0.471617410198633 0.436321812685492 0.526924426765163 0.418534837308471 0.445878257892218 0.454010050646048 0.622825142841066 0.723203126881344 0.782637003794662 0.3624882629083 0.616113902651705 0.573883643482986 0.578896738261392 0.559102240913489 0.557914427190553 0.555938118850463 0.52893674455845 0.555237176740775 0.548283378520864 0.452487985967309 0.22114798275652 0.47127722427831 0.765433456763276
0.296424921089056 0.330134786963754 0.331033686961746 0.938367496928549 1.24942207276035 0.643045524611807 0.288650953734759 0.726384718291229 0.295605981818881 0.337550033691514 0.515330972120864 0.57081735576503 0.46710528067706 0.490355355850625 0.756768466317226 0.689276239199899 0.510116580585418 0.841269624288543 1.34309221994044 0.816115275029006 0.385937761734567 0.388355429890908 0.680457897942688 1.14035757087549 0.488348525550464 0.492705094131907 0.657616841408526 0.883074386024418 1.0316338497276 1.0402371803977 0.51881235322071 0.448600969320978 0.636028200460714 0.611650032624311 0.602353089561802 0.596606030740077 0.777506375015946 0.753643002099125 0.654452186608978 0.623046027612872 0.693001859872311 0.74073508130823 0.389118540624622 0.456560795100813 0.937453803089738
0.151040575246952 0.24770275604169 0.304186968151043 0.774411855672952 0.789129296208557 0.595842417169479 0.533976110091317 0.279810418305715 0.185225933364563 0.187010761351303 0.506002988004184 0.446817497049778 0.490396650093317 0.73909922321036 0.65639747572277 0.569440148979083 0.548721821360232 0.592782855505902 0.619437045997984 0.637265711020518 1.01538516582877 0.725583108874162 0.806563105925306 1.18895441846689 0.86843055009922 0.654080641879773 0.841240182239744 0.754183471997294 1.05410526005301 0.456819094324601 0.48889403569774 0.477168457109656 0.68569391987694 0.642230224912055 0.426485213210981 0.604743162512023 0.884479928572546 0.862892125951475 0.79239839942602 0.353922412614338 0.380391531507485 0.365677422450972 0.393806485590176 0.950932193518383 1.00709288221879
0.20649158022934 0.248989606006944 0.526821930179722 0.700161323948123 0.694953022502887 0.48711632098275 0.531150970346062 0.0411365143122566 0.0236696873230358 0.207389372462785 0.48519498159294 0.551266225556901 0.468813575025706 0.66818801633417 0.446388066166037 0.476044012202692 0.56282979039679 0.887397701262671 0.397982767253779 0.440586165950663 0.513348613651488 1.18248068065441 1.11194312739826 1.05155304277105 1.05199054951299 1.12994583241743 1.03785740407147 0.669138099055999 0.560943809887249 0.47551468196616 0.45946734098834 0.470263038550911 0.473525713459821 0.481271689750429 0.458450734186044 0.460914016912284 0.580076379264938 0.921582838600443 0.599226513713802 0.318489394885546 0.535608791324194 0.334183216182282 0.916181430511642 1.33251847182692 1.417673576384
0.314753358907183 0.26303478398404 0.579872907110257 0.754511673221714 0.784506541094743 0.788145551268826 0.270557921339787 0.0193168802482546 0.0279362692765517 0.21288702464517 0.470494539513311 0.472014740353188 0.442076912349876 0.449958638910175 0.450332845957746 0.407378476211306 1.0139591031475 1.05014635119005 0.460707836566598 0.621370024759926 0.599386650208089 0.971698071225546 1.13645664760043 0.999997682811227 0.938388002168722 0.793169270224325 0.728232991974664 0.715471117700872 0.653006749644192 0.479343169899948 0.432359812293726 0.462554849946173 0.537516545591643 0.970901654000045 0.881141026184196 0.949848623349681 1.01612826256314 1.17408798814722 1.03706459776731 1.02545300069323 0.927960870512834 0.498358229378937 1.04933273860297 1.27218552813702 1.39180462008426
0.3704934988491 0.310065300254792 0.567863432479498 0.299480734611279 0.287886265596171 0.34414980063957 0.266273193005873 0.481835939353914 0.714318896370969 0.436947027083079 0.470331074211572 0.537894421540841 0.48879646237765 0.494778219945147 0.470483245862852 0.430779611633625 0.583213135541882 0.465932432234695 0.641010016806831 0.604262102797293 0.513097629436743 0.747356548004063 0.958926701741802 0.847977616615481 0.997972515278889 0.700550970350378 0.642835228518379 0.663060183796915 0.823341744762729 0.479019250633428 0.417306020608521 0.776458358814125 1.00479625507433 1.07911607301503 1.33130017638905 1.42217832672031 1.58143675071187 1.46085232154292 1.29536327665392 1.14185852498849 1.31613110397666 1.32803586984664 1.28611841523707 1.24510429560587 1.26182235078431
0.17835325024862 0.170580478652482 0.230138492042897 0.134095742396312 0.128324765000798 0.111963518747871 0.0699575062412805 0.298690358931708 0.757976396926097 0.36670537383543 0.468545153580635 0.418564781739406 0.487964356580051 0.536081464815652 0.470671217954077 0.340017101279955 0.434556898653682 0.490070852720237 0.434943964251033 0.716237330379954 0.707259969885854 0.662755704809115 0.824150602284135 0.979560209088959 0.818157718413204 0.741099720471539 0.214500779065929 0.671895289997337 0.423449250735786 0.411981264733186 1.13402505667182 0.859963351103943 1.24678703014069 1.4138965618713 1.81178725142672 1.82016186772671 1.55485792538457 1.43143686341318 1.20379707715301 1.24768495334138 1.27044695545919 1.3616408323287 1.28307390173177 1.12030640525518 1.12864497850751
0.334937509933297 0.408413908644434 0.624622352006554 0.266346050295851 0.103181808810859 0.11672993502998 0.2266853407491 0.126648903574278 0.192329971696381 0.319296501402277 0.489287379423331 0.409347687309491 0.43760533344539 0.527320452420099 0.376749613224092 0.246471550099159 0.401116831653781 0.7298634000108 0.456474980296662 0.738457470902176 0.729147443166767 0.811420962236298 0.749943849086776 0.900618852028856 0.756631215153902 0.42970464892278 0.391531241803023 0.383345593036211 0.599034117840347 1.18647996714571 1.42726909484736 1.60469308548272 1.85947638465223 1.86475931127461 2.05371022457257 2.02196526242915 1.71169463783372 1.45225033531915 1.20282595207755 1.10219832299663 1.26931238071393 1.33092112810118 1.23856825257462 1.1656628239507 0.973308223706226
0.678661355436816 0.646000382403145 0.63988700048867 0.491884497222372 0.405208102506549 0.0737012531999426 0.117990943635959 0.114925196157856 0.308728665459057 0.598224463828956 0.18036387169218 0.644153698431182 0.644747029582504 0.596237496210961 0.372964936104836 0.272898661933141 0.310398529109079 0.376917326775583 0.515734777309262 0.777036451950153 0.802978722674652 0.791460898199148 0.90411755832065 0.974800704625522 0.573282103573547 0.339675270879525 0.399123682655045 0.410339817790373 0.619908829321503 1.10028089693515 1.66894420749486 1.5668543198899 2.0460792547965 1.96464025827936 2.19815335140083 2.08301446571113 1.72978477891661 1.54820062229533 1.52569741374009 1.37145181435017 1.25395422156771 1.14639536894856 1.16181366820456 1.07089702669327 0.883869081803823
0.771723534057855 0.758064657247814 0.626648045368938 0.561427475531673 0.351614418832469 0.0694316147473728 0.0965920950193322 0.307746683120058 0.638292822713993 0.200198929348971 0.59207408776274 0.17281139315628 0.635580518064671 0.42438656282684 0.39667424698564 0.462900283309864 0.414817768614739 0.349215685673698 0.513230747856142 0.822734665689495 0.884923771423018 0.859913863450856 0.809915084801105 0.680582474046787 0.629730861192002 0.468976434149226 0.470593692625698 0.413864740039571 0.675772007525666 0.982989201474993 1.68460622126076 1.29327703780291 1.87880662315365 2.14594664475953 2.44966885202302 2.21316787587966 1.9513140662184 1.80326341774162 1.40297362196407 1.36568348989385 1.23149190608274 1.12190508764343 0.982693084779385 0.998501744106761 0.813822764371253
0.968586123008208 0.817654346008112 0.593587730264744 0.493788433857389 0.0877502365028704 0.0564919911312245 0.246117270535251 0.6199753652254 0.64860949623835 0.675416825288266 0.970272234553704 0.831886030937312 0.544908640222275 0.540378624464211 0.411274648286053 0.402729966026527 0.395590139305568 0.536971972906031 0.636611970094236 0.720757970157138 0.558377542688504 0.600108191747495 0.828019318987572 0.676443809993543 0.621170249814895 0.513514238264179 0.420278596720891 0.519328399605001 1.10485790173698 1.85577829142858 1.84552100859037 2.01074141182289 1.94663003844653 2.64232569315936 2.36712020296181 2.09777473310169 1.97996202132344 1.86107574972993 1.67024162237794 1.49445416627714 1.23874744099339 1.12632046432282 1.01007406294684 0.905743079727017 0.849264949692952
0.813123619536782 0.629543847594505 0.30368264003755 0.102388052027891 0.0833537516200522 0.192451148905093 0.470747838789976 0.673422206091345 0.550396212020132 0.884109233993513 0.869184443217819 0.663520320813404 0.592022071032261 0.479482740047388 0.567101634715073 0.503161895267112 0.491094094741129 0.488295176182874 0.664806586428313 0.632090072940628 0.579347189159307 0.492175674480677 0.806246338470373 0.832501981676614 0.516279797864172 0.31246549667685 0.189513303894273 0.885328552612918 1.3527408700611 1.56117747212647 1.8660070545593 1.86034294904402 1.53592321476026 2.16144899786741 2.34890180308867 1.91845294330051 2.03239817165013 1.80524115785374 1.59794516093825 1.44966618563558 1.3297711816449 1.11516918173038 1.01000651125105 0.926895020199936 0.879918677469504
0.859146650441289 0.489830354126752 0.146456696711539 0.192204110589955 0.194786299061889 0.367802137589024 0.633853210274538 0.636725706499419 0.64833066517167 0.8606963647253 0.698623655807751 0.717464634362841 0.716756013389386 0.56153427613026 0.506400105223292 0.605590228587971 0.465856382561469 0.532773890881799 0.516777090069809 1.28367049001099 0.448326593186721 0.404000050821196 0.4751247212198 0.449109000555836 0.409368015880318 0.150388502333954 0.432163467849023 1.15842015111411 1.47331227776704 1.73783726552301 1.84718886430346 1.83734249208101 1.91818655673615 1.90933818839767 2.21172706187645 1.98112012617457 1.88528341732308 1.70326597435633 1.51720677195044 1.37225217486048 1.31344117062326 1.22819599801005 1.02075166466875 0.960968045205846 0.894692761590932
0.639690371372126 0.233119099902979 0.194390871456562 0.0137126623371842 0.307820427224215 0.598212790464459 0.640610952359566 0.542771608706971 0.497467941386276 0.769524409406586 0.660771892853518 0.57023949602808 0.594152286339522 0.57305600375912 0.494810467898787 0.658335563457513 0.494138454996573 0.546719195881451 0.716122362973692 0.500519397974131 0.532466192453285 0.550642309463001 0.449454834779317 0.244084376390674 0.288328582882968 0.130903293992901 0.475093868772092 1.42039979073161 1.60444088601253 1.76049747881279 1.83667919475283 1.90820445959616 1.94222196387273 1.81104011392108 1.93050998632316 1.83280568376176 1.76087486443066 1.5994799150576 1.42277982195083 1.29420021448823 1.26279012283703 1.20404931112716 1.13513984115343 0.961049843141382 0.914110218928954
0.221764435991645 0.265609503003361 0.25222718159057 0.0208315405085813 0.391333894640411 0.566576218261616 0.521605659741908 0.501486211760493 0.470858099106408 0.71799997749622 0.573728285871766 0.577175522266771 0.488030398628325 0.547509545867797 0.550005222066829 0.574968882574467 0.382302886009711 0.338527078724837 0.320339823474569 0.478359114822524 0.466739485545986 0.662222285427561 0.544216145499377 0.493430317874299 0.297303066417953 0.418373144384532 0.777363596171199 1.54996431137988 1.70789419735229 1.86175830640423 1.93308037728457 1.87175000974094 1.86067094182363 1.70245458093632 1.79092692815175 1.71526401686606 1.62893586775681 1.48787992657162 1.31840369431302 1.215976032654 1.20020308077073 1.19334780765712 1.13815936947503 1.08303539536792 0.918005134792566
0.189077600225573 0.16472528614031 0.106250533519869 0.316003818625177 0.359049160579161 0.488234043586999 0.368098227227165 0.428309006565541 0.648069099042914 0.620097772298323 0.605097819970979 0.543004341125197 0.423146750108572 0.449264048711484 0.430331349434709 0.577864043862064 1.12375054777658 0.180538226913995 0.376194722775836 0.367457667834969 0.357672639893281 0.375355053620297 0.255864374594239 0.132382619085547 0.287033172753581 0.305427628063626 1.11828193257679 1.64959228459338 1.76279979450555 1.88631397168137 1.91063265947378 1.83944999889718 1.80532259548727 1.75527195267478 1.81427536972478 1.58920712283361 1.50865060868455 1.38744367495747 1.24159126062295 1.14337673767295 1.15242064543963 1.15676654331764 1.1261110482792 1.07163288134871 0.974111417917811
0.189853361462156 0.214592504107713 0.307232058446516 0.365395738867846 0.310065284338634 0.305467291582318 0.284844418729335 0.676858275255654 0.530207442352548 0.644027031739824 0.699134418937319 0.437736850699366 0.553519970708294 0.415281663435962 0.435247800851357 0.397637916648819 0.438900900462613 0.415708732816711 0.482242559883161 0.680388579894498 0.73766404784692 0.508361299125681 0.31127549118537 0.37093082210049 0.427220595156541 0.528186871633807 0.827157898129371 1.7134430936494 1.90769601522334 1.97831213290556 1.85818566535545 1.82660893415232 1.76344613396395 1.67884499182946 1.75875085733423 1.54160535475967 1.49089407932479 1.37831980919145 1.23932979204255 1.16577722633338 1.17584476515731 1.15672479910245 1.13980056312357 1.09718508724654 0.992673852465487
