Archive - glowpa-model-master/Model input/Uganda/surfacerunoff/surfacerunoff_mar_1.asc
NCOLS 67 
NROWS 67 
XLLCORNER 29.5000000014144 
YLLCORNER -1.49999999936061 
CELLSIZE 0.0833333332926796 
NODATA_value -9999 
[rows 20 to 39 of 67, columns 0 to 44 of 67]
-9999 -9999 -9999 -9999 -9999 -9999 -9999 -9999 -9999 -9999 -9999 -9999 -9999 -9999 -9999 0.497089046803012 0.612077019468416 0.696300630806945 0.514950560500438 0.389843814446067 0.2654187733242 0.267820148110332 0.422007264205604 0.194697981555692 0.195962424186291 0.282054449371572 0.388894004572649 0.448736133876082 0.447358687779342 0.536075194759178 0.430998572483077 0.455746025181725 0.821705783891957 0.815081608379842 0.658046890748665 0.734254743292695 0.845427937747445 0.860951156937517 0.458983762655407 0.691316976372036 0.79571845344617 0.776140595917241 0.696774624884711 0.685837821947644 0.459034847153816
-9999 -9999 -9999 -9999 -9999 -9999 -9999 -9999 -9999 -9999 -9999 -9999 -9999 -9999 -9999 0.521553341968684 0.578058274186333 0.550137966456532 0.376602910819201 0.501607471051102 0.353514359630935 0.343094721756643 0.398170978769485 0.221187141050905 0.277074680070655 0.401918548050162 0.468500958959339 0.520768889145984 0.552847103790555 0.406380150707264 0.679399901855504 0.558868260668532 0.663946995700826 0.734044309865567 0.705819593349588 0.416686854805448 0.849984513479285 0.799559562437935 0.794581836089492 0.803502751296037 0.737636437406763 0.480577515190816 0.42665822456911 0.659289315080969 0.624603872893204
-9999 -9999 -9999 -9999 -9999 -9999 -9999 -9999 -9999 -9999 -9999 -9999 -9999 -9999 -9999 -9999 0.534259298547113 0.488890887027082 0.35334021640665 0.325449816045875 0.298710142033087 0.688880490088195 0.36765413278772 0.307221078628572 0.351659666193882 0.32016870636653 0.310410440306441 0.502924485772382 0.560755865080864 0.713184710548376 0.400796169742534 0.63932710327208 0.601199280936271 1.0020202571468 0.68784494396823 0.835331833513919 0.712078930519056 0.871317850396736 0.837818051877548 0.81382786447648 0.652575989079196 0.455786426755367 0.389179238482029 0.368985878594685 0.575117503103684
-9999 -9999 -9999 -9999 -9999 -9999 -9999 -9999 -9999 -9999 -9999 -9999 -9999 -9999 -9999 -9999 -9999 0.58996180723625 0.350713208263187 0.332297558998107 0.40606675656818 0.488942532456349 0.604342781571177 0.170500896274461 0.214545134440414 0.242091829250057 0.239796818959803 0.338366920004773 0.552775401047256 0.749998296669219 0.582896361265739 0.591657768381992 0.608780632319394 0.929838135562022 0.661058162222616 0.760367101975135 0.692980425810674 0.738765074856929 0.768006188081927 0.741363324777922 0.433434851402126 0.414026480029861 0.728059701941675 0.651465788905625 0.623032701696502
-9999 -9999 -9999 -9999 -9999 -9999 -9999 -9999 -9999 -9999 -9999 -9999 -9999 -9999 -9999 0.409265034249984 0.322304219025682 0.453891961115005 0.28075895852453 0.529430552887789 0.463015227296637 0.443320697513627 0.468147781930384 0.190726408732189 0.213624508887733 0.23487303087677 0.256323237181277 0.54893966535019 0.590214630392438 0.334289267357235 0.564718215173343 0.58513949807093 0.597154801653232 0.622763389401371 0.338751234266965 0.364541726412426 0.678073145536473 0.604826153903559 0.679129015225044 0.750861598135089 0.828821963295923 0.405476804189675 0.748607108107535 0.46365568323381 0.45568739551527
-9999 -9999 -9999 -9999 -9999 -9999 -9999 -9999 -9999 -9999 -9999 -9999 -9999 -9999 -9999 0.257132494880352 0.196312423668132 0.582575036787603 0.51124398396496 0.461400311451143 0.500005309049811 0.469522543610879 0.515257176687101 0.21402864558695 0.249868003265874 0.295511214744693 0.544289367098827 0.552569647879864 0.59537726065173 0.542499818038777 0.55784937194403 0.571938969187613 0.594990216086444 0.489721233861928 0.252158609328035 0.661353592477099 0.557392251721467 0.577635641093366 0.788237444794504 0.871403633937007 0.884524557477562 0.429672188147379 0.791894131907611 0.760883889597608 0.444405081907462
-9999 -9999 -9999 -9999 -9999 -9999 -9999 -9999 -9999 -9999 -9999 -9999 -9999 -9999 -9999 0.268305905137822 0.922421948416741 0.665097922819768 0.432031846912651 0.478733507179641 0.471108300757805 0.494310391957242 0.553715638829999 0.274733140486205 0.22122176233097 0.580167776206508 0.621575099103211 0.609415469625674 0.498450187478738 0.506386944834958 0.492768194817472 0.544837584129709 0.585541602958983 0.553649482753826 0.322980073178769 0.621826507085643 0.672561982355546 0.551397368326434 0.565427482797531 0.882414627994876 0.514972193741414 0.95572721784265 0.485108237626264 0.419380595303664 0.695944228937151
-9999 -9999 -9999 -9999 -9999 -9999 -9999 -9999 -9999 -9999 -9999 -9999 -9999 -9999 -9999 0.84084036279819 0.622619002797364 0.649484930590916 0.429551457273192 0.431437408224156 0.469102229075702 0.535716296752753 0.330413066421897 0.244003378611524 0.336647986841854 0.682060001054197 0.574905941903125 0.533093083504355 0.55715180678817 0.520484965818468 0.496071077577653 0.525878385815304 0.554301395823131 0.559444578357216 0.531034409505082 0.550605008356797 0.670610266752192 0.67780036260956 0.767710592299409 0.862829131619947 0.841310357827751 0.943132617976516 0.554334589651262 0.523537099070381 0.803243161499267
-9999 -9999 -9999 -9999 -9999 -9999 -9999 -9999 -9999 -9999 -9999 -9999 -9999 -9999 0.834277787362225 0.596469790707488 0.593020701671776 0.641868456568773 0.381374103710641 0.420585459210088 0.482784080674037 0.467809273459352 0.332742977661837 0.624614618573105 0.486332240143383 0.524173765370506 0.563309350582131 0.634007303233375 0.548838832401088 0.440684609202435 0.405549637889635 0.138072393838229 0.454453285783529 0.432222973358876 0.427253845373343 0.499113943533303 0.504760665535287 0.750106053601485 0.776105152908713 0.646264949864417 0.680892839227454 0.798222084995359 0.514475704221695 0.490123674353526 0.760986775276251
-9999 -9999 -9999 -9999 -9999 -9999 -9999 -9999 -9999 -9999 -9999 0.924653571928502 0.862387596498593 1.10391737689497 0.610840625540732 0.633884159242371 0.599827437213207 0.598061460010513 0.379717625705212 0.432494501637848 0.455769851669174 0.649038288429438 0.64350237880717 0.529777879819449 0.618506737737334 0.599704195337836 0.591597571656166 0.526671464285755 0.49636024141364 0.317083930440276 0.340333944677695 0.155840023467135 0.372931645870267 0.574568834963429 0.627459638963046 1.095154462746 0.653072179375158 0.643984022644872 0.559519702619582 0.63330482589663 0.449213167485141 0.46073966223048 0.505763458022557 0.957176774136315 1.02150256088862
-9999 -9999 -9999 -9999 -9999 -9999 -9999 -9999 -9999 -9999 1.04385248232575 0.772813116782345 0.859480130202428 0.6197661243732 0.612891065429721 0.611825684700307 0.576182689883353 0.585488444357907 0.181731453480438 0.319616079650586 0.447705081569438 0.442055546955089 0.495221410346858 0.55241320933419 0.608228542660072 0.528871204551251 0.727317156815843 0.575732871766377 0.489273096263787 0.175540403120067 0.371283840195247 0.351521421180223 0.579293244300061 0.31895385700409 0.360836271738663 0.618747530097608 0.364690518836142 0.533484638253867 0.657891438095248 0.833565851280582 0.818325948330312 0.859631164075836 0.924907441003597 0.944376078223286 0.471851097245235
-9999 -9999 -9999 -9999 -9999 -9999 -9999 -9999 -9999 -9999 0.424620106059592 0.637727906905639 0.397792609646785 0.438172801977998 0.412459134849996 0.372471269599828 0.403218248152371 0.165830040714354 0.350075657024718 0.498959397191356 0.502788728226733 0.495677716571663 0.623349793386296 0.612135807386949 0.765459090871445 0.764587213780032 0.669835218104708 0.560102920644567 0.475778549116512 0.215102261790889 0.365653804237809 0.677649031786132 0.670925895974506 0.637336721410975 0.364988809451461 0.373742806914379 0.695331616043404 1.23178705871396 0.995304524622043 0.978598552592302 0.949580653013982 0.954023232225154 1.0321795798518 0.914493951086115 1.00001784358028
-9999 -9999 -9999 -9999 -9999 -9999 -9999 -9999 -9999 0.88478994439356 0.408801424327976 0.711735131517344 0.42554460901556 0.470733821885005 0.429618297062007 0.400960768587311 0.339811599815221 0.335491160058154 0.546565925105824 0.545912218512967 0.486205545712437 0.502234501254861 0.497948513839219 0.582232285523787 0.485571476929181 0.49404270521336 0.63805183799559 0.530407256519538 0.44690459890262 0.448655312538904 0.547403305063199 0.399238899262855 0.745559271308593 0.783251789471251 0.728395407350035 0.694691410899395 0.604397153438185 0.61891783207102 0.805269186912483 0.450396539235953 0.771803967836604 0.347900828728598 0.92212622439547 1.13134835214623 1.20969384897762
-9999 -9999 -9999 -9999 -9999 -9999 -9999 -9999 -9999 0.81550741015235 0.495244515605009 0.579088201220657 0.466673298888054 0.496207133892312 0.453899021323423 0.434408744013126 0.646796105684189 0.429012923632399 0.352061906141898 0.362753175522812 0.397587857605686 0.320701692999137 0.352373042460385 0.368760360288434 0.711741564373369 0.439353912042861 0.433704195529572 0.412156329730351 0.241055556898573 0.376162033717264 0.749944414565107 0.552242066532926 0.407767558499472 0.720686061868037 0.794185949416715 0.656512587738689 0.659330640701228 0.676874768032576 0.471262595965527 0.548528315448493 0.595475622503727 0.405291855713585 0.323690435834578 0.683012326135213 0.998775277821551
-9999 -9999 -9999 -9999 -9999 -9999 1.20865186909214 1.08610487041005 0.956650117586832 0.400915551836079 0.23598081588716 0.516253308887826 0.457662435110251 0.451217084503241 0.531028463683469 0.653045848594047 0.680192463732965 0.472223138785921 0.496348990054685 0.34281211628695 0.483906364934228 0.427804200626269 0.740494815545389 0.472180470751482 0.435310331340588 0.693849372510158 0.667303990667278 0.652054747661168 0.36467913287197 0.69934536168148 0.386844571494294 0.669284156174399 0.706073704350274 0.647196369754965 0.616899932538217 0.710393276676768 0.60393438070605 0.669194441798027 0.728192153474083 0.467642806142976 0.844525928187068 0.603800306635094 0.641292416730721 0.841201526782243 0.447921679551655
-9999 -9999 -9999 -9999 -9999 -9999 1.05167654146499 0.911927158085746 0.440707876805391 0.149686279883099 0.145934067404596 0.203806825311403 0.550285210920265 0.49845179444219 0.50477968488849 0.527107506968605 0.29113871323716 0.311696360313363 0.482543727230222 0.528184637914819 0.328052866734652 0.497826811624691 0.75811994884134 0.780702857809956 0.432765804362134 0.44881421035825 0.664015191432554 0.663342858388205 0.221512697407888 0.353725037257391 0.233706607787099 0.663550396893697 0.627235692263639 0.624387566858786 0.414783270571206 0.677702164466609 0.689050914843392 0.756026636736351 0.878165870744851 0.547410966646567 0.974983757259906 0.897555672054295 0.867541608386091 0.826467527076602 0.715083078830503
-9999 -9999 -9999 -9999 -9999 0.529682407432119 0.269958152330219 0.421920088228944 0.382828178771888 0.187790496966045 0.135249253617076 0.220447933770629 0.493893575821858 0.548810792679433 0.666884917336574 0.404887610329752 0.413232822211285 0.478328498502378 0.456541874882532 0.324808203458815 0.368521332347882 0.580728097702377 0.856113470945274 0.801823916845024 0.725257867088658 0.48322762359021 0.41726409790499 0.763465317504597 0.313137710236333 0.395576693790645 0.77321559547272 0.662910168102826 0.640395886875922 0.637440462014638 0.404576550863567 0.709118618033244 0.661176561152388 0.823923699499574 0.878689485034556 0.528817270605941 0.964479471804225 1.21690603373281 0.883872531630914 0.801032427261816 0.69097610321478
-9999 -9999 0.209342574180482 0.383773490284511 0.43123177238158 0.271172819338972 0.248498929977359 0.213646312658966 0.0837645955016342 0.175010237853712 0.168324159517397 0.104082414964068 0.484202044390258 0.598754344537156 0.813493501482299 0.817890244434238 0.756854170504084 0.532628141627356 0.381428239506931 0.279026305634034 0.303672630252549 0.394452425098279 0.729754635358404 0.695767551405879 0.287887631202466 0.485833927996282 0.539324906640104 0.495181536280143 0.32051053858595 0.421604768234829 0.412522106671531 0.438797123933909 0.670875499963586 0.700374951520644 0.409828235206078 0.431574327194539 0.504891849232081 0.795870528236264 0.318262275868619 0.584555625209759 0.973379355855286 1.04227022166015 0.834093378216494 0.80782464465301 0.590755056691705
-9999 0.572050968003168 0.518637669301825 0.50831148018915 0.131635789102802 0.154844329927073 0.171526454323612 0.0635907351238529 0.292638698965675 0.152420626363892 0.248632737566368 0.60236003537284 0.682537473039702 0.659655017443583 0.702779701896361 0.821864063254907 0.786485703429207 0.58148943753622 0.583755818297504 0.48768444594316 0.568914621908334 0.672507491799479 0.752579233449069 0.511516765982378 0.450649147751392 0.255594363807177 0.325972769587679 0.258779713021795 0.470251403385191 0.420804209170456 0.404726287342783 0.426456927925756 0.413607418522588 0.466296170088754 0.440934756625211 0.527073577359261 0.842428025862318 0.689516908096266 0.289784019969375 0.515627615641279 0.555047651687346 0.644646346700029 0.749180822822382 0.734000061129336 0.360993545655219
-9999 0.506151100125862 0.281082138826605 0.181650477315998 0.184991304195137 0.0926777981931082 0.195239510503598 0.281474417079153 0.860674703289988 0.424743524490623 0.621079963821103 0.749632396036759 0.920646862141439 0.66946231345355 0.74440836760914 0.725419635273283 0.643576768197818 0.575994276914571 0.815185834653676 0.751423986912414 0.675950228469446 0.736229195354099 0.724519461073214 0.574884789784846 0.495217815114302 0.585646231229475 0.271248729404761 0.241157408709114 0.278289373000007 0.271577848252491 0.45214905821922 0.645587525468727 0.37395668505269 0.467075064989331 0.515638380420569 0.533045085830963 0.571428303373978 0.506867038893688 0.433670444181189 0.42260623013135 0.509368643179187 0.57320593532495 0.71872662192618 0.668658549329848 0.663595592413913
