Archive - glowpa-model-master/Model input/Uganda/surfacerunoff/surfacerunoff_aug_1.asc
NCOLS 67 
NROWS 67 
XLLCORNER 29.5000000014144 
YLLCORNER -1.49999999936061 
CELLSIZE 0.0833333332926796 
NODATA_value -9999 
[rows 20 to 39 of 67, columns 0 to 44 of 67]
-9999 -9999 -9999 -9999 -9999 -9999 -9999 -9999 -9999 -9999 -9999 -9999 -9999 -9999 -9999 0.46722155821044 0.574855521335849 0.652805810204882 0.56760094321362 0.916036422495381 0.688026823809196 0.425536709371954 0.487893422359775 0.603107238021039 0.440008113400836 0.52898396324963 0.742165541396389 0.869892737682676 0.758499163566739 0.652683427688316 0.536637887307734 0.576398136217904 1.10913253774925 1.12960583464883 0.913330954062985 0.994628515400109 1.12355557030241 1.07844416197622 0.545481405424653 0.768781270380714 0.966030514973681 1.02484914532397 0.827479727377067 0.705807413396542 0.486210393319197
-9999 -9999 -9999 -9999 -9999 -9999 -9999 -9999 -9999 -9999 -9999 -9999 -9999 -9999 -9999 0.496382866003842 0.55649920614087 0.519987439474789 0.379314933979913 0.594417745560349 0.543162729627511 0.492970319101005 1.13126640007977 0.534856956846852 0.45395069287224 0.543843491868756 0.776019509430625 0.918943275792117 1.03046954973252 0.724003179129795 0.863274641233147 0.719182873581303 0.879021332366392 0.984476728262962 0.950981864662026 0.578005652641878 1.02933494054014 0.814375101981568 0.800206671556225 0.810458919659141 0.798768236563774 0.619507519331819 0.577679807975073 0.877779792062938 0.790180274634622
-9999 -9999 -9999 -9999 -9999 -9999 -9999 -9999 -9999 -9999 -9999 -9999 -9999 -9999 -9999 -9999 0.546182769539882 0.490708777761029 0.391175515233044 0.394482926822093 0.349656275830057 1.3419385504676 1.16765759139525 0.577167835899672 0.561402840048686 0.596996359490731 0.708102275893907 0.897016039743903 1.02820241681911 1.01616327810916 0.528810806827096 0.833453423183528 0.792577644460835 1.29351547002443 0.899677164852619 1.01156839809846 0.735578296371386 0.885777200892335 0.942520082389819 1.00344901329663 0.89608791313367 0.632019886324997 0.564698479138315 0.556185667846876 0.776757176026877
-9999 -9999 -9999 -9999 -9999 -9999 -9999 -9999 -9999 -9999 -9999 -9999 -9999 -9999 -9999 -9999 -9999 0.638400623756752 0.37944777204757 0.382053719931719 0.911010422896652 1.53070674559785 1.66768227245484 0.470006189743799 0.571157104104714 0.646094237708894 0.715465780785962 0.784468722713427 1.0083659508382 0.974002101429505 0.753044965676963 0.771102589169459 0.791355031651619 1.1816067599284 0.820255147118587 0.779271447754581 0.763443507821648 0.962987731327303 0.973378211710951 0.83043235099467 0.610805756878108 0.574278346903156 0.92758223763667 0.850588034154498 0.807554673883715
-9999 -9999 -9999 -9999 -9999 -9999 -9999 -9999 -9999 -9999 -9999 -9999 -9999 -9999 -9999 0.396399645069323 0.317189829729614 0.465720642750966 0.342853976690094 1.17943363511586 1.46761804671769 1.51441099887961 1.31584077757907 0.488365207502284 0.547570810340403 0.620566450379556 0.693954345706516 0.908441774299718 0.96489276347711 0.432716606610484 0.724814362911275 0.752674179238966 0.768239166063722 0.80417272329214 0.449315747118817 0.455200628493913 0.878094338986557 0.715746597961697 0.703373914802796 0.862241553477361 1.10513235085818 0.55797983714001 0.9697222703835 0.60486160327855 0.586663985814084
-9999 -9999 -9999 -9999 -9999 -9999 -9999 -9999 -9999 -9999 -9999 -9999 -9999 -9999 -9999 0.257965974014951 0.193925211306123 0.85313474846771 1.28504721124045 1.3799717380607 1.41092378180474 1.34083674720387 1.23673956591119 0.478842636994159 0.62889616810935 0.752754152017587 0.862151743604045 0.932958903831604 0.818360478660907 0.669282523631409 0.709393871147768 0.722909606338362 0.750273917219602 0.649138609333022 0.364689040907251 0.769604286688264 0.589346544984437 0.620163794337714 0.891745366971008 1.12861875095405 1.15618878044188 0.577323270590568 1.04915913652803 0.932650493268739 0.558846641069977
-9999 -9999 -9999 -9999 -9999 -9999 -9999 -9999 -9999 -9999 -9999 -9999 -9999 -9999 -9999 0.266813272446598 1.48951406481501 1.6424092973466 1.29157936316915 1.33617828305432 1.36018587954823 1.32650745467799 1.16854123780286 0.579881036856023 0.454116320725007 0.892719073817716 0.923422418964037 0.804926219643676 0.618468772699998 0.633061536973401 0.609059922680899 0.673349219141528 0.725364337085921 0.702743206602463 0.413899542763829 0.78098980429786 0.856619711157691 0.700413134836708 0.735188652470242 1.44205579817935 0.915725322556682 1.84331657601433 0.687630908032588 0.513457308443321 0.845079872306087
-9999 -9999 -9999 -9999 -9999 -9999 -9999 -9999 -9999 -9999 -9999 -9999 -9999 -9999 -9999 1.3291406139615 1.57403739967776 1.64926640263729 1.27540807443438 1.2501420803801 1.2691860410996 1.23969435185245 0.685540322592715 0.373191827520714 0.437195573795179 0.810710217592714 0.680793139508751 0.647476473204733 0.672894635499688 0.651661063784559 0.62165530925995 0.635373627119407 0.668122938805027 0.674389368214179 0.647055524495954 0.679358028719435 0.857179937156616 0.881437599673518 1.45063821037184 1.67641741791158 1.53104937726312 1.74133389191411 0.827606572784134 0.624989642346918 0.968865901086247
-9999 -9999 -9999 -9999 -9999 -9999 -9999 -9999 -9999 -9999 -9999 -9999 -9999 -9999 1.40407282742672 1.48588374008796 1.51720723670223 1.57743009140177 1.16600899764308 1.22331617785676 1.25693260582693 1.0461978922649 0.388132867101376 0.742016311050975 0.54948377146502 0.595970929680334 0.646547557153099 0.721801524377952 0.621958723058924 0.516941918249358 0.494365539452701 0.197747161564621 0.542661601684813 0.550854800167144 0.660480143778841 0.831678585200279 0.733576948732662 1.40618989280483 1.47428762920754 0.973033459558792 0.80826998782868 0.999880359813687 0.632973111351021 0.624009552666394 0.997704530163901
-9999 -9999 -9999 -9999 -9999 -9999 -9999 -9999 -9999 -9999 -9999 0.910409404241364 0.854222056659637 1.65126353203959 1.56170765171737 1.59701327993389 1.52617210687822 1.4646256179276 1.11436615190996 1.18452937260827 0.901784628695168 0.741329974516702 0.727734578504169 0.555073955183616 0.611952643339464 0.611893718087231 0.614125996435178 0.560190785108716 0.556126504307031 0.354153854459582 0.381863365873869 0.168647656209941 0.443288102360384 0.848198704261449 1.08544257182075 1.40067468055349 1.10902099459054 1.05531118333602 0.656631710626243 0.921652873330459 0.525903132256644 0.540316077604075 0.703630892530782 1.80687295960524 1.8452265921951
-9999 -9999 -9999 -9999 -9999 -9999 -9999 -9999 -9999 -9999 1.02247345239448 0.81638175106491 1.52642367538647 1.52039719728236 1.51538767204329 1.49268913492051 1.45362206330901 1.25722964730812 0.489315780100696 0.434169450727495 0.503629044487752 0.496154798383941 0.502830368986906 0.548626465388224 0.601047857344383 0.525941733030777 0.716853699486819 0.607342745752248 0.547183840353682 0.212816644761915 0.42598343679856 0.397856194922497 0.653018021694152 0.368505153346632 0.436935391917359 0.861887957398721 0.558759660862052 0.640335238131229 0.930489134589152 1.5218337416627 1.58107973720689 1.75217581727338 1.74883474210219 1.63424657239375 0.663052795971453
-9999 -9999 -9999 -9999 -9999 -9999 -9999 -9999 -9999 -9999 0.451990013061732 0.840030197650776 1.14197672110095 1.19531200948586 1.11388979053118 1.06320738382237 1.0929743853012 0.403851470764494 0.434142183394215 0.550144703993283 0.556915292690974 0.554964991351881 0.622955368271505 0.604633587499848 0.766616180044366 0.773682802901021 0.716710502274509 0.61809865928808 0.517036627570633 0.235130650935389 0.403958153583517 0.753272931433457 0.755176505663258 0.713323140189459 0.409054035117151 0.416950173530495 0.883535118191503 1.69774673940992 1.46899240462517 1.44843890529955 1.42455083505411 1.51995275109584 1.67842744849622 1.44493162929393 1.41696421269444
-9999 -9999 -9999 -9999 -9999 -9999 -9999 -9999 -9999 0.883552782397601 0.430570461048774 1.4376993640326 1.19937059275799 1.19235582701549 1.11747111918703 1.06427814063181 0.647555576733794 0.385541268315137 0.586801318604557 0.593827689044701 0.535796833901259 0.571486397348053 0.583178675697127 0.686790772306267 0.624627363322361 0.557630160983535 0.719979619134392 0.604625480264076 0.485448777908459 0.460267014204874 0.577657363464823 0.437460284956614 0.825746557893581 0.871459018526366 0.794733835391526 0.745554425520822 0.642728497950884 0.742367847578862 0.982489595116931 0.595260648879048 1.02150344446272 0.419697362758598 1.1422686975493 1.54021821686001 1.58465736240032
-9999 -9999 -9999 -9999 -9999 -9999 -9999 -9999 -9999 0.8249864604295 0.815277299807349 1.46326814910935 1.20031050164471 1.1405644968363 1.05939054543569 0.76341479302755 0.654199461678218 0.445225888597633 0.37423885669341 0.387927977044455 0.461827081380761 0.425144738528616 0.493706816996564 0.50764020807037 0.842278516756778 0.50746952456393 0.50240126074641 0.467475744244439 0.264881727389366 0.411976135183068 0.835881117382087 0.547631732843001 0.434531606970268 0.783303873504337 0.85410362953553 0.686262148519745 0.689002009494288 0.703046219314274 0.479708153761749 0.587261301006947 0.607462698098971 0.452182536264445 0.341075005053426 0.74617613108785 1.20719503320288
-9999 -9999 -9999 -9999 -9999 -9999 1.16253382839204 1.05096718652931 0.927487717490294 0.402162900172698 0.276743928907308 0.775268105826399 1.12020758683684 1.09479164575532 0.998319210793852 0.647987926640781 0.688793608787819 0.480621133647219 0.499541244607826 0.325598225117574 0.494378583880462 0.461650735360308 0.74563291764207 0.49243471949012 0.480924093608337 0.798186025349423 0.777581074544287 0.701405961081036 0.399402370021562 0.769014852266992 0.411774431086087 0.719055457921058 0.764446775974648 0.676104680678691 0.650230895189452 0.74663760005933 0.62800930118101 0.691724466378218 0.734723287678207 0.468514824206068 0.843472389533417 0.703680118476768 0.645241524580342 0.886572377567063 0.4835860518142
-9999 -9999 -9999 -9999 -9999 -9999 1.03049380049924 0.879170594998868 0.438023742390214 0.16731387222535 0.162896777737842 0.254253690627593 1.12584254566173 1.07300641616348 0.605669013566512 0.550084088899894 0.284093940990715 0.297444541047298 0.475313087008544 0.532196560016018 0.323814545481582 0.487452677589317 0.748810714867432 0.772092353145126 0.468861008812382 0.544866818017908 0.721885139682854 0.732397545107233 0.221980089008866 0.36699635666082 0.212465565709863 0.703266048731166 0.658901978567883 0.64102915712283 0.428824164373509 0.700010879882029 0.707708565641951 0.771322802393115 0.880751862496254 0.531625623807486 0.966706254985183 0.893077563887346 0.900828867088421 0.875757956237067 0.778710937083815
-9999 -9999 -9999 -9999 -9999 0.510667422531697 0.26821766186913 0.419230792431335 0.385045404073026 0.198754700932113 0.148716417243122 0.237726955674589 0.907436790384963 0.725931528904766 0.679557488183491 0.446249264768994 0.426011302351981 0.463850642518082 0.45044110447634 0.325458690440428 0.368630435332307 0.574037595470145 0.873904155014316 0.81709086043702 0.739824001357192 0.560169291929924 0.494354306738387 0.854379713018716 0.299036797969165 0.426133951350494 0.839538306536269 0.698090140758723 0.67032345214102 0.659143173834309 0.416480198964564 0.724957236343471 0.67915688669018 0.834829435916618 0.868734525283799 0.540682721293706 0.961047056989628 1.20057080312108 0.911454235392739 0.846893366542645 0.749763203202747
-9999 -9999 0.196184821106726 0.363113773346413 0.404317289394385 0.26382699752503 0.248627579367167 0.218460324958869 0.0854490181154688 0.157894153062443 0.181636658908246 0.124831697576155 0.499457548357896 0.589204591960879 0.814454654573638 0.853113380799186 0.813838569229119 0.569497706237598 0.413677832511894 0.283969672636886 0.363390004622488 0.518718323746725 1.04952784568013 0.836968776638969 0.286711869193823 0.492595732794143 0.548862989489862 0.541709932804224 0.331219466715993 0.445513549493626 0.443036534306884 0.470614068035502 0.709564917087846 0.714875469384424 0.418758232626715 0.426377403982769 0.511544493747351 0.786639484431362 0.291302472760435 0.58291287132306 0.966249190241797 1.02249038536684 0.85243244029698 0.833875330499723 0.619003071733459
-9999 0.546705115084478 0.497730063216295 0.492104641125479 0.12361964968477 0.151705047528594 0.171309856341395 0.0701347469203029 0.203686804525205 0.147595404996537 0.254755659170769 0.5826754413647 0.647043561912142 0.640860583189351 0.706292889844917 0.874066128744744 0.892124684469309 0.713259617441508 0.657266580674332 0.591295582580642 0.671842092742736 0.882793085111189 1.05317518955417 0.717456003258121 0.54901133353269 0.254281772413378 0.318489042456349 0.252324946359295 0.491285369207617 0.436892678408185 0.418985776377667 0.445420341748104 0.429889363658731 0.471984199066355 0.441378912910295 0.52410987791518 0.842845729494002 0.672747104545124 0.2640895654622 0.522875191563799 0.556383004550298 0.644655026917462 0.763615540563478 0.743634647733415 0.372844969206199
-9999 0.485200626826554 0.272066788511438 0.174090728705778 0.181516678821936 0.0892082297241359 0.20101803693251 0.329131020407658 0.764654423619504 0.414676801483438 0.593005888731568 0.715901034709532 0.772530705944519 0.613753744801215 0.749457354686456 0.737891434255289 0.668124900585099 0.697168421538663 1.08020831248723 0.954017986259714 0.889492273927317 0.97854527484742 0.906478762772167 0.679503423270944 0.598929340412724 0.599140907979745 0.268781857357681 0.242453503688012 0.269850948825479 0.268346208031289 0.451217457339226 0.641013544736779 0.380421909540019 0.464861564068997 0.512980229359528 0.528566582943313 0.566713678381348 0.503181514432072 0.424653562731692 0.451530281225132 0.514007109813974 0.570591983887425 0.719653826308786 0.682452755427221 0.683544808453007
