Archive - glowpa-model-master/Model input/Uganda/survival/sedimentation/sedimentation_restime_1sep.asc
NCOLS 67 
NROWS 67 
XLLCORNER 29.500000001 
YLLCORNER -1.499999999 
CELLSIZE 0.0833333332985075 
NODATA_value -9999 
[rows 20 to 39 of 67, columns 0 to 44 of 67]
-9999 -9999 -9999 -9999 -9999 -9999 -9999 -9999 -9999 -9999 -9999 -9999 -9999 -9999 -9999 0.985000892280246 0.977125620034463 0.984703154999367 0.982548727374738 0.986264408862642 0.983567521980837 0.98710276003755 0.990497557936748 0.989914831798825 0.994171909202915 0.993552026536364 0.979490780579865 0.984259007543083 0.999267559305359 0.995025695049404 0.982937823158788 0.9766919552501 0.98755499250766 0.982558903277708 0.996597928187246 0.996507163705245 0.992515622840312 0.987403929382253 0.983281332807968 0.985545264283741 0.986981509153213 0.982063758298637 0.988971399627752 0.989476797924487 0.995195018992981
-9999 -9999 -9999 -9999 -9999 -9999 -9999 -9999 -9999 -9999 -9999 -9999 -9999 -9999 -9999 0.982602951237856 0.976747024602579 0.975914086588269 0.98039398725024 0.983627322197599 0.982638435164375 0.981936650720659 0.988689438063752 0.983784280024871 0.999269935896267 0.999482061279645 0.999481820018461 0.999480818364758 0.987220211834333 0.99926533002093 0.999478796527766 0.985000831939386 0.99041692633757 0.981547886758181 0.995435112868138 0.983728290807937 0.987246981118644 0.992964566887575 0.994078319144089 0.993355867080506 0.991977073867661 0.984085718341841 0.983701319225391 0.986431589237597 0.985793561500339
-9999 -9999 -9999 -9999 -9999 -9999 -9999 -9999 -9999 -9999 -9999 -9999 -9999 -9999 -9999 -9999 0.983209782159055 0.982170884498311 0.985666346254187 0.972495440084004 0.999258208582557 0.999258187885803 0.999473855768632 0.999482320573895 0.984348026053471 0.984825992835061 0.985779830927434 0.990066451071901 0.992056216448889 0.990442632699333 0.98847734008373 0.999264412830103 0.999478095921695 0.999477443258003 0.986410219401248 0.987164720242448 0.99558574246656 0.986342495888188 0.986442424124344 0.987115687710607 0.986496103876518 0.977909552110406 0.983531246553628 0.983494025144354 0.979772556770575
-9999 -9999 -9999 -9999 -9999 -9999 -9999 -9999 -9999 -9999 -9999 -9999 -9999 -9999 -9999 -9999 -9999 0.978219994248501 0.999476968851188 0.999476969377492 0.999473826471142 0.999476969377492 0.999473826471142 0.990051819485731 0.988468960430985 0.988812269744347 0.989469717916839 0.989337745948692 0.987260268211314 0.987015181465535 0.985419046162908 0.985469828631776 0.988919202897566 0.999476338338256 0.98590017200797 0.9858817419802 0.994465388363537 0.990358995139222 0.986950781976529 0.986093322574914 0.98420770250594 0.977157942665055 0.989258866166891 0.992098548906438 0.985809802508469
-9999 -9999 -9999 -9999 -9999 -9999 -9999 -9999 -9999 -9999 -9999 -9999 -9999 -9999 -9999 0.980960222493112 0.979120605209622 0.999476969377492 0.999258167802935 0.999258167802935 0.999473798270115 0.999476969947655 0.999473798270115 0.999476969377492 0.994770678784396 0.995635901994823 0.99533989040726 0.990051802078446 0.984608855585539 0.981690037922806 0.97913751450266 0.979423954186808 0.985586297824073 0.992900456567659 0.999256705117941 0.996124149678277 0.986482902920033 0.979038087193963 0.978776452612603 0.989461822566919 0.989888962374772 0.983580294506005 0.994646362300152 0.992673116582465 0.977100150967751
-9999 -9999 -9999 -9999 -9999 -9999 -9999 -9999 -9999 -9999 -9999 -9999 -9999 -9999 -9999 0.98464471504695 0.999258148684748 0.999473771165552 0.999473771165552 0.999473771165552 0.999258130268145 0.999476970517817 0.999473771165552 0.999258130268145 0.989414152822951 0.986136215484867 0.981042452467458 0.990263384840154 0.980540665927608 0.988975495762271 0.985157147020023 0.98528101080099 0.985396568224286 0.999251449994002 0.995285887497767 0.994767121265438 0.994519002825627 0.993990686281733 0.99324224465653 0.98788931183257 0.987992724295703 0.983811539817175 0.993357697892268 0.989251565158229 0.976784146813351
-9999 -9999 -9999 -9999 -9999 -9999 -9999 -9999 -9999 -9999 -9999 -9999 -9999 -9999 -9999 0.999258130268145 0.999473745201311 0.999473745201311 0.999473745201311 0.999258112553128 0.999476971000262 0.999473745201311 0.999258112553128 0.987301416815245 0.991247232991499 0.986807583332653 0.986890303013146 0.992248142085374 0.98427269432628 0.989402312096018 0.988656169508586 0.98442299904559 0.979212113118933 0.99946675584288 0.999248593239305 0.985547112232443 0.986338047236815 0.985130558065999 0.98540353517592 0.991347706260255 0.990485396040416 0.994429648688865 0.984294229271842 0.991495833242821 0.989044500307312
-9999 -9999 -9999 -9999 -9999 -9999 -9999 -9999 -9999 -9999 -9999 -9999 -9999 -9999 -9999 0.999473720333533 0.999473720333533 0.999473720333533 0.999258095627394 0.999476971482708 0.999473720333533 0.999258095627394 0.999473720333533 0.981197673956935 0.992023869009623 0.980454574042063 0.978779199784829 0.984791723588933 0.978803718221134 0.978473916966869 0.991400247690159 0.999466580591588 0.999466580591588 0.999469875861694 0.984539462028623 0.978706258271094 0.986311902710349 0.99135596232744 0.993398002822154 0.995841461644231 0.996845702124498 0.994724912115751 0.985372212911586 0.989079430012034 0.999437625585996
-9999 -9999 -9999 -9999 -9999 -9999 -9999 -9999 -9999 -9999 -9999 -9999 -9999 -9999 0.999473696518361 0.999258095627394 0.999473696518361 0.999258079490943 0.999473696518361 0.999258079490943 0.999258079490943 0.999476971965153 0.988978046967772 0.990381805702133 0.991398443150657 0.990282984908328 0.978372484198753 0.9918120411251 0.984422167129529 0.976551468303646 0.988144586882455 0.99924801538293 0.99924803168751 0.999466556483895 0.996539274907256 0.989237914397552 0.985057692504652 0.98844620035305 0.996218208059228 0.986549217527078 0.985955049345907 0.993896747876293 0.993296449166205 0.98400422168884 0.999202291578385
-9999 -9999 -9999 -9999 -9999 -9999 -9999 -9999 -9999 -9999 -9999 0.999476971965153 0.999258079490943 0.999258064143775 0.999258079490943 0.999473673887369 0.999258064143775 0.999476972403739 0.999258064143775 0.999476972403739 0.999258064143775 0.979536810539971 0.985472907115482 0.983446996092249 0.977340924671894 0.988495337952612 0.984174430514828 0.99246015642146 0.983793329702481 0.980452876863239 0.98412890372392 0.999469876748009 0.999466533484093 0.999247999787246 0.999434080483681 0.996430103918789 0.997423667578543 0.997390723291078 0.999437626606265 0.999202274330633 0.999202274330633 0.999437626606265 0.999437626606265 0.999437626606265 0.999202274330633
-9999 -9999 -9999 -9999 -9999 -9999 -9999 -9999 -9999 -9999 0.987386347456433 0.999473652265123 0.999476972403739 0.999473652265123 0.999473652265123 0.999258049498193 0.999476972842326 0.999473652265123 0.999258049498193 0.999258049498193 0.982115237809387 0.982750078934681 0.982354335281185 0.982048674895727 0.983811233151765 0.98285836393433 0.988583551018646 0.993839995372553 0.988072143653827 0.976490062311448 0.997691398987434 0.990450404823668 0.984928964885704 0.991365370319876 0.999437627580158 0.999202242060648 0.999434057249466 0.999434057249466 0.999437627070023 0.999202257824721 0.999434057249466 0.999202257824721 0.999202257824721 0.999434057249466 0.999437627580158
-9999 -9999 -9999 -9999 -9999 -9999 -9999 -9999 -9999 -9999 0.999473631827057 0.999258035641893 0.999473631827057 0.999473631827057 0.999258035641893 0.999476973237054 0.999476973237054 0.999258035641893 0.98199008039012 0.99337677948421 0.976937752547117 0.977019778106117 0.97764052362557 0.983735828142855 0.992032335260659 0.988512298259565 0.994441634687588 0.994114656215404 0.998172285748015 0.997685855491317 0.996688713399027 0.985887946178776 0.980289586458098 0.98558606373211 0.986805840153453 0.983405709632444 0.99943762799754 0.999202227131143 0.999434035267395 0.999434035267395 0.999434035267395 0.999434035267395 0.999434035267395 0.999434035267395 0.999434035267395
-9999 -9999 -9999 -9999 -9999 -9999 -9999 -9999 -9999 0.986509646899142 0.999473612485455 0.999473612485455 0.999473612485455 0.999258022574877 0.999476973587923 0.999473612485455 0.999258022574877 0.990503781881964 0.977561451579961 0.992973779660973 0.991197200667114 0.988264242644141 0.984538380466133 0.979584102385529 0.99720630590755 0.996187737945306 0.994700335338377 0.997401499558646 0.975717148746807 0.982548322671717 0.984168237594044 0.995151300660502 0.986609227476733 0.986860309362591 0.98622991747864 0.985752805814468 0.999434014491092 0.999437628368547 0.999202213128937 0.983842939349524 0.999202213128937 0.999434014491092 0.999437628368547 0.999202213128937 0.999434014491092
-9999 -9999 -9999 -9999 -9999 -9999 -9999 -9999 -9999 0.986002580699008 0.999473594240315 0.999473594240315 0.999258010297143 0.999476973938792 0.999473594240315 0.999258010297143 0.984901018350698 0.987991134422263 0.973017879112659 0.98104346929927 0.975527315867207 0.982500785918563 0.996853125811902 0.995848368779587 0.990987687904965 0.983164762283487 0.996576537562503 0.982450151327565 0.996307146209079 0.994240850808458 0.986399547017305 0.98365862711678 0.995105764913273 0.990032600538389 0.981260673888492 0.97910822827955 0.991798654687321 0.985228111432476 0.98251776043421 0.995694950412762 0.999437628739554 0.999433994874181 0.358704821215076 0.999437628739554 0.999437628739554
-9999 -9999 -9999 -9999 -9999 -9999 0.987869605816957 0.990442134288276 0.986680600998661 0.97256874131156 0.997471853633676 0.999257998720995 0.999476974289662 0.999257998720995 0.999257998720995 0.985029217811362 0.979279172673431 0.975683188423095 0.982717585183363 0.978819094897415 0.993741000255377 0.995274424112117 0.985628549040851 0.983101414241229 0.975853861875775 0.984291548639253 0.989477899939 0.979283142937529 0.997098639634426 0.980060342727521 0.991013348593818 0.985487418623031 0.990917920366458 0.994264809238837 0.984926426938747 0.985810099702542 0.989168978511579 0.989058473761214 0.979616088704162 0.9969637878457 0.985904846969638 0.999120023999665 0.994511467200445 0.986458278219855 0.99943762911056
-9999 -9999 -9999 -9999 -9999 -9999 0.986998749693435 0.988490836418832 0.981173358662113 0.996434504805955 0.979586482865114 0.999257988021827 0.999257988021827 0.999476974596672 0.999473561039425 0.996373176073064 0.996168660424203 0.996022011626941 0.995701170249478 0.995542497343222 0.992942933007504 0.974853496121633 0.994580571979852 0.995822934907377 0.982246768724788 0.983311947713826 0.985556353258328 0.988185266043223 0.996932487280623 0.97267222297864 0.992843142009937 0.985329213694353 0.988830184859068 0.984699103800925 0.993776370376239 0.985389134604768 0.98539429346078 0.991348404222439 0.986698110947378 0.996847025880239 0.986817758203154 0.999376135598631 0.986088296126981 0.991353998264946 0.985505051561673
-9999 -9999 -9999 -9999 -9999 0.982505193862285 0.979571848605698 0.991443927923087 0.996423004980965 0.962416323667632 0.95745001164077 0.999473546083675 0.999476974903683 0.999476974903683 0.98575628323003 0.989871203211681 0.982599493299825 0.987809305663256 0.981192671273666 0.995483230051212 0.979735511607284 0.989151112232449 0.990332586000676 0.995661135046175 0.985280313562587 0.976725044647597 0.975479451165218 0.988944413589534 0.990761594218181 0.995465951824485 0.986376583695777 0.986365840135568 0.98497363423216 0.984878531783045 0.994327411729489 0.989940746308572 0.98509042344606 0.986433955113313 0.990110372249058 0.996756500617814 0.986820896455926 0.999375456027847 0.986699816610373 0.992834836454498 0.985280853468486
-9999 -9999 0.97352195764637 0.979427498846873 0.980586373033286 0.976840740808616 0.975991856001449 0.988174851531779 0.997308577352366 0.969779192354893 0.991176489488115 0.991406297668563 0.997410223071848 0.979357996001206 0.982726610963577 0.99080437329041 0.987345680533581 0.984755108530149 0.98247338775484 0.995429696703149 0.981449994658809 0.991690209187058 0.987554936700341 0.992925696006153 0.99346006447525 0.987292891027345 0.983282185210773 0.983177795727017 0.990083059930573 0.996777554554838 0.996578021670271 0.982376493565899 0.979235221199834 0.979431255149664 0.99381568469427 0.981444896681817 0.986361963503728 0.98593186380755 0.982813871207698 0.996425819068233 0.981537674143627 0.999374490373719 0.986195074940249 0.986122410181154 0.983938302634107
-9999 0.976308059684215 0.986369626421041 0.982246662407279 0.967695348218886 0.980834643620352 0.99719840802143 0.996095490199464 0.974654330994189 0.957726258899958 0.990964937301834 0.977845450365425 0.993121020405745 0.99607473527217 0.997051256445936 0.987406250872871 0.986454605219723 0.986170768429167 0.988777990814584 0.994437324843737 0.990047439537348 0.987035457634734 0.982546454977968 0.992221413530735 0.983726897086124 0.989890559197843 0.978297084101887 0.97610587826979 0.985406390400439 0.978892587292342 0.987180367794826 0.9951327102046 0.990752136289276 0.982253708166008 0.993578183171827 0.983025544814959 0.988876257579678 0.984671972068783 0.981339612980374 0.996230844137416 0.976293829567949 0.999373408013637 0.979621269862977 0.979372113226313 0.972112192296518
-9999 0.974910303066138 0.980119900312809 0.997008535686992 0.997024164093205 0.995997453640962 0.982561075403293 0.986005142777109 0.986168062046913 0.986486286098363 0.98466050237945 0.987624571477245 0.986113599592025 0.992306879270914 0.985845672682361 0.995666641409316 0.996032848705857 0.985916944701177 0.988105078949546 0.982111782487343 0.990339954073579 0.982212755382465 0.987112357367835 0.991267248797875 0.984513909535075 0.992350315211493 0.991599953472841 0.989269930442061 0.976820085860708 0.976951234115533 0.987858070663548 0.977966667016659 0.994728230525546 0.974603756530222 0.982903735931582 0.989938901211877 0.983298701865287 0.982274565892711 0.992591297681996 0.994840800856522 0.98235909676276 0.983335675593712 0.999110192199907 0.994368363948107 0.984770012327637
