Archive - glowpa-model-master/Model input/Uganda/survival/sedimentation/sedimentation_restime_1dec.asc
NCOLS 67 
NROWS 67 
XLLCORNER 29.500000001 
YLLCORNER -1.499999999 
CELLSIZE 0.0833333332985075 
NODATA_value -9999 
[rows 0 to 19 of 67, columns 0 to 44 of 67]
-9999.000000000000000 -9999 -9999 -9999 -9999 -9999 -9999 -9999 -9999 -9999 -9999 -9999 -9999 -9999 -9999 -9999 -9999 -9999 -9999 -9999 -9999 -9999 -9999 -9999 -9999 -9999 -9999 -9999 -9999 -9999 -9999 0.97262067524439 0.980536954795265 -9999 -9999 -9999 -9999 -9999 -9999 -9999 -9999 -9999 -9999 -9999 -9999
-9999 -9999 -9999 -9999 -9999 -9999 -9999 -9999 -9999 -9999 -9999 -9999 -9999 -9999 -9999 -9999 -9999 -9999 -9999 -9999 -9999 -9999 -9999 -9999 -9999 -9999 -9999 -9999 -9999 0.98089952757631 0.97921749498272 0.979603501386266 0.982621142104526 0.971517480684063 0.971943563145584 0.979823724134887 0.983992969352809 0.976047362542716 0.977905833084041 0.979496092167066 -9999 -9999 -9999 -9999 -9999
-9999 -9999 -9999 -9999 -9999 -9999 -9999 -9999 -9999 -9999 -9999 -9999 -9999 -9999 -9999 -9999 -9999 -9999 -9999 -9999 -9999 -9999 -9999 -9999 -9999 -9999 -9999 -9999 -9999 0.989778023457273 0.977803104200614 0.988955209564662 0.993514179231345 0.995179704909908 0.979217046836929 0.992361007796198 0.994172468574815 0.993353235904029 0.990868080624273 0.988205830093097 0.979391033550274 0.97517876514631 0.980733821601132 -9999 -9999
-9999 -9999 -9999 -9999 -9999 -9999 -9999 -9999 -9999 -9999 -9999 -9999 -9999 -9999 -9999 -9999 -9999 -9999 -9999 -9999 -9999 -9999 -9999 -9999 -9999 0.979332281905959 -9999 -9999 -9999 0.986183047810297 0.976445896528891 0.99401050963281 0.979209469610531 0.970678867581172 0.992983282014866 0.985777887782881 0.981665280020433 0.981972579026147 0.983313798150653 0.983671903115878 0.982053647400705 0.974967266152034 0.987780199986491 -9999 -9999
-9999 -9999 -9999 -9999 -9999 -9999 -9999 -9999 -9999 -9999 -9999 -9999 -9999 -9999 -9999 -9999 -9999 -9999 -9999 -9999 -9999 -9999 0.983724299173028 -9999 -9999 0.977964859176817 -9999 -9999 -9999 0.999456581291023 0.998555795392104 0.99848255082993 0.989750889415105 0.987979087470411 0.983704268592543 0.971605349783483 0.981357862111594 0.981170053724386 0.9836106975142 0.977459561867117 0.983303511745421 0.976169221640751 0.989791199453366 0.978942183109352 -9999
-9999 -9999 -9999 -9999 -9999 -9999 -9999 -9999 -9999 -9999 -9999 -9999 -9999 -9999 -9999 -9999 -9999 -9999 -9999 -9999 -9999 0.981887540261085 0.988343316132466 0.983701694773383 0.986915624534062 0.965252891966258 0.999498658264461 0.999500978264314 0.999298133255111 0.999504796054881 0.972146936637107 0.998477203138344 0.995182659916263 0.994939655038096 0.983090044912496 0.987306696018808 0.990110319655993 0.98199722414636 0.96945721208108 0.978575230075404 0.971226030146265 0.989906099828737 0.99094953978537 0.979230194990721 -9999
-9999 -9999 -9999 -9999 -9999 -9999 -9999 -9999 -9999 -9999 -9999 -9999 -9999 -9999 -9999 -9999 -9999 -9999 -9999 0.984893029006249 0.993749381732977 0.994206367971211 0.995102019200522 0.995369039043979 0.985610339699695 0.968324171633776 0.999500979237221 0.999498612368737 0.999502447291244 0.999504796937955 0.995531391592802 0.973942581308523 0.997762134038342 0.978873694989951 0.992644799200366 0.992621553108055 0.992189113906367 0.989666756140222 0.979729277457155 0.985132273765861 0.987721794637714 0.991511921355216 0.993797711697392 0.966829228558459 -9999
-9999 -9999 -9999 -9999 -9999 -9999 -9999 -9999 -9999 -9999 -9999 -9999 -9999 -9999 -9999 -9999 -9999 0.98875966588441 0.990716325390886 0.989477374358259 0.983458238761762 0.981695157582255 0.976842929202988 0.995398268711066 0.950549078530117 0.990796100008934 0.999292497508573 0.972651814989305 0.987703664484512 0.989187425431793 0.995634708175656 0.993923430335774 0.998417433837647 0.976724381912403 0.974737660113554 0.981804969069156 0.986890395655127 0.982272870412675 0.980377710190094 0.980381366210459 0.986220445903481 0.980097665780311 0.991878018454737 0.977821391662056 0.967615450403289
-9999 -9999 -9999 -9999 -9999 -9999 -9999 -9999 -9999 -9999 -9999 -9999 -9999 -9999 -9999 -9999 -9999 0.988892073843696 0.97925774270884 0.984313615808017 0.984010888942455 0.98500538467407 0.989314986283098 0.995825333989745 0.995870724768187 0.999291542023403 0.980604850169099 0.979897126423476 0.985202826269914 0.987822268998834 0.995563572025204 0.995637556991407 0.981991301174248 0.997750491561991 0.980149126115763 0.982826302652444 0.975827641073572 0.982824360645239 0.979785776589356 0.980501828639521 0.980888141045325 0.996992791036451 0.979683144257594 0.9863649318296 0.978048598343671
-9999 -9999 -9999 -9999 -9999 -9999 -9999 -9999 -9999 -9999 -9999 -9999 -9999 -9999 -9999 -9999 -9999 0.991105219462439 0.992112186458846 0.993730304087072 0.987693123911935 0.986187333026357 0.985352568808269 0.959560382177204 0.99928755663886 0.984112423295565 0.984840143692414 0.976951718900538 0.979689790473136 0.992626605470086 0.995256425144419 0.982074437311252 0.993589314550449 0.998409598639327 0.998393390431397 0.978538752481055 0.976276277737199 0.9878669232989 0.984426946946732 0.986869598806344 0.995893632731559 0.996999657639793 0.994844249228845 0.988748433560572 0.980126450389857
-9999 -9999 -9999 -9999 -9999 -9999 -9999 -9999 -9999 -9999 -9999 -9999 -9999 -9999 -9999 -9999 0.986074446116681 0.989763922935144 0.994416923601545 0.995729384293678 0.996067268745474 0.996088590056184 0.994889578005732 0.990024732085878 0.999496965184986 0.992563893408244 0.982378515307684 0.974924228977909 0.982561131220793 0.990580365488882 0.993690146290161 0.975768452548341 0.995273759469497 0.986069553539491 0.97960656213328 0.997726984931069 0.991807849967264 0.983029239609247 0.996160902158511 0.997252935003108 0.986028965682962 0.98064810521961 0.980151184231682 0.994510290166819 0.995814380878569
-9999 -9999 -9999 -9999 -9999 -9999 -9999 -9999 -9999 -9999 -9999 -9999 -9999 -9999 -9999 -9999 0.985886039422811 0.990465750025659 0.98419184888419 0.981996157834117 0.984870690234677 0.97125997236405 0.959571059948408 0.999285069483007 0.985265106246469 0.991978622761815 0.991092033145476 0.982994799646557 0.98360020329509 0.98933232235911 0.992902957847611 0.990640198943683 0.994930952922891 0.986036316790169 0.9855796669233 0.997995333673553 0.996418854044854 0.997449440429156 0.993344888079139 0.982021141014199 0.986643729054842 0.98937462150236 0.979492945258161 0.989905143002069 0.979610881707856
-9999 -9999 -9999 -9999 -9999 -9999 -9999 -9999 -9999 -9999 -9999 -9999 -9999 -9999 -9999 0.984461832550581 0.987936824869381 0.986125975648921 0.988904394470828 0.989683040589734 0.975674052297937 0.973967335567594 0.999492445225221 0.999492446039488 0.984547248144351 0.97767338154002 0.983995958785692 0.977408658759667 0.984006779624622 0.987945672587639 0.987315302484073 0.987272987191133 0.99428930383254 0.974619691479896 0.983615203343564 0.991003491864185 0.997091011407604 0.981363802865996 0.986290006516629 0.988772411211752 0.974317012332651 0.98579987114978 0.980109257588017 0.987537554361187 0.969536996772684
-9999 -9999 -9999 -9999 -9999 -9999 -9999 -9999 -9999 -9999 -9999 -9999 -9999 -9999 -9999 -9999 0.987026968954216 0.987132556723115 0.984819517248565 0.984860263362572 0.989974862089543 0.962731227982056 0.999280354297337 0.999492446768043 0.983711538509191 0.978243209675402 0.984237399000854 0.984764547397995 0.980968262124802 0.982544658848738 0.98339564875761 0.988740836624025 0.994108134616413 0.990720047906835 0.976890943299531 0.984323532261746 0.997940788782876 0.980205850023112 0.982372347039555 0.991433661578232 0.985612866151927 0.98111474978333 0.980686373216818 0.985391866387209 0.979259734772875
-9999 -9999 -9999 -9999 -9999 -9999 -9999 -9999 -9999 -9999 -9999 -9999 -9999 -9999 -9999 -9999 -9999 0.986820556687295 0.990022578693487 0.991574236826543 0.991917275174148 0.994688554317417 0.99949152338626 0.986340901740998 0.988437616632001 0.990584941345224 0.978110719209424 0.986968209524674 0.982852577938178 0.983966305604896 0.977779488549354 0.984911895597639 0.99226871757691 0.989061711858266 0.985176198793458 0.984621541343164 0.992225091230866 0.996990456849216 0.98092512071457 0.980392097236741 0.995242551133137 0.982625760311032 0.983876923394428 0.98474260306189 0.994598292037132
-9999 -9999 -9999 -9999 -9999 -9999 -9999 -9999 -9999 -9999 -9999 -9999 -9999 -9999 -9999 -9999 0.98855235600747 0.98705720335565 0.983421354815562 0.987933632726858 0.989289077592998 0.985758791750003 0.999489572437789 0.984893889915839 0.992387364511145 0.994398832554027 0.992454240661063 0.984233165640052 0.981863610192035 0.989882334990862 0.985711438538709 0.983517552337702 0.984935657580528 0.986149328121443 0.987083839836306 0.988793629017398 0.990364015034641 0.990017763096659 0.996921733454344 0.996733432701977 0.988226103802831 0.995199620289926 0.99639979583707 0.996306081735834 0.984449279651169
-9999 -9999 -9999 -9999 -9999 -9999 -9999 -9999 -9999 -9999 -9999 -9999 -9999 -9999 -9999 -9999 0.988175486043109 0.994096546785897 0.99297003276436 0.982761120926503 0.996375022390237 0.996661512408336 0.996663057292619 0.999275321670429 0.982766573703432 0.976370034838368 0.97675849673137 0.977213404330303 0.993571980738523 0.992920311075864 0.982897679209563 0.976245200411142 0.98156700401079 0.985349937077775 0.984460999470396 0.984966418020708 0.977887432789545 0.982860219393716 0.991474153383531 0.99596452619918 0.97825332752043 0.978831780351728 0.97926254135861 0.969642299663392 0.978563413723566
-9999 -9999 -9999 -9999 -9999 -9999 -9999 -9999 -9999 -9999 -9999 -9999 -9999 -9999 -9999 0.982414001764125 0.989993686856982 0.985105420881604 0.994819795781282 0.994791386385996 0.989508630555093 0.978110859856397 0.970838672530636 0.999483665391357 0.993436493887029 0.99497970820806 0.994674647485158 0.994272011088618 0.994026696691168 0.981447785724378 0.98783966199509 0.977945264240742 0.983360892061609 0.989696580307299 0.983431844810608 0.983436404299007 0.983091933388031 0.989186039146897 0.99049958922711 0.997130722694807 0.997092471377375 0.980393624482518 0.971450346676497 0.979531568700972 0.983767888655563
-9999 -9999 -9999 -9999 -9999 -9999 -9999 -9999 -9999 -9999 -9999 -9999 -9999 -9999 -9999 0.985273580837573 0.991810788783951 0.978748220785699 0.994203156327989 0.986370986202733 0.992375192250448 0.97718077047593 0.987312326384044 0.999483226879021 0.984536286555197 0.974442401740245 0.98263299747369 0.981207001869403 0.98003762055898 0.981352861586228 0.987295841165663 0.983959500202486 0.984427879066586 0.988521974499569 0.994151488807118 0.982842348065048 0.983734051961688 0.982558132083193 0.97482738164642 0.986985801836976 0.991942898674357 0.995623141892928 0.979274284171467 0.985653622949572 0.986921442229251
-9999 -9999 -9999 -9999 -9999 -9999 -9999 -9999 -9999 -9999 -9999 -9999 -9999 -9999 -9999 0.984194249850992 0.992272304849799 0.991559142515562 0.975296008487573 0.986035741052392 0.976883517072528 0.965628159616143 0.981946949253203 0.982505532345495 0.999263708078258 0.975814845557343 0.987542650534781 0.982161404859411 0.971380864927679 0.994146649483 0.991843636545538 0.990345422969253 0.986183021139013 0.990467015492553 0.992980594649889 0.988517662158415 0.984029134607672 0.980912847308813 0.981582305109313 0.981760017215173 0.988230765456729 0.984881824006686 0.995513900822925 0.996456720943076 0.987098702431194
