Archive - glowpa-model-master/Model input/Uganda/survival/sedimentation/sedimentation_restime_1sep.asc
NCOLS 67 
NROWS 67 
XLLCORNER 29.500000001 
YLLCORNER -1.499999999 
CELLSIZE 0.0833333332985075 
NODATA_value -9999 
[rows 40 to 59 of 67, columns 0 to 44 of 67]
0.96973732354855 0.974310732319761 0.996858818726526 0.996925587098317 0.965338536654782 0.992170891629844 0.978286571283434 0.982220387921892 0.976043916626172 0.981903949034074 0.980412534232605 0.986235381691263 0.979707123207081 0.991499181585229 0.986166502762407 0.995048497452925 0.993545348841954 0.992814285847586 0.988145842892663 0.98838277651114 0.987852285552596 0.986983044765617 0.987578073878124 0.986747756552238 0.987114373890984 0.984403891885694 0.986429376439364 0.987452458326719 0.981886525531215 0.975494312154542 0.98485699498254 0.980760253041953 0.996078276754686 0.985032183069369 0.985737687211584 0.991827538141514 0.982838115439717 0.975767719943086 0.982098079028298 0.991610545575496 0.992276618770047 0.983087908388022 0.999370123287768 0.989411544416195 0.989230969594388
0.980073643685436 0.979829183532511 0.996786438212233 0.990526988444361 0.990251268421583 0.991064840592971 0.977572517469679 0.98248919605747 0.983232437468441 0.99069638913668 0.988580646576225 0.983105311137324 0.980638019284787 0.986398662449989 0.985859631914521 0.993865433125634 0.986118638217285 0.990103267292 0.992459502650774 0.993908048428471 0.991642272673626 0.9905499053114 0.986979040844355 0.990369527243984 0.985620576339644 0.985673085180083 0.973346361738552 0.980749380966583 0.971362870720655 0.980537269981146 0.984301979875707 0.986524347533917 0.995771764313896 0.982610159335628 0.983070114916526 0.98279449886176 0.981445293623781 0.982295576445885 0.990449009815833 0.987063323346348 0.994162562464445 0.990342606282838 0.999369794640357 0.985906193555811 0.991537468016083
0.968399450422644 0.96661778039096 0.9966117841279 0.96495937600485 0.989740420547745 0.989440904437372 0.973903678273947 0.987483202962604 0.989714209655212 0.982109050315964 0.983776162291215 0.992989658737327 0.98805551712292 0.98375356599426 0.986602156112881 0.987499660891202 0.988090790827882 0.989391401793091 0.985146118316466 0.986618919899321 0.980094161524115 0.98414823102184 0.984697096482887 0.988503324494371 0.98416023874074 0.993169112052043 0.984840072297301 0.981425912946725 0.979736170244275 0.974369687040235 0.981887098517755 0.98243646590547 0.995614298401958 0.993613295086277 0.989220258141819 0.982238063139433 0.981931670137481 0.981718903184749 0.992492690445169 0.982130769013719 0.992673759076104 0.989055699064705 0.999369481360516 0.999364930200821 0.983702835947738
0.996282099382833 0.995181172667109 0.977987485243258 0.978860403758993 0.987407942495142 0.986377020871881 0.981247046900989 0.981993500106379 0.986804116442146 0.984563883488487 0.987567017157774 0.993331340333083 0.994281732496286 0.984849770133803 0.979239523966026 0.98351288297775 0.986950868074399 0.978460486163243 0.979639810973382 0.986870176274368 0.986961744562114 0.988987638408039 0.990949605586748 0.984630507143807 0.976012280033275 0.990693623455761 0.974182745387778 0.978687682769883 0.990849994797379 0.991290295800417 0.983652581794806 0.97915757637397 0.994158740390743 0.983134779886358 0.987627966661275 0.990184462563563 0.982871259076774 0.986518343763368 0.982485766383394 0.982529361756928 0.992223301455284 0.9873094666672 0.973547707646948 0.999368894252848 0.985473333065807
0.996288245085091 0.992051372868977 0.9916241112718 0.989688363363571 0.987301326550723 0.980331793080447 0.968494755537594 0.97790147090316 0.983341915232307 0.992103219876888 0.991405287452838 0.98302553129003 0.995112905870812 0.990623704203467 0.991056363592075 0.981393648054453 0.987649381763327 0.982984200172954 0.98437744385776 0.990273708720893 0.98918672604277 0.994441385450339 0.973029090073657 0.982409783148806 0.991480677671562 0.985163250757156 0.983422555310933 0.994554803008714 0.987539216741476 0.987663834746234 0.98096707800573 0.973220244824331 0.988309177531729 0.989922933148783 0.991582607376045 0.983500427095058 0.980347004101556 0.989105877222286 0.984284457368198 0.986446200516053 0.990808486079653 0.984430661972427 0.999103861797595 0.999103861797595 0.999103857133446
0.996221122790391 0.987921253856919 0.986784502964304 0.985632019820022 0.989963845822961 0.979203534785884 0.988804575626375 0.990170938863662 0.979954622090531 0.993294583373655 0.992027871438034 0.974252016667335 0.995236263907022 0.986834631378444 0.990248735950207 0.987046255024823 0.993123000636335 0.98678683501993 0.986067874239905 0.992838168884045 0.98674480501559 0.994692595397975 0.992532140650015 0.994248120527544 0.976002843270159 0.980989770532475 0.981420589132399 0.992282245396416 0.991232009355449 0.991232009355449 0.9838865213874 0.981447395117511 0.984400029972072 0.98398849600638 0.980765425772965 0.984818715934965 0.986623502416877 0.999368372462407 0.999103857133446 0.979299676340846 0.984412894361323 0.978588255434742 0.99936412793556 0.99936412793556 0.999103853381848
0.991931834795364 0.994408546565849 0.982140615858795 0.978470791306133 0.987757815343573 0.982286252501377 0.985878468042393 0.990210671584437 0.996948628399627 0.995196496648039 0.992940656346126 0.983248599049165 0.993402296446567 0.994080855770572 0.994437195893665 0.994972858875064 0.996354900679543 0.996437874886908 0.996934357400787 0.997255530092536 0.997245351132511 0.99779177998146 0.996875103452228 0.97970605733909 0.968303767471156 0.968799753467527 0.992340683896944 0.976570742430999 0.978514562244607 0.980715309676164 0.98109906253031 0.981415186471203 0.981336306067697 0.986406474903277 0.999103853381848 0.999368372614539 0.999103853381848 0.999368372614539 0.999364123320906 0.999364123320906 0.999368372614539 0.999103853381848 0.999364123320906 0.999368372614539 0.999368372665249
0.977346262134094 0.995544431219406 0.988242438350164 0.984873376590803 0.985388502849035 0.990140091596 0.996968995175124 0.996968995175124 0.996968995175124 0.996968995175124 0.995815021544016 0.997010807074443 0.996089163175893 0.996029222152826 0.98257371237642 0.981730775091782 0.993294673399945 0.987388271364593 0.994358402687006 0.989068392165243 0.991758329880649 0.98264830745949 0.987619725728104 0.996917690161098 0.98252402835013 0.992388535521678 0.972438122661549 0.975566225141127 0.966809361369374 0.981601885610053 0.98072019682799 0.986301560763573 0.999103850644195 0.999103850644195 0.999364119974014 0.999103850644195 0.999368372665249 0.999368372665249 0.999364119974014 0.999368372665249 0.999368372665249 0.999364119974014 0.999364119974014 0.999103848819094 0.99936837271596
0.98542196511324 0.995521590014801 0.995340534134187 0.995309210804625 0.993385404527863 0.977176872007498 0.996948602660745 0.995701781816759 0.996948602660745 0.995701781816759 0.982188599518886 0.990771860264226 0.982623140321738 0.993181948143396 0.993207021040972 0.992211100332994 0.989969223894335 0.9767199849618 0.994159120043125 0.984309810863208 0.993124964150202 0.982950728499955 0.983916569021294 0.981194658239977 0.997935369133578 0.998034511965301 0.998034134837013 0.998038597089804 0.997259528862565 0.986337208542506 0.99936837271596 0.999103848819094 0.999364117945595 0.99936837271596 0.99936837271596 0.999103848819094 0.999364117945595 0.999364117945595 0.999364117945595 0.999364117945595 0.999364117945595 0.999364117945595 0.999364117945595 0.999364117945595 0.99936837271596
0.995340534134187 0.995340534134187 0.995340534134187 0.995340534134187 0.995340534134187 0.960664143450856 0.968576128770294 0.982208567567512 0.995701777081316 0.996968995513801 0.982217252487069 0.982864772904203 0.988509980451874 0.981724809694313 0.994096675146247 0.99120997730998 0.980910360524859 0.983720927003929 0.993790952151975 0.993289640197446 0.983850806750875 0.988738757758411 0.975967821853719 0.974266811744934 0.989811154601565 0.984819426075041 0.98971219961234 0.977811105482945 0.999364117286359 0.999364117286359 0.999103847805148 0.999364117286359 0.99936837271596 0.99936837271596 0.99936837271596 0.999364117286359 0.999364117286359 0.99936837271596 0.99936837271596 0.99936837271596 0.99936837271596 0.999364117286359 0.999103847805148 0.99936837271596 0.99936837271596
0.993394746204793 0.995340534134187 0.995309210804625 0.995340534134187 0.995309210804625 0.960242348148837 0.995997295276669 0.996968838666605 0.996968995513801 0.975653953893809 0.983438219340164 0.981664881450624 0.991072448733423 0.980996881455743 0.993924184849503 0.98974537290627 0.979309598617417 0.985516283261761 0.980698743342837 0.992875116558558 0.982941090221034 0.991488931872255 0.982624366717121 0.969800451426497 0.992463748012849 0.980715419302492 0.992547439292574 0.979640405314279 0.999103847805148 0.999364117945595 0.999364117945595 0.999364117945595 0.999364117945595 0.999364117945595 0.999364117945595 0.999103847805148 0.99936837271596 0.999103847805148 0.99936837271596 0.99936837271596 0.999364117945595 0.999103848819094 0.99936837271596 0.999103848819094 0.999364117945595
0.995309225407785 0.993394759839537 0.995309225407785 0.995309225407785 0.995309225407785 0.99715471902913 0.972701018900544 0.990281224435099 0.977561914012365 0.984075239917495 0.979678493267496 0.98161522430583 0.982677573291205 0.974407895475932 0.993229548843069 0.973784463554315 0.982376197662706 0.977977956468426 0.978544882170539 0.990453488405722 0.984518308298258 0.986869119637689 0.976166052150827 0.980889895411957 0.992267758150298 0.969559845172192 0.990520812602385 0.980297532374844 0.999364119974014 0.999103850644195 0.999368372665249 0.999364119974014 0.999364119974014 0.999368372665249 0.999368372665249 0.999368372665249 0.999364119974014 0.999364119974014 0.999364119974014 0.999103850644195 0.999364119974014 0.999364119974014 0.99936837271596 0.999368372665249 0.999103850644195
0.995309250374479 0.995340533192018 0.993394780056572 0.993394780056572 0.995309250374479 0.976456455082875 0.960618890692244 0.992619242992751 0.976176837721024 0.975257114568637 0.976783230327959 0.95934879152447 0.982993216499486 0.983847055999631 0.988953845559535 0.981914172101009 0.978141108516378 0.967829785784788 0.978042446284893 0.984731786849564 0.984696232829079 0.981842992443487 0.980088072186013 0.987864566114315 0.990634827717274 0.976701037376037 0.986150357509813 0.972430076628025 0.984305753312327 0.980498075235375 0.999103853381848 0.999103850644195 0.999103853381848 0.999368372614539 0.999364123320906 0.999364123320906 0.999103853381848 0.999364123320906 0.999368372614539 0.999364123320906 0.999364123320906 0.999364123320906 0.999103853381848 0.999364123320906 0.999103853381848
0.993394807796225 0.995340532249849 0.993394807796225 0.993394807796225 0.995309284291499 0.951186681105611 0.962416042397207 0.992429671656274 0.991766527850103 0.983472393163345 0.987600657420659 0.987935019938204 0.974988732825182 0.980334555403785 0.978120198625291 0.979646390693643 0.970315584358556 0.980125530856439 0.980222899476946 0.980911494359554 0.981013219785618 0.963597839496888 0.97296611561942 0.973706238534651 0.9855360561496 0.976986615481717 0.980722429447677 0.982358102573845 0.989414574682384 0.992172623362598 0.999368372614539 0.99936412793556 0.99936412793556 0.999368372462407 0.999368372462407 0.99936412793556 0.999103853381848 0.999368372614539 0.99936412793556 0.99936412793556 0.999103857133446 0.999368372462407 0.999368372462407 0.999103857133446 0.99936412793556
0.99534053130768 0.993394841648006 0.99534053130768 0.993394841648006 0.958781596310584 0.976774843491545 0.980563226662366 0.98305646804559 0.98281841063075 0.987934468690329 0.986978475681091 0.990028166733832 0.984154415905222 0.981680777304521 0.981357606596002 0.97976587298926 0.979635200345719 0.984985378287127 0.979742276340618 0.99267546123351 0.987344445016757 0.984839826371386 0.981777564444983 0.972429428713258 0.975840308342236 0.966243831385852 0.972627630130025 0.999364133919396 0.999103857133446 0.999368372462407 0.999368372462407 0.999364133919396 0.999103857133446 0.999103861797595 0.999368372462407 0.999103857133446 0.999364133919396 0.999364133919396 0.999103861797595 0.999364133919396 0.999364133919396 0.999103861797595 0.999368372310275 0.999364133919396 0.999103861797595
0.995340530365511 0.995340530365511 0.995496856299295 0.958913665729647 0.988053821573297 0.979049143208741 0.976507593344206 0.983952235458991 0.984748549358484 0.993000736614184 0.977539957494786 0.991064660813001 0.987827811680511 0.974666139569021 0.981287109415145 0.982246274692128 0.984211798862502 0.990147752136593 0.978955179405932 0.992675459234953 0.972358505113643 0.978174319324819 0.967754443556604 0.975107458091451 0.965210575640539 0.96266662902318 0.977081022691655 0.999103861797595 0.999368372208853 0.999103861797595 0.999103861797595 0.999368372310275 0.999364141323126 0.999364141323126 0.999364141323126 0.999103867272901 0.999368372208853 0.999103867272901 0.999368372208853 0.999368372208853 0.999103867272901 0.999368372208853 0.999103867272901 0.999103867272901 0.999368372208853
0.995340528952257 0.995340528952257 0.995478018352655 0.995239153788378 0.976359677027642 0.986887141653853 0.983333308639102 0.982640124891343 0.982967122737687 0.993466536410098 0.983430283274894 0.995664840587003 0.995999591170717 0.996113830354692 0.996200176095084 0.994765488621163 0.996735009381051 0.99266979162631 0.996953024768874 0.995707879332452 0.997010429830174 0.977225439110177 0.995693604348982 0.974147954077338 0.977359631844927 0.973608134946338 0.999368372208853 0.999364149994618 0.999364149994618 0.999364149994618 0.999364149994618 0.999364149994618 0.999103873863546 0.999103873863546 0.99936837200601 0.999368372208853 0.999103867272901 0.999364149994618 0.999364149994618 0.99936837200601 0.999368372208853 0.99936837200601 0.999364149994618 0.999103873863546 0.999103873863546
0.972887594759655 0.993704836392512 0.98526040327956 0.995213564946076 0.97911296966138 0.982228595965519 0.981994823848644 0.991491187148185 0.981327062075076 0.993833216819988 0.992737715698723 0.98264355748126 0.981562612639979 0.983786730700293 0.988294724321191 0.989906025602985 0.996713264846094 0.996713264846094 0.996953072808281 0.996953072808281 0.996990516804739 0.995693635852253 0.996942932890636 0.982111659911013 0.988992779560331 0.973111210312759 0.99936837200601 0.999368371803168 0.999103881265348 0.999103881265348 0.999368371803168 0.999103881265348 0.999368371803168 0.999368371803168 0.999103881265348 0.999103873863546 0.999364160035294 0.99936837200601 0.999364160035294 0.999364160035294 0.999103881265348 0.999364160035294 0.999364160035294 0.99936837200601 0.999103881265348
0.961388113548354 0.993458601537724 0.982876983165316 0.995135149061192 0.977495647855024 0.974262044113482 0.992807539141301 0.991943297272879 0.983164661756697 0.992383776138226 0.986988867673391 0.982455225238013 0.982189538426053 0.973742359096217 0.979468602810566 0.98271377052182 0.995370411598421 0.996713323292725 0.978538324469302 0.964668767545058 0.982066222331435 0.97637595054152 0.995718355248495 0.955994117566397 0.990680765615529 0.991228310642167 0.999368371803168 0.999364171343731 0.999103889681096 0.999364171343731 0.999103889681096 0.999368371498904 0.999103889681096 0.999103889681096 0.999103881265348 0.999364171343731 0.999364171343731 0.999364171343731 0.999103889681096 0.999368371803168 0.999368371498904 0.999368371498904 0.999103889681096 0.999364171343731 0.999368371803168
0.97541806101987 0.993350524291182 0.98097200284139 0.9739800659661 0.992902616514901 0.993348978642705 0.993173123781814 0.980400850554813 0.981730853481279 0.976792382172176 0.984144031453041 0.977886519040867 0.987116389755641 0.98032510215678 0.980120356233418 0.986202507161292 0.984324260895781 0.977649880257562 0.978793368466727 0.975278496139342 0.986018887286401 0.978042507411755 0.968902558826527 0.996964627281454 0.997144468627611 0.997154601287 0.999103898908 0.99936837124535 0.999103889681096 0.999364184072062 0.999364184072062 0.999364184072062 0.999364184072062 0.999364184072062 0.999364184072062 0.999103898908 0.99936837124535 0.999364184072062 0.999364184072062 0.999368371498904 0.99936837124535 0.999364184072062 0.99936837124535 0.999103898908 0.999103898908
