Archive - glowpa-model-master/Model input/Uganda/survival/sedimentation/sedimentation_restime_1aug.asc
NCOLS 67 
NROWS 67 
XLLCORNER 29.500000001 
YLLCORNER -1.499999999 
CELLSIZE 0.0833333332985075 
NODATA_value -9999 
[rows 0 to 19 of 67, columns 0 to 44 of 67]
-9999.000000000000000 -9999 -9999 -9999 -9999 -9999 -9999 -9999 -9999 -9999 -9999 -9999 -9999 -9999 -9999 -9999 -9999 -9999 -9999 -9999 -9999 -9999 -9999 -9999 -9999 -9999 -9999 -9999 -9999 -9999 -9999 0.974510328926895 0.981842840374812 -9999 -9999 -9999 -9999 -9999 -9999 -9999 -9999 -9999 -9999 -9999 -9999
-9999 -9999 -9999 -9999 -9999 -9999 -9999 -9999 -9999 -9999 -9999 -9999 -9999 -9999 -9999 -9999 -9999 -9999 -9999 -9999 -9999 -9999 -9999 -9999 -9999 -9999 -9999 -9999 -9999 0.982501432350308 0.980498682420371 0.980858835428697 0.983642059155218 0.97282710532456 0.973492483384047 0.980798661717124 0.984846539351981 0.977922363293323 0.979988417218272 0.981484175914725 -9999 -9999 -9999 -9999 -9999
-9999 -9999 -9999 -9999 -9999 -9999 -9999 -9999 -9999 -9999 -9999 -9999 -9999 -9999 -9999 -9999 -9999 -9999 -9999 -9999 -9999 -9999 -9999 -9999 -9999 -9999 -9999 -9999 -9999 0.990723567588898 0.979342872471996 0.989530964151533 0.993921815906385 0.995501127444415 0.980194406761822 0.99292610320709 0.994633387763635 0.993920201962516 0.991636079229281 0.989229001345329 0.981455037349133 0.977917306501873 0.985929409650593 -9999 -9999
-9999 -9999 -9999 -9999 -9999 -9999 -9999 -9999 -9999 -9999 -9999 -9999 -9999 -9999 -9999 -9999 -9999 -9999 -9999 -9999 -9999 -9999 -9999 -9999 -9999 0.984580179776834 -9999 -9999 -9999 0.98789299646493 0.978343419955095 0.994365028079908 0.979832009798332 0.971811759841495 0.993466182127146 0.986472813143997 0.98268778797385 0.98332250632498 0.985010798219859 0.98580333188938 0.984770165710135 0.980774671747604 0.990540355904049 -9999 -9999
-9999 -9999 -9999 -9999 -9999 -9999 -9999 -9999 -9999 -9999 -9999 -9999 -9999 -9999 -9999 -9999 -9999 -9999 -9999 -9999 -9999 -9999 0.983005153910898 -9999 -9999 0.983402478779682 -9999 -9999 -9999 0.99945882652495 0.998736108487823 0.998682594773281 0.990149274403029 0.988479214499778 0.984423248595783 0.973146143273793 0.984064950984593 0.986902735671339 0.988914754995987 0.985390583881893 0.987416481895747 0.985181757206968 0.992086163689274 0.981042792630801 -9999
-9999 -9999 -9999 -9999 -9999 -9999 -9999 -9999 -9999 -9999 -9999 -9999 -9999 -9999 -9999 -9999 -9999 -9999 -9999 -9999 -9999 0.982604104215865 0.989862269668627 0.987744420039441 0.989901068288327 0.975500077239895 0.999491620109746 0.999493972654828 0.999292068974139 0.999500516900294 0.981069557538057 0.998681781955272 0.996549237651939 0.996379906702975 0.984788703435103 0.990727136541494 0.992876596862336 0.987994898610979 0.980197051673055 0.985681029783546 0.977644113987585 0.99270031078154 0.992962715816787 0.98141695390456 -9999
-9999 -9999 -9999 -9999 -9999 -9999 -9999 -9999 -9999 -9999 -9999 -9999 -9999 -9999 -9999 -9999 -9999 -9999 -9999 0.985174358495916 0.993806191421772 0.994314964097653 0.99541982832375 0.995810684607343 0.989402188062319 0.980614392153673 0.999493973638227 0.999491573590791 0.999498147879124 0.999500517789234 0.996429146725479 0.982140173593783 0.998026939460568 0.985345546176736 0.994812506195902 0.99500630760984 0.994730969150185 0.993053292832873 0.985841700688501 0.989071149673028 0.990552220344352 0.993577530536181 0.995183890876043 0.972195370276763 -9999
-9999 -9999 -9999 -9999 -9999 -9999 -9999 -9999 -9999 -9999 -9999 -9999 -9999 -9999 -9999 -9999 -9999 0.988965081013626 0.990825083069151 0.989567449462762 0.983880016126219 0.982196468782616 0.983168915239761 0.995866988452511 0.969385197767016 0.992929713373189 0.999282530502783 0.976832559926843 0.99093596968619 0.991938859948439 0.996641666821494 0.994914546254886 0.998606118508472 0.983995451559612 0.982193698568414 0.987522404450863 0.99112392337623 0.987976556494796 0.984491706690039 0.983651356517179 0.988885434999992 0.981024921693798 0.99357573774205 0.981509590056233 0.972969998628197
-9999 -9999 -9999 -9999 -9999 -9999 -9999 -9999 -9999 -9999 -9999 -9999 -9999 -9999 -9999 -9999 -9999 0.98894057171167 0.97890175223877 0.984216872195263 0.983985027608899 0.985281484989873 0.990861184105632 0.996351020420541 0.996423957666241 0.999282011087894 0.985602397113013 0.986090536625362 0.989703037612008 0.991464129147323 0.996593771202101 0.996340129741824 0.987171541728931 0.998018776534689 0.986239847960175 0.988022607351832 0.983530553824832 0.988305608328009 0.983680358199203 0.983889996440587 0.982365056466511 0.997448210921965 0.981181972588904 0.988551937124647 0.981317592098723
-9999 -9999 -9999 -9999 -9999 -9999 -9999 -9999 -9999 -9999 -9999 -9999 -9999 -9999 -9999 -9999 -9999 0.991024093089032 0.992009645768011 0.993647321272763 0.987536224300339 0.987332183401502 0.987265767697257 0.982302841598474 0.999277753460077 0.986022349522269 0.98901714172391 0.984655410078067 0.985813793825801 0.994587504313903 0.9963056563419 0.987220512570128 0.994537650288391 0.998600366702426 0.998582995067836 0.985455341881949 0.983413711691189 0.990861943931072 0.987196119859857 0.988361096847854 0.996492015390681 0.99744972565953 0.995513174917791 0.990105619442923 0.980122623139382
-9999 -9999 -9999 -9999 -9999 -9999 -9999 -9999 -9999 -9999 -9999 -9999 -9999 -9999 -9999 -9999 0.985800495536529 0.989441608915598 0.994383331792614 0.995742753821449 0.996275838311054 0.996334603996572 0.995267183998293 0.992207325283751 0.999490747122362 0.99467431109825 0.987655570645882 0.982525687937961 0.98768789542209 0.992883904806072 0.994751177281952 0.982763267872333 0.995890343966211 0.9872908982223 0.985685278288247 0.997993548028061 0.993915367911444 0.988284837613925 0.996703924853766 0.997646783186801 0.988011074776848 0.983736061505864 0.983265277770223 0.995243281469548 0.99638276558623
-9999 -9999 -9999 -9999 -9999 -9999 -9999 -9999 -9999 -9999 -9999 -9999 -9999 -9999 -9999 -9999 0.985517065029158 0.990423552775574 0.985696583331957 0.985505140168243 0.98895502931881 0.977108144512709 0.982352373017442 0.999275744062238 0.988028507366868 0.994323187455298 0.993703731294387 0.988232584502532 0.988567202432344 0.991760600533798 0.993793831790808 0.992048271554219 0.995544879397474 0.9876595479288 0.98842115347198 0.9981657641242 0.99694708815492 0.997821537365391 0.994340295931131 0.984281058841214 0.988858655208726 0.991206525444052 0.983184846094081 0.991316682638171 0.9826864220891
-9999 -9999 -9999 -9999 -9999 -9999 -9999 -9999 -9999 -9999 -9999 -9999 -9999 -9999 -9999 0.985097334550581 0.988092712718248 0.986862839532915 0.990093511102043 0.991221511842806 0.986765062183877 0.984609949663886 0.999486044715806 0.999486045537962 0.988000184564786 0.983778736937166 0.988510070402622 0.984075432856632 0.988757233495606 0.990557701114254 0.988511253122507 0.988336511083815 0.994857607636899 0.978118837759737 0.985262014139926 0.99221401846224 0.997324474105224 0.98378806214091 0.987945623067149 0.990713267883953 0.978184842668027 0.988269549054075 0.983611040326983 0.989353357093126 0.973364332712515
-9999 -9999 -9999 -9999 -9999 -9999 -9999 -9999 -9999 -9999 -9999 -9999 -9999 -9999 -9999 -9999 0.987283003449785 0.986620070668556 0.986262602328185 0.989195899065102 0.991577460105852 0.970564818213311 0.999271280256466 0.999486046273576 0.988096931576627 0.984173808487042 0.988746299427091 0.989243733645368 0.984161868911619 0.983973505215764 0.98479259694301 0.989610045782532 0.994662714562615 0.991380872594501 0.978996078302253 0.985924548076846 0.998104103066519 0.985607776719835 0.98491463511033 0.993012294985369 0.987942182780438 0.984415930011572 0.983985213877508 0.987639651413041 0.981018819729837
-9999 -9999 -9999 -9999 -9999 -9999 -9999 -9999 -9999 -9999 -9999 -9999 -9999 -9999 -9999 -9999 -9999 0.986130479978005 0.991176625797564 0.993513718916702 0.993721386164773 0.995641997203182 0.999484223318077 0.989764030714045 0.991489856503289 0.993245545869721 0.984277151246755 0.989623150733334 0.985856523078398 0.98520688165405 0.979903608904845 0.986158511158169 0.993149664682715 0.989851652717305 0.986326726388148 0.986165283929149 0.993008231788468 0.997218753892855 0.986996043434769 0.986368737537712 0.995573716725423 0.982806854285867 0.984165145132385 0.984972732621031 0.995021415818597
-9999 -9999 -9999 -9999 -9999 -9999 -9999 -9999 -9999 -9999 -9999 -9999 -9999 -9999 -9999 -9999 0.987926619530587 0.98644344848049 0.987380240364466 0.991129941204689 0.991870937878271 0.988839341167876 0.999481971474213 0.985866015722216 0.994260443539509 0.995831925475722 0.994212452251077 0.988735995081409 0.983944683086875 0.990738681717801 0.986992183081536 0.985094369237472 0.986677996688026 0.987907299077245 0.988557045522962 0.989914765798023 0.991331255722764 0.991015304374663 0.997143483829777 0.997009468974152 0.990398404728772 0.995524673629968 0.996660067536312 0.99657340494647 0.984443892653148
-9999 -9999 -9999 -9999 -9999 -9999 -9999 -9999 -9999 -9999 -9999 -9999 -9999 -9999 -9999 -9999 0.987773231842074 0.993884104361971 0.992910960868501 0.987969285743538 0.996504917198706 0.99690930030865 0.996910663257422 0.999265650554125 0.986065176485272 0.982072465401749 0.982735153398338 0.983272206599056 0.994118701914998 0.993519663453459 0.984545438782633 0.978983443339883 0.983514305541485 0.987469758071582 0.986567795411181 0.986490320993617 0.980021045152854 0.984730741953158 0.992380051911852 0.99620115000108 0.985822516700908 0.982171980022219 0.981990435200252 0.973696569646561 0.981210298389189
-9999 -9999 -9999 -9999 -9999 -9999 -9999 -9999 -9999 -9999 -9999 -9999 -9999 -9999 -9999 0.981836433518848 0.989636006465236 0.984689141144657 0.994857331995859 0.994864013304905 0.991802224697907 0.982957529166962 0.976667582376224 0.999475670423123 0.994428324845502 0.99571271576075 0.995364760743965 0.994850864452346 0.994515530981531 0.983138828603476 0.989128806732156 0.980216220354879 0.985313615333286 0.990901202479469 0.985487639784726 0.985168779620562 0.984976046180978 0.990376616355598 0.991524065061566 0.997294531409404 0.997259470335974 0.980204621951846 0.973099714770687 0.981750509285462 0.985685840357207
-9999 -9999 -9999 -9999 -9999 -9999 -9999 -9999 -9999 -9999 -9999 -9999 -9999 -9999 -9999 0.984758724031131 0.991519662156879 0.9781367962879 0.994136588172874 0.989368533233114 0.99396841229393 0.982871016336428 0.988927377749928 0.999475749925169 0.983590086138004 0.979976019959172 0.986685294975645 0.984986420869256 0.982626031766862 0.98308598423481 0.988587940874279 0.985527281150287 0.985937058244557 0.989684565425932 0.994828805055587 0.985438752714783 0.985932805722691 0.984618339472932 0.977594460894104 0.988283243998547 0.992618531858493 0.995830365377347 0.978802815764767 0.986748600453486 0.98816621222595
-9999 -9999 -9999 -9999 -9999 -9999 -9999 -9999 -9999 -9999 -9999 -9999 -9999 -9999 -9999 0.983588983102852 0.991957639834046 0.991212897812623 0.977645152660244 0.98826753490613 0.984206602034704 0.973360852721067 0.982140039709415 0.982239117573407 0.999252832962412 0.976184538300449 0.990219543353214 0.986288837964954 0.975262012154608 0.994707118880108 0.992631787306861 0.991326191976107 0.987766537376394 0.991469955101476 0.993762394506926 0.989974433187945 0.986000028987716 0.983443720087636 0.98382321212661 0.983609006030653 0.989102567729329 0.985793509355431 0.995749278363032 0.996642910191386 0.987392876900522
