Archive - glowpa-model-master/Model input/Uganda/survival/sedimentation/sedimentation_restime_1oct.asc
NCOLS 67 
NROWS 67 
XLLCORNER 29.500000001 
YLLCORNER -1.499999999 
CELLSIZE 0.0833333332985075 
NODATA_value -9999 
[rows 20 to 39 of 67, columns 0 to 44 of 67]
-9999 -9999 -9999 -9999 -9999 -9999 -9999 -9999 -9999 -9999 -9999 -9999 -9999 -9999 -9999 0.985358976475382 0.977644541094111 0.98503324080382 0.98284150105884 0.986252681510103 0.983715773313332 0.987239640591459 0.990645730345454 0.990085189845195 0.994571890856026 0.993970630457627 0.981220496245086 0.985150865462083 0.999262027743644 0.995115215289484 0.983400890207504 0.977187336125622 0.987793696186002 0.982867770012632 0.996620903206916 0.996531829551443 0.992507898416205 0.987522573795923 0.983226818249246 0.985647922372926 0.987049503613655 0.982093074729208 0.988947502489419 0.989500172077075 0.995127627034263
-9999 -9999 -9999 -9999 -9999 -9999 -9999 -9999 -9999 -9999 -9999 -9999 -9999 -9999 -9999 0.982989299698753 0.977339933870154 0.976452666508655 0.980671412477186 0.983947850822647 0.982974709114553 0.982211458845279 0.988668946574002 0.984824711397434 0.999264565210949 0.999478298746585 0.999478046095775 0.999476919986137 0.987998081075279 0.999259721673457 0.999474852372111 0.985321442147455 0.990596590915521 0.981910222544425 0.995464362332488 0.983870820134496 0.987416976617625 0.993006107498964 0.9941063647098 0.993390170690088 0.992008283035706 0.984070111452993 0.983516127560655 0.986363939518781 0.98567953963249
-9999 -9999 -9999 -9999 -9999 -9999 -9999 -9999 -9999 -9999 -9999 -9999 -9999 -9999 -9999 -9999 0.983673828147776 0.982654684457684 0.985938866179468 0.973432457438298 0.99926588411304 0.999265863581231 0.999479300474104 0.999478468416795 0.98567511683745 0.98618256915383 0.987249307585439 0.990601363694848 0.992408075367635 0.990765523054351 0.988770428671054 0.999258875200554 0.999474218853819 0.999473594220234 0.986702312053219 0.987375841949367 0.995616884373356 0.986475092115338 0.9865737824448 0.987234890136865 0.986629777067164 0.97779258696288 0.983280170504959 0.9830390013613 0.979561395538781
-9999 -9999 -9999 -9999 -9999 -9999 -9999 -9999 -9999 -9999 -9999 -9999 -9999 -9999 -9999 -9999 -9999 0.978737974661675 0.999482381343076 0.999482381908693 0.999479271497187 0.999482381908693 0.999479271497187 0.990868593974284 0.989486885686783 0.989870051721719 0.990514433833007 0.990063565070687 0.988100507105537 0.987424701882188 0.985748595220289 0.985753481994945 0.989130412355635 0.999472421010834 0.98617056017926 0.986071847359849 0.994513464360782 0.990486469162693 0.987112568960602 0.986273500894851 0.984248136122251 0.976949793141606 0.989200571604463 0.992016442462828 0.985739839437521
-9999 -9999 -9999 -9999 -9999 -9999 -9999 -9999 -9999 -9999 -9999 -9999 -9999 -9999 -9999 0.981588860412932 0.979761421332185 0.999482381908693 0.999265843745416 0.999265843745416 0.999479243607992 0.999482382474311 0.999479243607992 0.999482381908693 0.995177236789096 0.995943122285587 0.99565498092371 0.990680457075226 0.985365271180911 0.982389637994823 0.979557398469255 0.979812420566587 0.985861299337346 0.993024803596229 0.999251218028694 0.996159055031504 0.986777635094568 0.979439748263164 0.979034850503245 0.98954557084376 0.98992913946596 0.983352213494512 0.994602323789073 0.992600193862044 0.976748832838106
-9999 -9999 -9999 -9999 -9999 -9999 -9999 -9999 -9999 -9999 -9999 -9999 -9999 -9999 -9999 0.985186131037766 0.999265824779593 0.999479216763011 0.999479216763011 0.999479216763011 0.999265806509765 0.999482382996419 0.999479216763011 0.999265806509765 0.990427775185262 0.987481291096358 0.982585016888353 0.990890399381908 0.981527083501847 0.989237637044831 0.985468369587721 0.985609184875886 0.985717525459163 0.99924581632573 0.995362224004268 0.994834280914968 0.994584803281157 0.994054169591859 0.993306841562813 0.988017351953131 0.988029344817637 0.98368324032224 0.993303486524441 0.989173767718807 0.976395480895225
-9999 -9999 -9999 -9999 -9999 -9999 -9999 -9999 -9999 -9999 -9999 -9999 -9999 -9999 -9999 0.999265806509765 0.999479191049262 0.999479191049262 0.999479191049262 0.999265789022929 0.999482383518527 0.999479191049262 0.999265789022929 0.988471922367853 0.991861937662468 0.987947548856337 0.987887590800987 0.992715934871825 0.984935922703634 0.989659191394697 0.988929518976117 0.984787664244956 0.979760948572156 0.999462852262329 0.999242878284336 0.985917759156013 0.986662569715098 0.985470057060943 0.985633282464675 0.991416648735958 0.990450026472498 0.994371845692178 0.984115617057071 0.991392259632157 0.988928669319178
-9999 -9999 -9999 -9999 -9999 -9999 -9999 -9999 -9999 -9999 -9999 -9999 -9999 -9999 -9999 0.999479166423235 0.999479166423235 0.999479166423235 0.999265772232086 0.999482383997126 0.999479166423235 0.999265772232086 0.999479166423235 0.983245632638856 0.992503495763626 0.981616032513043 0.979908279712327 0.985588701344053 0.979689087378907 0.979204383417586 0.991610095393654 0.99946268915846 0.99946268915846 0.999466008480422 0.984964280689217 0.979247187093357 0.986571835648157 0.991510206037435 0.993492643558349 0.995811665832641 0.996819992063189 0.994692034413384 0.985270330182564 0.988961137681247 0.999429794203412
-9999 -9999 -9999 -9999 -9999 -9999 -9999 -9999 -9999 -9999 -9999 -9999 -9999 -9999 0.99947914292844 0.999265772232086 0.99947914292844 0.999265756311236 0.99947914292844 0.999265756311236 0.999265756311236 0.999482384432216 0.989489502655843 0.990762663503941 0.991824082102734 0.990717750721517 0.979518804634183 0.992187810556249 0.985171361707429 0.977741849017775 0.988584517552917 0.999242530080153 0.999242546476149 0.999462664870997 0.996550833578766 0.989616796442771 0.985464181958071 0.988788668099912 0.996207226987548 0.986749109171227 0.986058198722291 0.993865195407318 0.993246848013666 0.983998514437498 0.999191184437241
-9999 -9999 -9999 -9999 -9999 -9999 -9999 -9999 -9999 -9999 -9999 0.999482384432216 0.999265756311236 0.99926574108638 0.999265756311236 0.999479120477859 0.99926574108638 0.999482384867307 0.99926574108638 0.999482384867307 0.99926574108638 0.980599655912178 0.986227671303652 0.983997223077658 0.977707767757565 0.988946151729621 0.984691263906039 0.992799633854182 0.984751591281813 0.981794121130242 0.985031433796141 0.999466009371708 0.999462641742202 0.999242514397026 0.999426199741566 0.996435683949033 0.997424013376818 0.997389360651826 0.999429795234594 0.9991911668176 0.9991911668176 0.999429795234594 0.999429795234594 0.999429795234594 0.9991911668176
-9999 -9999 -9999 -9999 -9999 -9999 -9999 -9999 -9999 -9999 0.987725286461671 0.999479099071491 0.999482384867307 0.999479099071491 0.999479099071491 0.999265726644516 0.999482385302397 0.999479099071491 0.999265726644516 0.999265726644516 0.983152136742578 0.98375103972623 0.982771773631517 0.982361510174534 0.984001788083756 0.983088322244084 0.988815780627991 0.994076754266586 0.988867216652979 0.979239057261349 0.997801226658777 0.990982863649972 0.985620112464523 0.991842838063911 0.999429796218905 0.999191134108799 0.999426176211938 0.999426176211938 0.999429795703314 0.999191150135174 0.999426176211938 0.999191150135174 0.999191150135174 0.999426176211938 0.999429796218905
-9999 -9999 -9999 -9999 -9999 -9999 -9999 -9999 -9999 -9999 0.999479078839863 0.999265712898646 0.999479078839863 0.999479078839863 0.999265712898646 0.999482385693978 0.999482385693978 0.999265712898646 0.983561281069197 0.993781244142926 0.978444729975764 0.978549313098183 0.97837538836556 0.98401570076962 0.99214888859689 0.988684074879535 0.994664163356602 0.994357857516836 0.998257171755107 0.997797755741136 0.996888496969374 0.986678695087695 0.981474893356003 0.986394274343132 0.987525168693785 0.984107050748597 0.999429796640752 0.99919111901964 0.999426153900976 0.999426153900976 0.999426153900976 0.999426153900976 0.999426153900976 0.999426153900976 0.999426153900976
-9999 -9999 -9999 -9999 -9999 -9999 -9999 -9999 -9999 0.987132753250298 0.999479059695958 0.999479059695958 0.999479059695958 0.999265700022768 0.999482386085559 0.999479059695958 0.999265700022768 0.991266986027144 0.978823037937334 0.99340497977271 0.991708935027695 0.988869640742782 0.985741630235545 0.980916524515912 0.997353551905329 0.996377199110989 0.994915620656797 0.997523693125958 0.977391719429442 0.983979720489981 0.985350066709373 0.995441356093893 0.987485101536072 0.987621270654639 0.98691239668254 0.986284310624649 0.999426132808681 0.9994297970626 0.999191104773973 0.984980991896978 0.999191104773973 0.999426132808681 0.9994297970626 0.999191104773973 0.999426132808681
-9999 -9999 -9999 -9999 -9999 -9999 -9999 -9999 -9999 0.98644071555062 0.999479041683284 0.999479041683284 0.999265687842884 0.999482386390122 0.999479041683284 0.999265687842884 0.986030900712809 0.98890716338673 0.975181680325377 0.98226224195804 0.977345439115124 0.984475931674274 0.997040452330622 0.996088863815314 0.991478114874674 0.984163859800393 0.996738744542549 0.983739667145138 0.996490959103339 0.994633655072252 0.987318486989221 0.985061429735041 0.995397580621277 0.990651318849037 0.98234597065088 0.980061028325151 0.992198822241776 0.985861454040654 0.983268482303245 0.99577133938186 0.999429797390704 0.999426112935053 0.624997438093141 0.999429797390704 0.999429797390704
-9999 -9999 -9999 -9999 -9999 -9999 0.988082629008158 0.990610671692208 0.98702386718663 0.972709981671733 0.99775117928874 0.999265676445992 0.999482386738194 0.999265676445992 0.999265676445992 0.986447393657809 0.980866449817087 0.977384398809718 0.983367060625573 0.979523262503545 0.994210067292429 0.995554425265754 0.986194944699957 0.984001649198815 0.97731316468267 0.985223246483559 0.99012156891212 0.980641895295784 0.997229186029012 0.981351424071268 0.991627696372985 0.986495675214852 0.991546142582068 0.994581132902935 0.985861575018474 0.986633133597861 0.989741196732109 0.989603850703131 0.980542798025615 0.997017696047962 0.985951863751773 0.999104581208571 0.994601808854733 0.986715838937944 0.999429797765679
-9999 -9999 -9999 -9999 -9999 -9999 0.98716079886613 0.988692420789926 0.981435699587374 0.996837348008754 0.97977946551043 0.999265665745094 0.999265665745094 0.999482387086267 0.999479008834084 0.99673903400043 0.99656041571015 0.996440532965187 0.996176214738382 0.996069781113972 0.99359596466382 0.975042443810665 0.994887889183654 0.996077191288029 0.982911260662639 0.984378233053307 0.986395521273249 0.988866901724423 0.99706363758708 0.975396305829738 0.993321179018047 0.986192120507876 0.989599684418725 0.985828115630731 0.994109653714141 0.986369531598233 0.986231955903281 0.991787916432778 0.98725223699666 0.996897340995168 0.987018053687727 0.999365330920413 0.986424882035361 0.991489906941744 0.985720270451949
-9999 -9999 -9999 -9999 -9999 0.98275313066676 0.979814737334604 0.991538212718161 0.996840763926152 0.962745229361365 0.957926945669345 0.999478993997558 0.999482387347321 0.999482387347321 0.987382541074382 0.991489274382325 0.984904638226554 0.989048460125306 0.982683887428575 0.99604428337536 0.979858224561032 0.990333103951753 0.990986552547584 0.995952444639675 0.985599088843735 0.977904617064024 0.977284214831888 0.989529340793934 0.991290358673933 0.995652585717021 0.987286617255497 0.987236379153578 0.985810940075877 0.985759095835758 0.994662304982158 0.990328262658005 0.985915402656972 0.987061946645609 0.990535685760731 0.996807715646392 0.987034682295364 0.999364925096856 0.987038546217859 0.992949947323136 0.985472656139951
-9999 -9999 0.973842327768901 0.979723833572303 0.980889549030367 0.977093248651591 0.976154799183045 0.988289411552917 0.99766668774002 0.971008231732648 0.991885523664731 0.992086151352149 0.997686519160066 0.982375170769741 0.985511705330562 0.992291252488527 0.98937668505091 0.986972272320411 0.984710581155777 0.99601611875681 0.983823607337344 0.992750720490082 0.988905728808921 0.993758897190335 0.993961296606541 0.987631216296048 0.98385162803365 0.984034725228359 0.990615493851331 0.996908442990772 0.996715027344742 0.983766795756941 0.980598459917617 0.980494631585294 0.994170265733779 0.982207764595758 0.986667118457693 0.986487782837741 0.983664819159606 0.996466052571771 0.981847055300015 0.999364136026283 0.986531017071436 0.986447426851628 0.984131444397667
-9999 0.976764868357182 0.986551118925056 0.982459935492328 0.968060171895828 0.980978693373839 0.997589331009223 0.996634323065865 0.977154276712817 0.960598438513267 0.991697166953858 0.979643807990144 0.993764899302351 0.996504132619946 0.99738899815451 0.989115407098842 0.988358581759972 0.988150577756605 0.990186962335375 0.995161421148302 0.991396238769072 0.988595767407836 0.984779185199548 0.993229633747092 0.985498606932087 0.990377571249649 0.978422274765719 0.976282174853044 0.985857851514939 0.980191790661169 0.987726330375908 0.995322632199318 0.991185833959708 0.983087777273995 0.993942254122332 0.983610847461188 0.988985036612195 0.985037840126075 0.981887451352176 0.99627202017493 0.976465237511472 0.999363185957854 0.980058716936082 0.980053573093442 0.973056075295365
-9999 0.975235858787568 0.980451039480328 0.997461395402952 0.997468997126898 0.996569221160442 0.983523376455005 0.987389104345775 0.987255150613413 0.987546518740926 0.985801172961992 0.988360917932051 0.987440894242454 0.99277959364878 0.986731705799873 0.996169157534784 0.996537094959325 0.987875887000658 0.989422714023646 0.98456387425272 0.991559086454711 0.984545577412642 0.988892997662715 0.992397734739109 0.986230625208708 0.992792410903216 0.992197469873563 0.989734573611226 0.977017578451746 0.977819925920617 0.988196743636992 0.9789209269834 0.994918887747437 0.975146615815419 0.983517255788079 0.990552323749516 0.983367936755796 0.982328423165336 0.992669466163453 0.994906159172055 0.982533183365244 0.983404847365408 0.999095938005625 0.994516610541224 0.98513168126018
