Archive - glowpa-model-master/Model input/Uganda/survival/sedimentation/sedimentation_restime_1aug.asc
NCOLS 67 
NROWS 67 
XLLCORNER 29.500000001 
YLLCORNER -1.499999999 
CELLSIZE 0.0833333332985075 
NODATA_value -9999 
[rows 20 to 39 of 67, columns 0 to 44 of 67]
-9999 -9999 -9999 -9999 -9999 -9999 -9999 -9999 -9999 -9999 -9999 -9999 -9999 -9999 -9999 0.984688236075645 0.976567561149005 0.984312213307223 0.98224888158967 0.986473281201749 0.984562735334566 0.987494614025955 0.990575965201325 0.98914379166093 0.993964529721243 0.993402935031243 0.979014263753975 0.983995612319542 0.99927229742688 0.995000633324145 0.982798359487864 0.976532986297997 0.987568380540932 0.982514617966498 0.996581324570287 0.996495479336188 0.992438287491139 0.987338746912626 0.983003042355643 0.985405291769425 0.986803574157011 0.981801905160828 0.988795675960459 0.989298816606871 0.995106759629105
-9999 -9999 -9999 -9999 -9999 -9999 -9999 -9999 -9999 -9999 -9999 -9999 -9999 -9999 -9999 0.982289906469697 0.976222066280731 0.975497191096517 0.980063248951615 0.98354538324564 0.982546581450816 0.982159906457817 0.988510083026104 0.982841231953606 0.999274299483504 0.999485224897725 0.999485040313178 0.999484135609551 0.987076234480815 0.999270199223854 0.999482289427715 0.984861842970761 0.990369237235589 0.981463626382121 0.995399405817647 0.983350731185201 0.987159147481559 0.992862266813331 0.993997646164137 0.993268457864053 0.991866656173003 0.983847469058102 0.983449574130652 0.986210305618611 0.985570190179426
-9999 -9999 -9999 -9999 -9999 -9999 -9999 -9999 -9999 -9999 -9999 -9999 -9999 -9999 -9999 -9999 0.982926581400947 0.981878601193436 0.985385927053412 0.97222841926997 0.999252788867099 0.999252767965922 0.999470011164996 0.99948534328716 0.983204924975423 0.983655027696334 0.984845726683696 0.989881356976434 0.991938448144243 0.990313238062938 0.988337695469948 0.999269412363715 0.999481683737499 0.999481092586673 0.986302786313875 0.98705013110161 0.99552577236154 0.986213175980866 0.986261100262131 0.986933144481907 0.986343020685323 0.977519944153733 0.98326075117525 0.983159494459353 0.979432242507569
-9999 -9999 -9999 -9999 -9999 -9999 -9999 -9999 -9999 -9999 -9999 -9999 -9999 -9999 -9999 -9999 -9999 0.97760161449739 0.999473146984034 0.999473147557399 0.99946998165882 0.999473147557399 0.99946998165882 0.989302923789163 0.987530903573495 0.987943657381453 0.988703289215315 0.988933226581753 0.986951255802891 0.986836085948674 0.985273552858449 0.985318307162701 0.988755246399539 0.999480178547314 0.985707553063952 0.985753878818183 0.99438012837457 0.990194339912285 0.986749665511312 0.985877584788738 0.983816263041293 0.976467669539489 0.989069009456185 0.991972444083203 0.985633915075046
-9999 -9999 -9999 -9999 -9999 -9999 -9999 -9999 -9999 -9999 -9999 -9999 -9999 -9999 -9999 0.980463781471781 0.978448112386736 0.999473147557399 0.99925274777027 0.99925274777027 0.999469953255267 0.999473148086659 0.999469953255267 0.999473147557399 0.994498730932414 0.995455638918011 0.995158830612949 0.989712183359001 0.984091493382162 0.981088715002725 0.978800613782945 0.979098773932835 0.9853764994874 0.992768090013598 0.999262218618459 0.996061380716383 0.98620933778495 0.978674110255853 0.978529426825789 0.989247053484402 0.989662636752945 0.983098811542251 0.994541337218878 0.992554465867434 0.976677344896927
-9999 -9999 -9999 -9999 -9999 -9999 -9999 -9999 -9999 -9999 -9999 -9999 -9999 -9999 -9999 0.98421256614416 0.999252728456524 0.999469925954337 0.999469925954337 0.999469925954337 0.999252709848303 0.999473148660025 0.999469925954337 0.999252709848303 0.988689087084701 0.985149192132494 0.980374532563396 0.989935277348158 0.979890102956465 0.988742808538646 0.98485079006006 0.984998651485638 0.985118471784517 0.999257321829125 0.99517212465299 0.994659123281087 0.994407984123605 0.993870888729815 0.993101221613177 0.987661407475367 0.987791194925224 0.983416048701451 0.993228207584138 0.989086899068887 0.976189759500526
-9999 -9999 -9999 -9999 -9999 -9999 -9999 -9999 -9999 -9999 -9999 -9999 -9999 -9999 -9999 0.999252709848303 0.999469899800136 0.999469899800136 0.999469899800136 0.99925269212199 0.999473149189285 0.999469899800136 0.99925269212199 0.986606229754476 0.990925031932212 0.986239444944569 0.986440916426914 0.992004131529231 0.983818863049971 0.989131939495049 0.988408155649082 0.984084153168858 0.978801292997102 0.999471172026076 0.9992547170953 0.985145033809582 0.985999378996672 0.984765319821379 0.985085364201981 0.991420154031337 0.990500107733067 0.994386800510802 0.984569149028726 0.991318734295272 0.988851977791374
-9999 -9999 -9999 -9999 -9999 -9999 -9999 -9999 -9999 -9999 -9999 -9999 -9999 -9999 -9999 0.999469874748557 0.999469874748557 0.999469874748557 0.99925267501301 0.999473149674441 0.999469874748557 0.99925267501301 0.999469874748557 0.979911231756225 0.991780466392202 0.979793701352254 0.978221862183015 0.98423559304957 0.978072884695491 0.977704545473979 0.991174935401456 0.999471014967425 0.999471014967425 0.999474282886957 0.984155861912514 0.978168389966718 0.985975400869704 0.991127352748184 0.993352101312294 0.995835483673792 0.996838782548738 0.994734268567381 0.985807564460916 0.988823034234727 0.999445243334171
-9999 -9999 -9999 -9999 -9999 -9999 -9999 -9999 -9999 -9999 -9999 -9999 -9999 -9999 0.999469850799601 0.99925267501301 0.999469850799601 0.999252658785937 0.999469850799601 0.999252658785937 0.999252658785937 0.999473150115491 0.988683777915307 0.990154642685501 0.991154996934807 0.990019583823666 0.977707953338733 0.991523557352127 0.983847606438939 0.975347594173743 0.987608491358703 0.999254266083548 0.999254282283767 0.999470991058114 0.996516634078456 0.989222803983046 0.984994365025413 0.988840343800122 0.996212243674364 0.986766036300096 0.985716802319016 0.99377925829621 0.993158602746692 0.98388075252174 0.999213095814533
-9999 -9999 -9999 -9999 -9999 -9999 -9999 -9999 -9999 -9999 -9999 0.999473150115491 0.999252658785937 0.99925264335258 0.999252658785937 0.999469827953268 0.99925264335258 0.999473150556542 0.99925264335258 0.999473150556542 0.99925264335258 0.979014140706959 0.985034557730829 0.983139208360444 0.977172839647078 0.988229477217508 0.9838780319265 0.992205502917638 0.983135528061279 0.979270187195858 0.983236135980657 0.999474283767598 0.999470968293632 0.999254250587687 0.999441746205389 0.99641473787035 0.997417368447413 0.997387054521325 0.999445244297898 0.999213078746768 0.999213078746768 0.999445244297898 0.999445244297898 0.999445244297898 0.999213078746768
-9999 -9999 -9999 -9999 -9999 -9999 -9999 -9999 -9999 -9999 0.98713188511074 0.999469806165453 0.999473150556542 0.999469806165453 0.999469806165453 0.999252628536558 0.999473150997592 0.999469806165453 0.999252628536558 0.999252628536558 0.981568362193638 0.982165374375354 0.982281145250017 0.982013227526211 0.983732389233036 0.982745771589533 0.988454627687594 0.993673496676631 0.987492771361111 0.973954713857066 0.997600384713749 0.989944266902669 0.984230852411202 0.99092889275213 0.999445245261624 0.999213046905292 0.999441723305486 0.999441723305486 0.999445244802707 0.999213062504863 0.999441723305486 0.999213062504863 0.999213062504863 0.999441723305486 0.999445245261624
-9999 -9999 -9999 -9999 -9999 -9999 -9999 -9999 -9999 -9999 0.99946978556847 0.999252614602442 0.99946978556847 0.99946978556847 0.999252614602442 0.999473151394537 0.999473151394537 0.999252614602442 0.981217666318552 0.993136704467318 0.976198009838769 0.976144877173381 0.977348933776775 0.983666894999982 0.992016810751432 0.988410846068696 0.994281713811427 0.993942327144892 0.998102831681481 0.99759514133192 0.996546600486592 0.985190361425245 0.979159497529592 0.984827578283222 0.986150014678642 0.982725555265054 0.99944524567465 0.999213032223344 0.999441701598765 0.999441701598765 0.999441701598765 0.999441701598765 0.999441701598765 0.999441701598765 0.999441701598765
-9999 -9999 -9999 -9999 -9999 -9999 -9999 -9999 -9999 0.986185151448638 0.999469766118215 0.999469766118215 0.999469766118215 0.999252601462041 0.999473151791483 0.999469766118215 0.999252601462041 0.990086884313641 0.976761021946803 0.992709181538756 0.990896568428242 0.987896690343301 0.983485898311193 0.978271637443017 0.997073622150275 0.996008086867191 0.994540129209057 0.997303939879435 0.974666413515039 0.981665407706873 0.98340291452412 0.994944463942987 0.985861439057082 0.986163868942959 0.985593383461333 0.985195567711639 0.999441681085226 0.999445246087676 0.999213018367256 0.983646056558938 0.999213018367256 0.999441681085226 0.999445246087676 0.999213018367256 0.999441681085226
-9999 -9999 -9999 -9999 -9999 -9999 -9999 -9999 -9999 0.985767464542377 0.999469747726477 0.999469747726477 0.999252589027165 0.999473152144323 0.999469747726477 0.999252589027165 0.984222257376742 0.987502786063543 0.971664235518129 0.980291612181782 0.974135176911881 0.980870047556789 0.996703717567331 0.995640623997512 0.990638061644057 0.982410679794785 0.996423587035075 0.981848811752787 0.996202701251708 0.994004326004122 0.985809463186339 0.982905120491578 0.994895742467144 0.989494357347676 0.980282752962927 0.978271260811091 0.991469700759103 0.984699300886868 0.981888580692559 0.995667099316731 0.999445246408918 0.999441661764868 0.28642293553322 0.999445246408918 0.999445246408918
-9999 -9999 -9999 -9999 -9999 -9999 0.987838517174894 0.990376864046326 0.986477715602714 0.972575066889694 0.997468850705089 0.999252577474196 0.999473152453058 0.999252577474196 0.999252577474196 0.984256100166033 0.978314320642604 0.974599945545961 0.982341236467796 0.978547792674609 0.99347032462262 0.995079803077751 0.985192478566819 0.9822029975211 0.974546881559309 0.98369702700385 0.989055304328522 0.97844881663963 0.997026873756451 0.979305391585731 0.990649936778189 0.98483681774773 0.990525719315508 0.994033781957192 0.984185379792978 0.985120222976386 0.988693168946502 0.98862555349709 0.978913771000054 0.99694413274007 0.985899137272602 0.999143575344669 0.994420268253532 0.986189784497913 0.999445246776052
-9999 -9999 -9999 -9999 -9999 -9999 0.986979058511925 0.988409790559058 0.981172309927924 0.996419402965535 0.979458264703625 0.999252566626752 0.999252566626752 0.999473152805898 0.999469714294974 0.996112200925865 0.995893197788827 0.99574393559655 0.995392464660054 0.995213373176998 0.992593988784955 0.97477676560806 0.994378437476866 0.995662755829051 0.98168194406395 0.982928120465354 0.984946722678599 0.987874750198674 0.996859123749632 0.971339284386628 0.992565663904596 0.984705935595228 0.988379137107529 0.984060006831807 0.993533820389438 0.98469879174883 0.984739298258302 0.990998890460245 0.986234432066774 0.996832801975598 0.986716526605466 0.999392946373385 0.985804223864046 0.991239220030198 0.985377991926328
-9999 -9999 -9999 -9999 -9999 0.982426588015432 0.979473957976037 0.991431516115504 0.996390508792743 0.962617803615342 0.957561208392878 0.999469699211104 0.999473153070529 0.999473153070529 0.984578591202947 0.988471146731854 0.981034692264082 0.987120406891041 0.980290577903142 0.995152567705296 0.97980419888266 0.9885411142604 0.990180370771631 0.995496621994726 0.985038938697829 0.976176074427443 0.974843706796338 0.988701083362616 0.990570726375774 0.995355921568943 0.985924815962265 0.985857329843151 0.984379848403456 0.984293345879149 0.994057611398808 0.989702544177099 0.984493781798746 0.985922020486189 0.989764080756487 0.996743314748367 0.986679845390839 0.999392183182214 0.986446549554004 0.992744157835602 0.985129194274527
-9999 -9999 0.973407504291482 0.979336764818137 0.980517319309541 0.976646647220851 0.97585100098563 0.988117691566662 0.997266993613328 0.970532963630987 0.990727456267837 0.990998202576254 0.997157862368595 0.976778836559484 0.979842208054428 0.989568265074339 0.985633264045396 0.983286113536265 0.980749337334716 0.995105210653796 0.979470020060635 0.991170160762534 0.987229487817691 0.99252446972232 0.993203006576086 0.987110577170026 0.982935522824863 0.982900026188267 0.989911539411462 0.996699166777221 0.996489366522095 0.981831650757925 0.978628905575877 0.978652246024103 0.993511772347307 0.981058658834492 0.986181106686815 0.985457933847796 0.982154313147828 0.996429936888855 0.981316876654164 0.999391197815169 0.985973042078371 0.985926121596098 0.983769102930612
-9999 0.976038788422062 0.986292249044894 0.982130321608982 0.967507001058047 0.980729040651623 0.997148489960013 0.996028132911769 0.973807951096219 0.95758058411477 0.990440645396401 0.976680077405044 0.992657612082681 0.995670599770831 0.996741086362784 0.986089939415965 0.984941473647874 0.984747431505028 0.988000066831818 0.994099872757565 0.98940421606601 0.986223305328543 0.981965464880311 0.991698186653492 0.983019493226932 0.989635302417212 0.978333035061868 0.976148715643909 0.985315161620751 0.978506520574233 0.987014171230282 0.99500653334675 0.99048983384033 0.981757022864239 0.993257363886558 0.982580846048894 0.98882340334474 0.98442086419097 0.981053233356252 0.99623916426978 0.976198665490889 0.999390122770108 0.979245707595046 0.979023973700187 0.971589789743437
-9999 0.974749588538593 0.97991872771645 0.996963125789644 0.996983899968498 0.995920056962039 0.982264850531788 0.985149282513135 0.985272371634621 0.985646533752284 0.983527866035408 0.987092003902884 0.985432623570536 0.991905444328882 0.985225852361388 0.995211293325121 0.995655266907945 0.984600003490482 0.987410152012559 0.98117227543826 0.989863771724992 0.981373404239376 0.986286129583858 0.990581951324068 0.983557660399378 0.992142962592051 0.991374101531424 0.989068506356577 0.976861954573079 0.97679461311256 0.987782807027886 0.977595487087916 0.99459244794624 0.97419809478353 0.982448522859279 0.989377269855718 0.983304802969725 0.9822768692822 0.992569304044538 0.994875937654803 0.982475856083408 0.983363260129482 0.999133838383015 0.994332729694059 0.984533305177365
