Archive - glowpa-model-master/Model input/Uganda/survival/sedimentation/sedimentation_restime_1oct.asc
NCOLS 67 
NROWS 67 
XLLCORNER 29.500000001 
YLLCORNER -1.499999999 
CELLSIZE 0.0833333332985075 
NODATA_value -9999 
[rows 40 to 59 of 67, columns 0 to 44 of 67]
0.970267230647852 0.974646768551263 0.997376328179464 0.997418868018417 0.96637408554772 0.992816294021261 0.979855607105417 0.984124557695822 0.978383312218155 0.982477928495885 0.981559434378391 0.987024556405557 0.980807962312358 0.991974475741388 0.986864408518789 0.995532263705165 0.9943882012996 0.993730326644925 0.989496482071666 0.98959715912083 0.989261326374553 0.98863089612111 0.989126172873198 0.989509894404794 0.989259995556887 0.986442980051497 0.988217262368202 0.988175755641291 0.982794035270857 0.975883489916614 0.98511022282626 0.981307612536647 0.996195643440225 0.986406090892616 0.987076953415784 0.992398214970827 0.983372910143564 0.975856641690347 0.982419595951481 0.99170740351979 0.992377065083145 0.983249536151613 0.999360025858475 0.989660535815265 0.989538370346325
0.98032290459821 0.980122116561118 0.997342783076058 0.991216910612998 0.99098207937843 0.991819437529726 0.979384254431035 0.984266636304585 0.984600645336612 0.991465668440731 0.989536328033427 0.984853208049766 0.981706279470529 0.987126111714045 0.987076561640376 0.994559762065091 0.987567330039812 0.991537436045551 0.993426404729462 0.994673860410794 0.992711200010077 0.991730844561328 0.988657132236717 0.99238263532564 0.988159067658953 0.98847046662546 0.977486373304543 0.981110157558259 0.971529570445205 0.980931030133652 0.984518238151183 0.986777862017064 0.995895840218639 0.984561046406496 0.984716106409788 0.984299597269227 0.982617700480195 0.982413222913968 0.990550409888991 0.98718902459337 0.994245195032948 0.990583176179938 0.999359852801738 0.986381644644373 0.991809509689768
0.968764712262023 0.966921176356672 0.997238443082355 0.966111137928322 0.990533759820464 0.990378254552091 0.976126722957661 0.988842845517405 0.990882852127152 0.984190478453414 0.985420566819533 0.993612519416929 0.989083982227107 0.985222592039416 0.988201046860377 0.989143544941888 0.989418911066484 0.990786088076555 0.987450135750592 0.988375304797771 0.982652421135895 0.987777084115009 0.988527405597965 0.990909294744981 0.987374536563857 0.994434910002825 0.986763425885935 0.983763455178462 0.983454390976195 0.980853760136762 0.982441089040198 0.982490050686994 0.99571798776206 0.993874638195899 0.990138099188312 0.983916861608925 0.983130321347146 0.981885119575554 0.992581086711422 0.982329270719981 0.992739454487312 0.989334910795837 0.999359675200086 0.999355182374083 0.984397208176868
0.997059741739703 0.996077938860761 0.978244925231029 0.979685851053343 0.988584859274255 0.98785610673896 0.982902586266244 0.983940204644769 0.988413136870948 0.986098278645101 0.988668255114278 0.993922866601364 0.994837782248348 0.987666586816792 0.982891562772207 0.986127469659186 0.988230145631113 0.980388738897593 0.981993669930459 0.988961502198882 0.988760173355739 0.991150014372447 0.992864791840991 0.987564756161691 0.981270417071141 0.992493718798297 0.98042846103688 0.984493487369973 0.992599343642278 0.99326552607965 0.986439993266518 0.979230288990145 0.994211722490362 0.983173618045187 0.987907792500632 0.990424221795893 0.983150216396091 0.986716462540371 0.982589747085535 0.982643264723283 0.992290639002964 0.98757926921012 0.973800546493114 0.999359307857234 0.986492251073438
0.997072125112389 0.992408238359692 0.992026083750153 0.990258897338963 0.989664684554101 0.982872155858482 0.971391813730471 0.980129078769063 0.98553209088188 0.993019549971986 0.992499899484764 0.985729610017824 0.995731078919371 0.992325898343775 0.992707385672156 0.985504370345839 0.989327863106265 0.985013087127008 0.987000707214932 0.991854392475164 0.990791404624054 0.995606211715604 0.979241651879132 0.986377361237131 0.993308597261363 0.989405031719765 0.987305751942494 0.995830857762003 0.990143020192235 0.990457525910106 0.983283422494931 0.973642108512124 0.988356718622565 0.990045134147366 0.991720133966736 0.983615991137152 0.980636871416988 0.989268803425781 0.984483894531764 0.986600355412262 0.99089896882879 0.98471232862013 0.999090359780098 0.999090359780098 0.999090355164555
0.997042277678697 0.98843570931832 0.987425581825124 0.9864077385919 0.991790048939583 0.980868635611208 0.990013408162288 0.991288597367667 0.982313236794939 0.99414063453658 0.993115508320385 0.979337094259725 0.995858289292564 0.989522092806392 0.992156741038518 0.989123602710127 0.994027132631602 0.988469992190536 0.988244647954871 0.994046925889301 0.988949954460945 0.995823223637588 0.994192234488002 0.995513533188862 0.982654925672102 0.986470693026973 0.986199557666841 0.99408927860388 0.99322041267763 0.99322041267763 0.983983480197675 0.981659472978637 0.984477048776509 0.984044163473215 0.980990694532781 0.985183127317154 0.987019424757084 0.999358854569198 0.999090355164555 0.979427477058705 0.984467132876805 0.978654769480541 0.999354546094168 0.999354546094168 0.999090351369553
0.99203317673449 0.995700828722354 0.982755016674926 0.979644834649678 0.989638429600526 0.983217952286618 0.98692503817197 0.991331008373699 0.997577887901717 0.995848934196342 0.993994344306778 0.98626267125767 0.994279806723022 0.995244015574286 0.995476525438937 0.99588190168425 0.996882656373643 0.996941994018311 0.997371159289317 0.997662334864242 0.997659980493113 0.998182175275338 0.997432737459172 0.985187690078168 0.977228211342424 0.977123545872447 0.994121078622699 0.983353547541666 0.983757646252428 0.980559679694275 0.981194147453855 0.981554868342011 0.981590679744362 0.986570853773689 0.999090351369553 0.999358854723091 0.999090351369553 0.999358854723091 0.999354541426108 0.999354541426108 0.999358854723091 0.999090351369553 0.999354541426108 0.999358854723091 0.999358854774389
0.977653191290542 0.996769805679463 0.988738221809284 0.985477678462932 0.986143295414506 0.991350026716069 0.997594059800837 0.997594059800837 0.997594059800837 0.997594059800837 0.996283554558858 0.997341719517427 0.996450108607935 0.996384478078922 0.984963167850244 0.98378654252854 0.993787542777769 0.988394226404249 0.995135483103626 0.990638759817028 0.993298412298363 0.986311106190681 0.990628991933885 0.997484936807675 0.987636531959688 0.994162230294008 0.981770556996446 0.983357777822834 0.975444091954912 0.981617279736993 0.980728148959508 0.986335343916358 0.999090348600228 0.999090348600228 0.999354537989184 0.999090348600228 0.999358854774389 0.999358854774389 0.999354537989184 0.999358854774389 0.999358854774389 0.999354537989184 0.999354537989184 0.999090346651443 0.999358854825686
0.985640440384818 0.996767996813009 0.996711022757352 0.996688897127621 0.994181758087789 0.979419747244185 0.997577867481027 0.996587728013216 0.997577867481027 0.996587728013216 0.983599719933027 0.991790870770848 0.984960269348289 0.993888573324964 0.993715295240382 0.992751572498449 0.990707156737949 0.978923705458957 0.994952858865018 0.986681894199251 0.994393902620554 0.986428811524183 0.987917188612251 0.987147922939162 0.99833203120862 0.998399729395227 0.998399090061673 0.998402760773098 0.997756596365362 0.986350730036777 0.999358854825686 0.999090346651443 0.999354535988587 0.999358854825686 0.999358854825686 0.999090346651443 0.999354535988587 0.999354535988587 0.999354535988587 0.999354535988587 0.999354535988587 0.999354535988587 0.999354535988587 0.999354535988587 0.999358854825686
0.996711022757352 0.996711022757352 0.996711022757352 0.996711022757352 0.996711022757352 0.963415379902701 0.9718086253892 0.98250812148472 0.996587724613146 0.997594060084462 0.983947333515654 0.984559816053816 0.989620948199955 0.983493600192417 0.994536536398046 0.991703175104156 0.981575197072671 0.9847739458229 0.994643965224966 0.99422428030906 0.986543635696733 0.99084421488665 0.980867036914645 0.980745116779935 0.992221994501545 0.984832587411058 0.989582643372285 0.977632952260491 0.999354535270424 0.999354535270424 0.999090345728335 0.999354535270424 0.999358854825686 0.999358854825686 0.999358854825686 0.999354535270424 0.999354535270424 0.999358854825686 0.999358854825686 0.999358854825686 0.999358854825686 0.999354535270424 0.999090345728335 0.999358854825686 0.999358854825686
0.995336207100723 0.996711022757352 0.996688897127621 0.996711022757352 0.996688897127621 0.965723284180626 0.996763577693221 0.997588770187415 0.997594060084462 0.97825499736626 0.984890100129272 0.983363101065729 0.9919449113171 0.982630900458373 0.99436737270274 0.990346829054415 0.980160085900156 0.986139340885038 0.982931586407573 0.993861273762565 0.986007989783897 0.993008928374088 0.985977258532918 0.97673457116982 0.994242946281579 0.980666562604861 0.992470620120101 0.97938523617341 0.999090345728335 0.999354535988587 0.999354535988587 0.999354535988587 0.999354535988587 0.999354535988587 0.999354535988587 0.999090345728335 0.999358854825686 0.999090345728335 0.999358854825686 0.999358854825686 0.999354535988587 0.999090346651443 0.999358854825686 0.999090346651443 0.999354535988587
0.996688907584704 0.995336216823415 0.996688907584704 0.996688907584704 0.996688907584704 0.997702496750757 0.975251241027654 0.991043163325625 0.978944178837516 0.985617274398472 0.982171966780484 0.983559406739923 0.984132931813643 0.976486166336681 0.993711579385829 0.975772470582586 0.983741453769995 0.979411941067633 0.981367319100491 0.991651894281399 0.985865531076599 0.989349100842488 0.980261030124582 0.984229244868415 0.994075655060719 0.969697740209315 0.990420701637197 0.9800071137158 0.999354537989184 0.999090348600228 0.999358854774389 0.999354537989184 0.999354537989184 0.999358854774389 0.999358854774389 0.999358854774389 0.999354537989184 0.999354537989184 0.999354537989184 0.999090348600228 0.999354537989184 0.999354537989184 0.999358854825686 0.999358854774389 0.999090348600228
0.996688924892979 0.996711022036158 0.995336231227402 0.995336231227402 0.996688924892979 0.978110668928551 0.964363296410307 0.99314279092574 0.978982206467514 0.977724910163705 0.979073443421323 0.965021289965452 0.984285470149082 0.985072517329468 0.989829990972326 0.983121075271602 0.979935787355457 0.969932264793935 0.980671601226463 0.986682579064113 0.986293538912012 0.985382069092154 0.984436857639622 0.990569545161099 0.992959941877211 0.979928478227459 0.986093091679917 0.972146945982435 0.984183954516991 0.98106034862096 0.999090351369553 0.999090348600228 0.999090351369553 0.999358854723091 0.999354541426108 0.999354541426108 0.999090351369553 0.999354541426108 0.999358854723091 0.999354541426108 0.999354541426108 0.999354541426108 0.999090351369553 0.999354541426108 0.999090351369553
0.995336250672785 0.996711021314964 0.995336250672785 0.995336250672785 0.996688949052447 0.953529598821353 0.965011169284949 0.992941326833547 0.992321159594601 0.985079625666471 0.988553712917104 0.988078027168589 0.976546899572412 0.98176171399301 0.979973481503849 0.980764157600757 0.972114642708867 0.981906606621584 0.982194889634182 0.982789712249933 0.983434288734358 0.970432897407908 0.978324522873342 0.979751530441814 0.989266612753048 0.980996569337023 0.980633924425012 0.982215812459717 0.989317659410854 0.992253705071268 0.999358854723091 0.999354546094168 0.999354546094168 0.999358854569198 0.999358854569198 0.999354546094168 0.999090351369553 0.999358854723091 0.999354546094168 0.999354546094168 0.999090355164555 0.999358854569198 0.999358854569198 0.999090355164555 0.999354546094168
0.99671102059377 0.995336274439365 0.99671102059377 0.995336274439365 0.9606695718852 0.978076144767158 0.981762902492975 0.983896416049294 0.9836884980371 0.9879595922771 0.987697135991512 0.990383100441719 0.984727154092228 0.982662574844809 0.983145619116953 0.98183503820619 0.981639895939717 0.986371662511145 0.981746043766718 0.99380688995389 0.989363904314941 0.986885426598539 0.984404037312743 0.977958227276609 0.983126188601401 0.974536839205295 0.972317573229118 0.999354552198555 0.999090355164555 0.999358854569198 0.999358854569198 0.999354552198555 0.999090355164555 0.999090359780098 0.999358854569198 0.999090355164555 0.999354552198555 0.999354552198555 0.999090359780098 0.999354552198555 0.999354552198555 0.999090359780098 0.999358854415306 0.999354552198555 0.999090359780098
0.996711019872576 0.996711019872576 0.995663335391204 0.960715085460941 0.988577505377651 0.980046066851403 0.977684179007678 0.984409935952636 0.984853904406458 0.99332557005682 0.978629046109279 0.991521449145515 0.988587632323663 0.976802723214601 0.982541659160224 0.983375024917756 0.985883301820142 0.991085135289483 0.981640192640072 0.993806888196257 0.976650590238599 0.982037816855433 0.975086217429791 0.980093177347907 0.971200808296955 0.965200777002124 0.97696302519523 0.999090359780098 0.999358854312711 0.999090359780098 0.999090359780098 0.999358854415306 0.99935455968797 0.99935455968797 0.99935455968797 0.999090365421316 0.999358854312711 0.999090365421316 0.999358854312711 0.999358854312711 0.999090365421316 0.999358854312711 0.999090365421316 0.999090365421316 0.999358854312711
0.996711018790784 0.996711018790784 0.995643078159343 0.995398165914613 0.977657096561997 0.987449425103931 0.983842627202469 0.982873401554916 0.983078204236099 0.993764668001969 0.984101956551196 0.995916993570616 0.99625400161212 0.996369456549507 0.996457432494715 0.995140468241549 0.997041225700832 0.993407779962755 0.997321977854377 0.996227319573116 0.997385296804703 0.980640626910075 0.996308066176403 0.977228966488414 0.977397248818468 0.976579440086487 0.999358854312711 0.999354568511117 0.999354568511117 0.999354568511117 0.999354568511117 0.999354568511117 0.999090372088211 0.999090372088211 0.99935885410752 0.999358854312711 0.999090365421316 0.999354568511117 0.999354568511117 0.99935885410752 0.999358854312711 0.99935885410752 0.999354568511117 0.999090372088211 0.999090372088211
0.973675119069725 0.994267247854932 0.986262066323701 0.995368265460454 0.98026510260936 0.982971040591062 0.982402884521529 0.99160318452796 0.981671435310889 0.994113528020463 0.993154200070688 0.983536947183153 0.982475323341466 0.984206585417881 0.988930904165263 0.990421164304736 0.997021517591551 0.997021517591551 0.99732202013477 0.99732202013477 0.997367877534549 0.99630809296574 0.997379367598332 0.982183694721024 0.989786938702051 0.972692207371839 0.99935885410752 0.99935885390233 0.999090379678214 0.999090379678214 0.99935885390233 0.999090379678214 0.99935885390233 0.99935885390233 0.999090379678214 0.999090372088211 0.999354578719293 0.99935885410752 0.999354578719293 0.999354578719293 0.999090379678214 0.999354578719293 0.999354578719293 0.99935885410752 0.999090379678214
0.964110898003995 0.994056720154198 0.984190414316693 0.99528411620644 0.978864227384352 0.974928053629131 0.992924340481695 0.992063666349212 0.983621949330027 0.992781793885111 0.987758213304903 0.983383971152656 0.98159517164675 0.974246305968202 0.981133518462898 0.983091744489588 0.99580434130876 0.997021570784304 0.979437979931957 0.968161840036017 0.98350654544224 0.977957294182062 0.99632721181934 0.954032006904087 0.991121967631213 0.991539951879165 0.99935885390233 0.999354590158606 0.999090388191326 0.999354590158606 0.999090388191326 0.999358853645842 0.999090388191326 0.999090388191326 0.999090379678214 0.999354590158606 0.999354590158606 0.999354590158606 0.999090388191326 0.99935885390233 0.999358853645842 0.999358853645842 0.999090388191326 0.999354590158606 0.99935885390233
0.977441095322153 0.993962306188674 0.983085610825799 0.975504246772282 0.993098999823239 0.993490633858367 0.993305819713148 0.982538236011731 0.982369416902232 0.977664160159037 0.984988997641281 0.979984883376045 0.9870859262067 0.980213456006664 0.98100947343099 0.986540012967045 0.985319793360233 0.979508226214375 0.980968951320183 0.97726210698625 0.987098207470241 0.979583198795836 0.968935507360117 0.99739745271088 0.997513570401452 0.997521115710453 0.999090397524979 0.999358853338056 0.999090388191326 0.999354603085543 0.999354603085543 0.999354603085543 0.999354603085543 0.999354603085543 0.999354603085543 0.999090397524979 0.999358853338056 0.999354603085543 0.999354603085543 0.999358853645842 0.999358853338056 0.999354603085543 0.999358853338056 0.999090397524979 0.999090397524979
