Archive - glowpa-model-master/Model input/Uganda/survival/sedimentation/sedimentation_restime_1dec.asc
NCOLS 67 
NROWS 67 
XLLCORNER 29.500000001 
YLLCORNER -1.499999999 
CELLSIZE 0.0833333332985075 
NODATA_value -9999 
[rows 40 to 59 of 67, columns 0 to 44 of 67]
0.971112096157913 0.975214630687715 0.99807446324087 0.998098090190821 0.965977975288329 0.991823716954851 0.977054541414566 0.982073379276675 0.976797783715692 0.983016935135876 0.981592239320073 0.986210989047833 0.97956719760709 0.99143186171763 0.985826022365246 0.994544467723478 0.993114954486242 0.992148527603385 0.986164816931261 0.98588495192701 0.985404179099244 0.984832658482968 0.985359431940285 0.984506047849761 0.983473093812136 0.982228407693944 0.985545185034031 0.988071486378482 0.983183416531934 0.976116581033874 0.985266240180114 0.981192903967715 0.996158543460686 0.984942048661958 0.985372663090589 0.991927078726904 0.982860894083571 0.975940113227401 0.983017292344612 0.991723529950156 0.992595743435231 0.983241563185306 0.999375888679659 0.989490413180086 0.989417249765121
0.980967519871835 0.980750324958744 0.998066515934947 0.990087418001391 0.989741412867453 0.990602017293507 0.977073833036761 0.982725546238387 0.985451863102457 0.991437083794137 0.989470233690474 0.983919007593445 0.980174022523236 0.986582893149326 0.985164464077118 0.992830949818786 0.985076110395783 0.989201052838679 0.991721671832142 0.99318759399841 0.990838229282117 0.989647167027484 0.985496813293351 0.989248551698317 0.982133625469351 0.985233785991495 0.975203330036104 0.981114689318108 0.971853071545108 0.980961665785097 0.984652319302338 0.986922507736124 0.995846565030803 0.982516242216635 0.983125427062414 0.983338432908218 0.981871884807495 0.982608520489403 0.99051271261909 0.987313239726059 0.994421451030287 0.990827722186508 0.999375928345243 0.985982584622627 0.991701927144218
0.969940129323958 0.967783254675759 0.998036505467368 0.965513288350291 0.989156946946669 0.988654249987259 0.973743553251442 0.987691623846939 0.990121980387687 0.983837173957776 0.985096424475932 0.993498841270692 0.988516690895458 0.984242865351081 0.985158174989535 0.984384226646696 0.985184778652351 0.987540319412764 0.984522905740376 0.98463936369478 0.977046024974385 0.986887579612781 0.987372990306314 0.987388777715117 0.981206298608421 0.99253610297707 0.984666540005529 0.982184573576687 0.981106953943861 0.982680101131719 0.982559621100316 0.982771262380052 0.995686375817926 0.993721985960178 0.98951620916523 0.982779881065716 0.982302918516879 0.982145899902675 0.992521327366988 0.982648723833965 0.992977792146095 0.989653071162221 0.999375948888378 0.999371734855807 0.984096772156919
0.997973852126851 0.997211931055636 0.978821219949299 0.978967622517193 0.986233685274256 0.984678406460664 0.98109987686585 0.982234549723569 0.987580078169217 0.986248666759623 0.988636718895293 0.993807475982793 0.994609317349221 0.982502599198581 0.974875329609486 0.976557258270912 0.982926455216751 0.973206284292337 0.975099809100755 0.983794806762172 0.982032514083198 0.989170857038401 0.990505780936981 0.981189397595634 0.976024290177874 0.99015526264599 0.974289035074195 0.981521095525954 0.991578408934444 0.995047503284231 0.985445114647955 0.979566754343682 0.994234589393627 0.983406792051891 0.987720917444783 0.99015870473789 0.983108403029551 0.986395904619092 0.982806723534453 0.983058848761086 0.992541915816641 0.987988520629435 0.974783586215021 0.999375891508979 0.985339093977287
0.997984119827424 0.992121203996472 0.991665145306779 0.989681785461003 0.988221883778604 0.977687793826032 0.968289766171039 0.978841905625536 0.984023465494444 0.992665083603132 0.99186403632202 0.983270950831933 0.995146918482795 0.989035748182427 0.988708443676493 0.978364930173245 0.982793552709252 0.980229534025416 0.983891295907631 0.989002981847271 0.986652394862074 0.994317255904791 0.978438614211918 0.985469353518479 0.991668359790126 0.987836679111838 0.984491490777454 0.996312697689744 0.98981516963154 0.992979885193675 0.982642123458704 0.973891294025271 0.988515193940914 0.990008112873223 0.991591088758994 0.98359550331073 0.979502566549536 0.98886409945903 0.984251955396458 0.986794841912978 0.991194604538279 0.985178004168468 0.999114210944461 0.999114210944461 0.999114206422292
0.997973671349924 0.988152565909549 0.986943333646634 0.985461087983432 0.990594767880263 0.976924276221956 0.987826762115402 0.989832408110085 0.980844914719689 0.993733791547029 0.9924299442526 0.973846891555452 0.995258965184632 0.985368806054655 0.988352865501934 0.983645365978403 0.991449738462006 0.983562785390071 0.984210518567161 0.99256476876479 0.986445533988256 0.994820637888831 0.993682440445024 0.994856863106357 0.986182054461231 0.984564121457159 0.9858920041185 0.994771868717334 0.995014297265821 0.995014297265821 0.9842781082095 0.981927782651174 0.984671615903718 0.984221570027555 0.981128543624052 0.984670772311401 0.986210346565522 0.999375667826348 0.999114206422292 0.979490771525669 0.985211312884802 0.979634798481119 0.999371472325978 0.999371472325978 0.999114202704065
0.992261684165821 0.997093685530187 0.982665535316298 0.978498493841949 0.988278477855603 0.982051287219615 0.985098162769483 0.989873669673432 0.997743478076026 0.995453180888506 0.993225786785755 0.983016991362255 0.993422037916807 0.993137456713414 0.993573287346988 0.994192592949276 0.995960159307526 0.996096966236195 0.996836362422325 0.997194691279108 0.997257897375012 0.99794155103385 0.997159640210131 0.987353643698431 0.982123609461052 0.982651865917707 0.994966948731833 0.984677067670631 0.98341682504466 0.981203711729186 0.981626211840215 0.981912527385172 0.981844989232619 0.986766189416012 0.999114202704065 0.999375667977126 0.999114202704065 0.999375667977126 0.999371467752386 0.999371467752386 0.999375667977126 0.999114202704065 0.999371467752386 0.999375667977126 0.999375668027386
0.978397461649433 0.997892588389366 0.98855819670469 0.985197556461071 0.985445481951734 0.990382349142515 0.99775854553786 0.99775854553786 0.99775854553786 0.99775854553786 0.99593987296438 0.997095713771895 0.99629882919514 0.996253769790733 0.981433180458159 0.980723482496877 0.993254880194681 0.987262130649016 0.9948043108663 0.988259080049851 0.992874081280606 0.986906223699073 0.990619825676435 0.997288875317693 0.990714480157633 0.99509495868948 0.985187749296844 0.985081422802169 0.978034270755171 0.982080714064123 0.981250708340783 0.986636534205949 0.999114199990764 0.999114199990764 0.999371464435275 0.999114199990764 0.999375668027386 0.999375668027386 0.999371464435275 0.999375668027386 0.999375668027386 0.999371464435275 0.999371464435275 0.999114198081404 0.999375668127905
0.986033179849808 0.997889026762889 0.99787127465042 0.997856945891659 0.993608103830855 0.979096640019543 0.997743459005304 0.996820903662405 0.997743459005304 0.996820903662405 0.981770272805366 0.990295218065764 0.982086450088041 0.99332912804306 0.993738876550307 0.99267206606834 0.990080817795534 0.974598837323982 0.99465158110979 0.983824667092213 0.994223169101088 0.985154240102389 0.98686371412932 0.98605359790239 0.998303406645169 0.998422659718354 0.998438141469346 0.998456823910531 0.997856604609289 0.986722148893469 0.999375668127905 0.999114198081404 0.999371462475165 0.999375668127905 0.999375668127905 0.999114198081404 0.999371462475165 0.999371462475165 0.999371462475165 0.999371462475165 0.999371462475165 0.999371462475165 0.999371462475165 0.999371462475165 0.999375668127905
0.99787127465042 0.99787127465042 0.99787127465042 0.99787127465042 0.99787127465042 0.965669668224943 0.972506472189645 0.977913224505245 0.996820900173812 0.997758545806466 0.981400362740049 0.980968098299378 0.988679151131062 0.982910847101576 0.994603693116935 0.991847738850438 0.981132392400875 0.983278691933304 0.994406248741445 0.993956708145268 0.984875033686878 0.990914252544622 0.980240575795162 0.981574609036635 0.99369985357485 0.985181331204945 0.989925296932959 0.978123328572971 0.999371461821794 0.999371461821794 0.999114197176971 0.999371461821794 0.999375668127905 0.999375668127905 0.999375668127905 0.999371461821794 0.999371461821794 0.999375668127905 0.999375668127905 0.999375668127905 0.999375668127905 0.999371461821794 0.999114197176971 0.999375668127905 0.999375668127905
0.996980717484411 0.99787127465042 0.997856945891659 0.99787127465042 0.997856945891659 0.966597921462347 0.99697198394251 0.997755383158203 0.997758545806466 0.978388139524449 0.982207754436271 0.980639779016054 0.991347724892153 0.982671644677925 0.994441527275981 0.990633301962044 0.980458716793415 0.985092970316353 0.981866008916668 0.993612774490582 0.985109322659694 0.993100602115477 0.985274827867769 0.980832330399 0.995202356805586 0.981066823032519 0.992696245047623 0.980088287330654 0.999114197176971 0.999371462475165 0.999371462475165 0.999371462475165 0.999371462475165 0.999371462475165 0.999371462475165 0.999114197176971 0.999375668127905 0.999114197176971 0.999375668127905 0.999375668127905 0.999371462475165 0.999114198081404 0.999375668127905 0.999114198081404 0.999371462475165
0.99785695260382 0.996980723932744 0.99785695260382 0.99785695260382 0.99785695260382 0.997857658955728 0.974469963207144 0.990843391039779 0.978212934023137 0.984095480196411 0.979324764641867 0.981767299098304 0.984241886271254 0.976931277174968 0.993798204691783 0.976853410445933 0.984397559234014 0.979922478811801 0.981994444273271 0.991228420812795 0.985702286784125 0.989665031604405 0.980810484365417 0.986796893514604 0.995003018863711 0.970550264984764 0.990694563757154 0.980686539375587 0.999371464435275 0.999114199990764 0.999375668027386 0.999371464435275 0.999371464435275 0.999375668027386 0.999375668027386 0.999375668027386 0.999371464435275 0.999371464435275 0.999371464435275 0.999114199990764 0.999371464435275 0.999371464435275 0.999375668127905 0.999375668027386 0.999114199990764
0.997856963962861 0.997871274134093 0.996980733218344 0.996980733218344 0.997856963962861 0.978255730928115 0.963775798033174 0.993039610412774 0.97761240736917 0.973657245021842 0.976859381635878 0.96034691084179 0.984035313482749 0.985069189158774 0.990049812527505 0.983399685066173 0.980870468059563 0.970843232782506 0.98262871941624 0.985885265619517 0.986366537319172 0.986159143875636 0.985715757870124 0.991961263659578 0.99413444562458 0.981675682927094 0.986376064865844 0.972985526638716 0.984573749086302 0.981531301951944 0.999114202704065 0.999114199990764 0.999114202704065 0.999375667977126 0.999371467752386 0.999371467752386 0.999114202704065 0.999371467752386 0.999375667977126 0.999371467752386 0.999371467752386 0.999371467752386 0.999114202704065 0.999371467752386 0.999114202704065
0.996980745857078 0.997871273746847 0.996980745857078 0.996980745857078 0.997856979452463 0.953993953827128 0.966019950044722 0.992793674175 0.992149801187459 0.984453779325505 0.986890779542112 0.985969831585999 0.976005859889351 0.981797423227698 0.980793423793499 0.980616285317451 0.972391800724166 0.982951868511078 0.984193010409859 0.985022885233153 0.984638698926506 0.977096532865116 0.980089440212183 0.984575025438489 0.991122975823508 0.982588961239868 0.981016455438063 0.982562836068283 0.989447990831573 0.992486662298003 0.999375667977126 0.999371472325978 0.999371472325978 0.999375667826348 0.999375667826348 0.999371472325978 0.999114202704065 0.999375667977126 0.999371472325978 0.999371472325978 0.999114206422292 0.999375667826348 0.999375667826348 0.999114206422292 0.999371472325978
0.99787127323052 0.996980761333078 0.99787127323052 0.996980761333078 0.961209229349583 0.97797523717576 0.981781229823673 0.9836714340597 0.983103036157988 0.986322634381974 0.986110074320761 0.989231656365639 0.983693317062861 0.982049125403491 0.983272701860244 0.982344660949781 0.982380789883812 0.987214724787069 0.983695066060634 0.994725662676186 0.991318866255078 0.988424981831841 0.985687634434807 0.980137305122742 0.986201689128995 0.978205613246826 0.97312829897903 0.99937147825657 0.999114206422292 0.999375667826348 0.999375667826348 0.99937147825657 0.999114206422292 0.999114210944461 0.999375667826348 0.999114206422292 0.99937147825657 0.99937147825657 0.999114210944461 0.99937147825657 0.99937147825657 0.999114210944461 0.999375667725829 0.99937147825657 0.999114210944461
0.997871272843274 0.997871272843274 0.995634808101674 0.962112473857912 0.988658754153904 0.979705555286379 0.977540633306984 0.984152055240845 0.984278942581261 0.992747422016373 0.978679686069207 0.990950751148715 0.988504910741639 0.976401453162588 0.98250406415072 0.983819629340414 0.986654073348256 0.991880215993786 0.982564806092712 0.994725661640089 0.981450906493621 0.986304052018793 0.981889101017684 0.981565300757588 0.972885822510085 0.970347096382485 0.977479036721024 0.999114210944461 0.999375667575051 0.999114210944461 0.999114210944461 0.999375667725829 0.999371485544161 0.999371485544161 0.999371485544161 0.999114216471555 0.999375667575051 0.999114216471555 0.999375667575051 0.999375667575051 0.999114216471555 0.999375667575051 0.999114216471555 0.999114216471555 0.999375667575051
0.997871272197865 0.997871272197865 0.995609324241197 0.995379477233543 0.978020555389234 0.987573066314132 0.984086847798177 0.983002327559992 0.982697318470303 0.993342116439142 0.9843656106495 0.995838616678656 0.996202052704114 0.996320497677463 0.99641419467172 0.995114857712453 0.997136156644395 0.993902258313722 0.99752375564793 0.996511431050895 0.997602547708575 0.984361805886018 0.996681966534952 0.978537987710098 0.977571633952697 0.978683029970603 0.999375667575051 0.999371494138494 0.999371494138494 0.999371494138494 0.999371494138494 0.999371494138494 0.999114222903083 0.999114222903083 0.999375667374013 0.999375667575051 0.999114216471555 0.999371494138494 0.999371494138494 0.999375667374013 0.999375667575051 0.999375667374013 0.999371494138494 0.999114222903083 0.999114222903083
0.974779920379519 0.99340831974967 0.985038233604083 0.995346619272614 0.980236630632068 0.983310430969901 0.982702274059139 0.991563848458189 0.981788538189371 0.993790530593545 0.993049113990658 0.983353364763546 0.982214044653211 0.98311527403597 0.988855947868526 0.990410025329994 0.997117079918779 0.997117079918779 0.997523794882185 0.997523794882185 0.997586574105238 0.996681990938844 0.997644900366578 0.982169135913744 0.990457014400937 0.973103162074251 0.999375667374013 0.999375667172975 0.999114230239045 0.999114230239045 0.999375667172975 0.999114230239045 0.999375667172975 0.999375667172975 0.999114230239045 0.999114222903083 0.999371504089826 0.999375667374013 0.999371504089826 0.999371504089826 0.999114230239045 0.999371504089826 0.999371504089826 0.999375667374013 0.999114230239045
0.961874300469414 0.993097216839262 0.981936720180324 0.995261023880332 0.979465551498503 0.97481256138859 0.992937853528723 0.992051740977722 0.984193507143826 0.99258918414894 0.987837166163389 0.98293582381267 0.981074865843886 0.973938165149721 0.981216919122866 0.983485389046024 0.995938875955668 0.997117131147515 0.980044598341965 0.971556027854412 0.985153395474344 0.979888547716068 0.996704400108079 0.955506553224671 0.991604749282602 0.992009478012188 0.999375667172975 0.99937151524738 0.999114238479441 0.99937151524738 0.999114238479441 0.999375666921678 0.999114238479441 0.999114238479441 0.999114230239045 0.99937151524738 0.99937151524738 0.99937151524738 0.999114238479441 0.999375667172975 0.999375666921678 0.999375666921678 0.999114238479441 0.99937151524738 0.999375667172975
0.973020627419755 0.992970514039268 0.97802753090044 0.971438279781051 0.993067904088389 0.993521842735961 0.993334508014164 0.984221050516751 0.982846030242245 0.97774594845321 0.984828111745392 0.981362672579425 0.986933638548584 0.980917682693494 0.981294289167113 0.986912774217547 0.986129911726555 0.980789095587342 0.982128264796032 0.97827093624202 0.98827920093998 0.982410928318075 0.969346560364023 0.997673363809596 0.997799395300961 0.997812297826488 0.999114247624271 0.99937566667038 0.999114238479441 0.999371527812194 0.999371527812194 0.999371527812194 0.999371527812194 0.999371527812194 0.999371527812194 0.999114247624271 0.99937566667038 0.999371527812194 0.999371527812194 0.999375666921678 0.99937566667038 0.999371527812194 0.99937566667038 0.999114247624271 0.999114247624271
