Archive - glowpa-model-master/Model input/Uganda/survival/sedimentation/sedimentation_restime_1oct.asc
NCOLS 67 
NROWS 67 
XLLCORNER 29.500000001 
YLLCORNER -1.499999999 
CELLSIZE 0.0833333332985075 
NODATA_value -9999 
[rows 0 to 19 of 67, columns 0 to 44 of 67]
-9999.000000000000000 -9999 -9999 -9999 -9999 -9999 -9999 -9999 -9999 -9999 -9999 -9999 -9999 -9999 -9999 -9999 -9999 -9999 -9999 -9999 -9999 -9999 -9999 -9999 -9999 -9999 -9999 -9999 -9999 -9999 -9999 0.974375614733016 0.98178198931789 -9999 -9999 -9999 -9999 -9999 -9999 -9999 -9999 -9999 -9999 -9999 -9999
-9999 -9999 -9999 -9999 -9999 -9999 -9999 -9999 -9999 -9999 -9999 -9999 -9999 -9999 -9999 -9999 -9999 -9999 -9999 -9999 -9999 -9999 -9999 -9999 -9999 -9999 -9999 -9999 -9999 0.982429206107927 0.980539883761074 0.980972939112865 0.983758875228444 0.973420897278816 0.973772353016958 0.981237416093467 0.985120108430728 0.977779347669224 0.979020116144752 0.980362578078946 -9999 -9999 -9999 -9999 -9999
-9999 -9999 -9999 -9999 -9999 -9999 -9999 -9999 -9999 -9999 -9999 -9999 -9999 -9999 -9999 -9999 -9999 -9999 -9999 -9999 -9999 -9999 -9999 -9999 -9999 -9999 -9999 -9999 -9999 0.99069354617234 0.979407579957167 0.989685847009412 0.993950865677791 0.995508024800796 0.980683088718377 0.992884845705686 0.994576090128794 0.993811898294237 0.991431165559357 0.988908426952549 0.980697294039662 0.976501218246595 0.983645161311301 -9999 -9999
-9999 -9999 -9999 -9999 -9999 -9999 -9999 -9999 -9999 -9999 -9999 -9999 -9999 -9999 -9999 -9999 -9999 -9999 -9999 -9999 -9999 -9999 -9999 -9999 -9999 0.984364465787531 -9999 -9999 -9999 0.987824763084215 0.978863382025054 0.994410300608313 0.980659216677176 0.972686422004454 0.993462153168915 0.98674900355583 0.982914905747206 0.98322864087223 0.984658615692827 0.985227293096211 0.983439528771069 0.978251642632211 0.989382481025573 -9999 -9999
-9999 -9999 -9999 -9999 -9999 -9999 -9999 -9999 -9999 -9999 -9999 -9999 -9999 -9999 -9999 -9999 -9999 -9999 -9999 -9999 -9999 -9999 0.984455021930231 -9999 -9999 0.983331240945945 -9999 -9999 -9999 0.999467801333664 0.998705097948279 0.998645100547864 0.990409285091979 0.988756010368696 0.984771368550152 0.973594935224855 0.983507039520725 0.98507417855096 0.98713674082767 0.982819015033817 0.98564944046763 0.98165535190948 0.991207966142988 0.980370656171514 -9999
-9999 -9999 -9999 -9999 -9999 -9999 -9999 -9999 -9999 -9999 -9999 -9999 -9999 -9999 -9999 -9999 -9999 -9999 -9999 -9999 -9999 0.983999552844316 0.990549052571198 0.988449116509099 0.989987921431654 0.975947938334792 0.999502312254609 0.999504615321114 0.999307049474298 0.999511087534481 0.981162683850014 0.998642409054707 0.996325545457008 0.996121713401657 0.984870258588623 0.989896313816646 0.992151865347017 0.986730286672754 0.976794410968149 0.983132398041757 0.975055013695618 0.991529583720011 0.992200006484505 0.980728754457636 -9999
-9999 -9999 -9999 -9999 -9999 -9999 -9999 -9999 -9999 -9999 -9999 -9999 -9999 -9999 -9999 -9999 -9999 -9999 -9999 0.986524723796564 0.994350911589079 0.994814495301309 0.995786629028982 0.996130633219934 0.989538365704927 0.978543814035505 0.99950461628856 0.99950226670061 0.999508768636003 0.999511088408909 0.996514175090152 0.982017570150738 0.997974915296414 0.985020940136206 0.994419083994543 0.994552451678077 0.994212277121827 0.992209758503546 0.98379373023099 0.987586547889178 0.98944729631068 0.992713182291738 0.994626285597451 0.970075506861562 -9999
-9999 -9999 -9999 -9999 -9999 -9999 -9999 -9999 -9999 -9999 -9999 -9999 -9999 -9999 -9999 -9999 -9999 0.989695960706821 0.991563130131418 0.990470212909018 0.985135275189835 0.983896760463652 0.984297181516528 0.99616900203261 0.969285477677734 0.993133829490881 0.999297628019461 0.977720872943685 0.991215389431308 0.99219850362513 0.996724080277695 0.995031647094202 0.998568218224233 0.983595489114097 0.981993384898045 0.986922923384442 0.990480062565315 0.987010872942077 0.983364352668043 0.98250144758131 0.987856168736527 0.980809931167178 0.992893197187822 0.980033720416217 0.970672934695497
-9999 -9999 -9999 -9999 -9999 -9999 -9999 -9999 -9999 -9999 -9999 -9999 -9999 -9999 -9999 -9999 -9999 0.989790460458238 0.981015431610643 0.985761734096793 0.985353178828327 0.986474674775532 0.991586691518446 0.996614187863799 0.99668107684517 0.999297012774046 0.986424259988637 0.986525811224094 0.990012723476081 0.991652304991726 0.996671492440342 0.996420244370994 0.987321607718533 0.997963509928301 0.985788110822856 0.987694299885786 0.982582787247998 0.987473421876893 0.982629331920498 0.98263558916874 0.981836996635604 0.997243563468487 0.980687947167727 0.987662932832413 0.979984288193155
-9999 -9999 -9999 -9999 -9999 -9999 -9999 -9999 -9999 -9999 -9999 -9999 -9999 -9999 -9999 -9999 -9999 0.991822717820204 0.992750244176714 0.994252654634543 0.98868395301534 0.988331703500438 0.987705583612521 0.981025734385333 0.999292181207364 0.987271927092406 0.989341270358357 0.984785501191928 0.986063211034192 0.994687318681709 0.996387026052081 0.987420132158738 0.994657560810419 0.998560375083504 0.998541966759781 0.984611874730011 0.98284612039846 0.990350205117702 0.986679077483336 0.987866350544742 0.996225157821485 0.997247591921237 0.9951879926192 0.98957320848301 0.980301209659663
-9999 -9999 -9999 -9999 -9999 -9999 -9999 -9999 -9999 -9999 -9999 -9999 -9999 -9999 -9999 -9999 0.987683272293584 0.990777272019717 0.995005855482045 0.996177752289652 0.99661576926411 0.996652505939315 0.995665549462345 0.992305431450749 0.999500888597161 0.994801053156858 0.987895872254116 0.98281229008892 0.987908092118549 0.992995840032947 0.994885119260747 0.982935547723897 0.995984477040485 0.987737596164689 0.985071542173372 0.997934812007733 0.993558479974333 0.987578791597844 0.996469660781505 0.997476367247928 0.987380159621003 0.982735720679334 0.982199218389362 0.994878480313045 0.996086021703976
-9999 -9999 -9999 -9999 -9999 -9999 -9999 -9999 -9999 -9999 -9999 -9999 -9999 -9999 -9999 -9999 0.987148467752845 0.991441494463073 0.986870073726611 0.986411206862912 0.989438133914914 0.977023817318893 0.981775256052242 0.999290117436581 0.989040329460231 0.994445120339868 0.993837078203208 0.988358764743429 0.988687452565626 0.991874209913978 0.99397961983365 0.992260366262059 0.995649486870038 0.988045734032141 0.988567079762483 0.998158234831788 0.996741939344206 0.997675053944003 0.994094746486038 0.983725385569491 0.988129094812268 0.990581633521516 0.981808304570459 0.990828781100334 0.981705294654386
-9999 -9999 -9999 -9999 -9999 -9999 -9999 -9999 -9999 -9999 -9999 -9999 -9999 -9999 -9999 0.985907867409577 0.989235107888898 0.987823983256508 0.990695200512234 0.991644525384757 0.985937408974845 0.984530868391684 0.999495706854303 0.999495707621897 0.988531014219062 0.984391396329492 0.988855061434534 0.984320965056583 0.98875192378722 0.990705812189508 0.9888470097678 0.988777229824608 0.994990536281751 0.978442765387426 0.985479273180779 0.992200565832733 0.997312194941603 0.983251684943172 0.987559432404676 0.990220022753433 0.977074389402863 0.98743787546761 0.982390253797178 0.988716352762862 0.972061009350931
-9999 -9999 -9999 -9999 -9999 -9999 -9999 -9999 -9999 -9999 -9999 -9999 -9999 -9999 -9999 -9999 0.988422408739632 0.98736953516366 0.986924774715125 0.989527140485076 0.991930285218902 0.974786959436724 0.999284978397965 0.99949570838949 0.988616208689003 0.984752159396722 0.988909508090526 0.989330418256365 0.984480174257424 0.984575944724715 0.98523447008764 0.989977898454333 0.994806359306913 0.991710082837152 0.979326332947358 0.985977049335886 0.998095359438031 0.984624352328138 0.98436404061896 0.992608074856698 0.987274188610948 0.983446895878207 0.982855644156321 0.986847927196306 0.980398700315987
-9999 -9999 -9999 -9999 -9999 -9999 -9999 -9999 -9999 -9999 -9999 -9999 -9999 -9999 -9999 -9999 -9999 0.9868496917799 0.991564645186317 0.993685328751151 0.993903179510102 0.995834658300314 0.99949377746797 0.990263692891255 0.991894156202798 0.993396759976777 0.984692188455592 0.989857896692212 0.986176650951717 0.985681274714108 0.980298480379842 0.986589027709288 0.993263837172314 0.990230738542887 0.986761078676758 0.986275096874392 0.993051479899695 0.99720500989017 0.985977920191907 0.98509331619034 0.995506475016821 0.983002271687915 0.984282068719454 0.985097220835159 0.994919056214961
-9999 -9999 -9999 -9999 -9999 -9999 -9999 -9999 -9999 -9999 -9999 -9999 -9999 -9999 -9999 -9999 0.988604933052358 0.987108191456662 0.987644265438315 0.99132752774423 0.992055285747895 0.989332245550284 0.999491398285584 0.986629441429823 0.99447131513063 0.995952925170044 0.994372359970154 0.988997957517245 0.984487271371592 0.990998718712509 0.987276959533756 0.985404619840407 0.98676959237958 0.988049238319209 0.988665184260735 0.990012311004269 0.991394572875762 0.991011471617824 0.997130045838732 0.996950036642829 0.989934430749359 0.995459039906596 0.996602328105261 0.996512564628924 0.984634369966083
-9999 -9999 -9999 -9999 -9999 -9999 -9999 -9999 -9999 -9999 -9999 -9999 -9999 -9999 -9999 -9999 0.988198152824342 0.994104428982954 0.993160720442486 0.988033059630192 0.996607724320872 0.996985389146918 0.996989689527712 0.999279076894142 0.986969858091031 0.98335696126894 0.983748617304018 0.984006133393703 0.994295248555528 0.993694600528055 0.984796156505276 0.979043325614444 0.983590140864345 0.987501783361088 0.9865925280951 0.986609391762805 0.980131807026942 0.984588522246939 0.992332771535951 0.996225801210628 0.983974111370231 0.981335428277254 0.981252796385127 0.972538377271256 0.980464066680017
-9999 -9999 -9999 -9999 -9999 -9999 -9999 -9999 -9999 -9999 -9999 -9999 -9999 -9999 -9999 0.982450410300244 0.990006940107122 0.985285019043745 0.995026766087465 0.995027936709347 0.991800751413366 0.983410684575671 0.978086745165249 0.99948508249738 0.994737822285062 0.995913102203423 0.99555767096 0.995038738816108 0.994692590477823 0.983609682251399 0.989233484090289 0.980393177728392 0.985389684157366 0.990951570273764 0.985489972820329 0.985247439476466 0.984950117988459 0.990324744810299 0.991475295908918 0.997313231301916 0.997277789260749 0.980698483808869 0.973050081221124 0.981232392262155 0.985189002978043
-9999 -9999 -9999 -9999 -9999 -9999 -9999 -9999 -9999 -9999 -9999 -9999 -9999 -9999 -9999 0.98533352567153 0.991823398067899 0.978919634598769 0.99433829053824 0.989336917757818 0.993962828432333 0.983639604968182 0.989800284625154 0.999485179764805 0.986202570389713 0.981713491110954 0.987724785272036 0.985855463587015 0.983343782133584 0.983540530697036 0.98872917384682 0.98575025479583 0.986090752990606 0.989804489271221 0.994857904782839 0.985423208499799 0.985895809555527 0.98452717872401 0.977434527459898 0.988255444772572 0.992674868159336 0.995870908973442 0.979508797760339 0.986578749249254 0.987904416683337
-9999 -9999 -9999 -9999 -9999 -9999 -9999 -9999 -9999 -9999 -9999 -9999 -9999 -9999 -9999 0.984189763482637 0.992280827802114 0.991561894298346 0.978089102627418 0.988314484952489 0.983907163268995 0.974629154517455 0.983024797164575 0.984778062309103 0.999265927438639 0.980251639789258 0.990945243464279 0.987336387199895 0.976631021245549 0.994816508435976 0.992798692502194 0.991493982388488 0.987962852298369 0.991600535487486 0.993823357534148 0.990095670958391 0.986097701188426 0.983431973459482 0.983780417024001 0.983622825995376 0.989266883617614 0.986043666805567 0.995781457613551 0.996663503603993 0.987526932054596
