Archive - glowpa-model-master/Model input/Uganda/survival/sedimentation/sedimentation_restime_1sep.asc
NCOLS 67 
NROWS 67 
XLLCORNER 29.500000001 
YLLCORNER -1.499999999 
CELLSIZE 0.0833333332985075 
NODATA_value -9999 
[rows 0 to 19 of 67, columns 0 to 44 of 67]
-9999.000000000000000 -9999 -9999 -9999 -9999 -9999 -9999 -9999 -9999 -9999 -9999 -9999 -9999 -9999 -9999 -9999 -9999 -9999 -9999 -9999 -9999 -9999 -9999 -9999 -9999 -9999 -9999 -9999 -9999 -9999 -9999 0.974357231126524 0.981754230264717 -9999 -9999 -9999 -9999 -9999 -9999 -9999 -9999 -9999 -9999 -9999 -9999
-9999 -9999 -9999 -9999 -9999 -9999 -9999 -9999 -9999 -9999 -9999 -9999 -9999 -9999 -9999 -9999 -9999 -9999 -9999 -9999 -9999 -9999 -9999 -9999 -9999 -9999 -9999 -9999 -9999 0.982407892899245 0.980498419287424 0.980866636786401 0.983667786468723 0.97307717864434 0.973552999675436 0.98098314685385 0.984987157669374 0.977974880751468 0.979503833308781 0.980995286697047 -9999 -9999 -9999 -9999 -9999
-9999 -9999 -9999 -9999 -9999 -9999 -9999 -9999 -9999 -9999 -9999 -9999 -9999 -9999 -9999 -9999 -9999 -9999 -9999 -9999 -9999 -9999 -9999 -9999 -9999 -9999 -9999 -9999 -9999 0.990684703854973 0.97931064368298 0.989596685921685 0.993953116302972 0.995516446280217 0.980424052793929 0.992926193966317 0.994622089479089 0.993886219055486 0.991570226961195 0.989109396762496 0.981133961601348 0.977050565734437 0.98459470625646 -9999 -9999
-9999 -9999 -9999 -9999 -9999 -9999 -9999 -9999 -9999 -9999 -9999 -9999 -9999 -9999 -9999 -9999 -9999 -9999 -9999 -9999 -9999 -9999 -9999 -9999 -9999 0.984113981116593 -9999 -9999 -9999 0.987793479065375 0.978494182114474 0.994401838049545 0.980230767305342 0.972178927310841 0.993481203329186 0.986616123265754 0.9828094868353 0.983343141122261 0.984847209112716 0.98549775613561 0.983998857264746 0.979357972399907 0.989892471857529 -9999 -9999
-9999 -9999 -9999 -9999 -9999 -9999 -9999 -9999 -9999 -9999 -9999 -9999 -9999 -9999 -9999 -9999 -9999 -9999 -9999 -9999 -9999 -9999 0.983900374603239 -9999 -9999 0.983025678382226 -9999 -9999 -9999 0.999464079371604 0.998727303393214 0.998670233507979 0.990253118499817 0.988583032018548 0.984547111622597 0.973284366107332 0.98366537315837 0.985834808050301 0.987874062143709 0.983870556021121 0.986399631339828 0.983168730117197 0.991609532352602 0.980672216068157 -9999
-9999 -9999 -9999 -9999 -9999 -9999 -9999 -9999 -9999 -9999 -9999 -9999 -9999 -9999 -9999 -9999 -9999 -9999 -9999 -9999 -9999 0.98332289360635 0.99014709628337 0.987888691428004 0.98976155779216 0.975130258546756 0.999497506592227 0.999499831920638 0.99930001905297 0.999506126681718 0.980713345838711 0.998667428086726 0.996375711284626 0.996183373859104 0.984680989232841 0.990156710010821 0.992401437457034 0.987104627454205 0.978074334947871 0.98416595210223 0.97607995313431 0.992029596734503 0.99253979305193 0.981015748384459 -9999
-9999 -9999 -9999 -9999 -9999 -9999 -9999 -9999 -9999 -9999 -9999 -9999 -9999 -9999 -9999 -9999 -9999 -9999 -9999 0.985961011479732 0.994102734968303 0.99458209836599 0.995599704017034 0.995956248563281 0.989251355825346 0.978402506656047 0.999499832852889 0.999497460615401 0.999503784244515 0.999506127562966 0.996412183313384 0.981607941694944 0.998012085234662 0.984775460389103 0.994509816036246 0.994657572364235 0.994341887289261 0.992475255599466 0.984494901177474 0.988208210776685 0.989914950882063 0.993081486258816 0.994871549246942 0.970798942645679 -9999
-9999 -9999 -9999 -9999 -9999 -9999 -9999 -9999 -9999 -9999 -9999 -9999 -9999 -9999 -9999 -9999 -9999 0.989354546102619 0.991226086715373 0.990067161272122 0.984436402878365 0.982996314497389 0.983383821274807 0.996001573279962 0.970541880288831 0.992932906973739 0.999290801805191 0.976910735418937 0.990856945890329 0.991929497566333 0.996613340095635 0.994912003229647 0.998593853011789 0.983406575846901 0.981629955313104 0.986904337234843 0.990563510837425 0.987211624489455 0.983763152397365 0.98292350577779 0.988293202772152 0.980884264568535 0.993194325760304 0.980488896904503 0.971303228682021
-9999 -9999 -9999 -9999 -9999 -9999 -9999 -9999 -9999 -9999 -9999 -9999 -9999 -9999 -9999 -9999 -9999 0.989393526700438 0.979979377175717 0.984954666219626 0.984621978799279 0.985790226861945 0.991083529298884 0.99646021048042 0.99653540728481 0.999290026462069 0.985635119176829 0.985887326224478 0.989556766771839 0.99130946847105 0.996553451919251 0.996328796109617 0.986931246858968 0.997999250123975 0.985622202629941 0.987504434097514 0.982634287704368 0.987631817168956 0.983035484370786 0.983031758939479 0.981987310151592 0.997331214547289 0.980793361973768 0.987917858143236 0.980379583753804
-9999 -9999 -9999 -9999 -9999 -9999 -9999 -9999 -9999 -9999 -9999 -9999 -9999 -9999 -9999 -9999 -9999 0.991444799070367 0.992396638179668 0.993957306926293 0.988097279054755 0.987715707521873 0.987253913631601 0.982618322911016 0.999285192277942 0.986658760190926 0.988999981745339 0.984212162347805 0.985492357286238 0.994485184209639 0.996260307010285 0.98699087746545 0.994522363498475 0.998584986172535 0.998566903261278 0.984603426103758 0.982692738827053 0.990458747454009 0.986742145158687 0.988015350233379 0.996343860643733 0.997335800401372 0.995322044666932 0.989720730734431 0.980251015359943
-9999 -9999 -9999 -9999 -9999 -9999 -9999 -9999 -9999 -9999 -9999 -9999 -9999 -9999 -9999 -9999 0.986757276821611 0.990115913740769 0.994700156939172 0.995959882545776 0.996433016637699 0.996477732428297 0.995454849843066 0.992339249067484 0.999495767311499 0.994563776088011 0.987329824019826 0.982020460250275 0.987405905986521 0.992742531821083 0.994714756249679 0.982316771644151 0.995882431439038 0.987389317489808 0.984948943612037 0.997969678858307 0.993623444053676 0.987604005210415 0.996575631303687 0.997551965018105 0.987521542501359 0.982938971798346 0.9823641725099 0.995027230797045 0.996202405051728
-9999 -9999 -9999 -9999 -9999 -9999 -9999 -9999 -9999 -9999 -9999 -9999 -9999 -9999 -9999 -9999 0.986332015997638 0.990949777251918 0.986182452975469 0.98576080198626 0.989031698387456 0.977128025777862 0.983865184360311 0.999282705221281 0.988722024858537 0.99418955572398 0.993553444520152 0.987875398331586 0.988214297305565 0.991594469338403 0.993790736742661 0.992007791146392 0.995542473785891 0.987653331262029 0.988224132795366 0.998176932225883 0.996833328568161 0.997739643149947 0.994165744762729 0.983793939933372 0.988390362466426 0.990798431117963 0.982265781747074 0.991009046570265 0.981905381918331
-9999 -9999 -9999 -9999 -9999 -9999 -9999 -9999 -9999 -9999 -9999 -9999 -9999 -9999 -9999 0.985460133730896 0.98869433246947 0.987229495878367 0.990296414893763 0.991333742796072 0.986095231265973 0.985035641520584 0.99949048966718 0.99949049048386 0.987919006708421 0.983574030172349 0.988298676531789 0.983627941725699 0.988337434867369 0.990384858932229 0.988589371466933 0.98843176675535 0.994877231298434 0.978026407875908 0.985221969394466 0.992093719796674 0.997343431480359 0.983321215184753 0.987624407481825 0.990375877252805 0.977311593735442 0.98773119497605 0.982811643061842 0.988958252747318 0.972422046149731
-9999 -9999 -9999 -9999 -9999 -9999 -9999 -9999 -9999 -9999 -9999 -9999 -9999 -9999 -9999 -9999 0.987884518967178 0.98699932887512 0.986476207440018 0.989125863190345 0.991662905694383 0.97524797657393 0.999277581887987 0.999490491214574 0.987981537594361 0.983941412333889 0.9884543362022 0.988906311024781 0.98408180860639 0.98414537041233 0.984929087950655 0.989702506000155 0.994684322481725 0.991508187133938 0.979096115966795 0.985767169851137 0.998117156361314 0.98470109818894 0.984456229380777 0.992727752798675 0.987529522975376 0.983789034187886 0.983246175603323 0.987148172847387 0.980637441555471
-9999 -9999 -9999 -9999 -9999 -9999 -9999 -9999 -9999 -9999 -9999 -9999 -9999 -9999 -9999 -9999 -9999 0.986513551345511 0.991307540234601 0.993463429261624 0.993700701686713 0.995692809521704 0.999488594773196 0.989709925126908 0.991434902488026 0.993095535933335 0.983940133972553 0.989561507722115 0.98566240920317 0.985290624536006 0.979893339641056 0.986224523127512 0.993102281220286 0.990004106084761 0.986434510747351 0.986069510702919 0.992968318842217 0.997241083485027 0.986037508880298 0.985397290722116 0.995574039761291 0.983006351904594 0.984238500853095 0.985035117754256 0.994999145432701
-9999 -9999 -9999 -9999 -9999 -9999 -9999 -9999 -9999 -9999 -9999 -9999 -9999 -9999 -9999 -9999 0.988331009625599 0.986828798534171 0.987371712225002 0.991094264909815 0.99188244832205 0.989076246001874 0.999486159875527 0.986038787637062 0.994259532837872 0.9957760035421 0.994159429449406 0.988465899520939 0.983980440740188 0.990788899875542 0.987044631678288 0.985135267736935 0.986480722728743 0.987733398635263 0.988398312585996 0.989850964286535 0.991288311596656 0.990975822279411 0.997169240421006 0.997000763289315 0.990170417963724 0.995524112764078 0.996655179656552 0.996565700304049 0.984556380861285
-9999 -9999 -9999 -9999 -9999 -9999 -9999 -9999 -9999 -9999 -9999 -9999 -9999 -9999 -9999 -9999 0.98801928187635 0.994005874997231 0.99303441735835 0.987770920069176 0.996540817563396 0.996929194962146 0.996933110261639 0.999271422604874 0.98614551056309 0.982124308514438 0.982659190645913 0.983120403934614 0.994171753532651 0.993563907598469 0.984534373566312 0.978941051571575 0.983311106461102 0.987206428868475 0.986375908914118 0.986387340426181 0.979981962652831 0.984606277967069 0.992382034067602 0.996270523321941 0.984700088278581 0.98197790146511 0.98181090241209 0.973481420030155 0.980951742667157
-9999 -9999 -9999 -9999 -9999 -9999 -9999 -9999 -9999 -9999 -9999 -9999 -9999 -9999 -9999 0.982167911053549 0.989837252780268 0.985003041279033 0.994932046448391 0.994933942095609 0.991685342912339 0.982795900391513 0.97720426123638 0.999479684327686 0.994498774996555 0.995753451909815 0.995409180155985 0.994908444112136 0.994578017418718 0.983212493986312 0.989108696392925 0.980036672852709 0.985268868282993 0.990845390354922 0.985427256719157 0.985159895835558 0.984911288765995 0.990355816311766 0.99152352888125 0.997344379373571 0.997309347927809 0.980609050561059 0.973572033474628 0.98189533574242 0.985744905007539
-9999 -9999 -9999 -9999 -9999 -9999 -9999 -9999 -9999 -9999 -9999 -9999 -9999 -9999 -9999 0.985060444933596 0.99168347393043 0.978591017424564 0.994227179989239 0.989226178342726 0.993889461321313 0.983037534435841 0.989360923938381 0.99947970083692 0.985055690047566 0.980317631386039 0.98681244907383 0.985120621818645 0.982746993639016 0.983146489809584 0.988571906223097 0.985428652197698 0.985831549492755 0.989647890278653 0.994819449728938 0.98533842421695 0.985847197650976 0.984560193758685 0.977580854668505 0.988342099949564 0.992698963257798 0.995919082668928 0.979446956377347 0.986933877679537 0.988275949221818
-9999 -9999 -9999 -9999 -9999 -9999 -9999 -9999 -9999 -9999 -9999 -9999 -9999 -9999 -9999 0.983892173322416 0.99211698658454 0.991391438647427 0.977903103867058 0.988197296877162 0.983619407322806 0.973859632186292 0.982556977117629 0.984068494433527 0.999258252431614 0.978082751629546 0.990353323914751 0.986477990612339 0.975596474589032 0.994723060709524 0.992648315703982 0.991326678881272 0.987712337532772 0.991473191350757 0.99377026190578 0.989990549404651 0.986010700127157 0.983767580605245 0.984065129063567 0.983801210901086 0.989289593256498 0.986002833270997 0.995832855926079 0.996707809551876 0.987685283618296
