Archive - glowpa-model-master/Model input/Uganda/survival/sedimentation/sedimentation_restime_1aug.asc
NCOLS 67 
NROWS 67 
XLLCORNER 29.500000001 
YLLCORNER -1.499999999 
CELLSIZE 0.0833333332985075 
NODATA_value -9999 
[rows 40 to 59 of 67, columns 0 to 44 of 67]
0.969543675935536 0.974136365273697 0.996799450194537 0.996872290519217 0.965104803802334 0.991417993936583 0.977697884350286 0.980774438690751 0.974854638145355 0.981885937401676 0.980109440099791 0.985664039680388 0.978812791432479 0.991032629393253 0.985565472778209 0.99445143947311 0.992975732791016 0.992147552659212 0.987166844045708 0.987877727715556 0.98755293341299 0.986218879254301 0.986737790413347 0.983561481155947 0.985170718468539 0.983932201777672 0.985894092429837 0.98711635534538 0.981298669150206 0.975348216272369 0.984844682503638 0.980682406708196 0.995998044844199 0.983703946528722 0.984491980271426 0.991261188889777 0.982445000937137 0.97577828359705 0.982144743289975 0.991573000900807 0.992325191548922 0.983109265963826 0.999386944140883 0.989358063571629 0.989208634730722
0.980000043947559 0.979726340890835 0.996718108159404 0.989598427750778 0.989242376955295 0.990080494174567 0.975957333420615 0.981028475803555 0.982921072930355 0.990428504521325 0.988244306508409 0.981990255618182 0.979341336444216 0.985800602493629 0.98452559407443 0.99290450467852 0.984833285297993 0.989184458683309 0.991803715257921 0.993426429249533 0.990875436162347 0.989590177935722 0.985635733061192 0.987861202666943 0.983157634296707 0.983478880645643 0.971820917477385 0.980724341365363 0.97172131462936 0.980427307246948 0.984248939617566 0.986417422877873 0.995680601800425 0.981112556434329 0.981389256342939 0.981130079340524 0.980243508268051 0.982318969892882 0.990369958907281 0.987117725033746 0.994200161949088 0.990368580657324 0.999386566651693 0.985750639492494 0.991516414011526
0.968356629764028 0.96654096341014 0.99655629944824 0.964109315080682 0.988568089571531 0.988048614230132 0.971526674222948 0.986337004308962 0.988873458838075 0.981285735277672 0.982953812865407 0.992719256838159 0.987319176383393 0.982595888492243 0.984544411291231 0.985259014641177 0.985825287826028 0.988633490241283 0.98377346150582 0.985748986374414 0.978875394962527 0.980177182336866 0.980546569616806 0.985388470471956 0.980780723790973 0.992064187394133 0.984132371036427 0.980004976419164 0.977997865849355 0.969291845627445 0.981612664503911 0.98248459177975 0.995536408200534 0.99338754473281 0.988299400494722 0.980398758945265 0.980668199434065 0.981780112697501 0.992411202789495 0.982227621044061 0.992734188146495 0.989097778486262 0.999386215790881 0.999381744063331 0.983614413233069
0.996223531815923 0.995096647035648 0.977904421912517 0.978136702719579 0.985363880652905 0.983846831344117 0.979085209542648 0.979888366099867 0.985661597300722 0.984065307941572 0.987053362608651 0.993055637491101 0.993943949765882 0.979761597789146 0.972089186141764 0.976000600337414 0.984374860160993 0.973621978372292 0.979172617202622 0.985178918896557 0.984794485726026 0.986486458911197 0.988674168462922 0.981746401643142 0.969656607571932 0.989023368900469 0.970593412000052 0.976060135148518 0.989860390618887 0.988997378117361 0.982227413586519 0.979227744520485 0.99413253255855 0.983180238329949 0.987364704149731 0.989936241115599 0.982675158606855 0.986240242911093 0.982540021747936 0.982627445984317 0.992285878924922 0.987400894294857 0.973677073790879 0.999385571063057 0.985181585909547
0.99622375816798 0.991686348914927 0.991198611761236 0.98901286722612 0.983069136741214 0.975581950902352 0.964214082657171 0.976038181462564 0.981034897271277 0.991512309997968 0.99040791732554 0.979657883460153 0.994496341047984 0.987358104475118 0.986371877690866 0.971313849760397 0.982125713890245 0.97642264351622 0.982909067889234 0.989050825293248 0.98742426701513 0.993086681514311 0.969054019254685 0.979294137891858 0.989763322655721 0.981837498595087 0.979891297314153 0.993415763802671 0.985741866009692 0.984423740501288 0.980272809533424 0.973423787537131 0.988362337809412 0.989828980500063 0.991456354735859 0.983449714164527 0.979734156834808 0.988815662899412 0.984099269397352 0.986468492157714 0.990879075019324 0.984571377398858 0.999127513031587 0.999127513031587 0.999127508561747
0.996147371623963 0.987323559194627 0.985987562935297 0.984512073188978 0.986512804319335 0.975931326853001 0.986774613900934 0.988450023188922 0.977607213594714 0.992622772250418 0.990945781567218 0.965278868757042 0.994589254427873 0.978249833032902 0.98486605816184 0.979950892149001 0.990154518892823 0.981764656409251 0.983582738836239 0.991957814223897 0.984763876240755 0.993436321248462 0.990949540043795 0.993092890511457 0.971893153564219 0.976397684314943 0.978902495537723 0.990670061740261 0.98892383249478 0.98892383249478 0.983958841394868 0.981625825571874 0.984480571716633 0.984055678148595 0.980823233022465 0.984438583390329 0.986164574989665 0.99938504478797 0.999127508561747 0.979300205892534 0.984623658902659 0.978884271180094 0.999380912258817 0.999380912258817 0.999127504886545
0.991935285546709 0.994287442259927 0.98168089750061 0.976761718222153 0.9845799941576 0.981064306864147 0.984170218926721 0.988457126758414 0.996185994773722 0.994545417416395 0.991669346744796 0.977180578541691 0.9924455311893 0.990616320990048 0.991086239462765 0.991953523035865 0.994545402662065 0.994651732493797 0.995576756263551 0.996265549364725 0.996224749010683 0.997068511161571 0.995823949984739 0.976786501640038 0.96412465652298 0.966040346772933 0.990711958344607 0.972078066921164 0.976213959718148 0.980715189573364 0.9813334096887 0.98166827469729 0.981512689337999 0.98649401569827 0.999127504886545 0.999385044937003 0.999127504886545 0.999385044937003 0.999380907787844 0.999380907787844 0.999385044937003 0.999127504886545 0.999380907787844 0.999385044937003 0.999385044986681
0.977343053449573 0.995389128018653 0.98766653731115 0.984070708518381 0.98437235943245 0.988285625930218 0.996211442459283 0.996211442459283 0.996211442459283 0.996211442459283 0.994981935771693 0.996421118296646 0.995263988993494 0.99521787112413 0.977328586604654 0.977284162141145 0.991020560351239 0.981232942146151 0.992436343497812 0.986528342122784 0.988610520343269 0.980608049285033 0.985586440165571 0.995883457380664 0.980620928508862 0.990732336358595 0.966770569448811 0.969172327301005 0.962976438563909 0.981841639577315 0.980997167281043 0.986441314479615 0.999127502204642 0.999127502204642 0.99938090450913 0.999127502204642 0.999385044986681 0.999385044986681 0.99938090450913 0.999385044986681 0.999385044986681 0.99938090450913 0.99938090450913 0.999127500416706 0.999385045086036
0.985367942627741 0.995331968603672 0.995091788798106 0.995058797412872 0.99220823690073 0.974779821323533 0.996185962619365 0.994628362904519 0.996185962619365 0.994628362904519 0.977905295458339 0.98743489538712 0.975722900425153 0.991227108397566 0.992115348289066 0.990888402681163 0.987614197661194 0.967517596086682 0.992125850542544 0.980465106214752 0.990222636596687 0.977102395717802 0.980565327715493 0.974239299741678 0.99727103612548 0.997465583512102 0.997463300869635 0.997468695116235 0.996487298422651 0.986430624137281 0.999385045086036 0.999127500416706 0.999380902571709 0.999385045086036 0.999385045086036 0.999127500416706 0.999380902571709 0.999380902571709 0.999380902571709 0.999380902571709 0.999380902571709 0.999380902571709 0.999380902571709 0.999380902571709 0.999385045086036
0.995091788798106 0.995091788798106 0.995091788798106 0.995091788798106 0.995091788798106 0.958199658956303 0.963585827261119 0.973765784772212 0.994628357286305 0.996211442861223 0.975934745457297 0.976395714103136 0.985176232032816 0.977385337061818 0.993183919603682 0.989801595659611 0.977265258489041 0.980313547231817 0.991566813065603 0.990964277887962 0.977888669899302 0.983337195971237 0.960947693272911 0.959891353668321 0.987283531662674 0.984982194099682 0.989794865205491 0.978073140318951 0.999380901925901 0.999380901925901 0.999127499522738 0.999380901925901 0.999385045086036 0.999385045086036 0.999385045086036 0.999380901925901 0.999380901925901 0.999385045086036 0.999385045086036 0.999385045086036 0.999385045086036 0.999380901925901 0.999127499522738 0.999385045086036 0.999385045086036
0.99304248867165 0.995091788798106 0.995058797412872 0.995091788798106 0.995058797412872 0.945758962088432 0.994992543501932 0.996206762609868 0.996211442861223 0.970113890520269 0.977055654543665 0.976659320397166 0.988718388471406 0.977178382304386 0.993008374409207 0.988291310018585 0.975608036414756 0.983152882895887 0.972923552644873 0.990422796787831 0.97603034332654 0.987529612189426 0.971917540214412 0.956967770435337 0.990534723283665 0.980803680421664 0.992627063077502 0.98011165054147 0.999127499522738 0.999380902571709 0.999380902571709 0.999380902571709 0.999380902571709 0.999380902571709 0.999380902571709 0.999127499522738 0.999385045086036 0.999127499522738 0.999385045086036 0.999385045086036 0.999380902571709 0.999127500416706 0.999385045086036 0.999127500416706 0.999380902571709
0.99505881261015 0.993042502859651 0.99505881261015 0.99505881261015 0.99505881261015 0.99644449062026 0.962529540536944 0.987763531418866 0.970386133262706 0.977266132390072 0.968330950619146 0.975393301964032 0.979985816744425 0.970975820771213 0.992270708911203 0.969320267839878 0.980571270945247 0.975741309596137 0.974009818540634 0.986909369538583 0.97766707039677 0.981726007727937 0.965976601587296 0.973472725603635 0.9900942735428 0.969635193913155 0.99066922269116 0.980879235730315 0.99938090450913 0.999127502204642 0.999385044986681 0.99938090450913 0.99938090450913 0.999385044986681 0.999385044986681 0.999385044986681 0.99938090450913 0.99938090450913 0.99938090450913 0.999127502204642 0.99938090450913 0.99938090450913 0.999385045086036 0.999385044986681 0.999127502204642
0.995058838592593 0.995091787817604 0.993042524386272 0.993042524386272 0.995058838592593 0.972666303013318 0.947929042530766 0.990857206289998 0.966768192964773 0.951897211847961 0.967617064795806 0.942336018516836 0.980291157057508 0.981402010204419 0.987438849838844 0.980159353816772 0.975890151132938 0.965146562973261 0.974825608009552 0.980242344484772 0.978190269453227 0.97539533619162 0.973099340128646 0.983451213333429 0.987407843755498 0.97528217523675 0.986257741159922 0.972660508203679 0.984414216016526 0.980876870850027 0.999127504886545 0.999127502204642 0.999127504886545 0.999385044937003 0.999380907787844 0.999380907787844 0.999127504886545 0.999380907787844 0.999385044937003 0.999380907787844 0.999380907787844 0.999380907787844 0.999127504886545 0.999380907787844 0.999127504886545
0.993042553251515 0.995091786837102 0.993042553251515 0.993042553251515 0.995058874379732 0.947336027283838 0.957921719399042 0.990622782492882 0.989771613009148 0.978618816236396 0.980416728084052 0.982741203859104 0.970988692297948 0.977402064782697 0.975612388213333 0.977768927017034 0.967703805913196 0.97794465582871 0.976247687479529 0.976885917830989 0.97335817669868 0.956548459398426 0.96348605938063 0.963779732797596 0.980769695516669 0.974774252743949 0.980776278859223 0.982443608609132 0.989506791990083 0.992232333465314 0.999385044937003 0.999380912258817 0.999380912258817 0.99938504478797 0.99938504478797 0.999380912258817 0.999127504886545 0.999385044937003 0.999380912258817 0.999380912258817 0.999127508561747 0.99938504478797 0.99938504478797 0.999127508561747 0.999380912258817
0.9950917858566 0.99304258896614 0.9950917858566 0.99304258896614 0.955676810070373 0.973263092295549 0.977627411505556 0.979633809421761 0.977669711434671 0.982412615808772 0.980646936032892 0.985993364724793 0.980150590989289 0.978892318874977 0.978736394523894 0.97706941768432 0.977007736636171 0.983203080098812 0.975438861339911 0.991014075074489 0.985249748587897 0.982388788380464 0.977677131764077 0.962123454728659 0.969174492111047 0.960878379669128 0.973232118159963 0.99938091812076 0.999127508561747 0.99938504478797 0.99938504478797 0.99938091812076 0.999127508561747 0.999127513031587 0.99938504478797 0.999127508561747 0.99938091812076 0.99938091812076 0.999127513031587 0.99938091812076 0.99938091812076 0.999127513031587 0.999385044688615 0.99938091812076 0.999127513031587
0.995091784385847 0.995091784385847 0.994927627231379 0.956594444565945 0.986592081424742 0.975987558995761 0.972734394285041 0.980901677562162 0.981721626691051 0.989937773107058 0.97137720775734 0.987849499481418 0.985037046191543 0.969227078490573 0.976647413799062 0.978539698367768 0.982138027720644 0.988542196200413 0.976326726202033 0.991014072737756 0.968967796000172 0.975780134582464 0.962771448615562 0.970819881819137 0.961157789658835 0.964608574429598 0.97743895869865 0.999127513031587 0.999385044539582 0.999127513031587 0.999127513031587 0.999385044688615 0.999380925274318 0.999380925274318 0.999380925274318 0.999127518494724 0.999385044539582 0.999127518494724 0.999385044539582 0.999385044539582 0.999127518494724 0.999385044539582 0.999127518494724 0.999127518494724 0.999385044539582
0.995091782915094 0.995091782915094 0.994898319019422 0.994671539319581 0.9735387341378 0.985281416072373 0.981889372435702 0.981186280936162 0.980280024566941 0.99095349150917 0.978914278813576 0.994495363812239 0.994960222211439 0.995110091794828 0.995234770712649 0.993474819323471 0.995992742396091 0.991625539939803 0.996271955670702 0.994749225517014 0.996360524915641 0.975447006417793 0.994735469271554 0.972492415223523 0.977396852411116 0.973035129454267 0.999385044539582 0.999380933769167 0.999380933769167 0.999380933769167 0.999380933769167 0.999380933769167 0.999127524851829 0.999127524851829 0.999385044340871 0.999385044539582 0.999127518494724 0.999380933769167 0.999380933769167 0.999385044340871 0.999385044539582 0.999385044340871 0.999380933769167 0.999127524851829 0.999127524851829
0.972552141394036 0.991448987971045 0.980148201622728 0.994643398096846 0.975860728246562 0.98027477217133 0.980882794038639 0.990559307615728 0.979954914575672 0.991702556413414 0.99092492531841 0.979437883321111 0.977259067295708 0.979221575759177 0.985752772551199 0.987784476785314 0.995966064544271 0.995966064544271 0.996272014126554 0.996272014126554 0.996336290898656 0.99473550760207 0.99626224009545 0.982231917049494 0.988922313242294 0.973814481701953 0.999385044340871 0.99938504414216 0.999127532102903 0.999127532102903 0.99938504414216 0.999127532102903 0.99938504414216 0.99938504414216 0.999127532102903 0.999127524851829 0.999380943555631 0.999385044340871 0.999380943555631 0.999380943555631 0.999127532102903 0.999380943555631 0.999380943555631 0.999385044340871 0.999127532102903
0.955440341414462 0.990934111932546 0.973768348197915 0.994563107908575 0.974135465066606 0.970646564708062 0.992120558920704 0.991114816290864 0.981560403687505 0.990437325009243 0.985486104739244 0.979403437870315 0.975507837800965 0.965839752283207 0.975515628782297 0.978512926284669 0.994318800578638 0.99596613587896 0.977696232112404 0.961981598730744 0.981046519538325 0.975287423263361 0.994791390971589 0.959113315961578 0.990714669326778 0.991359625279558 0.99938504414216 0.999380954534355 0.999127540247944 0.999380954534355 0.999127540247944 0.999385043893772 0.999127540247944 0.999127540247944 0.999127532102903 0.999380954534355 0.999380954534355 0.999380954534355 0.999127540247944 0.99938504414216 0.999385043893772 0.999385043893772 0.999127540247944 0.999380954534355 0.99938504414216
0.969948976396034 0.990744351270861 0.969337483555022 0.959215886138822 0.992112419649903 0.992689568334176 0.99250636175734 0.976215005546112 0.980608223026551 0.975006940348274 0.982052369001942 0.974388815006647 0.983312569398652 0.973194304305012 0.976888774924047 0.984382514362174 0.982988776454173 0.975591375668338 0.976637868877084 0.973104094607373 0.985233129937852 0.977156309184158 0.969091396849363 0.996330539244926 0.996687603064153 0.996719868204351 0.999127549187623 0.999385043645383 0.999127540247944 0.999380966953725 0.999380966953725 0.999380966953725 0.999380966953725 0.999380966953725 0.999380966953725 0.999127549187623 0.999385043645383 0.999380966953725 0.999380966953725 0.999385043893772 0.999385043645383 0.999380966953725 0.999385043645383 0.999127549187623 0.999127549187623
