Archive - glowpa-model-master/Model input/Uganda/survival/sedimentation/sedimentation_restime_1dec.asc
NCOLS 67 
NROWS 67 
XLLCORNER 29.500000001 
YLLCORNER -1.499999999 
CELLSIZE 0.0833333332985075 
NODATA_value -9999 
[rows 20 to 39 of 67, columns 0 to 44 of 67]
-9999 -9999 -9999 -9999 -9999 -9999 -9999 -9999 -9999 -9999 -9999 -9999 -9999 -9999 -9999 0.985307442583091 0.977668981678903 0.985093697373974 0.982414919498441 0.981299740759129 0.976238572881698 0.982799412051568 0.988965654605827 0.988353355995766 0.993007990263816 0.992010650808854 0.973997297776043 0.980420491648623 0.999234737725379 0.994499682717462 0.981295198346035 0.974358526863296 0.986088413870705 0.980383035577634 0.996157915588524 0.996055080155645 0.991591152974987 0.986353152679591 0.982041088784269 0.985019892224363 0.98596983081918 0.97998533316982 0.988016825668773 0.988879549715808 0.994804109006336
-9999 -9999 -9999 -9999 -9999 -9999 -9999 -9999 -9999 -9999 -9999 -9999 -9999 -9999 -9999 0.982955086082766 0.977157297873808 0.976441144058113 0.980167500258625 0.982633622968146 0.98058844370649 0.979017745136806 0.986372279951337 0.982638154210507 0.9992374385387 0.999458772656548 0.999458425370179 0.999457521504715 0.983595775034388 0.999232518294046 0.99945544071207 0.983511880272441 0.989296739919192 0.979331981346971 0.994846269342975 0.981210636558442 0.98635607623518 0.992604499084468 0.99374120737303 0.992901832654597 0.991148512891656 0.982317907628745 0.981642112036926 0.984800641572436 0.984405156959763
-9999 -9999 -9999 -9999 -9999 -9999 -9999 -9999 -9999 -9999 -9999 -9999 -9999 -9999 -9999 -9999 0.983168166961713 0.982157507561833 0.985241007957028 0.970945321256005 0.999263664651926 0.999263643985178 0.999477726063995 0.999459530956164 0.984709961831479 0.98517883734821 0.984337571993452 0.988258020005198 0.990701603754773 0.98920957944166 0.987135242294908 0.999231367939043 0.999454530088037 0.999453784123477 0.984874407998932 0.986236474574775 0.995389815000504 0.986390693548945 0.985563412080839 0.985987071402884 0.984522825766108 0.974643665444072 0.980977878131343 0.980445478101888 0.977068662166055
-9999 -9999 -9999 -9999 -9999 -9999 -9999 -9999 -9999 -9999 -9999 -9999 -9999 -9999 -9999 -9999 -9999 0.977354586507027 0.999480816278607 0.99948081680193 0.999477697019686 0.99948081680193 0.999477697019686 0.990102441220492 0.98871270410694 0.988573637973404 0.988759719441091 0.987330611345182 0.984157216323273 0.985624584326645 0.983794077118749 0.98376111329149 0.987641530410161 0.999453139557712 0.984625061595159 0.985344825403372 0.994171340402617 0.989351557162639 0.985638759348927 0.985627512867819 0.981865422772977 0.97381420663594 0.987995162137605 0.991070746259584 0.984269825319749
-9999 -9999 -9999 -9999 -9999 -9999 -9999 -9999 -9999 -9999 -9999 -9999 -9999 -9999 -9999 0.981175947789246 0.9788390679175 0.99948081680193 0.999263624190446 0.999263624190446 0.99947766902202 0.999480817368862 0.99947766902202 0.99948081680193 0.994327183652521 0.9950747955495 0.994703275456044 0.988411762174934 0.982076465080776 0.979912015154485 0.976802121527635 0.977113758995498 0.983911982313785 0.992108978935097 0.999223600794633 0.995916338967358 0.985057218810378 0.977681996071311 0.978794626539172 0.988604988350979 0.988580519697713 0.981156574957988 0.993973641818593 0.991739795010096 0.974204117814424
-9999 -9999 -9999 -9999 -9999 -9999 -9999 -9999 -9999 -9999 -9999 -9999 -9999 -9999 -9999 0.984690437724015 0.999263605180527 0.999477642114606 0.999477642114606 0.999477642114606 0.99926358686822 0.999480817892185 0.999477642114606 0.99926358686822 0.989411303848384 0.985888158422523 0.977730479043713 0.989184931950303 0.978305450224542 0.987837797612482 0.983579672199572 0.983689262511184 0.983812407034422 0.99921805676207 0.995015085735106 0.994517369288335 0.994248931020343 0.993669343332746 0.992761818745326 0.986523577476451 0.986574303927207 0.981592421346076 0.992545365127915 0.98810399067453 0.97380859072788
-9999 -9999 -9999 -9999 -9999 -9999 -9999 -9999 -9999 -9999 -9999 -9999 -9999 -9999 -9999 0.99926358686822 0.999477616297445 0.999477616297445 0.999477616297445 0.999263569253525 0.999480818415507 0.999477616297445 0.999263569253525 0.987279686349264 0.990790731542233 0.984382289230414 0.985012435567922 0.991565623897451 0.983050706302692 0.988392675024759 0.987508048752096 0.982842898651193 0.977118069492264 0.999442484289272 0.999214948240154 0.984179663902692 0.984945239242856 0.983534234386256 0.983655213400883 0.989685891513438 0.988645855946566 0.993550065728039 0.981286938666617 0.9905189793806 0.987823525447588
-9999 -9999 -9999 -9999 -9999 -9999 -9999 -9999 -9999 -9999 -9999 -9999 -9999 -9999 -9999 0.999477591614146 0.999477591614146 0.999477591614146 0.999263552423644 0.99948081889522 0.999477591614146 0.999263552423644 0.999477591614146 0.980692682208136 0.991773750817424 0.979598559687869 0.977854035517157 0.983864110036142 0.977033433633795 0.976520458711705 0.990573337709268 0.999442257253045 0.999442257253045 0.999445702761862 0.982974374102363 0.976563917466275 0.98478162090573 0.990416863439737 0.99227638072598 0.995120297980088 0.996327946001712 0.99387692236846 0.981941414426298 0.987898911030657 0.999411331746174
-9999 -9999 -9999 -9999 -9999 -9999 -9999 -9999 -9999 -9999 -9999 -9999 -9999 -9999 0.9994775680211 0.999263552423644 0.9994775680211 0.999263536465777 0.9994775680211 0.999263536465777 0.999263536465777 0.999480819331322 0.988764123657569 0.990242453033818 0.991214324258508 0.990077521853597 0.977233644313063 0.991336741539705 0.983461485118227 0.974856959078346 0.987108833146926 0.999213729690457 0.999213746747361 0.999442232074599 0.9959003145069 0.986653150465285 0.982262685183414 0.983713098463895 0.995534383321383 0.983466911070832 0.984693144547897 0.993234586323792 0.992554046856353 0.981864750665135 0.999164999299657
-9999 -9999 -9999 -9999 -9999 -9999 -9999 -9999 -9999 -9999 -9999 0.999480819331322 0.999263536465777 0.999263521205522 0.999263536465777 0.999477545518305 0.999263521205522 0.999480819767424 0.999263521205522 0.999480819767424 0.999263521205522 0.978320326992619 0.984958734817945 0.983583143472905 0.978130612220601 0.988312412540232 0.984086235938855 0.992103165549603 0.98282921339305 0.978966787675068 0.983050944693837 0.999445703724975 0.999442208042714 0.999213713367184 0.99940762092954 0.99576386279383 0.996932578167246 0.996900761091743 0.999411332802951 0.999164981146786 0.999164981146786 0.999411332802951 0.999411332802951 0.999411332802951 0.999164981146786
-9999 -9999 -9999 -9999 -9999 -9999 -9999 -9999 -9999 -9999 0.987436577589149 0.999477524062153 0.999480819767424 0.999477524062153 0.999477524062153 0.999263506730081 0.999480820203526 0.999477524062153 0.999263506730081 0.999263506730081 0.981633512601879 0.982297795578037 0.982924335065901 0.982658802511508 0.984308235871393 0.983406108590953 0.988743329593529 0.993684333280625 0.987454707500608 0.973912684923567 0.99772510095891 0.989904340338576 0.983998008854722 0.990870730878462 0.999411333811693 0.999164947434313 0.999407596623765 0.999407596623765 0.999411333283304 0.999164963858338 0.999407596623765 0.999164963858338 0.999164963858338 0.999407596623765 0.999411333811693
-9999 -9999 -9999 -9999 -9999 -9999 -9999 -9999 -9999 -9999 0.999477503783473 0.999263492952251 0.999477503783473 0.999477503783473 0.999263492952251 0.999480820596018 0.999480820596018 0.999263492952251 0.982802380679356 0.993352573485874 0.97674322597712 0.976646481634974 0.978904290973612 0.98439590117754 0.992295091103858 0.988769381619155 0.994323829503629 0.993960625084721 0.998195174396717 0.997714362457383 0.99666954044175 0.985010974756773 0.978977608331178 0.984624901905241 0.985990871962106 0.982396416516203 0.99941133424401 0.999164931874711 0.999407573614939 0.999407573614939 0.999407573614939 0.999407573614939 0.999407573614939 0.999407573614939 0.999407573614939
-9999 -9999 -9999 -9999 -9999 -9999 -9999 -9999 -9999 0.986468144813967 0.999477484551435 0.999477484551435 0.999477484551435 0.999263479959235 0.99948082098851 0.999477484551435 0.999263479959235 0.990706206179758 0.976640487707939 0.992945331464349 0.991218463076158 0.988406805368747 0.983995972730065 0.978080382803188 0.997213394904372 0.996210234145623 0.994583981712946 0.997430036067384 0.974750207478847 0.981567216250305 0.983383503354954 0.995130056945539 0.985748701974653 0.986042862277635 0.985386505352085 0.984828119581751 0.999407551855027 0.999411334676328 0.999164917083484 0.982703828169801 0.999164917083484 0.999407551855027 0.999411334676328 0.999164917083484 0.999407551855027
-9999 -9999 -9999 -9999 -9999 -9999 -9999 -9999 -9999 0.985905795776701 0.999477466453259 0.999477466453259 0.999263467751032 0.999480821337391 0.999477466453259 0.999263467751032 0.984827326567643 0.988161925731979 0.973128539693576 0.980927161692411 0.974464705403605 0.9808637379646 0.99683982509897 0.995835872358781 0.990763817097938 0.982561893983689 0.996589893421061 0.98159579974126 0.996349091682776 0.994069103761403 0.985505149869004 0.982810789422546 0.995074017281716 0.989473590023217 0.980233063575746 0.978250466984509 0.991474511902339 0.984559581588401 0.981621384442809 0.995733859798636 0.999411335060611 0.999407531344029 0.790594161156054 0.999411335060611 0.999411335060611
-9999 -9999 -9999 -9999 -9999 -9999 0.988304304876842 0.990613586751213 0.986746555146199 0.972762716984429 0.998239714197929 0.999263456327642 0.999480821642663 0.999263456327642 0.999263456327642 0.985482471762867 0.979114159957453 0.975705047369315 0.982851824876747 0.980729251765874 0.993613545123638 0.995253536399165 0.986295948339558 0.98352015063518 0.976068788713417 0.98409299002864 0.989473442726657 0.979072813601936 0.997155675291525 0.978978554561433 0.990734938001446 0.984664494435096 0.990628358906381 0.994294355515649 0.984351924183273 0.985112262974574 0.988676341341916 0.988634522463656 0.978572093064394 0.996991246467129 0.985927233395432 0.999122126869792 0.994285086575683 0.985728445111933 0.999411335396858
-9999 -9999 -9999 -9999 -9999 -9999 0.987368412531047 0.988688845667957 0.981448149939369 0.997517012491706 0.97980086144725 0.999263445689065 0.999263445689065 0.999480821991545 0.999477433527662 0.996243463293698 0.996002947315537 0.995805640798408 0.995376575807746 0.995127008034374 0.992496680897721 0.975401239481976 0.994550212232873 0.995809809251816 0.981896933159421 0.982798276866222 0.985580367958861 0.987849995421806 0.997004917505297 0.971537060415006 0.992616814386221 0.984662905419667 0.988547340452375 0.984217848024207 0.993838683093893 0.984894504954773 0.984795086744002 0.990990645394916 0.986006448091235 0.996890285464183 0.986648001497139 0.999378843902521 0.985453108960196 0.991011646975699 0.984844961628842
-9999 -9999 -9999 -9999 -9999 0.983277296847307 0.980326122267878 0.991659617314683 0.997510885757626 0.961424935641161 0.956483946635911 0.999477418656631 0.999480822253206 0.999480822253206 0.984427425084751 0.988450964599783 0.982028803465227 0.987855882108104 0.981439090927461 0.994984560981501 0.979984503826366 0.988126092827855 0.989555641935466 0.995622793351292 0.985163769075312 0.975566205265064 0.975080694951333 0.988591663596605 0.990762350099478 0.995572144269533 0.985726329301307 0.986045162708725 0.984512617859654 0.984591019702835 0.994426266835086 0.989907825040687 0.984664822959768 0.985831394076597 0.989607997456364 0.996806476441445 0.986576886435971 0.999378949649642 0.986077180851689 0.992554939375246 0.984620986745536
-9999 -9999 0.97465475749627 0.980416133307348 0.981588002386396 0.977520051480651 0.976462213276653 0.988523568319065 0.998191486124368 0.967161400354558 0.990848723792987 0.991156919823514 0.997285373089963 0.977346582489046 0.979375482905546 0.989512660722412 0.985485271673529 0.984054933955475 0.982069789963118 0.994853182458651 0.980834887079481 0.990520155676119 0.985126356351793 0.992367041454945 0.993348932084296 0.987384834266171 0.983332349082628 0.982852443443329 0.990121646069291 0.996848298370176 0.996648380186325 0.981944894824471 0.978661676869058 0.979188775782977 0.993950573824635 0.981708518329846 0.986417404977611 0.985446121429365 0.982249467481933 0.996515727559519 0.981186361694185 0.99937863706091 0.985635017349711 0.985543306342832 0.983416398899519
-9999 0.977539319540492 0.986930488464612 0.982799049093112 0.968962216193799 0.981224762903017 0.998154750098622 0.997410938047633 0.972143384871496 0.953236705110304 0.990620018981617 0.977073409050244 0.993033123050201 0.995856373588899 0.996838721038854 0.985898687441067 0.984348139487268 0.983997851411723 0.987003831466734 0.993624866175981 0.988613773859205 0.984806017847081 0.979122441929041 0.991496530922631 0.982367705853389 0.990173287217531 0.978844861672806 0.976743433182043 0.985503146932164 0.978920501329935 0.987296168300703 0.995232237550114 0.990799393607337 0.982378462455232 0.993701490985883 0.983118702017095 0.98896412128948 0.984510520451379 0.981220255067511 0.99633765172441 0.976268665528159 0.999378159608698 0.979043090645099 0.978656278108518 0.971983571514406
-9999 0.975839146923646 0.981032244832476 0.99811051539916 0.998114680078956 0.997385221437194 0.981979428588034 0.985519854814469 0.985336959166808 0.985952542583637 0.983820472344317 0.987586436281395 0.986861773343114 0.992306229882551 0.985496636452545 0.995317998243347 0.995730206296372 0.983932807199314 0.985639720672866 0.979024053553489 0.988730089174163 0.978904945199887 0.985122116642697 0.990537092959939 0.982846954983236 0.992540520844509 0.991761511947493 0.989767419557715 0.977442344756946 0.977439546292248 0.988115235356761 0.978007019537586 0.994841040388903 0.974981301399421 0.983091583952631 0.990113581069041 0.983409979907971 0.98236075057726 0.99270374789924 0.99505248643158 0.982677061285525 0.983395622439787 0.999117581731962 0.994412882235346 0.984432065815217
