Model input/Uganda/oocysts/diffuse_streaminput_cryptosporidium1dec.asc
NCOLS 67 
NROWS 67 
XLLCORNER 29.5 
YLLCORNER -1.5 
CELLSIZE 0.0833333333333334 
NODATA_value -9999 
-9999.000000000000000 -9999 -9999 -9999 -9999 -9999 -9999 -9999 -9999 -9999 -9999 -9999 -9999 -9999 -9999 -9999 -9999 -9999 -9999 -9999 -9999 -9999 -9999 -9999 -9999 -9999 -9999 -9999 -9999 -9999 -9999 0 0 -9999 -9999 -9999 -9999 -9999 -9999 -9999 -9999 -9999 -9999 -9999 -9999 -9999 -9999 -9999 -9999 -9999 -9999 -9999 -9999 -9999 -9999 -9999 -9999 -9999 -9999 -9999 -9999 -9999 -9999 -9999 -9999 -9999 -9999
-9999 -9999 -9999 -9999 -9999 -9999 -9999 -9999 -9999 -9999 -9999 -9999 -9999 -9999 -9999 -9999 -9999 -9999 -9999 -9999 -9999 -9999 -9999 -9999 -9999 -9999 -9999 -9999 -9999 0 0 0 0 0 0 0 0 0 0 0 -9999 -9999 -9999 -9999 -9999 -9999 -9999 -9999 -9999 -9999 -9999 -9999 -9999 -9999 -9999 -9999 -9999 -9999 -9999 -9999 -9999 -9999 -9999 -9999 -9999 -9999 -9999
-9999 -9999 -9999 -9999 -9999 -9999 -9999 -9999 -9999 -9999 -9999 -9999 -9999 -9999 -9999 -9999 -9999 -9999 -9999 -9999 -9999 -9999 -9999 -9999 -9999 -9999 -9999 -9999 -9999 0 0 0 0 0 0 0 0 0 0 0 0 1 5 -9999 -9999 -9999 -9999 -9999 -9999 -9999 -9999 -9999 -9999 -9999 -9999 -9999 -9999 -9999 -9999 -9999 -9999 -9999 -9999 -9999 -9999 -9999 -9999
-9999 -9999 -9999 -9999 -9999 -9999 -9999 -9999 -9999 -9999 -9999 -9999 -9999 -9999 -9999 -9999 -9999 -9999 -9999 -9999 -9999 -9999 -9999 -9999 -9999 0 -9999 -9999 -9999 0 0 0 0 0 0 0 1 3 1 2 3 15 34 -9999 -9999 -9999 -9999 -9999 -9999 -9999 -9999 -9999 19 15 10 -9999 -9999 -9999 -9999 -9999 -9999 -9999 -9999 -9999 -9999 -9999 -9999
-9999 -9999 -9999 -9999 -9999 -9999 -9999 -9999 -9999 -9999 -9999 -9999 -9999 -9999 -9999 -9999 -9999 -9999 -9999 -9999 -9999 -9999 37 -9999 -9999 2 -9999 -9999 -9999 0 0 0 0 0 4 10 17 18 19 25 21 17 37 14 -9999 -9999 -9999 -9999 -9999 -9999 -9999 -9999 41 39 21 71 62 -9999 -9999 -9999 -9999 -9999 -9999 -9999 -9999 -9999 -9999
-9999 -9999 -9999 -9999 -9999 -9999 -9999 -9999 -9999 -9999 -9999 -9999 -9999 -9999 -9999 -9999 -9999 -9999 -9999 -9999 -9999 55 50 40 16 8 15 11 2 1 0 0 1 3 6 11 17 30 28 23 12 26 14 18 -9999 -9999 -9999 -9999 -9999 -9999 -9999 15 20 21 118 86 121 16 1 -9999 -9999 -9999 -9999 -9999 -9999 -9999 -9999
-9999 -9999 -9999 -9999 -9999 -9999 -9999 -9999 -9999 -9999 -9999 -9999 -9999 -9999 -9999 -9999 -9999 -9999 -9999 120 91 137 101 74 11 6 3 11 4 8 10 2 2 4 5 10 22 19 26 31 47 21 13 11 -9999 -9999 -9999 15 -9999 -9999 7 -9999 22 18 50 117 39 8 8 -9999 -9999 -9999 -9999 -9999 -9999 -9999 -9999
-9999 -9999 -9999 -9999 -9999 -9999 -9999 -9999 -9999 -9999 -9999 -9999 -9999 -9999 -9999 -9999 -9999 179 135 108 143 260 83 23 3 7 19 40 43 14 24 8 7 6 7 7 22 14 22 38 55 27 29 12 7 -9999 -9999 16 5 2 5 9 30 17 10 69 20 7 -9999 -9999 -9999 -9999 -9999 -9999 -9999 -9999 -9999
-9999 -9999 -9999 -9999 -9999 -9999 -9999 -9999 -9999 -9999 -9999 -9999 -9999 -9999 -9999 -9999 -9999 130 122 152 81 173 86 12 8 16 58 99 31 24 14 14 9 8 8 10 9 33 24 32 46 42 32 15 15 15 27 19 4 6 8 14 42 30 18 45 11 14 -9999 -9999 -9999 -9999 -9999 -9999 -9999 -9999 -9999
-9999 -9999 -9999 -9999 -9999 -9999 -9999 -9999 -9999 -9999 -9999 -9999 -9999 -9999 -9999 -9999 -9999 139 141 186 144 82 64 6 6 17 28 33 17 9 27 25 12 8 10 6 11 12 10 40 41 32 39 44 39 31 20 8 10 11 10 19 22 35 14 30 8 12 7 -9999 -9999 -9999 -9999 -9999 -9999 -9999 -9999
-9999 -9999 -9999 -9999 -9999 -9999 -9999 -9999 -9999 -9999 -9999 -9999 -9999 -9999 -9999 -9999 123 198 182 89 62 42 59 27 -9999 26 13 19 11 10 34 15 10 10 7 6 8 9 11 32 26 71 32 44 29 11 7 13 15 14 17 33 17 14 67 45 6 15 6 -9999 -9999 -9999 -9999 -9999 -9999 -9999 -9999
-9999 -9999 -9999 -9999 -9999 -9999 -9999 -9999 -9999 -9999 -9999 -9999 -9999 -9999 -9999 -9999 246 250 118 43 33 35 29 33 9 13 13 12 7 12 24 21 8 11 10 7 22 22 19 22 39 31 23 41 29 19 9 50 11 12 17 19 18 21 88 69 36 18 6 -9999 -9999 -9999 -9999 -9999 -9999 -9999 -9999
-9999 -9999 -9999 -9999 -9999 -9999 -9999 -9999 -9999 -9999 -9999 -9999 -9999 -9999 -9999 139 400 365 135 56 31 39 61 26 13 12 12 11 11 14 21 59 20 25 12 15 20 17 18 28 28 38 31 37 16 40 48 34 7 7 28 38 37 64 104 123 77 63 20 13 -9999 -9999 -9999 -9999 -9999 -9999 -9999
-9999 -9999 -9999 -9999 -9999 -9999 -9999 -9999 -9999 -9999 -9999 -9999 -9999 -9999 -9999 -9999 248 160 31 24 12 19 17 6 16 14 14 13 11 12 31 73 27 32 34 26 33 34 46 20 32 63 27 15 16 32 52 33 6 6 15 16 55 77 62 124 116 68 20 19 -9999 -9999 -9999 -9999 -9999 -9999 -9999
-9999 -9999 -9999 -9999 -9999 -9999 -9999 -9999 -9999 -9999 -9999 -9999 -9999 -9999 -9999 -9999 -9999 84 35 14 16 21 5 15 13 14 15 15 11 12 45 65 56 68 30 33 25 28 24 21 33 78 64 57 25 12 29 25 7 4 6 8 27 47 77 57 100 57 27 29 13 -9999 -9999 -9999 -9999 -9999 -9999
-9999 -9999 -9999 -9999 -9999 -9999 -9999 -9999 -9999 -9999 -9999 -9999 -9999 -9999 -9999 -9999 131 72 40 15 14 14 -9999 14 12 8 7 8 9 10 19 38 85 215 77 19 15 17 35 35 28 62 79 36 32 21 27 31 12 27 16 7 42 37 51 64 46 55 40 23 15 -9999 -9999 -9999 -9999 -9999 -9999
-9999 -9999 -9999 -9999 -9999 -9999 -9999 -9999 -9999 -9999 -9999 -9999 -9999 -9999 -9999 -9999 106 38 28 29 12 8 -9999 18 5 7 9 12 10 24 28 18 59 88 35 30 17 27 38 50 51 39 37 25 17 25 31 27 26 64 5 7 23 47 21 9 25 38 56 38 23 15 17 -9999 -9999 -9999 -9999
-9999 -9999 -9999 -9999 -9999 -9999 -9999 -9999 -9999 -9999 -9999 -9999 -9999 -9999 -9999 44 134 31 25 35 19 14 -9999 3 4 4 7 9 18 85 20 14 26 43 37 68 50 30 34 36 47 33 60 48 54 64 26 15 18 26 37 23 8 17 3 8 38 45 33 34 24 22 51 -9999 -9999 -9999 -9999
-9999 -9999 -9999 -9999 -9999 -9999 -9999 -9999 -9999 -9999 -9999 -9999 -9999 -9999 -9999 94 103 40 32 74 27 18 28 39 2 4 5 6 16 58 8 7 9 25 61 54 21 20 38 43 74 57 22 42 34 37 21 12 3 69 49 54 18 17 8 6 19 47 16 39 30 59 26 5 -9999 -9999 -9999
-9999 -9999 -9999 -9999 -9999 -9999 -9999 -9999 -9999 -9999 -9999 -9999 -9999 -9999 -9999 36 86 164 71 75 63 29 36 103 20 2 2 5 3 8 4 3 37 22 25 34 31 31 54 68 86 86 38 51 38 58 23 19 23 15 8 13 23 20 13 10 5 4 23 55 46 27 51 -9999 -9999 -9999 -9999
-9999 -9999 -9999 -9999 -9999 -9999 -9999 -9999 -9999 -9999 -9999 -9999 -9999 -9999 -9999 0 50 60 48 70 75 35 16 38 5 6 4 3 9 3 2 3 10 13 21 31 37 39 102 88 86 109 46 32 26 59 56 31 15 23 6 10 11 13 23 12 6 11 49 33 54 23 59 91 65 -9999 -9999
-9999 -9999 -9999 -9999 -9999 -9999 -9999 -9999 -9999 -9999 -9999 -9999 -9999 -9999 -9999 0 0 0 1 66 90 60 12 8 17 3 6 18 19 16 6 4 7 31 36 19 46 39 72 78 119 103 38 34 65 30 18 18 20 13 9 9 6 19 12 9 15 33 44 55 22 49 87 73 -9999 -9999 -9999
-9999 -9999 -9999 -9999 -9999 -9999 -9999 -9999 -9999 -9999 -9999 -9999 -9999 -9999 -9999 -9999 0 0 0 0 22 34 40 54 55 19 18 17 19 18 12 17 26 80 44 39 41 104 127 80 152 91 57 34 27 41 42 18 16 25 11 12 7 7 10 53 84 57 93 61 21 61 -9999 -9999 -9999 -9999 -9999
-9999 -9999 -9999 -9999 -9999 -9999 -9999 -9999 -9999 -9999 -9999 -9999 -9999 -9999 -9999 -9999 -9999 0 0 0 0 0 39 57 40 10 19 17 17 19 13 17 44 90 18 24 30 60 85 81 47 49 68 54 53 47 45 20 21 29 28 26 12 13 17 12 63 26 125 84 27 83 -9999 -9999 -9999 -9999 -9999
-9999 -9999 -9999 -9999 -9999 -9999 -9999 -9999 -9999 -9999 -9999 -9999 -9999 -9999 -9999 0 0 0 0 0 0 0 3 34 27 9 17 16 17 16 13 28 76 61 25 29 79 44 70 72 46 27 27 21 32 27 28 40 27 30 30 33 16 41 39 15 8 3 34 30 55 79 24 -9999 -9999 -9999 -9999
-9999 -9999 -9999 -9999 -9999 -9999 -9999 -9999 -9999 -9999 -9999 -9999 -9999 -9999 -9999 0 0 0 0 0 0 0 0 30 17 18 20 14 20 22 21 49 61 37 18 67 65 32 78 67 49 40 17 20 33 75 38 44 40 21 33 30 23 43 21 30 21 43 28 22 63 37 36 -9999 -9999 -9999 -9999
-9999 -9999 -9999 -9999 -9999 -9999 -9999 -9999 -9999 -9999 -9999 -9999 -9999 -9999 -9999 0 0 0 0 0 0 0 47 47 24 12 24 16 33 69 40 24 16 25 29 20 38 22 44 51 33 21 44 32 57 65 56 59 34 29 23 45 25 82 33 20 15 23 24 33 103 84 -9999 -9999 -9999 -9999 -9999
-9999 -9999 -9999 -9999 -9999 -9999 -9999 -9999 -9999 -9999 -9999 -9999 -9999 -9999 -9999 0 0 0 0 0 0 12 66 30 3 4 36 33 32 87 53 19 20 19 27 17 12 37 4 5 13 20 18 71 50 27 44 20 35 79 36 12 8 53 30 14 8 29 25 42 50 33 -9999 -9999 -9999 -9999 -9999
-9999 -9999 -9999 -9999 -9999 -9999 -9999 -9999 -9999 -9999 -9999 -9999 -9999 -9999 0 0 0 0 0 0 0 14 44 42 12 13 29 33 22 10 32 13 12 9 23 10 17 8 4 33 58 41 44 40 36 38 12 21 45 185 61 8 38 43 19 22 9 20 35 42 68 53 11 -9999 -9999 -9999 -9999
-9999 -9999 -9999 -9999 -9999 -9999 -9999 -9999 -9999 -9999 -9999 0 0 0 0 0 0 0 0 0 9 34 23 38 34 25 39 27 16 6 12 3 3 2 1 0 0 10 34 35 46 35 18 4 10 17 13 21 34 46 21 70 26 5 5 5 1 12 35 30 55 21 13 32 -9999 -9999 -9999
-9999 -9999 -9999 -9999 -9999 -9999 -9999 -9999 -9999 -9999 0 0 0 0 0 0 0 3 6 11 20 27 22 20 24 37 15 6 4 4 12 6 2 3 22 20 2 19 25 1 5 1 7 7 35 49 47 68 68 58 16 45 61 19 15 8 3 4 6 7 3 10 38 79 62 -9999 -9999
-9999 -9999 -9999 -9999 -9999 -9999 -9999 -9999 -9999 -9999 0 0 0 0 0 0 1 11 15 8 22 39 45 39 29 27 15 4 4 2 2 5 7 9 9 12 13 0 0 0 5 2 0 25 22 28 47 65 114 60 14 73 32 37 41 39 5 3 27 66 20 18 59 168 -9999 -9999 -9999
-9999 -9999 -9999 -9999 -9999 -9999 -9999 -9999 -9999 0 0 0 0 0 0 0 14 16 3 13 27 31 26 16 19 21 5 7 4 2 2 6 6 6 5 19 15 10 7 21 20 91 22 0 4 1 14 6 31 7 28 40 31 25 68 30 18 113 122 89 83 161 66 37 -9999 -9999 -9999
-9999 -9999 -9999 -9999 -9999 -9999 -9999 -9999 -9999 0 0 0 0 0 0 9 19 7 2 18 20 25 13 68 72 57 13 12 8 3 4 8 3 5 5 24 10 19 11 12 21 29 99 25 22 33 13 1 12 42 88 47 28 55 45 79 35 322 205 7 5 -9999 -9999 -9999 -9999 -9999 -9999
-9999 -9999 -9999 -9999 -9999 -9999 0 0 0 0 0 1 0 0 4 24 16 7 11 4 7 21 34 27 91 48 43 22 10 1 3 7 3 5 8 12 6 12 12 10 37 8 54 121 31 39 126 48 14 71 114 89 68 66 56 84 196 232 254 2 21 -9999 -9999 -9999 0 0 0
-9999 -9999 -9999 -9999 -9999 -9999 0 0 2 17 8 18 0 2 14 45 44 33 21 24 26 48 47 37 37 61 16 10 14 1 4 2 3 7 11 17 12 19 12 7 52 19 102 82 82 127 146 46 146 45 64 73 62 224 204 120 274 205 231 122 -9999 -9999 0 0 0 0 0
-9999 -9999 -9999 -9999 -9999 0 0 0 10 35 11 8 18 27 76 74 70 54 39 35 45 23 47 30 40 81 61 39 14 29 6 3 3 6 23 23 12 27 24 18 45 102 55 107 116 50 184 73 141 41 40 148 111 183 191 167 346 299 429 319 2 0 0 0 0 0 0
-9999 -9999 0 0 0 0 0 0 12 21 10 4 30 91 95 114 118 64 36 22 23 17 12 70 84 174 132 62 19 28 2 8 4 4 24 32 11 24 12 21 111 87 96 186 67 117 90 79 141 72 48 28 86 111 236 116 189 290 85 64 0 0 0 0 0 0 0
-9999 0 0 0 0 1 9 9 33 14 15 13 31 16 45 99 76 51 30 22 30 43 38 31 14 39 83 59 69 38 22 4 4 9 18 75 33 43 32 23 114 68 91 319 194 153 153 145 95 112 101 28 141 133 85 109 191 193 249 25 0 0 0 0 0 0 0
-9999 0 0 0 0 10 58 53 33 14 39 10 46 21 95 26 5 15 59 42 21 50 44 15 21 27 24 26 37 59 29 14 7 20 34 48 53 40 29 17 150 152 111 244 183 152 168 144 93 161 83 44 126 79 178 102 161 225 165 0 0 0 0 0 0 0 0
0 0 0 0 0 96 180 86 70 74 22 62 54 27 49 23 37 19 24 44 34 27 34 32 23 33 23 36 46 112 78 34 35 46 43 75 82 49 70 54 153 247 208 242 408 170 293 171 109 60 92 47 113 49 125 188 276 87 0 0 0 0 0 0 0 0 0
0 0 0 0 0 50 104 50 166 81 27 47 89 50 28 30 28 53 82 77 55 45 50 17 35 26 26 45 52 34 20 22 22 50 60 66 81 72 61 33 57 263 82 251 175 237 286 400 194 129 94 71 63 35 50 145 137 29 0 0 0 0 0 0 0 0 0
0 0 0 0 0 4 24 58 154 54 14 5 28 38 32 30 49 76 57 102 90 52 106 19 25 31 61 56 23 33 21 24 33 52 64 55 66 81 52 47 39 24 114 129 169 118 458 309 224 183 164 131 119 33 92 61 0 0 0 0 0 0 0 0 0 0 0
0 0 0 0 0 141 38 84 99 31 13 4 20 28 42 26 88 109 94 84 44 44 29 7 20 26 58 71 40 34 34 22 26 47 43 41 86 118 29 35 18 11 29 71 292 72 55 238 150 158 166 209 64 43 167 56 0 0 0 0 0 0 0 0 0 0 0
0 0 0 0 13 41 13 68 79 23 23 56 36 37 61 58 30 106 140 80 31 19 20 76 11 40 51 33 12 22 35 30 36 64 97 72 68 95 103 36 51 100 47 48 156 3 31 134 232 254 120 99 306 96 143 9 0 0 0 0 0 0 0 0 0 0 0
0 0 0 0 27 11 35 110 54 2 9 138 43 39 14 17 16 42 39 34 35 14 12 5 10 27 15 14 27 27 31 45 82 89 102 161 51 25 42 40 15 92 77 73 35 106 203 85 175 119 39 159 211 71 28 0 0 0 0 0 0 0 0 0 0 0 0
0 0 0 1 29 15 100 -9999 -9999 13 83 106 58 28 16 25 21 23 35 42 43 29 32 16 103 44 66 54 113 79 127 100 110 91 63 50 169 18 15 35 31 87 46 12 14 337 39 251 52 18 73 120 183 8 0 0 0 0 0 0 0 0 0 0 0 0 0
0 0 11 61 47 89 54 -9999 -9999 29 76 63 23 7 12 15 28 9 39 10 4 24 31 12 39 67 134 140 107 129 125 79 114 120 34 26 103 1 19 14 9 60 12 91 49 98 0 0 17 1 0 48 1 0 0 0 0 0 0 0 0 0 0 0 0 0 0
0 0 73 73 90 9 18 2 0 19 112 28 33 16 5 3 18 3 15 14 12 33 30 16 31 29 12 23 67 152 120 169 57 16 4 89 13 0 0 1 48 95 0 0 0 278 0 0 0 2 0 9 0 0 0 0 0 0 0 0 0 0 0 0 0 0 0
0 0 6 64 45 6 6 2 4 20 88 27 41 24 21 17 3 2 21 14 10 27 50 88 36 129 65 38 22 93 77 28 5 1 0 0 0 0 1 4 0 0 0 0 0 0 0 0 0 7 0 0 0 0 0 0 0 0 0 0 0 0 0 0 0 0 0
0 0 0 15 23 10 4 0 33 11 93 55 34 30 23 15 5 7 7 11 6 10 62 131 131 130 71 25 23 2 0 0 0 0 0 0 0 0 13 16 0 0 0 0 0 0 0 0 0 0 133 0 0 0 0 0 0 0 0 0 0 0 0 0 0 0 0
0 0 0 0 0 1 2 3 3 1 49 40 36 37 31 9 5 9 12 15 15 33 101 255 110 109 98 25 27 1 0 7 2 6 7 0 0 0 0 0 0 0 0 0 0 0 0 0 0 0 0 0 0 0 0 0 0 0 0 0 0 0 0 0 0 0 0
0 0 0 0 0 1 0 5 0 6 52 44 9 11 10 5 4 3 6 26 38 46 53 118 103 94 93 75 50 11 17 86 11 76 10 0 7 6 0 0 0 0 0 0 0 0 0 0 0 0 0 0 0 0 0 0 0 0 0 0 0 0 0 0 0 0 0
0 0 0 1 0 0 0 15 11 19 48 72 5 4 5 5 8 2 2 26 85 94 92 106 89 93 70 61 22 1 0 0 13 93 214 9 3 0 0 0 0 0 0 0 0 0 0 0 0 0 0 0 0 0 0 0 0 0 0 0 0 0 0 0 0 0 0
0 0 2 21 2 5 10 27 29 49 60 47 5 4 2 2 7 6 8 10 44 53 89 124 95 72 58 49 7 0 0 0 15 60 0 40 20 0 0 0 0 0 0 0 0 0 0 0 0 0 0 0 0 0 0 0 0 0 0 0 0 0 0 0 0 0 0
0 0 12 41 0 32 29 39 61 19 54 36 3 4 3 6 4 4 3 4 51 54 70 83 60 77 70 23 0 0 0 3 2 62 0 0 0 0 0 0 0 0 0 0 0 0 0 0 0 0 0 0 0 0 0 0 0 0 0 0 0 0 0 0 0 0 0
0 1 17 -9999 91 50 78 17 36 26 48 12 3 9 21 14 4 2 2 8 31 53 74 47 66 44 55 9 0 0 0 0 0 0 0 0 0 0 0 0 0 0 0 0 0 0 0 0 0 0 0 0 0 0 0 0 0 0 0 0 0 0 0 0 0 0 0
0 2 16 -9999 127 95 50 26 26 25 26 3 3 8 36 27 10 1 5 14 18 10 22 54 39 23 22 2 0 0 0 0 0 0 0 0 0 0 0 0 0 0 0 0 0 0 0 0 0 0 0 0 0 0 0 0 0 0 0 0 0 0 0 0 0 0 0
0 1 29 39 90 167 67 17 17 20 6 3 3 8 15 33 8 7 26 14 21 40 40 43 22 9 1 0 0 0 0 0 0 0 0 0 0 0 0 0 0 0 0 0 0 0 0 0 0 0 0 0 0 0 0 0 0 0 0 0 0 0 0 0 0 0 0
0 15 10 23 36 123 129 25 20 21 20 15 11 23 48 21 19 17 28 15 15 22 17 24 11 8 14 1 0 0 0 0 0 0 0 0 0 0 0 0 0 0 0 0 0 0 0 0 0 0 0 0 0 0 0 0 0 0 0 0 0 0 0 0 0 0 0
0 12 17 16 89 116 90 10 12 22 16 23 25 27 32 22 21 14 21 7 8 20 22 19 13 6 16 14 0 0 0 0 0 0 0 0 0 0 0 0 0 0 0 0 0 0 0 0 0 0 0 0 0 0 0 0 0 0 0 0 0 0 0 0 0 0 0
0 20 2 11 18 29 15 17 17 8 14 15 23 40 7 0 0 0 0 0 0 0 0 0 0 0 0 0 0 0 0 0 0 0 0 0 0 0 0 0 0 0 0 0 0 0 0 0 0 0 0 0 0 0 0 0 0 0 0 0 0 0 0 0 0 0 0
0 129 66 10 23 18 18 15 15 6 0 0 0 0 0 0 0 0 0 0 0 0 0 0 0 0 0 0 0 0 0 0 0 0 0 0 0 0 0 0 0 0 0 0 0 0 0 0 0 0 0 0 0 0 0 0 0 0 0 0 0 0 0 0 0 0 0
4 130 104 50 16 36 13 17 7 4 0 0 0 0 0 0 0 0 0 0 0 0 0 0 0 0 0 0 0 0 0 0 0 0 0 0 0 0 0 0 0 0 0 0 0 0 0 0 0 0 0 0 0 0 0 0 0 0 0 0 0 0 0 0 0 0 0
0 186 232 149 17 13 23 17 2 0 0 0 0 0 0 0 0 0 0 0 0 0 0 0 0 0 0 0 0 0 0 0 0 0 0 0 0 0 0 0 0 0 0 0 0 0 0 0 0 0 0 0 0 0 0 0 0 0 0 0 0 0 0 0 0 0 0
0 34 32 29 5 15 13 2 0 0 0 0 0 0 0 0 0 0 0 0 0 0 0 0 0 0 0 0 0 0 0 0 0 0 0 0 0 0 0 0 0 0 0 0 0 0 0 0 0 0 0 0 0 0 0 0 0 0 0 0 0 0 0 0 0 0 0
0 0 0 0 11 12 1 0 0 0 0 0 0 0 0 0 0 0 0 0 0 0 0 0 0 0 0 0 0 0 0 0 0 0 0 0 0 0 0 0 0 0 0 0 0 0 0 0 0 0 0 0 0 0 0 0 0 0 0 0 0 0 0 0 0 0 0
