Model input/Uganda/oocysts/diffuse_streaminput_cryptosporidium1may.asc
NCOLS 67 
NROWS 67 
XLLCORNER 29.5 
YLLCORNER -1.5 
CELLSIZE 0.0833333333333334 
NODATA_value -9999 
-9999.000000000000000 -9999 -9999 -9999 -9999 -9999 -9999 -9999 -9999 -9999 -9999 -9999 -9999 -9999 -9999 -9999 -9999 -9999 -9999 -9999 -9999 -9999 -9999 -9999 -9999 -9999 -9999 -9999 -9999 -9999 -9999 0 0 -9999 -9999 -9999 -9999 -9999 -9999 -9999 -9999 -9999 -9999 -9999 -9999 -9999 -9999 -9999 -9999 -9999 -9999 -9999 -9999 -9999 -9999 -9999 -9999 -9999 -9999 -9999 -9999 -9999 -9999 -9999 -9999 -9999 -9999
-9999 -9999 -9999 -9999 -9999 -9999 -9999 -9999 -9999 -9999 -9999 -9999 -9999 -9999 -9999 -9999 -9999 -9999 -9999 -9999 -9999 -9999 -9999 -9999 -9999 -9999 -9999 -9999 -9999 0 0 0 0 0 0 0 0 0 0 0 -9999 -9999 -9999 -9999 -9999 -9999 -9999 -9999 -9999 -9999 -9999 -9999 -9999 -9999 -9999 -9999 -9999 -9999 -9999 -9999 -9999 -9999 -9999 -9999 -9999 -9999 -9999
-9999 -9999 -9999 -9999 -9999 -9999 -9999 -9999 -9999 -9999 -9999 -9999 -9999 -9999 -9999 -9999 -9999 -9999 -9999 -9999 -9999 -9999 -9999 -9999 -9999 -9999 -9999 -9999 -9999 0 0 0 0 0 0 0 0 0 0 0 0 1 6 -9999 -9999 -9999 -9999 -9999 -9999 -9999 -9999 -9999 -9999 -9999 -9999 -9999 -9999 -9999 -9999 -9999 -9999 -9999 -9999 -9999 -9999 -9999 -9999
-9999 -9999 -9999 -9999 -9999 -9999 -9999 -9999 -9999 -9999 -9999 -9999 -9999 -9999 -9999 -9999 -9999 -9999 -9999 -9999 -9999 -9999 -9999 -9999 -9999 0 -9999 -9999 -9999 0 0 0 0 0 0 0 1 3 1 2 3 16 36 -9999 -9999 -9999 -9999 -9999 -9999 -9999 -9999 -9999 20 17 12 -9999 -9999 -9999 -9999 -9999 -9999 -9999 -9999 -9999 -9999 -9999 -9999
-9999 -9999 -9999 -9999 -9999 -9999 -9999 -9999 -9999 -9999 -9999 -9999 -9999 -9999 -9999 -9999 -9999 -9999 -9999 -9999 -9999 -9999 33 -9999 -9999 2 -9999 -9999 -9999 0 0 0 0 0 4 9 18 20 20 26 23 18 42 15 -9999 -9999 -9999 -9999 -9999 -9999 -9999 -9999 41 42 22 76 67 -9999 -9999 -9999 -9999 -9999 -9999 -9999 -9999 -9999 -9999
-9999 -9999 -9999 -9999 -9999 -9999 -9999 -9999 -9999 -9999 -9999 -9999 -9999 -9999 -9999 -9999 -9999 -9999 -9999 -9999 -9999 45 47 40 16 9 15 12 2 1 0 0 1 3 6 13 20 36 32 25 12 27 15 19 -9999 -9999 -9999 -9999 -9999 -9999 -9999 15 20 23 126 92 129 17 1 -9999 -9999 -9999 -9999 -9999 -9999 -9999 -9999
-9999 -9999 -9999 -9999 -9999 -9999 -9999 -9999 -9999 -9999 -9999 -9999 -9999 -9999 -9999 -9999 -9999 -9999 -9999 99 66 113 101 79 11 7 3 11 4 8 10 3 2 4 6 12 26 25 28 33 47 23 13 11 -9999 -9999 -9999 15 -9999 -9999 7 9 23 19 54 125 42 8 9 -9999 -9999 -9999 -9999 -9999 -9999 -9999 -9999
-9999 -9999 -9999 -9999 -9999 -9999 -9999 -9999 -9999 -9999 -9999 -9999 -9999 -9999 -9999 -9999 -9999 147 111 89 126 215 83 23 -9999 6 16 43 46 16 25 8 7 6 7 8 27 17 22 41 55 27 29 12 7 -9999 -9999 16 5 2 6 9 32 18 10 73 21 7 -9999 -9999 -9999 -9999 -9999 -9999 -9999 -9999 -9999
-9999 -9999 -9999 -9999 -9999 -9999 -9999 -9999 -9999 -9999 -9999 -9999 -9999 -9999 -9999 -9999 -9999 107 101 133 76 152 92 13 8 13 61 105 33 26 15 16 10 8 8 12 11 39 26 34 46 39 32 16 15 15 27 19 4 6 8 14 42 30 19 48 11 15 -9999 -9999 -9999 -9999 -9999 -9999 -9999 -9999 -9999
-9999 -9999 -9999 -9999 -9999 -9999 -9999 -9999 -9999 -9999 -9999 -9999 -9999 -9999 -9999 -9999 -9999 107 124 163 119 77 68 6 7 15 29 35 18 10 29 27 14 9 10 7 12 13 11 40 41 32 39 44 39 31 20 8 10 11 10 19 22 35 15 32 8 12 7 -9999 -9999 -9999 -9999 -9999 -9999 -9999 -9999
-9999 -9999 -9999 -9999 -9999 -9999 -9999 -9999 -9999 -9999 -9999 -9999 -9999 -9999 -9999 -9999 95 163 160 83 62 44 59 27 -9999 27 15 21 12 11 38 17 10 10 7 7 9 11 12 32 28 75 32 47 29 12 8 13 15 14 17 33 17 14 71 48 6 15 6 -9999 -9999 -9999 -9999 -9999 -9999 -9999 -9999
-9999 -9999 -9999 -9999 -9999 -9999 -9999 -9999 -9999 -9999 -9999 -9999 -9999 -9999 -9999 -9999 216 193 111 43 35 35 29 38 8 14 14 14 8 12 28 24 9 10 10 8 24 24 19 22 39 33 23 41 29 19 9 50 11 12 17 19 18 21 88 69 36 18 6 -9999 -9999 -9999 -9999 -9999 -9999 -9999 -9999
-9999 -9999 -9999 -9999 -9999 -9999 -9999 -9999 -9999 -9999 -9999 -9999 -9999 -9999 -9999 130 330 321 135 64 40 39 66 24 14 12 13 12 12 13 19 59 20 25 12 16 23 18 19 28 28 41 34 39 17 42 51 36 7 7 28 38 37 64 104 123 77 63 20 15 -9999 -9999 -9999 -9999 -9999 -9999 -9999
-9999 -9999 -9999 -9999 -9999 -9999 -9999 -9999 -9999 -9999 -9999 -9999 -9999 -9999 -9999 -9999 204 150 33 27 13 18 -9999 5 17 15 16 15 11 12 29 69 25 30 34 26 35 37 49 21 32 67 29 15 18 32 52 35 7 6 15 16 55 72 62 124 116 68 20 20 -9999 -9999 -9999 -9999 -9999 -9999 -9999
-9999 -9999 -9999 -9999 -9999 -9999 -9999 -9999 -9999 -9999 -9999 -9999 -9999 -9999 -9999 -9999 -9999 73 35 14 15 18 5 16 14 15 16 18 11 12 45 65 52 64 28 33 26 30 29 24 35 78 64 57 23 11 29 26 7 4 6 8 27 47 77 57 100 57 27 29 13 -9999 -9999 -9999 -9999 -9999 -9999
-9999 -9999 -9999 -9999 -9999 -9999 -9999 -9999 -9999 -9999 -9999 -9999 -9999 -9999 -9999 -9999 108 67 40 17 14 -9999 -9999 14 12 8 8 9 9 10 19 38 91 229 82 19 15 19 37 43 32 66 79 36 30 21 28 31 12 29 17 7 42 35 51 64 46 55 40 23 15 -9999 -9999 -9999 -9999 -9999 -9999
-9999 -9999 -9999 -9999 -9999 -9999 -9999 -9999 -9999 -9999 -9999 -9999 -9999 -9999 -9999 -9999 93 35 30 33 13 -9999 -9999 15 5 7 9 14 10 24 30 18 63 94 38 32 17 29 38 53 58 39 37 27 18 25 29 27 28 68 5 7 22 47 20 9 23 36 53 35 23 15 18 -9999 -9999 -9999 -9999
-9999 -9999 -9999 -9999 -9999 -9999 -9999 -9999 -9999 -9999 -9999 -9999 -9999 -9999 -9999 41 125 31 27 40 21 15 -9999 2 3 4 7 10 18 85 21 14 26 43 37 72 50 32 34 36 50 33 60 48 57 68 28 15 19 27 37 25 8 16 3 8 38 45 33 34 24 22 55 -9999 -9999 -9999 -9999
-9999 -9999 -9999 -9999 -9999 -9999 -9999 -9999 -9999 -9999 -9999 -9999 -9999 -9999 -9999 88 97 40 34 84 29 18 24 34 1 5 5 7 16 62 8 8 9 27 65 57 22 22 38 46 74 53 21 42 34 37 23 12 4 74 49 58 20 16 8 6 19 47 16 39 30 62 28 4 -9999 -9999 -9999
-9999 -9999 -9999 -9999 -9999 -9999 -9999 -9999 -9999 -9999 -9999 -9999 -9999 -9999 -9999 36 81 154 71 85 63 31 34 90 18 1 2 5 3 8 4 3 40 24 27 36 33 31 54 68 86 86 36 48 38 58 23 19 23 15 9 14 23 20 13 10 5 4 22 55 46 29 55 -9999 -9999 -9999 -9999
-9999 -9999 -9999 -9999 -9999 -9999 -9999 -9999 -9999 -9999 -9999 -9999 -9999 -9999 -9999 0 50 60 48 74 80 35 16 36 4 5 4 3 9 3 3 3 11 14 22 33 39 42 102 88 92 116 49 32 26 59 56 29 15 23 6 10 10 15 22 12 5 11 46 33 51 23 72 104 70 -9999 -9999
-9999 -9999 -9999 -9999 -9999 -9999 -9999 -9999 -9999 -9999 -9999 -9999 -9999 -9999 -9999 0 0 0 1 66 90 64 15 7 15 3 6 20 21 17 7 4 8 33 38 20 46 39 72 78 119 110 38 36 65 30 18 18 21 14 9 9 6 19 12 9 15 33 44 55 22 49 93 89 -9999 -9999 -9999
-9999 -9999 -9999 -9999 -9999 -9999 -9999 -9999 -9999 -9999 -9999 -9999 -9999 -9999 -9999 -9999 0 0 0 0 22 41 43 48 48 16 16 19 23 20 13 18 28 85 47 39 41 104 127 80 162 97 61 36 29 47 45 19 17 27 11 12 7 7 10 56 90 57 99 65 23 61 -9999 -9999 -9999 -9999 -9999
-9999 -9999 -9999 -9999 -9999 -9999 -9999 -9999 -9999 -9999 -9999 -9999 -9999 -9999 -9999 -9999 -9999 0 0 0 0 0 50 57 35 9 18 18 21 20 13 18 46 96 20 24 30 64 90 81 50 52 72 57 57 51 48 22 22 30 30 26 12 13 18 13 67 28 117 90 29 89 -9999 -9999 -9999 -9999 -9999
-9999 -9999 -9999 -9999 -9999 -9999 -9999 -9999 -9999 -9999 -9999 -9999 -9999 -9999 -9999 0 0 0 0 0 0 0 4 34 25 8 16 19 20 16 14 29 81 70 25 29 84 47 70 72 49 28 29 22 34 27 30 43 28 30 32 36 16 41 42 16 9 4 36 32 59 84 25 -9999 -9999 -9999 -9999
-9999 -9999 -9999 -9999 -9999 -9999 -9999 -9999 -9999 -9999 -9999 -9999 -9999 -9999 -9999 0 0 0 0 0 0 0 0 30 16 16 22 16 21 22 23 52 65 39 20 72 65 32 83 76 56 43 20 21 35 80 40 50 43 22 35 34 23 43 23 31 22 49 29 25 71 40 38 -9999 -9999 -9999 -9999
-9999 -9999 -9999 -9999 -9999 -9999 -9999 -9999 -9999 -9999 -9999 -9999 -9999 -9999 -9999 0 0 0 0 0 0 0 74 47 24 14 27 17 33 74 42 24 17 27 30 22 41 23 47 76 45 43 53 34 61 74 60 63 37 31 24 45 23 82 35 22 16 27 25 37 117 89 -9999 -9999 -9999 -9999 -9999
-9999 -9999 -9999 -9999 -9999 -9999 -9999 -9999 -9999 -9999 -9999 -9999 -9999 -9999 -9999 0 0 0 0 0 0 20 71 30 3 4 36 35 34 93 57 20 21 20 29 18 14 42 6 9 23 38 22 75 56 30 50 24 37 84 36 10 8 53 30 16 10 32 29 51 53 35 -9999 -9999 -9999 -9999 -9999
-9999 -9999 -9999 -9999 -9999 -9999 -9999 -9999 -9999 -9999 -9999 -9999 -9999 -9999 0 0 0 0 0 0 0 20 44 45 12 13 31 33 24 10 32 13 12 10 27 12 19 14 8 42 61 47 47 42 44 49 21 36 51 225 74 8 38 43 19 25 10 21 37 45 73 64 13 -9999 -9999 -9999 -9999
-9999 -9999 -9999 -9999 -9999 -9999 -9999 -9999 -9999 -9999 -9999 0 0 0 0 0 0 0 0 0 13 37 25 38 32 25 39 27 17 6 12 3 3 3 2 1 1 14 36 45 46 35 20 8 27 35 19 30 39 52 21 75 28 5 5 6 1 14 35 32 55 26 15 36 -9999 -9999 -9999
-9999 -9999 -9999 -9999 -9999 -9999 -9999 -9999 -9999 -9999 0 0 0 0 0 0 0 4 7 11 21 29 22 20 23 34 14 6 5 4 12 6 2 3 25 28 2 22 34 1 9 1 16 16 43 56 54 77 77 66 16 48 69 22 17 10 3 4 7 8 3 12 52 90 66 -9999 -9999
-9999 -9999 -9999 -9999 -9999 -9999 -9999 -9999 -9999 -9999 0 0 0 0 0 0 2 13 15 8 22 39 45 37 29 27 16 5 4 2 2 5 8 9 10 13 20 0 0 0 11 5 1 65 45 44 56 74 130 73 14 78 36 45 46 42 6 4 48 111 26 22 77 204 -9999 -9999 -9999
-9999 -9999 -9999 -9999 -9999 -9999 -9999 -9999 -9999 0 0 0 0 0 0 0 17 16 3 14 27 31 28 17 20 21 5 8 4 2 3 6 7 6 5 20 16 14 11 25 31 110 42 1 9 3 17 6 36 8 28 46 35 27 72 32 22 146 205 159 94 195 92 40 -9999 -9999 -9999
-9999 -9999 -9999 -9999 -9999 -9999 -9999 -9999 -9999 0 0 0 0 0 0 12 19 7 2 18 20 26 13 72 77 57 13 12 8 3 5 9 3 6 6 26 11 20 12 14 27 31 112 41 48 71 16 1 12 42 88 54 30 59 51 84 49 390 301 12 5 -9999 -9999 -9999 -9999 -9999 -9999
-9999 -9999 -9999 -9999 -9999 -9999 0 0 0 0 0 1 0 0 6 24 17 7 11 4 7 21 32 27 91 48 43 23 10 1 4 8 4 6 8 14 6 13 13 11 39 9 65 147 37 54 152 55 14 71 130 101 78 71 64 95 223 281 270 3 19 -9999 -9999 -9999 0 0 0
-9999 -9999 -9999 -9999 -9999 -9999 0 0 2 17 8 19 1 3 16 48 44 33 21 22 26 48 47 37 37 65 16 10 15 1 4 2 3 8 11 20 14 21 15 8 56 23 124 100 94 144 177 56 167 45 69 78 70 254 217 136 292 218 231 130 -9999 -9999 0 0 0 0 0
-9999 -9999 -9999 -9999 -9999 0 0 0 10 35 11 8 27 36 86 79 74 54 39 35 45 23 47 30 43 86 61 42 15 31 7 4 3 7 25 25 13 31 29 18 51 132 62 121 132 56 209 84 150 50 40 148 126 208 217 190 393 318 488 341 2 0 0 0 0 0 0
-9999 -9999 0 0 0 0 0 0 12 22 12 4 32 103 115 139 135 68 38 24 23 18 15 75 84 174 132 66 20 30 2 8 4 4 24 32 11 25 14 21 126 106 116 211 76 125 96 84 161 77 54 32 86 126 268 123 201 330 97 68 0 0 0 0 0 0 0
-9999 0 0 0 0 1 9 9 35 15 17 14 35 18 51 112 87 58 34 23 32 48 46 36 15 39 83 59 69 41 23 4 4 10 18 75 33 46 32 23 114 68 103 387 221 174 163 155 108 136 115 39 151 142 85 109 204 206 302 30 0 0 0 0 0 0 0
-9999 0 0 0 0 10 58 56 35 15 41 10 43 21 95 26 5 18 67 45 23 56 50 16 23 27 24 26 37 59 29 15 7 20 34 48 53 40 29 17 150 152 118 260 195 163 191 153 99 183 94 47 134 90 203 117 171 274 200 0 0 0 0 0 0 0 0
0 0 0 0 0 96 180 86 70 74 20 62 54 27 49 23 37 22 27 50 36 31 36 32 26 38 24 38 46 112 78 36 37 52 49 91 87 49 70 54 153 247 208 242 435 181 333 194 124 64 98 50 113 56 172 228 335 99 0 0 0 0 0 0 0 0 0
0 0 0 0 0 50 104 53 155 81 27 47 89 50 28 30 29 57 82 77 55 48 53 18 40 30 26 45 52 34 20 22 24 57 64 71 86 72 61 33 57 263 88 268 175 237 305 455 221 137 107 71 67 38 61 176 166 35 0 0 0 0 0 0 0 0 0
0 0 0 0 0 4 25 62 154 54 14 5 26 36 34 34 55 82 54 108 96 43 93 20 29 33 65 67 25 33 23 24 35 56 68 63 70 81 52 47 39 24 122 129 180 118 458 330 239 209 200 139 135 35 105 84 0 0 0 0 0 0 0 0 0 0 0
0 0 0 0 0 160 41 84 93 29 13 4 19 28 42 29 100 109 100 96 54 50 33 8 22 30 70 80 51 44 42 22 26 47 43 41 86 118 29 35 19 11 29 71 311 87 71 238 150 158 177 223 64 46 231 121 0 0 0 0 0 0 0 0 0 0 0
0 0 0 0 15 57 13 68 74 23 23 52 36 37 57 58 37 106 131 91 35 20 19 63 12 43 62 40 14 26 38 30 36 64 97 72 77 101 103 36 51 107 47 48 202 5 40 152 232 254 120 99 327 102 225 19 0 0 0 0 0 0 0 0 0 0 0
0 0 0 0 31 14 37 103 54 2 9 138 43 39 14 18 19 45 44 36 31 14 12 4 10 30 19 15 28 27 31 45 82 89 102 172 62 32 45 40 15 92 77 83 67 189 387 151 187 186 70 169 211 98 48 0 0 0 0 0 0 0 0 0 0 0 0
0 0 0 1 33 16 107 63 -9999 13 83 99 58 28 20 28 21 22 38 48 46 26 30 13 117 53 80 57 121 79 127 100 110 91 63 50 192 32 21 35 38 87 56 27 36 565 84 448 77 32 139 200 253 17 0 0 0 0 0 0 0 0 0 0 0 0 0
0 0 10 57 47 95 54 -9999 5 29 76 63 25 7 12 15 23 7 42 13 5 22 31 12 47 81 162 170 130 129 125 79 122 120 39 38 173 2 37 21 16 64 22 225 137 294 0 0 38 1 0 85 1 0 0 0 0 0 0 0 0 0 0 0 0 0 0
0 0 68 69 90 9 18 2 0 22 112 28 31 15 5 3 17 4 19 16 16 40 34 20 37 35 13 26 82 152 120 180 79 28 13 368 48 0 0 2 111 234 0 0 0 887 0 0 0 5 0 17 0 0 0 0 0 0 0 0 0 0 0 0 0 0 0
0 0 6 64 45 6 6 2 4 20 88 29 44 24 19 17 3 2 24 16 13 31 61 101 47 137 65 38 23 99 137 51 11 3 1 0 0 0 2 10 0 0 0 0 0 0 0 0 0 13 0 0 0 0 0 0 0 0 0 0 0 0 0 0 0 0 0
0 0 0 16 23 10 4 0 33 11 99 55 34 30 22 15 5 7 7 13 8 12 85 159 170 130 71 25 23 5 0 0 0 0 0 0 0 0 45 44 0 0 0 0 0 0 0 0 0 0 237 0 0 0 0 0 0 0 0 0 0 0 0 0 0 0 0
0 0 0 0 0 1 2 3 3 1 49 40 36 34 29 9 5 9 13 17 18 42 130 352 143 116 98 27 29 3 0 31 8 34 47 0 0 0 0 0 0 0 0 0 0 0 0 0 0 0 0 0 0 0 0 0 0 0 0 0 0 0 0 0 0 0 0
0 0 0 0 0 1 0 5 0 5 49 41 9 11 9 5 4 3 6 29 49 55 73 162 152 107 99 85 57 16 67 256 55 434 67 0 42 37 0 0 0 0 0 0 0 0 0 0 0 0 0 0 0 0 0 0 0 0 0 0 0 0 0 0 0 0 0
0 0 0 1 0 0 0 14 10 17 43 77 5 3 5 5 8 2 2 26 97 115 136 156 149 128 75 70 25 3 0 0 77 439 1298 59 20 0 0 0 0 0 0 0 0 0 0 0 0 0 0 0 0 0 0 0 0 0 0 0 0 0 0 0 0 0 0
0 0 3 21 2 5 9 24 26 43 56 44 5 3 2 2 6 5 7 10 47 61 131 221 160 112 61 59 15 0 0 0 59 320 0 230 119 0 0 0 0 0 0 0 0 0 0 0 0 0 0 0 0 0 0 0 0 0 0 0 0 0 0 0 0 0 0
0 0 12 41 0 30 27 36 57 16 50 32 2 3 3 6 4 4 3 5 58 66 96 123 83 88 74 42 0 0 0 18 12 352 0 0 0 0 0 0 0 0 0 0 0 0 0 0 0 0 0 0 0 0 0 0 0 0 0 0 0 0 0 0 0 0 0
0 1 17 -9999 91 47 73 17 34 23 43 11 3 8 20 13 3 2 2 8 38 64 103 51 71 47 58 28 0 0 0 0 0 0 0 0 0 0 0 0 0 0 0 0 0 0 0 0 0 0 0 0 0 0 0 0 0 0 0 0 0 0 0 0 0 0 0
0 2 15 -9999 119 89 50 26 25 23 22 3 3 8 34 25 10 1 6 15 20 13 31 58 44 26 28 12 0 0 0 0 0 0 0 0 0 0 0 0 0 0 0 0 0 0 0 0 0 0 0 0 0 0 0 0 0 0 0 0 0 0 0 0 0 0 0
0 1 29 39 84 157 63 17 16 18 6 3 3 8 15 33 9 7 26 14 24 48 40 46 23 10 4 0 0 0 0 0 0 0 0 0 0 0 0 0 0 0 0 0 0 0 0 0 0 0 0 0 0 0 0 0 0 0 0 0 0 0 0 0 0 0 0
0 16 10 23 36 116 121 22 20 21 19 14 10 23 52 21 20 17 28 18 19 26 18 26 15 10 27 7 0 0 0 0 0 0 0 0 0 0 0 0 0 0 0 0 0 0 0 0 0 0 0 0 0 0 0 0 0 0 0 0 0 0 0 0 0 0 0
0 13 17 16 89 116 90 10 12 21 15 23 25 27 32 22 21 14 24 7 10 26 25 22 19 10 20 56 0 0 0 0 0 0 0 0 0 0 0 0 0 0 0 0 0 0 0 0 0 0 0 0 0 0 0 0 0 0 0 0 0 0 0 0 0 0 0
0 28 2 12 18 29 15 16 17 8 14 15 23 40 7 0 0 0 0 0 0 0 0 0 0 0 0 0 0 0 0 0 0 0 0 0 0 0 0 0 0 0 0 0 0 0 0 0 0 0 0 0 0 0 0 0 0 0 0 0 0 0 0 0 0 0 0
0 137 66 11 23 21 18 15 15 6 0 0 0 0 0 0 0 0 0 0 0 0 0 0 0 0 0 0 0 0 0 0 0 0 0 0 0 0 0 0 0 0 0 0 0 0 0 0 0 0 0 0 0 0 0 0 0 0 0 0 0 0 0 0 0 0 0
5 158 104 53 17 41 14 17 8 4 0 0 0 0 0 0 0 0 0 0 0 0 0 0 0 0 0 0 0 0 0 0 0 0 0 0 0 0 0 0 0 0 0 0 0 0 0 0 0 0 0 0 0 0 0 0 0 0 0 0 0 0 0 0 0 0 0
0 186 232 159 19 16 28 19 2 0 0 0 0 0 0 0 0 0 0 0 0 0 0 0 0 0 0 0 0 0 0 0 0 0 0 0 0 0 0 0 0 0 0 0 0 0 0 0 0 0 0 0 0 0 0 0 0 0 0 0 0 0 0 0 0 0 0
0 39 34 33 6 17 17 3 0 0 0 0 0 0 0 0 0 0 0 0 0 0 0 0 0 0 0 0 0 0 0 0 0 0 0 0 0 0 0 0 0 0 0 0 0 0 0 0 0 0 0 0 0 0 0 0 0 0 0 0 0 0 0 0 0 0 0
0 0 0 0 12 12 2 0 0 0 0 0 0 0 0 0 0 0 0 0 0 0 0 0 0 0 0 0 0 0 0 0 0 0 0 0 0 0 0 0 0 0 0 0 0 0 0 0 0 0 0 0 0 0 0 0 0 0 0 0 0 0 0 0 0 0 0
