Model input/Uganda/oocysts/diffuse_streaminput_cryptosporidium1apr.asc
NCOLS 67 
NROWS 67 
XLLCORNER 29.5 
YLLCORNER -1.5 
CELLSIZE 0.0833333333333334 
NODATA_value -9999 
-9999.000000000000000 -9999 -9999 -9999 -9999 -9999 -9999 -9999 -9999 -9999 -9999 -9999 -9999 -9999 -9999 -9999 -9999 -9999 -9999 -9999 -9999 -9999 -9999 -9999 -9999 -9999 -9999 -9999 -9999 -9999 -9999 0 0 -9999 -9999 -9999 -9999 -9999 -9999 -9999 -9999 -9999 -9999 -9999 -9999 -9999 -9999 -9999 -9999 -9999 -9999 -9999 -9999 -9999 -9999 -9999 -9999 -9999 -9999 -9999 -9999 -9999 -9999 -9999 -9999 -9999 -9999
-9999 -9999 -9999 -9999 -9999 -9999 -9999 -9999 -9999 -9999 -9999 -9999 -9999 -9999 -9999 -9999 -9999 -9999 -9999 -9999 -9999 -9999 -9999 -9999 -9999 -9999 -9999 -9999 -9999 0 0 0 0 0 0 0 0 0 0 0 -9999 -9999 -9999 -9999 -9999 -9999 -9999 -9999 -9999 -9999 -9999 -9999 -9999 -9999 -9999 -9999 -9999 -9999 -9999 -9999 -9999 -9999 -9999 -9999 -9999 -9999 -9999
-9999 -9999 -9999 -9999 -9999 -9999 -9999 -9999 -9999 -9999 -9999 -9999 -9999 -9999 -9999 -9999 -9999 -9999 -9999 -9999 -9999 -9999 -9999 -9999 -9999 -9999 -9999 -9999 -9999 0 0 0 0 0 0 0 0 0 0 0 0 1 6 -9999 -9999 -9999 -9999 -9999 -9999 -9999 -9999 -9999 -9999 -9999 -9999 -9999 -9999 -9999 -9999 -9999 -9999 -9999 -9999 -9999 -9999 -9999 -9999
-9999 -9999 -9999 -9999 -9999 -9999 -9999 -9999 -9999 -9999 -9999 -9999 -9999 -9999 -9999 -9999 -9999 -9999 -9999 -9999 -9999 -9999 -9999 -9999 -9999 0 -9999 -9999 -9999 0 0 0 0 0 0 0 1 3 1 2 3 15 36 -9999 -9999 -9999 -9999 -9999 -9999 -9999 -9999 -9999 20 17 12 -9999 -9999 -9999 -9999 -9999 -9999 -9999 -9999 -9999 -9999 -9999 -9999
-9999 -9999 -9999 -9999 -9999 -9999 -9999 -9999 -9999 -9999 -9999 -9999 -9999 -9999 -9999 -9999 -9999 -9999 -9999 -9999 -9999 -9999 33 -9999 -9999 2 -9999 -9999 -9999 0 0 0 0 0 4 9 17 19 20 26 21 17 40 14 -9999 -9999 -9999 -9999 -9999 -9999 -9999 -9999 41 42 22 81 67 -9999 -9999 -9999 -9999 -9999 -9999 -9999 -9999 -9999 -9999
-9999 -9999 -9999 -9999 -9999 -9999 -9999 -9999 -9999 -9999 -9999 -9999 -9999 -9999 -9999 -9999 -9999 -9999 -9999 -9999 -9999 45 44 38 16 8 15 12 2 1 0 0 1 3 6 12 18 34 30 25 12 26 14 19 -9999 -9999 -9999 -9999 -9999 -9999 -9999 15 20 23 126 92 138 17 1 -9999 -9999 -9999 -9999 -9999 -9999 -9999 -9999
-9999 -9999 -9999 -9999 -9999 -9999 -9999 -9999 -9999 -9999 -9999 -9999 -9999 -9999 -9999 -9999 -9999 -9999 -9999 99 66 106 94 74 10 6 3 11 4 8 10 2 2 4 5 11 25 22 26 31 47 21 13 11 -9999 -9999 -9999 15 -9999 -9999 7 9 23 18 50 125 42 9 9 -9999 -9999 -9999 -9999 -9999 -9999 -9999 -9999
-9999 -9999 -9999 -9999 -9999 -9999 -9999 -9999 -9999 -9999 -9999 -9999 -9999 -9999 -9999 -9999 -9999 147 104 89 126 215 78 23 -9999 6 15 40 43 15 24 8 7 6 7 8 23 16 22 38 55 27 29 12 7 -9999 -9999 16 5 2 6 9 32 17 10 69 21 7 -9999 -9999 -9999 -9999 -9999 -9999 -9999 -9999 -9999
-9999 -9999 -9999 -9999 -9999 -9999 -9999 -9999 -9999 -9999 -9999 -9999 -9999 -9999 -9999 -9999 -9999 107 101 133 76 152 86 12 8 12 58 105 31 24 14 15 9 8 8 11 10 37 24 32 46 39 32 15 15 15 27 19 4 6 8 14 42 30 19 48 11 15 -9999 -9999 -9999 -9999 -9999 -9999 -9999 -9999 -9999
-9999 -9999 -9999 -9999 -9999 -9999 -9999 -9999 -9999 -9999 -9999 -9999 -9999 -9999 -9999 -9999 -9999 115 124 163 119 77 64 -9999 6 14 28 33 17 10 27 25 12 8 10 6 11 12 11 40 41 32 39 44 39 31 20 8 10 11 10 19 22 35 15 30 8 12 7 -9999 -9999 -9999 -9999 -9999 -9999 -9999 -9999
-9999 -9999 -9999 -9999 -9999 -9999 -9999 -9999 -9999 -9999 -9999 -9999 -9999 -9999 -9999 -9999 101 163 160 83 58 42 52 -9999 -9999 26 14 20 11 10 34 16 10 9 6 6 8 10 12 32 28 71 32 44 29 12 7 13 15 14 17 33 17 14 71 45 6 15 6 -9999 -9999 -9999 -9999 -9999 -9999 -9999 -9999
-9999 -9999 -9999 -9999 -9999 -9999 -9999 -9999 -9999 -9999 -9999 -9999 -9999 -9999 -9999 -9999 216 193 111 43 33 35 -9999 31 7 13 13 13 7 11 24 23 8 10 10 7 23 24 19 22 39 31 23 41 29 19 9 50 11 12 17 19 18 21 88 69 36 18 6 -9999 -9999 -9999 -9999 -9999 -9999 -9999 -9999
-9999 -9999 -9999 -9999 -9999 -9999 -9999 -9999 -9999 -9999 -9999 -9999 -9999 -9999 -9999 130 330 321 135 64 40 37 -9999 20 13 12 12 12 11 12 19 55 20 23 11 15 20 18 19 28 28 41 31 37 16 40 51 34 7 7 26 38 37 64 104 123 77 63 20 14 -9999 -9999 -9999 -9999 -9999 -9999 -9999
-9999 -9999 -9999 -9999 -9999 -9999 -9999 -9999 -9999 -9999 -9999 -9999 -9999 -9999 -9999 -9999 204 150 31 27 13 -9999 -9999 5 16 14 14 14 11 12 29 64 25 28 32 24 33 34 46 20 32 67 27 15 16 32 52 35 7 6 15 16 55 72 62 124 116 68 20 19 -9999 -9999 -9999 -9999 -9999 -9999 -9999
-9999 -9999 -9999 -9999 -9999 -9999 -9999 -9999 -9999 -9999 -9999 -9999 -9999 -9999 -9999 -9999 -9999 78 35 14 15 15 4 16 13 14 15 15 11 12 45 61 52 64 27 33 25 28 26 22 33 78 64 57 23 11 29 26 7 4 6 8 27 47 77 57 100 57 25 29 13 -9999 -9999 -9999 -9999 -9999 -9999
-9999 -9999 -9999 -9999 -9999 -9999 -9999 -9999 -9999 -9999 -9999 -9999 -9999 -9999 -9999 -9999 108 67 40 16 14 -9999 -9999 14 12 8 8 8 8 10 19 36 85 215 77 19 14 17 35 37 32 62 79 36 30 21 27 31 12 29 17 7 42 35 51 64 46 55 40 23 15 -9999 -9999 -9999 -9999 -9999 -9999
-9999 -9999 -9999 -9999 -9999 -9999 -9999 -9999 -9999 -9999 -9999 -9999 -9999 -9999 -9999 -9999 93 38 30 33 13 -9999 -9999 14 5 7 9 13 10 23 28 18 59 88 35 30 16 27 38 50 54 39 37 25 17 25 29 27 28 68 5 7 22 47 20 9 23 36 53 35 23 15 17 -9999 -9999 -9999 -9999
-9999 -9999 -9999 -9999 -9999 -9999 -9999 -9999 -9999 -9999 -9999 -9999 -9999 -9999 -9999 41 125 31 27 40 21 14 -9999 2 3 4 7 9 18 85 20 14 26 43 37 68 50 30 34 36 50 33 60 48 57 64 28 15 19 27 37 23 8 16 3 8 35 45 33 34 24 21 51 -9999 -9999 -9999 -9999
-9999 -9999 -9999 -9999 -9999 -9999 -9999 -9999 -9999 -9999 -9999 -9999 -9999 -9999 -9999 88 97 40 32 79 27 18 24 32 1 4 5 6 16 62 8 7 9 27 65 57 21 20 38 43 74 53 21 42 34 37 23 12 4 74 49 58 20 16 8 6 19 47 16 39 30 59 28 4 -9999 -9999 -9999
-9999 -9999 -9999 -9999 -9999 -9999 -9999 -9999 -9999 -9999 -9999 -9999 -9999 -9999 -9999 36 81 154 71 80 63 29 34 85 17 1 2 5 3 8 4 3 37 24 27 34 31 31 54 68 86 86 36 48 38 58 23 19 23 15 8 14 23 19 12 10 5 4 22 52 46 29 55 -9999 -9999 -9999 -9999
-9999 -9999 -9999 -9999 -9999 -9999 -9999 -9999 -9999 -9999 -9999 -9999 -9999 -9999 -9999 0 50 60 48 74 80 35 16 33 4 5 4 3 9 3 3 3 10 13 21 31 37 39 102 88 86 116 46 32 26 59 56 29 15 23 6 10 10 13 20 12 5 11 46 33 51 22 67 97 65 -9999 -9999
-9999 -9999 -9999 -9999 -9999 -9999 -9999 -9999 -9999 -9999 -9999 -9999 -9999 -9999 -9999 0 0 0 1 66 90 64 14 7 15 2 6 20 20 16 7 4 7 31 38 20 46 39 72 78 119 103 38 34 65 30 18 18 21 14 9 9 6 17 12 9 15 33 44 55 22 49 87 83 -9999 -9999 -9999
-9999 -9999 -9999 -9999 -9999 -9999 -9999 -9999 -9999 -9999 -9999 -9999 -9999 -9999 -9999 -9999 0 0 0 0 22 38 40 45 45 15 15 18 22 20 12 17 28 80 47 39 41 104 127 80 162 91 57 34 29 44 45 18 17 25 11 12 6 7 10 53 90 57 93 65 23 61 -9999 -9999 -9999 -9999 -9999
-9999 -9999 -9999 -9999 -9999 -9999 -9999 -9999 -9999 -9999 -9999 -9999 -9999 -9999 -9999 -9999 -9999 0 0 0 0 0 44 54 33 8 15 16 20 20 13 18 46 96 18 24 30 60 85 81 47 52 68 57 53 51 45 22 21 30 30 25 12 12 18 13 67 28 117 84 27 89 -9999 -9999 -9999 -9999 -9999
-9999 -9999 -9999 -9999 -9999 -9999 -9999 -9999 -9999 -9999 -9999 -9999 -9999 -9999 -9999 0 0 0 0 0 0 0 4 32 24 7 14 18 19 16 13 29 81 65 25 29 84 44 70 72 49 28 29 21 32 27 28 43 28 30 32 36 16 41 42 16 9 4 34 30 59 79 24 -9999 -9999 -9999 -9999
-9999 -9999 -9999 -9999 -9999 -9999 -9999 -9999 -9999 -9999 -9999 -9999 -9999 -9999 -9999 0 0 0 0 0 0 0 0 28 14 14 21 15 20 22 21 49 65 39 18 67 65 32 78 71 52 40 20 21 35 75 38 47 43 22 35 32 22 43 23 31 22 49 29 24 71 40 36 -9999 -9999 -9999 -9999
-9999 -9999 -9999 -9999 -9999 -9999 -9999 -9999 -9999 -9999 -9999 -9999 -9999 -9999 -9999 0 0 0 0 0 0 0 84 44 21 13 25 16 33 74 42 24 17 25 30 20 41 22 47 76 45 46 53 34 61 69 60 63 34 31 24 45 23 82 35 20 16 24 25 37 110 89 -9999 -9999 -9999 -9999 -9999
-9999 -9999 -9999 -9999 -9999 -9999 -9999 -9999 -9999 -9999 -9999 -9999 -9999 -9999 -9999 0 0 0 0 0 0 24 66 28 3 4 36 35 34 93 57 20 20 19 29 17 13 39 6 10 23 40 22 75 53 28 47 24 37 84 36 10 7 50 30 15 9 32 29 48 50 31 -9999 -9999 -9999 -9999 -9999
-9999 -9999 -9999 -9999 -9999 -9999 -9999 -9999 -9999 -9999 -9999 -9999 -9999 -9999 0 0 0 0 0 0 0 23 44 42 12 13 29 33 22 10 32 13 12 10 27 12 19 14 8 42 61 47 47 42 44 49 21 36 48 211 70 7 36 40 17 22 9 21 37 45 68 56 11 -9999 -9999 -9999 -9999
-9999 -9999 -9999 -9999 -9999 -9999 -9999 -9999 -9999 -9999 -9999 0 0 0 0 0 0 0 0 0 14 37 23 38 32 25 39 27 17 6 12 3 3 3 2 0 1 14 34 42 46 35 20 9 31 37 20 30 36 52 21 75 28 5 5 5 1 13 35 30 52 23 13 32 -9999 -9999 -9999
-9999 -9999 -9999 -9999 -9999 -9999 -9999 -9999 -9999 -9999 0 0 0 0 0 0 0 6 8 11 20 27 22 20 23 34 14 6 5 4 12 6 2 3 25 28 2 22 34 2 10 2 20 18 43 52 51 73 72 66 16 48 69 22 17 10 3 4 6 7 3 10 43 90 66 -9999 -9999
-9999 -9999 -9999 -9999 -9999 -9999 -9999 -9999 -9999 -9999 0 0 0 0 0 0 3 13 15 8 22 39 42 37 29 27 15 5 4 2 2 5 7 9 9 12 20 0 0 0 14 7 1 84 54 47 53 74 130 73 14 78 36 43 46 42 6 4 39 92 22 18 63 204 -9999 -9999 -9999
-9999 -9999 -9999 -9999 -9999 -9999 -9999 -9999 -9999 0 0 0 0 0 0 0 18 15 3 13 27 31 26 16 20 21 5 8 4 2 3 6 6 6 5 20 16 14 12 25 33 110 54 2 13 3 17 6 36 7 28 46 35 27 72 30 20 128 158 101 73 151 71 37 -9999 -9999 -9999
-9999 -9999 -9999 -9999 -9999 -9999 -9999 -9999 -9999 0 0 0 0 0 0 14 20 7 2 18 20 26 13 72 77 57 13 12 8 3 5 9 3 6 6 26 11 20 12 14 29 29 112 44 58 86 16 1 11 42 88 54 28 59 48 79 43 343 218 8 4 -9999 -9999 -9999 -9999 -9999 -9999
-9999 -9999 -9999 -9999 -9999 -9999 0 0 0 0 0 1 0 0 8 24 17 7 11 3 7 21 32 25 91 48 43 23 10 1 4 7 4 6 8 14 6 13 13 10 39 8 65 147 37 54 143 52 14 71 122 101 73 66 60 89 209 247 223 2 18 -9999 -9999 -9999 0 0 0
-9999 -9999 -9999 -9999 -9999 -9999 0 0 2 17 8 19 1 5 19 48 44 33 21 22 26 48 47 37 37 61 16 10 15 1 4 2 3 8 11 19 13 21 15 8 56 23 124 94 94 144 166 56 156 45 64 78 66 239 204 128 274 205 190 101 -9999 -9999 0 0 0 0 0
-9999 -9999 -9999 -9999 -9999 0 0 0 10 35 11 9 30 43 92 79 74 54 39 35 45 23 47 30 43 86 61 42 15 31 7 4 3 6 25 23 13 31 29 18 48 132 62 121 123 56 209 78 150 47 40 148 118 195 204 190 369 299 457 299 2 0 0 0 0 0 0
-9999 -9999 0 0 0 0 0 0 12 22 12 4 32 110 140 168 164 73 38 24 23 18 16 80 84 174 132 66 20 30 2 8 4 4 24 32 11 25 13 21 126 106 109 211 76 125 90 79 151 77 54 26 86 118 251 123 201 309 97 56 0 0 0 0 0 0 0
-9999 0 0 0 0 1 9 9 37 15 17 14 40 19 54 136 105 66 36 25 34 52 49 36 15 39 83 59 69 41 23 4 4 9 18 75 33 43 32 23 114 68 103 387 207 163 163 155 108 127 108 28 151 133 85 109 191 206 302 29 0 0 0 0 0 0 0
-9999 0 0 0 0 10 58 56 38 15 44 11 46 22 95 26 5 19 77 51 26 60 53 17 24 27 24 26 37 59 29 14 7 20 34 48 53 40 29 16 150 152 118 260 195 163 191 153 93 171 88 44 118 85 190 109 161 257 176 0 0 0 0 0 0 0 0
0 0 0 0 0 96 180 86 70 74 20 62 54 27 52 23 37 24 29 57 41 33 39 37 30 38 24 36 46 112 78 36 37 49 49 86 87 49 70 51 153 247 208 242 435 181 355 194 116 64 98 50 106 56 161 213 294 93 0 0 0 0 0 0 0 0 0
0 0 0 0 0 50 111 53 155 81 27 47 95 50 28 32 31 61 87 82 62 51 57 19 46 32 26 45 52 34 20 22 24 57 60 66 86 72 61 33 57 263 88 286 187 252 325 455 221 147 107 67 63 35 57 155 156 33 0 0 0 0 0 0 0 0 0
0 0 0 0 0 4 25 62 154 54 14 5 26 36 34 38 59 87 57 116 103 46 100 23 31 35 69 67 25 31 23 24 35 56 68 59 66 81 52 47 39 24 122 129 180 125 489 330 239 209 200 149 135 33 99 74 0 0 0 0 0 0 0 0 0 0 0
0 0 0 0 0 194 41 89 93 29 13 4 20 28 42 31 107 116 107 102 57 53 36 9 23 32 70 80 55 50 42 22 26 47 43 41 86 118 29 33 18 11 29 71 377 146 105 253 150 158 177 209 64 46 216 77 0 0 0 0 0 0 0 0 0 0 0
0 0 0 0 18 61 13 73 79 23 23 56 36 37 57 61 39 113 123 85 35 21 19 55 12 46 62 42 14 29 40 32 36 64 97 72 77 108 103 36 51 100 47 48 279 10 55 185 248 271 128 106 306 102 225 11 0 0 0 0 0 0 0 0 0 0 0
0 0 0 0 36 15 37 103 54 2 9 147 43 39 14 19 19 48 47 34 29 13 11 4 9 33 20 15 27 29 31 45 82 95 108 172 66 36 45 40 15 92 82 101 99 279 737 288 200 274 110 180 211 98 37 0 0 0 0 0 0 0 0 0 0 0 0
0 0 0 1 33 15 107 63 -9999 13 83 106 58 28 21 30 23 22 38 45 43 23 25 12 103 46 70 57 129 79 127 100 110 91 63 50 205 44 26 35 40 87 64 45 61 642 183 750 100 53 219 276 288 28 0 0 0 0 0 0 0 0 0 0 0 0 0
0 0 11 61 50 95 54 -9999 5 29 76 63 25 7 12 15 23 7 42 12 5 20 25 10 44 71 152 160 122 129 125 79 122 120 39 38 197 4 54 31 26 68 35 377 215 432 0 0 68 2 0 126 2 0 0 0 0 0 0 0 0 0 0 0 0 0 0
0 0 73 73 84 9 20 3 0 25 112 30 33 15 5 3 17 4 20 16 15 37 32 20 31 27 13 26 82 152 120 169 74 26 12 323 58 0 0 3 198 417 0 0 0 1147 0 0 0 8 0 25 0 0 0 0 0 0 0 0 0 0 0 0 0 0 0
0 0 6 64 45 6 6 2 5 21 88 29 44 24 19 17 3 2 24 16 13 33 61 101 38 137 65 38 22 93 128 48 11 3 1 0 0 0 3 14 0 0 0 0 0 0 0 0 0 21 0 0 0 0 0 0 0 0 0 0 0 0 0 0 0 0 0
0 0 0 19 24 10 4 0 36 11 93 55 34 28 22 15 5 8 8 14 8 12 80 131 159 138 71 25 23 5 0 0 0 0 0 0 0 0 54 58 0 0 0 0 0 0 0 0 0 0 349 0 0 0 0 0 0 0 0 0 0 0 0 0 0 0 0
0 0 0 0 0 1 2 3 3 1 45 40 36 34 29 9 5 9 14 18 18 40 122 272 143 116 98 25 29 3 0 27 8 30 41 0 0 0 0 0 0 0 0 0 0 0 0 0 0 0 0 0 0 0 0 0 0 0 0 0 0 0 0 0 0 0 0
0 0 0 0 0 1 0 5 0 5 49 41 9 11 9 5 4 3 6 33 49 55 64 134 134 107 93 80 53 15 63 211 49 382 55 0 42 37 0 0 0 0 0 0 0 0 0 0 0 0 0 0 0 0 0 0 0 0 0 0 0 0 0 0 0 0 0
0 0 0 1 0 0 0 14 10 17 45 82 5 4 5 5 8 2 2 26 91 94 119 120 115 113 75 65 23 3 0 0 68 362 1070 49 19 0 0 0 0 0 0 0 0 0 0 0 0 0 0 0 0 0 0 0 0 0 0 0 0 0 0 0 0 0 0
0 0 3 21 2 5 9 24 26 49 60 44 5 4 2 2 7 6 7 10 42 53 115 182 132 93 58 52 13 0 0 0 49 264 0 215 119 0 0 0 0 0 0 0 0 0 0 0 0 0 0 0 0 0 0 0 0 0 0 0 0 0 0 0 0 0 0
0 0 12 41 0 30 27 39 61 17 50 32 2 3 3 6 4 4 3 5 54 58 75 101 73 77 74 37 0 0 0 15 12 330 0 0 0 0 0 0 0 0 0 0 0 0 0 0 0 0 0 0 0 0 0 0 0 0 0 0 0 0 0 0 0 0 0
0 1 17 -9999 91 47 78 17 36 23 43 11 3 9 21 14 3 2 2 8 33 56 85 51 66 47 55 22 0 0 0 0 0 0 0 0 0 0 0 0 0 0 0 0 0 0 0 0 0 0 0 0 0 0 0 0 0 0 0 0 0 0 0 0 0 0 0
0 2 15 -9999 119 89 50 26 25 25 23 3 3 9 34 27 10 1 5 15 19 10 25 54 39 23 26 8 0 0 0 0 0 0 0 0 0 0 0 0 0 0 0 0 0 0 0 0 0 0 0 0 0 0 0 0 0 0 0 0 0 0 0 0 0 0 0
0 1 29 39 84 167 63 17 17 18 6 3 3 8 15 33 9 7 26 14 23 43 40 43 22 9 3 0 0 0 0 0 0 0 0 0 0 0 0 0 0 0 0 0 0 0 0 0 0 0 0 0 0 0 0 0 0 0 0 0 0 0 0 0 0 0 0
0 16 10 23 36 123 129 24 20 21 20 14 10 23 52 21 20 19 30 18 19 25 17 24 12 9 24 7 0 0 0 0 0 0 0 0 0 0 0 0 0 0 0 0 0 0 0 0 0 0 0 0 0 0 0 0 0 0 0 0 0 0 0 0 0 0 0
0 13 18 16 89 116 90 10 12 22 15 23 25 27 32 24 22 15 26 8 10 23 24 21 16 7 17 60 0 0 0 0 0 0 0 0 0 0 0 0 0 0 0 0 0 0 0 0 0 0 0 0 0 0 0 0 0 0 0 0 0 0 0 0 0 0 0
0 26 2 12 19 29 16 16 18 8 14 15 23 40 7 0 0 0 0 0 0 0 0 0 0 0 0 0 0 0 0 0 0 0 0 0 0 0 0 0 0 0 0 0 0 0 0 0 0 0 0 0 0 0 0 0 0 0 0 0 0 0 0 0 0 0 0
0 146 70 11 24 19 18 15 15 6 0 0 0 0 0 0 0 0 0 0 0 0 0 0 0 0 0 0 0 0 0 0 0 0 0 0 0 0 0 0 0 0 0 0 0 0 0 0 0 0 0 0 0 0 0 0 0 0 0 0 0 0 0 0 0 0 0
5 191 111 53 18 41 14 17 8 4 0 0 0 0 0 0 0 0 0 0 0 0 0 0 0 0 0 0 0 0 0 0 0 0 0 0 0 0 0 0 0 0 0 0 0 0 0 0 0 0 0 0 0 0 0 0 0 0 0 0 0 0 0 0 0 0 0
0 186 232 159 20 16 30 19 2 0 0 0 0 0 0 0 0 0 0 0 0 0 0 0 0 0 0 0 0 0 0 0 0 0 0 0 0 0 0 0 0 0 0 0 0 0 0 0 0 0 0 0 0 0 0 0 0 0 0 0 0 0 0 0 0 0 0
0 36 32 33 6 18 15 3 0 0 0 0 0 0 0 0 0 0 0 0 0 0 0 0 0 0 0 0 0 0 0 0 0 0 0 0 0 0 0 0 0 0 0 0 0 0 0 0 0 0 0 0 0 0 0 0 0 0 0 0 0 0 0 0 0 0 0
0 0 0 0 11 12 2 0 0 0 0 0 0 0 0 0 0 0 0 0 0 0 0 0 0 0 0 0 0 0 0 0 0 0 0 0 0 0 0 0 0 0 0 0 0 0 0 0 0 0 0 0 0 0 0 0 0 0 0 0 0 0 0 0 0 0 0
