Model input/Uganda/oocysts/diffuse_streaminput_cryptosporidium1jan.asc
NCOLS 67 
NROWS 67 
XLLCORNER 29.5 
YLLCORNER -1.5 
CELLSIZE 0.0833333333333334 
NODATA_value -9999 
-9999.000000000000000 -9999 -9999 -9999 -9999 -9999 -9999 -9999 -9999 -9999 -9999 -9999 -9999 -9999 -9999 -9999 -9999 -9999 -9999 -9999 -9999 -9999 -9999 -9999 -9999 -9999 -9999 -9999 -9999 -9999 -9999 0 0 -9999 -9999 -9999 -9999 -9999 -9999 -9999 -9999 -9999 -9999 -9999 -9999 -9999 -9999 -9999 -9999 -9999 -9999 -9999 -9999 -9999 -9999 -9999 -9999 -9999 -9999 -9999 -9999 -9999 -9999 -9999 -9999 -9999 -9999
-9999 -9999 -9999 -9999 -9999 -9999 -9999 -9999 -9999 -9999 -9999 -9999 -9999 -9999 -9999 -9999 -9999 -9999 -9999 -9999 -9999 -9999 -9999 -9999 -9999 -9999 -9999 -9999 -9999 0 0 0 0 0 0 0 0 0 0 0 -9999 -9999 -9999 -9999 -9999 -9999 -9999 -9999 -9999 -9999 -9999 -9999 -9999 -9999 -9999 -9999 -9999 -9999 -9999 -9999 -9999 -9999 -9999 -9999 -9999 -9999 -9999
-9999 -9999 -9999 -9999 -9999 -9999 -9999 -9999 -9999 -9999 -9999 -9999 -9999 -9999 -9999 -9999 -9999 -9999 -9999 -9999 -9999 -9999 -9999 -9999 -9999 -9999 -9999 -9999 -9999 0 0 0 0 0 0 0 0 0 0 0 0 1 5 -9999 -9999 -9999 -9999 -9999 -9999 -9999 -9999 -9999 -9999 -9999 -9999 -9999 -9999 -9999 -9999 -9999 -9999 -9999 -9999 -9999 -9999 -9999 -9999
-9999 -9999 -9999 -9999 -9999 -9999 -9999 -9999 -9999 -9999 -9999 -9999 -9999 -9999 -9999 -9999 -9999 -9999 -9999 -9999 -9999 -9999 -9999 -9999 -9999 0 -9999 -9999 -9999 0 0 0 0 0 0 0 1 3 1 2 3 15 34 -9999 -9999 -9999 -9999 -9999 -9999 -9999 -9999 -9999 19 15 10 -9999 -9999 -9999 -9999 -9999 -9999 -9999 -9999 -9999 -9999 -9999 -9999
-9999 -9999 -9999 -9999 -9999 -9999 -9999 -9999 -9999 -9999 -9999 -9999 -9999 -9999 -9999 -9999 -9999 -9999 -9999 -9999 -9999 -9999 37 -9999 -9999 2 -9999 -9999 -9999 0 0 0 0 0 4 10 17 18 19 25 21 16 37 14 -9999 -9999 -9999 -9999 -9999 -9999 -9999 -9999 41 39 20 71 62 -9999 -9999 -9999 -9999 -9999 -9999 -9999 -9999 -9999 -9999
-9999 -9999 -9999 -9999 -9999 -9999 -9999 -9999 -9999 -9999 -9999 -9999 -9999 -9999 -9999 -9999 -9999 -9999 -9999 -9999 -9999 51 44 38 16 8 14 11 2 1 0 0 1 3 6 11 16 28 28 23 12 26 14 18 -9999 -9999 -9999 -9999 -9999 -9999 -9999 15 20 21 118 86 121 16 1 -9999 -9999 -9999 -9999 -9999 -9999 -9999 -9999
-9999 -9999 -9999 -9999 -9999 -9999 -9999 -9999 -9999 -9999 -9999 -9999 -9999 -9999 -9999 -9999 -9999 -9999 -9999 112 80 121 94 69 10 6 3 11 4 8 10 2 2 4 5 10 20 19 25 31 47 21 13 11 -9999 -9999 -9999 15 -9999 -9999 7 9 22 18 50 117 39 8 8 -9999 -9999 -9999 -9999 -9999 -9999 -9999 -9999
-9999 -9999 -9999 -9999 -9999 -9999 -9999 -9999 -9999 -9999 -9999 -9999 -9999 -9999 -9999 -9999 -9999 168 126 101 134 244 73 23 3 7 16 40 43 14 22 7 7 6 6 7 21 13 22 38 55 27 29 12 7 -9999 -9999 16 5 2 5 9 30 17 10 69 20 7 -9999 -9999 -9999 -9999 -9999 -9999 -9999 -9999 -9999
-9999 -9999 -9999 -9999 -9999 -9999 -9999 -9999 -9999 -9999 -9999 -9999 -9999 -9999 -9999 -9999 -9999 122 115 142 81 163 80 12 7 13 54 92 29 23 14 14 9 7 7 10 9 30 24 32 46 42 32 15 15 15 27 19 4 6 8 14 42 30 18 45 11 14 -9999 -9999 -9999 -9999 -9999 -9999 -9999 -9999 -9999
-9999 -9999 -9999 -9999 -9999 -9999 -9999 -9999 -9999 -9999 -9999 -9999 -9999 -9999 -9999 -9999 -9999 130 141 174 135 72 64 -9999 5 15 28 31 17 9 26 23 12 8 9 6 10 11 9 40 41 32 39 44 39 31 20 8 10 11 10 19 22 32 14 30 7 12 6 -9999 -9999 -9999 -9999 -9999 -9999 -9999 -9999
-9999 -9999 -9999 -9999 -9999 -9999 -9999 -9999 -9999 -9999 -9999 -9999 -9999 -9999 -9999 -9999 115 185 170 83 58 42 48 -9999 -9999 24 12 18 10 10 32 14 9 10 6 6 8 9 11 32 26 71 32 44 29 11 7 13 15 14 17 33 17 14 67 45 6 15 6 -9999 -9999 -9999 -9999 -9999 -9999 -9999 -9999
-9999 -9999 -9999 -9999 -9999 -9999 -9999 -9999 -9999 -9999 -9999 -9999 -9999 -9999 -9999 -9999 246 234 118 40 31 35 -9999 27 7 12 12 12 7 11 23 20 7 10 10 7 22 22 19 22 37 31 22 38 27 19 9 50 11 12 17 19 18 21 88 69 36 18 6 -9999 -9999 -9999 -9999 -9999 -9999 -9999 -9999
-9999 -9999 -9999 -9999 -9999 -9999 -9999 -9999 -9999 -9999 -9999 -9999 -9999 -9999 -9999 139 375 365 127 52 31 37 -9999 20 12 11 11 10 10 13 21 55 20 23 12 14 19 17 18 28 26 38 31 37 16 40 48 34 7 7 28 38 37 64 104 123 77 63 20 13 -9999 -9999 -9999 -9999 -9999 -9999 -9999
-9999 -9999 -9999 -9999 -9999 -9999 -9999 -9999 -9999 -9999 -9999 -9999 -9999 -9999 -9999 -9999 248 160 31 22 13 18 -9999 5 14 12 13 12 11 12 31 69 25 30 34 24 31 34 46 20 32 63 27 14 16 32 52 33 6 6 15 16 55 77 62 124 116 68 20 17 -9999 -9999 -9999 -9999 -9999 -9999 -9999
-9999 -9999 -9999 -9999 -9999 -9999 -9999 -9999 -9999 -9999 -9999 -9999 -9999 -9999 -9999 -9999 -9999 84 30 13 16 16 5 14 12 12 13 14 11 12 45 65 56 68 28 33 25 26 24 20 33 78 64 57 25 12 29 25 7 4 6 8 27 47 77 57 100 57 27 29 13 -9999 -9999 -9999 -9999 -9999 -9999
-9999 -9999 -9999 -9999 -9999 -9999 -9999 -9999 -9999 -9999 -9999 -9999 -9999 -9999 -9999 -9999 122 72 38 14 14 13 -9999 14 11 7 7 7 9 10 19 38 85 202 77 19 14 17 35 35 28 62 79 36 32 21 27 29 12 27 16 7 42 35 51 64 46 55 40 23 15 -9999 -9999 -9999 -9999 -9999 -9999
-9999 -9999 -9999 -9999 -9999 -9999 -9999 -9999 -9999 -9999 -9999 -9999 -9999 -9999 -9999 -9999 106 38 26 29 12 8 -9999 15 5 6 8 12 10 24 28 18 59 82 35 30 16 27 36 46 51 36 35 25 17 25 29 27 26 64 5 7 23 47 20 9 25 38 56 38 23 15 16 -9999 -9999 -9999 -9999
-9999 -9999 -9999 -9999 -9999 -9999 -9999 -9999 -9999 -9999 -9999 -9999 -9999 -9999 -9999 44 134 33 25 33 19 14 -9999 3 3 4 6 9 18 85 20 14 26 43 37 68 47 30 34 36 47 33 60 45 54 64 26 15 18 26 34 22 8 17 3 8 38 45 33 34 24 21 51 -9999 -9999 -9999 -9999
-9999 -9999 -9999 -9999 -9999 -9999 -9999 -9999 -9999 -9999 -9999 -9999 -9999 -9999 -9999 94 103 40 30 69 27 17 26 34 2 4 4 6 16 58 8 7 9 25 61 54 21 20 38 43 74 57 22 42 34 37 21 12 3 69 46 54 18 16 8 6 19 47 16 39 30 59 26 4 -9999 -9999 -9999
-9999 -9999 -9999 -9999 -9999 -9999 -9999 -9999 -9999 -9999 -9999 -9999 -9999 -9999 -9999 38 86 164 71 75 59 29 36 96 19 1 2 4 3 8 4 3 35 22 25 32 29 29 50 63 86 86 38 51 38 58 23 19 23 14 8 13 23 19 13 10 5 4 23 55 46 27 51 -9999 -9999 -9999 -9999
-9999 -9999 -9999 -9999 -9999 -9999 -9999 -9999 -9999 -9999 -9999 -9999 -9999 -9999 -9999 0 54 64 48 70 71 35 16 36 4 5 4 3 8 3 2 3 10 12 21 29 37 39 102 88 86 109 46 32 26 59 56 31 15 23 6 10 10 11 20 11 5 11 46 33 51 22 59 91 65 -9999 -9999
-9999 -9999 -9999 -9999 -9999 -9999 -9999 -9999 -9999 -9999 -9999 -9999 -9999 -9999 -9999 0 0 0 1 66 85 60 11 7 15 3 5 16 17 15 6 4 7 29 36 19 46 39 72 78 119 103 36 34 61 30 18 18 20 13 9 9 6 16 12 9 15 33 44 51 22 49 87 73 -9999 -9999 -9999
-9999 -9999 -9999 -9999 -9999 -9999 -9999 -9999 -9999 -9999 -9999 -9999 -9999 -9999 -9999 -9999 0 0 0 0 22 31 33 48 48 16 15 16 18 18 12 16 26 75 44 37 41 104 127 75 143 91 57 34 27 41 42 18 16 24 11 12 6 7 10 53 84 57 93 61 21 61 -9999 -9999 -9999 -9999 -9999
-9999 -9999 -9999 -9999 -9999 -9999 -9999 -9999 -9999 -9999 -9999 -9999 -9999 -9999 -9999 -9999 -9999 0 0 0 0 0 30 50 33 8 15 15 16 18 13 17 44 84 18 24 30 56 85 81 44 49 64 54 50 47 45 20 21 29 28 23 12 12 17 12 63 26 117 84 27 83 -9999 -9999 -9999 -9999 -9999
-9999 -9999 -9999 -9999 -9999 -9999 -9999 -9999 -9999 -9999 -9999 -9999 -9999 -9999 -9999 0 0 0 0 0 0 0 2 30 24 7 14 15 15 15 12 28 76 61 23 29 79 44 70 72 43 27 27 21 32 27 28 40 27 28 30 31 16 38 39 15 8 3 32 30 55 79 24 -9999 -9999 -9999 -9999
-9999 -9999 -9999 -9999 -9999 -9999 -9999 -9999 -9999 -9999 -9999 -9999 -9999 -9999 -9999 0 0 0 0 0 0 0 0 26 14 14 18 12 19 20 20 49 61 37 17 67 65 32 78 67 49 38 16 20 33 75 35 44 40 21 33 30 22 40 21 30 21 43 28 22 63 37 36 -9999 -9999 -9999 -9999
-9999 -9999 -9999 -9999 -9999 -9999 -9999 -9999 -9999 -9999 -9999 -9999 -9999 -9999 -9999 0 0 0 0 0 0 0 39 42 22 11 22 15 31 69 40 23 16 24 29 19 38 20 44 48 33 19 44 32 57 65 56 59 34 29 23 45 -9999 82 33 19 14 23 22 33 97 79 -9999 -9999 -9999 -9999 -9999
-9999 -9999 -9999 -9999 -9999 -9999 -9999 -9999 -9999 -9999 -9999 -9999 -9999 -9999 -9999 0 0 0 0 0 0 10 58 28 3 4 33 31 30 81 53 19 19 18 27 16 12 37 4 4 12 17 17 71 50 27 44 20 35 79 36 10 8 50 29 14 8 29 25 42 46 31 -9999 -9999 -9999 -9999 -9999
-9999 -9999 -9999 -9999 -9999 -9999 -9999 -9999 -9999 -9999 -9999 -9999 -9999 -9999 0 0 0 0 0 0 0 12 44 40 11 12 27 31 21 9 30 12 11 9 22 9 16 7 4 31 58 39 44 40 34 38 12 21 45 185 61 8 36 40 16 21 9 20 35 42 64 49 10 -9999 -9999 -9999 -9999
-9999 -9999 -9999 -9999 -9999 -9999 -9999 -9999 -9999 -9999 -9999 0 0 0 0 0 0 0 -9999 0 9 32 23 38 34 25 39 25 16 6 12 3 3 2 1 0 0 9 32 33 43 35 16 3 9 16 13 21 34 46 21 75 26 5 5 5 1 12 35 30 52 20 12 30 -9999 -9999 -9999
-9999 -9999 -9999 -9999 -9999 -9999 -9999 -9999 -9999 -9999 0 0 0 0 0 0 0 2 5 11 19 26 22 20 23 37 15 6 4 4 12 5 2 3 22 19 2 19 23 1 4 1 6 6 35 49 47 68 68 58 16 45 61 19 15 8 3 4 5 7 3 10 38 79 62 -9999 -9999
-9999 -9999 -9999 -9999 -9999 -9999 -9999 -9999 -9999 -9999 0 0 0 0 0 0 1 10 14 7 20 37 45 39 29 27 15 4 4 2 2 5 7 8 9 11 12 0 0 0 4 2 0 22 19 28 47 65 114 60 14 73 32 37 41 36 5 3 27 62 18 16 56 157 -9999 -9999 -9999
-9999 -9999 -9999 -9999 -9999 -9999 -9999 -9999 -9999 0 0 0 0 0 0 -9999 12 15 3 12 26 29 25 15 16 19 4 7 4 2 2 6 5 5 4 18 14 9 6 20 17 91 19 0 3 1 13 6 31 7 28 40 31 25 68 28 17 106 114 78 73 132 62 37 -9999 -9999 -9999
-9999 -9999 -9999 -9999 -9999 -9999 -9999 -9999 -9999 0 0 0 0 0 -9999 8 17 6 2 18 19 23 11 60 68 54 12 11 8 3 4 8 3 5 5 23 10 17 11 12 21 28 99 23 21 31 13 1 12 42 88 47 26 55 45 74 33 301 180 6 4 -9999 -9999 -9999 -9999 -9999 -9999
-9999 -9999 -9999 -9999 -9999 -9999 0 0 0 0 0 1 0 -9999 4 22 16 7 11 4 7 21 32 25 91 45 40 20 9 1 3 6 3 5 7 12 6 12 12 10 39 7 50 121 31 37 126 48 14 71 114 89 68 66 56 84 196 232 223 2 18 -9999 -9999 -9999 0 0 0
-9999 -9999 -9999 -9999 -9999 -9999 0 0 2 17 8 18 0 2 13 40 44 33 21 24 26 48 47 37 35 61 15 9 14 1 4 2 3 7 10 16 12 18 12 7 49 19 102 82 82 119 146 46 146 45 64 73 62 224 191 120 274 192 203 101 -9999 -9999 0 0 0 0 0
-9999 -9999 -9999 -9999 -9999 0 0 0 10 35 11 8 17 26 67 65 61 54 39 35 45 23 47 30 40 81 57 37 14 29 6 3 3 6 23 22 11 25 24 17 45 102 51 100 116 50 184 73 132 41 40 148 111 183 179 167 346 280 429 281 2 0 0 0 0 0 0
-9999 -9999 0 0 0 0 0 0 12 21 10 4 28 85 78 94 98 56 31 21 21 15 11 66 84 174 124 62 19 28 2 7 4 4 22 30 11 22 12 21 111 82 96 174 63 110 84 74 133 72 48 26 86 104 236 116 189 290 85 60 0 0 0 0 0 0 0
-9999 0 0 0 0 1 9 9 33 14 15 12 27 14 42 87 63 45 26 19 26 37 33 27 13 39 83 59 69 38 22 4 4 8 17 71 33 43 32 23 114 63 91 319 182 143 143 136 95 112 101 25 141 133 80 102 191 193 249 24 0 0 0 0 0 0 0
-9999 0 0 0 0 10 58 49 31 14 39 9 43 21 89 25 4 14 49 37 18 44 38 13 20 27 24 26 37 59 27 13 7 20 32 45 53 40 29 17 150 152 111 228 172 143 158 135 87 151 83 41 118 79 178 102 161 225 165 0 0 0 0 0 0 0 0
0 0 0 0 0 90 169 81 66 74 20 58 51 25 49 22 35 17 20 39 28 24 28 23 17 29 22 33 44 105 78 34 33 38 36 62 82 49 70 54 153 247 208 242 408 170 275 160 102 60 92 47 106 49 125 188 258 82 0 0 0 0 0 0 0 0 0
0 0 0 0 0 47 98 47 155 76 26 44 89 47 26 26 26 44 68 64 48 37 41 12 29 22 24 45 52 34 20 22 21 44 53 58 76 72 61 33 57 247 82 251 164 222 268 375 182 121 94 67 63 35 47 136 128 27 0 0 0 0 0 0 0 0 0
0 0 0 0 0 4 24 54 144 51 14 5 26 36 28 26 43 67 47 84 79 36 72 14 21 27 54 46 20 25 20 24 33 52 60 52 62 81 52 47 39 23 114 121 169 110 458 290 210 172 154 123 111 31 87 57 0 0 0 0 0 0 0 0 0 0 0
0 0 0 0 0 116 36 78 93 31 13 4 16 23 34 19 78 96 82 65 34 34 23 6 16 22 48 54 31 25 26 22 26 47 43 39 80 111 29 35 18 11 29 67 273 63 48 238 150 158 166 196 60 43 147 49 0 0 0 0 0 0 0 0 0 0 0
0 0 0 0 8 34 12 64 70 23 21 46 30 30 39 39 23 77 83 58 26 15 15 52 9 33 37 22 7 13 33 30 36 64 97 72 64 89 97 36 51 100 47 45 137 2 27 118 232 254 120 99 306 90 118 6 0 0 0 0 0 0 0 0 0 0 0
0 0 0 0 20 10 33 103 51 -9999 8 121 36 26 10 12 13 32 30 26 24 11 9 3 7 19 11 9 15 24 31 45 82 89 102 161 48 22 39 40 15 92 77 64 26 72 138 57 175 98 32 159 198 62 23 0 0 0 0 0 0 0 0 0 0 0 0
0 0 0 1 26 14 94 -9999 -9999 12 68 82 48 19 14 19 17 16 29 37 36 19 22 10 70 30 45 39 93 79 119 100 110 91 59 47 158 15 14 35 31 87 43 8 9 261 25 182 46 14 56 99 172 7 0 0 0 0 0 0 0 0 0 0 0 0 0
0 0 10 57 41 78 48 -9999 -9999 27 63 52 20 6 10 13 21 6 30 8 3 17 21 9 28 49 103 102 83 129 125 74 114 120 32 24 91 1 16 11 8 60 9 58 31 63 0 0 12 0 0 39 1 0 0 0 0 0 0 0 0 0 0 0 0 0 0
0 0 64 69 84 8 16 2 0 17 98 23 27 14 5 3 16 3 12 11 9 25 20 12 22 24 10 19 55 152 120 169 50 13 3 61 9 0 0 0 35 69 0 0 0 201 0 0 0 2 0 7 0 0 0 0 0 0 0 0 0 0 0 0 0 0 0
0 0 5 64 45 6 -9999 2 3 17 73 24 34 23 18 16 3 2 18 10 7 20 36 60 28 129 65 38 23 93 63 22 3 1 0 0 0 0 0 3 0 0 0 0 0 0 0 0 0 5 0 0 0 0 0 0 0 0 0 0 0 0 0 0 0 0 0
0 0 0 13 -9999 10 4 -9999 31 11 76 48 31 28 22 15 5 6 6 8 5 7 45 95 101 130 71 25 23 1 0 0 0 0 0 0 0 0 9 11 0 0 0 0 0 0 0 0 0 0 102 0 0 0 0 0 0 0 0 0 0 0 0 0 0 0 0
0 0 0 0 0 -9999 -9999 3 3 1 45 33 34 32 29 9 5 8 10 10 11 24 68 173 85 109 98 25 27 1 0 3 1 3 3 0 0 0 0 0 0 0 0 0 0 0 0 0 0 0 0 0 0 0 0 0 0 0 0 0 0 0 0 0 0 0 0
0 0 0 0 0 -9999 -9999 5 0 5 40 41 8 11 9 5 4 3 5 19 26 31 38 85 80 82 87 75 50 10 9 55 5 33 4 0 3 3 0 0 0 0 0 0 0 0 0 0 0 0 0 0 0 0 0 0 0 0 0 0 0 0 0 0 0 0 0
0 0 0 1 -9999 -9999 0 13 10 16 31 56 5 3 4 5 7 2 2 21 66 73 67 77 69 82 70 61 22 1 0 0 6 46 87 4 2 0 0 0 0 0 0 0 0 0 0 0 0 0 0 0 0 0 0 0 0 0 0 0 0 0 0 0 0 0 0
0 0 2 21 2 5 9 24 24 36 44 37 4 3 2 2 6 5 6 8 37 47 69 96 79 63 58 49 5 0 0 0 9 28 0 20 11 0 0 0 0 0 0 0 0 0 0 0 0 0 0 0 0 0 0 0 0 0 0 0 0 0 0 0 0 0 0
0 0 12 41 0 30 27 36 57 16 44 30 2 3 3 5 4 3 3 3 45 48 58 73 53 72 70 19 0 0 0 1 1 28 0 0 0 0 0 0 0 0 0 0 0 0 0 0 0 0 0 0 0 0 0 0 0 0 0 0 0 0 0 0 0 0 0
0 1 17 -9999 86 47 78 17 34 23 40 10 3 8 20 12 3 2 2 7 29 46 70 47 66 44 55 7 0 0 0 0 0 0 0 0 0 0 0 0 0 0 0 0 0 0 0 0 0 0 0 0 0 0 0 0 0 0 0 0 0 0 0 0 0 0 0
0 2 15 -9999 119 89 50 26 25 23 22 3 3 8 32 24 10 1 5 13 16 8 21 54 39 23 20 1 0 0 0 0 0 0 0 0 0 0 0 0 0 0 0 0 0 0 0 0 0 0 0 0 0 0 0 0 0 0 0 0 0 0 0 0 0 0 0
0 1 29 37 84 157 63 17 16 18 6 2 3 7 14 29 7 7 25 12 19 37 38 43 22 9 1 0 0 0 0 0 0 0 0 0 0 0 0 0 0 0 0 0 0 0 0 0 0 0 0 0 0 0 0 0 0 0 0 0 0 0 0 0 0 0 0
0 14 9 20 34 116 121 22 19 20 18 14 10 21 45 21 19 16 25 14 14 20 17 24 11 8 14 1 0 0 0 0 0 0 0 0 0 0 0 0 0 0 0 0 0 0 0 0 0 0 0 0 0 0 0 0 0 0 0 0 0 0 0 0 0 0 0
0 10 13 15 83 109 90 9 12 21 15 22 24 26 32 22 18 13 20 6 7 18 21 19 13 6 16 10 0 0 0 0 0 0 0 0 0 0 0 0 0 0 0 0 0 0 0 0 0 0 0 0 0 0 0 0 0 0 0 0 0 0 0 0 0 0 0
0 15 1 11 17 27 15 16 17 8 13 15 23 40 7 0 0 0 0 0 0 0 0 0 0 0 0 0 0 0 0 0 0 0 0 0 0 0 0 0 0 0 0 0 0 0 0 0 0 0 0 0 0 0 0 0 0 0 0 0 0 0 0 0 0 0 0
0 120 66 10 21 15 18 14 14 6 0 0 0 0 0 0 0 0 0 0 0 0 0 0 0 0 0 0 0 0 0 0 0 0 0 0 0 0 0 0 0 0 0 0 0 0 0 0 0 0 0 0 0 0 0 0 0 0 0 0 0 0 0 0 0 0 0
3 100 91 50 15 30 13 17 7 4 0 0 0 0 0 0 0 0 0 0 0 0 0 0 0 0 0 0 0 0 0 0 0 0 0 0 0 0 0 0 0 0 0 0 0 0 0 0 0 0 0 0 0 0 0 0 0 0 0 0 0 0 0 0 0 0 0
0 186 232 149 16 12 22 17 2 0 0 0 0 -9999 0 0 0 0 0 0 0 0 0 0 0 0 0 0 0 0 0 0 0 0 0 0 0 0 0 0 0 0 0 0 0 0 0 0 0 0 0 0 0 0 0 0 0 0 0 0 0 0 0 0 0 0 0
0 34 32 29 5 15 12 2 0 0 0 0 0 0 0 0 0 0 0 0 0 0 0 0 0 0 0 0 0 0 0 0 0 0 0 0 0 0 0 0 0 0 0 0 0 0 0 0 0 0 0 0 0 0 0 0 0 0 0 0 0 0 0 0 0 0 0
0 0 0 0 10 12 1 0 0 0 0 0 0 0 0 0 0 0 0 0 0 0 0 0 0 0 0 0 0 0 0 0 0 0 0 0 0 0 0 0 0 0 0 0 0 0 0 0 0 0 0 0 0 0 0 0 0 0 0 0 0 0 0 0 0 0 0
