Model input/Uganda/surfacerunoff/surfacerunoff_may_1.asc
NCOLS 67 
NROWS 67 
XLLCORNER 29.5000000014144 
YLLCORNER -1.49999999936061 
CELLSIZE 0.0833333332926796 
NODATA_value -9999 
[rows 0 to 19 of 67, columns 0 to 44 of 67]
-9999.000000000000000 -9999 -9999 -9999 -9999 -9999 -9999 -9999 -9999 -9999 -9999 -9999 -9999 -9999 -9999 -9999 -9999 -9999 -9999 -9999 -9999 -9999 -9999 -9999 -9999 -9999 -9999 -9999 -9999 -9999 -9999 0.414514667681942 0.405092390792561 -9999 -9999 -9999 -9999 -9999 -9999 -9999 -9999 -9999 -9999 -9999 -9999
-9999 -9999 -9999 -9999 -9999 -9999 -9999 -9999 -9999 -9999 -9999 -9999 -9999 -9999 -9999 -9999 -9999 -9999 -9999 -9999 -9999 -9999 -9999 -9999 -9999 -9999 -9999 -9999 -9999 0.43782694683614 0.400736513256561 0.359515962827572 0.288059717604483 0.333482951646147 0.357972287474695 0.315008261168259 0.532551508513279 0.474898748507258 0.314897724820185 0.3867577274832 -9999 -9999 -9999 -9999 -9999
-9999 -9999 -9999 -9999 -9999 -9999 -9999 -9999 -9999 -9999 -9999 -9999 -9999 -9999 -9999 -9999 -9999 -9999 -9999 -9999 -9999 -9999 -9999 -9999 -9999 -9999 -9999 -9999 -9999 0.297982609481551 0.301308708458237 0.266879531409359 0.287753673092084 0.269536009454896 0.29374429186646 0.299205295959837 0.364668648671795 0.567698703889619 0.628407625299587 0.484491034512757 0.331670878495061 0.517913515977853 0.546112051779346 -9999 -9999
-9999 -9999 -9999 -9999 -9999 -9999 -9999 -9999 -9999 -9999 -9999 -9999 -9999 -9999 -9999 -9999 -9999 -9999 -9999 -9999 -9999 -9999 -9999 -9999 -9999 0.410356486099772 -9999 -9999 -9999 0.25699959587655 0.252443606314046 0.250500400397868 0.298461272905115 0.301302053685504 0.30607935241278 0.309546046082687 0.402136989123392 0.432606270805991 0.598552199335245 0.605326334152778 0.491568834149803 0.596096610024688 0.340370056164829 -9999 -9999
-9999 -9999 -9999 -9999 -9999 -9999 -9999 -9999 -9999 -9999 -9999 -9999 -9999 -9999 -9999 -9999 -9999 -9999 -9999 -9999 -9999 -9999 0.384449178909563 -9999 -9999 0.361549725766963 -9999 -9999 -9999 0.208724213962341 0.202264876861591 0.306519614696299 0.487890917611367 0.56647463770787 0.563978462196246 0.334421429215581 0.450122970505618 0.464045110220468 0.435135402312881 0.424108429797343 0.398849712382798 0.3751451727112 0.374736552657851 0.355642810518475 -9999
-9999 -9999 -9999 -9999 -9999 -9999 -9999 -9999 -9999 -9999 -9999 -9999 -9999 -9999 -9999 -9999 -9999 -9999 -9999 -9999 -9999 0.72879947401816 0.63518681554342 0.58955163558494 0.301599925023766 0.289855841856479 0.328011280998908 0.306934637592349 0.302321499930258 0.224477955271141 0.214627266132084 0.256357311172906 0.269792418748693 0.549824439985969 0.571195484553755 0.566838029953942 0.762313263294345 0.82647305316641 0.478485845178511 0.44477051596914 0.434222920830507 0.36003225523018 0.289113643248129 0.373122314158536 -9999
-9999 -9999 -9999 -9999 -9999 -9999 -9999 -9999 -9999 -9999 -9999 -9999 -9999 -9999 -9999 -9999 -9999 -9999 -9999 0.424713875418092 0.745238720810448 0.691445039592509 0.639895221866027 0.582451708396547 0.386492374445879 0.15687468089709 0.136280176320724 0.324612182794226 0.317480202284059 0.254779275792316 0.408766001783079 0.261298679106403 0.341497834142501 0.317556692152721 0.613887750660069 0.644453109998722 0.832958847240661 0.872119250743708 0.491653360768396 0.484814059745986 0.42664710781537 0.552247050109145 0.416845613472105 0.294918690542545 -9999
-9999 -9999 -9999 -9999 -9999 -9999 -9999 -9999 -9999 -9999 -9999 -9999 -9999 -9999 -9999 -9999 -9999 1.09112692916824 0.455508054074016 0.420724411924311 0.425994270244701 0.699964046361856 0.61850933570895 0.123214104718272 0.0204341512954898 0.246116727794288 0.270191656909446 0.466249274722941 0.478039289191656 0.4820737940463 0.461442265532241 0.51452733532642 0.304688031519618 0.325265757965099 0.626513182396593 0.718602341294172 0.755500120249053 0.79343440120283 0.443450384409516 0.460558048871462 0.399134148210578 0.376097179014323 0.472730342153227 0.342855089911609 0.313749259476026
-9999 -9999 -9999 -9999 -9999 -9999 -9999 -9999 -9999 -9999 -9999 -9999 -9999 -9999 -9999 -9999 -9999 1.08297107544786 0.519258245276433 0.452454837159166 0.462199886896997 0.769822215261229 0.655504283713526 0.46646903592773 0.430746270126292 0.286474478116361 0.470482621494739 0.537916364464763 0.529912048932601 0.519556615927286 0.529350252691074 0.575183032196946 0.620813942077802 0.346148078278929 0.380936286092037 0.722499796211196 0.789974607869226 0.826753107503464 0.451173117653525 0.471099991045776 0.434059258623165 0.530443575371464 0.375166739104316 0.36248427522878 0.349095124875021
-9999 -9999 -9999 -9999 -9999 -9999 -9999 -9999 -9999 -9999 -9999 -9999 -9999 -9999 -9999 -9999 -9999 0.649998797598528 0.51669121512532 0.469269379664183 0.83025362346234 0.736585137929069 0.243075763250999 0.109043533932152 0.489770325430072 0.449494196800515 0.392889208796987 0.372181240891223 0.367001723816429 0.575029318952147 0.590237980759412 0.646346885332605 0.659823849673558 0.409488500736188 0.381385278160451 0.416021161527169 0.746571911804494 0.782975803303998 0.838174450109364 0.612790001468966 0.606786577918683 0.444273118773708 0.54765393906564 0.505699749737687 0.364728502063372
-9999 -9999 -9999 -9999 -9999 -9999 -9999 -9999 -9999 -9999 -9999 -9999 -9999 -9999 -9999 -9999 0.532788973487186 0.574401420635695 0.507149521581596 0.446397927134967 0.783394384598068 0.280227059306526 0.514929954761101 0.0943819813894464 0.0368786763615958 0.68115824024062 0.678829550452065 0.674863321364683 0.661753446820512 0.645690238343377 0.65796365015558 0.707532136402733 0.746058001823258 0.790382509876508 0.441066423718439 0.526580019140965 0.464494882180588 0.861235582306108 0.670616480419994 0.670682711643167 0.490761323817424 0.482430691590707 0.443641173660581 0.555138699382951 0.548008121768362
-9999 -9999 -9999 -9999 -9999 -9999 -9999 -9999 -9999 -9999 -9999 -9999 -9999 -9999 -9999 -9999 0.566805715607188 0.609101206919149 0.530189982782758 0.427778149514779 0.79038180410862 0.439878757333645 0.140227318031094 0.563481953577138 0.601603197992517 0.786062402767129 0.732101914763916 0.75408530938148 0.754775267523655 0.418798718328617 0.763765306146524 0.814754736893519 0.835453099170991 0.820309273876774 0.842642128191073 0.522878080118971 0.519403196449275 0.449537946224154 0.696835963026388 0.543491817552422 0.543130951882631 0.497998279570311 0.439009115325462 0.401700080146838 0.416287129155535
-9999 -9999 -9999 -9999 -9999 -9999 -9999 -9999 -9999 -9999 -9999 -9999 -9999 -9999 -9999 0.59469733878359 0.551972240828036 0.713338286914222 0.591197383982944 0.926368789805565 0.57907735936169 0.230432391738589 0.175158822273147 0.463407290169471 0.759193761950883 0.729597471035959 0.728043698472902 0.784320297498198 0.827270660010981 0.466404043891089 0.428202624789265 0.856514519909979 0.431255003604747 0.452589139513293 0.571694808058965 0.579428537093918 0.56537857017247 0.493194218506687 0.48580746170046 0.544457922842412 0.54125386668602 0.514980101797846 0.466630970549886 0.368440953934623 0.351211837369192
-9999 -9999 -9999 -9999 -9999 -9999 -9999 -9999 -9999 -9999 -9999 -9999 -9999 -9999 -9999 -9999 0.686075977682776 0.871904534506029 0.563934428100765 0.898188799510535 0.29426539049382 0.0688127402668215 0.0427725588103556 0.568254872405305 0.762258465329069 0.786365426392877 0.881794195265684 0.906405060959514 0.455627739029296 0.46164568311724 0.52011822208442 0.584367721785384 0.499993469929905 0.597842057686648 0.581146234253538 0.670399740556604 0.772991169469606 0.5319704523572 0.575055015360704 0.473252563097049 0.425531037762994 0.521798650879646 0.480388628602668 0.394436615351879 0.359859333002532
-9999 -9999 -9999 -9999 -9999 -9999 -9999 -9999 -9999 -9999 -9999 -9999 -9999 -9999 -9999 -9999 -9999 0.84118131417199 0.943294644457637 0.274937203016634 0.210019962878505 0.471892434234178 0.345661850360557 0.71681254212308 0.710645850631408 0.800582293777552 0.848015373776434 0.872453038027743 0.543694225143554 0.580151854592259 0.633270953585452 0.650508465696475 0.539288919753744 0.63353727273352 0.67659130309039 0.712547052899026 0.564624561775418 0.778281274506298 0.67232734454592 0.619341657511541 0.499010913699749 0.495650278026005 0.634032824564201 0.688449883455178 0.634964528217097
-9999 -9999 -9999 -9999 -9999 -9999 -9999 -9999 -9999 -9999 -9999 -9999 -9999 -9999 -9999 -9999 1.12545627416694 0.786633339885157 0.637963740700798 0.764778086704609 0.372500105186191 0.0479431880933134 0.0042584819766045 0.697888272952696 0.668186128677917 0.691205685143359 0.765133292588871 0.831064325211628 0.467186049718293 0.482318289868999 0.628100826361333 0.585880194194033 0.7641430656804 1.00109024242556 1.09936102489883 0.724046035429637 0.574210364902683 0.653515460726339 0.618941358879965 0.614349863099051 0.741920383916295 0.669264981297601 0.736034175133682 0.688312515194411 0.64534358716628
-9999 -9999 -9999 -9999 -9999 -9999 -9999 -9999 -9999 -9999 -9999 -9999 -9999 -9999 -9999 -9999 1.13418791806907 0.744319992008968 0.731421439013502 0.741837307941751 0.415416792293399 0.0327408738485246 0.00703120353406916 0.370303867953226 0.619471294157847 0.641870049548743 0.726329066310427 0.768154107390728 0.429021622039727 0.46648106081193 0.558780191568076 0.613319049080019 1.09061855982873 0.893579579496873 0.767515938605356 0.756938551603525 0.68075587387284 0.568722365642316 0.597037996158178 0.58317714228906 0.510329487042327 0.445396773102402 0.392413121971913 0.367934149380744 0.367178681699443
-9999 -9999 -9999 -9999 -9999 -9999 -9999 -9999 -9999 -9999 -9999 -9999 -9999 -9999 -9999 1.01371908021974 1.02594407690049 0.679985236274661 0.516873116794159 0.688160546815197 0.342711665325623 0.370033925264579 0.00958680670953838 0.331646652739437 0.411942869050108 0.571217984543182 0.636152298284287 0.706405636265117 0.484981140289165 0.480449346468959 0.654326616313483 0.719404620213027 0.634522460131848 0.735743734367134 0.640129457678995 0.771253230595903 0.60360474344634 0.573320348848938 0.533873057065648 0.510609677803586 0.512865144628449 0.368819282812183 0.379755604171805 0.421576789449318 0.373105704966292
-9999 -9999 -9999 -9999 -9999 -9999 -9999 -9999 -9999 -9999 -9999 -9999 -9999 -9999 -9999 0.698992065736093 0.894004288056749 0.659987002109119 0.467400516754424 0.620786004219553 0.396031152376963 0.307844932649459 0.334141233906848 0.269087661195044 0.36855712983197 0.552268514184107 0.614651155046886 0.69877014902886 0.425398269726429 0.478444799227873 0.534318908648856 0.672826798108872 0.730004710931098 0.711841928932699 0.61186919992906 0.621176027379988 0.686967574438313 0.564255434255756 0.528698984453513 0.580047639232362 0.73572093333496 0.538619966391707 0.321892392094014 0.376448057522794 0.425530733082269
-9999 -9999 -9999 -9999 -9999 -9999 -9999 -9999 -9999 -9999 -9999 -9999 -9999 -9999 -9999 0.598334023379721 0.891782128746854 1.08725153950218 0.510850781211047 0.469970696030941 0.349504417954449 0.252531827300118 0.438977500380133 0.304963389680779 0.280161953924107 0.330406934153871 0.527286807482596 0.606166635407135 0.417205302255752 0.450982661277521 0.499214532283077 0.529430448295898 0.993503543213592 0.816204923467012 0.821522778096551 0.900775421541766 0.885382523847511 0.525993043993367 0.503863202538923 0.493392884891364 0.444758777121024 0.749267734136083 0.641453019852634 0.531065963514266 0.376473161850299
