Model input/Uganda/surfacerunoff/surfacerunoff_nov_1.asc
NCOLS 67 
NROWS 67 
XLLCORNER 29.5000000014144 
YLLCORNER -1.49999999936061 
CELLSIZE 0.0833333332926796 
NODATA_value -9999 
[rows 0 to 19 of 67, columns 0 to 44 of 67]
-9999.000000000000000 -9999 -9999 -9999 -9999 -9999 -9999 -9999 -9999 -9999 -9999 -9999 -9999 -9999 -9999 -9999 -9999 -9999 -9999 -9999 -9999 -9999 -9999 -9999 -9999 -9999 -9999 -9999 -9999 -9999 -9999 0.435671048762742 0.43223950342508 -9999 -9999 -9999 -9999 -9999 -9999 -9999 -9999 -9999 -9999 -9999 -9999
-9999 -9999 -9999 -9999 -9999 -9999 -9999 -9999 -9999 -9999 -9999 -9999 -9999 -9999 -9999 -9999 -9999 -9999 -9999 -9999 -9999 -9999 -9999 -9999 -9999 -9999 -9999 -9999 -9999 0.458641867226106 0.421272780840809 0.396282279325533 0.373144376226264 0.408011051604262 0.418863398408575 0.410116686452966 0.696367996170011 0.614006972682546 0.322031952691759 0.379256652649929 -9999 -9999 -9999 -9999 -9999
-9999 -9999 -9999 -9999 -9999 -9999 -9999 -9999 -9999 -9999 -9999 -9999 -9999 -9999 -9999 -9999 -9999 -9999 -9999 -9999 -9999 -9999 -9999 -9999 -9999 -9999 -9999 -9999 -9999 0.317823836212483 0.328313908539712 0.349782726061676 0.375618895304797 0.351029676949111 0.390431955111126 0.396019785966928 0.479680177704722 0.730063416085613 0.77993829472689 0.613511947449297 0.388456339805998 0.539748158189468 0.498603476444259 -9999 -9999
-9999 -9999 -9999 -9999 -9999 -9999 -9999 -9999 -9999 -9999 -9999 -9999 -9999 -9999 -9999 -9999 -9999 -9999 -9999 -9999 -9999 -9999 -9999 -9999 -9999 0.482824119444558 -9999 -9999 -9999 0.28253420305191 0.296862693176081 0.326268010212516 0.389218279906345 0.383908765343222 0.399784188175545 0.403496762373834 0.513975581270643 0.531987696376746 0.716679195647885 0.695159300448722 0.530034062649065 0.587892568546522 0.341942136401485 -9999 -9999
-9999 -9999 -9999 -9999 -9999 -9999 -9999 -9999 -9999 -9999 -9999 -9999 -9999 -9999 -9999 -9999 -9999 -9999 -9999 -9999 -9999 -9999 0.674383766636311 -9999 -9999 0.428967614880094 -9999 -9999 -9999 0.249004624038207 0.28579568152054 0.381815014407039 0.581371289626986 0.664950861391844 0.669672218464257 0.413831682180898 0.517183912052133 0.466944683921611 0.424390111675166 0.430934140240424 0.388541321171942 0.361359659109439 0.365726354630169 0.375377079762984 -9999
-9999 -9999 -9999 -9999 -9999 -9999 -9999 -9999 -9999 -9999 -9999 -9999 -9999 -9999 -9999 -9999 -9999 -9999 -9999 -9999 -9999 1.2559228362079 1.02167191471381 0.933142930989561 0.429864513080247 0.355152259544411 0.397673832594592 0.384094556466152 0.377572758679889 0.295599591481732 0.293967437073661 0.314396660087368 0.338823106631025 0.637535892565211 0.638500265267794 0.576387052205973 0.746923874430649 0.743361335480586 0.464651426227647 0.443519057625963 0.436577121945447 0.361896127287764 0.282274342680466 0.389890532460413 -9999
-9999 -9999 -9999 -9999 -9999 -9999 -9999 -9999 -9999 -9999 -9999 -9999 -9999 -9999 -9999 -9999 -9999 -9999 -9999 0.862156274706649 1.42825017610448 1.26391329558828 0.972877359799895 0.876561504355777 0.635471588793735 0.169047284998669 0.150831286418907 0.355216571733763 0.433308227457019 0.445483910425537 0.509207327922923 0.332653066607236 0.465901019651938 0.3887815669259 0.669444154482335 0.68805032515229 0.814289708614524 0.840017610244104 0.502822956605087 0.500816690873762 0.442665729678993 0.576739883399568 0.440135469034431 0.302181406823365 -9999
-9999 -9999 -9999 -9999 -9999 -9999 -9999 -9999 -9999 -9999 -9999 -9999 -9999 -9999 -9999 -9999 -9999 1.60896492889151 0.92782313367934 0.788930849921599 0.678044370033604 1.23843308028881 0.966292101111321 0.19285799271529 0.201155699997457 0.662809303776157 0.673735994496383 0.509823919401242 0.503997898704256 0.508771657678153 0.569759177778906 0.64243992073898 0.404723376732363 0.428743330530779 0.771952586546831 0.77141022120486 0.76659704609483 0.778960534262296 0.496230677072163 0.466789711936144 0.421763746089709 0.402946669055382 0.496561155159725 0.349484338585171 0.315760315061198
-9999 -9999 -9999 -9999 -9999 -9999 -9999 -9999 -9999 -9999 -9999 -9999 -9999 -9999 -9999 -9999 -9999 1.63692565729434 0.885249993189063 0.765521892390097 0.729124620193033 1.12962892490032 0.920692890758801 0.661900709474139 0.776141964706767 0.842735088099289 0.621494651568355 0.606125304329908 0.593552448208357 0.60393305557227 0.662153108805796 0.713407794592058 0.771891310250794 0.446135748916276 0.479390846066963 0.854630286994507 0.852661394674215 0.834925892377214 0.499446659887326 0.465587496364606 0.448287180915941 0.569422238186235 0.395690326513432 0.368426598015503 0.35057167906416
-9999 -9999 -9999 -9999 -9999 -9999 -9999 -9999 -9999 -9999 -9999 -9999 -9999 -9999 -9999 -9999 -9999 1.11928615115175 0.867613223817898 0.780182449489075 1.32819278042007 1.09043989596103 0.190555343465348 0.232303947207413 0.920296510230401 0.898764415069309 0.463078009033779 0.454010796602233 0.485652298721106 0.72663328546696 0.733244656657916 0.786044553024112 0.810950140476052 0.510337700234231 0.469120142042811 0.510680518345907 0.89240733814222 0.883477199749905 0.833426163808326 0.625354975454684 0.631333667115541 0.455588175100274 0.574537310967571 0.530945231730584 0.389684443689475
-9999 -9999 -9999 -9999 -9999 -9999 -9999 -9999 -9999 -9999 -9999 -9999 -9999 -9999 -9999 -9999 1.07326734723756 1.02873477408139 0.846315837407019 0.727015516531537 1.17456793032034 0.266940283609074 1.03024596182877 0.25104098347839 0.196542377821629 0.890606698703778 0.809661749372026 0.801585350018286 0.861311821608979 0.822480693386751 0.822368731860479 0.860474273395084 0.90933226965717 1.04599460155441 0.55278757463384 0.637873111827503 0.493048742100655 0.852029520501674 0.689591261107125 0.698041523719439 0.498493890518148 0.482341583847301 0.447867408183811 0.573152934521204 0.552533449081238
-9999 -9999 -9999 -9999 -9999 -9999 -9999 -9999 -9999 -9999 -9999 -9999 -9999 -9999 -9999 -9999 0.988963342933857 1.20523322402732 0.828577655738627 0.658353086691932 1.12659818933025 0.46152838422131 0.274989174727125 0.954255236592871 1.27724085723457 0.975777111307252 0.952165432863694 0.905666788639792 0.967610730185697 0.560666406272503 0.974847324869188 0.994981820440444 1.01109904881014 1.07897779798805 1.11201615800383 0.576669564452459 0.513866048095224 0.445924054474744 0.719137771739042 0.551595625438495 0.545313793736568 0.49969088195212 0.429259323937004 0.412000360483944 0.420281305196113
-9999 -9999 -9999 -9999 -9999 -9999 -9999 -9999 -9999 -9999 -9999 -9999 -9999 -9999 -9999 0.766679101616319 1.17354632857314 1.05487557812012 0.768335210523219 1.15521621046355 0.456790112821182 0.455213040595481 0.337627728384859 1.14552669811019 1.02871558647166 1.05641206846485 1.03120838593895 1.03305001448462 1.01526748312608 0.664171945572889 0.589640251291712 1.13351657273597 0.564639095500752 0.597723104874603 0.706552822521189 0.63348108324135 0.583128593461879 0.514768471475691 0.496163259413152 0.553316911464208 0.547721294424264 0.518945156727568 0.463625430711545 0.379001333385531 0.359425149326853
-9999 -9999 -9999 -9999 -9999 -9999 -9999 -9999 -9999 -9999 -9999 -9999 -9999 -9999 -9999 -9999 1.20902425260283 1.09458560837083 0.776703029259806 1.14029651922465 0.316575433316757 0.370723913192705 0.196633169593952 1.28468913226243 1.13369194787083 1.14105015381938 1.15623647889151 1.16971611987537 0.582745436986443 0.613923954915663 0.673621078931319 0.800252793851541 0.688906216964824 0.82274670512561 0.689022855112853 0.757361659452727 0.845916498292354 0.550476127500588 0.595537955632608 0.479074454233341 0.436086005720426 0.529122124135029 0.49605772983341 0.409331126320467 0.379022370907478
-9999 -9999 -9999 -9999 -9999 -9999 -9999 -9999 -9999 -9999 -9999 -9999 -9999 -9999 -9999 -9999 -9999 1.01469460241788 1.29643570107874 0.394256564504758 0.336692979999498 1.14237377874815 0.96136187630691 1.01307773184089 1.08336387711461 1.11344867400476 1.12189052924805 1.13833264094865 0.722846505595953 0.729266986127186 0.761705429795256 0.844799768856319 0.744444449082948 0.862209377373802 0.887529870851722 0.801889109425247 0.627452101070958 0.845818128254905 0.659002634165518 0.593620966355957 0.503340591421875 0.540515217835491 0.67837906863133 0.736280286218971 0.684849837853108
-9999 -9999 -9999 -9999 -9999 -9999 -9999 -9999 -9999 -9999 -9999 -9999 -9999 -9999 -9999 -9999 1.39710497023771 0.894459319169982 0.866010348545387 1.01305300904642 0.464128012936271 0.329685457728601 0.0319478447448063 0.875364549756341 0.983882709078898 1.02167396926234 1.06861157109961 1.10743850837025 0.578323395529878 0.58150421227765 0.753850877117657 0.694269697305572 0.849750758789014 1.10962905273482 1.23097076175327 0.809687937362469 0.636242806649534 0.722941723324766 0.644714927148016 0.589632250012073 0.737434815164306 0.682161284203175 0.776273856899934 0.731605448891059 0.69172104667814
-9999 -9999 -9999 -9999 -9999 -9999 -9999 -9999 -9999 -9999 -9999 -9999 -9999 -9999 -9999 -9999 1.27933835756266 0.841064918859047 0.843298618747212 0.885659852428944 0.399889426262234 0.213012252316958 0.0683750311942788 0.994282549072523 0.835790229757549 0.989999092780636 1.01811410513619 1.05248855288664 0.526239325154165 0.555316738427791 0.624828486252227 0.651416420623718 1.15837987323175 0.942142638450605 0.812549209513236 0.826314704681863 0.752488415855623 0.60959120219195 0.645157352664683 0.604499758992461 0.501722583067021 0.471973619823984 0.414577358242241 0.378699677639815 0.378886615635565
-9999 -9999 -9999 -9999 -9999 -9999 -9999 -9999 -9999 -9999 -9999 -9999 -9999 -9999 -9999 1.12500830800855 1.15261589962756 0.765907660024823 0.671416643854172 0.77664242235187 0.397529984638822 0.466643326944904 0.0819254896597954 0.86943998667266 0.833899083772849 0.875227109645493 0.940796349823358 0.999955594124913 0.60150289300509 0.532180596565013 0.706589537912805 0.765556308579107 0.67719131220656 0.782734780841565 0.67458808189258 0.807541016911273 0.637448883026082 0.611466060945531 0.566407968108251 0.542380656042951 0.54755749351898 0.41186784983438 0.404647638788447 0.417052129250806 0.365530295312055
-9999 -9999 -9999 -9999 -9999 -9999 -9999 -9999 -9999 -9999 -9999 -9999 -9999 -9999 -9999 0.777441044192528 1.00042437225056 0.739822874493257 0.554217629996856 0.679279096857499 0.520046878591529 0.48540819216214 0.682226757817261 0.73978894533866 0.905795600374404 0.8406092720179 0.927116150705842 0.98802174852608 0.494612176225928 0.522925519362616 0.57748140716285 0.721466268259974 0.774375537730521 0.757810702452844 0.634655944850238 0.640415621091961 0.708839059370803 0.590053003179491 0.561083115826477 0.624542097284575 0.790707177657168 0.59828346093127 0.361106142463541 0.417660888160754 0.437170194800274
-9999 -9999 -9999 -9999 -9999 -9999 -9999 -9999 -9999 -9999 -9999 -9999 -9999 -9999 -9999 0.660308082842676 0.995355940176523 1.21428371858201 0.609091805927164 0.563817312013271 0.469676125248952 0.404324528972211 0.543182413821341 0.690323859544151 0.692519188760343 0.831491853659827 0.813918723906681 0.881858915818157 0.496616923555848 0.496432739055308 0.539458438652218 0.56600751941005 1.0591398950055 0.858834733662661 0.856684706377564 0.937843027713825 0.918075438676169 0.548775620700326 0.532063705577457 0.529858562003938 0.475965616715257 0.806785068562021 0.711636349478795 0.594949018704938 0.420293515162484
