Model input/Uganda/surfacerunoff/surfacerunoff_jul_1.asc
NCOLS 67 
NROWS 67 
XLLCORNER 29.5000000014144 
YLLCORNER -1.49999999936061 
CELLSIZE 0.0833333332926796 
NODATA_value -9999 
[rows 40 to 59 of 67, columns 0 to 44 of 67]
0.316550276238559 0.212594625281781 0.17105796132455 0.0873382906547704 0.0986363920674194 0.14380337665898 0.23801207453289 0.368117261132284 0.475615070172353 0.484183226035384 0.388476221814926 0.786314316428616 0.704330475855386 0.709159276084392 0.759165288400254 0.684480211930349 0.702572467162099 0.488767950628244 0.672966993079172 0.687289828420035 0.644202043986297 0.606639766374428 0.607894909080642 0.197025689841368 0.232149787642966 0.402227923586906 0.173554111597696 0.125009829162082 0.183297419653172 0.237720122186147 0.298314668270905 0.400653781071014 0.249090629949933 0.534508325472416 0.540217733032478 0.551685664504475 0.49683105044096 0.540266933967359 0.512935090682731 0.562247921152448 0.512582694682351 0.57018282404897 0.495350933306327 0.769289461459266 0.718091514499974
0.252525501309719 0.106936458223572 0.167012409065137 0.112466700556979 0.187576805501521 0.241020667544944 0.485577233121148 0.386464645998785 0.575407557334984 0.54023834218242 0.36249598088034 0.475646605082147 0.733737906557508 0.787616076195263 0.7790391882736 0.622263574769022 0.596128938923357 0.482034028209455 0.384432010832825 0.427802431659075 0.341385024057672 0.58309496671427 0.53990623109712 0.245008734557572 0.175406495304564 0.155728131715716 0.143628814726071 0.408322899602354 0.37414545977299 0.397465476453362 0.251355112595775 0.490149047436717 0.415678572608158 0.332097209593485 0.359750996267394 0.363673122592445 0.412761162806419 0.514597240908188 0.468164721496578 0.540084096428473 0.50620824276848 0.528883258994028 0.474016919724818 0.79618285963079 0.713593601176399
0.133883333774065 0.258769037372986 0.184711910151236 0.205545708013233 0.537453806828125 0.551933854694653 0.332218447510968 0.443358807387995 0.523105584761652 0.452218371719937 0.54855706912349 0.480146449262975 0.522909896062629 0.494404253913672 0.539430564458598 0.485444665173418 0.47057953543117 0.386544617867912 0.333338735799771 0.473337649054884 0.424248634772084 0.134555735485264 0.148150573664907 0.199911418043541 0.14643597694608 0.183526565820102 0.505073621752672 0.317691180953261 0.205782175498825 0.0657847272576007 0.336218230131635 0.521932418450888 0.519364858519111 0.515652186550142 0.420826214394765 0.335338099375804 0.377123068119545 0.486370956423343 0.485944588035636 0.510849007696379 0.495356252940837 0.428142385317187 0.402558209316339 0.419885062001413 0.579427408410993
0.235553926358989 0.297131996831013 0.307072779378359 0.630556172836805 0.469281736513949 0.326137460888276 0.292807565074327 0.423906928517681 0.343517541296023 0.207565289656486 0.484130153381557 0.477146024422836 0.302957962958317 0.242038555370527 0.243281574512366 0.175792328093394 0.390275512927474 0.218343137021293 0.368793612778973 0.184611029233395 0.189151234602392 0.170416845280741 0.169647460397826 0.143910686261517 0.135713133431192 0.132967117211003 0.146606362719126 0.135888844425835 0.15360768870365 0.157999268153741 0.356240232122218 0.362949138434487 0.61600504341186 0.568648874832434 0.557347639187356 0.485590223433974 0.532059489160019 0.548668372175598 0.522492843629152 0.542280405170459 0.53158649825491 0.411478402384091 0.205464950568057 0.438799133007706 0.702612685927306
0.262182926235255 0.300791605695849 0.293756723294791 0.726418562408071 0.223035019928375 0.22387822480141 0.18954157258122 0.478529789688764 0.0831953245779005 0.22916880379853 0.38506664805027 0.305002007735311 0.187394888143899 0.219009815282334 0.162252521477058 0.159567681293993 0.133618726721352 0.162345368721617 0.38328010737132 0.224556196883441 0.113850580532926 0.0942735008138129 0.133211945595235 0.261619431853433 0.110604769325562 0.134174822072453 0.182947521476184 0.280148990441376 0.060754476145064 0.0558139418664894 0.373782701899472 0.458792645076755 0.638633521703014 0.614122853221488 0.604294349614065 0.584219321353885 0.734771016141167 0.716663658749894 0.641005584839149 0.599203586716612 0.654145853332011 0.69891250677756 0.389026733500941 0.440005987911718 0.826446797873359
0.134899405338729 0.221254294956452 0.263007470948651 0.592244332437986 0.141185044554959 0.346158921274764 0.382774087483995 0.10756357187347 0.0635760384284367 0.0365660729357842 0.216333128264523 0.157280559733408 0.189498006193389 0.14098185624789 0.137396086302033 0.129338670262769 0.115451806038891 0.114824650850665 0.156936507323735 0.135315522342694 0.220423738142017 0.126513457274768 0.119598317553482 0.25574835910902 0.189593259278809 0.157912627940959 0.256540025617369 0.143327843645125 0.0590365269257376 0.339527018695662 0.513486872478097 0.496381034281512 0.700941924151266 0.646908583803452 0.434805150689499 0.598695765802404 0.820394870970631 0.886902877027751 0.789958616223885 0.348982884133875 0.360963273578818 0.351359961314301 0.395183845284919 0.914438134714146 0.756753690666301
0.187033171187068 0.227521519718721 0.450632474894519 0.520525368301605 0.463005085293844 0.371959328731464 0.358328782567696 0.01588160830579 0.00541070599524573 0.100471893006215 0.159576875148559 0.186001918564216 0.172693215972686 0.120017317556176 0.102624060275502 0.109170528077129 0.0987493524604588 0.156008214105441 0.0921910140583293 0.107511698757889 0.119989836768752 0.294019532020684 0.244318433146873 0.201099783907921 0.291511827185786 0.328257317050884 0.27406480216996 0.110111222994647 0.182189986617232 0.498017576319398 0.477759233035613 0.490419077323168 0.486944214571849 0.492932003908209 0.475116483357851 0.477893397146545 0.607125033639022 0.973027154032025 0.624854466877878 0.313350346914376 0.53560136075248 0.332686394358461 0.889411410753382 1.09024980019967 0.993667164721046
0.288747545710066 0.242065295424254 0.468996416202572 0.599190610955702 0.59428516033222 0.528520442458102 0.0969131355077479 0.00284492963853467 0.00810549237684199 0.140887502993792 0.152793018969533 0.16299894673466 0.150087031443036 0.160005523639484 0.205209768864734 0.211977418985043 0.353867939793417 0.193017059473277 0.0839816389728298 0.162052162524073 0.152772477263308 0.243449166987375 0.302700716474646 0.211586967338917 0.226280785000199 0.173346609173564 0.125865515258283 0.0836693313459591 0.173742938386567 0.482772532450326 0.438342117377033 0.473678646812914 0.559442929443321 0.99892815160274 0.910285440113512 0.980436936515616 1.05367697142356 1.09156036387503 0.99706088349194 0.990525753877591 0.879492680269323 0.49111047610495 0.90908230322384 0.966320735642512 0.989681789178576
0.337654499162454 0.272227813184145 0.327979681969737 0.162147649916733 0.177626247932494 0.208749855573842 0.0933494060291196 0.188938774385861 0.327961645325558 0.259978887243051 0.264720965333254 0.186407839919411 0.162800929274454 0.250112023422844 0.241568709498097 0.239055766542151 0.220866250856488 0.0957774798848732 0.166913105634547 0.143861119339839 0.11972423883444 0.188842972193015 0.226382425921656 0.13987216617295 0.242345711853886 0.199554635344157 0.362639220384153 0.365407121989847 0.470271986159787 0.456605122963083 0.409165414566814 0.787615143053699 0.959871840677806 0.972656507656211 1.12419628476346 1.20155333388539 1.44083073519141 1.15501348386715 0.976990601373018 0.971102243056521 1.20672943921818 1.17619050161011 1.07018012977278 0.94262012589752 0.948985385093692
0.153828264956246 0.138922986479884 0.0987606849776057 0.0663982746118563 0.0717122635478518 0.0758904180884201 0.0184828557507899 0.0890568757654364 0.339387382609857 0.16942372747053 0.181136416586014 0.145504245210759 0.154662480099432 0.251102663696656 0.228029978643463 0.169007094655171 0.247273004333692 0.164392602300723 0.0500165956820453 0.162659271105037 0.13950975996907 0.0785323059879772 0.106169498337749 0.129010748594283 0.223242977995142 0.738351415748184 0.235372708402792 0.662441237182065 0.500707670084921 0.390541845263215 0.907884810658288 0.622360531451704 0.958115886533051 0.963096733812563 1.19960518622975 1.24891779751124 1.2637003655982 1.23558462041728 1.09697285910215 1.16935987034594 1.05051849686788 1.0256045134156 0.963082328780729 0.846505774461548 0.802839727157334
0.315171628699318 0.315803022203909 0.338076353386896 0.119024310151872 0.0409438206361301 0.0349924360989462 0.0603040671194321 0.0323960365733456 0.0752726789983171 0.142967429383134 0.139313233830762 0.161222365250069 0.193403905541345 0.260309048826457 0.18082559654431 0.120751248800843 0.213671355368206 0.389391814678675 0.0444557264089873 0.13510606981465 0.105807378700307 0.1220173842853 0.0777298969190099 0.132333810540786 0.273077957558598 0.422589805566531 0.379764687295392 0.359877844857692 0.592197725381993 0.698653410836414 0.654180911851654 0.746301594347187 1.01267695936258 1.04871648238714 1.31035133199475 1.32433288945322 1.3329393764252 1.18157435599642 1.06574392304992 0.970686148548339 0.949552608972226 1.0404181107333 0.944522593272268 0.89353275097892 0.745626932484811
0.631469292443398 0.479389561007793 0.369717037756345 0.230893649188602 0.180358334091579 0.0212869769029567 0.0319921244908983 0.0361997710456308 0.12893940424874 0.201760506342907 0.0340146247168605 0.248488499892119 0.328063448705507 0.32467440723849 0.187008313332626 0.135345466560466 0.159147106160162 0.229932805723365 0.143763663118079 0.0997007734773736 0.127348461575139 0.111381059818561 0.138298398013603 0.16326336151451 0.0251534229213368 0.302616335829953 0.37876796159253 0.388068597203528 0.619782669673441 0.581511301334103 0.699853659398286 0.778562578261699 1.092305932616 1.17750055756005 1.43951781365104 1.28059554822357 1.2836931896345 1.25682043810116 1.11200240655762 1.02463190700064 0.988027491018784 0.902863433907442 0.941865153436083 0.895829849014262 0.754410151557749
0.768341809873618 0.601033966688647 0.322091846939543 0.230759321013352 0.141296880258324 0.0329293450818113 0.0325703548469392 0.11043158042412 0.159294884042538 0.0299942697949973 0.146081293223688 0.0570965606812024 0.336977283950546 0.215067334920604 0.205915998094497 0.256387527315383 0.233463444146764 0.220069309307291 0.186902267614641 0.196065327145334 0.124696260229484 0.124469998525001 0.107708566833953 0.0476806570711141 0.0371395455823487 0.254117329404835 0.441744298768754 0.391268690691504 0.662009593725088 0.823805011350487 0.873524421876937 0.671411578423431 1.03205151458496 1.25466700797006 1.59516009307481 1.34352357878242 1.44963248317254 1.31920996886947 1.16231291929125 1.00684865390122 0.938722932687597 0.892667021730631 0.818106589122181 0.871972474214999 0.740338844707367
1.12206742187482 0.717406046874203 0.277735149893488 0.211441834039761 0.0434701918834435 0.0408288651101429 0.141545062888326 0.282468491604959 0.279739218967734 0.249268587594997 0.136748299837564 0.256131395417469 0.310082677970058 0.274923231700086 0.222786092535898 0.26673709271563 0.256656114743237 0.261374139427062 0.235353792049864 0.239538805999473 0.111790304458737 0.110539472984783 0.11599152755179 0.056576599143307 0.0494097348385791 0.18679301138036 0.401148673518037 0.512942110617587 1.16892750520492 1.48617003833351 0.834809661228064 0.907320575436188 1.07248655388048 1.75691542972345 1.37584015374159 1.36114140525478 1.41989273106446 1.22980173409815 1.1148274666084 1.06803685594059 0.879356778000329 0.847543820100327 0.782640575039295 0.734111178985586 0.722583744504846
0.926660576624272 0.395387818002746 0.169211892966814 0.0821658755967292 0.0618967538912329 0.128421193494432 0.263337274191144 0.31381058261104 0.220271722810139 0.283748656784155 0.308984425828385 0.226779100557906 0.30203192090994 0.290876250346628 0.279165075426135 0.237336969348689 0.236348384078156 0.23178133460533 0.248950846071239 0.269303176082758 0.101490986367025 0.198838669348333 0.221852042614046 0.110560718071001 0.0312674945232017 0.115527065474907 0.196456416460933 0.893940183232189 1.04266946800635 0.769461109939584 0.856034861499211 0.955129619683248 0.866567917910288 1.31608479750867 1.33684778847964 1.21188455977972 1.42682506611891 1.14285358176858 1.03822417895572 0.990134796666098 0.928092663343705 0.821421024284064 0.768251064414471 0.711645972160113 0.718030464440744
0.53729721162199 0.33036606373571 0.123884533422824 0.141559879466513 0.142846465223556 0.224328193780821 0.364415829608333 0.36755631572305 0.393000977055635 0.398883661546279 0.299440617709479 0.268847125880711 0.282578861970251 0.242683285250678 0.222029469114204 0.2955480131277 0.177201827227691 0.247905044034269 0.229188555294968 0.756396208089427 0.1241573313564 0.140035564072605 0.0918553815836276 0.142263771522266 0.165053108048596 0.109938304092339 0.431300791206013 1.04154547807411 0.679698858505162 0.746688546769292 0.815694852917659 0.917654320232941 0.986969406255866 1.02955833347096 1.16493700966203 1.06458005268451 1.0921877956207 1.01086373933867 0.918987083423417 0.871183744720838 0.834314721259943 0.800739131364026 0.658765124313732 0.617962437104325 0.602124309693863
0.429313389304298 0.190897641914489 0.158646529598627 0.0049049626245079 0.193979008145106 0.355652843609278 0.454776581136684 0.411679288845335 0.374295603251085 0.467319221570506 0.283417620266846 0.246746829816402 0.247361809215363 0.24023935520745 0.279637963558343 0.390162909752689 0.225542930820666 0.301223912174464 0.394344397136592 0.208029255190922 0.318363998758286 0.28268915548324 0.253161031650961 0.250131118264107 0.287610126179061 0.13922754042886 0.477392820357636 1.07155525802227 0.708987657390026 0.77866161404927 0.840302958408756 0.866863344299418 0.891126407026377 0.958814093309002 1.11015970014705 0.946540501502113 0.981066808435571 0.896125229701283 0.81742312249844 0.75790832624989 0.745893644079842 0.729112652607 0.70658472463947 0.612879847665226 0.595018086613663
0.190850204489834 0.176978598119604 0.179089424591439 0.00255399788584576 0.223799682316894 0.368234581401339 0.40236731456389 0.39089894562494 0.365858833902166 0.502681969010155 0.211009371923865 0.317334359806409 0.247894183758035 0.289793088086299 0.313993956751801 0.332011466070981 0.173709987393522 0.0581392821459303 0.110512263063356 0.280244663372287 0.278901953606692 0.282899396097491 0.24876781662897 0.508107707901218 0.404647666073288 0.472284727948136 0.761144723583129 0.935400358685001 0.852557583584712 0.920712430342974 0.909898257987152 0.836869737980805 0.823258576048147 0.897735405175126 1.0181614859448 0.855489889204364 0.897312580491416 0.808555767889629 0.726237881963243 0.65875345353561 0.6675189699763 0.672012653467391 0.678842979823457 0.654723638263022 0.557808727194242
0.113203709815934 0.0826365666171114 0.0374775985960696 0.105650383034117 0.200570019387669 0.314255345529091 0.280572216524888 0.332833688844403 0.438593195212889 0.438172309259244 0.424225743699935 0.329563401010091 0.210551631425915 0.222346390273742 0.220551846268791 0.311432609578333 0.789437761341105 0.150368474805873 0.285347207409359 0.180415362592612 0.175551873780933 0.230806539093464 0.243396553287312 0.191985865512834 0.297476743526204 0.438569973539416 0.787552439760475 0.779885927386204 0.879438035099156 0.941885739393911 0.907599287529592 0.842769820735612 0.793631702549646 0.808626943808122 0.913358461502867 0.788903386478523 0.821908641910341 0.732760190885529 0.653574500802279 0.600967684931675 0.615600443552466 0.639621633354182 0.622731233534068 0.605901973358414 0.53436791608874
0.0979515737071779 0.0584687604714418 0.0418022568808851 0.0507313526441067 0.168365746503696 0.189411022802233 0.179497933459061 0.363098316483956 0.395424605812877 0.492112090796581 0.489748596919526 0.210748462222909 0.324205482229445 0.178000064352091 0.264948945641663 0.355158278580348 0.300251272619789 0.231259926295024 0.250594299359364 0.398268993194506 0.446792250841099 0.281165028809482 0.31344275612355 0.471840035515925 0.775705236264912 0.618847351688601 0.751013520130073 1.02183185481408 0.906105727608519 0.839721000033933 0.81552759326224 0.808444789640816 0.748339901008421 0.730897071576919 0.812702619214178 0.688612457821591 0.734987498390183 0.688570654574505 0.623060705265743 0.581151408823644 0.609828937740531 0.622966629180155 0.609124742368294 0.576918836486584 0.495910349524897
