Model input/Uganda/surfacerunoff/surfacerunoff_sep_1.asc
NCOLS 67 
NROWS 67 
XLLCORNER 29.5000000014144 
YLLCORNER -1.49999999936061 
CELLSIZE 0.0833333332926796 
NODATA_value -9999 
[rows 40 to 59 of 67, columns 0 to 44 of 67]
0.320649905006576 0.215569480587874 0.17359756498081 0.086794092112541 0.106842511513605 0.183271587502531 0.311131508169638 0.490570216243214 0.547349362022942 0.471290317364037 0.393111154153303 0.879847744727158 0.801251042503281 0.841411316287122 0.882755861312035 0.772313704146654 0.824338199890917 0.906532023691398 1.23544145026244 1.29334419580118 1.16795599205943 1.08879665458517 1.12933325181075 0.966464562679903 1.02202118750938 0.674642787089397 0.256809705206251 0.202152147949164 0.244012112943892 0.240556465541886 0.293162442631001 0.417074861616129 0.350191428879043 0.803330605776864 0.823672185106261 0.82761184512492 0.538807317752799 0.534198677087261 0.482952953916538 0.506767708429834 0.476988755053753 0.558109115445404 0.488847947053728 0.761164623327204 0.730912650396931
0.252304488185473 0.106968135469288 0.169793114537242 0.1352318345198 0.241324053149583 0.288597439066507 0.635638393760019 0.507903368088591 0.569100560824154 0.585756878535904 0.399073169319308 0.551214377082943 0.892841906534159 0.904796899703797 0.898086993402103 0.870233025125344 0.878241169630201 0.897193610398972 0.720837867447699 0.78623649005749 0.688644935507909 1.1225937614654 1.01660762629763 1.04225313407369 0.76313064482747 0.634630825516069 0.199734149418873 0.409804167247785 0.363424134320667 0.406016745728266 0.246747948949633 0.491344796500925 0.50602088595042 0.522982164511632 0.547596733667888 0.532121128344443 0.515439566697751 0.503061281960981 0.460559002931404 0.525874391314574 0.477622727885318 0.514975170517573 0.493517425638856 0.831306575491908 0.73390041688981
0.131900235601279 0.256963470746996 0.184831957540155 0.230682354867895 0.63643946123193 0.703828903169779 0.450326160716941 0.597791574364237 0.59535541004152 0.48448840425408 0.603633467108011 0.550279487470107 0.60203614339116 0.611806864071696 0.939486533752643 1.09955271909712 1.01896120304446 0.80090199753613 0.692345182869758 0.954182106397639 0.839109830849338 0.638962890889161 0.700558913877103 0.989854616364028 0.660278005625514 0.456228584653218 0.719190369636635 0.631485022495326 0.367586820175347 0.21566454972799 0.388362981539103 0.50363340324111 0.522478903803858 0.519850300406688 0.515971581080521 0.499425684665766 0.472833086860192 0.467750687676016 0.474067926916177 0.485075895994669 0.46380722142203 0.42226796858813 0.407487533266249 0.435047973951441 0.597054878198833
0.23378489913739 0.29497578725568 0.305527381897264 0.727614578863722 1.07370767818793 0.897631854059 0.440965334746579 0.609032356805983 0.42899649042738 0.194410841231729 0.502672782204172 0.555509606783744 0.622802852376481 0.707013859027938 0.75943992487737 1.28667059652798 0.997833079964039 0.701357498201105 0.795874661889684 0.984662795644908 1.00012999519095 0.8632271380975 0.80260669483323 0.692825086161974 0.555650195337876 0.471774655579793 0.470106626266897 0.329498755434088 0.569701102676845 0.599625905124412 0.602408943450428 0.346866998825135 0.588608018915693 0.553388394109788 0.552085930394242 0.523505626006227 0.542994221177651 0.54018186074245 0.507235269651574 0.517735869834723 0.493271378218196 0.392798616758228 0.198754595203354 0.451460372460133 0.789649036960327
0.265272272372385 0.300836519272707 0.306608697883348 0.919817697649705 1.05339167885177 0.858071981838293 0.29301722861419 0.657848198898137 0.204438270884566 0.294597489755688 0.436466384599044 0.554443600776722 0.626441549229639 0.668374123961257 1.07693493373517 0.972570276644547 1.13061603860842 1.19429381038572 1.45108228844038 0.971478098335865 0.562421951826764 0.466007183149486 0.424723905553037 0.573494385207596 0.377589585809801 0.335848419979357 0.595801711142485 0.515554541834717 0.229523101687334 0.205171582635444 0.426231974415714 0.423523926656344 0.611054366345343 0.587075150178862 0.58621064908948 0.590553639085556 0.860235504660523 0.838332627608906 0.660298201182741 0.57705038216227 0.610798419074854 0.663381827507692 0.369024240626459 0.430673029768514 0.918859302146302
0.133311424860949 0.221953820073395 0.279331893125345 0.795456529885996 0.766989541943985 0.755359604227124 0.56630769813637 0.169237233194508 0.164886049105917 0.139919115213161 0.481417370792769 0.4653597043216 0.559117954708199 0.986122816357238 0.980514695584134 1.02127485297387 0.975658376773936 0.977007086021331 0.86478399259704 0.527696226868102 0.607919618687447 0.394967656461631 0.349176337749668 0.515104893111129 0.258329808957569 0.433541753920963 0.4497678557982 0.338831768203818 0.121952370221834 0.358203437826887 0.465481381979771 0.449827088232269 0.660289557345095 0.622476187345455 0.409198561101221 0.60356326684996 0.950716879742686 1.00856407152605 0.781808192186872 0.346885932231089 0.335726190769492 0.326411810419813 0.389273851396865 0.910704235138837 0.704704592408234
0.182839683930069 0.221827186123846 0.492226345158997 0.698314604960615 0.728555950445298 0.501973479003937 0.56748430870357 0.0481063819961491 0.02795026927771 0.193580221093725 0.456393503100117 0.571428437069699 0.543568855391641 0.878330952673423 1.07173578271613 0.931189080347394 0.915991309966557 1.13461307728357 0.472131326489489 0.4759266853398 0.428829668578601 0.697257054525835 0.511903244387213 0.369751871176049 0.296562110861487 0.304550737837417 0.275337320658764 0.270043905004513 0.322871301932537 0.447583462118928 0.431309456871531 0.442316091721295 0.444913083811116 0.454649797575257 0.439782525063492 0.439616504991136 0.570685468119336 0.93734977508575 0.656180344321911 0.306913041640655 0.559032399905846 0.325899306517385 0.870365765877068 0.932516594730259 0.722909468095168
0.282467609395098 0.235286686802283 0.536219476089173 0.718243800292839 0.777640620071907 0.825000082841143 0.27026141560782 0.0276023691085925 0.056168350823782 0.20884072773697 0.457663334600511 0.504954202369845 0.559020285891165 0.499927152759483 0.52262663075453 0.460377437320858 1.02786288243806 1.09262216756179 0.535696955012099 0.847995347612596 0.845597073293902 0.523990008332476 0.528980348462937 0.342330598414264 0.236349117244572 0.193528769500517 0.187641231718771 0.244968897163744 0.263327985521755 0.452218070677191 0.406085425311176 0.43980879127048 0.516648827215249 0.949363724430441 0.840007114675245 0.872166465342161 0.908431962670875 0.923049229641038 0.928013086650026 0.971203295193845 0.896834008017322 0.486434453705442 0.814640018234059 0.769755532132876 0.676602699059003
0.333187966134574 0.278849210189946 0.528395792571246 0.244404308887169 0.22250797610468 0.28207921423018 0.4358009941825 0.966407738815178 1.3723554848184 0.860700195516984 0.496542397740996 0.569349001125374 0.525805332472373 0.423716752720793 0.38641763603664 0.36040625309397 0.495758218676201 0.590947898444938 0.852930404562358 0.652645140235109 0.664062477767402 0.668336804210412 0.628355712251505 0.433625244795621 0.129150068801209 0.0936458194473744 0.367441248727118 0.438321089859528 0.53281656710169 0.448324930403032 0.393668284232263 0.752431746150251 0.951506888668519 0.90712020664796 0.942507339459553 0.90957133397751 1.08758294027211 0.875780981459684 0.79588809330744 0.802258656676713 1.03398597457272 1.02399051820612 0.832504154686831 0.720598239183801 0.689242226258102
0.155893714008926 0.161033350195794 0.265264616928107 0.136729187033779 0.0781934400038153 0.0824881427661239 0.0543338045986275 0.488986404889147 1.4591930057577 0.555020560113917 0.518249490141898 0.53496695954891 0.578031542772806 0.462062515452999 0.384304966701166 0.298484871109395 0.424760132318625 0.551893730516895 0.46275888269065 0.667097151563212 0.609515091809953 0.531282158135582 0.563621779292589 0.480704436995438 0.13127533259194 0.701784260854765 0.198991582237795 0.651012200250989 0.425732887634922 0.38182087973837 1.05626955337357 0.715837545612885 0.935171179662575 0.793105527009175 0.898879676697106 0.888129909071722 0.822129481548473 0.806471118494301 0.688274339211148 0.837969468193478 0.823608706923551 0.850785504098894 0.749387516407296 0.673068199660065 0.635196322718912
0.634694408745418 0.86474378076673 1.43692907749937 0.803500881943364 0.228069290642452 0.0790982614944369 0.14490382011445 0.137800020297618 0.284408641164191 0.244231353235591 0.576214132252062 0.465413378606172 0.365290798072238 0.427559279614798 0.329099491409579 0.260933971503619 0.352332597685745 0.781731154347654 0.413671741057442 0.670780505288349 0.559368623271439 0.597739486238424 0.536516003762699 0.329717308432009 0.269607834525232 0.413450193263998 0.377553127236752 0.364550519407203 0.58728030853672 0.97203535369772 0.972781917198517 0.943854726529025 1.06478224279272 0.928880259380094 1.01731492577528 0.967668204793881 0.850282771352795 0.720332829587278 0.698935474019891 0.665733801270108 0.748754231835846 0.893052384981274 0.827605530503206 0.822444464120053 0.719259880042955
1.67661748673709 1.58921306137927 1.590987257714 1.46833231588062 1.12591188121769 0.0917492718031099 0.106584585410019 0.103345579077541 0.289202240765007 0.571735184621502 0.205428069079971 0.656196766612993 0.520054872140463 0.471563000246533 0.360500412625697 0.207137611823782 0.217450551645015 0.305365147596603 0.413997455325443 0.650183289508277 0.690361339820811 0.535970050123069 0.555445467853133 0.425369988079183 0.228886949003027 0.315590940317634 0.383217166927352 0.392129001738795 0.612482535871095 0.788086472311988 0.992132348301311 0.875623937417913 1.09038724485799 0.933095038135434 1.05089853786922 0.941605766570319 0.79293008144532 0.756075916001464 0.744624205026412 0.708294338437554 0.72620142566393 0.784296520805583 0.87663608337607 0.864240778355452 0.760964122491714
1.8467048957973 1.7503218323327 1.58885746395754 1.53716666955006 0.885052027115307 0.0687344727907657 0.0801133109007424 0.20903223617097 0.55421026672775 0.231904119175397 0.58859480850515 0.164237568810677 0.552026156583452 0.300689782761765 0.287259353171976 0.347428286204376 0.306436711071001 0.280252793800173 0.306535945128417 0.696840426826384 0.697729062039798 0.47380786895701 0.395619250639356 0.196374592860593 0.190601693702774 0.320000480769522 0.455392717412906 0.395823688450037 0.650323153422505 0.870472129463451 1.05039330446743 0.698639397796796 0.921861904771504 0.992021192814718 1.24687481820729 1.03655171869832 0.986952286211817 0.887828038003136 0.731975214421254 0.708289184217392 0.738564900188976 0.783154260943775 0.791250227962337 0.903986090179387 0.785658149766277
2.08301159091207 1.83573072717991 1.55483813159663 1.29764875146066 0.158968618961808 0.0493152134026786 0.195726609263147 0.55176181740535 0.537799149242346 0.588473199059081 1.11915552861319 1.18870039659669 0.497138384162099 0.407712935157178 0.306956827444083 0.361476716079778 0.335924963110301 0.3825759049505 0.388628249766043 0.418957898091321 0.28043563384017 0.21443754098982 0.421901767140298 0.200600696189213 0.190489039027852 0.271956795586448 0.407616828852042 0.506265768308367 1.10909780414659 1.58449129048677 1.09865389003971 1.08231938543213 0.987456459370151 1.53258536920475 1.12752455061127 1.01172070435496 1.0586563112156 1.00302359578563 0.88978051326194 0.844819508529326 0.73618458020519 0.778514154717413 0.768522578823649 0.764956540137973 0.745266099215769
1.91979749524762 1.5130756569306 0.691898213062814 0.104205312254635 0.072978038247129 0.183989941660911 0.406494807066338 0.587655151321087 0.530636102212156 1.18789211683179 1.12705908304633 0.670976000947121 0.640878813101153 0.459483864688082 0.450938387984934 0.381620757252676 0.37113803318789 0.351025419604412 0.427016827416082 0.393894553781138 0.181233490366139 0.259982747138565 0.481300167393783 0.40454287227476 0.16425688127697 0.114956471634287 0.183791486051632 0.867139033289277 1.20682766100799 1.04797394396883 1.12511563611406 1.04112536519096 0.8277690808427 1.18919635224302 1.19250959141937 1.01204879683792 1.19371017080994 0.990137908047473 0.895195117209369 0.835979139083065 0.833313578823436 0.760283492923008 0.744962916144232 0.735422785282935 0.745012158859026
1.80511022153951 0.920620717351994 0.122321876915521 0.16026418961701 0.16932835865191 0.342105978234031 0.572689420550887 0.620059834545827 0.695991153406794 0.837193040752027 0.652783660370915 0.541809113201452 0.530146259734465 0.485009734802588 0.437703599345696 0.493121934596275 0.262010730693873 0.375705860278686 0.344083648997184 0.948612387219328 0.185721271236616 0.18647222555046 0.130138644522049 0.229744144689903 0.235404352224577 0.0916815004927685 0.422676634116215 1.13754526864795 1.05872193898904 1.05906790304289 1.03626571308268 0.985922070412926 0.973789119598223 0.953607300743897 1.13372627856734 0.96842227731031 0.983111608093168 0.904256295598316 0.818802533558483 0.780020159254491 0.781893319299343 0.787978143080181 0.666987188822077 0.661501679360299 0.644184760346889
1.16623090116263 0.230749966249277 0.15784658580742 0.0133578654413213 0.263422739863017 0.520856140610704 0.577427033931599 0.517546705850691 0.502961187521578 0.73036715730268 0.590941840528103 0.501456688652979 0.469579415948829 0.505030638123571 0.450148153504415 0.592209195929172 0.310469058149465 0.412307509577658 0.514704836859892 0.28218822353665 0.368138555131736 0.315116492402012 0.261810671872809 0.238953700318234 0.282356215848267 0.12746944782549 0.466968132059264 1.28819559358817 1.06416854077906 1.07826876501349 1.05303040936633 1.03054716737461 1.01332440090118 0.937198459723732 1.04037445908034 0.952935786699527 0.965804635143286 0.876229284585861 0.810980982350884 0.772172304095875 0.790228275491245 0.782330070251192 0.748421202615646 0.661153115913748 0.640857660471283
0.188556228295056 0.25734686278156 0.218869477066619 0.0105024809204934 0.345347345501068 0.491859461362765 0.476328042168461 0.46426046446868 0.444931703896145 0.746426359910402 0.417759625634062 0.525661267602118 0.452480063813709 0.608143202953215 0.497678465762874 0.527670374140143 0.255319606822013 0.0749818277654413 0.14815443819316 0.337097165356681 0.334627234678919 0.343752290064003 0.257116638749721 0.491294719722646 0.284427103906637 0.419993053583312 0.787888218837907 1.33139903118717 1.1896975001946 1.20197478827322 1.17274520562205 1.04504418004581 1.0052455963887 0.930937317207281 1.0305028708899 0.934735038754297 0.953198681600043 0.864491925767652 0.814797786460986 0.770719314004964 0.784796926836862 0.771316196505722 0.758555912398151 0.750575575466428 0.639147275961705
0.18413295629216 0.178353523779151 0.084076416158041 0.301672063187652 0.292143709430093 0.465668903416372 0.350342089404876 0.395540467252431 0.56615452740516 0.527504499586939 0.536929120244167 0.516728207003325 0.490271298986045 0.445832456080097 0.356342836312251 0.52468322974164 0.98344329126121 0.152151648080689 0.320834120429936 0.227367219849839 0.218941508137505 0.260128986610653 0.23896154925751 0.135349234540172 0.285961701138149 0.32232516878139 1.03357758962375 1.22115541125822 1.24200433219812 1.25282296448859 1.19806576549308 1.07736485597343 1.0121349992005 0.96209745561282 1.05976707527589 0.922160736990918 0.938733812290593 0.888302651219419 0.826349418957761 0.798316820919354 0.790711195577387 0.758270013193396 0.741588485652755 0.734008212702975 0.637063735666743
0.235663161447519 0.320094132916893 0.427658664989394 0.455028091664644 0.269512882823619 0.273359518814686 0.249940152571071 0.509376989612065 0.462760053778766 0.59131113539479 0.639938658423489 0.301197026601585 0.545226654594444 0.391669462487698 0.382248317691847 0.364762118806539 0.367195116268704 0.297771740406461 0.331447462485812 0.513070001034066 0.558443071895454 0.309413401737402 0.302009273127624 0.369994278116792 0.49631771435088 0.534453168256732 0.786614309618017 1.29762634605868 1.23427739436011 1.16074318611936 1.08205188553256 1.04227145948244 0.981715319539944 0.926708634779061 1.00603496412077 0.877424305599561 0.902482162018714 0.861335629906534 0.804436643875306 0.777543063122721 0.772396786260288 0.745904187624546 0.733550341010414 0.707927495568583 0.619064697787053
