Model input/Uganda/surfacerunoff/surfacerunoff_feb_1.asc
NCOLS 67 
NROWS 67 
XLLCORNER 29.5000000014144 
YLLCORNER -1.49999999936061 
CELLSIZE 0.0833333332926796 
NODATA_value -9999 
[rows 0 to 19 of 67, columns 0 to 44 of 67]
-9999.000000000000000 -9999 -9999 -9999 -9999 -9999 -9999 -9999 -9999 -9999 -9999 -9999 -9999 -9999 -9999 -9999 -9999 -9999 -9999 -9999 -9999 -9999 -9999 -9999 -9999 -9999 -9999 -9999 -9999 -9999 -9999 0.401179576329014 0.395594580368197 -9999 -9999 -9999 -9999 -9999 -9999 -9999 -9999 -9999 -9999 -9999 -9999
-9999 -9999 -9999 -9999 -9999 -9999 -9999 -9999 -9999 -9999 -9999 -9999 -9999 -9999 -9999 -9999 -9999 -9999 -9999 -9999 -9999 -9999 -9999 -9999 -9999 -9999 -9999 -9999 -9999 0.415115822761436 0.387119575862016 0.356869248207659 0.305558158743224 0.344229094935145 0.364288841410598 0.33505452938698 0.548420209270262 0.480660884932149 0.29836273051842 0.354252603301575 -9999 -9999 -9999 -9999 -9999
-9999 -9999 -9999 -9999 -9999 -9999 -9999 -9999 -9999 -9999 -9999 -9999 -9999 -9999 -9999 -9999 -9999 -9999 -9999 -9999 -9999 -9999 -9999 -9999 -9999 -9999 -9999 -9999 -9999 0.246754218096612 0.294130246402347 0.283558824776264 0.30356714160007 0.284982503217179 0.311072275053448 0.315652154768031 0.38515922597071 0.56430296626786 0.599816392423236 0.488119064357306 0.331995071519486 0.492120506351057 0.388435383683827 -9999 -9999
-9999 -9999 -9999 -9999 -9999 -9999 -9999 -9999 -9999 -9999 -9999 -9999 -9999 -9999 -9999 -9999 -9999 -9999 -9999 -9999 -9999 -9999 -9999 -9999 -9999 0.323973815284262 -9999 -9999 -9999 0.177353343588038 0.248179108439217 0.265246946128173 0.31583252348355 0.315424544623966 0.322285799484234 0.326381730701542 0.419051229528122 0.427373390266439 0.577901860197017 0.538731595042918 0.457836588793725 0.469027306280623 0.220738641019125 -9999 -9999
-9999 -9999 -9999 -9999 -9999 -9999 -9999 -9999 -9999 -9999 -9999 -9999 -9999 -9999 -9999 -9999 -9999 -9999 -9999 -9999 -9999 -9999 0.48056515333883 -9999 -9999 0.291470256797766 -9999 -9999 -9999 0.131712315351251 0.150520805391352 0.281640747289202 0.483303410874214 0.555358968995279 0.555249392164114 0.342801930855785 0.408510422857944 0.307118166347209 0.278804001027311 0.25305804092568 0.244383764766098 0.230608074161864 0.214586721085652 0.32688634837541 -9999
-9999 -9999 -9999 -9999 -9999 -9999 -9999 -9999 -9999 -9999 -9999 -9999 -9999 -9999 -9999 -9999 -9999 -9999 -9999 -9999 -9999 0.762801560995285 0.462393257748772 0.407150224873476 0.269587742423028 0.212123929486552 0.232823360420298 0.218022553781339 0.21003918027418 0.154845929955627 0.14455702239502 0.169316168467049 0.210893456142003 0.502112412505085 0.511644430844171 0.392871394979011 0.415615538258862 0.39957018361747 0.269711657438165 0.29024614195805 0.342646990702633 0.254602964560036 0.171668454640894 0.337128210958326 -9999
-9999 -9999 -9999 -9999 -9999 -9999 -9999 -9999 -9999 -9999 -9999 -9999 -9999 -9999 -9999 -9999 -9999 -9999 -9999 0.514621447109676 0.819141015199421 0.686813380525564 0.397619302930252 0.358984993454214 0.243192366497169 0.141372529128603 0.139789970603488 0.297629606848204 0.31167726865533 0.20444833126021 0.249089886438014 0.170986550529051 0.21455554019667 0.197800322894182 0.356357279088115 0.367537607871782 0.43157993513887 0.453473141533323 0.328224447457615 0.394545562812709 0.374396639017505 0.493585616823111 0.397237487959501 0.249046593125968 -9999
-9999 -9999 -9999 -9999 -9999 -9999 -9999 -9999 -9999 -9999 -9999 -9999 -9999 -9999 -9999 -9999 -9999 1.15020419798384 0.541470841653791 0.501427605740901 0.480453873024089 0.733549446522375 0.396447089769936 0.0960148303477126 0.0335088510130532 0.190775678674981 0.211972350712131 0.384402584131749 0.380668290745234 0.309463775920449 0.278663544577284 0.311262168452231 0.189835379387659 0.201463799385238 0.361766733476543 0.4061460858793 0.404842033276509 0.420269017922692 0.340235038038372 0.375803804672614 0.373698433577374 0.372174703443306 0.441413803855539 0.285206837816077 0.262810190179152
-9999 -9999 -9999 -9999 -9999 -9999 -9999 -9999 -9999 -9999 -9999 -9999 -9999 -9999 -9999 -9999 -9999 1.15319319229457 0.606103217251075 0.52878925589539 0.530893428276613 0.787357569606684 0.424133684646222 0.319720754305308 0.0605734623775334 0.208021462640318 0.317731590712356 0.327979638313991 0.319916907756124 0.313534692850226 0.320751883009507 0.341199674494419 0.365999743735301 0.205553310252071 0.222845011649042 0.407700432333513 0.435038722571335 0.419697598772473 0.364386652563553 0.382302354410058 0.409517331718234 0.548346775758546 0.355157851572585 0.300889128993731 0.296619605705928
-9999 -9999 -9999 -9999 -9999 -9999 -9999 -9999 -9999 -9999 -9999 -9999 -9999 -9999 -9999 -9999 -9999 0.763801969696942 0.601357775849465 0.544086434274504 0.902907768249861 0.585023812163854 0.0835865659460922 0.00653423423457866 0.0736757915547059 0.335727666652019 0.255469103649375 0.226831762574875 0.233970670933559 0.347857298947929 0.348264005424426 0.370262193882809 0.38169780464159 0.24099327129079 0.21444922936098 0.236941318007666 0.409773843330186 0.416948151269025 0.625575424237468 0.566016384254908 0.610674775998632 0.409819403103029 0.53115533592063 0.492202052555513 0.376331467123237
-9999 -9999 -9999 -9999 -9999 -9999 -9999 -9999 -9999 -9999 -9999 -9999 -9999 -9999 -9999 -9999 0.687677329096914 0.703242301824503 0.544373825505318 0.381013120204443 0.612446662671573 0.15282349932022 0.121753561302285 0.00754120909274292 0.000860343401999641 0.459861194940459 0.41905697889888 0.415248023273307 0.408359955599735 0.39069122476576 0.388149282116501 0.404391255869996 0.439646817085304 0.710566290763381 0.269613523187218 0.284264518541022 0.25519933888063 0.464832948637195 0.621261811829754 0.670263532811077 0.422632936533773 0.389460010410403 0.360562706191558 0.50011580606224 0.470098353616777
-9999 -9999 -9999 -9999 -9999 -9999 -9999 -9999 -9999 -9999 -9999 -9999 -9999 -9999 -9999 -9999 0.671932726618252 0.805776245215384 0.538645759661449 0.301377450341533 0.527143304680067 0.318550795782357 0.00534789505124422 0.0700113951950243 0.214364779253629 0.489279832436296 0.459198545286199 0.464956076029921 0.473907189189049 0.301732702610025 0.484900528135768 0.484468090689916 0.494134755172126 0.699801985319937 0.613859686382057 0.286319439510407 0.277268534318864 0.325750842876005 0.642652239548624 0.460768996163097 0.440877969595022 0.395938021938491 0.338428081249731 0.33445933877374 0.339478661771864
-9999 -9999 -9999 -9999 -9999 -9999 -9999 -9999 -9999 -9999 -9999 -9999 -9999 -9999 -9999 0.617133960986394 0.702162836205389 0.800186765445687 0.517459219736338 0.591741784774058 0.197867210317781 0.0377221957315044 0.0115373424662835 0.0688628140323999 0.561453191039618 0.476014291962201 0.464367881249927 0.491058101943054 0.520267312822398 0.470470430627756 0.409613458941749 0.752611027564853 0.355456138549926 0.402761510031269 0.533226825609745 0.406451064009161 0.316809695050324 0.431536834184953 0.427441324973188 0.466508751742367 0.441297514953476 0.404811751650413 0.360465407538868 0.313720058784384 0.300683419027337
-9999 -9999 -9999 -9999 -9999 -9999 -9999 -9999 -9999 -9999 -9999 -9999 -9999 -9999 -9999 -9999 0.859584838508454 0.974383656284772 0.440956924649072 0.590615840337705 0.249601769155561 0.0605884095641329 0.00536460388603222 0.25276500707605 0.505626237099932 0.502661312566488 0.539751175892889 0.553347294044215 0.336681226599467 0.459358248008357 0.510204173224338 0.561509622457379 0.489608967654931 0.578037780542218 0.541495812285575 0.606056209107919 0.595921179410652 0.343788316058635 0.478795898743556 0.383493627850839 0.352293421201466 0.402913092329982 0.381605666916585 0.334846115947585 0.331254433149297
-9999 -9999 -9999 -9999 -9999 -9999 -9999 -9999 -9999 -9999 -9999 -9999 -9999 -9999 -9999 -9999 -9999 0.935244077481912 0.73160868123523 0.11630652659278 0.24073270185454 0.25404287953279 0.140095302299414 0.521250133715512 0.470785138531937 0.507856598233047 0.517919876983797 0.531186132320727 0.462267254988546 0.563687668545754 0.595573298596719 0.617222393884731 0.526922352037218 0.597680667851819 0.642132414213847 0.640294459117285 0.505418047396233 0.599480074015446 0.354935073119123 0.334007646415557 0.347781394793856 0.495402807246137 0.615908388681419 0.675544442856335 0.653910678011016
-9999 -9999 -9999 -9999 -9999 -9999 -9999 -9999 -9999 -9999 -9999 -9999 -9999 -9999 -9999 -9999 1.24807735846844 0.852319553814596 0.509053321366082 0.505090089973237 0.348635218415438 0.0756257000915639 0.000191334093907242 0.645863243335043 0.44158331638755 0.450616820671712 0.483463314594701 0.517681936798908 0.431932636729471 0.460048786408151 0.590733829994861 0.546412102266913 0.660647305267048 0.737732476409292 0.922758865272044 0.648160822493082 0.513720767230552 0.58224368331139 0.454195310339855 0.273869143256888 0.474497591312684 0.535103496076772 0.658805118291639 0.652861837806995 0.648927996735438
-9999 -9999 -9999 -9999 -9999 -9999 -9999 -9999 -9999 -9999 -9999 -9999 -9999 -9999 -9999 -9999 1.20947557843465 0.807198743132176 0.526913860994682 0.45448030323314 0.224056399929395 0.0660183350476018 0.0017682393146488 0.171138184157371 0.449035568635736 0.426112316745275 0.459348933873116 0.482750070659677 0.408236107887205 0.440505858023243 0.51376337887632 0.545396696907119 0.948408443946391 0.729390469132341 0.65673405151756 0.671643818350276 0.604415877205611 0.499413165016449 0.522237417499127 0.401959440750943 0.254029442658066 0.33662347095742 0.322917230278108 0.293634714125801 0.303065342450282
-9999 -9999 -9999 -9999 -9999 -9999 -9999 -9999 -9999 -9999 -9999 -9999 -9999 -9999 -9999 1.07140717227594 1.0925500500889 0.72637593075342 0.393423415516736 0.400564028495864 0.176634593572089 0.276100964583748 0.0126873936469015 0.199376508703608 0.337081360157754 0.375936666387133 0.412893298744166 0.451139197139128 0.460043766906892 0.439048733824166 0.586262089200318 0.64083304914675 0.563619707463658 0.645525401523628 0.555157612325274 0.669660546918749 0.524715952451515 0.501967939271708 0.464038364043518 0.443511303274136 0.383736848561966 0.384155538085906 0.34526829222159 0.328031421759079 0.27422805351307
-9999 -9999 -9999 -9999 -9999 -9999 -9999 -9999 -9999 -9999 -9999 -9999 -9999 -9999 -9999 0.744141689210664 0.955464345679502 0.70894490727369 0.327720542372845 0.321675885970762 0.24725095499889 0.210243078754502 0.338810282983104 0.197459366702901 0.318213980108339 0.369133604181116 0.402621357352473 0.446164370259794 0.363114820174815 0.430687101470539 0.477249084724463 0.599828750637244 0.649990810416057 0.620133237134723 0.498136607347988 0.502849222357327 0.561112260584196 0.483644054838805 0.456955980553175 0.508180787619494 0.639133931144897 0.539724893314997 0.340095991305134 0.377573648620455 0.364420478035754
-9999 -9999 -9999 -9999 -9999 -9999 -9999 -9999 -9999 -9999 -9999 -9999 -9999 -9999 -9999 0.639398662315216 0.951224143136642 1.14777875751315 0.480033795611234 0.255597014529485 0.221549239995511 0.191822933857111 0.435658676906314 0.225312109336073 0.267561459168064 0.247694428480827 0.347482583038072 0.387799256714061 0.334744870087889 0.405233973651775 0.442025446318439 0.465158753286232 0.827266812848393 0.660390896882745 0.65891392659978 0.72549091601104 0.71073974504543 0.422516237449599 0.431338498856348 0.43267917681078 0.38095141917438 0.669794024361181 0.656835521112953 0.548410956071166 0.381011742774717
