Model input/Uganda/surfacerunoff/surfacerunoff_oct_1.asc
NCOLS 67 
NROWS 67 
XLLCORNER 29.5000000014144 
YLLCORNER -1.49999999936061 
CELLSIZE 0.0833333332926796 
NODATA_value -9999 
[rows 40 to 59 of 67, columns 0 to 44 of 67]
0.33378352645741 0.222004197439674 0.178311387571739 0.0869287728164636 0.114445863346191 0.20932266966156 0.368946576600138 0.634374887340527 0.691586045832082 0.506848443365016 0.450849481239857 1.00475367435138 0.907790210476378 0.955903698923066 0.990639835436014 0.868089282448636 0.938622990361182 1.24899798447586 1.62361947877798 1.66058051672735 1.54404023214738 1.48211396117404 1.52360113497707 1.62960605848639 1.54069918926325 0.922360264667077 0.34721736165011 0.286435250927752 0.299995206660242 0.249102096859133 0.296490468372212 0.445594129814708 0.45014296165391 0.978616049906122 1.02804825382918 1.01295826607384 0.579010211367859 0.538791236067482 0.50342810118309 0.533897420609719 0.495320496156637 0.570477857763763 0.502138431329513 0.782276096288115 0.7613199250045
0.259878420365567 0.110011115111774 0.175339362158411 0.146408836826595 0.274687549790542 0.328802665990224 0.770126576753682 0.647510175440402 0.690424192725914 0.755609763473331 0.523673357747612 0.706052219356934 1.01172747963574 1.02392827102449 0.996405598925776 1.0936617909465 1.12625987912907 1.30480288680701 1.11878622192307 1.13031556611531 0.969683105722652 1.5138472608669 1.38637629152072 1.74622158283455 1.19286570941313 1.06889938967925 0.292074357616912 0.427843063334876 0.368158426681475 0.425034710133332 0.248559152623784 0.503385179399629 0.579387419747945 0.685465956394182 0.690936673436227 0.652274562071398 0.588188635447295 0.510755647155747 0.465036663626961 0.536917357749189 0.494673602133844 0.545953041182656 0.53286527054297 0.898569600394694 0.791549937275704
0.13540250256483 0.262204368027597 0.189731593764009 0.24905604777814 0.710517027073365 0.811704323496087 0.551522763089451 0.787321650932427 0.800123710178013 0.641386404822697 0.769423256315349 0.698099775945593 0.72967369487742 0.758262887757155 1.24971029254084 1.5072881578817 1.41688337407686 1.14864663464687 1.11129702554535 1.31350625360938 1.14676633984345 1.14991320060653 1.33688585583513 1.63286001816232 1.08925550216554 0.810328778925395 0.975850726717908 1.02127479885894 0.581586778935161 0.416767150113628 0.449006595772516 0.50706660204014 0.54149518837221 0.540575972081569 0.587459951930214 0.625061336904764 0.552234539554775 0.477643016893126 0.479945560073247 0.497747425470152 0.480589679227705 0.461426721358293 0.441978727394599 0.476628110845922 0.65918129257625
0.241223730427009 0.303409704429214 0.313814431137871 0.79662774442113 1.34139442889136 1.16529461865866 0.54394482231146 0.81741112171585 0.624633074949088 0.219088272842782 0.595396023527428 0.683651576764532 0.950114146689884 1.12617204922572 1.17846260400256 1.90124567325256 1.25658087290503 0.869748266723036 1.05446900943207 1.45432052090655 1.39399445242816 1.28184409891219 1.24798327465214 1.12077259825583 0.964173739930629 0.896559035595601 0.873488548336354 0.67911148408939 1.05285643689967 1.10714805305179 0.920979775401065 0.349371491211059 0.593268880038522 0.556086394681188 0.566987148886255 0.578747793042567 0.56277108433278 0.5507852338269 0.514033230501809 0.525415366610105 0.502874493122363 0.418797385464131 0.203294985112734 0.48691216215957 0.929597181311692
0.27438911547506 0.310861241814564 0.324986334817368 1.04916381860676 1.6806243593237 1.17518880233547 0.36500855730992 0.837809951008239 0.365395617791364 0.380063296688604 0.530620483004896 0.821278700641415 1.01195230536177 1.04998453753069 1.82987318748928 1.71658336603286 1.56840159843341 1.5935228861963 2.20239824329838 1.45589852672856 0.831250598139377 0.766195537380554 0.768764219458262 1.03016414414014 0.779500939529498 0.706396900994832 1.07717938055885 0.931531835817623 0.616536025573211 0.561847639019675 0.57600082072895 0.439242365246173 0.615439902503567 0.589620875871333 0.589775283515337 0.599622936533706 0.88745999528328 0.86367099902418 0.678551126839011 0.596813751144509 0.632761932138237 0.691820232532336 0.373234600374417 0.448926664830651 1.15619183634408
0.137168763558293 0.229366854000546 0.300770857847965 0.902278026842396 1.16867624319639 0.913367515749997 0.669880447276228 0.268508618546548 0.255347539905415 0.270467066911806 0.751182960812002 0.767095624269132 0.895779195161595 1.64150402451924 1.55865341639583 1.50637919296059 1.36918885391424 1.33093423573882 1.26641808412842 0.844311487412597 1.02391433870253 0.714119675251368 0.707674947193482 0.958808797577149 0.536479910124399 0.92361706401789 0.884588372684902 0.648568755593715 0.358285060679364 0.461316168184567 0.470675140604726 0.463798594864784 0.667890577460639 0.627440238531562 0.420868714172684 0.616396843724942 1.01638285195804 1.07359102730697 0.820301349449437 0.351623606547946 0.340412546393054 0.328969469137519 0.407426889978524 1.0461845795362 1.14404184296291
0.188636038728873 0.228662824611092 0.533007706508215 0.793251601862721 0.851654564939963 0.567456702810887 0.691723465934047 0.0669702655500259 0.0427875891091389 0.263713693357204 0.727606177406415 0.895152887096629 0.833185906685685 1.38742084573096 1.34464322627537 1.26650932133998 1.15741401054947 1.31162722459521 0.670001063326708 0.669238000739369 0.652951589927397 1.15531766323329 0.941376687023876 0.752251280687233 0.627034857188846 0.617480537812298 0.565178258284504 0.580089248558124 0.611175346421078 0.449549442237185 0.43790727522719 0.450417985121021 0.459284596217913 0.468613355224079 0.446295692199783 0.445491650680196 0.615627868683077 1.19776137125882 0.830902359666652 0.311293320010009 0.704888905602274 0.329355505073181 1.02436410634255 1.46723867237597 1.27177030844905
0.291302532332338 0.242345932747412 0.595211133258999 0.78794602995913 0.877038955877651 0.988589048574795 0.380774074983492 0.0370050686910872 0.066526103069009 0.253459374107479 0.67961679860673 0.74836446037807 0.79551264661859 0.731818356598524 0.72921395621961 0.604026007295033 1.15568835826707 1.31795027709813 0.763813848948303 1.17068507211116 1.23629785889534 0.897146995612275 0.964814154485794 0.716714189820777 0.573943524500464 0.488722810416675 0.47444701766608 0.58007075392652 0.527914278791286 0.45415842487273 0.407831422307936 0.441739952293574 0.520543436323351 0.954697214183398 0.883766122569796 0.987891247859807 1.10187480640889 1.45452108472455 1.37252918011654 1.42897211480886 1.46681890419131 0.568371675399248 1.30818209436256 1.34761953950147 1.235604582007
0.345261408256192 0.296458999400784 0.673531431857555 0.321374101076799 0.280622713944467 0.356756332621444 0.488644490815204 1.00562070201704 1.44574970727263 0.897956176231673 0.59833352224814 0.799418237420468 0.728660558706906 0.554590409592493 0.503790409311478 0.447284500751266 0.611833057519107 0.737031789640241 1.11189739459405 0.945488862271304 0.993314846027715 1.10431198868355 1.19139420223746 1.02643175449657 0.276208955369839 0.152410834687089 0.488972064204063 0.594297745465155 0.700215691722406 0.454518401966197 0.393439601793943 0.749966373405186 1.02881704333413 1.11341806768905 1.37349647775409 1.46123828108102 1.67314882673963 1.47784621958635 1.46897307672589 1.46920043016507 1.80822969923611 1.76459047997923 1.53188932017656 1.36264244201811 1.30810594282593
0.165468235991284 0.176650429011715 0.338211102643982 0.163087404644102 0.102568488387078 0.09680683285751 0.0763357473374526 0.508208071551053 1.42739855982654 0.579636052407295 0.658944093629543 0.67621938751472 0.712128385657707 0.581134323965671 0.478467347420519 0.34824833892344 0.459495655832143 0.67900227577411 0.587254529932579 0.925892238456072 0.922714105854539 0.869059341994216 0.932357147974017 0.914513224870461 0.224777607968463 0.702955330780242 0.19227293955737 0.639246983155317 0.400030942486751 0.3781072809943 1.13182545828749 0.843238693050807 1.16018222433922 1.26563523917866 1.47653181466012 1.47816722255811 1.53204987691424 1.47617958919 1.36471640075797 1.45587077076925 1.56478537064686 1.54226335052954 1.3657277825132 1.24326059744817 1.17978068306002
0.650385683911736 0.879693254319136 1.42707853046886 0.696456397690781 0.201360160758668 0.110197273897938 0.201887819684998 0.161889309310936 0.288816125248559 0.315107542974147 0.709504221958923 0.579370052491868 0.456539258266275 0.524474391568219 0.377004537767789 0.25394862768735 0.387478732591262 0.863082043906616 0.542427114282873 0.935773058699851 0.865192863898301 0.831373479286412 0.863295225144611 0.59312983523796 0.477343008242315 0.41115614658338 0.366331308214285 0.355118926563591 0.581317580326868 1.1545751376616 1.24878647238802 1.28942546098187 1.46718398355006 1.40702788121416 1.58358309818141 1.56381508986669 1.56994676490285 1.45511738992354 1.33439530964097 1.26838439427956 1.39304074173197 1.53350131677144 1.43013926526692 1.37952258000951 1.22144814008607
1.69944177378056 1.60231224435847 1.48773801356583 1.24569345553027 0.947638424804609 0.102840995850784 0.131229653561604 0.128556465483598 0.333763552589517 0.712073192516982 0.265170894692801 0.800005452219921 0.634701405942906 0.571207170651178 0.376174456050649 0.246782076146701 0.273286497758818 0.355944343482406 0.5758794141002 0.951440893345534 0.844112176309864 0.820782168489131 0.851340816666379 0.655952455645092 0.530451956763045 0.319578143262333 0.373573864635546 0.381089783331845 0.601600372647226 1.00748824570474 1.2981667719032 1.28349867009092 1.624978423024 1.55676603935717 1.72933471640135 1.54336236118979 1.52451233952888 1.49118910780999 1.41384304083658 1.38000698598262 1.38377757912167 1.42371621450366 1.4585813892154 1.4252314690566 1.27390856641796
1.85412896098569 1.73460082987731 1.4991115021985 1.37525899799584 0.775236786466849 0.0809459069159857 0.100353199513847 0.273004702876278 0.73714574728001 0.293813927157771 0.744966949241643 0.230673922146707 0.659522834212112 0.375904733118659 0.35415200773059 0.42111045877391 0.37214391386442 0.326081352795882 0.407604298743536 0.947063600960973 0.890965306098224 0.768199962408289 0.679535520021091 0.381717355196542 0.412011629180142 0.419528894781251 0.454041521152249 0.387671085263719 0.639351100289787 0.931023913835816 1.41655926745443 1.01194894796208 1.51199620995612 1.61214154195477 1.89504719764955 1.63782076833741 1.66812426641627 1.58670619612167 1.4491459915007 1.37055472487191 1.3892333511194 1.41362311228477 1.32371903873718 1.41220849445745 1.29453781300981
2.04176599072525 1.79470230250445 1.49167092740754 1.17707794743183 0.152469074123474 0.0551729240783061 0.230193600373241 0.643824236249202 0.658264567391598 0.741711974114878 1.33361825555767 1.21425093720973 0.574703114580188 0.503282047247922 0.37449833826031 0.410212245697039 0.386891885682417 0.47201809775288 0.491782976496324 0.529648786141479 0.41710513369253 0.341652064662412 0.690161349439222 0.364060127139965 0.369318143043529 0.420729114921414 0.403561416533194 0.497029082907829 1.08607474976452 1.69547221412358 1.37694012846623 1.4518111020152 1.53537190226416 2.06684128897905 1.68507912076166 1.62324798202462 1.68340096206521 1.58787954615036 1.49351213167392 1.46154997810299 1.39125998089185 1.39870762950522 1.28664185467642 1.28602219797358 1.25171634272192
1.84394423195045 1.49641967800562 0.662834900822418 0.108167489543121 0.080753210909279 0.201681643147822 0.469647601676115 0.692019183588855 0.596564183979353 1.18655177811888 1.16469669683283 0.765210844747344 0.692887258082919 0.519728993822355 0.563898700420395 0.479065889976482 0.461394346530142 0.433378616889968 0.536814554834564 0.502865934322472 0.289530861891762 0.332756274929125 0.675382773351885 0.66472661728767 0.376675801618376 0.219063217855364 0.178567444891087 0.861860000441084 1.25847102390253 1.2825045473619 1.39077474386795 1.49002771559026 1.1674085476443 1.67682424307714 1.72296894652391 1.52969528153335 1.78168782258581 1.54476916713975 1.48454916779883 1.46439377886054 1.46304545296516 1.33409388035943 1.27623377829877 1.27299918722201 1.26928600616338
1.91231911048817 0.928313881559006 0.130280784333081 0.177022612206201 0.187369560308071 0.382252572308062 0.643325761302549 0.661293557641329 0.706111114595842 0.85114053581492 0.712601627128606 0.656661479297327 0.651633290544851 0.590006374295626 0.5113745073686 0.571568727991689 0.34722733335002 0.455069080999237 0.46512450580849 1.16207900646259 0.270120705636145 0.254910579997158 0.232263857299131 0.379978205046427 0.360620213086804 0.10705508320541 0.419462537138315 1.1349115811754 1.23297747586548 1.26948548449946 1.3057919604762 1.38110335956299 1.38806735776598 1.42184057972372 1.57517397383344 1.46307078284735 1.45437034461793 1.42508702310806 1.35711442408137 1.32830735674361 1.34108221845963 1.34016426409289 1.1988297857215 1.17498906377023 1.16647018603544
1.22563224795158 0.245123446802609 0.171190250739528 0.0186448520480553 0.297675951514975 0.582361982196744 0.618990126895369 0.533530469510879 0.503508621477522 0.754676049837144 0.642942362901522 0.584266570513137 0.586132666285266 0.62020493169257 0.539632674190216 0.657949700325844 0.392478642424976 0.508959607032011 0.64937943170662 0.389613856896176 0.442433120497299 0.41873016698446 0.380265510102618 0.240910802858707 0.283314873740892 0.124746146926924 0.464227518023108 1.35221979144262 1.26094257257137 1.30811239887407 1.31970203801757 1.34477190113103 1.35017184675235 1.41860121811987 1.60652071645018 1.42081378317016 1.46795905129693 1.39767546215808 1.36307651519019 1.32105320244591 1.36152107052112 1.36974896713582 1.30306998812557 1.17080337872721 1.16294055902699
0.201266199837846 0.286225577383448 0.241683337208087 0.0233124745250279 0.392612365885725 0.541320877346152 0.501642494782573 0.487765922116523 0.464037069832557 0.734601816475333 0.476524417081237 0.592414761740656 0.506744746417098 0.642252772195206 0.571379069697286 0.570573645745753 0.320840836593561 0.14352543428231 0.225499083398972 0.412617018355377 0.404155925934901 0.456755993127445 0.397126595089503 0.495300531838438 0.262834392970035 0.405476023843221 0.790387101915258 1.47695643136103 1.39915302042937 1.45085200983885 1.45594388504833 1.36304606894555 1.34616185732739 1.41789469171272 1.55557267271433 1.40483672430491 1.43822584277586 1.40022094592496 1.37947759208146 1.34114091815718 1.3585085239356 1.3655412276421 1.31148749392196 1.2987448030799 1.15771073336646
0.21728511933361 0.207118917160187 0.12192706907399 0.357909316790028 0.336332785991544 0.493564093630994 0.361900170901208 0.413808670600702 0.599782143581251 0.57581700366427 0.588329811762378 0.581005298954551 0.453064209523291 0.463910279449919 0.429498819812579 0.550395543541526 1.08442961209221 0.162789364594573 0.352755993844767 0.28692289333776 0.271010866981669 0.30454841817118 0.244358146119339 0.122701654674984 0.285112611436489 0.290867525791327 1.14697790377249 1.40605194974341 1.46802520157507 1.51859914967645 1.499965855146 1.42355096022584 1.38746898301179 1.37418030635672 1.51503923279961 1.41247600640781 1.40918029001114 1.38693586950467 1.37384910522087 1.34486154956903 1.38250821760266 1.36280472065664 1.3071872533601 1.28052190916605 1.17397422059184
0.285654202116348 0.399574009406933 0.557815397314698 0.520625738545277 0.305850137920061 0.300157321362349 0.273992687652935 0.580131662900385 0.500011944495782 0.642242764115508 0.721118391993514 0.375273142253718 0.561114320589695 0.384708127739941 0.422512827299215 0.376608088117791 0.404132841595128 0.361477163096424 0.421779373482423 0.618787573330337 0.671463488288282 0.364325004284183 0.302263994399254 0.349813788034226 0.411657091262896 0.51432979398669 0.840934930238291 1.60611215142126 1.52324740975018 1.52668636474118 1.41678630097886 1.40367021685961 1.35465946141267 1.35548004163866 1.45900095321849 1.34749543462931 1.35596400559734 1.3460227169162 1.31728652718266 1.29223099952469 1.30711392739613 1.31463678962973 1.28949773284148 1.23543330209941 1.16022805130456
