Model input/Uganda/surfacerunoff/surfacerunoff_jul_1.asc
NCOLS 67 
NROWS 67 
XLLCORNER 29.5000000014144 
YLLCORNER -1.49999999936061 
CELLSIZE 0.0833333332926796 
NODATA_value -9999 
[rows 20 to 39 of 67, columns 0 to 44 of 67]
-9999 -9999 -9999 -9999 -9999 -9999 -9999 -9999 -9999 -9999 -9999 -9999 -9999 -9999 -9999 0.460299464975833 0.564503222449275 0.63905899241945 0.518896637913713 0.647810319605924 0.502586369748315 0.330730374571431 0.447881729087385 0.430753580076271 0.321668155152111 0.390134223152927 0.548369243915658 0.646712095658586 0.613945337136101 0.596097073866986 0.479568981972989 0.511032303620595 0.961184770858381 0.963359763773042 0.779681578023883 0.860187112266431 0.977277259153198 0.9603692615201 0.492202527311747 0.723323701095069 0.877098695127643 0.901795414392836 0.758461848818115 0.688204791003955 0.474352390483546
-9999 -9999 -9999 -9999 -9999 -9999 -9999 -9999 -9999 -9999 -9999 -9999 -9999 -9999 -9999 0.491237679852929 0.550194718016428 0.519295527737995 0.362992123882577 0.548983021872118 0.454780604741245 0.438857017798 1.10451070759154 0.412337922853112 0.366498646371838 0.452566852800373 0.612273063779867 0.720688421097293 0.78433982525894 0.572863600609708 0.780475833380478 0.641508888293174 0.767306822126557 0.854871788760647 0.820943538201391 0.488075223984197 0.930437297938624 0.798915529230726 0.789785461165593 0.799843330241856 0.7676270124648 0.552944378796383 0.50342328268016 0.776282606238965 0.715771898285311
-9999 -9999 -9999 -9999 -9999 -9999 -9999 -9999 -9999 -9999 -9999 -9999 -9999 -9999 -9999 -9999 0.546637261322758 0.490601764795429 0.36852292396361 0.389567068850738 0.345488605034916 1.29394757095724 1.08955659561616 0.458745874766464 0.465141745735309 0.475506419206795 0.525216081541657 0.700604270605254 0.791561327787349 0.854707436701574 0.460543521512591 0.732151291231276 0.688894027007336 1.1539292318048 0.782475266532856 0.911435830857954 0.716326856490923 0.867922324687243 0.881744606886059 0.907287187146721 0.783206355663424 0.549696567759383 0.486616263515316 0.465163036096783 0.680955728967092
-9999 -9999 -9999 -9999 -9999 -9999 -9999 -9999 -9999 -9999 -9999 -9999 -9999 -9999 -9999 -9999 -9999 0.598374105720723 0.359074160769524 0.375266606624791 0.893012584128883 1.5834890291444 1.64390631834976 0.377134217956154 0.446298530846434 0.504742655607515 0.544266639053603 0.581543554972086 0.769898322687368 0.843729531879944 0.657222578411165 0.670492816425394 0.690531494910829 1.05808252737916 0.731188125428162 0.763875501434086 0.720361743333342 0.83905328574474 0.862705741383252 0.781066906711203 0.524680850503501 0.493173904942523 0.830902443340165 0.75589468178805 0.719414072591462
-9999 -9999 -9999 -9999 -9999 -9999 -9999 -9999 -9999 -9999 -9999 -9999 -9999 -9999 -9999 0.396514746171306 0.305548396681843 0.439613597791322 0.32974331315927 1.1748679808079 1.60966220846603 1.50233806925826 1.43391060919384 0.389589041105864 0.44237295765015 0.498518589211017 0.549946865021411 0.730179845049861 0.758796150876151 0.370979246326897 0.627945799351437 0.651659242976166 0.669178999487485 0.705075335645233 0.386299088404485 0.402894916987862 0.762348876378383 0.650821736599028 0.685676631292154 0.801828738985932 0.966869563853834 0.480128407616576 0.858097469972563 0.538511504601047 0.518728671522695
-9999 -9999 -9999 -9999 -9999 -9999 -9999 -9999 -9999 -9999 -9999 -9999 -9999 -9999 -9999 0.24962661018435 0.18678620153878 0.811737638287013 1.34038459145813 1.44189506136172 1.45857579082076 1.42020270777721 1.40994896764823 0.405168391466759 0.524072520761365 0.621771070655086 0.7059991994538 0.744609988942102 0.690654570462357 0.590144249144942 0.616983516010805 0.628485031484161 0.655252792057581 0.558154377358733 0.302807816751738 0.711250007952913 0.563782210520003 0.59246435193927 0.830805091936782 1.00142882183718 1.0246471647406 0.513812029566907 0.927765811866266 0.840918048197636 0.498927644912328
-9999 -9999 -9999 -9999 -9999 -9999 -9999 -9999 -9999 -9999 -9999 -9999 -9999 -9999 -9999 0.256890275068145 1.36422751893406 1.65953407122288 1.36743955044949 1.42274449262914 1.43264334292326 1.39081392535445 1.3244724350443 0.510461911517268 0.391318541005603 0.741586723961518 0.768970254284795 0.702726464623993 0.560613656489295 0.569430771975021 0.539213820957229 0.591719575822935 0.639390971628018 0.619753336650319 0.362250960279198 0.686344741552602 0.750536967643711 0.615487559116445 0.64114545693883 1.22800533972622 0.769919432514143 1.49012544807192 0.599323690039455 0.462816349681816 0.759324133468908
-9999 -9999 -9999 -9999 -9999 -9999 -9999 -9999 -9999 -9999 -9999 -9999 -9999 -9999 -9999 1.19715330947656 1.59436529156665 1.59027105655696 1.33442776950687 1.3411606551017 1.36871382164827 1.35563605408606 0.637827429272875 0.327370420336592 0.392243829082872 0.735914735741972 0.623651277237514 0.596769817093445 0.626780536549632 0.595035891819862 0.556012291781371 0.561456392460968 0.593024645240803 0.600712867708353 0.573134872865921 0.599945341491548 0.762555367145978 0.775764861828065 1.1831450929094 1.33444216862699 1.23459630322031 1.39831873366347 0.704231053532567 0.569753433410369 0.8765928541834
-9999 -9999 -9999 -9999 -9999 -9999 -9999 -9999 -9999 -9999 -9999 -9999 -9999 -9999 1.20355825583829 1.47760449044654 1.4516360770358 1.52090678147943 1.25913792999199 1.25641322028969 1.3415377079582 1.04068070868379 0.371710580111539 0.677955885294068 0.523619364685146 0.551561222891905 0.594328716033488 0.662012378597865 0.564508583011047 0.454473699392111 0.428279799052689 0.154866960201616 0.487824073388765 0.484743805827748 0.554365703010262 0.688560850903741 0.623276243459259 1.1239500654483 1.18839523292991 0.812648147075379 0.730011603081948 0.885467283296748 0.566457881177485 0.553553159988951 0.885760784512968
-9999 -9999 -9999 -9999 -9999 -9999 -9999 -9999 -9999 -9999 -9999 0.884005716216052 0.830688193673268 1.4675453548989 1.5159750219027 1.45158060877293 1.44119838023471 1.40290109720809 1.2079661264579 1.26345718035736 0.863263080645993 0.706074466506834 0.691702908625302 0.564646421480575 0.61517117319454 0.605418524173729 0.592432409575849 0.528973612745176 0.498799703564146 0.307973194139777 0.345360600931599 0.141656144364788 0.399805422603094 0.734363956325979 0.905646420960693 1.26259339413082 0.901734521903563 0.873917474564223 0.590844896578346 0.762306113756495 0.476686414913274 0.489699140416633 0.597589272729238 1.43162886888604 1.56278794020182
-9999 -9999 -9999 -9999 -9999 -9999 -9999 -9999 -9999 -9999 1.0053134192276 0.785886101766664 1.43084736555465 1.50695422826175 1.38240366550235 1.37396671652823 1.3633222788485 1.24799484001414 0.491012973725446 0.438907603893313 0.481569644307456 0.481356501040864 0.531118147591769 0.570523969145142 0.6191633610797 0.547671897948021 0.723306750842312 0.570105462429638 0.487651130242739 0.166960782166825 0.388090817068587 0.360658566023631 0.590689789532917 0.329343273278937 0.383626986149466 0.747104578294966 0.460527191080473 0.569354493563878 0.782259501647786 1.16208380131866 1.14506919703672 1.24971474838276 1.28896713795257 1.29374069729238 0.576814684791316
-9999 -9999 -9999 -9999 -9999 -9999 -9999 -9999 -9999 -9999 0.43390857445047 0.80108660949918 1.10398093829644 1.11881857606022 1.04869979804789 1.01871254719299 1.09622931540798 0.395946955904947 0.430606625513974 0.52799796594627 0.524211771335104 0.532209902303293 0.637504725091276 0.621078876974934 0.776457681240572 0.789205674664117 0.684043557157565 0.560353284527082 0.470531029350241 0.203708572939831 0.365591665286047 0.690693670549081 0.693093274094281 0.654856742585253 0.373486474927631 0.383949408387707 0.75866160204896 1.32998329263501 1.12171811542794 1.09795451896844 1.07270419675842 1.07264359905912 1.19937650765678 1.12954460587389 1.16347512903303
-9999 -9999 -9999 -9999 -9999 -9999 -9999 -9999 -9999 0.858264578710077 0.422194470957038 1.29477767404751 1.08549818583015 1.10230790005517 1.05386121913398 1.0441069166518 0.575057120840938 0.375369441371731 0.558005004677398 0.558197139071126 0.510054319420306 0.515973054461938 0.517248782671231 0.59907030663453 0.517464698532422 0.504624029417755 0.664144406982814 0.557222479983466 0.4432932837517 0.413426847444498 0.525430601555854 0.394651756323583 0.759292393013311 0.808293627414969 0.74024881268997 0.696217806762434 0.598705458287441 0.620443451225583 0.805722578434143 0.561444289814972 0.879104913110496 0.3775036980187 0.926537159102736 1.20733694120645 1.2407023355081
-9999 -9999 -9999 -9999 -9999 -9999 -9999 -9999 -9999 0.809603106972645 0.733954521820124 1.29794927397597 1.06851084865411 1.0735937867139 1.02500664524996 0.64166049241976 0.626600238319952 0.431533516348281 0.360486792942538 0.371044825897116 0.417476536767936 0.354368807165883 0.389487713619019 0.395121552628552 0.748490023397608 0.460191720776493 0.453370419563726 0.425052659011271 0.232791002190424 0.368476352377911 0.751497510464105 0.49965780817729 0.392139568702987 0.727536281374341 0.802539772848831 0.643734791992756 0.648302611807594 0.661692791254609 0.453236002613266 0.578239686547022 0.550190028661746 0.443607766555942 0.316600273436052 0.63176684489008 1.00930836379121
-9999 -9999 -9999 -9999 -9999 -9999 1.17964457058406 1.06215301093471 0.921787812330876 0.400660817831522 0.269356945409527 0.728374007849197 1.05206087005172 1.01405457030523 0.92313424556778 0.629376534561743 0.656178596727841 0.475507018563803 0.498513860293315 0.339705937676626 0.511730791458831 0.445611355189612 0.72319698483625 0.453988762274093 0.433799000802537 0.696360274559993 0.673275950248353 0.625628355010122 0.352534685134742 0.685539824189618 0.36323060066934 0.648635818834009 0.698890971762012 0.627861353677872 0.612136202107649 0.70269632851705 0.59003286423831 0.65108516082546 0.693604803018388 0.461274625195074 0.850938962685177 0.718283477908699 0.615477792962338 0.842061239382019 0.447590006842802
-9999 -9999 -9999 -9999 -9999 -9999 1.03911803489609 0.887207324922201 0.438751475485333 0.164725105605612 0.160699436264622 0.246471999844289 1.10128295318646 1.0251976282234 0.53013303931948 0.482553994970658 0.278455092939112 0.311237237838213 0.503097008731856 0.562890001674532 0.333252801283379 0.490212707518367 0.757038858864689 0.777767259023676 0.429138991421496 0.464458124497469 0.636210515040148 0.645476157842495 0.194584438304446 0.326118309203594 0.184660199010978 0.638355989394768 0.604592508352653 0.591404595070344 0.400013086618856 0.659338837976975 0.66617164247873 0.725871448594262 0.827819645564887 0.522535634445376 0.963764834523317 0.857005619764095 0.857293081935495 0.832843445095932 0.738130600439035
-9999 -9999 -9999 -9999 -9999 0.516991674885503 0.268545228664152 0.420162192313001 0.38290767588478 0.189311827853089 0.141282633421724 0.231472887207929 0.856620506056061 0.62643623277836 0.611755719546636 0.372894759493647 0.369691387277271 0.477343228340033 0.46693182503077 0.333676210630074 0.375576893475227 0.576991210436972 0.875092373462394 0.815504965430591 0.706071890817839 0.482054019812495 0.420501353801228 0.744281079278153 0.273024650596199 0.369607658285531 0.743207318009809 0.632747304734949 0.611860627032002 0.611796159319056 0.388500251574442 0.689724492985988 0.640994520836102 0.783460558523075 0.820780060166726 0.546266206583823 0.943369843298569 1.14713324546756 0.868762379468535 0.807158112365869 0.711647919160896
-9999 -9999 0.19865317744916 0.366693878277147 0.410428293434961 0.264062604401261 0.248744155214808 0.218270028653933 0.076446241848771 0.132522893864007 0.155204779161977 0.111787866444502 0.471953252599633 0.514159434715111 0.635770845292427 0.654561990813818 0.600003812905925 0.474234069770318 0.344086253335263 0.239271278587694 0.27866567916135 0.370603725968977 0.688555149281456 0.681899237861217 0.28410302093107 0.478147459034517 0.51801512381644 0.482858556097199 0.291026628019608 0.391628240322461 0.37589680050587 0.401068555220263 0.631959233942325 0.66388489176461 0.39324943554675 0.418338597683032 0.488940578179609 0.739299059205223 0.270120191999013 0.586109137657331 0.944429026276339 0.981057068202063 0.810685707619996 0.792053626355482 0.591101716963749
-9999 0.549836895515909 0.501226439155289 0.493403796099301 0.124564048064713 0.152172120579053 0.171481294501064 0.0612199578426953 0.168859072573468 0.116761862273052 0.225516854243324 0.555942805476661 0.540076048309857 0.547719362657517 0.634944950434146 0.690465081788716 0.638209678072599 0.492030771056307 0.485159741401731 0.412431428230775 0.478550375191844 0.599416181103152 0.666401920170756 0.442073438534862 0.40150311860998 0.256413301030989 0.321796959724452 0.256496467500256 0.451773483291618 0.383729558052437 0.358986007995554 0.385050003387732 0.381160341930808 0.443368241576536 0.425379173975671 0.508224416989833 0.841443235913175 0.655733054372831 0.264127648733847 0.533468184585217 0.554931123588176 0.644374205876375 0.728583921954851 0.700834976669285 0.350553168573242
-9999 0.488107370983926 0.273405226380419 0.174683872501191 0.181948289991851 0.0883870608276993 0.186816768973586 0.261355651673512 0.706082275428344 0.382517343496147 0.572008905692201 0.707925693859579 0.771480594266905 0.60991950067546 0.713832347173593 0.705099166225409 0.55317056558124 0.483143206110981 0.667963389787474 0.590867358368996 0.577417148633685 0.63609756398364 0.598301498030196 0.447183288088127 0.400457700379775 0.573535498006095 0.269362188646483 0.236868649153621 0.270489542799623 0.253217883255275 0.411580563195457 0.584024549425521 0.35854317866324 0.453620852567838 0.491033504658844 0.518669848133868 0.571389465221728 0.506563653289049 0.431288181971468 0.491181924189732 0.532168098288821 0.576957211706031 0.725003434126847 0.655312860544655 0.648429413558915
