Model input/Uganda/surfacerunoff/surfacerunoff_feb_1.asc
NCOLS 67 
NROWS 67 
XLLCORNER 29.5000000014144 
YLLCORNER -1.49999999936061 
CELLSIZE 0.0833333332926796 
NODATA_value -9999 
[rows 40 to 59 of 67, columns 0 to 44 of 67]
0.341379784458695 0.22476529738924 0.18205468177257 0.0902299414065055 0.103285935210806 0.132605098087879 0.210240783871996 0.383556233828131 0.505951137711236 0.510329457029002 0.414171071497549 0.80022803376778 0.72455012377759 0.711587306795991 0.758634925659862 0.680554103382747 0.700152844729018 0.401826342567801 0.578136311560229 0.532199087501795 0.480820555821992 0.452010260232782 0.480435750432662 0.12374898777523 0.0911820237377015 0.310269102101302 0.135774299451441 0.102428749414685 0.177290345163783 0.242077911025262 0.299755929063394 0.39813194416638 0.2310204731657 0.481492779726977 0.470478134957375 0.486095865198877 0.483541542962485 0.54084200746729 0.495662595312751 0.510819856572198 0.480275788504514 0.558402397473401 0.48736727785581 0.753693042497616 0.699471893312875
0.267365721811075 0.115623889541894 0.179363682491385 0.116178375037634 0.182888931703928 0.240350879721518 0.497932329381001 0.421255002038379 0.656291015729948 0.593768836552044 0.402199441850826 0.520890172992949 0.753764859837247 0.805017794846208 0.790726282502874 0.599696673816652 0.565176703275938 0.404334715312871 0.378474401259155 0.376427527953638 0.254081048296939 0.475901122626965 0.482269563690352 0.166800339002293 0.0495523381758289 0.0434175142913773 0.109774906604798 0.400017075662618 0.371889917914814 0.397583598896745 0.25335269219795 0.488073158521729 0.400638151404564 0.292839695703151 0.325214189160761 0.335715762957989 0.392097854273743 0.515532068675384 0.467158547508006 0.530257370883191 0.485544209368527 0.507672922140046 0.466930103357299 0.77655379936914 0.694787760949112
0.144581257927712 0.272995373961749 0.194305064269429 0.212632504371868 0.557352543182787 0.582379637307895 0.364796352187113 0.487277520733187 0.589152511565771 0.511591757458518 0.616307765085367 0.537713791345595 0.57017006292881 0.542675631550082 0.511686102981912 0.403629562242713 0.394050374779908 0.338879664923297 0.346357594025903 0.392881068364659 0.345785437275481 0.183187583047584 0.193673794797178 0.152586879210048 0.0457669825095763 0.124191815530139 0.429719075327739 0.239045490616263 0.165754046292932 0.0518676843910271 0.331089924657135 0.514330011355923 0.509670076098701 0.508225728481193 0.409594899792864 0.314853485178901 0.3573931480787 0.482998796542233 0.484595629131945 0.499687194860599 0.475939442367235 0.415951303693873 0.396838752749318 0.417738027863379 0.573402599911788
0.252588607963844 0.312209932417318 0.32060036664916 0.654451874652295 0.640973816189216 0.520070746915735 0.325618209899403 0.480810924273101 0.421264509895991 0.241380426359683 0.544462703146564 0.53472860599868 0.328823357449437 0.23822628918424 0.223087276481237 0.0779394470100669 0.313337063289509 0.204149028832035 0.310868654196383 0.0809739880907046 0.0539015196778792 0.0514163701623715 0.0573831311925233 0.0480775605069539 0.0800555383762003 0.0503007308125802 0.0577976519693379 0.0755621316415045 0.106672833467769 0.149794035110062 0.346010137036501 0.355593896529172 0.599914334998175 0.56622744523338 0.55004129808367 0.473680833238177 0.515084412654687 0.531680642779975 0.519044586326345 0.539919951734191 0.519049859576626 0.407751906095655 0.210505285394902 0.438722918261192 0.676608422509162
0.288527506199898 0.317700495543249 0.309834485960891 0.79207918861357 0.611381133694522 0.412620574479661 0.207116605452029 0.552236728253774 0.118313661005232 0.254817716722755 0.428849616582738 0.352980311163265 0.205704852533017 0.228675649850629 0.127486199630766 0.117706296123288 0.0691125923708569 0.145880433422008 0.265161781499046 0.131507998275993 0.0542471895208507 0.0553552894686504 0.12018130701108 0.241620195311043 0.0730786948395235 0.0865108212053656 0.106254804762784 0.248323334403722 0.054769033496882 0.0425398499430685 0.347171880093811 0.424562675107154 0.620883322881127 0.59910187337664 0.591711865126854 0.576484415432788 0.662768316942675 0.627364119281992 0.609626104960626 0.580005277697637 0.642072111077141 0.683906829181069 0.388342908991035 0.438782837591134 0.749635019928974
0.148366097391772 0.241177163843531 0.280056987776334 0.645062758849235 0.482014643409912 0.43054266643594 0.416333283283166 0.145404808904459 0.0777576827317716 0.0474793046691957 0.267561119471793 0.195737678495789 0.223250114004259 0.132502442113491 0.107490042552172 0.0861314148039583 0.0731452428226476 0.0865971297514534 0.093240956033469 0.0959373522846363 0.203734294245805 0.123367638963146 0.120869040983962 0.245577422447241 0.191974530821426 0.106977688837162 0.206028077428755 0.128396297299105 0.0267865652965327 0.306364870994003 0.466016971586214 0.451687832537573 0.667805737975868 0.628804495136137 0.40601014461572 0.571502614548081 0.714252490070066 0.621717252215603 0.718896193575347 0.347857104316063 0.367283969808341 0.354991435415286 0.380912065338634 0.82300368558208 0.588938414011864
0.199083749521378 0.239319843331032 0.476694272947498 0.580335758968431 0.550536394257506 0.393299619645404 0.406941889195878 0.0201910607131595 0.00780635571473454 0.117040638542676 0.21746167180936 0.246412027763654 0.211896222253927 0.123690784221253 0.0627804090669315 0.0694784118309144 0.0932067566452588 0.183767944122337 0.0682506035687425 0.0720519173711409 0.0950216683790472 0.273074369488313 0.239406959963162 0.218025725871485 0.301732952948441 0.320497539178177 0.237346131257254 0.103484023441069 0.173874296478971 0.45011989732302 0.434112148468557 0.444327189143223 0.447864418674726 0.453606966402731 0.439183348134975 0.436544815784146 0.480651799080078 0.455349263575044 0.349996446402656 0.313460610868788 0.406647365707613 0.333517010858486 0.765039612815599 0.765815251725144 0.735086127406248
0.304682806927303 0.254839003900997 0.515369508320873 0.665550980556873 0.653434327432478 0.599673355281993 0.13865067739971 0.00604172156215554 0.0105217448869155 0.153758910528268 0.217191360434299 0.218047013504474 0.196878749193274 0.211536407505264 0.241431915583235 0.238668674228393 0.438265304183005 0.281541598496915 0.0682202735333703 0.122392462088783 0.10888155125599 0.237076978464756 0.276980344096955 0.226124388063909 0.244853775711817 0.168986993188014 0.122238572359379 0.104382602742703 0.174710198507455 0.454177179562976 0.40497642930859 0.437844678344845 0.516888226229639 0.947837594139855 0.784648709668545 0.746440920920577 0.708175226463936 0.418371457726607 0.47501706831099 0.561139446290326 0.438671461324702 0.430154668720206 0.565413753065513 0.624580873704872 0.707708135450957
0.360102639206161 0.291325683065224 0.406878057219728 0.199432330646232 0.209784767321253 0.242312843056425 0.13128848956967 0.244132904413163 0.376955472802365 0.274570363217208 0.319707499784272 0.262173585724668 0.238349226719947 0.325640373830538 0.311507018523116 0.295837281555578 0.301916732496466 0.120837030522125 0.157524865016967 0.143727901928514 0.0683989639966853 0.157703782946328 0.208810124945558 0.14760952404913 0.23388253180201 0.186241245842211 0.361887315648346 0.366252591447846 0.463453096926969 0.443340562014782 0.387859499824117 0.742226586226025 0.795346049926593 0.665287798256031 0.584956583224994 0.530522374901921 0.702693539096799 0.449112867499935 0.353250991935283 0.407890049928028 0.630654647011397 0.684300117427483 0.629056516117998 0.615382184150803 0.672980391868805
0.170281854025234 0.155957639435655 0.154236382400086 0.0898857175570811 0.0929783856236099 0.0912976670406351 0.0281186146935397 0.133367504190574 0.428425578320457 0.220788111164438 0.252240412919491 0.194307106085034 0.219517870391428 0.32850014304131 0.294478597652414 0.207068522740883 0.286480273643974 0.195971520497551 0.0681165111728887 0.18343432256529 0.177432194988114 0.125202178494987 0.168018479968168 0.243354194878975 0.231244844826506 0.707107019479736 0.2150125890239 0.643672813566809 0.423441941891589 0.374368328266428 0.749195634853095 0.437813489043037 0.634981634902942 0.410911244443923 0.501049600643455 0.503034945268155 0.49613856299402 0.466507920009462 0.35851053002034 0.562531789910281 0.535454254077194 0.576615622321697 0.565864636200786 0.554227766372151 0.575526389013703
0.31381528538077 0.363454739499502 0.464426127109618 0.194258559076843 0.0746975924243998 0.0559770359700451 0.0969147806699766 0.0543009205671297 0.102886944091551 0.190072774557848 0.22070468480706 0.222708110868552 0.264597388877519 0.338590825322171 0.236428240896203 0.15811691628187 0.262460423527955 0.442456846940331 0.068845681937546 0.173596947860233 0.16914165192361 0.191300641972703 0.134477929108812 0.186443507118383 0.294179961088048 0.410605042816314 0.366311527614016 0.349628271578695 0.579236193516408 0.50644724524318 0.36223327811058 0.37120645356481 0.524998401942867 0.46432014767106 0.612876705417875 0.615561850736412 0.566749456083926 0.41348611085823 0.402963528699729 0.401821313971595 0.425470961033625 0.571715637761372 0.602771951434988 0.626222055416292 0.554042716203185
0.596559176926803 0.547289843154886 0.499690646847739 0.359711179299893 0.281780749219251 0.0386870000852468 0.0547944258642019 0.0570610225167911 0.18033287256003 0.311444670387573 0.0857041360688982 0.356734318756935 0.443640093635622 0.425445997279894 0.247285841624034 0.185028139185306 0.207651875371084 0.269954861778388 0.20288963605708 0.195328746684709 0.183200094610925 0.21547324180915 0.248477573450145 0.216428235603416 0.104053987946884 0.294872597805806 0.364868907126947 0.3716066294146 0.60297775962681 0.401053622226755 0.423013719910159 0.463511525367721 0.649395281470788 0.617114626834336 0.753859280848701 0.583334563884819 0.513036970403391 0.469129623951403 0.417929152831675 0.397380781180345 0.41442816370818 0.44008382553784 0.577341794269159 0.606964068538218 0.535818508581087
0.694024670110593 0.619761356972504 0.466519894203543 0.387530195695263 0.230824191874035 0.0443276973101092 0.0510936342834611 0.169773869856726 0.298921786452411 0.101778576720335 0.281966092870789 0.098437496205861 0.44832871935796 0.300084433092707 0.276701468465035 0.33492089187348 0.299151915442053 0.263536922375351 0.240520658735477 0.316971101256058 0.229667218889062 0.288729743374461 0.272764615431242 0.140617457020653 0.124674745251241 0.273237944838911 0.426080758188618 0.369213766134635 0.636007096545654 0.733779325855721 0.645458882445382 0.498643979426561 0.638848375501766 0.737700879881231 0.980873321623221 0.691296896604854 0.700431942732394 0.603721061452234 0.444589923688454 0.415576179477739 0.422080234102395 0.439573399205528 0.468031018613146 0.609089145655162 0.540124426322564
0.833847983130909 0.65627333106022 0.483178190762601 0.370824142464699 0.0638216084780652 0.047614828076803 0.17842674219537 0.410123484925862 0.415739713844232 0.402464705530292 0.389053720709853 0.445610191945889 0.395777542962605 0.380752691398811 0.299699085189786 0.319715317345981 0.311069954477716 0.322697465890087 0.318809199598036 0.306053128042549 0.167317273735534 0.168500413792572 0.291820176869351 0.146479780283926 0.135660298241191 0.223866152282426 0.385595302759612 0.489821863084217 1.08013927092543 1.31138320466562 0.579896902763721 0.616778881408209 0.697347737286691 1.40406159698614 0.866121505396222 0.793369241478104 0.816694252989691 0.669529066499308 0.589753931308223 0.578494921228412 0.468162615163692 0.482181743223009 0.504467932103125 0.525924896123797 0.575532974551152
0.75481728606519 0.573713571043299 0.262080483139471 0.0943636742931631 0.072201759849122 0.152521461131983 0.340207037424989 0.451241201517405 0.338528614065581 0.497961355449661 0.497285373967316 0.347803972090333 0.40650850678503 0.361605602392956 0.355063343704387 0.306677185562876 0.301786615182209 0.301522772133467 0.336757997956738 0.347125110693014 0.154712420226133 0.234704643389705 0.370899441350048 0.293562538217884 0.114384678880697 0.0911504392888673 0.171263518268461 0.853046465635998 0.936518626986071 0.600077526428322 0.640027511167318 0.693030250602078 0.621490153662307 0.961215301686025 0.899706901236641 0.758038419235163 0.984844300546683 0.706433559116704 0.643436537984599 0.610287131394216 0.606062963470322 0.529684395758068 0.543887735432236 0.556212677167878 0.602215728122246
0.776282325091415 0.457087462109484 0.137995968998439 0.166402836384805 0.16601469633315 0.278793728739402 0.476742113278306 0.476875486128847 0.493878477755061 0.547937183000613 0.424692013439198 0.372393436464336 0.37954992694722 0.331512442699022 0.326461273289169 0.404296258693648 0.239831546423375 0.326673446124914 0.30438231806329 0.935898078751052 0.166600571901654 0.173473620407094 0.125303826109757 0.191062381645679 0.199487831878287 0.0840371877188772 0.413821481743071 0.947303009525058 0.637557567074509 0.662528879161073 0.663731868598916 0.706872493310584 0.697510253019118 0.722585402172626 0.836688336448788 0.707328425733067 0.778332860363662 0.713809652779673 0.670967451924298 0.647820405674793 0.661078036046092 0.673169423407671 0.58187463977788 0.59452839008145 0.599724678920666
0.627330286079086 0.217360942770028 0.178898111244052 0.00903048156147834 0.240791721807909 0.476066481496673 0.556052666979667 0.472926803922746 0.431358295827522 0.560661068448098 0.416637744820036 0.339149150931917 0.328477718085196 0.330943042627041 0.356031647243071 0.492742582537176 0.301668620522832 0.400510683903121 0.516382657224312 0.266780532456323 0.373257061255572 0.326481892443553 0.256305590482953 0.237010425735207 0.275939097718947 0.117149514942128 0.45925111771794 1.0331213252357 0.70905201334881 0.727605408314957 0.714139617969067 0.684903611272603 0.62394532989174 0.683862268573421 0.80998303042179 0.679218298841988 0.763345492259759 0.735080971026036 0.705251852195943 0.692748533765553 0.710209985527399 0.72306902757191 0.717741952939832 0.626581585663644 0.632165696458742
0.206364944915549 0.219289435335668 0.214105915802065 0.00892969366139695 0.299220033411984 0.48483452610526 0.469770676318149 0.451172969405889 0.426693666668143 0.603494196184329 0.31320712150773 0.417901585024083 0.349912676028907 0.402275909436867 0.413861504966917 0.441433473042707 0.266265161371848 0.136598940116528 0.174142531705002 0.350527547197999 0.334008082518267 0.37102904434505 0.30667030296172 0.48990018422046 0.253173055625666 0.390332641018176 0.720473997716908 1.03625785141048 0.890748650363093 0.898238709396537 0.839848671375876 0.694448189790364 0.61906645964882 0.654238502903581 0.785512241463948 0.658608775381708 0.75608785687109 0.756400030695659 0.750826405692351 0.745805726410254 0.762890648275061 0.774941414874775 0.776366066929768 0.769770657598201 0.66528953186662
0.152067920680565 0.121765248195516 0.0714931643699401 0.19473928887237 0.285840433207341 0.421746571191761 0.333087869421433 0.386806510505266 0.524352792126592 0.508919120875362 0.495287340527284 0.43200820346101 0.340066719218157 0.354388781943271 0.327078047121176 0.440917228388571 0.958832932155929 0.162198743964836 0.332328540025628 0.238887181694736 0.231919359521271 0.269300325726363 0.240962619045604 0.124251477330972 0.281558995538944 0.273731494417007 0.886970897227002 0.961155410550418 1.0008225999627 0.972379856648331 0.886068933596107 0.734313855559776 0.605647072291049 0.592079456367856 0.732281296222936 0.654733496048721 0.767525985793327 0.78186463883867 0.791061759173317 0.7923779023713 0.818600516367951 0.82825916638285 0.827303751066211 0.793974524640362 0.723173017036061
0.152236697658736 0.153191069671266 0.218182036832104 0.201257526043719 0.240361029227643 0.250431135100371 0.231041876304516 0.486457986880851 0.448905848315917 0.559098114536027 0.585978404160414 0.304117542782478 0.451113302460726 0.318392738563489 0.358960386620311 0.381897231818584 0.370727480458299 0.323547050811612 0.365964326647372 0.558683232156909 0.600993901571201 0.337955883878749 0.305231068068679 0.358101743586303 0.401240073415465 0.511047119289287 0.72119842570828 1.28998857508122 1.13820036312973 1.06360439849595 0.884044911629189 0.78606727947772 0.651522216458034 0.624935872991728 0.7603823255522 0.686951335325148 0.803348464842202 0.815984719565677 0.820474622287293 0.819965399614375 0.833698319411269 0.854738780162734 0.852234661351758 0.814422022131112 0.737272981091053
