Model input/Uganda/surfacerunoff/surfacerunoff_jun_1.asc
NCOLS 67 
NROWS 67 
XLLCORNER 29.5000000014144 
YLLCORNER -1.49999999936061 
CELLSIZE 0.0833333332926796 
NODATA_value -9999 
[rows 0 to 19 of 67, columns 0 to 44 of 67]
-9999.000000000000000 -9999 -9999 -9999 -9999 -9999 -9999 -9999 -9999 -9999 -9999 -9999 -9999 -9999 -9999 -9999 -9999 -9999 -9999 -9999 -9999 -9999 -9999 -9999 -9999 -9999 -9999 -9999 -9999 -9999 -9999 0.42925010802719 0.419482510551461 -9999 -9999 -9999 -9999 -9999 -9999 -9999 -9999 -9999 -9999 -9999 -9999
-9999 -9999 -9999 -9999 -9999 -9999 -9999 -9999 -9999 -9999 -9999 -9999 -9999 -9999 -9999 -9999 -9999 -9999 -9999 -9999 -9999 -9999 -9999 -9999 -9999 -9999 -9999 -9999 -9999 0.458356309536612 0.415495294873836 0.372711164345674 0.301216971820395 0.348595336618018 0.374795466996147 0.335295185323048 0.577020507080306 0.531459385456401 0.33780713329179 0.411663318118372 -9999 -9999 -9999 -9999 -9999
-9999 -9999 -9999 -9999 -9999 -9999 -9999 -9999 -9999 -9999 -9999 -9999 -9999 -9999 -9999 -9999 -9999 -9999 -9999 -9999 -9999 -9999 -9999 -9999 -9999 -9999 -9999 -9999 -9999 0.330535309331026 0.312870167817891 0.278500455351605 0.301938669053925 0.284759834812576 0.314879062443651 0.321296775837254 0.390603581763571 0.622078580818197 0.697406844665238 0.53612581177731 0.366503871646273 0.571771754948713 0.710820782842347 -9999 -9999
-9999 -9999 -9999 -9999 -9999 -9999 -9999 -9999 -9999 -9999 -9999 -9999 -9999 -9999 -9999 -9999 -9999 -9999 -9999 -9999 -9999 -9999 -9999 -9999 -9999 0.493796359478438 -9999 -9999 -9999 0.306592747620016 0.265866207428189 0.261366736140189 0.311607182084117 0.315684008910466 0.321942655318708 0.326769613366196 0.428863127126533 0.470992272312287 0.650290126031905 0.694286397447286 0.567160698665248 0.747105764276057 0.475502363315172 -9999 -9999
-9999 -9999 -9999 -9999 -9999 -9999 -9999 -9999 -9999 -9999 -9999 -9999 -9999 -9999 -9999 -9999 -9999 -9999 -9999 -9999 -9999 -9999 0.404952476401377 -9999 -9999 0.427639304234617 -9999 -9999 -9999 0.260950669371596 0.25014048446792 0.334710817242012 0.504111576447031 0.586747153647593 0.588228862397955 0.353811072727694 0.502018777297053 0.559311978577171 0.532547879629419 0.584150472150213 0.587422692660766 0.56980816543728 0.505175032230909 0.38948514884396 -9999
-9999 -9999 -9999 -9999 -9999 -9999 -9999 -9999 -9999 -9999 -9999 -9999 -9999 -9999 -9999 -9999 -9999 -9999 -9999 -9999 -9999 0.814476915365958 0.798364799265983 0.746575280118122 0.356946783995227 0.356301266492665 0.411963382248359 0.389039829769899 0.386765519579058 0.279324857046959 0.272270105369898 0.315997041980154 0.310790294861363 0.575500139348151 0.600428688812826 0.622446850684355 0.893286322934728 0.9741697112986 0.634159869150608 0.596166589275526 0.52139916260785 0.474452373055101 0.399169721276849 0.404110836370819 -9999
-9999 -9999 -9999 -9999 -9999 -9999 -9999 -9999 -9999 -9999 -9999 -9999 -9999 -9999 -9999 -9999 -9999 -9999 -9999 0.475597076274425 0.838383010886901 0.803341298706073 0.834839308481605 0.740409449463186 0.511377609655028 0.282591024642898 0.192872177535719 0.337715519435733 0.344665762440854 0.299358985103026 0.471320320230006 0.322543657375718 0.424648722400889 0.389579605780455 0.700286200299161 0.741191278393671 0.960131051215285 1.01922985504643 0.628332113592478 0.56513894287491 0.479566923786479 0.592039086768636 0.433679256275354 0.33352755008309 -9999
-9999 -9999 -9999 -9999 -9999 -9999 -9999 -9999 -9999 -9999 -9999 -9999 -9999 -9999 -9999 -9999 -9999 1.15690572965832 0.506617373957852 0.461383884612587 0.456269220194372 0.778764921960828 0.790452338151226 0.237978729472843 0.0966741494181633 0.331099938193802 0.352991634827049 0.499325416967622 0.508302119669679 0.533808894033427 0.534014258846582 0.597391071551101 0.3768289918753 0.402675746499881 0.732089107259526 0.824041017949639 0.866059696818411 0.907860408005945 0.514634809860581 0.50768586970662 0.426600942773803 0.391050344205723 0.490642050863244 0.384508031856967 0.348483133620903
-9999 -9999 -9999 -9999 -9999 -9999 -9999 -9999 -9999 -9999 -9999 -9999 -9999 -9999 -9999 -9999 -9999 1.13932679960271 0.547308903151134 0.479102536701248 0.48581697683403 0.82191812543897 0.807391890703002 0.560051880711399 0.556556065475888 0.407494983846846 0.563613900794735 0.633381187071791 0.610641013281565 0.592449057421618 0.61398885145536 0.662406567244034 0.717409271601355 0.424404016484914 0.471775728328794 0.839504783471057 0.906608368495654 0.932192881009541 0.511409238242777 0.523458282259526 0.456818842394568 0.534652552232728 0.393397539028228 0.402868597575434 0.378810037545918
-9999 -9999 -9999 -9999 -9999 -9999 -9999 -9999 -9999 -9999 -9999 -9999 -9999 -9999 -9999 -9999 -9999 0.674287442961941 0.539519934136479 0.491423201310681 0.873299768500146 0.845288911477837 0.383659307203743 0.214471334793132 0.653706185858027 0.556100604626408 0.486628218368423 0.467815370484459 0.460225592178176 0.670259501930559 0.679640598264086 0.740247707653907 0.75780449242302 0.504261347487045 0.46302824284794 0.510894766193815 0.853709057082597 0.885645862581441 0.877458007380483 0.62615949082101 0.610807787779777 0.466605923065799 0.55821069781814 0.514523948368151 0.367703197298397
-9999 -9999 -9999 -9999 -9999 -9999 -9999 -9999 -9999 -9999 -9999 -9999 -9999 -9999 -9999 -9999 0.532815140104503 0.583807785915269 0.544965468179726 0.529457026459568 0.894601993422839 0.361007707283534 0.651489903248148 0.180013021726211 0.148456840491917 0.783881937422848 0.785114733844239 0.779954585595988 0.779575507294794 0.746959136449732 0.757916493057564 0.803723268290923 0.848333684189129 0.844791876261297 0.529145339442039 0.616599728346046 0.537890701707511 0.932090862988844 0.680772975101718 0.6753608067811 0.522759763953218 0.52410194712138 0.481709789710294 0.568857432881487 0.560406757358578
-9999 -9999 -9999 -9999 -9999 -9999 -9999 -9999 -9999 -9999 -9999 -9999 -9999 -9999 -9999 -9999 0.576207353333302 0.614488273640745 0.570433008761029 0.517665596362349 0.910812910660752 0.422012721855936 0.204376359942415 0.670240608997119 0.759437181613976 0.902940896594373 0.850758677188423 0.869628348482365 0.873219029017491 0.495890497859364 0.868687809997937 0.913360994672985 0.9357300323245 0.877120354743965 0.926273393815791 0.599636508013646 0.591499475376622 0.489024274429539 0.705082980857696 0.568171938539308 0.57238848421548 0.532440567440062 0.464824191112712 0.425488997279899 0.435497491707793
-9999 -9999 -9999 -9999 -9999 -9999 -9999 -9999 -9999 -9999 -9999 -9999 -9999 -9999 -9999 0.599683250584349 0.560331564884109 0.732115227037866 0.632252019386215 1.00595044659713 0.530648891526653 0.263326327583968 0.21927038947922 0.62476835569214 0.828692323921132 0.835000563711219 0.836080265798955 0.901529553630098 0.931353199121077 0.501503855957708 0.466647621124139 0.907511180230358 0.490509611154266 0.501114410781156 0.605295892455615 0.6305558817985 0.634720515336085 0.514876359375194 0.501942363371199 0.559968602829031 0.565538176488189 0.54336675475497 0.488732287521998 0.386618163247476 0.36378525192049
-9999 -9999 -9999 -9999 -9999 -9999 -9999 -9999 -9999 -9999 -9999 -9999 -9999 -9999 -9999 -9999 0.703805349985487 0.86253963127092 0.63389550177817 0.977746298303828 0.322232250937304 0.107513080266131 0.0645759876540808 0.671189712875275 0.851254332701501 0.879126457220991 0.980349690507865 1.01049701333977 0.52211936463209 0.490020825054671 0.556013195819105 0.627949245426862 0.544530017577927 0.643237009171571 0.618157335338765 0.699409260050743 0.809123679573531 0.592047094869486 0.598080635427323 0.494723733936553 0.443820661530481 0.542658725862566 0.50373132853565 0.410281705626403 0.368501687262324
-9999 -9999 -9999 -9999 -9999 -9999 -9999 -9999 -9999 -9999 -9999 -9999 -9999 -9999 -9999 -9999 -9999 0.826931989649893 1.02940086253511 0.333414988062941 0.215312953685043 0.547880862768579 0.417423012208928 0.745982722037297 0.763158550398657 0.865915164467879 0.91731829525088 0.949823906921665 0.588941928981512 0.6044258525435 0.666811686642177 0.690248812134087 0.589121409575455 0.682099318510154 0.719807404493622 0.743273149964807 0.590795370044361 0.799797368017607 0.718364522981574 0.65244796587649 0.515467957484361 0.50194786672364 0.638585885099019 0.69106716728129 0.639309611869976
-9999 -9999 -9999 -9999 -9999 -9999 -9999 -9999 -9999 -9999 -9999 -9999 -9999 -9999 -9999 -9999 1.11294024645758 0.776144432165893 0.678712710396212 0.794021651927324 0.366193698710049 0.0663071756576983 0.00661684024061415 0.690997469064314 0.677972716403019 0.722370798939664 0.808312262961408 0.88253242574865 0.483561320379522 0.497740367336519 0.652144416562805 0.6167451838337 0.788917966929148 1.0122141775355 1.12999487828347 0.749334426473069 0.598346091464919 0.665524742544221 0.638967139821034 0.658423088680138 0.72594168887008 0.662014469526184 0.737996386305895 0.688927921146387 0.647592467430513
-9999 -9999 -9999 -9999 -9999 -9999 -9999 -9999 -9999 -9999 -9999 -9999 -9999 -9999 -9999 -9999 1.122475727243 0.732888644051854 0.70536724615522 0.719314572052099 0.355581271833216 0.0390515817230153 0.00924029091553535 0.426587262040812 0.606646496635221 0.64472496342205 0.731955089577241 0.793559398516663 0.437087601312669 0.477141948977078 0.575108140765224 0.638454286672641 1.10653266528971 0.915015905775363 0.800482356680732 0.776632672568667 0.695485427968379 0.582987076086283 0.605713713412115 0.593929915339686 0.53512643717113 0.46180032313714 0.402358047267626 0.37024278753961 0.362494449746009
-9999 -9999 -9999 -9999 -9999 -9999 -9999 -9999 -9999 -9999 -9999 -9999 -9999 -9999 -9999 0.999283925921191 1.01147369423416 0.6668222913504 0.508855260704877 0.626600977739145 0.306315483612707 0.353075552993687 0.010460407803059 0.359650365567177 0.402605771796516 0.555643202915235 0.634141076261585 0.707274504748057 0.485635623135749 0.48596008491586 0.665702325022721 0.732545153368847 0.660473159769026 0.757512567361118 0.673922605528787 0.787087779826834 0.618919800217554 0.581383214012021 0.537238605829771 0.50898101835628 0.515736546731205 0.371773999177094 0.378737999199075 0.406053633469128 0.349036979514494
-9999 -9999 -9999 -9999 -9999 -9999 -9999 -9999 -9999 -9999 -9999 -9999 -9999 -9999 -9999 0.688101852574619 0.880729683558457 0.649201020678447 0.430714685535349 0.531325069459854 0.367789602478297 0.285368076674786 0.334728981442822 0.291078998372996 0.37539019695032 0.528785990354663 0.595049503317568 0.685157966472616 0.425580266437464 0.479598688798433 0.540827512850228 0.680001301589073 0.739520191018528 0.725177815183997 0.637043054666719 0.643700236651057 0.689845011038415 0.565780213946709 0.525010927049152 0.574625987610489 0.721401756891282 0.53838511757931 0.325382761729998 0.382928632916446 0.408366344800015
-9999 -9999 -9999 -9999 -9999 -9999 -9999 -9999 -9999 -9999 -9999 -9999 -9999 -9999 -9999 0.587798414017016 0.879822959177545 1.07481448867475 0.496499161272368 0.407242219807813 0.308354758544738 0.231909915783035 0.420159110944951 0.310652030975689 0.278516072171442 0.316360159331452 0.500755596021918 0.579790698793659 0.407005380111514 0.445646126536303 0.498390861139342 0.530570794580854 0.990025680948747 0.805065063104848 0.804455209618027 0.87921758495213 0.864161283971043 0.537613924279867 0.506899372339831 0.487002511363244 0.437063450590358 0.732030079234391 0.644172663669451 0.536948460649 0.384491161184997
