Model input/Uganda/surfacerunoff/surfacerunoff_feb_1.asc
NCOLS 67 
NROWS 67 
XLLCORNER 29.5000000014144 
YLLCORNER -1.49999999936061 
CELLSIZE 0.0833333332926796 
NODATA_value -9999 
[rows 20 to 39 of 67, columns 0 to 44 of 67]
-9999 -9999 -9999 -9999 -9999 -9999 -9999 -9999 -9999 -9999 -9999 -9999 -9999 -9999 -9999 0.514650499098934 0.63444487113884 0.72201952116302 0.524002612110053 0.358986316314258 0.215235248106183 0.252807525612297 0.418803361753817 0.23251505025712 0.224437542215128 0.32010247900871 0.336149785198359 0.384172978556307 0.417998349803383 0.531504104401392 0.42708278306236 0.452576254247106 0.803960758275934 0.797395021436387 0.637275014923944 0.712360273610102 0.831952176667983 0.853468431159854 0.463714189208986 0.696134400641313 0.794569969002623 0.76654639087792 0.699467233062023 0.706584647559794 0.480961283756187
-9999 -9999 -9999 -9999 -9999 -9999 -9999 -9999 -9999 -9999 -9999 -9999 -9999 -9999 -9999 0.537902461474005 0.598859161073051 0.567299439353519 0.385099859613547 0.503531359754561 0.332185356000991 0.323075681080809 0.222968733396556 0.222295275193574 0.315417272076957 0.444038828845805 0.415315843383723 0.436013791841106 0.471317122901382 0.378259561330196 0.670610268571181 0.552837856957922 0.644126516817778 0.710199547029333 0.683414387822268 0.413476111134514 0.846590311994078 0.81565882464929 0.812128660982125 0.821120873297332 0.736180652893381 0.478617469525489 0.427974252488639 0.647843429760542 0.616753288340988
-9999 -9999 -9999 -9999 -9999 -9999 -9999 -9999 -9999 -9999 -9999 -9999 -9999 -9999 -9999 -9999 0.548987566617143 0.501382605762046 0.356513522092428 0.328447758874972 0.301282399959746 0.551252725017548 0.229878337677292 0.372531547100152 0.406424997436261 0.370268148344621 0.311508948925621 0.430666356805887 0.479323379295238 0.660234482893429 0.391901680814044 0.621433156084095 0.583455517698894 0.978671750999638 0.665984567604028 0.827557008960866 0.725591082300525 0.888984382982017 0.842013072542613 0.80797032751434 0.626591587206349 0.451515392342117 0.388384357393079 0.367576840289985 0.564710453545558
-9999 -9999 -9999 -9999 -9999 -9999 -9999 -9999 -9999 -9999 -9999 -9999 -9999 -9999 -9999 -9999 -9999 0.600629736254632 0.35378238226258 0.333818366925698 0.293882732876227 0.181228992005344 0.339334244472411 0.158905070861692 0.233119488711964 0.261767573647376 0.232881491001535 0.319147096433881 0.47656215429015 0.718032459189999 0.563154158044199 0.570739501199569 0.587273560995527 0.901279170648195 0.644918240141124 0.774731053752475 0.698087589626084 0.724909992641187 0.758384227083297 0.751077355744201 0.432015548540221 0.415455067013681 0.724210092812427 0.645146955321252 0.619848266069312
-9999 -9999 -9999 -9999 -9999 -9999 -9999 -9999 -9999 -9999 -9999 -9999 -9999 -9999 -9999 0.422024518229591 0.329127285567665 0.461757545053842 0.275870400855638 0.384910808861605 0.148594557913384 0.0993805306279683 0.102204397052219 0.194574940564962 0.227844709343117 0.247806125116767 0.269863437551976 0.469119564513676 0.520537088959827 0.333001338731265 0.543548894711421 0.562485488444509 0.574674530071206 0.602515089667577 0.331626575189148 0.361614000212285 0.667082827931154 0.602209987846436 0.693930678608012 0.756719759010593 0.820412586108432 0.406975304031221 0.740188797863084 0.463324527117948 0.451562433227082
-9999 -9999 -9999 -9999 -9999 -9999 -9999 -9999 -9999 -9999 -9999 -9999 -9999 -9999 -9999 0.261061539276852 0.199002457065944 0.508776578499237 0.275669247457699 0.134720364485474 0.129699398257799 0.0713593706080928 0.0988441426557074 0.200822486931429 0.253890830890668 0.299359385053322 0.47908892884152 0.472570447527687 0.563093113669311 0.518448436196195 0.535339311682037 0.548910201359831 0.569883390198811 0.463295190456847 0.242304794028314 0.662650194499292 0.57017739618459 0.588345854339423 0.794744732047548 0.854394458656316 0.869878926096135 0.424795000071754 0.752124362406903 0.747053189115832 0.436569876910653
-9999 -9999 -9999 -9999 -9999 -9999 -9999 -9999 -9999 -9999 -9999 -9999 -9999 -9999 -9999 0.271313951088814 0.734543613361893 0.230810549737726 0.133372534264709 0.133463892098007 0.104235469109426 0.074968531862396 0.138333451843664 0.273591826953634 0.242176068695699 0.489068680508353 0.543202861081227 0.571145485082525 0.479347258988128 0.480680640066566 0.471267076136428 0.519766331308347 0.555630036615185 0.528106728779676 0.313375025598361 0.608539534368902 0.659007475405815 0.53424787165568 0.546365345144295 0.708174738974776 0.410322311836353 0.68418384216784 0.436339129919361 0.410726459449506 0.675194858558825
-9999 -9999 -9999 -9999 -9999 -9999 -9999 -9999 -9999 -9999 -9999 -9999 -9999 -9999 -9999 0.667318162413721 0.228945820936133 0.196191994064066 0.118355567906292 0.0814536195434812 0.0751788404329545 0.10357938279526 0.276099730399437 0.252153996825655 0.287482657768123 0.653803514069295 0.552736494682904 0.509759212036442 0.523371540111839 0.489583468151977 0.467941508759395 0.494323759994586 0.522071628438425 0.528299339748628 0.50304040996707 0.525521752933855 0.651999867841369 0.654440697871905 0.516638597218844 0.556985056391568 0.630678934612661 0.654933690384496 0.46826654488541 0.509844742737187 0.774721716879867
-9999 -9999 -9999 -9999 -9999 -9999 -9999 -9999 -9999 -9999 -9999 -9999 -9999 -9999 0.619623754573695 0.21076829739286 0.187681513807547 0.176896025323003 0.0717225633479757 0.0762116015948777 0.0889429809660669 0.185519094088704 0.333092605615093 0.582360977205099 0.475184446258936 0.506894990394358 0.525490166182863 0.591270272707334 0.513661055265402 0.412575855989417 0.381442817797506 0.118404343766088 0.433406587944773 0.397357444853697 0.323847468280292 0.343394285209797 0.439219007603242 0.457810268017056 0.463857393697253 0.538942034836509 0.661353626128403 0.748985738027841 0.496929309520056 0.455293687082303 0.642675837298157
-9999 -9999 -9999 -9999 -9999 -9999 -9999 -9999 -9999 -9999 -9999 0.910522361664334 0.848518164275447 0.869556506586378 0.246056192281685 0.201764237544921 0.157337213579467 0.11153040072287 0.0619103943009236 0.0799141462266562 0.218989269569647 0.617349833191838 0.629222319730616 0.540065100722131 0.639094510916038 0.605234489739814 0.587954084039666 0.514802211000642 0.457443386949308 0.272037700142391 0.306629668557434 0.10841920106941 0.35339031546755 0.410716043006687 0.308370416860271 0.94507884750783 0.37716534370702 0.440151792645338 0.529917329913587 0.517726542966557 0.438593386206776 0.452268208391615 0.452557502285345 0.476743176932359 0.417695728174294
-9999 -9999 -9999 -9999 -9999 -9999 -9999 -9999 -9999 -9999 1.03288995342155 0.761670138672343 0.606762898314628 0.250195517310203 0.203539064614233 0.188806178584855 0.144898558573914 0.145923939385284 0.0443398779310655 0.315337124447979 0.427381132340088 0.43042920424341 0.513317530021595 0.569879194699752 0.62563750998379 0.544135107702459 0.744691148611309 0.552691291886731 0.4542432902781 0.137043473387166 0.340233586484828 0.330737203057652 0.54431339049188 0.301930836940301 0.283750935977878 0.412478644648218 0.220889576212357 0.466005992166174 0.477831295029318 0.376477561303545 0.41721475417944 0.414880507605631 0.466568176307192 0.471635071789933 0.370984794244578
-9999 -9999 -9999 -9999 -9999 -9999 -9999 -9999 -9999 -9999 0.423792293076986 0.581747161959356 0.154326675328775 0.162408725373098 0.134141698026724 0.0924855991684126 0.115452037107389 0.086200129835845 0.363989424840838 0.477637746371329 0.472634479592671 0.469581198558444 0.652365927635401 0.633501755146426 0.78169687094487 0.775226362748072 0.648800256385584 0.513605876221845 0.440137720943312 0.183901273203446 0.334225742335548 0.626112940153689 0.623161532530503 0.592622849580948 0.335391720000189 0.343198930750077 0.390953788155457 0.546259198017651 0.354564562485393 0.373029598677022 0.408327955710774 0.399182199771531 0.419382590507666 0.300654588244242 0.524039943229582
-9999 -9999 -9999 -9999 -9999 -9999 -9999 -9999 -9999 0.866307782416698 0.410737723541388 0.468230439764739 0.156594992176906 0.160837633984556 0.102199677087356 0.073997551240268 0.191233165537597 0.343555234394444 0.512399412400555 0.523523376614321 0.457821105555922 0.461388958683528 0.463042050796503 0.534486573997128 0.414407878452039 0.46375388319575 0.594993377490027 0.481135164591251 0.415639352468133 0.370007790479576 0.478745359941968 0.363037624083518 0.681888479448389 0.717468470611493 0.663611128402408 0.631486567726824 0.540243512659799 0.325086577504408 0.381184878278873 0.332642711327935 0.460280637526012 0.289791159957531 0.523021854860417 0.412820158430804 0.519400612574827
-9999 -9999 -9999 -9999 -9999 -9999 -9999 -9999 -9999 0.801970752945635 0.366109388778568 0.225357349791011 0.164837348393121 0.15188871952887 0.0903579828133161 0.185326122164042 0.611006964390981 0.410472064686473 0.335280752551625 0.347194315054367 0.36386529700394 0.260206314578681 0.301919429603004 0.304378358123358 0.663828419419588 0.413475728237245 0.406880419177469 0.375583624190767 0.192784492810461 0.338626760367333 0.675550523737911 0.450689846275054 0.357319060185546 0.654673508506676 0.71592949279875 0.595165819504473 0.599209462052386 0.615261969869607 0.425734006967105 0.493396909405419 0.414063298194378 0.385869703677599 0.285810553577903 0.376930302536493 0.526480053395062
-9999 -9999 -9999 -9999 -9999 -9999 1.22605268552434 1.09594499735977 0.942116819715011 0.407591872317425 0.261582385519432 0.415651630646607 0.149321788740053 0.1027432207934 0.191077496310754 0.620780474491767 0.639138080259727 0.459381887594645 0.490925492158567 0.364677775905875 0.511154249579704 0.435176358223544 0.758243649215729 0.471183187073621 0.425497447395173 0.665563617076259 0.631863091257401 0.602934145717882 0.319875729474006 0.631101906947151 0.335829715822911 0.598157277636346 0.639246316495701 0.57774866490945 0.561180913791759 0.639461812170339 0.55059412807168 0.605789532528433 0.651894033580902 0.43915901278524 0.841660747028072 0.577662742216489 0.557472932996461 0.772392375438358 0.373529376702209
-9999 -9999 -9999 -9999 -9999 -9999 1.0626784987835 0.906696581296274 0.447792175691575 0.164541544791064 0.160365410010854 0.188205167205524 0.229625595238758 0.13444607452584 0.330504490648309 0.420223333094327 0.283459919955931 0.323155692967703 0.497875600558473 0.539563477104821 0.334876332090062 0.506241692164622 0.772610546846408 0.794841960669146 0.413515001127962 0.418667489611835 0.625180000497494 0.600594359639217 0.156775820073562 0.296084415822406 0.164031783697283 0.599052043071424 0.567039799534541 0.549067230167566 0.371176864973677 0.610250819590874 0.621001619947492 0.678091009831405 0.777911984187085 0.494424629323476 0.933658291614847 0.802782054961426 0.792280448877136 0.76470307794807 0.667008809614345
-9999 -9999 -9999 -9999 -9999 0.54464462937176 0.277117694622575 0.427531241257384 0.38404988754337 0.178546887127595 0.128312423157695 0.209295852528157 0.231787912980508 0.278462306141591 0.530309614077851 0.29915753611931 0.337479176778288 0.493811916385312 0.46658650990139 0.327433794609533 0.372952552424977 0.58667381745181 0.864509695020388 0.811179506854387 0.705202644894598 0.441042344391462 0.383185061309632 0.68511960489559 0.243117310674279 0.335191036811011 0.685050239553675 0.59621645596053 0.579328107960464 0.578874060011003 0.36401537272468 0.647072959509387 0.601544231358275 0.733914084776188 0.771036347941845 0.513092149049044 0.920181562833022 1.08428915336845 0.807135329523589 0.739574126782827 0.645809104753425
-9999 -9999 0.215373533592356 0.394384451283258 0.443757345237827 0.278266076293221 0.254780766226759 0.218499863876787 0.0632446665349562 0.108087708895255 0.0994010589465688 0.0895965251856978 0.437345748650841 0.463097854662919 0.503171418131387 0.524004154613067 0.486762807668129 0.425493424700107 0.306206197819847 0.226125188419246 0.240107047829952 0.286409006093891 0.493544611344987 0.59582106587186 0.288647114757623 0.48114257879206 0.521177929840633 0.45437778771884 0.268820605469955 0.368060788787261 0.356741345967748 0.382297979740542 0.597445758103277 0.631483202596428 0.372137725662469 0.410029086197028 0.463145503090345 0.706556420482229 0.24967606213977 0.577007347601466 0.921086480957456 0.926032169445534 0.757569670895464 0.730442012354615 0.537841260666028
-9999 0.586467373977939 0.530383074874408 0.5173269792067 0.135504860736546 0.156234776795827 0.175468063389417 0.0550993476622352 0.154706945068028 0.0996291914816538 0.197912035218906 0.545703954230703 0.499956117891998 0.497795023875369 0.591682186495746 0.584332686230482 0.502762974065263 0.383927774237236 0.40859515502234 0.320706963066186 0.385601502784993 0.459446537206532 0.481211718579289 0.327835619827965 0.34853388024203 0.258604765804193 0.330831170685997 0.261589833826292 0.439178188571532 0.365987802069867 0.347890480952628 0.369846346984559 0.364585072020418 0.429773594987637 0.415766683545371 0.496689995998167 0.836079339933349 0.644051689960179 0.251955317253305 0.522239798556257 0.54787366752862 0.628246199994464 0.689318725562771 0.647184591798577 0.316896823278512
-9999 0.514354003826156 0.286845572645689 0.185966896879108 0.186378990292724 0.0937499008841769 0.184391700713604 0.226535447836795 0.706626115061226 0.376491493625508 0.571901018702192 0.71744792512618 0.851034850711585 0.643457009573467 0.711715581928729 0.696051436534617 0.505290660839819 0.388487426789652 0.525103218024014 0.47073308905965 0.433434606748051 0.469867166430049 0.476959949082811 0.392421256037778 0.357463217369514 0.574989399865444 0.273868051408499 0.236150881846697 0.278851474377007 0.254845138442761 0.405074077207246 0.572921596358356 0.353108726812934 0.450431465651491 0.481014882097952 0.507302788719244 0.570894660995691 0.507080643728841 0.424219515480218 0.438351311004226 0.508768515828706 0.570008756767493 0.710444135620492 0.622918967565056 0.608884645771468
