Model input/Uganda/surfacerunoff/surfacerunoff_may_1.asc
NCOLS 67 
NROWS 67 
XLLCORNER 29.5000000014144 
YLLCORNER -1.49999999936061 
CELLSIZE 0.0833333332926796 
NODATA_value -9999 
[rows 40 to 59 of 67, columns 0 to 44 of 67]
0.335736989654833 0.221591305034963 0.17845224147095 0.0888664778813109 0.106446109839453 0.167755741131259 0.30527591070495 0.511875256052008 0.59741314544226 0.517521707479318 0.438428373854549 0.89783546536637 0.79978827307059 0.800093663201551 0.849768532134476 0.768409594456898 0.826369350761524 0.794658320955932 1.06686648450705 1.04970891607081 0.947207946410344 0.896101229045598 0.90137843744742 0.724222697146004 0.808094138179172 0.6559102130268 0.292977992785382 0.255780863199107 0.310205867208424 0.255118859513459 0.306348236335907 0.468316479782516 0.473343819521688 0.997229249151133 1.04119824391091 1.06155433331878 0.599679514380114 0.545156947737269 0.542145326107857 0.595351797528565 0.534108656211174 0.580722609811346 0.511755002662539 0.800908424935187 0.796089711002423
0.263632149653859 0.112420874984309 0.174784471710154 0.130138160329807 0.225486470753822 0.282915902971581 0.646273688289511 0.558870021450275 0.696053652973205 0.656696084661235 0.450703888418502 0.595484220866638 0.84405566121859 0.874135701451451 0.86437858408317 0.811227649137436 0.819126078567933 0.830482586934522 0.660968415104435 0.687042720528552 0.529453586750606 0.897846579391626 0.855624489304319 0.858629002500777 0.63218450953606 0.621996508852973 0.248962869591196 0.431537232543633 0.377909762391937 0.434655655226379 0.258185227266949 0.52237107502151 0.612636837104219 0.718350349870889 0.689650229105609 0.660831824916386 0.618890211626422 0.522413979524572 0.470934593067796 0.546763253623794 0.534609041096701 0.598780661675846 0.570622698432999 0.942787319218041 0.83287955931155
0.14122317793408 0.267161810825201 0.192102314485965 0.231033652198676 0.638132786662027 0.695216086569417 0.487957744553569 0.658267958897341 0.663030533360143 0.557409204702708 0.675820554533857 0.594069221733662 0.627783213531075 0.600745739575359 0.752375543925154 0.80573327068123 0.798364618276537 0.673932762765617 0.600249085437099 0.782896554483159 0.678810713452549 0.68300548615241 0.793959031994973 0.813321503308373 0.591981246136797 0.545953868595461 0.822624701868335 0.891941030658927 0.521134711789273 0.518831519044305 0.457370751064445 0.527398137819546 0.568042393751966 0.562343874662474 0.622198396740714 0.669101896619395 0.597285429648764 0.489903582092666 0.492998218760476 0.521649069014529 0.528434780790121 0.527426529515651 0.486092434584862 0.497163580803317 0.681757832353469
0.248410154654266 0.310024566715583 0.319712947202788 0.742670210456708 1.05045727559627 0.894987903848232 0.519191920830053 0.644031415504287 0.501254838127352 0.236369897265831 0.566455646549002 0.584436943427136 0.522891184573382 0.498011610943649 0.525793675024033 0.764251918866421 0.689835739649425 0.418402612240243 0.610704038990662 0.808042733368097 0.771015173125278 0.710005524283019 0.691730724408757 0.618085836581628 0.620152137283725 0.594028525588541 0.65788362203989 0.680157781840052 0.958282549618161 1.12181587051907 1.08276603532431 0.364320063454215 0.618035747720569 0.575223753003229 0.592367809076677 0.624730279923824 0.591700576478615 0.571972463148995 0.531874892658379 0.55771838833607 0.552486331798718 0.475478217595082 0.229328656132566 0.503711163219123 0.93898032537254
0.278710043403407 0.316047964588506 0.317753682338662 0.931815877265763 1.36705221757438 1.1070496470893 0.345047050814173 0.697017890161078 0.240015462281917 0.326558196775295 0.481845359900035 0.53387168509289 0.481717834418305 0.485106108271793 0.730648940191259 0.74775425460416 0.75487503295335 0.839009602543683 1.16473896628122 0.980505982965951 0.556829057405395 0.497967851071479 0.571120546680959 0.78100700034156 0.617205944411836 0.634229982409806 0.970361957911337 1.22038677864111 1.15640135798856 1.20874134752569 0.647252497401496 0.442921419562481 0.641831507891766 0.61394634849421 0.601615744017181 0.612762136370293 0.961266106060066 0.923141373277758 0.696536629220645 0.638706733298022 0.689595809490129 0.75350334191171 0.399725939132622 0.455507220067375 1.34135371808952
0.143688577963985 0.234816238389612 0.290799991944368 0.811147165222792 1.01303982387435 0.931791409129801 0.646141192191863 0.232993178542529 0.21139968089301 0.211376265895069 0.495159806632728 0.426946446168586 0.467993005258904 0.671560689227135 0.675261875869637 0.694580277780688 0.668109428204389 0.705985669270603 0.833330522667097 0.734657770024683 0.843574675968739 0.670822611652966 0.743480516575801 0.902498703226229 0.879268648645848 0.904379167465663 1.10302101603565 0.859146441946734 1.17897887003693 0.524317098097526 0.484810168927652 0.470213633889216 0.684972019371344 0.640173109786701 0.430582773333299 0.653705325021292 1.18845929137024 1.34892419919197 0.876848178450018 0.357839591742959 0.379373792384285 0.369046895229985 0.428464079959667 1.22351643403817 1.96572689037566
0.197096469491953 0.238706297295721 0.506724937622494 0.718836207852291 0.884028266227688 0.557117749849567 0.610568718002469 0.0599248453454493 0.0370954752781927 0.2265748987611 0.471219389737598 0.509211320149916 0.460115388932536 0.662497496591641 0.658475296631877 0.653465859528524 0.618416210357964 0.804950172437202 0.512541439718461 0.61149905996416 0.608492415409501 1.01915185109647 0.964705992828385 0.79998175374385 1.25205798553907 1.36352404797435 1.28007746855019 0.814938543975074 0.699982682590417 0.467626164208923 0.454560891739675 0.465277975308709 0.467646181277814 0.485930610921059 0.471259879304853 0.479079584692954 0.787702509114752 1.77447642636253 1.06548941494111 0.318112935929094 0.766851822845638 0.338851262313256 1.20292750216322 2.50394902377593 2.92021248333185
0.303754353353725 0.254995929026336 0.546487124665873 0.736399295419687 0.847239385620924 0.855331536513404 0.312425328047539 0.0368563458934545 0.0521135150819418 0.240735303577821 0.474525790195912 0.487161061073493 0.480431987625707 0.396582941903034 0.463297074020375 0.420114469761756 0.745354372156726 0.819770981024703 0.649606681989212 1.03160888619414 1.02214756753938 0.862322761349787 1.12062830999093 0.909978444951776 1.24861511312702 1.10276905797946 1.0069540626958 0.980389875849141 0.956689449139958 0.476622936730564 0.431866185863328 0.480277689348441 0.557066086912528 1.02001830055087 1.11692747304915 1.51711860235082 1.83647994344938 2.63581908166088 1.95185083111937 1.72479718366958 1.80374781575665 0.632398367997666 2.00765216141008 2.671445204669 3.03448623935765
0.356824096343189 0.297826265523327 0.498388621053891 0.240786851918529 0.259989567439334 0.292909269319352 0.338387389547279 0.679329412832885 0.916865837098157 0.630519624792214 0.501227598761034 0.541953851097787 0.443960762140705 0.423136579684069 0.402354770812963 0.377415366529021 0.497146611451171 0.630472341299537 0.917137574163007 0.847033297020516 0.865463796095867 0.97592602048735 1.22566686377468 1.10337531688742 1.3212417898103 0.978888380814169 0.822772522951709 0.879551252182864 1.09839839115011 0.503504638800223 0.440974574303254 0.868515049660346 1.49258676901809 1.96492418672278 3.01359626882913 3.5661796309796 3.633094939687 3.38857759015809 2.97080292921237 2.49389597979643 2.62944187306857 2.65075731749675 2.75410975154955 2.86685820901766 3.10963859465119
0.16437096064692 0.162467034670044 0.203670414748558 0.131723462800437 0.0974322271076744 0.0978719257318517 0.0763674492532118 0.372825295244184 0.986776889476459 0.444266437398255 0.528599044628209 0.53098482931091 0.562710065423744 0.48553043143329 0.420287422457477 0.32907321701714 0.44255470038479 0.663958940549492 0.571474773295222 0.949236853557522 0.991178919321101 0.925933652041522 1.08486805146413 1.24140749289836 1.19576775978203 0.796715448814211 0.249005431442129 0.735997303308977 0.480503071798921 0.46879518959031 1.95195580818108 1.75776621745172 2.4592751833552 3.36916896503681 4.43106642524072 4.5073669989506 4.00591240486392 3.77015897038291 3.17181896161856 2.72011577544617 2.82829627121828 2.89976742624276 2.90195021170803 2.81998640730308 2.91498793012579
0.390239139960613 0.471836125825575 0.745371908578818 0.42633155879912 0.140386985549412 0.0895121652320086 0.1703321520381 0.123274858879086 0.222062434431791 0.29937327872176 0.562906550158004 0.443425070443482 0.379288923340937 0.467107543499878 0.33019305419657 0.220435157871179 0.372134617009579 0.818863413769577 0.52065290782366 0.999821593325123 0.970089225745596 1.01334513112761 1.15610387138076 1.2003542705088 1.24928059312879 0.442761865087959 0.405807456445473 0.413146212849824 0.631381012681231 2.5657699079602 3.45345447294676 3.80010248591134 4.09516475519922 4.40877929759154 4.8790318905958 4.76581943075871 4.30106631483795 3.79428886617461 3.0716330679752 2.71268976098327 3.21158517590447 3.12606056195364 3.03653482751542 3.04920182861679 3.02292260175818
0.857646657664191 0.765119366690215 0.724736584288621 0.68423556811581 0.554896136804928 0.0696696120030538 0.103851103290253 0.0979598055437236 0.287742844648164 0.575262674374244 0.170391609515264 0.619334548446204 0.55899234394019 0.525119231497229 0.324910792642186 0.226849373575533 0.272450653255873 0.369446297554532 0.566688769367829 1.00993911178193 1.13331248130066 1.22426192280045 1.34258170692192 1.47023539238944 0.998448653206196 0.374578964510874 0.428087517320819 0.476412385069125 0.666374933643965 2.49767095829156 3.87292980121856 3.87732000763208 4.52849460452853 4.57522047690873 5.13173080071283 4.96653389927815 4.41168259658298 4.10794539493509 3.86958792296355 3.57352183164039 3.43777728357963 3.19036604832945 3.16350752473227 3.10770388387027 3.10450359393144
1.08085081944864 0.993516762150648 0.741521729992201 0.675790057840686 0.437493535514477 0.0615702855952804 0.0769181312989531 0.204704887664775 0.477784351460286 0.115449020313463 0.464372762962739 0.116294037695752 0.587357142649125 0.345416401160037 0.339989499934745 0.414521714901639 0.384687114546978 0.346988393175707 0.463454884084058 1.04614048927942 1.30911345657125 1.22983129168119 1.25524455421555 1.16704420639735 1.20139200805625 0.705047017618199 0.557460025447654 0.558073408683413 0.872214463015553 1.61102797937929 3.84181025856378 3.00147900725278 4.35084950186138 4.82422811001015 5.43190851021791 5.20825391868129 4.83489931320946 4.5583707969854 3.84499347319434 3.77598205795948 3.50726168471738 3.23881722033548 3.13078541967116 3.18613921990618 3.0972733584349
1.66324486735903 1.32305655779419 0.766231980946941 0.651122546287297 0.105987323024692 0.0515947447752296 0.200072779080074 0.469322521894355 0.46580321577494 0.482938674394973 0.81696351935534 0.889682096385513 0.49881313861988 0.443032389739528 0.351961746218876 0.381708626719046 0.38382702268791 0.499108703024831 0.553875830064499 0.70907593544689 0.76495193025039 0.869424560960397 1.40183032340246 1.32851781177123 1.43534702101533 1.02859909247854 0.547351986824651 0.695459312737512 1.28103521456069 3.3104524591181 4.45183686861128 4.68866222036013 4.68153228212032 5.0005349512503 5.18538533287938 5.08150074165314 5.02308199611434 4.71967377961846 4.29430213625892 3.98250184753124 3.56779547655606 3.31523619570362 3.10723517941369 2.94617146391829 3.02811603705777
1.50368553022417 0.849269977152289 0.383409737082729 0.101948108067518 0.0771151851495233 0.182011980314201 0.367075429949182 0.496343152008194 0.389597512821638 0.68670131622639 0.806641955023224 0.587979446208919 0.55942461858649 0.426349285589822 0.454780712971115 0.415277612773934 0.420572889197501 0.432466922120511 0.590539360928233 0.67162636150897 0.714054768423011 0.700739583407994 1.42091989710025 1.7321972877653 1.32909786623259 1.00094522974814 0.277560019640077 1.18688202201156 2.65246740855218 4.15440553024382 4.62605537722993 4.65944671122998 3.56567009112041 4.77857818987104 5.24492818658473 4.59567585130571 4.82181039114948 4.51185075871763 4.21951869611803 3.9599158699275 3.68559100479615 3.31418488167401 3.0896886728442 2.95429176458128 2.93798794155009
1.10417495443471 0.604561529598868 0.138239494617665 0.178346824668552 0.182516994527759 0.317909863497334 0.496610018672072 0.498119283292908 0.539900296644191 0.649835563308443 0.570144188714039 0.50096507948183 0.463808363747376 0.408444248932938 0.433527137829515 0.546385431334784 0.379697136395407 0.507581511556054 0.538123159458337 1.45673458428064 0.640933342765493 0.655637556747024 0.96134328930475 1.00488566931745 0.90169967370457 0.402859809639722 0.536153631401248 2.11818770731043 4.13574053618504 4.49511990336759 4.57455620926339 4.56796212893096 4.43533006364305 4.56083649987704 4.95364128801157 4.70897394916392 4.56000241683796 4.19963247441046 3.82415792773827 3.66633141038619 3.46933377932146 3.25376150340162 2.93775378486316 2.87131883032998 2.72589270934986
0.792746753631945 0.233612920510495 0.178178117494099 0.0123333819317395 0.278621399047552 0.473562154184037 0.548292168787157 0.480966382383485 0.440626500676444 0.614408742876549 0.498915715070325 0.426772406171949 0.407360604640417 0.415983062794112 0.428464822107344 0.605975989856233 0.415457007420628 0.553892866264505 0.759857706725597 0.628100991434621 0.753247370084864 0.873097693784075 0.859490603943414 0.291943404135964 0.351132064679405 0.238617978155276 0.581162712478545 3.12187103372707 4.37619684998936 4.52786558162188 4.53670065508049 4.57112131698523 4.47968847947777 4.4244087239349 4.57415893833968 4.53376370933256 4.24367169944162 4.01129456622584 3.6308944618213 3.40905344364728 3.28538886697061 3.2034462210504 3.04930318361585 2.84266753624252 2.76681690411351
0.21011595345044 0.271086717930302 0.237196639318427 0.0113489266269085 0.336533656536631 0.469208645881736 0.465400597022381 0.450723749054305 0.422103564233112 0.619022843238781 0.341650482823752 0.45100363149686 0.41754292897167 0.524397206390859 0.489273394123302 0.549952532310272 0.375267183244432 0.352563546584861 0.365482977940701 0.600070805376163 0.731070878828177 1.10338082595263 1.00705186287087 0.573808845729218 0.508336475832039 0.567319033507374 1.23718467511935 4.20125837081287 4.53946638299385 4.65674176484754 4.70300140295876 4.56494241007022 4.43214436018025 4.28565464790154 4.37058492389042 4.24912745074835 4.01188373689365 3.73890747505357 3.45173186178727 3.18292514657514 3.1799254438738 3.13748384724022 3.06129186992621 3.01033955929597 2.79736422453425
0.187444991752272 0.162880053949266 0.0760582563543721 0.261001946910255 0.277235957582889 0.404800182877807 0.329273894749349 0.386295032512862 0.539847414074757 0.51127109418303 0.507625282807567 0.456734060207964 0.391099776607007 0.440590330981649 0.418250719576463 0.606009800321772 1.1926071747439 0.189884391602391 0.385867473596591 0.447158598035458 0.592137245348567 0.675289578794036 0.324812742746872 0.207360109016008 0.361847231943102 0.588516786592663 2.76627817765984 4.28589722105244 4.553307489914 4.72177365918469 4.72520900621021 4.52052691434801 4.27062554445001 4.10332276624104 4.22070119384443 3.8458335930045 3.66127095003321 3.37849705465487 3.13722968166985 3.03754196738737 3.0684706325701 3.03353790877736 2.99898573121027 2.89278051968722 2.73530183312687
0.217617648331725 0.257299861686988 0.300112757713578 0.366276920999553 0.250475343364087 0.249952395279252 0.235958962093719 0.509433733896003 0.460320839010819 0.585120355935942 0.595044471992878 0.307652569972561 0.505154905113159 0.367143424455207 0.464232024569355 0.420552283685538 0.469506730951252 0.428108376581804 0.526087198522873 0.861684166920895 0.9910174558172 0.848371509164281 0.354612761839235 0.500517067848705 0.843980860736337 0.840340924696648 1.82002103065315 4.3252778104943 4.78054617633461 5.02067770685244 4.72981225902913 4.48495065938914 4.18095977329358 3.99829384514305 4.1107469733106 3.73822322944761 3.57212219023495 3.4167157500633 3.24720363278175 3.14631629316864 3.0943479432608 3.07998439166113 2.98609853598464 2.91321423537738 2.82335441534087
