Model input/Uganda/surfacerunoff/surfacerunoff_apr_1.asc
NCOLS 67 
NROWS 67 
XLLCORNER 29.5000000014144 
YLLCORNER -1.49999999936061 
CELLSIZE 0.0833333332926796 
NODATA_value -9999 
[rows 0 to 19 of 67, columns 0 to 44 of 67]
-9999.000000000000000 -9999 -9999 -9999 -9999 -9999 -9999 -9999 -9999 -9999 -9999 -9999 -9999 -9999 -9999 -9999 -9999 -9999 -9999 -9999 -9999 -9999 -9999 -9999 -9999 -9999 -9999 -9999 -9999 -9999 -9999 0.407877229008591 0.399601593016996 -9999 -9999 -9999 -9999 -9999 -9999 -9999 -9999 -9999 -9999 -9999 -9999
-9999 -9999 -9999 -9999 -9999 -9999 -9999 -9999 -9999 -9999 -9999 -9999 -9999 -9999 -9999 -9999 -9999 -9999 -9999 -9999 -9999 -9999 -9999 -9999 -9999 -9999 -9999 -9999 -9999 0.427341688919114 0.394079320358287 0.355743755335425 0.286911953025992 0.331049574015196 0.355459636921296 0.31382606130137 0.519918059580959 0.453039230706054 0.301671291708772 0.365268102086702 -9999 -9999 -9999 -9999 -9999
-9999 -9999 -9999 -9999 -9999 -9999 -9999 -9999 -9999 -9999 -9999 -9999 -9999 -9999 -9999 -9999 -9999 -9999 -9999 -9999 -9999 -9999 -9999 -9999 -9999 -9999 -9999 -9999 -9999 0.276275265150616 0.295851223199861 0.265099496118637 0.284972972622199 0.267539301603392 0.288924841242988 0.294016825137078 0.359928880698135 0.534067938133376 0.580161195102846 0.468619105049584 0.320241269491817 0.501365258969599 0.488896615934209 -9999 -9999
-9999 -9999 -9999 -9999 -9999 -9999 -9999 -9999 -9999 -9999 -9999 -9999 -9999 -9999 -9999 -9999 -9999 -9999 -9999 -9999 -9999 -9999 -9999 -9999 -9999 0.365494795460108 -9999 -9999 -9999 0.219474738969438 0.246428361151629 0.248050116624654 0.295915363949462 0.298135964840185 0.302396921597392 0.306121884477761 0.395381627640745 0.408153056923766 0.564724506148195 0.565650583666866 0.467025776742958 0.546751606634643 0.298724073218182 -9999 -9999
-9999 -9999 -9999 -9999 -9999 -9999 -9999 -9999 -9999 -9999 -9999 -9999 -9999 -9999 -9999 -9999 -9999 -9999 -9999 -9999 -9999 -9999 0.388111921893142 -9999 -9999 0.324106234074861 -9999 -9999 -9999 0.168654519939082 0.169907103099831 0.289776305180567 0.478564097647904 0.554875878151506 0.551751871171291 0.329218070874049 0.422711990722746 0.383886092095054 0.374995780930476 0.352279151684343 0.322557686558866 0.305833701077063 0.326677908105921 0.345321821896505 -9999
-9999 -9999 -9999 -9999 -9999 -9999 -9999 -9999 -9999 -9999 -9999 -9999 -9999 -9999 -9999 -9999 -9999 -9999 -9999 -9999 -9999 0.689964370394591 0.533990706571785 0.49029578030968 0.273483281489462 0.248471483246249 0.279840588518709 0.260287491983036 0.252075118169159 0.184435532673888 0.174800906506789 0.212316901070153 0.238716676449258 0.530134681866912 0.550412662960298 0.530275394339697 0.647523240331793 0.656253420856956 0.382497995815356 0.369153220162843 0.394704300106241 0.314763788082928 0.240076672071154 0.360419923708832 -9999
-9999 -9999 -9999 -9999 -9999 -9999 -9999 -9999 -9999 -9999 -9999 -9999 -9999 -9999 -9999 -9999 -9999 -9999 -9999 0.415660274029506 0.704728286109457 0.638092976259941 0.522287107742159 0.467486127035954 0.30099369769232 0.144128530791932 0.13780703102384 0.309929361264949 0.293991450234898 0.212680701679346 0.344130265602871 0.21146793119442 0.268384579612757 0.253255944244302 0.523683024766797 0.547415843357157 0.686413754920068 0.716701993951574 0.408153413445689 0.441454096289817 0.401625363338098 0.533890020960825 0.409138846407586 0.274839687790518 -9999
-9999 -9999 -9999 -9999 -9999 -9999 -9999 -9999 -9999 -9999 -9999 -9999 -9999 -9999 -9999 -9999 -9999 1.07766175278812 0.442287999703694 0.415199954659329 0.421715797983779 0.666324668600282 0.51069251185254 0.0825891028739534 0.0137259295556191 0.17300149465882 0.194251701259418 0.432703774094989 0.441733585830661 0.42143810833295 0.385359675874497 0.429077255830634 0.235053135384078 0.250510364821821 0.514080965331232 0.59940921892121 0.624387169409601 0.650302682515758 0.383113566385873 0.418650087340211 0.384530241717584 0.369393628261605 0.46082185326668 0.316459456826124 0.291084964828769
-9999 -9999 -9999 -9999 -9999 -9999 -9999 -9999 -9999 -9999 -9999 -9999 -9999 -9999 -9999 -9999 -9999 1.0729702826211 0.520843661433901 0.453290308996657 0.464003501292609 0.75018014467787 0.554050147002272 0.38752176124035 0.255641996886879 0.186952284593644 0.39664366568104 0.455514586974459 0.449590744210582 0.437075508671114 0.437829080965457 0.471490674499364 0.509587740452844 0.262285691860598 0.284603842828801 0.587509524848429 0.649671816972841 0.666071997329709 0.402653740366077 0.432341711530171 0.421023114540731 0.529029958670435 0.363451071734744 0.33297104664598 0.323766572819295
-9999 -9999 -9999 -9999 -9999 -9999 -9999 -9999 -9999 -9999 -9999 -9999 -9999 -9999 -9999 -9999 -9999 0.660282554235891 0.520444710673473 0.469289536340511 0.821123263449408 0.668863453938684 0.145955169912781 0.0277447431820121 0.26091818358509 0.349566304521431 0.319997848237108 0.294558425594005 0.290809105990775 0.48267843112626 0.484245078496315 0.522947319041123 0.543170855053177 0.303747120142361 0.28106859735999 0.310252385133936 0.603513463829586 0.624645716015948 0.765670481996494 0.596196467085974 0.604553420998855 0.426893710937293 0.538094525836641 0.497319776513905 0.364352580618288
-9999 -9999 -9999 -9999 -9999 -9999 -9999 -9999 -9999 -9999 -9999 -9999 -9999 -9999 -9999 -9999 0.551734190139541 0.594494351389585 0.502119042721461 0.408870978844789 0.716736998583656 0.202105846369705 0.319206040785502 0.0201384828386608 0.00827806992420577 0.578323298213945 0.570799244997033 0.570747374695202 0.549978613889834 0.540731895853241 0.541290181899967 0.571282345845248 0.615037732131896 0.729147684069176 0.331515938796656 0.383329116630193 0.354358608547045 0.709261636075098 0.651315163850086 0.665649757138453 0.458132461062633 0.437824835898937 0.400984873522248 0.533542630364536 0.517944085004274
-9999 -9999 -9999 -9999 -9999 -9999 -9999 -9999 -9999 -9999 -9999 -9999 -9999 -9999 -9999 -9999 0.57403561368119 0.64001247210399 0.522345178069372 0.371567120055261 0.712746716089896 0.375083528297182 0.0279813332610956 0.321400898428692 0.37823832462891 0.668942547235929 0.618611133177183 0.638708607766603 0.639174029856804 0.344321694228711 0.639764075458515 0.663671106849506 0.680485068187409 0.745026220101863 0.719504628250434 0.383959596092609 0.389843685297819 0.386312683986034 0.675706463880488 0.503104328345216 0.492249783746956 0.447058038844261 0.389769107641769 0.366981407751155 0.376206750843266
-9999 -9999 -9999 -9999 -9999 -9999 -9999 -9999 -9999 -9999 -9999 -9999 -9999 -9999 -9999 0.585209700147971 0.564606649732013 0.723458614629635 0.571832349123724 0.893941509275464 0.608247832133202 0.0615694764860564 0.0388874879106993 0.19795199273176 0.688799995259615 0.625676132585795 0.617140875874611 0.667488376166148 0.706797205566545 0.441616469288419 0.393631966744579 0.782586163040833 0.370083040252212 0.402330445012922 0.530527783666912 0.477813474390132 0.428204781201202 0.458149191217672 0.454090049970546 0.505157345287444 0.490463689857279 0.458722866824246 0.413936732911679 0.337296484758554 0.32315308590114
-9999 -9999 -9999 -9999 -9999 -9999 -9999 -9999 -9999 -9999 -9999 -9999 -9999 -9999 -9999 -9999 0.711308937752619 0.895485656656092 0.520731228789373 0.852243007102516 0.250052492447139 0.0242448705805032 0.00750776664126818 0.396193593587668 0.673929319418676 0.674794512633525 0.749400579479698 0.769581782151363 0.382528195586929 0.439328080119594 0.489703390485374 0.534849255927838 0.460470567304583 0.549079994925705 0.539051860869222 0.622963935711596 0.67256343572808 0.425282285505091 0.526545702086878 0.427299517468782 0.387762244827172 0.464360437945288 0.428439356255694 0.360600322892424 0.34068217883032
-9999 -9999 -9999 -9999 -9999 -9999 -9999 -9999 -9999 -9999 -9999 -9999 -9999 -9999 -9999 -9999 -9999 0.861232774695964 0.909422768017976 0.195079701484246 0.199755434039162 0.325613959375914 0.220152085375958 0.661452807435126 0.630894262940274 0.696633814186498 0.710055161107448 0.734949517209316 0.488036663227831 0.554643895156914 0.596008958382299 0.601175063820847 0.494765203256975 0.573486278881319 0.62042854642641 0.65994808664982 0.521278548148985 0.680163328979688 0.498762253300811 0.482780167658348 0.43386580364313 0.486458905470499 0.620150440227007 0.675982815664611 0.632556959317299
-9999 -9999 -9999 -9999 -9999 -9999 -9999 -9999 -9999 -9999 -9999 -9999 -9999 -9999 -9999 -9999 1.1452641683718 0.801732627223828 0.612881856795866 0.730785383893817 0.359159442268719 0.0306074318530136 0.00264567362862067 0.681110089317372 0.600404368015006 0.612096413533436 0.660562809571275 0.714993145265908 0.439290191025066 0.458905655250419 0.592217554185481 0.545888201486378 0.699654409800132 0.87160484144988 0.994298989098752 0.669299688524916 0.529806035956426 0.606382644036785 0.534171374965808 0.442133822616597 0.669480448777904 0.63448430137214 0.707152636095998 0.670401690513245 0.638245761365397
-9999 -9999 -9999 -9999 -9999 -9999 -9999 -9999 -9999 -9999 -9999 -9999 -9999 -9999 -9999 -9999 1.14799949005828 0.758347743612831 0.720595240636612 0.714634276846482 0.401375126784842 0.0283455639618069 0.00391810206146204 0.231935419606089 0.581649339437718 0.5817073979415 0.64020939043985 0.671515098474629 0.410176065997803 0.442965326328704 0.529083719811752 0.574023710214533 1.02475181847694 0.82456947893661 0.70435784982692 0.701262855727691 0.630388502941059 0.526265872395015 0.555982211153605 0.500305417517666 0.387223120014824 0.396797938265081 0.363292055226339 0.338625844960916 0.336603957293846
-9999 -9999 -9999 -9999 -9999 -9999 -9999 -9999 -9999 -9999 -9999 -9999 -9999 -9999 -9999 1.02334046641772 1.03916252555791 0.688450570123678 0.488912810396869 0.660608119687822 0.309938393002085 0.334660431235534 0.00689980877721652 0.237756839396752 0.379583213998558 0.52353733099153 0.575684605792048 0.628567424428184 0.467561114419368 0.457996853583609 0.620185402112838 0.67848641447199 0.593438342548325 0.684540366819419 0.590022136748303 0.716227115844958 0.558414225451997 0.53291302810976 0.498882563988445 0.47700548384455 0.45922728622827 0.365947505088116 0.367632049801614 0.398483354729251 0.350794939549814
-9999 -9999 -9999 -9999 -9999 -9999 -9999 -9999 -9999 -9999 -9999 -9999 -9999 -9999 -9999 0.705715434378362 0.907342671780498 0.670299958983378 0.408726423302141 0.515865991474129 0.34569804347484 0.272047307134926 0.296004871415789 0.18940016570923 0.316056845349522 0.514225906044885 0.563484687518212 0.637695956356765 0.401694999254687 0.45671571206185 0.505954462823865 0.636968458820775 0.688479854034085 0.663475115288747 0.554150722564373 0.562571385671617 0.628852369118249 0.527515377143573 0.495334466904751 0.548097141290782 0.704768566720304 0.529758910488454 0.317866039949877 0.362872480309306 0.407323975650797
-9999 -9999 -9999 -9999 -9999 -9999 -9999 -9999 -9999 -9999 -9999 -9999 -9999 -9999 -9999 0.605374942097114 0.902374111319659 1.09605602483498 0.497988977258501 0.395243759157893 0.326973831306532 0.23794023559276 0.43746447772719 0.228615064770565 0.242044844753764 0.292332422304753 0.487993469050707 0.551922931663285 0.390135081488552 0.432124025792291 0.472008406177338 0.499216492244159 0.9325110258942 0.761115256864286 0.767565496971656 0.8464192487736 0.830192271678243 0.47578127032466 0.469031509965134 0.462755548142013 0.412692802456149 0.720563442882849 0.633780889074842 0.522902652846824 0.362419294106076
