Model input/Uganda/surfacerunoff/surfacerunoff_jun_1.asc
NCOLS 67 
NROWS 67 
XLLCORNER 29.5000000014144 
YLLCORNER -1.49999999936061 
CELLSIZE 0.0833333332926796 
NODATA_value -9999 
[rows 40 to 59 of 67, columns 0 to 44 of 67]
0.326573160691623 0.21751777649115 0.175235047663591 0.0881417140590202 0.100520714340746 0.144640096777948 0.248101811848755 0.409464257245418 0.513993240929267 0.504171573993517 0.409345882872003 0.819067539850948 0.732235372197465 0.724122241081204 0.769967356973211 0.694213867973303 0.72267149334948 0.481127225611999 0.657281514577335 0.609399489803764 0.547007704881253 0.509388661157573 0.52141878495604 0.164297276138869 0.20659744164922 0.371876731151133 0.175391102857247 0.134005889549371 0.198604170236649 0.243846986904828 0.310645291847322 0.429440859079477 0.299210822959139 0.62942423937784 0.661068916997465 0.677311824802018 0.52866040095978 0.547107556485571 0.549675671209116 0.601464893406956 0.531687989678176 0.571582850170671 0.499757597935968 0.772873847381561 0.727240772903315
0.25866985652101 0.110208378600873 0.171788122315775 0.115681154284175 0.195129008488948 0.252569223903265 0.534034208612866 0.438957034930354 0.635891907222685 0.583762327551085 0.392850494790764 0.514022928655322 0.759918129915604 0.805557212515851 0.792083077612915 0.640807831587153 0.606511974183377 0.483375090880145 0.373632734408602 0.41644940893093 0.275840163340035 0.522807100423961 0.508301910485898 0.228961857394266 0.138060451683311 0.139225061397061 0.143187635558206 0.416266491811257 0.379878262265265 0.410280728829093 0.258221136391512 0.506098239384301 0.458094532405084 0.427292492076958 0.438717202086991 0.437859668181773 0.470288036922284 0.526428337252582 0.473449728815467 0.546440952348348 0.530294768395834 0.557722342819034 0.494665582664311 0.816608904642635 0.732848107872996
0.137876768121714 0.263927410287579 0.189289025456674 0.21360954406191 0.576258459659584 0.598611462010012 0.376557364688779 0.507272466165887 0.57023462431971 0.491284880808962 0.594864943195716 0.518592440130305 0.55701842848066 0.524337655406271 0.558301310775278 0.482492931041634 0.461218740383629 0.376981347471883 0.329853602124786 0.434581053923466 0.378664653908345 0.18011740848678 0.206092965452598 0.189960841178172 0.118303362210345 0.17951551888018 0.52927407068637 0.377093661427352 0.239818288491733 0.132842032060654 0.360526735676103 0.537351716047851 0.541991269528808 0.541512247764331 0.473687813610013 0.423593755385809 0.434924520959612 0.49848404887598 0.496111280881451 0.52674942980957 0.52372409390955 0.464972822101117 0.426022820647631 0.437691413935681 0.605442886808305
0.242482199155347 0.304811887872347 0.314979767608747 0.668687716824934 0.586805954299052 0.426801327193971 0.355369956650975 0.485962403217854 0.397571870053071 0.225122691517754 0.519894362696505 0.514570801897207 0.342856977567862 0.272436175009716 0.267168338950796 0.201958142332259 0.368826234534936 0.194206977539579 0.322867021623097 0.178039734549884 0.159504206081781 0.14019596394059 0.131689541959995 0.108102455587095 0.134580760727587 0.12198104967312 0.15707671083047 0.169946938111565 0.238385258477136 0.294286460063659 0.493372554956295 0.37360663554864 0.640184095573204 0.581763836635218 0.584281845476653 0.535055231921433 0.557656492674141 0.561996695068956 0.532780024514068 0.560753507670597 0.557988282707811 0.441198906173668 0.215285534977738 0.45348286312219 0.742488235118799
0.271327099653718 0.309437237774546 0.30414344428209 0.791506996392854 0.407453963020998 0.373767783457879 0.229463008508901 0.556620272618602 0.133163555346982 0.25838854844551 0.419342651184706 0.357627948687878 0.229519042250104 0.247709288260012 0.210654116699002 0.204743128724469 0.160936437846759 0.211097615306244 0.444468077034799 0.252219360277195 0.122567371702242 0.103033106711781 0.178444995555083 0.353186564780117 0.118597887823091 0.162041037741645 0.229873246794826 0.395447263713322 0.193560117310199 0.228410231677856 0.44694756707031 0.482096057567105 0.663149771753524 0.636275472970738 0.62541678926209 0.602359187723778 0.784459922215319 0.741887701224186 0.64693893364165 0.620672407421807 0.686213244080136 0.733989396394463 0.399632403059513 0.446821017249022 0.889393357283552
0.139835300160485 0.228876288474567 0.273627568731172 0.659261532746314 0.270306262905251 0.457201013432496 0.454635612186394 0.160240328568761 0.101346455551266 0.0705860720700002 0.27715095120584 0.214257948982777 0.237970193893489 0.203472425569007 0.183630671078433 0.165131371240246 0.140242637039378 0.143599653771531 0.187316324954168 0.214667155944426 0.339511696438421 0.211559387622628 0.206158622290786 0.39016246034862 0.323024140129746 0.190232299822624 0.3427314922817 0.192772142079467 0.225074331258845 0.367918032679881 0.520029491781315 0.519587245435105 0.728930168406805 0.678228210745146 0.4561872647173 0.615558796198457 0.869399029397755 0.890643838829419 0.794294852312305 0.352014030795544 0.377793568986817 0.367536003068381 0.400205063670001 0.932695071242051 0.885290909081959
0.192977542610606 0.234668029406748 0.473254587632255 0.585935857998265 0.564583838240651 0.42786595349753 0.427042301453184 0.0263455249296385 0.0102923152809353 0.131517368117784 0.232176153758701 0.256208090377186 0.22098315207586 0.177351129053704 0.147113606531649 0.148356562154145 0.131328523934826 0.234617051546593 0.12601000710788 0.165850504419751 0.187441981644554 0.458014337709756 0.409969679481037 0.329150449829285 0.540245081765534 0.59123870755684 0.49825390146907 0.193138333868387 0.248855445306617 0.488328229039325 0.483995293507178 0.510337322339183 0.518270357133588 0.531304024661949 0.497993223689264 0.48546989364695 0.605465077569534 0.949682653299533 0.627857263680198 0.316546888825542 0.546079714695225 0.337258670242591 0.918289439141518 1.21110707777916 1.22145101511251
0.297729397971125 0.25014407992785 0.499501407830394 0.650522857540636 0.673547243422945 0.620713652097038 0.153525333644211 0.00810957491204078 0.0156424902630903 0.160304632117914 0.22560247725778 0.227933330961605 0.205547364885206 0.1955102568445 0.235736346894555 0.237169251704472 0.433616532518499 0.31750948392073 0.143662820963897 0.234952502934024 0.212771316521448 0.399219607402301 0.533191107933817 0.389881217415677 0.48057963795145 0.389457271069205 0.297083014103805 0.205527064255806 0.314940992893753 0.483763628835732 0.44356548187352 0.496480955916923 0.585876570767141 1.0304659826943 0.967350159044145 1.05037758658 1.12037120561581 1.19000886888898 1.03863046115293 1.00757422296738 0.930571949311343 0.502430467349768 1.02407431404572 1.20765241086929 1.24678956461821
0.348559762642253 0.28355543872749 0.368692873053078 0.183713032129162 0.206117186280608 0.23259150202648 0.168118136684825 0.334729285214053 0.467156321064977 0.325071437146107 0.320371148518461 0.270546471710986 0.227741476010124 0.300225405680976 0.288288785668556 0.280229588497605 0.286545975086483 0.162985165502505 0.237805314085474 0.210464665628907 0.154967390473312 0.26975087075698 0.378688880459777 0.269760969104027 0.610946322694872 0.50760807602046 0.457585008462047 0.46214982330639 0.606132060056552 0.469666070785024 0.420005344494712 0.818671491288114 1.05156105746573 1.15225726767676 1.4576717521777 1.58225853192562 1.74652298846922 1.51973219180945 1.2821890304906 1.21162604796154 1.36285554481219 1.32381180583252 1.28116455130112 1.22389139471579 1.22083121044625
0.159583235699756 0.146197179219598 0.133447602820524 0.0880825286913023 0.0872307690542584 0.0866117328541804 0.0316306194179106 0.167918540000755 0.506220191709872 0.240884115783047 0.258018850217923 0.227264135901351 0.233141043736396 0.318930347475543 0.286903885807988 0.213379621754939 0.295640048079804 0.235738511491945 0.105298731463213 0.210929236630755 0.208072428170877 0.16899747066812 0.258469709777387 0.314261137049243 0.525546406379362 0.761741654059733 0.254446962344446 0.689646391947463 0.530999468423943 0.409322293307923 1.09274200985965 0.826823802526633 1.25599922648689 1.41551477327084 1.81981889409144 1.90587380984653 1.7615917704461 1.6917485409067 1.39600095963033 1.42393729220203 1.37428256539351 1.33849687244947 1.32186258883848 1.16205808365066 1.1217819369449
0.345837335771648 0.394164735553204 0.53703740900346 0.244051227866748 0.0795133718156649 0.0567476651553989 0.0967801309457172 0.0548160667221964 0.114699461278178 0.19033193643736 0.242073590243308 0.237254228750317 0.253990412147687 0.32870126369744 0.22702969454258 0.150118971987467 0.261536930793227 0.468954824100365 0.0888108156246459 0.193952056472005 0.183703375326943 0.233438989567958 0.233692050997547 0.357018665283704 0.525104183225267 0.429255782364635 0.385309933790268 0.373764733012649 0.605547443228716 0.984977855296165 1.13866227934523 1.34620525642504 1.70104678318239 1.81334511796649 2.06480450333402 2.06314661909346 1.93449044218141 1.71063528071613 1.44366744734725 1.28542184404523 1.38566922527161 1.38906015263274 1.33009103501536 1.27356217944907 1.11865152211976
0.750143910295265 0.637547354244816 0.592574501752097 0.447915327043802 0.323924410736254 0.0318774432912505 0.0502506805446501 0.0492237097660109 0.167917422913888 0.309299553009623 0.068040389635371 0.361432806130324 0.416675964061142 0.400375065964909 0.232077835335076 0.166694080917296 0.195878513522985 0.265314566149755 0.198728387431402 0.188013922363506 0.249824158494505 0.240367808397868 0.302589602540593 0.440365858480618 0.15881349610268 0.315142908220878 0.381709236535244 0.397850637455122 0.638931434878032 0.858651666476362 1.28863353165798 1.38652637804171 1.88684281329188 1.92197784986092 2.19232525751067 2.1409022001535 1.9521028990539 1.79370654905142 1.69851003443 1.56869956072114 1.43498434908906 1.33907394035759 1.3422773045022 1.27475057388438 1.12572679950063
0.900392871471922 0.781538978685603 0.530564922485155 0.438454228984142 0.247373915726712 0.0390007043620244 0.0437918988041019 0.140744993132103 0.257653637163457 0.05216673456232 0.231078179012911 0.0693457412239695 0.422048407926923 0.265409762505442 0.254812472121557 0.311314591272094 0.284053714494803 0.253837360560283 0.226762774218514 0.29001787083871 0.284632236756011 0.254836367417965 0.248821951638667 0.184501282782176 0.188249555584025 0.309096805267473 0.446339548943797 0.409800170928065 0.703968547895784 0.937445324780128 1.35118667185452 1.19866179534256 1.76614083716231 2.06558227864662 2.41707386976486 2.27014593338026 2.16191497838736 1.98139345820891 1.67039321013362 1.5958267441647 1.44922740332731 1.32589340273626 1.24102883194155 1.25991087224975 1.14160745806657
1.25183090040082 0.889902432732015 0.481649471794299 0.354274704818636 0.0607373094112518 0.0443023927800823 0.161122485451415 0.346977405115467 0.345833525443595 0.322875620895502 0.290693766373806 0.424961016506131 0.365805538422137 0.338162690241006 0.268307997430384 0.293389991838922 0.289703672024189 0.298208756248641 0.304829305150633 0.340145445989037 0.216790810213752 0.210908139592902 0.264657676355168 0.214169521730451 0.2333376166858 0.30459014533335 0.422347185121907 0.544177893061715 1.2137978010287 1.7494258700026 1.47968503836182 1.71195935533319 1.86500484164753 2.584213629234 2.26804501835431 2.14165132774724 2.18817126233262 1.93930035356971 1.78666385545512 1.62119254764548 1.37889972063476 1.29627721560155 1.20636377687333 1.12122235623247 1.14827779748339
1.07693286463473 0.589062356652903 0.245521867213938 0.0891615585487671 0.0668100996108478 0.141410996320701 0.299721100418537 0.382162885671278 0.270701979843579 0.387868572488514 0.427962803769333 0.314704182983405 0.36628377984016 0.325161495766224 0.313111250761722 0.271848401553143 0.266439539700514 0.265840312749788 0.330853628838668 0.336233744292258 0.223062499912885 0.277719029327272 0.363738878377262 0.303886910357626 0.201640864888386 0.351395639825114 0.218283710637479 0.950433264733874 1.24739127022622 1.21333086440245 1.5461505845451 1.63829812345284 1.46159060568607 2.07534313358337 2.18058183918401 1.92715281536948 2.13666556646785 1.82758884466239 1.65247537279356 1.5356364060608 1.4100531288932 1.25214309150579 1.17736210381736 1.10578591397825 1.10175968347903
0.787428394005474 0.436999182511499 0.132738204683847 0.157145048660823 0.155785636934525 0.253493662512483 0.411837380852376 0.409277117796591 0.425468065259338 0.459130431408994 0.357355597770947 0.31297711575462 0.315499511543749 0.272285578830633 0.265104074969713 0.352426432982611 0.202881899895146 0.296206123039156 0.271244015038974 0.923404048080556 0.19911193498956 0.223634267058515 0.29561550127255 0.263472032656864 0.258338189269125 0.191063709735317 0.454854417512252 1.17712708743056 1.09406059101502 1.30959547641396 1.48442919521585 1.55486576446151 1.62953804084509 1.69748665416591 2.01098009938505 1.84407801816633 1.81996928995432 1.62997838151568 1.46470012441569 1.33969891157903 1.29992074107577 1.26059527656253 1.05937743512641 1.00545546456488 0.960129015425082
0.597833728079422 0.211340398436732 0.171040276200074 0.0069889984608551 0.222219781335298 0.403550501687278 0.493537461807136 0.43362175438233 0.390527829040366 0.493422484396433 0.325148589581659 0.280115826171823 0.270107349024329 0.262306276454183 0.306407696371025 0.436931565673149 0.267162836280477 0.351800135831581 0.473949810839258 0.270212640316458 0.390786196476256 0.39668723820796 0.421805215410131 0.258488759754982 0.294362387194269 0.159923342934576 0.500053477480833 1.2609523600986 1.15630921709453 1.2992361716897 1.43089104642513 1.54321727788442 1.59843238597546 1.5982373058705 1.74280384362646 1.63949698219312 1.62107517826371 1.48312629562497 1.34532020319966 1.23789165718335 1.21485704084989 1.16803263108523 1.07839925749431 0.924411021856031 0.925315578342634
0.203569981295004 0.206849720598257 0.200841623609449 0.00520148938853993 0.263662139786902 0.411289621297328 0.425185125095595 0.410191021728679 0.379894716388662 0.510117242811248 0.226446981741901 0.330253996708052 0.261058867181418 0.317743057621556 0.343695952324197 0.378777865989832 0.219098419393049 0.13992763956594 0.161525073281155 0.331789982283226 0.340238565058826 0.474170971756394 0.502111480727763 0.516184562911803 0.483808184071677 0.509042607518495 0.80798097042134 1.13443133705005 1.233864311871 1.3823911685904 1.50148255715976 1.44178373861337 1.46464334574148 1.44253807644645 1.59302056590604 1.4808449885777 1.48885142198196 1.36092749562522 1.22571157953644 1.15149174826001 1.1298718964099 1.09405883085856 1.04327522649328 1.01057152573958 0.89420077063096
0.137996675448449 0.103538135022063 0.0474460032933166 0.145854033235082 0.232256745675841 0.345063573604421 0.294711694095895 0.346929804436513 0.447577192062454 0.440666386566591 0.418895450820855 0.330508402839769 0.23319692104451 0.258921183103666 0.258377991485759 0.371501339031965 0.909611679162481 0.160668471380632 0.304588927974692 0.212840620861243 0.234263814945734 0.30035228246561 0.266346843091014 0.224621303118511 0.308689384382888 0.514373941769009 0.870658212988928 1.06131974189339 1.24920302278042 1.37706573332252 1.46127525226802 1.43172044374751 1.4007376746008 1.40345907220762 1.50720284227646 1.34597157091321 1.33405730730374 1.22351131312826 1.09626624248449 1.03213952979786 1.0444703552821 1.04614457450225 1.02163563042268 0.959972268447018 0.851253522455409
0.130129537183166 0.0994070574051875 0.0959490256136064 0.128758249530847 0.195706209069613 0.207421039249311 0.193021696759388 0.39539698354929 0.396286181967298 0.479948728752788 0.438682952335512 0.215082766089836 0.332777764924685 0.214666125430085 0.309801762341522 0.377964760446048 0.337357801072358 0.26817433490578 0.290927539026598 0.456901159850531 0.530303001141874 0.372526846149412 0.327547258166305 0.52541318382282 0.906652211597248 0.658955306789721 0.79768559862714 1.08855974849575 1.1802441299551 1.27665099705609 1.29556318832869 1.34225707483893 1.28781356812624 1.26913050340249 1.38704935625356 1.24729962283254 1.26985861516005 1.18304583384088 1.08977291802148 1.03597420024926 1.04501478995189 1.0293727896169 0.99659601823987 0.963954263852429 0.827190097311359
