Model input/Uganda/surfacerunoff/surfacerunoff_sep_1.asc
NCOLS 67 
NROWS 67 
XLLCORNER 29.5000000014144 
YLLCORNER -1.49999999936061 
CELLSIZE 0.0833333332926796 
NODATA_value -9999 
[rows 20 to 39 of 67, columns 0 to 44 of 67]
-9999 -9999 -9999 -9999 -9999 -9999 -9999 -9999 -9999 -9999 -9999 -9999 -9999 -9999 -9999 0.490834766424086 0.607368673627207 0.69137297123234 0.58852515394392 0.881446235325711 0.592938731642789 0.435222357282328 0.491701370265218 0.708412345375109 0.523841541962611 0.6349432760544 0.779453840550559 0.898713932656392 0.783463334300905 0.665772376123641 0.545664339369978 0.58165473092231 1.10251592923305 1.12390639151272 0.912555387913017 0.999058296656585 1.12463690675213 1.0871618778765 0.563890001103573 0.785430835094303 0.996018450678093 1.05763383726298 0.853956989885774 0.730015446606558 0.510341471454012
-9999 -9999 -9999 -9999 -9999 -9999 -9999 -9999 -9999 -9999 -9999 -9999 -9999 -9999 -9999 0.517427825798222 0.585498391956207 0.540685262421903 0.39367929321088 0.600108357502904 0.540277339496242 0.479203777103976 0.846111353439483 0.607247864991223 0.528598527125723 0.622941157871537 0.818453707324807 0.956009468609409 1.05210248420917 0.747668213080033 0.883462966157822 0.731331572751515 0.888783131813398 0.990679498499958 0.962007090492989 0.607609119469998 1.04355782059429 0.831402730909758 0.817118507256964 0.827306912469794 0.812416838016361 0.639478696939477 0.597683924752346 0.906840556126554 0.817130316136172
-9999 -9999 -9999 -9999 -9999 -9999 -9999 -9999 -9999 -9999 -9999 -9999 -9999 -9999 -9999 -9999 0.566618041375477 0.507263461258844 0.410203012506827 0.398954252887052 0.357451597210456 1.13512483949307 1.06277918439446 0.680607423419133 0.657684060570318 0.70553871410084 0.816444439806219 0.954291400375951 1.05939764944196 1.0331732173654 0.544099264516262 0.850736039865296 0.806894917332102 1.32014654445811 0.915320079002413 1.0282328366884 0.751304187360802 0.904965419977088 0.965676264968351 1.033639515299 0.916399496418308 0.657669000247552 0.583409338105412 0.580477080802666 0.804247260930424
-9999 -9999 -9999 -9999 -9999 -9999 -9999 -9999 -9999 -9999 -9999 -9999 -9999 -9999 -9999 -9999 -9999 0.680013673445501 0.399507433940016 0.391804579521704 0.791178028066497 1.2234008499945 1.54861018017982 0.534761415565299 0.688712725605001 0.773599768763233 0.837644855437247 0.892056271368347 1.06056522690778 1.00217107865319 0.76974234161753 0.786417232120584 0.809373501397204 1.20868768499349 0.842116685817018 0.794480582044343 0.780111373387626 0.990737697065924 1.0040707711596 0.858379133205744 0.642117830466304 0.609377606451744 0.95563376089558 0.876582193086506 0.829960421469877
-9999 -9999 -9999 -9999 -9999 -9999 -9999 -9999 -9999 -9999 -9999 -9999 -9999 -9999 -9999 0.420491034674342 0.340898788181221 0.50442044812371 0.34705382768152 1.07040460079588 1.23482473190961 1.24856551633457 1.14576350551943 0.570026942114055 0.650239089281968 0.731801090751105 0.81591994558039 0.980858761977288 1.034748096572 0.465123465801298 0.749558169445663 0.773539672991319 0.790214687185653 0.829377187983482 0.475145289783541 0.47481563706242 0.91442955272214 0.742052823625272 0.72188402282336 0.893672344318475 1.14897466846742 0.595493401306157 0.995409645838663 0.626586434009369 0.605653869570233
-9999 -9999 -9999 -9999 -9999 -9999 -9999 -9999 -9999 -9999 -9999 -9999 -9999 -9999 -9999 0.280589435533329 0.207037106747521 0.860565058246721 1.11065501232588 1.18040948336784 1.2085500000012 1.13446009635254 1.12720180004544 0.54273374917102 0.725642182715092 0.879465087564313 0.932522009861714 1.01517486473313 0.879694648574514 0.703503370459657 0.739532904844964 0.753460594751232 0.778104397795687 0.680854574056866 0.404329718548979 0.797660231000918 0.611390642916376 0.641220013676502 0.92478700025822 1.17352543020388 1.19627270578349 0.606653009526781 1.04629730412853 0.952632475673454 0.586949956414173
-9999 -9999 -9999 -9999 -9999 -9999 -9999 -9999 -9999 -9999 -9999 -9999 -9999 -9999 -9999 0.291779142571613 1.59163507669291 1.48155909755587 1.07756072839038 1.16009414205109 1.20937926283204 1.13936738597431 1.08456339501117 0.643949500954477 0.526496416114242 0.981382645477424 0.9951208039638 0.861394222738454 0.657977607261273 0.668060821226391 0.641134099168994 0.705028080119519 0.756091442781326 0.740173981284897 0.451471215910715 0.825680697744247 0.904869599253288 0.736800096092338 0.76805321896245 1.33877192274667 0.857430126416148 1.58658328655292 0.657178949040826 0.534577473445097 0.863903092977125
-9999 -9999 -9999 -9999 -9999 -9999 -9999 -9999 -9999 -9999 -9999 -9999 -9999 -9999 -9999 1.50454532558797 1.38181780948798 1.45538914603094 1.04576129479028 1.07243861253892 1.106800531403 1.09509895861493 0.733517052140087 0.433789222370251 0.480666804833163 0.873893194693665 0.72163541426562 0.70089836299303 0.724256410649105 0.701117181051814 0.664375234919135 0.669036532599421 0.704101636983978 0.712097084033303 0.683327973092673 0.716179161827313 0.901295663425117 0.921453442060738 1.31469320058386 1.45747268197738 1.33708888461115 1.48700310546701 0.772484104345494 0.645826891741308 1.0005805415858
-9999 -9999 -9999 -9999 -9999 -9999 -9999 -9999 -9999 -9999 -9999 -9999 -9999 -9999 1.58712241136527 1.26948534216353 1.26631915031794 1.3950310542441 0.927156551938424 0.970776419705999 1.04802432133511 1.02766987106406 0.42008936725324 0.811488222097978 0.590646224736702 0.64499383643124 0.692050216457574 0.77145331306383 0.673574390930298 0.577091303966881 0.55708873878757 0.237753278724995 0.58774073204404 0.582019542889611 0.658578449474589 0.814793704194017 0.737919783205143 1.29867397572525 1.3536139340431 0.935466253395134 0.838036015920807 0.992630608379841 0.648988532702788 0.632023912658042 0.975466145973769
-9999 -9999 -9999 -9999 -9999 -9999 -9999 -9999 -9999 -9999 -9999 0.987749017440365 0.916325605430757 1.81238036930154 1.30484328792591 1.33351683780347 1.28923916781787 1.24415491393393 0.867719518623744 0.903219141548561 0.844867612158851 0.784941697929753 0.77870848144812 0.578344102905248 0.622342153292266 0.632958165624586 0.640058146927913 0.594778890445014 0.607388136813825 0.403400950744981 0.431323724569666 0.200150930936616 0.490391491439368 0.884192659214023 1.08958809596515 1.50426893378608 1.07907665733364 1.04037865912687 0.696296498972515 0.892712573659082 0.553811145437066 0.569104127862374 0.685808276102762 1.53135334494436 1.58078922095228
-9999 -9999 -9999 -9999 -9999 -9999 -9999 -9999 -9999 -9999 1.06991942084278 0.849375152029097 1.30337933114788 1.26507427512479 1.20153105649479 1.22748512171711 1.17990183957772 1.08459239709191 0.428322757358046 0.457054950857128 0.537048127171147 0.535673914782819 0.507021417433862 0.55294388494076 0.607621609560738 0.533550160071172 0.725002219951421 0.645806328975596 0.617863052866596 0.266720468061976 0.487063814034627 0.44669577255263 0.723798307262769 0.415780446928693 0.479210575576872 0.913280962777208 0.605290964358574 0.672861655402812 0.921507899874996 1.4558126722477 1.50081054198381 1.59866570083977 1.5502982732869 1.41814037579024 0.636552366813703
-9999 -9999 -9999 -9999 -9999 -9999 -9999 -9999 -9999 -9999 0.453988288427354 0.731124900994473 0.743144418720476 0.89595696044853 0.84850325674779 0.813717681921844 0.853356405286831 0.368332514085523 0.477854861856031 0.588322499424976 0.599061384491506 0.605256956987432 0.641349262878066 0.609833938142401 0.76376382367016 0.79187718074536 0.76701793295797 0.691212151650689 0.570633046663716 0.280916235965378 0.462458925539977 0.840526785395923 0.855917123772088 0.801324964413652 0.456163579656277 0.460139404822257 0.944035961765621 1.79947023207205 1.55485795767163 1.47279467000772 1.43960651894304 1.49072736894595 1.60383349384574 1.34688605794508 1.27040692041192
-9999 -9999 -9999 -9999 -9999 -9999 -9999 -9999 -9999 0.932741073484067 0.424064152412029 1.00814203142363 0.792967015286195 0.927454959310126 0.928304076978748 0.87434599623748 0.737486331672699 0.428681830726418 0.635530624094827 0.64366302194685 0.582378861508914 0.639227507235773 0.677015189467056 0.790602524830319 0.740656765628955 0.62297778276843 0.797985486315156 0.657181616588787 0.532994130480802 0.513435190441669 0.641212542177527 0.497212005029724 0.933949288082658 0.97845299205801 0.87934009025048 0.812674910775968 0.698774035299721 0.776288642555301 1.01659785559605 0.611280286193505 1.06300947118143 0.451280349352601 1.16151620386518 1.49179544132494 1.38383765170147
-9999 -9999 -9999 -9999 -9999 -9999 -9999 -9999 -9999 0.856790458783507 0.605735408043984 0.949869744999887 0.829500528880089 0.920646677059267 0.912576216478556 0.947705871340077 0.723232422387809 0.492310229219584 0.418697833993065 0.423728205987572 0.524007014519157 0.520336121553555 0.631577909189218 0.639275932371675 0.898831734957639 0.557229013793403 0.551146392353985 0.504627013469872 0.298635514354828 0.456584644780378 0.917395367650897 0.605878129135817 0.502638228681462 0.883009255630895 0.958406555582769 0.749679622458643 0.749274721783877 0.760435844313179 0.518999328050995 0.584990195420687 0.606148522820149 0.487317868191894 0.37264461752784 0.695247713338176 1.07896105691907
-9999 -9999 -9999 -9999 -9999 -9999 1.16941801388748 1.05414277095406 0.959976650847238 0.40182669818023 0.288276310357105 0.635943012184725 0.783340869702442 0.882674559306906 0.93672160164715 0.726776263036299 0.764780405916099 0.531382891495014 0.524570255947765 0.335369501954119 0.50950405329786 0.493292438022763 0.797771209363418 0.553260864762706 0.53976677781975 0.866445786414261 0.831475449558639 0.763791643294098 0.434820361078891 0.833589895592013 0.455877544482064 0.792452351561224 0.8503208619004 0.753096046537394 0.724776523384207 0.831204377391259 0.683031276821566 0.749211202673905 0.792456723502255 0.48982575572154 0.843987052576267 0.736736894850765 0.687694053340238 0.924605543332291 0.474756279800204
-9999 -9999 -9999 -9999 -9999 -9999 1.03190188383451 0.895183631655527 0.437720402260311 0.174301885181194 0.169098122569267 0.236769882803856 0.86349817320297 0.952112699565077 0.698179536811949 0.664580633383594 0.298893075978413 0.29790963344567 0.473674369459332 0.525132839356957 0.321134404202894 0.490547529807372 0.748907038541802 0.772078106820118 0.500794812978711 0.567153480915294 0.78846589258319 0.774441533394565 0.245632376618232 0.408246141432755 0.238566344478386 0.771991620240442 0.72105588606064 0.703432590853481 0.481678123833262 0.777270722210233 0.78105230750225 0.83901339530712 0.950279349126504 0.5591985918727 0.982907116849674 0.945365611187299 0.940787280342192 0.902800547919469 0.791578009739169
-9999 -9999 -9999 -9999 -9999 0.515894913405646 0.271554924438533 0.420843096435419 0.384498485800577 0.195362818658396 0.147220676126381 0.230931903388409 0.729588133253856 0.839373083181272 0.814440538306371 0.55146875911305 0.518102790920238 0.467492800453329 0.449630434559367 0.322017842790956 0.364386061391997 0.575815984120709 0.857144672409049 0.798362201749114 0.76582046403928 0.585321261496574 0.519958113727625 0.889365936018294 0.324511263443128 0.465976105715527 0.900775263289688 0.76267182794254 0.731345171516296 0.718513426363643 0.460449573438382 0.787469171882549 0.742325249120768 0.907450883460115 0.938582470553229 0.551687531697098 0.983610860203044 1.26049217942636 0.949243654758902 0.872695409270818 0.764566719226423
-9999 -9999 0.198156080841727 0.367999121863249 0.407565382374742 0.268941289959912 0.251997379109525 0.220317754610733 0.0801462442723277 0.148839795656386 0.173241365473586 0.126892371781651 0.539722668690956 0.771613153119688 1.15921834549226 1.13201961539744 1.08510292648134 0.700917065842077 0.51152203741367 0.351622738890001 0.455755356597365 0.642878593680507 1.10628891707165 0.84318235712999 0.288084003386757 0.497749685564486 0.573719279600482 0.557787025172729 0.35570898990045 0.474543510790681 0.472849931611563 0.503803490573773 0.757569693632831 0.777405412918597 0.45984463122295 0.446656436452031 0.554710281903681 0.847643648739904 0.324336841913464 0.584818470088067 0.99156950818724 1.06860471896653 0.883859569512424 0.860730096974294 0.630571075816988
-9999 0.561023755835777 0.506042986671673 0.49950422544498 0.125289260495265 0.151942824004436 0.173438898400491 0.0689420451180922 0.21927287411927 0.148751842516504 0.275449793207372 0.655135212582536 0.922227880437276 0.856364687933819 0.850107287988067 1.0954885474348 1.14145108454977 0.887798860276234 0.804216606411501 0.697458711329091 0.794984732237936 1.01000676659169 1.12936516779882 0.751532955291623 0.602769997385622 0.250222165050218 0.316868088248157 0.250943468927289 0.501953898492502 0.461585070297588 0.443334543888341 0.470980512545793 0.45662291267945 0.50223014295625 0.470946697532781 0.555577954401087 0.85833151024417 0.697696774295764 0.271309688287147 0.519381579579203 0.560967530873313 0.65060161796282 0.792902425018838 0.770273187299608 0.387483967642765
-9999 0.492373106681043 0.276855772426643 0.177405718659429 0.182051328920352 0.089767480176306 0.20179009675303 0.35576167920226 0.881641333762673 0.470929427137889 0.697401597790304 0.79321278280986 0.862969631270971 0.678396462717501 0.826044577479479 0.78469962318195 0.801682223027456 0.850990726576129 1.22529039799701 1.06845607297146 0.977146894911129 1.08284447924234 1.03934981507336 0.789147733485152 0.684691824062611 0.594571095462015 0.265261834556441 0.239209931805817 0.268520755071222 0.272506464625621 0.465187489680829 0.66458950368542 0.379549802346446 0.48158214394789 0.544308126336546 0.549010428585461 0.565790738619398 0.502518647408579 0.422669654653873 0.439039503362437 0.506201466123457 0.568166231460054 0.719736770406598 0.70062428858364 0.707450495610829
