Model input/Uganda/surfacerunoff/surfacerunoff_oct_1.asc
NCOLS 67 
NROWS 67 
XLLCORNER 29.5000000014144 
YLLCORNER -1.49999999936061 
CELLSIZE 0.0833333332926796 
NODATA_value -9999 
[rows 20 to 39 of 67, columns 0 to 44 of 67]
-9999 -9999 -9999 -9999 -9999 -9999 -9999 -9999 -9999 -9999 -9999 -9999 -9999 -9999 -9999 0.517621308063099 0.639983912151365 0.726242195923987 0.603786325882538 0.87950739543885 0.605796621584886 0.449118574579188 0.508500385876687 0.782469379828399 0.614936223882978 0.787386086813058 0.954122039729555 1.05063835326291 0.872680941029103 0.703453325513692 0.581478409003466 0.613094412074133 1.15407337762008 1.17714236148458 0.961268775427015 1.0422742634546 1.15672964238911 1.11238647332357 0.56054436663544 0.798386457972811 1.00803733221255 1.06197425338905 0.862814424181124 0.74916268204106 0.520377206157718
-9999 -9999 -9999 -9999 -9999 -9999 -9999 -9999 -9999 -9999 -9999 -9999 -9999 -9999 -9999 0.544038685802661 0.620848133621621 0.569166545574262 0.40635425648361 0.627438534138491 0.565572710456763 0.49620942945694 0.815801827229734 0.70520755571124 0.646627557671309 0.754362077714177 0.998713830995257 1.13296619383618 1.21586287787068 0.828206530059106 0.93212048523128 0.769845259128488 0.934672398216208 1.03848686012498 1.01006453041919 0.620412777607271 1.07672829471994 0.848902402140084 0.833961303214892 0.844585802042275 0.829734364742762 0.638470628473442 0.582730378482665 0.897476704267319 0.802863820354105
-9999 -9999 -9999 -9999 -9999 -9999 -9999 -9999 -9999 -9999 -9999 -9999 -9999 -9999 -9999 -9999 0.603321512244293 0.538758129550843 0.4319260056036 0.433543794315483 0.38200688914003 1.096639151001 1.17104582659522 0.807557940788683 0.80464246639167 0.873230915203749 1.04664194168436 1.16558069566963 1.23399194490048 1.12912198346748 0.583359483243839 0.89632548224472 0.850968855957035 1.3723444644711 0.961882404226344 1.06950962799601 0.76938487291045 0.925260046642506 0.989356771242456 1.05631846781762 0.938237437367206 0.649854327093635 0.564456793654244 0.546073015357251 0.786079244790017
-9999 -9999 -9999 -9999 -9999 -9999 -9999 -9999 -9999 -9999 -9999 -9999 -9999 -9999 -9999 -9999 -9999 0.717723771231249 0.425887784786028 0.42421649550306 0.78631871701873 1.20516387414682 1.72465569630731 0.626133201876655 0.860386856402329 0.9674121874923 1.06618950485426 1.13363092441432 1.24001438598498 1.07865637983195 0.810933008324355 0.823452744953102 0.849940815896844 1.25497443877975 0.881395200849511 0.812608852356789 0.803392198577058 1.02781213718117 1.0340760818508 0.884580460478901 0.646658372716047 0.597711707087001 0.959078597588814 0.868743047249154 0.821012212327332
-9999 -9999 -9999 -9999 -9999 -9999 -9999 -9999 -9999 -9999 -9999 -9999 -9999 -9999 -9999 0.453003931397689 0.365430510555598 0.552981314285717 0.364377903906643 1.07030623166793 1.27128523831743 1.4038433253063 1.28142461392144 0.683022228713526 0.809422294878459 0.921813908462354 1.01466553860519 1.16702025297855 1.17524671259162 0.508331865603395 0.785554622780182 0.809930037576123 0.826584087917581 0.867656881382572 0.504853089296375 0.504207129779388 0.963076567131793 0.776318494899897 0.742491163691739 0.918324127269443 1.16325137969397 0.57720012136997 0.995052563666832 0.616119633377821 0.586411129916087
-9999 -9999 -9999 -9999 -9999 -9999 -9999 -9999 -9999 -9999 -9999 -9999 -9999 -9999 -9999 0.301325435430044 0.224027605781885 0.911486519726168 1.18113228427319 1.31950082140975 1.39123616395409 1.38360188918796 1.35962223885144 0.661393677546585 0.909626342036063 1.10897640479379 1.13134507228096 1.22271642794658 0.990711274425848 0.750739915019949 0.776627091909177 0.793271834481857 0.819711216536234 0.724362213986751 0.452771867912816 0.839544718473917 0.638901944512327 0.667072581563843 0.961073821599712 1.2030777252221 1.2054429280397 0.596168204538117 1.03542513716093 0.949846404182608 0.566190472454764
-9999 -9999 -9999 -9999 -9999 -9999 -9999 -9999 -9999 -9999 -9999 -9999 -9999 -9999 -9999 0.317449804697389 1.60310335195391 1.68739632954384 1.27311234678018 1.37314910944042 1.45735402225 1.44745585555484 1.34811010661906 0.779074702677462 0.687172738253139 1.20492226687929 1.19155541688087 0.997078465843515 0.726129406757536 0.717807378350699 0.683306074279244 0.747380528082431 0.804099681772641 0.789912774962431 0.49592865343584 0.884099797985982 0.955851322942181 0.777426923377789 0.797359260104713 1.3569882066804 0.832476145660621 1.47878494681208 0.641290765997837 0.522401302987419 0.850127478770446
-9999 -9999 -9999 -9999 -9999 -9999 -9999 -9999 -9999 -9999 -9999 -9999 -9999 -9999 -9999 1.47593772999244 1.59353906155957 1.76831279713952 1.24081709918755 1.30266521193789 1.38930954665284 1.40673103931022 0.884034150658408 0.563229212730221 0.629042689524795 1.00547077272495 0.817676444967219 0.79267097862612 0.799086443294073 0.75976779407938 0.711533112735196 0.711452338691743 0.749786254345963 0.755846763240697 0.728054054889071 0.760077429731609 0.942832753935363 0.955761475779582 1.34133876781561 1.44331161664013 1.33056855520408 1.45793724732357 0.760340433771489 0.640452561128768 0.990868364169728
-9999 -9999 -9999 -9999 -9999 -9999 -9999 -9999 -9999 -9999 -9999 -9999 -9999 -9999 1.53603309900063 1.41764872478234 1.52413958630859 1.69087213134844 1.11970397722416 1.20598662806515 1.28227490188237 1.23656950199802 0.49204382185053 0.934614222387609 0.688080899635679 0.735380497644655 0.783731303272361 0.859105464769527 0.753927482037398 0.649837332275638 0.612385444583197 0.273469018111427 0.631668491223536 0.627490362603567 0.725948421859357 0.903374680092384 0.786260990935261 1.38736577901 1.41967388481135 0.967383361057728 0.852443188705365 1.00612549977086 0.654057863357593 0.632119871625036 0.969924307355541
-9999 -9999 -9999 -9999 -9999 -9999 -9999 -9999 -9999 -9999 -9999 1.05313052517886 0.970742345089093 1.80691103560093 1.4500684246741 1.55768552849622 1.58282266693277 1.56802888068341 1.03331210539181 1.10352006072389 0.973721986611054 0.88591859821463 0.878566025676264 0.624658938249922 0.646116419375176 0.670250749863044 0.690491947352712 0.660008973682125 0.698211885719502 0.474516461054009 0.489852303871885 0.240435969544706 0.544807892765675 0.960867011599476 1.175977404273 1.65416047821054 1.16213636192697 1.15915807873535 0.730178835510742 0.945521458561416 0.577666070967098 0.58986516251025 0.703675402291992 1.56327281911217 1.57334372943296
-9999 -9999 -9999 -9999 -9999 -9999 -9999 -9999 -9999 -9999 1.13797654375958 0.895853995643847 1.40399598694785 1.42765030250303 1.47543674756889 1.50184476933646 1.53568469295351 1.35995189702953 0.484818960330813 0.555092935883295 0.61542474441012 0.613243585121381 0.535227623004175 0.571511100133648 0.624352217528212 0.550463628314901 0.742410275961447 0.716932723662467 0.739224654353166 0.354605168922717 0.569794459806872 0.515784819071996 0.80529976185062 0.476625938972575 0.531039876477735 1.01501980043395 0.667962757688656 0.727406082660309 0.989946149275056 1.56917526282996 1.59631344195077 1.70889516994066 1.6036525967138 1.48311618249863 0.65196065861528
-9999 -9999 -9999 -9999 -9999 -9999 -9999 -9999 -9999 -9999 0.474559723897983 0.745274699511356 0.797207485902618 1.00907210617152 1.01830012590653 1.01700680488648 1.03733179093979 0.435937904967432 0.587519167766004 0.677616555549321 0.699189555234625 0.708294927790121 0.692052375597996 0.634541427643853 0.785071577411145 0.822836868792365 0.841716367176559 0.811930585769005 0.684466285747476 0.372479253883284 0.560472880806628 0.958182028625743 0.985231272352394 0.913508808480401 0.525493789609754 0.516789297762443 1.05744303800748 1.9975144550699 1.76334454636162 1.70454910539775 1.65141738671082 1.7036187573467 1.73419842258227 1.48193273707875 1.38489589426172
-9999 -9999 -9999 -9999 -9999 -9999 -9999 -9999 -9999 1.03779921846581 0.426399902153207 1.05708722912823 0.92552657088163 1.10490554743592 1.15253884587219 1.07793856886929 0.921671537071234 0.532160976035811 0.724854618965765 0.742340325814439 0.67597411089082 0.751831475099607 0.812662628959515 0.920679303817451 0.887391739524901 0.70780914666102 0.90270879536547 0.769586442402215 0.628981678346463 0.625217914603127 0.766421685511887 0.599804330704501 1.08884447763558 1.11936409302871 0.986313396424521 0.885310179000953 0.757797877668054 0.906150239643466 1.23749120666616 0.722796971786011 1.23569929291989 0.497991012707644 1.24005203815614 1.62121750599908 1.50368471076945
-9999 -9999 -9999 -9999 -9999 -9999 -9999 -9999 -9999 0.920614485949045 0.662440541873366 1.09614129451074 1.01110726427578 1.17785802285653 1.15301940968493 1.2121633562856 0.862394796968147 0.598677595007757 0.506425554704037 0.492754566039366 0.62400019442066 0.681355108099524 0.809935815141216 0.790130670793587 1.01167252887535 0.641404345515184 0.639454638076131 0.600272725478135 0.382554281713965 0.551760057533102 1.07603547803592 0.743841673283896 0.627142488610843 1.03097275314212 1.09737159255019 0.833383001918264 0.827729078991979 0.840116319523077 0.573593060835265 0.637724849184451 0.677846311191388 0.536613681106246 0.405121563744615 0.774154043938324 1.18429724716407
-9999 -9999 -9999 -9999 -9999 -9999 1.21738177040243 1.07934807965648 1.0181917805312 0.406432073759788 0.294631798851697 0.691302314407949 0.932535305310012 1.08931103204668 1.14873349866684 0.910249435037258 0.916320209398691 0.626333754553343 0.572039092730847 0.362478010174527 0.560361180305335 0.565844322863995 0.873883560416289 0.625777637196734 0.622115242549626 0.998250481643481 0.974069218500517 0.893080084097164 0.527855821928824 0.971751823271916 0.558954546249879 0.933238685320248 1.00149032732588 0.895569762178638 0.838048551486281 0.951773534325184 0.760231728236249 0.837752610095777 0.881311925695627 0.530975727997429 0.850522190376068 0.809291913355992 0.734135752281873 0.966889563642326 0.504974677824066
-9999 -9999 -9999 -9999 -9999 -9999 1.04800198278099 0.93086011656851 0.451699620498403 0.179228622073424 0.174754866975491 0.245755828473193 0.967290946391586 1.08731251111749 0.845395687974815 0.897545864063432 0.336784185947181 0.313408457714104 0.492811696858553 0.542042649612995 0.326956884691754 0.498787416290725 0.763413589083939 0.788201969953661 0.546101699001156 0.660887497815565 0.904568719306553 0.889850925887004 0.327845542869909 0.518871224812756 0.311603023646967 0.885304337316484 0.838395100799971 0.836582071315206 0.579629639105406 0.910018607100938 0.89284690511704 0.940677089602104 1.04665593244135 0.613034399066237 1.01811223066761 1.02276893812814 0.995845201032353 0.943834165809676 0.820469118480105
-9999 -9999 -9999 -9999 -9999 0.532844051122083 0.276047050192574 0.424253264100116 0.387436940400221 0.20027923710586 0.151578157556287 0.236310890613822 0.811521464129328 1.03788495653134 1.07105080314795 0.782315266860678 0.715249005224905 0.491856823373382 0.466227878860082 0.328306743995199 0.369327228781913 0.582288554141996 0.871233369252877 0.811110434369766 0.80476878247282 0.659948319480463 0.619839901446539 1.01589530459023 0.391517149409992 0.577001292640489 1.05388444717391 0.879014411111712 0.832177197480632 0.823478191705362 0.552236996554711 0.905836224774248 0.844741371111013 1.01022553280927 1.04014459975588 0.586977020248014 1.02107327802514 1.3535031102947 1.00737596767431 0.91198359405098 0.788933752119192
-9999 -9999 0.203620283173223 0.379741866254335 0.422277428697271 0.275561772014044 0.255573313097557 0.222634573219693 0.0823528207547497 0.163715103099094 0.203205769366832 0.144269087059001 0.646280761429807 1.103395010432 1.72316400312411 1.68317403495166 1.60900201262848 1.00069950531179 0.697703935657046 0.48545405115874 0.6213524834493 0.893670401637792 1.43460247818439 0.99490158027038 0.297889266221318 0.519646206157631 0.620625318333623 0.628609514933487 0.437094163316942 0.568665083847009 0.576655063014186 0.605982552770001 0.884230747033143 0.876070161211828 0.529706549968978 0.491553284973634 0.627646146313054 0.928600606130203 0.386054028240324 0.596456767198106 1.0305926844012 1.15932307744515 0.934721147132223 0.908322448594845 0.658423341519665
-9999 0.586423977438244 0.521596293765469 0.513279718688864 0.128552015439709 0.152247062715105 0.175692738821454 0.0740203111035953 0.277581876389377 0.174783471493356 0.344345911798882 0.793933966633631 1.38441189210425 1.2350120487099 1.11764165194472 1.52209038787987 1.59688814710535 1.25790904075984 1.10595312708028 0.983989834821841 1.1200916251255 1.34787259139557 1.53995974051213 1.0333435739085 0.781215239840094 0.253009307016328 0.32048142838903 0.25468293506492 0.552882917872921 0.550194475181343 0.531683194822108 0.552179004444042 0.526859710589633 0.559349134164222 0.515826527589525 0.60074575139879 0.885008805198595 0.736695663363207 0.299648066629743 0.525752261637535 0.570204078940151 0.670386194542516 0.833886022519437 0.832413596072001 0.419720378886268
-9999 0.507148451106332 0.283919193861948 0.181796435754222 0.182787401627138 0.091728366442112 0.214435272027913 0.437028531905526 1.06085640982201 0.558357910449558 0.829559694466298 0.923397474252852 1.0825062981894 0.813541235402226 0.954122757320874 0.881376598044881 1.04220036246261 1.19435810756841 1.59781913862389 1.49282876918733 1.36145830401802 1.48852625170548 1.4534978517986 1.10077298268152 0.890622561200871 0.618444986685063 0.268646590484423 0.249696738137573 0.273282818852749 0.296466992040223 0.518066299264319 0.734474023374787 0.406569509323162 0.504924099004711 0.591069393522048 0.588174155382148 0.571014428714989 0.505890315253055 0.431530224886956 0.463641930309677 0.517683675752778 0.573446629459795 0.731498357708915 0.73938259811257 0.747134052289766
