Model input/Uganda/surfacerunoff/surfacerunoff_apr_1.asc
NCOLS 67 
NROWS 67 
XLLCORNER 29.5000000014144 
YLLCORNER -1.49999999936061 
CELLSIZE 0.0833333332926796 
NODATA_value -9999 
[rows 40 to 59 of 67, columns 0 to 44 of 67]
0.33881776198541 0.221431642785319 0.177580781837605 0.0891887802936253 0.109334084754664 0.173924826185612 0.313829970309598 0.53726953046862 0.613946970588586 0.510834613123734 0.437700204201974 0.919265046832152 0.825556990093901 0.828254957013996 0.876352489285637 0.785493988587405 0.849661584652495 0.937342622819415 1.2305744612604 1.23415829511941 1.09806287400716 1.033128997733 1.04535340415168 0.901475673799723 0.966657485378164 0.733361392121878 0.29309117030607 0.238740390841485 0.27324527491146 0.250514380240929 0.301630348531035 0.457984428066993 0.460065532024601 0.936651752454054 0.974742932157824 0.982943001872627 0.584382249144255 0.541072972737311 0.492610080527811 0.533530977008922 0.506357837366522 0.592611338106508 0.524873551512428 0.825831111797015 0.82572847713891
0.262390041825711 0.111610570002085 0.173001405528339 0.132282920048965 0.233123254020029 0.286578413579264 0.681256292409671 0.582867108278151 0.68910796471755 0.677421779982978 0.4577116587825 0.59615099507937 0.865036528921337 0.887195486939163 0.882372332853265 0.853662238114339 0.883023884853174 0.921341026696609 0.772304436395643 0.776430509176862 0.655024906336621 1.04819407079049 0.971272562310332 1.02961299421622 0.770024865801133 0.727519846833502 0.237857387219265 0.42681092145358 0.375170806819369 0.430198971116624 0.254253065122612 0.512661742504861 0.591076413911651 0.676973938425363 0.631606777460547 0.586308523452317 0.56320349995076 0.512232404616952 0.4651984809243 0.542375466466183 0.506990479152591 0.592999725995469 0.602476835410926 1.01378514955286 0.895649936865084
0.141151605248524 0.265976146238245 0.190060563909356 0.228487968797708 0.647676563858113 0.719618668881594 0.531757650605869 0.701593878147833 0.707957784470636 0.574059859900444 0.680714796544635 0.59398191569926 0.632374396445812 0.610063463682309 0.800487897322455 0.951116334363178 0.944508309657976 0.768876936490415 0.710693577275379 0.900534249922202 0.794005388343066 0.777091891563941 0.893951964371809 1.02774053766552 0.73022898209274 0.607261508548618 0.859401876368793 0.912099320430571 0.535236514679127 0.43088777789535 0.456298535027599 0.520262619829737 0.560565152227355 0.554482620827912 0.593199896684382 0.603495101131557 0.536341389306472 0.477039483484987 0.48135463748622 0.498754033287696 0.494930126478721 0.514737958837941 0.499163451422646 0.532741863025876 0.748467818993959
0.24865641262295 0.306429815282172 0.315312332531903 0.769639418649604 1.39644076352852 1.22187728811696 0.506933820361155 0.692347958647588 0.531398904968228 0.230018450565694 0.560847340238979 0.590001654927619 0.557692500024132 0.522229758644244 0.547046248811967 0.90130674482225 0.830629531265004 0.484135486658488 0.657326496821042 0.886430348430167 0.928023038341053 0.833742550980787 0.809377627319918 0.710710080397803 0.676821748584189 0.674672916403551 0.732939331129501 0.745745029917089 1.08852075709365 1.29026890101613 1.11747640494286 0.362490074621746 0.612762136370293 0.566698670809274 0.584249258281488 0.60942533036723 0.579221977204725 0.564067460800288 0.520857119227003 0.535239916644059 0.521539962392126 0.462157872789248 0.226036766434845 0.542157726158621 1.20301689275948
0.279051544112008 0.314741280362796 0.320028254463978 0.988247747955029 1.69932285643881 1.24728317769041 0.338760634804203 0.764804396567342 0.264086769675487 0.339551144861616 0.479559669656737 0.568069322071096 0.539221383860422 0.509523751134111 0.726781344496885 0.75157090554967 0.862051390583929 0.870264493755712 1.06304250903122 0.949359256367188 0.615574001642472 0.554614717941604 0.563205345940787 0.644905803255824 0.641579138800807 0.661486904675712 1.00615944040783 1.26698754047538 1.31481154342339 1.39456032419361 0.724943090062879 0.45936517744849 0.637709631519101 0.608313807788363 0.6057078280719 0.617175450315699 0.994045547486166 0.983217285465798 0.718304376277956 0.625168654551089 0.665856967316358 0.743955225516402 0.403943584387889 0.492603028760641 1.76988451858051
0.142856712272987 0.23424237360814 0.291892569748597 0.861139920743881 1.23623900617531 1.01098381765041 0.645429548967513 0.226845265615339 0.218971985077587 0.200152960701416 0.524304640748596 0.453925312513093 0.503966268524891 0.709627688479486 0.723834158804948 0.770811714460251 0.738428069951169 0.768154398770093 0.855111613446979 0.622474470162615 0.654956315656818 0.560231388647026 0.588836376891777 0.697594161238158 0.72524553979747 1.00328158760021 1.16185912963829 0.902991426301014 1.13508750004954 0.577008935579215 0.50436764377082 0.498716735819471 0.69806634564884 0.652121565508423 0.455178833362879 0.669123926854809 1.25299195315165 1.51382488365925 0.938548444537446 0.363725124771008 0.368492500456341 0.359029926585208 0.461262299722875 1.45192844320263 2.61420059541706
0.19446829583103 0.234270878081588 0.513100398165989 0.771258174609102 0.944675819482654 0.549051294001401 0.646165633952478 0.0618424139133822 0.0380563262751821 0.242416542732826 0.510077603394166 0.559957783025311 0.490878157961561 0.695926116577539 0.82347883926559 0.750541096522284 0.664846510971984 0.783754022222638 0.522354492261456 0.542421787173453 0.536251492093243 0.79206600685211 0.711536888047704 0.674423072496211 1.11497293664797 1.18088916724446 1.08442548321364 0.795237938859827 0.771224556046946 0.486519220430637 0.474351023513009 0.491295013489434 0.499493417919439 0.515885510139924 0.490163014546852 0.505149219861778 0.891978426807327 2.28346396397683 1.35136095195776 0.326856133597175 0.941053436690709 0.346938318671164 1.43707735151111 3.30563260285999 3.71249496856763
0.300019609767332 0.250709491410817 0.571519423829159 0.783033608968253 0.86612436643918 0.88741382205626 0.317136699322873 0.0377965413349557 0.0649220680557505 0.239281037465844 0.496156202189013 0.501789530062524 0.511702651238011 0.428352534072474 0.473666022571706 0.419174647959153 0.686067312017258 0.760897213694989 0.6019810723501 0.930533730013394 1.02543966454505 0.654521387559726 0.794734685769072 0.740988110692342 1.13649557056306 0.92757006177635 0.853559097890866 0.932100283421278 0.873904975833284 0.492038094307645 0.44439622979553 0.482046478282427 0.560588697226194 1.00381861739152 1.10244806455739 1.50864791066851 1.99202414114552 3.27992642087338 2.61045241859392 2.3237201730808 2.4942576264948 0.725047633750364 2.71475225963513 3.4508160315454 3.69788460375275
0.355531867171521 0.299802418339823 0.576551596168429 0.255055230809376 0.247691767526703 0.295265735530847 0.459320854133694 1.00329765882634 1.34806463393033 0.816877672605187 0.496994231070857 0.552168851754686 0.474681707146374 0.438178580225212 0.387414884244208 0.381366649435222 0.461083549907926 0.619720493887144 0.983727894777076 0.781031867006732 0.806724113999735 0.906236457353771 1.09357918518072 1.10680237901306 1.00663355465258 0.610070161542353 0.781635888415622 0.854143027027021 1.05916864958999 0.505214763506956 0.43335304781067 0.803560005806503 1.42190076621773 1.91531408563606 2.88441533120931 3.42842316786118 3.94298274477478 3.79202361000353 3.53510732384166 3.16681313779554 3.48133588340716 3.58198925641773 3.604077413911 3.66413474330329 3.82184070622316
0.165480081705027 0.166488338891213 0.263578324620539 0.142758482070349 0.0910219741854235 0.0949493380630884 0.0642329037532363 0.49230603781325 1.36627693518676 0.503479929193418 0.500777998240665 0.542625735306501 0.592423813486675 0.471838706289418 0.390010312457889 0.295869984711317 0.419907680225151 0.691707576606859 0.61215142045512 0.928210370034321 0.969295454012808 0.969578909689517 1.05362013033528 1.2126736596656 0.935863929953484 0.778017284574162 0.227341350864663 0.700782895364682 0.402228923150005 0.448527803200705 1.88307615098893 1.68577999193076 2.45724982414686 3.42877870934899 4.19051318203856 4.32573374382628 4.19975112708926 3.99092230509268 3.6224861851224 3.32151491420518 3.55340730493481 3.64068181443145 3.55828092142474 3.53669430842274 3.59868073428515
0.547387061942572 0.754930077619065 1.21062092512148 0.604322192202744 0.171381397308323 0.0881881270515805 0.162612659096339 0.13715075442633 0.261872354712978 0.266747349769503 0.509296825384808 0.419278396293521 0.386783377962274 0.448579532985605 0.32031190971793 0.218956884282306 0.368813827208214 0.90528485179675 0.60043183060543 1.05248925683554 1.02729449628214 0.985077811037627 1.06206161177624 0.947414692518578 1.12141023282675 0.450112981525308 0.414929545968334 0.404678394261282 0.624338623310905 2.48220045978087 3.3345470264976 3.68934109064867 4.06138088510488 4.26233180769486 4.58654696012673 4.65317867565318 4.46801763973781 4.04945188165584 3.41281004875782 3.09516376000829 3.63317894516513 3.678912162286 3.62631899042754 3.65966715980903 3.5458541897242
1.43818748165359 1.34735717983858 1.21918345848826 1.04299335635005 0.791918809682102 0.0700888996902904 0.10880729598739 0.100386195299507 0.27303707520332 0.534289747974981 0.0729004614754558 0.603609802965366 0.580724068640848 0.533115186044597 0.323308575389092 0.233879550933125 0.272329980361974 0.373796589883568 0.656668452847953 1.12049877668596 1.07262212014803 1.08213856481143 1.18580447679051 1.09834364093331 1.02176639541085 0.3813680350504 0.427101459536061 0.440830814113724 0.652208730571147 2.40789655208573 3.72477696055284 3.66527796813898 4.38398044025234 4.44332038932771 4.9019482175936 4.70470378058963 4.46889402155648 4.28036253288155 4.08502639038488 3.8989681052044 3.73872199998004 3.65675170178292 3.597173068556 3.55153596683522 3.50719730704441
1.57293755273713 1.49806991794321 1.15513772016129 1.04561294756422 0.592289017276926 0.0553601869341946 0.0751412069348589 0.213806050624044 0.479320487102086 0.0684169933720113 0.46730221447433 0.0834306324009049 0.591110998357181 0.360341048690316 0.348859116456879 0.445356591171731 0.403506174279755 0.360915879355161 0.472945053843432 1.1913610587726 1.27217634593535 1.15735938391026 1.1091904488012 0.874135923709218 0.986051719564784 0.654605394629471 0.541050679203181 0.48738754230726 0.774009336964809 1.49512965072063 3.70555487552338 2.69159176696121 4.21449806708551 4.57857304900244 5.14896820459398 4.94578549842117 4.83303122746293 4.56489278440131 4.27391722769244 4.10245688908617 3.93151646858314 3.77043318439974 3.55155208308133 3.57228807843057 3.50085818718071
1.98097173779388 1.59009304752544 1.05721965792327 0.886706560777384 0.11761699249746 0.0500622599588496 0.199150158096018 0.502307797432877 0.508066440488619 0.513985580255394 0.920905337807199 0.955356518716144 0.500144480611198 0.468286866180279 0.377780080270895 0.419280896494456 0.415200686802564 0.521980432495184 0.557785373075603 0.65618147573332 0.68292992636998 0.63160372656057 1.21255050771651 0.893066894491312 0.995638095787399 0.849828737955249 0.49476232197776 0.615175784332678 1.18441612721654 3.07650506147183 4.16597439470934 4.50335786081268 4.46285943689873 4.72153931696084 4.87053962206119 4.84002488883561 4.86422172980383 4.68781486779335 4.52974972722586 4.30985675848206 3.99970786747872 3.86450484074885 3.60704799459199 3.54947891537449 3.59309475970804
1.70821730989701 1.05862633063225 0.500277807987004 0.103894010294425 0.0745210870718438 0.166026604574654 0.383903322472179 0.538408074135077 0.437845031683537 0.854330280162685 0.893677901331102 0.60643509732472 0.606646312007797 0.4558368805192 0.509716252963699 0.474509011837654 0.495645469527517 0.481016346384422 0.580340710257587 0.647529543130076 0.519166141884853 0.529957371782075 1.18649732303311 1.38042044363829 0.992768166725 0.65652037756081 0.227680855459766 1.03770357782196 2.44862926047063 3.80724600199756 4.20380609921267 4.53208101498603 3.25978943146765 4.51407632499468 5.07760050459183 4.48773159951088 4.82045883109095 4.64373750946834 4.54783431268879 4.47513748076744 4.23926865551039 3.91840336305904 3.66384858716629 3.62877183943056 3.55353329359787
1.39363734615472 0.721078020433197 0.136960963800448 0.176383344296482 0.175537133827675 0.326754597153922 0.538725767910364 0.556375339328952 0.600779858359601 0.697235516781802 0.609755187724659 0.526850584719796 0.516601986419118 0.486509779875632 0.488729479002359 0.578725206651143 0.390407672512083 0.522706132869644 0.53676425386584 1.45064199023182 0.478996340689264 0.456318861779437 0.565071805795014 0.747180968573957 0.707621679794102 0.225248440472114 0.469153438643843 1.88372514639923 3.80279451746901 4.03475162511313 4.23320706886443 4.34810342994751 4.36408791938447 4.45018279606302 4.91301006331923 4.68356425335514 4.59702391526662 4.41788337775506 4.31741927241092 4.33555710696965 4.19032352874638 4.00879400331178 3.65062268610927 3.54314776996034 3.48142120492412
0.966055513345054 0.235998836615181 0.174975962863755 0.013825222438868 0.272269195647823 0.515330200869357 0.590083405768382 0.501440665175323 0.456874917290406 0.646025832793384 0.536124965947238 0.474796160233382 0.466853680336499 0.509824459186348 0.496794748869434 0.655819569146843 0.439275371718395 0.618029422184918 0.807903560598788 0.547050335626409 0.636704273347277 0.663746200189053 0.590196802477294 0.26173544665653 0.302250608910981 0.151138223202452 0.508834717948048 2.74388288744376 3.96253702001559 4.07459176858538 4.16312723245937 4.24948733052588 4.2698654351625 4.35976438893704 4.64985835424159 4.52879893782665 4.44591430277796 4.28129219289985 4.20297278469661 4.11642633480369 4.06960813415935 4.05977807895397 3.87035393941915 3.54773779690731 3.45143509184709
0.202942265786987 0.252374165484071 0.227446653298102 0.0101365833344857 0.340244184371841 0.510868770106754 0.491035693812591 0.475125747470884 0.442013636529737 0.651851651127799 0.351468378084974 0.505963469549897 0.434305704402504 0.567404347748379 0.54587198428635 0.582995142394793 0.414069445469067 0.282161149812055 0.344938670423289 0.569069302400749 0.600334574755834 0.805949055575184 0.653576832064573 0.522528074725415 0.340139793024719 0.444996148871724 1.07734679477289 3.74746594025055 4.13189632308786 4.26654739567311 4.27350826521433 4.18582562815573 4.03321497833531 4.05073772526521 4.36137181895901 4.27935842162697 4.25338318746071 4.11659857127233 4.08039000831195 4.03487619405496 4.05850532115437 3.96706085666665 3.79654023345211 3.67284281310276 3.49306689531659
0.175852712118285 0.151701073036747 0.0578565916953266 0.262241232121596 0.307951785998739 0.455059654996148 0.345877179370291 0.406353746257082 0.567169191526773 0.534035190867144 0.550719882994599 0.520962070368114 0.403300666221185 0.441604775915039 0.446212342922081 0.609216937846213 1.28900414711097 0.185344830242684 0.407193744649703 0.412663360293664 0.465569367406715 0.509841336679528 0.275901732493367 0.139660357319826 0.319041203965753 0.394934071209718 2.6262212140864 4.12756997320685 4.32096840359009 4.39000707410742 4.26578068072558 4.04486501884094 3.8359061063602 3.88029202076723 4.1492812706565 4.09182412477094 4.0606457478134 3.9650168037042 4.00968931717216 3.94904950371711 3.91513543581823 3.92941397876712 3.76209760361235 3.70344766633934 3.52535675119725
0.204350790454555 0.276469291293324 0.343083741199735 0.397491496187286 0.272448449777585 0.276248666523315 0.257084953318554 0.559867664378544 0.49297513669444 0.628408763077459 0.6927344838914 0.343610972322494 0.543114225365571 0.3636935234681 0.461133206044906 0.41490085550322 0.491220399453596 0.473993871310086 0.5883273361178 0.918936482776189 1.00851316256012 0.698192301570089 0.325911888921837 0.391202810988034 0.533178950718138 0.674316200274916 1.64973094615561 4.28071542955877 4.61563023782219 4.79525065748021 4.41257178863452 4.20069428764691 3.95164033034234 3.96321444713976 4.2049766452692 4.09966764345882 4.09173265143181 4.0988044020196 4.0889430893003 3.97061160765588 3.9596086498932 3.9649133614148 3.80273060727632 3.74506612934056 3.5468381283863
