Model input/Uganda/surfacerunoff/surfacerunoff_sep_1.asc
NCOLS 67 
NROWS 67 
XLLCORNER 29.5000000014144 
YLLCORNER -1.49999999936061 
CELLSIZE 0.0833333332926796 
NODATA_value -9999 
[rows 0 to 19 of 67, columns 0 to 44 of 67]
-9999.000000000000000 -9999 -9999 -9999 -9999 -9999 -9999 -9999 -9999 -9999 -9999 -9999 -9999 -9999 -9999 -9999 -9999 -9999 -9999 -9999 -9999 -9999 -9999 -9999 -9999 -9999 -9999 -9999 -9999 -9999 -9999 0.46831556755933 0.463030743048876 -9999 -9999 -9999 -9999 -9999 -9999 -9999 -9999 -9999 -9999 -9999 -9999
-9999 -9999 -9999 -9999 -9999 -9999 -9999 -9999 -9999 -9999 -9999 -9999 -9999 -9999 -9999 -9999 -9999 -9999 -9999 -9999 -9999 -9999 -9999 -9999 -9999 -9999 -9999 -9999 -9999 0.503618859511334 0.453304435723112 0.420375225985481 0.378698517579323 0.419461047385994 0.436650434494368 0.421241690673924 0.721961193448806 0.663177751448529 0.355808716903994 0.422450642872718 -9999 -9999 -9999 -9999 -9999
-9999 -9999 -9999 -9999 -9999 -9999 -9999 -9999 -9999 -9999 -9999 -9999 -9999 -9999 -9999 -9999 -9999 -9999 -9999 -9999 -9999 -9999 -9999 -9999 -9999 -9999 -9999 -9999 -9999 0.404749247536529 0.351864851836581 0.351868987763737 0.37836385627088 0.356366010237252 0.399350893985684 0.405801637498371 0.497354579238163 0.766255822782114 0.833243170745845 0.655868583635311 0.433751183663844 0.603190173023904 0.680147559251054 -9999 -9999
-9999 -9999 -9999 -9999 -9999 -9999 -9999 -9999 -9999 -9999 -9999 -9999 -9999 -9999 -9999 -9999 -9999 -9999 -9999 -9999 -9999 -9999 -9999 -9999 -9999 0.634296138741774 -9999 -9999 -9999 0.404700621857046 0.318523256737535 0.327290130826441 0.390468871955818 0.388228657811851 0.403402603751601 0.41099745021711 0.536005650246807 0.56950535690703 0.762505218517617 0.788448999628599 0.624306160716515 0.767197768254846 0.486034728965024 -9999 -9999
-9999 -9999 -9999 -9999 -9999 -9999 -9999 -9999 -9999 -9999 -9999 -9999 -9999 -9999 -9999 -9999 -9999 -9999 -9999 -9999 -9999 -9999 0.617308674918604 -9999 -9999 0.560387307814381 -9999 -9999 -9999 0.373325985265183 0.378406712343349 0.431575704169518 0.586748513342172 0.67574055174191 0.683248916175216 0.426749544658378 0.594558234297438 0.612982894381275 0.558973154511477 0.615042410117894 0.588435256304365 0.553245149149006 0.515056724907481 0.410492529681505 -9999
-9999 -9999 -9999 -9999 -9999 -9999 -9999 -9999 -9999 -9999 -9999 -9999 -9999 -9999 -9999 -9999 -9999 -9999 -9999 -9999 -9999 1.2489071013988 1.26234249182744 1.17471310477413 0.518947636010125 0.499974628837663 0.575152442706894 0.557012093395315 0.574392693579284 0.416134862007311 0.411466656487391 0.440388710103434 0.421651278884383 0.677127996823401 0.688825592987996 0.702398242538038 1.00317788837856 1.01408203317987 0.661636626773543 0.635168519693252 0.547818308405112 0.47803395500523 0.388479416415066 0.427709632276674 -9999
-9999 -9999 -9999 -9999 -9999 -9999 -9999 -9999 -9999 -9999 -9999 -9999 -9999 -9999 -9999 -9999 -9999 -9999 -9999 0.841657764794945 1.3584196458396 1.28760733332456 1.30080222970719 1.15576600819622 0.833585724649311 0.317046105010377 0.239796516325441 0.387027625038172 0.446134377853014 0.476668586088635 0.667369234633952 0.457699009530188 0.618056807070388 0.533638526576397 0.890745815922855 0.91377417993499 1.08559445288847 1.11750168889557 0.675729568683892 0.609299375355477 0.510029993165517 0.624647036602255 0.460000295788632 0.347546363627771 -9999
-9999 -9999 -9999 -9999 -9999 -9999 -9999 -9999 -9999 -9999 -9999 -9999 -9999 -9999 -9999 -9999 -9999 1.59159679060394 0.878306097547465 0.749126006667211 0.664213877826114 1.19484580136486 1.25767305326008 0.366814759672707 0.340371816662355 0.636941375432798 0.643691978893912 0.594775770878186 0.59839299046871 0.679733604556532 0.754066209083248 0.837194419545995 0.54788298348285 0.578149386910809 0.999603678792482 1.01468160482909 1.01903487484378 1.04770983489288 0.601132665906334 0.542989188033971 0.4534978816082 0.417001360801805 0.52091002362431 0.401445451643667 0.361726213668589
-9999 -9999 -9999 -9999 -9999 -9999 -9999 -9999 -9999 -9999 -9999 -9999 -9999 -9999 -9999 -9999 -9999 1.58698426639603 0.825570275992504 0.719236835720949 0.691149601152574 1.10787821904523 1.18614108032489 0.822168301056081 0.956006643264118 0.817514888694859 0.79669925980852 0.837480045447592 0.803728486062028 0.805402646619768 0.866366182890488 0.920192373087048 0.995960629552428 0.591993436955818 0.63642556369814 1.10572561061417 1.13534610591159 1.11437629766442 0.586194755669567 0.544096079465817 0.476444243759033 0.563395528843103 0.416441112065513 0.419624031565036 0.39606586778973
-9999 -9999 -9999 -9999 -9999 -9999 -9999 -9999 -9999 -9999 -9999 -9999 -9999 -9999 -9999 -9999 -9999 1.03149841925188 0.804135634098202 0.728129910385178 1.23827976312896 1.26597009148099 0.502650938699389 0.514398637079694 1.1064184004681 0.943535618262104 0.65041100833696 0.646608892111544 0.655032146823942 0.940085385991551 0.946675312661682 1.00667891547346 1.03267306349153 0.686529557697213 0.627033248292719 0.678057108416397 1.14577233580349 1.13836881155294 0.965190434726537 0.653611862617254 0.630178027677175 0.482294180983445 0.583664506848436 0.540165448001062 0.388003854823182
-9999 -9999 -9999 -9999 -9999 -9999 -9999 -9999 -9999 -9999 -9999 -9999 -9999 -9999 -9999 -9999 0.970831477843603 0.916490393137792 0.851825941936113 0.883391224306251 1.39600118200178 0.553146754782574 1.20732298091752 0.532181738520876 0.490043064193202 1.08791962520627 1.05895729211625 1.05049923513434 1.1036290516131 1.0556712604739 1.05282746699231 1.08839890617674 1.13066109406645 1.08341099803511 0.71476108769275 0.817118891063728 0.644915998691431 1.11042066237133 0.71827667488833 0.698801541147986 0.549224326277908 0.54372033355321 0.499876276080613 0.599074118326826 0.592606064856227
-9999 -9999 -9999 -9999 -9999 -9999 -9999 -9999 -9999 -9999 -9999 -9999 -9999 -9999 -9999 -9999 0.903231377378688 1.08651384016412 0.881379589372955 0.906081964785699 1.46863148620469 0.605999083745701 0.618641207637438 1.16272703235154 1.38090238033328 1.23406401689863 1.19769489538157 1.18173394639598 1.24666066221835 0.701014207606931 1.19160084432224 1.21819778541976 1.23859937593807 1.13720661465777 1.26605212790309 0.755241318074695 0.675585852150107 0.534888601578132 0.745675191865303 0.604932481110154 0.611122834015987 0.567419049730233 0.497582911521022 0.454386448836885 0.470619624138635
-9999 -9999 -9999 -9999 -9999 -9999 -9999 -9999 -9999 -9999 -9999 -9999 -9999 -9999 -9999 0.784745966484479 1.06574751771404 1.05386733685009 0.911969606022467 1.54257746180519 0.862483680066362 0.719081901877416 0.678420780275246 1.25212623152038 1.19427084973722 1.28584531466913 1.26565419577673 1.29891160031548 1.29394815849082 0.684291797369951 0.62936838457972 1.16642741159012 0.652999419799016 0.664433651763829 0.75498865226109 0.773572541220346 0.756888174691994 0.573495756725606 0.541096314918832 0.601346931034641 0.618554913671687 0.597657422076736 0.534441164745658 0.415954856180178 0.395970782847144
-9999 -9999 -9999 -9999 -9999 -9999 -9999 -9999 -9999 -9999 -9999 -9999 -9999 -9999 -9999 -9999 1.17376378875633 1.01197169715306 0.998944653474609 1.49775120007689 0.502762497262665 0.508942922920141 0.410168102590092 1.30850662117155 1.33292746977531 1.35621988192725 1.41174086274987 1.44533965612936 0.732577388589561 0.644409610686125 0.713871755579021 0.818871550109179 0.714541564775573 0.84211050580052 0.742750223253097 0.81307831533195 0.956170812060009 0.695700626238249 0.672357893563458 0.550872106941824 0.495653584948741 0.610393611168547 0.567546183447121 0.453720852419792 0.403772995923646
-9999 -9999 -9999 -9999 -9999 -9999 -9999 -9999 -9999 -9999 -9999 -9999 -9999 -9999 -9999 -9999 -9999 0.932013243073015 1.59120042189898 0.789976164128348 0.414712729821076 1.10765766385157 0.906213302187098 1.13005232014984 1.24206450527709 1.31730939574481 1.35617853811709 1.38385669561103 0.809851142548723 0.754165400394413 0.813387960988621 0.876092079124646 0.77624597997783 0.889201870450052 0.917651750569348 0.862306162161985 0.681812110087776 0.948181042986107 0.855366754876741 0.766231632042036 0.593769407714717 0.543608357475023 0.684251235725242 0.735776597139193 0.670097657348379
-9999 -9999 -9999 -9999 -9999 -9999 -9999 -9999 -9999 -9999 -9999 -9999 -9999 -9999 -9999 -9999 1.29456320973986 0.843427807922126 1.08084100065753 1.30366403391236 0.554800594727567 0.314087419866382 0.057775060703591 0.860919689330331 1.08088332217449 1.14954438231507 1.25176945766725 1.32762559587718 0.621000694081886 0.611195987403335 0.790341871834244 0.745031576116162 0.913912997930311 1.19090803673316 1.30797700876428 0.872786913532764 0.699210973834852 0.780801371547568 0.766227219173743 0.811582377536979 0.85994583878346 0.734417296371248 0.80647998402128 0.742133761377772 0.68429686507443
-9999 -9999 -9999 -9999 -9999 -9999 -9999 -9999 -9999 -9999 -9999 -9999 -9999 -9999 -9999 -9999 1.21820056483557 0.793440352936159 1.06685263381223 1.16129060734238 0.52907607596353 0.20716395485465 0.0734970439779659 0.8598287854511 0.875161850672157 1.06406670693104 1.14007689990103 1.21118045171897 0.545041177247185 0.576866326809977 0.672417712848983 0.729929044609889 1.24372857135313 1.04912416645675 0.9162764345092 0.9000194586406 0.820317240140866 0.679637114444631 0.713245265615114 0.74868679712381 0.690013182520488 0.563799231713347 0.470260657039034 0.431334575296205 0.423707501795434
-9999 -9999 -9999 -9999 -9999 -9999 -9999 -9999 -9999 -9999 -9999 -9999 -9999 -9999 -9999 1.0725604097388 1.09531351336045 0.732378066459205 0.832020035886671 1.00947545161034 0.522945928423724 0.53505678079091 0.0761799070332358 0.707841257735708 0.74329378639959 0.912637700821506 1.01160210124362 1.11490453855367 0.610097356911865 0.565689665563696 0.757109144615242 0.82731546535797 0.760284306124959 0.863647503138054 0.768357936067332 0.897090769285569 0.719979867426446 0.679522720020032 0.636231233329454 0.600485468567058 0.664417371808668 0.407818774874613 0.436941639691213 0.470028207928408 0.415498778693291
-9999 -9999 -9999 -9999 -9999 -9999 -9999 -9999 -9999 -9999 -9999 -9999 -9999 -9999 -9999 0.738815964723472 0.946075277170166 0.707295136635366 0.69304309272411 0.892339531674224 0.653185687042424 0.552750814676983 0.595224646986026 0.66386183789291 0.728018693280319 0.855527776366216 0.967144479545823 1.08266285678837 0.531494574715907 0.553546340597677 0.618178440163319 0.770992377510993 0.831756939078332 0.836074333165016 0.74644884080044 0.760037600230135 0.821296811409411 0.675879053233075 0.634729173725646 0.689995711582014 0.848302714075544 0.592250744375633 0.357669622644607 0.420005555042735 0.465166851427057
-9999 -9999 -9999 -9999 -9999 -9999 -9999 -9999 -9999 -9999 -9999 -9999 -9999 -9999 -9999 0.622901234237361 0.942786955420161 1.16107476969773 0.658225621918973 0.73012358006963 0.589882880376535 0.448090717327432 0.51345505471545 0.630110345809953 0.53463932977138 0.671637941195513 0.814343342426582 0.92534827763302 0.524031482200371 0.515045576321427 0.569396828723256 0.607483013482124 1.1493318106659 0.948858938500052 0.94902954515419 1.03918268541747 1.03003727053874 0.680363456012856 0.635587069155008 0.605999355684617 0.554952242055151 0.856313819895149 0.690911247147596 0.57540651596355 0.41625324593042
