Model input/Uganda/surfacerunoff/surfacerunoff_jun_1.asc
NCOLS 67 
NROWS 67 
XLLCORNER 29.5000000014144 
YLLCORNER -1.49999999936061 
CELLSIZE 0.0833333332926796 
NODATA_value -9999 
[rows 20 to 39 of 67, columns 0 to 44 of 67]
-9999 -9999 -9999 -9999 -9999 -9999 -9999 -9999 -9999 -9999 -9999 -9999 -9999 -9999 -9999 0.464298693259479 0.569640341382183 0.645511817310762 0.50070753422915 0.466257306015905 0.313633025143645 0.283473208583018 0.418638909195579 0.353044971006966 0.30304378128676 0.36032821731169 0.477640041935956 0.574622884414566 0.591008246374258 0.588302414143982 0.477658959425753 0.511134498083265 0.949260389461415 0.949193756241584 0.769862778724928 0.84824783334625 0.964133321758709 0.949109291468631 0.488671095808968 0.718153092748253 0.861992693899083 0.877834463608451 0.744324930565199 0.688625086695538 0.477298569421691
-9999 -9999 -9999 -9999 -9999 -9999 -9999 -9999 -9999 -9999 -9999 -9999 -9999 -9999 -9999 0.494540117870201 0.547646459381212 0.517349043548165 0.359840094461106 0.497737957630306 0.371862773135945 0.364480373264087 0.55711161758154 0.351002100273945 0.355528842419517 0.437296679137944 0.550717922124022 0.655918556731194 0.728682490262145 0.569456710763916 0.784337267759838 0.643541597128205 0.763055179049843 0.849294461659156 0.813030197605258 0.492754124024941 0.922224231544533 0.800563511802466 0.791923244833015 0.801815498562064 0.757328407416935 0.540120164259861 0.486141057990608 0.747468679037411 0.696651187354291
-9999 -9999 -9999 -9999 -9999 -9999 -9999 -9999 -9999 -9999 -9999 -9999 -9999 -9999 -9999 -9999 0.520540285833704 0.471687642857432 0.348541942003067 0.33158166161229 0.303308527236368 0.852657345603802 0.65308263742736 0.421926960825658 0.448598802904598 0.464564673620771 0.479552853448695 0.647159664367791 0.743660880289099 0.834585252960096 0.467477121674165 0.730069661585731 0.685646247802651 1.15506115616881 0.778456327680033 0.908053370949347 0.718076691555325 0.869812569362693 0.876401432833518 0.892915470103617 0.754018416046165 0.53750342613057 0.473944287477934 0.451506881290697 0.660567850900406
-9999 -9999 -9999 -9999 -9999 -9999 -9999 -9999 -9999 -9999 -9999 -9999 -9999 -9999 -9999 -9999 -9999 0.576219504182518 0.345955769262218 0.333441035763826 0.535079278961348 0.77268531572372 1.04639532366946 0.39822611222462 0.464025004816904 0.52093476256232 0.538389927214666 0.555488653162683 0.737065470275411 0.832833337881311 0.652209700092499 0.669260942231631 0.690091901560663 1.06370431967662 0.731511680896801 0.767243238442461 0.721680542483227 0.831385723358835 0.853508961881744 0.779278372647241 0.523483508914069 0.4924015411234 0.821237454147195 0.751254388887901 0.713657947926549
-9999 -9999 -9999 -9999 -9999 -9999 -9999 -9999 -9999 -9999 -9999 -9999 -9999 -9999 -9999 0.39145468690549 0.305004430629197 0.439134391399421 0.295821357212844 0.738832326078409 0.79099240542746 0.792884478244105 0.773972444079618 0.410648378817768 0.470856268748321 0.524531269434192 0.571638653923401 0.705723504324851 0.736412497644778 0.375142710709042 0.627993506896019 0.652686809189618 0.670156837259128 0.707920160493813 0.397125688323285 0.409340711485129 0.761865538152051 0.651592129543133 0.688667135364085 0.804717099526897 0.967767055044533 0.493421503961144 0.864508174345247 0.555144893951365 0.530112006345007
-9999 -9999 -9999 -9999 -9999 -9999 -9999 -9999 -9999 -9999 -9999 -9999 -9999 -9999 -9999 0.24715463996472 0.1875215259588 0.687309052409546 0.800641524165258 0.766231798479566 0.807517769885635 0.762338586067557 0.782922941027664 0.434865470310797 0.566128293712609 0.663284578649836 0.689482899360883 0.722850286365428 0.682643671098049 0.589724192650465 0.619770603407233 0.634775904472917 0.661151842905383 0.568845567613607 0.321893281125085 0.717590292879322 0.568407143873628 0.59764525576611 0.835566253954312 1.01663630084659 1.04761056900315 0.537391974830825 0.933851097215666 0.85440176553675 0.518900203132944
-9999 -9999 -9999 -9999 -9999 -9999 -9999 -9999 -9999 -9999 -9999 -9999 -9999 -9999 -9999 0.257918349234387 1.09763516684325 1.04340837333439 0.762539314337118 0.810298959549982 0.826693660769706 0.81611125682457 0.802015645831489 0.546136027423927 0.418788311662865 0.733341778868635 0.751165524889075 0.692276385962032 0.550167191249784 0.557421074518061 0.539945101991179 0.596191393924528 0.644024902612728 0.632755636615911 0.374528283828113 0.696683891874272 0.75410783119878 0.617941481323214 0.648291000288737 1.14263170507911 0.752713558540563 1.38935229642811 0.602499288106628 0.483358056953875 0.770363090850879
-9999 -9999 -9999 -9999 -9999 -9999 -9999 -9999 -9999 -9999 -9999 -9999 -9999 -9999 -9999 0.982619448222977 1.00687360918528 0.999463265543454 0.739689347369676 0.74190787046291 0.793410423145957 0.825710602541108 0.614909172213629 0.341473006301385 0.391511583529791 0.737580782697478 0.618903563918138 0.582662058150163 0.605778352110065 0.572938205550599 0.546196996765502 0.563703637453727 0.599104948378226 0.610544516348455 0.579070108869928 0.606741266892641 0.767647312386543 0.779424084612401 1.03124205543281 1.21740502254397 1.17636875620519 1.30947662819381 0.692992773110745 0.590552192079485 0.888616017618915
-9999 -9999 -9999 -9999 -9999 -9999 -9999 -9999 -9999 -9999 -9999 -9999 -9999 -9999 0.976858583271678 0.90891181889674 0.903264036651308 0.970937924876125 0.686025680636249 0.713610350999261 0.769796044664872 0.808802376923268 0.381470605589129 0.692778028678731 0.529703163920203 0.561175309485407 0.59081541166961 0.656821414850128 0.565903633287235 0.466883835542831 0.443408204318985 0.165352394105867 0.492478044179734 0.480772366245219 0.497896397519071 0.589552769270085 0.589917416618846 0.964885134635551 1.03004128595785 0.792565956544422 0.751808016502764 0.899977532753837 0.585508765652776 0.563217688068107 0.85299729835242
-9999 -9999 -9999 -9999 -9999 -9999 -9999 -9999 -9999 -9999 -9999 0.902121257240651 0.842490642753546 1.23889028509439 0.939270760454747 0.923837016898688 0.892716342860922 0.836293217634676 0.631319703011002 0.68554553124045 0.65021151590372 0.72343078772974 0.714368319677305 0.572784070755006 0.626022991127684 0.614676321674779 0.601831575295364 0.536825911694905 0.502306528687768 0.323285638842208 0.351222889094061 0.157057686806183 0.404891851758293 0.651267778266629 0.703901698216214 1.2432133044058 0.756028084651916 0.796120110408083 0.607810199653613 0.744690133615222 0.496032993396511 0.508181934492313 0.6005133218423 1.21951539722431 1.29401088179293
-9999 -9999 -9999 -9999 -9999 -9999 -9999 -9999 -9999 -9999 1.02767491443956 0.788206329161767 1.07437554561329 0.93038998306838 0.874002384989581 0.846440418627026 0.81750325037433 0.768209393143593 0.335698691216635 0.414890468164231 0.489240161186899 0.493188029395242 0.525182415003655 0.570957220588753 0.623281443040469 0.547620365068724 0.733768096324638 0.578271005906572 0.496258756356838 0.181035335799606 0.389720694329299 0.370568743164768 0.604179355832457 0.343253242135688 0.374941394966299 0.664996644445637 0.418298916883941 0.569430735595233 0.719860114259063 0.936702686203716 1.00174210797377 1.07762385869137 1.15004738290736 1.13143994985876 0.580072211960214
-9999 -9999 -9999 -9999 -9999 -9999 -9999 -9999 -9999 -9999 0.43869614637515 0.704776331076573 0.64180459776253 0.649682719313205 0.614072968346591 0.586860202645312 0.643230926982596 0.327936057239242 0.446631836894085 0.534305900146137 0.539767452210071 0.542412428330863 0.648826629003452 0.626755003395374 0.781390553129313 0.798761222540634 0.697272886100109 0.567106574635545 0.479110142805439 0.219392168219201 0.374809962522704 0.69969868309272 0.704224847140722 0.677060329508095 0.386531663934875 0.399282600483275 0.691704171458696 1.1049670729335 0.898552587159429 0.916761217240492 0.948596206853836 0.976103907305514 1.09531178077305 1.06543947521232 1.11835512325342
-9999 -9999 -9999 -9999 -9999 -9999 -9999 -9999 -9999 0.88767048328009 0.420549403770565 0.926145637095033 0.659023165326289 0.644225772020945 0.615349843343438 0.595760065479567 0.517060955758097 0.391688533454726 0.5591752633336 0.566394260204106 0.511842146806885 0.533843580342364 0.547855678178166 0.628495843557175 0.546864634088706 0.525669789567473 0.681033391629171 0.554233830371231 0.452818319899961 0.424907259457541 0.541000336852449 0.409907034736534 0.782798922955408 0.826106586828246 0.751431759454135 0.70981209682941 0.611884895988624 0.563434786727157 0.733771395516669 0.595246257489634 0.902732713257137 0.41239166057494 0.918548559639021 1.14390075600568 1.1799877293015
-9999 -9999 -9999 -9999 -9999 -9999 -9999 -9999 -9999 0.828692991490243 0.578574841256341 0.798305555917977 0.638205189034124 0.621636658593161 0.580297673792529 0.52715164321171 0.64459774603165 0.434038984167273 0.363094974090927 0.372653503745823 0.422469850036578 0.360027611350233 0.422516627168079 0.427567432780052 0.759485291382589 0.477281984785805 0.469076516310452 0.433676894772361 0.241675456436496 0.374375675164629 0.764347532822285 0.517340338774375 0.412370479807578 0.755842929720529 0.821453511889558 0.663938637444517 0.669305270093901 0.687658493006893 0.477108736959053 0.587254225138167 0.526020477082056 0.503507113535306 0.383602727197285 0.649522025923943 1.07665572886617
-9999 -9999 -9999 -9999 -9999 -9999 1.20295405031356 1.07862142431259 0.942410924835713 0.404476090807293 0.282047504470029 0.572935570744448 0.596698987692434 0.534105420854303 0.585986213081924 0.659607111629157 0.674247690767515 0.476850379527605 0.498320684528153 0.349906082647067 0.509495655478531 0.450927738256723 0.758578745262639 0.480701066862821 0.453342756372876 0.728858285583556 0.708344811755524 0.651217565064144 0.355957447936817 0.701831640071759 0.37525249808823 0.673042500238807 0.734411351913877 0.672511037009826 0.637412871583365 0.731640967387648 0.611533258961572 0.679017819493311 0.726627840776928 0.484383732327842 0.857836483191932 0.810825938970083 0.673920836561592 0.896890405783779 0.50725446180877
-9999 -9999 -9999 -9999 -9999 -9999 1.05126263042621 0.90245315732318 0.443396071204916 0.171875341266059 0.168344383155272 0.22313364229376 0.61855081048634 0.556649977170309 0.462649356450129 0.503188885431882 0.288071525574196 0.312738907268795 0.491415283249808 0.535464211679937 0.328858393913833 0.49763868082664 0.762946506256412 0.785054935477092 0.432966106018284 0.464309175185917 0.674681540658639 0.659530218399595 0.19993455725853 0.334480443598295 0.205197238528854 0.664578312353115 0.634112371699302 0.634138251371041 0.429208316745644 0.70044069798314 0.70230394067039 0.761319637604174 0.863050836414914 0.542006690011476 0.980507231361116 0.901940034964355 0.906048589968123 0.888490136276232 0.789461715612561
-9999 -9999 -9999 -9999 -9999 0.529082596585795 0.272691295322147 0.423827296799573 0.385464234568644 0.192768105080177 0.149449566151816 0.227441791594174 0.520929187587171 0.494835637709912 0.629472722721403 0.387553284781461 0.394512162984029 0.487192689433869 0.460396586277056 0.323785548516753 0.368463701306609 0.581539720769797 0.863383666001027 0.808429025710211 0.714793889528664 0.479141021060059 0.433926440564392 0.76619029732683 0.285079742297967 0.386338109819917 0.783967405368458 0.665853395730664 0.642133450128313 0.643575705908006 0.416400262110983 0.738705287403718 0.684365389133745 0.82068023220927 0.861635558976559 0.573257531868876 0.963222513746587 1.20059561595554 0.913963403945672 0.85329579997051 0.756397445002222
-9999 -9999 0.203353220513236 0.374667994037736 0.421210200329369 0.268630758910149 0.252776497291052 0.22255995827436 0.0818995304143755 0.135700169721531 0.177956120865019 0.124422641874844 0.478661985653162 0.543284332707117 0.668321093144186 0.683976599248126 0.610063693784468 0.478587455290835 0.362000690984132 0.239716252963262 0.277019256827771 0.354338606939564 0.602767430791573 0.649225262350228 0.286045770280907 0.483070407426567 0.530828754563117 0.494828988848894 0.29560574421339 0.413163749726664 0.414280644690734 0.439899806224275 0.680663313687546 0.702908378116263 0.421594573708717 0.443039174570004 0.528668058905168 0.779613494160003 0.309128587559826 0.594283699683729 0.970724595390493 1.04594729964447 0.855392403536825 0.840241757032345 0.628909550869139
-9999 0.565332375117578 0.511353715410223 0.502724384205067 0.127676564716239 0.153327290263405 0.174825868498374 0.0635338957977183 0.180562361265402 0.119691153486201 0.238726011048129 0.583398724302242 0.59784746463265 0.57821399968816 0.654079320156598 0.697966934239957 0.625909408881853 0.474073724944901 0.48051661815407 0.361293873538671 0.424072134592279 0.527074573255959 0.558637620997615 0.376961173969903 0.387646382932871 0.255149265740329 0.325812017763383 0.258427484823187 0.470408617729845 0.416057331676711 0.398266903175681 0.420251571995323 0.414028880186379 0.471353989269119 0.451486473139084 0.537699533197156 0.866250549734104 0.68161196213623 0.288228213321418 0.544876661479066 0.565646354516502 0.666664640448289 0.769438280258328 0.746483716284274 0.39628384365642
-9999 0.499214038427453 0.27893432206838 0.17853255440059 0.183292910151067 0.0903984984006456 0.191738096873451 0.282014062122471 0.741588672099169 0.400219090806786 0.595316550061398 0.73683374466782 0.815444354884676 0.627219003945356 0.721521335435682 0.713583469405421 0.564843420761463 0.462604240055953 0.617425617747358 0.494417231493571 0.48814523506735 0.526502150023589 0.516504823281139 0.415298201460246 0.384910775210301 0.577601513214177 0.272070606115449 0.237461117194471 0.275946273632144 0.271413448444946 0.444569051069266 0.628231558039261 0.379050296032801 0.470600338303484 0.525019235283253 0.552393472389667 0.579275259042333 0.511911771354789 0.437437049185974 0.533988396000495 0.544884718692629 0.580349396841484 0.735884219466243 0.682028934534173 0.677945530696888
