Model input/Uganda/surfacerunoff/surfacerunoff_nov_1.asc
NCOLS 67 
NROWS 67 
XLLCORNER 29.5000000014144 
YLLCORNER -1.49999999936061 
CELLSIZE 0.0833333332926796 
NODATA_value -9999 
[rows 40 to 59 of 67, columns 0 to 44 of 67]
0.35083015291093 0.230467142955604 0.185110733127658 0.0875319635724736 0.120463496386947 0.217835412058776 0.381148374344775 0.678312020681915 0.744837152524269 0.540230199476355 0.490226424517459 1.01640099092037 0.910230810404755 0.93483045566245 0.965025101322681 0.873599097758415 0.966433370194864 1.27442007942591 1.57595461314486 1.52975967284874 1.44155344059982 1.42043666346581 1.49183478060877 1.71108360336802 1.61165255576634 0.966029399023682 0.390842249998968 0.34622003727236 0.382766470920615 0.261585005773668 0.305087451579311 0.474148788271123 0.510636131821229 1.06975888684246 1.10528433469881 1.0849041509573 0.592498976402567 0.54265250764729 0.535456456418615 0.568456352539215 0.518507066317397 0.583670804189751 0.519378943863558 0.807720141892787 0.798228413259494
0.271410985988041 0.115772540311809 0.18391073353996 0.157993975790305 0.286240895547962 0.340623276770202 0.807382115453947 0.707743650309567 0.813026710602571 0.802101993031101 0.578715802475926 0.749228285712888 0.996668919469812 1.07969963210053 1.00694353568542 1.11162565917766 1.11987601121655 1.40214489874779 1.30543051091081 1.27310436619155 0.939206849579932 1.48480558345909 1.41447439455078 2.04921387012291 1.23489789984887 1.17760180000914 0.355294843075171 0.454733671176655 0.378534079573001 0.452706010037218 0.255288885909977 0.522664674463158 0.65038330922107 0.77959532109162 0.776442509049957 0.746112410979549 0.640035815195006 0.520243210303306 0.46788249801466 0.54165482379176 0.520154115292826 0.590852179811918 0.579833799747576 0.966061023063958 0.859944368130527
0.142457979563915 0.271633442025632 0.197636306893401 0.265001853676949 0.74119572127529 0.845739106807741 0.600451997343043 0.8603869300714 0.870602030772716 0.706567178895057 0.85285530803958 0.757948888349347 0.789532656199299 0.810873956652358 1.24732931180915 1.3105729376548 1.26053287203831 1.11583546640759 1.31001234876749 1.30067041391158 1.10776850124239 1.58177346384036 1.7866309681267 1.75900838075904 1.15138092769485 0.970522001352947 1.14618990210147 1.27685732059035 0.749483335312107 0.755169312697035 0.525784413184738 0.520138481988397 0.569050014746608 0.566629960303544 0.664499165395682 0.736991440589918 0.620393555436749 0.487554570099746 0.487954745949537 0.513642175064888 0.514585843120585 0.527670395058522 0.497353868013306 0.535404843503784 0.74189394217683
0.253888969837135 0.316850163471827 0.326954886986641 0.837252469864325 1.44467203972454 1.23526191964629 0.599326348492468 0.909749122001813 0.733587286049442 0.258448547810985 0.663521029309777 0.746301378967473 0.996747126919217 1.11660561015015 1.13442666406627 1.79200771890464 1.09111472011136 0.850557536978158 0.973877455180627 1.39182608290866 1.28247204156651 1.25172894149728 1.29311816272093 1.19229148276645 1.25475795812235 1.13458008127054 1.15870933495898 1.09203068836905 1.45939466983691 1.54112106883986 1.2418075275491 0.35785058116744 0.608134042522579 0.5660814449584 0.589938900702691 0.640152377854974 0.590343724070408 0.565412172363722 0.525157533957099 0.545485197108064 0.538904723271116 0.475717324661673 0.222628147184878 0.545850205526222 1.12443370562687
0.288723238099919 0.324741552503838 0.339508556862711 1.12175198410114 2.07311569647572 1.25692698384228 0.421271619870822 0.935235584620386 0.475795879538055 0.433978706951166 0.59040486212325 0.900117283890722 1.02531212360191 1.04731742612785 2.08784561982611 1.96083183800511 1.47950402970309 1.75713571479719 2.56076762343582 1.59781713227858 0.81995640630339 0.834031277918257 1.05179043748649 1.58208392304005 1.11010606769923 1.09897487868693 1.52993652545774 1.57453794281537 1.78252878102825 1.70905866163196 0.723956211913901 0.455493538538576 0.629087925517524 0.602203435846604 0.599159415287431 0.615872892012703 0.955825034907321 0.929791767703136 0.70514521394216 0.638310045360413 0.692090710799675 0.760623585847497 0.39450859048884 0.497062234899204 1.62453826487763
0.144961395790233 0.241031997120444 0.317687188726268 0.967622256212053 1.36948943963944 0.984705234259309 0.748885194298055 0.357722525222925 0.315791697175882 0.362921850182829 0.853216911309573 0.839910024296842 0.953599170316011 1.83536807344353 1.68391128681833 1.5131470918277 1.39666725590359 1.38638981479744 1.31804351258324 1.07945829586242 1.48147513937147 1.07039312297275 1.21450796723366 1.59311115476157 1.09007994115018 1.42738948989063 1.53636730510698 1.22010542327189 1.42629864373589 0.592191321629798 0.491044842419797 0.480719225379289 0.679710296026315 0.637677228951361 0.433670010352216 0.643374080937065 1.13540721395111 1.29043226115755 0.89088364802592 0.362341451364045 0.369278600373946 0.355306554411072 0.448213286290411 1.33883776470611 1.99152345339826
0.199198894279107 0.240710922753351 0.560255243726715 0.858621000588755 0.934045765461633 0.613688967860071 0.760900708883128 0.0787927510828013 0.0527265644052477 0.311287211843592 0.856615603879618 1.00604325780296 0.8967880412456 1.5556028301944 1.19901491234486 1.22918076340284 1.2392700973578 1.54258282782394 0.779727934514085 0.794427537130105 0.819088409116375 1.65931665560493 1.49409108780674 1.30924195264015 1.1803450483967 1.23658085294664 1.21589815626066 1.06122808438158 0.91936730859743 0.47279847694881 0.45878865148552 0.469495689685573 0.474266686069313 0.485136220049753 0.46038582422625 0.467007113002182 0.729856513316918 1.78930581932946 1.13148131731577 0.322701777349721 0.886156100932567 0.339794946739858 1.30514316151675 2.5143265575025 2.38790117055032
0.305975675018999 0.254813483934413 0.630986711257719 0.845418991957558 0.948998520470923 1.06296717785881 0.456571277481999 0.0460558487702656 0.0732775932021923 0.287645928437996 0.804763384621765 0.848292620503344 0.853543115226785 0.795295819443709 0.766115012083901 0.644536249637895 1.38448369398247 1.6118002422445 0.941911431254994 1.29438432213647 1.32576661781059 1.29124994782615 1.45283951496822 1.1969439551649 1.08036134724898 0.962441703222794 0.975524641035008 1.10053442631397 0.952409948695276 0.475027218271862 0.427883195698087 0.45828111069568 0.53428486444318 0.973037367657525 0.966093386523426 1.17853578194627 1.43064748954203 2.27508164243773 1.99110550238402 1.95930785866949 2.07616757234064 0.667107518893317 2.05956106492522 2.34587440172618 2.24808258099074
0.361943139978393 0.313146389089525 0.731729359358724 0.362981085345382 0.323880390624254 0.406348410251667 0.519337624155014 1.03999854809445 1.51535889017396 0.896417076546641 0.68408236529649 0.916885588594596 0.837124983263493 0.637678824205068 0.584140439059411 0.515958714458975 0.752111894144036 0.890115336915187 1.24176664121478 1.1204476140847 1.10911263982416 1.33555603315472 1.52697500197974 1.39432191463129 0.751672999967923 0.437038036182003 0.746482238810131 0.832673121294647 0.997151631963789 0.482611902953067 0.413788978221419 0.773989348090254 1.2021098191326 1.46804934774991 1.95458355665323 2.13851316038927 2.39800113558886 2.34492706840683 2.30465132699464 2.23336107137584 2.55312554781995 2.51277712595765 2.41809276667482 2.25125663200743 2.16292540426366
0.175473652006986 0.187513619948732 0.351043433511222 0.176899293137467 0.125617393450739 0.113369588689238 0.0986778583182968 0.5649475692735 1.50701941947773 0.622421216121438 0.81013423641707 0.808766727459442 0.873613556905184 0.705141166690737 0.582839563321613 0.424756302436435 0.53745797231386 0.8221770867749 0.811163877187937 1.1786453815148 1.17287306966318 1.13178698211414 1.25437289170804 1.3066568362774 0.584649908432766 0.73213947507611 0.200156859136769 0.66761666948878 0.39301580707729 0.404411231102131 1.4961558226787 1.22755254869844 1.71288278579595 2.08111742040273 2.4304967464559 2.44436692810268 2.41528388778534 2.4025626553339 2.27449326530405 2.23831053062895 2.42096653892077 2.3768905630277 2.18008224510413 2.0410115616869 1.929280841523
0.556605132715049 0.756219609911568 1.28676247868498 0.635669153780327 0.204543134032065 0.140175234719209 0.272030089490727 0.201783137072198 0.332465907149526 0.407733769861807 0.926655739021953 0.710663728568761 0.574314371988294 0.646853853140783 0.45659178886126 0.29717001143581 0.464464423203026 0.992067543847952 0.790522811257688 1.23123119192314 1.16465932933352 1.15954746979696 1.13478030289116 0.976754649855138 0.793755341874203 0.42352061609563 0.384963665965188 0.37401321787911 0.594678969719098 1.72034602383064 2.04569480138161 2.13377692398353 2.35505403725256 2.36236601449491 2.58196960749046 2.58506354475685 2.5111909944826 2.38424195981679 2.12322732795656 1.99889844907375 2.22718580698711 2.278948671119 2.12820640354039 2.02494731047409 1.81678530702811
1.41122670140703 1.38526448893117 1.33439325395557 1.17763931478976 0.902898729009394 0.119256490165753 0.169456641515353 0.168757752135207 0.429194488333451 0.915599611289508 0.341748127198116 0.977081299424754 0.771459760471771 0.682099901496258 0.441719842456223 0.302180004837282 0.342952531354968 0.425623848968826 0.779907506512245 1.24897729710938 1.19922535213846 1.1084732332165 1.16988321406097 1.04889017438836 0.798917286829237 0.341893000040727 0.392835906495748 0.400148612243356 0.612850971265289 1.52426797467342 2.10590865299309 2.058170912278 2.57068256178172 2.52536648122259 2.80272769668954 2.58928488437959 2.46376670816062 2.43270597707124 2.33250181736366 2.26458852921496 2.17173890632694 2.07261871992159 2.01923487657041 1.917092709391 1.71857020177413
1.51033430051939 1.46993693510922 1.33823943326661 1.24499431785807 0.752678212620594 0.095442346037089 0.128690085489325 0.372884536318452 0.936837601329898 0.384003173167002 0.952693605540844 0.281594894886439 0.782931580943114 0.466388195491163 0.435859463323141 0.504756661939609 0.446539611402841 0.380356671939808 0.546080070307653 1.18626936819055 1.2296242884986 1.07265584119887 0.978221908553678 0.671370653890335 0.703024310041656 0.524052644323092 0.476437327961321 0.408263939789322 0.660530888126232 1.10297338142118 2.15638368172222 1.52866022017406 2.31620089653006 2.5292253585576 2.99191322574188 2.69075140749919 2.68221386431833 2.56231096318515 2.33962048753256 2.21118752870098 2.10266007889004 1.98112139241857 1.81560590431218 1.83211462763211 1.64509295188964
1.68482186109031 1.54267478615111 1.31566545917394 1.07320649897247 0.151129930713978 0.0616622222651131 0.277210169770115 0.78002760437812 0.802834794740193 0.901384191820398 1.62817184173036 1.37817138784158 0.678565941598208 0.61200921300042 0.450498702775803 0.459577167021052 0.440320214693202 0.578573541133665 0.668986398522975 0.755738396037486 0.643762248728308 0.575898011902609 1.00058565112704 0.643546688024799 0.644135571747029 0.594889069816418 0.420700611357461 0.511369447849574 1.09229127883737 2.07498504460091 2.1761292418887 2.33026344267273 2.38258276749548 2.89867092942586 2.78881117992569 2.73035578584313 2.67758279915142 2.50052143019275 2.38164729671553 2.2575107486773 2.05489170002693 1.95295045659805 1.78578773875415 1.67293377398892 1.60785312073131
1.54987559199071 1.29490493236517 0.591889692259429 0.113062255422847 0.0900492591426882 0.227576068027702 0.54792823993921 0.815381532447645 0.735772120606271 1.33825960074319 1.33263867610367 0.94916220587038 0.807707824606041 0.59337399306969 0.669591322548513 0.575855133320147 0.556795375814545 0.535911272891099 0.714334769327252 0.654775070870528 0.511052335696149 0.462116001926915 0.927926284020941 0.990719873698254 0.635914800341197 0.359763326741813 0.184219018592557 0.876344629432424 1.55756171261601 1.95140088953849 2.15348563779116 2.35201870600577 1.78596815203491 2.53096125925367 2.77495927366544 2.46964014877449 2.67236722447706 2.39675754892232 2.28317507480824 2.18959130961593 2.09272691972728 1.8997728730028 1.76247971376142 1.66349892174367 1.59616017299413
1.70489687479858 0.835267928778194 0.140874355338383 0.199575306396582 0.211585066608677 0.439033341535833 0.73151626111212 0.751271874833037 0.79977592213254 1.03092622521217 0.873476634296821 0.846185437694658 0.816437570392736 0.705286878655897 0.641399657069996 0.711013812178862 0.465945711766835 0.572528699194663 0.542321029570303 1.36174922954524 0.386849971619085 0.350004580468521 0.383395202334214 0.521122857207956 0.491616501676617 0.145879419619632 0.427030500759429 1.278314690353 1.82852149964674 1.95024141612521 2.02595183964149 2.20858048851369 2.28185725927688 2.32912459978252 2.4905938134907 2.36104321538733 2.31677883766679 2.23738044860511 2.10474651794357 2.00200393555861 1.98029674811551 1.89060925004014 1.67362550473626 1.60630163782116 1.53126361738032
1.10326703270403 0.251927405770402 0.187338488103705 0.0194011430920682 0.346892425568512 0.668038780531788 0.685069291648688 0.58555308078212 0.555695413822832 0.869992132720654 0.810668609119602 0.714767283170659 0.70729845083406 0.722205138117715 0.610283806054213 0.766018031754356 0.500456688314443 0.604602008934307 0.769872409364325 0.482643604300392 0.527099638020445 0.525837238456006 0.457341588116833 0.245413179527532 0.289223016807227 0.131262865579629 0.473774222882639 1.66953489133448 1.85165742959725 1.96450652310887 2.00575708731776 2.10164050531603 2.16163018467341 2.26278945729064 2.41984485273861 2.21105286800594 2.19314414425753 2.10753799274244 1.97998135899979 1.92237068404211 1.88583732415282 1.84945030014205 1.75539732890684 1.56996172813706 1.52452243582957
0.216979513425031 0.313578285386029 0.272530430265761 0.0262799325128071 0.456290629699652 0.613438962318469 0.548916485968221 0.527670620613208 0.507247594214277 0.810662084404612 0.63324816255772 0.690772672896856 0.596919258896378 0.730506840227463 0.653226538815943 0.676823438880092 0.432263921993581 0.243089412265363 0.302286518035544 0.486795063807222 0.471677123641712 0.606145438723615 0.503639334965555 0.498567066642863 0.279210969438282 0.413981173551292 0.844683665491175 1.99447425893595 2.00009499258158 2.08774522434396 2.12306604862533 2.07947626131499 2.08848078273149 2.17660216912918 2.32035342469317 2.11192372171354 2.08802925499185 2.00497877904127 1.88067696672078 1.81155358222895 1.79275518439681 1.77434622401051 1.71179520793885 1.66507230096613 1.49701750046916
0.239617969555184 0.230632377451911 0.14386781884923 0.433827640790696 0.401676603814849 0.56197673711722 0.40075478500512 0.452782156571629 0.680037489473762 0.653211323879077 0.661386686260812 0.667583755785017 0.544996491953498 0.54272050738291 0.507749477947073 0.66555684315972 1.22193104652979 0.176032518993452 0.392635335629166 0.350272388459416 0.336613320996548 0.36931455906597 0.252643439580424 0.124986637899838 0.28965426281502 0.298349101967688 1.44774589989538 2.00836150634132 2.08454019320925 2.16377500601084 2.16704396189016 2.11067027157696 2.067528882435 2.06732853075664 2.18172692439111 2.02453810379666 1.99334717308375 1.90931156885199 1.78966554722138 1.72805471174797 1.73094835190568 1.7275807194892 1.6813648508105 1.61603955575629 1.50294266859419
0.306059133436065 0.438027866948687 0.614952423575232 0.676659140935953 0.371531461496488 0.35670020042744 0.327783712691598 0.731607510715548 0.566556695957843 0.734530607587658 0.856122422192129 0.484260081520915 0.677525856190186 0.494135494591319 0.499615741318848 0.402377929276554 0.473314400551317 0.450252335213008 0.525138147168036 0.75194004966761 0.809363313237554 0.46324048707902 0.307140054701449 0.356624727373855 0.398140852666984 0.525204625773767 0.99434715048119 2.22108788148034 2.24246130255779 2.29481838687207 2.1397858254204 2.11029378533567 2.06953983615676 2.01716228184523 2.14196709202952 1.9992958941657 1.98546022147639 1.90203833699343 1.78966774637956 1.73472985852641 1.73590492704534 1.72185799419822 1.68029080759879 1.61489643141977 1.54096384426339
