Model input/Uganda/surfacerunoff/surfacerunoff_apr_1.asc
NCOLS 67 
NROWS 67 
XLLCORNER 29.5000000014144 
YLLCORNER -1.49999999936061 
CELLSIZE 0.0833333332926796 
NODATA_value -9999 
[rows 20 to 39 of 67, columns 0 to 44 of 67]
-9999 -9999 -9999 -9999 -9999 -9999 -9999 -9999 -9999 -9999 -9999 -9999 -9999 -9999 -9999 0.483818927023094 0.594589448155602 0.67550278527051 0.512277741108846 0.454598024589359 0.400285826799518 0.299797558000137 0.434226140441751 0.258442031963568 0.291594003556384 0.338666059633397 0.484424903788749 0.573876964153897 0.55514789710287 0.575347883568611 0.457774001006328 0.485524432406237 0.903670506886556 0.904494292626623 0.742599625482399 0.826844996481668 0.933254321353161 0.928585039218888 0.474595619380125 0.713575118425069 0.849245121571585 0.857230925248587 0.734307403035928 0.679620430673822 0.457134055068309
-9999 -9999 -9999 -9999 -9999 -9999 -9999 -9999 -9999 -9999 -9999 -9999 -9999 -9999 -9999 0.510936520186078 0.567081687222526 0.538324254193867 0.371135165551095 0.513400016643573 0.417613482568413 0.408687166782329 0.606383491685847 0.337466405653686 0.365127129043685 0.445649523499014 0.586179448873736 0.679837667121319 0.730000835574174 0.528670637322648 0.750939383578952 0.61000145979051 0.739086505745945 0.826773097287514 0.798266073616105 0.457578467830899 0.910420603759121 0.797413380496437 0.787921393566648 0.797042237536516 0.765355178373284 0.52140731986583 0.463625985503313 0.742986694604042 0.705426715285284
-9999 -9999 -9999 -9999 -9999 -9999 -9999 -9999 -9999 -9999 -9999 -9999 -9999 -9999 -9999 -9999 0.542206886166241 0.490237657686521 0.359302429842501 0.351365235928824 0.32089290652948 0.912576246264507 0.629373445917736 0.381420987650927 0.415321992022655 0.398548369958007 0.43725574232667 0.677144294058962 0.765826915994694 0.851466359563346 0.445347674940422 0.713120415639423 0.669277140332269 1.13187767783529 0.774456549152092 0.902116466022562 0.715111760655418 0.868378827362903 0.872080392582575 0.882520607774495 0.757547873945441 0.510386423229647 0.44869123303215 0.424906512307643 0.661293226585258
-9999 -9999 -9999 -9999 -9999 -9999 -9999 -9999 -9999 -9999 -9999 -9999 -9999 -9999 -9999 -9999 -9999 0.600332211433852 0.35743838907365 0.353648532382067 0.627782788342302 0.932926184987082 1.11069687545751 0.415018939975198 0.353866145132997 0.393330053611862 0.421275669168608 0.513276007040986 0.759465275223192 0.853635155181109 0.648153609290603 0.661468796351983 0.681645584336366 1.05110092590621 0.732873090782959 0.761766921641538 0.718752260581823 0.823684602437424 0.845329928779393 0.771426042774692 0.492637411298347 0.460410457890248 0.81568340647209 0.752377438402618 0.702836285199737
-9999 -9999 -9999 -9999 -9999 -9999 -9999 -9999 -9999 -9999 -9999 -9999 -9999 -9999 -9999 0.413665597989166 0.320442618431116 0.453327247669222 0.306728546547674 0.805540474630106 1.04305378363279 1.06619803534613 1.05274299818348 0.35120248730891 0.357975510041797 0.395850626773608 0.426450950271828 0.759274284064304 0.785443284257781 0.372829376374284 0.63176487947203 0.657915155898081 0.673088344228745 0.704819244674582 0.380804628548503 0.399069791001239 0.75913755063084 0.649187229100789 0.682602884808148 0.797431544924621 0.956681040406693 0.455403528576426 0.860436750372173 0.534066685759171 0.512333803271758
-9999 -9999 -9999 -9999 -9999 -9999 -9999 -9999 -9999 -9999 -9999 -9999 -9999 -9999 -9999 0.263701254425541 0.195796329535369 0.742352438464877 1.00375229658312 1.08200324939389 1.18130912289871 1.19678590647254 1.22091396889346 0.37725934998889 0.440507357325259 0.511697027377522 0.73530843383196 0.77833587238274 0.716260788976797 0.609813073424448 0.639431746094488 0.648629118586541 0.673801204357005 0.584035720748943 0.309268107230309 0.716652205483115 0.565975002245978 0.591853637160966 0.830237051559379 1.0214143403573 1.04142362943094 0.510238463903079 0.980905022515799 0.858640751175699 0.496475256113627
-9999 -9999 -9999 -9999 -9999 -9999 -9999 -9999 -9999 -9999 -9999 -9999 -9999 -9999 -9999 0.271036362391897 1.30172760327696 1.49960209319033 1.10506045325565 1.22405262368375 1.26456410777109 1.31705004307037 1.33004485246602 0.466944088202581 0.335762410713869 0.817692180135055 0.830878950182523 0.749892309613642 0.598779311076214 0.619386379185016 0.573123600588588 0.618152192146226 0.672972424581531 0.64662469594623 0.369032343314757 0.702892865774629 0.760282226110576 0.628946522738261 0.665462592223776 1.37855800221587 0.907513031961571 1.88798571889492 0.670005967549514 0.469956393317261 0.772222456362215
-9999 -9999 -9999 -9999 -9999 -9999 -9999 -9999 -9999 -9999 -9999 -9999 -9999 -9999 -9999 1.20122787939181 1.5297679710784 1.57945786554592 1.1764163555199 1.24445434971676 1.33401383574494 1.44891453004448 0.612261323567509 0.337461979142972 0.456956154721411 0.788582845416386 0.66422395502741 0.653405217235559 0.703365962181124 0.65718709538487 0.609328063546855 0.606849876930937 0.633491654298268 0.637354546597635 0.607956273597665 0.640141247458814 0.801353426140849 0.812566010608862 1.31972609142395 1.66673075818835 1.50235753790184 1.790976151824 0.820999446659698 0.590056406508666 0.900803919648752
-9999 -9999 -9999 -9999 -9999 -9999 -9999 -9999 -9999 -9999 -9999 -9999 -9999 -9999 1.29467867554922 1.5046778287342 1.48005050118627 1.66715787463545 1.17309553007772 1.27461332397161 1.43765359396753 1.19002564474613 0.395348627989733 0.745443099731347 0.566955202884856 0.598383341639419 0.645950342914148 0.720691460628586 0.637139120044594 0.557682160433615 0.521847028721822 0.22544858643414 0.523351649462711 0.509392975800438 0.604351176662021 0.79540377282683 0.721479202184128 1.38115459139954 1.4853858283459 0.956266439061437 0.773605515860254 0.986271605142974 0.60387018493202 0.595125657127937 0.997596460365457
-9999 -9999 -9999 -9999 -9999 -9999 -9999 -9999 -9999 -9999 -9999 0.95653195057821 0.890415594767546 1.65440375167236 1.62854708651139 1.56852195004831 1.59568241087982 1.59353235858362 1.25963820653396 1.38820834882836 1.03065213534137 0.7729782100796 0.744005030355765 0.567807633160555 0.616204502875917 0.618789586951607 0.619904389168369 0.56578326257295 0.573287642509968 0.415834105751856 0.448036313173361 0.264612185901569 0.456828282949573 0.851327560667414 1.03986750309559 1.42247376970772 1.14671569417624 1.10167700086095 0.648067703878041 0.923715091630584 0.508472997353238 0.517743737873388 0.6854271496195 1.92115785830538 2.19429273784044
-9999 -9999 -9999 -9999 -9999 -9999 -9999 -9999 -9999 -9999 1.07352945815364 0.833712534586084 1.59552606146462 1.64148154408394 1.53066525035683 1.54536219247348 1.58456091082826 1.58818984562004 0.614276372402855 0.447861418706452 0.527267138295429 0.516150299972651 0.507888121319411 0.554473671400046 0.604534297963255 0.528137756191427 0.725726797099924 0.628976101324952 0.593947537709028 0.270757353291629 0.486219189042458 0.422208795953338 0.659023576190521 0.383899920507247 0.520999409673095 0.956490175667568 0.628747593054868 0.665622826090839 1.01648229701823 1.78463339807422 1.80341189479805 1.97733429013169 2.10839552346442 2.03435715047817 0.740543078791234
-9999 -9999 -9999 -9999 -9999 -9999 -9999 -9999 -9999 -9999 0.46426439894276 0.846922355776769 1.21053089605994 1.26491219634772 1.19868251636035 1.17573370442869 1.35458361455676 0.514690449904265 0.459844176020852 0.577717562009639 0.58665931737778 0.590308763094072 0.635733978015196 0.611920453593484 0.769714393754839 0.786367758337292 0.748652048969234 0.678117059578653 0.572063548133883 0.290493078068721 0.456672823020199 0.806156323051255 0.823699699139979 0.779557142777776 0.446437255959609 0.449497088993667 1.13281966787326 2.15598749218771 2.00483771686777 2.1323402111193 2.1487702124432 2.24062498818967 2.52003063451411 2.29539099382237 1.99788078680285
-9999 -9999 -9999 -9999 -9999 -9999 -9999 -9999 -9999 0.981345741820405 0.444283139131585 1.46968706485495 1.28375261374458 1.36985647873189 1.35529285705616 1.4209434116168 0.826679505735228 0.425784752678737 0.634288033324992 0.63200775457517 0.572831303543353 0.613586862527882 0.629358303285699 0.729061870515579 0.688828962665866 0.588921086091432 0.776287941334886 0.67171382579545 0.530829178387648 0.575397831198643 0.677674939652206 0.498514861646981 0.92246116946626 0.959001825322048 0.869951738422969 0.805682522695861 0.707888640135934 1.00253008213258 1.42761843835615 0.760746975174698 1.48599975091201 0.553732577373012 1.9753576216317 2.67462056399381 2.4743317571847
-9999 -9999 -9999 -9999 -9999 -9999 -9999 -9999 -9999 0.915256605367176 0.846056074806256 1.57152142560335 1.39699167038998 1.47609492501033 1.48258122797529 1.10143929850892 0.758510347623087 0.509001875798276 0.422501243519946 0.420341322296736 0.501645039548748 0.47976636005842 0.549411855899962 0.570042374420154 0.875159891620569 0.532211671270488 0.524549426700105 0.510695589127863 0.338794216986571 0.452656338893576 0.921270113394712 0.703472425811924 0.526701909620897 0.875567498042074 0.957452521106461 0.752414875933027 0.759664187171438 0.788147803177708 0.566963450182811 0.671747627166042 0.887590823367645 0.535409601980064 0.460477249362157 1.34166497900878 2.05763629310241
-9999 -9999 -9999 -9999 -9999 -9999 1.23039341451658 1.09341409734043 0.993457339063752 0.417963618019712 0.246292915562663 0.815459655314044 1.38621102530578 1.35810735747555 1.37341965546511 0.812031486020715 0.805784717158531 0.559520527531276 0.537051858373161 0.345052927059442 0.503124153055978 0.479241220546101 0.781288800681068 0.528420593582268 0.510247214606352 0.817540731077315 0.81299763678544 0.776135254454857 0.459076311472018 0.845318321808008 0.49561012929189 0.83434986845532 0.87365457056876 0.815596140455455 0.738981466383848 0.858054958371213 0.700870263244724 0.797173400314932 0.877017728271312 0.539350397048111 0.854158910442493 0.822988202344277 0.888477663465892 1.07841091084993 0.667881275148829
-9999 -9999 -9999 -9999 -9999 -9999 1.05809096748999 0.955152367168921 0.464435484900605 0.152152781765835 0.147608166344071 0.264628597733463 1.40211177176752 1.47261837082624 0.81398553084 0.740644510187849 0.318076921757893 0.314703021103924 0.487945032546122 0.533050617377739 0.32769631843621 0.496845853376726 0.757290321416804 0.780943828431191 0.483395702758571 0.547561327948642 0.772955120737606 0.790993226473802 0.326497315882079 0.464117952560628 0.325126315601665 0.783824331847427 0.748871073483315 0.780902426413377 0.51120172975061 0.821415144855564 0.830471285553358 0.909840182430344 1.06003599830728 0.645470860945352 1.0569246551313 1.12943500062102 1.0771351717267 1.02490781864617 0.892592937816516
-9999 -9999 -9999 -9999 -9999 0.532330005626136 0.271188533588429 0.426119079747878 0.398972134462383 0.214034091186477 0.164546415362565 0.251900003149785 1.08125478936927 1.02211202283797 0.950336561800214 0.647275554001681 0.585689501349407 0.487516590510495 0.463840976408392 0.32881287370401 0.369973668057355 0.580679032282205 0.862608090756112 0.804778313977295 0.762841064897657 0.572052069401252 0.51872093217753 0.915868948140997 0.413047030633606 0.517587394824659 0.949114672039286 0.781118066697672 0.737985225896409 0.738810373150045 0.487357815472933 0.835961738630431 0.77943617998244 0.968726637438522 1.0633026886353 0.586381570428784 1.0496768354642 1.47539245517692 1.09372282531695 0.989723455859348 0.84997687372379
-9999 -9999 0.207991483875958 0.382022663870885 0.429364896262996 0.270685774012236 0.249646178417606 0.21828414992342 0.119258148401968 0.249819180226041 0.342377010383643 0.155989220047559 0.604556268626766 0.895306355232606 1.39624668918259 1.38594379222923 1.30981468919344 0.804246143161436 0.558132330752414 0.378038937469682 0.443683825324115 0.612279291544837 1.10401378151437 0.875018607985112 0.292592107143719 0.5006935352867 0.576559201363125 0.572563023524708 0.414939110214618 0.530926500687201 0.522448807714682 0.539153574209195 0.802678576292237 0.803246770374244 0.480290006635187 0.469840393634513 0.594874309172155 0.916416405743803 0.428434027526237 0.600520897933166 1.07573433888319 1.28671466882224 1.02430046354129 1.0301093752787 0.766316676163115
-9999 0.576411437577917 0.518940414622193 0.509694990796561 0.130634079141601 0.154335511069803 0.173047987573227 0.0789253506354726 0.387023511848383 0.245213135031008 0.362898987987137 0.716693184585893 1.07331197523308 0.993164003375568 0.95403635805269 1.26484749489464 1.30787198122562 0.987887230621709 0.87319019894494 0.728314070329361 0.829212860480766 0.966822529335332 1.07082016256754 0.736677156965015 0.603609267272986 0.25360328345414 0.324019853906066 0.256657815043582 0.526339056705183 0.524049015439232 0.505682573020749 0.517084960847569 0.486376644403208 0.523701670317678 0.486914279463235 0.584242114200606 0.874524190294323 0.746479861845728 0.324589339925296 0.520805631822441 0.584013372645131 0.701229635524214 0.918300560442731 1.024154946208 0.520523670274997
-9999 0.508553953295632 0.281866118257312 0.181513834377256 0.184645836725394 0.0927833589230431 0.20940731792507 0.384884669074381 1.00128803387634 0.544877761967655 0.763561476560426 0.85839134408161 1.03507140920556 0.75322685734136 0.84782029807684 0.821306210127659 0.873330719514342 0.915481473384716 1.23204731971782 1.04559952251293 0.979331905000436 1.03316395870934 0.977964577032253 0.761521680033184 0.656430528579222 0.605191476097389 0.270224752057402 0.244457366989081 0.276565460808342 0.289513792722573 0.513537910592277 0.735420325327141 0.398694572140812 0.49556337944523 0.573660347981786 0.582311939979263 0.571888906961249 0.507236925841426 0.42848616521951 0.448024886281928 0.522569874192413 0.582597067477764 0.757981608330738 0.837867371956236 0.846037413793965
