Model input/Uganda/surfacerunoff/surfacerunoff_may_1.asc
NCOLS 67 
NROWS 67 
XLLCORNER 29.5000000014144 
YLLCORNER -1.49999999936061 
CELLSIZE 0.0833333332926796 
NODATA_value -9999 
[rows 20 to 39 of 67, columns 0 to 44 of 67]
-9999 -9999 -9999 -9999 -9999 -9999 -9999 -9999 -9999 -9999 -9999 -9999 -9999 -9999 -9999 0.475638021271152 0.582728490371665 0.660447872178338 0.512004950905975 0.4994747650926 0.402485219183291 0.308743165533087 0.437537717516534 0.357926607534864 0.330582134210999 0.380439576019853 0.522951818311412 0.622581637799158 0.629023143119412 0.603573000262259 0.482955862025847 0.514362174726557 0.960589988608263 0.964428449151455 0.792837371591304 0.875198860740056 0.989565643976675 0.969355452980381 0.48985819103109 0.728751801943872 0.88825257444114 0.915834420084138 0.762364474212518 0.685677430737996 0.469074553620885
-9999 -9999 -9999 -9999 -9999 -9999 -9999 -9999 -9999 -9999 -9999 -9999 -9999 -9999 -9999 0.505055293615442 0.561449152883142 0.52951006728108 0.36841332575932 0.516035242071666 0.41685194355523 0.410029323575145 0.674628121259957 0.389283432468801 0.395547787775286 0.468479344363004 0.617635808339401 0.7302024459932 0.811102916486561 0.624278906798281 0.806817295597284 0.654947426482977 0.784218306762341 0.877737404152867 0.84861610957887 0.49585289980314 0.946747399211745 0.801414042143733 0.790582569607068 0.800310494014411 0.776805689383764 0.561005575946183 0.50233169713465 0.788808116340078 0.734510080292239
-9999 -9999 -9999 -9999 -9999 -9999 -9999 -9999 -9999 -9999 -9999 -9999 -9999 -9999 -9999 -9999 0.542097274774278 0.486637713947857 0.362577020950994 0.350883344253816 0.323099096021906 0.978451130322355 0.744450109436912 0.457895576801093 0.479067954529455 0.48041195782389 0.53494270741794 0.755886152546736 0.860370520058495 0.90693269885378 0.4870443181062 0.759637577175454 0.712007062247721 1.2113397315261 0.820083650978631 0.940126474233693 0.720946809451561 0.871987100254046 0.896935132914223 0.933215853365255 0.821055620690458 0.564600290999806 0.499809183565958 0.475471331810695 0.702284833096201
-9999 -9999 -9999 -9999 -9999 -9999 -9999 -9999 -9999 -9999 -9999 -9999 -9999 -9999 -9999 -9999 -9999 0.603018193942262 0.360386829470372 0.3525850488586 0.640690468571847 0.988994760291462 1.25639719863102 0.488498917206925 0.495353075962157 0.54785497593457 0.589238769066469 0.654477628813765 0.861356256791623 0.891182753548492 0.686139388562879 0.702646894751524 0.724106222151022 1.11839582314133 0.768782931118039 0.769497271903674 0.737274100174545 0.876551737746922 0.89601752551971 0.797904316641507 0.553168711121543 0.511085737343819 0.867510942043737 0.800939365944942 0.753298179915873
-9999 -9999 -9999 -9999 -9999 -9999 -9999 -9999 -9999 -9999 -9999 -9999 -9999 -9999 -9999 0.406819439376704 0.316267135985981 0.454138123131997 0.310522217660036 0.825717341285781 0.959964331741503 1.1010168284713 1.03283760023487 0.462939193880629 0.504354305121524 0.559464598040904 0.602610504074619 0.855640873851371 0.864690803609847 0.40341964813706 0.661186079923937 0.689614334987709 0.71251314602705 0.751902643969515 0.417913265664538 0.429304230692651 0.8099369251795 0.67789852982969 0.691844074935943 0.83208191790618 1.04236009065062 0.511258524056757 0.926846996662789 0.587810948672995 0.555833769794845
-9999 -9999 -9999 -9999 -9999 -9999 -9999 -9999 -9999 -9999 -9999 -9999 -9999 -9999 -9999 0.260186584000621 0.195153509139345 0.749311002437025 0.939708749228885 1.01900954064149 1.13515816508425 1.12525064785274 1.07671720468261 0.499358134220529 0.625721086635167 0.730281866026417 0.836514456750592 0.904927643205156 0.778002768129227 0.636555125311133 0.668764729198301 0.680568309689988 0.708819109604519 0.629477280199353 0.357525781510049 0.756558986722666 0.577560319470649 0.607648643381253 0.861188123963075 1.10898282218841 1.14065790148743 0.575032953747723 1.04059604927897 0.910907607249101 0.547849770555331
-9999 -9999 -9999 -9999 -9999 -9999 -9999 -9999 -9999 -9999 -9999 -9999 -9999 -9999 -9999 0.270769457074493 1.28758331447898 1.41784218567409 1.06366212799003 1.10798986088412 1.13792213301167 1.16386602014273 1.14021417380172 0.623035228272784 0.481110539794827 0.936864799768955 0.937855912525265 0.812758613392361 0.625848228992254 0.636340362689225 0.594041352087515 0.646169722131162 0.702249626556295 0.69573879136442 0.406976830618078 0.752593096876808 0.810319594165776 0.671929587042541 0.711722937921877 1.36418993315601 0.925245035432454 1.83570045737724 0.712407084392908 0.517024341206707 0.82111657866335
-9999 -9999 -9999 -9999 -9999 -9999 -9999 -9999 -9999 -9999 -9999 -9999 -9999 -9999 -9999 1.19171583173738 1.38556310321292 1.5577629044401 1.08606926596622 1.06106960549823 1.12816223983714 1.13068595091192 0.725822679214616 0.420695824914219 0.514888672569214 0.842220087179157 0.705668410773796 0.681921697832877 0.711375473656517 0.675687805596681 0.628766683803406 0.626248796834261 0.659997180264327 0.673686277878005 0.63688376940263 0.675283231430512 0.860977926095075 0.873967461302527 1.2949907404618 1.57707320249756 1.48162217192294 1.71358122315723 0.843390103909769 0.639548750768881 0.967674044659361
-9999 -9999 -9999 -9999 -9999 -9999 -9999 -9999 -9999 -9999 -9999 -9999 -9999 -9999 1.26275007914955 1.37331020118836 1.38861279037883 1.50598959066883 1.03176058794929 1.08968248861174 1.05415904636175 1.04866008052795 0.426997232352733 0.798418983322335 0.601078942054301 0.643779857455229 0.683192968608637 0.748599518374249 0.654948869851069 0.566580091799551 0.542041489097755 0.234451453252404 0.552480572878267 0.54573749548581 0.614448849773908 0.780709691753145 0.739177918148926 1.35303270690201 1.462499644731 0.975246344751213 0.814707202152931 1.01074853046157 0.641599416667304 0.632748564385111 1.02056073774293
-9999 -9999 -9999 -9999 -9999 -9999 -9999 -9999 -9999 -9999 -9999 0.94442807858286 0.88142887034337 1.50781847332837 1.45326154370196 1.5268401132289 1.46831579490936 1.38165353614284 0.949791989135917 1.04377169043346 0.878726885275682 0.808736270300869 0.791895743532223 0.589058146033494 0.627686913503567 0.636129117992823 0.639203874925443 0.588062140195689 0.586254679546983 0.410791221383988 0.444594788405084 0.240890212694467 0.485480554743845 0.876769389833498 1.02754927138449 1.47297678267932 1.08676213039871 1.10904173288873 0.6843798164482 0.953833688981831 0.541225040251447 0.54974642534944 0.695883400112507 1.76525592269172 1.97675102390349
-9999 -9999 -9999 -9999 -9999 -9999 -9999 -9999 -9999 -9999 1.06538449654181 0.835164188174531 1.45050950231962 1.40830546683901 1.37713161757347 1.38180645012653 1.36597376527448 1.1753867357811 0.528361104983333 0.487838768549409 0.556849693111872 0.554898183509067 0.519583772074839 0.561012727303023 0.614849358498759 0.538742701792216 0.734175549041538 0.63955329824239 0.599476315983338 0.275298068800112 0.498427838465432 0.446648589331744 0.695736574925832 0.419139763835119 0.527235826666583 0.972488979641639 0.636893052160303 0.683212588228344 0.986553983238991 1.61862690993075 1.60056894219451 1.68035873139161 1.77419073133933 1.75007438156172 0.739792870263045
-9999 -9999 -9999 -9999 -9999 -9999 -9999 -9999 -9999 -9999 0.470746891551244 0.822971987872734 1.08929961811555 1.25917908007978 1.04907320292114 0.965306253050358 1.00122793469382 0.481232265144627 0.530793771304161 0.611971070611617 0.625422773737228 0.627197602625529 0.654286078315636 0.621164513177064 0.776708649027569 0.798885321273701 0.760324179282179 0.682796285218501 0.575815105548827 0.305404704704415 0.478054994346166 0.842785742861452 0.874146196110814 0.835234928672435 0.485215596199851 0.490666704536125 1.10546870018879 1.92084906666423 1.72646838382207 1.76572299506006 1.74057911317504 1.81464359775418 2.05118228041101 1.89066082748468 1.69073284087062
-9999 -9999 -9999 -9999 -9999 -9999 -9999 -9999 -9999 0.950910896790447 0.443580514001951 1.31538226924022 1.19297096784976 1.21917873798338 1.16169024798296 0.988442781533649 0.705292649854528 0.465650094156445 0.644726633254322 0.654681353807973 0.596747118834173 0.646687039079552 0.670029327011434 0.764548331972037 0.706470704244566 0.609813937444414 0.784411439781252 0.654855878565286 0.540548456228862 0.547276109955419 0.682995556417154 0.529270779225044 0.976516352238832 1.0227749007754 0.914779118829756 0.848514029712533 0.735239245841512 0.951562325099076 1.25981947576292 0.767828272273618 1.36371088137821 0.563345911359647 1.63972254267719 2.16908223410428 2.04367911283043
-9999 -9999 -9999 -9999 -9999 -9999 -9999 -9999 -9999 0.882022502992186 0.756816334614996 1.27131283079507 1.20503105858916 1.17344635577865 1.07450552617649 0.807359542363884 0.745704365726851 0.505142206748133 0.43220207817285 0.432450433891063 0.527504059391504 0.525048681083717 0.610377343491564 0.616064907717373 0.865292690832575 0.547967852980946 0.539870858119684 0.510279702211847 0.327649602695601 0.465130607153696 0.953146125539206 0.684946435285383 0.563866257834889 0.935915379159269 1.00894879869884 0.788827281212434 0.797361581135192 0.818927286672988 0.583712422667304 0.666342445128976 0.761095291636593 0.605656674906641 0.53075977939443 1.18425661457877 1.80369855115714
-9999 -9999 -9999 -9999 -9999 -9999 1.22165480570402 1.08962399099255 0.967638985457597 0.413668262808642 0.276183677215158 0.729798800875869 1.04540499842187 1.08758794539199 0.948384495814025 0.790092387433106 0.785413280937064 0.545997270819498 0.536188695150486 0.359091328846262 0.528680579009233 0.505820526541356 0.808453086392547 0.550220116110722 0.52934306768293 0.839829731376085 0.829560324746126 0.779924523158115 0.456173809652682 0.863428968841617 0.502903913911723 0.861214816723077 0.934064825742098 0.85513444901153 0.778190584242111 0.896381981874583 0.73285878625029 0.819963769572496 0.896906789421337 0.558583622478181 0.858180159411859 0.932126254156174 0.906696184756584 1.12657405406935 0.707640951077337
-9999 -9999 -9999 -9999 -9999 -9999 1.06025797504117 0.919945987334359 0.453448749794916 0.167670547398302 0.164044599387125 0.253241998734666 1.07515777290246 1.03994214259728 0.607963073434803 0.70762449695394 0.318637963118817 0.319091142046091 0.496212998768897 0.53672612466471 0.329898030031472 0.500663210004859 0.764714868637384 0.788265166193014 0.488712723381468 0.557611070689745 0.79662445205031 0.792566794189042 0.300845427773311 0.456065556136309 0.312759432063103 0.821922437353351 0.787196415330982 0.813980677776271 0.541928223356081 0.860230792568473 0.867694599946844 0.935730704441085 1.06516301639203 0.640520634078712 1.05031380189757 1.12716709554661 1.12667778739706 1.08316866862879 0.942617147302371
-9999 -9999 -9999 -9999 -9999 0.53754317923449 0.274955489203421 0.426197005253925 0.392004527384415 0.213427468224836 0.173449297790285 0.248893821662932 0.863992955146387 0.739664250431815 0.877490687344107 0.608579317031399 0.56298788604181 0.498254661579267 0.467328451122739 0.327421552810847 0.37056840801597 0.584054670071055 0.866810698425979 0.810361436379026 0.763795085731545 0.582138398385723 0.545681065887038 0.933165465539787 0.392999083032919 0.524902932738769 0.985295973805478 0.819779865196324 0.775139586039586 0.775680689002911 0.523671102200751 0.88466384113417 0.832383256238245 0.998598168735043 1.07164421024208 0.619752791862993 1.05804445593094 1.46353320087655 1.12865821574815 1.03297524765367 0.891062793016317
-9999 -9999 0.207293172934442 0.381336221835227 0.429284372330585 0.27211125507165 0.254184608365904 0.22436595918407 0.107886770251753 0.205174892698778 0.321509560990307 0.189287656894521 0.590561410717783 0.795178119005868 1.11397522050538 1.12419363176741 1.04967516654142 0.731833444660879 0.563231260002794 0.359790467882704 0.438356336417201 0.601980037572503 0.996434997432516 0.84399966908677 0.295879633540608 0.508211594024033 0.595249997786595 0.58923764663632 0.421843529238686 0.54794300103822 0.550480533092923 0.573876524867956 0.848990277518169 0.848124920594273 0.524042430697591 0.497648523378302 0.63911859797372 0.949867882809485 0.458621589586983 0.609249733315664 1.08382568578236 1.2965897385584 1.05036750392173 1.03832863169373 0.767199967413035
-9999 0.578674533244339 0.519807425916952 0.510317987391318 0.130272266687825 0.154202460862507 0.176313607425982 0.0753638644255261 0.26197922306892 0.19685400252456 0.351521794527798 0.691086101141991 0.91903618795186 0.855431354466418 0.859279121868894 1.04514537724754 1.04420472143829 0.831400364404544 0.788000739703421 0.616507549693779 0.713892422027129 0.879119405908568 0.957541142270202 0.660503251765476 0.588859146773757 0.256183855071868 0.326748315274017 0.259959763297957 0.540318762432435 0.543293858754623 0.520808202054468 0.53551231212623 0.520138325555308 0.557073119125562 0.520706297720608 0.612893590187014 0.897568852451514 0.755407971155364 0.345595682119892 0.539422123438271 0.595233100284531 0.720191475920728 0.925703858229099 0.970531904386007 0.553457731257367
-9999 0.508795575115073 0.283280634448602 0.181806809905538 0.184439111762913 0.0922992352343499 0.207910778499354 0.366466380000929 0.874549141371972 0.480604832773679 0.69080498724361 0.818970926047768 0.940633000936941 0.704397169101867 0.802458558609942 0.790787215009914 0.790796018009132 0.770365022617625 1.03191122616408 0.844673212668567 0.836921434711257 0.903542817468406 0.864533343701623 0.686803296048311 0.610888830578915 0.606229949880799 0.273209712304379 0.247594600750745 0.279384369150648 0.296336734663782 0.531053520717251 0.759580302656104 0.413355369346391 0.514358665895998 0.605548462772276 0.609273994996329 0.57637486315798 0.511406900841394 0.433422178502951 0.520172939104668 0.540604741217976 0.583139560148993 0.760330782213714 0.821948715383769 0.833323894767091
