Model input/Uganda/surfacerunoff/surfacerunoff_oct_1.asc
NCOLS 67 
NROWS 67 
XLLCORNER 29.5000000014144 
YLLCORNER -1.49999999936061 
CELLSIZE 0.0833333332926796 
NODATA_value -9999 
[rows 0 to 19 of 67, columns 0 to 44 of 67]
-9999.000000000000000 -9999 -9999 -9999 -9999 -9999 -9999 -9999 -9999 -9999 -9999 -9999 -9999 -9999 -9999 -9999 -9999 -9999 -9999 -9999 -9999 -9999 -9999 -9999 -9999 -9999 -9999 -9999 -9999 -9999 -9999 0.469585532300698 0.464687143903575 -9999 -9999 -9999 -9999 -9999 -9999 -9999 -9999 -9999 -9999 -9999 -9999
-9999 -9999 -9999 -9999 -9999 -9999 -9999 -9999 -9999 -9999 -9999 -9999 -9999 -9999 -9999 -9999 -9999 -9999 -9999 -9999 -9999 -9999 -9999 -9999 -9999 -9999 -9999 -9999 -9999 0.505576389514317 0.455377578873595 0.426220713961811 0.394615861750935 0.432439707765297 0.445395603492216 0.434383820447692 0.73699084623513 0.650548000521667 0.338057832323102 0.392818477848778 -9999 -9999 -9999 -9999 -9999
-9999 -9999 -9999 -9999 -9999 -9999 -9999 -9999 -9999 -9999 -9999 -9999 -9999 -9999 -9999 -9999 -9999 -9999 -9999 -9999 -9999 -9999 -9999 -9999 -9999 -9999 -9999 -9999 -9999 0.401386691009975 0.356267461029347 0.369910545487073 0.396352739244321 0.370512333574879 0.412248764405376 0.418368128066504 0.506997790580499 0.768147961935028 0.816711894003674 0.647457552076958 0.412202819916274 0.571861496609927 0.595065558627539 -9999 -9999
-9999 -9999 -9999 -9999 -9999 -9999 -9999 -9999 -9999 -9999 -9999 -9999 -9999 -9999 -9999 -9999 -9999 -9999 -9999 -9999 -9999 -9999 -9999 -9999 -9999 0.657749882520875 -9999 -9999 -9999 0.41551823142072 0.331476398969244 0.344812130606442 0.410995701713546 0.404956154852698 0.421144990014 0.425615009589819 0.544285166142799 0.561851225938881 0.753665957745397 0.756185054342495 0.577810382310417 0.682104223415081 0.419876486830617 -9999 -9999
-9999 -9999 -9999 -9999 -9999 -9999 -9999 -9999 -9999 -9999 -9999 -9999 -9999 -9999 -9999 -9999 -9999 -9999 -9999 -9999 -9999 -9999 0.668382532239775 -9999 -9999 0.595566176343709 -9999 -9999 -9999 0.389524524962326 0.402154167659319 0.453247732366435 0.613593706475513 0.702130269928603 0.707140362464997 0.438907194620697 0.583360431846813 0.568798279346083 0.498290665291279 0.535793294602627 0.496899810514151 0.456703787222068 0.448873056939192 0.396625052871968 -9999
-9999 -9999 -9999 -9999 -9999 -9999 -9999 -9999 -9999 -9999 -9999 -9999 -9999 -9999 -9999 -9999 -9999 -9999 -9999 -9999 -9999 1.37275073393539 1.39981840948167 1.30894251469726 0.563809236609814 0.544506453479698 0.619988489233947 0.595962654188043 0.591013582379674 0.447170799816377 0.436569700013933 0.459356728697458 0.439127949448448 0.705625434420654 0.708605202817125 0.718820783731644 0.987044608336873 0.95494313245581 0.587258810810454 0.5528451047212 0.498437589158129 0.424837599439343 0.341487087098358 0.413919633501791 -9999
-9999 -9999 -9999 -9999 -9999 -9999 -9999 -9999 -9999 -9999 -9999 -9999 -9999 -9999 -9999 -9999 -9999 -9999 -9999 0.924077297895565 1.50868236960378 1.43614620901644 1.44469711813144 1.29038776594825 0.93654426291323 0.324552837582814 0.240890257032333 0.4115484725844 0.483443664961669 0.536903302418068 0.73230850193795 0.485240128455189 0.653692669857264 0.545406118817482 0.914667133656621 0.929388378608564 1.07098948501516 1.07455806210055 0.612590546552383 0.565401569474488 0.481456463603536 0.609305035141006 0.455032702120661 0.329560611135093 -9999
-9999 -9999 -9999 -9999 -9999 -9999 -9999 -9999 -9999 -9999 -9999 -9999 -9999 -9999 -9999 -9999 -9999 1.71373561715882 0.985593500445248 0.839333663861908 0.737352967917104 1.35261944706144 1.43270326952916 0.368131755749346 0.310117257143361 0.708632972418854 0.726108009075688 0.646607300950564 0.644177782305633 0.7402007940982 0.828803630611219 0.908091965357016 0.57138153761116 0.597525626290007 1.04864571130747 1.03920750370889 1.01549847386195 1.01334393912111 0.571820852201199 0.515163206728175 0.444194184638036 0.41405559204577 0.51617476856336 0.381856374133349 0.344284374477866
-9999 -9999 -9999 -9999 -9999 -9999 -9999 -9999 -9999 -9999 -9999 -9999 -9999 -9999 -9999 -9999 -9999 1.73043436188891 0.932315777390613 0.81608466734906 0.7724391798547 1.24260573829815 1.36600415135035 0.934152386435017 1.00106778063491 0.895363633389934 0.908202496248123 0.933842733502388 0.888150658283848 0.886624423401372 0.952566729210957 1.00464738716255 1.07201632454235 0.617726029759069 0.651296560590708 1.14573917016969 1.13085425982717 1.08832152182003 0.56691196095926 0.518718651619565 0.468867407107609 0.568583270251111 0.411467997764703 0.404102477659762 0.38048475926189
-9999 -9999 -9999 -9999 -9999 -9999 -9999 -9999 -9999 -9999 -9999 -9999 -9999 -9999 -9999 -9999 -9999 1.17134852189338 0.912288489416824 0.820581034531642 1.38980648262077 1.4278425151133 0.493498141736382 0.422551086955991 1.1049333425035 1.05238502874272 0.705885569004749 0.709780108081759 0.715291888809588 1.03505989500263 1.04103467492678 1.09125103608676 1.11070023740467 0.704313347341667 0.638877127130399 0.682933142343245 1.17082248561928 1.14275542364339 0.957748212385923 0.652711072689272 0.634159081528196 0.477633938317013 0.587028978770832 0.542760001735587 0.390569654882711
-9999 -9999 -9999 -9999 -9999 -9999 -9999 -9999 -9999 -9999 -9999 -9999 -9999 -9999 -9999 -9999 1.1446907710706 1.06422840963205 0.972001248555898 1.00134586682543 1.55544741210178 0.551770605852653 1.2735870650431 0.414655834006794 0.359543838158061 1.20533826975588 1.17688480349898 1.16595240069728 1.22501299847499 1.16421181883197 1.15645592904912 1.18610941899533 1.22510559413058 1.15671276034846 0.731602041014412 0.841434693029441 0.647467279122793 1.10945609958435 0.722749393389677 0.703440178767778 0.539849516826507 0.531943654095812 0.489808312522655 0.601390899646503 0.591926491324557
-9999 -9999 -9999 -9999 -9999 -9999 -9999 -9999 -9999 -9999 -9999 -9999 -9999 -9999 -9999 -9999 1.03881986797205 1.27404118393315 0.990608763459022 1.00206698789407 1.60269659681944 0.602550661369605 0.468912849242997 1.15666977944784 1.47417829066399 1.37958551931661 1.34505507958238 1.30129056196893 1.37241197262483 0.764731514209416 1.30954406995443 1.34196361432259 1.35312422753486 1.22410570111242 1.35392710762972 0.781670400101575 0.679059347930888 0.52564421275747 0.753706557588885 0.601261419433285 0.600822558226355 0.550673424186243 0.472444203296618 0.444484163381276 0.46141237453412
-9999 -9999 -9999 -9999 -9999 -9999 -9999 -9999 -9999 -9999 -9999 -9999 -9999 -9999 -9999 0.842562829348026 1.23734608769155 1.17472058900603 0.988952480838634 1.66636516951257 0.848737176966097 0.638116128811816 0.533803167456881 1.26926377561176 1.34592543690815 1.45467332549742 1.42038975536707 1.4372342157003 1.40564708271995 0.737309366741101 0.668531412884477 1.26920419643284 0.688473288391833 0.697418331583322 0.788678848039126 0.79347976588906 0.772024148318451 0.570011286072258 0.537164849447436 0.598532865296875 0.604676921284408 0.573850342334481 0.508649407493067 0.406011703489639 0.385782746889163
-9999 -9999 -9999 -9999 -9999 -9999 -9999 -9999 -9999 -9999 -9999 -9999 -9999 -9999 -9999 -9999 1.30136186453456 1.08056389763078 1.09163190245454 1.63310679454298 0.497803589041723 0.487367744767653 0.324132059120075 1.44172289765265 1.52369065654057 1.53208152551088 1.57522109839192 1.58598860252823 0.791176974416885 0.686548245539598 0.750141332900967 0.875005121997674 0.758694330215803 0.89866114922188 0.769568368014006 0.842414034195826 0.988974830761435 0.69223264381435 0.666202086904377 0.535275437869132 0.47869451555016 0.585158216381387 0.539923945325427 0.435146219388116 0.394382637750823
-9999 -9999 -9999 -9999 -9999 -9999 -9999 -9999 -9999 -9999 -9999 -9999 -9999 -9999 -9999 -9999 -9999 0.986906155958422 1.71600069188571 0.87046659018597 0.433234443676156 1.22348150762264 0.999656006570149 1.28355219203513 1.42834782127466 1.49217455691542 1.51818621452549 1.53486308408901 0.880097971275973 0.804634206360788 0.855769645568216 0.931938611756777 0.822242270260176 0.949709291489853 0.972862835624255 0.897003736099578 0.697117021445592 0.978548463535844 0.853253457535175 0.732743827029481 0.564741601920105 0.543369349543354 0.687100742652547 0.743594097002642 0.679805483741802
-9999 -9999 -9999 -9999 -9999 -9999 -9999 -9999 -9999 -9999 -9999 -9999 -9999 -9999 -9999 -9999 1.36591276532272 0.877880662301322 1.13581908954075 1.3993168813613 0.557630950424937 0.353030291648793 0.0608953535596868 0.950169787756749 1.25654509065498 1.33033879137656 1.41860857547726 1.47801822095062 0.670877200718678 0.650220310490113 0.836373777929111 0.779741613769147 0.961093272053404 1.28504236090521 1.38333025097381 0.907881192688365 0.710691177118861 0.795392918007565 0.762278882575629 0.762738155572151 0.842995616039843 0.725826562302245 0.807025973699638 0.746395433452562 0.692327528668102
-9999 -9999 -9999 -9999 -9999 -9999 -9999 -9999 -9999 -9999 -9999 -9999 -9999 -9999 -9999 -9999 1.26048652964528 0.824882839879137 1.11919292794482 1.22115580234095 0.582121252591605 0.237970269381549 0.0919170109430212 0.977377161689219 1.00857788311259 1.25593059419771 1.32561448663182 1.37457009623176 0.588968399824807 0.617453630184173 0.701865537848789 0.744696832953196 1.29637190912035 1.10684752871748 0.947493927014875 0.934713794777053 0.841117538584513 0.679973412843538 0.709667484443344 0.715795930773311 0.621136367044528 0.52617307210312 0.441175375271996 0.401451609832293 0.401959670853103
-9999 -9999 -9999 -9999 -9999 -9999 -9999 -9999 -9999 -9999 -9999 -9999 -9999 -9999 -9999 1.11214984281105 1.13653824519133 0.764535618145601 0.864320341861458 1.05908248588094 0.566842882108176 0.582314137318463 0.0914002763767741 0.820952830508759 0.902593345927016 1.08360112062655 1.19109657680383 1.28242409664381 0.660923151372117 0.599334417529462 0.794206691352883 0.864763158460846 0.777746679887059 0.897433799764258 0.780368611231097 0.927813378439168 0.727079376702022 0.680503973853774 0.626634887339605 0.589130463595211 0.624622319264745 0.4122170375922 0.418843238549016 0.434655085882696 0.37846247687412
-9999 -9999 -9999 -9999 -9999 -9999 -9999 -9999 -9999 -9999 -9999 -9999 -9999 -9999 -9999 0.770233937146259 0.982464014668949 0.732561157747114 0.715974315426138 0.916691830752825 0.683667689372669 0.600939509240561 0.677348142744449 0.746408566556056 0.872875250934158 1.01400469247892 1.13817018063855 1.24298538321455 0.578037715968094 0.586176036449615 0.649248671834357 0.811195499409223 0.869502753630513 0.871439269758412 0.762158178986283 0.770556085626595 0.831959483548417 0.672931803819665 0.627751447609626 0.683909477629641 0.8528853450116 0.602951829023368 0.360172211458121 0.419675346620352 0.449283248599386
-9999 -9999 -9999 -9999 -9999 -9999 -9999 -9999 -9999 -9999 -9999 -9999 -9999 -9999 -9999 0.649652782158228 0.978886762823095 1.19889644702198 0.670677503876504 0.750380781937565 0.615047304563632 0.479984047160542 0.546230592590291 0.698635524713609 0.644455298697721 0.852790535645909 0.974432203292963 1.07551491055347 0.580656548663683 0.551419562725641 0.605428901508276 0.64004717660282 1.20693399185257 1.00098815346428 0.999901458271779 1.08674296097888 1.06054054595006 0.655570406706829 0.612827913755609 0.591330173847382 0.536562578417943 0.86238022413454 0.707641373082879 0.589015058721998 0.419198333474924
