Model input/Uganda/surfacerunoff/surfacerunoff_nov_1.asc
NCOLS 67 
NROWS 67 
XLLCORNER 29.5000000014144 
YLLCORNER -1.49999999936061 
CELLSIZE 0.0833333332926796 
NODATA_value -9999 
[rows 20 to 39 of 67, columns 0 to 44 of 67]
-9999 -9999 -9999 -9999 -9999 -9999 -9999 -9999 -9999 -9999 -9999 -9999 -9999 -9999 -9999 0.526688586433011 0.654301773465704 0.745646114410192 0.587076237934525 0.703756842540315 0.437317683008587 0.393471684219548 0.499838590712898 0.774909870870033 0.635823307220562 0.834862682495441 0.821627239929512 0.87856173649925 0.753986448216892 0.656683387205703 0.522477380400233 0.546926142305892 1.02359996526502 1.03498473617947 0.83162121973146 0.917238450711011 1.04226767871296 1.025122594001 0.522832774549897 0.77048479943187 0.9417104847671 0.969175043792347 0.82578751607798 0.757783795052092 0.524815596691042
-9999 -9999 -9999 -9999 -9999 -9999 -9999 -9999 -9999 -9999 -9999 -9999 -9999 -9999 -9999 0.5508196518349 0.622769050096394 0.576443819227279 0.403379734052578 0.588567029808473 0.48604069297653 0.447681309651671 0.748234286902516 0.728324657302437 0.687927881244832 0.801574480647105 0.898790091014234 0.964220976129582 1.01122042815405 0.69691742919531 0.86260916395986 0.696974596394284 0.826878329462488 0.917470437343582 0.890296263605705 0.535239650162112 1.0054841186502 0.853903833558434 0.843436469949665 0.853884976095287 0.809016657512984 0.588064314797521 0.537019684088591 0.831403967822553 0.757231557145133
-9999 -9999 -9999 -9999 -9999 -9999 -9999 -9999 -9999 -9999 -9999 -9999 -9999 -9999 -9999 -9999 0.579765839574975 0.524297744959767 0.408640142723016 0.391672680052579 0.355476448476111 1.04733938496793 1.12997240739787 0.85976036507418 0.863841922182473 0.955895343395241 1.02733938638266 1.01842962703813 1.03721673167456 0.998606457869755 0.517113625392085 0.806030777312117 0.751442797081836 1.2533969766082 0.85865867913526 0.997860573988874 0.770171514886897 0.931913476961199 0.953670911258087 0.985680697340285 0.836548073493759 0.588240911383764 0.51566738056863 0.48812637123774 0.722366170521127
-9999 -9999 -9999 -9999 -9999 -9999 -9999 -9999 -9999 -9999 -9999 -9999 -9999 -9999 -9999 -9999 -9999 0.681335763147217 0.409061826303514 0.396686401018087 0.701259937045506 1.05837586988855 1.62898177131865 0.684576117237157 0.948970847275632 1.05652961156011 1.09072572740843 1.04803923204599 1.06811189380096 0.991326044641028 0.734695319806633 0.735644996893825 0.752870109863579 1.14558849418245 0.806222611572593 0.816453686638852 0.782651381086907 0.939609859415214 0.958984055614565 0.864821546201711 0.587939432989515 0.546175708223018 0.902260049770121 0.808910932391882 0.764124857596471
-9999 -9999 -9999 -9999 -9999 -9999 -9999 -9999 -9999 -9999 -9999 -9999 -9999 -9999 -9999 0.441487089119619 0.35847370600095 0.543694574844267 0.350626197359816 0.945792103721033 1.08710062704631 1.17429374597577 1.09718728560892 0.759355220452562 0.903338710941171 1.01106195506873 1.07920111349813 1.03287718320644 1.04349618413835 0.471872776870441 0.711838653842278 0.726911116544215 0.736175170459319 0.777145050960826 0.444749150119605 0.460755889434949 0.885929133801255 0.735206833269331 0.74786776167457 0.892557347469847 1.08491407081601 0.533385138623999 0.934680114369257 0.577167104893306 0.543180788554309
-9999 -9999 -9999 -9999 -9999 -9999 -9999 -9999 -9999 -9999 -9999 -9999 -9999 -9999 -9999 0.284873256987339 0.221079228367671 0.823537369797123 0.993017556538689 1.11774915353635 1.21636128119462 1.19444010204006 1.16014691673172 0.741424319130601 1.02553359010926 1.21857333215303 1.05460606118868 1.09876337228343 0.926754130887275 0.696471160154033 0.712176831257239 0.720803818694549 0.736828799745126 0.640599509097228 0.397760592477425 0.805660448349954 0.637125578577979 0.66297067769483 0.937027238251176 1.11895930604078 1.12873602301988 0.555446242287871 0.974871412836364 0.905665390746435 0.536501625902019
-9999 -9999 -9999 -9999 -9999 -9999 -9999 -9999 -9999 -9999 -9999 -9999 -9999 -9999 -9999 0.30600562604377 1.31107018933108 1.34369746137963 1.03216198135669 1.1773305927818 1.30475095750171 1.25734323404458 1.1808881122306 0.874430266776471 0.76720720198864 1.14366504294594 1.12733499281603 0.958536402322352 0.689574326315778 0.667195296045975 0.633047308838286 0.686492164277297 0.72871591510193 0.715523449798638 0.446595558059926 0.818969938336522 0.886845490640553 0.717540903679037 0.7331642882491 1.16409720612864 0.726445103282458 1.32154116727179 0.608874252066016 0.505091176819406 0.823865235361154
-9999 -9999 -9999 -9999 -9999 -9999 -9999 -9999 -9999 -9999 -9999 -9999 -9999 -9999 -9999 1.15628279218072 1.21485370846131 1.40361005560408 1.00685612551388 1.1150898857295 1.20663900707996 1.20078771658427 0.957825167461124 0.614562759665205 0.64201005261566 1.01095849367994 0.815336256891896 0.768851979955798 0.748476054468483 0.707059878550353 0.660975941173092 0.660806478663289 0.686567917909997 0.689981503455783 0.665480841234967 0.698951707818196 0.868006873133709 0.883070959389443 1.07174712684355 1.15698851823254 1.11850660323398 1.23857471226074 0.7046439077385 0.622597956862592 0.967408448559581
-9999 -9999 -9999 -9999 -9999 -9999 -9999 -9999 -9999 -9999 -9999 -9999 -9999 -9999 1.19306900160154 1.1511732946019 1.25373491118808 1.3781413858851 0.904714691216668 1.02835902049492 1.09096627181771 1.10434144971805 0.513156093802536 0.937123677431373 0.708039980509056 0.747719263927138 0.776346468228439 0.838625755022804 0.73119444459735 0.625311570729536 0.576843947783345 0.239540117036086 0.580265572352801 0.556027889615507 0.588021880048473 0.710931045432517 0.681280288517883 1.06107985766357 1.06281150192444 0.823956635031209 0.798688415670767 0.926363663893426 0.617069380496105 0.601362146881002 0.923520337892114
-9999 -9999 -9999 -9999 -9999 -9999 -9999 -9999 -9999 -9999 -9999 1.04225924042112 0.963080949077266 1.51797648504726 1.22005940056624 1.27959496376207 1.3269044916342 1.31410598442017 0.843602898555673 0.914191558393895 0.821722834416505 0.881843818206107 0.891519602191693 0.646149961539777 0.67711755673372 0.691458473738749 0.706136427652382 0.669290120640653 0.682975020936283 0.465103186797933 0.466819622943149 0.214222712543233 0.497881611408957 0.780969141942478 0.848225211484532 1.50150055742415 0.881013412254106 0.937856917062163 0.679001811477065 0.796809578787361 0.538321926796925 0.551154456843506 0.62930998592492 1.24160408540774 1.30801365003208
-9999 -9999 -9999 -9999 -9999 -9999 -9999 -9999 -9999 -9999 1.1646390084934 0.895943346222339 1.32935219062347 1.29435981716597 1.3063555888948 1.3580213772002 1.37530256552054 1.20488026277599 0.451988564009298 0.590565145785149 0.63254913311539 0.629294961072446 0.558120927053096 0.594671600993024 0.64927229686873 0.57504976666678 0.769387460422877 0.723183072295797 0.718767280886823 0.342544659815758 0.539001227480185 0.492993527586805 0.766041663155193 0.444849847099249 0.452599600521353 0.817632140751812 0.527881821653864 0.660272252389404 0.807146173428919 1.12506503091936 1.18562752322759 1.21868278392867 1.19603824487058 1.18573478994222 0.600730515543546
-9999 -9999 -9999 -9999 -9999 -9999 -9999 -9999 -9999 -9999 0.482098968859646 0.772388039877114 0.88971447894437 0.975790343090921 0.945537766710913 0.947775766690029 0.968900253610627 0.457015500614943 0.66448352754378 0.716513366569416 0.772310555475997 0.764947253628634 0.748754883716174 0.667157535644947 0.809272356491419 0.848904655867955 0.851608881930588 0.799625559920969 0.683369827129354 0.38565125430523 0.54306570746121 0.91739564868476 0.92249032422842 0.859795649375883 0.491467967549397 0.487856984364043 0.842040262796218 1.44123469181068 1.17559242301013 1.20416006438973 1.22022973937419 1.29146959216087 1.34785537466087 1.23848537396043 1.21038592624245
-9999 -9999 -9999 -9999 -9999 -9999 -9999 -9999 -9999 1.05107936360582 0.433848079865129 1.25205286713026 1.00164317291274 1.13079623952217 1.14349557543392 1.01174429869388 0.932473816646961 0.607273411787901 0.752434336391161 0.793810598224809 0.739362541935407 0.825827416520042 0.894202215022233 0.973343591795128 0.920020052035397 0.748777694752789 0.899299427146616 0.753532032831572 0.627708226602408 0.622137064510753 0.744094551009766 0.563301314741693 1.01096634989517 1.04233148340427 0.923021817470726 0.836147508380236 0.710563560460287 0.70577174619757 0.916925235969757 0.688009392888489 1.11136884788721 0.489569832552661 1.13603400131979 1.44648461173347 1.34826548946876
-9999 -9999 -9999 -9999 -9999 -9999 -9999 -9999 -9999 0.935601816308917 0.746330150832364 1.35152211078093 1.15204840903971 1.25054531099522 1.19780555314719 1.20057361618819 0.936838417146646 0.651489834581298 0.567382135614025 0.539769817351043 0.683333001688879 0.762476443469495 0.915347236968955 0.912117177904292 1.03622660481051 0.680674639625067 0.673158105655602 0.608047751484264 0.384532730549836 0.543467603165482 1.01208590967872 0.697077046424965 0.57125885541609 0.962386201535992 1.02883789986663 0.802128549366898 0.792173564150289 0.806963555078255 0.549844180568471 0.620832654021797 0.596530153416097 0.563911920380633 0.416177674196661 0.756511727104225 1.17962788590376
-9999 -9999 -9999 -9999 -9999 -9999 1.25645180378342 1.11164538429875 1.04053098039003 0.40915265071817 0.316429793201678 0.756228258069314 1.06336814724273 1.11553018223276 1.1167592883794 1.0169488223255 0.983589366114757 0.661399442833499 0.600266894252854 0.407548428484006 0.616742529018666 0.630702880698664 0.954790903961111 0.693448202582658 0.68736253069801 1.06712257638719 1.03506579580426 0.939310371904867 0.526343078945501 0.941641122153669 0.530196595718735 0.882289584296814 0.94829368936189 0.846696351800347 0.800157159574155 0.898724896615022 0.730396821381873 0.804673612037732 0.84616926687886 0.528939302967046 0.855527565363445 0.856776938235271 0.741753314287052 0.973058737145038 0.523489811712352
-9999 -9999 -9999 -9999 -9999 -9999 1.07048584686709 0.938276576562203 0.450166884547798 0.18962886611007 0.186115382348362 0.26011824206762 1.01919113603799 1.10176694670372 0.814626515420969 1.02596282249579 0.371887441360741 0.332039225668268 0.510681786181522 0.548594269275782 0.33537059016453 0.512845082084823 0.783979643529165 0.810097340036009 0.579470632146695 0.697123248301068 0.979637458840443 0.910783565814199 0.341096917964023 0.506592834426556 0.312929560095654 0.855941827467177 0.808571730885888 0.796251331848907 0.551787654330838 0.865554318806971 0.848484472953714 0.904055564205919 1.00526160531444 0.600538021899411 1.0202169924014 1.02965367113939 1.00597092023236 0.95814815540507 0.836376217193902
-9999 -9999 -9999 -9999 -9999 0.560446231247624 0.283974264675635 0.426759474976279 0.388921893318184 0.204327919163916 0.156242341745383 0.239660977513267 0.786440943102207 0.906258616851119 1.11711659064895 0.884506458532996 0.821028361315257 0.52231942936487 0.479427573736757 0.330549803948088 0.37359407861004 0.592081403738121 0.88154244076577 0.823494503492839 0.829729652650713 0.678807674376003 0.653590121146408 1.01868023648422 0.414918417845911 0.566447844448703 1.0233991433779 0.858618594975269 0.812771641903964 0.807409770459344 0.532209082848567 0.877042324646027 0.820243055386527 0.970794113527518 1.00855375421816 0.600791897340969 1.02327304375649 1.36489335636725 1.02467966644326 0.933517992962152 0.810119103334728
-9999 -9999 0.213178427202365 0.398047381167999 0.447206462013128 0.28466612820921 0.261955686255533 0.227404408633447 0.0870897636104928 0.179820253833896 0.228447207746285 0.164208871865412 0.686380808474496 1.15148332770332 1.61211147678841 1.62979069682478 1.57334801224351 1.08790051490359 0.827091847895645 0.58731272656587 0.768738525493973 1.15408283636498 1.4439282767853 1.02448834149982 0.30913618275008 0.535201700586185 0.648218225251185 0.638005191831326 0.462809161945188 0.583064016609569 0.579900092816388 0.599302751652431 0.873028763635375 0.872414549121459 0.539383698651363 0.498646769301558 0.623765647105756 0.911300337975263 0.384332553949207 0.599703365878668 1.03828244027682 1.19282990817737 0.964098415352055 0.950938087044051 0.697303199558519
-9999 0.620053430793632 0.54369936697185 0.531227223291353 0.134057638661034 0.153101262412747 0.179890165554752 0.0778959963554371 0.2891805870604 0.194665059325416 0.364260515198112 0.809846107586054 1.31409218556655 1.20793398491514 1.11993949212774 1.5075594328664 1.54106079571648 1.24938748194836 1.16045708364254 1.02490361678065 1.18299113910325 1.37414304481354 1.53690241495497 1.05051383707178 0.840331851577503 0.25941312969735 0.329586159296014 0.263181984792027 0.567174008210714 0.573800062738883 0.553714079160272 0.562069494662865 0.539964613381017 0.571195003431058 0.531152038092841 0.607494121140917 0.898296708328417 0.735599800464115 0.304519922565305 0.535248079359008 0.576989184992271 0.689876333126449 0.867254902914283 0.887123138454626 0.47842518233665
-9999 0.527691233401129 0.293912287361309 0.188416498531296 0.184100953902089 0.0944968600151697 0.223217121401831 0.45506262267736 1.0329856268072 0.542638400474971 0.781308570367401 0.917302813832066 1.15409213503881 0.826606163172983 0.925169444599305 0.878371962244273 1.0943951401714 1.21136541201849 1.50214174391294 1.45686523683253 1.3221494609752 1.45617059570213 1.46742657852883 1.19097977403726 0.957141137405415 0.635278307527187 0.275578478067473 0.256896712471644 0.282533456356759 0.314622742280335 0.545270199836523 0.774601472585346 0.423280076574883 0.5207871681705 0.610263590715476 0.605357926360739 0.574570141907316 0.508575045387261 0.430934519499715 0.498258001243812 0.530810543750704 0.579115036089206 0.747030571801588 0.780708634920302 0.795722991824732
