Model input/Uganda/surfacerunoff/surfacerunoff_jul_1.asc
NCOLS 67 
NROWS 67 
XLLCORNER 29.5000000014144 
YLLCORNER -1.49999999936061 
CELLSIZE 0.0833333332926796 
NODATA_value -9999 
[rows 0 to 19 of 67, columns 0 to 44 of 67]
-9999.000000000000000 -9999 -9999 -9999 -9999 -9999 -9999 -9999 -9999 -9999 -9999 -9999 -9999 -9999 -9999 -9999 -9999 -9999 -9999 -9999 -9999 -9999 -9999 -9999 -9999 -9999 -9999 -9999 -9999 -9999 -9999 0.451886970040505 0.443324423940794 -9999 -9999 -9999 -9999 -9999 -9999 -9999 -9999 -9999 -9999 -9999 -9999
-9999 -9999 -9999 -9999 -9999 -9999 -9999 -9999 -9999 -9999 -9999 -9999 -9999 -9999 -9999 -9999 -9999 -9999 -9999 -9999 -9999 -9999 -9999 -9999 -9999 -9999 -9999 -9999 -9999 0.483925584376266 0.435436707448389 0.393260806049511 0.326086309542006 0.375399602944526 0.400665946926893 0.367982917850895 0.63892729303916 0.599976177909411 0.358141573542525 0.435222957094084 -9999 -9999 -9999 -9999 -9999
-9999 -9999 -9999 -9999 -9999 -9999 -9999 -9999 -9999 -9999 -9999 -9999 -9999 -9999 -9999 -9999 -9999 -9999 -9999 -9999 -9999 -9999 -9999 -9999 -9999 -9999 -9999 -9999 -9999 0.370403031865862 0.329082674397796 0.299850190458528 0.325122319736693 0.308204368593579 0.345718985954591 0.352289758666302 0.43127490880579 0.69142544089118 0.768289112784259 0.589646648222697 0.407996310514136 0.617914238318917 0.799384875790565 -9999 -9999
-9999 -9999 -9999 -9999 -9999 -9999 -9999 -9999 -9999 -9999 -9999 -9999 -9999 -9999 -9999 -9999 -9999 -9999 -9999 -9999 -9999 -9999 -9999 -9999 -9999 0.601588431891287 -9999 -9999 -9999 0.360592262495629 0.283455840417446 0.279240733107144 0.333304887590202 0.337911448241357 0.346616655406251 0.353007213561796 0.468117132186308 0.516357958076696 0.707774771399272 0.767686336985207 0.630620798801829 0.835444794574869 0.519371482369024 -9999 -9999
-9999 -9999 -9999 -9999 -9999 -9999 -9999 -9999 -9999 -9999 -9999 -9999 -9999 -9999 -9999 -9999 -9999 -9999 -9999 -9999 -9999 -9999 0.458374233858194 -9999 -9999 0.505826374137541 -9999 -9999 -9999 0.310023436441043 0.301932056800069 0.367850657312374 0.526725944837381 0.613250504102325 0.618701667917776 0.377768752969132 0.555302392058366 0.631947261354071 0.604234891397937 0.669392256440915 0.66577165534909 0.652356847695046 0.54241176621872 0.404730726586422 -9999
-9999 -9999 -9999 -9999 -9999 -9999 -9999 -9999 -9999 -9999 -9999 -9999 -9999 -9999 -9999 -9999 -9999 -9999 -9999 -9999 -9999 0.955373400756798 1.00473654947564 0.935485556510685 0.425200332301756 0.425806785642635 0.495604768275371 0.474577037039126 0.480737569432677 0.328736274695984 0.325549935723757 0.368485492344917 0.354587599758815 0.607609407779819 0.632246579698403 0.677536058901751 1.01222333796613 1.07297622434999 0.709829027528031 0.67785419514621 0.568995591493149 0.518446683145157 0.430715229867928 0.421252057094534 -9999
-9999 -9999 -9999 -9999 -9999 -9999 -9999 -9999 -9999 -9999 -9999 -9999 -9999 -9999 -9999 -9999 -9999 -9999 -9999 0.587208796787309 0.995259344563237 0.965449415161856 1.04679763308013 0.91224064499329 0.626870804126156 0.33268155289079 0.216823526443477 0.348525096796948 0.367759014807234 0.340894534701874 0.523547520060674 0.371469009678549 0.489753089823353 0.450770663974254 0.782719594099035 0.828365835332079 1.0767620669867 1.12906719732564 0.693881022016285 0.609544944381923 0.507966086843226 0.614634671364911 0.446023718723154 0.353949879354332 -9999
-9999 -9999 -9999 -9999 -9999 -9999 -9999 -9999 -9999 -9999 -9999 -9999 -9999 -9999 -9999 -9999 -9999 1.28525442050886 0.612346510024508 0.545020763638604 0.52244183689254 0.903143867617473 0.979311671926553 0.327484506868814 0.196036080851059 0.412211964203379 0.426132357688402 0.520231729751686 0.528527687492897 0.572082268718077 0.591834923397982 0.66301682500125 0.429582389415373 0.461776081920107 0.828320848995645 0.911369049390487 0.95424364462815 1.0031185729531 0.564877857868851 0.53687828949478 0.440698923739546 0.400915172576788 0.505240532220341 0.407855682169611 0.37282105495251
-9999 -9999 -9999 -9999 -9999 -9999 -9999 -9999 -9999 -9999 -9999 -9999 -9999 -9999 -9999 -9999 -9999 1.25518031745742 0.616423560131807 0.540949522928713 0.540687591637834 0.903292057046201 0.950052664848045 0.64304637726309 0.650066568823604 0.517204338848387 0.618642592598917 0.691433536303521 0.659968973195646 0.64279745447493 0.675347093419987 0.729174518710352 0.789173757766548 0.472543866635533 0.527874425188202 0.93814544925408 1.01550202543876 1.03056388252298 0.548585793694656 0.545266457265825 0.468188100057887 0.540086328328471 0.405814083933365 0.425766763328284 0.401108713504073
-9999 -9999 -9999 -9999 -9999 -9999 -9999 -9999 -9999 -9999 -9999 -9999 -9999 -9999 -9999 -9999 -9999 0.75633955111698 0.598022520534869 0.547103102690016 0.956358643634303 0.97389748225396 0.464188310672853 0.329950528424661 0.757558665327451 0.648991674552235 0.522775852004997 0.510011513142672 0.508608375184849 0.733183263037063 0.741959273000248 0.801528556621633 0.819397840132297 0.551038523553871 0.505025297570683 0.564865097658185 0.964227160693554 0.994511126918951 0.92399557979661 0.638439882095554 0.615391379142238 0.477126010082429 0.568076038689469 0.524739860338741 0.371925691979413
-9999 -9999 -9999 -9999 -9999 -9999 -9999 -9999 -9999 -9999 -9999 -9999 -9999 -9999 -9999 -9999 0.635204818536295 0.652167163934791 0.620151160546811 0.647784395823692 1.04147641013697 0.446402791453693 0.780873210032951 0.293582332005826 0.261923817618026 0.847994379910233 0.850712477586058 0.843665640786639 0.85986743124522 0.818409970634093 0.825353172331234 0.865513297867437 0.907454900698212 0.894082315426203 0.575923289488856 0.671465442337649 0.574343117023091 1.01070418804738 0.693698486429639 0.68073722468398 0.540587167961348 0.545868668268668 0.505020270793466 0.58702793194243 0.582623189075093
-9999 -9999 -9999 -9999 -9999 -9999 -9999 -9999 -9999 -9999 -9999 -9999 -9999 -9999 -9999 -9999 0.653339465316094 0.721347655598947 0.652686610010278 0.645155409529252 1.06501604113873 0.459769632470852 0.309011936217019 0.735099911707948 0.883535801449398 0.982457946520299 0.931667517761525 0.952117998167523 0.983078301032947 0.542917282928101 0.946147932154418 0.979053887022019 0.999841789962375 0.930600477659027 1.01076476948947 0.647163559278852 0.616287069533428 0.503420886616368 0.717398237611633 0.586677092542232 0.597152705267945 0.55808887918829 0.496583276799356 0.44630521460931 0.462643647551886
-9999 -9999 -9999 -9999 -9999 -9999 -9999 -9999 -9999 -9999 -9999 -9999 -9999 -9999 -9999 0.656945594528224 0.675733113439492 0.817208696389571 0.721305587831012 1.1792368186434 0.625358775096174 0.342605070919433 0.299750938722809 0.712818870624687 0.912606012207107 0.939251206546032 0.939304094572435 1.00459503119055 1.02869770125835 0.536362956609082 0.499188077810686 0.955304666604206 0.513011965722399 0.527356071870599 0.6344269222609 0.66839166720456 0.672629605105612 0.532621930688038 0.514894187290338 0.575918869799352 0.591847123359912 0.574720939766848 0.520982264788472 0.406519433454378 0.383316736588313
-9999 -9999 -9999 -9999 -9999 -9999 -9999 -9999 -9999 -9999 -9999 -9999 -9999 -9999 -9999 -9999 0.818065572275373 0.881588986885617 0.759622816076444 1.15708968223771 0.375297238406347 0.181673053759823 0.124419632326678 0.775183608311636 0.959628940108814 0.984459238679847 1.07984464739275 1.12184915542457 0.569782842831046 0.51719818611673 0.581561555918597 0.658246059174417 0.565849719350808 0.673858114168979 0.630815393378725 0.719032006600173 0.846676181936346 0.615379436567309 0.620404530309315 0.510599594235828 0.457643994195678 0.572573212593852 0.539145979928435 0.433809335845581 0.384475505597948
-9999 -9999 -9999 -9999 -9999 -9999 -9999 -9999 -9999 -9999 -9999 -9999 -9999 -9999 -9999 -9999 -9999 0.836399287436507 1.20367583622283 0.510437066168379 0.255904831305998 0.634772878356671 0.487748122850462 0.831317050142388 0.867759956236114 0.964835183367541 1.01303425526567 1.05819795408024 0.63162427431962 0.629210758233967 0.689885169776971 0.719683582246944 0.609179030107043 0.709384890797082 0.751677192056377 0.758044594476814 0.600730345468037 0.830776876682648 0.756725196879415 0.682393829265493 0.530602453181928 0.504514193380601 0.645562901809171 0.699904980137944 0.641822152829263
-9999 -9999 -9999 -9999 -9999 -9999 -9999 -9999 -9999 -9999 -9999 -9999 -9999 -9999 -9999 -9999 1.12661005368864 0.777102086431114 0.822364203486359 0.977481271547731 0.406089567604795 0.100566479758868 0.0101238025012051 0.721524677828711 0.764465992688201 0.808149012300419 0.903677587302809 0.990446445939597 0.505788543705421 0.513135649271135 0.673532094879192 0.629797642432095 0.806651497441635 1.04681768243609 1.16412895476969 0.762336200750724 0.606226030868129 0.683454906720726 0.659747009194689 0.68794905928371 0.74764205419342 0.667928493385261 0.753029678890016 0.700451295415405 0.652766233542934
-9999 -9999 -9999 -9999 -9999 -9999 -9999 -9999 -9999 -9999 -9999 -9999 -9999 -9999 -9999 -9999 1.12529873877065 0.731448160877335 0.874293111337465 0.904084286048601 0.465051215542189 0.0610359372359426 0.0126589687461376 0.466717525796412 0.663164429170138 0.741133528208593 0.829056572911213 0.888589595888334 0.450984019607858 0.487553109906003 0.585994954235503 0.642766674900486 1.13256836084474 0.936901134991786 0.812135351225152 0.791218376434699 0.710933746631781 0.58937094945577 0.616610535871587 0.610604570283613 0.55179344053613 0.476613035061746 0.411416194310732 0.379977337615856 0.379877199975454
-9999 -9999 -9999 -9999 -9999 -9999 -9999 -9999 -9999 -9999 -9999 -9999 -9999 -9999 -9999 1.00359594398469 1.01580207410734 0.680453478707932 0.626254936832993 0.807010917924345 0.418276701111608 0.425266415277292 0.0143489553181553 0.385383470188572 0.460330120858998 0.635839188362297 0.718998838237894 0.794731773567037 0.502642968058353 0.493410941999173 0.675731934279611 0.743691224670329 0.66204703762196 0.766199349527596 0.67011509599979 0.796531472587958 0.625414942078351 0.586150172239286 0.541206528396287 0.511024863953935 0.52647236680059 0.371280839317478 0.37721708213212 0.402454762024718 0.351870795839204
-9999 -9999 -9999 -9999 -9999 -9999 -9999 -9999 -9999 -9999 -9999 -9999 -9999 -9999 -9999 0.68926352832932 0.87840268315631 0.649159379463526 0.565454072784632 0.727080649994605 0.504121899211896 0.366385730330876 0.366420074897178 0.322798203910679 0.41746246756702 0.603636084633763 0.679233286973613 0.771966426327708 0.439802385699295 0.486073810861853 0.545963211152412 0.687728042976232 0.74750924068212 0.735456279471691 0.632268970548466 0.64182050027739 0.702639672454097 0.575295252019714 0.535697242412425 0.585453115490964 0.732248026906746 0.53933359504299 0.323809044857626 0.380546096948819 0.412617089750711
-9999 -9999 -9999 -9999 -9999 -9999 -9999 -9999 -9999 -9999 -9999 -9999 -9999 -9999 -9999 0.585262577260437 0.87736481691536 1.08176608773647 0.548859939044632 0.594064876167977 0.458035368865239 0.295335547889408 0.434457824667334 0.330313105109781 0.297959569934392 0.371169505910984 0.569996858303057 0.649348797196581 0.425040780555719 0.451703231192369 0.50175796241092 0.532414185727248 1.00514996120182 0.818753102066694 0.818487565993564 0.894365586646018 0.880681693161023 0.541629059625848 0.514657411258668 0.498128995786828 0.44561127833731 0.744388571547461 0.644286895294499 0.536276216735132 0.381789322545956
