Model input/Uganda/watertemperature/Tw_aug_1.asc
NCOLS 67 
NROWS 67 
XLLCORNER 29.5000000014144 
YLLCORNER -1.49999999936061 
CELLSIZE 0.0833333332926796 
NODATA_value -9999 
[rows 20 to 39 of 67, columns 0 to 45 of 67]
-9999 -9999 -9999 -9999 -9999 -9999 -9999 -9999 -9999 -9999 -9999 -9999 -9999 -9999 -9999 21.0621855854988 21.1520686149597 21.2392664551735 22.37582218647 23.0111086964607 24.3885707855225 24.6707484722137 25.0810220241547 25.1568956971169 25.0924093723297 25.0007338523865 24.7787739038467 24.7477956414223 24.6712924838066 24.454072535038 24.3319696187973 24.2696610093117 24.1525542736053 24.0764143466949 24.0816978812218 24.0785745382309 23.9990355372429 23.9247590303421 23.9296550750732 23.8737931847572 23.8302209377289 23.7345561385155 23.8854511380196 24.004413485527 24.0910850167274 24.1072532534599
-9999 -9999 -9999 -9999 -9999 -9999 -9999 -9999 -9999 -9999 -9999 -9999 -9999 -9999 -9999 20.5844413638115 20.343262553215 20.5422218441963 21.5945675969124 22.9510804414749 24.296578347683 24.7504313588142 25.1364496350288 25.0919945240021 25.0645316839218 25.0175765752792 24.8490020036697 24.7328037619591 24.4385856389999 24.3235213756561 24.2906991243362 24.2221041917801 24.123130440712 24.059810757637 24.0874606370926 24.0373836159706 23.9896934628487 23.9999836683273 23.9855088591576 23.8923949599266 23.8587186932564 23.7527031898499 23.7977918386459 23.8640366792679 23.920148730278 24.0551866292953
-9999 -9999 -9999 -9999 -9999 -9999 -9999 -9999 -9999 -9999 -9999 -9999 -9999 -9999 -9999 -9999 19.4925695061684 20.3069948554039 21.7436634302139 23.405892431736 24.2726947665215 24.9624593853951 25.0967288613319 25.0722340941429 24.9358350634575 24.8263084888458 24.699495434761 24.5686653852463 24.3467199206352 24.1461477279663 24.1255268454552 24.1618912816048 24.1357935070992 24.0395357608795 24.0317380428314 23.9836442470551 24.0271678566933 23.9878359436989 23.9668418169022 23.9058264493942 23.8008657693863 23.7657955884933 23.8517190217972 23.830418586731 23.7631704807281 23.8666986227036
-9999 -9999 -9999 -9999 -9999 -9999 -9999 -9999 -9999 -9999 -9999 -9999 -9999 -9999 -9999 -9999 -9999 19.8817974925041 22.030443072319 23.3038977980614 24.6877962350845 25.0577023625374 25.0633350610733 25.047544002533 24.9112493395805 24.7935819029808 24.7259893417358 24.5363100767136 24.1474564671516 23.8269864916801 23.8205288052559 23.847399532795 23.9545940160751 23.9919920563698 23.9860823750496 23.9980998635292 24.0106132030487 23.9719072580338 23.9187677502632 23.9331297278404 23.8479095697403 23.8897883892059 23.9366928339005 23.9052973389626 23.7947587370872 23.7559439539909
-9999 -9999 -9999 -9999 -9999 -9999 -9999 -9999 -9999 -9999 -9999 -9999 -9999 -9999 -9999 18.4496725797653 18.4428127408028 20.9947954416275 23.7142031788826 24.2121194601059 24.9791135787964 25.0161802768707 25.0388159751892 25.0178503394127 24.9448133707047 24.8214153647423 24.6087095141411 24.2870793938637 23.9665824174881 23.7051905989647 23.6346264481544 23.7108447551727 23.8058566451073 23.9017360806465 23.95801872015 23.9606077671051 23.9521924257278 23.9369844794273 23.9386917352676 23.9559353590012 23.8611679673195 23.9486138224602 23.9997481107712 23.9698851704597 23.8359300494194 23.853949546814
-9999 -9999 -9999 -9999 -9999 -9999 -9999 -9999 -9999 -9999 -9999 -9999 -9999 -9999 -9999 18.2888833880424 20.084232211113 23.8950380682945 24.751023709774 24.9212319850922 24.9636514782906 24.9901214241982 25.0111584663391 24.9920191168785 24.8914144039154 24.4768559336662 24.0223367810249 23.9317131638527 23.7819708585739 23.6334437131882 23.6799224019051 23.6807503700256 23.7030510902405 23.8153022527695 23.9107394814491 23.9129308462143 23.9180734157562 23.9401463270187 23.9565725922585 24.0563380718231 23.962173640728 23.9964221119881 24.023740530014 23.9831307530403 23.8729355931282 23.8401725888252
-9999 -9999 -9999 -9999 -9999 -9999 -9999 -9999 -9999 -9999 -9999 -9999 -9999 -9999 -9999 18.8722556829453 23.2886651754379 24.7404990196228 24.8227409720421 24.8864716887474 24.9340443015099 24.9627487063408 24.9631544351578 24.8299443721771 24.3251673579216 23.8882714509964 23.761165201664 23.9507518410683 23.7193153500557 23.7167001366615 23.7322252392769 23.7570023536682 23.7007250189781 23.7788540124893 23.8449263572693 23.847962141037 23.8360284566879 23.9273673892021 24.0175685882568 24.0919172167778 24.0414551496506 24.059101164341 24.0272032618523 23.9720930457115 23.896039545536 23.887980401516
-9999 -9999 -9999 -9999 -9999 -9999 -9999 -9999 -9999 -9999 -9999 -9999 -9999 -9999 -9999 22.7165251970291 24.6266481280327 24.7674220204353 24.8319769501686 24.8908513784409 24.9351652860641 24.9508855342865 24.6957377791405 23.9462457895279 23.7255152463913 23.6312171220779 23.6586212515831 23.8154525756836 23.7330724596977 23.6594587564468 23.7896871566772 23.7587444186211 23.7274312973022 23.7426198720932 23.7757738232613 23.8092215061188 23.8572028875351 23.9551917910576 24.0529950261116 24.0935991406441 24.0969496369362 24.0972585082054 24.0720640420914 24.0191576480865 23.9776605963707 23.9967863559723
-9999 -9999 -9999 -9999 -9999 -9999 -9999 -9999 -9999 -9999 -9999 -9999 -9999 -9999 22.8506209850311 24.4919081926346 24.7484285235405 24.8403146862984 24.8862039446831 24.9299051165581 24.9630906581879 24.6354855895042 23.9564434885979 23.6121397018433 23.5508739948273 23.5647487640381 23.636033654213 23.62915122509 23.598870575428 23.6771239042282 23.827250123024 23.8299621939659 23.7158881425858 23.5748062133789 23.7231605648994 23.8969821929932 23.940225481987 24.020229279995 24.1017868518829 24.1222631931305 24.0940598249435 24.1338487267494 24.1324676275253 24.129232108593 24.1550689339638 24.1335489749908
-9999 -9999 -9999 -9999 -9999 -9999 -9999 -9999 -9999 -9999 -9999 20.7675933241844 21.3534086346626 23.3272218704224 24.5698300004005 24.7339621186256 24.8313715457916 24.8922493457794 24.9375659227371 24.9483404159546 24.4624094963074 23.6769567131996 23.5903396010399 23.5258679389954 23.6391691565514 23.6466290950775 23.5482383370399 23.638156414032 23.6347569823265 23.7110384702682 23.8111193776131 23.8030737042427 23.7798438072205 23.812687754631 23.8762583136559 23.932872235775 24.0067851543427 24.0475063920021 24.0795117616653 24.1517558693886 24.1472747921944 24.1421005725861 24.1821686625481 24.2206447124481 24.2181286215782 24.148391187191
-9999 -9999 -9999 -9999 -9999 -9999 -9999 -9999 -9999 -9999 22.0425066351891 23.2711095809937 24.4160297513008 24.6832666397095 24.7635568380356 24.8274178504944 24.9142833352089 24.9360993504524 24.8421886563301 24.0832458138466 23.6062070131302 23.5129415392876 23.2070797085762 23.3186431527138 23.5317386984825 23.601870238781 23.592402279377 23.6359913349152 23.6670138239861 23.7439430356026 23.7753739953041 23.7558089494705 23.7492530941963 23.788684129715 23.9124383926392 23.9912414550781 23.9995622038841 24.0203277468681 24.1159608960152 24.192443728447 24.201462328434 24.2178360819817 24.2374932765961 24.2472822070122 24.2243629693985 24.1688647270203
-9999 -9999 -9999 -9999 -9999 -9999 -9999 -9999 -9999 -9999 24.1417633295059 24.8189106583595 24.8534576892853 24.8537540435791 24.8609791994095 24.9203501939774 24.9843034744263 24.8231586813927 24.0364109873772 23.5579137206078 23.5469852089882 23.535829603672 23.1934902071953 23.2433718442917 23.551228582859 23.6444125175476 23.6050596833229 23.7013206481934 23.7589017748833 23.76266258955 23.7335549592972 23.6927051544189 23.6750755310059 23.7202807664871 23.8198336958885 23.9485040307045 24.0489798784256 24.0916680693626 24.160691857338 24.2136887907982 24.216557264328 24.2347989082336 24.2403158545494 24.2320156693459 24.2470440268517 24.237979054451
-9999 -9999 -9999 -9999 -9999 -9999 -9999 -9999 -9999 23.1455266475677 24.8478637337685 24.9416447281837 24.9786534309387 25.0113264322281 25.0069292783737 24.9101300239563 24.1528813242912 23.7959350347519 23.5958038568497 23.610272526741 23.6550056934357 23.5369530916214 23.3814350962639 23.424053311348 23.6324497461319 23.651291847229 23.6553204655647 23.6885818243027 23.6732128858566 23.664097070694 23.6784861087799 23.7314056158066 23.7048870921135 23.675802052021 23.6707448959351 23.7512634992599 23.9543944001198 24.0939567685127 24.1649398207664 24.1457394957542 24.1371958851814 24.2011125087738 24.2515598535538 24.2514660358429 24.239266037941 24.2349659204483
-9999 -9999 -9999 -9999 -9999 -9999 -9999 -9999 -9999 23.7645513415337 24.9003053307533 24.8858482837677 25.024863421917 25.0973892211914 25.0626966357231 24.1145201325417 23.4658693671227 23.5010834932327 23.553482234478 23.5871112346649 23.6020681858063 23.5296659469604 23.5955300927162 23.6508884429932 23.5948038697243 23.6190641522408 23.6366052031517 23.6128939986229 23.6744737625122 23.6551656723022 23.6240789294243 23.6551960706711 23.7367872595787 23.7103429436684 23.6505180597305 23.6965219378471 23.8975406885147 23.9491822123528 24.0587020516396 24.0428690910339 24.0737741589546 24.1342772841454 24.1771605610847 24.2367390990257 24.2243545651436 24.2118120193481
-9999 -9999 -9999 -9999 -9999 -9999 21.3907004594803 21.6085001826286 22.2719931602478 24.7173547744751 24.9651527404785 24.9273427128792 25.0138173103333 25.0485615730286 24.824294924736 23.5076152086258 23.4815398454666 23.5269187688828 23.5607116222382 23.5805111527443 23.6397084593773 23.6788817644119 23.6546615958214 23.6076530814171 23.6138490438461 23.6237444281578 23.6070865988731 23.5662074685097 23.6512988209724 23.6066473126411 23.6359333992004 23.5818284749985 23.6052088737488 23.6774969100952 23.6909792423248 23.6832902431488 23.7604371905327 23.8363970518112 23.9172919392586 24.0177636146545 24.0276525616646 24.0778269171715 24.137322306633 24.1420528888702 24.1449237465858 24.1755827069283
-9999 -9999 -9999 -9999 -9999 -9999 22.7514163851738 22.8554602265358 24.0998982191086 25.106874704361 25.1856390833855 25.1774896979332 25.0232921242714 24.9264457821846 23.9813822507858 23.5343291163445 23.7188419699669 23.7224616408348 23.7157709002495 23.6796916723251 23.6538643836975 23.6673213243484 23.7028396725655 23.6917970776558 23.6409524083138 23.6120839118958 23.5965821743011 23.6113057732582 23.6374742984772 23.5932421684265 23.5940759778023 23.5557951331139 23.4901304841042 23.5887753367424 23.6520076990128 23.6410072445869 23.6747826337814 23.8108352422714 23.8502019643784 23.9670344591141 23.9755240082741 24.0628615021706 24.0437080860138 24.0536004304886 24.0449573397636 24.107882797718
-9999 -9999 -9999 -9999 -9999 23.0458349585533 23.5706880688667 24.5058010220528 25.0089846849442 25.1907259821892 25.1947273612022 25.2038756608963 25.0512883067131 24.2452211380005 23.4980014562607 23.6498177051544 23.5410079956055 23.6048393845558 23.6607609987259 23.6918212771416 23.635737657547 23.6111689209938 23.6263469457626 23.6778106689453 23.712855219841 23.6349785327911 23.5702384114265 23.551117181778 23.6033940315247 23.6461240053177 23.5660675168037 23.5497456789017 23.5004215836525 23.4984422922134 23.6248973608017 23.6511308550835 23.7324436306953 23.688923895359 23.8468633890152 23.9412168860435 23.909225165844 24.0070719718933 23.9626435637474 23.9778677821159 23.9857444167137 23.9935320019722
-9999 -9999 23.0104213356972 22.862500846386 22.3296280503273 23.698126912117 24.0365406274796 24.6792820096016 25.1008018255234 25.0880478620529 25.012596309185 24.939638197422 24.1922470331192 23.2698835134506 23.2391178011894 23.3712340593338 23.4488490819931 23.5259075760841 23.6255713701248 23.7264375090599 23.5120034217834 23.5084024071693 23.4558210372925 23.6276199817657 23.7181968688965 23.5280334353447 23.315043926239 23.4992780089378 23.616849064827 23.6247268915176 23.5963481068611 23.534383058548 23.5427063703537 23.4903211593628 23.6529467701912 23.6885836720467 23.704198718071 23.6004384160042 23.7897788882256 23.8936849236488 23.8833009600639 23.9813637733459 23.9510284662247 23.8860964775085 23.9244472980499 23.9076477885246
-9999 23.1292871832848 23.159893155098 23.5145191550255 23.7508110404015 23.7511315345764 24.1340972781181 24.3255599141121 24.1513214111328 24.6219493746758 24.2007221579552 23.0319989323616 22.914684176445 23.2277425527573 23.3543296456337 23.4367523789406 23.4113749265671 23.460239648819 23.5672384500504 23.6374840140343 23.6958658695221 23.4970195293427 23.3058170080185 23.2613362669945 23.243202149868 23.462665617466 23.1802226901054 23.2474272251129 23.4998193979263 23.5907617807388 23.6475300192833 23.6352027654648 23.569585442543 23.5379781126976 23.6067951917648 23.5870871543884 23.4989865422249 23.5530053377151 23.7458328604698 23.8455257415771 23.8546062111855 23.9529585242271 23.9343692660332 23.9003319740295 23.8579393029213 23.9066047072411
-9999 23.5178676247597 24.0101086497307 24.0564811229706 23.9571271538734 23.994587123394 23.9673202633858 23.7873331308365 22.6090558171272 23.4051115512848 22.7169575691223 22.3040244579315 22.536873281002 22.9448884129524 22.9570422768593 23.377885222435 23.5546807646751 23.5227205753326 23.3085106015205 23.3748450875282 23.6348894834518 23.5221388339996 23.3518916368484 23.2509670257568 22.9772600531578 23.5025638341904 23.5001816153526 23.2838341593742 22.8526013493538 23.1750763058662 23.4609119296074 23.4627020955086 23.5812649726868 23.5584058761597 23.5241045951843 23.5955610871315 23.423270046711 23.5809823870659 23.7394184470177 23.8024002313614 23.8006568551064 23.8467804193497 23.9138660430908 23.9442740678787 23.9019918441772 23.9060450792313
