Model input/Uganda/watertemperature/Tw_aug_1.asc
NCOLS 67 
NROWS 67 
XLLCORNER 29.5000000014144 
YLLCORNER -1.49999999936061 
CELLSIZE 0.0833333332926796 
NODATA_value -9999 
[rows 0 to 19 of 67, columns 0 to 45 of 67]
-9999.000000000000000 -9999 -9999 -9999 -9999 -9999 -9999 -9999 -9999 -9999 -9999 -9999 -9999 -9999 -9999 -9999 -9999 -9999 -9999 -9999 -9999 -9999 -9999 -9999 -9999 -9999 -9999 -9999 -9999 -9999 -9999 24.578418970108 24.5269008874893 -9999 -9999 -9999 -9999 -9999 -9999 -9999 -9999 -9999 -9999 -9999 -9999 -9999
-9999 -9999 -9999 -9999 -9999 -9999 -9999 -9999 -9999 -9999 -9999 -9999 -9999 -9999 -9999 -9999 -9999 -9999 -9999 -9999 -9999 -9999 -9999 -9999 -9999 -9999 -9999 -9999 -9999 24.5577952861786 24.503708422184 24.5007457733154 24.6576149463654 24.5263317227364 24.3327041864395 24.312281370163 24.1430897116661 22.5213108062744 20.4672588706017 19.8861879110336 -9999 -9999 -9999 -9999 -9999 -9999
-9999 -9999 -9999 -9999 -9999 -9999 -9999 -9999 -9999 -9999 -9999 -9999 -9999 -9999 -9999 -9999 -9999 -9999 -9999 -9999 -9999 -9999 -9999 -9999 -9999 -9999 -9999 -9999 -9999 24.7504405379295 24.6915257573128 24.810342669487 24.7893643379211 24.6582040786743 24.467052936554 24.3948224186897 24.3418887853622 24.234181702137 23.6009987592697 22.271855533123 19.7847431898117 18.3852577805519 20.356817305088 -9999 -9999 -9999
-9999 -9999 -9999 -9999 -9999 -9999 -9999 -9999 -9999 -9999 -9999 -9999 -9999 -9999 -9999 -9999 -9999 -9999 -9999 -9999 -9999 -9999 -9999 -9999 -9999 24.4769105911255 -9999 -9999 -9999 25.0168878436089 24.9667543172836 24.9317374229431 24.7666549086571 24.663146674633 24.568358540535 24.4456248283386 24.3073105216026 24.12833070755 23.8255758285522 22.8136619925499 19.8722964525223 21.2632474899292 23.4255761504173 -9999 -9999 -9999
-9999 -9999 -9999 -9999 -9999 -9999 -9999 -9999 -9999 -9999 -9999 -9999 -9999 -9999 -9999 -9999 -9999 -9999 -9999 -9999 -9999 -9999 24.6116178035736 -9999 -9999 24.6287714242935 -9999 -9999 -9999 25.0950627326965 25.1541751623154 25.0703970789909 24.9515430927277 24.7944406270981 24.5347937941551 24.3382579684258 24.1899536252022 24.2224039435387 24.0551281571388 23.8837910294533 23.3286972045898 23.1569607257843 23.6104301214218 23.366704761982 -9999 -9999
-9999 -9999 -9999 -9999 -9999 -9999 -9999 -9999 -9999 -9999 -9999 -9999 -9999 -9999 -9999 -9999 -9999 -9999 -9999 -9999 -9999 24.5279434919357 24.7795145511627 24.8582010865211 24.8647506833076 24.7880371809006 24.4963527321815 24.4393947720528 24.3821666240692 25.0061954855919 25.0953459143639 25.0738732814789 25.0526645183563 24.9008768200874 24.7008337974548 24.4995597600937 24.302081823349 24.1672469377518 23.9355261325836 23.7121604681015 23.6233631372452 23.621983230114 23.5881068110466 23.5388065576553 -9999 -9999
-9999 -9999 -9999 -9999 -9999 -9999 -9999 -9999 -9999 -9999 -9999 -9999 -9999 -9999 -9999 -9999 -9999 -9999 -9999 24.264554142952 24.4910749793053 24.8167466521263 24.9584144353867 24.9924432635307 24.9845879077911 24.8919637203217 24.9024576544762 25.1311113238335 25.1598708629608 25.1735507249832 25.1389529705048 25.0428826212883 25.0573006272316 24.8582548499107 24.7996074557304 24.6666777729988 24.4458406567574 24.252870619297 24.0155017375946 23.8043979406357 23.8243087530136 23.8315691351891 23.8417440056801 23.7368280887604 -9999 -9999
-9999 -9999 -9999 -9999 -9999 -9999 -9999 -9999 -9999 -9999 -9999 -9999 -9999 -9999 -9999 -9999 -9999 23.7144587635994 24.3199040293694 24.4155341386795 24.6811996102333 24.7006803750992 24.9570024609566 25.0969396829605 25.1232444643974 25.1731311678886 25.1779535412788 25.0669887065887 25.1067104935646 25.1504286527634 25.0957494974136 24.985508441925 24.9691903591156 24.8722307085991 24.6805013418198 24.6139709353447 24.4448763728142 24.2121630907059 24.0222712755203 23.8709765076637 24.0213394165039 23.9573282003403 24.06525349617 24.0313789248466 24.056179702282 -9999
-9999 -9999 -9999 -9999 -9999 -9999 -9999 -9999 -9999 -9999 -9999 -9999 -9999 -9999 -9999 -9999 -9999 23.854986011982 24.3990767598152 24.5491293668747 24.7783659100533 24.8152570724487 25.0638766884804 25.1959567666054 25.2068208456039 25.2122569680214 25.0069338679314 24.9129765629768 25.0259471535683 25.0688037872314 24.9824624061584 24.9234349727631 24.8357511758804 24.9344742894173 24.7720565795898 24.5451421737671 24.3217515945435 24.17642390728 24.1320185661316 24.1207860708237 24.1598947048187 24.2761605978012 24.2177206277847 24.0645188689232 24.0353420972824 23.9829835891724
-9999 -9999 -9999 -9999 -9999 -9999 -9999 -9999 -9999 -9999 -9999 -9999 -9999 -9999 -9999 -9999 -9999 24.0413482189178 24.6363661289215 24.7577468156815 24.6806116700172 24.9173831343651 25.1167731881142 25.2042443752289 25.2396221160889 25.2122174501419 25.0081305503845 24.9291903972626 24.9761660695076 24.9075008034706 24.9335120916367 24.8687549233437 24.836047232151 24.6932691931725 24.9057914018631 24.6641158461571 24.5007269382477 24.3255373239517 24.2695399522781 24.3698425889015 24.4217040538788 24.313382089138 24.2371855378151 24.1228279471397 24.0443326830864 24.0903156995773
-9999 -9999 -9999 -9999 -9999 -9999 -9999 -9999 -9999 -9999 -9999 -9999 -9999 -9999 -9999 -9999 23.6150633692741 24.2271021604538 24.5600075721741 24.648909330368 24.8396550416946 25.0179767012596 25.1696089506149 25.2039450407028 25.2277203202248 25.0302413702011 24.8270408511162 24.7531638145447 24.6524204015732 24.7703778743744 24.8277065753937 24.815137565136 24.7456713318825 24.4410831928253 24.572602391243 24.7965558767319 24.731195807457 24.5128610730171 24.5036078095436 24.396752178669 24.2259593009949 24.1186947226524 24.0434395670891 24.0962607860565 24.0233318209648 23.5637606978416
-9999 -9999 -9999 -9999 -9999 -9999 -9999 -9999 -9999 -9999 -9999 -9999 -9999 -9999 -9999 -9999 23.6048846840858 24.0060822367668 24.5020503401756 24.665522813797 24.8189408183098 24.9824638366699 25.1099617481232 25.2225594520569 24.9588741660118 24.5286034941673 24.4616943597794 24.3746879696846 24.2546380758286 24.4917294979095 24.5260051488876 24.5599173307419 24.5314598679543 24.396298289299 24.2109770178795 24.4398264288902 24.6216052174568 24.5701005458832 24.5006324648857 24.3236029148102 24.1301447153091 24.0670945048332 23.7817350625992 24.0146214962006 23.880005300045 23.5939174294472
-9999 -9999 -9999 -9999 -9999 -9999 -9999 -9999 -9999 -9999 -9999 -9999 -9999 -9999 -9999 23.0832653045654 23.6152708530426 23.9980998039246 24.5204402804375 24.6639036536217 24.8179059028625 24.9755807518959 25.0810850858688 25.1824414730072 24.5174780488014 24.3363012671471 24.3348105549812 24.2680252790451 24.2294155955315 24.1759161353111 24.2754492163658 24.3566870689392 24.3813828825951 24.2779408693314 24.1152859926224 24.2599352002144 24.323338329792 24.1792944669724 24.3367510437965 24.3169665336609 24.0743870139122 23.9678881168365 23.8080637454987 23.9496490359306 23.8188754320145 23.7284252643585
-9999 -9999 -9999 -9999 -9999 -9999 -9999 -9999 -9999 -9999 -9999 -9999 -9999 -9999 -9999 -9999 23.0781242251396 23.6229751706123 24.4136374592781 24.6517927646637 24.830118894577 25.0041198134422 25.1277418732643 24.9655138850212 24.4771854281425 24.3756514191628 24.3628485798836 24.2221100926399 24.1935401558876 24.0992704629898 24.104495882988 24.2318509221077 24.3126670718193 24.2323839068413 24.1129121780396 24.1459531188011 24.2600736021996 24.2075232863426 24.1414307355881 24.2187493443489 24.129044175148 23.9320522546768 23.8029893040657 23.8448078036308 23.7744254469872 23.7491153478622
-9999 -9999 -9999 -9999 -9999 -9999 -9999 -9999 -9999 -9999 -9999 -9999 -9999 -9999 -9999 -9999 -9999 23.6388031840324 24.256415605545 24.5974471569061 24.8705934882164 25.0393787622452 25.1463559269905 24.8462520241737 24.6493049860001 24.5730591416359 24.4932038187981 24.3285350203514 24.2133895754814 24.1216112971306 24.1142412424088 24.0725755691528 24.1871392130852 24.159306883812 24.0205628275871 24.0807783603668 24.1657459139824 24.2468045353889 24.0700324773788 24.0447844266891 24.0181630253792 23.9507520198822 23.8840956687927 23.8393835425377 23.802215218544 23.7039730548859
-9999 -9999 -9999 -9999 -9999 -9999 -9999 -9999 -9999 -9999 -9999 -9999 -9999 -9999 -9999 -9999 22.131644487381 23.2787969708443 24.065122961998 24.6381038427353 24.8573788404465 24.9673666954041 25.1184926629066 25.053539276123 24.8731406331062 24.654457628727 24.4548891782761 24.2694805860519 24.1771683692932 24.1977319717407 24.1551605463028 24.008337020874 24.0173221230507 24.0807006955147 23.9385849833488 24.0483469367027 24.0882449746132 24.1054431200027 24.1341351270676 24.0744985938072 24.0135288834572 23.9649433493614 23.9096275568008 23.8763573169708 23.8402373194695 23.858948469162
-9999 -9999 -9999 -9999 -9999 -9999 -9999 -9999 -9999 -9999 -9999 -9999 -9999 -9999 -9999 -9999 21.9763353466988 23.0576105117798 24.2924735546112 24.5728004574776 24.7898310422897 24.9592712521553 25.0906937122345 25.1640421748161 25.0440917015076 24.623396396637 24.5222317576408 24.3957362174988 24.3262215256691 24.2736365795135 24.1527738571167 24.1243107318878 24.0148613452911 23.9868516921997 23.9323913455009 23.9626189470291 24.0207303762436 24.0114051699638 24.0568470358849 24.0637410283089 23.9895076751709 23.940813601017 23.87921833992 23.8749104738235 23.8016242384911 23.83863312006
-9999 -9999 -9999 -9999 -9999 -9999 -9999 -9999 -9999 -9999 -9999 -9999 -9999 -9999 -9999 21.6228932738304 21.8347250819206 22.9035782217979 24.284510910511 24.5976549983025 24.7066200971603 24.8243319392204 25.0782545804977 25.1574121117592 25.0383155941963 24.7969450950623 24.6598011255264 24.4919702410698 24.3993082642555 24.2768327593803 24.2224126458168 24.1065251231194 24.0110499858856 24.0308140516281 24.0028393864632 23.9248626232147 23.9217174649239 23.9748818874359 24.0148152112961 24.0361280441284 24.0723172426224 24.0311393141747 23.9398564696312 23.8917443156242 23.8997133970261 23.8453915715218
-9999 -9999 -9999 -9999 -9999 -9999 -9999 -9999 -9999 -9999 -9999 -9999 -9999 -9999 -9999 21.3615012168884 21.511903822422 22.3766095638275 23.8403393626213 24.4292621612549 24.4876695871353 24.7504596114159 25.0512266159058 25.1338728666306 24.9923781752586 24.8181481361389 24.61257147789 24.4910371899605 24.4055343270302 24.3052653670311 24.2982206344604 24.210753262043 24.0107312202454 24.024328649044 24.0299977064133 23.9942286610603 23.9737873673439 23.9141716957092 23.8796250224113 23.9265851378441 23.9612817764282 24.0046277046204 24.0146253705025 23.9818435907364 23.9541900157928 23.9207423329353
-9999 -9999 -9999 -9999 -9999 -9999 -9999 -9999 -9999 -9999 -9999 -9999 -9999 -9999 -9999 21.088066637516 21.3561559319496 21.8215783834457 23.0945463180542 24.1071366667747 24.3377730250359 24.7615968585014 24.9832634925842 25.1441198587418 25.1223358511925 24.9637696146965 24.751326918602 24.5520324110985 24.5371559262276 24.3634583353996 24.3587717413902 24.2662643790245 24.1046007275581 24.0308526158333 24.0533084273338 24.0428939461708 24.0072284936905 23.9268643260002 23.8444462418556 23.8318860530853 23.8962470889091 23.8649591207504 24.0126235485077 24.0399158000946 24.0396005511284 24.001459479332
