Model input/Uganda/watertemperature/Tw_aug_1.asc
NCOLS 67 
NROWS 67 
XLLCORNER 29.5000000014144 
YLLCORNER -1.49999999936061 
CELLSIZE 0.0833333332926796 
NODATA_value -9999 
[rows 40 to 59 of 67, columns 0 to 45 of 67]
23.5884956121445 24.0943809747696 24.1743851304054 24.1602049469948 23.9719352126122 23.8645696043968 23.7440930604935 21.2033830285072 21.4830495715141 22.0251929759979 21.973338842392 22.3114450573921 22.5063682794571 22.9480919241905 23.0253772139549 23.3798617720604 23.3828074932098 23.4996830224991 23.2449076771736 23.1941657066345 23.328131377697 23.4819160103798 23.3166590332985 23.1639688014984 23.1153991818428 23.1134683489799 23.4601644277573 23.3461204767227 23.1986750364304 22.8708443641663 23.2965064644814 23.3467439413071 23.4651930332184 23.4391264915466 23.431099653244 23.3293491005898 23.3345742821693 23.4691257476807 23.663149535656 23.7456430792809 23.7737151384354 23.7469171285629 23.8472257852554 23.8684208393097 23.8992661237717 23.8182966113091
23.7593894004822 24.1301797032356 24.2741538882256 24.2682522535324 23.902143239975 23.6264638900757 21.3649221658707 18.9039769172668 21.8316961526871 22.1637338399887 22.1291639208794 22.379152238369 22.6144585609436 22.9592974185944 23.0830267071724 23.2967037558556 23.3479204177856 23.4663163423538 23.3264027237892 23.3713052272797 23.3115885853767 23.2902290821075 23.2795777320862 23.3778930306435 23.2906028032303 23.2039787173271 23.1906777620316 23.2868673801422 23.2228461503983 22.9728009700775 23.1162706017494 23.2976685762405 23.4179193377495 23.3998074531555 23.4046567082405 23.3879513144493 23.310157418251 23.4634404182434 23.6405535340309 23.6922709345818 23.7202996611595 23.7107352614403 23.8014420866966 23.7667912244797 23.8004542589188 23.6640368103981
23.6653457283974 23.988722383976 24.2175086736679 23.7166529893875 19.4238826036453 18.6606624722481 15.8681037724018 20.0331351161003 22.2955535650253 22.4719732999802 22.1840960979462 22.5877974629402 23.0354464650154 22.9293118715286 22.9546651244164 23.168577849865 23.2655867338181 23.2378436326981 23.2331616282463 23.2584466934204 23.2811624407768 23.2900364398956 23.2516751289368 23.3958557844162 23.3376663327217 23.3669307231903 23.2123106122017 23.2585001587868 23.1846512556076 23.0787909030914 22.8260186910629 23.1384657621384 23.2954949140549 23.3836765289307 23.4195860028267 23.4024626612663 23.214660525322 23.430311858654 23.5428947806358 23.5955860614777 23.628934264183 23.6007764339447 23.6281831860542 23.6701653599739 23.7047709822655 23.6492000222206
23.7804777622223 23.8819269537926 23.7619870305061 19.5602045655251 10.5722400546074 10.2519494891167 14.0341655910015 21.4935466051102 22.979691028595 23.0959122776985 23.1579210758209 23.0974220633507 23.1667851805687 23.0983917713165 23.0478795170784 23.2603493928909 23.2992926239967 23.1462952494621 23.112388074398 23.2359642982483 23.336802303791 23.355416893959 23.4247423410416 23.3720414042473 23.2962924838066 23.3592811822891 23.2728631496429 23.1918933987617 23.2472319602966 23.2030982375145 22.978937625885 23.0143521428108 23.1891646385193 23.141279399395 23.2925558686256 23.271165728569 23.2537808418274 23.4230183959007 23.4012797474861 23.4924453496933 23.5043733716011 23.3492777943611 23.4552556276321 23.4597905874252 23.655689060688 23.6336063146591
23.8057272434235 23.7127823829651 23.3438510298729 18.2197569608688 7.77052739262581 10.6755049228668 18.6312401890755 22.3169844150543 23.8511547446251 23.7623038291931 23.439873278141 23.4259612560272 23.4551262259483 23.3337525129318 23.3737446665764 23.4840025305748 23.3804178237915 23.3474495410919 23.3114104270935 23.4019902944565 23.4371126890182 23.415885746479 23.4451858401299 23.4557259082794 23.4674459695816 23.401902616024 23.2782883048058 23.3467320203781 23.3619302511215 23.3187975883484 23.0967620611191 22.9772342443466 23.1223732233047 23.1772356629372 23.2099654078484 23.1571776866913 23.2479802370071 23.3482839465141 23.3359785079956 23.4515646100044 23.3383855223656 23.2174704670906 23.1614878773689 23.3670359253883 23.536960542202 23.7058053612709
23.7575739622116 23.7721468806267 23.2814557552338 17.5257456898689 8.49262362718582 12.1751389801502 19.5811685919762 23.6325132846832 24.4063220024109 23.93786662817 23.5537759661674 23.5051925182343 23.5761657357216 23.5634652972221 23.6122455000877 23.5374912619591 23.5840842723846 23.5053092837334 23.5223686695099 23.6067332029343 23.5953938364983 23.515748500824 23.5089209675789 23.5026525855064 23.4486379027367 23.350966989994 23.3426929712296 23.3797711730003 23.3201498985291 23.2370390892029 23.1057044863701 23.0477790236473 23.0362852215767 23.0047188401222 23.1268228888512 23.1857547163963 23.269544005394 23.404060959816 23.3217729926109 23.1905195116997 23.0869599580765 23.0933395028114 23.1060264110565 23.4504761099815 23.6080486774445 23.6395705938339
23.7122300863266 23.7303726673126 22.4867321252823 18.0528544187546 14.3362172544003 18.1272415518761 22.5431174635887 24.2868868112564 24.1775581240654 24.0221275091171 23.6098911762238 23.326319038868 23.5725911259651 23.5777792334557 23.6060420870781 23.6003052592278 23.6170046329498 23.5831437110901 23.6002202033997 23.5444414019585 23.5202603340149 23.4854488372803 23.4183914065361 23.3686317205429 23.3332637548447 23.3139035105705 23.3659291863441 23.2689598202705 23.1528594493866 23.0867550373077 23.0631421804428 23.1036402583122 23.0308868288994 23.1303642392159 23.1830005049706 23.2012718319893 23.2249691486359 23.3414276838303 23.3428669571877 23.1639518737793 23.3374528288841 23.2754574418068 23.1396717429161 23.6217259168625 23.653233230114 23.4775038957596
23.4358688592911 23.6094838380814 22.5312728881836 19.0406453609467 19.1709153056145 22.3495659828186 23.649284362793 24.3720460534096 24.0670963525772 24.0453754067421 23.5638281106949 23.4879292845726 23.5430159568787 23.4851330518723 23.3869489431381 23.3581443428993 23.3870037198067 23.3403819203377 23.3999246954918 23.3294840455055 23.351687848568 23.3442588448524 23.283062338829 23.3298000097275 23.3173236250877 23.3135687708855 23.2921739816666 23.2334360480309 23.1899715065956 23.0609639286995 22.9651919603348 23.1455819606781 23.1640200614929 23.2512432932854 23.2063407897949 23.2263162732124 23.3037435412407 23.4231515526772 23.2924426198006 23.3560237884521 23.2293263673782 23.0886760354042 23.3517655730247 23.590235888958 23.6538115143776 23.6346881985664
23.3922933936119 23.8072557449341 23.5449083447456 22.8010349273682 23.5558499693871 23.5959592461586 24.3225436806679 24.4204451441765 24.1017645001411 23.9709386229515 23.3278520703316 23.3487793803215 23.2499903440475 23.3199341893196 23.2961881756783 23.2601832151413 23.1851566433907 23.1601052284241 23.2442059516907 23.183226108551 23.1829752326012 23.2099177837372 23.1723871827126 23.2337221503258 23.3066489100456 23.2885705828667 23.3214217424393 23.3183314800262 23.2494745254517 23.181129693985 23.0362736582756 23.1857779026031 23.2167066931725 23.2436214089394 23.3423618078232 23.3986772894859 23.4103805422783 23.461333334446 23.4375764727592 23.2979355454445 23.3327216506004 23.3854771256447 23.5277916193008 23.5670330524445 23.6240531206131 23.6567440629005
23.4047185182571 23.9031067490578 23.8353915214539 24.2385403513908 24.0795052647591 24.0031006932259 24.4276447892189 24.5122371912003 24.3267199397087 23.7757044434547 23.1089519262314 23.2088838219643 23.173958837986 23.071400642395 23.1141162514687 23.0813722014427 23.0249827504158 22.9994416236877 23.0448659658432 23.0645200610161 23.0506945252419 23.0802611708641 23.0751737356186 23.1009571552277 23.2148663401604 23.147109568119 23.2282234430313 23.1808202266693 23.2488096356392 23.2489928603172 23.2014303207397 23.2311203479767 23.2358309626579 23.3024318218231 23.3871966004372 23.4541549682617 23.4681500792503 23.4428642988205 23.3412876725197 23.2143875956535 23.4209995269775 23.4573372602463 23.5039889812469 23.5534996390343 23.6219460964203 23.6805886030197
23.8309109807014 24.0412291288376 24.0614315867424 24.2270538210869 24.3433501124382 24.2534909248352 24.3104801774025 24.2810934185982 24.1794900894165 23.4997276067734 22.4469122886658 22.8104779720306 23.0077093243599 22.9153279662132 23.0031529068947 22.9081968665123 22.8613957762718 22.7929525375366 22.8347978591919 22.8930096030235 22.8779519200325 22.9442782998085 22.9138043522835 22.9953533411026 23.1222867965698 23.0443098545074 23.1418443918228 23.0797829627991 23.2038760185242 23.2860228419304 23.2443708777428 23.2870218753815 23.30274528265 23.3301277160645 23.3813475370407 23.3912554383278 23.3950446248055 23.3718875646591 23.2040210366249 23.2229890823364 23.4061797261238 23.4222155809402 23.4747251272202 23.5228095650673 23.5984123945236 23.6453577280045
24.2839223146439 24.2664059400558 24.1822847723961 24.09573584795 24.1853736639023 24.2371892333031 24.0115861296654 23.6855022907257 23.2821823954582 22.7176061868668 21.369377374649 22.2846450805664 22.4506742954254 22.7168859839439 22.7902081608772 22.7576959729195 22.6944860219955 22.6313596963882 22.678083717823 22.7103281021118 22.6514362096786 22.7309307456017 22.7720305323601 22.8864625692368 23.0218406915665 22.995666205883 23.0555589795113 22.9727347493172 23.1883946061134 23.2365178465843 23.2368451952934 23.2391474843025 23.2893717885017 23.2950782775879 23.3226188421249 23.3560724258423 23.3508478403091 23.3449165225029 23.3531640172005 23.3728246688843 23.3791881203651 23.394894182682 23.4566123485565 23.5202746987343 23.5851417779922 23.6363322138786
24.2794839739799 24.2713220715523 24.2130416631699 24.1163787841797 24.0036490559578 23.8769773244858 23.3829509019852 22.6288976073265 22.4206931591034 21.6395316720009 20.6968953609467 20.6908729672432 22.1634269356728 22.5017076134682 22.6030888557434 22.6184065937996 22.5346750617027 22.454528927803 22.4997123479843 22.5202073454857 22.4534556865692 22.5851655602455 22.6361728906631 22.786073744297 22.9285244345665 22.9432337284088 22.9949669241905 22.9656772613525 23.1323102116585 23.20396900177 23.2245767116547 23.1465582847595 23.1532458662987 23.1524974107742 23.2312951087952 23.2612252831459 23.266316652298 23.3089598417282 23.3438353538513 23.3833820223808 23.3981521725655 23.4128326177597 23.4407930374146 23.5154917836189 23.5898643136024 23.6083948016167
24.2212802171707 24.2037159204483 24.1614945530891 24.085122525692 23.9038145542145 23.7016908526421 22.8358999490738 22.1760883927345 22.3471774458885 21.2865785360336 20.7717456221581 21.4158817529678 22.1681981682777 22.3183761835098 22.4207587838173 22.4862526059151 22.5389673113823 22.4457575678825 22.5336530804634 22.5790227651596 22.5764572620392 22.4197650551796 22.5376799702644 22.6777099370956 22.8538635969162 22.8535373210907 22.913254737854 22.9659932255745 23.1515856981277 23.2100088000298 23.2307025194168 23.231995344162 23.1687698364258 23.0976678133011 23.1541339755058 23.1746788620949 23.1972001194954 23.3530002236366 23.3889920711517 23.3801624178886 23.410708963871 23.4163285493851 23.4519154429436 23.4958567023277 23.5518563985825 23.5721435546875
24.1765462756157 24.1406980752945 24.1447691321373 24.0403665304184 23.7479399442673 23.4597624540329 22.2511851787567 21.756601691246 22.1254547834396 21.4812215566635 21.4320191144943 22.1079498529434 22.2164393663406 22.3249310851097 22.353075504303 22.4759457707405 22.6089236736298 22.665934741497 22.5900268554688 22.6335074901581 22.5058852434158 22.3696652650833 22.3634343147278 22.5638601183891 22.6826213002205 22.7920953631401 22.8531236052513 22.9583525657654 23.2054398655891 23.2311539053917 23.2340115904808 23.2147082686424 23.1199349164963 23.1122831106186 23.213749229908 23.1765923500061 23.220572412014 23.3155032396317 23.3198000192642 23.3457353115082 23.3902619481087 23.4136949777603 23.4489718079567 23.4600946307182 23.5069049596786 23.5178156495094
24.1089098453522 24.2162001132965 24.3384627103806 23.8888840079308 23.5722860693932 22.8403527736664 21.9642757773399 21.3659865856171 21.4104923605919 21.6796916723251 21.8989301323891 22.1128595471382 22.2122242450714 22.21196860075 22.54017162323 22.4724338650703 22.4271216392517 22.6915239691734 22.5705323815346 22.6155861020088 22.4322490096092 22.3519294857979 22.1756994724274 22.4712255001068 22.6832405328751 22.7537609934807 22.9322952628136 23.0349920988083 23.2064265012741 23.23429864645 23.2372626662254 23.2042547464371 23.2320047020912 23.2131472229958 23.2583107352257 23.2716549634933 23.2835811376572 23.3049911856651 23.3520846366882 23.3787549138069 23.3696448206902 23.3995360732079 23.4158560037613 23.4553980231285 23.4681420922279 23.503954231739
24.1876798272133 24.2653719782829 24.1878215670586 23.7646818161011 23.2120193839073 22.2299478650093 21.6288949847221 21.3554459214211 21.5504046082497 21.6745498180389 21.9955143332481 22.162343621254 22.1626589894295 22.2475589513779 22.5986687541008 22.4133951663971 22.4241779446602 22.6340599656105 22.5341711640358 22.3724899888039 22.4058621525764 22.2964891791344 22.047629237175 22.3937048912048 22.6874920725822 22.802347779274 22.9019401073456 23.0931113362312 23.2073311805725 23.2242749333382 23.2383966445923 23.2441701292992 23.2471396327019 23.2273543477058 23.2469974756241 23.2720102071762 23.3078214526176 23.3250660300255 23.3692888021469 23.3839799761772 23.3806012868881 23.3940126895905 23.3992728590965 23.4319394230843 23.4363915920258 23.4674376249313
24.2869592308998 24.0872296094894 23.764739215374 23.3859559893608 22.6013314127922 21.8908903002739 21.624886572361 21.4586307406425 21.2177211046219 21.450875222683 21.7922401428223 21.5239844322205 21.3831508159637 21.591844022274 22.5093111395836 22.3163707256317 22.4726446270943 22.5586303472519 22.4599725008011 22.3669254779816 22.2596622109413 22.2657944560051 22.0984978675842 22.4156886339188 22.6332810521126 22.772028028965 23.05235683918 23.1429767608643 23.1651262044907 23.1697826981544 23.1827500462532 23.2350406050682 23.2505219578743 23.2490485310555 23.2630969285965 23.2695505023003 23.3345972895622 23.3490354418755 23.3896906375885 23.4186012148857 23.3954771757126 23.4132204055786 23.4161428809166 23.4156598448753 23.4365111589432 23.4305846691132
23.9504634141922 23.5859125256538 23.0316795706749 22.5021097064018 21.9880174398422 21.4730896949768 21.5558878779411 21.6348637938499 21.5418412685394 21.6536719202995 21.4081846475601 21.4424775242805 21.3922337293625 21.0966979861259 21.8350375294685 22.1168164610863 22.5209646224976 22.387565612793 21.9183692932129 22.2446865439415 22.1680460572243 22.1588712930679 22.1973361968994 22.3804592490196 22.5563939213753 22.9798744320869 23.1113189458847 23.1593171954155 23.1652764678001 23.1711854338646 23.177043735981 23.2064537405968 23.2576742172241 23.2614359855652 23.2643161416054 23.2870121598244 23.337470293045 23.3408886790276 23.3834251761436 23.4038673043251 23.3989259004593 23.4040303230286 23.3862199187279 23.414702475071 23.4129120707512 23.4258198738098
23.2929163575172 22.9949826598167 22.1291891336441 21.5404292345047 21.6555188894272 21.7864983677864 21.7618948221207 21.6383765935898 21.4937897324562 21.7361007332802 21.5783156752586 21.7452305555344 21.6574931144714 21.780534863472 21.679046690464 22.1250292062759 22.1265279650688 21.7813555002213 21.9848958849907 22.2699562311172 22.2247031331062 22.0198022127151 22.5731717348099 22.4146723151207 22.8261747360229 22.9161435365677 23.0282586216927 23.1148059368134 23.1438428163528 23.1580842137337 23.1736521720886 23.2423714399338 23.2692982554436 23.2718771100044 23.3002152442932 23.3331367373466 23.3326733112335 23.3781775832176 23.3924562931061 23.395360648632 23.4232748746872 23.4263187050819 23.4339792728424 23.45292532444 23.4424737095833 23.4526473879814
