Model input/Uganda/watertemperature/Tw_feb_1.asc
NCOLS 67 
NROWS 67 
XLLCORNER 29.5000000014144 
YLLCORNER -1.49999999936061 
CELLSIZE 0.0833333332926796 
NODATA_value -9999 
[rows 40 to 59 of 67, columns 0 to 45 of 67]
24.114034473896 24.5318123102188 24.7334473729134 24.660150885582 24.3245052099228 24.2332993149757 24.2522224187851 21.8491296172142 22.2529820799828 22.7182512879372 22.6258202195168 22.8636173009872 23.1269964575768 23.5508381128311 23.7706292867661 24.1888076066971 24.074537396431 24.1652718186378 24.0453990697861 24.038868188858 24.1909651756287 24.3463664054871 24.2193460464478 24.1301669478416 24.0658101439476 24.0853382945061 24.403177857399 24.3061514496803 24.1815963387489 23.8958922624588 24.1876922249794 24.2854977846146 24.4338444471359 24.262394785881 24.1382931470871 24.1189361810684 24.1670351624489 24.2442973256111 24.4580509066582 24.5628131628036 24.6197640895844 24.5418586134911 24.6593922972679 24.6603854894638 24.6896203160286 24.7353453636169
24.257260799408 24.5749207139015 24.8292199969292 24.8345085382462 24.4302068352699 24.092273235321 21.9983729720116 19.084786593914 22.5330807566643 22.7844176292419 22.7430236935616 22.9433987140656 23.2503944039345 23.5727825760841 23.7779440283775 23.9716630578041 23.9781836271286 24.135250389576 24.0969068408012 24.1343893408775 24.1114984750748 24.1247895359993 24.1634835600853 24.2366610169411 24.2237077951431 24.1576042771339 24.1547246575356 24.2346305847168 24.173716545105 23.9945960044861 24.1396147608757 24.2859492301941 24.2990472316742 24.2797383666039 24.233644425869 24.2425850629807 24.2148860692978 24.2036144137383 24.4071753025055 24.4542707204819 24.5415740609169 24.5379531383514 24.5454453825951 24.4972859025002 24.5601987242699 24.4857496619225
24.1390768885612 24.4767847657204 24.7790448069572 24.4641841650009 20.0573953390121 19.0730151534081 15.7950388491154 20.3529193401337 22.9158160090446 23.0546234250069 22.8393866419792 23.1178195476532 23.573117852211 23.5295417308807 23.7349776029587 23.8484398126602 23.9230587482452 23.9706670045853 23.9486621618271 24.0286009907722 24.0902257561684 24.1409029364586 24.1260995268822 24.2552380561829 24.2217839360237 24.222416639328 24.1142638921738 24.1913114786148 24.0992565155029 23.9825121760368 23.8837414979935 24.1337327361107 24.2710400223732 24.2311008572578 24.2102944254875 24.208856344223 24.1565333604813 24.2297971248627 24.3909803032875 24.3838023543358 24.457926094532 24.3274003863335 24.4122546315193 24.3913568258286 24.428084731102 24.401108622551
24.0457574725151 24.2705338597298 24.4267472028732 20.2324096560478 10.6132290363312 10.0660369098186 13.9467251896858 22.1411404013634 23.4985807538033 23.6340280771255 23.6733266711235 23.5466111898422 23.6755023002625 23.7053077220917 23.7009978890419 23.8855119943619 23.9735432863235 23.8750525712967 23.8754591345787 24.0214301943779 24.121532201767 24.1782358288765 24.2580896615982 24.2041298747063 24.1302353143692 24.1744052767754 24.1465330123901 24.1468634605408 24.178387761116 24.018260538578 23.8371924161911 23.9163116812706 24.075072824955 24.1008368730545 24.1461018323898 24.1833848953247 24.1667318940163 24.2761188745499 24.2652937173843 24.3299662470818 24.3508024215698 24.0454227924347 24.1461117267609 24.195366859436 24.4293950796127 24.3798469901085
24.087155520916 24.0193530321121 24.1260879039764 18.7540388703346 7.75820273160934 10.6186443269253 18.8881287574768 23.0186948180199 24.3031651377678 24.2702042460442 23.9955185055733 23.9486899375916 23.9601748585701 23.9024283885956 23.9255911707878 24.0872129201889 24.0896914601326 24.0531142950058 24.0423112511635 24.1209796667099 24.1842943429947 24.189305126667 24.2428782582283 24.2459719181061 24.2387360930443 24.1716713905334 24.121002137661 24.214372754097 24.1695938706398 24.0613430738449 23.8792006373405 23.8122607469559 23.924446105957 23.9618982076645 24.0257214307785 24.0856919288635 24.1250224709511 24.1963111758232 24.2059338092804 24.2741826176643 24.1452047228813 24.0400246977806 23.9312940835953 24.1257790327072 24.2270178794861 24.4708363413811
24.0970827937126 24.0482654571533 23.9348078370094 17.9338350892067 8.63835136592388 12.4899400472641 20.2725906968117 24.2321372628212 24.8228960633278 24.5130878686905 24.0964208245277 24.0189886689186 24.1122840642929 24.098668217659 24.1138542890549 24.1100511550903 24.2012771964073 24.1360087394714 24.1748338937759 24.2593922615051 24.2806661725044 24.2635572552681 24.2655848860741 24.2437124848366 24.1935207247734 24.098903298378 24.1443331837654 24.1820687651634 24.0646197795868 23.9580307006836 23.8828566074371 23.7789769768715 23.7652842998505 23.7689121961594 23.9471665620804 24.0704891681671 24.1727901697159 24.3425452709198 24.1281535029411 24.0292149186134 23.9173234701157 23.9084146618843 23.9098331332207 24.219506919384 24.3405963182449 24.4048829078674
24.0731266140938 24.1404681801796 23.2210964560509 18.1265351176262 14.419364541769 18.8007889389992 23.2280749678612 24.7528285384178 24.6738724708557 24.613634288311 24.0766526460648 23.8130568861961 23.9848629832268 24.1258084177971 24.1358927488327 24.1339821815491 24.1749008893967 24.1722128987312 24.1936544775963 24.1734648942947 24.1843269467354 24.1762437224388 24.1349886059761 24.0868102312088 24.078909099102 24.0962415933609 24.1319968104362 24.0697106719017 24.0196231603622 23.8690357804298 23.7447309494019 23.7761851549149 23.7535312175751 23.8406698703766 23.9681352972984 24.0194378495216 24.1248311400414 24.2077933549881 23.9968870282173 23.9374490976334 24.2331522703171 24.166105389595 23.908598959446 24.3048005104065 24.351392686367 24.2444606423378
24.0824360251427 24.2641687989235 23.0432024598122 19.7190597653389 19.8502253890038 22.952544271946 24.1927684545517 24.7707114219666 24.6442054510117 24.4812459945679 23.9486142992973 23.9082389473915 23.8846286535263 23.9763976335526 23.9031676650047 23.8348349928856 23.8887467384338 23.8871902823448 23.9976087808609 23.9464933276176 23.9674179553986 23.9972624778748 23.9675205945969 24.0241203308105 24.0445153713226 24.0368604660034 24.0664299726486 24.0319910049438 23.9755783081055 23.8817294239998 23.8770816922188 23.8396561145782 23.8514854311943 24.0389255285263 24.0098706483841 24.0523020625114 24.1800259947777 24.2499431967735 24.1338937878609 24.1858947277069 24.0318242311478 23.7695897221565 24.1464928984642 24.2780651450157 24.3477503061295 24.3699912428856
23.9882647395134 24.4773133993149 24.0404059290886 23.2982073426247 24.0343310236931 24.0837889313698 24.7715071439743 24.7274543642998 24.5404245853424 24.3616825342178 23.6978638768196 23.7437388300896 23.5915344953537 23.7604922652245 23.7422600984573 23.7112681269646 23.6640618443489 23.6599591970444 23.787151157856 23.7434518933296 23.7838891148567 23.8406007885933 23.8295882940292 23.9095087647438 24.0121285915375 23.9669578671455 23.9974035024643 24.0166234970093 23.9552670717239 23.9858962893486 23.9245789647102 23.8986473083496 23.9681243896484 24.0243819355965 24.1283723711967 24.2346537709236 24.244237601757 24.2457536458969 24.1690308451653 24.0880643129349 24.1082162261009 24.1538871526718 24.2283228635788 24.2744328379631 24.3177867531776 24.3795209527016
24.0351448059082 24.525140106678 24.3806018829346 24.6551367640495 24.4976894855499 24.413111269474 24.9455783963203 25.0156710743904 24.5606724023819 24.0757700800896 23.5017016530037 23.5920423865318 23.5069878697395 23.426537156105 23.478121817112 23.4536694288254 23.5096193552017 23.5146826505661 23.5679144859314 23.588275372982 23.591079056263 23.6828033924103 23.726444542408 23.7790405750275 23.9170425534248 23.8640338778496 23.9594088196754 23.9668064117432 23.9855391383171 23.9426462650299 23.8495153188705 23.9441719055176 23.962073802948 24.0127433538437 24.1709964871407 24.2272650003433 24.2230051159859 24.1505091190338 24.0950463414192 24.068146109581 24.1035766601562 24.1346004009247 24.1514397263527 24.2451974153519 24.2875875234604 24.3233800530434
24.4030367732048 24.6112043857574 24.519424021244 24.6339324712753 24.7385726571083 24.6477660536766 24.7137668728828 24.6593784093857 24.4761853814125 23.826046705246 22.7934775948524 23.0945261716843 23.3728675842285 23.2537226080894 23.3648155927658 23.3359553217888 23.3231143951416 23.2747809886932 23.3512085676193 23.4012474417686 23.3597837090492 23.4503561258316 23.5668303966522 23.6809287667274 23.813816845417 23.7676495909691 23.8726453185081 23.8476175665855 24.0095499157906 23.9031965732574 23.8658034205437 23.8878635168076 23.9420000314713 23.9884057641029 24.0414017438889 24.0908234119415 24.109227836132 24.1263123750687 24.0574052333832 24.063551068306 24.1358144283295 24.1368591189384 24.1413567662239 24.2059631943703 24.269074857235 24.3110802173615
24.6220327615738 24.6251366138458 24.5764062404633 24.5269706845284 24.5315279960632 24.5841049551964 24.3968629837036 24.0424224734306 23.6091477274895 23.0448389053345 21.7085210084915 22.505821287632 22.6630244255066 23.1221016049385 23.1580957770348 23.167366206646 23.1110384464264 23.0914199948311 23.127758204937 23.1880539059639 23.2004919052124 23.3189786672592 23.435825407505 23.5737752914429 23.7115649580956 23.7385149002075 23.7472250461578 23.768349647522 23.931650519371 23.8522574901581 23.8807241916656 23.908366382122 23.9034817218781 23.962665438652 23.99664914608 24.0147835612297 24.0529814958572 24.110797226429 24.1030333638191 24.1272392868996 24.1258943080902 24.1297568678856 24.1707829236984 24.2188574671745 24.2692191004753 24.3212136030197
24.6637815237045 24.6672210097313 24.6030437350273 24.537696659565 24.3682800531387 24.2229520082474 23.7580806016922 23.0426197052002 22.7124583721161 21.7970058321953 20.8747732639313 20.91577064991 22.2671773433685 22.9331138134003 23.0058427453041 23.019174516201 22.9180036783218 22.8458720445633 22.9084186553955 22.9702958464622 22.9872632026672 23.1649438142776 23.2800580263138 23.47549700737 23.6028962731361 23.6619147658348 23.7410695552826 23.7736803889275 23.8395412564278 23.820715546608 23.8185566663742 23.8454787135124 23.8758704066277 23.8923850059509 23.9463568925858 23.9882672429085 24.0148040652275 24.0470367074013 24.0825102329254 24.1046872735023 24.1252981424332 24.1562561988831 24.1713348031044 24.2190924286842 24.2697138190269 24.3157978057861
24.6319920420647 24.6130043268204 24.5355607271194 24.4754487872124 24.2428467869759 24.0472322106361 23.251618206501 22.4825734496117 22.6441352963448 21.4415137767792 20.9082015156746 21.5391803383827 22.5149700641632 22.7943762540817 22.8236565589905 22.8402084708214 22.8157739043236 22.7698308825493 22.8643175959587 22.9337557554245 23.0489577651024 23.0290967226028 23.2032395601273 23.3867898583412 23.4597778320312 23.4321337938309 23.7065169811249 23.795484483242 23.8087589144707 23.8231680393219 23.822599709034 23.8763434886932 23.8836382627487 23.8634495735168 23.9209164381027 23.9601290822029 23.9887284636497 24.0284225344658 24.0594001412392 24.116195499897 24.1292886734009 24.1323707699776 24.18013048172 24.1992114186287 24.2370576262474 24.2881056070328
24.5592463612556 24.5398876070976 24.5056507587433 24.4028583168983 24.0809001922607 23.7867610454559 22.6145198345184 22.1250535845757 22.383875310421 21.657795727253 21.6676532030106 22.2946720719337 22.4846581816673 22.6168240904808 22.6492537856102 22.7956712841988 22.8340725898743 22.8808532953262 22.9048764109612 22.8730391860008 22.8171615004539 22.8772590756416 23.0790660977364 23.3400448560715 23.4836853742599 23.562305867672 23.6203680634499 23.7218406796455 23.7027111649513 23.7606524825096 23.8352850675583 23.8732781410217 23.8210038542747 23.8448323011398 23.9324998259544 23.9317871928215 23.9691249132156 24.0078952908516 24.070573091507 24.0994671583176 24.0991984605789 24.1422320604324 24.1476882100105 24.190157353878 24.2109888792038 24.2499426007271
24.5082088708878 24.5770433545113 24.6598537564278 24.2111887335777 23.8599498271942 23.1804366707802 22.2715033888817 21.7825996279716 21.6443173885345 21.8988863825798 22.1169530749321 22.3552041649818 22.3568269610405 22.4186881780624 22.5498442053795 22.4556715488434 22.5452761650085 22.846643269062 22.8445438146591 22.8605403900146 22.7831332683563 22.6301455497742 22.7292636632919 23.2648772597313 23.4280524849892 23.5405594706535 23.5823149681091 23.5832547545433 23.653119802475 23.751723587513 23.7969752550125 23.8206940293312 23.8535302877426 23.8650561571121 23.9154388308525 23.9591962099075 23.9729862809181 23.9992458820343 24.0597823262215 24.06725025177 24.097788631916 24.1152147054672 24.1401115059853 24.1625037193298 24.1968495845795 24.2165701985359
24.5487576723099 24.6470649242401 24.4714763760567 23.9919927120209 23.6406545042992 22.4691650271416 21.8081178069115 21.6255051493645 21.7936794757843 21.897533595562 22.2517805695534 22.3734626173973 22.3646283745766 22.336224257946 22.669369161129 22.6135960817337 22.4573600888252 22.7089484333992 22.8078110218048 22.647779405117 22.7117783427238 22.5501808524132 22.6590294837952 23.1113483309746 23.1978581547737 23.1826438903809 23.34662348032 23.4729528427124 23.6307603120804 23.7029003500938 23.749530673027 23.7969660758972 23.8247157931328 23.8710207343102 23.8774225711823 23.9392567873001 23.9580683708191 23.9995529055595 24.0322335362434 24.0436841249466 24.0869011282921 24.0850542783737 24.1289737820625 24.1328855156898 24.1745098233223 24.1880998015404
24.738464653492 24.4347375631332 23.9464121460915 23.6575068235397 23.0183991193771 21.9575477838516 21.5021777749062 21.4417154788971 21.3299642205238 21.5648347139359 22.0024414658546 21.6852194070816 21.5042225718498 21.7280325889587 22.5374649763107 22.4699147939682 22.6166521906853 22.8067856431007 22.6182739138603 22.4593575596809 22.5057526230812 22.6188514232635 22.5857706069946 23.0565931200981 23.1092792153358 23.2140675187111 23.4291044473648 23.5036415457726 23.5927433371544 23.6631627082825 23.7231727838516 23.7655469179153 23.8125330209732 23.8417962789536 23.8797795176506 23.910663664341 23.9430595636368 23.9835534691811 24.0044742226601 24.0259277820587 24.0528231263161 24.0724270939827 24.0942527651787 24.1182686090469 24.135112285614 24.163457095623
24.3691687583923 23.939031124115 23.4386771321297 22.9403077960014 22.1722683310509 21.3344501256943 21.831846177578 21.617867231369 21.4262089729309 21.6492570638657 21.4922062754631 21.5839771032333 21.562471807003 21.2787799239159 22.0033732056618 22.1406711339951 22.5981140732765 22.5916534662247 22.1988943815231 22.3730711936951 22.4324367046356 22.5481203198433 22.5732219219208 22.8771186470985 23.0327013134956 23.4226866364479 23.5631376504898 23.4929754734039 23.5707926750183 23.6378659009933 23.6990092396736 23.7480943799019 23.786692917347 23.8233830928802 23.8710544705391 23.8888085484505 23.9289557337761 23.9632032513618 23.9778598546982 24.007154405117 24.0200302004814 24.0566203594208 24.0597823858261 24.1035958528519 24.0989756584167 24.1405802369118
23.6739751696587 23.3693627119064 22.6097338795662 21.960325717926 21.956785261631 22.1193908452988 22.3187871575356 22.1254001259804 21.8955752253532 22.0975204110146 21.693966627121 21.6357203125954 21.76437073946 21.7197096347809 21.613509118557 22.211562037468 22.1389625668526 21.943980038166 22.2458870410919 22.4268913865089 22.3032240271568 22.3728476166725 22.9692888259888 22.8333389163017 23.2504296898842 23.581392288208 23.5988554954529 23.4776900410652 23.5431791543961 23.6085448265076 23.6698878407478 23.7273566126823 23.7797737717628 23.8307204842567 23.8625532388687 23.8836230039597 23.9307326674461 23.9494578242302 23.9728291034698 24.0081395506859 24.0141848921776 24.0612364411354 24.0671088695526 24.0988628268242 24.1045823693275 24.1359820365906
