Model input/Uganda/watertemperature/Tw_feb_1.asc
NCOLS 67 
NROWS 67 
XLLCORNER 29.5000000014144 
YLLCORNER -1.49999999936061 
CELLSIZE 0.0833333332926796 
NODATA_value -9999 
[rows 0 to 19 of 67, columns 0 to 45 of 67]
-9999.000000000000000 -9999 -9999 -9999 -9999 -9999 -9999 -9999 -9999 -9999 -9999 -9999 -9999 -9999 -9999 -9999 -9999 -9999 -9999 -9999 -9999 -9999 -9999 -9999 -9999 -9999 -9999 -9999 -9999 -9999 -9999 25.7936168909073 25.7266839742661 -9999 -9999 -9999 -9999 -9999 -9999 -9999 -9999 -9999 -9999 -9999 -9999 -9999
-9999 -9999 -9999 -9999 -9999 -9999 -9999 -9999 -9999 -9999 -9999 -9999 -9999 -9999 -9999 -9999 -9999 -9999 -9999 -9999 -9999 -9999 -9999 -9999 -9999 -9999 -9999 -9999 -9999 25.7822861075401 25.7905900478363 25.7739406824112 25.8462836146355 25.7463493943214 25.6448028683662 25.6283618211746 25.4550951719284 24.2983042001724 22.670415699482 22.1557890176773 -9999 -9999 -9999 -9999 -9999 -9999
-9999 -9999 -9999 -9999 -9999 -9999 -9999 -9999 -9999 -9999 -9999 -9999 -9999 -9999 -9999 -9999 -9999 -9999 -9999 -9999 -9999 -9999 -9999 -9999 -9999 -9999 -9999 -9999 -9999 25.9708837270737 26.0037599802017 26.1149069070816 26.0012068152428 25.8389312624931 25.7388011217117 25.7575154900551 25.7120698690414 25.5113857984543 25.1253855824471 24.1895372867584 21.8796871304512 20.1468891501427 22.8101300001144 -9999 -9999 -9999
-9999 -9999 -9999 -9999 -9999 -9999 -9999 -9999 -9999 -9999 -9999 -9999 -9999 -9999 -9999 -9999 -9999 -9999 -9999 -9999 -9999 -9999 -9999 -9999 -9999 25.9640346765518 -9999 -9999 -9999 26.1379332542419 26.2260489463806 26.2328731417656 26.1166481971741 25.9536302089691 25.8078729510307 25.7230091691017 25.6565406918526 25.4237351417542 25.2126353383064 24.704726755619 22.2820408940315 23.652877509594 25.1704442501068 -9999 -9999 -9999
-9999 -9999 -9999 -9999 -9999 -9999 -9999 -9999 -9999 -9999 -9999 -9999 -9999 -9999 -9999 -9999 -9999 -9999 -9999 -9999 -9999 -9999 26.0977605581284 -9999 -9999 26.0152947902679 -9999 -9999 -9999 26.1463835835457 26.2108781337738 26.2094404697418 26.224366247654 26.1610178947449 25.8741431236267 25.6370538473129 25.5822091698647 25.5354557037354 25.4460696578026 25.3751957416534 25.142068862915 25.0506806969643 25.2331126928329 25.116772711277 -9999 -9999
-9999 -9999 -9999 -9999 -9999 -9999 -9999 -9999 -9999 -9999 -9999 -9999 -9999 -9999 -9999 -9999 -9999 -9999 -9999 -9999 -9999 25.9963212013245 26.0423383116722 26.0299229025841 26.090361893177 26.0483732223511 25.8680111765862 25.8026716113091 25.7342694401741 26.0790884494781 26.118597984314 26.1547790765762 26.2047721147537 26.2254285216331 26.0743660926819 25.7958137989044 25.6381370425224 25.6060507893562 25.5144137144089 25.2767935991287 25.3342107534409 25.4323198795319 25.2716326117516 25.286371588707 -9999 -9999
-9999 -9999 -9999 -9999 -9999 -9999 -9999 -9999 -9999 -9999 -9999 -9999 -9999 -9999 -9999 -9999 -9999 -9999 -9999 25.7973628044128 25.9379796981812 26.1391631364822 26.0131096243858 26.035216152668 26.0579053163528 26.0567434430122 26.043505191803 26.1384025216103 26.1280118227005 26.1056201457977 26.1964428424835 26.1915954351425 26.1997072100639 26.103622674942 25.9538164138794 25.8162805438042 25.6859903335571 25.6247648596764 25.4927334785461 25.4062730669975 25.5044736862183 25.5569319725037 25.4986414909363 25.4433899521828 -9999 -9999
-9999 -9999 -9999 -9999 -9999 -9999 -9999 -9999 -9999 -9999 -9999 -9999 -9999 -9999 -9999 -9999 -9999 25.0731066465378 25.4967200756073 25.5947425365448 25.9763686656952 26.0883229970932 25.9637870192528 26.1024103760719 26.1647122502327 26.2093634009361 26.2140260338783 26.2005162239075 26.1963239312172 26.1994137763977 26.1823708415031 26.1623084545135 26.156522154808 26.0221847891808 25.8248855471611 25.7568276524544 25.6690393090248 25.5945985913277 25.4423107504845 25.4626235365868 25.5665838122368 25.5652364492416 25.6284294724464 25.5505942106247 25.507150888443 -9999
-9999 -9999 -9999 -9999 -9999 -9999 -9999 -9999 -9999 -9999 -9999 -9999 -9999 -9999 -9999 -9999 -9999 25.2705639600754 25.6406449079514 25.8418189287186 26.1297689676285 25.9716568589211 26.0423622131348 26.1973880529404 26.1754357218742 26.2374286055565 26.1410651803017 26.1118501424789 26.1912614107132 26.1718328595161 26.1367754340172 26.0805688500404 25.9976109862328 26.0345968008041 25.884549498558 25.7108111381531 25.6286510229111 25.5826367139816 25.5516703724861 25.5812441706657 25.5852816700935 25.6422664523125 25.6161378026009 25.5639278292656 25.5216107368469 25.4695698022842
-9999 -9999 -9999 -9999 -9999 -9999 -9999 -9999 -9999 -9999 -9999 -9999 -9999 -9999 -9999 -9999 -9999 25.3883465528488 25.8336260318756 25.9701775312424 25.928402364254 25.9946261048317 26.1113286018372 26.2575127482414 26.1977934837341 26.1516541242599 26.0374856591225 25.9641963839531 26.011696100235 25.9907412528992 26.0453797578812 25.9630767703056 25.9421717524529 25.8328990340233 25.9751690030098 25.7948541045189 25.723454117775 25.6716006398201 25.6375059485435 25.6368116140366 25.6765878200531 25.6351541876793 25.6132262349129 25.5804594755173 25.5059922337532 25.4999515414238
-9999 -9999 -9999 -9999 -9999 -9999 -9999 -9999 -9999 -9999 -9999 -9999 -9999 -9999 -9999 -9999 25.0910797715187 25.4246789216995 25.9334122538567 25.9994853138924 25.9217947125435 26.1009920835495 26.0969154238701 26.1556861400604 26.1333500146866 26.0625153183937 25.9298256039619 25.8867495059967 25.835333108902 25.9023977518082 25.9017304182053 25.8796254992485 25.8347546458244 25.6717839837074 25.7591190338135 25.8821895718575 25.8502317667007 25.7473265528679 25.7457385063171 25.6977468132973 25.5963377952576 25.5035563111305 25.5029960274696 25.5515899658203 25.4791979789734 25.1715905666351
-9999 -9999 -9999 -9999 -9999 -9999 -9999 -9999 -9999 -9999 -9999 -9999 -9999 -9999 -9999 -9999 25.1864429712296 25.3417552113533 25.8933000564575 25.8282497525215 25.9727466106415 26.0534957647324 26.1069993972778 26.0651776194572 25.893300652504 25.6493796110153 25.5908684134483 25.5453874468803 25.4237394928932 25.6559106707573 25.7462698817253 25.7587288618088 25.7368109226227 25.6479433178902 25.5034956336021 25.6495950222015 25.7771074771881 25.7562671303749 25.7514463663101 25.6716226935387 25.5118571519852 25.4375526309013 25.2852966189384 25.4763252735138 25.376334130764 25.1788792014122
-9999 -9999 -9999 -9999 -9999 -9999 -9999 -9999 -9999 -9999 -9999 -9999 -9999 -9999 -9999 24.4886213541031 25.0759664773941 25.2886200547218 25.8259669542313 25.7739714384079 25.9131278991699 25.9949139356613 26.0663281083107 26.0030537247658 25.6691493391991 25.4958292841911 25.4864739775658 25.4900978207588 25.4516000151634 25.3538172245026 25.4232892394066 25.4989557862282 25.5505921840668 25.4803798794746 25.3150997757912 25.4245265126228 25.5235119462013 25.4279288053513 25.570291697979 25.6298577189445 25.4607825875282 25.3727237582207 25.2796021699905 25.3950766324997 25.3246442079544 25.2544731497765
-9999 -9999 -9999 -9999 -9999 -9999 -9999 -9999 -9999 -9999 -9999 -9999 -9999 -9999 -9999 -9999 24.6429136991501 25.2163836359978 25.7717208266258 25.700885951519 25.853476703167 26.0357568264008 26.031481385231 25.861609518528 25.6355804800987 25.5831159353256 25.5664877891541 25.4683954715729 25.4348134994507 25.3548491001129 25.2699503302574 25.3595018386841 25.4291251897812 25.3726201653481 25.2859167456627 25.3265361189842 25.4300383329391 25.4453117847443 25.389919757843 25.47965747118 25.4680523872375 25.3367375135422 25.2490532398224 25.2989866733551 25.2838127613068 25.2367079257965
-9999 -9999 -9999 -9999 -9999 -9999 -9999 -9999 -9999 -9999 -9999 -9999 -9999 -9999 -9999 -9999 -9999 25.1839676499367 25.6449607610703 25.7345539331436 25.9183202385902 26.0139402747154 25.9542179703712 25.7687238454819 25.6861090660095 25.6559063792229 25.6121888160706 25.524550974369 25.4513964056969 25.3886347413063 25.3247526288033 25.2302049398422 25.3173826932907 25.2990820407867 25.1970579624176 25.263946890831 25.3687117099762 25.445497751236 25.357651591301 25.3566368222237 25.3947864174843 25.3296007514 25.2807788252831 25.2582339644432 25.2642396688461 25.1889017224312
-9999 -9999 -9999 -9999 -9999 -9999 -9999 -9999 -9999 -9999 -9999 -9999 -9999 -9999 -9999 -9999 23.9767504930496 25.076724588871 25.5098971128464 25.6760166883469 25.7873256206512 25.8725585341454 26.0013105869293 25.9761800765991 25.8179765343666 25.6716710329056 25.5678681731224 25.4594744443893 25.4161340594292 25.3736161589622 25.397633254528 25.2123728394508 25.1565655469894 25.187941133976 25.1243506073952 25.2316989898682 25.287753880024 25.3130367398262 25.365188896656 25.3484877347946 25.3407301902771 25.314471244812 25.2877233028412 25.2604944705963 25.2384110689163 25.2403285503387
-9999 -9999 -9999 -9999 -9999 -9999 -9999 -9999 -9999 -9999 -9999 -9999 -9999 -9999 -9999 -9999 23.9068155288696 24.9324285984039 25.5773431062698 25.6993680596352 25.8834927678108 25.843777358532 26.0139521360397 25.9870530962944 25.9314779043198 25.6657291054726 25.5599125623703 25.4860066771507 25.4755609035492 25.431937456131 25.3741566538811 25.3488733172417 25.2074638009071 25.2115167379379 25.1607266068459 25.1508254408836 25.2064322829247 25.2265830636024 25.2805241942406 25.321762740612 25.2904185652733 25.2817858457565 25.2590922117233 25.2645878195763 25.2107115387917 25.2166857123375
-9999 -9999 -9999 -9999 -9999 -9999 -9999 -9999 -9999 -9999 -9999 -9999 -9999 -9999 -9999 23.4934648275375 23.7114128470421 24.7848271131516 25.5549641251564 25.646044075489 25.8827298879623 25.8005510568619 25.9051993489265 25.932409286499 25.9474512338638 25.8057783842087 25.6438727974892 25.5004661083221 25.457901597023 25.3743383288383 25.3715792298317 25.3137942552567 25.2789175510406 25.3113460540771 25.2127189040184 25.1333802938461 25.1562734246254 25.1898844242096 25.2364808320999 25.2712105512619 25.3226506710052 25.3000401258469 25.2757461667061 25.2812566161156 25.2822272181511 25.229785323143
-9999 -9999 -9999 -9999 -9999 -9999 -9999 -9999 -9999 -9999 -9999 -9999 -9999 -9999 -9999 23.3315725326538 23.3097412586212 24.3108953237534 25.2572591304779 25.535845041275 25.5213332176208 25.7063791751862 25.8345650434494 25.9511174559593 25.886155128479 25.8032386302948 25.6834895610809 25.4793489575386 25.3817159533501 25.3608885407448 25.3870465755463 25.3258618712425 25.2467694878578 25.30802744627 25.2601587176323 25.2179452776909 25.211216032505 25.1545956730843 25.1625481843948 25.2290445566177 25.2500886917114 25.2828466296196 25.2894417643547 25.3162521123886 25.305800974369 25.2839687466621
-9999 -9999 -9999 -9999 -9999 -9999 -9999 -9999 -9999 -9999 -9999 -9999 -9999 -9999 -9999 23.057267665863 23.3246890902519 23.6261694431305 24.7110226154327 25.2806549072266 25.4535630345345 25.7529040575027 25.7857416272163 25.8995907306671 25.9224219322205 25.8150302767754 25.7369608879089 25.6324560642242 25.5816139578819 25.4021846652031 25.4489388465881 25.3986457586288 25.3100420832634 25.2588519454002 25.2834969758987 25.2644010782242 25.2332287430763 25.1754532456398 25.1254846453667 25.1444481611252 25.2015224099159 25.1922376155853 25.2877686023712 25.3069975972176 25.3187021017075 25.3419805765152
