Model input/Uganda/watertemperature/Tw_feb_1.asc
NCOLS 67 
NROWS 67 
XLLCORNER 29.5000000014144 
YLLCORNER -1.49999999936061 
CELLSIZE 0.0833333332926796 
NODATA_value -9999 
[rows 20 to 39 of 67, columns 0 to 45 of 67]
-9999 -9999 -9999 -9999 -9999 -9999 -9999 -9999 -9999 -9999 -9999 -9999 -9999 -9999 -9999 23.0492945313454 23.1245712041855 23.0713644623756 24.0601541996002 24.5432590842247 25.4539195895195 25.7158812880516 25.8559451699257 25.9252462983131 25.8021067380905 25.7772562503815 25.6947610378265 25.7098590731621 25.654177069664 25.453656733036 25.4037493467331 25.4324589967728 25.3613474369049 25.2721740007401 25.2841011881828 25.2674095034599 25.2040523290634 25.1647578477859 25.2116385698318 25.1827638149261 25.1549404859543 25.091347694397 25.1947906017303 25.2793827652931 25.3164154291153 25.3824724555016
-9999 -9999 -9999 -9999 -9999 -9999 -9999 -9999 -9999 -9999 -9999 -9999 -9999 -9999 -9999 22.6945920586586 22.4691923260689 22.6864274740219 23.3322573304176 24.3776416182518 25.3954992294312 25.6691975593567 25.9114475250244 25.8906400799751 25.8510521650314 25.8280600905418 25.7166786193848 25.7066069245338 25.537982404232 25.3721778988838 25.4446219801903 25.417156457901 25.357935488224 25.2073017954826 25.2468571662903 25.2223882079124 25.2068328857422 25.2890775203705 25.3001111745834 25.2290304303169 25.2073550820351 25.1231817603111 25.1343453526497 25.1911385059357 25.2179615497589 25.3579154610634
-9999 -9999 -9999 -9999 -9999 -9999 -9999 -9999 -9999 -9999 -9999 -9999 -9999 -9999 -9999 -9999 21.7755588293076 22.3934010863304 23.4192427396774 24.6743388175964 25.3676177859306 25.8061546683311 25.8583813309669 25.8502320051193 25.7925899624825 25.7172703146935 25.5949199199677 25.5533087849617 25.4143758416176 25.3228691220284 25.2907913327217 25.3420966267586 25.3408508896828 25.1751527786255 25.1965164542198 25.1689230799675 25.2484157681465 25.2770571112633 25.2640159726143 25.2135650515556 25.1628882288933 25.1594057679176 25.1970697045326 25.1906101107597 25.1217800378799 25.2426416873932
-9999 -9999 -9999 -9999 -9999 -9999 -9999 -9999 -9999 -9999 -9999 -9999 -9999 -9999 -9999 -9999 -9999 21.9918726682663 23.6612278819084 24.6041088104248 25.587013065815 25.8342701196671 25.829477250576 25.7993013262749 25.7493610978127 25.7094566226006 25.6228078603745 25.5024822950363 25.2889552116394 25.1401932835579 25.0431061983109 25.042598426342 25.159815788269 25.1468323469162 25.1794676184654 25.205935895443 25.2642500400543 25.2491317987442 25.2250561118126 25.2638241052628 25.2099243402481 25.261527121067 25.3087043762207 25.2520501613617 25.1711591482162 25.1527055501938
-9999 -9999 -9999 -9999 -9999 -9999 -9999 -9999 -9999 -9999 -9999 -9999 -9999 -9999 -9999 20.2822462320328 20.009964287281 22.8804214000702 24.9799801111221 25.3091741204262 25.7625515460968 25.7662426233292 25.8025439977646 25.7977209091187 25.7591991424561 25.6936216950417 25.5635747909546 25.4033024311066 25.1714078187943 24.9583967328072 24.8834402561188 24.9602558612823 25.0147889852524 25.1025078296661 25.2077782154083 25.2080846428871 25.2148898839951 25.2220095396042 25.2564617991447 25.2874048352242 25.2377922534943 25.3158881664276 25.3677015900612 25.2782423496246 25.2089859843254 25.187641620636
-9999 -9999 -9999 -9999 -9999 -9999 -9999 -9999 -9999 -9999 -9999 -9999 -9999 -9999 -9999 19.9060473442078 22.0903037190437 24.9833933115005 25.5169557929039 25.6598724722862 25.7085094451904 25.7297905683517 25.7685978412628 25.7945349216461 25.7440771460533 25.4910625219345 25.1878674030304 25.1265847682953 25.0338933467865 24.9284055829048 24.9072532653809 24.8823983669281 24.9066225290298 25.0966861248016 25.1724274754524 25.1584426760674 25.1867510080338 25.2283092141151 25.2514367699623 25.23674929142 25.2473918199539 25.3154637217522 25.3943843841553 25.3218354582787 25.2084444761276 25.1670579910278
-9999 -9999 -9999 -9999 -9999 -9999 -9999 -9999 -9999 -9999 -9999 -9999 -9999 -9999 -9999 20.5631845593452 24.5333761572838 25.4760469794273 25.5533199310303 25.6283091306686 25.6723510622978 25.7078759074211 25.7406083345413 25.6690692305565 25.3689571619034 25.0712050199509 24.9772110581398 25.1003421545029 24.930318236351 24.8741698861122 24.8892827033997 24.9762011170387 24.9645268917084 25.0781823992729 25.1028582453728 25.1172888875008 25.1369656920433 25.2097693681717 25.2518368959427 25.3074151277542 25.3258611559868 25.3554175496101 25.3497716784477 25.2915908694267 25.2448382377625 25.2117910385132
-9999 -9999 -9999 -9999 -9999 -9999 -9999 -9999 -9999 -9999 -9999 -9999 -9999 -9999 -9999 24.1241067647934 25.3880693912506 25.4657098054886 25.5343871116638 25.6020122170448 25.6482509374619 25.6808957457542 25.528936445713 25.1118113398552 24.938370347023 24.8281015753746 24.8781576752663 24.9466356635094 24.8773747086525 24.793196439743 24.9432636499405 25.0233905315399 24.9870547652245 24.9748286008835 25.0422998666763 25.1042774319649 25.1686185598373 25.2179943919182 25.2543863654137 25.2806087136269 25.3299956917763 25.3321713209152 25.3548935651779 25.3101486563683 25.2862134575844 25.3045800328255
-9999 -9999 -9999 -9999 -9999 -9999 -9999 -9999 -9999 -9999 -9999 -9999 -9999 -9999 24.1881836652756 25.3466027975082 25.4153234958649 25.4758517146111 25.5317994356155 25.5895989537239 25.6411410570145 25.4128891825676 24.9829676747322 24.8793483376503 24.7955338358879 24.7906070947647 24.8405013680458 24.918529689312 24.8824890255928 24.9134377241135 24.9415818452835 24.9726612567902 24.9274414181709 24.8458310961723 24.9963020086288 25.0914492607117 25.1611477732658 25.1771097183228 25.1795778274536 25.3119189143181 25.3233273029327 25.3561140298843 25.3679547309875 25.3548726439476 25.406473338604 25.4007874727249
-9999 -9999 -9999 -9999 -9999 -9999 -9999 -9999 -9999 -9999 -9999 22.1172493696213 22.7799455523491 24.5537326335907 25.3533545136452 25.3881777524948 25.431932747364 25.4809639453888 25.5334020256996 25.5691214203835 25.2154860496521 24.7775698304176 24.8474711179733 24.803140938282 24.8208530545235 24.8033170700073 24.7416331171989 24.8435555100441 24.8877929449081 24.9054375886917 24.9161145687103 24.9624367952347 24.9551146626472 24.9841011166573 24.96738499403 24.967611849308 25.0213831663132 25.1131175756454 25.2471277117729 25.3158065080643 25.3417801260948 25.350584089756 25.3668026328087 25.4040445685387 25.3416530489922 25.3977281451225
-9999 -9999 -9999 -9999 -9999 -9999 -9999 -9999 -9999 -9999 23.2531507015228 24.574155330658 25.3779830336571 25.3998119235039 25.3954216241837 25.4096441268921 25.4491132497787 25.5430138111115 25.5663757920265 24.9918592572212 24.7209030389786 24.7567012310028 24.5536044239998 24.621441245079 24.7869340777397 24.7914046049118 24.8359280228615 24.8684365153313 24.8840829730034 24.8621214032173 24.9070974588394 24.9034338593483 24.8938249945641 24.9446298480034 25.0369669795036 25.0479836463928 25.0277716517448 25.166374206543 25.2638602852821 25.2603358626366 25.2895292043686 25.3016586899757 25.3183242678642 25.3113558292389 25.3979642987251 25.3486141562462
-9999 -9999 -9999 -9999 -9999 -9999 -9999 -9999 -9999 -9999 25.2070198655128 25.6346153020859 25.4268410801888 25.4154890179634 25.4165917038918 25.4373822808266 25.5721066594124 25.5662056207657 24.9813729524612 24.6783267259598 24.6982402801514 24.7359637022018 24.4822572469711 24.5366633534431 24.7579228878021 24.7960607409477 24.817132294178 24.828875541687 24.861539721489 24.8494785428047 24.8524826169014 24.8332776427269 24.8414735198021 24.9053555130959 25.0232152938843 25.1262719631195 25.127067387104 25.1036674380302 25.1283676624298 25.1064035892487 25.1145218014717 25.1514384150505 25.0585799217224 25.3335045576096 25.4168059825897 25.4182918071747
-9999 -9999 -9999 -9999 -9999 -9999 -9999 -9999 -9999 24.2559873461723 25.5692315101624 25.4784686565399 25.3925830125809 25.4444898366928 25.4440366029739 25.4853856563568 25.1300341486931 24.803314268589 24.5922567844391 24.6162202358246 24.6880064606667 24.6332915425301 24.5640242695808 24.6222346425056 24.8099943399429 24.8172697424889 24.7919256687164 24.7925341129303 24.7840565443039 24.775976061821 24.8140707612038 24.8438620567322 24.7930250167847 24.8047490119934 24.8088740706444 24.9978759884834 25.1299197673798 25.1175457239151 25.1489987969398 25.1671234369278 25.2090507149696 25.3147051930428 25.3269802927971 25.1507607698441 25.1884768009186 25.0845995545387
-9999 -9999 -9999 -9999 -9999 -9999 -9999 -9999 -9999 24.7707132101059 25.3931972384453 25.291757106781 25.3981707692146 25.4644435048103 25.4751604199409 24.9211576581001 24.3818028569221 24.4760537147522 24.5103217959404 24.5372980237007 24.5646370053291 24.5804776549339 24.6769394278526 24.7483830451965 24.6993963718414 24.7070740461349 24.7082621455193 24.6987165212631 24.7363301515579 24.7205884456635 24.7184202075005 24.7706224322319 24.7818154096603 24.7486860752106 24.7365730404854 24.8485637307167 25.0325973629951 25.0578891634941 25.1610215306282 25.0836943984032 25.137505710125 25.1509798169136 25.2788255810738 25.3219502568245 25.3006098270416 25.2725241184235
-9999 -9999 -9999 -9999 -9999 -9999 22.2986528873444 22.5185059905052 23.2700266838074 25.4876054525375 25.4959891438484 25.3599225282669 25.3739521503448 25.4280569553375 25.3602607250214 24.5107188224792 24.4199106097221 24.4836648106575 24.4865958094597 24.5086858868599 24.5554054379463 24.620193362236 24.6946002244949 24.6690188646317 24.6658552885056 24.6713129281998 24.6454666256905 24.6123452186584 24.6785558462143 24.6351775527 24.6675596237183 24.6332140564919 24.6349591016769 24.7158263921738 24.6973379254341 24.7078138589859 24.7981273531914 24.8838227391243 24.979351401329 25.0418120622635 25.071620285511 25.0406539440155 25.1437684893608 25.2493670582771 25.2873787283897 25.2410004138947
-9999 -9999 -9999 -9999 -9999 -9999 23.488051712513 23.8327348828316 25.0325105190277 25.7490472197533 25.8748932480812 25.8109679818153 25.4295418858528 25.3810552954674 24.8977684378624 24.561613380909 24.5823681950569 24.5808927416801 24.6175012588501 24.5628359913826 24.5565326213837 24.6241591572762 24.7048715353012 24.6929098367691 24.6245340108871 24.6094955801964 24.6117722988129 24.6076702475548 24.6139338612556 24.5840345025063 24.5670174956322 24.5248693823814 24.466560959816 24.5700876712799 24.6039124727249 24.5720011591911 24.6145103573799 24.7433229088783 24.8280960917473 24.9276872873306 24.963390827179 25.0202609300613 25.0465123057365 25.090884745121 25.1589648723602 25.1673664450645
-9999 -9999 -9999 -9999 -9999 23.7439498901367 24.9033955335617 25.4044913649559 25.6186212301254 25.834909081459 25.8806830644608 25.855404317379 25.5933653116226 24.9779082536697 24.6168830394745 24.6769662499428 24.3827784657478 24.4579657316208 24.5492646694183 24.5726428031921 24.5495362877846 24.5608715415001 24.5804889798164 24.6374254226685 24.6678150296211 24.5818130970001 24.5458262562752 24.5123431682587 24.5432324409485 24.6084364652634 24.5216855406761 24.5384692549706 24.489490032196 24.4372203946114 24.5696555972099 24.556399166584 24.5721126198769 24.5666005015373 24.758148252964 24.859755218029 24.8489145040512 24.9548544287682 25.0437242388725 25.020091176033 25.0704280734062 25.0514733791351
-9999 -9999 23.9440667629242 23.7868177294731 23.2046811580658 24.3738018274307 25.1218876242638 25.4740093946457 25.6509095430374 25.7428235411644 25.7548060417175 25.7267169356346 25.0731825232506 24.1684389710426 24.0660614967346 24.2236711382866 24.3187974691391 24.4205726385117 24.5017145872116 24.5601133108139 24.394345164299 24.4320152997971 24.4006665945053 24.5545375347137 24.6736230254173 24.4535222053528 24.2528982162476 24.4150481820107 24.5048940777779 24.5654537677765 24.5768826603889 24.5150895118713 24.5810754299164 24.459790289402 24.5971757769585 24.5859311819077 24.5390877127647 24.4883734583855 24.6798892617226 24.7897180914879 24.8126859664917 24.9524849653244 24.9346649646759 24.9070351719856 24.9720080494881 24.9607422947884
-9999 24.0037655830383 24.000431895256 24.2045413255692 24.1907455921173 24.7033489942551 25.1038863658905 25.1179258227348 24.9386695623398 25.4870935678482 25.1917976140976 24.0293141007423 23.733639895916 24.0359198451042 24.1885597109795 24.2876469492912 24.2486018538475 24.3110181093216 24.4469171762466 24.4843258857727 24.5322278738022 24.4153262972832 24.2702524065971 24.208195567131 24.2206220626831 24.4237030744553 24.1632469892502 24.1898064613342 24.3884704113007 24.5239009857178 24.5683188438416 24.5373418927193 24.5465977787971 24.5105097293854 24.5448623299599 24.4931375980377 24.3476456403732 24.4127192497253 24.606497168541 24.7464186549187 24.7425515055656 24.8987410664558 24.8719938993454 24.8753654956818 24.8956948518753 24.9027691483498
-9999 24.1163449287415 24.4775092601776 24.5275506973267 24.3706161975861 24.4462166428566 24.5512666106224 24.3640582561493 23.383966088295 24.2816282510757 23.3808777928352 22.9314820170403 23.1751589775085 23.6331912279129 23.8671325445175 24.2484315633774 24.171377658844 24.1581664085388 24.2013160586357 24.27112865448 24.4719912409782 24.3999897241592 24.291358590126 24.2366535067558 23.9859097003937 24.4784160256386 24.5026448369026 24.3259155750275 23.9593690037727 24.1312063932419 24.3160996437073 24.4067534804344 24.4685261249542 24.4407151937485 24.3265170454979 24.4127582907677 24.2489407658577 24.3968966603279 24.5891410112381 24.6787022352219 24.6578648090363 24.6544682979584 24.7633219957352 24.7769603133202 24.8148681521416 24.8355695605278
