Model input/Uganda/watertemperature/Tw_mar_1.asc
NCOLS 67 
NROWS 67 
XLLCORNER 29.5000000014144 
YLLCORNER -1.49999999936061 
CELLSIZE 0.0833333332926796 
NODATA_value -9999 
[rows 40 to 59 of 67, columns 0 to 45 of 67]
24.087492108345 24.4988003969193 24.6733312606812 24.6077024936676 24.3389329910278 24.2478194832802 24.2520459890366 21.7338727116585 22.133092045784 22.6595752835274 22.6178451776505 22.8973303437233 23.0500025749207 23.4526802897453 23.7115905880928 24.0832656025887 23.9650009274483 24.0476462841034 23.8175311684608 23.8097488880157 23.9853286147118 24.1655496358871 24.0372080802917 23.8893768191338 23.8963832259178 23.9610947370529 24.2729951143265 24.179337978363 24.0742271542549 23.7688195705414 24.0702546238899 24.1238124370575 24.2296801805496 24.1190696358681 24.033476293087 24.0413461923599 24.1017857193947 24.1834399700165 24.3775565028191 24.4820463657379 24.523240506649 24.5127693414688 24.6236288547516 24.6482266187668 24.6973069906235 24.6633191108704
24.2021167874336 24.5021898150444 24.7638493180275 24.7456518411636 24.4124765396118 24.1246800422668 21.9177159667015 18.939936876297 22.4915997385979 22.7614409327507 22.7292391061783 22.9422087669373 23.1674385070801 23.4270560145378 23.6928858757019 23.8579240441322 23.8721619844437 23.9889895319939 23.8922652602196 23.944499194622 23.8841594457626 23.8306684494019 23.9242963790894 24.0358903408051 24.0679697990417 24.0082593560219 24.0163578391075 24.0992580652237 24.0492826104164 23.8776754140854 23.9916313290596 24.1346200704575 24.2220274806023 24.1920077204704 24.1419901251793 24.1506076455116 24.0965057611465 24.1676055788994 24.3454806208611 24.4102118015289 24.4793374538422 24.4812940955162 24.5475707054138 24.5525676012039 24.5839793086052 24.4928763508797
24.0668419003487 24.3887961506844 24.6911825537682 24.3862863779068 20.0418792366982 19.08831346035 15.8251151442528 20.2944881916046 22.8517366051674 22.9951928853989 22.8256819248199 23.1225937604904 23.4941235780716 23.419226706028 23.5165265798569 23.7440127134323 23.8267421722412 23.8261366486549 23.7604458332062 23.8221780657768 23.8714942932129 23.9332571029663 23.9264116287231 24.0561433434486 24.0522662401199 24.082707464695 23.9854152202606 24.0553005337715 23.9875046610832 23.8978971242905 23.689246237278 23.9731175899506 24.138919532299 24.2030526399612 24.1957903504372 24.2350391745567 24.0431057810783 24.1381732821465 24.2950053811073 24.3398107886314 24.4074141383171 24.3385103940964 24.3938934803009 24.4288681745529 24.4905676245689 24.4386581778526
24.0241544246674 24.2083175778389 24.3540323376656 20.2449492812157 10.7606070041656 10.3263203799725 14.1318781673908 22.0418666005135 23.4040614962578 23.5664786100388 23.6290914416313 23.5221385955811 23.6148583889008 23.6072510480881 23.5669367313385 23.6806814074516 23.8113914132118 23.6968751549721 23.6579107046127 23.8045139312744 23.9175971746445 23.9917928576469 24.0701519846916 24.0256605148315 23.9619285464287 24.03220307827 24.0234098434448 24.0102098584175 24.0483368635178 23.9495694637299 23.7342224121094 23.8010643720627 23.9919308423996 23.9945361018181 24.0839575529099 24.1717291474342 24.0826367139816 24.1674355268478 24.2238101959229 24.2761058211327 24.3190267682076 24.0851584076881 24.1115965247154 24.240672647953 24.4268141388893 24.4079281687737
24.1212518811226 24.0311784744263 24.0553230047226 18.9238084554672 7.78505945205688 10.8234190046787 18.940908074379 22.9276147484779 24.1244667768478 24.1814428567886 23.9204271435738 23.8495438098907 23.8732996582985 23.8227734565735 23.7614336013794 23.8823759555817 23.8678350448608 23.8445007205009 23.8278208374977 23.8993539214134 23.9746298789978 23.9915064573288 24.053593814373 24.0629380941391 24.0371444225311 23.99732452631 23.9360240697861 24.0812157392502 24.0693549513817 23.9831621050835 23.7893448472023 23.6878764033318 23.8588765859604 23.9105679988861 23.9584318399429 24.0285558700562 24.0621703267097 24.1517657637596 24.1525171995163 24.2314301133156 24.1320359706879 24.0448052883148 23.9607959389687 24.1747114658356 24.2981587648392 24.4603229761124
24.0805886983871 24.0350784659386 23.897003531456 18.0906314849854 8.62803231179714 12.437181532383 20.1717214584351 24.0577794909477 24.7082006931305 24.4586908817291 24.0053246617317 23.9332478642464 24.0007072687149 23.9320484399796 23.9465903639793 23.9390628933907 24.0267352461815 23.9523156881332 23.9856842160225 24.0657945871353 24.0902397036552 24.0621755719185 24.0778248310089 24.0578624606133 23.9910178184509 23.9311082959175 23.9390575289726 24.0313981175423 23.9556125402451 23.8687213659286 23.75505900383 23.7199909090996 23.7183311581612 23.7365960478783 23.8722217679024 24.0049602985382 24.0848101377487 24.2273774147034 24.1329246759415 24.040566444397 23.9475985765457 23.9593638181686 23.9571343064308 24.238727748394 24.3282033205032 24.3739085197449
24.0707262158394 24.1420522332191 23.1254180669785 18.3247950077057 14.4198790490627 18.6964023709297 23.0757463574409 24.611561357975 24.6169218420982 24.5922847390175 24.0177258253098 23.7585481405258 23.9109134674072 24.0164704322815 23.9962858557701 23.985916018486 24.0073190927505 24.0070204138756 24.0395184159279 24.0037893652916 24.0182042717934 24.0117248892784 23.9720531702042 23.9313731193542 23.9184639453888 23.9262182712555 23.9688082337379 23.9183521270752 23.8357122540474 23.7497481107712 23.6725178956985 23.7179644107819 23.6830450892448 23.7792376279831 23.882919549942 23.9760391116142 24.0442482233047 24.1179233193398 24.1141318678856 23.9952086210251 24.1612429022789 23.9899891018867 23.9345988035202 24.2524797320366 24.3177179098129 24.2201495170593
24.113788485527 24.2605589032173 22.92056620121 19.654786169529 19.7345932126045 22.7928148508072 24.0195242166519 24.6546714305878 24.5805920958519 24.4541909694672 23.8653858304024 23.8051996231079 23.7782118320465 23.8570766448975 23.7584393024445 23.7207997441292 23.7336084842682 23.7330707907677 23.8494164347649 23.7839758992195 23.8100494742393 23.8536318540573 23.8127307891846 23.8684909343719 23.8911529183388 23.8873122930527 23.88698387146 23.8280730247498 23.8003547787666 23.7314053177834 23.717592716217 23.7429714202881 23.7612318396568 23.8833599686623 23.914220392704 23.9775587320328 24.0798605680466 24.148044526577 24.0615538954735 24.0941012501717 23.9980621337891 23.8047868013382 24.0780624747276 24.2158903479576 24.3093037009239 24.3071383237839
23.9478243589401 24.4200554490089 23.9316236376762 23.1319664716721 23.8621260523796 23.907014131546 24.6267861127853 24.6356881856918 24.479384124279 24.3360559940338 23.6070414185524 23.6284629106522 23.4875357747078 23.6554201841354 23.6363549828529 23.5969704985619 23.5231907367706 23.5118802189827 23.647520840168 23.5650522112846 23.6301090121269 23.6974928975105 23.6726788878441 23.7457305788994 23.8245966434479 23.8157123923302 23.8676455020905 23.8832977414131 23.8072762489319 23.8117264509201 23.7420599460602 23.779739677906 23.8276747465134 23.8824056982994 24.0439804792404 24.1100971102715 24.1362770795822 24.1506200432777 24.0881612300873 24.0532199144363 24.0399635434151 24.0617481470108 24.1345062851906 24.2106962203979 24.2793610095978 24.3054354190826
23.9433935880661 24.4541197419167 24.2581823468208 24.4891536235809 24.3417349457741 24.2607505321503 24.9350582361221 24.9712942838669 24.4818033576012 24.0491934418678 23.3853826522827 23.4590929150581 23.3662608861923 23.323016166687 23.3736017346382 23.3801094889641 23.365662753582 23.3517846465111 23.4279000759125 23.4333950281143 23.426751434803 23.5202912688255 23.5694187879562 23.6135587096214 23.7197650074959 23.7246983647346 23.7607322335243 23.7959668040276 23.8389859199524 23.8034432530403 23.787039577961 23.8199357390404 23.8376860618591 23.9316306710243 24.0611534118652 24.148366689682 24.1519505977631 24.0969114899635 24.0507406592369 24.0394704341888 24.0577755570412 24.0771151781082 24.1268727779388 24.180072247982 24.2309045791626 24.2873243689537
24.3204165101051 24.5526283979416 24.49871301651 24.5389114618301 24.5933630466461 24.5021131634712 24.5785327553749 24.5040580034256 24.3250466585159 23.7431139945984 22.6175747513771 22.9565784931183 23.2161616683006 23.0964109897614 23.2427759766579 23.2230283021927 23.1558927893639 23.1301110982895 23.2080655694008 23.248666703701 23.198096036911 23.2699075937271 23.4054904580116 23.5222716331482 23.6340778470039 23.6016314029694 23.6515275835991 23.6975362896919 23.8388646841049 23.826251745224 23.8415194153786 23.8387089371681 23.8420126438141 23.9183684587479 24.0258603692055 24.0561220645905 24.0356720089912 24.0408017635345 24.0058084726334 24.0088937282562 24.0505773425102 24.0823883414268 24.1209510564804 24.1672487854958 24.2130334377289 24.2736197710037
24.6018520593643 24.6174574494362 24.5677362680435 24.5108205080032 24.4513592123985 24.4195485115051 24.2918491959572 23.8753378391266 23.4671261310577 22.997594833374 21.6755917072296 22.3540767431259 22.4559482336044 22.9893100261688 23.0610788464546 22.9375534653664 22.8672285676003 22.9012099504471 22.9392732381821 22.9856293201447 23.050007879734 23.1668077111244 23.2793880701065 23.4247339963913 23.5378022193909 23.5546463131905 23.623250067234 23.5731388926506 23.7718561291695 23.7539232969284 23.798097550869 23.8026450276375 23.8120819330215 23.8730734586716 23.9223570823669 23.9626486301422 23.9929590821266 24.0266212821007 24.0038899183273 24.0309429168701 24.0605872273445 24.0734095573425 24.118502676487 24.1514428853989 24.1927486658096 24.2415989637375
24.6630560159683 24.6691302657127 24.5830544233322 24.508958697319 24.3187226057053 24.1589922308922 23.6633471250534 22.9314128756523 22.6630862951279 21.8158665895462 20.8171555995941 21.0092156529427 22.0931425094604 22.8124769330025 22.876665532589 22.7715119123459 22.6609382629395 22.5356415510178 22.6513838768005 22.8438870310783 22.8363975286484 23.0372117161751 23.1460147500038 23.2933647036552 23.2948659062386 23.4419313073158 23.5478166937828 23.5600994825363 23.7378715276718 23.7173113226891 23.7674971818924 23.7095263600349 23.7520763874054 23.7876896858215 23.8528246879578 23.9103728532791 23.9496616125107 23.9910107254982 24.0259925127029 24.0500024557114 24.0679208636284 24.0904093980789 24.1044924855232 24.1505796313286 24.1805431246758 24.220555961132
24.6610812544823 24.6264486312866 24.501351416111 24.4191765785217 24.194407582283 23.9228792786598 23.0993667840958 22.4250345230103 22.6213471293449 21.4228163957596 20.8836222290993 21.477833032608 22.3694499135017 22.6519674062729 22.4987055659294 22.5241637229919 22.4891341924667 22.5136638879776 22.7097608447075 22.8409269452095 22.8991180062294 22.8601317405701 23.0466288328171 23.1530095934868 23.0891672968864 23.2175261974335 23.4220901727676 23.5854460000992 23.7181991934776 23.695669054985 23.7359853386879 23.7677480578423 23.7779591083527 23.749018073082 23.8325235843658 23.8679813742638 23.9025373458862 23.9907228946686 24.0159783959389 24.0312320590019 24.0768889784813 24.0819920897484 24.1052799224854 24.1318883895874 24.1710434556007 24.2109284996986
24.6016237735748 24.5402417778969 24.470311820507 24.356417119503 24.0165650248528 23.6898771524429 22.4919075965881 22.0372776985168 22.3087857365608 21.631092607975 21.6963977813721 22.2533321976662 22.3461629152298 22.5618341565132 22.4514345526695 22.4608318209648 22.5883083939552 22.7455288171768 22.8425088524818 22.8437365293503 22.79098123312 22.7778744101524 22.8899345397949 23.0775765180588 23.1260147690773 23.3490139245987 23.460608959198 23.6080473065376 23.6085013151169 23.6655787229538 23.7048746347427 23.7381184697151 23.7110729813576 23.7455286383629 23.8450591564178 23.8456785082817 23.8974519968033 23.9807206392288 24.0004751682281 24.0153255462646 24.0608928203583 24.0604531764984 24.1013209819794 24.111308991909 24.1597107648849 24.1856177449226
24.5230089426041 24.5372631549835 24.5168623924255 24.1318121552467 23.7814853191376 23.0981249809265 22.0873440504074 21.7064369916916 21.6273122429848 21.889479637146 22.1602061986923 22.4016005992889 22.1702046394348 22.1985382437706 22.4770841598511 22.5543230772018 22.5838536024094 22.8192167282104 22.8108971714973 22.8755928277969 22.7731766104698 22.539985537529 22.5604797005653 23.0297178030014 23.2477902770042 23.2797294855118 23.4557731151581 23.4907974600792 23.5654888749123 23.6230416893959 23.6664957404137 23.6981135010719 23.7377179265022 23.7753919363022 23.8346048593521 23.8771217465401 23.8953663110733 23.9688538908958 23.9848633408546 24.0149105191231 24.045981824398 24.0459052920341 24.0908042192459 24.0988214015961 24.1348820328712 24.1572207808495
24.5467866659164 24.5993091464043 24.3485132455826 23.9526672363281 23.6180597543716 22.312893986702 21.6771403551102 21.5546384453773 21.7751825451851 21.9194803833961 22.2214488983154 22.2690970897675 22.3343601822853 22.1988302469254 22.5886058211327 22.5832571983337 22.333726644516 22.5486761927605 22.7546792030334 22.5660430192947 22.7537627220154 22.4646487832069 22.44060754776 22.8708942532539 23.189915060997 23.1728043556213 23.2554513812065 23.3899474143982 23.5247339010239 23.5814319252968 23.6316909790039 23.6757085323334 23.7161424160004 23.7611311674118 23.7960053086281 23.8646509051323 23.8858612775803 23.939277112484 23.9691426753998 24.0078243017197 24.0255827307701 24.0419951677322 24.0677763819695 24.074426651001 24.1092748641968 24.1338609457016
24.7351998090744 24.3830469250679 23.9042189121246 23.6307179927826 22.9729907512665 21.7600420117378 21.3499509692192 21.3500871062279 21.3056780695915 21.5226136445999 22.0046387910843 21.742192864418 21.5764997601509 21.5573422312737 22.4497528076172 22.4818919897079 22.5099802017212 22.7504408955574 22.4784185290337 22.4153342843056 22.4651603102684 22.6136193871498 22.4014333486557 22.7595171332359 22.9416702985764 23.2151415944099 23.3235042095184 23.4031363129616 23.4935530424118 23.553219139576 23.6057130694389 23.6512565016747 23.6893658041954 23.7341797947884 23.7966260313988 23.8297908306122 23.8787519931793 23.9168083667755 23.9533126354218 23.9820129871368 24.0050378441811 24.0213035941124 24.0445803403854 24.0456928610802 24.08347427845 24.096796631813
24.2563584446907 23.8854185342789 23.4417491555214 22.9186381101608 22.0505049228668 21.0693343281746 21.6441142559052 21.4749754071236 21.4002348780632 21.6535092592239 21.584988296032 21.7569047808647 21.6281746029854 21.2370982170105 21.7628961205482 22.1108793020248 22.5334156155586 22.5483358502388 22.1937967538834 22.325026512146 22.3007643222809 22.3767155408859 22.33851313591 22.6255105137825 22.8515690565109 23.2400785088539 23.4327512383461 23.4050547480583 23.4694370627403 23.5343633890152 23.584217607975 23.6297209262848 23.6747967600822 23.7245889306068 23.7669875025749 23.8077639937401 23.8673251867294 23.9102914333344 23.9382543563843 23.9429928660393 23.9853326678276 23.9942537546158 24.022264778614 24.0285668969154 24.0585897564888 24.0735563635826
23.6776090860367 23.3978038430214 22.4881045818329 21.8288984894753 21.7735151052475 21.9011799693108 22.063340306282 21.8713354468346 21.7373836040497 22.0076556801796 21.6425353884697 21.574186205864 21.8306360840797 21.6408016681671 21.317110478878 22.1216323971748 22.0500217676163 21.9302626848221 22.2323631644249 22.3889644742012 22.2011732459068 22.218125641346 22.7935479283333 22.6342833638191 23.0537601709366 23.4080404639244 23.420517206192 23.3626782298088 23.4404010772705 23.5065227150917 23.5600895881653 23.6143968701363 23.6629758477211 23.7118635773659 23.7571808099747 23.8151876926422 23.8657145500183 23.8911879062653 23.9372176527977 23.934306204319 23.9813139438629 23.9912265539169 24.0166168808937 24.0358451008797 24.0543181300163 24.0909391641617
