Model input/Uganda/watertemperature/Tw_mar_1.asc
NCOLS 67 
NROWS 67 
XLLCORNER 29.5000000014144 
YLLCORNER -1.49999999936061 
CELLSIZE 0.0833333332926796 
NODATA_value -9999 
[rows 0 to 19 of 67, columns 0 to 45 of 67]
-9999.000000000000000 -9999 -9999 -9999 -9999 -9999 -9999 -9999 -9999 -9999 -9999 -9999 -9999 -9999 -9999 -9999 -9999 -9999 -9999 -9999 -9999 -9999 -9999 -9999 -9999 -9999 -9999 -9999 -9999 -9999 -9999 25.8195764422417 25.7884695529938 -9999 -9999 -9999 -9999 -9999 -9999 -9999 -9999 -9999 -9999 -9999 -9999 -9999
-9999 -9999 -9999 -9999 -9999 -9999 -9999 -9999 -9999 -9999 -9999 -9999 -9999 -9999 -9999 -9999 -9999 -9999 -9999 -9999 -9999 -9999 -9999 -9999 -9999 -9999 -9999 -9999 -9999 25.7918850183487 25.7910114526749 25.7831039428711 25.8807876110077 25.8129153847694 25.7346826195717 25.697404563427 25.4309579133987 24.0845836400986 22.5638561248779 22.1072666049004 -9999 -9999 -9999 -9999 -9999 -9999
-9999 -9999 -9999 -9999 -9999 -9999 -9999 -9999 -9999 -9999 -9999 -9999 -9999 -9999 -9999 -9999 -9999 -9999 -9999 -9999 -9999 -9999 -9999 -9999 -9999 -9999 -9999 -9999 -9999 25.9532493948936 25.9492069482803 26.0368081331253 25.9905791282654 25.8659856915474 25.7964894175529 25.8228695392609 25.7573872208595 25.5291271805763 24.9861887097359 23.9574910402298 21.8351039886475 20.1668784022331 22.5892949104309 -9999 -9999 -9999
-9999 -9999 -9999 -9999 -9999 -9999 -9999 -9999 -9999 -9999 -9999 -9999 -9999 -9999 -9999 -9999 -9999 -9999 -9999 -9999 -9999 -9999 -9999 -9999 -9999 25.8354045152664 -9999 -9999 -9999 26.0938590764999 26.1260402798653 26.1377328038216 26.0035224556923 25.8608899116516 25.7956877946854 25.7802647352219 25.7001639604568 25.4260067343712 25.2293289899826 24.457997918129 22.0786158442497 23.4491512775421 25.1618477702141 -9999 -9999 -9999
-9999 -9999 -9999 -9999 -9999 -9999 -9999 -9999 -9999 -9999 -9999 -9999 -9999 -9999 -9999 -9999 -9999 -9999 -9999 -9999 -9999 -9999 26.032285630703 -9999 -9999 25.9584484696388 -9999 -9999 -9999 26.1201627850533 26.1530665755272 26.1313105821609 26.1032708287239 26.0290774703026 25.7903456091881 25.6437841653824 25.6284801959991 25.5363981723785 25.4348294138908 25.3362749814987 25.0567787885666 24.9776932001114 25.1581295728683 25.0400189161301 -9999 -9999
-9999 -9999 -9999 -9999 -9999 -9999 -9999 -9999 -9999 -9999 -9999 -9999 -9999 -9999 -9999 -9999 -9999 -9999 -9999 -9999 -9999 25.9381588101387 25.9657395482063 25.9703882932663 25.9814534187317 25.9505566954613 25.8430122733116 25.7943857908249 25.7050191760063 26.0398483276367 26.0767807364464 26.1175838112831 26.1818760633469 26.1579320430756 25.9737226366997 25.6998379826546 25.6652147173882 25.6100093722343 25.5045190453529 25.2395951151848 25.3172915577888 25.2821949720383 25.1519288420677 25.2296245098114 -9999 -9999
-9999 -9999 -9999 -9999 -9999 -9999 -9999 -9999 -9999 -9999 -9999 -9999 -9999 -9999 -9999 -9999 -9999 -9999 -9999 25.7400749921799 25.8589863777161 26.0356259346008 25.9034976363182 25.9519029259682 25.9964917302132 25.9909623861313 26.0036109089851 26.1158865094185 26.1178860068321 26.1026805639267 26.1868453621864 26.1519109010696 26.1414692997932 26.0048024058342 25.8959233164787 25.7667502164841 25.6822397112846 25.6283260583878 25.4525389671326 25.396233022213 25.4632996320724 25.4736630320549 25.3772702217102 25.3553526997566 -9999 -9999
-9999 -9999 -9999 -9999 -9999 -9999 -9999 -9999 -9999 -9999 -9999 -9999 -9999 -9999 -9999 -9999 -9999 25.1116009950638 25.6326057314873 25.7296015620232 25.9212341308594 25.9971258640289 25.9116008281708 26.0256021022797 26.1192506551743 26.1549239754677 26.1480661034584 26.1112450361252 26.1230070590973 26.1520032286644 26.1395441293716 26.0908370614052 26.0472803711891 25.9347624182701 25.772397339344 25.703351855278 25.625297665596 25.5882101655006 25.4104332327843 25.444294989109 25.5043804645538 25.4995634555817 25.5754914283752 25.4870702028275 25.4153243303299 -9999
-9999 -9999 -9999 -9999 -9999 -9999 -9999 -9999 -9999 -9999 -9999 -9999 -9999 -9999 -9999 -9999 -9999 25.2716556787491 25.6762362122536 25.7324655056 25.9733622074127 25.8994598984718 25.9509400129318 26.126637160778 26.1098689436913 26.1805707216263 26.0683868527412 26.0197225809097 26.1045283079147 26.1071455478668 26.0615440011024 26.0109315514565 25.9197494387627 25.9618512988091 25.8254023194313 25.6539725661278 25.608722448349 25.5768224596977 25.5230215787888 25.5588359236717 25.5401942133904 25.5863872170448 25.6048464775085 25.5686606764793 25.4980445504189 25.4420803785324
-9999 -9999 -9999 -9999 -9999 -9999 -9999 -9999 -9999 -9999 -9999 -9999 -9999 -9999 -9999 -9999 -9999 25.3764194250107 25.6904317140579 25.8418632149696 25.8699766993523 25.8468500971794 25.9963834881783 26.181827545166 26.1521390080452 26.1138027310371 25.977790594101 25.9079911708832 25.9584304094315 25.9437970519066 25.976709485054 25.9142071604729 25.8848487138748 25.7827336788177 25.911274433136 25.7421600818634 25.6995077729225 25.651768386364 25.6140170097351 25.5902851819992 25.6368448734283 25.6186189651489 25.5911519527435 25.5447813272476 25.4414186477661 25.4407801628113
-9999 -9999 -9999 -9999 -9999 -9999 -9999 -9999 -9999 -9999 -9999 -9999 -9999 -9999 -9999 -9999 25.0648188591003 25.4377303123474 25.7861604094505 25.9186861515045 25.8274494409561 25.947109401226 26.0181113481522 26.1020671129227 26.1169745922089 26.0080032944679 25.8878910541534 25.852183163166 25.7804980874062 25.8811886310577 25.8876082897186 25.8715006709099 25.830660879612 25.6801977753639 25.7348761558533 25.8444265723228 25.8027567863464 25.6994124650955 25.6929949522018 25.6420465111732 25.5536458492279 25.4548040628433 25.4676505327225 25.4977541565895 25.4383480548859 25.1278138756752
-9999 -9999 -9999 -9999 -9999 -9999 -9999 -9999 -9999 -9999 -9999 -9999 -9999 -9999 -9999 -9999 25.1254252791405 25.329371213913 25.7735363841057 25.7415624856949 25.8513180017471 25.9770940542221 26.0516358017921 26.0498523712158 25.8590596318245 25.574931204319 25.4990839958191 25.4576311707497 25.3544024825096 25.5750046372414 25.7108825445175 25.7584983706474 25.7511579394341 25.6320405006409 25.4562173485756 25.5585817098618 25.7415459156036 25.7423776984215 25.7298634052277 25.6249232292175 25.4286696314812 25.3575459122658 25.1967924237251 25.4321471452713 25.3569485545158 25.1260192394257
-9999 -9999 -9999 -9999 -9999 -9999 -9999 -9999 -9999 -9999 -9999 -9999 -9999 -9999 -9999 24.475839972496 25.0662966966629 25.2512962818146 25.7007415294647 25.6632452607155 25.8105109333992 25.9468679428101 26.0263133645058 25.9696887731552 25.5908846855164 25.3945642709732 25.3844110369682 25.36229211092 25.327597618103 25.2966150045395 25.3687278628349 25.5022339224815 25.5939036011696 25.4746155738831 25.239437520504 25.3464424610138 25.4325214028358 25.3461753129959 25.523403942585 25.5602684617043 25.3482040166855 25.2697149515152 25.1924842000008 25.3185195326805 25.2518501281738 25.2050497531891
-9999 -9999 -9999 -9999 -9999 -9999 -9999 -9999 -9999 -9999 -9999 -9999 -9999 -9999 -9999 -9999 24.6616659760475 25.146343767643 25.6290311813354 25.5896453261375 25.7684147953987 25.9359988570213 25.9958738088608 25.8170821070671 25.5579088330269 25.4896252155304 25.464328289032 25.3319215774536 25.2667785286903 25.2023124694824 25.2258731722832 25.3232173323631 25.3639269471169 25.3010306954384 25.2393760085106 25.2698038220406 25.3592973351479 25.3418576717377 25.3080427646637 25.3856000304222 25.3699175715446 25.2564689517021 25.1621785163879 25.2173379063606 25.1907447576523 25.1760448217392
-9999 -9999 -9999 -9999 -9999 -9999 -9999 -9999 -9999 -9999 -9999 -9999 -9999 -9999 -9999 -9999 -9999 25.122036755085 25.5814821124077 25.616245508194 25.7722868919373 25.9520815014839 25.9284468889236 25.7163490056992 25.6208633184433 25.5945642590523 25.5488300323486 25.4326809644699 25.317554295063 25.2468583583832 25.2594406604767 25.1928331851959 25.2739588618279 25.2540862560272 25.1584672927856 25.2075541615486 25.2991009354591 25.3699557781219 25.2629633545876 25.2566902041435 25.27434694767 25.2420675754547 25.1933208703995 25.1768679022789 25.1896809339523 25.1239393353462
-9999 -9999 -9999 -9999 -9999 -9999 -9999 -9999 -9999 -9999 -9999 -9999 -9999 -9999 -9999 -9999 23.9308645129204 24.929802775383 25.3984810113907 25.5540013313293 25.6862815022469 25.7802405357361 25.9477637410164 25.8643216490746 25.7267552018166 25.6098773479462 25.5059106349945 25.3834485411644 25.3276354670525 25.3207138776779 25.2952473759651 25.1525617241859 25.1172773838043 25.1424647569656 25.0749846696854 25.1650304794312 25.2106229066849 25.2406336069107 25.2895047068596 25.2652649879456 25.2329902052879 25.2036198377609 25.1944670081139 25.184997856617 25.1716691851616 25.1788599491119
-9999 -9999 -9999 -9999 -9999 -9999 -9999 -9999 -9999 -9999 -9999 -9999 -9999 -9999 -9999 -9999 23.8382881879807 24.7475938200951 25.478846848011 25.5081422328949 25.6646974682808 25.7439447045326 25.9304646253586 25.9112470149994 25.8240360021591 25.5531104207039 25.4801375865936 25.427183508873 25.4203399419785 25.3884690999985 25.2941959500313 25.255021572113 25.1230927705765 25.0757927298546 25.0489508509636 25.0733575224876 25.1331211328506 25.1507650017738 25.2122995853424 25.2401220798492 25.2021062374115 25.1678312420845 25.1606923341751 25.1719477772713 25.1244791150093 25.1232150197029
-9999 -9999 -9999 -9999 -9999 -9999 -9999 -9999 -9999 -9999 -9999 -9999 -9999 -9999 -9999 23.2956988811493 23.6329739093781 24.5760300159454 25.4682642221451 25.4944394826889 25.6541317105293 25.6841551661491 25.8298287391663 25.8704460263252 25.8247178792953 25.6489164233208 25.5296491384506 25.4268240332603 25.3878254294395 25.3278720378876 25.3387923836708 25.2402668595314 25.1398351192474 25.1514095664024 25.1262588500977 25.0701884031296 25.0652690529823 25.1175960302353 25.1733682155609 25.1989505887032 25.2395429611206 25.2129554152489 25.1686301827431 25.1762283444405 25.1716001033783 25.1016619801521
-9999 -9999 -9999 -9999 -9999 -9999 -9999 -9999 -9999 -9999 -9999 -9999 -9999 -9999 -9999 23.1602765321732 23.2245929837227 24.0793762803078 25.149998664856 25.4536941051483 25.4436409473419 25.5645591020584 25.7593181729317 25.8914942741394 25.7869718670845 25.6453055739403 25.511816740036 25.3710011839867 25.303287923336 25.3009607791901 25.3883063793182 25.3174948692322 25.1102644205093 25.1218971014023 25.162543118 25.1072708964348 25.0885097384453 25.0685473680496 25.072668492794 25.1388658881187 25.1725454330444 25.2117900848389 25.217638194561 25.2337255477905 25.208936393261 25.1566635370255
-9999 -9999 -9999 -9999 -9999 -9999 -9999 -9999 -9999 -9999 -9999 -9999 -9999 -9999 -9999 22.9597738385201 23.1962319016457 23.5009163022041 24.5765424966812 25.1953767538071 25.3677737116814 25.6358218789101 25.7416918873787 25.8400099873543 25.8809998631477 25.8062065839767 25.6783859729767 25.5066160559654 25.4432699680328 25.332924246788 25.4220009446144 25.3529055714607 25.1792901158333 25.1438030600548 25.1635110974312 25.1364347338676 25.1048906445503 25.062312245369 25.041309773922 25.0748950242996 25.1240374445915 25.1116336584091 25.208503484726 25.2402411103249 25.2571989893913 25.2196087241173
