Model input/Uganda/watertemperature/Tw_mar_1.asc
NCOLS 67 
NROWS 67 
XLLCORNER 29.5000000014144 
YLLCORNER -1.49999999936061 
CELLSIZE 0.0833333332926796 
NODATA_value -9999 
[rows 20 to 39 of 67, columns 0 to 45 of 67]
-9999 -9999 -9999 -9999 -9999 -9999 -9999 -9999 -9999 -9999 -9999 -9999 -9999 -9999 -9999 22.9343056678772 22.9794608354568 22.9800959825516 23.902855694294 24.3764036297798 25.3548678159714 25.6303781270981 25.7849759459496 25.8633140325546 25.7661032676697 25.7586792111397 25.6605625152588 25.6251482963562 25.5326384305954 25.3626098036766 25.38338971138 25.334760427475 25.1939838528633 25.1697256565094 25.1774938106537 25.1480308175087 25.0940483808517 25.0584205985069 25.0904580950737 25.087274312973 25.0619624853134 25.0046358704567 25.1036199331284 25.1769736409187 25.2743957042694 25.2912800908089
-9999 -9999 -9999 -9999 -9999 -9999 -9999 -9999 -9999 -9999 -9999 -9999 -9999 -9999 -9999 22.5638930797577 22.2027686834335 22.4527376294136 23.2118824124336 24.2192131876945 25.3030889034271 25.5905695557594 25.8317738771439 25.8223178982735 25.7790192365646 25.7539151310921 25.6500235795975 25.6246176362038 25.4000218510628 25.2814148068428 25.3467898368835 25.2883284091949 25.1938086152077 25.1177048683167 25.1582889556885 25.1203665137291 25.1019486188889 25.1498842835426 25.1520127654076 25.1087596416473 25.1064485311508 25.0336928963661 25.0453161001205 25.0896826386452 25.1390979886055 25.2727034687996
-9999 -9999 -9999 -9999 -9999 -9999 -9999 -9999 -9999 -9999 -9999 -9999 -9999 -9999 -9999 -9999 21.4263610839844 22.1421994566917 23.2914447188377 24.5425496697426 25.2806297540665 25.7122735381126 25.803358912468 25.7798944115639 25.7093932032585 25.6172969341278 25.4989492297173 25.4425939917564 25.268058359623 25.2328734993935 25.1556792259216 25.1867138743401 25.1969752311707 25.0759174227715 25.0965016484261 25.0633454918861 25.140035033226 25.1481640934944 25.1426727175713 25.0896349549294 25.0460908412933 25.0644807815552 25.126212477684 25.0890094637871 25.0192564129829 25.1234456896782
-9999 -9999 -9999 -9999 -9999 -9999 -9999 -9999 -9999 -9999 -9999 -9999 -9999 -9999 -9999 -9999 -9999 21.7141368985176 23.5049913525581 24.4699624180794 25.5160454511642 25.77789914608 25.7686324715614 25.7314046025276 25.6713936328888 25.6002566814423 25.5163727402687 25.3938789963722 25.1753492355347 24.9596747159958 24.8738407492638 24.8778284788132 25.0131741762161 25.0210954546928 25.0752221345901 25.0933644175529 25.1497022509575 25.1420856118202 25.1157938838005 25.1437239646912 25.0986936688423 25.1462915539742 25.1983143687248 25.152189552784 25.0664269328117 25.0316473841667
-9999 -9999 -9999 -9999 -9999 -9999 -9999 -9999 -9999 -9999 -9999 -9999 -9999 -9999 -9999 20.183280646801 19.802885055542 22.6935988068581 24.8768584132195 25.2337500452995 25.7039770483971 25.6958096623421 25.7251037955284 25.7323542833328 25.6830521821976 25.5957537889481 25.4677335619926 25.2713214755058 25.0212537050247 24.7892858982086 24.7087633609772 24.8020352721214 24.8797881603241 24.9824665188789 25.0865722298622 25.0964406728745 25.1043497920036 25.1221166849136 25.1504837870598 25.1802672743797 25.128599524498 25.1936805844307 25.2464234232903 25.1913518309593 25.0948557853699 25.1112378835678
-9999 -9999 -9999 -9999 -9999 -9999 -9999 -9999 -9999 -9999 -9999 -9999 -9999 -9999 -9999 19.7717554569244 21.8642281293869 24.8893964886665 25.4372134804726 25.5758919119835 25.6194180846214 25.6388185024261 25.6956317424774 25.7064822912216 25.6420342922211 25.3801193833351 25.0394418239594 24.9794797897339 24.865029335022 24.7498057484627 24.7454381585121 24.7338634729385 24.7594199180603 24.9629987478256 25.0208653211594 25.0583165287971 25.0783017873764 25.125788807869 25.1428915262222 25.1327096819878 25.1430996060371 25.2014126181602 25.2519918680191 25.2187305092812 25.124922990799 25.095094025135
-9999 -9999 -9999 -9999 -9999 -9999 -9999 -9999 -9999 -9999 -9999 -9999 -9999 -9999 -9999 20.4008337259293 24.4138175845146 25.3877707719803 25.4655618071556 25.5351625084877 25.5779904723167 25.6145122647285 25.6580522060394 25.5840894579887 25.2528394460678 24.9450149536133 24.8207039833069 24.9314803481102 24.7652469873428 24.734467446804 24.7418377995491 24.8312800526619 24.8372045755386 24.9152107834816 24.9572950601578 24.9973499774933 25.0139763355255 25.0922776460648 25.1340822577477 25.1901440024376 25.2088329195976 25.2092110514641 25.2138566970825 25.1811888813972 25.1268571615219 25.1162622570992
-9999 -9999 -9999 -9999 -9999 -9999 -9999 -9999 -9999 -9999 -9999 -9999 -9999 -9999 -9999 24.0420905351639 25.2984476685524 25.3693063259125 25.4367269873619 25.5052469372749 25.557809472084 25.5899499058723 25.4301508069038 24.9859832525253 24.8337036967278 24.7274371981621 24.6986032128334 24.757163643837 24.7224518656731 24.6373291611671 24.7917594909668 24.8552539944649 24.837204515934 24.8704289197922 24.8938427567482 24.9505341649055 25.0151489973068 25.0986209511757 25.099612891674 25.0947777032852 25.1832306981087 25.181304872036 25.2155821323395 25.2014880776405 25.1680281162262 25.184297978878
-9999 -9999 -9999 -9999 -9999 -9999 -9999 -9999 -9999 -9999 -9999 -9999 -9999 -9999 24.1492477655411 25.2581033110619 25.3238651156425 25.3818374872208 25.4381476044655 25.492028772831 25.5317280292511 25.3375209569931 24.8559104800224 24.7552078962326 24.6769954562187 24.6646630764008 24.6254898309708 24.7199893593788 24.6737843751907 24.7467924356461 24.8227815032005 24.8542351722717 24.7827679514885 24.6864677071571 24.8367847800255 24.9502379894257 25.0345559716225 25.0235929489136 25.0007627010345 25.1819394230843 25.2117599248886 25.2363556623459 25.2453825473785 25.2389802932739 25.2695112228394 25.2611843943596
-9999 -9999 -9999 -9999 -9999 -9999 -9999 -9999 -9999 -9999 -9999 22.1652497053146 22.7703024148941 24.5154106616974 25.285682618618 25.3089791536331 25.3519451022148 25.3937690854073 25.442706823349 25.4712747335434 25.1305328011513 24.6704633235931 24.6581374406815 24.6118643283844 24.5713003873825 24.5446081161499 24.5780824422836 24.6682178378105 24.6717736721039 24.7343899011612 24.7824212908745 24.8159022927284 24.8238442540169 24.7992660403252 24.8028528690338 24.808823466301 24.8585281968117 24.9645249247551 25.1593278646469 25.2258576154709 25.2308804988861 25.2256674170494 25.2493037581444 25.2482801675797 25.1822980046272 25.2620422244072
-9999 -9999 -9999 -9999 -9999 -9999 -9999 -9999 -9999 -9999 23.2955693006516 24.582825422287 25.3714906573296 25.3495786190033 25.3379543423653 25.348762512207 25.3972045183182 25.4863079786301 25.5007148981094 24.9030454158783 24.5889937281609 24.573036134243 24.3127562403679 24.3647985458374 24.5545828938484 24.5370633006096 24.6089216470718 24.6677711009979 24.6961125731468 24.7479397654533 24.7478514909744 24.752194583416 24.7695266604424 24.8264361619949 24.8931568861008 24.9013921618462 24.8799127936363 25.0690090060234 25.1741599440575 25.1412192583084 25.1738840341568 25.1812225580215 25.1750602722168 25.141809463501 25.2591901421547 25.2177965641022
-9999 -9999 -9999 -9999 -9999 -9999 -9999 -9999 -9999 -9999 25.1691172719002 25.6149598360062 25.4137917160988 25.3658984303474 25.3792039752007 25.4021282196045 25.5326508283615 25.5080380439758 24.8813977837563 24.532589495182 24.54205930233 24.6132878065109 24.3104419708252 24.3315830826759 24.5262985229492 24.5727046728134 24.5685013532639 24.6431900858879 24.7194858789444 24.7394440174103 24.7237951159477 24.7197198271751 24.706885933876 24.7631341814995 24.8712786436081 24.975276350975 24.997386276722 24.9549204111099 24.9935308098793 24.9621620774269 24.9773363471031 25.02805352211 24.9426760673523 25.1987764835358 25.2949842214584 25.2858282327652
-9999 -9999 -9999 -9999 -9999 -9999 -9999 -9999 -9999 24.216094493866 25.5609123110771 25.4529462456703 25.339864730835 25.4054133892059 25.4235001802444 25.4339117407799 25.0145687460899 24.7118211388588 24.5466522574425 24.5464747548103 24.5937535762787 24.5576255321503 24.4406294822693 24.4581043124199 24.6562504768372 24.6338356137276 24.55496519804 24.6544897556305 24.6487093567848 24.6438674926758 24.6674025058746 24.7035111784935 24.6645827889442 24.6680628657341 24.6814482808113 24.8478204011917 24.9852205514908 24.9910962581635 25.0044283270836 25.0146858096123 25.0632477998734 25.207256257534 25.2186140418053 25.0424662828445 25.0819603204727 25.0319671034813
-9999 -9999 -9999 -9999 -9999 -9999 -9999 -9999 -9999 24.760636985302 25.4301152825356 25.2639909386635 25.3602308630943 25.4427178502083 25.4539644122124 24.8272082209587 24.3650407791138 24.4364194869995 24.4378417730331 24.467963218689 24.4731657505035 24.4525396823883 24.5411646962166 24.6048495769501 24.5230205059052 24.4920061826706 24.4997713565826 24.5581541061401 24.6177356243134 24.6015554666519 24.6098902821541 24.6139506101608 24.6564010381699 24.6256675720215 24.5949136614799 24.7144880890846 24.9159327745438 24.9508771896362 25.0454870462418 24.9310289621353 24.9636053442955 25.0314793586731 25.1700133085251 25.198745906353 25.1675778627396 25.1464185118675
-9999 -9999 -9999 -9999 -9999 -9999 22.4237132072449 22.6181548237801 23.2734122276306 25.4790771007538 25.5641092658043 25.3578198552132 25.3111101388931 25.3887636065483 25.2911711335182 24.4077994823456 24.4174990057945 24.42655813694 24.4437012672424 24.4432861208916 24.4956911802292 24.5413537621498 24.5339702963829 24.4797354340553 24.4984784722328 24.5009506940842 24.470750451088 24.4628829360008 24.5415329933167 24.4956101179123 24.5708582401276 24.5090421438217 24.4992555975914 24.5675418376923 24.5674704313278 24.5752672553062 24.6839072108269 24.774512887001 24.8688001036644 24.90975689888 24.9452261328697 24.8996375203133 25.0293773412704 25.1308003664017 25.1587735414505 25.1437631249428
-9999 -9999 -9999 -9999 -9999 -9999 23.4740055799484 23.7671093940735 24.9703240394592 25.743867456913 25.8852621912956 25.803274333477 25.3484271764755 25.3024191856384 24.7305192351341 24.4199445843697 24.5603255033493 24.5434811115265 24.540373146534 24.4926897287369 24.4878277182579 24.5177316069603 24.5190734863281 24.5144260525703 24.4573202729225 24.4605639576912 24.4586697220802 24.4704114794731 24.4831342101097 24.4464454650879 24.4574483633041 24.4105248451233 24.3546695709229 24.4646329283714 24.5010935664177 24.4662076234818 24.4971294403076 24.6175652742386 24.7120325565338 24.8033638000488 24.8662394285202 24.952935397625 24.9895303249359 25.0397061109543 25.0446411371231 25.0759193301201
-9999 -9999 -9999 -9999 -9999 23.702245414257 24.8579881191254 25.3964191675186 25.6259944438934 25.8205851316452 25.8713604211807 25.8470842242241 25.5127116441727 24.8271288871765 24.4169667363167 24.4813889861107 24.3370180130005 24.3881269693375 24.4614127278328 24.4840092658997 24.4564688205719 24.4510127902031 24.4208998084068 24.4838125705719 24.5152965188026 24.4506698250771 24.3981137871742 24.3880807161331 24.4378723502159 24.4729660153389 24.3955911397934 24.3780603408813 24.3173887133598 24.3086008429527 24.4235551953316 24.4530434012413 24.4584144949913 24.4413936138153 24.6200231909752 24.7155675888062 24.758083820343 24.8775706887245 24.9215404987335 24.9457833170891 24.9588232636452 24.9631873369217
-9999 -9999 23.9615970253944 23.8384360671043 23.2642291784286 24.3775584101677 25.0949212908745 25.4573242068291 25.6666792035103 25.7429773211479 25.7249292731285 25.6830700039864 24.9653237462044 23.9907524585724 23.9440531730652 24.0746324658394 24.2212328314781 24.3135603666306 24.3989849686623 24.4490523338318 24.2657731175423 24.2902855873108 24.2506829500198 24.4062665104866 24.5185552835464 24.334480881691 24.153422832489 24.315702021122 24.4172126054764 24.4307581186295 24.4425383210182 24.3623978495598 24.3858473300934 24.2872287034988 24.4255998134613 24.4695308804512 24.4453455209732 24.3950990438461 24.58294069767 24.6483262777328 24.7266288995743 24.8439710140228 24.8578070402145 24.7894078493118 24.8631548285484 24.8630334734917
-9999 23.9841507077217 23.9955711364746 24.1927703022957 24.2207379341125 24.7611204385757 25.1429533958435 25.1361548900604 24.8699684739113 25.4212396144867 25.0962112545967 23.9031551480293 23.6134431958199 23.9754442572594 24.1102901101112 24.1806157231331 24.1450151801109 24.2008573412895 24.3141707777977 24.3477898240089 24.4045178890228 24.2526422142982 24.105452299118 24.0358171463013 24.0632272362709 24.269114792347 24.0292884111404 24.0780828595161 24.2873555421829 24.3751698732376 24.4693221449852 24.4473823308945 24.4159294962883 24.3230765461922 24.3994285464287 24.3663542866707 24.2596556544304 24.3273755908012 24.5083389878273 24.5970388650894 24.6554521918297 24.7737585902214 24.7710904479027 24.7537434697151 24.7756241559982 24.8241932988167
-9999 24.1103708744049 24.4498352408409 24.4789918661118 24.4127740263939 24.5129026770592 24.579030752182 24.3722767233849 23.275240778923 24.1381951570511 23.3217986822128 22.941085934639 23.1551878452301 23.5702140927315 23.7416729331017 24.1072704792023 24.1256180405617 24.1010661125183 24.0245935320854 24.0961965322495 24.3312482833862 24.2430983185768 24.1198493242264 24.0440400242805 23.8123100996017 24.3190687894821 24.3573068976402 24.1804810762405 23.8230376243591 24.0302637219429 24.230172932148 24.2500804066658 24.39791482687 24.2838582396507 24.2383199334145 24.3090872168541 24.1706898212433 24.298536658287 24.4777981042862 24.5501284003258 24.5567492246628 24.6196509003639 24.6959004402161 24.7372736930847 24.7367503046989 24.7629784345627
