Model input/Uganda/watertemperature/Tw_oct_1.asc
NCOLS 67 
NROWS 67 
XLLCORNER 29.5000000014144 
YLLCORNER -1.49999999936061 
CELLSIZE 0.0833333332926796 
NODATA_value -9999 
[rows 0 to 19 of 67, columns 0 to 45 of 67]
-9999.000000000000000 -9999 -9999 -9999 -9999 -9999 -9999 -9999 -9999 -9999 -9999 -9999 -9999 -9999 -9999 -9999 -9999 -9999 -9999 -9999 -9999 -9999 -9999 -9999 -9999 -9999 -9999 -9999 -9999 -9999 -9999 25.0978027582169 25.0074784755707 -9999 -9999 -9999 -9999 -9999 -9999 -9999 -9999 -9999 -9999 -9999 -9999 -9999
-9999 -9999 -9999 -9999 -9999 -9999 -9999 -9999 -9999 -9999 -9999 -9999 -9999 -9999 -9999 -9999 -9999 -9999 -9999 -9999 -9999 -9999 -9999 -9999 -9999 -9999 -9999 -9999 -9999 25.1375784873962 25.0694043636322 25.0372529029846 25.0971485972404 25.002080142498 24.813268840313 24.7021518945694 24.4692910313606 23.0214386582375 21.1281648874283 20.6061148047447 -9999 -9999 -9999 -9999 -9999 -9999
-9999 -9999 -9999 -9999 -9999 -9999 -9999 -9999 -9999 -9999 -9999 -9999 -9999 -9999 -9999 -9999 -9999 -9999 -9999 -9999 -9999 -9999 -9999 -9999 -9999 -9999 -9999 -9999 -9999 25.1627140641212 25.1265762448311 25.1770092844963 25.1502815485001 25.0544800758362 24.918526828289 24.836768746376 24.7368420958519 24.5315238833427 23.8976889848709 22.6141669750214 20.4658383727074 19.1165396571159 21.0741530656815 -9999 -9999 -9999
-9999 -9999 -9999 -9999 -9999 -9999 -9999 -9999 -9999 -9999 -9999 -9999 -9999 -9999 -9999 -9999 -9999 -9999 -9999 -9999 -9999 -9999 -9999 -9999 -9999 25.165152490139 -9999 -9999 -9999 25.2845894098282 25.2421203255653 25.2295276522636 25.118011713028 25.0419039726257 24.9707864522934 24.8785861134529 24.7152198553085 24.4576476812363 24.1447213888168 23.1714724302292 20.5528272986412 21.902069568634 23.8965401649475 -9999 -9999 -9999
-9999 -9999 -9999 -9999 -9999 -9999 -9999 -9999 -9999 -9999 -9999 -9999 -9999 -9999 -9999 -9999 -9999 -9999 -9999 -9999 -9999 -9999 25.4706789851189 -9999 -9999 25.2847693562508 -9999 -9999 -9999 25.3568948507309 25.410123705864 25.3564022779465 25.2209692597389 25.0893924832344 24.9372322559357 24.7866944074631 24.6438335180283 24.566942691803 24.3661532402039 24.1810380220413 23.7024364471436 23.4678888320923 23.9217160344124 24.0422130823135 -9999 -9999
-9999 -9999 -9999 -9999 -9999 -9999 -9999 -9999 -9999 -9999 -9999 -9999 -9999 -9999 -9999 -9999 -9999 -9999 -9999 -9999 -9999 25.5227927565575 25.4625374674797 25.4233360290527 25.2162902951241 25.1695806384087 25.1774773001671 25.0636514425278 24.9720841050148 25.3270451426506 25.3464179635048 25.3811233043671 25.2904919981956 25.1478348970413 25.0040149688721 24.8759173750877 24.7191908359528 24.5737512111664 24.3378327488899 24.0328616499901 23.9816848039627 23.9751141667366 23.9393222928047 24.1967917084694 -9999 -9999
-9999 -9999 -9999 -9999 -9999 -9999 -9999 -9999 -9999 -9999 -9999 -9999 -9999 -9999 -9999 -9999 -9999 -9999 -9999 25.6019495129585 25.6919456720352 25.4593978524208 25.1656610965729 25.0916860103607 25.0543169975281 25.0389110445976 25.1614540219307 25.3249284029007 25.3704733252525 25.3519474864006 25.3391854166985 25.3035595417023 25.2717899084091 25.091773211956 25.0410712957382 24.9723685383797 24.8208013772964 24.6233091950417 24.3919203877449 24.2054849267006 24.2358314394951 24.2436497211456 24.2244913578033 24.130491912365 -9999 -9999
-9999 -9999 -9999 -9999 -9999 -9999 -9999 -9999 -9999 -9999 -9999 -9999 -9999 -9999 -9999 -9999 -9999 24.8145038485527 25.5542199611664 25.7415419816971 25.703318297863 25.0874798297882 24.9537783265114 25.0487583875656 25.0765146613121 25.0800060033798 25.1982324719429 25.3148958683014 25.4247053265572 25.4249148964882 25.3164491653442 25.1682136654854 25.1610024571419 25.0745294094086 24.9717201590538 24.941286444664 24.8163499832153 24.593050122261 24.37057107687 24.2609393000603 24.3505959510803 24.3235338926315 24.4033554792404 24.2903438806534 24.2804293632507 -9999
-9999 -9999 -9999 -9999 -9999 -9999 -9999 -9999 -9999 -9999 -9999 -9999 -9999 -9999 -9999 -9999 -9999 25.1312031745911 25.6268975734711 25.800987303257 25.7014424204826 24.9939474463463 24.9073412418365 25.0842482447624 25.0395667552948 24.9335920810699 24.940665781498 25.1962084770203 25.3946972489357 25.3034353852272 25.1139201521873 25.0337342023849 25.0127428174019 25.092894256115 24.9868930578232 24.8774311542511 24.7189399600029 24.5826533436775 24.4827058315277 24.4547790288925 24.4866390228271 24.5832866430283 24.4999806880951 24.3939719796181 24.3843616843224 24.4091946482658
-9999 -9999 -9999 -9999 -9999 -9999 -9999 -9999 -9999 -9999 -9999 -9999 -9999 -9999 -9999 -9999 -9999 25.3462594151497 25.3302739262581 25.2428591251373 24.9428196549416 24.8366218805313 24.8607650399208 24.8670005202293 24.8093882799149 24.8338080048561 24.7320080399513 24.9189876317978 25.1007422208786 24.9208950400352 24.9149206876755 24.9030186533928 24.9016646742821 24.8721924424171 25.0458226203918 24.8952637314796 24.8113344311714 24.6680331230164 24.594486117363 24.6596742272377 24.7380294799805 24.635423541069 24.5639496445656 24.498018682003 24.4580526351929 24.4486264586449
-9999 -9999 -9999 -9999 -9999 -9999 -9999 -9999 -9999 -9999 -9999 -9999 -9999 -9999 -9999 -9999 24.7723453044891 25.3204681277275 24.7971763014793 24.6793284416199 24.7736772298813 24.9552344679832 24.7283690571785 24.8215596675873 24.9499197602272 25.0429757237434 25.0485557317734 24.9235019087791 24.8764306306839 24.889523267746 24.8922506570816 24.8508598804474 24.8646906018257 24.7174972891808 24.7936477661133 24.9604397416115 24.9270424842834 24.793684899807 24.7810598015785 24.6909248828888 24.5387457609177 24.4360387325287 24.3690153360367 24.4347260594368 24.4119546413422 24.0262894034386
-9999 -9999 -9999 -9999 -9999 -9999 -9999 -9999 -9999 -9999 -9999 -9999 -9999 -9999 -9999 -9999 24.7423975467682 25.2217054367065 24.7319423556328 24.6212375760078 24.8364441990852 24.9635789990425 24.990792632103 24.7243031263351 25.2952855825424 25.2715554833412 25.1346067786217 25.0276966094971 24.878879904747 24.9680689573288 24.9232705235481 24.8660525083542 24.7803622484207 24.6702500581741 24.5843205451965 24.7320998907089 24.8478139638901 24.8232223987579 24.7708212733269 24.6302073597908 24.4335198998451 24.3645976781845 24.1147956252098 24.3162844181061 24.2364392876625 24.0814486145973
-9999 -9999 -9999 -9999 -9999 -9999 -9999 -9999 -9999 -9999 -9999 -9999 -9999 -9999 -9999 23.8628855347633 24.748775780201 25.1713241934776 24.7061418890953 24.539246737957 24.7823911309242 24.9112159609795 24.8794720768929 24.9566494822502 25.2935980558395 25.0859248042107 24.9773724675179 24.8860129117966 24.8037126064301 24.7194547057152 24.7451629638672 24.6500764489174 24.6026994585991 24.5229740142822 24.4224675893784 24.538028717041 24.5955353975296 24.4910061359406 24.623070538044 24.6198312044144 24.3688564300537 24.2634961605072 24.1270006895065 24.2361576557159 24.1475452780724 24.2279299497604
-9999 -9999 -9999 -9999 -9999 -9999 -9999 -9999 -9999 -9999 -9999 -9999 -9999 -9999 -9999 -9999 23.9861238002777 24.7325338125229 24.8956442475319 24.4939613938332 24.5816136002541 24.633972465992 24.5891220569611 25.1276222467422 25.1942333579063 25.0601640343666 24.9512846469879 24.8038334846497 24.7064357995987 24.5440765023232 24.5556012988091 24.5621999502182 24.5522122383118 24.4731055498123 24.45051831007 24.4684898853302 24.522219479084 24.4844249486923 24.4379954338074 24.5027343034744 24.4260812997818 24.2483164072037 24.1091750264168 24.1433326601982 24.0814576745033 24.1294283866882
-9999 -9999 -9999 -9999 -9999 -9999 -9999 -9999 -9999 -9999 -9999 -9999 -9999 -9999 -9999 -9999 -9999 24.638476729393 24.9543185830116 24.5626729726791 24.476592540741 24.5070002675056 24.4030269980431 25.1296655535698 25.1776997447014 25.0441091656685 24.8411695957184 24.7837876677513 24.6849663257599 24.5649806857109 24.4852427840233 24.4823707938194 24.473937869072 24.4393239021301 24.3784853816032 24.4285356402397 24.4567303657532 24.4964765906334 24.3583791255951 24.3410642147064 24.3331038355827 24.2686929702759 24.2048786878586 24.1446670889854 24.1022911667824 24.0362406373024
-9999 -9999 -9999 -9999 -9999 -9999 -9999 -9999 -9999 -9999 -9999 -9999 -9999 -9999 -9999 -9999 23.2862409949303 24.2874657511711 24.7553648948669 24.5289715528488 24.7437374591827 24.7797619104385 24.6014207601547 24.9115059375763 25.1456701159477 24.9999955296516 24.7825466394424 24.698094189167 24.6642441153526 24.6069502234459 24.5407115221024 24.3857606053352 24.312373816967 24.3016620278358 24.2467305064201 24.3785607814789 24.3932284116745 24.3945237398148 24.3984348773956 24.3440907597542 24.3052951693535 24.2891947031021 24.2142003774643 24.1598938703537 24.135767698288 24.1770241856575
-9999 -9999 -9999 -9999 -9999 -9999 -9999 -9999 -9999 -9999 -9999 -9999 -9999 -9999 -9999 -9999 23.238295674324 24.0463444590569 24.5894243717194 24.5734665393829 24.7645438909531 24.7652398943901 24.6971353292465 24.5597698688507 24.8838097453117 24.8727902173996 24.7202214002609 24.7025156617165 24.7458729743958 24.6947777867317 24.5524693727493 24.4198045730591 24.3284192681313 24.3113597035408 24.2830472588539 24.2918359041214 24.3307771682739 24.308990418911 24.3341475725174 24.3155776262283 24.2481275200844 24.2146300673485 24.1459723114967 24.1423793435097 24.0906406641006 24.1387824416161
-9999 -9999 -9999 -9999 -9999 -9999 -9999 -9999 -9999 -9999 -9999 -9999 -9999 -9999 -9999 22.1331326961517 22.9158194065094 23.8075994253159 24.6629849672318 24.6090053915977 24.6782254576683 24.6784552931786 24.72475284338 24.817450106144 24.8377049565315 24.8587358593941 24.6897218227386 24.6469357013702 24.6857016086578 24.6482939720154 24.6261048913002 24.3953468799591 24.2152107954025 24.2519079446793 24.3295380473137 24.258057653904 24.2381687760353 24.252921462059 24.277131319046 24.2826741337776 24.3223829865456 24.2882759571075 24.2040306329727 24.2717978358269 24.3031329512596 24.2182058691978
-9999 -9999 -9999 -9999 -9999 -9999 -9999 -9999 -9999 -9999 -9999 -9999 -9999 -9999 -9999 21.9530835747719 22.2117744684219 23.320459663868 24.371174454689 24.6069856286049 24.6862750053406 24.7645335793495 24.5216581225395 24.3129616379738 24.7225946784019 24.7861981987953 24.7199730277061 24.5575431585312 24.5136611461639 24.6084238290787 24.6987894177437 24.5488106608391 24.1996538043022 24.2018390893936 24.3448060750961 24.2728321552277 24.2363004088402 24.1872583627701 24.1903571486473 24.2498238682747 24.2830452919006 24.309710085392 24.3007476329803 24.3487841486931 24.3496521711349 24.3185653090477
-9999 -9999 -9999 -9999 -9999 -9999 -9999 -9999 -9999 -9999 -9999 -9999 -9999 -9999 -9999 21.724750161171 21.9980146884918 22.6237882971764 23.784089744091 24.552987575531 24.653364777565 24.618168592453 24.1898265480995 23.9578003883362 24.8492946028709 24.7497290968895 24.7054933309555 24.6849446892738 24.7242114543915 24.6741297841072 24.776038646698 24.6011416316032 24.3379430174828 24.2988324761391 24.3447913527489 24.3025821447372 24.2632586359978 24.1814841628075 24.157194852829 24.1802002191544 24.2419758439064 24.2055160999298 24.3168595433235 24.3447245955467 24.40977871418 24.3791235685349
