Model input/Uganda/watertemperature/Tw_oct_1.asc
NCOLS 67 
NROWS 67 
XLLCORNER 29.5000000014144 
YLLCORNER -1.49999999936061 
CELLSIZE 0.0833333332926796 
NODATA_value -9999 
[rows 40 to 59 of 67, columns 0 to 45 of 67]
23.5773314237595 23.9642390608788 24.0339330434799 23.934562087059 23.7319717407227 23.6895079016685 23.7176920771599 21.0761232376099 21.3789104819298 21.8703407049179 21.8717443943024 22.1962389349937 22.3949581980705 22.8119846582413 22.9991294145584 23.4051631689072 23.3454406857491 23.4711076021194 23.2495151162148 23.2233929634094 23.35051882267 23.5318957567215 23.3685548305511 23.2171891927719 23.1668075323105 23.2295407056808 23.6132156252861 23.4955107569695 23.3678162693977 23.0778120756149 23.5694731473923 23.6437891721725 23.7581946849823 23.7062257528305 23.5987040996552 23.6335400342941 23.6197973489761 23.7469088435173 23.9464550614357 24.0539767146111 24.1057410240173 24.1059140563011 24.1906897425652 24.212103843689 24.2465376257896 24.1825593113899
23.6873812675476 23.979895234108 24.047124683857 24.0188633203506 23.727920114994 23.4591436982155 21.190003991127 18.498814702034 21.6878541111946 22.0404186248779 22.0183225870132 22.2911134958267 22.5335560441017 22.8023585677147 22.9942408800125 23.2154289484024 23.2526962757111 23.4028545022011 23.302524626255 23.3329442739487 23.2784285545349 23.2628975510597 23.281575858593 23.4184774756432 23.3949995040894 23.3006877303123 23.29361307621 23.4158127903938 23.377681016922 23.2157146930695 23.3838338851929 23.5400708913803 23.6304165124893 23.6537389159203 23.669159591198 23.6845061182976 23.5810774564743 23.7199857234955 23.9059388041496 23.9874774813652 24.0453370213509 24.0693272352219 24.1600401997566 24.1244296431541 24.1804631352425 24.0641846656799
23.5750550627708 23.8349140286446 23.9948683381081 23.5893979668617 19.2842444181442 18.4487391114235 15.4925465583801 19.6877103447914 22.0105989575386 22.2507411241531 22.15511739254 22.5800442695618 22.8641694784164 22.8088186979294 22.8662861585617 23.0311104059219 23.1227489709854 23.1531911492348 23.1555286645889 23.1870759725571 23.2295888066292 23.2947309017181 23.2835927605629 23.4494916200638 23.4063568115234 23.426727771759 23.3030726909637 23.4212582111359 23.3244580030441 23.2211146950722 23.0473089814186 23.3684934973717 23.5835359096527 23.6658593416214 23.6858289241791 23.6852352619171 23.4939045906067 23.6646671295166 23.8096686005592 23.8627638816833 23.94527810812 23.913125872612 23.9923148155212 24.0463985204697 24.0827007293701 24.0267400741577
23.6611295938492 23.6767435073853 23.5931198596954 19.4312388896942 10.6751424968243 10.4051376283169 13.9484923481941 21.252543091774 22.6633902192116 22.8750661611557 22.926587164402 22.9416245818138 23.0010536909103 22.9835493564606 22.9632296562195 22.9569037556648 23.0605689287186 23.0193315148354 23.0228484869003 23.1553906202316 23.2926603555679 23.3790773153305 23.4841317534447 23.4209637641907 23.3346592783928 23.4128493070602 23.3842772841454 23.3708328008652 23.4339590668678 23.4063413143158 23.2046633958817 23.2506279945374 23.4254094362259 23.4135980606079 23.5700165629387 23.5819085240364 23.5276460647583 23.6814960241318 23.7032090425491 23.7746628522873 23.8567605614662 23.6723225712776 23.7539992332458 23.8412250876427 24.0998958945274 24.007600903511
23.7146579027176 23.6047298908234 23.2486472725868 18.0968679189682 7.98387724161148 10.9042792618275 18.3875795602798 22.1024679541588 23.3676748871803 23.5506708025932 23.2422529459 23.1895971894264 23.2379227280617 23.2259848713875 23.1746156215668 23.2091730833054 23.2255173921585 23.1905722618103 23.185334444046 23.3135800361633 23.3913651704788 23.4067242145538 23.4765669703484 23.4902339577675 23.5367136597633 23.4570254683495 23.3745365142822 23.4831463098526 23.54331189394 23.5124980211258 23.2852483391762 23.1654046773911 23.3258028626442 23.405263543129 23.4783263802528 23.4305867552757 23.5761069059372 23.7464795708656 23.6585602164268 23.7599467635155 23.6974888443947 23.6057458519936 23.5786745548248 23.7912341356277 23.9737652540207 24.0798278450966
23.5392273664474 23.4369258284569 23.0658407211304 17.3839140534401 8.70984219014645 12.2506189346313 19.369392812252 23.3112211227417 23.8785836100578 23.81489777565 23.3756409883499 23.2592880129814 23.3608050942421 23.3308920264244 23.3547406196594 23.3067136406898 23.4116222858429 23.3075929880142 23.3605247139931 23.4927890896797 23.5252630114555 23.5064284801483 23.5184831619263 23.5205475687981 23.5027868151665 23.3914550542831 23.4232042431831 23.5390256643295 23.4807295799255 23.3773281574249 23.2637611627579 23.2452125549316 23.2251224517822 23.2303760647774 23.3891102075577 23.4737173914909 23.6460258960724 23.7710785865784 23.6708059310913 23.5989261269569 23.5399039983749 23.5461850762367 23.5811329483986 23.8230001926422 23.9633775949478 24.0279677510262
23.3843658566475 23.4590237736702 22.2223080992699 17.7188717126846 14.1393415629864 17.9686895608902 22.2567119598389 24.1007145643234 23.937651693821 23.8971059322357 23.368504524231 23.0822333693504 23.2848654985428 23.4103191494942 23.4017004966736 23.4006273150444 23.402175962925 23.3693532347679 23.4298637509346 23.4091511964798 23.4244292974472 23.4338101148605 23.394217133522 23.3732197284698 23.3905166387558 23.4070139527321 23.4909082651138 23.3863645792007 23.3146799206734 23.2921609282494 23.2287798523903 23.2685400247574 23.193574488163 23.3049791455269 23.41152125597 23.462482213974 23.5274665355682 23.6408890485764 23.6769056916237 23.5448126196861 23.7193932533264 23.561528801918 23.5766295790672 23.9136832952499 23.9732963442802 23.8753554821014
23.4346145391464 23.4926789999008 22.1248437166214 18.9216868877411 18.9107541441917 21.9455425143242 23.4028976559639 24.1121844053268 23.8530331254005 23.7520438432693 23.2531870603561 23.2174703478813 23.2043734788895 23.2657162547112 23.1402976512909 23.0964101552963 23.1416531801224 23.1159453988075 23.2164877653122 23.1596284508705 23.2049548625946 23.2536400556564 23.2222219109535 23.3143733739853 23.3809131979942 23.4004989862442 23.3973834514618 23.3202415108681 23.3520277142525 23.2189234495163 23.156657397747 23.3013167977333 23.3205478191376 23.4263455271721 23.4878334999084 23.5414091348648 23.6067705750465 23.6886456012726 23.5847824811935 23.6307604908943 23.6345224380493 23.4232345819473 23.7446580529213 23.8909752368927 23.9681419730186 23.976159632206
23.3252032399178 23.7134830355644 23.3118026852608 22.3887429833412 23.204982817173 23.3315891027451 24.1799750328064 24.2467095851898 24.0090883970261 23.6685653924942 22.9465988874435 23.0146372914314 22.9492421150208 23.0604314208031 22.9855887889862 22.9845899939537 22.9165890812874 22.8937086462975 23.0148702859879 22.9872137904167 23.0011996626854 23.0885682702065 23.0920571088791 23.1968784928322 23.332629442215 23.3378081321716 23.3904031515121 23.4189695715904 23.3782743811607 23.2798719406128 23.2096294164658 23.336567401886 23.3918884992599 23.4152211546898 23.5414598584175 23.6250060796738 23.6515743136406 23.668995320797 23.67479211092 23.6262016892433 23.6554478406906 23.7118803262711 23.8321620225906 23.8878477215767 23.9598902463913 23.985744535923
23.2695142626762 23.8417335748672 23.6727222204208 23.994255900383 23.8361298441887 23.6627030968666 24.1748301386833 24.148000061512 24.0986931324005 23.3872838020325 22.6736453771591 22.7433826327324 22.7540947794914 22.696358859539 22.7282685041428 22.7236177921295 22.710718691349 22.7104033827782 22.784884750843 22.8226802349091 22.831425011158 22.9379595518112 22.9778416752815 23.0806111097336 23.2267982959747 23.1880860924721 23.2971322536469 23.2223381400108 23.3753718733788 23.392156124115 23.3697417974472 23.3856871724129 23.411534011364 23.4628111720085 23.543604195118 23.5894832015038 23.6032713055611 23.6039876937866 23.5962398648262 23.5950288772583 23.6698426604271 23.7169307470322 23.7880371212959 23.8636862039566 23.9363339543343 23.9964407682419
23.6657558679581 24.069142639637 24.0671959519386 24.092315196991 24.1060006022453 24.0288926362991 24.0751312375069 23.991980612278 23.7381098270416 23.0999066829681 22.0523900389671 22.271436393261 22.5845538973808 22.4777674078941 22.5964686274529 22.5288045406342 22.5263595581055 22.467896938324 22.5616555213928 22.6391605734825 22.6483872532845 22.7765195965767 22.8308962583542 22.9873014092445 23.1408005356789 23.1131905317307 23.2438305020332 23.1373775601387 23.3344645500183 23.4258199930191 23.4474766254425 23.4609666466713 23.4670318365097 23.4914245605469 23.5121340155602 23.5116549134254 23.5216730237007 23.5401721000671 23.5657748579979 23.5923460125923 23.6771327853203 23.7187390327454 23.7769404053688 23.8474568128586 23.916931450367 23.9762972593307
24.0714193582535 24.1987416148186 24.1932772994041 24.1018975377083 24.0747573971748 23.9158045053482 23.5981950759888 23.2024095058441 22.7911016345024 22.354506611824 20.9691643714905 21.9009274840355 21.9785882234573 22.343894302845 22.3444240093231 22.4422736167908 22.3888527154922 22.3012638092041 22.3931999206543 22.4486347436905 22.41901242733 22.5575258731842 22.6994643211365 22.8700546622276 23.0450713038445 23.0664195418358 23.1523360610008 23.0398405194283 23.304118335247 23.3741335868835 23.4392691850662 23.4131093621254 23.4436939954758 23.4762077927589 23.4936917424202 23.4812970161438 23.5085779428482 23.5736465454102 23.6004124283791 23.642081797123 23.6805326938629 23.7357483506203 23.7840149998665 23.8503704667091 23.9163963198662 23.9814471006393
24.3312709331512 24.3374919295311 24.2157677412033 24.1211956143379 23.7012036442757 23.4729923605919 22.9689081311226 22.2379502058029 22.0368867516518 21.151819050312 20.1575055122375 20.2382467389107 21.5912951231003 22.1775841116905 22.2314242124557 22.3238450288773 22.1604548692703 22.150218129158 22.2020861506462 22.1773801445961 22.1837780475616 22.4078948497772 22.5546231865883 22.8140504956245 22.8863251805305 22.961373925209 23.0653647780418 23.0773130655289 23.3145396113396 23.3394474387169 23.39047986269 23.3148647546768 23.3544110059738 23.3985151648521 23.4489974379539 23.4864529371262 23.5183640122414 23.5677019357681 23.6010223031044 23.6482543945312 23.7007716298103 23.7317985892296 23.7914658784866 23.836067199707 23.9047570228577 23.9730449914932
24.348149895668 24.325141787529 24.1463918089867 23.8706967234612 23.4790194034576 23.219262778759 22.4420714378357 21.8152123093605 21.958028614521 20.8844806551933 20.3379338979721 20.8801793456078 21.6712764501572 21.9565965533257 22.1003709435463 22.1719761490822 22.0873007178307 22.16283005476 22.1469134092331 22.2415254116058 22.3191039562225 22.2332747578621 22.4804816246033 22.6999271512032 22.8284311294556 22.901815533638 23.0200614333153 23.1316528320312 23.3254872560501 23.3109369874001 23.3770304918289 23.4015173316002 23.396962761879 23.3564857244492 23.4294918179512 23.500924885273 23.5288736224174 23.5723149776459 23.6011174917221 23.6706472039223 23.6853291988373 23.7436643242836 23.7755534052849 23.8351988792419 23.8983502984047 23.9666849374771
24.3184037804604 24.2125117182732 23.9875177145004 23.7011027932167 23.2856873869896 22.9462035298347 21.8360608816147 21.4320713281631 21.5487666726112 20.9817230701447 20.975233733654 21.6585211753845 21.7103058695793 21.7625515460968 21.8959712982178 22.0908123254776 22.1831270456314 22.2483330368996 22.1418598294258 22.3293502926826 22.2909551858902 22.2380577921867 22.275014936924 22.5566126704216 22.7225428819656 22.8905426263809 23.0486150979996 23.1910370588303 23.3125852942467 23.3435710668564 23.3445861339569 23.394779920578 23.3598606586456 23.3785061836243 23.4506360888481 23.4855449199677 23.5294135212898 23.573560833931 23.6379817724228 23.6595247983932 23.6972115039825 23.7357876300812 23.7752464413643 23.8117902874947 23.8752041459084 23.8868906497955
24.2090502977371 24.1798758506775 24.022754073143 23.4865042567253 23.0372338294983 22.3137858510017 21.2887560725212 20.8937278985977 20.9042385220528 21.1056496500969 21.3774106502533 21.6430743336678 21.6912537813187 21.7374094128609 21.8179816603661 21.9729653000832 21.9511947035789 22.2218695878983 22.1078254580498 22.2155548334122 22.0953172445297 22.2316555380821 22.1877296566963 22.4852885007858 22.7467080354691 22.9060519933701 23.1129497885704 23.244307756424 23.306440114975 23.2972797751427 23.3472421169281 23.3528834581375 23.4324026107788 23.4425412416458 23.4722983241081 23.5413165688515 23.5521625876427 23.5974647402763 23.6384800076485 23.653427362442 23.7089506387711 23.7150982022285 23.7710512280464 23.7957133054733 23.8437985181808 23.8518248796463
24.1763690114021 24.0911793112755 23.8958935141563 23.4406682252884 22.8633912801743 21.5013222694397 21.0573725104332 21.0155957341194 21.1812779307365 21.2245804667473 21.4543523192406 21.6173657178879 21.639180958271 21.6936768889427 22.0266079902649 21.9570292234421 21.9122684597969 22.2332776784897 22.0727733969688 21.9557956457138 22.0468354821205 22.224355340004 22.0429565906525 22.426392018795 22.7788084149361 22.8399780988693 23.0614181160927 23.2041878700256 23.2460753321648 23.2848829030991 23.3315331339836 23.3764250278473 23.4275926351547 23.4601305127144 23.4765897989273 23.5436159968376 23.5538394451141 23.6134030222893 23.6292021274567 23.6741454005241 23.6944594979286 23.7139532566071 23.7528772354126 23.7995343804359 23.8102242350578 23.8512336015701
24.091137945652 23.8551288843155 23.4840366244316 23.1024178862572 22.1821426749229 21.1579822301865 21.1694024205208 21.0595146417618 20.8395074605942 20.7653660178185 21.2289531230927 20.918309032917 20.7090639472008 21.0564066767693 21.8302569389343 21.7391080260277 22.064771771431 22.335735142231 22.1819857358932 21.9192146062851 21.890792131424 22.1148281097412 22.0862607359886 22.4445170760155 22.8062945604324 22.8896991014481 23.0740855336189 23.165168941021 23.2204362750053 23.2840830087662 23.3184825181961 23.3883935213089 23.4160426259041 23.4729450941086 23.4940347075462 23.5458357334137 23.5743575692177 23.6169259548187 23.6217541098595 23.6806266307831 23.6874862909317 23.7139784097672 23.7256630659103 23.7637284994125 23.7970468997955 23.8294240832329
23.7183827161789 23.326596736908 22.791202545166 22.1341763138771 21.3868219256401 20.9414037466049 21.048243701458 21.1052697300911 20.9421324133873 21.0217888951302 20.8281338810921 20.8339993953705 20.7567331790924 20.5371487140656 21.3206905722618 21.4121541380882 21.9872537851334 21.9252789020538 21.419301867485 21.6615173816681 21.6970562934875 21.7858735918999 22.0615663528442 22.487609565258 22.7713981866837 22.9311965703964 23.0789124369621 23.1345629096031 23.216028213501 23.2676247954369 23.3262179493904 23.3861964344978 23.4228103756905 23.4841302037239 23.5098705291748 23.5485479235649 23.5940543413162 23.6119840741158 23.6375389695168 23.6711995601654 23.6928904652596 23.7169328331947 23.7451832294464 23.7555646300316 23.7878066301346 23.825960278511
22.8852881193161 22.5366121530533 21.7896569371223 21.1536228656769 21.1358667016029 21.2160594463348 21.3069062829018 21.223894238472 21.0315353870392 21.2626416683197 20.9830605387688 21.0303999781609 21.0310251712799 21.1472564935684 21.060263812542 21.4819614887238 21.5081785321236 21.2887766361237 21.5429728031158 21.7658165693283 21.6865949630737 21.5996760725975 22.4347849488258 22.4162670969963 22.7272418737411 23.0039935708046 23.0335903167725 23.0867853760719 23.1931496858597 23.2586486935616 23.3369650244713 23.3920700550079 23.4345823526382 23.5016426444054 23.5218869447708 23.5603225827217 23.6120585799217 23.6304243803024 23.671124458313 23.6720926165581 23.7070931792259 23.7354518771172 23.7711019515991 23.800154030323 23.7977678179741 23.8469599485397
