Model input/Uganda/watertemperature/Tw_oct_1.asc
NCOLS 67 
NROWS 67 
XLLCORNER 29.5000000014144 
YLLCORNER -1.49999999936061 
CELLSIZE 0.0833333332926796 
NODATA_value -9999 
[rows 20 to 39 of 67, columns 0 to 45 of 67]
-9999 -9999 -9999 -9999 -9999 -9999 -9999 -9999 -9999 -9999 -9999 -9999 -9999 -9999 -9999 21.5985251665115 21.8021929860115 22.0889292359352 23.2028114795685 23.6953644752502 24.5700058937073 23.9208464622498 24.1782916784286 24.3407561779022 24.3037526011467 24.9017546772957 24.7102514505386 24.7153025865555 24.7648311853409 24.7578664422035 24.7643708586693 24.6229459643364 24.4277857542038 24.3698362112045 24.3601745963097 24.3184843063354 24.251858651638 24.202603161335 24.2185489535332 24.2097200155258 24.1852886080742 24.1121847629547 24.2206574678421 24.3085324168205 24.4471603631973 24.4960542321205
-9999 -9999 -9999 -9999 -9999 -9999 -9999 -9999 -9999 -9999 -9999 -9999 -9999 -9999 -9999 21.078492462635 21.2569422721863 21.6734939813614 22.3477293848991 23.4653316736221 24.4191007614136 23.7714743614197 24.4542667269707 24.3577697277069 24.7490148544312 25.018430352211 24.8666917085648 24.8011010885239 24.6917788386345 24.674782037735 24.697790324688 24.5713332891464 24.3918335437775 24.3076851963997 24.329840362072 24.2690888047218 24.236637711525 24.29448980093 24.268826842308 24.2277878522873 24.2299200892448 24.1506082415581 24.1589301228523 24.1971739530563 24.2849432229996 24.4586451649666
-9999 -9999 -9999 -9999 -9999 -9999 -9999 -9999 -9999 -9999 -9999 -9999 -9999 -9999 -9999 -9999 20.6114988923073 21.3703883290291 22.2669491171837 23.7648593783379 23.8957824707031 24.0650653243065 25.1110915541649 24.6440923213959 24.9210900068283 24.9449638724327 24.9514017105103 24.866383433342 24.6923027634621 24.5904362797737 24.4976742863655 24.486779987812 24.4068698883057 24.2613691687584 24.2706961631775 24.2320642471313 24.2849969863892 24.2764289975166 24.254089474678 24.1563838124275 24.1502765417099 24.1707744002342 24.2278522849083 24.2306439876556 24.1409971117973 24.2965881824493
-9999 -9999 -9999 -9999 -9999 -9999 -9999 -9999 -9999 -9999 -9999 -9999 -9999 -9999 -9999 -9999 -9999 20.825437605381 22.3838995099068 23.6003214716911 24.6116881370544 25.0743410587311 24.9315758347511 23.9819830060005 24.9573342204094 25.0282337069511 25.0312641859055 24.8857849240303 24.5658242702484 24.2364870905876 24.1261244416237 24.0797265172005 24.2011411190033 24.227000772953 24.23752617836 24.2473564147949 24.3085845708847 24.2307273745537 24.1851320266724 24.192845582962 24.2021920084953 24.2673909068108 24.3102185130119 24.3769752979279 24.2423121929169 24.2098413705826
-9999 -9999 -9999 -9999 -9999 -9999 -9999 -9999 -9999 -9999 -9999 -9999 -9999 -9999 -9999 19.5393201112747 19.6855040788651 21.4475152492523 23.9302035570145 24.4422662258148 25.2958672046661 25.3576164841652 25.2498009204865 24.9272117614746 25.0829930901527 25.0642563700676 24.9319551587105 24.676009118557 24.3254100680351 24.0106576681137 23.9025163650513 23.9715948700905 24.0710980296135 24.1637765169144 24.2108309864998 24.2149788141251 24.217874288559 24.193065226078 24.2968026399612 24.3419794440269 24.2817764282227 24.3456901907921 24.4025337696075 24.4186679124832 24.2986436486244 24.2834156155586
-9999 -9999 -9999 -9999 -9999 -9999 -9999 -9999 -9999 -9999 -9999 -9999 -9999 -9999 -9999 19.2614424228668 20.3934831023216 23.9591628909111 24.9436993002892 25.2162871956825 25.3130022287369 25.3388248682022 25.3605403900146 25.2514628171921 25.0190851688385 24.7990437746048 24.4463694691658 24.316989004612 24.1012704372406 23.9225530028343 23.9807946681976 23.9673034548759 23.9700127243996 24.1094824075699 24.1710449457169 24.170024394989 24.1712329387665 24.2173679471016 24.3702512979507 24.38169080019 24.3892139196396 24.4087460637093 24.434100985527 24.4221040606499 24.3115680217743 24.2497383952141
-9999 -9999 -9999 -9999 -9999 -9999 -9999 -9999 -9999 -9999 -9999 -9999 -9999 -9999 -9999 19.4575093984604 23.3083580136299 24.8472119569778 25.0168256163597 25.1757068037987 25.266406416893 25.3653944730759 25.2996574640274 25.0532184839249 24.5857121348381 24.2315573096275 24.131155371666 24.2751405239105 24.0312870740891 24.0236794948578 24.0344913601875 24.051117002964 24.0066677927971 24.0887376666069 24.1231303811073 24.1191735863686 24.1063141226768 24.2499447464943 24.3968026041985 24.4591188430786 24.4456582665443 24.47127866745 24.452223777771 24.4165377020836 24.317486166954 24.3166186213493
-9999 -9999 -9999 -9999 -9999 -9999 -9999 -9999 -9999 -9999 -9999 -9999 -9999 -9999 -9999 22.9123923778534 24.7609746456146 24.9247979521751 25.0567705631256 25.1944707036018 25.311945438385 25.3903132677078 24.6968779563904 24.1887928247452 24.0024159550667 23.8861637711525 23.9235487580299 24.0645583868027 24.0365307331085 23.9617688655853 24.0795145630836 24.0560042262077 24.0022869706154 24.0103574991226 24.0608097314835 24.0923791527748 24.1923158764839 24.3507035374641 24.455294251442 24.504239320755 24.5079751014709 24.5212635397911 24.5000934004784 24.4684294462204 24.3974743485451 24.3737777471542
-9999 -9999 -9999 -9999 -9999 -9999 -9999 -9999 -9999 -9999 -9999 -9999 -9999 -9999 23.0359007120132 24.7102093100548 24.9429357647896 25.0366609692574 25.1478186249733 25.2578883171082 25.335717022419 24.9876310229301 24.1839028000832 23.8347907066345 23.8100315928459 23.8101235628128 23.901192009449 23.9029282331467 23.9002702832222 24.0068306922913 24.1069099903107 24.1293003559113 23.9878023266792 23.8403137922287 24.0576763749123 24.2141492962837 24.3037798404694 24.4470542669296 24.5147430300713 24.5263823270798 24.5050426721573 24.5516576766968 24.5627835988998 24.5669101476669 24.5767631530762 24.5669549703598
-9999 -9999 -9999 -9999 -9999 -9999 -9999 -9999 -9999 -9999 -9999 20.9067212939262 21.4263547062874 23.4694949388504 24.7956629991531 24.9802505970001 25.0615314245224 25.1408302783966 25.2151075601578 25.2832699418068 24.7916838526726 23.8974252343178 23.799937069416 23.7139132618904 23.8454644680023 23.8518663644791 23.7940963506699 23.9608443379402 23.9202879667282 24.0382227897644 24.1093952059746 24.1666374206543 24.1203231215477 24.1246653795242 24.2244373559952 24.3354707360268 24.4052791595459 24.4214881062508 24.4680715203285 24.5220539569855 24.5528036952019 24.5588799118996 24.6049816012383 24.632274389267 24.6421547532082 24.5764838457108
-9999 -9999 -9999 -9999 -9999 -9999 -9999 -9999 -9999 -9999 22.0965348482132 23.4334170818329 24.6621984839439 24.928789794445 25.0422569513321 25.101135134697 25.1598296165466 24.9821189641953 24.292826294899 24.2046319842339 23.809577703476 23.7239736914635 23.376359641552 23.5115855336189 23.779124557972 23.8765019774437 23.8539028763771 23.9137839078903 23.9783078432083 24.0917948484421 24.1695957779884 24.1156187057495 24.0454790592194 24.1310970783234 24.3104394078255 24.3853106498718 24.3935472369194 24.3321532011032 24.4952860474586 24.5867237448692 24.6145520210266 24.6395031809807 24.6543810367584 24.6670582294464 24.6821812391281 24.5968828201294
-9999 -9999 -9999 -9999 -9999 -9999 -9999 -9999 -9999 -9999 24.3472993373871 24.9713558554649 25.0993773937225 25.1136230230331 25.1599415540695 25.2026088237762 25.1158868074417 24.6441376209259 23.899910569191 23.7478134036064 23.7611808776855 23.7379492521286 23.3596042394638 23.4355010986328 23.7844697833061 23.9156256318092 23.8649100661278 23.9888243079185 24.0789748430252 24.0728443264961 24.0541580319405 24.005337536335 23.9922598004341 24.0820481181145 24.225107729435 24.3313721418381 24.4476145505905 24.4823822379112 24.5764974355698 24.6131424307823 24.6331620812416 24.6576600074768 24.657629609108 24.6694392561913 24.6739254593849 24.6529567241669
-9999 -9999 -9999 -9999 -9999 -9999 -9999 -9999 -9999 23.4823773503304 24.8451347947121 25.1505447626114 25.2021507620811 25.2109246253967 25.2375093102455 25.1350566744804 24.2502509951591 23.9247283935547 23.7451332807541 23.7785039544106 23.8311309814453 23.7207394838333 23.5512878298759 23.5930825471878 23.8315144777298 23.8784316182137 23.9339917302132 23.9714738726616 23.9669514298439 23.9593257904053 24.0227960944176 24.1042773127556 24.0456091165543 24.026361823082 24.0111594200134 24.143521130085 24.342120051384 24.4652162194252 24.5433332920074 24.4525987505913 24.4936385750771 24.5788663029671 24.646165728569 24.655596613884 24.6446868181229 24.6190477609634
-9999 -9999 -9999 -9999 -9999 -9999 -9999 -9999 -9999 24.1397004127502 25.1602979302406 25.1944137811661 25.262396633625 25.2844786047935 25.303032875061 24.2688261270523 23.5212811231613 23.5656406283379 23.6797596812248 23.7347756624222 23.741709291935 23.6776976585388 23.7490644454956 23.8231518864632 23.8081206083298 23.8824219703674 23.912437081337 23.8931869864464 23.9606629610062 23.9365651607513 23.9391340613365 24.0625577569008 24.0844814777374 23.9994107484818 23.9540035128593 24.0477455258369 24.256287753582 24.2719225287437 24.3926498889923 24.3207783699036 24.3600840568542 24.4516435861588 24.5561195611954 24.6156838536263 24.6191557645798 24.5883948802948
-9999 -9999 -9999 -9999 -9999 -9999 21.6646384596825 21.8417281508446 22.5059481859207 24.8644534349442 25.0878173112869 25.1844804883003 25.2847955226898 25.3052250742912 25.0809224247932 23.598501086235 23.5551563501358 23.6308243274689 23.7149616479874 23.7543563842773 23.8145182728767 23.8319011330605 23.823060631752 23.8165886998177 23.8237625360489 23.8438830971718 23.8626133799553 23.8494840860367 23.9408510327339 23.8940703868866 23.9724134206772 23.9318556189537 23.9166731834412 23.9858157634735 24.0055366158485 23.9926654696465 24.0920109152794 24.1544194817543 24.2491907477379 24.3161372542381 24.3338326215744 24.3703050613403 24.4910202622414 24.5179961323738 24.5169081687927 24.5403628945351
-9999 -9999 -9999 -9999 -9999 -9999 22.9666776657104 23.1783313751221 24.4149747490883 24.6465641856194 24.6560663580894 24.758150935173 25.3000459671021 25.2114268541336 24.0612945556641 23.6744229793549 23.8355104327202 23.844308078289 23.8623208403587 23.8579720258713 23.8249183297157 23.8357791304588 23.8688204288483 23.8923479914665 23.8516525626183 23.8373351097107 23.8296456933022 23.8810506463051 23.911684691906 23.8709228634834 23.8965455293655 23.8505407571793 23.7927663326263 23.9185427427292 23.9687936902046 23.9763260483742 23.9904072880745 24.0884690284729 24.153691470623 24.2933084964752 24.325853407383 24.4167875051498 24.4109912514687 24.3974087834358 24.4008520245552 24.4731636047363
-9999 -9999 -9999 -9999 -9999 23.1044920682907 24.4196674227715 24.9273466467857 24.9706164598465 24.5938624739647 24.6477422714233 24.7735664248466 25.2591699957848 24.331952393055 23.5312747359276 23.7200547456741 23.6626220941544 23.7041566371918 23.7585666179657 23.8534035682678 23.8190015554428 23.7802146673203 23.7932977080345 23.8721178174019 23.9143064022064 23.8511518836021 23.8076114654541 23.8070975542068 23.8779180049896 23.9196488261223 23.8462030291557 23.8316996693611 23.7473319172859 23.7960333228111 23.9231377243996 23.9598288536072 23.9883671402931 23.9599363207817 24.1187460422516 24.2147394418716 24.2422451972961 24.3601924180984 24.3544571399689 24.3385996818542 24.3461626172066 24.3441387414932
-9999 -9999 23.121210694313 22.9934507608414 22.4749368429184 23.8287196755409 24.6878121495247 25.0284557938576 24.9709589481354 24.6145396232605 24.9053307771683 25.0859977602959 24.2535727620125 23.2956362366676 23.3223704695702 23.4148631691933 23.5295822024345 23.6329316496849 23.7413174510002 23.8406562805176 23.6185125112534 23.622738301754 23.5951452851295 23.8075305223465 23.889480471611 23.7599461078644 23.5689706802368 23.7717787027359 23.8821760416031 23.8927267789841 23.8587914705276 23.7876307964325 23.7912144064903 23.7689930200577 23.8997135162354 23.9577784538269 23.9940440058708 23.9119059443474 24.0993728041649 24.1864735484123 24.2137137055397 24.3291677236557 24.3167904019356 24.2520735263824 24.277559697628 24.2682546377182
-9999 23.1570644974709 23.168887257576 23.4198861122131 23.6676424145699 24.320385992527 24.5739905238152 24.6165491938591 24.2204061150551 24.7176982760429 24.3753361701965 23.0287174582481 22.9093285799026 23.2375682592392 23.4091940522194 23.5180169343948 23.4966470599174 23.550906598568 23.6805683970451 23.7177158594131 23.7786322832108 23.608966588974 23.4098029136658 23.365908741951 23.3899561166763 23.6747117638588 23.4217007160187 23.5038932561874 23.7661215662956 23.8562902808189 23.8737272024155 23.8415434360504 23.8003169298172 23.7820968031883 23.8705413341522 23.8710629940033 23.8112743496895 23.8601938486099 24.0471035838127 24.159091770649 24.2189424037933 24.3135917782784 24.2831691503525 24.2587532401085 24.2111583948135 24.2495265603065
-9999 23.4136147499084 23.8435783982277 23.9098075032234 23.9416753649712 24.0106638073921 23.9488954544067 23.7292815446854 22.5015798807144 23.3675117492676 22.6353313326836 22.31334400177 22.4840782284737 22.8651187419891 22.9983486533165 23.4711464047432 23.5537702441216 23.5250704288483 23.3779990673065 23.4303588867188 23.680995464325 23.5696604251862 23.4212717413902 23.3514721393585 23.0341119766235 23.6809383630753 23.6970007419586 23.4729979634285 23.0628697872162 23.4418427348137 23.7297895550728 23.74577075243 23.7716798782349 23.7453245520592 23.7121584415436 23.8569994568825 23.7237274646759 23.8804897069931 24.0247865319252 24.0978633165359 24.1370125412941 24.2185528874397 24.2713772654533 24.2851615548134 24.2471107840538 24.2448521256447
