Model input/Uganda/watertemperature/Tw_sep_1.asc
NCOLS 67 
NROWS 67 
XLLCORNER 29.5000000014144 
YLLCORNER -1.49999999936061 
CELLSIZE 0.0833333332926796 
NODATA_value -9999 
[rows 20 to 39 of 67, columns 0 to 45 of 67]
-9999 -9999 -9999 -9999 -9999 -9999 -9999 -9999 -9999 -9999 -9999 -9999 -9999 -9999 -9999 21.2257761359215 21.3629415631294 21.4378672838211 22.5713759064674 23.1951902508736 24.4950742721558 24.7446529865265 25.1397737264633 25.2314264178276 25.1747381687164 25.1197218894958 24.8921498060226 24.8560034632683 24.8014078736305 24.6306566596031 24.4711822867393 24.3818840384483 24.2713050842285 24.2510017156601 24.2619242668152 24.2613505125046 24.1831647753716 24.1035247445107 24.0948796868324 24.0462594032288 24.0227714180946 23.9391815662384 24.0942957997322 24.2186631560326 24.2980750799179 24.3140223622322
-9999 -9999 -9999 -9999 -9999 -9999 -9999 -9999 -9999 -9999 -9999 -9999 -9999 -9999 -9999 20.7929518818855 20.4045878648758 20.6559209823608 21.7739648222923 23.0993534326553 24.4073414206505 24.8140179514885 25.2125254273415 25.1718172430992 25.1743692755699 25.141218662262 24.9643912911415 24.8368577361107 24.5987241864204 24.5148268342018 24.4432862401009 24.3307733535767 24.2272536754608 24.2466192245483 24.2656368613243 24.2079820036888 24.1651789546013 24.1720247268677 24.1345078349113 24.0442476868629 24.053110897541 23.9617195725441 23.9915731549263 24.0770025253296 24.1369103193283 24.2736630439758
-9999 -9999 -9999 -9999 -9999 -9999 -9999 -9999 -9999 -9999 -9999 -9999 -9999 -9999 -9999 -9999 19.5275158286095 20.3406441807747 21.8969554901123 23.5110706090927 24.3807176947594 25.0296487212181 25.2269504666328 25.1619248986244 25.0459441542625 24.9122766852379 24.8166820406914 24.7219521403313 24.5193431973457 24.2751355171204 24.2232939600945 24.271184027195 24.2726758122444 24.2315833568573 24.2124706506729 24.1560655832291 24.1979771852493 24.150502383709 24.1165529489517 24.0559514760971 23.9900657534599 23.9735721349716 24.058857023716 24.0518458485603 23.9878239035606 24.101954638958
-9999 -9999 -9999 -9999 -9999 -9999 -9999 -9999 -9999 -9999 -9999 -9999 -9999 -9999 -9999 -9999 -9999 19.8847113251686 22.1503401994705 23.4202548265457 24.8061129450798 25.1920796632767 25.2018333673477 25.0976682305336 25.004768371582 24.8858902454376 24.8557203412056 24.6974632143974 24.2694277763367 23.9276912212372 23.8905960917473 23.9115393161774 24.0946860313416 24.1799962520599 24.148059129715 24.1683216691017 24.1808872818947 24.1270086169243 24.0795093178749 24.0988093614578 24.0274935364723 24.0807481408119 24.1426495909691 24.1293050050735 24.0269990563393 23.9968957304955
-9999 -9999 -9999 -9999 -9999 -9999 -9999 -9999 -9999 -9999 -9999 -9999 -9999 -9999 -9999 18.5951247215271 18.7045878767967 21.1253228187561 23.8512945771217 24.3601245880127 25.1557957530022 25.1937275528908 25.1934387683868 25.1254235506058 25.044252038002 24.9221040010452 24.7360270023346 24.4328479170799 24.0556767582893 23.7775829434395 23.7313101887703 23.8424555659294 23.9856259822845 24.0752820372581 24.1167719960213 24.1262635588646 24.1157139539719 24.0938546657562 24.121864259243 24.1382657885551 24.0621402859688 24.1541620492935 24.2093301415443 24.1816952824593 24.0656875371933 24.0956657528877
-9999 -9999 -9999 -9999 -9999 -9999 -9999 -9999 -9999 -9999 -9999 -9999 -9999 -9999 -9999 18.4071874022484 20.2222475409508 24.0283093452454 24.9001057744026 25.0705401301384 25.1313136816025 25.1634349226952 25.1750482916832 25.1397090554237 24.9706042408943 24.5741319060326 24.0942682027817 24.0489567518234 23.8642230033875 23.7354906201363 23.8294377923012 23.8217144608498 23.9016324281693 23.9958468675613 24.0869092345238 24.0807426571846 24.0839208960533 24.114667236805 24.1381063461304 24.1411868929863 24.1316464543343 24.1900546550751 24.2487701177597 24.215035378933 24.1191807985306 24.0937080979347
-9999 -9999 -9999 -9999 -9999 -9999 -9999 -9999 -9999 -9999 -9999 -9999 -9999 -9999 -9999 18.9884876608849 23.4701146483421 24.888799071312 24.9704849720001 25.0371312499046 25.0780013799667 25.0929751396179 25.1269939541817 24.9508661627769 24.4020414352417 23.9291841983795 23.8541795015335 24.1371984481812 23.8924430608749 23.8425958156586 23.8593001365662 23.9358569979668 23.8644471764565 23.9654908776283 24.0245316624641 24.0209029316902 24.0051648616791 24.0923985242844 24.1669543981552 24.2244338989258 24.2270541787148 24.270644903183 24.2336881756783 24.1865087151527 24.127056658268 24.13970297575
-9999 -9999 -9999 -9999 -9999 -9999 -9999 -9999 -9999 -9999 -9999 -9999 -9999 -9999 -9999 22.850903570652 24.785039961338 24.8978694677353 24.9791954755783 25.0464699864388 25.0858637690544 25.1057996153831 24.8029665350914 24.0132284164429 23.7631809711456 23.6511129140854 23.7565140724182 23.9776363372803 23.8803176879883 23.7551879286766 23.9226229786873 23.904078245163 23.8687156438828 23.8978633880615 23.9553772807121 23.9790142178535 24.0186280608177 24.1297769546509 24.2227996587753 24.2802793383598 24.2737576961517 24.2818753123283 24.2711790204048 24.2272173762321 24.1653584837914 24.1499916315079
-9999 -9999 -9999 -9999 -9999 -9999 -9999 -9999 -9999 -9999 -9999 -9999 -9999 -9999 22.9445518255234 24.6403567790985 24.8802534937859 24.9336876869202 25.0164552927017 25.0713498592377 25.0982537269592 24.7795286178589 24.0304481387138 23.6393072605133 23.5883494019508 23.5954866409302 23.7560994625092 23.7612820267677 23.6903406381607 23.7794572114944 24.012401163578 24.0060927867889 23.8557416200638 23.6897290349007 23.8721570372581 24.0435089468956 24.0817641019821 24.195859670639 24.2566779255867 24.2937113642693 24.2511495351791 24.2761099338531 24.3098433613777 24.3308915495872 24.3338828682899 24.2962920665741
-9999 -9999 -9999 -9999 -9999 -9999 -9999 -9999 -9999 -9999 -9999 20.780818939209 21.4050136804581 23.4030694961548 24.6652671694756 24.8591393828392 24.9389405846596 24.9856815934181 25.0597096085548 25.0839818120003 24.5764974951744 23.7662160396576 23.6440278887749 23.5687053799629 23.7409682869911 23.7443489432335 23.6819584965706 23.7737675309181 23.6786130666733 23.8147245049477 23.9174635410309 23.917032957077 23.8852030038834 23.9525434970856 23.990858912468 24.0745902657509 24.1544482707977 24.1960884928703 24.2372327446938 24.2996119260788 24.2982591986656 24.296789765358 24.3547154068947 24.3869522213936 24.3852328658104 24.3366500139236
-9999 -9999 -9999 -9999 -9999 -9999 -9999 -9999 -9999 -9999 22.0952330231667 23.3954022526741 24.5752745270729 24.8390626311302 24.9079714417458 24.9566560983658 25.0083555579185 25.0222852826118 24.9219748973846 24.185110270977 23.6485440135002 23.5613348484039 23.2307184934616 23.369060754776 23.6608465909958 23.7534393072128 23.6857236027718 23.692566037178 23.7316700816154 23.8353648781776 23.8454519510269 23.8274980187416 23.8695521354675 23.8871576786041 24.0753852725029 24.1603184938431 24.1559562087059 24.1561563611031 24.2559139728546 24.3446362018585 24.3469506502151 24.3686615824699 24.3774408698082 24.3816600441933 24.3879896402359 24.3386381864548
-9999 -9999 -9999 -9999 -9999 -9999 -9999 -9999 -9999 -9999 24.217818915844 24.8783888816833 24.9663532972336 24.980066716671 24.976672232151 25.0261974930763 25.0614739060402 24.8932946324348 24.1134200692177 23.6008257865906 23.568048119545 23.5410245656967 23.1831930875778 23.2750332355499 23.6382932662964 23.7327061891556 23.7426378726959 23.7838560342789 23.8500995635986 23.852097094059 23.7854850292206 23.7747389674187 23.7335672974586 23.7920809388161 23.9471697211266 24.0892832279205 24.1794027686119 24.2174120545387 24.2930315136909 24.3484820127487 24.35446870327 24.3664603829384 24.3744425773621 24.3606508374214 24.3917177319527 24.4164289236069
-9999 -9999 -9999 -9999 -9999 -9999 -9999 -9999 -9999 23.2248582839966 24.856428861618 25.0056708455086 25.0494398474693 25.0773278474808 25.0755115747452 24.9905764460564 24.2079070210457 23.8271312117577 23.6607024669647 23.6562358736992 23.6823640465736 23.5539128184319 23.3490897417068 23.3979657888412 23.6032202839851 23.6728788614273 23.72393232584 23.7031547427177 23.7070657014847 23.6770677566528 23.6878119111061 23.7548314929008 23.7412735819817 23.7383123636246 23.772288620472 23.8618516921997 24.0633121132851 24.2016349434853 24.2800844311714 24.2790417671204 24.2826213240623 24.3154389262199 24.3423374295235 24.3578305840492 24.3625972867012 24.3617044091225
-9999 -9999 -9999 -9999 -9999 -9999 -9999 -9999 -9999 23.8655737042427 24.9585620760918 24.9825078845024 25.1244444847107 25.1211181282997 25.0935164093971 24.1683931946754 23.5241122841835 23.5881654620171 23.6217842698097 23.6248440146446 23.6053532958031 23.5153868794441 23.5434830784798 23.6095815896988 23.6305400729179 23.6935166716576 23.6895849704742 23.6286141872406 23.6976556181908 23.7240937948227 23.6355362534523 23.658863723278 23.7410945296288 23.7821172475815 23.7510124444962 23.7889913916588 23.9816413521767 24.0398938059807 24.1617642045021 24.1508985161781 24.1997153162956 24.2616121768951 24.2830676436424 24.3234618902206 24.3085249662399 24.2985020279884
-9999 -9999 -9999 -9999 -9999 -9999 21.4120138287544 21.5948770642281 22.2766066789627 24.7649971842766 24.9871206283569 24.9950193762779 25.1133867502213 25.1042958498001 24.8678643107414 23.5456759333611 23.5479201078415 23.5917146801949 23.6182880997658 23.6298102140427 23.668478012085 23.6369904279709 23.6213412880898 23.612626850605 23.6192836761475 23.6733613014221 23.6564806699753 23.579605281353 23.6992120146751 23.6824293136597 23.6359193921089 23.5837261080742 23.614341199398 23.6975672245026 23.7793446183205 23.7737531065941 23.8603792190552 23.9363508820534 24.0206915140152 24.1183528900146 24.132785320282 24.2021746635437 24.2602084875107 24.2448677420616 24.2476995587349 24.2612554430962
-9999 -9999 -9999 -9999 -9999 -9999 22.6919938921928 22.8905993700027 24.127269744873 25.0865001678467 25.2074899673462 25.2106072306633 25.1145653128624 24.9706115722656 23.9303134679794 23.5867418646812 23.7464359402657 23.7479097247124 23.7555619478226 23.7208104133606 23.6594667434692 23.6387559175491 23.6564455032349 23.6912052035332 23.65040320158 23.6568210124969 23.6545649766922 23.674489736557 23.6789354085922 23.6698464751244 23.6226665377617 23.6274613142014 23.5529288649559 23.6012036800385 23.7325754761696 23.7432136535645 23.7543693780899 23.8658093810081 23.9256083965302 24.0462812781334 24.0760082602501 24.1750111579895 24.1707977056503 24.174630343914 24.1551240086555 24.1970522999763
-9999 -9999 -9999 -9999 -9999 22.9829199910164 23.7111333608627 24.6426147818565 25.0067889690399 25.1680825352669 25.2174826264381 25.2340185642242 25.1000669002533 24.2300964593887 23.438157916069 23.6132045388222 23.54671895504 23.5990696549416 23.671283185482 23.7031775712967 23.6618019938469 23.5932394266129 23.5928609967232 23.6728463768959 23.686949968338 23.6632214784622 23.5729778409004 23.5945633649826 23.674484372139 23.7196673750877 23.6344420909882 23.6341494321823 23.5590906739235 23.5933773517609 23.7114018201828 23.7522776722908 23.7519065737724 23.725470662117 23.8977786302567 23.9898791909218 24.0052067041397 24.1082798242569 24.0824382305145 24.1001987457275 24.0930913686752 24.0657368302345
-9999 -9999 23.1421345472336 22.9853897094727 22.4306153655052 23.6513488888741 24.1835881471634 24.754038631916 25.068321287632 25.0527180433273 25.0153204202652 24.9043779969215 24.134704709053 23.2452065944672 23.249855697155 23.345943748951 23.4330561161041 23.5233480334282 23.6192129254341 23.6936141848564 23.4699470996857 23.4536446928978 23.4178259372711 23.6182423830032 23.6632086038589 23.5543549656868 23.3584395051003 23.5487639904022 23.6820603013039 23.6852684617043 23.637065410614 23.6025897264481 23.5755910277367 23.5658875107765 23.6715133786201 23.6959440112114 23.7518274784088 23.667818069458 23.8511072397232 23.9515563249588 23.9757390618324 24.0826764702797 24.0575578212738 23.9877922534943 24.0126945376396 23.9761117100716
-9999 23.2023768424988 23.2438427209854 23.5092484354973 23.6789754629135 23.8570447564125 24.2463260293007 24.3623220920563 24.1384301185608 24.6187824010849 24.1738335490227 22.9753468036652 22.8995316028595 23.1988198757172 23.330653488636 23.4348718523979 23.4053933024406 23.4458465576172 23.5547796487808 23.598421216011 23.6467625498772 23.4656151533127 23.2634516954422 23.2075881958008 23.2128918766975 23.4784360527992 23.2275847196579 23.3162506222725 23.5741040706635 23.6582521796227 23.6247579455376 23.5824685692787 23.546916782856 23.5558214783669 23.6350766420364 23.6350050568581 23.5569251179695 23.5996824502945 23.7926235795021 23.9048320055008 23.9804975986481 24.0787357091904 24.0347815752029 23.9734324812889 23.92470484972 23.9671351909637
-9999 23.4713382720947 23.8707638382912 23.9452101588249 23.8595191836357 23.9264905452728 23.8988546729088 23.7413493990898 22.5581544041634 23.3716016411781 22.6784511804581 22.241327226162 22.4852787256241 22.8648411631584 22.9250944256783 23.3795580863953 23.5255959630013 23.5056718587875 23.2901967763901 23.3338138461113 23.5710879564285 23.4455897808075 23.2940341830254 23.2307828068733 22.9155156612396 23.5122658014297 23.5264955759048 23.3266311883926 22.9094070792198 23.2532861828804 23.4985688924789 23.5445026159286 23.4916182160378 23.5756987333298 23.5421674847603 23.614860534668 23.4456787109375 23.601110458374 23.7522968649864 23.8370586037636 23.8900853991508 23.9589147567749 24.0195599794388 24.0042013525963 23.9584531784058 23.9640129208565
