Model input/Uganda/watertemperature/Tw_sep_1.asc
NCOLS 67 
NROWS 67 
XLLCORNER 29.5000000014144 
YLLCORNER -1.49999999936061 
CELLSIZE 0.0833333332926796 
NODATA_value -9999 
[rows 0 to 19 of 67, columns 0 to 45 of 67]
-9999.000000000000000 -9999 -9999 -9999 -9999 -9999 -9999 -9999 -9999 -9999 -9999 -9999 -9999 -9999 -9999 -9999 -9999 -9999 -9999 -9999 -9999 -9999 -9999 -9999 -9999 -9999 -9999 -9999 -9999 -9999 -9999 24.8798625469208 24.8241507411003 -9999 -9999 -9999 -9999 -9999 -9999 -9999 -9999 -9999 -9999 -9999 -9999 -9999
-9999 -9999 -9999 -9999 -9999 -9999 -9999 -9999 -9999 -9999 -9999 -9999 -9999 -9999 -9999 -9999 -9999 -9999 -9999 -9999 -9999 -9999 -9999 -9999 -9999 -9999 -9999 -9999 -9999 24.8865837454796 24.7976219058037 24.8018231987953 24.9447066783905 24.8391633033752 24.6471858024597 24.5651208162308 24.3524205088615 22.8687735795975 20.94058406353 20.3992274403572 -9999 -9999 -9999 -9999 -9999 -9999
-9999 -9999 -9999 -9999 -9999 -9999 -9999 -9999 -9999 -9999 -9999 -9999 -9999 -9999 -9999 -9999 -9999 -9999 -9999 -9999 -9999 -9999 -9999 -9999 -9999 -9999 -9999 -9999 -9999 25.0023301839828 24.9386870861053 25.0354230999947 25.0371993780136 24.9275248646736 24.769313454628 24.6927800178528 24.596740603447 24.4288274049759 23.7683280110359 22.5140599608421 20.1808271408081 18.7113561630249 20.8047999739647 -9999 -9999 -9999
-9999 -9999 -9999 -9999 -9999 -9999 -9999 -9999 -9999 -9999 -9999 -9999 -9999 -9999 -9999 -9999 -9999 -9999 -9999 -9999 -9999 -9999 -9999 -9999 -9999 24.7482072114944 -9999 -9999 -9999 25.1532565951347 25.1273300647736 25.1171223521233 24.9955739974976 24.9154350757599 24.8325534462929 24.7304022908211 24.5579916238785 24.3273019194603 24.0252630710602 23.0225475430489 20.3201077580452 21.6747049093246 23.690648496151 -9999 -9999 -9999
-9999 -9999 -9999 -9999 -9999 -9999 -9999 -9999 -9999 -9999 -9999 -9999 -9999 -9999 -9999 -9999 -9999 -9999 -9999 -9999 -9999 -9999 24.9596865773201 -9999 -9999 24.9673303365707 -9999 -9999 -9999 25.2430845499039 25.281171143055 25.2427786588669 25.154571890831 25.0196630358696 24.7865586280823 24.6234948039055 24.4713156223297 24.4367758631706 24.2818874120712 24.0938188433647 23.5674750208855 23.4014940261841 23.8377587795258 23.7940083742142 -9999 -9999
-9999 -9999 -9999 -9999 -9999 -9999 -9999 -9999 -9999 -9999 -9999 -9999 -9999 -9999 -9999 -9999 -9999 -9999 -9999 -9999 -9999 24.9242445230484 25.1114172935486 25.1387248635292 25.0526852011681 25.0202359557152 24.7721237540245 24.6827330589294 24.6476668715477 25.1982204914093 25.2794328927994 25.2526249289513 25.2091202735901 25.0863560438156 24.9161093235016 24.7464036941528 24.5908941030502 24.453044295311 24.2510981559753 23.9626136422157 23.884108543396 23.922415137291 23.8749638795853 23.9928032755852 -9999 -9999
-9999 -9999 -9999 -9999 -9999 -9999 -9999 -9999 -9999 -9999 -9999 -9999 -9999 -9999 -9999 -9999 -9999 -9999 -9999 24.715671479702 24.8897282481194 25.0795092582703 25.1083100438118 25.1144505739212 25.1095344424248 25.0513904690742 25.0890527367592 25.3023345470428 25.3500042557716 25.3522406816483 25.3018346428871 25.1930619478226 25.1889277100563 25.0279006958008 24.9822429418564 24.8820468783379 24.7181657552719 24.5132984519005 24.2887400984764 24.1187574863434 24.1307463645935 24.169781088829 24.1494050621986 24.0481086373329 -9999 -9999
-9999 -9999 -9999 -9999 -9999 -9999 -9999 -9999 -9999 -9999 -9999 -9999 -9999 -9999 -9999 -9999 -9999 24.1182879805565 24.7450110316277 24.8794268369675 24.9916384220123 24.8555964827538 25.0811996459961 25.2283348441124 25.2711698412895 25.3098979592323 25.3291300535202 25.2279592752457 25.2817205786705 25.3203737139702 25.2464413046837 25.1331832408905 25.1209617257118 25.0385875105858 24.8736768364906 24.8257773518562 24.692319393158 24.4725249409676 24.258252799511 24.1719336509705 24.2997998595238 24.2843727469444 24.3745767474174 24.282313644886 24.275348007679 -9999
-9999 -9999 -9999 -9999 -9999 -9999 -9999 -9999 -9999 -9999 -9999 -9999 -9999 -9999 -9999 -9999 -9999 24.3313522934914 24.8394057154655 24.9809110164642 25.0808733105659 24.9458882212639 25.1918736100197 25.3718777298927 25.3902142643929 25.3410214781761 25.1575543284416 25.0903803110123 25.2045749425888 25.2241622209549 25.1286680102348 25.0777238607407 25.0000257492065 25.0958498716354 24.9546535611153 24.7689102888107 24.5830069184303 24.4674362540245 24.4054787755013 24.4080212116241 24.4347674250603 24.5460249781609 24.4731667637825 24.3468304872513 24.3018113970757 24.29011708498
-9999 -9999 -9999 -9999 -9999 -9999 -9999 -9999 -9999 -9999 -9999 -9999 -9999 -9999 -9999 -9999 -9999 24.5265514850616 24.8725190758705 24.9475499987602 24.8571698069572 25.0728890299797 25.2379633188248 25.3602892160416 25.3667342066765 25.3481214642525 25.1357679963112 25.0710427165031 25.1341677308083 25.0650660395622 25.1043730974197 25.0293401479721 25.0203713178635 24.8933279514313 25.0763049125671 24.8792514801025 24.752068400383 24.6004687547684 24.5345457196236 24.6077612638474 24.6663734316826 24.5683147907257 24.5000872015953 24.4371275901794 24.3564411997795 24.3952380418777
-9999 -9999 -9999 -9999 -9999 -9999 -9999 -9999 -9999 -9999 -9999 -9999 -9999 -9999 -9999 -9999 24.0502044558525 24.6061814427376 24.6820594072342 24.7780750393867 25.0007462501526 25.1715104579926 25.2737612724304 25.3079473376274 25.3565457463264 25.2279470562935 25.0514237880707 24.9794843792915 24.9020546674728 25.0062887072563 25.0459300875664 25.0203290581703 24.9754603505135 24.6967262029648 24.810739338398 25.0071065425873 24.9553122520447 24.7726833224297 24.7476459741592 24.6473801732063 24.4862831830978 24.3843488693237 24.3248410224915 24.402909040451 24.3410878181458 23.8638586401939
-9999 -9999 -9999 -9999 -9999 -9999 -9999 -9999 -9999 -9999 -9999 -9999 -9999 -9999 -9999 -9999 24.0834388136864 24.4021646380424 24.6139022111893 24.8015063405037 24.9791452884674 25.1308218836784 25.2460341453552 25.3396896123886 25.2040256857872 24.7620921134949 24.6789616346359 24.5963839888573 24.4828844070435 24.753272652626 24.7858881950378 24.8220900297165 24.780829668045 24.6551805734634 24.5125027894974 24.7136601805687 24.8833512663841 24.8399432897568 24.7698011398315 24.6076219081879 24.4054476618767 24.3329274654388 24.0522968769073 24.2650653123856 24.1532818078995 23.8938540220261
-9999 -9999 -9999 -9999 -9999 -9999 -9999 -9999 -9999 -9999 -9999 -9999 -9999 -9999 -9999 23.4179927706718 24.0292816162109 24.3118067979813 24.626315176487 24.7897981405258 24.9625686407089 25.1206953525543 25.2091010212898 25.3409280776978 24.8058072328568 24.5479514598846 24.5084456205368 24.4383749365807 24.4216705560684 24.412474155426 24.5413608551025 24.6397690176964 24.6395654082298 24.5481639504433 24.3960923552513 24.5275893211365 24.5958898663521 24.4674822688103 24.6172971129417 24.5994865894318 24.341937482357 24.2238410115242 24.0641655921936 24.1895100474358 24.0651687383652 24.0348507165909
-9999 -9999 -9999 -9999 -9999 -9999 -9999 -9999 -9999 -9999 -9999 -9999 -9999 -9999 -9999 -9999 23.4552736282349 24.0295933485031 24.6250296831131 24.7724158763885 24.967368543148 25.1246248483658 25.2401141524315 25.1705858111382 24.7435379624367 24.6237608790398 24.59186398983 24.4395024180412 24.3527592420578 24.2703987956047 24.3476855158806 24.5151618123055 24.5816079378128 24.5064644813538 24.3960283994675 24.4278890490532 24.5310267210007 24.480751991272 24.4242699146271 24.4856678843498 24.3897207975388 24.1968064308167 24.0497887134552 24.0907853841782 24.0244219303131 24.052200615406
-9999 -9999 -9999 -9999 -9999 -9999 -9999 -9999 -9999 -9999 -9999 -9999 -9999 -9999 -9999 -9999 -9999 23.9999190568924 24.544341146946 24.7758560180664 24.9935745596886 25.1520544290543 25.2531560063362 25.0305665135384 24.8752232193947 24.8167801499367 24.7528640031815 24.5492342710495 24.3849911093712 24.3405755162239 24.341078877449 24.3570532798767 24.4699128866196 24.4429940581322 24.3121716976166 24.3594681620598 24.4313598871231 24.5013902187347 24.3261607289314 24.3012912273407 24.2904857397079 24.2316924333572 24.1673288941383 24.1060029864311 24.056773006916 23.9852769374847
-9999 -9999 -9999 -9999 -9999 -9999 -9999 -9999 -9999 -9999 -9999 -9999 -9999 -9999 -9999 -9999 22.5186346173286 23.6793019175529 24.3547013401985 24.7704845666885 24.9877682924271 25.0935368537903 25.226632475853 25.1825619339943 25.0462015867233 24.8719131350517 24.7032738924026 24.4852755069733 24.388828933239 24.4543046951294 24.3691474795341 24.2389448285103 24.3045498728752 24.357207596302 24.2359392046928 24.3033879995346 24.3138560056686 24.3191192746162 24.3494083285332 24.2968582510948 24.2639208436012 24.2374256849289 24.1806380748749 24.143425822258 24.1092790365219 24.130509853363
-9999 -9999 -9999 -9999 -9999 -9999 -9999 -9999 -9999 -9999 -9999 -9999 -9999 -9999 -9999 -9999 22.4075970649719 23.4342511296272 24.4967581033707 24.6849936246872 24.9190109968185 25.0771623253822 25.2011141777039 25.2684897184372 25.1848805546761 24.8406320214272 24.7330216765404 24.6017472743988 24.5279373526573 24.4954713582993 24.3547839522362 24.2925754189491 24.2385371923447 24.258206486702 24.1843803524971 24.1832811832428 24.2097199559212 24.2031868100166 24.2492640018463 24.2673566937447 24.2049333453178 24.169963657856 24.1269934177399 24.1286907196045 24.0607799291611 24.0934686660767
-9999 -9999 -9999 -9999 -9999 -9999 -9999 -9999 -9999 -9999 -9999 -9999 -9999 -9999 -9999 21.8563570976257 22.1704438924789 23.2311679720879 24.491279065609 24.7080686688423 24.8324984908104 24.9462783336639 25.1846993565559 25.2712124586105 25.1575580239296 24.9416287541389 24.8170400261879 24.6948856711388 24.6166096329689 24.5050318837166 24.4128870368004 24.2615164518356 24.1789508461952 24.2089338898659 24.19253885746 24.1223531365395 24.1300241351128 24.1880888938904 24.2195495963097 24.2540578842163 24.3009034991264 24.2643612027168 24.1767284274101 24.1406430006027 24.1503273844719 24.0984919667244
-9999 -9999 -9999 -9999 -9999 -9999 -9999 -9999 -9999 -9999 -9999 -9999 -9999 -9999 -9999 21.5983748435974 21.7405079007149 22.6792415380478 24.0822563171387 24.5502434968948 24.6102246046066 24.8710880279541 25.1414467692375 25.224683701992 25.1006334424019 24.9131225943565 24.7385242581367 24.6562026143074 24.5857628583908 24.5268087387085 24.4842030405998 24.3644396662712 24.1610932946205 24.1729331016541 24.2172436714172 24.2026026248932 24.1981809735298 24.1419683098793 24.106174826622 24.1616289615631 24.1875214576721 24.245158135891 24.2486551403999 24.218282699585 24.1916035413742 24.156499505043
-9999 -9999 -9999 -9999 -9999 -9999 -9999 -9999 -9999 -9999 -9999 -9999 -9999 -9999 -9999 21.2289711833 21.6110478639603 22.0420095324516 23.3703185319901 24.2511923313141 24.466555416584 24.8587240576744 25.0582073926926 25.2157129049301 25.2292948961258 25.0614905953407 24.8513395190239 24.690185546875 24.7156057953835 24.5632209777832 24.515232026577 24.4019772410393 24.2434892654419 24.2038446068764 24.2496976256371 24.2438469529152 24.2120690941811 24.1304683685303 24.0437641739845 24.0416410565376 24.1123920679092 24.0808181762695 24.2337933182716 24.2707429528236 24.260301232338 24.2262913584709
