Model input/Uganda/watertemperature/Tw_sep_1.asc
NCOLS 67 
NROWS 67 
XLLCORNER 29.5000000014144 
YLLCORNER -1.49999999936061 
CELLSIZE 0.0833333332926796 
NODATA_value -9999 
[rows 40 to 59 of 67, columns 0 to 45 of 67]
23.5321375727654 23.9893122315407 24.0545818805695 24.0443091392517 23.8148030638695 23.6646056175232 23.6979827880859 21.1986911296844 21.4318969845772 21.9275384545326 21.8597404956818 22.2074338197708 22.4158934950829 22.8280973434448 22.9449508190155 23.3488598465919 23.3372578024864 23.4655778408051 23.2189927697182 23.1754534840584 23.2674211859703 23.4199910759926 23.2578119039536 23.1072941422462 23.0501198768616 23.1092413663864 23.4939423203468 23.3874185085297 23.1926110982895 22.8758789300919 23.372576713562 23.455149948597 23.5377511382103 23.4878369569778 23.3454423546791 23.3143686056137 23.339626789093 23.496392428875 23.6982995271683 23.8067413568497 23.8347784876823 23.8613728880882 23.964706659317 23.9529684185982 23.9514747858047 23.881359577179
23.6828574538231 24.0033235549927 24.1253317594528 24.1430453062057 23.8247474431992 23.5405442118645 21.3135678768158 18.6219724416733 21.7765401005745 22.0506354570389 22.0049381256104 22.2756477594376 22.5541787743568 22.8932719826698 23.0158043503761 23.2473897337914 23.3040897846222 23.4438338875771 23.2816920876503 23.3226938247681 23.2572556734085 23.2209740281105 23.2058305740356 23.3025639653206 23.2627440094948 23.1962742209435 23.2024339437485 23.3260071277618 23.232901096344 22.9959237575531 23.1922107934952 23.3332136869431 23.4014927744865 23.4362125396729 23.3976867198944 23.4227607250214 23.2957938909531 23.4790289998055 23.6746116876602 23.7599031329155 23.8022134304047 23.8136428594589 23.9431985020638 23.8863078355789 23.8862991929054 23.7628636956215
23.593504011631 23.8835268616676 24.0803152918816 23.7172513604164 19.3360396623611 18.4676341414452 15.3645378351212 19.78895175457 22.1895069479942 22.3360210061073 22.1372326016426 22.5480608344078 22.9606095552444 22.8753634095192 22.8724604845047 23.0498582720757 23.146188378334 23.1704331636429 23.1895710229874 23.2029495239258 23.1993256211281 23.2296726703644 23.2005370855331 23.3419896960258 23.3131619691849 23.3513508439064 23.2313581109047 23.301486492157 23.2322650551796 23.1348237395287 22.8642197847366 23.1641736626625 23.3756191134453 23.4356748461723 23.4600483775139 23.4503913521767 23.2287657856941 23.423476755619 23.5768781304359 23.6259735822678 23.7111136317253 23.6320860981941 23.7366977334023 23.7648017406464 23.8108623027802 23.7114360928535
23.6324243545532 23.7253745794296 23.7277135252953 19.4859400391579 10.2423317432404 9.93604749441147 13.6025034785271 21.4367924332619 22.8789570331573 23.0204874873161 23.0930852890015 23.031113922596 23.1103417873383 23.0716688632965 23.0302190184593 23.0538467168808 23.1361927986145 23.0396517515182 23.0486425161362 23.142494559288 23.2583755850792 23.3250040411949 23.3975722193718 23.334462761879 23.2705818414688 23.3380663990974 23.3201397061348 23.2079263925552 23.1997281312943 23.2473565340042 23.0229855775833 23.0906709432602 23.2401452064514 23.2167217731476 23.37234634161 23.3483983874321 23.2641359567642 23.4445005059242 23.4653528928757 23.5720987319946 23.6332247257233 23.3440762162209 23.4122032523155 23.5572412610054 23.7821961641312 23.7131407260895
23.7142817974091 23.608554661274 23.4010929465294 18.0233372449875 7.50427711009979 10.4117161929607 18.3899385333061 22.2968943715096 23.6038402318954 23.6667241454124 23.4218986034393 23.3725629448891 23.3841687440872 23.3255065083504 23.2449225187302 23.3114884495735 23.2905002832413 23.2198331952095 23.196182847023 23.3213495016098 23.3896403312683 23.3798758983612 23.428308069706 23.4250887036324 23.4424189329147 23.3942058086395 23.3415737748146 23.3243090510368 23.3617786765099 23.3692865371704 23.1388487815857 23.016241133213 23.1402052044868 23.1721546649933 23.2233791351318 23.2016845345497 23.3128505349159 23.5261602401733 23.4235923886299 23.5386399626732 23.4704004526138 23.3533793091774 23.2429748177528 23.505102455616 23.6654487252235 23.7918112277985
23.6758249402046 23.6056297421455 23.2524468898773 17.3718733787537 8.22278767824173 11.8769599795341 19.5278533697128 23.5796718597412 24.2639074921608 23.9277149438858 23.551425755024 23.4176846146584 23.4922783374786 23.4613280296326 23.4728856682777 23.4146963357925 23.4780212640762 23.3666256666183 23.412188231945 23.5173357129097 23.5297340154648 23.4898015856743 23.494493663311 23.4660198092461 23.4172741174698 23.3558776974678 23.3573961853981 23.3875311613083 23.2908983826637 23.2354140281677 23.0860373973846 23.0524989366531 23.0300323367119 23.0045738816261 23.1732575297356 23.2843681573868 23.363107085228 23.553813457489 23.430450797081 23.3766942024231 23.2980060577393 23.2898039221764 23.3333934545517 23.5945530533791 23.6999933719635 23.7303292751312
23.6053179502487 23.6726299524307 22.4587115645409 17.8604898452759 14.0129998922348 18.0520356297493 22.5302760601044 24.2332960963249 24.0714082121849 24.0271581411362 23.4670921564102 23.1616287827492 23.3089984059334 23.4673591256142 23.5155959129333 23.4908961057663 23.4924107789993 23.4521077275276 23.4891173839569 23.4578468799591 23.4496569633484 23.436533331871 23.4072182178497 23.3641798496246 23.3673862218857 23.3313102126122 23.375375688076 23.2583069801331 23.1205429434776 23.1165533065796 23.0948052406311 23.1200483441353 23.0049868822098 23.1785941123962 23.2988204360008 23.330982208252 23.2922080159187 23.4528830051422 23.3344463706017 23.2965946793556 23.4898029565811 23.183636367321 23.2871999144554 23.7296380996704 23.7155571579933 23.5540496706963
23.6518725752831 23.7304870486259 22.4353331327438 19.0643427371979 19.1283404231071 22.2983554601669 23.6138425469398 24.2498551607132 23.9647355079651 23.8684048056602 23.3641649484634 23.2949447035789 23.2667397260666 23.3392439484596 23.2737010717392 23.1874309182167 23.2051006555557 23.1963419914246 23.2851604223251 23.2282757163048 23.2476387619972 23.2926003932953 23.240252494812 23.3225338459015 23.3565811514854 23.3499109148979 23.2906850576401 23.2324430942535 23.1700166463852 23.0757606625557 22.9828076958656 23.1578124165535 23.1864776611328 23.2125598192215 23.3414011597633 23.3758198618889 23.4173600077629 23.5692858099937 23.4563210606575 23.4933289885521 23.3709256649017 23.0966247916222 23.5337755680084 23.6813665628433 23.7294685840607 23.708742916584
23.5160338878632 23.8879538178444 23.5512329339981 22.7230619192123 23.5278679132462 23.5759764313698 24.3046478629112 24.3760116100311 24.0476493239403 23.7826982140541 23.1291369795799 23.1615168452263 23.0952395200729 23.1784111261368 23.0904525518417 23.0777441263199 22.9824370741844 22.9971655011177 23.0980759859085 23.0411366820335 23.0889639854431 23.1535315513611 23.0939702987671 23.1666830182076 23.2762330770493 23.2848369479179 23.330087184906 23.3297802209854 23.2651382088661 23.2135452032089 23.0650284290314 23.2042738199234 23.2502636313438 23.2269406914711 23.4566031098366 23.5250996351242 23.5725823044777 23.6086028814316 23.5691539049149 23.4850226044655 23.4648421406746 23.5147809386253 23.6085056066513 23.6352005600929 23.7198196053505 23.7603594064713
23.4894954562187 23.9558336138725 23.8306373357773 24.1780617237091 24.031229019165 23.8846305012703 24.336182653904 24.3993493914604 24.1979874968529 23.5380564332008 22.9328718781471 23.0108734965324 22.9037885665894 22.8146910071373 22.8480653762817 22.8504038453102 22.8212367892265 22.8211616873741 22.8952698707581 22.9087510704994 22.9247994422913 23.0119550228119 23.0122841000557 23.0508649349213 23.1801054477692 23.1954031586647 23.2561572790146 23.2326515316963 23.3051092028618 23.2602862715721 23.2004501223564 23.2468692660332 23.281878888607 23.3768863677979 23.4906429648399 23.5781381130219 23.5821605920792 23.5541723966599 23.4770987033844 23.4180369377136 23.5138947367668 23.5461862683296 23.5658363699913 23.6391117572784 23.6499334573746 23.6850119233131
23.8613845705986 24.1231505870819 24.0808786153793 24.16149777174 24.2769088149071 24.2112556695938 24.2435764670372 24.1647891402245 23.9569353461266 23.2811397910118 22.2063359618187 22.5389311909676 22.6732252836227 22.6004911661148 22.7233004570007 22.668586730957 22.6374086737633 22.6067212224007 22.6944514513016 22.758936226368 22.7461637854576 22.855594933033 22.8576946854591 22.9738736152649 23.1070463657379 23.1108585596085 23.2130813598633 23.1534548401833 23.3257233500481 23.2949937582016 23.2900369763374 23.3340165019035 23.375585258007 23.4235877990723 23.4629420638084 23.4555846452713 23.440828025341 23.4852699041367 23.4131190776825 23.4256567955017 23.5238130092621 23.5256390571594 23.5660699605942 23.5957537889481 23.6497110128403 23.7062385678291
24.1659703850746 24.2012785673141 24.1534760594368 24.0583230257034 24.13627409935 24.1287344098091 23.7964481115341 23.416332423687 23.0242255926132 22.4661323428154 21.024808883667 22.0852503180504 22.1018681526184 22.3938467502594 22.5066865682602 22.5339871644974 22.4994408488274 22.4484796524048 22.5428347587585 22.593023121357 22.5765507817268 22.6626952886581 22.7076854109764 22.8660758137703 23.0301685929298 23.0570492744446 23.1171141862869 23.0504655838013 23.2807623147964 23.2679409384727 23.3294829130173 23.3111162185669 23.3537777662277 23.4177949428558 23.4450151324272 23.4394709467888 23.4171352982521 23.4575713276863 23.520761013031 23.5588515996933 23.5487768650055 23.5680231451988 23.6092197299004 23.6319904923439 23.6808744072914 23.7457084655762
24.2663497328758 24.2952803969383 24.1340606808662 24.0460640788078 23.8263368010521 23.6758856773376 23.1846731901169 22.4225900173187 22.1638828516006 21.2601696848869 20.2566851377487 20.2955632209778 21.7848303318024 22.1969235539436 22.313348710537 22.3649901151657 22.3042117357254 22.2931991219521 22.3842760324478 22.340431034565 22.2790665626526 22.4232006072998 22.5426951646805 22.7946773767471 22.9097109436989 22.977082669735 23.0674916505814 23.0719645023346 23.2375476956367 23.2396457791328 23.3101699352264 23.2110558152199 23.2638736367226 23.3135685324669 23.3890299797058 23.4335457086563 23.4630814194679 23.4871168136597 23.5334054231644 23.5672470927238 23.5964560508728 23.632521212101 23.6477115750313 23.6627679467201 23.7146955132484 23.7496336698532
24.3050533533096 24.2864494919777 24.0758733153343 23.9387968182564 23.6727890372276 23.4849020838737 22.6434805393219 21.9137446880341 22.1039805412292 20.9517554044724 20.4353132843971 21.1546089053154 21.8375339508057 22.0665546655655 22.2147391438484 22.2704437971115 22.2566514015198 22.3267172574997 22.3743589520454 22.4662665128708 22.410253405571 22.2391422390938 22.4597190618515 22.6712451577187 22.8593792319298 22.8874539136887 22.9950097203255 23.0877924561501 23.2422370314598 23.2459826469421 23.2784640789032 23.2881674170494 23.2710445523262 23.2299010753632 23.3148614764214 23.3858400583267 23.4199152588844 23.4955685138702 23.5269525051117 23.5662930607796 23.6118341684341 23.614333987236 23.6477313637733 23.6814841628075 23.6868603825569 23.7309816479683
24.2802937626839 24.1790179014206 24.0767822861671 23.9090445637703 23.5193175673485 23.2326174974442 22.0210595726967 21.5027571320534 21.8395121097565 21.1514723300934 21.2285488843918 21.8912616372108 21.9356876015663 22.0348373055458 22.083580493927 22.2601261734962 22.3624994754791 22.4696293473244 22.2861977219582 22.5588999986649 22.4465882182121 22.371772646904 22.3289529085159 22.5410395264626 22.7258676886559 22.862496316433 22.9310244321823 23.066118478775 23.2282411456108 23.2598032355309 23.2733123898506 23.2819494009018 23.227249443531 23.2512453198433 23.3646284937859 23.3620889782906 23.4274228811264 23.4866977334023 23.5689129829407 23.589350104332 23.5914111733437 23.6115420460701 23.6502190232277 23.6795806884766 23.7061314582825 23.7191564440727
24.1452820897102 24.2064590454102 24.2388160824776 23.7294665575027 23.309454023838 22.6152898669243 21.6815969944 21.1320052146912 21.1232089996338 21.4192079305649 21.6632723212242 21.906162083149 21.9212584495544 21.9516979455948 22.1518720388412 22.1784701347351 22.144418656826 22.3284129500389 22.217533826828 22.3950678110123 22.1693634986877 22.4237350225449 22.3999465107918 22.4107993841171 22.6762887239456 22.8212455511093 23.0127149224281 23.1261509656906 23.247941493988 23.2618492245674 23.2756525874138 23.2694938778877 23.2995507121086 23.3345326781273 23.4005017876625 23.4304128289223 23.4534721970558 23.5008990764618 23.5465818047523 23.5692718625069 23.5760166049004 23.6241871118546 23.6268061995506 23.671161532402 23.6729538440704 23.7046628594398
24.2142440676689 24.2454579472542 24.1114984750748 23.6464963555336 23.0892831683159 21.8993614912033 21.2870907187462 21.1668543219566 21.3766305446625 21.4439409375191 21.7385412454605 21.8840209841728 21.8722288608551 21.9764437675476 22.3301839232445 22.1900410652161 22.1715097427368 22.4348865151405 22.168118596077 22.0826187729836 22.110862493515 22.4043484926224 22.207928776741 22.371403157711 22.6877384185791 22.9169543385506 22.9925107955933 23.1639961600304 23.2414191365242 23.2459821105003 23.276575088501 23.2925996780396 23.307160794735 23.3560409545898 23.3999327421188 23.424751996994 23.4673887491226 23.5241661071777 23.5404719114304 23.5496655106544 23.5722258687019 23.5978416204453 23.6349034309387 23.6671324372292 23.6715935468674 23.6945183873177
24.2683520317078 24.0393557548523 23.6732573509216 23.2782509326935 22.4319053292274 21.4864890575409 21.2493644952774 21.074200630188 20.8809699416161 21.0569685101509 21.4728723168373 21.1342524886131 20.9621222615242 21.3812217712402 22.1735476255417 21.9253907799721 22.2842926979065 22.4902592897415 22.3977295160294 22.0873781442642 21.9658654332161 22.267557144165 22.1673392653465 22.3745802044868 22.685660302639 22.847416639328 23.0831701159477 23.2139838933945 23.1912260651588 23.1954246163368 23.266454577446 23.2957873344421 23.3113104701042 23.3726912736893 23.4053148627281 23.4210280179977 23.4904552102089 23.5203257203102 23.5257024168968 23.5750399827957 23.582644879818 23.6245373487473 23.6280381083488 23.6981871128082 23.7078432440758 23.710386633873
23.8361019492149 23.5217459797859 22.9824833273888 22.3303725719452 21.7260993719101 21.1570174098015 21.2720293402672 21.3080013394356 21.1200976967812 21.2849970459938 20.9948326349258 21.0148702859879 20.9514957666397 20.9111098647118 21.7300780415535 21.6662761569023 22.2347930669785 22.1304337978363 21.6244097948074 21.7786337137222 21.7419138550758 21.8320153355598 22.0932214260101 22.3763540387154 22.6167596578598 22.9855815768242 23.1072471737862 23.1682508587837 23.1787739992142 23.1961350440979 23.2698679566383 23.2991330623627 23.3166526556015 23.3851307630539 23.4044342637062 23.4583287239075 23.497143805027 23.5631640553474 23.5660378336906 23.5820923447609 23.5971567034721 23.6094834804535 23.6333461403847 23.6884036064148 23.6913508176804 23.7031402587891
23.0240380764008 22.7409023046494 21.9807218313217 21.4069865345955 21.3988426327705 21.4619397521019 21.5754614472389 21.5108760595322 21.3224571943283 21.5536280870438 21.288421690464 21.4034918546677 21.3234864473343 21.4799622297287 21.2830628156662 21.6843950748444 21.7035729885101 21.4625492095947 21.715518116951 21.8628004789352 21.7599390745163 21.6312623023987 22.4574200510979 22.3914454579353 22.8172869682312 22.9345790147781 23.0666986703873 23.1903834939003 23.164222240448 23.1929144263268 23.2778413891792 23.3058840036392 23.3615268468857 23.4077906012535 23.4550343155861 23.4813479185104 23.5114548206329 23.5570600032806 23.5944665074348 23.6202126741409 23.6240926384926 23.6388699412346 23.6490067839622 23.6853188872337 23.7187668085098 23.7113429307938
