Archive - glowpa-model-master/Model input/Uganda/rivergeometry/river_flowvelocity_1mar.asc
NCOLS 67 
NROWS 67 
XLLCORNER 29.500000001 
YLLCORNER -1.499999999 
CELLSIZE 0.0833333332985075 
NODATA_value -9999 
[rows 20 to 39 of 67, columns 0 to 45 of 67]
-9999 -9999 -9999 -9999 -9999 -9999 -9999 -9999 -9999 -9999 -9999 -9999 -9999 -9999 -9999 2.525329759256 2.29019543849191 2.32033379443903 2.42253032047994 2.18541157649458 2.09774763004 2.25245192504399 2.48528431071061 2.3328161536234 2.67924932285541 2.63641105390845 2.18451102655859 2.34994662224947 4.96908732656373 2.92952837295339 2.20896658092104 2.22078791697158 2.35920987643707 2.35636694892173 3.17070971518471 3.15640717642017 2.64934565657573 2.37045646452688 2.22297321079272 2.31847045441957 2.35212541858169 2.34568608428589 2.43559835475308 2.48005613629652 3.19265429522885 2.18481491427926
-9999 -9999 -9999 -9999 -9999 -9999 -9999 -9999 -9999 -9999 -9999 -9999 -9999 -9999 -9999 2.25269617107206 2.27672300210166 2.26510824640177 2.1783870950827 2.24324140334202 2.36673249101967 2.15867103799065 2.42665963233404 2.05886780478088 4.97055027810318 4.97073049234075 4.97061871286055 4.96931600190201 2.26428067279167 4.96639870672458 4.96653430144181 2.26795412698568 2.50548554822337 2.3319804231112 3.20995734458613 2.20154946863883 2.3676990435841 2.95669870969332 2.84027734299644 2.75923617036287 2.62292622793954 2.23344782617758 2.20678550947851 2.30583963348915 2.29361584004007 3.13200673331247
-9999 -9999 -9999 -9999 -9999 -9999 -9999 -9999 -9999 -9999 -9999 -9999 -9999 -9999 -9999 -9999 2.25837514449477 2.4131794186109 2.3304793260706 2.14574674983469 4.94362667019 4.94362667019 4.94362667019 4.97045238965194 2.16296638138115 2.14184972046741 2.134412927774 2.64343695327052 2.58440665131034 2.50062295414633 2.40300815797273 4.96590547782759 4.96595401721835 4.96513071713176 2.31742052939701 2.3631780074496 3.04263435665064 2.37428797131118 2.53346989522538 2.35693674884884 2.30374242897677 2.22217554959572 2.18532313144266 2.17381970514951 2.27415738782482 2.27550047493951
-9999 -9999 -9999 -9999 -9999 -9999 -9999 -9999 -9999 -9999 -9999 -9999 -9999 -9999 -9999 -9999 -9999 2.28128109815552 4.94362667019 4.94362667019 4.94362667019 4.94362667019 4.94362667019 2.32984305751337 2.26903499661521 2.42485496917435 2.2549478775604 2.55584967193977 2.26430742509506 2.33717728553734 2.27849773998611 2.28111769434889 2.62853008962165 4.95774813929149 2.30702079758448 2.52482340931443 3.1221252730755 2.50885950316875 2.34283164676053 2.33459427845336 2.20937118948809 2.19870788836154 2.4334480881423 2.61057567535611 2.2939389470523 2.19160573306258
-9999 -9999 -9999 -9999 -9999 -9999 -9999 -9999 -9999 -9999 -9999 -9999 -9999 -9999 -9999 2.19767414531457 2.14446251045125 4.94362667019 4.94362667019 4.94362667019 4.94362667019 4.94362667019 4.94362667019 4.94362667019 2.99638383529931 2.92584629720603 2.89053409767084 2.44018580844927 2.38666686159316 2.15240432408233 2.27057944810503 2.27762304863554 2.28315233042647 2.69039862874207 4.95745577458329 3.130934935188 2.31301593286155 2.28630983699205 2.31403228291703 2.6685208403757 2.46421720886916 2.19568940720959 2.85627617673587 2.6616966699763 2.21976828017803 2.36677554001451
-9999 -9999 -9999 -9999 -9999 -9999 -9999 -9999 -9999 -9999 -9999 -9999 -9999 -9999 -9999 2.31003913726336 4.94362667019 4.94362667019 4.94362667019 4.94362667019 4.94362667019 4.94362667019 4.94362667019 4.94362667019 2.25654722109962 2.12157147544296 2.2624705673847 2.67665501496631 2.28238906440924 2.43148621202172 2.26732634493584 2.2738739563048 2.28183353292167 4.95017426931325 2.9810498082801 2.91826810560328 2.8871550452117 2.82405693172033 2.73786663192676 2.37329917944627 2.37695255892723 2.20759951839251 2.94961963815425 2.45449219225445 2.21456741174236 2.22834709288308
-9999 -9999 -9999 -9999 -9999 -9999 -9999 -9999 -9999 -9999 -9999 -9999 -9999 -9999 -9999 4.94362667019 4.94362667019 4.94362667019 4.94362667019 4.94362667019 4.94362667019 4.94362667019 4.94362667019 2.24774026799352 2.77043302976212 2.27598549950895 2.29215844368816 2.61930233740051 2.24148868497923 2.6578723428166 2.41919239529142 2.43377084129086 2.27875973797106 4.94723157351336 4.94656332504908 2.47039320858631 2.31205094625572 2.26438160936087 2.27012909502505 2.54751904140557 2.48954829229747 3.0603590037292 2.23314804325059 2.58595201642978 2.44400179463226 2.34679635849788
-9999 -9999 -9999 -9999 -9999 -9999 -9999 -9999 -9999 -9999 -9999 -9999 -9999 -9999 -9999 4.94362667019 4.94362667019 4.94362667019 4.94362667019 4.94362667019 4.94362667019 4.94362667019 4.94362667019 2.08300209414729 2.6425522069434 2.31362419741584 2.2750063097017 2.2566549671512 2.26646860781137 2.24871230341039 2.78943491861497 4.94712392299371 4.94712392299371 4.94712392299371 2.25678575950397 2.26407750885912 2.31033546435047 2.56779769473738 2.70822942587905 3.26937804482954 3.22769738228003 2.87716322569897 2.26557837197421 2.64634276619719 4.88528739540961 4.88528739540961
-9999 -9999 -9999 -9999 -9999 -9999 -9999 -9999 -9999 -9999 -9999 -9999 -9999 -9999 4.94362667019 4.94362667019 4.94362667019 4.94362667019 4.94362667019 4.94362667019 4.94362667019 4.94362667019 2.66854891429676 2.5521214080087 2.6044557045052 2.53790523858649 2.26959877224621 2.61359132310107 2.26297859289993 2.21145071359929 2.38373451606881 4.94712392299371 4.94712392299371 4.94712392299371 3.39443717695192 2.39980249639527 2.24317334073624 2.33180881349128 3.33694579127354 2.30034402361912 2.31468960439675 2.79358732062934 2.73738970462495 2.23640389853891 4.88528739540961 4.88528739540961
-9999 -9999 -9999 -9999 -9999 -9999 -9999 -9999 -9999 -9999 -9999 4.94362667019 4.94362667019 4.94362667019 4.94362667019 4.94362667019 4.94362667019 4.94362667019 4.94362667019 4.94362667019 4.94362667019 2.30321706892838 2.30104630345622 2.25603922394003 2.29224576051047 2.44309236154832 2.28162356837333 2.6692124370978 2.23979199544108 2.13653448011744 2.42340357834066 4.94712392299371 4.94712392299371 4.94712392299371 4.88528739540961 3.37340334254331 3.36046671542868 3.35377813668906 4.88528739540961 4.88528739540961 4.88528739540961 4.88528739540961 4.88528739540961 4.88528739540961 4.88528739540961 4.88528739540961
-9999 -9999 -9999 -9999 -9999 -9999 -9999 -9999 -9999 -9999 2.41842415270462 4.94362667019 4.94362667019 4.94362667019 4.94362667019 4.94362667019 4.94362667019 4.94362667019 4.94362667019 4.94362667019 2.37734229094056 2.21395920286613 2.24070023179319 2.41934283692322 2.28846574716398 2.25597052964344 2.47612376933505 2.81486263238529 2.40007883273868 2.00722554751986 3.82269546608724 2.52278662204651 2.2775279375266 2.58554540598559 4.88528739540961 4.88528739540961 4.88528739540961 4.88528739540961 4.88528739540961 4.88528739540961 4.88528739540961 4.88528739540961 4.88528739540961 4.88528739540961 4.88528739540961 4.88528739540961
-9999 -9999 -9999 -9999 -9999 -9999 -9999 -9999 -9999 -9999 4.94362667019 4.94362667019 4.94362667019 4.94362667019 4.94362667019 4.94362667019 4.94362667019 4.94362667019 2.16237109985454 2.7653324899843 2.243427132099 2.23967874206084 2.29427693427096 2.28999766187469 2.69635726552652 2.47161253435025 2.88132340318103 2.84698636324235 3.72917631517745 3.8219980695053 3.2568482700221 2.31429266180239 2.31017054290807 2.29968559823061 2.54380341866854 2.42032511846003 4.88528739540961 4.88528739540961 4.88528739540961 4.88528739540961 4.88528739540961 4.88528739540961 4.88528739540961 4.88528739540961 4.88528739540961 4.88528739540961
-9999 -9999 -9999 -9999 -9999 -9999 -9999 -9999 -9999 2.37772700873798 4.94362667019 4.94362667019 4.94362667019 4.94362667019 4.94362667019 4.94362667019 4.94362667019 2.54841741885923 2.26364931561267 2.72748607163497 2.5968770564696 2.43691085801268 2.24111770648711 2.27734276465981 3.36565794261705 3.39183155460566 2.91119277462895 3.72302002953655 2.21524472528972 2.21526517380604 2.26082474882929 3.23049226057284 2.3366931237008 2.34673011273456 2.32947350796765 2.31901728540397 4.88528739540961 4.88528739540961 4.88528739540961 2.21158022444077 4.88528739540961 4.88528739540961 4.88528739540961 4.88528739540961 4.88528739540961 4.88528739540961
-9999 -9999 -9999 -9999 -9999 -9999 -9999 -9999 -9999 2.3583088849706 4.94362667019 4.94362667019 4.94362667019 4.94362667019 4.94362667019 4.94362667019 2.30255482412446 2.42248869165196 2.16350171956178 2.17107880300813 2.18995873936145 2.14076954216712 3.27320540083074 3.31927250739336 2.55978471313178 2.2118865365146 3.47837243403471 2.19975268775277 3.45431672633765 2.85847179221819 2.33610990549042 2.26216504346605 3.2251528849074 2.50758656442067 2.35131689390026 2.30517730268888 2.86531174979986 2.31223590064205 2.2276133106917 3.36111045452674 4.88528739540961 4.88528739540961 0.931166735061332 4.88528739540961 4.88528739540961 4.88528739540961
-9999 -9999 -9999 -9999 -9999 -9999 2.45482079462607 2.5893714082828 2.39683913299589 2.19310729173951 3.63789081175228 4.94362667019 4.94362667019 4.94362667019 4.94362667019 2.30480854818612 2.3140687119756 2.22930768213327 2.24111751141553 2.15828936032303 2.79227375114783 3.23225004579984 2.33484444455903 2.22947200718502 2.21044070658329 2.43686627652205 2.47606450483381 2.30331670685274 3.37774349504061 2.3195677592126 2.79633258123644 2.30890700513627 2.57368369841211 3.11716265637788 2.29157593315903 2.32491199593526 2.47503376785962 2.68343089085258 2.32952519114224 3.36111045452674 2.36618402617819 4.88815902972147 2.91239977630341 2.36414765996535 4.88528739540961 4.88528739540961
-9999 -9999 -9999 -9999 -9999 -9999 2.61661575162093 2.68875074684525 2.2141635131254 3.63575278296895 2.14930025832192 4.94362667019 4.94362667019 4.94362667019 4.94362667019 3.14191637635128 3.09689236123122 3.06732414990681 3.00129496030858 2.96817026165173 2.69243970271745 2.24212166632766 3.13586033047882 3.0778956982098 2.20914467958469 2.21638119174065 2.30776667048038 2.62126396007197 3.34018667615076 2.16098951513367 2.72313670892221 2.30804770301785 2.45828345319563 2.29243681386311 3.06374482439296 2.31412274717091 2.31616466682157 2.61523944709952 2.37454024404413 3.33615473178439 2.4007430496048 4.88386755286566 2.54652700574435 2.83893207306497 2.3255083473304 2.51224278274392
-9999 -9999 -9999 -9999 -9999 2.25676088552066 2.35328968793629 2.66262771014801 3.63118580009588 2.02702544463026 1.95945205951807 4.94362667019 4.94362667019 4.94362667019 2.30921731028792 2.66757985615435 2.19830988160933 2.40698367087361 2.3615300064531 2.95123814030243 2.17412027010887 2.62425276331734 2.520087116041 3.04396437572803 2.3295438635927 2.23345082753188 2.20021063350185 2.4609646602549 2.58955736599806 3.31005375978561 2.34339066334875 2.5426218087066 2.29975176191435 2.29993404718426 2.88632174709507 2.75108383374794 2.30831442665781 2.36022084011682 2.54905604809354 3.31512961811209 2.39829215628743 4.88376589350354 2.3764809106919 2.73715786833866 2.31736762416445 2.33446276402153
-9999 -9999 2.05195947993323 2.35785314242393 2.20956137823731 2.10703993026758 2.08791386561411 2.46514209441696 3.58896267766853 2.01329287533548 2.6138260684019 2.62247781544361 3.38463892965812 2.2837864456905 2.35538424204419 2.51657452259519 2.33741038667388 2.25524747939621 2.17929213034806 2.94197375186871 2.12923217461954 2.55338741779968 2.32911084717344 2.67881892364 2.99552621328306 2.41282235456213 2.26017422761396 2.23898018996207 2.54712154070814 3.30624475735116 3.26746302357415 2.21076182843159 2.31187099098121 2.32052809384902 2.83139758910283 2.20844868260855 2.57211470485027 2.35219259581227 2.43181381640336 3.24691595940288 2.4005376710186 4.88301431433152 2.36391904339164 2.35608581829635 2.45912593796253 2.30890203178064
-9999 2.27441596245277 2.59056677006535 2.24702060256069 1.95777663965391 2.20616829093369 3.56832471455729 3.57437918004241 2.12266873092202 1.98720825981755 2.59576736405287 2.28598387063011 2.76740909812625 3.31880798955061 3.26640415859291 2.35784399969735 2.47881291919462 2.27419244278945 2.59765040735494 2.81017298050385 2.46767228593402 2.30999420354338 2.33656013645734 2.60766848575543 2.21779344105379 2.73543932909067 2.14708687569279 2.09685339465643 2.33690060584057 2.31746302852716 2.60925104509166 3.26145084433408 2.58659271394413 2.22580400685951 2.8083784985045 2.25404081737303 2.49411290946386 2.31801802041593 2.40171887395717 3.20846279287027 2.26691794066705 4.88203741553431 2.33568373944111 2.33121300492481 2.16714052908499 2.5908228259534
-9999 2.24607189759183 2.36885928364436 3.53305931932072 3.53667125614902 3.56019917651219 2.21837240802971 2.33114074706717 2.3706799149833 2.5644383309365 2.29311443012386 2.62379838713768 2.38701264742427 2.691850415743 2.33584254317589 3.23016806459186 3.03862412097214 2.27244954883367 2.35630518610323 2.33638511163669 2.67986860866265 2.33123534019634 2.32727871150824 2.541913112083 2.23946476237748 2.68722133541217 2.63148249462241 2.50768221113799 2.11285048598085 2.10732225891936 2.44335823449476 2.3007575153344 3.20729953937355 2.2262207906813 2.2502961418967 2.74266309216874 2.27375120208527 2.24547704584891 2.97445108845638 2.98695808898362 2.24784266765103 2.27475477827595 4.88173227633552 2.92341432942616 2.30901084526404 2.48609888264069
