Archive - glowpa-model-master/Model input/Uganda/rivergeometry/river_flowvelocity_1may.asc
NCOLS 67 
NROWS 67 
XLLCORNER 29.500000001 
YLLCORNER -1.499999999 
CELLSIZE 0.0833333332985075 
NODATA_value -9999 
[rows 21 to 41 of 67, columns 0 to 45 of 67]
-9999 -9999 -9999 -9999 -9999 -9999 -9999 -9999 -9999 -9999 -9999 -9999 -9999 -9999 -9999 2.24537107504582 2.27005839023513 2.25641066371517 2.17389475772137 2.25018872396604 2.39045067641079 2.19845785323127 2.58623747162695 2.18637236829939 5.07321662942109 5.07428984202712 5.07468248213067 5.07372634374012 2.35688286233278 5.07186126268049 5.07243660019619 2.30564928640777 2.54808672035632 2.37580016477333 3.26451059546462 2.24137672715301 2.39434557581141 2.98212251740143 2.86631069701506 2.79045080471878 2.66650800258194 2.26962602488588 2.24437210320546 2.35001471677897 2.33312598983324 3.2037252852557
-9999 -9999 -9999 -9999 -9999 -9999 -9999 -9999 -9999 -9999 -9999 -9999 -9999 -9999 -9999 -9999 2.26198865873118 2.41471042117785 2.33135185091683 2.16364959746431 4.99135209959885 4.99135209959885 4.99135209959885 5.07215349638424 2.23283977250318 2.23341072995341 2.25851844391646 2.72925642911754 2.66043453774776 2.55634929079471 2.44727118645175 5.07229816064109 5.07286971272442 5.07262974107205 2.35963782715634 2.39253949794028 3.06574272827886 2.37453242219143 2.56071553986692 2.39070439184534 2.35967052344125 2.27147691090205 2.2429433688784 2.23168199878065 2.3224222244388 2.33890319414235
-9999 -9999 -9999 -9999 -9999 -9999 -9999 -9999 -9999 -9999 -9999 -9999 -9999 -9999 -9999 -9999 -9999 2.28660877858982 4.99135209959885 4.99135209959885 4.99135209959885 4.99135209959885 4.99135209959885 2.50076836376062 2.39892770367432 2.60055594586016 2.43409483411297 2.67299576191553 2.37150898267769 2.37959738512322 2.31704697657257 2.32246311017621 2.67702703794013 5.06602673101122 2.34390630022513 2.54312748900904 3.1512044412256 2.55210880339309 2.38078764229125 2.35267313926281 2.26589613571585 2.24723026459829 2.4853619572306 2.6676559888371 2.33925810198951 2.24658303219527
-9999 -9999 -9999 -9999 -9999 -9999 -9999 -9999 -9999 -9999 -9999 -9999 -9999 -9999 -9999 2.19657281055067 2.14063390282 4.99135209959885 4.99135209959885 4.99135209959885 4.99135209959885 4.99135209959885 4.99135209959885 4.99135209959885 3.16051886853818 3.05805967475767 3.01340293374458 2.53151184385283 2.46693133990929 2.19462309799566 2.30826010651648 2.31804738010803 2.32583071506084 2.74208114541823 5.06628827802306 3.16075969378323 2.35637560461451 2.3139155834495 2.31874900887721 2.71259117978036 2.52465890529383 2.24853880247808 2.92009156905974 2.72124879335907 2.26684765963972 2.41880407265046
-9999 -9999 -9999 -9999 -9999 -9999 -9999 -9999 -9999 -9999 -9999 -9999 -9999 -9999 -9999 2.310528917098 4.99135209959885 4.99135209959885 4.99135209959885 4.99135209959885 4.99135209959885 4.99135209959885 4.99135209959885 4.99135209959885 2.48197022309246 2.33069587189558 2.36446404418586 2.77324147193891 2.34698105746171 2.47273841843586 2.31103500860646 2.31516368056869 2.32461154744426 5.06021768872772 3.02183571195693 2.95172526460174 2.91960998652578 2.85800887654407 2.77872221189694 2.43333270461807 2.44032839374246 2.27514094059883 3.01683455953565 2.50315930922326 2.26339623075803 2.27773663326775
-9999 -9999 -9999 -9999 -9999 -9999 -9999 -9999 -9999 -9999 -9999 -9999 -9999 -9999 -9999 4.99135209959885 4.99135209959885 4.99135209959885 4.99135209959885 4.99135209959885 4.99135209959885 4.99135209959885 4.99135209959885 2.41768397377205 2.85684644171332 2.39214544781142 2.39233918812921 2.7012063004622 2.29542502169379 2.71153044132679 2.46591750048349 2.47840954619056 2.3226010324266 5.05910403094059 5.05731908868238 2.51986503171766 2.35678446865763 2.31189943436529 2.3256178922929 2.64192927627714 2.59350184135626 3.15917087281786 2.3268613505436 2.63908525445799 2.49147842813892 2.39981154478741
-9999 -9999 -9999 -9999 -9999 -9999 -9999 -9999 -9999 -9999 -9999 -9999 -9999 -9999 -9999 4.99135209959885 4.99135209959885 4.99135209959885 4.99135209959885 4.99135209959885 4.99135209959885 4.99135209959885 4.99135209959885 2.20377298272773 2.70091590815479 2.36608483856671 2.32376303457248 2.31576182222795 2.32609678881127 2.31427630116376 2.84676434400833 5.05913794048039 5.05913794048039 5.05913794048039 2.29959680598935 2.31331256817083 2.37139379436423 2.63340937040486 2.80269992734785 3.39136256301676 3.33795564382852 2.97437240489449 2.36785384055723 2.70089180418787 4.99098554028376 4.99098554028376
-9999 -9999 -9999 -9999 -9999 -9999 -9999 -9999 -9999 -9999 -9999 -9999 -9999 -9999 4.99135209959885 4.99135209959885 4.99135209959885 4.99135209959885 4.99135209959885 4.99135209959885 4.99135209959885 4.99135209959885 2.71390984914996 2.58595895660474 2.65092948382082 2.5796642830989 2.31616201854306 2.67559057722511 2.3063477699076 2.27276777624695 2.45808053811577 5.05913794048039 5.05913794048039 5.05913794048039 3.53985844336277 2.51688217334112 2.33598856180596 2.4880818099643 3.46689524547335 2.40349925446793 2.35810486359643 2.85732123526622 2.79768295325301 2.29825146288308 4.99098554028376 4.99098554028376
-9999 -9999 -9999 -9999 -9999 -9999 -9999 -9999 -9999 -9999 -9999 4.99135209959885 4.99135209959885 4.99135209959885 4.99135209959885 4.99135209959885 4.99135209959885 4.99135209959885 4.99135209959885 4.99135209959885 4.99135209959885 2.35624762236991 2.35126768966921 2.28099379734735 2.29563225294602 2.47721274733487 2.30024820947981 2.72844382216858 2.28051446867772 2.19946823083626 2.49725551190637 5.05913794048039 5.05913794048039 5.05913794048039 4.99098554028376 3.51519689781522 3.50177075639899 3.49127550184602 4.99098554028376 4.99098554028376 4.99098554028376 4.99098554028376 4.99098554028376 4.99098554028376 4.99098554028376 4.99098554028376
-9999 -9999 -9999 -9999 -9999 -9999 -9999 -9999 -9999 -9999 2.42351818043112 4.99135209959885 4.99135209959885 4.99135209959885 4.99135209959885 4.99135209959885 4.99135209959885 4.99135209959885 4.99135209959885 4.99135209959885 2.43420847311478 2.26741105640245 2.25179615498608 2.42619272926162 2.29091583743805 2.26017634857946 2.48690997450503 2.86110221908171 2.45130988550591 2.11210410097186 3.92405578303347 2.5868444980193 2.32054021486242 2.66047186641018 4.99098554028376 4.99098554028376 4.99098554028376 4.99098554028376 4.99098554028376 4.99098554028376 4.99098554028376 4.99098554028376 4.99098554028376 4.99098554028376 4.99098554028376 4.99098554028376
-9999 -9999 -9999 -9999 -9999 -9999 -9999 -9999 -9999 -9999 4.99135209959885 4.99135209959885 4.99135209959885 4.99135209959885 4.99135209959885 4.99135209959885 4.99135209959885 4.99135209959885 2.25701082613508 2.82396061667556 2.29554001758746 2.29637955598732 2.30564064775216 2.29336712121642 2.70119884799685 2.48003489014205 2.93169952508205 2.89630321767045 3.82064490629004 3.9214269070564 3.3495567707677 2.36639220109044 2.37521484965945 2.3641900285228 2.61411834825337 2.48093227418943 4.99098554028376 4.99098554028376 4.99098554028376 4.99098554028376 4.99098554028376 4.99098554028376 4.99098554028376 4.99098554028376 4.99098554028376 4.99098554028376
-9999 -9999 -9999 -9999 -9999 -9999 -9999 -9999 -9999 2.39556833852061 4.99135209959885 4.99135209959885 4.99135209959885 4.99135209959885 4.99135209959885 4.99135209959885 4.99135209959885 2.60531486100289 2.30250806079168 2.78419436145621 2.64691472071983 2.47328407602657 2.31202319715565 2.34333193913567 3.44322818423037 3.46924113621696 2.96450452224189 3.81292717082756 2.26205789198001 2.26490278963257 2.31642642288304 3.32157999212122 2.40220804387886 2.41360122400579 2.38632084259035 2.36801736860432 4.99098554028376 4.99098554028376 4.99098554028376 2.34636848040086 4.99098554028376 4.99098554028376 4.99098554028376 4.99098554028376 4.99098554028376 4.99098554028376
-9999 -9999 -9999 -9999 -9999 -9999 -9999 -9999 -9999 2.3773118890195 4.99135209959885 4.99135209959885 4.99135209959885 4.99135209959885 4.99135209959885 4.99135209959885 2.33701081899607 2.46642061029777 2.21067186580244 2.21057676108373 2.25642916777579 2.25597158135969 3.3496139886108 3.40029073920568 2.61877280426476 2.2651931835386 3.55659868154073 2.2482872170842 3.53838898890888 2.94131416398936 2.3965109206059 2.31714054433959 3.31378745745254 2.57908483232363 2.41024696932537 2.35043990533164 2.93196718935788 2.35953597754008 2.27949749704786 3.40551036245635 4.99098554028376 4.99098554028376 1.48741827001513 4.99098554028376 4.99098554028376 4.99098554028376
-9999 -9999 -9999 -9999 -9999 -9999 2.45752049744855 2.59215203769275 2.39974107230331 2.20044643018544 3.71868354788759 4.99135209959885 4.99135209959885 4.99135209959885 4.99135209959885 2.35075560321411 2.34977763240458 2.26402823436108 2.25957528535278 2.16826624090056 2.84968379904692 3.30017989679343 2.35620582667637 2.26576377761678 2.25707918986138 2.49280622266868 2.5313672668127 2.34806357591357 3.45471852773466 2.37256111621788 2.87461938648122 2.37185218854298 2.64816816789045 3.19803096792064 2.34725251659727 2.38136170504924 2.53112698344635 2.74683117877639 2.38170317092747 3.40551036245635 2.37051549821836 4.97614301557306 3.00257261708259 2.43798825319049 4.99098554028376 4.99098554028376
-9999 -9999 -9999 -9999 -9999 -9999 2.61919337544606 2.69162073411085 2.22094628640221 3.71786521543352 2.17924535345241 4.99135209959885 4.99135209959885 4.99135209959885 4.99135209959885 3.23593121865833 3.19085592921959 3.15833622138564 3.09288909563145 3.06200416765678 2.7592436011824 2.24340085430149 3.19933268308384 3.14067062635892 2.23866649963022 2.26914760064611 2.35313130803446 2.68172362643025 3.41370462567612 2.2232643541394 2.79440334760128 2.36043942590735 2.52695398266216 2.35808988914504 3.14003901956655 2.37136451082349 2.37367110089415 2.67544667659493 2.42406891451958 3.37427273184868 2.42024548906604 4.9721620956632 2.61755587115904 2.9209999009926 2.39392122390684 2.58079588266542
-9999 -9999 -9999 -9999 -9999 2.26014647238948 2.35709946928848 2.6652911972445 3.71535218997971 2.05684300370891 2.01294263908381 4.99135209959885 4.99135209959885 4.99135209959885 2.37655333635336 2.77050369396243 2.27175029977322 2.46175444414758 2.41773739782916 3.04341302091675 2.17539056860605 2.70070578636901 2.56824881739193 3.10823751677329 2.34280036727187 2.27923398699216 2.26394031172861 2.51459638174438 2.64202360721881 3.38046473638401 2.40476732080052 2.60661873256684 2.34634405146131 2.34648361790786 2.96739703192775 2.79616711845128 2.36341205610773 2.40782012983952 2.60242708559149 3.35229416149025 2.42208778323426 4.97266253358105 2.43846254224092 2.8135721702386 2.38029979303851 2.39505414036273
-9999 -9999 2.04985850041723 2.3564851116898 2.208512117055 2.10773979552215 2.0926951116454 2.47089019883847 3.68187235384741 2.0482863300816 2.67202144369565 2.69192013692612 3.47997319166955 2.35305402432787 2.43613614021326 2.61032765933786 2.42201533195297 2.33426962441932 2.27288459775857 3.03061054091682 2.21516675875653 2.64070389598638 2.40869148349414 2.75693861885633 3.06369566854435 2.43237505198497 2.28381748300791 2.28189124633715 2.59567184319474 3.37368045811579 3.33155325235329 2.27570158326112 2.36819194394631 2.36804768769287 2.91210845018003 2.24230009964035 2.59885094020965 2.39553983618495 2.49440527577277 3.27495122922006 2.42817460092447 4.97235629077263 2.42020473096115 2.41736753264 2.53072053909144 2.36750731741719
-9999 2.27708078056895 2.59009832393936 2.24790280694717 1.95567426868697 2.20626447369231 3.66438019286825 3.66986474505646 2.09978164104963 2.03986159291613 2.6371821562755 2.31897608859225 2.80016902648934 3.42084111997219 3.36944976367796 2.42053031551323 2.5724926275176 2.3656175078859 2.66502702146179 2.88841716719211 2.53301884518354 2.37799350179501 2.39875620031057 2.68443472851927 2.28220367910535 2.78945348564912 2.14757103720481 2.09784775477921 2.35946619033491 2.36567636680666 2.65301686975999 3.32356646021951 2.63757597110984 2.26846352346175 2.88664845876054 2.29070670274071 2.505041413361 2.3401759536894 2.43201606532032 3.23509800870869 2.28377048893982 4.97166311125651 2.39020257233365 2.40180345483194 2.26748535720993 2.64626914021586
-9999 2.24724370453006 2.37133261390045 3.63490087558035 3.63734991221759 3.65778402088817 2.24917680928755 2.37600971958063 2.37545555799355 2.59456426012513 2.31889778244823 2.64622071736764 2.39331666861648 2.71425735620052 2.35483077019304 3.33101169926033 3.14125872942861 2.34707077047971 2.41699682465527 2.36834847992669 2.74743234579568 2.38470459671132 2.37407970835526 2.61256358314831 2.29071327593758 2.74725972886196 2.69550409967794 2.55111246057807 2.11369509930475 2.12670794815309 2.47405634890523 2.34172706029907 3.2635035463588 2.24974310978032 2.28790944697482 2.82423166371694 2.27607356820883 2.24808295007972 2.99230457372438 3.0172391959478 2.26158091880155 2.27899285948775 4.97169203209518 2.96793637500596 2.36383625315884 2.53499307573079
2.15389015181227 2.06387053554679 3.61407579767053 3.620329783374 1.91521045329763 2.70907106365362 2.13308362796207 2.24863511924888 2.28443361303356 2.25114170019501 2.21360938448389 2.38185308907326 2.35386261820281 2.64651559896312 2.36848448990929 2.96529943803642 2.80232966617236 2.9559551549221 2.42506655796262 2.42175710957119 2.39597787510117 2.56066289980829 2.38403063859026 2.33325427940153 2.35792283431721 2.30780158999257 2.40215644788515 2.46422397641058 2.27172831566968 2.09394959212509 2.345560916682 2.22849984441565 3.21854846951906 2.59211541109081 2.41846637298383 2.74012695549065 2.28570328125361 2.26284605555416 2.26175709516904 2.9092284236403 2.97952639407053 2.27801953214582 4.96837526470167 2.54897038304878 2.75869655440904 2.35804935955786
2.19531807276151 2.36845685827441 3.60205226882111 2.59090612830131 2.57305143491289 2.62834335347314 2.30304387718985 2.26891049279056 2.32038672290743 2.64039616843507 2.7246440297971 2.28372879847675 2.36690486965154 2.37539565982595 2.53051214590828 2.80183562584171 2.360470083237 2.74132529514706 2.91955130129484 2.82691587783913 2.62885025770624 2.5582663472003 2.37149678680587 2.52844030696849 2.50614289098567 2.38514848994487 2.09057025997628 2.20982591507447 2.18041575244543 2.211499640455 2.31922057579575 2.61015133503681 3.1631577742685 2.32820019111438 2.31853045436269 2.30887079609362 2.45722698291283 2.25323818355403 2.8210279702686 2.42379276254379 2.93474225395749 2.62791819393668 4.9686230470284 2.39374917256356 2.69238816712935 2.32328101941924
