Archive - glowpa-model-master/Model input/Uganda/rivergeometry/river_flowvelocity_1jul.asc
NCOLS 67 
NROWS 67 
XLLCORNER 29.500000001 
YLLCORNER -1.499999999 
CELLSIZE 0.0833333332985075 
NODATA_value -9999 
[rows 0 to 19 of 67, columns 0 to 45 of 67]
-9999.000000000000000 -9999 -9999 -9999 -9999 -9999 -9999 -9999 -9999 -9999 -9999 -9999 -9999 -9999 -9999 -9999 -9999 -9999 -9999 -9999 -9999 -9999 -9999 -9999 -9999 -9999 -9999 -9999 -9999 -9999 -9999 2.21933299957819 2.2157255583567 -9999 -9999 -9999 -9999 -9999 -9999 -9999 -9999 -9999 -9999 -9999 -9999 -9999
-9999 -9999 -9999 -9999 -9999 -9999 -9999 -9999 -9999 -9999 -9999 -9999 -9999 -9999 -9999 -9999 -9999 -9999 -9999 -9999 -9999 -9999 -9999 -9999 -9999 -9999 -9999 -9999 -9999 2.23476540516709 2.35921636617759 2.1878788984162 2.45578839247082 2.1773369700589 2.19226744937625 2.17407871220596 2.29959811654953 2.28411522889766 2.16746989390971 2.21110551091643 -9999 -9999 -9999 -9999 -9999 -9999
-9999 -9999 -9999 -9999 -9999 -9999 -9999 -9999 -9999 -9999 -9999 -9999 -9999 -9999 -9999 -9999 -9999 -9999 -9999 -9999 -9999 -9999 -9999 -9999 -9999 -9999 -9999 -9999 -9999 2.58331357132718 2.14812875511536 2.51064838585002 3.07833399237217 3.04879204103565 2.15869138727199 2.97518458612009 2.93051381098981 2.84926791251221 2.64851205385159 2.49680244588631 2.19666630625818 2.29197210341416 2.35269943027185 -9999 -9999 -9999
-9999 -9999 -9999 -9999 -9999 -9999 -9999 -9999 -9999 -9999 -9999 -9999 -9999 -9999 -9999 -9999 -9999 -9999 -9999 -9999 -9999 -9999 -9999 -9999 -9999 2.28582452782293 -9999 -9999 -9999 2.62729283250784 2.11660567062668 3.13285115435913 2.15098878013732 2.1552523004366 3.02869339949467 2.35852046658735 2.22710356550591 2.24959389569001 2.5040235530006 2.34343641447364 2.29668733084275 2.36338468354695 2.57454085694934 -9999 -9999 -9999
-9999 -9999 -9999 -9999 -9999 -9999 -9999 -9999 -9999 -9999 -9999 -9999 -9999 -9999 -9999 -9999 -9999 -9999 -9999 -9999 -9999 -9999 2.22199137087369 -9999 -9999 2.42971216280655 -9999 -9999 -9999 5.13755280502199 4.06386146185436 4.02346875555344 2.54876992040716 2.4582015244717 2.29167954315685 2.17886198120096 2.26619860085856 2.56792394155404 2.46550018542002 2.30928810799158 2.5998668247441 2.3037750472646 2.68075958111132 2.19489754399368 -9999 -9999
-9999 -9999 -9999 -9999 -9999 -9999 -9999 -9999 -9999 -9999 -9999 -9999 -9999 -9999 -9999 -9999 -9999 -9999 -9999 -9999 -9999 2.39563184196048 2.50095384567842 2.390755917325 2.51082793104136 2.20286940296391 5.07052171510863 5.07052171510863 5.08288356639018 5.08288356639018 2.14435856994167 4.01862694614029 3.21299302296504 3.18118724014898 2.29759079993875 2.78006487448811 2.73053114033816 2.42395686072729 2.32230117935611 2.31242233238796 2.27264833908308 2.71719758899759 2.751950992358 2.20365295235082 -9999 -9999
-9999 -9999 -9999 -9999 -9999 -9999 -9999 -9999 -9999 -9999 -9999 -9999 -9999 -9999 -9999 -9999 -9999 -9999 -9999 2.27857339773812 2.80739517633013 2.862959196941 3.00885611734195 3.06686661553839 2.67936746958224 2.1501571461579 5.07052171510863 5.07052171510863 5.08288356639018 5.08288356639018 3.4270114117215 2.1736694038866 3.97033513620013 2.46822279932055 3.16905476211102 2.95366036031611 2.91864460926537 2.74219301140141 2.3188677743991 2.46698014314328 2.55174752815304 2.80278724322283 2.99730182169308 2.16449211656719 -9999 -9999
-9999 -9999 -9999 -9999 -9999 -9999 -9999 -9999 -9999 -9999 -9999 -9999 -9999 -9999 -9999 -9999 -9999 2.47001530037037 2.56947033322557 2.69343965646622 2.25336066496126 2.38217506529941 2.40119838909069 3.07540408877498 2.03319361658786 2.71478462252018 5.07029680960966 2.25114220927436 2.56544906916807 2.63225984170636 3.20038474885565 3.16682339525711 3.96975386557236 2.22295201601028 2.36106134646862 2.57247072774118 2.57798683218664 2.40788804422587 2.26965798634224 2.25879063031958 2.66730320317784 2.19230364961869 3.03848550999028 2.19635552716756 2.17704766945248 -9999
-9999 -9999 -9999 -9999 -9999 -9999 -9999 -9999 -9999 -9999 -9999 -9999 -9999 -9999 -9999 -9999 -9999 2.46419318277553 2.28997249418165 2.25980431679791 2.26046941644619 2.49822514669237 2.56291851584851 3.16544801356889 3.178513064269 5.06959362382132 2.29112459766967 2.31716028012636 2.48139046946866 2.58128392098444 3.18994950376538 3.15331930449395 2.3487201716814 3.96792069397507 2.50213628351736 2.3918216062162 2.41067127215247 2.41366847398854 2.42992046831512 2.26199479700208 2.22730649514093 3.46639973962895 2.19587532583883 2.45109992940005 2.19174500508044 2.15443409936755
-9999 -9999 -9999 -9999 -9999 -9999 -9999 -9999 -9999 -9999 -9999 -9999 -9999 -9999 -9999 -9999 -9999 2.58428348913538 2.65349398433704 2.79299665463332 2.3954209745265 2.57325189655563 2.56916757631255 2.14703196139171 5.06389425473352 2.30162332098162 2.63402551514641 2.24517411408962 2.48064420114783 2.86209257079388 3.13123622321266 2.35248532043294 3.11759359020505 3.96735125535341 3.96190689375631 2.26983465022872 2.39833539149675 2.77491404429666 2.38746042813187 2.44780484954831 3.48973738795598 3.47027184180603 3.29745941563575 2.5435353798121 2.17584090995222 3.16567477504949
-9999 -9999 -9999 -9999 -9999 -9999 -9999 -9999 -9999 -9999 -9999 -9999 -9999 -9999 -9999 -9999 2.29813024010021 2.46947783392306 2.85895098547604 3.05449320058746 3.14372604593366 3.15329027504563 3.21721899711732 2.64202892112453 5.06433623648809 2.87067662209948 2.36759008440759 2.36567924017683 2.55982473701652 2.68427748978604 2.89678499141659 2.37108400372547 3.07505340092571 2.37960019602672 2.2746164978428 3.95925542323961 2.81258430758519 2.4093501961402 3.53931900062231 3.53440710818195 2.42650253547392 2.26218403547349 2.245397712316 3.2534283333748 3.20390943947924 2.23011031709816
-9999 -9999 -9999 -9999 -9999 -9999 -9999 -9999 -9999 -9999 -9999 -9999 -9999 -9999 -9999 -9999 2.30505046117696 2.73572151122647 2.30375252971228 2.47008392617568 2.42165802996578 2.22298906081261 2.13514019830687 5.06163146414811 2.37698087678258 2.82349179297152 2.75876132234267 2.39428010520516 2.40234387725574 2.5961661495864 2.79692681177644 2.85488998211598 3.01991932023753 2.38999219438549 2.41039542462154 3.73133141081562 3.59775432140131 3.59418035349785 2.87674633806455 2.27912612864283 2.6646571470041 2.59991631212199 2.2400432871504 2.60676697232215 2.22411531905431 2.23019289483619
-9999 -9999 -9999 -9999 -9999 -9999 -9999 -9999 -9999 -9999 -9999 -9999 -9999 -9999 -9999 2.30635705630767 2.60179523965085 2.35827249892986 2.51516493899329 2.79666296288141 2.29283320471428 2.3952236925325 5.05605694712695 5.05605694712695 2.38449463810038 2.38940992764934 2.39048462831728 2.40781620320857 2.41443407014429 2.51919893704112 2.42589947216408 2.62398968542235 2.92663774896476 2.25421539177196 2.29734481527015 2.65847377953789 3.70899577510785 2.2568000694691 2.4176548991718 2.77150502200029 2.28194528602233 2.42748129758197 2.25109957706524 2.48508948381201 2.18216060559139 2.10776698529613
-9999 -9999 -9999 -9999 -9999 -9999 -9999 -9999 -9999 -9999 -9999 -9999 -9999 -9999 -9999 -9999 2.35839208278515 2.37686685691166 2.53182195955782 2.44244211300637 2.8191489927402 2.01788710985421 5.05605694712695 5.05605694712695 2.56808606341064 2.40211274021562 2.60589878874736 2.43453327150117 2.42484115457008 2.25068448623811 2.2772068546463 2.48702156677255 2.90377622250781 2.59912687320407 2.29490195864779 2.3276104892026 3.70597279190418 2.29000902341448 2.29215720947975 2.72881799705206 2.41304221960671 2.27311788553939 2.25994454236284 2.3991033520705 2.18240699956636 2.52647366242172
-9999 -9999 -9999 -9999 -9999 -9999 -9999 -9999 -9999 -9999 -9999 -9999 -9999 -9999 -9999 -9999 -9999 2.36399581631574 2.58786888060011 2.75058011744334 2.76794623727071 3.02068758685647 5.05314721893379 2.66080951079617 2.5612759602357 2.7051847027024 2.40936466526314 2.66580073925109 2.29742689565465 2.29529649394062 2.31714139612516 2.32799166111002 2.74403685931754 2.50007856309773 2.33769606971161 2.33939159791084 2.73614740129639 3.67814159491154 2.33873273262256 2.31522983826685 3.31057760276919 2.24543955352111 2.48118583452431 2.32113669589397 3.22310213507537 2.5272274688601
-9999 -9999 -9999 -9999 -9999 -9999 -9999 -9999 -9999 -9999 -9999 -9999 -9999 -9999 -9999 -9999 2.43702457228581 2.57087278661633 2.35978927281677 2.55441068698013 2.60661693437268 2.61647132736306 5.04940926091613 2.32844343102534 3.04146336385803 3.0300846579036 2.81276740418957 2.40537722914038 2.24449515564157 2.55914708078538 2.56730776299193 2.29584242945182 2.35522932988663 2.60913187130742 2.44460180782478 2.51787835349375 2.60343842670746 2.5801849720816 3.65728143504717 3.34238738647921 2.52925387624967 3.30368056142274 3.26460380668746 3.24618074061965 2.3052253741784 3.17078025683867
-9999 -9999 -9999 -9999 -9999 -9999 -9999 -9999 -9999 -9999 -9999 -9999 -9999 -9999 -9999 -9999 2.43697198590734 2.86182512436517 2.98470052249681 2.38121368749872 3.23563200947682 3.31490004832589 3.31462413515619 5.04988621441612 2.30720469236637 2.33333077001679 2.36035550184793 2.37692571563884 2.84350472891493 2.78533225779738 2.27892186998709 2.29989329148058 2.43771478457268 2.39173355168576 2.54765228575775 2.35080261465393 2.32329007164937 2.28054936581883 2.67761682034351 3.42791033079752 2.266064047254 2.37513038218645 2.19754808550486 2.17842852527138 2.17934568830785 2.31969829548717
-9999 -9999 -9999 -9999 -9999 -9999 -9999 -9999 -9999 -9999 -9999 -9999 -9999 -9999 -9999 2.40848228641352 2.74257871536007 2.314706253862 2.96742527838755 3.21011436157025 2.82862405409814 2.2043753349977 2.20643281663575 5.0381211576948 3.09268911209923 3.04129910830858 2.99298259053864 2.93042308058573 2.89461574271064 2.23905087186509 2.4749634334345 2.33528966927696 2.30774281403311 2.79204766647503 2.31040287037867 2.49359637131775 2.29410616929364 2.54038071690008 2.61244038599031 3.42185744545183 3.41655237825333 2.17614794564944 2.17860356100278 2.19278690906043 2.31904399696863 2.15814555830669
-9999 -9999 -9999 -9999 -9999 -9999 -9999 -9999 -9999 -9999 -9999 -9999 -9999 -9999 -9999 2.31788140717522 2.65104313444331 2.30364367484202 2.88112555980708 2.46552217500993 2.80428029111214 2.16987575226148 2.41011167291296 5.03840918621396 2.20239881090156 2.28463828074104 2.31468650085339 2.45246133140833 2.21255306826123 2.23562950896824 2.65311578430844 2.31755978805732 2.33664004100707 2.50478747788361 2.93452596130268 2.30117055255631 2.32122319717068 2.27558846538013 2.25803494688103 2.42728190829541 2.70468331198634 3.36179865874084 2.14584284911404 2.56652062194818 2.43058645524031 2.13753871097035
-9999 -9999 -9999 -9999 -9999 -9999 -9999 -9999 -9999 -9999 -9999 -9999 -9999 -9999 -9999 2.27951278320389 2.68970152951531 2.8512228539156 2.26288575483063 2.61597774268785 2.21985962552564 2.1223219748318 2.20992921794041 2.1495626334496 5.0341743460461 2.17257463450043 2.70025775934925 2.30275173581292 2.20433608829008 2.92452473445142 2.71259921213232 2.61067278244406 2.40829964383871 2.61871957549486 3.04590256259515 2.51357054806237 2.52099574807208 2.41807582307519 2.24858186400099 2.24232944501913 2.47658286602785 2.33566014892037 3.34654892632902 3.26619534353187 2.41140256065626 2.14624787177804
