Archive - glowpa-model-master/Model input/Uganda/rivergeometry/river_depth_1may.asc
NCOLS 67 
NROWS 67 
XLLCORNER 29.500000001 
YLLCORNER -1.499999999 
CELLSIZE 0.0833333332985075 
NODATA_value -9999 
[rows 20 to 39 of 67, columns 0 to 44 of 67]
-9999 -9999 -9999 -9999 -9999 -9999 -9999 -9999 -9999 -9999 -9999 -9999 -9999 -9999 -9999 0.392395831986558 0.281652354641676 0.293878376546864 0.343071192760727 0.267077956520083 0.248288659523404 0.301487553558861 0.396363765573968 0.436951964273931 0.538955361899599 0.506056086677932 0.271349800251897 0.342924408371856 4.09157379073138 0.679695765637408 0.264063503723882 0.269632319199254 0.333878910882218 0.334192439548621 0.898355976026974 0.884477446424637 0.491377726224339 0.334939997426521 0.265296933155021 0.303936387361236 0.325191528019483 0.328540042392337 0.366654971159493 0.386361674652106 0.931877178567963
-9999 -9999 -9999 -9999 -9999 -9999 -9999 -9999 -9999 -9999 -9999 -9999 -9999 -9999 -9999 0.268080861741379 0.278062261329027 0.272512707940513 0.240600231737171 0.27000864590504 0.330499855187162 0.249809707254453 0.430000042606372 0.2452481797415 4.08997479418549 4.09286803663734 4.09392690190927 4.0913487393037 0.315237904122201 4.08632294934054 4.08787283599618 0.292906505624247 0.409158179534114 0.323776632462238 0.936754463327114 0.266489853489619 0.332303582072915 0.692253586557737 0.606395318928902 0.55438566024885 0.476263112496697 0.27788524505355 0.267682333816757 0.312177274103658 0.304739866339943
-9999 -9999 -9999 -9999 -9999 -9999 -9999 -9999 -9999 -9999 -9999 -9999 -9999 -9999 -9999 -9999 0.274771406717087 0.341847045548359 0.303965857416222 0.236830321376417 3.87347445986644 3.87347445986644 3.87347445986644 4.0871101385776 0.263111663708668 0.263336657531349 0.27336467611741 0.51477504085176 0.47264622067624 0.41361059372797 0.357502428103404 4.08749985967117 4.0890398582768 4.08839322549859 0.316471478516893 0.331466332312098 0.759306372055323 0.323199401847634 0.415977074659774 0.3306171412976 0.316486139020627 0.278643578047769 0.267113079139166 0.262655840334447 0.300091009992723
-9999 -9999 -9999 -9999 -9999 -9999 -9999 -9999 -9999 -9999 -9999 -9999 -9999 -9999 -9999 -9999 -9999 0.28489780788185 3.87347445986644 3.87347445986644 3.87347445986644 3.87347445986644 3.87347445986644 0.384304644903867 0.334434383899769 0.438010657442257 0.351107954334402 0.480148108076215 0.32182567631175 0.325509912122907 0.297775287566325 0.300108672274375 0.482573270830987 4.07062871543888 0.309472751992658 0.406502014372756 0.832409488585139 0.411321322548166 0.326054552996891 0.313359456261495 0.276361455606578 0.268823670152283 0.376446491899285 0.47694893856436 0.307425780799846
-9999 -9999 -9999 -9999 -9999 -9999 -9999 -9999 -9999 -9999 -9999 -9999 -9999 -9999 -9999 0.249094338050884 0.228512523796327 3.87347445986644 3.87347445986644 3.87347445986644 3.87347445986644 3.87347445986644 3.87347445986644 3.87347445986644 0.840663672418091 0.752963384709748 0.71682871191018 0.400328013355314 0.367194596687439 0.248355938593796 0.294016812391663 0.298205321678214 0.301565951208703 0.522906424054667 4.07133134149805 0.840877842538526 0.315011140286998 0.296432034451632 0.298507183838534 0.504341548496094 0.396716500343046 0.26934733893554 0.645276242328483 0.509743068836871 0.276749628356117
-9999 -9999 -9999 -9999 -9999 -9999 -9999 -9999 -9999 -9999 -9999 -9999 -9999 -9999 -9999 0.294984064995338 3.87347445986644 3.87347445986644 3.87347445986644 3.87347445986644 3.87347445986644 3.87347445986644 3.87347445986644 3.87347445986644 0.374731764340713 0.303680020728893 0.318640633877867 0.543037766248396 0.310832049577111 0.370092263514682 0.295200128715531 0.296966912327748 0.301037803863278 4.05504506359632 0.723557027824943 0.668943995597905 0.644920537119025 0.600543567700845 0.546633942985223 0.350740564755297 0.354123015014964 0.280149056193388 0.719561409957857 0.385534382473153 0.275343441631538
-9999 -9999 -9999 -9999 -9999 -9999 -9999 -9999 -9999 -9999 -9999 -9999 -9999 -9999 -9999 3.87347445986644 3.87347445986644 3.87347445986644 3.87347445986644 3.87347445986644 3.87347445986644 3.87347445986644 3.87347445986644 0.343256409176754 0.599727367287292 0.331283857810646 0.331373565178806 0.497299705767391 0.288586697929559 0.503682520374197 0.366690337887447 0.372937523947772 0.300168258857 4.05206228877807 4.04728478150313 0.394203734886374 0.315193909399863 0.295569431200913 0.301473708947662 0.461744613311051 0.43405121620627 0.839465582013788 0.302012932095064 0.460084950076527 0.379552627948146
-9999 -9999 -9999 -9999 -9999 -9999 -9999 -9999 -9999 -9999 -9999 -9999 -9999 -9999 -9999 3.87347445986644 3.87347445986644 3.87347445986644 3.87347445986644 3.87347445986644 3.87347445986644 3.87347445986644 3.87347445986644 0.251834538964385 0.4971209973276 0.319371435186331 0.300670608187324 0.297223488351566 0.301681301487455 0.296586552287759 0.592680832858054 4.05215308797682 4.05215308797682 4.05215308797682 0.290343867762094 0.296173851509514 0.321773420592517 0.456785225318244 0.562563318096447 1.06408229421161 1.00908735457824 0.68625734446618 0.32017040184282 0.497106165685623 3.87252354072204
-9999 -9999 -9999 -9999 -9999 -9999 -9999 -9999 -9999 -9999 -9999 -9999 -9999 -9999 3.87347445986644 3.87347445986644 3.87347445986644 3.87347445986644 3.87347445986644 3.87347445986644 3.87347445986644 3.87347445986644 0.50516166935255 0.429845250740297 0.467024442885925 0.426357230604221 0.297395241400968 0.481708132754335 0.293203262139389 0.27917332075762 0.362808788275336 4.05215308797682 4.05215308797682 4.05215308797682 1.22799499258094 0.392645876756094 0.305991640159865 0.37782550988913 1.14540040275456 0.336569791953976 0.315784655747692 0.600060648282575 0.559203777750153 0.28977638779725 3.87252354072204
-9999 -9999 -9999 -9999 -9999 -9999 -9999 -9999 -9999 -9999 -9999 3.87347445986644 3.87347445986644 3.87347445986644 3.87347445986644 3.87347445986644 3.87347445986644 3.87347445986644 3.87347445986644 3.87347445986644 3.87347445986644 0.314953945336326 0.312734072335188 0.282565693137711 0.288673808045245 0.372335806411209 0.290618916320316 0.514262821029521 0.282367231753001 0.250193735271293 0.382502866627403 4.05215308797682 4.05215308797682 4.05215308797682 3.87252354072204 1.19962644920962 1.18437688562753 1.17255126864646 3.87252354072204 3.87252354072204 3.87252354072204 3.87252354072204 3.87252354072204 3.87252354072204 3.87252354072204
-9999 -9999 -9999 -9999 -9999 -9999 -9999 -9999 -9999 -9999 0.34603345182086 3.87347445986644 3.87347445986644 3.87347445986644 3.87347445986644 3.87347445986644 3.87347445986644 3.87347445986644 3.87347445986644 3.87347445986644 0.351162757865962 0.276979645241703 0.270654015811786 0.347311767054872 0.286695810798277 0.274036114205418 0.377230933292243 0.60271934172141 0.359478633508526 0.218488850627655 1.73300402742851 0.43033754845243 0.299278786628682 0.472668391783704 3.87252354072204 3.87252354072204 3.87252354072204 3.87252354072204 3.87252354072204 3.87252354072204 3.87252354072204 3.87252354072204 3.87252354072204 3.87252354072204 3.87252354072204
-9999 -9999 -9999 -9999 -9999 -9999 -9999 -9999 -9999 -9999 3.87347445986644 3.87347445986644 3.87347445986644 3.87347445986644 3.87347445986644 3.87347445986644 3.87347445986644 3.87347445986644 0.272755104777611 0.576957334765906 0.288635034432552 0.288988091592122 0.292902836738125 0.287722654523439 0.49729511893134 0.373755793029631 0.653891745798018 0.627869474076481 1.58498153036108 1.72912567023817 1.02085989264496 0.319510154513092 0.323510036122191 0.318517198664324 0.445694189669551 0.374208114073004 3.87252354072204 3.87252354072204 3.87252354072204 3.87252354072204 3.87252354072204 3.87252354072204 3.87252354072204 3.87252354072204 3.87252354072204
-9999 -9999 -9999 -9999 -9999 -9999 -9999 -9999 -9999 0.332871263134201 3.87347445986644 3.87347445986644 3.87347445986644 3.87347445986644 3.87347445986644 3.87347445986644 3.87347445986644 0.440696073019513 0.29157453152845 0.550241102512823 0.46466404708845 0.37036536151046 0.295622331985646 0.309219299419832 1.11946825557144 1.1479935241866 0.678675392286282 1.57430319522583 0.274799523498597 0.275956628863234 0.297508754491669 0.992632154511488 0.335965691631916 0.341322363747436 0.328594837429559 0.320244329660445 3.87252354072204 3.87252354072204 3.87252354072204 0.310560906613672 3.87252354072204 3.87252354072204 3.87252354072204 3.87252354072204 3.87252354072204
-9999 -9999 -9999 -9999 -9999 -9999 -9999 -9999 -9999 0.324465897269609 3.87347445986644 3.87347445986644 3.87347445986644 3.87347445986644 3.87347445986644 3.87347445986644 0.306439534811882 0.366940511630697 0.254479830555033 0.254443232039868 0.272520179203749 0.272335464653504 1.02091819326585 1.07347643275095 0.448352713600025 0.276074932529851 1.24751729994817 0.269246600546026 1.22629161937489 0.661088579693109 0.333309330918864 0.297815490230392 0.984868208399196 0.426037144438137 0.339739140237024 0.312366142167764 0.654091353580784 0.316425813789565 0.281946488075533 1.07899530960742 3.87252354072204 3.87252354072204 0.0676595268905115 3.87252354072204 3.87252354072204
-9999 -9999 -9999 -9999 -9999 -9999 0.362532514582066 0.433296446611865 0.334813618445903 0.250565926889497 1.44794096838347 3.87347445986644 3.87347445986644 3.87347445986644 3.87347445986644 0.31250642645078 0.312071996374473 0.275600558148929 0.273792555012984 0.238523942456966 0.594715283169725 0.971412782825038 0.314935268520259 0.276307490569485 0.272782725471872 0.380229288866672 0.400251583947305 0.311311606747131 1.13200631554308 0.32230325694821 0.612291809597698 0.321981408525853 0.465400085183 0.874487172782323 0.310952257675184 0.326317462249469 0.400124582837335 0.525940844257686 0.326473917241825 1.07899530960742 0.321375172948021 3.83415670334365 0.708251937877064 0.352989012419616 3.87252354072204
-9999 -9999 -9999 -9999 -9999 -9999 0.448593480848534 0.491424460672247 0.258455441344547 1.446876007527 0.242585712882322 3.87347445986644 3.87347445986644 3.87347445986644 3.87347445986644 0.909617896545921 0.867945221076122 0.838724349097085 0.782017938735877 0.756215226911286 0.533928391653118 0.267295263917941 0.875677723882049 0.823143351620454 0.265414105760463 0.27768946370707 0.313563517250413 0.48540948914602 1.08769943900243 0.259358381429866 0.557015255908075 0.316831040117502 0.397923456709772 0.31577795181252 0.82259006297909 0.32176013692492 0.322807635373823 0.48162152558214 0.346296408126238 1.04626149377396 0.34447374185455 3.82391180714506 0.447656557811826 0.645947526270652 0.332106730733056
-9999 -9999 -9999 -9999 -9999 0.274024004372013 0.315334770664898 0.475536927670137 1.44360903999565 0.199956630261831 0.186042200485955 3.87347445986644 3.87347445986644 3.87347445986644 0.324119909709179 0.541247603922682 0.278755711963511 0.364624823456912 0.343281767552904 0.740974411810247 0.241154140821293 0.496991715717875 0.420082351629854 0.795067427346322 0.308984858428354 0.281837539852596 0.27556477872163 0.391454999918446 0.461799733055362 1.05269398180692 0.337163804672761 0.441433845764601 0.310550097151286 0.310611856892617 0.680891727245466 0.55819149466444 0.318166929848685 0.338596875110345 0.439065153502324 1.02365170076678 0.345351140886267 3.8251986283657 0.353218640959969 0.569892253009967 0.325831244525883
-9999 -9999 0.197695654963683 0.31506008450878 0.253649617863239 0.216983174221489 0.211848522458896 0.369168290541272 1.40057654928248 0.197189204738918 0.479563255359214 0.491607232640074 1.15990910943041 0.313529089804494 0.352093308064858 0.443537209654816 0.345316606155575 0.305239534821042 0.279221296536122 0.730605121461221 0.256213781842199 0.46102901428853 0.339006693732624 0.532438722965501 0.757612711826947 0.350279304044776 0.283736797600959 0.282937536030554 0.435266546709043 1.04564766473775 1.00263128119477 0.280379915073222 0.320323264945905 0.320258037639383 0.639397499243164 0.26685705677349 0.43705133437547 0.332858022879389 0.381045308286752 0.946807917734715 0.348261145822533 3.82441112254024 0.344454348348742 0.343106233477336 0.399909822093807
-9999 0.280948402068214 0.432149836904814 0.269092728234097 0.16892956003823 0.252787635973039 1.37845492906734 1.38536446384053 0.2142563725884 0.194490787532496 0.458976712013774 0.298604926333687 0.560866776046513 1.09531997409031 1.04127033638446 0.344609289226273 0.422407486008201 0.319160599675615 0.47537937115708 0.622172382429844 0.401125285748896 0.324777012090843 0.334354458606992 0.487052001446588 0.283067067732636 0.553723528991732 0.230997659259069 0.213597386745904 0.316394527052924 0.319187148415229 0.468254992121942 0.994618174848115 0.459205889937024 0.277409692785659 0.620899613180479 0.286608323286877 0.386504345116521 0.307829229661916 0.350106504988423 0.908835120812758 0.283717279343209 3.82262902558605 0.330385191267039 0.335776558791559 0.277009989883028
-9999 0.268829045100015 0.321745668206131 1.34172958467182 1.34475416199953 1.37017699232403 0.269602924421837 0.32387211683668 0.323619654092236 0.43464593652582 0.298571218288876 0.464256871730779 0.331826426563224 0.505377950143912 0.314321243793287 1.00208651891496 0.82365876538082 0.310871772878074 0.34293036255422 0.320394055220874 0.526325759968552 0.327851392344213 0.322993446339541 0.444808609101468 0.286611072773551 0.526215216456959 0.493798781084747 0.410784727834215 0.219039558295674 0.223580402233934 0.370752120322137 0.308511873874469 0.935788733647232 0.269829926718873 0.285439942860007 0.577142488628528 0.280533162901697 0.269164828542833 0.700187105520697 0.719884113536017 0.274605857608471 0.281737871551265 3.8227033666052 0.681305549833716 0.318357883850256
