Archive - glowpa-model-master/Model input/Uganda/rivergeometry/river_flowvelocity_1may.asc
NCOLS 67 
NROWS 67 
XLLCORNER 29.500000001 
YLLCORNER -1.499999999 
CELLSIZE 0.0833333332985075 
NODATA_value -9999 
[rows 0 to 20 of 67, columns 0 to 45 of 67]
-9999.000000000000000 -9999 -9999 -9999 -9999 -9999 -9999 -9999 -9999 -9999 -9999 -9999 -9999 -9999 -9999 -9999 -9999 -9999 -9999 -9999 -9999 -9999 -9999 -9999 -9999 -9999 -9999 -9999 -9999 -9999 -9999 2.20007219014794 2.19537184419917 -9999 -9999 -9999 -9999 -9999 -9999 -9999 -9999 -9999 -9999 -9999 -9999 -9999
-9999 -9999 -9999 -9999 -9999 -9999 -9999 -9999 -9999 -9999 -9999 -9999 -9999 -9999 -9999 -9999 -9999 -9999 -9999 -9999 -9999 -9999 -9999 -9999 -9999 -9999 -9999 -9999 -9999 2.21229838573425 2.34031338606194 2.16813659189831 2.43211143741316 2.1515670873552 2.16734816895641 2.13981893433052 2.25738650972642 2.23056583226875 2.13918064699272 2.18467409284002 -9999 -9999 -9999 -9999 -9999 -9999
-9999 -9999 -9999 -9999 -9999 -9999 -9999 -9999 -9999 -9999 -9999 -9999 -9999 -9999 -9999 -9999 -9999 -9999 -9999 -9999 -9999 -9999 -9999 -9999 -9999 -9999 -9999 -9999 -9999 2.5549421833345 2.12923698631197 2.48611981103997 3.02869994290859 2.99762961385687 2.12363726315179 2.92192741402871 2.875711455415 2.796517449366 2.60201257224121 2.45285482399524 2.15072695248833 2.25097973471775 2.26285084231684 -9999 -9999 -9999
-9999 -9999 -9999 -9999 -9999 -9999 -9999 -9999 -9999 -9999 -9999 -9999 -9999 -9999 -9999 -9999 -9999 -9999 -9999 -9999 -9999 -9999 -9999 -9999 -9999 2.19828592123924 -9999 -9999 -9999 2.5900590400123 2.09171853261474 3.08589580379083 2.1273585030075 2.13013892948206 2.97714359115776 2.32489283201596 2.19333813687352 2.20965989817061 2.45331158052613 2.28727394707597 2.23899823109839 2.28332325362754 2.49169904587202 -9999 -9999 -9999
-9999 -9999 -9999 -9999 -9999 -9999 -9999 -9999 -9999 -9999 -9999 -9999 -9999 -9999 -9999 -9999 -9999 -9999 -9999 -9999 -9999 -9999 2.18305103434741 -9999 -9999 2.34368065109329 -9999 -9999 -9999 5.08070741326878 4.03191798949203 3.99442313848317 2.52810917422874 2.43731312641895 2.27042452131605 2.15230313569267 2.21870993516218 2.47660206167534 2.37004468814828 2.20521438614139 2.50621386366204 2.17739589246084 2.60031254528995 2.16616867496657 -9999 -9999
-9999 -9999 -9999 -9999 -9999 -9999 -9999 -9999 -9999 -9999 -9999 -9999 -9999 -9999 -9999 -9999 -9999 -9999 -9999 -9999 -9999 2.33066766858299 2.4114814056243 2.28090745902275 2.42366736598015 2.11972190797411 5.01406047660952 5.01406047660952 5.02525528178193 5.02525528178193 2.05574067133242 3.98936684537911 3.13275805438153 3.10237415621989 2.27388884278763 2.70154962832631 2.64657475200952 2.36111777963337 2.23217153609818 2.21572481896321 2.21098737110916 2.61044932165066 2.67285447903905 2.17670972674486 -9999 -9999
-9999 -9999 -9999 -9999 -9999 -9999 -9999 -9999 -9999 -9999 -9999 -9999 -9999 -9999 -9999 -9999 -9999 -9999 -9999 2.20543571093095 2.74035533798795 2.79036362322141 2.91991797341775 2.96870002240453 2.56892972547273 1.99089359765906 5.01406047660952 5.01406047660952 5.02525528178193 5.02525528178193 3.36809743927055 2.09767734806118 3.94930872125851 2.39317850777165 3.08773843770998 2.87464902599131 2.83966989867634 2.66064183080469 2.2389744288935 2.38849139206351 2.48226138739164 2.71012642239849 2.90895946208554 2.12485761913243 -9999 -9999
-9999 -9999 -9999 -9999 -9999 -9999 -9999 -9999 -9999 -9999 -9999 -9999 -9999 -9999 -9999 -9999 -9999 2.42911139585699 2.51693738493828 2.63112572158455 2.20689377348769 2.32124107492671 2.2917616186173 2.97327379208984 1.59522141154968 2.60049762746372 5.01423223455918 2.22652144261105 2.5160419111086 2.58551920427485 3.13734517255855 3.12291109652554 3.94872406533941 2.14531655597785 2.29507884793726 2.51019886335777 2.51742608011594 2.35129611014533 2.2152334431705 2.22417473289812 2.60979682583142 2.17828316709261 2.95651185686377 2.15802145495964 2.13901844966542 -9999
-9999 -9999 -9999 -9999 -9999 -9999 -9999 -9999 -9999 -9999 -9999 -9999 -9999 -9999 -9999 -9999 -9999 2.42736275767786 2.25129938594134 2.21990291472318 2.22495937307612 2.45899769308871 2.48300902148351 3.0561018928284 3.06863244717891 5.01462603554469 2.22842636585301 2.25921268806389 2.42312524434721 2.51870345541109 3.12668114568098 3.11051173736795 2.29256404407687 3.94717765434947 2.43126444556729 2.32900023782088 2.35014679999663 2.36116980031574 2.37894164633629 2.229074166238 2.21051919343994 3.4213519489768 2.17833683646252 2.41302256429535 2.16153559233437 2.13793442806551
-9999 -9999 -9999 -9999 -9999 -9999 -9999 -9999 -9999 -9999 -9999 -9999 -9999 -9999 -9999 -9999 -9999 2.54659275160017 2.61524334128954 2.75045757025409 2.36193979286916 2.52008298913452 2.50458590071662 1.91065606145057 5.01149746949426 2.21689117244868 2.56688044241397 2.17493633907269 2.41673071421386 2.79624754133546 3.07146178738316 2.30198659637665 3.07863079597615 3.94650547997405 3.94201249068038 2.20042069271235 2.33673867257587 2.72225536049935 2.36442554474157 2.42688247541689 3.44717864404185 3.42603424431808 3.27448493945093 2.51386622116972 2.17145921927361 3.14239185193824
-9999 -9999 -9999 -9999 -9999 -9999 -9999 -9999 -9999 -9999 -9999 -9999 -9999 -9999 -9999 -9999 2.25791201866005 2.43289665859697 2.81496774417103 3.004384020469 3.08320395248994 3.09103683443946 3.1540308047186 2.53638229375744 5.01293353567042 2.80398669369379 2.31397063841128 2.31267309023355 2.49377034555547 2.62720037026263 2.85196648122049 2.32343155864241 3.04016553730861 2.35015268800295 2.21365202208123 3.9396835213002 2.75864791598295 2.37090611708264 3.49936272526416 3.49346922663788 2.40024984124996 2.23441523602912 2.21592754706403 3.23113844194031 3.18147838636704 2.20765212867021
-9999 -9999 -9999 -9999 -9999 -9999 -9999 -9999 -9999 -9999 -9999 -9999 -9999 -9999 -9999 -9999 2.27213236070553 2.69426087047911 2.25639753945814 2.39682605158695 2.35054326240668 2.21510387089507 1.96759497716447 5.01153843282494 2.2852508947002 2.75702589676781 2.69237054329042 2.3387506720235 2.3390758600699 2.54290966509044 2.75859672832335 2.81359193849764 2.98821266244645 2.35946229305168 2.36607140913757 3.73150063155355 3.55951553664137 3.55571345294338 2.85721830226721 2.26189078615264 2.63754379518134 2.5717027348442 2.21287524205427 2.5820067356356 2.20087722108123 2.21272193908092
-9999 -9999 -9999 -9999 -9999 -9999 -9999 -9999 -9999 -9999 -9999 -9999 -9999 -9999 -9999 2.28330549478067 2.56131927088943 2.32607162544516 2.47383986301055 2.74896153431211 2.28091617052359 2.36323300155263 5.00773426537628 5.00773426537628 2.34062883664209 2.33066478689971 2.33037108549116 2.34842548419445 2.36145649874714 2.4714213181783 2.39408271054032 2.59529190043927 2.90078407668834 2.2196228656651 2.27349805199766 2.63209845110059 3.7118548607131 2.23955999883499 2.40174731290382 2.75032687008514 2.26135488335031 2.40190000222731 2.22672093165968 2.46050939472178 2.16321715008729 2.09401999526725
-9999 -9999 -9999 -9999 -9999 -9999 -9999 -9999 -9999 -9999 -9999 -9999 -9999 -9999 -9999 -9999 2.3169351212125 2.37422809834882 2.49810933395353 2.38153758394023 2.77091335419476 1.81929078559756 5.00773426537628 5.00773426537628 2.50740208177513 2.3489749077411 2.5539160444301 2.3832579241529 2.38507655839315 2.22487034519066 2.25174670859313 2.45964911511747 2.87987149834271 2.570151287071 2.27632620092908 2.31121041653733 3.70913952699928 2.25663186379184 2.27500775036721 2.70635912419945 2.39358545818343 2.25245288468606 2.23383106596756 2.37424129468022 2.1683997896535 2.51559393613666
-9999 -9999 -9999 -9999 -9999 -9999 -9999 -9999 -9999 -9999 -9999 -9999 -9999 -9999 -9999 -9999 -9999 2.3655015527217 2.55422999166973 2.68933186234697 2.70838849468491 2.96141299414542 5.00535271878017 2.61068766996763 2.50836942497285 2.65237267727119 2.36708204536375 2.62304920140133 2.26258180062285 2.27705289842171 2.2974949105151 2.30421331622797 2.72743737239807 2.47318483795532 2.3130016663543 2.32511258894549 2.72156348484271 3.68326215402561 2.31118376854477 2.29265348343669 3.30824541375076 2.24139358311991 2.47710285936468 2.31743885383803 3.21841619295113 2.52352913461009
-9999 -9999 -9999 -9999 -9999 -9999 -9999 -9999 -9999 -9999 -9999 -9999 -9999 -9999 -9999 -9999 2.43685625003036 2.57221348530269 2.29971375314843 2.49236282167009 2.55304043956326 2.56013125999565 5.00296275538503 2.32078249766432 2.99509606973301 2.97760016729692 2.76690606140856 2.36273917101327 2.22717477942003 2.54010552001495 2.55158028349353 2.2792890641543 2.34240472936016 2.59649305135052 2.43077537546722 2.50589085440444 2.59078497607359 2.57006861428455 3.66364308835988 3.33926262973994 2.52177577278516 3.30108722684229 3.26144756577982 3.24258525300986 2.30254570933519 3.16683871149691
-9999 -9999 -9999 -9999 -9999 -9999 -9999 -9999 -9999 -9999 -9999 -9999 -9999 -9999 -9999 -9999 2.43891675175473 2.86559012323412 2.98241369972627 2.33557390364857 3.22754569051364 3.29949941307132 3.29964861121863 5.00441880889898 2.29267221161678 2.30097998070342 2.33013388409416 2.34347405167023 2.82598526158859 2.76764402901149 2.2684101215807 2.28944973733592 2.4288245775088 2.38028429888381 2.53513840338099 2.34027271013219 2.31393896954805 2.27258680047749 2.67340175836197 3.44187264040226 2.24809677903778 2.36315251557329 2.18784559594145 2.17282786959182 2.17284971548566 2.31365828313862
-9999 -9999 -9999 -9999 -9999 -9999 -9999 -9999 -9999 -9999 -9999 -9999 -9999 -9999 -9999 2.41100661829137 2.74629841348465 2.31463071470525 2.96450927074502 3.20532509011757 2.78924561560346 2.17497095087502 2.17990138296372 4.99362961546526 3.06801589804201 3.01802542631241 2.97155817425802 2.91280407550202 2.87886511545535 2.23361686628806 2.46568326706214 2.32779793147857 2.29805743024245 2.78084069055835 2.29991046422884 2.48610957062813 2.28628164453153 2.53619707744209 2.60891113590818 3.43604532137115 3.43075602429571 2.17471211566576 2.18075640132245 2.20420134549279 2.33185815650572 2.168056911717
-9999 -9999 -9999 -9999 -9999 -9999 -9999 -9999 -9999 -9999 -9999 -9999 -9999 -9999 -9999 2.3212385385683 2.65485269260601 2.30758778035853 2.8821070100355 2.43804258526804 2.76521060394391 2.13431706265901 2.37976738397988 4.99459929914952 2.1745712230887 2.26596189725913 2.29121173432487 2.43623795951802 2.20605623914876 2.23269288557776 2.64488215889113 2.31241401972898 2.33134121998686 2.49862001155015 2.92387024471974 2.29358551896902 2.31668182108784 2.27119473219852 2.25573841546304 2.42518116563847 2.70581740607915 3.37840279495509 2.14452049158344 2.57742659245012 2.44331032737898 2.15226404523652
-9999 -9999 -9999 -9999 -9999 -9999 -9999 -9999 -9999 -9999 -9999 -9999 -9999 -9999 -9999 2.28475275928264 2.69616431428667 2.8576538759548 2.24773633081356 2.58528201599445 2.16267074191566 2.09166191193564 2.21330098255397 2.13225407050567 4.99135209959885 2.14966498310811 2.68110953223215 2.28776427568208 2.20166124207061 2.92051198824534 2.71131442819676 2.60837286321186 2.40598087122063 2.61530638570369 3.03797203613244 2.51258240723509 2.52082242158213 2.41346208777109 2.24451692122671 2.24029881808363 2.47922169529401 2.3377273405958 3.3633672231861 3.28479031608845 2.41552550490258 2.14605805655313
-9999 -9999 -9999 -9999 -9999 -9999 -9999 -9999 -9999 -9999 -9999 -9999 -9999 -9999 -9999 2.51640263608373 2.27878592078257 2.30793496037708 2.41729368299832 2.24285514709067 2.19444524859544 2.32564983770417 2.52398724159291 2.59867417977805 2.766988780476 2.71534627013677 2.25352614757688 2.4169842718524 5.0738098232198 2.96583701920906 2.23525288410148 2.24925015899296 2.39773517742496 2.39840845230241 3.22389494519582 3.20891579264815 2.69154416484573 2.4000119819514 2.23837083152325 2.33128423880315 2.37890094248315 2.38620180599454 2.46584635711404 2.50476478507576 3.25941716656345 2.19463456022653
