Archive - glowpa-model-master/Model input/Uganda/rivergeometry/river_restime_1jul.asc
NCOLS 67 
NROWS 67 
XLLCORNER 29.5 
YLLCORNER -1.5 
CELLSIZE 0.0833333333283582 
NODATA_value -9999 
[rows 19 to 37 of 67, columns 0 to 41 of 67]
-9999 -9999 -9999 -9999 -9999 -9999 -9999 -9999 -9999 -9999 -9999 -9999 -9999 -9999 -9999 0.00154707642412998 0.00131114194147525 0.00174421056033817 0.00219769513377371 0.00190106090373971 0.00157953776676722 0.00234325096316796 0.00158663750230734 0.00163119327665858 0.0009878746085906 0.00228897932778485 0.00184166804417948 0.00153146360962472 0.0022559982812325 0.0011989491944874 0.0013000742865458 0.00135083205720486 0.0014643445612841 0.00134668122482386 0.0016326781058302 0.00139497042457469 0.00197262467826226 0.00205658498339263 0.00156835761323924 0.00156370961601032 0.00141580246053437 0.0015098859682252
-9999 -9999 -9999 -9999 -9999 -9999 -9999 -9999 -9999 -9999 -9999 -9999 -9999 -9999 -9999 0.00198186346116621 0.00218952089365754 0.00152443418573732 0.00205848191657376 0.00152350616906014 0.00157390486879552 0.00149572114437432 0.00138078413663315 0.00190406681135476 0.00126028840468303 0.00129069811478431 0.00219774246628459 0.00205345838645834 0.000977956106957759 0.00118804332538112 0.00157914875658507 0.00221322905150834 0.00146258011593418 0.00207501157625383 0.00108637231068195 0.00109751692421177 0.0013106507051056 0.00147126598809643 0.00156604834154381 0.00150529035434273 0.00147589906349416 0.00208781032100016
-9999 -9999 -9999 -9999 -9999 -9999 -9999 -9999 -9999 -9999 -9999 -9999 -9999 -9999 -9999 0.00156616336453211 0.00219546075895396 0.0022085885949099 0.00161567531482503 0.00155782004320057 0.00206865893678578 0.00159323649257471 0.00191465567298728 0.0015968664247069 0.000977420329444246 0.000693215398409189 0.000693271093082287 0.000693503282718884 0.00150273975861917 0.000978578553757524 0.000694014884250946 0.00153328212904424 0.00137815758045838 0.00209954809497521 0.00152253643788701 0.00157630785397258 0.0014672559771679 0.00167126025595042 0.0012328589035072 0.00126693903903193 0.00132688919186401 0.00155664174102769
-9999 -9999 -9999 -9999 -9999 -9999 -9999 -9999 -9999 -9999 -9999 -9999 -9999 -9999 -9999 -9999 0.0015581829184705 0.00205823588351376 0.00150451603956968 0.00228102518016686 0.000987932922683125 0.000987960603423247 0.000700654082009299 0.000693171549168666 0.0015756688131762 0.0015721534343592 0.00155644420850901 0.00183728082682561 0.00133631162326659 0.00138936039558951 0.00144020539676053 0.000978838915112025 0.000694233318044012 0.000694402267321884 0.00150209164418812 0.00147060926906915 0.00114595133828716 0.00148615236724395 0.00194733224857733 0.00147999102273435 0.00149382783496103 0.00219562215598563
-9999 -9999 -9999 -9999 -9999 -9999 -9999 -9999 -9999 -9999 -9999 -9999 -9999 -9999 -9999 -9999 -9999 0.00217698256624119 0.000696507359508352 0.000696506621355282 0.000700693056491391 0.000696506621355282 0.000700693056491391 0.00143026100751375 0.00148185135421387 0.00192690465503907 0.00146109945342113 0.00188470596836106 0.00150574855340309 0.00148227743651072 0.00152006574306237 0.00152663206349188 0.00186946747894725 0.000691337171582071 0.00151325722982674 0.00196014726438253 0.00158269976502554 0.00138887270692657 0.00148784928202119 0.00149390544800893 0.00155635731642295 0.00222212915583304
-9999 -9999 -9999 -9999 -9999 -9999 -9999 -9999 -9999 -9999 -9999 -9999 -9999 -9999 -9999 0.00160062897954054 0.00164398434392451 0.000696506621355282 0.000987987250749072 0.000987987250749072 0.00070073062848265 0.000696505883202212 0.00070073062848265 0.000696506621355282 0.00159747397513316 0.00117183058369069 0.00118880961398525 0.00141403480449784 0.00204181642751544 0.00162148979089311 0.00216679924784346 0.00215981835212382 0.00151791340332466 0.00129554923713006 0.000980826083091912 0.00111940319195937 0.00149789251317407 0.0021590814739128 0.0021471161600857 0.00184338164095222 0.00140754418488997 0.00157900650349822
-9999 -9999 -9999 -9999 -9999 -9999 -9999 -9999 -9999 -9999 -9999 -9999 -9999 -9999 -9999 0.00153271250095918 0.000988012790845291 0.00070076672416777 0.00070076672416777 0.00070076672416777 0.00098803737134252 0.000696505145049142 0.00070076672416777 0.00098803737134252 0.00143796047199873 0.00153927798658214 0.00214072980586395 0.00182569867896511 0.00214665757242453 0.00142816024233773 0.00153060027129806 0.00152719179883237 0.00153081738284345 0.000982197403804446 0.00117450790830523 0.00120074033570324 0.00121358534795799 0.00123981816072126 0.00127613028901617 0.00145650511376254 0.00145306973331112 0.00155936173530088
-9999 -9999 -9999 -9999 -9999 -9999 -9999 -9999 -9999 -9999 -9999 -9999 -9999 -9999 -9999 0.00098803737134252 0.00070080134354675 0.00070080134354675 0.00070080134354675 0.000988060918425451 0.000696504480711379 0.00070080134354675 0.000988060918425451 0.00149390183755284 0.00177230014264256 0.00151155236964614 0.00150599481712539 0.00131949259682197 0.00155508470879774 0.00185280409532883 0.00144411577405369 0.00202535190708512 0.00216311708939606 0.000697230597436439 0.000982932406497687 0.00199243905306398 0.00150886413890078 0.00153108240034281 0.00152467048639454 0.00134284156983241 0.00138130866822061 0.00159283027663537
-9999 -9999 -9999 -9999 -9999 -9999 -9999 -9999 -9999 -9999 -9999 -9999 -9999 -9999 -9999 0.00070083448661959 0.00070083448661959 0.00070083448661959 0.000988083505909391 0.000696503816373617 0.00070083448661959 0.000988083505909391 0.00070083448661959 0.00163338530987448 0.00131879246533651 0.00213373117465759 0.00216839890212701 0.00153587218350857 0.00216799393779207 0.00218141559815614 0.00176562712195018 0.000697300861682306 0.000697300861682306 0.000692992026783578 0.00155114666223905 0.00217761043005132 0.00150702027099237 0.00135645059949848 0.001267429412233 0.00148908553226538 0.00107157606530498 0.00120482916162107
-9999 -9999 -9999 -9999 -9999 -9999 -9999 -9999 -9999 -9999 -9999 -9999 -9999 -9999 0.00070086615338629 0.000988083505909391 0.00070086615338629 0.000988104986163726 0.00070086615338629 0.000988104986163726 0.000988104986163726 0.000696503225851161 0.00185261600567919 0.00137594825052125 0.00134015674317305 0.00138510907583855 0.00217977272592625 0.00133120900288586 0.00155440000321804 0.00224092147571653 0.00146468393403563 0.000983122936212668 0.000983101564262311 0.00069733236878438 0.00143166159062521 0.00142974965935487 0.00153903073402336 0.00144078562165863 0.00145775336648694 0.00149770551814136 0.00150394725396153 0.00124174768218763
-9999 -9999 -9999 -9999 -9999 -9999 -9999 -9999 -9999 -9999 -9999 0.000696503225851161 0.000988104986163726 0.000988125433003762 0.000988104986163726 0.00070089634384685 0.000988125433003762 0.000696502635328705 0.000988125433003762 0.000696502635328705 0.000988125433003762 0.00214122690713221 0.00151264361134409 0.00154411642228251 0.00217140846892704 0.00143084598287919 0.00153660271660743 0.00130529283272428 0.00156448627894616 0.00165454463155202 0.00204760723842349 0.000692990851693524 0.000697362407023886 0.000983143279959229 0.000704878425450131 0.00144077356408838 0.00102558902487204 0.0010279521157812 0.000700460348336728 0.000993718818682694 0.000993718818682694 0.000700460348336728
-9999 -9999 -9999 -9999 -9999 -9999 -9999 -9999 -9999 -9999 0.00145540089790776 0.000700925131816577 0.000696502635328705 0.000700925131816577 0.000700925131816577 0.000988144920244809 0.000696502044806249 0.000700925131816577 0.000988144920244809 0.000988144920244809 0.00207575556599883 0.00157998528487596 0.00156351538096889 0.00204670820433421 0.00152943716903348 0.00154876083143722 0.00142551659115489 0.00124124439132013 0.00146031271654451 0.00176377524737296 0.00130094480100618 0.00138518523656835 0.00154622077223773 0.00135151817683764 0.000700459160581812 0.000993758979645785 0.000704907376976204 0.000704907376976204 0.00070045975445927 0.000993739381689674 0.000704907376976204 0.000993739381689674
-9999 -9999 -9999 -9999 -9999 -9999 -9999 -9999 -9999 -9999 0.000700952369664857 0.000988163374071557 0.000700952369664857 0.000700952369664857 0.000988163374071557 0.0006965015280991 0.0006965015280991 0.000988163374071557 0.00158752822218087 0.00126306986881905 0.00220820565620346 0.0022050848905992 0.00216339920504284 0.00153873321266375 0.00129712550020338 0.00141400633331111 0.0012133336446661 0.00123560187964409 0.00094647009877829 0.00130158162993301 0.00108438357636992 0.00152179156573116 0.00214541377649521 0.00153017146807551 0.00195024200607648 0.00205187558966223 0.000700458640939036 0.000993777538316344 0.00070493476957395 0.00070493476957395 0.00070493476957395 0.00070493476957395
-9999 -9999 -9999 -9999 -9999 -9999 -9999 -9999 -9999 0.00148869875750106 0.000700978131206998 0.000700978131206998 0.000700978131206998 0.000988180794484007 0.000696501011391951 0.000700978131206998 0.000988180794484007 0.00137323163880396 0.00219305615195593 0.00128087637854568 0.00135334404806881 0.00144456194569982 0.00155853189623604 0.002178092219656 0.00104845529715233 0.00146608428850234 0.00120076334152605 0.00133682596044729 0.00224657053779257 0.00159457733487176 0.00155588045641655 0.00154198238055761 0.00149768185586893 0.00148867885259218 0.00150219962396617 0.00151142628807089 0.000704960677478051 0.000700458121296261 0.000993795057701352 0.00154590659632351 0.000993795057701352 0.000704960677478051
-9999 -9999 -9999 -9999 -9999 -9999 -9999 -9999 -9999 0.00149750341255528 0.000701002416442999 0.000701002416442999 0.00098819718148216 0.000696500568500109 0.000701002416442999 0.00098819718148216 0.00153761129370766 0.00144955055291045 0.00229388296089497 0.00161133377127665 0.00226061686986568 0.0016315354342981 0.00107950756474538 0.00149963327176017 0.00137324942671046 0.00157725216252452 0.00142891597794642 0.00158896990640093 0.0014443910804209 0.00123688733407276 0.00150947802534433 0.0015739178654984 0.00154533719186607 0.0014034187056101 0.00211311651233445 0.0021619555233853 0.00173958874622589 0.00152928660256744 0.00158964403127312 0.00147774831504438 0.000700457675888167 0.000704985100688508
-9999 -9999 -9999 -9999 -9999 -9999 0.00143186123589651 0.00135784588641745 0.00147796614151162 0.00226853595662547 0.000983915042473357 0.000988212535066014 0.000696500125608267 0.000988212535066014 0.000988212535066014 0.00152701785584712 0.00215758215573483 0.00222980578365063 0.00156392414271542 0.00163685739341386 0.00126650780925386 0.00154258051036038 0.00150545895580789 0.00157922437925111 0.00225123810731537 0.00203642257043686 0.00141758472209961 0.00216824678944516 0.00104188940159188 0.00214810272735409 0.00178550963478107 0.00153241269392705 0.00136496582831617 0.00160077948623607 0.00154104750758407 0.00151946981760934 0.00141873611350983 0.00185931934403456 0.00214530509136683 0.00104154505429987 0.00149012301196349 0.00100982447523104
-9999 -9999 -9999 -9999 -9999 -9999 0.0019047807134898 0.00185531516042703 0.00159463392882809 0.00138890678425174 0.00163307585938205 0.000988226855235571 0.000988226855235571 0.000696499682716425 0.000701046631811888 0.00113100714745196 0.00114807731894068 0.00116014883982506 0.00118760629020522 0.00120360457078441 0.00130784814030885 0.00222256647880809 0.00159100564897753 0.00115102160191231 0.00159879790063366 0.00157544613675468 0.00152560980308828 0.00189988981204805 0.00105437108473392 0.00231809189897236 0.00129377929923113 0.00153476900521064 0.0014306628908333 0.00154692206801041 0.00163061839059746 0.00152930506320458 0.0015282333960128 0.00134565736476435 0.00148493499031594 0.00104957397723486 0.00147137411684366 0.000712597677120247
-9999 -9999 -9999 -9999 -9999 0.0015677411263808 0.00211785076978003 0.00132762689622296 0.0013922872372671 0.00245110562970331 0.00252591933374753 0.000701066561944776 0.00069649931363989 0.00069649931363989 0.00153164588843983 0.00190285404366013 0.00161303915694721 0.001464673270449 0.00211299997246807 0.00120543434301807 0.00160984520905956 0.00190863363790258 0.00139231003251925 0.00115723755537509 0.00151917859196283 0.00222713737931204 0.00225801368867626 0.00142722699345386 0.00136300820382471 0.00151017306280675 0.00150144945109032 0.00196530053612337 0.00154148567703998 0.00154097527758903 0.0012238021181059 0.00181086227880573 0.0015337571594329 0.00149303325286394 0.00139309194074487 0.00105620763134061 0.00147469431430477 0.000712819457359538
-9999 -9999 0.00171784024054459 0.00212015463515086 0.00160541107189951 0.00166856851934604 0.00169024941264433 0.0014327910600632 0.000995657986115253 0.0018032049386483 0.00136350310878233 0.00134751310634075 0.00104831439516345 0.00221211194448209 0.00216489023778143 0.00142415092423006 0.00154506518762394 0.00157235485608482 0.00162556642018642 0.00121120030778149 0.0016720955449666 0.0013865905146747 0.00151352015183649 0.00133469712722274 0.0016707579143287 0.00146708193614133 0.00156812191858744 0.00156945983667183 0.00138445419145638 0.00106614586955785 0.00108649198529819 0.00159933230791623 0.00216510673480747 0.00215505964372678 0.00124895380554879 0.00159216225533694 0.00193532095553829 0.00151173098459888 0.0020650912169475 0.00107750702980664 0.00207854910112558 0.000713085722481797
