Archive - glowpa-model-master/Model input/Uganda/rivergeometry/river_restime_1sep.asc
NCOLS 67 
NROWS 67 
XLLCORNER 29.5 
YLLCORNER -1.5 
CELLSIZE 0.0833333333283582 
NODATA_value -9999 
[rows 0 to 18 of 67, columns 0 to 41 of 67]
-9999.000000000000000 -9999 -9999 -9999 -9999 -9999 -9999 -9999 -9999 -9999 -9999 -9999 -9999 -9999 -9999 -9999 -9999 -9999 -9999 -9999 -9999 -9999 -9999 -9999 -9999 -9999 -9999 -9999 -9999 -9999 -9999 0.0022305000080399 0.00157555141556339 -9999 -9999 -9999 -9999 -9999 -9999 -9999 -9999 -9999
-9999 -9999 -9999 -9999 -9999 -9999 -9999 -9999 -9999 -9999 -9999 -9999 -9999 -9999 -9999 -9999 -9999 -9999 -9999 -9999 -9999 -9999 -9999 -9999 -9999 -9999 -9999 -9999 -9999 0.00156225269070097 0.00209273338425951 0.00159825616437263 0.00200825200396206 0.00225599810231473 0.00224662874563502 0.00159078244162195 0.00150579832581505 0.00215283407251025 0.00161873923809437 0.00159054633037257 -9999 -9999
-9999 -9999 -9999 -9999 -9999 -9999 -9999 -9999 -9999 -9999 -9999 -9999 -9999 -9999 -9999 -9999 -9999 -9999 -9999 -9999 -9999 -9999 -9999 -9999 -9999 -9999 -9999 -9999 -9999 0.00134820410063481 0.00162771037248938 0.00138310980158374 0.00159573401018648 0.00114246974959397 0.0016069005121713 0.00165461517690584 0.00119145378574147 0.00122726444189541 0.00132183020089427 0.00140252822790649 0.00159315948730105 0.0021736272644411
-9999 -9999 -9999 -9999 -9999 -9999 -9999 -9999 -9999 -9999 -9999 -9999 -9999 -9999 -9999 -9999 -9999 -9999 -9999 -9999 -9999 -9999 -9999 -9999 -9999 0.00152567763884914 -9999 -9999 -9999 0.00187726992205864 0.00163694945403085 0.00156763193909637 0.00161069763886341 0.0022736064889901 0.00162379334633214 0.00147124300112798 0.00155921775890443 0.00154255003987915 0.00197384087339607 0.00149887664155166 0.00152823681594408 0.00212074227043933
-9999 -9999 -9999 -9999 -9999 -9999 -9999 -9999 -9999 -9999 -9999 -9999 -9999 -9999 -9999 -9999 -9999 -9999 -9999 -9999 -9999 -9999 0.00153041273405361 -9999 -9999 0.00202654217328523 -9999 -9999 -9999 0.000772292633302913 0.000854724757188571 0.000863406837163976 0.0013671741882846 0.00141815181777083 0.00152123037011972 0.00225226784086969 0.00153556967270319 0.0019432234436066 0.00143807941982271 0.0015364347480809 0.00192497578046698 0.0015462855481386
-9999 -9999 -9999 -9999 -9999 -9999 -9999 -9999 -9999 -9999 -9999 -9999 -9999 -9999 -9999 -9999 -9999 -9999 -9999 -9999 -9999 0.00201831879214753 0.00136581343071797 0.00143265546874433 0.00137799923723568 0.00221496226222552 0.000690068340167845 0.000686874208853352 0.000970789879732789 0.00068487261168424 0.00160170142984536 0.000860807570329585 0.00108798470408942 0.00110103996688974 0.00151285901612982 0.00178616636796759 0.00129077114089587 0.00145363040048509 0.00215088584459208 0.00152451322829248 0.00219494954033497 0.00130045217577712
-9999 -9999 -9999 -9999 -9999 -9999 -9999 -9999 -9999 -9999 -9999 -9999 -9999 -9999 -9999 -9999 -9999 -9999 -9999 0.00148254466482581 0.00121744234337629 0.0011938415181146 0.00113787051016655 0.00111184237260038 0.00182297770589812 0.00164454438432897 0.000686872898589823 0.000690131523986919 0.000688121747427973 0.000684871377816848 0.0014148726567217 0.00158422732004452 0.00123479267294526 0.00197621344244739 0.00156081972654275 0.00118998122980979 0.00120585957732486 0.00128795283410828 0.00152263863349 0.00142900487821688 0.00137319155346149 0.001263194572415
-9999 -9999 -9999 -9999 -9999 -9999 -9999 -9999 -9999 -9999 -9999 -9999 -9999 -9999 -9999 -9999 -9999 0.00139565834149121 0.00133459852202629 0.00179009746728217 0.0015184236021397 0.00202756918561004 0.00201674413957364 0.00110895315454691 0.00230442300697066 0.00126949888044858 0.000973819567621657 0.00217716866838197 0.00134738033144577 0.00130420418594905 0.00106727656303807 0.00153369736248646 0.000871530447989704 0.00154691092560515 0.00206437376504513 0.00190844039446923 0.00135222986401024 0.00145621961557766 0.00153342421429249 0.00155725351743971 0.00185944458181512 0.00159268742237889
-9999 -9999 -9999 -9999 -9999 -9999 -9999 -9999 -9999 -9999 -9999 -9999 -9999 -9999 -9999 -9999 -9999 0.00138930320346446 0.00210608537686903 0.00150653826833918 0.001519940316993 0.00194490982509355 0.00133967257630325 0.00108230395272551 0.00107695694346748 0.000974096530007769 0.00149045125115946 0.00148996563780265 0.00138432252174107 0.00133174411820419 0.00107159884015743 0.00108732122309834 0.0014636555656667 0.00123670743162365 0.00195021925786012 0.00144852201798414 0.00203764932782861 0.00143963227650565 0.00202655137834462 0.00154918980448999 0.00157083532052731 0.00101022933635741
-9999 -9999 -9999 -9999 -9999 -9999 -9999 -9999 -9999 -9999 -9999 -9999 -9999 -9999 -9999 -9999 -9999 0.00132700653512773 0.00129131080666454 0.00121985362699209 0.00143239620458747 0.00188042538721248 0.00189657297486144 0.0015578737141337 0.000975651376941667 0.00146511782460168 0.00183300301876959 0.00152934586950696 0.00195441629539148 0.00119898010107049 0.00109196580110395 0.00146220092561896 0.00156014847097505 0.000872791368811694 0.00087872548160829 0.0015146245582797 0.00203605420264498 0.0017735733423982 0.00146863366470995 0.00142916281449536 0.00142113664313656 0.00101372167081969
-9999 -9999 -9999 -9999 -9999 -9999 -9999 -9999 -9999 -9999 -9999 -9999 -9999 -9999 -9999 -9999 0.0014683388562959 0.00137216335341252 0.00118810010966897 0.0011159652378003 0.00108435661283555 0.00108120592249234 0.00149437173626318 0.00129363980060514 0.000688150143889096 0.00119508972200125 0.00144769605872191 0.00205428866121276 0.00189142736771344 0.00127257964485031 0.0011827039096969 0.00204637264954681 0.00111648511368204 0.00145179126051748 0.00150666531080042 0.00124097474508804 0.0012399420935603 0.00144037791599108 0.0013998751657361 0.000994201131503912 0.00144259044179311 0.00155723224463694
-9999 -9999 -9999 -9999 -9999 -9999 -9999 -9999 -9999 -9999 -9999 -9999 -9999 -9999 -9999 -9999 0.00147922937401728 0.00175219176062298 0.00148296654646084 0.00194608826690099 0.00140012692441207 0.0021726522581855 0.00153727656094976 0.000976492156026499 0.00140918217179053 0.00120885798601337 0.00124315053867619 0.00143871937378814 0.00142362671935214 0.00131651998614806 0.00123242810436684 0.00170253752625967 0.00113710930098462 0.00144478159963782 0.00142902616296166 0.00092526639584102 0.00137492746983035 0.000976148697802257 0.00121482427190393 0.00153273875445944 0.0018561549677173 0.00134971974453485
-9999 -9999 -9999 -9999 -9999 -9999 -9999 -9999 -9999 -9999 -9999 -9999 -9999 -9999 -9999 0.00150068509562205 0.00184483989676453 0.00145621348973276 0.00136649235323969 0.00173471147097655 0.0014852220755915 0.00196863993395842 0.000689801480093013 0.000689800383540052 0.00143760634952036 0.00201168118885701 0.00142125774429064 0.00201020568751117 0.00142591649135827 0.00135810135922649 0.00141300147448556 0.00185467449256977 0.00117420677314449 0.00215253558752336 0.00150635138382387 0.00129801234173588 0.00132039307368155 0.00154925050132303 0.00143982288993466 0.00177734379169388 0.00216857808860972 0.00143693487186998
-9999 -9999 -9999 -9999 -9999 -9999 -9999 -9999 -9999 -9999 -9999 -9999 -9999 -9999 -9999 -9999 0.0014327529727498 0.00146234063554934 0.00192307869207121 0.00139733309146766 0.00171929914513294 0.00221308495059394 0.000978151192907589 0.000689799360090621 0.00187120276121044 0.00200120447932579 0.00185383585192075 0.00140958240462979 0.00199712968973372 0.00153122196040688 0.00150712079428845 0.00137981841616062 0.00118426842454821 0.00132505257183533 0.00212773692538674 0.00148725131908384 0.000932169453839964 0.00151859547883765 0.00152420130775585 0.0012731735033399 0.00144829901262811 0.00153914219857559
-9999 -9999 -9999 -9999 -9999 -9999 -9999 -9999 -9999 -9999 -9999 -9999 -9999 -9999 -9999 -9999 -9999 0.00147491273318421 0.00133230422851616 0.00124736012286276 0.00123675208954095 0.00113284125237702 0.000690389038068663 0.00180517793621746 0.00132776437044424 0.00125799697850948 0.00200129893326799 0.00181112052381549 0.00149599125618141 0.00149865515255036 0.00210857555672698 0.00147602851521323 0.00125771148521745 0.0013703570618703 0.00147691212077129 0.00148603177747863 0.00126331363808364 0.00133202710505293 0.00148682265399473 0.00149612560353025 0.00148541351437232 0.00154971652767593
-9999 -9999 -9999 -9999 -9999 -9999 -9999 -9999 -9999 -9999 -9999 -9999 -9999 -9999 -9999 -9999 0.00142634418857903 0.00191139166056841 0.00145268978350185 0.0013398686724766 0.00131146368298384 0.00183037252035551 0.000691143913330256 0.00148687404931165 0.00157735582988185 0.00112781741714245 0.00121541113189709 0.00142250850831537 0.00152862069869831 0.00134467723321471 0.00190408615259799 0.00150865688753591 0.00146961657345732 0.00188018605779612 0.00142443462944808 0.00138099670415317 0.00132745030861534 0.0013383140482838 0.00133998224363293 0.00104216503678837 0.00137081372766771 0.00148934552294547
-9999 -9999 -9999 -9999 -9999 -9999 -9999 -9999 -9999 -9999 -9999 -9999 -9999 -9999 -9999 -9999 0.00143515858394368 0.00122278333218427 0.00164947697650668 0.00144199635790759 0.00107708492906776 0.00104790461927768 0.00104759636928643 0.000980145543552832 0.00148431143552102 0.00205182034231209 0.0020373910897622 0.00202467545970873 0.00120970664493503 0.00124304138542732 0.0015161836769839 0.00213151682573648 0.0020193406861655 0.0014571527905153 0.00192648180853748 0.00147196211698468 0.00210658146949385 0.00151454501178464 0.00128690868805366 0.00142799464879756 0.00151239992851052 0.00205576670183597
-9999 -9999 -9999 -9999 -9999 -9999 -9999 -9999 -9999 -9999 -9999 -9999 -9999 -9999 -9999 0.00205071032604826 0.00180012573893735 0.00151192112458909 0.00117636553356597 0.00153261439172494 0.00171846113893167 0.00156088319581273 0.00217132173769276 0.000693138766803269 0.00156201094277607 0.00112932457341984 0.00114982282187507 0.00117762789379547 0.00119484676784813 0.00155202285481062 0.00139783722580515 0.0021052410124451 0.00150566140773135 0.00175709108793439 0.00149540963903203 0.00196510987800313 0.00151406211365437 0.00136493336560813 0.00131907194195202 0.00100906618989479 0.00101650730932971 0.00160489560764345
-9999 -9999 -9999 -9999 -9999 -9999 -9999 -9999 -9999 -9999 -9999 -9999 -9999 -9999 -9999 0.00151065364163521 0.00131327336507906 0.00213987429445315 0.00120703655464218 0.00140044644081538 0.00122298905250748 0.0015558434806956 0.00139637221694097 0.000693133012430124 0.00150416742307143 0.00209841825273663 0.00146117463695251 0.00196636531423929 0.00156199237417635 0.00154673252604657 0.00184969769563498 0.00149537482593211 0.0014921986303203 0.001381502679884 0.00117724442044393 0.00149751750657057 0.00148530130701133 0.00151559283888011 0.00216296739625977 0.0014262552607505 0.0012743296073868 0.00145804534068244
