Archive - glowpa-model-master/Model input/Uganda/rivergeometry/river_depth_1jan.asc
NCOLS 67 
NROWS 67 
XLLCORNER 29.500000001 
YLLCORNER -1.499999999 
CELLSIZE 0.0833333332985075 
NODATA_value -9999 
[rows 40 to 59 of 67, columns 0 to 44 of 67]
0.237300707097374 0.20543107030351 1.41599624625553 1.42384090392498 0.15719185341058 0.4481381695004 0.200000183332617 0.245144178176352 0.270428564114992 0.272655324820203 0.254140690068218 0.315648179269522 0.305299141467667 0.452218918005961 0.310990736176729 0.603835541675781 0.477424220358282 0.552887474521789 0.282902295957851 0.276741645806927 0.267180060596033 0.336734938038067 0.268596775488516 0.194612844100184 0.171581182266278 0.23236999446009 0.264907247433087 0.335402605180191 0.257020314395329 0.210047822715467 0.302696938429181 0.249852354005929 0.837906612860574 0.34342753851327 0.268847746993922 0.445020235380905 0.266710827410147 0.275362367800278 0.273639958619903 0.62400582556674 0.681024085514247 0.278890634018054 3.5978778798527 0.393606281698501 0.50889206995325
0.252841211680593 0.326184321750027 1.40179213334891 0.381970706334469 0.370986707167536 0.400319969482373 0.268638281452248 0.253217619717223 0.30171792781438 0.45562060707107 0.505697826659624 0.275509588205096 0.310031401456229 0.317894744020519 0.374036080276026 0.470318850875309 0.281531274799988 0.42948368830192 0.532389121376947 0.475929447424456 0.376322010010959 0.345182628706332 0.271634639538352 0.258829487821252 0.210440039558345 0.211955459400176 0.171790413805529 0.249597298222527 0.243362045564313 0.249099696141977 0.294644622709164 0.431959079434485 0.788874131026252 0.230195627342454 0.238539453858022 0.242711351199359 0.316540832469186 0.272157870662356 0.560671008847341 0.345296807703985 0.646798683721276 0.438647501020091 3.59754294404378 0.31244309389325 0.468300317978886
0.176920054583469 0.219057167505478 1.38538844936363 0.200560012801509 0.352322840080726 0.341266358682278 0.239976652439897 0.329982795716849 0.392916160972183 0.274624568905673 0.292372856398117 0.559246213116566 0.356162352651522 0.279057310091301 0.271658045337339 0.252350689179183 0.337845170489192 0.301708404228984 0.321359661212972 0.253991064034375 0.244011421978607 0.243958832646926 0.249177439042892 0.301171331994854 0.153570929457431 0.369305708353779 0.264084147077531 0.298768539013395 0.197436175047347 0.167393682663379 0.340324883371127 0.271989094409444 0.77127555301774 0.56807545508998 0.355641268057238 0.237617210087255 0.245881460618429 0.26644249023437 0.513165993361831 0.270732506043082 0.543904410101124 0.397355323903036 3.59719846046877 3.59662697222081 0.282146145922451
1.35632147725298 1.38346909199163 0.232344338738731 0.294064216542561 0.277156488240822 0.254148658066027 0.230754184112184 0.316473129575856 0.429139040048147 0.313868285542363 0.36284682106784 0.582776588556549 0.637861034267397 0.205606626998485 0.203080309636977 0.156093422213819 0.232386554563389 0.208578633722759 0.234288983679144 0.192878136860756 0.163416147076753 0.272371081785407 0.379619309954691 0.161059893063476 0.175854825694457 0.384212976263175 0.167159833364279 0.172979012349338 0.364304380858574 0.559092735864905 0.246187959497203 0.239462980917358 0.626750283320546 0.280661984008856 0.449957719352205 0.408166569059702 0.273265578925671 0.418348964910808 0.272993188772454 0.277942445255822 0.519317263048363 0.355304316638891 0.201640731590745 3.59625488049773 0.294309738768067
1.35376982360522 0.477195243654632 0.456919027173096 0.382547177202723 0.263310861148875 0.226213082794456 0.198164518663444 0.277418621138972 0.331588971885281 0.496202822392945 0.442934022100553 0.236406601563768 0.665794511776867 0.294767940863088 0.208622008005569 0.170046941656473 0.160631379579323 0.219549577394818 0.269731849771433 0.264982660937203 0.22032251139767 0.436328863845625 0.219572658193439 0.29193124795832 0.42967596821193 0.23868281632954 0.198273583313992 0.668486410189149 0.388105868656705 0.559092735864905 0.242125229364492 0.254158050466317 0.371399426737882 0.533519698091398 0.46528723965321 0.281755529319731 0.299417456892756 0.370953050470098 0.288996814630574 0.334154698052509 0.456084492932665 0.302476943865114 3.5950606887851 3.5950606887851 3.5950606887851
1.34679755696572 0.350614875556755 0.321390983719407 0.290226029886812 0.312718420152287 0.240763605442952 0.301830304030472 0.348598241340051 0.288396291928664 0.545841697868007 0.460025795651369 0.187762601333492 0.672068695732211 0.16584963943214 0.269810880803748 0.161640028376795 0.299981684327174 0.183870216218735 0.199487123543184 0.367205888354283 0.303218976545889 0.475111190443352 0.544965207919352 0.488297301333764 0.236583792247528 0.193801872128946 0.227616490164384 0.668486410189149 0.559092735864905 0.559092735864905 0.376850458677082 0.259974823070292 0.296453713965554 0.290120485443279 0.250486052576713 0.375399750839212 0.30902465952072 3.5950606887851 3.5950606887851 0.237327960847283 0.307659630197733 0.241166931398786 3.5950606887851 3.5950606887851 3.5950606887851
0.50638282957081 1.33291291548662 0.264459642684105 0.27990982901539 0.371717174607792 0.244990134606131 0.353794819781145 0.350353192993259 1.0843566388577 0.677958247238893 0.485058501440433 0.202148469676517 0.677910245557846 0.309058908127279 0.328623202538475 0.359676251533393 0.568137486036979 0.5866908677223 0.698400853663528 0.770146356790002 0.789840156575284 0.993687968944838 1.0163308726667 0.259409033591516 0.270729211003482 0.276017664368612 0.691288762995744 0.203219114802831 0.213112172799557 0.327515428954034 0.25679160705681 0.25883868351903 0.259487990451125 0.329523230663446 3.5950606887851 3.5950606887851 3.5950606887851 3.5950606887851 3.5950606887851 3.5950606887851 3.5950606887851 3.5950606887851 3.5950606887851 3.5950606887851 3.5950606887851
0.227929611039618 1.29787533185235 0.35904076226657 0.29496538654359 0.291650640080908 0.465801691786353 1.0843566388577 1.0843566388577 1.0843566388577 1.0843566388577 0.948185860586361 0.944950133096294 0.782327536298349 0.777939652382948 0.208490165799099 0.210726908073795 0.4518536676744 0.264157117113435 0.480770351419156 0.238270459678908 0.499734797623397 0.259997520090879 0.330923829873139 1.06319556672003 0.342159006514831 0.707267021022994 0.220136827333322 0.20428996923425 0.220352418729715 0.260620675779376 0.250980504674222 0.327142321334862 3.5950606887851 3.5950606887851 3.5950606887851 3.5950606887851 3.5950606887851 3.5950606887851 3.5950606887851 3.5950606887851 3.5950606887851 3.5950606887851 3.5950606887851 3.5950606887851 3.5950606887851
0.320887529664264 1.29409575377004 1.28259995984485 1.28259995984485 0.493451715129086 0.210097016480473 1.0843566388577 1.0843566388577 1.0843566388577 1.0843566388577 0.227011779035823 0.309820611151157 0.200789381528069 0.464116569577382 0.702077020518335 0.476158275244337 0.34778170468463 0.179801554901539 0.471743675316465 0.186720763731001 0.44870982528159 0.285440407973152 0.245306911436713 0.220340801905503 1.1898741138004 1.2934919033997 1.30709351442532 1.32245437415138 1.34929025976997 0.32905836012998 3.5950606887851 3.5950606887851 3.5950606887851 3.5950606887851 3.5950606887851 3.5950606887851 3.5950606887851 3.5950606887851 3.5950606887851 3.5950606887851 3.5950606887851 3.5950606887851 3.5950606887851 3.5950606887851 3.5950606887851
1.28259995984485 1.28259995984485 1.28259995984485 1.28259995984485 1.28259995984485 0.152256351276399 0.164244089807808 0.141755419447241 1.0843566388577 1.0843566388577 0.247162862604191 0.17873741437313 0.397350302833499 0.238648999460026 0.602327754794719 0.438973967818045 0.229705331553925 0.299122343015082 0.457390984742206 0.438207919699178 0.200769376684609 0.417885069781774 0.226174658494397 0.24152818992043 0.595071720913498 0.304324778831265 0.530936528604894 0.294021772174311 3.5950606887851 3.5950606887851 3.5950606887851 3.5950606887851 3.5950606887851 3.5950606887851 3.5950606887851 3.5950606887851 3.5950606887851 3.5950606887851 3.5950606887851 3.5950606887851 3.5950606887851 3.5950606887851 3.5950606887851 3.5950606887851 3.5950606887851
1.28259995984485 1.28259995984485 1.28259995984485 1.28259995984485 1.28259995984485 0.132088650202546 1.12844341464011 1.08815439454579 1.0843566388577 0.195047963316964 0.187299794554756 0.192733008783348 0.379661336251838 0.241973116078478 0.589348698278773 0.395742065586344 0.223099551055515 0.261127529136935 0.163543915377456 0.420160006133709 0.204742945010727 0.395716327885628 0.212279870988733 0.243858330363398 0.556521459573848 0.25272290665925 0.519567313301617 0.240068072045633 3.5950606887851 3.5950606887851 3.5950606887851 3.5950606887851 3.5950606887851 3.5950606887851 3.5950606887851 3.5950606887851 3.5950606887851 3.5950606887851 3.5950606887851 3.5950606887851 3.5950606887851 3.5950606887851 3.5950606887851 3.5950606887851 3.5950606887851
1.28259995984485 1.28259995984485 1.28259995984485 1.28259995984485 1.28259995984485 1.13192989577762 0.150659352223645 0.493493146303197 0.189045219132698 0.284925785600575 0.171071882261055 0.262430816651298 0.25876094798473 0.257159666632004 0.542852703946956 0.195871444349719 0.350649633019278 0.22102541053755 0.27359351239058 0.324236954288467 0.222473022657629 0.290216017426344 0.23716919214874 0.252493743321514 0.532162785761619 0.228649380121063 0.430409292615308 0.24584166249508 3.5950606887851 3.5950606887851 3.5950606887851 3.5950606887851 3.5950606887851 3.5950606887851 3.5950606887851 3.5950606887851 3.5950606887851 3.5950606887851 3.5950606887851 3.5950606887851 3.5950606887851 3.5950606887851 3.5950606887851 3.5950606887851 3.5950606887851
1.28259995984485 1.28259995984485 1.28259995984485 1.28259995984485 1.28259995984485 0.202005432005809 0.120369286600401 0.474008261832607 0.2201188482942 0.127748677415819 0.210428302637006 0.141287366400573 0.257442003538868 0.356062359631142 0.377495011536754 0.336722672809319 0.229205327686981 0.217551025055621 0.222864871766922 0.235749989217397 0.230732645992613 0.234584169007638 0.232201596448 0.35447763213951 0.457487017306478 0.289941216566441 0.320780005180383 0.245663342600866 0.294325054786985 0.307500801048754 3.5950606887851 3.5950606887851 3.5950606887851 3.5950606887851 3.5950606887851 3.5950606887851 3.5950606887851 3.5950606887851 3.5950606887851 3.5950606887851 3.5950606887851 3.5950606887851 3.5950606887851 3.5950606887851 3.5950606887851
1.28259995984485 1.28259995984485 1.28259995984485 1.28259995984485 1.28259995984485 0.120240095171883 0.188780346834156 0.462770572843687 0.434932944015822 0.248181151716741 0.229429613882898 0.239784424062898 0.246953420774852 0.309372372880874 0.227731121899762 0.228787274517994 0.227719734217464 0.236381904398847 0.249518287470062 0.251572692990185 0.287756734124784 0.208473703090484 0.237014749285822 0.205020176423648 0.339372001958803 0.220862932523279 0.249035535702198 0.269443119246507 0.399447736136817 0.490067718165784 3.5950606887851 3.5950606887851 3.5950606887851 3.5950606887851 3.5950606887851 3.5950606887851 3.5950606887851 3.5950606887851 3.5950606887851 3.5950606887851 3.5950606887851 3.5950606887851 3.5950606887851 3.5950606887851 3.5950606887851
1.28259995984485 1.28259995984485 1.28259995984485 1.28259995984485 0.137478621568476 0.26618312333984 0.235113543100788 0.330365709087048 0.231811738436782 0.253857737647501 0.30951161986986 0.301512789786522 0.245704096300038 0.239567749372712 0.241061917256022 0.300804591536617 0.229814003441953 0.296732401521359 0.318954287683167 0.556249732348147 0.364430558863346 0.301182155003277 0.250631269767703 0.238287637560592 0.244550936975652 0.175639976827974 0.191668565862575 3.5950606887851 3.5950606887851 3.5950606887851 3.5950606887851 3.5950606887851 3.5950606887851 3.5950606887851 3.5950606887851 3.5950606887851 3.5950606887851 3.5950606887851 3.5950606887851 3.5950606887851 3.5950606887851 3.5950606887851 3.5950606887851 3.5950606887851 3.5950606887851
1.28259995984485 1.28259995984485 0.7367244950794 0.184423239366788 0.46047333378945 0.219071614873675 0.263619943450829 0.262173743173942 0.262119125881329 0.414414920681099 0.256037339090769 0.353014258185104 0.315613719154121 0.235705612296562 0.231533764414893 0.253066056469039 0.370363533944795 0.421601347885362 0.232685591996092 0.556249732348147 0.204028055629545 0.258744202913213 0.202962651268193 0.208795796559865 0.210432852590744 0.163980985960335 0.287887722948255 3.5950606887851 3.5950606887851 3.5950606887851 3.5950606887851 3.5950606887851 3.5950606887851 3.5950606887851 3.5950606887851 3.5950606887851 3.5950606887851 3.5950606887851 3.5950606887851 3.5950606887851 3.5950606887851 3.5950606887851 3.5950606887851 3.5950606887851 3.5950606887851
1.28259995984485 1.28259995984485 0.732971054026171 0.711791441555935 0.208908718097615 0.4301905786718 0.277929611371414 0.262023934261261 0.326058389441384 0.455480914436753 0.2527441699908 0.691316595569711 0.7426021587177 0.761312084661758 0.778288408063539 0.801813999480153 0.933819685239652 0.526446779974249 1.04548973416778 1.04548973416778 1.06691712499332 0.31996119683467 1.09229442765024 0.26698540291202 0.22150974871877 0.270845874738376 3.5950606887851 3.5950606887851 3.5950606887851 3.5950606887851 3.5950606887851 3.5950606887851 3.5950606887851 3.5950606887851 3.5950606887851 3.5950606887851 3.5950606887851 3.5950606887851 3.5950606887851 3.5950606887851 3.5950606887851 3.5950606887851 3.5950606887851 3.5950606887851 3.5950606887851
0.199669146316477 0.494729567489974 0.255272613966593 0.704824453605507 0.22414015800048 0.266219311548038 0.262279208874834 0.445493397381268 0.251354339992533 0.491429723694574 0.614101892704608 0.249243222683048 0.229401877529164 0.237741955435274 0.340231696772547 0.384654804822986 0.933819685239652 0.933819685239652 1.04548973416778 1.04548973416778 1.06691712499332 1.09229442765024 1.09229442765024 0.268217854414006 0.398663146734487 0.252339032976615 3.5950606887851 3.5950606887851 3.5950606887851 3.5950606887851 3.5950606887851 3.5950606887851 3.5950606887851 3.5950606887851 3.5950606887851 3.5950606887851 3.5950606887851 3.5950606887851 3.5950606887851 3.5950606887851 3.5950606887851 3.5950606887851 3.5950606887851 3.5950606887851 3.5950606887851
0.173846714612225 0.474180929114365 0.202247161164135 0.696071078887911 0.222791377807763 0.250850871340666 0.514796195614162 0.470179793096613 0.269330785537619 0.583833281073329 0.326944032463879 0.248816174232892 0.219558636503596 0.224905127846034 0.225148883119305 0.249759163544031 0.933819685239652 0.933819685239652 0.230356641701359 0.209956227696235 0.361709091024976 0.219253753914737 1.10036807071863 0.173324803855 0.452797428988007 0.473668635591282 3.5950606887851 3.5950606887851 3.5950606887851 3.5950606887851 3.5950606887851 3.5950606887851 3.5950606887851 3.5950606887851 3.5950606887851 3.5950606887851 3.5950606887851 3.5950606887851 3.5950606887851 3.5950606887851 3.5950606887851 3.5950606887851 3.5950606887851 3.5950606887851 3.5950606887851
0.164630278566121 0.467582790472219 0.156480418752169 0.180862953093133 0.682337691810073 0.551167421240052 0.539701834271815 0.253501387108216 0.25623296092016 0.272873007746998 0.273457735163733 0.22338409235041 0.297332641857962 0.218635646487287 0.232186195087045 0.313096945735492 0.295695734233178 0.226793887090996 0.236198790399531 0.272421060031096 0.334230487099667 0.239291857511731 0.227768081178053 1.10843271462741 1.17331357159312 1.18256774113993 3.5950606887851 3.5950606887851 3.5950606887851 3.5950606887851 3.5950606887851 3.5950606887851 3.5950606887851 3.5950606887851 3.5950606887851 3.5950606887851 3.5950606887851 3.5950606887851 3.5950606887851 3.5950606887851 3.5950606887851 3.5950606887851 3.5950606887851 3.5950606887851 3.5950606887851
