Archive - glowpa-model-master/Model input/Uganda/rivergeometry/river_length.asc
NCOLS 67 
NROWS 67 
XLLCORNER 29.5 
YLLCORNER -1.5 
CELLSIZE 0.0833333333283582 
NODATA_value -9999 
[rows 20 to 39 of 67, columns 0 to 45 of 67]
-9999 -9999 -9999 -9999 -9999 -9999 -9999 -9999 -9999 -9999 -9999 -9999 -9999 -9999 -9999 13069.7862616498 13069.7862616498 9214.68189719152 13069.7862616498 9214.68189719152 9268.42882253926 9268.42882253926 9214.69323664494 13069.7862616498 9214.68189719152 9268.42882253926 13069.3934947104 13069.3934947104 13069.3934947104 9268.42882253926 9268.42882253926 13069.7862616496 9214.69323664494 13069.3934947101 9214.69323664494 9268.42882253887 9268.42882253966 9268.42882253887 9214.69323664494 9214.69323664494 9214.68189719152 13069.7862616496 9214.68189719152 9268.42882253887 13069.7862616501 9268.42882253887
-9999 -9999 -9999 -9999 -9999 -9999 -9999 -9999 -9999 -9999 -9999 -9999 -9999 -9999 -9999 9214.67094789493 13070.1655036008 13070.1655036008 9214.68189719152 9268.984206219 13069.7862616498 9268.984206219 13070.1655036008 9214.67094789493 13069.7862616498 9268.984206219 9268.984206219 9268.984206219 9268.984206219 13070.1655036008 9268.984206219 9268.98420621861 9214.68189719152 13069.7862616496 13069.7862616501 9268.98420621861 9214.68189719152 13069.7862616496 9268.9842062194 9268.98420621861 9268.9842062194 9268.98420621861 9214.67094789493 9214.67094789493 9214.67094789493 13070.1655036006
-9999 -9999 -9999 -9999 -9999 -9999 -9999 -9999 -9999 -9999 -9999 -9999 -9999 -9999 -9999 -9999 9269.52011269717 13070.1655036008 9214.67094789493 13070.1655036008 13070.1655036008 13070.5312185951 9269.52011269717 9269.52011269717 9214.67094789493 9214.67094789493 9214.67094789493 13070.5312185951 9269.52011269717 9269.52011269717 9214.6603888462 13070.531218595 9269.52011269757 9269.52011269678 9269.52011269757 9214.67094789493 9214.67094789493 9269.52011269678 13070.5312185954 9269.52011269678 9214.6603888462 13070.531218595 9214.67094789493 9214.67094789493 13070.1655036011 9214.6603888462
-9999 -9999 -9999 -9999 -9999 -9999 -9999 -9999 -9999 -9999 -9999 -9999 -9999 -9999 -9999 -9999 -9999 13070.5312185951 9214.6603888462 9214.65022013179 9270.03654090828 9214.65022013179 9270.03654090828 9270.03654090828 9270.03654090828 13070.5312185951 9270.03654090828 13070.5312185951 9270.03654090828 9214.65022013179 9214.65022013179 9270.03654090789 13070.5312185954 9214.65022013179 9270.03654090868 13070.531218595 13070.5312185954 9270.03654090789 9270.03654090868 9214.6603888462 9214.6603888462 13070.531218595 9214.6603888462 9214.6603888462 9270.03654090868 9214.6603888462
-9999 -9999 -9999 -9999 -9999 -9999 -9999 -9999 -9999 -9999 -9999 -9999 -9999 -9999 -9999 9214.65022013179 9214.65022013179 9214.65022013179 13070.8834047341 13070.8834047341 9270.53348982557 9214.64044183607 9270.53348982557 9214.65022013179 13070.8834047341 9270.53348982557 9270.53348982557 9270.53348982557 13071.2220601899 9270.53348982557 13070.8834047341 13071.2220601897 9214.64044183607 9270.53348982518 13071.2220601902 9270.53348982518 9214.64044183607 13070.8834047338 13070.8834047344 13070.8834047338 9270.53348982597 9270.53348982518 9214.65022013179 9270.53348982518 13070.8834047344 13070.8834047338
-9999 -9999 -9999 -9999 -9999 -9999 -9999 -9999 -9999 -9999 -9999 -9999 -9999 -9999 -9999 9271.01095846101 13071.2220601899 9271.01095846101 9271.01095846101 9271.01095846101 13071.5471832051 9214.63105403946 9271.01095846101 13071.5471832051 9214.63105403946 9271.01095846101 13071.5471832051 13071.5471832051 13071.5471832051 9214.64044183607 9214.64044183607 9214.64044183607 9271.0109584614 13071.5471832048 9271.0109584614 9271.01095846061 9271.0109584614 9271.01095846061 9271.0109584614 9214.64044183607 9214.64044183607 9214.64044183607 13071.2220601902 9271.01095846061 13071.2220601902 13071.2220601897
-9999 -9999 -9999 -9999 -9999 -9999 -9999 -9999 -9999 -9999 -9999 -9999 -9999 -9999 -9999 13071.5471832051 9271.46894586531 9271.46894586531 9271.46894586531 13071.8587720923 9214.62205681947 9271.46894586531 13071.8587720923 9271.46894586531 13071.8587720923 9271.46894586531 9271.46894586531 9214.62205681947 9271.46894586531 13071.5471832051 9271.46894586531 13071.5471832048 13071.5471832053 9271.46894586491 13071.8587720925 13071.8587720919 9271.4689458657 9214.63105403946 9214.63105403946 9214.63105403946 9271.4689458657 13071.5471832048 9271.4689458657 9214.63105403946 9271.4689458657 9214.63105403946
-9999 -9999 -9999 -9999 -9999 -9999 -9999 -9999 -9999 -9999 -9999 -9999 -9999 -9999 -9999 9271.90745112793 9271.90745112793 9271.90745112793 13072.1568252346 9214.61345025042 9271.90745112793 13072.1568252346 9271.90745112793 9214.61345025042 9214.61345025042 13072.1568252346 13072.1568252346 9214.62205681947 13071.8587720923 13071.8587720923 13071.8587720923 9271.90745112753 9271.90745112832 9214.61345025042 9271.90745112832 13071.8587720919 9271.90745112832 9271.90745112753 9214.62205681947 13071.8587720919 9271.90745112832 9271.90745112753 9271.90745112832 13071.8587720919 9214.62205681947 9214.62205681947
-9999 -9999 -9999 -9999 -9999 -9999 -9999 -9999 -9999 -9999 -9999 -9999 -9999 -9999 9272.32647337707 13072.1568252346 9272.32647337707 13072.4413410856 9272.32647337707 13072.4413410856 13072.4413410856 9214.60523440313 13072.4413410856 9272.32647337707 9214.60523440313 9272.32647337707 13072.1568252346 9214.61345025042 9272.32647337707 13072.1568252346 9272.32647337707 13072.4413410852 13072.1568252349 9272.32647337668 13072.1568252349 9272.32647337668 9272.32647337746 9214.61345025042 13072.1568252349 9272.32647337668 9214.60523440313 9214.60523440313 9272.32647337746 9272.32647337668 13072.1568252349 13072.1568252343
-9999 -9999 -9999 -9999 -9999 -9999 -9999 -9999 -9999 -9999 -9999 9214.60523440313 13072.4413410852 13072.7123181689 13072.4413410856 9272.72601177966 13072.7123181689 9214.59740934547 13072.7123181689 9214.59740934547 13072.7123181689 13072.7123181689 9214.59740934547 9214.59740934547 13072.7123181689 9214.59740934547 9214.60523440313 9214.60523440313 9214.60523440313 9272.72601177966 13072.7123181689 9214.59740934547 9272.72601178005 13072.7123181686 9272.72601178005 13072.7123181686 9272.72601178005 9272.72601177926 9214.60523440313 13072.4413410852 13072.4413410858 9214.60523440313 9214.60523440313 9214.60523440313 13072.4413410858 9272.72601177926
-9999 -9999 -9999 -9999 -9999 -9999 -9999 -9999 -9999 -9999 9214.59740934547 9273.10606554137 9214.59740934547 9273.10606554137 9273.10606554137 13072.9697550787 9214.58997514199 9273.10606554137 13072.9697550787 13072.9697550787 13072.9697550787 9273.10606554137 9273.10606554137 13072.7123181689 9214.59740934547 9214.59740934547 9273.10606554137 9214.59740934547 9214.59740934547 9273.10606554137 13072.9697550787 9214.58997514199 9273.10606554177 9214.58997514199 9214.58997514199 13072.9697550784 9273.10606554177 9273.10606554098 9214.59740934547 13072.7123181686 9273.10606554177 13072.7123181686 13072.7123181692 9273.10606554098 9214.58997514199 9214.59740934547
-9999 -9999 -9999 -9999 -9999 -9999 -9999 -9999 -9999 -9999 9273.46663390664 13073.2136504795 9273.46663390624 9273.46663390664 13073.2136504795 9214.5829318541 9214.5829318541 13073.2136504795 9214.5829318541 9214.5829318541 13073.2136504795 13072.9697550787 13072.9697550787 9273.46663390664 9214.58997514199 9214.58997514199 9214.58997514199 9273.46663390664 9273.46663390664 13073.2136504795 9273.46663390664 9273.46663390624 13073.2136504798 9273.46663390624 13073.2136504798 13073.2136504792 9214.5829318541 13073.2136504792 9273.46663390703 9273.46663390624 9273.46663390703 9273.46663390624 9273.46663390703 9273.46663390624 9273.46663390703 9273.46663390624
-9999 -9999 -9999 -9999 -9999 -9999 -9999 -9999 -9999 9273.80771615861 9273.80771615861 9273.80771615861 9273.80771615822 13073.4440031059 9214.57627953968 9273.80771615861 13073.4440031059 9214.57627953968 13073.4440031059 9214.57627953968 9273.80771615861 9273.80771615861 9214.5829318541 13073.2136504795 9273.80771615861 13073.2136504795 9214.5829318541 13073.4440031059 13073.4440031059 9214.57627953968 9214.57627953968 13073.4440031056 9214.5829318541 9214.5829318541 9214.57627953968 9214.57627953968 9273.80771615901 9214.57627953968 13073.4440031061 9214.57627953968 13073.4440031061 9273.80771615822 9214.57627953968 13073.4440031056 9273.80771615901 9273.80771615822
-9999 -9999 -9999 -9999 -9999 -9999 -9999 -9999 -9999 9274.12931161921 9274.12931161921 9274.12931161921 13073.6608117626 9214.57001825385 9274.12931161921 13073.660811763 9274.12931161921 9214.57001825385 13073.660811763 9214.57001825385 13073.660811763 9274.12931161921 9274.12931161921 13073.660811763 9274.12931161921 9214.57001825385 13073.660811763 9214.57001825385 13073.660811763 9274.12931161921 9274.12931161921 9274.12931161881 13073.6608117632 9274.12931161881 13073.4440031061 13073.6608117626 13073.6608117632 9274.12931161881 9274.1293116196 13073.6608117626 9214.57001825385 9274.12931161881 9214.57001825385 9214.57001825385 9214.57001825385 9214.57001825385
-9999 -9999 -9999 -9999 -9999 -9999 9214.57001825385 9214.57001825385 9274.43141964907 13073.8640753261 9274.43141964907 13073.8640753261 9214.56414804819 13073.8640753261 13073.8640753261 9214.57001825385 13073.660811763 13073.660811763 9214.57001825385 9274.43141964907 9274.43141964907 13073.8640753261 9214.56414804819 9214.56414804819 13073.8640753261 13073.8640753261 9214.56414804819 13073.8640753261 9214.56414804819 13073.8640753261 13073.8640753261 9274.43141964868 9214.56414804819 13073.8640753259 9274.43141964947 9274.43141964868 9214.56414804819 13073.8640753259 13073.8640753264 9214.56414804819 9274.43141964947 13073.8640753259 9274.43141964947 9274.43141964868 9214.56414804819 13073.8640753259
-9999 -9999 -9999 -9999 -9999 -9999 13073.8640753261 13073.8640753261 9274.71403964762 13074.053792741 9274.71403964762 13074.053792741 13074.0537927407 9214.55866897101 9274.71403964762 9274.71403964762 9274.71403964762 9274.71403964762 9274.71403964762 9274.71403964762 9214.55866897101 13074.053792741 13074.053792741 9274.71403964762 9274.71403964762 9214.55866897101 9214.55866897101 13074.053792741 9214.55866897101 13074.053792741 9214.55866897101 9274.71403964722 9214.55866897101 9274.71403964722 13074.0537927413 9274.71403964722 9274.71403964801 9214.55866897101 9214.56414804819 9214.55866897101 9274.71403964801 9214.55866897101 13074.0537927413 13074.0537927407 9274.71403964801 9214.55866897101
-9999 -9999 -9999 -9999 -9999 9274.97717105298 13074.053792741 9274.97717105298 13074.2299630236 13074.2299630236 13074.2299630236 9274.97717105298 9214.55358106759 9214.55358106759 9214.55358106759 13074.2299630236 9214.55358106759 9214.55358106759 13074.2299630236 9214.55358106759 9214.55358106759 13074.2299630236 9214.55358106759 9214.55358106759 9274.97717105298 13074.053792741 13074.2299630236 9214.55358106759 9214.55358106759 13074.2299630236 9214.55358106759 13074.2299630233 9274.97717105337 9274.97717105258 9214.55358106759 13074.2299630233 9274.97717105337 9214.55358106759 9274.97717105337 9214.55358106759 9274.97717105337 9214.55358106759 9214.55358106759 9214.55358106759 9274.97717105337 9214.55358106759
-9999 -9999 9214.55358106759 13074.2299630236 9275.22081334205 9214.55358106759 9275.22081334205 9275.22081334205 9214.54888438 9275.22081334205 9275.22081334205 9214.54888438 9214.54888438 13074.3925852603 13074.3925852603 9214.54888438 9275.22081334205 9214.54888438 9214.54888438 9214.54888438 9275.22081334205 9214.54888438 9214.54888438 9275.22081334205 13074.3925852603 9275.22081334205 9275.22081334205 9214.54888438 9214.54888438 9214.54888438 9275.22081334205 9214.54888438 13074.2299630239 13074.2299630233 9214.54888438 9214.54888438 13074.3925852605 9275.22081334165 13074.3925852605 9214.54888438 13074.3925852605 9214.54888438 9275.22081334244 9214.54888438 13074.3925852605 9275.22081334165
-9999 13074.3925852603 13074.3925852603 9275.44496603328 9214.54888438 9275.44496603328 9275.44496603328 13074.5416586074 9214.54457894685 13074.5416586074 9214.54457894685 13074.5416586074 9214.54457894685 13074.5416586074 9275.44496603328 9275.44496603328 13074.3925852603 9275.44496603328 13074.5416586074 9214.54457894685 9275.44496603328 9214.54457894685 13074.5416586074 9214.54457894685 9214.54457894685 13074.5416586074 9275.44496603328 9214.54888438 9214.54457894685 13074.5416586074 13074.5416586074 13074.5416586072 9275.44496603368 9275.44496603289 9214.54457894685 9275.44496603289 9214.54457894685 9275.44496603289 13074.5416586077 9214.54457894685 13074.5416586077 9214.54457894685 13074.5416586077 13074.39258526 13074.3925852605 9275.44496603289
-9999 13074.5416586074 13074.5416586074 9275.64962867493 9275.64962867493 13074.677182292 9214.54066480364 9214.54066480364 9275.64962867493 13074.677182292 9275.64962867493 13074.677182292 9214.54066480364 9214.54066480364 9214.54066480364 13074.677182292 9275.64962867493 9275.64962867493 9214.54066480364 13074.677182292 13074.677182292 13074.677182292 9275.64962867493 9214.54066480364 9275.64962867493 9214.54066480364 9275.64962867493 9275.64962867493 9214.54066480364 9214.54066480364 9214.54066480364 13074.6771822917 13074.6771822923 13074.6771822917 9275.64962867533 13074.6771822917 9214.54066480364 9275.64962867454 13074.6771822923 9214.54066480364 9275.64962867533 9214.54066480364 13074.6771822923 9275.64962867454 9275.64962867533 9214.54066480364
