Archive - glowpa-model-master/Model input/Uganda/rivergeometry/river_restime_1sep.asc
NCOLS 67 
NROWS 67 
XLLCORNER 29.5 
YLLCORNER -1.5 
CELLSIZE 0.0833333333283582 
NODATA_value -9999 
[rows 38 to 56 of 67, columns 0 to 41 of 67]
-9999 0.00219166824863412 0.00192744864381569 0.00157346839996113 0.00179994894943866 0.00160170475020088 0.00102677102837583 0.00144372833614477 0.00170076483809681 0.00250977378601822 0.00133866518234628 0.00215770151462204 0.00125689906659778 0.00144549522010199 0.00103896255891562 0.00145298448403935 0.00192465612378652 0.00148484604979463 0.00184256770368456 0.00119672969373667 0.00137591510771596 0.00145538930884485 0.00204128391161352 0.00129311021981483 0.0015341759865896 0.00179856884767452 0.00164871361498252 0.00167754060403429 0.00149588293571689 0.00213351837940691 0.00190026265180473 0.00151905436847023 0.00135273498360936 0.0015733233270789 0.00123708856527736 0.0015571566873024 0.00140466658969014 0.00152071094464492 0.00207324388898276 0.00109391850134205 0.00219199418575362 0.000723443186504294
-9999 0.00222117075078156 0.00210399027722564 0.00104243192946426 0.00104117360250094 0.00145202330117494 0.00155902458498848 0.00148141924096648 0.0014849385396121 0.00192364379908234 0.00152100068188351 0.00188481315826789 0.00147874922466075 0.00128981177390748 0.00148531661303662 0.00147887356510118 0.00111256120209638 0.00149114647186793 0.0014266410533427 0.00205299909094742 0.00177975790970492 0.00205030087340446 0.00146079717434336 0.00132816952347499 0.001524361259571 0.0012881248750041 0.00132300738703068 0.00140010268717827 0.00166571935819295 0.0016635190509718 0.00143344957292338 0.00215496393695266 0.00154731808380651 0.0022274881006237 0.00155977105004065 0.00179658914246198 0.00154345478919471 0.00157292017452972 0.00167384186441683 0.00117610532747522 0.00157117433546261 0.00154266073155835
0.00232057232474037 0.00171484361610593 0.00105425404994522 0.00104370324937128 0.00182987914014785 0.00129504592889834 0.00164055854720546 0.00156604700725131 0.00219737527788086 0.00157247968240303 0.00160169593971509 0.00147573171216224 0.00211410354417726 0.00131992726260715 0.00148500022709722 0.00116500236612524 0.00123854596859282 0.00166207429107853 0.00142550707643577 0.00141885666044519 0.0014336072801444 0.00190703032701699 0.00144841379150269 0.00146281146814812 0.00145333090776799 0.00152689106126815 0.00147088344590267 0.00144440383409724 0.00158087857986728 0.0016960844653817 0.00150876109601916 0.00160319989130679 0.00110397736294234 0.00196979322541232 0.00149554967821079 0.00130795985545223 0.00156118348760345 0.00220327009597668 0.00156854334677192 0.00172265526577241 0.00169002407025262 0.0015558765426723
0.00161634798269736 0.00211115217511247 0.00105441192222312 0.00136034599095762 0.00136940585749757 0.00133522578191346 0.00216390886521293 0.00156051442640829 0.00155280001065384 0.00135467929710833 0.00185004872359103 0.00154758608222278 0.00209115422542173 0.00147165418760252 0.001943993967666 0.00122408058634104 0.00148621033123918 0.00178977844782502 0.00168069981766409 0.00122838172066546 0.00132150169599101 0.0013595839302932 0.00146432805087376 0.00135857416512096 0.00195155422170207 0.00148949666167591 0.00172967628699133 0.00159524766494046 0.00229083620621566 0.00160752302437206 0.0015214161107523 0.0019224125178388 0.00112331218016797 0.00156599701591998 0.00154833418279893 0.00155415159689462 0.00207055347684664 0.00157253257436314 0.00177511304966878 0.00145466242733688 0.00121012588085703 0.00136642652598571
0.00179068752846919 0.00237451036198961 0.00106736038549844 0.00240163868736968 0.00137861348747474 0.0013878262224503 0.00224170624255073 0.00145100691388504 0.00137942816260029 0.00156831957492898 0.00153309515966233 0.0012624033548068 0.00142801493608542 0.00154147770684535 0.00146652005662573 0.00144314225897348 0.00186815612745229 0.00138932957945282 0.00196632819753732 0.00147363490079293 0.00210468062667411 0.00152486116478024 0.00151244229334499 0.00185295403500749 0.0015324338848074 0.00125486225615629 0.00151691321177696 0.00207105591788489 0.00161439135856536 0.00170519935157737 0.00205900155319485 0.00156160401494146 0.00113282958245959 0.00124187599075669 0.00140165828947904 0.00157373699114632 0.00157191835353761 0.00158430709999392 0.00128254262986723 0.00156787665362631 0.00127532638282274 0.00139938584675099
0.00109608762677583 0.00151559833441425 0.0016542731612426 0.00213433297879731 0.00144558864728756 0.00147219611706834 0.00159373516285828 0.00205618473661827 0.00191309714802314 0.0015154867649812 0.00144133679195024 0.00125434452952828 0.00120437557945718 0.00150892733032105 0.00212536372477714 0.00201451304730385 0.00145758271318277 0.00214367349833745 0.00211576831550083 0.00145966700533766 0.00145730126898478 0.00140139591619525 0.00175315301652622 0.00152176907051417 0.00219809347525946 0.00176450036221072 0.00223609034208192 0.00164187131612011 0.00134258367623496 0.00132735697242961 0.00154371307231907 0.00163337473603826 0.00121030830603521 0.00154695780923579 0.00188473851446684 0.0013716026331717 0.00156053952764215 0.00192263106973645 0.00156058436111969 0.00156771968308223 0.0012930359770299 0.00144820044856163
0.00109005118628054 0.00129958840030046 0.00132220687946877 0.00138735508243621 0.00144841564644162 0.00209882044892331 0.00234257227751262 0.002156498634894 0.00201935383256116 0.00129762411561296 0.00132328342292203 0.00155727789115779 0.00116148611880088 0.00135716318647895 0.00133551810231205 0.00207191309338466 0.00143911863829775 0.00202934149138352 0.00198949217059891 0.00136168887621858 0.00139548898545985 0.00119652636933438 0.00225902893974659 0.0020450512030472 0.00172881399689669 0.00150937817454752 0.0015487429628824 0.00119084481880511 0.00188786242745266 0.00188347116319811 0.00159924893882496 0.00225528157679781 0.00142093185253445 0.00179729879418878 0.00132371892167838 0.00154705080783129 0.00209845115037295 0.00139789734744812 0.00152966605754472 0.00147805137057504 0.00134398962176751 0.00151851141861762
0.00109456692342858 0.00143911900831546 0.0014694270728772 0.00149048426459416 0.0013716061833843 0.00212623906238244 0.00141402871627367 0.00136500430789163 0.00210812138162611 0.00124949833163604 0.00130047564807389 0.00223471604845593 0.00115465250927267 0.00146058149116668 0.00178368220520774 0.00145510616311733 0.00125681360631546 0.00146936694705802 0.00147987513129478 0.00126865443679892 0.00191510355526997 0.00118381870359669 0.00167696812961308 0.00121224172183272 0.00168790293769831 0.00159059291817422 0.00159032064546773 0.0016897744593409 0.00133627909448328 0.00133627909448328 0.00200384501143192 0.00158978703962185 0.00151920399285071 0.00152841280843132 0.00159493752488424 0.00197632284150829 0.00147355726693737 0.000724777059561277 0.00102843796623562 0.00162241440013339 0.00151891313755177 0.00164367761487759
0.00131083062659682 0.00156854604144965 0.00157578970297194 0.0021434551590882 0.00188015058248539 0.00157279489970522 0.00194342732658921 0.0013707842252543 0.00104728624159486 0.00115686991897828 0.0012709808639687 0.00155252143894744 0.0016296499172032 0.00122029956073566 0.00120292865820056 0.00117513655424968 0.00109112278144353 0.00108534279351782 0.00104841371542358 0.00102199827910802 0.0010228709944907 0.000972040010139893 0.00137148558604546 0.00161494795202271 0.00234590423402193 0.00233726360407202 0.00168681384897343 0.00166987449914515 0.00163653070070437 0.00208925200465907 0.00159668458847063 0.00158224702112947 0.00159200340902318 0.00147145709228584 0.00102844226773085 0.000724776905936448 0.00102844226773085 0.000724776905936448 0.000729654417468751 0.000729654417468751 0.000724776905936448 0.00102844226773085
0.00165683151029315 0.00113696801254243 0.00142280615298227 0.00151619454465147 0.00150405680541998 0.00178827091357335 0.00104028535042872 0.00104028535042872 0.00104028535042872 0.00104028535042872 0.00146708130464802 0.00104233028295772 0.00110898371300186 0.00111288213598728 0.00156683481955512 0.00157596156030741 0.00124949407209391 0.00145360236679699 0.00120062671399722 0.00139900903471482 0.00171563895524443 0.00155720737659864 0.00144737720127184 0.00136715578011009 0.00155979115759268 0.00168437621292089 0.00173435913513599 0.00168629278470021 0.00237134588522434 0.00157853843363846 0.00159580833449433 0.00147408207916458 0.00102844541703986 0.00102844541703986 0.000729658258089495 0.00102844541703986 0.000724776829124033 0.000724776829124033 0.000729658258089495 0.000724776829124033 0.000724776829124033 0.000729658258089495
0.00150326080861249 0.00113831040439559 0.00114876948697583 0.00115651031484177 0.00124556770254773 0.00166831084384113 0.00104729506161522 0.00147614947865597 0.00104729506161522 0.00147614947865597 0.00157481520770752 0.00134522609383893 0.00156580520304214 0.00125431594506062 0.00164067618298337 0.00130020805519376 0.00137143559124035 0.00218284444126201 0.00121028952920893 0.00152123820976475 0.00125673027459901 0.00203029215694566 0.0015300035594262 0.00158659099425375 0.000957098272577031 0.000946304037383882 0.000946345895080036 0.00094585037701386 0.0013305988883194 0.00148082707674241 0.000724776752311618 0.00102844756778748 0.000729660562461942 0.000724776752311618 0.000724776752311618 0.00102844756778748 0.000729660562461942 0.000729660562461942 0.000729660562461942 0.000729660562461942 0.000729660562461942 0.000729660562461942
0.00114876948697583 0.00114876948697583 0.00114876948697583 0.00114876948697583 0.00114876948697583 0.0018947797510845 0.0017883388333634 0.00156628705791853 0.00147615102215954 0.00104028524017847 0.00205025407540767 0.00155267360054428 0.00185274699391764 0.00157608098748843 0.00121326535398795 0.00133017690851784 0.00160038791508555 0.00200861628956377 0.00122749611518334 0.00125618875263166 0.00153145344142701 0.00184413820253819 0.00219907908726072 0.00223442710517972 0.00180190739364563 0.00150962701092069 0.00180594256481293 0.00215857457817639 0.00072966133058609 0.00072966133058609 0.00102844864316129 0.00072966133058609 0.000724776752311618 0.000724776752311618 0.000724776752311618 0.00072966133058609 0.00072966133058609 0.000724776752311618 0.000724776752311618 0.000724776752311618 0.000724776752311618 0.00072966133058609
0.00163008703171098 0.00114876948697583 0.00115651031484177 0.00114876948697583 0.00115651031484177 0.00188973824022394 0.00145208874444096 0.00104568937892355 0.00104028524017847 0.00169361178494569 0.00154044914417514 0.00158545537044886 0.001334961538677 0.00159869742160023 0.00122136194747772 0.00137845854740118 0.00163064098943281 0.00149325998325878 0.00159622087688007 0.00126713863444399 0.00155910371599474 0.00132029358481659 0.00156577955225201 0.00231952102864197 0.00128368283602592 0.0016041714322555 0.0012803740392727 0.00162453785849281 0.00102844864316129 0.000729660562461942 0.000729660562461942 0.000729660562461942 0.000729660562461942 0.000729660562461942 0.000729660562461942 0.00102844864316129 0.000724776752311618 0.00102844864316129 0.000724776752311618 0.000724776752311618 0.000729660562461942 0.00102844756778748
0.00115650666241674 0.00163008362278095 0.00115650666241674 0.00115650666241674 0.00115650666241674 0.00103053845343916 0.00173048246650039 0.00178231530965285 0.00165314492805294 0.00199837756261422 0.001623826398886 0.00206617198593064 0.00155659709856205 0.0022315580572772 0.00125228739776984 0.00172308315629522 0.00204597713524031 0.00165448262508005 0.00214173587474706 0.00135582315243437 0.00152437913962355 0.001459693396518 0.00219483287377484 0.00160078144060592 0.00129132306292664 0.00232382536850921 0.00135360502592504 0.00161218425599816 0.000729658258089495 0.00102844541703986 0.000724776829124033 0.000729658258089495 0.000729658258089495 0.000724776829124033 0.000724776829124033 0.000724776829124033 0.000729658258089495 0.000729658258089495 0.000729658258089495 0.00102844541703986 0.000729658258089495 0.000729658258089495
0.00115650057504168 0.00114876973047084 0.00163007863113341 0.00163007863113341 0.00115650057504168 0.00168042247431354 0.00188551803628661 0.00127751263227397 0.00219459615082983 0.00169124254342801 0.00218145098863004 0.00248687487475873 0.00155798591275233 0.00200498322897322 0.00140238968774615 0.00205831059548217 0.00164310898522884 0.00235406733443763 0.00164483267166805 0.00151164493577921 0.00151246082524864 0.00157370689452859 0.00161614758607402 0.0014406888801542 0.00134982110753772 0.00218324782546559 0.00147783877677727 0.00227066001716242 0.00152132973375828 0.00209469575756705 0.00102844226773085 0.00102844541703986 0.00102844226773085 0.000724776905936448 0.000729654417468751 0.000729654417468751 0.00102844226773085 0.000729654417468751 0.000724776905936448 0.000729654417468751 0.000729654417468751 0.000729654417468751
0.00163007181327335 0.00114876997396584 0.00163007181327335 0.00163007181327335 0.00115649217446411 0.00199356697219933 0.00244145779311243 0.00128502250679462 0.00131698415373263 0.00154767193888443 0.00144043158598119 0.00143133808197703 0.00221962932873791 0.00209876021727516 0.00164347507725808 0.00161605149656523 0.00231019359277466 0.00160712123135223 0.00160528662378997 0.00159211308303397 0.00208169872911445 0.00242323129346216 0.00226026803233804 0.00171539564266906 0.00149278743385121 0.00166292192550119 0.00159576574443398 0.00157130172427269 0.00139580577793656 0.00130167420573425 0.000724776905936448 0.000729649117412125 0.000729649117412125 0.000724777059561277 0.000724777059561277 0.000729649117412125 0.00102844226773085 0.000724776905936448 0.000729649117412125 0.000729649117412125 0.00102843796623562 0.000724777059561277
0.00114877021746084 0.00163006341269577 0.00114877021746084 0.00163006341269577 0.00190583612619927 0.00218161888296783 0.00160707505964739 0.00202733663222458 0.00155364904507929 0.00143135347350034 0.00190722504690223 0.00136956693939324 0.00152472217237772 0.00157696343537812 0.00159156039363912 0.00211272210629016 0.00161625816743735 0.00150578246497601 0.00211329495599402 0.00127525748399979 0.00145474664162342 0.00151694841965828 0.00158315500420555 0.00227065620025637 0.00168186504631392 0.00182795525780219 0.00173156789048689 0.000729642204294786 0.00102843796623562 0.000724777059561277 0.000724777059561277 0.000729642204294786 0.00102843796623562 0.00102843266617899 0.000724777059561277 0.00102843796623562 0.000729642204294786 0.000729642204294786 0.00102843266617899 0.000729642204294786 0.000729642204294786 0.00102843266617899
0.00114877046095584 0.00114877046095584 0.0011397588514205 0.00249309016442247 0.00186949786873849 0.00163534817005538 0.0021874421594722 0.00152921631014566 0.00151126020175712 0.00126194161409523 0.00216466262217752 0.00133523143594265 0.00143427495521245 0.00222626415201575 0.00158477526167982 0.0015655159681303 0.00199436800800803 0.00136574894002316 0.00163705204790417 0.00127525775430528 0.0017444731861579 0.00164252801312145 0.00180844759324757 0.00169362275475256 0.00239760358016519 0.00186202467686436 0.00217488479463579 0.00102843266617899 0.000724777366810937 0.00102843266617899 0.00102843266617899 0.000724777213186107 0.000729633754929149 0.000729633754929149 0.000729633754929149 0.00102842629074856 0.000724777366810937 0.00102842629074856 0.000724777366810937 0.000724777366810937 0.00102842629074856 0.000724777366810937
0.00114877082619835 0.00114877082619835 0.00114085764700942 0.00116042896711203 0.00168197513234104 0.00191028975127622 0.00155064477331567 0.00155737893526262 0.00202980461703798 0.00124202246182166 0.00154854519319919 0.00113561443586144 0.00111475206139301 0.00110732583055842 0.00110160087658223 0.00154481629303564 0.0010582795631632 0.00127548593665777 0.00104690424902183 0.00147564251449884 0.00103698925345456 0.00217167452502122 0.00147677351046941 0.00223679295072601 0.00165660479096585 0.00224760453423276 0.000724777366810937 0.000729623769315215 0.000729623769315215 0.000729623769315215 0.000729623769315215 0.000729623769315215 0.0010284187631319 0.0010284187631319 0.000724777597248182 0.000724777366810937 0.00102842629074856 0.000729623769315215 0.000729623769315215 0.000724777597248182 0.000724777366810937 0.000724777597248182
