Archive - glowpa-model-master/Model input/Uganda/rivergeometry/river_width_1dec.asc
NCOLS 67 
NROWS 67 
XLLCORNER 29.500000001 
YLLCORNER -1.499999999 
CELLSIZE 0.0833333332985075 
NODATA_value -9999 
[rows 40 to 59 of 67, columns 0 to 45 of 67]
0.682182862938394 0.538572683486145 13.5753609972061 13.6734799230524 0.356511300132388 2.1767305862493 0.58919014818354 0.806183374599707 0.901922429854631 0.863417198065767 0.779539533188036 1.12427209019951 1.06011095161088 2.05179798601946 1.09483713293909 3.62651396434661 2.70407338221031 3.55709772177224 1.11952413584396 1.09149197884377 1.04615991194732 1.54715270190535 1.05083533284024 0.96993482075626 0.893746607035948 0.82193989330032 1.05910224418914 1.35061061382883 0.881589339130484 0.564595464771788 1.03376930868275 0.764941575722943 5.64255606445952 1.56140657085657 1.05203946057632 2.21197431676208 0.860604288736451 0.861220993330289 0.863439859636398 3.32807789474556 3.83038677263146 0.885469941398812 55.5505505180433 1.58516899983283 2.4396856449438 1.01151637881774
0.753477820429552 1.14354967188325 13.3930483799401 1.72109583358464 1.64806571424232 1.8256871827916 0.91578036147858 0.844987491919034 1.05932278152246 2.07061393317221 2.45521336269321 0.925279992391051 1.10150655997475 1.16386831026913 1.59113761201051 2.56961456429628 1.02565151896968 2.37813118836744 3.32716963752433 2.76350496301595 1.90117398685725 1.62912670019727 1.06348281018634 1.54022721748455 1.25705844242464 1.03089199829196 0.53827223827681 0.754605045148581 0.705183657464366 0.753183663935245 0.981662709358892 1.86667497006725 5.1138987302094 0.839162384382011 0.870462540393561 0.884597016315443 1.2340872098717 0.844814328369946 2.80097213322233 1.24930637994202 3.52597503053026 1.89842354813539 55.5549683821049 1.10112649145296 2.13647219358891 0.96777930636966
0.417633440893299 0.593508917336314 13.1359232931299 0.544014093615663 1.52379449865816 1.43893589280335 0.770556063987442 1.30901998884748 1.71431835230209 0.919345218899507 1.01887022044453 2.90704375129953 1.41717340039782 0.957438489082325 1.02424284601561 0.960354818244994 1.59391636288753 1.27818517465777 1.50805332409805 0.988864631807258 0.914377694086622 1.19820508242541 1.25679152862504 1.95443931786048 0.765665967791231 2.44218492252348 0.991085889588483 1.26163429734838 0.754212856934774 0.842175951039006 1.29616295004629 0.847831592837266 4.87577756136495 3.06354076192109 1.60347968880276 0.855508622963656 0.819472088541937 0.817158423396294 2.43609620856508 0.840244365954169 2.63760035485665 1.61672988854402 55.5572508357302 55.5525246612027 0.938408350895159 1.44767772671931
12.7332207012653 13.1176055533476 0.657874690511651 1.02188160084354 1.12661804578487 0.98378005165759 0.760210645441268 1.26615019439562 1.99262479591419 1.12817260408926 1.43612919524634 3.11703395010464 3.68160008223214 0.831353520345322 0.815041779004253 0.890193279899285 0.857617231206789 0.750925460552621 0.824416285077326 0.916298890079508 0.803857044270935 1.52626939264632 2.79841477310733 0.764806085998498 0.865088300095771 2.67312305777503 0.791444363173827 0.78227262016204 2.09698288364345 4.09686202828262 1.05873986002041 0.688523828936985 3.38248972969884 0.889219769246883 2.0216004184256 1.73692865364702 0.876679755347593 1.77571565012684 0.850049821337623 0.873429176667326 2.44458587752002 1.33881934595151 0.522502443878847 55.5508132096659 1.04905158340042 1.00312886434587
12.7077418393501 2.28099324652917 2.14251976305967 1.63612239317005 1.37245997859116 0.947964865970083 0.605655969976085 1.01417955184927 1.44856925353584 2.49650450540556 2.1903558737713 0.887508474706378 4.20292259479104 1.51522206497662 1.44767412099133 0.985845839873958 0.849224624301509 1.10545477331573 1.43352057578594 1.4968723037367 1.17154427698651 3.4446520374681 0.990130486075578 1.63357237570163 3.30036791914918 1.32884285930186 0.976963050301321 5.94130835835498 2.56084579416323 4.09686202828262 0.846933045301714 0.776122242295687 1.41693846088223 2.62351252597257 2.11872290834123 0.909829891361349 1.05590206435899 1.47330748972807 0.958169374343896 1.19759495726567 1.98222854373388 1.0259785422459 55.5257694789746 55.5257694789746 55.5257694789746 55.5257694789746
12.6253228218685 1.37383493190435 1.2148741502154 1.05134751635326 1.82390791940276 0.908258189526518 1.32748914648959 1.65285222272728 1.15075102072891 3.04519646183193 2.39903830859826 0.774452765234495 4.32849511808208 1.04295581931769 2.16134585954367 0.905697419534273 2.0572137337413 0.907545225914507 0.946984190022369 2.45407194441692 1.78396226528266 3.87196230841719 4.6797921772614 3.93941768564567 1.13077589050602 0.974559203093428 1.10142005412475 5.94130835835498 4.09686202828262 4.09686202828262 1.47838726717705 0.80470034338382 0.983227325655562 0.947824712724699 0.755307628130272 1.52653965013682 1.13371417677329 55.5257694789746 55.5257694789746 0.67955418150707 1.02890624961489 0.691465940425656 55.5257694789746 55.5257694789746 55.5257694789746 55.5257694789746
2.35314708589935 12.4493831485247 0.848402033306604 0.993652200654625 2.14402376670809 0.811739992167937 1.58222040634231 1.67543732015044 11.1195458235226 4.56278652483096 2.78337863448203 0.870731107765665 4.44734860774589 2.73825541014942 2.97456157682374 3.38005736999855 5.34056898869571 5.57746884784364 7.26655038453724 8.45409055540271 8.70017587767812 12.4826928960442 12.8144176572582 1.25435771689327 1.25621411593025 1.30493656067449 6.23308416004066 0.983670506830461 0.889901388520439 1.17871841072958 0.787984630674272 0.797096189672743 0.800054093367506 1.18430945154478 55.5257694789746 55.5257694789746 55.5257694789746 55.5257694789746 55.5257694789746 55.5257694789746 55.5257694789746 55.5257694789746 55.5257694789746 55.5257694789746 55.5257694789746 55.5257694789746
0.636151170814546 12.0169938527525 1.4236759171907 1.0364053824234 1.05881838344994 2.75318168860479 11.1195458235226 11.1195458235226 11.1195458235226 11.1195458235226 8.17090919240523 8.09298667309113 5.96339378578429 5.87318160651546 0.777607266195533 0.735215641072221 2.77503131282413 1.25349989336236 3.85662795749414 1.37796074193099 4.02033030897236 1.20036315465433 1.84557539051189 13.5882684569479 1.85366226398438 6.43884035943203 1.02683318135409 1.01757111639903 0.967033105028177 0.806600640400269 0.761559808872746 1.16978362137454 55.5257694789746 55.5257694789746 55.5257694789746 55.5257694789746 55.5257694789746 55.5257694789746 55.5257694789746 55.5257694789746 55.5257694789746 55.5257694789746 55.5257694789746 55.5257694789746 55.5257694789746 55.5257694789746
1.11555837095288 11.9914791881299 11.865748046397 11.865748046397 2.96986171693276 0.668940586930929 11.1195458235226 11.1195458235226 11.1195458235226 11.1195458235226 0.79590387981416 1.75307305496222 0.813770742223425 2.81405407273463 4.73312180389934 2.52069982273993 1.70533127604013 0.803781975037988 3.71831142123072 0.918442814718291 3.37405744628938 1.58980749302354 1.19544884271413 1.10822923692952 15.9213797449544 17.4506253173155 17.668565790941 17.9381434443523 18.2653604606821 1.18933971387757 55.5257694789746 55.5257694789746 55.5257694789746 55.5257694789746 55.5257694789746 55.5257694789746 55.5257694789746 55.5257694789746 55.5257694789746 55.5257694789746 55.5257694789746 55.5257694789746 55.5257694789746 55.5257694789746 55.5257694789746 55.5257694789746
11.865748046397 11.865748046397 11.865748046397 11.865748046397 11.865748046397 0.355408287003662 0.467996830676107 0.618472790482731 11.1195458235226 11.1195458235226 1.19456384549973 0.747233274212357 2.24045141369351 0.856623300263913 3.67675947251746 2.18482719122251 0.761910290675089 1.36729383801991 3.51389184111556 3.2145743742738 1.00001180551542 2.95835066068271 1.1062608201132 1.20891952677069 4.69617406473649 1.02626965059478 2.59632358432794 0.97204475194156 55.5257694789746 55.5257694789746 55.5257694789746 55.5257694789746 55.5257694789746 55.5257694789746 55.5257694789746 55.5257694789746 55.5257694789746 55.5257694789746 55.5257694789746 55.5257694789746 55.5257694789746 55.5257694789746 55.5257694789746 55.5257694789746 55.5257694789746 55.5257694789746
11.865748046397 11.865748046397 11.865748046397 11.865748046397 11.865748046397 0.364996373995974 11.8226835342687 11.193951881637 11.1195458235226 0.64119379405995 0.813914629640972 0.737382190990775 2.0266310214763 0.848790409422748 3.54203486330583 1.83339113155813 0.728717608060167 1.01856971697518 0.794502346956514 2.97260137379099 1.02863605400473 2.69697292743089 1.04330361270653 1.1498052299587 4.26422290821732 0.75856137578003 2.50995161417892 0.711544677440411 55.5257694789746 55.5257694789746 55.5257694789746 55.5257694789746 55.5257694789746 55.5257694789746 55.5257694789746 55.5257694789746 55.5257694789746 55.5257694789746 55.5257694789746 55.5257694789746 55.5257694789746 55.5257694789746 55.5257694789746 55.5257694789746 55.5257694789746 55.5257694789746
11.865748046397 11.865748046397 11.865748046397 11.865748046397 11.865748046397 11.8706716979578 0.514340852758717 2.92945100143578 0.629309872443342 1.45691056871071 0.678330286753395 1.22515120576278 0.949373503321704 0.908617218132526 3.08514075893053 0.587622524326477 1.49275175482707 0.70408667713847 1.24479609869746 1.99188373996352 1.08296205608477 1.6190933699204 1.14814066725368 1.19786376170596 4.05094062886767 0.665655137009986 1.84865189350834 0.73964675579978 55.5257694789746 55.5257694789746 55.5257694789746 55.5257694789746 55.5257694789746 55.5257694789746 55.5257694789746 55.5257694789746 55.5257694789746 55.5257694789746 55.5257694789746 55.5257694789746 55.5257694789746 55.5257694789746 55.5257694789746 55.5257694789746 55.5257694789746 55.5257694789746
11.865748046397 11.865748046397 11.865748046397 11.865748046397 11.865748046397 0.636227786515129 0.329006892608603 2.66719029680116 0.943918443054824 0.494210764451008 0.905023943053748 0.454921747356772 0.94173949914994 1.57833157465883 1.69861976378143 1.37993135450459 0.742395289674724 0.674200476283027 0.839016577990026 1.09152030035394 1.14053450665637 1.11894082856897 1.08424853807085 2.24268580275059 3.30982779479882 1.21737862596958 1.14154447879625 0.743121218515353 0.975330003807071 1.20531361900104 55.5257694789746 55.5257694789746 55.5257694789746 55.5257694789746 55.5257694789746 55.5257694789746 55.5257694789746 55.5257694789746 55.5257694789746 55.5257694789746 55.5257694789746 55.5257694789746 55.5257694789746 55.5257694789746 55.5257694789746 55.5257694789746
11.865748046397 11.865748046397 11.865748046397 11.865748046397 11.865748046397 0.244099000404681 0.554422244928637 2.5528513562238 2.31087160440045 0.973972426710762 1.19857384872148 1.09985802105793 0.864255041707097 1.22771342705651 0.738616759065483 0.730057234990826 0.722803572425388 0.859238474025596 0.945654813538781 1.01253546340389 1.52250222778857 0.916961451026785 1.09559278045232 0.975432647073867 1.96204991541541 0.836587379250715 0.749650866440838 0.842061293261102 1.59045708212138 2.44240600781092 55.5257694789746 55.5257694789746 55.5257694789746 55.5257694789746 55.5257694789746 55.5257694789746 55.5257694789746 55.5257694789746 55.5257694789746 55.5257694789746 55.5257694789746 55.5257694789746 55.5257694789746 55.5257694789746 55.5257694789746 55.5257694789746
11.865748046397 11.865748046397 11.865748046397 11.865748046397 0.301371191262806 0.963723822869089 0.796486083575489 1.40909590363785 0.868999094035593 1.13590194029646 1.72959015042767 1.53717091509064 0.909074917114797 0.804800719526626 0.887626210522076 1.27619472119425 0.824068936681957 1.23713620484499 1.41169477658574 3.78427458667116 2.03517591631762 1.41483859390366 1.08152819814628 1.09893983949482 1.12331146669232 0.63435505720221 0.481846633024528 55.5257694789746 55.5257694789746 55.5257694789746 55.5257694789746 55.5257694789746 55.5257694789746 55.5257694789746 55.5257694789746 55.5257694789746 55.5257694789746 55.5257694789746 55.5257694789746 55.5257694789746 55.5257694789746 55.5257694789746 55.5257694789746 55.5257694789746 55.5257694789746 55.5257694789746
11.865748046397 11.865748046397 4.80330964774062 0.482281795520619 2.23529616147829 0.69451156122559 0.940073080252506 0.942559322829206 0.952211108912242 2.53232473587879 1.00438233618786 1.91500611911929 1.41533613390254 0.882728402760341 0.831441603342097 0.918081107106884 1.81931087312295 2.19586749005311 0.842159634276158 3.78427458667116 0.778517717774923 1.13395142674704 0.802499009505305 0.778092833828807 0.73963104637032 0.424964229072242 0.936804485942416 55.5257694789746 55.5257694789746 55.5257694789746 55.5257694789746 55.5257694789746 55.5257694789746 55.5257694789746 55.5257694789746 55.5257694789746 55.5257694789746 55.5257694789746 55.5257694789746 55.5257694789746 55.5257694789746 55.5257694789746 55.5257694789746 55.5257694789746 55.5257694789746 55.5257694789746
11.865748046397 11.865748046397 4.76820808695006 4.50888251998339 0.62755257000605 1.99118416449141 0.945556899374245 0.862475284641128 1.30926055523127 2.82098429344069 0.966974925048568 5.14452105449552 5.77227071080969 6.00730756522117 6.20569841195162 6.47176503703117 8.16793528656473 3.15168909454122 9.89157750502458 9.89157750502458 10.2165765366244 1.48839310263784 10.5361059501907 0.995953826227394 0.606520526347164 1.00457484213889 55.5257694789746 55.5257694789746 55.5257694789746 55.5257694789746 55.5257694789746 55.5257694789746 55.5257694789746 55.5257694789746 55.5257694789746 55.5257694789746 55.5257694789746 55.5257694789746 55.5257694789746 55.5257694789746 55.5257694789746 55.5257694789746 55.5257694789746 55.5257694789746 55.5257694789746 55.5257694789746
0.522406255917972 2.85677562548969 1.01385311878775 4.43150913785274 0.718274732912038 0.882715985776909 0.843545391185475 2.09241494316789 0.796850634531256 3.08033667760277 4.14829935335137 0.893037318911596 0.814281284820208 0.869798785058446 1.48430229612014 1.79457217748864 8.16793528656473 8.16793528656473 9.89157750502458 9.89157750502458 10.2165765366244 10.5361059501907 10.5361059501907 0.818493430642277 1.79071149853723 0.747245117892772 55.5257694789746 55.5257694789746 55.5257694789746 55.5257694789746 55.5257694789746 55.5257694789746 55.5257694789746 55.5257694789746 55.5257694789746 55.5257694789746 55.5257694789746 55.5257694789746 55.5257694789746 55.5257694789746 55.5257694789746 55.5257694789746 55.5257694789746 55.5257694789746 55.5257694789746 55.5257694789746
0.478403944344352 2.69531076582159 0.798452762164131 4.33087320993656 0.684175052814857 0.812440117243351 2.6187953721439 2.27474562657965 0.953610714463606 3.82606361005942 1.32881167696928 0.865399709294868 0.752590229208658 0.77787064746447 0.759822973577751 0.894589873774226 8.16793528656473 8.16793528656473 0.703602106633688 0.695795442247234 1.58959971118992 0.702506744016485 10.6263031295948 0.392336932595924 2.12291948138753 2.25956791218615 55.5257694789746 55.5257694789746 55.5257694789746 55.5257694789746 55.5257694789746 55.5257694789746 55.5257694789746 55.5257694789746 55.5257694789746 55.5257694789746 55.5257694789746 55.5257694789746 55.5257694789746 55.5257694789746 55.5257694789746 55.5257694789746 55.5257694789746 55.5257694789746 55.5257694789746 55.5257694789746
0.479397749196966 2.63416015234724 0.627763630858198 0.692129277068612 4.16238867905004 2.9444421492966 2.84043482801766 0.947787183908123 0.85252235315507 0.951078790464359 0.996097370788767 0.767373211992533 1.20355448876574 0.744729649167217 0.763814271801737 1.20112640416889 1.11595822137938 0.744569197413667 0.809326364792769 0.980389565974389 1.38095718558899 0.832754330945623 0.632431543995159 10.6981086598079 11.4749814745921 11.560232986613 55.5257694789746 55.5257694789746 55.5257694789746 55.5257694789746 55.5257694789746 55.5257694789746 55.5257694789746 55.5257694789746 55.5257694789746 55.5257694789746 55.5257694789746 55.5257694789746 55.5257694789746 55.5257694789746 55.5257694789746 55.5257694789746 55.5257694789746 55.5257694789746 55.5257694789746 55.5257694789746
