Archive - glowpa-model-master/Model input/Uganda/rivergeometry/river_width_1jul.asc
NCOLS 67 
NROWS 67 
XLLCORNER 29.500000001 
YLLCORNER -1.499999999 
CELLSIZE 0.0833333332985075 
NODATA_value -9999 
[rows 0 to 19 of 67, columns 0 to 44 of 67]
-9999.000000000000000 -9999 -9999 -9999 -9999 -9999 -9999 -9999 -9999 -9999 -9999 -9999 -9999 -9999 -9999 -9999 -9999 -9999 -9999 -9999 -9999 -9999 -9999 -9999 -9999 -9999 -9999 -9999 -9999 -9999 -9999 0.776436416361227 0.769569475409309 -9999 -9999 -9999 -9999 -9999 -9999 -9999 -9999 -9999 -9999 -9999 -9999
-9999 -9999 -9999 -9999 -9999 -9999 -9999 -9999 -9999 -9999 -9999 -9999 -9999 -9999 -9999 -9999 -9999 -9999 -9999 -9999 -9999 -9999 -9999 -9999 -9999 -9999 -9999 -9999 -9999 0.806380388919798 1.08408681538135 0.718213312257475 1.34960983974552 0.699517735092504 0.726115538258268 0.69382050030706 0.942677026414625 0.908534320249031 0.682381013778148 0.760847522340929 -9999 -9999 -9999 -9999 -9999
-9999 -9999 -9999 -9999 -9999 -9999 -9999 -9999 -9999 -9999 -9999 -9999 -9999 -9999 -9999 -9999 -9999 -9999 -9999 -9999 -9999 -9999 -9999 -9999 -9999 -9999 -9999 -9999 -9999 1.77938547169236 0.649784554199927 1.52266442060119 4.63496630514943 4.39720958570508 0.667424615699083 3.84784013468471 3.54273678742923 3.03850573764499 2.03883505945048 1.47736893084813 0.734107452608169 0.925731631122212 1.06783434706758 -9999 -9999
-9999 -9999 -9999 -9999 -9999 -9999 -9999 -9999 -9999 -9999 -9999 -9999 -9999 -9999 -9999 -9999 -9999 -9999 -9999 -9999 -9999 -9999 -9999 -9999 -9999 0.912253278225956 -9999 -9999 -9999 1.95121439619844 0.599389621488231 5.10128666288109 0.654522866223185 0.661638771481894 4.24122304552847 1.0823417481026 0.791398189881429 0.836034772021087 1.50085256802958 1.04507647185138 0.936179467861777 1.09458764554509 1.7466368579069 -9999 -9999
-9999 -9999 -9999 -9999 -9999 -9999 -9999 -9999 -9999 -9999 -9999 -9999 -9999 -9999 -9999 -9999 -9999 -9999 -9999 -9999 -9999 -9999 0.781528721390547 -9999 -9999 1.27318470913836 -9999 -9999 -9999 75.988260987126 21.1224174244163 20.0010738049948 1.65326931938133 1.35686764404401 0.925086537889949 0.702197394414954 0.870292466619651 1.7222630079316 1.37901360622364 0.964573375233999 1.84254511005821 0.952065236959815 2.17812851377867 0.730885344566402 -9999
-9999 -9999 -9999 -9999 -9999 -9999 -9999 -9999 -9999 -9999 -9999 -9999 -9999 -9999 -9999 -9999 -9999 -9999 -9999 -9999 -9999 1.17866629160376 1.49083264930244 1.16562527570828 1.52325914585255 0.74549931534762 70.7294195229405 70.7294195229405 71.6761966317518 71.6761966317518 0.643581196548058 19.8699897747758 5.85577859091567 5.54614286123862 0.93819229562351 2.65673268095628 2.40830320765339 1.25680276301323 0.994630785213893 0.971744000077861 0.883904452611434 2.34477951036672 2.51329040342962 0.746948502396568 -9999
-9999 -9999 -9999 -9999 -9999 -9999 -9999 -9999 -9999 -9999 -9999 -9999 -9999 -9999 -9999 -9999 -9999 -9999 -9999 0.896561907375028 2.80251953857774 3.11909577612156 4.09172682263657 4.54145974432582 2.17195898944765 0.65314216590022 70.7294195229405 70.7294195229405 71.6761966317518 71.6761966317518 8.32756644926878 0.693107491168603 18.6005445917241 1.38734992473558 5.43161460098002 3.69825792970379 3.46508543094715 2.46500867875472 0.986627074300763 1.38353996843581 1.66384399751218 2.7774920947024 4.00665522820272 0.677277251931957 -9999
-9999 -9999 -9999 -9999 -9999 -9999 -9999 -9999 -9999 -9999 -9999 -9999 -9999 -9999 -9999 -9999 -9999 1.39286078728236 1.72793421063999 2.23498565673051 0.843707791227854 1.14296146191099 1.19369988049669 4.61092725571789 0.481235076154081 2.33343131147539 70.7122894355067 0.839181801894683 1.71321836058472 1.971443558477 5.73138872581574 5.41076281842628 18.5856787302421 0.783375604349226 1.08872449325067 1.73898130669693 1.75944147482878 1.21197350772632 0.877571940282714 0.854869940165233 2.11908834891597 0.726181016150728 4.31664525633744 0.733540475769268 0.699010337096128
-9999 -9999 -9999 -9999 -9999 -9999 -9999 -9999 -9999 -9999 -9999 -9999 -9999 -9999 -9999 -9999 -9999 1.37502628232262 0.921329825363562 0.856967032035122 0.858345257009044 1.48197176511212 1.70401037980995 5.3979426943633 5.52073122841066 70.6587526507541 0.923863896036829 0.982666318367356 1.42825095623081 1.7717645386848 5.63007754888865 5.28595977568152 1.05800880764808 18.5388593468031 1.49468578709523 1.16846542366149 1.21964324207184 1.22794691465282 1.27378088640233 0.861513002433858 0.791792051261881 8.86381097848629 0.732665113056608 1.33559933881573 0.725171093910796
-9999 -9999 -9999 -9999 -9999 -9999 -9999 -9999 -9999 -9999 -9999 -9999 -9999 -9999 -9999 -9999 -9999 1.78303676364555 2.05986582153312 2.72492144478565 1.17809985662866 1.74186692271434 1.7268226873846 0.64797490459666 70.2260538478583 0.947219453511483 1.97867576410193 0.827104327201821 1.42590689943744 3.11394340479476 5.0869433427839 1.06730377921252 4.96708323436598 18.5243354565498 18.3859422493612 0.877945019030883 1.18594833627039 2.62996377455528 1.15687818779701 1.32582395013872 9.1946197603859 8.91801427964114 6.74723630664061 1.63481247854616 0.69689706951775
-9999 -9999 -9999 -9999 -9999 -9999 -9999 -9999 -9999 -9999 -9999 -9999 -9999 -9999 -9999 -9999 0.939395792326104 1.39120652763092 3.09532391710747 4.44229946320857 5.19873687231954 5.28569404555586 5.89796094640805 2.01173007211172 70.2595316969134 3.16528624430074 1.10526594935209 1.10040345811353 1.6928079432066 2.19378291347021 3.32571274642792 1.11420224880774 4.60805679656604 1.13623136739264 0.888092649868647 18.3188495584627 2.83092391975131 1.21599782827546 9.93097268942131 9.85594324537874 1.26402742455294 0.861906657392906 0.827554241829106 6.2696701101639 5.7659429023488
-9999 -9999 -9999 -9999 -9999 -9999 -9999 -9999 -9999 -9999 -9999 -9999 -9999 -9999 -9999 -9999 0.954947071778117 2.43340812790952 0.952014421790849 1.39307212521672 1.25030766584628 0.783446895955824 0.628617056408967 70.0548631378369 1.12941834128524 2.89139662126387 2.54744290491664 1.17503909258729 1.19681284979205 1.82826852590227 2.74592590920065 3.0713901023858 4.17455978687116 1.1635933625307 1.21888132429564 13.2520986164052 10.8599486357099 10.8011672617492 3.20200604937091 0.897750193444146 2.10763401429976 1.84273663923029 0.816835065207545 1.86940792466681 0.785616877350726
-9999 -9999 -9999 -9999 -9999 -9999 -9999 -9999 -9999 -9999 -9999 -9999 -9999 -9999 -9999 0.957906746633327 1.85002062357512 1.08172048868722 1.53768280198749 2.74451165773136 0.927632486051481 1.17757011640336 69.6345787242618 69.6345787242618 1.14905211930036 1.16204616497707 1.16490316959549 1.21177605850145 1.23007536729938 1.55119869273839 1.26231286355607 1.93785577359584 3.51722389284283 0.84545687707567 0.937643919500191 2.08106433040803 12.8246565504902 0.85076411021366 1.23906270987544 2.61236853612749 0.903830979350838 1.26681417860254 0.839095020296688 1.439916218264 0.708022233354123
-9999 -9999 -9999 -9999 -9999 -9999 -9999 -9999 -9999 -9999 -9999 -9999 -9999 -9999 -9999 -9999 1.08202005830254 1.12912252760639 1.59412048836709 1.31003953156594 2.86719434398517 0.461780598799803 69.6345787242618 69.6345787242618 1.72285685561058 1.19618418021435 1.86601053114455 1.28704143728093 1.25930856786634 0.838250449646919 0.89362956487217 1.44604013253194 3.36977991475732 1.83968324175981 0.932212231694304 1.00711183710502 12.7676807152849 0.921410084760306 0.926139978414605 2.40006362859774 1.22620808734898 0.88490216830586 0.857257458112581 1.18802353633281 0.70845890467004
-9999 -9999 -9999 -9999 -9999 -9999 -9999 -9999 -9999 -9999 -9999 -9999 -9999 -9999 -9999 -9999 -9999 1.09613417144893 1.79658727561664 2.5064611644372 2.59410302729538 4.18036246869387 69.4160225884854 2.09106852431452 1.69805524277133 2.28872617239381 1.2160377065095 2.11257821177572 0.93782687302067 0.933087735567462 0.982622587192622 1.0080127896809 2.47407334643942 1.48798564892248 1.0311732522829 1.03526403310419 2.43547753724492 12.2527787954651 1.0336728247689 0.978204059262648 6.89512311059986 0.827638455083583 1.42760787719375 0.991910302325116 5.95709760129682
-9999 -9999 -9999 -9999 -9999 -9999 -9999 -9999 -9999 -9999 -9999 -9999 -9999 -9999 -9999 -9999 1.29425000986641 1.73309071949565 1.085525184648 1.67334868784824 1.86882043225616 1.9077283314767 69.1360788862805 1.00908146290741 4.33979770601074 4.2518728980072 2.83193043653325 1.20508830745403 0.825739380908902 1.69036223021152 1.72000748888745 0.934300315705588 1.07411981184547 1.87868793136673 1.31637770432557 1.54676344268924 1.85640998207048 1.76764934415358 11.8780764023959 7.264750822652 1.58531061570924 6.81704338967071 6.38817932272334 6.19377835378956 0.955342847803981
-9999 -9999 -9999 -9999 -9999 -9999 -9999 -9999 -9999 -9999 -9999 -9999 -9999 -9999 -9999 -9999 1.29409751133779 3.11235475434197 3.91552758996903 1.14044485077802 6.08466173207118 6.94442772668099 6.94127190210495 69.171747541172 0.959830800114746 1.02070187016799 1.08694832018955 1.12927522305554 3.00509507155954 2.68433708019652 0.897310919110243 0.943337978243015 1.29625296084773 1.16823053711138 1.64931435014212 1.06314149729968 0.996945832415503 0.900815856016924 2.16422077746021 8.33950171956753 0.870010329580312 1.12462522552529 0.735718095567059 0.701434899825504 0.703049085351727
-9999 -9999 -9999 -9999 -9999 -9999 -9999 -9999 -9999 -9999 -9999 -9999 -9999 -9999 -9999 1.21360774230389 2.46690261693301 0.97699664022267 3.79335787385232 5.82718605675109 2.92021342039263 0.748286598564526 0.752108482965121 68.2962807298217 4.75423062680773 4.33851800162291 3.97522719633438 3.54213786166849 3.31213563143635 0.814860837267107 1.40816620127355 1.02539003595794 0.961053922691175 2.71986936418165 0.967118810663924 1.46703918414858 0.930448356220879 1.62377075622498 1.89173386183424 8.25940442737385 8.18972074651958 0.697434252298067 0.701742724637419 0.727055583140187 0.987036586844611
-9999 -9999 -9999 -9999 -9999 -9999 -9999 -9999 -9999 -9999 -9999 -9999 -9999 -9999 -9999 0.984337479252885 2.0494977515519 0.951768801172321 3.2287144067696 1.37908077142243 2.78558133004268 0.686527442147668 1.21809798013813 68.3176050079731 0.744630052352835 0.909671017752833 0.976951112367038 1.33965530766069 0.7635715601427 0.80808452198521 2.05826309530024 0.983591863139358 1.02863206442782 1.50335464589036 3.56930446375966 0.94620236917085 0.992112178618766 0.890166946176777 0.85330932818104 1.26624606615765 2.28641065156149 7.4981502038972 0.64601758790594 1.71712967303762 1.27568849329212
-9999 -9999 -9999 -9999 -9999 -9999 -9999 -9999 -9999 -9999 -9999 -9999 -9999 -9999 -9999 0.89858220554107 2.21809944298434 3.0499077148288 0.8633676608912 1.90576391073541 0.77744304795077 0.608282777395287 0.758639805412189 0.652156599564638 68.0046246286039 0.691203359753456 2.26605544594117 0.949758175094154 0.748213850166918 3.50337901237931 2.32319206664811 1.88475478214691 1.21310526266184 1.91669708663387 4.37450017583663 1.53236740012315 1.5572500570221 1.24024120078579 0.833982978802112 0.821397827344678 1.41320511421824 1.02627866679339 7.31428205352616 6.40520445807799 1.22166501528369
