Archive - glowpa-model-master/Model input/Uganda/rivergeometry/river_depth_1aug.asc
NCOLS 67 
NROWS 67 
XLLCORNER 29.500000001 
YLLCORNER -1.499999999 
CELLSIZE 0.0833333332985075 
NODATA_value -9999 
[rows 20 to 39 of 67, columns 0 to 44 of 67]
-9999 -9999 -9999 -9999 -9999 -9999 -9999 -9999 -9999 -9999 -9999 -9999 -9999 -9999 -9999 0.390230977695069 0.280348294964683 0.292622983817298 0.347928388945741 0.328263376039423 0.297629986635774 0.350416204401947 0.434242234817725 0.509371745099778 0.612729093174031 0.574612955424664 0.305471358615922 0.377054844662767 4.09451275157128 0.711785925930097 0.273652690028328 0.280026505626174 0.350453698316145 0.3520199166444 0.950000301399705 0.936186449371722 0.517118974922377 0.347069875050342 0.274974429738498 0.309483957516919 0.33461269830007 0.341271902356759 0.37982678534958 0.39534312339616 0.942833616377342
-9999 -9999 -9999 -9999 -9999 -9999 -9999 -9999 -9999 -9999 -9999 -9999 -9999 -9999 -9999 0.266336537745813 0.277176027144832 0.270765366334282 0.242919267424764 0.283262330900854 0.352528590866086 0.266028633001244 0.487496979042406 0.272958488998972 4.10330342480212 4.10293545395579 4.10180274727447 4.09626298632596 0.341611354003538 4.08563074530314 4.08501147507386 0.302195633375119 0.427014673261993 0.336423251784069 0.98878107967475 0.280688361110532 0.341769793697352 0.704444241197408 0.618126901148342 0.56575304847277 0.488823976393166 0.287365331936217 0.280715944332406 0.323400559472816 0.312222208011361
-9999 -9999 -9999 -9999 -9999 -9999 -9999 -9999 -9999 -9999 -9999 -9999 -9999 -9999 -9999 -9999 0.275272014769046 0.342401101247546 0.309165322045424 0.245568026994912 4.01212728782643 4.01212728782643 4.01212728782643 4.10384463185336 0.277536542065597 0.283450881568283 0.300583481212228 0.537896534078822 0.492207087918938 0.427050057629189 0.368226321585624 4.08233012854037 4.081517000883 4.07793646842932 0.326580261575137 0.339538252476866 0.771956010348739 0.324933756786304 0.424464779803314 0.338724411193574 0.325833517940307 0.289567804157005 0.27825479806122 0.276955128651859 0.310303636815868
-9999 -9999 -9999 -9999 -9999 -9999 -9999 -9999 -9999 -9999 -9999 -9999 -9999 -9999 -9999 -9999 -9999 0.290389522325177 4.01212728782643 4.01212728782643 4.01212728782643 4.01212728782643 4.01212728782643 0.395513394917006 0.351252810140304 0.469676556790581 0.379163904752064 0.501876049209311 0.339103136654546 0.335252030983189 0.307333774371027 0.309484347043971 0.495715945302144 4.05384610840961 0.316000063548214 0.412701820870397 0.847319250499207 0.423057147722533 0.335098625249344 0.317478136039481 0.28563984528053 0.279433103575903 0.387157236048274 0.491566090232534 0.314743497034072
-9999 -9999 -9999 -9999 -9999 -9999 -9999 -9999 -9999 -9999 -9999 -9999 -9999 -9999 -9999 0.24678195880304 0.228636034889725 4.01212728782643 4.01212728782643 4.01212728782643 4.01212728782643 4.01212728782643 4.01212728782643 4.01212728782643 0.861403466938734 0.766305304214721 0.729795583611473 0.407651601906674 0.378857862921437 0.254278315763315 0.303100069494611 0.306464799807265 0.309009980488186 0.53534004286826 4.05180953774727 0.855711234997726 0.323382151597082 0.301700203381896 0.300117018938564 0.513186627794073 0.40613899973996 0.277470726252086 0.662131962427203 0.523434059082792 0.28139386878093
-9999 -9999 -9999 -9999 -9999 -9999 -9999 -9999 -9999 -9999 -9999 -9999 -9999 -9999 -9999 0.292558127738381 4.01212728782643 4.01212728782643 4.01212728782643 4.01212728782643 4.01212728782643 4.01212728782643 4.01212728782643 4.01212728782643 0.377051381701509 0.306772555751349 0.321854713842039 0.540156978621267 0.315810089937399 0.378443882446809 0.300660652286474 0.302956659113763 0.306281298423264 4.03129914458572 0.731374710041647 0.676542681546156 0.652968101280037 0.608335630676724 0.555223856345278 0.352497013478395 0.355395917315177 0.280274645157209 0.733734281081951 0.38947187226648 0.276900205308252
-9999 -9999 -9999 -9999 -9999 -9999 -9999 -9999 -9999 -9999 -9999 -9999 -9999 -9999 -9999 4.01212728782643 4.01212728782643 4.01212728782643 4.01212728782643 4.01212728782643 4.01212728782643 4.01212728782643 4.01212728782643 0.332353826632053 0.58519447604835 0.325467110188962 0.32920913816604 0.493069434640722 0.287030196097637 0.508994536325806 0.371712544652348 0.37872952274228 0.30311947373041 4.01955711243269 4.02051933714136 0.399555455340769 0.321132791865813 0.299351173339802 0.30432160248525 0.466922761941319 0.433603306743289 0.848147328210283 0.297801099542607 0.462699980668987 0.383118407882329
-9999 -9999 -9999 -9999 -9999 -9999 -9999 -9999 -9999 -9999 -9999 -9999 -9999 -9999 -9999 4.01212728782643 4.01212728782643 4.01212728782643 4.01212728782643 4.01212728782643 4.01212728782643 4.01212728782643 4.01212728782643 0.241487301440737 0.482666682902687 0.314649111876948 0.296835588703888 0.29151744816704 0.295259538527281 0.29145544774379 0.597967015496883 4.01878435552751 4.01878435552751 4.01878435552751 0.291767108712388 0.296264394402772 0.320718747938627 0.457139844643905 0.568662257231541 1.06786797887881 1.01393565210071 0.684033027412374 0.317774504604169 0.498080648298211 3.85581478751822
-9999 -9999 -9999 -9999 -9999 -9999 -9999 -9999 -9999 -9999 -9999 -9999 -9999 -9999 4.01212728782643 4.01212728782643 4.01212728782643 4.01212728782643 4.01212728782643 4.01212728782643 4.01212728782643 4.01212728782643 0.493346108567088 0.421817204505143 0.45606263348831 0.417394561321559 0.291495258238017 0.471319273643189 0.287446964193727 0.26951548243566 0.353022304218248 4.01878435552751 4.01878435552751 4.01878435552751 1.2255910258876 0.3933106725671 0.304348055810909 0.38100093680149 1.14891722854672 0.335483594600863 0.31470249813047 0.598586574703008 0.558878479839839 0.28790557397271 3.85581478751822
-9999 -9999 -9999 -9999 -9999 -9999 -9999 -9999 -9999 -9999 -9999 4.01212728782643 4.01212728782643 4.01212728782643 4.01212728782643 4.01212728782643 4.01212728782643 4.01212728782643 4.01212728782643 4.01212728782643 4.01212728782643 0.305529662922519 0.303519180950249 0.276694718760496 0.28617033135238 0.365600282758209 0.286487497426595 0.502884571285993 0.276648023379856 0.236802310347539 0.363799161839811 4.01878435552751 4.01878435552751 4.01878435552751 3.85581478751822 1.19868204337486 1.18499038051195 1.17438017383423 3.85581478751822 3.85581478751822 3.85581478751822 3.85581478751822 3.85581478751822 3.85581478751822 3.85581478751822
-9999 -9999 -9999 -9999 -9999 -9999 -9999 -9999 -9999 -9999 0.341206272747963 4.01212728782643 4.01212728782643 4.01212728782643 4.01212728782643 4.01212728782643 4.01212728782643 4.01212728782643 4.01212728782643 4.01212728782643 0.337970997165176 0.266183078978917 0.267532917232255 0.344441853985909 0.28449476577162 0.271783506483286 0.372921143495296 0.590844363204364 0.348808744669598 0.198237184142158 1.63357104576832 0.412983475138696 0.292872274599804 0.447247182686632 3.85581478751822 3.85581478751822 3.85581478751822 3.85581478751822 3.85581478751822 3.85581478751822 3.85581478751822 3.85581478751822 3.85581478751822 3.85581478751822 3.85581478751822
-9999 -9999 -9999 -9999 -9999 -9999 -9999 -9999 -9999 -9999 4.01212728782643 4.01212728782643 4.01212728782643 4.01212728782643 4.01212728782643 4.01212728782643 4.01212728782643 4.01212728782643 0.254445512938788 0.554826297817133 0.277007484511288 0.276522703209831 0.287905554912425 0.285002660519812 0.493673190881111 0.370022446454314 0.638800805446582 0.613992566352405 1.50303689121953 1.63084882860459 0.947250841595005 0.307496403880809 0.307195236054154 0.301778442109307 0.421890144574834 0.355433290684235 3.85581478751822 3.85581478751822 3.85581478751822 3.85581478751822 3.85581478751822 3.85581478751822 3.85581478751822 3.85581478751822 3.85581478751822
-9999 -9999 -9999 -9999 -9999 -9999 -9999 -9999 -9999 0.324538203055576 4.01212728782643 4.01212728782643 4.01212728782643 4.01212728782643 4.01212728782643 4.01212728782643 4.01212728782643 0.417572062757061 0.282225292844714 0.529521812552883 0.448223404906448 0.359559767633517 0.281193037395919 0.297383201561935 1.0762753145922 1.10339727210269 0.662015147323635 1.49334557241144 0.263869102803345 0.259260456464854 0.280100964961895 0.919588400611377 0.317194991316814 0.322556558629808 0.312609397703344 0.306075622191394 3.85581478751822 3.85581478751822 3.85581478751822 0.28332795064983 3.85581478751822 3.85581478751822 3.85581478751822 3.85581478751822 3.85581478751822
-9999 -9999 -9999 -9999 -9999 -9999 -9999 -9999 -9999 0.317138642084158 4.01212728782643 4.01212728782643 4.01212728782643 4.01212728782643 4.01212728782643 4.01212728782643 0.292773345615923 0.349024455478356 0.241791689933222 0.245102659024893 0.259636467397922 0.252091695939147 0.981932052364419 1.0309649521964 0.438633578984504 0.267753492178064 1.2010356421251 0.261293179026879 1.14679141362605 0.618922823673102 0.317866073712707 0.275108889271728 0.912818735420351 0.401215596407886 0.320725168634474 0.297387015025522 0.613945176385678 0.299830539611176 0.263040049863495 1.03582121665353 3.85581478751822 3.85581478751822 0.0101228168011069 3.85581478751822 3.85581478751822
-9999 -9999 -9999 -9999 -9999 -9999 0.356464378122412 0.427272465911964 0.329984413807531 0.248041716385406 1.20369416850971 4.01212728782643 4.01212728782643 4.01212728782643 4.01212728782643 0.291810736919856 0.297846454219444 0.263333889013972 0.266935369272806 0.230607389193851 0.579476223921284 0.939070650663836 0.306025802404638 0.265323462505753 0.262908880413028 0.37178244744458 0.386778866579527 0.299295613280237 1.0579739498296 0.308890411723566 0.571902372238808 0.301945224563596 0.432455370719365 0.809247889104364 0.292250799173029 0.306396251444653 0.377154655643935 0.49143109369025 0.304418251154461 1.03582121665353 0.31944015454926 3.61282138117099 0.654263241736801 0.324639398530335 3.85581478751822
-9999 -9999 -9999 -9999 -9999 -9999 0.442579021829785 0.484333217315795 0.255243806128775 1.19998097057756 0.238526403299824 4.01212728782643 4.01212728782643 4.01212728782643 4.01212728782643 0.864625405229684 0.828840997736395 0.806327767119213 0.758449431732355 0.736459428924552 0.523146487277712 0.264778252273875 0.847298270995042 0.794660539094981 0.26074463181302 0.274033964916536 0.302143684228901 0.467705090877446 1.01413955365296 0.239653574869838 0.521605821035624 0.299945976657058 0.369239504184764 0.290472405679364 0.760502514331466 0.29983735935425 0.300454528952059 0.449933045088501 0.323836943913674 1.00763535868284 0.334580516031383 3.59740191211171 0.413921938958435 0.601434406054662 0.310584087289302
-9999 -9999 -9999 -9999 -9999 0.269292771407814 0.310865191354196 0.469755763512195 1.19257900696468 0.194660127922455 0.176193840013688 4.01212728782643 4.01212728782643 4.01212728782643 0.296533686402385 0.486338157959907 0.252535101086573 0.340969408056664 0.320839028965748 0.725676762066718 0.240490279143817 0.488635689626891 0.420643260823979 0.768090650229716 0.30511823512082 0.276822448571065 0.265330174946945 0.377358813815978 0.434050560986118 0.981887138930635 0.318300895640098 0.415130729407509 0.295083293451521 0.293821641971954 0.620119458465383 0.530770985775516 0.296764015691997 0.318251912877245 0.409400898276671 0.98622002234781 0.333873592781101 3.59392186523793 0.327757987567093 0.53149175364527 0.306553486844056
-9999 -9999 0.194098968389239 0.309261805927438 0.248559368834166 0.214781938533108 0.210308109783686 0.364770683318483 1.12892875195558 0.18005761591791 0.441940466124821 0.449906099864477 1.09536541808795 0.282409673781927 0.315279232352944 0.401417027503026 0.314867922868707 0.27857967853493 0.249620742784852 0.720252857038904 0.238642658193951 0.456665947102878 0.343223474517011 0.522013581937682 0.731768821883247 0.342493600358079 0.275514330033846 0.273684108895233 0.411945153593566 0.976033790504632 0.935456501612367 0.261100952429856 0.30126286273212 0.301519135249165 0.579436545993966 0.252783291862917 0.422655079291408 0.311920330614238 0.346589466175479 0.918772354768055 0.334458867905688 3.58944056492892 0.320765126080848 0.318323682301851 0.37307474376387
-9999 0.275591391174252 0.425308897670066 0.265829034255228 0.165966259722386 0.250684207809299 1.09814300653006 1.10777658367337 0.196410066265994 0.176260386073142 0.429474932752901 0.281480154712946 0.526644828427229 1.03652099084182 0.990710149362198 0.322858834946366 0.395418991466704 0.300597028150425 0.471496817010519 0.623545482994118 0.398615250712596 0.323633680073899 0.343770088398216 0.478962167728572 0.275177839509927 0.528114342426019 0.228845917728252 0.211280694364326 0.308006135445443 0.299932698633248 0.443523665408308 0.928456862371055 0.433384005669383 0.261593807879996 0.562477692275376 0.271153450958605 0.380551669196081 0.295697318131295 0.330839481715986 0.882618183594343 0.27703509252247 3.5845666000748 0.308211510480575 0.305671344275576 0.241307152547621
-9999 0.26456364653397 0.316215855772382 1.04611886178755 1.05166921217662 1.08508224864853 0.26604135608316 0.305334653068534 0.308879397486026 0.410406963861346 0.283185140448272 0.445597871839317 0.309930181642011 0.488413620655109 0.306561185407034 0.958951541136413 0.793665349068129 0.298367392219698 0.347032641164219 0.332466612171938 0.537305521842227 0.335252904397843 0.326438805627449 0.434450148944835 0.283583355883609 0.499785731949347 0.467362801725252 0.38911435942889 0.216336791184078 0.215847664257186 0.355203945138783 0.290398539101436 0.873098737451161 0.260145673348485 0.269569140366713 0.518164102107413 0.27882155127592 0.267539237430141 0.683086167742935 0.695253613227173 0.269895622209467 0.27958176808287 3.58167606591113 0.646513709559722 0.297368734606039
