Archive - glowpa-model-master/Model input/Uganda/rivergeometry/river_restime_1oct.asc
NCOLS 67 
NROWS 67 
XLLCORNER 29.5 
YLLCORNER -1.5 
CELLSIZE 0.0833333333283582 
NODATA_value -9999 
[rows 38 to 56 of 67, columns 0 to 41 of 67]
-9999 0.00218174829274499 0.0019214683119929 0.00156905681542568 0.00179517067458536 0.00159889790202335 0.000991805081619448 0.00139511113209904 0.0016600944054431 0.00246859669243964 0.00131275553511647 0.00211560418602679 0.00122868600811838 0.001407376854601 0.00101022704401176 0.00140472106020536 0.00185827452076851 0.00143262163716074 0.00178622625263924 0.00115881609878763 0.00133033581609144 0.00141278988051542 0.0019774383763662 0.00125228591454589 0.00149368516410106 0.00177813789078627 0.00164649479035852 0.0016746479308104 0.00148502062492751 0.00210221825670637 0.00188119620667357 0.00150516389493533 0.00133778971003109 0.00155582902497835 0.00122052427256762 0.00154452095031867 0.00140147415326813 0.00151221098435795 0.00205893633430675 0.00109115007605414 0.00218829068731036 0.000726144539313776
-9999 0.00221441657184927 0.00209578754732787 0.00100371611247636 0.00100302241906743 0.00140130040669775 0.00153860876462551 0.00144609089729594 0.00145703028673561 0.00188756076927443 0.00149398019137774 0.00185821925452582 0.00144471262221596 0.00127104610730451 0.00146322192446426 0.00143740967035826 0.00107821454403306 0.00144027143276435 0.00138838037195941 0.00198390975317182 0.00172508033336235 0.00198445521763862 0.00141133896035565 0.001286274918333 0.00148337857363691 0.00127052436993688 0.00130062949205755 0.00138582952996414 0.00166240236378594 0.00164870096292349 0.00142408699854611 0.0021328683751741 0.00153421633627871 0.00221629227871783 0.00154659042118833 0.00177062815962522 0.00154196674766478 0.00157180854697952 0.00166974381004035 0.00117264907354194 0.00156755883864939 0.00154117154165774
0.00231100815329638 0.00170958499997809 0.00101138784719343 0.00100245411447266 0.00181692122689053 0.00126954985568884 0.00161217332806143 0.00152538979305889 0.00214540749206529 0.00156074814555295 0.00157938632128595 0.00145567188545269 0.00208685899701135 0.00130248516941956 0.001467285746175 0.00113768505919944 0.00119916082063137 0.00161052663015638 0.00138613304184545 0.00138304640602947 0.0013932552104911 0.00184816034219438 0.00140444469647364 0.00138572313860063 0.00139329563288587 0.00147806582971269 0.00142351273829073 0.00142467264538318 0.00156211391953869 0.00168976700706792 0.00150286975328242 0.00159247934139436 0.00109626610665503 0.00192629806657266 0.00146174870012074 0.00128625568957797 0.00154974844544868 0.00220138286808153 0.00156195306878755 0.00171803620653092 0.00168491816995736 0.00155241094590844
0.00161162296080333 0.00210398095937525 0.00100919061506128 0.00133675891118791 0.00134494138715234 0.00130825916185917 0.00212189509397285 0.00152221043094288 0.00152242010377643 0.00132790673250369 0.00181298963267253 0.00150884863310593 0.00206374812820817 0.0014530231362612 0.00190385847052594 0.00119059483778158 0.00144872380596073 0.0017261258779529 0.00162824370655603 0.00119086160622021 0.00128035313104683 0.00131825036732828 0.00141826411254507 0.00128686449296733 0.00186564740675594 0.00141636861440321 0.00166292919018952 0.0015882467734724 0.00228771392888309 0.00159990202986086 0.00151652624773915 0.00191396793681639 0.00111561926099181 0.00152332761405319 0.00151200645803286 0.00152146935009712 0.00203938922714385 0.00157009879929904 0.0017707351525926 0.0014513745269398 0.00120614847711965 0.00135847508101945
0.00178582338018908 0.00236943880066496 0.0010181920108197 0.002382902999929 0.0013531778816691 0.00135828853542756 0.00219564493616523 0.00141287023452539 0.00134146730741015 0.00152391699078857 0.00149554440167499 0.0012355564572924 0.00139854809848986 0.00150794628935438 0.00142396555983536 0.00139677733688442 0.00181770039078023 0.00134474691895364 0.0018909719524688 0.00142636531007515 0.00203845380717524 0.00143565805744735 0.00141474529124943 0.00175494619668798 0.0014539161098012 0.00119684854189307 0.00146993059944635 0.00200735201979839 0.00154010116754272 0.00159323247155978 0.00204419538549988 0.0015604959515032 0.00112659244151143 0.00122994931369792 0.00137308456882775 0.00153786717982193 0.0015470530317234 0.00158094798152105 0.00127903655130949 0.00156381291046281 0.00127267444275844 0.00139103862178564
0.00103834373450011 0.00144526906321613 0.0016497485387283 0.00211464430901655 0.00141310084156682 0.00143350188180293 0.00155987617842086 0.0020022694088036 0.0018563207311857 0.00147912612819253 0.00141070367777817 0.00122771886471468 0.00117626318350265 0.00143865417827019 0.00203189227081206 0.0019354038278126 0.00142315116802871 0.00209740569651269 0.00205619003075422 0.00140216525312637 0.00140804565124555 0.00133227086798904 0.00165938738329638 0.00144882617989655 0.00207508461017714 0.00167894358171724 0.00209640702718292 0.00152490649036191 0.00127830843316974 0.00125074758288438 0.00147819509412534 0.00163204704020392 0.00120776439707932 0.00154612980722633 0.00187477581178357 0.00136377699725533 0.00155460011737679 0.00191604433404877 0.00155842730948647 0.00156533956278617 0.00129043934360894 0.00144100736142368
0.00103201461370843 0.00128586244404698 0.00130725784453916 0.00136920109226272 0.0013809620106889 0.00203243701478432 0.0022903335654429 0.0021038314275816 0.00195436573545543 0.00126115706369495 0.00128225766797265 0.00149581378925004 0.0011257965607607 0.00129572811275902 0.00127397104971912 0.00195523361588078 0.00139125115338753 0.00197040903570766 0.00190646232591485 0.00130696412993583 0.00134456718358074 0.00113331105341083 0.00212532321560786 0.00192727346150967 0.00163495585674515 0.00139608677525556 0.00145577606899617 0.00111966972400566 0.00178813091588304 0.00177476523176014 0.00155175143932596 0.00224693971593001 0.00141959149430081 0.00179223147801414 0.0013186865918737 0.00154452830293694 0.00209121305491833 0.0013930294406083 0.00152513892374022 0.00147413722249201 0.0013409176354713 0.00151209195884988
0.00103443089689253 0.00142468346975585 0.0014525907487994 0.00147142537496131 0.0013093435444232 0.00208536662156315 0.00137711935767884 0.00132741640632941 0.00204766137891034 0.0012111734075671 0.00125712985293413 0.00212306078585891 0.00111796545716833 0.00138534841566021 0.00169608683772802 0.00139737047524307 0.00121655156327794 0.00142370423052455 0.00142274455007012 0.00121561934004866 0.00183605709810532 0.00112014227300072 0.00158234513495523 0.00114467097937771 0.00156512058168167 0.00146984264247911 0.00148425480370595 0.0015887790521862 0.00125915475806379 0.00125915475806379 0.00200103968764847 0.00158554489831877 0.00151746005895825 0.0015271777351513 0.00159057517450752 0.00196521410743676 0.00146333114539118 0.000727278058263562 0.00103198681202896 0.00162007837725672 0.00151768496556965 0.00164248775798931
0.00130700579168617 0.0014762226214551 0.00156302690241574 0.00211566704924948 0.00180892293206078 0.00155318053642976 0.0019090423385695 0.00133278208845094 0.000992978304297889 0.00111854739201021 0.00122439544858128 0.00148268653825381 0.00157680848365047 0.00116019285155047 0.00114684944212785 0.00112227063151869 0.00105246488870736 0.00104781090493979 0.00101190575332961 0.000984888246780123 0.000985116841423074 0.000929417476208247 0.00131071438532818 0.00150105083063862 0.00217163897855114 0.00217395984575606 0.00158680612191937 0.00154227429697413 0.00153349991211711 0.00209316022915653 0.00159481379904515 0.00157947513330404 0.00158693390899925 0.00146731288358574 0.00103199112836743 0.000727277904108617 0.00103199112836743 0.000727277904108617 0.000732172246540646 0.000732172246540646 0.000727277904108617 0.00103199112836743
0.00165157627500914 0.00105566704275366 0.00140868112026745 0.00150192268459966 0.00148566994915382 0.00173492565038538 0.00098634045042125 0.00098634045042125 0.00098634045042125 0.00098634045042125 0.00142743984857566 0.00101451130814777 0.00108448630411499 0.00108907852797143 0.00151410169442761 0.00153286611027404 0.00122765173232829 0.0014258791717764 0.00116024485972556 0.00134968975933096 0.00163554868867846 0.00147384377383733 0.00135700907218385 0.00130452479840016 0.00143946482361108 0.00158423796045464 0.00157516343718439 0.00154218326959444 0.00221015289614868 0.00157823137959826 0.00159565527398546 0.00147323848134026 0.00103199428854381 0.00103199428854381 0.000732176100414276 0.00103199428854381 0.000727277827031144 0.000727277827031144 0.000732176100414276 0.000727277827031144 0.000727277827031144 0.000732176100414276
0.00149800528076157 0.00105580334147228 0.00106006688210914 0.00106720999946542 0.00120920471804056 0.00162861709237745 0.000992986666948442 0.00139960246586822 0.000992986666948442 0.00139960246586822 0.00154491418326035 0.00130931281602257 0.00151417309179349 0.00122301152034013 0.00161146394590329 0.0012787759734532 0.00134740210906293 0.00213287954337447 0.00117015693203968 0.00146449125299497 0.00119887802528236 0.00192560654631113 0.00143182762056374 0.00145245095985042 0.000911177798358604 0.000902519373948297 0.000902602466872864 0.000902125142731372 0.00127060209030767 0.00148048720341338 0.000727277749953672 0.00103199644671304 0.000732178412738453 0.000727277749953672 0.000727277749953672 0.00103199644671304 0.000732178412738453 0.000732178412738453 0.000732178412738453 0.000732178412738453 0.000732178412738453 0.000732178412738453
0.00106006688210914 0.00106006688210914 0.00106006688210914 0.00106006688210914 0.00106006688210914 0.00186279963827491 0.00174352978892619 0.00156012067911467 0.00139960392933206 0.000986340345888118 0.0020020965897316 0.00151557843214736 0.00180963746333318 0.0015392516244347 0.00119176538136497 0.00131253347235228 0.00158725551296537 0.00197768305464972 0.00118631372770953 0.00121341572312051 0.00146800150762131 0.00175788359813368 0.0020854237143823 0.00208850579889565 0.00169282809767667 0.00150932323526618 0.00181118108766071 0.00216259793297388 0.000732179183513179 0.000732179183513179 0.00103199752579765 0.000732179183513179 0.000727277749953672 0.000727277749953672 0.000727277749953672 0.000732179183513179 0.000732179183513179 0.000727277749953672 0.000727277749953672 0.000727277749953672 0.000727277749953672 0.000732179183513179
0.00150421933805137 0.00106006688210914 0.00106720999946542 0.00106006688210914 0.00106720999946542 0.00182509693366501 0.00138262844039907 0.000991954505255011 0.000986340345888118 0.00164961736192756 0.00150799345669991 0.001550060912232 0.00130359133157866 0.00156564275735835 0.00120018567789465 0.00135931276252237 0.00161479676114325 0.00147811102853162 0.00155126543696164 0.00122427112797145 0.00148902475928284 0.00126159958442818 0.00148978246434711 0.00218252398891274 0.00120625623055854 0.00160511547732279 0.00128341223883827 0.00162925206232062 0.00103199752579765 0.000732178412738453 0.000732178412738453 0.000732178412738453 0.000732178412738453 0.000732178412738453 0.000732178412738453 0.00103199752579765 0.000727277749953672 0.00103199752579765 0.000727277749953672 0.000727277749953672 0.000732178412738453 0.00103199644671304
0.00106720662906356 0.00150421619234297 0.00106720662906356 0.00106720662906356 0.00106720662906356 0.000980965701708012 0.0016913360077359 0.00174896958235885 0.00162885546355049 0.00195170954433888 0.00157515294967591 0.00201322065085758 0.00152520140054882 0.00218792781927884 0.00123110282134533 0.00169168223669046 0.00200802319267598 0.00162875681997484 0.00207261392034418 0.00131440483579329 0.00149252296091657 0.00139060919909348 0.00210059411590017 0.00153093752277458 0.00121426175561252 0.00232135948258508 0.00135689903905098 0.00161768006452906 0.000732176100414276 0.00103199428854381 0.000727277827031144 0.000732176100414276 0.000732176100414276 0.000727277827031144 0.000727277827031144 0.000727277827031144 0.000732176100414276 0.000732176100414276 0.000732176100414276 0.00103199428854381 0.000732176100414276 0.000732176100414276
0.00106720101172713 0.0010600671068026 0.00150421158612709 0.00150421158612709 0.00106720101172713 0.00165214919174884 0.00184181859911461 0.00125597685398914 0.00213149019549472 0.00165034069428533 0.00212933345537072 0.0024006720638849 0.00152966287137181 0.00196860770458151 0.00137581790682204 0.00202555338177909 0.00161067688594041 0.00231714077983033 0.00159674274699578 0.00146447404326819 0.00147428219266074 0.00149645838724036 0.00152623029505966 0.00135899018038277 0.00126363691042312 0.00210876736035908 0.00147925335053278 0.00227608398591115 0.00152406175842135 0.00208049640554083 0.00103199112836743 0.00103199428854381 0.00103199112836743 0.000727277904108617 0.000732172246540646 0.000732172246540646 0.00103199112836743 0.000732172246540646 0.000727277904108617 0.000732172246540646 0.000732172246540646 0.000732172246540646
0.00150420529471029 0.00106006733149606 0.00150420529471029 0.00150420529471029 0.00106719325980285 0.00197056286412275 0.00240082714315839 0.00126440837656997 0.00129592248034146 0.00151135852924682 0.00141399232126063 0.00142739008017304 0.00218659752143092 0.002062322836026 0.00160997282881798 0.00159496195795006 0.00227669286597636 0.00157242400837962 0.00156656694234915 0.00155425084801921 0.00201676276176836 0.00230806374341749 0.00214682431232657 0.0016141056944973 0.00139309526291673 0.00159046088076329 0.00159746617492911 0.00157423687755924 0.00139875363903497 0.00129854496301601 0.000727277904108617 0.000732166928195037 0.000732166928195037 0.000727278058263562 0.000727278058263562 0.000732166928195037 0.00103199112836743 0.000727277904108617 0.000732166928195037 0.000732166928195037 0.00103198681202896 0.000727278058263562
0.00106006755618951 0.00150419754278601 0.00106006755618951 0.00150419754278601 0.00188494830237838 0.00215251779591637 0.00158345091162161 0.00200354491264775 0.0015350136128157 0.00143066250942531 0.00188229945549153 0.00135812978533304 0.00151175160490836 0.00155691065583957 0.00155471245728642 0.00206039319953936 0.00157778029578368 0.00147233010993874 0.00206273446603423 0.00122676805420565 0.00139733936332125 0.00146680772879026 0.00152695693190395 0.00215520774780624 0.0015471407644702 0.00171138854908479 0.00173612787814135 0.000732159991222504 0.00103198681202896 0.000727278058263562 0.000727278058263562 0.000732159991222504 0.00103198681202896 0.00103198149368336 0.000727278058263562 0.00103198681202896 0.000732159991222504 0.000732159991222504 0.00103198149368336 0.000732159991222504 0.000732159991222504 0.00103198149368336
0.00106006778088297 0.00106006778088297 0.00112989414383923 0.00246695651432813 0.0018501888026714 0.00161690465439398 0.00216141769628819 0.00151898079096436 0.00150883153315861 0.00124816219646193 0.00213975703368484 0.00131912611447751 0.00141302134126102 0.00218100848659782 0.00155942610366965 0.0015418126328877 0.00194325910476618 0.00133452318834408 0.00158590638951299 0.00122676831423325 0.00167714707224211 0.00156976754979142 0.00170269018998521 0.0016077298524619 0.00229389711300263 0.00183157983203164 0.00217748797933564 0.00103198149368336 0.000727278366573453 0.00103198149368336 0.00103198149368336 0.000727278212418507 0.000732151512700519 0.000732151512700519 0.000732151512700519 0.00103197509625313 0.000727278366573453 0.00103197509625313 0.000727278366573453 0.000727278366573453 0.00103197509625313 0.000727278366573453
0.00106006811792316 0.00106006811792316 0.00113111012614661 0.00115136674723887 0.0016600041622715 0.00189098611753007 0.00153951196118466 0.00155249300314409 0.00202672270136614 0.00122869509642364 0.00153374075468072 0.00112002069265231 0.00109798137818274 0.00109008091466806 0.0010839303383042 0.00151853640734537 0.00103451621675427 0.00124459386980033 0.0010162064731189 0.00143237309108668 0.00100544463434449 0.00209110050503398 0.0014252421844546 0.00217159619155411 0.00165596333707925 0.00218587119109883 0.000727278366573453 0.000732141492629082 0.000732141492629082 0.000732141492629082 0.000732141492629082 0.000732141492629082 0.00103196754266082 0.00103196754266082 0.00072727859780587 0.000727278366573453 0.00103197509625313 0.000732141492629082 0.000732141492629082 0.00072727859780587 0.000727278366573453 0.00072727859780587
