Archive - glowpa-model-master/Model input/Uganda/rivergeometry/river_flowvelocity_1sep.asc
NCOLS 67 
NROWS 67 
XLLCORNER 29.500000001 
YLLCORNER -1.499999999 
CELLSIZE 0.0833333332985075 
NODATA_value -9999 
[rows 40 to 59 of 67, columns 0 to 45 of 67]
2.14392945649689 2.05827372939101 3.34797629207885 3.35947278279694 1.91613346622238 2.70746587540894 2.13725542776402 2.23894470813727 2.26413003414708 2.22978661359732 2.18911346344534 2.37596890456606 2.35333308367786 2.65642869793736 2.37684648166295 3.00968715732426 2.83097498881145 2.9933618728947 2.45968203451006 2.47121097128717 2.44578324073966 2.60886769462929 2.43688480857589 2.39695560386527 2.41259174165707 2.31163679883829 2.38380047674528 2.42750162856704 2.23269364895882 2.0810387908661 2.32395484535678 2.20160791189156 3.17605485155466 2.52574216859313 2.36008045501197 2.68073415629964 2.26086016991057 2.25809346839409 2.23538142366006 2.88809369563686 2.94385736890084 2.26857174604767 4.8408433225922 2.52483927495091 2.72597928303603 2.32822385783646
2.18373790983206 2.35664255707704 3.32535271167031 2.59469310657657 2.57752684930593 2.6259914931821 2.29918696684402 2.24688256657112 2.27310686571323 2.60554684258569 2.68922096450296 2.26565274775765 2.37917940238599 2.38255126395847 2.55928317838824 2.86442868542093 2.37495345786878 2.77980275512973 2.96021395852271 2.87343934374458 2.67096166127116 2.59614745853581 2.41044372754496 2.58086216387558 2.54934746752452 2.35401176101624 2.04065951059343 2.1979606188065 2.17177893353261 2.19572616490242 2.30462437908966 2.58801428630366 3.12138656260083 2.25395088842058 2.26455806410033 2.25608077859853 2.40285079133182 2.24458330647063 2.80276856804367 2.41038159705636 2.89746017356387 2.58314684190617 4.84026132599246 2.36298393569368 2.6592026936519 2.30428628611708
1.95806938633353 2.09528143430852 3.28501083385009 2.07161364580575 2.5433455147805 2.52646215589888 2.21941099266821 2.4326114999099 2.54184425100661 2.23569966276863 2.28706712866697 2.7774732469075 2.45536055413669 2.289839216935 2.39089156274636 2.42962217216122 2.66319683025374 2.52372833763872 2.53023248269601 2.39525821712437 2.36390614993788 2.2994169080878 2.31829773619163 2.68502670133191 2.30335294733393 2.79416448106592 2.32692027319789 2.40226785639707 2.17189687381507 2.05623556069189 2.41634955026147 2.24531340623905 3.09516142964058 2.84226132998579 2.51825721836771 2.24290089450998 2.23058050190321 2.22793680920768 2.73385878046623 2.23633053140701 2.74932791888469 2.50559231974903 4.83970701320988 4.83911649344271 2.28467396808737 2.47649193486884
3.22034874477574 3.2827288119845 2.13373733900172 2.33106433085881 2.42550997710558 2.38167296200236 2.21478730927996 2.41965976521773 2.60063503946526 2.31363975654929 2.43266559874635 2.81404696234391 2.91129319606854 2.32369734415159 2.34090166264212 2.46971221343478 2.40555109159481 2.32092169056343 2.35153267176122 2.40211665891131 2.40601617840312 2.50199846414871 2.8378968807345 2.31952697780822 2.26344672464976 2.8196466170268 2.2249850032525 2.14985448518155 2.61159918152555 2.64155800045772 2.28655472078699 2.1610377185172 2.89702191524458 2.26657098587496 2.63978174244761 2.57347450907809 2.26190003555051 2.58775508109281 2.24677997174779 2.25154053440981 2.71167218010475 2.42113561715095 2.04114675284054 4.8386694026822 2.35007483109479 2.33799897514697
3.21662779483998 2.69799956876934 2.66964674270465 2.54428396424445 2.42077589772009 2.37052117646829 2.12386117924193 2.30711869660977 2.46380710480401 2.70208425120881 2.64968911878609 2.26666371429133 3.01879603210965 2.60088493714108 2.62541532062833 2.40130647161933 2.43641461758421 2.45168116894187 2.50078808718289 2.57495654699296 2.51258857885655 2.93039065134608 2.20240574710633 2.43284779978322 2.87786790754142 2.33859568693819 2.27915501380942 2.94437161871748 2.63541360187495 2.64155800045772 2.20717688363701 2.20606525187939 2.46759824359928 2.7682230557344 2.66659728976293 2.28164794012404 2.37095057429989 2.50825924377713 2.30757901147473 2.38816143960016 2.60886608557073 2.30903034419078 4.83774823903879 4.83774823903879 4.83774823903879 4.83774823903879
3.20335662017547 2.45279140396355 2.40220069306679 2.3524489883459 2.55633795331607 2.33996451675673 2.49631332960394 2.56870174205095 2.36007471082109 2.80615736316934 2.69615886216815 2.22638789975384 3.03666160635371 2.4006116500816 2.78935560695216 2.40964476164174 2.78982414414457 2.40229899001351 2.36931405186905 2.76378566289129 2.59793991109564 2.96184621254542 2.96685659808272 2.91184395760618 2.09126878924103 2.2043906774178 2.21958932806192 2.94437161871748 2.64155800045772 2.64155800045772 2.48289899731951 2.22033432460006 2.30797721496943 2.29407145834422 2.19838638748108 2.51747572065246 2.39546762930575 4.83774823903879 4.83774823903879 2.16115451151183 2.30841916743281 2.14753714531764 4.83774823903879 4.83774823903879 4.83774823903879 4.83774823903879
2.69286077208969 3.17195662336689 2.24007325759203 2.32118688563962 2.64624802716123 2.24433864445892 2.56008789296996 2.57508388861237 3.37050582068265 3.03084049716385 2.77729151813826 2.27364613760791 3.05301446473036 2.89263758407676 2.93440874415331 3.00380782169622 3.23509364229971 3.25232211822702 3.36688114747735 3.45390441977763 3.45095754227921 3.63141880621592 3.62770474607313 2.1711462564465 2.12086439740894 2.12870502111951 2.94955176749107 2.09973134543097 2.14251271136055 2.38140731426222 2.21075871759832 2.21601820295235 2.21725930560801 2.38286812355716 4.83774823903879 4.83774823903879 4.83774823903879 4.83774823903879 4.83774823903879 4.83774823903879 4.83774823903879 4.83774823903879 4.83774823903879 4.83774823903879 4.83774823903879 4.83774823903879
2.11626072742388 3.08389279074898 2.4643468271778 2.32813326338936 2.34692130008142 2.78221826875788 3.37050582068265 3.37050582068265 3.37050582068265 3.37050582068265 3.39133215689486 3.38654936049264 3.18300702867639 3.17185696402707 2.25288773846296 2.22485618755 2.80616573979893 2.42838277771293 2.92038101127899 2.50626505632718 2.90001016519163 2.25165094250354 2.43882724563491 3.63920489355754 2.24792133980447 2.95382941593809 2.02166192558266 2.07928768989796 2.09811653214876 2.22122423760635 2.19718606113306 2.3786245544604 4.83774823903879 4.83774823903879 4.83774823903879 4.83774823903879 4.83774823903879 4.83774823903879 4.83774823903879 4.83774823903879 4.83774823903879 4.83774823903879 4.83774823903879 4.83774823903879 4.83774823903879 4.83774823903879
2.34817144232239 3.08025600368074 3.05221151583872 3.05221151583872 2.81501154053681 2.11586115032316 3.37050582068265 3.37050582068265 3.37050582068265 3.37050582068265 2.24147829146561 2.60646702680718 2.2543762750872 2.79537820674225 3.03251529095049 2.71488404263137 2.55665485100954 2.27930837321547 2.89706501838742 2.30489047322445 2.79000795004365 2.45057126156673 2.29168581706226 2.20995043454218 3.68814175334561 3.73021139263548 3.73004640216437 3.7320005224194 3.73919627746848 2.38374497372885 4.83774823903879 4.83774823903879 4.83774823903879 4.83774823903879 4.83774823903879 4.83774823903879 4.83774823903879 4.83774823903879 4.83774823903879 4.83774823903879 4.83774823903879 4.83774823903879 4.83774823903879 4.83774823903879 4.83774823903879 4.83774823903879
3.05221151583872 3.05221151583872 3.05221151583872 3.05221151583872 3.05221151583872 1.86296999169279 1.96063933287036 2.23859824383108 3.37050582068265 3.37050582068265 2.42671172908463 2.25822571850432 2.68540476855662 2.22468736380054 2.88995927038283 2.63595573997649 2.20566387927821 2.47701646065805 2.8564550338052 2.8100218297151 2.28951619575495 2.69794075386946 2.26248143653302 2.22668960686242 2.76117165063026 2.3226183897262 2.75500212982174 2.30493570280006 4.83774823903879 4.83774823903879 4.83774823903879 4.83774823903879 4.83774823903879 4.83774823903879 4.83774823903879 4.83774823903879 4.83774823903879 4.83774823903879 4.83774823903879 4.83774823903879 4.83774823903879 4.83774823903879 4.83774823903879 4.83774823903879 4.83774823903879 4.83774823903879
3.05221151583872 3.05221151583872 3.05221151583872 3.05221151583872 3.05221151583872 1.85543552147004 3.42635781142345 3.3756813182707 3.37050582068265 2.08425220733776 2.27614619440701 2.22643548783524 2.62650822185233 2.20799386641471 2.87080129230548 2.54362923266877 2.16474019972608 2.34807568440957 2.19661796683494 2.76709064176733 2.26406624840488 2.65568771787895 2.25441320655219 2.14499905306768 2.73142816807202 2.20045939615268 2.73848684028573 2.17287278513857 4.83774823903879 4.83774823903879 4.83774823903879 4.83774823903879 4.83774823903879 4.83774823903879 4.83774823903879 4.83774823903879 4.83774823903879 4.83774823903879 4.83774823903879 4.83774823903879 4.83774823903879 4.83774823903879 4.83774823903879 4.83774823903879 4.83774823903879 4.83774823903879
3.05221151583872 3.05221151583872 3.05221151583872 3.05221151583872 3.05221151583872 3.42529960079839 2.02619090147835 2.79151504690894 2.12098030202384 2.48969969354715 2.17381793743112 2.40800864551027 2.25253396144059 2.22954540170141 2.79990666282767 2.04859698168146 2.4317769341287 2.13353884753052 2.32305022477139 2.58609526065063 2.31563320529583 2.40207144675376 2.26685141483011 2.20511236801724 2.71526771994941 2.14102146945058 2.59033304519149 2.1895158323495 4.83774823903879 4.83774823903879 4.83774823903879 4.83774823903879 4.83774823903879 4.83774823903879 4.83774823903879 4.83774823903879 4.83774823903879 4.83774823903879 4.83774823903879 4.83774823903879 4.83774823903879 4.83774823903879 4.83774823903879 4.83774823903879 4.83774823903879 4.83774823903879
3.05221151583872 3.05221151583872 3.05221151583872 3.05221151583872 3.05221151583872 2.10059340860595 1.85958878828622 2.74462115818678 2.2670889893736 2.07320245934866 2.28075019590173 2.00064137531274 2.2656715598798 2.48148946972286 2.50022388999819 2.4171982501516 2.13393526047921 2.11350996502255 2.13169902372759 2.31951837194005 2.31826687359952 2.22804399763423 2.1841349166577 2.45013647418346 2.59759473370959 2.27887311354907 2.37257829168362 2.19114474736978 2.30475229832531 2.37521117407846 4.83774823903879 4.83774823903879 4.83774823903879 4.83774823903879 4.83774823903879 4.83774823903879 4.83774823903879 4.83774823903879 4.83774823903879 4.83774823903879 4.83774823903879 4.83774823903879 4.83774823903879 4.83774823903879 4.83774823903879 4.83774823903879
3.05221151583872 3.05221151583872 3.05221151583872 3.05221151583872 3.05221151583872 1.77062460509291 2.03784967086174 2.72858173693347 2.68025907743255 2.28075384982496 2.43419280340317 2.44965759280783 2.24151118193505 2.37060142419533 2.13346036828137 2.16966411716494 2.15363940739762 2.18171979312341 2.18421317939593 2.20228590403161 2.39004073936505 2.05318608384243 2.20120971890687 2.04401180484094 2.34881997535475 2.10851086260801 2.19724540134928 2.24645507501787 2.52890394113066 2.71178357635626 4.83774823903879 4.83774823903879 4.83774823903879 4.83774823903879 4.83774823903879 4.83774823903879 4.83774823903879 4.83774823903879 4.83774823903879 4.83774823903879 4.83774823903879 4.83774823903879 4.83774823903879 4.83774823903879 4.83774823903879 4.83774823903879
3.05221151583872 3.05221151583872 3.05221151583872 3.05221151583872 1.83976452045695 2.28055338107868 2.19642839191965 2.45410566784759 2.25680934693174 2.4496317705603 2.60867167626499 2.56014426366167 2.2996248150051 2.22344387201711 2.21783936259214 2.35493534398305 2.16938668229449 2.32854945859934 2.35429699295184 2.74947529230799 2.42641927326697 2.32692505770937 2.22961445946778 2.19112797402603 2.08476280214702 1.93102389891069 2.02492143845562 4.83774823903879 4.83774823903879 4.83774823903879 4.83774823903879 4.83774823903879 4.83774823903879 4.83774823903879 4.83774823903879 4.83774823903879 4.83774823903879 4.83774823903879 4.83774823903879 4.83774823903879 4.83774823903879 4.83774823903879 4.83774823903879 4.83774823903879 4.83774823903879 4.83774823903879
3.05221151583872 3.05221151583872 3.07634411052375 1.99563513216536 2.66128545009108 2.1584299158339 2.27448222949944 2.29286753399249 2.32010985448424 2.77848804383902 2.29841743872888 2.62597898192171 2.44464262172602 2.2348194014949 2.21248385911196 2.23970228229233 2.49467415231289 2.5673017814878 2.15618337704702 2.74947529230799 2.02340995611741 2.13469095125093 1.9518311872743 2.07028966571649 2.07511298403826 1.88305221211735 2.2876146506926 4.83774823903879 4.83774823903879 4.83774823903879 4.83774823903879 4.83774823903879 4.83774823903879 4.83774823903879 4.83774823903879 4.83774823903879 4.83774823903879 4.83774823903879 4.83774823903879 4.83774823903879 4.83774823903879 4.83774823903879 4.83774823903879 4.83774823903879 4.83774823903879 4.83774823903879
3.05221151583872 3.05221151583872 3.07338216470158 3.04175111549483 2.09856616622667 2.60443791681967 2.27630219758072 2.2514048126595 2.45110659187989 2.82304912975739 2.27938850003681 3.10821700896042 3.16638670374352 3.1876219336322 3.20418781448024 3.22062079451105 3.31319865943975 2.74898399834381 3.37159401966658 3.37159401966658 3.38122156840502 2.29098210607845 3.36901186389009 2.22428610365353 2.11655214877201 2.21358668808185 4.83774823903879 4.83774823903879 4.83774823903879 4.83774823903879 4.83774823903879 4.83774823903879 4.83774823903879 4.83774823903879 4.83774823903879 4.83774823903879 4.83774823903879 4.83774823903879 4.83774823903879 4.83774823903879 4.83774823903879 4.83774823903879 4.83774823903879 4.83774823903879 4.83774823903879 4.83774823903879
2.02943808596328 2.84738290015397 2.33855781263105 3.03333249567813 2.15994825256635 2.23918490419158 2.2323961308202 2.65585114572991 2.21697461532154 2.86096559577995 2.98603899386537 2.25495756548954 2.22012447175179 2.28741329413251 2.47067177705325 2.55685322126648 3.31319865943975 3.31319865943975 3.37159401966658 3.37159401966658 3.38122156840502 3.36901186389009 3.36901186389009 2.23920050206664 2.50226922083676 2.20396714263764 4.83774823903879 4.83774823903879 4.83774823903879 4.83774823903879 4.83774823903879 4.83774823903879 4.83774823903879 4.83774823903879 4.83774823903879 4.83774823903879 4.83774823903879 4.83774823903879 4.83774823903879 4.83774823903879 4.83774823903879 4.83774823903879 4.83774823903879 4.83774823903879 4.83774823903879 4.83774823903879
2.02496379207872 2.82225838320064 2.25860059079964 3.02197714940682 2.12276303659295 2.22657424388723 2.76106207881124 2.69369912316496 2.27096927277718 2.95337316278218 2.41085566589871 2.24930243851137 2.23804311736811 2.21620922591817 2.16527939054569 2.25362938723771 3.31319865943975 3.31319865943975 2.14306550420353 2.06759469505686 2.42192214421719 2.09888670502421 3.37348359299725 1.96364569792761 2.60452503360457 2.64125878535587 4.83774823903879 4.83774823903879 4.83774823903879 4.83774823903879 4.83774823903879 4.83774823903879 4.83774823903879 4.83774823903879 4.83774823903879 4.83774823903879 4.83774823903879 4.83774823903879 4.83774823903879 4.83774823903879 4.83774823903879 4.83774823903879 4.83774823903879 4.83774823903879 4.83774823903879 4.83774823903879
2.07636006898484 2.81159495516449 2.20726955768785 2.22091149077901 3.001915967249 2.8157256946435 2.79880051866122 2.1888099380526 2.22485930735007 2.28093841335584 2.29927592074071 2.12819062065963 2.41267927048868 2.18684739709377 2.18158855839546 2.37465538494461 2.30538439725176 2.12615558381209 2.14903687516508 2.24759118299626 2.36738756530938 2.13494795800833 2.1303293184658 3.3745199551063 3.42238108019525 3.42518738453411 4.83774823903879 4.83774823903879 4.83774823903879 4.83774823903879 4.83774823903879 4.83774823903879 4.83774823903879 4.83774823903879 4.83774823903879 4.83774823903879 4.83774823903879 4.83774823903879 4.83774823903879 4.83774823903879 4.83774823903879 4.83774823903879 4.83774823903879 4.83774823903879 4.83774823903879 4.83774823903879
