Archive - glowpa-model-master/Model input/Uganda/rivergeometry/river_restime_1apr.asc
NCOLS 67 
NROWS 67 
XLLCORNER 29.5 
YLLCORNER -1.5 
CELLSIZE 0.0833333333283582 
NODATA_value -9999 
[rows 38 to 56 of 67, columns 0 to 41 of 67]
-9999 0.00218567096761962 0.00192075986568 0.0015702680793531 0.00179232165809407 0.0016001319156236 0.000978535824462146 0.00137697470769741 0.00160426414647637 0.00238473282104694 0.00131695662291363 0.00213777722533948 0.00124338084844771 0.00144398941022474 0.00103860207544054 0.00143133257618455 0.00189948946890529 0.00146820066224578 0.00183829734147983 0.001198704455412 0.00137597900505243 0.00146143294686132 0.00205187240564086 0.00129646228727785 0.00153347471709276 0.0017882777405152 0.00164471869208983 0.00167334220677979 0.00148935185915207 0.00211041491733664 0.00187984350950205 0.00150122107607609 0.0013463743905565 0.00156607626535618 0.00122458077413555 0.00154890937801458 0.00140231903826361 0.0015102094898166 0.0020519920241209 0.00108642855917852 0.00218312325448423 0.000712456183701467
-9999 0.00221391322466846 0.00209888588817798 0.000988533397360661 0.000987825669921001 0.0013821358667048 0.00155583527863839 0.00146841296665021 0.00146544909577893 0.00189660522153812 0.00150668849622268 0.00187439864285206 0.00145099514033319 0.00128821862675986 0.00148103757882377 0.00148031665558207 0.00111239551173989 0.00147954538985172 0.0014256213048584 0.00205669247662328 0.00178676834409821 0.00205937583779479 0.00146916793137702 0.0013324087638331 0.00153032019703387 0.00127960304798679 0.00131238748466761 0.00139070898977039 0.0016604726036569 0.00165276673781534 0.00141949445077095 0.00213204800280516 0.00152787611913161 0.00222045527834453 0.00155133538248888 0.00177640545692447 0.00154155672654986 0.00157105493239783 0.00166504152506398 0.00116596519806637 0.00156604638838515 0.0015386073028945
0.00230761011524843 0.00171022659683443 0.000995211876986936 0.000986666314412618 0.00182562254245865 0.00127727994276225 0.0016390968923826 0.00155154427624138 0.00217170445975862 0.00155955231247127 0.00158419283145636 0.00146887572565512 0.00210719706531571 0.00132223218940948 0.00148585376935621 0.00117389812962822 0.0012410796350141 0.00166307169615542 0.00142578461520339 0.00142539700085631 0.00144238853082662 0.00191747004751265 0.00145913881919677 0.00147143790689991 0.0014611817355839 0.00151310770796131 0.00145353916672568 0.0014320591069942 0.00156789275366323 0.00168872880961161 0.00149611307859901 0.00158717150762969 0.0010909519345105 0.00193472817937286 0.00146968415533854 0.00129126594697716 0.00154829008071757 0.00219982885390168 0.00156540961403197 0.00171193344901459 0.00167422766912546 0.00154603105887844
0.00160830048608931 0.00210031033855501 0.000992534662199442 0.001340041319582 0.00134779564653075 0.00131292163841273 0.00214864943022436 0.00153868906693437 0.00152269378112252 0.00133570570492544 0.00182473372247951 0.00153515061783106 0.00209723569370704 0.00147420231959804 0.00195976619407317 0.00123733132240217 0.00148477634030991 0.00179613820057753 0.00168302018304442 0.00123238570217481 0.00132566335154401 0.00136411702242371 0.00147006523280803 0.00136139203995587 0.00195365441369532 0.00146403866452943 0.00169737485966088 0.00158846998958614 0.00228332404315226 0.00159781215542978 0.00151378350792315 0.00190899016730655 0.00110995701245216 0.00152527020621648 0.00152592652867901 0.00153789959919242 0.00204667298946487 0.00156936499949645 0.00176296828154766 0.00144989557087508 0.00119823843158707 0.00134577065984088
0.00177837531515621 0.00236625816202012 0.000999914394988619 0.00240433405391282 0.00135370890153102 0.00136081587353839 0.00220390372239844 0.00142894689601636 0.00135729628875442 0.00154117676489677 0.00151438223691097 0.00124705065045331 0.00142435342041397 0.0015417846151694 0.00148978507710978 0.00146352636871454 0.0019019332885037 0.00140477645850904 0.00196841059135086 0.0014817717611045 0.00211557069540246 0.001493994267294 0.00147292091165461 0.00184933015320278 0.0015138620814732 0.00123928454271955 0.00148868953328752 0.00201548868843666 0.00155211854093843 0.00158712491461306 0.00203893709167662 0.00155641412821443 0.0011206183177824 0.00122687699109966 0.00137851542134507 0.00154339013350195 0.00155167820799203 0.00158066278397749 0.0012722250444017 0.00156312372841589 0.00126604019940865 0.00137779531658855
0.00101733112645994 0.00141935071302367 0.00164895877977688 0.00212212254599067 0.00140731828492811 0.00142658840143541 0.00157115791740217 0.00202837266698187 0.00188010004751327 0.00148921157006771 0.00142439140256103 0.00123996005269074 0.00119475742991489 0.00155610551766644 0.00219751668345257 0.0020882702478281 0.00148423834676428 0.00222570337207238 0.00215709567841266 0.00147494350097892 0.00146761649375935 0.00138772021884645 0.00174032619188094 0.0015177336332641 0.00215001208748913 0.00173595438904034 0.00213271936013987 0.00151031332410243 0.00127636406580653 0.00118394522917223 0.00144925698999805 0.00162576359643403 0.00119857410744238 0.00154303379155703 0.00186178067683977 0.00135343911521872 0.0015496819958208 0.00190006718989725 0.0015562745680011 0.00156236118621482 0.00128358618567599 0.00142858264701818
0.00101113770436402 0.00129101338770756 0.0013132267202696 0.00137673189425886 0.00137940335609667 0.00202011047462834 0.0023079172433512 0.0021235254384563 0.00198769400740871 0.00127550630773876 0.00131384159819897 0.001553118122219 0.00116285688858447 0.00139935057853584 0.00138594949736501 0.00212709867794781 0.00147879830090158 0.00209586739904819 0.00205365286420594 0.00136987447104341 0.00139488876326883 0.00118509432882758 0.00219171922525557 0.00200833089345165 0.0016755407477069 0.00139140980402388 0.00146478745502264 0.00108323099666878 0.00175562002070252 0.0016799751267138 0.00151466948617069 0.00223650515311005 0.00141356000944811 0.0017754554231324 0.00130387570680653 0.00153960127380154 0.00206712686111392 0.00137885657828654 0.00151606082817048 0.00146735411731496 0.00133260242663604 0.00150071843880594
0.00101321767342297 0.00142758443215585 0.00145685771139254 0.00147845885439146 0.00130457939143418 0.00206386830874828 0.00137353230436263 0.00132852054710865 0.00206982334342769 0.00122778825811995 0.00129065317187344 0.00223990531482882 0.00115649569946097 0.00150851266967045 0.00184190221973313 0.00149592111046657 0.00129232138724843 0.00150583066528145 0.00148069683636224 0.0012825189448282 0.0019094463948529 0.00116851509116794 0.0016171798139195 0.00116889167802106 0.00151516645927591 0.00145538997378884 0.00144353395897599 0.00153707354882219 0.00119190337762735 0.00119190337762735 0.00198589571621861 0.00157314470707592 0.00151025707597115 0.00152079339025423 0.00157736676501933 0.00193261385541922 0.00143240267322839 0.000712627695567193 0.00101119836540624 0.0016143545464165 0.00150423598829852 0.00162758842017778
0.00130175081634568 0.0014446793231943 0.00156911999657547 0.00212176882325417 0.00179926201383273 0.0015584297326105 0.00190604669987567 0.00133410221027695 0.00101929789166669 0.00114149249272684 0.00126234031365162 0.00155542302708024 0.0016327586277053 0.00125800908012905 0.00123759341829783 0.00120681012703134 0.00111536372589275 0.00111000411247342 0.00104845983186726 0.00102169425191261 0.00102142856187462 0.000955535051293379 0.00134672703922114 0.00151629124789827 0.00204391041482515 0.00203194097769608 0.00152956177011949 0.00149091073748381 0.0014952383477113 0.00207084910829912 0.00158129917524088 0.00156534148182297 0.00157322601500414 0.00145336097259307 0.00101120259479594 0.000712627544517561 0.00101120259479594 0.000712627544517561 0.000717423294821071 0.000717423294821071 0.000712627544517561 0.00101120259479594
0.0016466405294113 0.00103078885125128 0.00141169675592179 0.00150288642603661 0.0014875762510434 0.0017321489336904 0.00101248409681098 0.00101248409681098 0.00101248409681098 0.00101248409681098 0.00146494126981935 0.0010410886743024 0.00110480431417865 0.00110837610060261 0.00158234550319867 0.00159108366257829 0.00126140953042245 0.00150823112112026 0.00114891903516524 0.00137872077964762 0.0016165749010738 0.00152109533217095 0.00137416128712837 0.00133684640701751 0.00133789296322198 0.00152320615468547 0.00148043478174257 0.00146712396497871 0.00209578285119186 0.00156496716871643 0.0015812965238418 0.00145960657072682 0.00101120569131341 0.00101120569131341 0.000717427071061881 0.00101120569131341 0.000712627468992745 0.000712627468992745 0.000717427071061881 0.000712627468992745 0.000712627468992745 0.000717427071061881
0.00149392190807229 0.00103124375134806 0.00103494184672674 0.00104191566242918 0.00120931743593841 0.00166042924186336 0.00101930647597517 0.0014366999122299 0.00101930647597517 0.0014366999122299 0.00157448847112758 0.00135015024326574 0.00158194345245323 0.00126045971495855 0.00162562929985884 0.00128998955391789 0.001354113073806 0.00217124895820112 0.00115587216174052 0.00149322220439461 0.00117577758459548 0.00192976649094274 0.00144304403412105 0.00144098079714913 0.000920850589745756 0.000902817006337306 0.000902002456045624 0.000900431379622433 0.00126711141416109 0.00146573933204826 0.000712627393467929 0.00101120780600826 0.000717429336806366 0.000712627393467929 0.000712627393467929 0.00101120780600826 0.000717429336806366 0.000717429336806366 0.000717429336806366 0.000717429336806366 0.000717429336806366 0.000717429336806366
0.00103494184672674 0.00103494184672674 0.00103494184672674 0.00103494184672674 0.00103494184672674 0.00186656064456454 0.00175886197310468 0.00156518466401347 0.00143670141448388 0.00101248398950713 0.0020650026408511 0.00155003787061737 0.00186483017675055 0.00157237224742921 0.00120087693018261 0.00131554072913274 0.00160199280283968 0.00197095967609468 0.00116828904957671 0.00119380318323603 0.00146064285730544 0.00170996541538247 0.00205565596438326 0.00202579998838837 0.00156338907402719 0.00149377245064857 0.00178164063427588 0.00214232968208936 0.000717430092054528 0.000717430092054528 0.00101120886335569 0.000717430092054528 0.000712627393467929 0.000712627393467929 0.000712627393467929 0.000717430092054528 0.000717430092054528 0.000712627393467929 0.000712627393467929 0.000712627393467929 0.000712627393467929 0.000717430092054528
0.00146856728181862 0.00103494184672674 0.00104191566242918 0.00103494184672674 0.00104191566242918 0.00186758010222235 0.00141936298345076 0.00101796489276294 0.00101248398950713 0.00167792564904745 0.00155989079336236 0.00160210257687478 0.00134726336383766 0.00159080337737631 0.00120830935905488 0.0013571493878321 0.00162293125116868 0.00147093769880033 0.00153498068250801 0.00120173397976831 0.00146215709790374 0.00122468331164417 0.00145722838525252 0.00207842904068952 0.0011158682117699 0.00159001998873937 0.00126260425794177 0.00160744284200766 0.00101120886335569 0.000717429336806366 0.000717429336806366 0.000717429336806366 0.000717429336806366 0.000717429336806366 0.000717429336806366 0.00101120886335569 0.000712627393467929 0.00101120886335569 0.000712627393467929 0.000712627393467929 0.000717429336806366 0.00101120780600826
0.00104191237191046 0.00146856421066781 0.00104191237191046 0.00104191237191046 0.00104191237191046 0.00100708907075163 0.00173174658110371 0.00180085434873357 0.00166261182127335 0.00205233496370466 0.00177293757367728 0.00212581513700904 0.00153908396925517 0.00220331468112391 0.0012375043682171 0.00170083410247002 0.00199542048715969 0.00162063148089733 0.00204231791509039 0.00128605953788072 0.00145595946899615 0.00134143090403498 0.00203045646658855 0.00145213958158796 0.00112507217118904 0.00227946739933502 0.00133208464961816 0.00159347054827941 0.000717427071061881 0.00101120569131341 0.000712627468992745 0.000717427071061881 0.000717427071061881 0.000712627468992745 0.000712627468992745 0.000712627468992745 0.000717427071061881 0.000717427071061881 0.000717427071061881 0.00101120569131341 0.000717427071061881 0.000717427071061881
0.00104190688771258 0.00103494206609465 0.00146855971362555 0.00146855971362555 0.00104190688771258 0.00168644972630271 0.00189720397935694 0.00129040724167549 0.00222722729040144 0.00191647316323183 0.00223319446859491 0.00266478484520636 0.00154679884750218 0.00198941708158657 0.00138398431276588 0.00201516591857641 0.00159738660886437 0.00229301459744031 0.00157221379134217 0.00143029652396372 0.00142107146051405 0.00143453448488709 0.00145054232601033 0.00126975814645165 0.0011637985061319 0.00198370969827317 0.00145072694766447 0.0022231115291388 0.00149452974736588 0.0019821219009105 0.00101120259479594 0.00101120569131341 0.00101120259479594 0.000712627544517561 0.000717423294821071 0.000717423294821071 0.00101120259479594 0.000717423294821071 0.000712627544517561 0.000717423294821071 0.000717423294821071 0.000717423294821071
0.00146855357132393 0.00103494228546257 0.00146855357132393 0.00146855357132393 0.00104189931951952 0.00199026907216586 0.00243659180706381 0.00129932635694646 0.00133225904206174 0.00156902493425249 0.00146823374736252 0.00146280328532832 0.00221778301144743 0.0020836099509357 0.00160839397789658 0.00159131084746223 0.00226021484415209 0.00155605414188074 0.00154624895871036 0.00152048651466379 0.00193330291305229 0.00216654874806035 0.00202588229632404 0.00147290235403432 0.00126568936780554 0.00148037740929014 0.00156429792253687 0.00154020742530417 0.00138055319122355 0.00124708188532245 0.000712627544517561 0.000717418083608754 0.000717418083608754 0.000712627695567193 0.000712627695567193 0.000717418083608754 0.00101120259479594 0.000712627544517561 0.000717418083608754 0.000717418083608754 0.00101119836540624 0.000712627695567193
0.00103494250483048 0.00146854600313086 0.00103494250483048 0.00146854600313086 0.00190067608138364 0.00219680415017607 0.00161637754732618 0.00204734235967869 0.00158426680388797 0.0014794484091414 0.00194467511648825 0.00139185294613622 0.00153244258728432 0.00157786558805175 0.00157038669412436 0.0020710305105751 0.00156552198278232 0.00145624404745333 0.00204098086233147 0.00117611905579598 0.00131846551164087 0.00138807081004879 0.00144074230443512 0.00199933285724633 0.00138703106084987 0.00153006984977542 0.00169317418589502 0.000717411286375296 0.00101119836540624 0.000712627695567193 0.000712627695567193 0.000717411286375296 0.00101119836540624 0.00101119315419392 0.000712627695567193 0.00101119836540624 0.000717411286375296 0.000717411286375296 0.00101119315419392 0.000717411286375296 0.000717411286375296 0.00101119315419392
0.0010349427241984 0.0010349427241984 0.00113484564994282 0.00246775910886034 0.00187034033725527 0.0016429940592898 0.00220090408536867 0.00154598429252423 0.00153390078950918 0.00128757958548573 0.00217479267374303 0.00135146861101633 0.00143920920973908 0.00222403345677182 0.00156657855707532 0.00153980912740021 0.001939902770302 0.0013190547159366 0.00156239766639603 0.00117611930508793 0.00158196641017079 0.00145546549292734 0.00155459479324643 0.00150008318083643 0.00214029685829094 0.00169669234761427 0.00214348128055753 0.00101119315419392 0.000712627997666458 0.00101119315419392 0.00101119315419392 0.000712627846616826 0.000717402978645515 0.000717402978645515 0.000717402978645515 0.00101118688563417 0.000712627997666458 0.00101118688563417 0.000712627997666458 0.000712627997666458 0.00101118688563417 0.000712627997666458
0.00103494305325027 0.00103494305325027 0.00113621335053916 0.00115492453364043 0.00167521895126634 0.00191071279929277 0.00154700834788144 0.00156233957349714 0.00205467993036659 0.00126482012654632 0.00156236071772131 0.00114502311180165 0.00112203243738333 0.0011136534628426 0.00110647971009601 0.00154830283937471 0.00104446746030104 0.00123341252535354 0.0010110743374092 0.00142513919395569 0.000997648511677186 0.00196324184268652 0.00141142315790482 0.00206538408147353 0.00164502527820584 0.00205180381758642 0.000712627997666458 0.00071739316041941 0.00071739316041941 0.00071739316041941 0.00071739316041941 0.00071739316041941 0.00101117948420219 0.00101117948420219 0.000712628224240907 0.000712627997666458 0.00101118688563417 0.00071739316041941 0.00071739316041941 0.000712628224240907 0.000712627997666458 0.000712628224240907
