Archive - glowpa-model-master/Model input/Uganda/rivergeometry/river_flowvelocity_1aug.asc
NCOLS 67 
NROWS 67 
XLLCORNER 29.500000001 
YLLCORNER -1.499999999 
CELLSIZE 0.0833333332985075 
NODATA_value -9999 
[rows 21 to 41 of 67, columns 0 to 45 of 67]
-9999 -9999 -9999 -9999 -9999 -9999 -9999 -9999 -9999 -9999 -9999 -9999 -9999 -9999 -9999 2.24099093418565 2.26789180916118 2.25207322533105 2.18014122224357 2.28267446801367 2.43703661803764 2.24021567387471 2.68516809736606 2.25751410692276 5.07815630872647 5.0780200873435 5.07760070996004 5.07554847893492 2.41421230805644 5.07160425838503 5.07137430738124 2.32728231003101 2.58085349347217 2.40318618723368 3.31772009714378 2.27645014227269 2.41454718278549 2.99773497382402 2.88278653314984 2.80744391914702 2.68735234340932 2.29251481650738 2.27651705512889 2.37497439458808 2.35011589041879 3.21401984392887
-9999 -9999 -9999 -9999 -9999 -9999 -9999 -9999 -9999 -9999 -9999 -9999 -9999 -9999 -9999 -9999 2.26322058700715 2.41588042136063 2.34320957579162 2.18722489574449 5.04413813371982 5.04413813371982 5.04413813371982 5.07835664592586 2.26877374674337 2.28312885694479 2.32356159564568 2.76536164030274 2.69290222529596 2.58091746182502 2.46900264144457 5.07037837226172 5.07007626087809 5.06874543925635 2.38193520390955 2.4098205810594 3.08093152886693 2.37833673602157 2.57623394708653 2.40809137540461 2.38030476081758 2.29775650280932 2.27052844559923 2.26735102178724 2.34578689948484 2.34308448155074
-9999 -9999 -9999 -9999 -9999 -9999 -9999 -9999 -9999 -9999 -9999 -9999 -9999 -9999 -9999 -9999 -9999 2.29970496061353 5.04413813371982 5.04413813371982 5.04413813371982 5.04413813371982 5.04413813371982 2.52236627499838 2.43439517588953 2.65542349526589 2.49071489601795 2.70861783996492 2.40889643247528 2.40068055945226 2.33904866789738 2.34393256844211 2.6986302157302 5.05977011224036 2.3585858973157 2.5546679166489 3.16798277990846 2.57367545570609 2.40035191977354 2.36188044255991 2.28838860787746 2.27340018197642 2.50630641194479 2.69185274744078 2.35577657257783 2.25742596419634
-9999 -9999 -9999 -9999 -9999 -9999 -9999 -9999 -9999 -9999 -9999 -9999 -9999 -9999 -9999 2.19045347019577 2.14097992338275 5.04413813371982 5.04413813371982 5.04413813371982 5.04413813371982 5.04413813371982 5.04413813371982 5.04413813371982 3.18364310434862 3.07416828144889 3.0296056959098 2.54527662224173 2.49011338096916 2.21014809149012 2.32936358570637 2.33706845162055 2.3428573425889 2.76142371043838 5.05900963665175 3.17733564489733 2.37493395783328 2.32614038223506 2.32248243096174 2.72673465439449 2.54244795481627 2.26861279964304 2.94270197759716 2.74290848200004 2.27816015407747 2.43290128431606
-9999 -9999 -9999 -9999 -9999 -9999 -9999 -9999 -9999 -9999 -9999 -9999 -9999 -9999 -9999 2.30482866715286 5.04413813371982 5.04413813371982 5.04413813371982 5.04413813371982 5.04413813371982 5.04413813371982 5.04413813371982 5.04413813371982 2.48655584650254 2.33777021435302 2.37157298501294 2.76883263788239 2.35816167343194 2.48929917394913 2.32374001844481 2.32903386239615 2.33664978617211 5.05133587676038 3.03156507529852 2.96171489216281 2.93046021680682 2.8690509985686 2.79171212052197 2.43697131951812 2.44294892103933 2.27544597456122 3.03448731216232 2.51077908904963 2.26721651559005 2.28584403536155
-9999 -9999 -9999 -9999 -9999 -9999 -9999 -9999 -9999 -9999 -9999 -9999 -9999 -9999 -9999 5.04413813371982 5.04413813371982 5.04413813371982 5.04413813371982 5.04413813371982 5.04413813371982 5.04413813371982 5.04413813371982 2.39445385964723 2.83596048398379 2.37950378671484 2.38765439660741 2.69431259824664 2.29171475750035 2.72005288748506 2.47597166753955 2.48986103125665 2.32940819073671 5.0469303881429 5.04729174390038 2.53004954949041 2.36998057702186 2.32070808791771 2.33216766211397 2.65075682965246 2.59270101431257 3.16890855170446 2.31710705243915 2.64356315907617 2.49845690873435 2.409901676834
-9999 -9999 -9999 -9999 -9999 -9999 -9999 -9999 -9999 -9999 -9999 -9999 -9999 -9999 -9999 5.04413813371982 5.04413813371982 5.04413813371982 5.04413813371982 5.04413813371982 5.04413813371982 5.04413813371982 5.04413813371982 2.17628909704038 2.67718202977978 2.35556523706897 2.314857392836 2.30237321521564 2.31117412019946 2.30222673330732 2.85433556417419 5.04664014159739 5.04664014159739 5.04664014159739 2.30296284115376 2.31352408320592 2.36906615080199 2.6340207295354 2.81175438121018 3.3949670920338 3.34274477782564 2.97148541844385 2.36253973788344 2.70247443568832 4.98453434979305 4.98453434979305
-9999 -9999 -9999 -9999 -9999 -9999 -9999 -9999 -9999 -9999 -9999 -9999 -9999 -9999 5.04413813371982 5.04413813371982 5.04413813371982 5.04413813371982 5.04413813371982 5.04413813371982 5.04413813371982 5.04413813371982 2.69476473368172 2.57141680582837 2.63216260117831 2.56332252639847 2.30232079190288 2.6581981684496 2.29270959551486 2.24895857942806 2.43805702953987 5.04664014159739 5.04664014159739 5.04664014159739 3.53778419045426 2.51815608232004 2.33222829941032 2.49431838815702 3.47007587658196 2.40117643647196 2.35568477838773 2.85521986245735 2.79719604849315 2.29380314328228 4.98453434979305 4.98453434979305
-9999 -9999 -9999 -9999 -9999 -9999 -9999 -9999 -9999 -9999 -9999 5.04413813371982 5.04413813371982 5.04413813371982 5.04413813371982 5.04413813371982 5.04413813371982 5.04413813371982 5.04413813371982 5.04413813371982 5.04413813371982 2.33493306375709 2.33032656342386 2.26671311712965 2.28965903079425 2.46372254212877 2.29041780074081 2.71024479995122 2.26659868681639 2.16357304794296 2.46008569397373 5.04664014159739 5.04664014159739 5.04664014159739 4.98453434979305 3.51436890240389 3.50231322637709 3.49290349293151 4.98453434979305 4.98453434979305 4.98453434979305 4.98453434979305 4.98453434979305 4.98453434979305 4.98453434979305 4.98453434979305
-9999 -9999 -9999 -9999 -9999 -9999 -9999 -9999 -9999 -9999 2.41335564180489 5.04413813371982 5.04413813371982 5.04413813371982 5.04413813371982 5.04413813371982 5.04413813371982 5.04413813371982 5.04413813371982 5.04413813371982 2.40648796470684 2.24060462542396 2.24399729877101 2.42017847149693 2.28564069155785 2.25460293864893 2.47837698386892 2.84412295513869 2.42931601715982 2.05153644637536 3.85530982625171 2.55518929903995 2.30556868405739 2.61683963295675 4.98453434979305 4.98453434979305 4.98453434979305 4.98453434979305 4.98453434979305 4.98453434979305 4.98453434979305 4.98453434979305 4.98453434979305 4.98453434979305 4.98453434979305 4.98453434979305
-9999 -9999 -9999 -9999 -9999 -9999 -9999 -9999 -9999 -9999 5.04413813371982 5.04413813371982 5.04413813371982 5.04413813371982 5.04413813371982 5.04413813371982 5.04413813371982 5.04413813371982 2.2105826884964 2.79111404175092 2.26747922286202 2.26629151399634 2.29380309785871 2.28686047203652 2.69529901639892 2.4725988766635 2.9112952901782 2.87700548081022 3.76045666975436 3.85338698423304 3.27540942031083 2.33941883139962 2.33873323042377 2.32632080379131 2.57154980037707 2.44302576221312 4.98453434979305 4.98453434979305 4.98453434979305 4.98453434979305 4.98453434979305 4.98453434979305 4.98453434979305 4.98453434979305 4.98453434979305 4.98453434979305
-9999 -9999 -9999 -9999 -9999 -9999 -9999 -9999 -9999 2.37747034259232 5.04413813371982 5.04413813371982 5.04413813371982 5.04413813371982 5.04413813371982 5.04413813371982 5.04413813371982 2.56364854277731 2.28017150959545 2.75241212513703 2.61854686306252 2.45147536345777 2.27767368454139 2.31613397017773 3.40294019991617 3.42836747478393 2.94254667691193 3.75318752310134 2.23476053350493 2.22301323055166 2.27502410990366 3.24650041781746 2.36125016167639 2.37311870882348 2.35098726807998 2.33618031894994 4.98453434979305 4.98453434979305 4.98453434979305 2.28283262932623 4.98453434979305 4.98453434979305 4.98453434979305 4.98453434979305 4.98453434979305 4.98453434979305
-9999 -9999 -9999 -9999 -9999 -9999 -9999 -9999 -9999 2.36112468109629 5.04413813371982 5.04413813371982 5.04413813371982 5.04413813371982 5.04413813371982 5.04413813371982 2.3053357030269 2.42976530043493 2.17710926834086 2.18598423644975 2.22397712932309 2.20444586690121 3.31082926981652 3.35944014351769 2.60166166376586 2.24455054904593 3.51643154016185 2.22821247267495 3.46815409831147 2.8838963608402 2.36274335346064 2.26281932995741 3.23933306798968 2.5331894176475 2.36908033738107 2.31614285422149 2.87693905734631 2.32181907562553 2.2326579692404 3.36416572820737 4.98453434979305 4.98453434979305 0.842656681171805 4.98453434979305 4.98453434979305 4.98453434979305
-9999 -9999 -9999 -9999 -9999 -9999 2.4451434904593 2.58131944958917 2.3893349156313 2.19379217511351 3.51875800473911 5.04413813371982 5.04413813371982 5.04413813371982 5.04413813371982 2.3030658420503 2.31721260395974 2.23340370648027 2.24249690968671 2.14648509104243 2.82764280900055 3.26692292059486 2.33606656930463 2.23843778251334 2.23232488451339 2.47611093515844 2.50557349044949 2.32057924032883 3.38552752150031 2.34258613878758 2.81653698005276 2.32670530123015 2.59064594406378 3.12471727026225 2.3041041725673 2.33691207646424 2.48675954721538 2.69163160116947 2.33238918588166 3.36416572820737 2.36623711279781 4.88842055576956 2.93219763709727 2.37769206455562 4.98453434979305 4.98453434979305
-9999 -9999 -9999 -9999 -9999 -9999 2.6086395892482 2.67994366223018 2.212654943895 3.51550760182696 2.16827293217332 5.04413813371982 5.04413813371982 5.04413813371982 5.04413813371982 3.18720033763057 3.14715753180834 3.12134031038658 3.06470737902784 3.03785411695072 2.74245763927285 2.23706091499137 3.16795931707167 3.10776162402961 2.22681221453148 2.26017104613285 2.32716263287623 2.65208454567397 3.34294583915333 2.1713327490289 2.74003928621864 2.32208642853743 2.47103276245323 2.29990127894577 3.06718653044955 2.32183487219759 2.32326338088605 2.6215304361938 2.37593253235409 3.33651822907674 2.39924119913725 4.88217044182827 2.55692473340841 2.859276347807 2.34642086576331 2.53955361439005
-9999 -9999 -9999 -9999 -9999 2.24840253299656 2.34705590700423 2.65555743735748 3.5090070909127 2.04039269199277 1.98045945643952 5.04413813371982 5.04413813371982 5.04413813371982 2.31415290200886 2.68325725946922 2.20560496424685 2.41285438980279 2.36933187964141 3.02448104242508 2.17359754779649 2.68704267540684 2.56927408657312 3.07630890222736 2.33399211594738 2.26702605887799 2.2384547216709 2.48716212009602 2.59350067029705 3.31078397125998 2.36370967469074 2.55915600461427 2.31076137466625 2.30780167610152 2.88556305739467 2.75435274004353 2.31469042221626 2.36360086470212 2.54853876550241 3.31514733705758 2.39772375345548 4.88075724664896 2.384501353615 2.75547101096131 2.33727073152179 2.36012728766773
-9999 -9999 2.0386314942133 2.34342828820343 2.19516065197143 2.10132100185674 2.08813187270182 2.46204896714813 3.4519064271187 1.99335156012267 2.6075132024564 2.62148347450357 3.42088357292506 2.28061699552217 2.35697528366439 2.53356976970553 2.35605510357331 2.27132108575939 2.19796028809974 3.01770140599197 2.1685889854979 2.63320366154387 2.41761458416092 2.74067982701351 3.03205362667174 2.41607562257725 2.2638163279703 2.25930753794482 2.55326598107878 3.30486796198175 3.26315693114863 2.22772201696369 2.32513125320372 2.32572270625943 2.82758489359281 2.20625313270205 2.57294356672415 2.34943598408797 2.42468234827308 3.24563839763754 2.39898023560528 4.87893604395757 2.36916861920638 2.36376028883232 2.47868228291802 2.328416897583
-9999 2.26400570864362 2.57776535221248 2.2397127766102 1.94534901818796 2.20075708453738 3.42347600515124 3.4324319453824 2.04586211996412 1.98068316669745 2.58529236282475 2.27836908789791 2.74793043807143 3.36484539100767 3.31965489950151 2.37378370772449 2.52218617365807 2.3235929190649 2.65849764655559 2.89032246001944 2.52826725853983 2.3754863532967 2.41876563445727 2.67101921120403 2.26298895449614 2.75022174475823 2.14156761700308 2.09101572168702 2.34057815088371 2.32205568022305 2.61030381582418 3.25583411768349 2.59230870971954 2.22897900408236 2.80257231905469 2.25303826153906 2.49343823897609 2.31219860264132 2.39118518956644 3.20689659733811 2.267546818327 4.87695345212302 2.34104487019144 2.33525688771707 2.17580334654933 2.60290153307429
-9999 2.23651840715053 2.35906755911981 3.3741351302712 3.37948005773219 3.41124559078787 2.24024772123671 2.33448718111186 2.34256115278389 2.55041048556209 2.28248838530684 2.61394935333355 2.34494206969632 2.68667733960525 2.33728828868708 3.28745942744295 3.10659693883932 2.31842414818381 2.42560931899541 2.39469688599707 2.76445243334872 2.40068243025858 2.38162654917084 2.5942146143303 2.28344798058021 2.70523840424915 2.65150382724152 2.51008946945285 2.10585969707661 2.10443438218589 2.4425541291148 2.2997263197426 3.19651132181385 2.22528091327221 2.24909249995707 2.73461874834156 2.27191078385246 2.24401315565972 2.97025447321453 2.98598238784235 2.2499069373983 2.27376190001734 4.87577677144596 2.92176550427695 2.31610026647638 2.49377478494102
2.14073414805276 2.05502825833264 3.33355105864052 3.34618411125873 1.91311767218613 2.65059628838603 2.12398526380315 2.19862650061908 2.23869926322176 2.22927118665614 2.18131003926718 2.3536672159851 2.32983583076644 2.62380703965299 2.35352003621441 2.93161634661857 2.7762001598631 2.93260139918314 2.41487414010081 2.44697162680331 2.43202792418379 2.57459537313736 2.40019909238727 2.28009842440651 2.33526959347702 2.29570594559996 2.36251387004494 2.41267749456604 2.21618271899374 2.07815694703694 2.32351666184267 2.19954191813817 3.16125024566209 2.47639572078787 2.31467725291576 2.63952100639348 2.24899803073545 2.2583229660234 2.23673737516114 2.88511339638079 2.94815339142777 2.26923753360133 4.87111692136552 2.52189639964131 2.72467217377617 2.32651363371391
2.18186616504603 2.35385630487959 3.30925605333474 2.53915136165565 2.51944577980823 2.56326357333799 2.26223620493962 2.20543601585016 2.26341515755164 2.58849195413327 2.67120256097116 2.2322647133868 2.34357694841181 2.35889742055561 2.50631603157461 2.76973536068165 2.32667019696993 2.7232661805384 2.90369626298047 2.82337975453548 2.61728532632949 2.53868543559684 2.35619460115254 2.44619930690557 2.45750863900522 2.27744641006655 2.01431466003197 2.19729645448569 2.17817860455695 2.19285140675727 2.30282096765511 2.58327687951859 3.10606078451383 2.21109637934786 2.21530086598879 2.20819065734458 2.36804610919421 2.24527286033128 2.79742868979234 2.41273682162024 2.90178700922552 2.58475698661984 4.87042594100361 2.35697673196462 2.65767519244788 2.30631505924261
