Archive - glowpa-model-master/Model input/Uganda/rivergeometry/river_flowvelocity_1aug.asc
NCOLS 67 
NROWS 67 
XLLCORNER 29.500000001 
YLLCORNER -1.499999999 
CELLSIZE 0.0833333332985075 
NODATA_value -9999 
[rows 0 to 20 of 67, columns 0 to 45 of 67]
-9999.000000000000000 -9999 -9999 -9999 -9999 -9999 -9999 -9999 -9999 -9999 -9999 -9999 -9999 -9999 -9999 -9999 -9999 -9999 -9999 -9999 -9999 -9999 -9999 -9999 -9999 -9999 -9999 -9999 -9999 -9999 -9999 2.23100768370535 2.22806509248664 -9999 -9999 -9999 -9999 -9999 -9999 -9999 -9999 -9999 -9999 -9999 -9999 -9999
-9999 -9999 -9999 -9999 -9999 -9999 -9999 -9999 -9999 -9999 -9999 -9999 -9999 -9999 -9999 -9999 -9999 -9999 -9999 -9999 -9999 -9999 -9999 -9999 -9999 -9999 -9999 -9999 -9999 2.24727245925431 2.37456541647575 2.2030529238079 2.47354471323338 2.19796430615721 2.21071987607188 2.19929554585968 2.32360856924472 2.3069877605535 2.17825869973206 2.2179598248313 -9999 -9999 -9999 -9999 -9999 -9999
-9999 -9999 -9999 -9999 -9999 -9999 -9999 -9999 -9999 -9999 -9999 -9999 -9999 -9999 -9999 -9999 -9999 -9999 -9999 -9999 -9999 -9999 -9999 -9999 -9999 -9999 -9999 -9999 -9999 2.6033505421468 2.16439373339101 2.5315037215461 3.11056957542647 3.08013198777375 2.18569213091991 3.00344704608071 2.95726025609845 2.87327243620042 2.66911779168724 2.51741350341215 2.21936825659727 2.30689110872193 2.36391285809581 -9999 -9999 -9999
-9999 -9999 -9999 -9999 -9999 -9999 -9999 -9999 -9999 -9999 -9999 -9999 -9999 -9999 -9999 -9999 -9999 -9999 -9999 -9999 -9999 -9999 -9999 -9999 -9999 2.3142308472678 -9999 -9999 -9999 2.65238340065935 2.13858192811144 3.16546929519299 2.17654273590741 2.17928956355252 3.05913346898694 2.38804065913943 2.25517390415371 2.27249252948875 2.52430402295317 2.36144308198836 2.32089764688725 2.38250209058181 2.59159735201087 -9999 -9999 -9999
-9999 -9999 -9999 -9999 -9999 -9999 -9999 -9999 -9999 -9999 -9999 -9999 -9999 -9999 -9999 -9999 -9999 -9999 -9999 -9999 -9999 -9999 2.26256701501535 -9999 -9999 2.46529158339213 -9999 -9999 -9999 5.1673544019445 4.12770197386465 4.08845262441637 2.57010661596776 2.47860206259013 2.31121511259378 2.20413001871165 2.29664467219253 2.60453046641922 2.50081984559622 2.34585086360033 2.62879537892759 2.33569559201446 2.70076381446587 2.20815365471652 -9999 -9999
-9999 -9999 -9999 -9999 -9999 -9999 -9999 -9999 -9999 -9999 -9999 -9999 -9999 -9999 -9999 -9999 -9999 -9999 -9999 -9999 -9999 2.43856642497016 2.55041194989111 2.44080211499719 2.55267619571138 2.25180631035917 5.09124077367207 5.09124077367207 5.10652434025391 5.10652434025391 2.20892663808472 4.08359352377461 3.27470831900296 3.23872357078633 2.32155157399042 2.82134832176676 2.77020784984374 2.45250607447634 2.36620985387789 2.35433657792587 2.30037155399322 2.75166177973011 2.77503868460693 2.21845702267935 -9999 -9999
-9999 -9999 -9999 -9999 -9999 -9999 -9999 -9999 -9999 -9999 -9999 -9999 -9999 -9999 -9999 -9999 -9999 -9999 -9999 2.33542306201342 2.86121944962754 2.91841888920797 3.06769547925826 3.12808183985116 2.73551766591584 2.19680478973691 5.09124077367207 5.09124077367207 5.10652434025391 5.10652434025391 3.51703651588968 2.23906293822927 4.03251683146583 2.5376443359349 3.22665692027097 3.00710058144339 2.97007413853079 2.78639103183874 2.36307841988594 2.50916747722377 2.59234648794781 2.8373609644759 3.02903547205313 2.18632119070498 -9999 -9999
-9999 -9999 -9999 -9999 -9999 -9999 -9999 -9999 -9999 -9999 -9999 -9999 -9999 -9999 -9999 -9999 -9999 2.50361427275219 2.61288028550383 2.74554312338404 2.29049776784318 2.42553062072058 2.45738259644227 3.137861651492 2.13769987157472 2.77511854674649 5.09096341690205 2.28141519632468 2.62023953493501 2.68926938648601 3.29175648261963 3.24152090954577 4.03141460803731 2.29687275536294 2.42546721239528 2.63405863592882 2.63004529270538 2.45436144901327 2.31115648023727 2.28555874678287 2.70556039536042 2.20535866681677 3.07120282190058 2.22112779162693 2.20081456896072 -9999
-9999 -9999 -9999 -9999 -9999 -9999 -9999 -9999 -9999 -9999 -9999 -9999 -9999 -9999 -9999 -9999 -9999 2.49954958814645 2.33165935281502 2.30175273776075 2.29657176119387 2.53510351411029 2.61531680592592 3.23299111475587 3.24808334121305 5.09016472214062 2.35134523609812 2.37291107372863 2.54122534640703 2.65692753005802 3.28102164500179 3.22711543004045 2.41783190065395 4.02876119555357 2.57499754523052 2.45659355058686 2.4698562294414 2.46744424645133 2.47507706687897 2.29082706245176 2.24321643304168 3.50696890532559 2.212123651452 2.47963964806515 2.21584591190124 2.16897866925557
-9999 -9999 -9999 -9999 -9999 -9999 -9999 -9999 -9999 -9999 -9999 -9999 -9999 -9999 -9999 -9999 -9999 2.62627154726802 2.69786139463692 2.84142927838621 2.43409135957827 2.62486606148152 2.62168733265081 2.24138105608338 5.08328604952053 2.36754028975074 2.71311773764261 2.3195216454972 2.55690430316458 2.9518888495267 3.22014270399093 2.42002332801256 3.18851989183768 4.02758820516953 4.02078531618767 2.34580884402015 2.46580562354514 2.83103665618263 2.41895412942778 2.47016278133011 3.5315456897295 3.51148792634779 3.33664968949343 2.56774255076882 2.18166289737557 3.20052709880528
-9999 -9999 -9999 -9999 -9999 -9999 -9999 -9999 -9999 -9999 -9999 -9999 -9999 -9999 -9999 -9999 2.36167402736621 2.52947969728962 2.92681573362107 3.12013955192864 3.21794222052685 3.22977041939393 3.29580108384017 2.7135815017362 5.08378336557948 2.96298479463898 2.43671477378616 2.43616474642752 2.64229530727173 2.76789991497504 2.96946636144144 2.4439233255884 3.14196219231706 2.42316887869198 2.35449285604868 4.01710480310976 2.87322381066839 2.46642840389895 3.58269847772961 3.57726225578648 2.4532662376774 2.28845132731183 2.27067913843962 3.29200198208439 3.23963943827163 2.25293608682609
-9999 -9999 -9999 -9999 -9999 -9999 -9999 -9999 -9999 -9999 -9999 -9999 -9999 -9999 -9999 -9999 2.350917519029 2.80059192521372 2.3577279151823 2.54421920546371 2.50030292681833 2.28787006562961 2.24550931469987 5.08012755209599 2.45409241022818 2.91620793919275 2.85067678676276 2.46681974746861 2.4804022228823 2.67570057705901 2.8601828462287 2.92363111855585 3.08398551724006 2.43979790466763 2.47606652068072 3.78427247061227 3.64664719955218 3.64152814388082 2.92171635250337 2.30392717579127 2.70418225350178 2.63887330446172 2.27085267258822 2.64342973618561 2.25281672937139 2.25531657868483
-9999 -9999 -9999 -9999 -9999 -9999 -9999 -9999 -9999 -9999 -9999 -9999 -9999 -9999 -9999 2.33543219286143 2.6628864650265 2.40472564768285 2.56715967204843 2.85752408950495 2.4005961620912 2.50909296861906 5.07303115521196 5.07303115521196 2.45571504693854 2.47864718072745 2.47753961855458 2.48931285872457 2.49305888432561 2.59268741747517 2.47759866533854 2.67567643530661 2.98354006381271 2.3120753884539 2.3414599506319 2.71094171616088 3.75933386115669 2.29023762366262 2.45017234056655 2.82059104404622 2.31368169214279 2.46568074244614 2.2844708116712 2.52165381249931 2.2085016857987 2.13898355594996
-9999 -9999 -9999 -9999 -9999 -9999 -9999 -9999 -9999 -9999 -9999 -9999 -9999 -9999 -9999 -9999 2.41998174318128 2.3945832394117 2.57612775343635 2.51309822395007 2.88503281938031 2.15755015280545 5.07303115521196 5.07303115521196 2.66312791483635 2.49289575825877 2.69793052214581 2.51876826299288 2.49245945003566 2.2964025381457 2.32168131554129 2.53593822775218 2.95802769174007 2.65121780800302 2.33422057262864 2.36371202864295 3.7555430655223 2.35443024384082 2.32888071980324 2.77956597162877 2.45301692130828 2.31137130953088 2.29679211705596 2.43598471864224 2.20518870076707 2.55305238439488
-9999 -9999 -9999 -9999 -9999 -9999 -9999 -9999 -9999 -9999 -9999 -9999 -9999 -9999 -9999 -9999 -9999 2.37475611803207 2.63694239174255 2.83131626219578 2.8526775768601 3.10356649757446 5.0688943779682 2.75783284253323 2.65907637062251 2.80145444956518 2.49671045353235 2.74909872981969 2.36400964600001 2.33660601696217 2.35833098107315 2.37291592660503 2.79234522795161 2.5497844143916 2.38261528653213 2.37613991986594 2.77919170394052 3.72595677980368 2.41049642393142 2.38135084457921 3.34724604990624 2.25647052805091 2.49260053948709 2.33100661983843 3.25763108881677 2.54585051061317
-9999 -9999 -9999 -9999 -9999 -9999 -9999 -9999 -9999 -9999 -9999 -9999 -9999 -9999 -9999 -9999 2.45236715843207 2.58407613633675 2.42734782620375 2.63377005009794 2.68743745044147 2.70318957618339 5.06380954311759 2.36441724942319 3.15242163475454 3.1356935182686 2.90688802390758 2.49209808915824 2.29262998576374 2.60431916626894 2.60894430496063 2.33544481268813 2.39405240013902 2.65343889751995 2.48301858382542 2.55669008324382 2.64445308941841 2.62264940777778 3.7031160093628 3.38525594960011 2.58592880754657 3.33880052116196 3.30008045077821 3.28064055997609 2.31241315248986 3.20536584608124
-9999 -9999 -9999 -9999 -9999 -9999 -9999 -9999 -9999 -9999 -9999 -9999 -9999 -9999 -9999 -9999 2.44524505647609 2.87012526869831 3.00236949046508 2.45441895555664 3.2657530883523 3.35968868244099 3.36003045261129 5.0641701135076 2.37224913537734 2.421819857492 2.44310331214057 2.46109858047114 2.89247096046443 2.83200922997938 2.31301015037653 2.33393240733059 2.46944341331942 2.43139448600942 2.58962304170953 2.38630062192356 2.3616054447435 2.31949337626973 2.72447850738733 3.46748974951572 2.35975471527412 2.4249730613294 2.23513495023738 2.21505307666245 2.21321567429896 2.3530754700753
-9999 -9999 -9999 -9999 -9999 -9999 -9999 -9999 -9999 -9999 -9999 -9999 -9999 -9999 -9999 2.41448951880999 2.74997554802212 2.32103006468569 2.9873610557507 3.23441230490733 2.90324997545996 2.26401266532578 2.2778450238327 5.04972591787225 3.17415521544478 3.11545661994438 3.05985717119087 2.9864944923031 2.94331003716936 2.26964277896714 2.50949573041725 2.36700366907195 2.34356139986551 2.83405486264433 2.34701203543503 2.53082253852575 2.33123927920225 2.58465566313793 2.65824187634684 3.45999030362503 3.45420022303958 2.1865818370026 2.2034843472549 2.2254264854154 2.35450940459232 2.18909794044027
-9999 -9999 -9999 -9999 -9999 -9999 -9999 -9999 -9999 -9999 -9999 -9999 -9999 -9999 -9999 2.32351990641683 2.65792193309293 2.3126283303547 2.89450345317552 2.52578690713852 2.87566232279121 2.26138639561032 2.50212430279593 5.04990082930139 2.28103063391153 2.36040475789869 2.39435502532022 2.52367700686208 2.25393975771476 2.26506145303803 2.68932373449027 2.348500741547 2.36729346643615 2.54016334460862 2.9796908241004 2.3451812670719 2.36403058076629 2.31554794128981 2.29947133938706 2.4695748341248 2.74457233837702 3.39383348436352 2.15208476578164 2.59781107873873 2.46389633634914 2.17100167233186
-9999 -9999 -9999 -9999 -9999 -9999 -9999 -9999 -9999 -9999 -9999 -9999 -9999 -9999 -9999 2.28401683577682 2.69427486075071 2.85705868894301 2.30070100674027 2.67217214019335 2.30139568910641 2.20855602503462 2.23660990314015 2.23950175627314 5.04413813371982 2.26701145096152 2.78712439208459 2.3812746130391 2.247016681495 2.96373363671733 2.74935092809787 2.64759715591985 2.44504683240342 2.65784961846124 3.09251399379447 2.55697382996353 2.56494441864061 2.4670515256004 2.29165197281675 2.2816402765979 2.50809326094675 2.36175968269388 3.3788087500682 3.2963871356486 2.42806183709101 2.15207861365377
-9999 -9999 -9999 -9999 -9999 -9999 -9999 -9999 -9999 -9999 -9999 -9999 -9999 -9999 -9999 2.51224188545653 2.27562481269812 2.30498149032985 2.42748038720428 2.38560056414047 2.31670872902794 2.432659371692 2.59384319150252 2.72065569554481 2.8752333212032 2.82052339121659 2.33479977407657 2.48656267758785 5.074899691717 3.00704623294953 2.25922995262516 2.27484319397295 2.43273722685368 2.43598423712748 3.2782502978258 3.2639183668094 2.73296773106658 2.42568716177896 2.26248846021925 2.34393168599226 2.39931022646715 2.41349448373933 2.49201660001063 2.52204141196562 3.27083319981454 2.20180994597812
