Archive - glowpa-model-master/Model input/Uganda/rivergeometry/river_restime_1oct.asc
NCOLS 67 
NROWS 67 
XLLCORNER 29.5 
YLLCORNER -1.5 
CELLSIZE 0.0833333333283582 
NODATA_value -9999 
[rows 19 to 37 of 67, columns 0 to 41 of 67]
-9999 -9999 -9999 -9999 -9999 -9999 -9999 -9999 -9999 -9999 -9999 -9999 -9999 -9999 -9999 0.00153071624273821 0.00129656493534803 0.00172441106682264 0.00215150053977189 0.00185935500549168 0.00153023294299814 0.00222627567052975 0.00154931743469665 0.00151060183638243 0.000981916209038628 0.00210005238258127 0.0017527274543117 0.00145393159455273 0.00218397475489387 0.00117739752309818 0.00127592187038691 0.00132598962677749 0.00143694128861892 0.00132213018912595 0.00160442614600168 0.00136743622295519 0.00193568017429342 0.00201608978670485 0.0015398254269212 0.00153646726381109 0.00139310644838318 0.00148706162725036
-9999 -9999 -9999 -9999 -9999 -9999 -9999 -9999 -9999 -9999 -9999 -9999 -9999 -9999 -9999 0.00195915368665207 0.00216163665194294 0.00150468693018217 0.00203264708586963 0.00147531927906242 0.00154132157623972 0.00145656760366118 0.00134947636039515 0.00178999455219422 0.00118999611342465 0.00122468577101754 0.00207568317819588 0.00196553308749253 0.000983115252940656 0.00116658501742089 0.00154819032598498 0.00217185299190264 0.0014352249012942 0.0020318769358955 0.00106671157456268 0.00107794607870877 0.00128770963890624 0.00144901945819243 0.00154501448606171 0.00149012240248879 0.00145504033284641 0.00205290643358177
-9999 -9999 -9999 -9999 -9999 -9999 -9999 -9999 -9999 -9999 -9999 -9999 -9999 -9999 -9999 0.00155006476974193 0.00216850892198627 0.00218799897462325 0.00159676724055817 0.00153626514659377 0.00202897128135989 0.00157334860439387 0.00184622230871117 0.00150952362662355 0.000982358345288887 0.000696705389612028 0.000696783090108639 0.00069712901335598 0.00143610087198371 0.000983866712885633 0.00069776267657319 0.00150470552363964 0.00135111168557064 0.00205775822483722 0.0014940949635714 0.00153797328757408 0.0014453666741144 0.00165122760270993 0.0012183191084091 0.00125102219685703 0.0013071290724724 0.00153354124858924
-9999 -9999 -9999 -9999 -9999 -9999 -9999 -9999 -9999 -9999 -9999 -9999 -9999 -9999 -9999 -9999 0.00154238217393043 0.00203781143557845 0.00148305917846867 0.00225044591942993 0.000981974171407705 0.000982001685190495 0.000696428062905226 0.000696684213238282 0.00148946431384863 0.00147705907855523 0.00144980556381386 0.00176806606477946 0.00129177198632639 0.00135161681461031 0.00140776321827734 0.000984146972624161 0.000697987537921181 0.000698178432176781 0.00147069180688854 0.00144645883372646 0.00113268863424589 0.00147647930138468 0.00192028054834835 0.0014568253350981 0.00146583443950501 0.00215838941768927
-9999 -9999 -9999 -9999 -9999 -9999 -9999 -9999 -9999 -9999 -9999 -9999 -9999 -9999 -9999 -9999 -9999 0.00213664074607928 0.000692306351503135 0.00069230561780226 0.000696466802311394 0.00069230561780226 0.000696466802311394 0.00134816985242968 0.00139284893959559 0.0017989876158545 0.00136008937019102 0.00179097579738552 0.00143337779099931 0.00144515720973125 0.00148768643546966 0.00149444587490366 0.00182857354381723 0.000695351456421478 0.00148418461757262 0.00193669035200839 0.00156126739303899 0.00136101598899783 0.00146011108507919 0.00147479833203248 0.00152264130248308 0.00217719560389042
-9999 -9999 -9999 -9999 -9999 -9999 -9999 -9999 -9999 -9999 -9999 -9999 -9999 -9999 -9999 0.00157881469510759 0.00161393883671447 0.00069230561780226 0.00098202817179206 0.00098202817179206 0.000696504147685901 0.000692304884101386 0.000696504147685901 0.00069230561780226 0.00151550913137265 0.00111784197906427 0.00113568061225662 0.00135460076446516 0.00195912392563085 0.00156987513222171 0.0021172339204239 0.00211110197586883 0.00148494854921379 0.00126683274072184 0.000986519860162559 0.00110382517472259 0.00146205851523165 0.00212006251063388 0.00212970455766128 0.00181220102236496 0.00137912011253811 0.00154951405861512
-9999 -9999 -9999 -9999 -9999 -9999 -9999 -9999 -9999 -9999 -9999 -9999 -9999 -9999 -9999 0.00150816549201675 0.000982053557842314 0.000696540025658659 0.000696540025658659 0.000696540025658659 0.000982077990081432 0.000692304150400512 0.000696540025658659 0.000982077990081432 0.00135667921114839 0.00145043983399065 0.00203987567554713 0.00175544189243182 0.00206801937449802 0.00139397815924651 0.00149441891247417 0.00149104766672074 0.00149544073742411 0.00098817347865279 0.00115294426548817 0.00118199401547769 0.00119493444507796 0.00122100777925251 0.00125485931359393 0.00142908328561222 0.00142875181068282 0.00153514277258838
-9999 -9999 -9999 -9999 -9999 -9999 -9999 -9999 -9999 -9999 -9999 -9999 -9999 -9999 -9999 0.000982077990081432 0.000696574436229668 0.000696574436229668 0.000696574436229668 0.000982101395139325 0.000692303490069725 0.000696574436229668 0.000982101395139325 0.00142305830847586 0.00171028436523786 0.00143779585382466 0.00143944962529299 0.0012736356303185 0.00151409464411621 0.00180769382118925 0.00140977382242614 0.00197683407508847 0.00211239332468143 0.000701547697830252 0.000989077003351533 0.00194178931747124 0.00147194758217497 0.00149437745914938 0.00149046699258948 0.00132288996189049 0.00136238241636952 0.00157057515953355
-9999 -9999 -9999 -9999 -9999 -9999 -9999 -9999 -9999 -9999 -9999 -9999 -9999 -9999 -9999 0.000696607379398928 0.000696607379398928 0.000696607379398928 0.000982123846386081 0.000692302829738938 0.000696607379398928 0.000982123846386081 0.000696607379398928 0.00154460153646728 0.00128212454699609 0.00206577512671727 0.00210888216197979 0.00149153727791175 0.00211417447290281 0.00212580667683622 0.00172237842079902 0.000701622305130468 0.000701622305130468 0.000697286766713409 0.00151348797959359 0.00212478777209978 0.00147431640929913 0.00132585059907384 0.00124088365486163 0.00146705999582785 0.001056900421938 0.00118951808403412
-9999 -9999 -9999 -9999 -9999 -9999 -9999 -9999 -9999 -9999 -9999 -9999 -9999 -9999 0.00069663885516644 0.000982123846386081 0.00069663885516644 0.000982145197081526 0.00069663885516644 0.000982145197081526 0.000982145197081526 0.000692302242778238 0.00181461246116002 0.00135202853246471 0.001308095219972 0.00135354633796054 0.0021183219674867 0.0012944067148514 0.0015086789243468 0.0021597434902289 0.00141992846492206 0.000989215729732505 0.000989194225331895 0.000701654007494254 0.00140282097028043 0.00138911017231026 0.001501715415439 0.00140722790871202 0.00143388903778789 0.0014698328368685 0.00148012302077111 0.00122409884281953
-9999 -9999 -9999 -9999 -9999 -9999 -9999 -9999 -9999 -9999 -9999 0.000692302242778238 0.000982145197081526 0.000982165520595747 0.000982145197081526 0.000696668863532203 0.000982165520595747 0.000692301655817538 0.000982165520595747 0.000692301655817538 0.000982165520595747 0.00209184652156872 0.00147593078424816 0.00152822863290351 0.00216058365246258 0.00140262426642531 0.00151258500467733 0.001270236860645 0.00151119986799566 0.00158234053174661 0.00196957408942999 0.000697285584340867 0.000701684231892361 0.00098923619955714 0.000712368784418281 0.00141353321020593 0.00100686008379831 0.00100996669405584 0.000707903758806621 0.00100427852713254 0.00100427852713254 0.000707903758806621
-9999 -9999 -9999 -9999 -9999 -9999 -9999 -9999 -9999 -9999 0.00143707290827676 0.000696697477866304 0.000692301655817538 0.000696697477866304 0.000696697477866304 0.000982184890298831 0.000692301068856839 0.000696697477866304 0.000982184890298831 0.000982184890298831 0.00202442063037607 0.00154114446546105 0.00156222925577666 0.00204606780475315 0.00152812742560932 0.0015479551636094 0.00141330645573317 0.00121421714746399 0.00140493705045117 0.00163145783392196 0.00126455889094172 0.00133805540472601 0.00149806067631025 0.00130739910741482 0.00070790255843008 0.0010043191148643 0.000712398043596447 0.000712398043596447 0.000707903158618351 0.00100429930865139 0.000712398043596447 0.00100429930865139
-9999 -9999 -9999 -9999 -9999 -9999 -9999 -9999 -9999 -9999 0.000696724551428569 0.000982203232820691 0.000696724551428569 0.000696724551428569 0.000982203232820691 0.000692300555266227 0.000692300555266227 0.000982203232820691 0.00153779166263765 0.00122794521673186 0.00214380235580007 0.00214134594551886 0.00214537487676593 0.00153532672868139 0.0012958920371458 0.00141025428752072 0.00118528597676819 0.00120656109365311 0.000920202699654174 0.00126503692578431 0.00105174187201633 0.00147177894725474 0.00206957891434365 0.00147900447072159 0.00188814743210195 0.00199721136018633 0.000707902033265344 0.00100433787074774 0.000712425727280404 0.000712425727280404 0.000712425727280404 0.000712425727280404
-9999 -9999 -9999 -9999 -9999 -9999 -9999 -9999 -9999 0.00146003786584308 0.000696750157589086 0.000696750157589086 0.000696750157589086 0.000982220548161327 0.000692300041675615 0.000696750157589086 0.000982220548161327 0.00132818265408014 0.00213501441552044 0.00124472064835809 0.00131881709815006 0.00141180976381686 0.00148784662318405 0.00208391409110534 0.00101323485234324 0.00141889166209465 0.00117215007068738 0.00129972489561159 0.002167772253347 0.00152861368465144 0.00149722402136187 0.00149616277784827 0.00144353782302063 0.00143988333226469 0.00145858323975423 0.00147451863202647 0.000712451910493686 0.000707901508100608 0.00100435557630171 0.00150589065557791 0.00100435557630171 0.000712451910493686
-9999 -9999 -9999 -9999 -9999 -9999 -9999 -9999 -9999 0.0014779138016812 0.000696774296347853 0.000696774296347853 0.000982236836320738 0.00069229960145509 0.000696774296347853 0.000982236836320738 0.00148815208039711 0.00140376498611174 0.00221543029807599 0.00156519411150282 0.00216883266351337 0.00152503549402227 0.00103972549193777 0.00144421828975238 0.00132725254091552 0.0015245167056703 0.00138493531070733 0.00153389965099699 0.0014085252885018 0.00119274572529844 0.0014551655473991 0.00151149236579921 0.0014994853802405 0.00135598403031527 0.00204657470440411 0.00210532853566723 0.0016938303933098 0.00149231860053569 0.00155178332725306 0.00147046324696279 0.000707901057959405 0.000712476593236292
-9999 -9999 -9999 -9999 -9999 -9999 0.00142726779210412 0.00135063082434895 0.00146296776110986 0.00226507764681164 0.000975960312841798 0.000982252097298926 0.000692299161234566 0.000982252097298926 0.000982252097298926 0.00147043456821946 0.00208523901530667 0.00216796338667412 0.00154198941075669 0.00162641295153381 0.00121388372281896 0.00148755286133189 0.00147673911826625 0.00152812626363965 0.00216957780439123 0.00196382328906394 0.00136659195973609 0.00209092849215398 0.0010189807722847 0.00207285614274267 0.00172174560801652 0.00147656001919096 0.00131824063488534 0.00155710595376487 0.00149235310894383 0.00147306224846327 0.00137859319372476 0.00181017537902125 0.00209341243353868 0.001036410400074 0.00149013771211102 0.00102816857377665
-9999 -9999 -9999 -9999 -9999 -9999 0.00190085862731094 0.00184573793130268 0.00158978838397564 0.00137519598186633 0.00162169412622961 0.000982266331095889 0.000982266331095889 0.000692298721014041 0.00069681824503023 0.00106329350517144 0.00107645181125076 0.00108499186662386 0.00110306833197361 0.00111007689899932 0.00123629791758254 0.00221837350587309 0.00153631553910855 0.00110959371207331 0.00155949050438712 0.0015197005372694 0.00147173596415989 0.00183912426671152 0.00103270637059948 0.00221099965354633 0.00124835492789858 0.00148422406465672 0.0013829707260415 0.00149320637097936 0.00158741004387608 0.00147978076630132 0.00148323017958624 0.00130942559530839 0.00144971548399105 0.00104590863107826 0.00146315388724683 0.000725581312085005
-9999 -9999 -9999 -9999 -9999 0.00156286445655095 0.00211139769091607 0.00132517564796428 0.00137486753431431 0.00243628991960382 0.00250691921469774 0.000696838054953838 0.000692298354163604 0.000692298354163604 0.00144626676759539 0.00172832346419056 0.00150766053785736 0.00139960271357743 0.00203750156366948 0.00110617923961732 0.00161212683681482 0.00178000292317718 0.00133792472721175 0.0011120520767798 0.00149880109544265 0.00215629637563372 0.00217026902812696 0.00138512958167669 0.00132735727012585 0.00147994009517099 0.00144880720160787 0.00189830046268796 0.00149365850499679 0.00149492237181323 0.0011853776821777 0.00178020916379881 0.00149110121128858 0.00145470066763218 0.0013599415343316 0.00105279946546417 0.00146275134851111 0.000725687853844845
-9999 -9999 0.00171332364986897 0.00211362762096368 0.00160060696496961 0.00166112749292129 0.00168523135216259 0.00142868960975504 0.000979397594852489 0.0017638623160053 0.00131242299816748 0.00129827403555248 0.000977472439565818 0.00204590204014445 0.00195492448706482 0.00129041770046599 0.00139681602116081 0.00145703059999651 0.00151213478146118 0.00110799084899949 0.00153981416859569 0.00127221967420998 0.00140380449051284 0.00123518350438652 0.00159658695342732 0.00144690200019495 0.00153919457957946 0.00152739037454272 0.00135046790495442 0.00104504353276838 0.00106513851497735 0.00153330244768781 0.00209206334880539 0.00209466135145192 0.00120975839798212 0.00156630679359089 0.00191761374194177 0.00147685671337512 0.00201011547147839 0.00107777979900885 0.00205998434524242 0.000725895122860295
