Archive - glowpa-model-master/Model input/Uganda/rivergeometry/river_restime_1oct.asc
NCOLS 67 
NROWS 67 
XLLCORNER 29.5 
YLLCORNER -1.5 
CELLSIZE 0.0833333333283582 
NODATA_value -9999 
[rows 0 to 18 of 67, columns 0 to 41 of 67]
-9999.000000000000000 -9999 -9999 -9999 -9999 -9999 -9999 -9999 -9999 -9999 -9999 -9999 -9999 -9999 -9999 -9999 -9999 -9999 -9999 -9999 -9999 -9999 -9999 -9999 -9999 -9999 -9999 -9999 -9999 -9999 -9999 0.00223012694724697 0.00157499404378117 -9999 -9999 -9999 -9999 -9999 -9999 -9999 -9999 -9999
-9999 -9999 -9999 -9999 -9999 -9999 -9999 -9999 -9999 -9999 -9999 -9999 -9999 -9999 -9999 -9999 -9999 -9999 -9999 -9999 -9999 -9999 -9999 -9999 -9999 -9999 -9999 -9999 -9999 0.00156181277818047 0.0020916978295394 0.00159618739630974 0.00200564624386599 0.00224924261091043 0.00224226672458431 0.00158581250406066 0.00150269414190734 0.00215726916463077 0.00162754877330423 0.00160270401733996 -9999 -9999
-9999 -9999 -9999 -9999 -9999 -9999 -9999 -9999 -9999 -9999 -9999 -9999 -9999 -9999 -9999 -9999 -9999 -9999 -9999 -9999 -9999 -9999 -9999 -9999 -9999 -9999 -9999 -9999 -9999 0.00134790795998465 0.00162593280624351 0.00138035713856313 0.00159587118360881 0.00114296460314908 0.00160193100346764 0.00165684496940509 0.00119379889327857 0.00123069411980478 0.0013268406933131 0.00140847845153247 0.00160165704435469 0.00218563935474647
-9999 -9999 -9999 -9999 -9999 -9999 -9999 -9999 -9999 -9999 -9999 -9999 -9999 -9999 -9999 -9999 -9999 -9999 -9999 -9999 -9999 -9999 -9999 -9999 -9999 0.00152006035422996 -9999 -9999 -9999 0.00187615422066947 0.0016303652313418 0.00156708445478014 0.00160251188490534 0.00226385409316757 0.00162488830616115 0.00146784412920811 0.00155699182361906 0.00154500574128981 0.00197951392065509 0.00150531466634352 0.00154047512191852 0.00214666799169931
-9999 -9999 -9999 -9999 -9999 -9999 -9999 -9999 -9999 -9999 -9999 -9999 -9999 -9999 -9999 -9999 -9999 -9999 -9999 -9999 -9999 -9999 0.00151801052741702 -9999 -9999 0.00201801173597952 -9999 -9999 -9999 0.000771054035289069 0.000858137783266269 0.000867139662655382 0.00136207447796744 0.00141314710399005 0.00151607899384108 0.00224613008087327 0.00153901253751246 0.00196694175357808 0.00145788310143146 0.00155913184230424 0.00194909132026123 0.0015775242788698
-9999 -9999 -9999 -9999 -9999 -9999 -9999 -9999 -9999 -9999 -9999 -9999 -9999 -9999 -9999 -9999 -9999 -9999 -9999 -9999 -9999 0.00199900380171036 0.0013527146286718 0.00141701975662954 0.00137088789128458 0.00219776688264732 0.000688542804785637 0.00068535573474327 0.000968535368104008 0.000683282099360707 0.00159294755438883 0.000864504663479497 0.00109144011166779 0.00110511829495944 0.00150850141044614 0.00179699121456809 0.00130044907498835 0.00146330332025439 0.00217949489709409 0.00154705776117888 0.00221652306463202 0.00131887532464035
-9999 -9999 -9999 -9999 -9999 -9999 -9999 -9999 -9999 -9999 -9999 -9999 -9999 -9999 -9999 -9999 -9999 -9999 -9999 0.00146852481465975 0.00120541521268075 0.00118181927255163 0.0011265300518411 0.00110059229456287 0.00181159247636556 0.00164203346896071 0.000685354427376343 0.000688605848924123 0.000686523689481572 0.000683280868358785 0.00140549226086161 0.00157595722654667 0.0012400761333525 0.00196877436698042 0.00156673787281356 0.00119534661969865 0.00121218249624708 0.00129831679815348 0.00153834977329791 0.00144611426467873 0.00138767358908058 0.00127842468245113
-9999 -9999 -9999 -9999 -9999 -9999 -9999 -9999 -9999 -9999 -9999 -9999 -9999 -9999 -9999 -9999 -9999 0.00138516766249155 0.00132256396255289 0.00177302207900589 0.00150232321679062 0.00200211630609601 0.00199044920700208 0.00109806343622653 0.00232703575153903 0.00126106673265132 0.000971652578663784 0.00215913201523358 0.00133497463994796 0.00129402355017619 0.00105912451563231 0.0015252961929875 0.000875165931991486 0.00154280402601671 0.00205481042523684 0.00190781225995815 0.00135498696831569 0.00146148565016493 0.00154208707004602 0.00156610958936251 0.00187529812310311 0.00159412520301366
-9999 -9999 -9999 -9999 -9999 -9999 -9999 -9999 -9999 -9999 -9999 -9999 -9999 -9999 -9999 -9999 -9999 0.00137709214768678 0.00208022310518593 0.00148739419881698 0.0015028586448514 0.00192277493759271 0.00132179785703463 0.00107125872317815 0.00106634015898177 0.000971880311833834 0.00147105158430554 0.00147405750179958 0.00137009367007255 0.00131940718024925 0.00106302027339123 0.00108101290944588 0.00145340548259888 0.00124176455750055 0.00194497696850592 0.00144339249325034 0.00203905135949668 0.00144388317676638 0.00203771776419547 0.0015575161445299 0.00157387155419793 0.00101778431633003
-9999 -9999 -9999 -9999 -9999 -9999 -9999 -9999 -9999 -9999 -9999 -9999 -9999 -9999 -9999 -9999 -9999 0.00131321634184019 0.00127717652822461 0.00120581846059359 0.00141572613679899 0.00185814940129432 0.00188078431386649 0.00158993516017502 0.00097344586256716 0.00144922819500504 0.00181967712261373 0.0015162741487787 0.00193630608228615 0.00118868788557738 0.00108331714143598 0.00145087568443661 0.00155117254040171 0.000876265938286287 0.000882225229697497 0.00151443167721039 0.00203184894988937 0.0017782211561772 0.00147025011843018 0.0014332593144964 0.00143164959884204 0.00102136335059325
-9999 -9999 -9999 -9999 -9999 -9999 -9999 -9999 -9999 -9999 -9999 -9999 -9999 -9999 -9999 -9999 0.00144387910138774 0.00135035287241116 0.00117191693888485 0.00110178400536875 0.00107128205952154 0.0010685887155652 0.00147809273660159 0.00129495747408048 0.000686534136078931 0.00118283982412763 0.00143244698291126 0.0020329069981239 0.00187367959255417 0.00126217540831307 0.00117379201266056 0.00202951177523103 0.0011100394204414 0.00144240120083658 0.0015038091715898 0.00124585456005253 0.0012428486848918 0.00144105618972349 0.00140975023815953 0.00100119639930099 0.00144636130633444 0.00156152133848369
-9999 -9999 -9999 -9999 -9999 -9999 -9999 -9999 -9999 -9999 -9999 -9999 -9999 -9999 -9999 -9999 0.00145826081323159 0.00172969983739823 0.00146552181820495 0.00192510544658967 0.00138794137620057 0.00217495404836356 0.00158138479174462 0.000974158676950003 0.00139987177707879 0.00119636754118152 0.00123029758110302 0.00142522542239452 0.00141018130991651 0.00130625761778308 0.00122366644993389 0.00168994607821113 0.00113075092299032 0.00143401175601668 0.00141927796158177 0.000927444771877028 0.00138397851502345 0.000982508934348063 0.0012182223248149 0.00153424149481255 0.00186574725231611 0.00135701042084132
-9999 -9999 -9999 -9999 -9999 -9999 -9999 -9999 -9999 -9999 -9999 -9999 -9999 -9999 -9999 0.00148983884847788 0.00182402256090672 0.00144021799297419 0.00135328972801762 0.0017201240126792 0.00148911403419073 0.00198385178654818 0.000688168307072226 0.000688167213115462 0.00142039985636179 0.00198798829692788 0.00140531382854476 0.00199012524132461 0.0014140169713438 0.00134747643966472 0.0014055488410332 0.00184169874434806 0.0011681600975718 0.00214297070922103 0.001500226672671 0.00129393624699201 0.00132395649210983 0.00155074773617834 0.00144157081537461 0.00178396226709535 0.0021738380036785 0.00144482232702631
-9999 -9999 -9999 -9999 -9999 -9999 -9999 -9999 -9999 -9999 -9999 -9999 -9999 -9999 -9999 -9999 0.00141776123113818 0.00145258328316539 0.00190810117426979 0.00138522352358092 0.00170639068703125 0.00222262890998566 0.000975835323509495 0.000688166192089149 0.00184783717228786 0.00197728849187181 0.00183664960668232 0.0013969192294429 0.00198541717245678 0.0015214690845902 0.00149998037616588 0.00137118922751991 0.00117793566195367 0.00131770077125384 0.002122261259022 0.00148213653967027 0.00093464549454589 0.00152035974032357 0.00152629440132047 0.00127798519798516 0.00145511688401841 0.00154662337877385
-9999 -9999 -9999 -9999 -9999 -9999 -9999 -9999 -9999 -9999 -9999 -9999 -9999 -9999 -9999 -9999 -9999 0.00146630875265997 0.00132308629220682 0.00123744859239469 0.00122745489274357 0.00112412171454947 0.000688771363608737 0.0017822168228037 0.00131095297217143 0.00124509897911645 0.00197914700395145 0.00179908652563334 0.00148337387147911 0.00148932805374172 0.00209861670363313 0.00146688056862724 0.00125084349017671 0.00136310424798098 0.00146859304537485 0.00148091784329568 0.00125984564868614 0.00133602278847669 0.00148829160003505 0.00150329293652344 0.00149061577041606 0.00154980295167936
-9999 -9999 -9999 -9999 -9999 -9999 -9999 -9999 -9999 -9999 -9999 -9999 -9999 -9999 -9999 -9999 0.00141851902922411 0.00190191711657433 0.00144536423139036 0.00133166945690017 0.0013049548380854 0.00182035153599884 0.000689514763580769 0.00147204716423517 0.00156372414523263 0.00111673820277556 0.00120503273914645 0.00140703706051327 0.00151725734667742 0.00133752942537501 0.00189611801224933 0.00150227100145169 0.00146227697512435 0.00186885869772616 0.00141677865989537 0.00137588466916535 0.00132368825212147 0.00133708934482282 0.00134423763794168 0.0010462034570379 0.0013783600008448 0.00149431468997744
-9999 -9999 -9999 -9999 -9999 -9999 -9999 -9999 -9999 -9999 -9999 -9999 -9999 -9999 -9999 -9999 0.00143016675844352 0.00121811076938506 0.00164251785109793 0.00143477609977989 0.00107224383580596 0.00104345115178464 0.00104310771620774 0.000977764110579629 0.00146335337985042 0.00201805098174523 0.00200692427783525 0.00199949687265697 0.00120373883757912 0.00123716487002393 0.00151018958165896 0.00212910334070583 0.00201145076207826 0.0014492876275341 0.00191933719908191 0.0014663607044257 0.00210290340232628 0.0015149502013842 0.00128882737879525 0.0014319266972897 0.00152875911546498 0.00207256971336839
-9999 -9999 -9999 -9999 -9999 -9999 -9999 -9999 -9999 -9999 -9999 -9999 -9999 -9999 -9999 0.00204311661793119 0.00179312498955344 0.00150527832763479 0.00117125360366597 0.00152600322148197 0.00171291669896067 0.00154774890162238 0.00215144972822386 0.00069147591663143 0.00154607188091686 0.00111938354862085 0.00114113134356295 0.00117060215219977 0.00118896969887947 0.00154341837376404 0.00139411301484712 0.00209643708094756 0.0015027879886013 0.00175235602222249 0.00149391445696656 0.0019624146161571 0.00151315730520529 0.00136594954434155 0.00132080376039689 0.0010117827090353 0.00101924386162875 0.00160317150601534
-9999 -9999 -9999 -9999 -9999 -9999 -9999 -9999 -9999 -9999 -9999 -9999 -9999 -9999 -9999 0.00150420262695159 0.00130813138756054 0.00213218434854753 0.00120163190635517 0.00139710094268637 0.00121958198810299 0.00154284247993121 0.00138280786451237 0.000691445150330584 0.00147656871540791 0.00206283981589091 0.00143710077914618 0.00194340116905173 0.00154927501806984 0.00153825927565117 0.0018437718080023 0.00148765450155387 0.00148582348379486 0.00137663757266271 0.00117522136255072 0.00149550437864312 0.00148411671079156 0.00151634421742104 0.00216624697268899 0.00142870370033853 0.00127530029857964 0.00146199856921347
