Archive - glowpa-model-master/Model input/Uganda/rivergeometry/river_width_1jan.asc
NCOLS 67 
NROWS 67 
XLLCORNER 29.500000001 
YLLCORNER -1.499999999 
CELLSIZE 0.0833333332985075 
NODATA_value -9999 
[rows 20 to 39 of 67, columns 0 to 44 of 67]
-9999 -9999 -9999 -9999 -9999 -9999 -9999 -9999 -9999 -9999 -9999 -9999 -9999 -9999 -9999 1.63559685927911 0.961354492093379 1.03274930353848 1.29533633196178 0.700172760824081 0.526383322742257 0.810412576531608 1.45424935462123 1.65369555455225 2.29262247288087 1.99371667519219 0.673881160947742 1.01464815180396 65.3211638869058 3.56815254843506 0.761069997510432 0.785088172019912 1.08148576040996 1.07964370246703 5.51104700728659 5.37546992669717 2.06493309912342 1.12430182767287 0.800583416008984 1.00455848594673 1.08400236493199 1.06373315934818 1.31807501102228 1.45872461352839 5.86121193882104
-9999 -9999 -9999 -9999 -9999 -9999 -9999 -9999 -9999 -9999 -9999 -9999 -9999 -9999 -9999 0.873677051466741 0.930311987402866 0.899441839834221 0.72332355386895 0.839137566535184 1.11225457980439 0.657237728348702 1.47407404788179 0.671869655387331 65.5250856640517 65.4940650367479 65.4595676610377 65.3521903133357 0.797259992242742 65.1047689095691 65.0872224827228 0.880886289004847 1.50153114244429 1.0093876486681 5.89558019470086 0.750493206748556 1.11839100481843 3.79083472143761 3.04014475728612 2.58745356049054 1.94828872064478 0.814578446247455 0.767718858998455 0.964138709727286 0.940926328188687
-9999 -9999 -9999 -9999 -9999 -9999 -9999 -9999 -9999 -9999 -9999 -9999 -9999 -9999 -9999 -9999 0.883007721982103 1.26703476391279 1.04120788600001 0.66309286845715 67.7565269177846 67.7565269177846 67.7565269177846 65.5643875154059 0.857138293667238 0.853026393800163 0.75799373597387 1.94324933875978 1.72211650662144 1.45959840706803 1.18790451459677 65.015878792677 64.9867484050717 64.8940929943671 0.97555903989814 1.10297427103803 4.43642390954785 1.15134361279121 1.62199575124727 1.08904478425815 0.943047614430698 0.788526118797123 0.726504022698524 0.703530946617318 0.892180001854349
-9999 -9999 -9999 -9999 -9999 -9999 -9999 -9999 -9999 -9999 -9999 -9999 -9999 -9999 -9999 -9999 -9999 0.925773198708779 67.7565269177846 67.7565269177846 67.7565269177846 67.7565269177846 67.7565269177846 1.37216887627114 1.1853551636816 1.71816369508247 1.11326260205398 1.67403471526234 0.815911846256131 1.01770554020426 0.884028378754632 0.888213817112665 1.92754124767138 64.341607990893 0.957242754918235 1.59600921834198 5.10042044965157 1.52498340268509 1.04913369710576 1.05087870649862 0.769798939818576 0.752278869804721 1.30367410905563 1.90243634000587 0.938562894230508
-9999 -9999 -9999 -9999 -9999 -9999 -9999 -9999 -9999 -9999 -9999 -9999 -9999 -9999 -9999 0.763519112018669 0.661796111450708 67.7565269177846 67.7565269177846 67.7565269177846 67.7565269177846 67.7565269177846 67.7565269177846 67.7565269177846 4.41379392652352 3.56780103670316 3.29587001415839 1.2544502638768 1.13264400032355 0.673539507039872 0.864560830374763 0.879710709106635 0.889939753056294 2.19998043418964 64.2817916616054 5.18147479925491 0.979126492527337 0.924482902418705 1.0045181145543 2.16558919793949 1.39087461209269 0.742862117421234 3.11858460703925 2.11679628393421 0.778697095802518
-9999 -9999 -9999 -9999 -9999 -9999 -9999 -9999 -9999 -9999 -9999 -9999 -9999 -9999 -9999 0.998500631565561 67.7565269177846 67.7565269177846 67.7565269177846 67.7565269177846 67.7565269177846 67.7565269177846 67.7565269177846 67.7565269177846 1.16504220762475 0.814856286793029 0.818955473518639 2.1200260036827 0.897912758121699 1.25741610269489 0.858284129238503 0.870475890860729 0.885447102238844 63.7318439056134 3.98170934760903 3.55160312869537 3.34776458146622 2.96510668617677 2.49556300183388 1.11876345035701 1.12652267681403 0.756324864689863 3.70038231975537 1.34364549379095 0.763139983264972
-9999 -9999 -9999 -9999 -9999 -9999 -9999 -9999 -9999 -9999 -9999 -9999 -9999 -9999 -9999 67.7565269177846 67.7565269177846 67.7565269177846 67.7565269177846 67.7565269177846 67.7565269177846 67.7565269177846 67.7565269177846 1.01672026461741 2.63524321141924 0.819742552044203 0.880534517797061 1.89823456345513 0.817686186538353 2.05525830122168 1.2218047571787 1.26223906727997 0.875276749176331 63.385452184187 63.4390245764923 1.40445452173706 0.973502182705059 0.860892829865609 0.870668606844029 1.53831130402835 1.37481082581072 4.39018593708693 0.744994649258554 1.77907308210204 1.30697041700242
-9999 -9999 -9999 -9999 -9999 -9999 -9999 -9999 -9999 -9999 -9999 -9999 -9999 -9999 -9999 67.7565269177846 67.7565269177846 67.7565269177846 67.7565269177846 67.7565269177846 67.7565269177846 67.7565269177846 67.7565269177846 0.627072963725804 2.01891136536232 0.982414109169862 0.894731229281476 0.85535794585328 0.855214124871176 0.823900199977745 2.67325884094726 63.3634130694466 63.3634130694466 63.3634130694466 0.828755800276379 0.85163760882767 0.962932540339226 1.71944751139267 2.19350554181429 6.16726565433043 5.77449833175838 3.03199256806806 0.770864600945891 2.02129985961571 59.3268009154089
-9999 -9999 -9999 -9999 -9999 -9999 -9999 -9999 -9999 -9999 -9999 -9999 -9999 -9999 67.7565269177846 67.7565269177846 67.7565269177846 67.7565269177846 67.7565269177846 67.7565269177846 67.7565269177846 67.7565269177846 2.16599636736821 1.69464395625859 1.88286620470501 1.63189680716199 0.862353705046266 1.887262607006 0.8489576314346 0.760900559080336 1.14360523464224 63.3634130694466 63.3634130694466 63.3634130694466 7.50355841959697 1.05557384624754 0.766645004090101 0.745495210299966 6.84714274420832 0.830326088102952 0.958875632501191 2.69268047753384 2.41621193786462 0.778153476638875 59.3268009154089
-9999 -9999 -9999 -9999 -9999 -9999 -9999 -9999 -9999 -9999 -9999 67.7565269177846 67.7565269177846 67.7565269177846 67.7565269177846 67.7565269177846 67.7565269177846 67.7565269177846 67.7565269177846 67.7565269177846 67.7565269177846 0.93466343021108 0.956037834366963 0.880945064106824 0.966983403711354 1.32441496846466 0.914923690256197 2.12920959470259 0.795486397834925 0.608555374522478 1.24593514297133 63.3634130694466 63.3634130694466 63.3634130694466 59.3268009154089 7.22905442995769 7.06193606419923 6.99751600772453 59.3268009154089 59.3268009154089 59.3268009154089 59.3268009154089 59.3268009154089 59.3268009154089 59.3268009154089
-9999 -9999 -9999 -9999 -9999 -9999 -9999 -9999 -9999 -9999 1.2460043690077 67.7565269177846 67.7565269177846 67.7565269177846 67.7565269177846 67.7565269177846 67.7565269177846 67.7565269177846 67.7565269177846 67.7565269177846 1.13631545879438 0.774368867387655 0.856736083413528 1.2985060116989 0.949756741641987 0.879782994808922 1.44570198997656 2.869688881215 1.17452766678974 0.425998809429857 15.4026760303122 1.55872929552808 0.883388974628648 1.7694165656861 59.3268009154089 59.3268009154089 59.3268009154089 59.3268009154089 59.3268009154089 59.3268009154089 59.3268009154089 59.3268009154089 59.3268009154089 59.3268009154089 59.3268009154089
-9999 -9999 -9999 -9999 -9999 -9999 -9999 -9999 -9999 -9999 67.7565269177846 67.7565269177846 67.7565269177846 67.7565269177846 67.7565269177846 67.7565269177846 67.7565269177846 67.7565269177846 0.756641384246539 2.60018378570358 0.816503076293384 0.815159616809808 0.995560850682427 0.962561696166783 2.33525555756212 1.44019907374446 3.26634176193396 3.04908975470472 13.379765249018 15.3341739946388 6.30279858849197 0.956465742230224 0.955725410665371 0.928244307880446 1.60150199595662 1.20373642986731 59.3268009154089 59.3268009154089 59.3268009154089 59.3268009154089 59.3268009154089 59.3268009154089 59.3268009154089 59.3268009154089 59.3268009154089
-9999 -9999 -9999 -9999 -9999 -9999 -9999 -9999 -9999 1.13230605014877 67.7565269177846 67.7565269177846 67.7565269177846 67.7565269177846 67.7565269177846 67.7565269177846 67.7565269177846 1.68755912815168 0.840984383589396 2.41217922519737 1.85866547982733 1.33146297268612 0.822702536143109 0.872206629204593 7.60875880108516 7.97095418264777 3.45513263248038 13.2214570740222 0.756980828980169 0.716775152503431 0.82482359891394 6.01413300145093 1.00536616266652 1.03226402764276 0.979867577399564 0.94290166013221 59.3268009154089 59.3268009154089 59.3268009154089 0.71366394163716 59.3268009154089 59.3268009154089 59.3268009154089 59.3268009154089 59.3268009154089
-9999 -9999 -9999 -9999 -9999 -9999 -9999 -9999 -9999 1.08534774401343 67.7565269177846 67.7565269177846 67.7565269177846 67.7565269177846 67.7565269177846 67.7565269177846 0.939684710312456 1.25686154446048 0.674192102122136 0.686686882787983 0.703941355797006 0.587643958597879 6.44240746507533 7.00177132033972 1.72311761689403 0.760888648917929 9.17464104756787 0.72350903825305 8.63110840250289 3.03164492208353 0.993464117869043 0.797006237436875 5.93093965424822 1.48322775915898 1.02957720390258 0.921208134421942 3.02266315447242 0.931128154305719 0.752238886545412 7.55252964855563 59.3268009154089 59.3268009154089 0.0254000193680276 59.3268009154089 59.3268009154089
-9999 -9999 -9999 -9999 -9999 -9999 1.37631529314385 1.81876267298823 1.18150943567124 0.742570121941534 14.4647725326018 67.7565269177846 67.7565269177846 67.7565269177846 67.7565269177846 0.968818520156568 0.963060871732057 0.804155685585901 0.827070090197182 0.72423253847536 2.6469454621289 5.97509116952435 1.08524043279524 0.833119642476168 0.789654236361183 1.32904046002161 1.44691513300367 0.951528065761914 7.62683309463227 0.953337872837909 2.66408165147259 0.927480576019538 1.70418053526784 4.9257405974758 0.900363021451303 0.961458075499758 1.35580432858431 2.10459111420448 0.953417213721311 7.55252964855563 1.10701909800213 58.1816613796397 3.30750636436182 1.0420533559585 59.3268009154089
-9999 -9999 -9999 -9999 -9999 -9999 1.94429745708138 2.23214718203739 0.781657456790388 14.3905554550505 0.688745610181975 67.7565269177846 67.7565269177846 67.7565269177846 67.7565269177846 4.85958183530221 4.44843450718163 4.16366926616004 3.59740627074742 3.29060369577673 2.05532860305019 0.839245833519537 5.04784289743472 4.54799108922108 0.75163229618567 0.777197205115198 0.975389190482904 1.88890635546933 7.15890251281803 0.631103340092967 2.28765752824275 0.926371073010909 1.32333347304605 0.891573943803253 4.46721607788976 0.940387590299169 0.941677193229352 1.81831967750845 1.05296775899711 7.26768092638413 1.1705662043145 57.9215254792175 1.57164443293368 2.88325886409433 0.969235903012992
-9999 -9999 -9999 -9999 -9999 0.883544004377621 1.10924375019731 2.1380321552985 14.2627486257081 0.465318526082438 0.39149941374223 67.7565269177846 67.7565269177846 67.7565269177846 0.847071216117293 1.70410781719823 0.671390845791663 1.18701570940114 1.06538685253163 3.10971008541071 0.704006273543964 1.7099950867547 1.44998548297504 4.24098463832323 1.00599499065813 0.779970611958975 0.74477756942404 1.32629041516943 1.74497417290687 6.79654047173562 0.999900830506438 1.58583588130193 0.91022830824593 0.915524241356742 3.18645316151701 2.49408604436644 0.930463981846283 1.02795904148417 1.54752136666886 7.02847366439866 1.15967329001161 57.9142947236133 1.07525093686331 2.35751044990074 0.953472305730034
-9999 -9999 0.524729138531086 1.12096633567421 0.786479142724949 0.604655027365176 0.575081448452791 1.4277537820589 13.6038968777465 0.34834318759063 1.76241438085755 1.80915520238851 7.33045865390802 0.785010729759897 0.820978811187624 1.24031107921384 0.827344782124603 0.772259189441007 0.632897234568902 2.99443583908474 0.55367058348123 1.37524200657338 0.821596760260083 1.91576767666164 3.83347672893701 1.22881277524027 0.854762820082232 0.794114285283443 1.60977774240763 6.72584723202836 6.27267914395167 0.726691613233967 0.927919378848981 0.959714919886052 2.85836678137492 0.756354575271656 1.74372563059103 1.00496595677058 1.1941376107377 6.32956751983954 1.16119444017822 57.8646726768575 1.04124891363053 1.02048391707172 1.32487780718896
-9999 0.92346349291063 1.86713572673459 0.853301846668419 0.406208993730658 0.770742954624666 13.3366450825438 13.4180925701342 0.422056256894494 0.332045456688536 1.71004754088432 0.866121516504607 2.50149098499732 6.54193688142893 5.87815235874486 0.906959346369103 1.15265087773116 0.724867102405682 1.47740287974834 2.29416296926794 1.12357774983211 0.78982484592284 0.816934838767039 1.60680303529879 0.685211924621022 2.42588522417931 0.660505017565647 0.580007387691873 1.02183748425844 0.948785256167321 1.83058582116515 6.20023014085677 1.76443580460989 0.776709104092701 2.7136671540972 0.839535781606361 1.4822029787448 0.95467138342509 1.15205415734342 5.94465043610982 0.873249205218554 57.7993918217816 0.991544282404538 0.956587636638132 0.654099520125212
-9999 0.850654366883224 1.14935527091768 12.9120664730537 12.9682513844731 13.2220935970409 0.730082918125152 0.926043755315889 0.993793911675189 1.60648363151891 0.890961317139013 1.92066920189833 1.1301849820153 2.2354774235362 1.01611119611306 5.48484665598814 3.83265113514864 0.727154002855024 0.851273131037569 0.808007292043417 1.7490740275028 0.805241016320618 0.818970266144553 1.40790751459541 0.703274371621445 2.17873884842739 1.90931833938787 1.51071698201453 0.601061271784903 0.576195986412202 1.30439805399387 0.90452653876039 5.62041826028431 0.790778843480092 0.827953132847877 2.3487264691259 0.891681845375847 0.833154751321642 3.86850924524579 4.06562195992949 0.848255274233546 0.891694007040601 57.769123402559 3.4221675500507 0.926992778793572
