Archive - glowpa-model-master/Model input/Uganda/rivergeometry/river_width_1apr.asc
NCOLS 67 
NROWS 67 
XLLCORNER 29.500000001 
YLLCORNER -1.499999999 
CELLSIZE 0.0833333332985075 
NODATA_value -9999 
[rows 40 to 59 of 67, columns 0 to 45 of 67]
0.662846588247615 0.522187509546187 10.0430346121635 10.1529602379257 0.352572898601714 2.47943388171665 0.635109162020797 0.857108795482994 0.923354865504586 0.833350845498393 0.76498044292451 1.15581571630718 1.08868658009441 2.05268652900218 1.12553240190297 3.93116528299717 2.90093704873386 3.96496828231637 1.3598897826748 1.36191040965791 1.27656827062078 1.82249794908574 1.24275645142476 1.14487061444858 1.18944580941632 1.01918214963213 1.22399761472866 1.32766615537503 0.839270103435092 0.559534189681785 1.0454782469693 0.78508848833306 5.86556212894757 1.73547005214616 1.19483508647818 2.33628153026169 0.898958401809314 0.860745949700299 0.81646288366426 3.38505252221105 3.82282218153896 0.906154751782023 59.8997702231764 1.70207375403218 2.6418514059815 1.10280389501673
0.730462110113575 1.10837324461637 9.82942990177378 1.97860639272749 1.91723544870099 2.13344075307755 0.978863327830079 0.896948347604876 0.98472858585163 2.01393275164437 2.3890914137579 0.908296294620524 1.11727568214959 1.13319145208228 1.61786433988606 2.9492464665567 1.13010948157677 2.6044260881288 3.71519417611447 3.12591047765894 2.09866370998958 1.79526584303615 1.19326062094066 1.75026804240367 1.64562205123863 1.17682316809874 0.544198835334116 0.753796567613616 0.702306744255782 0.757032216251833 0.980547304945513 1.86723147053129 5.33764935000789 0.97567946872263 0.938686185037859 0.899464034609711 1.27655053289675 0.835060767383343 2.88349004139765 1.24088677749015 3.51438620084496 1.93304207557742 59.9397381965798 1.22167966167218 2.32835390765468 1.03910263256031
0.406848268415921 0.578031260933541 9.43972795730864 0.529777417460372 1.80519964111818 1.75431254071871 0.852163726126038 1.3933250556926 1.77930128801165 0.889069017490898 0.978430484329868 2.82588739237098 1.36736271840307 0.920036299706618 1.06995546951055 1.1790703333723 1.90545504526505 1.47470534717274 1.57950697258442 1.14277822357071 1.06545298666432 1.05359887061813 1.1385854282854 2.22074261824097 1.01659828682805 2.92395233851765 1.11407843283894 1.38819676778187 0.855377016672152 0.757291715116491 1.30327585298263 0.842562965338354 5.06615559053509 3.20360268972187 1.69537213214424 0.914822048665363 0.856701906322679 0.803052129975262 2.53370076900847 0.823001403469982 2.60203283606341 1.63945235843983 59.9729181809031 59.9980762403735 1.03188412594383 1.5667545812839
8.90931153950168 9.42127008655199 0.637468116730453 1.04761307927988 1.460217124706 1.3557015360628 0.830003872737935 1.34077621704113 2.02946153014933 1.0722075096082 1.36716124846069 3.02353544345419 3.57065966927924 0.843475861157741 0.865776953970457 1.14376739057171 1.09197203793976 0.807597043047603 0.958185915518451 1.13008335249746 1.16123753529998 1.5764361295948 3.09450933662329 1.00259254546235 0.975519265306594 3.13730588443965 1.01950147823255 1.02978787763259 2.48915641158409 3.75239314967102 1.29007227152507 0.688740185214106 3.50900463514629 0.883239160044964 2.14100259287268 1.87428579167567 0.894788917129547 1.91576156614621 0.842974675540963 0.855846106081734 2.41362735905234 1.34539909213547 0.528238792914882 60.0195095741246 1.34532744521654 1.6843187438341
8.88152220480378 2.338764901309 2.21000960364144 1.70763605275754 1.62904096706818 1.37104258685464 0.662477706147378 1.04387458113894 1.49767019946037 2.49830815052893 2.12528975087289 0.884087667922087 4.13934019282263 1.56224262062966 1.58746419989103 1.03433452912287 1.11408892540417 1.12134745639262 1.25312929095441 1.69188846813957 1.53269767746101 3.73256311055979 0.878386561532077 1.41553472229469 3.80694443521414 1.61155325075731 1.21720127071334 6.09749741049785 2.95023246203289 3.75239314967102 1.01378244396187 0.786525430688085 1.4253507384878 2.77475049986686 2.2979564689582 0.927311618344585 1.20920227643148 1.63256979460256 1.00871220850123 1.20561997914593 1.96694567587053 1.02807177776576 60.0123346144816 60.0123346144816 60.0123346144816 60.0123346144816
8.7824041487167 1.40086783790723 1.25388737067582 1.1154838674617 2.20900080954743 1.21966455184747 1.72956099881947 2.00017456398918 1.20062486140487 3.0766023433559 2.34233158984155 0.780067383476108 4.26520155658823 0.999397073436796 2.27032119513371 1.04620504163886 2.32586761649088 1.04676001940897 1.10630933005591 2.42461283909321 1.86498664264096 4.03105738181104 4.62026324821718 4.17391513573924 1.01202031323762 1.21551327742073 1.31840177345247 6.09749741049785 3.75239314967102 3.75239314967102 1.50516775533827 0.824390506287272 0.993108523965213 0.956111981885746 0.783227157225818 1.74616042824886 1.37532802362385 60.0123346144816 60.0123346144816 0.690109007946996 1.01501076472789 0.68461258932309 60.0123346144816 60.0123346144816 60.0123346144816 60.0123346144816
2.3187266817754 8.55441962491298 0.836036850858513 1.04867364830565 2.58015142689463 0.867836908117356 1.88326714298945 2.02782652764245 8.81720291627291 4.5804374794902 2.74257625920419 0.877037337355912 4.38469819789837 2.79453719613817 3.05571645188628 3.5062979553684 5.39175470651978 5.5354597294416 7.55844687880848 8.70486010607293 8.71723199624055 12.5467263819609 12.5514197152335 0.97171744960115 1.28616153641346 1.32808145042763 6.26296615688876 1.06554717479968 1.04881462153448 1.19742822507998 0.801472677722698 0.816651290433409 0.824190560595184 1.22480884506764 60.0123346144816 60.0123346144816 60.0123346144816 60.0123346144816 60.0123346144816 60.0123346144816 60.0123346144816 60.0123346144816 60.0123346144816 60.0123346144816 60.0123346144816 60.0123346144816
0.61937704569633 7.99534997986885 1.43565177148109 1.05807966292968 1.11892781233727 3.17545184131821 8.81720291627291 8.81720291627291 8.81720291627291 8.81720291627291 7.92792609933429 7.8555626978802 5.67939342062847 5.58016543021646 0.798605818939141 0.747055092545876 2.65461159606262 1.03776562201415 4.42106493622947 1.63344431002038 4.62994818449553 0.955074927158379 1.72536037018788 13.0666442497698 1.92484099212123 6.4071110532387 1.10737721482044 1.16336324647963 1.12167044896434 0.817718035246286 0.772655490688862 1.19646047671473 60.0123346144816 60.0123346144816 60.0123346144816 60.0123346144816 60.0123346144816 60.0123346144816 60.0123346144816 60.0123346144816 60.0123346144816 60.0123346144816 60.0123346144816 60.0123346144816 60.0123346144816 60.0123346144816
1.09323726234318 7.97610932182395 7.82170922878451 7.82170922878451 3.34210110658811 0.613911130577081 8.81720291627291 8.81720291627291 8.81720291627291 8.81720291627291 0.820625975460654 1.83132708354355 0.799728590605609 2.66555358367178 4.49089042967082 2.43665541056939 1.80225092176849 0.924648837477772 4.27777134720615 1.05657038239571 3.89694089725901 1.7603358598002 1.27339455127152 1.28338295160721 15.3545354803579 17.1057357080918 17.1902600363875 17.3546875050589 17.5074748982215 1.21305757707668 60.0123346144816 60.0123346144816 60.0123346144816 60.0123346144816 60.0123346144816 60.0123346144816 60.0123346144816 60.0123346144816 60.0123346144816 60.0123346144816 60.0123346144816 60.0123346144816 60.0123346144816 60.0123346144816 60.0123346144816 60.0123346144816
7.82170922878451 7.82170922878451 7.82170922878451 7.82170922878451 7.82170922878451 0.324027216058043 0.432112364936528 0.817097253070266 8.81720291627291 8.81720291627291 1.21607937043732 0.861660419495938 2.12213337449146 0.796907581860443 3.47240416074639 2.11033574436245 0.746580743813962 1.56856991305925 4.03530892188423 3.72023953743164 1.19183169473309 3.40707674967673 1.24658139916866 1.35026107135022 5.55798065206338 1.05444679910736 2.72270718933567 0.994893771355792 60.0123346144816 60.0123346144816 60.0123346144816 60.0123346144816 60.0123346144816 60.0123346144816 60.0123346144816 60.0123346144816 60.0123346144816 60.0123346144816 60.0123346144816 60.0123346144816 60.0123346144816 60.0123346144816 60.0123346144816 60.0123346144816 60.0123346144816 60.0123346144816
7.82170922878451 7.82170922878451 7.82170922878451 7.82170922878451 7.82170922878451 0.311427551178071 9.42162457134213 8.88084542996567 8.81720291627291 0.579757215586856 0.832355184743193 0.746297151154772 1.85285851217363 0.775706128046234 3.35735561720985 1.78034193108199 0.695469123047719 1.14698630164542 0.908838181498056 3.45890234735989 1.22937568279632 3.11943150177264 1.25225389817517 1.17378774140818 5.18502231788058 0.777795444297236 2.64092356164292 0.73285785714473 60.0123346144816 60.0123346144816 60.0123346144816 60.0123346144816 60.0123346144816 60.0123346144816 60.0123346144816 60.0123346144816 60.0123346144816 60.0123346144816 60.0123346144816 60.0123346144816 60.0123346144816 60.0123346144816 60.0123346144816 60.0123346144816 60.0123346144816 60.0123346144816
7.82170922878451 7.82170922878451 7.82170922878451 7.82170922878451 7.82170922878451 9.41718126847568 0.470373832816914 2.56776068767643 0.587575127758508 1.25761498753867 0.429153559065964 1.03781974783094 0.895685575103286 0.853495218944379 2.94697805093977 0.538367445768165 1.46637390956629 0.700863429998225 1.29166921247281 2.38838056302013 1.25820358755181 1.89728109105895 1.33341476505189 1.27638369493026 4.95757919727833 0.708952402947076 1.97112089255413 0.768629081504426 60.0123346144816 60.0123346144816 60.0123346144816 60.0123346144816 60.0123346144816 60.0123346144816 60.0123346144816 60.0123346144816 60.0123346144816 60.0123346144816 60.0123346144816 60.0123346144816 60.0123346144816 60.0123346144816 60.0123346144816 60.0123346144816 60.0123346144816 60.0123346144816
7.82170922878451 7.82170922878451 7.82170922878451 7.82170922878451 7.82170922878451 0.563908596961675 0.285781575678011 2.34476765836156 0.804625167537421 0.270438425773001 0.792954300849535 0.302142322700506 0.90407436046391 1.4906763421101 1.59980878155852 1.389584812682 0.731099673264959 0.686367716056732 0.797347194971293 1.33661590599251 1.38468848919792 1.31519458167618 1.28404069389688 2.65621632295588 4.1210749231533 1.51424769609395 1.23700200846555 0.812793454615307 1.05153360795993 1.52088348601688 60.0123346144816 60.0123346144816 60.0123346144816 60.0123346144816 60.0123346144816 60.0123346144816 60.0123346144816 60.0123346144816 60.0123346144816 60.0123346144816 60.0123346144816 60.0123346144816 60.0123346144816 60.0123346144816 60.0123346144816 60.0123346144816
7.82170922878451 7.82170922878451 7.82170922878451 7.82170922878451 7.82170922878451 0.228218806238954 0.492621655553134 2.2582115195663 2.04311295118251 0.836280319932789 1.15857010667974 1.1822524499623 0.823496011124883 1.15787883097043 0.704191623573978 0.746474159664065 0.742532699287777 0.843625019196029 0.873254542435776 0.957166220835127 1.74276456984962 0.935624501220961 1.34988499745671 1.13865915494935 2.60596781639639 1.10761351709738 0.819631685321009 0.925368356023915 1.68207073169274 2.93077524344358 60.0123346144816 60.0123346144816 60.0123346144816 60.0123346144816 60.0123346144816 60.0123346144816 60.0123346144816 60.0123346144816 60.0123346144816 60.0123346144816 60.0123346144816 60.0123346144816 60.0123346144816 60.0123346144816 60.0123346144816 60.0123346144816
7.82170922878451 7.82170922878451 7.82170922878451 7.82170922878451 0.282942976674193 0.867340893337623 0.710909791978435 1.27436713927013 0.764780101497168 1.11141687760498 1.68779368011286 1.55104041686925 0.917090603764527 0.781876882776543 0.83228485732709 1.19680824360269 0.816138191041609 1.21162684500042 1.29624547300322 3.8907754239539 2.16248009865878 1.63283630654858 1.33234338840096 1.45067444525004 1.58071628657187 0.959297825616662 0.531943031587205 60.0123346144816 60.0123346144816 60.0123346144816 60.0123346144816 60.0123346144816 60.0123346144816 60.0123346144816 60.0123346144816 60.0123346144816 60.0123346144816 60.0123346144816 60.0123346144816 60.0123346144816 60.0123346144816 60.0123346144816 60.0123346144816 60.0123346144816 60.0123346144816 60.0123346144816
7.82170922878451 7.82170922878451 4.72888169604638 0.459576523016825 2.08796850700174 0.650208563253584 0.858554383161273 0.874074263548072 0.912340857645088 2.37303072000401 0.916373346128784 1.82159906551361 1.29203796085152 0.810913926416199 0.813137805316239 0.893387140904767 1.7105442124948 2.07982443242339 0.855736988811931 3.8907754239539 0.799504794149244 1.21517172502216 0.87945593788702 1.03045267729202 0.999979970591301 0.525948153199256 0.991894257774327 60.0123346144816 60.0123346144816 60.0123346144816 60.0123346144816 60.0123346144816 60.0123346144816 60.0123346144816 60.0123346144816 60.0123346144816 60.0123346144816 60.0123346144816 60.0123346144816 60.0123346144816 60.0123346144816 60.0123346144816 60.0123346144816 60.0123346144816 60.0123346144816 60.0123346144816
7.82170922878451 7.82170922878451 4.69788864005802 4.45625588166514 0.584729925978365 1.8580570845412 0.903198788080286 0.825259633718642 1.24967017481213 2.61576880209421 0.855783547583145 4.67078554090685 5.21786820154601 5.4358794564346 5.63113772224616 5.85951586657016 7.44004218581411 3.00077461691251 9.21387820603147 9.21387820603147 9.55740037803047 1.60234921073613 9.71355064242863 1.21470926645859 0.622708277152462 1.25926591274707 60.0123346144816 60.0123346144816 60.0123346144816 60.0123346144816 60.0123346144816 60.0123346144816 60.0123346144816 60.0123346144816 60.0123346144816 60.0123346144816 60.0123346144816 60.0123346144816 60.0123346144816 60.0123346144816 60.0123346144816 60.0123346144816 60.0123346144816 60.0123346144816 60.0123346144816 60.0123346144816
0.497114054323915 3.16678560637186 0.978261272943006 4.38796855016052 0.664360125355525 0.833156671302695 0.815646175300184 2.00788040740691 0.769297027142667 2.8408151874462 3.74920691387655 0.829641048208788 0.761636991270989 0.883548663835902 1.47946362667194 1.78768999117684 7.44004218581411 7.44004218581411 9.21387820603147 9.21387820603147 9.55740037803047 9.71355064242863 9.71355064242863 0.844764413835502 2.11116472805193 0.771091716860692 60.0123346144816 60.0123346144816 60.0123346144816 60.0123346144816 60.0123346144816 60.0123346144816 60.0123346144816 60.0123346144816 60.0123346144816 60.0123346144816 60.0123346144816 60.0123346144816 60.0123346144816 60.0123346144816 60.0123346144816 60.0123346144816 60.0123346144816 60.0123346144816 60.0123346144816 60.0123346144816
0.459255654491666 3.03006872818694 0.780444117586055 4.30265270579182 0.627920300941845 0.781046441364559 2.51859417316687 2.18519644903742 0.883847770635627 3.51333958468966 1.25638719571382 0.84286412635048 0.730201636159384 0.76822498539083 0.772483066357886 0.918894739229216 7.44004218581411 7.44004218581411 0.734716126511633 0.738475388963836 1.8437724431655 0.833214762779751 9.79738702385496 0.40118190983247 2.4195180726763 2.56160695517873 60.0123346144816 60.0123346144816 60.0123346144816 60.0123346144816 60.0123346144816 60.0123346144816 60.0123346144816 60.0123346144816 60.0123346144816 60.0123346144816 60.0123346144816 60.0123346144816 60.0123346144816 60.0123346144816 60.0123346144816 60.0123346144816 60.0123346144816 60.0123346144816 60.0123346144816 60.0123346144816
0.499157645218845 2.98031468691044 0.667287869205775 0.724269607473417 4.16063197048028 2.82919469376607 2.73311187822499 0.837175545363284 0.817530297378995 0.935972354936987 0.988265080809345 0.668471481881222 1.17231760505482 0.689138574672972 0.786970109728111 1.22191770659488 1.18588561598869 0.799535176937671 0.901492398561944 1.15580979671922 1.61278805105667 0.990050863916202 0.647746380144353 9.81191595428154 10.8909207460265 10.9258026907645 60.0123346144816 60.0123346144816 60.0123346144816 60.0123346144816 60.0123346144816 60.0123346144816 60.0123346144816 60.0123346144816 60.0123346144816 60.0123346144816 60.0123346144816 60.0123346144816 60.0123346144816 60.0123346144816 60.0123346144816 60.0123346144816 60.0123346144816 60.0123346144816 60.0123346144816 60.0123346144816
