Archive - glowpa-model-master/Model input/Uganda/rivergeometry/river_flowvelocity_1apr.asc
NCOLS 67 
NROWS 67 
XLLCORNER 29.500000001 
YLLCORNER -1.499999999 
CELLSIZE 0.0833333332985075 
NODATA_value -9999 
[rows 0 to 19 of 67, columns 0 to 45 of 67]
-9999.000000000000000 -9999 -9999 -9999 -9999 -9999 -9999 -9999 -9999 -9999 -9999 -9999 -9999 -9999 -9999 -9999 -9999 -9999 -9999 -9999 -9999 -9999 -9999 -9999 -9999 -9999 -9999 -9999 -9999 -9999 -9999 2.19593034425107 2.19219645455614 -9999 -9999 -9999 -9999 -9999 -9999 -9999 -9999 -9999 -9999 -9999 -9999 -9999
-9999 -9999 -9999 -9999 -9999 -9999 -9999 -9999 -9999 -9999 -9999 -9999 -9999 -9999 -9999 -9999 -9999 -9999 -9999 -9999 -9999 -9999 -9999 -9999 -9999 -9999 -9999 -9999 -9999 2.20623665615999 2.33599564203428 2.16522080315951 2.42848592763938 2.14939655835169 2.16534283032252 2.13891604412713 2.2515748013246 2.21901535787156 2.1289455093957 2.17109986461223 -9999 -9999 -9999 -9999 -9999 -9999
-9999 -9999 -9999 -9999 -9999 -9999 -9999 -9999 -9999 -9999 -9999 -9999 -9999 -9999 -9999 -9999 -9999 -9999 -9999 -9999 -9999 -9999 -9999 -9999 -9999 -9999 -9999 -9999 -9999 2.54686692060328 2.12455157518989 2.48247695316736 3.01645608044855 2.98465357050155 2.11943095506232 2.90719488088149 2.85951555736746 2.77885099576482 2.58681853803349 2.44168157583773 2.1424633214824 2.24327656765621 2.23668945658692 -9999 -9999 -9999
-9999 -9999 -9999 -9999 -9999 -9999 -9999 -9999 -9999 -9999 -9999 -9999 -9999 -9999 -9999 -9999 -9999 -9999 -9999 -9999 -9999 -9999 -9999 -9999 -9999 2.17228037761846 -9999 -9999 -9999 2.57781517502762 2.08627810982889 3.07475238525216 2.1249805246926 2.12774368357656 2.96372967685527 2.32104746427634 2.18907412290824 2.19596233271171 2.43652776162856 2.27131860883331 2.22701206367219 2.26271544748837 2.46898448764024 -9999 -9999 -9999
-9999 -9999 -9999 -9999 -9999 -9999 -9999 -9999 -9999 -9999 -9999 -9999 -9999 -9999 -9999 -9999 -9999 -9999 -9999 -9999 -9999 -9999 2.18523460265732 -9999 -9999 2.31528731769774 -9999 -9999 -9999 5.04294638132678 3.98755854735738 3.94823787036367 2.52200495390166 2.43141186543781 2.26487673409516 2.14832339577502 2.20376146373048 2.42843713417427 2.32691911208999 2.16118603187512 2.47815637090114 2.13025488834941 2.57628720102379 2.15914593738483 -9999 -9999
-9999 -9999 -9999 -9999 -9999 -9999 -9999 -9999 -9999 -9999 -9999 -9999 -9999 -9999 -9999 -9999 -9999 -9999 -9999 -9999 -9999 2.31740471498075 2.38636746784706 2.23777625936162 2.39507451145586 2.08443477477215 4.97949145048087 4.97949145048087 4.98971986038244 4.98971986038244 2.01086927024326 3.94334287641069 3.07362586787196 3.04537956024185 2.26524492360538 2.66048223192916 2.60256076436387 2.30349267253733 2.17763145973936 2.17190871983917 2.18894430296062 2.57446375762293 2.64660579367665 2.16824370544433 -9999 -9999
-9999 -9999 -9999 -9999 -9999 -9999 -9999 -9999 -9999 -9999 -9999 -9999 -9999 -9999 -9999 -9999 -9999 -9999 -9999 2.20045883954669 2.73321585954999 2.78056248959854 2.90131039121782 2.94369591491631 2.52931843661782 1.97242167924809 4.97949145048087 4.97949145048087 4.98971986038244 4.98971986038244 3.31572737069698 2.05078736021183 3.90737062439577 2.34225184167611 3.02987049918033 2.81346364869947 2.77823426364207 2.60070833783069 2.19582369752839 2.35217703185978 2.45074339358868 2.67815722361913 2.87823144273749 2.10836571622628 -9999 -9999
-9999 -9999 -9999 -9999 -9999 -9999 -9999 -9999 -9999 -9999 -9999 -9999 -9999 -9999 -9999 -9999 -9999 2.42598719082791 2.51226162512727 2.62613060071299 2.204588529724 2.30939977837152 2.24618203075568 2.94671328334832 1.52706818280756 2.55416556885204 4.97962525342243 2.20880726226314 2.47902352629479 2.54460710339661 3.08526093751838 3.07848955203994 3.9074938208975 2.08687717832948 2.24826101520744 2.45990516993405 2.46702087381281 2.30294553881288 2.18039186764129 2.20156298057677 2.58129731699473 2.17363856668979 2.92628705095633 2.13949484288445 2.12255907695998 -9999
-9999 -9999 -9999 -9999 -9999 -9999 -9999 -9999 -9999 -9999 -9999 -9999 -9999 -9999 -9999 -9999 -9999 2.42505784705379 2.25176745051429 2.2201615404467 2.22570736956082 2.45508501125407 2.45602954435074 3.02431017336052 3.03208278502371 4.97962469723989 2.18883525599819 2.21983193896769 2.38135977796007 2.47017771208857 3.07582291772413 3.06742104191631 2.24529904182717 3.90678971618131 2.37189302251042 2.27994821544702 2.30249413341111 2.30686239788051 2.34380672409495 2.2083727018791 2.20290357919047 3.39150180076031 2.17109201509079 2.39209903568456 2.14338693914506 2.12999182597822
-9999 -9999 -9999 -9999 -9999 -9999 -9999 -9999 -9999 -9999 -9999 -9999 -9999 -9999 -9999 -9999 -9999 2.54629202270636 2.61530040249881 2.75057328604151 2.35900870520884 2.50673157232569 2.48267064954891 1.6153633757076 4.97611035327606 2.15928134370915 2.51188701147636 2.12184082310526 2.36856024393273 2.74920165146416 3.02357555833671 2.25131895929571 3.03832833594078 3.90684290524722 3.9035178353825 2.13356007467982 2.28580255959629 2.67410198651051 2.34163374825174 2.41246832102246 3.41677666078492 3.39582468077111 3.24762824027212 2.49754912332713 2.17081053865809 3.11867555274041
-9999 -9999 -9999 -9999 -9999 -9999 -9999 -9999 -9999 -9999 -9999 -9999 -9999 -9999 -9999 -9999 2.26571720457535 2.4411669838274 2.82072218742903 3.00631604616489 3.07853140804323 3.08407159460615 3.13917550543156 2.48744953750476 4.97704013437787 2.75595175450025 2.27281690977827 2.27289875360431 2.4478432733617 2.5867562373208 2.81484659890176 2.27189059287 3.00366191920028 2.33046771193558 2.14883820286472 3.90210169097198 2.70623981367277 2.32298155252817 3.46794626830178 3.46225404051028 2.37866457419122 2.21115100691127 2.19287618185615 3.20460876732831 3.15681916464153 2.17878408158828
-9999 -9999 -9999 -9999 -9999 -9999 -9999 -9999 -9999 -9999 -9999 -9999 -9999 -9999 -9999 -9999 2.27496232891127 2.69995703822793 2.25249766397938 2.37878875268102 2.32445689092828 2.17468620269403 1.65007690899017 4.97557746745867 2.17811752216939 2.70973837973854 2.64611106602427 2.29858342061773 2.29890041344669 2.50664877056398 2.73047686429406 2.77973926650263 2.95333283260648 2.33626810659741 2.32821172591776 3.7007214235224 3.52424319704671 3.52168868644167 2.82719614952273 2.24333635657456 2.60507271131118 2.53953841023699 2.18489920151072 2.55548307913955 2.17706157325775 2.1848843016949
-9999 -9999 -9999 -9999 -9999 -9999 -9999 -9999 -9999 -9999 -9999 -9999 -9999 -9999 -9999 2.27939939940232 2.56512002110418 2.32923292050106 2.4716816886191 2.74368335418302 2.28329520780851 2.2948758129841 4.97117610600897 4.97117610600897 2.31701503165698 2.2928448306738 2.29037297528589 2.30941511916895 2.32357982247583 2.44099443507322 2.37663880555699 2.572468062577 2.86984341596327 2.19264994166027 2.25590489400928 2.60463100001435 3.68279815526811 2.22216834238638 2.3837621324817 2.71539666503839 2.23841282934616 2.37149663435398 2.19842837815067 2.43435581112094 2.14409871987543 2.07262925724618
-9999 -9999 -9999 -9999 -9999 -9999 -9999 -9999 -9999 -9999 -9999 -9999 -9999 -9999 -9999 -9999 2.32545933519693 2.38067094456371 2.49440508035439 2.36801934193704 2.76204580542428 1.62941112097968 4.97117610600897 4.97117610600897 2.47111163446738 2.31164829702581 2.50991463969297 2.34290927339062 2.35791326634322 2.21352068443796 2.23777913940133 2.43873845219553 2.85028107381394 2.54667369637938 2.25859426673659 2.29377897682549 3.68110005961649 2.20450273559839 2.25397757364195 2.67018800632771 2.36655786243592 2.22473149772647 2.20732766863878 2.34829077276468 2.15550821128559 2.4972224922307
-9999 -9999 -9999 -9999 -9999 -9999 -9999 -9999 -9999 -9999 -9999 -9999 -9999 -9999 -9999 -9999 -9999 2.3711660343304 2.55176141049131 2.67548604400663 2.69382564100517 2.94356052523619 4.96913518093807 2.57845443010032 2.47228450129585 2.60911272539099 2.32386239015237 2.58628353877911 2.23771046133096 2.26642291947211 2.28311401928331 2.2856531825825 2.69707900432737 2.45000494150602 2.29253729756733 2.30662991649721 2.6995855069703 3.65651351048966 2.24028546818767 2.23451534387463 3.28927438687412 2.23705328386762 2.47164784328707 2.3127357159023 3.20004504403805 2.51377025328249
-9999 -9999 -9999 -9999 -9999 -9999 -9999 -9999 -9999 -9999 -9999 -9999 -9999 -9999 -9999 -9999 2.44117900833761 2.57694980104428 2.2901598336742 2.48070971162686 2.54105181137502 2.54508375093308 4.96632732526604 2.31487834838689 2.94422461810223 2.93179847410518 2.72657528491821 2.32666901472475 2.21289426398954 2.52636690375769 2.53537590709694 2.26274095468993 2.32124841795584 2.56448569918836 2.40564330602788 2.4859676870619 2.56987921638088 2.5494025049911 3.63865135193187 3.31668508069653 2.49458161847727 3.28307139418204 3.2429446026381 3.22450711269711 2.29986218241332 3.14885261191374
-9999 -9999 -9999 -9999 -9999 -9999 -9999 -9999 -9999 -9999 -9999 -9999 -9999 -9999 -9999 -9999 2.44191777728891 2.86929839771129 2.98591036904485 2.32615192696254 3.22802883007577 3.29412113876914 3.29411372102371 4.96726775909496 2.27732505078556 2.27730295514112 2.29965772897879 2.31071098658763 2.8095969527986 2.7515014826652 2.25549457968684 2.27359374892452 2.41315579155898 2.360747287269 2.51326621709094 2.32200269825911 2.29512323228762 2.25422388970167 2.65334745032793 3.41960199811908 2.18549201064539 2.3374701449476 2.16964246915903 2.15295402243476 2.15271500575428 2.29472752922779
-9999 -9999 -9999 -9999 -9999 -9999 -9999 -9999 -9999 -9999 -9999 -9999 -9999 -9999 -9999 2.41330446566629 2.74956657548906 2.31749788597266 2.96469444812339 3.20670907736413 2.76428598329687 2.15183706508572 2.15339105937929 4.95595813562967 3.04305945642025 2.99403113708999 2.94967014501981 2.89450582076875 2.86278605639826 2.22242005234354 2.45032810615491 2.31369055418028 2.28214658155576 2.7594236553789 2.28056067052828 2.46629612309602 2.26772091623227 2.51790018666607 2.58975559763938 3.41500882702757 3.41017634022686 2.17286297942747 2.17276230200353 2.1906270741424 2.31628962691568 2.15312227767891
-9999 -9999 -9999 -9999 -9999 -9999 -9999 -9999 -9999 -9999 -9999 -9999 -9999 -9999 -9999 2.32346995583369 2.65789297951956 2.311195881604 2.88285457312449 2.40968142391677 2.74131489070928 2.10667760266659 2.35372045091285 4.95669657915813 2.1406433136516 2.24896706467558 2.27095930180077 2.41585432072531 2.19268201611141 2.22179812566584 2.62877450264637 2.29947907308984 2.31721393321105 2.48182379029747 2.90011681235095 2.27038788187398 2.29515339758097 2.25548528084604 2.23998836016146 2.41012539657337 2.69031356183869 3.3599132914415 2.14158908905892 2.562364697697 2.42832381757427 2.14216115202316
-9999 -9999 -9999 -9999 -9999 -9999 -9999 -9999 -9999 -9999 -9999 -9999 -9999 -9999 -9999 2.28747983304973 2.69955869966842 2.8616292424086 2.24147723400269 2.56965652004294 2.14706244828185 2.07837633440058 2.21235368929321 2.06999273666025 4.95325494135747 2.12193937554077 2.6574743821185 2.26553290530015 2.18593802867818 2.90300716540016 2.69447992658502 2.59189425433444 2.39013906814928 2.59686395561022 3.01407584489234 2.49176901111978 2.50038561968304 2.39098186083102 2.22749992668284 2.22551593999565 2.46484608424702 2.32791642398927 3.34545759609386 3.26804666174334 2.40713848217284 2.14274434760066
