Archive - glowpa-model-master/Model input/Uganda/rivergeometry/river_restime_1jul.asc
NCOLS 67 
NROWS 67 
XLLCORNER 29.5 
YLLCORNER -1.5 
CELLSIZE 0.0833333333283582 
NODATA_value -9999 
[rows 0 to 18 of 67, columns 0 to 41 of 67]
-9999.000000000000000 -9999 -9999 -9999 -9999 -9999 -9999 -9999 -9999 -9999 -9999 -9999 -9999 -9999 -9999 -9999 -9999 -9999 -9999 -9999 -9999 -9999 -9999 -9999 -9999 -9999 -9999 -9999 -9999 -9999 -9999 0.00223910368097523 0.00158253448652776 -9999 -9999 -9999 -9999 -9999 -9999 -9999 -9999 -9999
-9999 -9999 -9999 -9999 -9999 -9999 -9999 -9999 -9999 -9999 -9999 -9999 -9999 -9999 -9999 -9999 -9999 -9999 -9999 -9999 -9999 -9999 -9999 -9999 -9999 -9999 -9999 -9999 -9999 0.00156905154369806 0.00210634207184508 0.00160949338366165 0.00202351175854594 0.0022822910541637 0.00226674746736727 0.00161284965861359 0.00152481517685436 0.00217559807219691 0.00161776738797301 0.00158584115116566 -9999 -9999
-9999 -9999 -9999 -9999 -9999 -9999 -9999 -9999 -9999 -9999 -9999 -9999 -9999 -9999 -9999 -9999 -9999 -9999 -9999 -9999 -9999 -9999 -9999 -9999 -9999 -9999 -9999 -9999 -9999 0.00135734782154054 0.00163944014400379 0.00139663326340693 0.00161436797124596 0.00115512257583456 0.00163141824551194 0.00167033797676537 0.00120174438435269 0.00123601171380191 0.00132970076934464 0.00141049546047479 0.00160321506529772 0.00216824794450185
-9999 -9999 -9999 -9999 -9999 -9999 -9999 -9999 -9999 -9999 -9999 -9999 -9999 -9999 -9999 -9999 -9999 -9999 -9999 -9999 -9999 -9999 -9999 -9999 -9999 0.0015339970086651 -9999 -9999 -9999 0.00189160707615897 0.00165663733999896 0.00158635232516504 0.00163742060959889 0.0023060142057379 0.00164098565493138 0.00149334017215847 0.00158145917152836 0.00155869968617333 0.00198482255320659 0.00150295238985775 0.00152674155551119 0.00210283401924013
-9999 -9999 -9999 -9999 -9999 -9999 -9999 -9999 -9999 -9999 -9999 -9999 -9999 -9999 -9999 -9999 -9999 -9999 -9999 -9999 -9999 -9999 0.00157806251869048 -9999 -9999 0.00204552724303574 -9999 -9999 -9999 0.000778519397101539 0.000866764389751547 0.000875466075176345 0.00138200406863571 0.0014329217376822 0.00153704317452989 0.00228113315230294 0.00154727890922756 0.00193543209801937 0.00142867983577902 0.00152532305857779 0.00191165269484343 0.00152204153065762
-9999 -9999 -9999 -9999 -9999 -9999 -9999 -9999 -9999 -9999 -9999 -9999 -9999 -9999 -9999 -9999 -9999 -9999 -9999 -9999 -9999 0.00207472375869846 0.00140203891267495 0.00146666357072893 0.00139652525252534 0.00225627279262337 0.000694749096438173 0.000691533299225815 0.000977845397143302 0.000689850136416009 0.00164279446050745 0.000872543773944662 0.00109640461552916 0.00110736656289269 0.00152613538082529 0.00178782673211003 0.00129013008787938 0.00144657467600027 0.00214023673750536 0.00151634697578112 0.0021869966479791 0.00129045992998204
-9999 -9999 -9999 -9999 -9999 -9999 -9999 -9999 -9999 -9999 -9999 -9999 -9999 -9999 -9999 -9999 -9999 -9999 -9999 0.00153886985828137 0.00125492234145946 0.00123056693642246 0.00117089777333537 0.00114332586356887 0.00185510224331116 0.00163851415901276 0.000691531980074725 0.000694812708835173 0.000693122886264388 0.000689848893581103 0.00145045390264937 0.00162079059574691 0.00125196536464493 0.00201388710853968 0.00156851883280306 0.00119277861984956 0.00120708870031592 0.00128476110668873 0.00151930306979023 0.00142808726607475 0.00137412807614197 0.00125698550134371
-9999 -9999 -9999 -9999 -9999 -9999 -9999 -9999 -9999 -9999 -9999 -9999 -9999 -9999 -9999 -9999 -9999 0.00142645985715659 0.00137124668340415 0.0018455725693769 0.00155608258447655 0.00208663172953269 0.00207010053777261 0.00114014988055522 0.0024447854036141 0.00129784795571374 0.000980403817351414 0.00220818495018506 0.00137339607123188 0.00133209314359242 0.00109562304611797 0.00156969231523642 0.000883282794356612 0.00158499942741212 0.00210538296884192 0.00193235953810477 0.00136013700439136 0.00146326473981628 0.0015449118878597 0.00155985137588534 0.00186357594091036 0.00159942333037931
-9999 -9999 -9999 -9999 -9999 -9999 -9999 -9999 -9999 -9999 -9999 -9999 -9999 -9999 -9999 -9999 -9999 0.00142294659030802 0.00217074150885049 0.00155164553905235 0.00155882903390749 0.00198978797160355 0.00137487217593012 0.0011131711345477 0.00110859552418629 0.000980581439938332 0.00153043413302669 0.00152069124731592 0.00141308245713362 0.00136509018940946 0.0010992052813268 0.00111197408289975 0.00150025762928315 0.00125283487220325 0.00198667769617174 0.00147322247924277 0.00206214321835354 0.00145273276967339 0.00204572059541224 0.0015501429499033 0.00157428503663069 0.00101154383529525
-9999 -9999 -9999 -9999 -9999 -9999 -9999 -9999 -9999 -9999 -9999 -9999 -9999 -9999 -9999 -9999 -9999 0.00136362191823162 0.00132805487011102 0.0012554291233711 0.0014711341539479 0.00193185495061829 0.00193492610656555 0.00163314259161371 0.000981725802906754 0.00152344797871759 0.00188736047713906 0.00156958232619657 0.00200405832112596 0.00123126192516255 0.00111981439475082 0.00149798410136755 0.00159461312362276 0.000883814709218725 0.000889467042817854 0.00154478624306462 0.0020727498885994 0.0017914606853377 0.00147603937941142 0.00143247095141255 0.00142450530309406 0.00101547825915422
-9999 -9999 -9999 -9999 -9999 -9999 -9999 -9999 -9999 -9999 -9999 -9999 -9999 -9999 -9999 -9999 0.00153354164499648 0.00142713507301287 0.00123271733119014 0.00115380136650546 0.001121051382126 0.00111765112673252 0.00154523383627835 0.0013339287850488 0.000692370586547837 0.00122768214353658 0.0014809985367083 0.00210153440591504 0.00194214714964624 0.00130627234474638 0.00121044449654443 0.00209674406675563 0.00114027205169093 0.00148103804777963 0.0015415334645898 0.00125567961273957 0.00125303921354994 0.00145533156688306 0.00140460796333675 0.00099713426352639 0.00144504174187804 0.00155790968973123
-9999 -9999 -9999 -9999 -9999 -9999 -9999 -9999 -9999 -9999 -9999 -9999 -9999 -9999 -9999 -9999 0.00152906145713949 0.00181734585517091 0.00152992292856537 0.00201278673029822 0.00144793023340104 0.00223651669590849 0.00165074116432365 0.000982243014835159 0.00147514517714254 0.00124186366869359 0.00127758925297471 0.00147207664186195 0.00145957117536033 0.00135060380365273 0.00126015589757556 0.00174148642521222 0.00116108793140542 0.00147471771047082 0.00146223469433472 0.000939716012998 0.00138190429506394 0.000980630761480068 0.00122519103276884 0.00153848083810694 0.00186581307652248 0.0013556451030805
-9999 -9999 -9999 -9999 -9999 -9999 -9999 -9999 -9999 -9999 -9999 -9999 -9999 -9999 -9999 0.00152831589326192 0.00191096620668257 0.00149467126733288 0.00140143578261815 0.00177774448166143 0.00153733038122633 0.00207569429311742 0.00069350324041313 0.000693502137975611 0.00147823446040536 0.0020807447444652 0.0014668098096189 0.00206491790073301 0.00145990407784509 0.00139186558512816 0.00144539637474385 0.00189480271485141 0.00119809371822642 0.00220562010082457 0.00153431131507234 0.00131894710775311 0.00134050915157373 0.00156187612379903 0.00145032539745856 0.00179395048546293 0.00217873416149939 0.00144445450766262
-9999 -9999 -9999 -9999 -9999 -9999 -9999 -9999 -9999 -9999 -9999 -9999 -9999 -9999 -9999 -9999 0.00148676766928015 0.00148309218861124 0.00196385381241895 0.00143560671669021 0.00176363249778 0.00246393505137142 0.000983400357163502 0.000693501109033928 0.00193612210995773 0.00206982074423121 0.00190795697866315 0.00144796241239332 0.00205041999155688 0.0015662402661986 0.00153977276724641 0.00140987160988777 0.00120752455819167 0.00135626802415731 0.00216659722168407 0.00150642949773459 0.00094614323878228 0.00153934444485226 0.00153790178713559 0.00128494502160246 0.00146085826439837 0.00155078304177707
-9999 -9999 -9999 -9999 -9999 -9999 -9999 -9999 -9999 -9999 -9999 -9999 -9999 -9999 -9999 -9999 -9999 0.00149127834182433 0.00136226985357059 0.0012816844485562 0.00127364314868744 0.00116707724968796 0.000693899414734117 0.00186872018197626 0.00137641387174484 0.00129617068167969 0.00206366777073184 0.00186515373577415 0.00153448876554153 0.0015276375446169 0.0021458026756409 0.00150618060895957 0.00127781661746903 0.00140250628501806 0.00150805564791402 0.00150696264968349 0.00128150109753669 0.00135185345776194 0.00150738718959212 0.00151448285601239 0.00150189145346861 0.00156155666478433
-9999 -9999 -9999 -9999 -9999 -9999 -9999 -9999 -9999 -9999 -9999 -9999 -9999 -9999 -9999 -9999 0.00144669506468127 0.00193409353395643 0.00149404502420867 0.0013802132285161 0.00135256982901531 0.00190045416359195 0.000694412061730873 0.00151415807412609 0.0016348408112705 0.00116354221722377 0.00125343866541595 0.00146572910831656 0.00156221139037443 0.00137013457495667 0.00193677926148771 0.0015356591445497 0.00148875977846477 0.00190580011791984 0.00144221091956485 0.00140023898149837 0.00134682297819127 0.00135896097889716 0.00135961202776345 0.00105482429579974 0.00139394129404701 0.00150513457204975
-9999 -9999 -9999 -9999 -9999 -9999 -9999 -9999 -9999 -9999 -9999 -9999 -9999 -9999 -9999 -9999 0.00144682829406207 0.00123203894990946 0.00166599087262746 0.00148070710308701 0.00108970365317207 0.00106364595301389 0.00106373449214061 0.000984706078051914 0.00152820425197345 0.0021310668388307 0.00210666733215107 0.00209198116512011 0.00123311583052431 0.00126587412010789 0.00153860731725172 0.0021620497987561 0.00203981362359327 0.00147419432175555 0.00195179061750459 0.00149156115564526 0.00214034988979051 0.00153750930243431 0.00130950994853598 0.00145063702633354 0.00154733962601133 0.00209363396893964
-9999 -9999 -9999 -9999 -9999 -9999 -9999 -9999 -9999 -9999 -9999 -9999 -9999 -9999 -9999 0.00206464198506144 0.00181319085245095 0.00152335563590285 0.00118827619450498 0.00154910949539662 0.00175803448733771 0.00159960092153904 0.00225378203284695 0.000695966000830125 0.0016078737527649 0.00115941270217296 0.0011781294112525 0.0012032804548398 0.00121816542529346 0.00157482836213679 0.00141673441200759 0.00212935196615062 0.00152795224660145 0.00178100600090546 0.00151764261963215 0.00199416942774035 0.00153703471289908 0.00138802849266744 0.00134217839098722 0.00102469523927099 0.00103206988416871 0.00162034976727096
-9999 -9999 -9999 -9999 -9999 -9999 -9999 -9999 -9999 -9999 -9999 -9999 -9999 -9999 -9999 0.00152136970520304 0.00132263278898527 0.00215874463605238 0.00121700929093273 0.00143026681685212 0.00125035881247035 0.00162514123191364 0.00146314985847426 0.00069592532980907 0.00159206453275515 0.00217670274912324 0.00151483193621501 0.00202768483039114 0.00159379433818552 0.00156839987115607 0.00187433155696737 0.00151295386288942 0.00150915609218523 0.00139986368695086 0.00119486454713863 0.00152372931677027 0.00151056608347374 0.0015408570697089 0.00220234785706495 0.00145279975147435 0.00129640189632919 0.00147926123223092
