Archive - glowpa-model-master/Model input/Uganda/rivergeometry/river_flowvelocity_1jan.asc
NCOLS 67 
NROWS 67 
XLLCORNER 29.500000001 
YLLCORNER -1.499999999 
CELLSIZE 0.0833333332985075 
NODATA_value -9999 
[rows 0 to 19 of 67, columns 0 to 45 of 67]
-9999.000000000000000 -9999 -9999 -9999 -9999 -9999 -9999 -9999 -9999 -9999 -9999 -9999 -9999 -9999 -9999 -9999 -9999 -9999 -9999 -9999 -9999 -9999 -9999 -9999 -9999 -9999 -9999 -9999 -9999 -9999 -9999 2.19472826597982 2.19342232912337 -9999 -9999 -9999 -9999 -9999 -9999 -9999 -9999 -9999 -9999 -9999 -9999 -9999
-9999 -9999 -9999 -9999 -9999 -9999 -9999 -9999 -9999 -9999 -9999 -9999 -9999 -9999 -9999 -9999 -9999 -9999 -9999 -9999 -9999 -9999 -9999 -9999 -9999 -9999 -9999 -9999 -9999 2.20177654823262 2.33929480668032 2.17116436494921 2.43780645800492 2.17002762327387 2.17999469818775 2.16898575006389 2.28164234720029 2.25086707834095 2.13093129938289 2.16813979945566 -9999 -9999 -9999 -9999 -9999 -9999
-9999 -9999 -9999 -9999 -9999 -9999 -9999 -9999 -9999 -9999 -9999 -9999 -9999 -9999 -9999 -9999 -9999 -9999 -9999 -9999 -9999 -9999 -9999 -9999 -9999 -9999 -9999 -9999 -9999 2.54354673592858 2.12756300772882 2.49781441412723 3.05262511086774 3.01964120883897 2.1526369899446 2.93835583198734 2.8887305149471 2.80299443307352 2.60730619798916 2.45967699858563 2.16307858699836 2.245559805342 2.19073067454986 -9999 -9999 -9999
-9999 -9999 -9999 -9999 -9999 -9999 -9999 -9999 -9999 -9999 -9999 -9999 -9999 -9999 -9999 -9999 -9999 -9999 -9999 -9999 -9999 -9999 -9999 -9999 -9999 2.1510036589678 -9999 -9999 -9999 2.56876808866753 2.09613797625262 3.11034506105729 2.15546444568704 2.15509360666963 2.99733588734344 2.35328863649006 2.21837239278676 2.22176704170339 2.45054176718776 2.27483056152058 2.23179793485841 2.23459880125817 2.43785466142891 -9999 -9999 -9999
-9999 -9999 -9999 -9999 -9999 -9999 -9999 -9999 -9999 -9999 -9999 -9999 -9999 -9999 -9999 -9999 -9999 -9999 -9999 -9999 -9999 -9999 2.26721802558932 -9999 -9999 2.29522492169635 -9999 -9999 -9999 5.13402528681932 3.97623951712328 3.93037013647412 2.53773113070037 2.44566200636848 2.27882932835867 2.17218114993817 2.20750129997537 2.37653579702706 2.26878107605098 2.10368662690747 2.45522008349947 2.07966926193816 2.53976359076741 2.15402588669713 -9999 -9999
-9999 -9999 -9999 -9999 -9999 -9999 -9999 -9999 -9999 -9999 -9999 -9999 -9999 -9999 -9999 -9999 -9999 -9999 -9999 -9999 -9999 2.37912580818405 2.42955600155954 2.22786917130041 2.38658597696689 2.05395988385568 5.08044249820306 5.08044249820306 5.08878717607292 5.08878717607292 1.98603220243564 3.92358437779186 2.99363391927131 2.96225164559744 2.25714962915408 2.60250795173286 2.54720975889644 2.20136420486754 2.11666240645521 2.1306584700623 2.16531764878359 2.54344572213818 2.61056945057683 2.16015277099586 -9999 -9999
-9999 -9999 -9999 -9999 -9999 -9999 -9999 -9999 -9999 -9999 -9999 -9999 -9999 -9999 -9999 -9999 -9999 -9999 -9999 2.29327339782509 2.81914251693332 2.8661687292306 2.97544644001727 3.00742859969336 2.51875821688541 1.97285986217996 5.08044249820306 5.08044249820306 5.08878717607292 5.08878717607292 3.2931760699031 2.01941243267907 3.89352947269068 2.28645808924649 2.9406464595959 2.710035375223 2.67556031267622 2.51152736144628 2.159228365847 2.32559467513045 2.43057835343134 2.65140212372539 2.84824562651494 2.09477730240693 -9999 -9999
-9999 -9999 -9999 -9999 -9999 -9999 -9999 -9999 -9999 -9999 -9999 -9999 -9999 -9999 -9999 -9999 -9999 2.46891245487962 2.57564151993816 2.70735672630692 2.26225362661748 2.37099205429392 2.21874158085014 3.0120855559068 1.82034652862894 2.56429412001576 5.08013217430061 2.18442065363064 2.41297292545218 2.47821200024616 3.05031974124874 3.07308557164912 3.89240894605674 2.06517542019033 2.18851907708134 2.37419554910894 2.36915419806118 2.21184032878777 2.1722757014242 2.18503127409653 2.56607292399671 2.18172930683712 2.90002768470911 2.12360290111476 2.10597495680895 -9999
-9999 -9999 -9999 -9999 -9999 -9999 -9999 -9999 -9999 -9999 -9999 -9999 -9999 -9999 -9999 -9999 -9999 2.47151246823942 2.31988173542944 2.28723807960001 2.2837492432217 2.50348074332253 2.4764249263276 3.08041865197949 3.08344477683742 5.0781900505705 2.15440779251306 2.14558128614415 2.30207869510359 2.40571724331487 3.04061194860078 3.06285761537634 2.18781070448751 3.89062169769489 2.31872501392774 2.21576135472645 2.22286717416353 2.2184172640386 2.33805328408694 2.18548302264878 2.20102911955782 3.36754032342949 2.17200480772221 2.37583755494425 2.13015287449847 2.13024364998208
-9999 -9999 -9999 -9999 -9999 -9999 -9999 -9999 -9999 -9999 -9999 -9999 -9999 -9999 -9999 -9999 -9999 2.60589021904176 2.6802042430756 2.82449009369808 2.41335604838748 2.53664115698144 2.51904114693875 1.65094736421237 5.07155859402828 2.22031809518993 2.46744157040011 2.07460934125281 2.31259573833577 2.70315289451324 2.99572590881882 2.18946954103162 3.0395422120115 3.88956993762577 3.88593734218149 2.10110383942916 2.22016202477088 2.62015482827947 2.29863488234475 2.39777152183355 3.39576424437763 3.37291587714898 3.22300337700646 2.48810374649377 2.18267257917936 3.0851466233097
-9999 -9999 -9999 -9999 -9999 -9999 -9999 -9999 -9999 -9999 -9999 -9999 -9999 -9999 -9999 -9999 2.35061277968022 2.52539703889418 2.90709787648301 3.09062892431969 3.14538638599679 3.14966042552959 3.19914604049622 2.52852387339554 5.06982920814658 2.69039260432084 2.20681864476284 2.20469306315669 2.39036258695001 2.55752754671377 2.81304034552061 2.20987854934995 3.01281994389413 2.34787897807233 2.12929697133177 3.88383300418625 2.64988408865161 2.22827055062003 3.44812859927991 3.44147896743345 2.3597033750302 2.1888728679415 2.17342858536494 3.17691876903335 3.12602955238019 2.15058656858143
-9999 -9999 -9999 -9999 -9999 -9999 -9999 -9999 -9999 -9999 -9999 -9999 -9999 -9999 -9999 -9999 2.34443216603477 2.78231037882912 2.28273076212782 2.38845960803676 2.27078132201354 2.16747204431666 1.61386141685016 5.06677621022436 2.18098569546749 2.64085264839121 2.58045995083251 2.22940104281803 2.24071431356304 2.48996277455523 2.74769779244299 2.78581728909432 2.96695962535183 2.34388609502964 2.31533497404028 3.68933117513223 3.50175669511695 3.49912325713621 2.80257558930551 2.2270162469985 2.5796754275837 2.51262597236214 2.15916847161416 2.54141745747065 2.15980551674891 2.16555169053918
-9999 -9999 -9999 -9999 -9999 -9999 -9999 -9999 -9999 -9999 -9999 -9999 -9999 -9999 -9999 2.30783194164647 2.6361097775271 2.36950667951249 2.49086195856618 2.73449905812798 2.06087069205009 2.1396307629154 5.05884487135061 5.05884487135061 2.28032912432688 2.24863000527869 2.24404840649401 2.25151509206758 2.26084670376777 2.42199363506089 2.40870607610639 2.59980595686478 2.89053585342924 2.21573059541704 2.27319798652366 2.60925525241223 3.67049040227753 2.21366947888732 2.37420909919255 2.68469254376269 2.21780994077361 2.34560504641943 2.17241008375994 2.41970681891778 2.13361309146135 2.05433928110152
-9999 -9999 -9999 -9999 -9999 -9999 -9999 -9999 -9999 -9999 -9999 -9999 -9999 -9999 -9999 -9999 2.39562266912409 2.41521262165806 2.50712474944795 2.28332145651592 2.75472699834864 1.94248384820534 5.05884487135061 5.05884487135061 2.41999396132697 2.26239016242539 2.44267424728804 2.27783145032325 2.37184379769862 2.24259381699014 2.26566662278029 2.47177080141996 2.87041560810306 2.58552612302018 2.27470263842394 2.29768945113343 3.66834503374015 2.16637129462285 2.23736098044813 2.63637445793218 2.34360537339404 2.19782992244736 2.18640621525345 2.33154403963783 2.15444395877932 2.49149262214921
-9999 -9999 -9999 -9999 -9999 -9999 -9999 -9999 -9999 -9999 -9999 -9999 -9999 -9999 -9999 -9999 -9999 2.4040221649133 2.54645210277059 2.6389738109787 2.66758911525657 2.93250381698306 5.05716275238719 2.52533067486365 2.41923381545877 2.53994503075615 2.26304060274176 2.57550814640534 2.24258206925521 2.28501755754068 2.29617647393037 2.31164242070875 2.69735852642185 2.48617006863825 2.32216856278875 2.31045071772443 2.7031809518907 3.64283209723317 2.17167029408568 2.15776924694368 3.28243338780162 2.24953275122749 2.47755453122636 2.31825516472603 3.18949735455521 2.51427684347268
-9999 -9999 -9999 -9999 -9999 -9999 -9999 -9999 -9999 -9999 -9999 -9999 -9999 -9999 -9999 -9999 2.47799330599926 2.61082168218361 2.25407578415773 2.41734532258828 2.49405521740332 2.51906436502245 5.05237484619312 2.3149805037346 2.88758894115185 2.8757161721553 2.69253707572844 2.26184844021285 2.22244076686421 2.54373507994954 2.54655914761688 2.27611818698779 2.31858843649562 2.5519384985982 2.40034103139097 2.48758358342772 2.57263946094016 2.54989984078195 3.62469334776103 3.30521107462049 2.44685070415205 3.27640795153679 3.234987670547 3.21645306705143 2.30943475921507 3.13587019775378
-9999 -9999 -9999 -9999 -9999 -9999 -9999 -9999 -9999 -9999 -9999 -9999 -9999 -9999 -9999 -9999 2.46419040296358 2.89536371193264 3.00747130762992 2.22341802524217 3.23623127270293 3.29328480065421 3.29353510439959 5.05022981148499 2.22467487587479 2.21965903759014 2.23192377225021 2.24436300979486 2.82584495980913 2.76722963282354 2.25704950061644 2.26689120640212 2.39915578897346 2.3369760715187 2.49585929459488 2.32139777046094 2.29710653737107 2.25145114062032 2.64520159080318 3.40443483660531 2.09978809414446 2.31573805466243 2.15343135612077 2.13233298461685 2.1375995073658 2.28283677520107
-9999 -9999 -9999 -9999 -9999 -9999 -9999 -9999 -9999 -9999 -9999 -9999 -9999 -9999 -9999 2.43303131378577 2.77374248963784 2.33934512647453 2.98434371040795 3.22344808756432 2.71735947394791 2.11700329986907 2.14070596673274 5.03778674420648 3.0221690940881 2.97777112412238 2.9430610216048 2.90118393920769 2.87784003847946 2.21897675167805 2.44236675692605 2.30480876593213 2.27536478766287 2.74602210225795 2.27321691987669 2.46023675670154 2.26239706039343 2.50784371174327 2.58050693393098 3.399237283714 3.39354850339277 2.1931182506809 2.17122875633999 2.1606901389645 2.27948967364242 2.12289857710273
-9999 -9999 -9999 -9999 -9999 -9999 -9999 -9999 -9999 -9999 -9999 -9999 -9999 -9999 -9999 2.34469571163212 2.68110638089941 2.33335452959745 2.90546428925786 2.36200837781813 2.70132517081166 2.07540206295148 2.37721243723516 5.03644575966953 2.22904257613454 2.18000159454541 2.20189048279766 2.3614041819034 2.17522088985633 2.21289325139208 2.619808400954 2.28984860229401 2.30847420615848 2.47300239655575 2.88806725717016 2.25076896974295 2.27564218062378 2.24233704431086 2.23008281430728 2.40151783803875 2.67940556940904 3.34326398406068 2.167667596715 2.54466911586769 2.40068751026954 2.10964411001086
-9999 -9999 -9999 -9999 -9999 -9999 -9999 -9999 -9999 -9999 -9999 -9999 -9999 -9999 -9999 2.30909086733937 2.72510277674248 2.88907192559366 2.24150280667727 2.55177941565791 2.07658117351724 2.0495561079391 2.22641112645497 2.16858438767637 5.03080608593057 2.1678464335712 2.58300318939858 2.18967539094445 2.15588593123893 2.88924749998385 2.67763092031262 2.57400895134412 2.36524650392486 2.58104546920201 2.9990075305465 2.46536383066661 2.47403665192109 2.37577323997517 2.21548353747296 2.21837481640429 2.45590606876053 2.3195007681523 3.32462729045379 3.24351704423688 2.41309513074786 2.15953764131423
