Archive - glowpa-model-master/Model input/Uganda/rivergeometry/river_flowvelocity_1jun.asc
NCOLS 67 
NROWS 67 
XLLCORNER 29.500000001 
YLLCORNER -1.499999999 
CELLSIZE 0.0833333332985075 
NODATA_value -9999 
[rows 40 to 59 of 67, columns 0 to 45 of 67]
2.14782998934989 2.05998815007292 3.55978018033994 3.56741085004614 1.9039649409192 2.62491157838989 2.08816852092168 2.19774960502083 2.24943760852645 2.2449860312636 2.19805010849136 2.35936324760771 2.33241187317349 2.62043445451182 2.34443928725429 2.87209159609232 2.66861636738475 2.8009783613426 2.30771197829607 2.29067006446836 2.26499302399195 2.41933632981708 2.2540820352918 2.01355049780917 2.0554974562636 2.17761726490993 2.2735107743412 2.41141066261352 2.22184920212126 2.08380660268052 2.33633805306385 2.20906036778361 3.18068230014556 2.47963173207285 2.30962359658508 2.65213785573897 2.25645273555263 2.26340984490813 2.26524078985502 2.89894005544794 2.97307508398039 2.27404569955149 4.95728978310046 2.52477061511473 2.72881256146852 2.32928875771491
2.19069652608352 2.36285015003241 3.54559576880651 2.50499217562656 2.48408355644801 2.53444566405448 2.25856946345376 2.21341329826944 2.29895165686641 2.61400177562446 2.69699747811761 2.24945457392194 2.34135918922221 2.35537434905945 2.48363684776333 2.67366022527063 2.2886545687553 2.58335896710179 2.76490420813921 2.67476669075708 2.48700190868908 2.42622158054173 2.24857934709101 2.20513369082997 2.18150882668685 2.15416952163505 1.97671064285363 2.20153395101329 2.18139860137075 2.19823890203185 2.31056415246985 2.59489548774153 3.12569240254462 2.20796554109048 2.21391024051212 2.21542358192217 2.38633184225615 2.25494851111465 2.80658911945526 2.42514102081544 2.92743958570946 2.60996995086989 4.95667957013134 2.35878772356017 2.66225856051518 2.30674728529089
1.96680302297032 2.10077188938013 3.52755878505914 2.05499936919374 2.44506234033998 2.41393255630883 2.17892104140853 2.39409065769575 2.51211646178684 2.23893623392362 2.28353671390493 2.77862031589368 2.42696803004673 2.25397858057698 2.2693843657979 2.2363337260442 2.41772479308956 2.32486765456404 2.34830765466271 2.21330973885654 2.18234504989119 2.02506267758696 2.06043188146391 2.30540312506012 1.95579239262195 2.53067612285485 2.25840145113211 2.35676564451012 2.08581113295955 1.96844736391588 2.41657183105635 2.26017050294921 3.10227156675994 2.83493527930922 2.48303734587094 2.20650221238611 2.21206290493864 2.24239570931266 2.73518363321379 2.25521512471537 2.77716833898351 2.53296903472601 4.95609895409671 4.95547684104783 2.28791332670182 2.47976620509001
3.49532618065407 3.52569937675735 2.14035953492033 2.31097365618871 2.28029080025474 2.20754443042772 2.16627587766093 2.36534851437192 2.57244505176342 2.32658468095094 2.43450320513182 2.81256987989269 2.89141712580443 2.10808659823712 2.10404161057334 2.05118220655609 2.17665494643429 2.03928416684049 2.14687253419174 2.03104362771855 2.00933322846948 2.17384829669235 2.44964985147825 1.92059285619414 1.97661392359897 2.56178679760606 2.00717603104233 2.01097847688932 2.51189693460045 2.81838477190769 2.24119898259106 2.17740077807854 2.91325374918478 2.27806538502927 2.64124967857858 2.56826310946622 2.26863282341391 2.57892667478444 2.25802910442833 2.26992372126495 2.73803466664373 2.44795697571397 2.05813672785576 4.95500527556386 2.33632738838506 2.32372749650422
3.49273998976463 2.66791562427409 2.63543359154537 2.5011231335954 2.19691324303328 2.17756128519588 2.07102252878213 2.26793934574839 2.40092669596354 2.68258811450188 2.59764387414695 2.16763207536879 2.93794619475543 2.34962340444376 2.21198782277316 2.04880419025011 2.00937903716148 2.05823671902843 2.21889696606843 2.2264414966149 2.15523649858346 2.54418506900947 2.02938711723685 2.24758746086867 2.63667053830308 2.17706423521668 2.08587378092124 2.98033689046725 2.55252987358353 2.81838477190769 2.2196765832753 2.23526745623379 2.49051440100446 2.77810946705055 2.66845842592201 2.28634062078532 2.34945411780348 2.49071856966388 2.30317500328036 2.40101544216094 2.63325188767437 2.33306262370515 4.95413766588107 4.95413766588107 4.95413766588107 4.95413766588107
3.48541326579941 2.42856263275783 2.37075595394707 2.30772095807151 2.32152897707437 2.22287183094923 2.36188916775571 2.45634617367712 2.30665491230604 2.76840521655137 2.63084461559155 2.05699482915832 2.948094058933 2.05573459255236 2.3718542185467 2.01666755946605 2.32315817472276 1.97727973906628 2.04487100991273 2.44963406257268 2.32362766445071 2.60519850577888 2.78938904818285 2.71569325213407 2.15286681496741 2.04692024122357 2.1589699637957 2.98033689046725 2.81838477190769 2.81838477190769 2.51327830715713 2.25235052924269 2.33134332651986 2.31416088668282 2.22259075766851 2.51004327516023 2.37439571250971 4.95413766588107 4.95413766588107 2.16433745346239 2.33649893723838 2.17365795208332 4.95413766588107 4.95413766588107 4.95413766588107 4.95413766588107
2.7052435060457 3.46995855465232 2.2310657040813 2.27985982638789 2.46658550063934 2.20789985469701 2.47515299846478 2.46176412434651 3.3951410136347 2.96077189457188 2.68135116761929 2.09509579122796 2.95729501353087 2.46839501512049 2.51138370574565 2.5734329832278 2.83301333895598 2.85347223967839 2.99608387532076 3.08581364281688 3.11203861826862 3.32354352312012 3.34923679375036 2.15503017509651 2.26731092384759 2.28688160458583 3.01298991643197 2.05245028270638 2.09705345433313 2.40003322047768 2.23600934345586 2.24830734762037 2.25186076834946 2.42002434842014 4.95413766588107 4.95413766588107 4.95413766588107 4.95413766588107 4.95413766588107 4.95413766588107 4.95413766588107 4.95413766588107 4.95413766588107 4.95413766588107 4.95413766588107 4.95413766588107
2.1275480976449 3.42895540222651 2.4425249470956 2.30468379349779 2.31265195809667 2.65042486850079 3.3951410136347 3.3951410136347 3.3951410136347 3.3951410136347 3.26256812360809 3.25841318052221 3.06538628727821 3.05886928829666 2.07701376720038 2.07914798291173 2.57973424405964 2.1469559104779 2.66229534647436 2.23175211037298 2.70159476257267 2.19706431811824 2.3924792966658 3.39502650219549 2.44377175698573 3.03513443393848 2.13803035128659 2.06366561930729 2.14845740791817 2.23573524474755 2.21611036425384 2.40967764164509 4.95413766588107 4.95413766588107 4.95413766588107 4.95413766588107 4.95413766588107 4.95413766588107 4.95413766588107 4.95413766588107 4.95413766588107 4.95413766588107 4.95413766588107 4.95413766588107 4.95413766588107 4.95413766588107
2.35682150470329 3.4250207361659 3.41158272727498 3.41158272727498 2.69355795640798 2.07444921357896 3.3951410136347 3.3951410136347 3.3951410136347 3.3951410136347 2.14314178766305 2.40893928979065 2.0696078651754 2.6429361920959 2.95769651059524 2.63731604706393 2.41280067554922 2.0112202750134 2.64264320757077 2.05744234886139 2.60744574565325 2.27839887706404 2.18884621601645 2.10894310969242 3.52186513925118 3.61620283964364 3.62926222838278 3.64366486545387 3.66746083179678 2.39610370178631 4.95413766588107 4.95413766588107 4.95413766588107 4.95413766588107 4.95413766588107 4.95413766588107 4.95413766588107 4.95413766588107 4.95413766588107 4.95413766588107 4.95413766588107 4.95413766588107 4.95413766588107 4.95413766588107 4.95413766588107 4.95413766588107
3.41158272727498 3.41158272727498 3.41158272727498 3.41158272727498 3.41158272727498 1.87174917072509 1.93337246795319 2.00713855096922 3.3951410136347 3.3951410136347 2.24562222353962 2.06959915864338 2.53350255941477 2.1422262555456 2.82408543915448 2.57359435157126 2.12560557219604 2.32817721961869 2.60642891860786 2.56833764866592 2.05223162367493 2.5402396553318 2.11714989309825 2.15268728200915 2.88744095591962 2.34208860030052 2.76069138872891 2.31835008262591 4.95413766588107 4.95413766588107 4.95413766588107 4.95413766588107 4.95413766588107 4.95413766588107 4.95413766588107 4.95413766588107 4.95413766588107 4.95413766588107 4.95413766588107 4.95413766588107 4.95413766588107 4.95413766588107 4.95413766588107 4.95413766588107 4.95413766588107 4.95413766588107
3.41158272727498 3.41158272727498 3.41158272727498 3.41158272727498 3.41158272727498 1.79291545829616 3.43232517469338 3.39962825527003 3.3951410136347 2.03167896699785 2.08293965035374 2.07841038558991 2.49391863560118 2.14940942098258 2.80611945000827 2.49381514969073 2.09971687791277 2.22937521408904 1.89840393169662 2.53144855624229 2.04301948398089 2.49002342367858 2.09037193556979 2.17602354795058 2.82794074553329 2.20842868657246 2.74107986590074 2.1776197593827 4.95413766588107 4.95413766588107 4.95413766588107 4.95413766588107 4.95413766588107 4.95413766588107 4.95413766588107 4.95413766588107 4.95413766588107 4.95413766588107 4.95413766588107 4.95413766588107 4.95413766588107 4.95413766588107 4.95413766588107 4.95413766588107 4.95413766588107 4.95413766588107
3.41158272727498 3.41158272727498 3.41158272727498 3.41158272727498 3.41158272727498 3.43513332698504 1.88936088677344 2.64608648128383 2.00581656093252 2.28137951030509 1.96261350950298 2.24504286857814 2.20205144614377 2.19264288101046 2.7381816297479 2.00405853732768 2.40752176759606 2.10309221987459 2.21573114994964 2.34276633086055 2.10200356922465 2.26292984941771 2.13447138752737 2.21804401340481 2.78123709630575 2.14013981326206 2.5919593486653 2.19140424174549 4.95413766588107 4.95413766588107 4.95413766588107 4.95413766588107 4.95413766588107 4.95413766588107 4.95413766588107 4.95413766588107 4.95413766588107 4.95413766588107 4.95413766588107 4.95413766588107 4.95413766588107 4.95413766588107 4.95413766588107 4.95413766588107 4.95413766588107 4.95413766588107
3.41158272727498 3.41158272727498 3.41158272727498 3.41158272727498 3.41158272727498 2.04103487442531 1.74686024887225 2.61137079011697 2.09620612872363 1.77620054431019 2.072394877999 1.82916732899236 2.20451480041188 2.42005711282761 2.44968690095638 2.38009413214938 2.11736994865245 2.09257084061244 2.07226241115524 2.12593043919605 2.12877971047997 2.10309270755968 2.10370703361036 2.39773550030274 2.65651407673198 2.30805520886768 2.37368555106635 2.19823916630222 2.32328164862017 2.39394705885929 4.95413766588107 4.95413766588107 4.95413766588107 4.95413766588107 4.95413766588107 4.95413766588107 4.95413766588107 4.95413766588107 4.95413766588107 4.95413766588107 4.95413766588107 4.95413766588107 4.95413766588107 4.95413766588107 4.95413766588107 4.95413766588107
3.41158272727498 3.41158272727498 3.41158272727498 3.41158272727498 3.41158272727498 1.75095254739169 1.99727194386027 2.59388443595918 2.5457302451265 2.14478844674063 2.12624669894922 2.20859477497146 2.17236191253308 2.30864021868761 2.10450694454665 2.12389680139552 2.12127467986696 2.12930755409313 2.13570154769103 2.15901047561299 2.28075375429821 2.0633031295356 2.11228457347117 2.05812618368106 2.483062503137 2.13301998782625 2.20499836381737 2.26296385568806 2.55062814290927 2.73869901236732 4.95413766588107 4.95413766588107 4.95413766588107 4.95413766588107 4.95413766588107 4.95413766588107 4.95413766588107 4.95413766588107 4.95413766588107 4.95413766588107 4.95413766588107 4.95413766588107 4.95413766588107 4.95413766588107 4.95413766588107 4.95413766588107
3.41158272727498 3.41158272727498 3.41158272727498 3.41158272727498 1.82222719583391 2.21373303689215 2.12887976419938 2.3504484802516 2.10647756548926 2.18699516500348 2.33612605080931 2.34073422675641 2.17437807132857 2.14625525332849 2.13990007284931 2.28506388004175 2.10825296260985 2.27548514482303 2.30473829386768 2.77259287562204 2.4537358721699 2.31847469186037 2.18282928471298 2.14293752648469 2.31427531403233 2.16438521269517 2.06068346878677 4.95413766588107 4.95413766588107 4.95413766588107 4.95413766588107 4.95413766588107 4.95413766588107 4.95413766588107 4.95413766588107 4.95413766588107 4.95413766588107 4.95413766588107 4.95413766588107 4.95413766588107 4.95413766588107 4.95413766588107 4.95413766588107 4.95413766588107 4.95413766588107 4.95413766588107
3.41158272727498 3.41158272727498 3.00175005848338 1.99152487503739 2.60008621296156 2.09332244247892 2.1989404293181 2.19747316128115 2.20623174498109 2.53231820306794 2.17168204070089 2.42744888076704 2.31719619546103 2.10935951879353 2.1032607289516 2.16527503235108 2.42672619712014 2.51745798000615 2.11097400481789 2.77259287562204 2.0502912082977 2.26638749911918 2.1311633370379 2.10478009830148 2.10079845549 2.03853004212665 2.31219341606396 4.95413766588107 4.95413766588107 4.95413766588107 4.95413766588107 4.95413766588107 4.95413766588107 4.95413766588107 4.95413766588107 4.95413766588107 4.95413766588107 4.95413766588107 4.95413766588107 4.95413766588107 4.95413766588107 4.95413766588107 4.95413766588107 4.95413766588107 4.95413766588107 4.95413766588107
3.41158272727498 3.41158272727498 2.99688396441014 2.97070517771502 2.06288077940821 2.54409915355652 2.23996341869437 2.21100154517008 2.35777453686216 2.60288777134872 2.14852422478686 2.93816673313468 2.99794738563316 3.01952604332599 3.03898246607002 3.06584130446334 3.19993503390243 2.69455200065207 3.31836240968046 3.31836240968046 3.34340034820123 2.40354575088746 3.37321142832072 2.26225260033636 2.12551874570656 2.30629667799648 4.95413766588107 4.95413766588107 4.95413766588107 4.95413766588107 4.95413766588107 4.95413766588107 4.95413766588107 4.95413766588107 4.95413766588107 4.95413766588107 4.95413766588107 4.95413766588107 4.95413766588107 4.95413766588107 4.95413766588107 4.95413766588107 4.95413766588107 4.95413766588107 4.95413766588107 4.95413766588107
2.04539189904953 2.65643231617308 2.17873142027616 2.96178055876175 2.10090956283969 2.19841542187733 2.20655868014509 2.58906127981093 2.18141235128948 2.66255751566484 2.83479615484921 2.15057985777247 2.09961397246521 2.14286651353531 2.37279644967232 2.46367842285517 3.19993503390243 3.19993503390243 3.31836240968046 3.31836240968046 3.34340034820123 3.37321142832072 3.37321142832072 2.25061640678844 2.58457212673274 2.2474648448424 4.95413766588107 4.95413766588107 4.95413766588107 4.95413766588107 4.95413766588107 4.95413766588107 4.95413766588107 4.95413766588107 4.95413766588107 4.95413766588107 4.95413766588107 4.95413766588107 4.95413766588107 4.95413766588107 4.95413766588107 4.95413766588107 4.95413766588107 4.95413766588107 4.95413766588107 4.95413766588107
1.96577827672626 2.61791350031124 2.01511681237948 2.95095601879724 2.07313349474125 2.15918881834113 2.70270941449469 2.63100057380388 2.21843794419116 2.79854699033805 2.34249101336706 2.15110822518286 2.07565520582065 2.09822456551447 2.09809773332412 2.17717818695076 3.19993503390243 3.19993503390243 2.13274887791793 2.05861968661689 2.45727255363448 2.12990704118287 3.38296317699228 2.06737257927239 2.6790991089482 2.72845224153815 4.95413766588107 4.95413766588107 4.95413766588107 4.95413766588107 4.95413766588107 4.95413766588107 4.95413766588107 4.95413766588107 4.95413766588107 4.95413766588107 4.95413766588107 4.95413766588107 4.95413766588107 4.95413766588107 4.95413766588107 4.95413766588107 4.95413766588107 4.95413766588107 4.95413766588107 4.95413766588107
1.95328534150044 2.60502994797477 1.8938006112332 1.9519161783475 2.9351436720343 2.75461235677857 2.73863339913362 2.12246223968921 2.19083673302192 2.23451399963876 2.214306041237 2.05862978180437 2.27424302036067 2.05844543917355 2.13691628417416 2.34163111580162 2.2913520598208 2.10590859827661 2.12432490655094 2.22520544016085 2.39930038177746 2.17931720867902 2.14885337469943 3.39468555225793 3.47678002883208 3.48814886709767 4.95413766588107 4.95413766588107 4.95413766588107 4.95413766588107 4.95413766588107 4.95413766588107 4.95413766588107 4.95413766588107 4.95413766588107 4.95413766588107 4.95413766588107 4.95413766588107 4.95413766588107 4.95413766588107 4.95413766588107 4.95413766588107 4.95413766588107 4.95413766588107 4.95413766588107 4.95413766588107
