Archive - glowpa-model-master/Model input/Uganda/rivergeometry/river_restime_1may.asc
NCOLS 67 
NROWS 67 
XLLCORNER 29.5 
YLLCORNER -1.5 
CELLSIZE 0.0833333333283582 
NODATA_value -9999 
[rows 19 to 37 of 67, columns 0 to 41 of 67]
-9999 -9999 -9999 -9999 -9999 -9999 -9999 -9999 -9999 -9999 -9999 -9999 -9999 -9999 -9999 0.00154352827502653 0.00130799909586767 0.00174028529260406 0.00221250728722132 0.00192363269496701 0.00162130649269968 0.00237759887642403 0.00158422040303933 0.00164443448083462 0.000996349869222173 0.00231337369567745 0.00185482106070503 0.00154149643950805 0.00225873914270491 0.00120059653538202 0.00130069033997768 0.00135202314635919 0.00146575582856089 0.00134843875450897 0.0016369401585316 0.00139551903433387 0.00197276031181921 0.00206051648859084 0.00157119799456457 0.00156512697642668 0.00141429551140794 0.00150855081521134
-9999 -9999 -9999 -9999 -9999 -9999 -9999 -9999 -9999 -9999 -9999 -9999 -9999 -9999 -9999 0.00197634604383709 0.00218242633025282 0.00151925756853959 0.00205737615975425 0.00156334111045837 0.00160714848526729 0.00151647909332891 0.00138921150537457 0.00191377681481796 0.00126720703784235 0.0012988396345872 0.00220682285715856 0.00205757773006345 0.000980157551218824 0.00118914132315426 0.00157780776500367 0.00221108460285803 0.0014623600422817 0.00207351379490973 0.00108761363972625 0.00109906260717788 0.00131032564999144 0.00146949239578987 0.00156647507466551 0.00150404316088012 0.00147393596497969 0.0020841834844109
-9999 -9999 -9999 -9999 -9999 -9999 -9999 -9999 -9999 -9999 -9999 -9999 -9999 -9999 -9999 0.00156158757348741 0.0021908804620971 0.00220413183422782 0.00161293348898144 0.00156742888257287 0.00208047898398497 0.00160431130940273 0.00192303554083804 0.0016037266201763 0.000980301603066536 0.000695074760604367 0.00069502098103748 0.000695151957010007 0.00149647267310232 0.000980591999150478 0.000695328709884271 0.00152972562565198 0.00137607077036988 0.00209330838016833 0.00152343888895159 0.00157359124615529 0.00146442839816961 0.00166769888410183 0.00123050540224308 0.00126395734740058 0.00132270774877443 0.00155400526717238
-9999 -9999 -9999 -9999 -9999 -9999 -9999 -9999 -9999 -9999 -9999 -9999 -9999 -9999 -9999 -9999 0.00155934239169979 0.00205963685391302 0.00150399587573224 0.00229862847515344 0.000996408683608083 0.000996436601829243 0.000706665195065516 0.000695407741035069 0.0015703516265875 0.00156995017603984 0.00155249720368868 0.00182231536457923 0.00132580402000409 0.00137978593841031 0.00143275477620975 0.000980535009406649 0.000695309559450399 0.00069534245256352 0.00149481194296433 0.00146553215596993 0.00114371748689693 0.00148543552075337 0.00194225631360678 0.00147538726123354 0.00148594451904911 0.00218957362092773
-9999 -9999 -9999 -9999 -9999 -9999 -9999 -9999 -9999 -9999 -9999 -9999 -9999 -9999 -9999 -9999 -9999 0.00217508389332993 0.00070248289663858 0.000702482152152682 0.000706704503920909 0.000702482152152682 0.000706704503920909 0.001410530883451 0.00147041155264447 0.0019125010298567 0.00144916745231377 0.00186067108505004 0.00148741203816094 0.00147349958736673 0.00151327780598763 0.00151882326741197 0.00185786914146542 0.00069212737145943 0.00150492833655628 0.00195568879112527 0.00157830633252191 0.00138215541780656 0.00148161513726896 0.00149036405548793 0.00154744051406466 0.00221319817688848
-9999 -9999 -9999 -9999 -9999 -9999 -9999 -9999 -9999 -9999 -9999 -9999 -9999 -9999 -9999 0.00159627568375436 0.00163798945744944 0.000702482152152682 0.000996463477770147 0.000996463477770147 0.000706742398253097 0.000702481407666784 0.000706742398253097 0.000702482152152682 0.00157369731959298 0.00115354196077801 0.00117063672895963 0.0013934756663146 0.00201620068008121 0.00160738313408706 0.00215473986571109 0.00214569757629673 0.00150756115928026 0.0012864681846817 0.000981750025322214 0.00111606085091961 0.00148801916053633 0.00214947343261632 0.00214499286162497 0.00183356051181451 0.00139725811910641 0.00156884112896268
-9999 -9999 -9999 -9999 -9999 -9999 -9999 -9999 -9999 -9999 -9999 -9999 -9999 -9999 -9999 0.00152682870110927 0.000996489236982204 0.000706778803613489 0.000706778803613489 0.000706778803613489 0.000996514028362594 0.000702480663180887 0.000706778803613489 0.000996514028362594 0.0014127197419503 0.00151361741697297 0.00210362783903529 0.00179355185550063 0.00211929805395478 0.00141799554006392 0.00151721286610931 0.0015145071938177 0.00151757908509346 0.000982952254964731 0.00116743006623731 0.00119515928791704 0.00120830586333419 0.00123434951315966 0.001269569822512 0.00144095874864638 0.00143682795236812 0.00154114937959135
-9999 -9999 -9999 -9999 -9999 -9999 -9999 -9999 -9999 -9999 -9999 -9999 -9999 -9999 -9999 0.000996514028362594 0.000706813720002087 0.000706813720002087 0.000706813720002087 0.000996537777462727 0.000702479993143579 0.000706813720002087 0.000996537777462727 0.00145922965268839 0.00174110545643646 0.00147480837696781 0.0014746889416281 0.00129805894059385 0.00153695115807112 0.00183437084531255 0.00143068701392725 0.00200691302024419 0.00214154403546039 0.00069734801335994 0.000983539072905143 0.00197394339191158 0.00149693626730625 0.00151664396858081 0.00150769752189966 0.00132718478294636 0.00136030601139375 0.00157444867276545
-9999 -9999 -9999 -9999 -9999 -9999 -9999 -9999 -9999 -9999 -9999 -9999 -9999 -9999 -9999 0.000706847147418889 0.000706847147418889 0.000706847147418889 0.000996560558731193 0.000702479323106271 0.000706847147418889 0.000996560558731193 0.000706847147418889 0.00159105392061359 0.00129819726475924 0.00210228498831577 0.00214057309768484 0.00151411296060232 0.00213837659369716 0.00214929864915735 0.00174727175374991 0.000697376318825913 0.000697376318825913 0.000693067017654459 0.00153423547300798 0.00215019405345695 0.00148778452644581 0.00133975485658058 0.00125105258486283 0.00146668804512706 0.0010569712032836 0.00118617392615633
-9999 -9999 -9999 -9999 -9999 -9999 -9999 -9999 -9999 -9999 -9999 -9999 -9999 -9999 0.000706879085863896 0.000996560558731193 0.000706879085863896 0.000996582223270813 0.000706879085863896 0.000996582223270813 0.000996582223270813 0.000702478727517553 0.00183288799150926 0.00136440000347947 0.00132267519483942 0.00136772929427499 0.00214759787846329 0.00131048512211002 0.00152981369740723 0.00218860223608691 0.00143538112550773 0.000983229323071854 0.000983207948808769 0.000697407829337471 0.00140519309367496 0.0014018464776623 0.00151040226269839 0.00140924692679682 0.00143476635000582 0.00146797732632138 0.00148692228477518 0.00122713492212281
-9999 -9999 -9999 -9999 -9999 -9999 -9999 -9999 -9999 -9999 -9999 0.000702478727517553 0.000996582223270813 0.000996602845530177 0.000996582223270813 0.000706909535337107 0.000996602845530177 0.000702478131928835 0.000996602845530177 0.000702478131928835 0.000996602845530177 0.00211115150134347 0.00149124479281156 0.00153718773931033 0.00216689572082789 0.00141542776352074 0.00152432187842511 0.00128509835644387 0.00153751213582578 0.00160422157681712 0.00199194502996846 0.000693065842437245 0.00069743787082751 0.000983249669019875 0.000706961453795499 0.0014151115428541 0.00100761432968837 0.00101064335700968 0.000702530320558476 0.000996655416529789 0.000996655416529789 0.000702530320558476
-9999 -9999 -9999 -9999 -9999 -9999 -9999 -9999 -9999 -9999 0.00144678745430394 0.000706938570287114 0.000702478131928835 0.000706938570287114 0.000706938570287114 0.000996622499957873 0.000702477536340117 0.000706938570287114 0.000996622499957873 0.000996622499957873 0.00204357755821419 0.0015562150970052 0.00156700654687449 0.00205028876952291 0.00153053012311723 0.00155134607126077 0.00141886089696202 0.00122551220831622 0.00143038451378889 0.00167064649676423 0.00126769191946264 0.00135544008486671 0.00152058529065362 0.00131792888705243 0.000702529129293554 0.000996695696174941 0.000706990490877956 0.000706990490877956 0.000702529724926015 0.000996676040303739 0.000706990490877956 0.000996676040303739
-9999 -9999 -9999 -9999 -9999 -9999 -9999 -9999 -9999 -9999 0.000706966041816735 0.000996641112105313 0.000706966041816735 0.000706966041816735 0.000996641112105313 0.000702477015199989 0.000702477015199989 0.000996641112105313 0.00155351940900639 0.00124162854964533 0.00216706599289936 0.00216623327563697 0.00215753214297378 0.00153866182370984 0.00129805798211875 0.00141381588616741 0.00119600003204085 0.00121835186856066 0.000923591834288923 0.00126856545470779 0.00105348757422561 0.00149117987945574 0.00209437336086318 0.00149256886908193 0.00190296920213164 0.00200512797515953 0.000702528608115151 0.000996714309689337 0.000707017964425204 0.000707017964425204 0.000707017964425204 0.000707017964425204
-9999 -9999 -9999 -9999 -9999 -9999 -9999 -9999 -9999 0.00147307261851726 0.000706992024374561 0.000706992024374561 0.000706992024374561 0.000996658681972497 0.00070247649405986 0.000706992024374561 0.000996658681972497 0.00134582870424913 0.00216054592362052 0.00125936162075647 0.00133319222475816 0.00142678560844124 0.00151655490699747 0.00212286899024995 0.00102486560182777 0.00143391206091772 0.0011827643029152 0.001304686447438 0.0021991808531887 0.00154810508406559 0.00151367101018496 0.00149768315580139 0.00145961967518714 0.00145272967624663 0.00146933616845018 0.00148069333022295 0.0007070439488913 0.000702528086936748 0.000996731880846926 0.00149435502259453 0.000996731880846926 0.0007070439488913
-9999 -9999 -9999 -9999 -9999 -9999 -9999 -9999 -9999 0.00148443643329827 0.000707016517960592 0.000707016517960592 0.000996675209559423 0.000702476047368322 0.000707016517960592 0.000996675209559423 0.00151003510667941 0.0014216169291281 0.00225033709290311 0.00158614953150544 0.00220470332988838 0.0015642787393832 0.00105354479452638 0.00146303868739609 0.00134756569016855 0.00154790563534734 0.00139874001687969 0.00155954509161738 0.00140593838479771 0.00119979308044648 0.00147254425215866 0.00152298417547195 0.00150122992609697 0.0013683025611043 0.00206396874185854 0.00211652163008636 0.0016967300718471 0.0014956196535951 0.00154813435239301 0.00146079628906615 0.000702527640212403 0.000707068444276245
-9999 -9999 -9999 -9999 -9999 -9999 0.00142676543190182 0.00135266189751381 0.00147061014950046 0.0022608294954271 0.00094901422281739 0.000996690694866093 0.000702475600676783 0.000996690694866093 0.000996690694866093 0.00149156521807529 0.00211711816099031 0.00219730338356688 0.00155175413569031 0.00162760620007467 0.00123841233833826 0.00150744333583276 0.00148811407927845 0.00154751483759842 0.0022041026361933 0.00199567625723619 0.00138514197853632 0.00211869654787134 0.00101493161778774 0.00209682024984079 0.00173060622072828 0.00148790198400612 0.00132404849014863 0.00155559287648335 0.00150349549192021 0.00148196032951214 0.00138527347196974 0.00181111756372541 0.00208877170471803 0.00102959694470757 0.00148874098471609 0.00099973698040863
-9999 -9999 -9999 -9999 -9999 -9999 0.0018993764412768 0.00184826715347543 0.00158904832181533 0.00133810829452585 0.0016194555439379 0.000996705137892507 0.000996705137892507 0.000702475153985245 0.000707061112665858 0.00109062607662986 0.00110603269076852 0.001117420920975 0.00114106612300914 0.00115257549500665 0.00127074711100453 0.00221757349925309 0.0015549824840052 0.00112370617269756 0.00157647017536215 0.00154520615307788 0.00149005744931805 0.00185511520787212 0.0010271248450694 0.00223765845633164 0.00125475831460411 0.00149514151073494 0.00138756022421364 0.00149663122915513 0.0015843453701373 0.0014882532622637 0.00148680706771886 0.00131054782942741 0.00144645354071954 0.00103912786944144 0.00145819545380552 0.00070518634897654
-9999 -9999 -9999 -9999 -9999 0.00156153211489956 0.00211060515159441 0.00132416724471302 0.00133903138010998 0.00241874229660324 0.00247149276583834 0.000707081213785093 0.000702474781742296 0.000702474781742296 0.00147537146468793 0.00179569266822665 0.00154343502325703 0.0014243089862599 0.0020576979017697 0.00115209436007094 0.00161180204941838 0.00184210112617704 0.00136524894045325 0.0011280666158372 0.00150644132992129 0.00218270976612891 0.0021974842467223 0.00139437843871084 0.00132712628576988 0.00147168320290327 0.0014580616371639 0.00190859257949249 0.0015041661510873 0.00150407668482248 0.00118160763087601 0.00177921167075976 0.00149330341778211 0.00145621300084335 0.00135615376913086 0.00104594012573346 0.00145712774138202 0.000705115006917552
-9999 -9999 0.00171050781117378 0.00211118379058024 0.0015980821666949 0.00166353502657857 0.00168652557630347 0.00142838553929038 0.000952313600743133 0.00172309104316221 0.00132086658118797 0.0013025264273898 0.00100756440514039 0.00211428856973146 0.00204218276042714 0.00134324022741974 0.00145720953233988 0.00150209602270829 0.0015426639444109 0.00115696064256026 0.00159328132531945 0.00132778882331271 0.00145568543866924 0.00128018223004882 0.00162386730466633 0.00145100313634405 0.00154538786722432 0.00153657503371262 0.00135082449962299 0.00103930919430565 0.00105938088388717 0.00154075435222242 0.00210074744290067 0.00210087541581149 0.00120404070753349 0.00156370555365511 0.00191432111423663 0.00147331460570323 0.00199447751170097 0.00107064101824932 0.00204887870324601 0.000705158060631291
