Archive - glowpa-model-master/Model input/Uganda/rivergeometry/river_width_1sep.asc
NCOLS 67 
NROWS 67 
XLLCORNER 29.500000001 
YLLCORNER -1.499999999 
CELLSIZE 0.0833333332985075 
NODATA_value -9999 
[rows 0 to 19 of 67, columns 0 to 45 of 67]
-9999.000000000000000 -9999 -9999 -9999 -9999 -9999 -9999 -9999 -9999 -9999 -9999 -9999 -9999 -9999 -9999 -9999 -9999 -9999 -9999 -9999 -9999 -9999 -9999 -9999 -9999 -9999 -9999 -9999 -9999 -9999 -9999 0.792932447672245 0.788380421054785 -9999 -9999 -9999 -9999 -9999 -9999 -9999 -9999 -9999 -9999 -9999 -9999 -9999
-9999 -9999 -9999 -9999 -9999 -9999 -9999 -9999 -9999 -9999 -9999 -9999 -9999 -9999 -9999 -9999 -9999 -9999 -9999 -9999 -9999 -9999 -9999 -9999 -9999 -9999 -9999 -9999 -9999 0.825731038412898 1.12314588480042 0.746224607834763 1.40656786835801 0.745210599768995 0.762340419512259 0.748030893706199 1.00954657615567 0.962247485026803 0.680146809806248 0.748637474571791 -9999 -9999 -9999 -9999 -9999 -9999
-9999 -9999 -9999 -9999 -9999 -9999 -9999 -9999 -9999 -9999 -9999 -9999 -9999 -9999 -9999 -9999 -9999 -9999 -9999 -9999 -9999 -9999 -9999 -9999 -9999 -9999 -9999 -9999 -9999 1.8462912364028 0.675769334447311 1.60575749633632 4.93832907752285 4.66979779145772 0.724960121151967 4.05178490693789 3.7130805395049 3.15866447750781 2.10601450798538 1.52378234863693 0.759768696407851 0.91328976740581 0.977070099871399 -9999 -9999 -9999
-9999 -9999 -9999 -9999 -9999 -9999 -9999 -9999 -9999 -9999 -9999 -9999 -9999 -9999 -9999 -9999 -9999 -9999 -9999 -9999 -9999 -9999 -9999 -9999 -9999 0.939750012439668 -9999 -9999 -9999 2.03398880999555 0.639827018043161 5.44293383558285 0.716059063358077 0.714803434998875 4.49230141425591 1.17413862584974 0.855038150361332 0.884961724630184 1.5470204537209 1.06068919924699 0.931188409948301 1.04505471239665 1.66536961213583 -9999 -9999 -9999
-9999 -9999 -9999 -9999 -9999 -9999 -9999 -9999 -9999 -9999 -9999 -9999 -9999 -9999 -9999 -9999 -9999 -9999 -9999 -9999 -9999 -9999 0.923971869562711 -9999 -9999 1.33969373356985 -9999 -9999 -9999 79.3946500770267 22.7990456042659 21.5748702846855 1.75359764521507 1.43585182235372 0.978829788865898 0.752767100435682 0.907153510937609 1.68488974220643 1.33050489833321 0.927088772378508 1.77397254760914 0.873349921002756 2.10692332024369 0.736979253622605 -9999 -9999
-9999 -9999 -9999 -9999 -9999 -9999 -9999 -9999 -9999 -9999 -9999 -9999 -9999 -9999 -9999 -9999 -9999 -9999 -9999 -9999 -9999 1.37012210102629 1.71993031025022 1.32494388399704 1.63849582344583 0.824653574729387 73.3892322289513 73.3892322289513 74.5673786581929 74.5673786581929 0.739062343115533 21.3950504393659 6.10755955844695 5.72241356910311 0.984041401139799 2.67024670774039 2.40177896919754 1.22384869867713 0.968034689579236 0.943656640537483 0.866556359766418 2.24806641600825 2.44383502888475 0.754040353188212 -9999 -9999
-9999 -9999 -9999 -9999 -9999 -9999 -9999 -9999 -9999 -9999 -9999 -9999 -9999 -9999 -9999 -9999 -9999 -9999 -9999 1.09903825155838 3.30718664669619 3.68031328489362 4.78369068916309 5.28953317728485 2.38935028608025 0.640170392448363 73.3892322289513 73.3892322289513 74.5673786581929 74.5673786581929 9.53720853137586 0.785079689038585 20.0576903194236 1.53805333835767 5.57954263883217 3.74598254293697 3.48441645885375 2.43183458252316 0.974881921713797 1.37869545473992 1.67005004997448 2.70375196502681 3.9206744748863 0.672072108200786 -9999 -9999
-9999 -9999 -9999 -9999 -9999 -9999 -9999 -9999 -9999 -9999 -9999 -9999 -9999 -9999 -9999 -9999 -9999 1.56920015993274 2.00342487068388 2.64030698815786 0.964479823725033 1.33699027576539 1.37665117499119 5.36517473373704 0.664633536075191 2.63252259575252 73.3627944823299 0.906574867585226 1.90181292942177 2.21290878216489 6.61342528130973 6.14150969811412 19.9960832249833 0.894657262186865 1.21218314482083 1.86137606120258 1.81636137809443 1.24434010528086 0.914078100965896 0.862686708874089 2.14492677989177 0.743111245174109 4.25547371999646 0.728449679544586 0.687216721837316 -9999
-9999 -9999 -9999 -9999 -9999 -9999 -9999 -9999 -9999 -9999 -9999 -9999 -9999 -9999 -9999 -9999 -9999 1.56695700176175 1.08674313294833 1.00676843493972 0.985320390806836 1.67857877324531 1.96327271271426 6.29388994561001 6.46643277473077 73.2659455384706 1.06755413608602 1.09853727173912 1.5979770227018 2.02795295822856 6.46900253273171 5.97440169591667 1.21078455716561 19.89803055145 1.6537746093115 1.28149139179199 1.30187980909089 1.29021825252335 1.34097978156931 0.864411462826461 0.80133420226547 8.92697593887041 0.743224340227678 1.32898203742384 0.723379350469194 0.665528103592652
-9999 -9999 -9999 -9999 -9999 -9999 -9999 -9999 -9999 -9999 -9999 -9999 -9999 -9999 -9999 -9999 -9999 2.06876779357707 2.40093201157327 3.18807863478049 1.36291185559514 2.01839739950965 1.92631948624282 0.838416448613025 72.6470610457612 1.17229962723403 2.32103206485586 0.953123379763303 1.6352231558354 3.60014369416998 5.83689050924209 1.2179433803604 5.5965582357221 19.8384704123552 19.6471919136137 0.977755334465136 1.30745924444874 2.77810445117365 1.18909492560344 1.34266949303726 9.31426802928718 9.0027278612119 6.82833107060557 1.64054197148531 0.712984548899412 5.36557361011472
-9999 -9999 -9999 -9999 -9999 -9999 -9999 -9999 -9999 -9999 -9999 -9999 -9999 -9999 -9999 -9999 1.19093948215815 1.72404486272169 3.78560942979977 5.32944613083414 6.23483064015311 6.33469257792321 7.08072087867705 2.37850133310911 72.6450192989671 3.66627123051113 1.25142334819322 1.24588336085218 1.95598513673773 2.53026950163879 3.77457918483133 1.2724295196356 5.17028244183039 1.26697572928408 1.00627699737065 19.5359718711103 2.99810728233671 1.28655134239045 10.1157083433667 10.0157770493257 1.27580107167776 0.863956201986316 0.823116118559015 6.32241855011389 5.76172456132298 0.786532006159701
-9999 -9999 -9999 -9999 -9999 -9999 -9999 -9999 -9999 -9999 -9999 -9999 -9999 -9999 -9999 -9999 1.14434457359211 2.9703038823731 1.12868489632041 1.67453186663748 1.50188396793816 0.91773381396599 0.927409852530012 72.3376384363972 1.44993202968751 3.34958811906617 2.95740270975821 1.33171337998068 1.37139285524889 2.10211990366102 3.10066353492696 3.4751891773396 4.67844170500465 1.30148380956397 1.38179349678787 14.4223108493223 11.1643012306658 11.074779892614 3.35408719405902 0.9162702049077 2.16821958628518 1.88734768996344 0.822654799126045 1.93077273028152 0.796726441753626 0.805102633805333
-9999 -9999 -9999 -9999 -9999 -9999 -9999 -9999 -9999 -9999 -9999 -9999 -9999 -9999 -9999 1.05825927912917 2.24230961701243 1.24719570875649 1.76502027140801 3.13746747214965 1.11983913488879 1.57242153436486 71.69978459662 71.69978459662 1.33793020163807 1.39725790946488 1.38390992250234 1.40316139561149 1.39893262976987 1.77381086645017 1.42864675311473 2.178143738041 3.92609840483261 0.965758598786511 1.03670287314863 2.27106770816398 13.9284963024287 0.889320085516138 1.28922758634289 2.74846752148503 0.927188688012845 1.30344086970134 0.85601953251623 1.48926138648448 0.7231961111713 0.610303885419435
-9999 -9999 -9999 -9999 -9999 -9999 -9999 -9999 -9999 -9999 -9999 -9999 -9999 -9999 -9999 -9999 1.32434120588692 1.21943563857229 1.78764121040763 1.51834212084038 3.29484575205281 0.830000681444652 71.69978459662 71.69978459662 2.07555266871299 1.43797344560146 2.18352996186773 1.49039885264544 1.45406808740699 0.948418431679235 1.00459181264617 1.62659838234675 3.74733353279134 2.08912660993909 1.02905345348153 1.08009996651126 13.8484040397542 0.992286812498619 0.9725204070828 2.52376702275963 1.28540884172115 0.922071443439208 0.884357856706345 1.22907524935528 0.731095808364561 1.63443580782987
-9999 -9999 -9999 -9999 -9999 -9999 -9999 -9999 -9999 -9999 -9999 -9999 -9999 -9999 -9999 -9999 -9999 1.16421690404304 2.02860772293871 2.90696350894642 3.04575340312879 4.9184116287458 71.3654215650379 2.52587877790608 2.06677461206905 2.69456703035216 1.43789568274548 2.48045967858176 1.0774089044288 1.03597345735989 1.08116520572919 1.12570426787978 2.69788695872807 1.68886410446652 1.1556362575115 1.11743448491035 2.63319834634372 13.2823221743977 1.11419249717345 1.0455659872559 7.32327931379181 0.8627623676044 1.47248265156371 1.0205266330068 6.27860290848119 1.64153587973784
-9999 -9999 -9999 -9999 -9999 -9999 -9999 -9999 -9999 -9999 -9999 -9999 -9999 -9999 -9999 -9999 1.39835210989839 1.84851522065332 1.26535169414404 1.967627725678 2.21187610902585 2.34220621822263 70.940235403231 1.11442342724703 5.27669171271581 5.04124237203281 3.35078997670345 1.41906645638066 0.929807726862483 1.87265949937516 1.88757761626166 1.02933867707788 1.1527776157959 2.02276328529089 1.40861951652731 1.66817113192824 2.00925235014474 1.92178410673317 12.8598581822485 7.75988043038926 1.73697128529285 7.22113933053993 6.76410541546627 6.54289599747535 0.980700783471719 5.74902984203266
-9999 -9999 -9999 -9999 -9999 -9999 -9999 -9999 -9999 -9999 -9999 -9999 -9999 -9999 -9999 -9999 1.35261166344823 3.24319279854199 4.13442964262028 1.31795502962466 6.48424753747331 7.53350155810269 7.54561439911566 70.9476404167714 1.12540383423336 1.25536807086044 1.30469198136299 1.35006841115104 3.33666595887834 2.96485995653776 0.972211572521374 1.01952572601318 1.36966030675212 1.24481140514156 1.77115624786999 1.14277353031447 1.08739304581361 0.977969576071832 2.38007657978354 9.08759899038744 0.985575559960249 1.24249619862919 0.797013738500426 0.760360620283516 0.751666798025569 1.05570790609046
-9999 -9999 -9999 -9999 -9999 -9999 -9999 -9999 -9999 -9999 -9999 -9999 -9999 -9999 -9999 1.25931804662569 2.56627131306875 1.01803258071692 4.00788565276386 6.17799075384655 3.30680855359741 0.855416231659605 0.921888082668367 69.8314110619162 5.5681470123778 5.00840691065277 4.53982551266969 3.98448072712495 3.68083407836865 0.882425692651722 1.51530599546898 1.09117929707548 1.04136027442413 2.92825499743765 1.04828614552113 1.58948117530052 1.01019615902099 1.77957818819284 2.07990721657343 8.98255355476823 8.89820942654275 0.734904593681319 0.763684413850905 0.796158169963714 1.0779580831733 0.721619617807976
-9999 -9999 -9999 -9999 -9999 -9999 -9999 -9999 -9999 -9999 -9999 -9999 -9999 -9999 -9999 1.02307595048267 2.13053815841087 0.998512459133815 3.37709739643622 1.547244438772 3.14344157195623 0.870972338453674 1.57205771994932 69.8340919685216 1.01537861800761 1.111090513183 1.18960128137379 1.58423439844372 0.852412897632075 0.871863610245045 2.21246651439502 1.04841153325371 1.09410496589494 1.61574815884183 3.87094289286594 1.04024596401134 1.08783225792293 0.974268950055788 0.941665995731525 1.4003957593852 2.5111932273142 8.11361240162339 0.68259441763203 1.86759177407174 1.39040983907777 0.700784904174381
-9999 -9999 -9999 -9999 -9999 -9999 -9999 -9999 -9999 -9999 -9999 -9999 -9999 -9999 -9999 0.930048751627195 2.29605176893087 3.16514946902891 0.959200530273033 2.12420093272758 0.903898641857351 0.774500670395394 0.834662334278575 0.936318356115616 69.3752141734542 0.969170045801478 2.74106940362918 1.16084099533129 0.84534143460133 3.78201423067531 2.50744709791478 2.03513644485197 1.31033788588259 2.07939372175997 4.76033249955853 1.68596219645032 1.71303203649037 1.41885267190706 0.942862782353365 0.91677844716849 1.54772491371348 1.11117580893118 7.90296552958726 6.90290760114565 1.30669714702848 0.680412617487905
