Archive - glowpa-model-master/Model input/Uganda/rivergeometry/river_flowvelocity_1mar.asc
NCOLS 67 
NROWS 67 
XLLCORNER 29.500000001 
YLLCORNER -1.499999999 
CELLSIZE 0.0833333332985075 
NODATA_value -9999 
[rows 0 to 19 of 67, columns 0 to 45 of 67]
-9999.000000000000000 -9999 -9999 -9999 -9999 -9999 -9999 -9999 -9999 -9999 -9999 -9999 -9999 -9999 -9999 -9999 -9999 -9999 -9999 -9999 -9999 -9999 -9999 -9999 -9999 -9999 -9999 -9999 -9999 -9999 -9999 2.19143469480613 2.18873223565771 -9999 -9999 -9999 -9999 -9999 -9999 -9999 -9999 -9999 -9999 -9999 -9999 -9999
-9999 -9999 -9999 -9999 -9999 -9999 -9999 -9999 -9999 -9999 -9999 -9999 -9999 -9999 -9999 -9999 -9999 -9999 -9999 -9999 -9999 -9999 -9999 -9999 -9999 -9999 -9999 -9999 -9999 2.19919929490061 2.33237353698897 2.16250206770062 2.42609104668579 2.14983961655594 2.16487233035695 2.14207562016095 2.25224602526017 2.21955499707496 2.12426938936169 2.16319464199387 -9999 -9999 -9999 -9999 -9999 -9999
-9999 -9999 -9999 -9999 -9999 -9999 -9999 -9999 -9999 -9999 -9999 -9999 -9999 -9999 -9999 -9999 -9999 -9999 -9999 -9999 -9999 -9999 -9999 -9999 -9999 -9999 -9999 -9999 -9999 2.538623705351 2.12045706672813 2.48118917920383 3.01641875076477 2.98400592180455 2.12266873092202 2.90509537462362 2.85613763899659 2.7735631025088 2.58242709092358 2.43779083127926 2.14109698010958 2.23683035110641 2.19916646798526 -9999 -9999 -9999
-9999 -9999 -9999 -9999 -9999 -9999 -9999 -9999 -9999 -9999 -9999 -9999 -9999 -9999 -9999 -9999 -9999 -9999 -9999 -9999 -9999 -9999 -9999 -9999 -9999 2.14594015596447 -9999 -9999 -9999 2.56554641949184 2.0819063277078 3.07495065029481 2.1271680315434 2.12906156012993 2.96255269681529 2.32326319820232 2.19087288672288 2.19517869429011 2.42657694345696 2.255739336549 2.21986059533354 2.23696846244325 2.43830522583805 -9999 -9999 -9999
-9999 -9999 -9999 -9999 -9999 -9999 -9999 -9999 -9999 -9999 -9999 -9999 -9999 -9999 -9999 -9999 -9999 -9999 -9999 -9999 -9999 -9999 2.20415915191434 -9999 -9999 2.28957190336533 -9999 -9999 -9999 5.04107927572137 3.95067169242252 3.90736482575638 2.51662031477017 2.42602357949751 2.26009736959144 2.14701368775547 2.19283518684622 2.37190602921442 2.26890291713763 2.10516431070348 2.45121823435891 2.08292890082182 2.54067068615049 2.14748600447918 -9999 -9999
-9999 -9999 -9999 -9999 -9999 -9999 -9999 -9999 -9999 -9999 -9999 -9999 -9999 -9999 -9999 -9999 -9999 -9999 -9999 -9999 -9999 2.31606551544151 2.37125755140253 2.18632973258718 2.371712419843 2.0532138880602 4.98276396589427 4.98276396589427 4.99160947588836 4.99160947588836 1.97071815977639 3.90138406394328 2.99625277368872 2.96764175597515 2.24906573227203 2.60208972041409 2.54534783226757 2.21375682236821 2.11671194141675 2.12945159976824 2.16235517740467 2.54010768517657 2.61029959424529 2.15455268174526 -9999 -9999
-9999 -9999 -9999 -9999 -9999 -9999 -9999 -9999 -9999 -9999 -9999 -9999 -9999 -9999 -9999 -9999 -9999 -9999 -9999 2.21486525436035 2.74179271985877 2.78666477570166 2.89716769417134 2.93118579131679 2.49763367413969 1.96366262647556 4.98276396589427 4.98276396589427 4.99160947588836 4.99160947588836 3.26150149431055 2.00885904680868 3.87015958269153 2.27960767156441 2.94863151665201 2.72424672710986 2.68869874241782 2.51946592287008 2.15456028955881 2.31984192794488 2.42345867391816 2.64676579819836 2.84425075792115 2.08953160163846 -9999 -9999
-9999 -9999 -9999 -9999 -9999 -9999 -9999 -9999 -9999 -9999 -9999 -9999 -9999 -9999 -9999 -9999 -9999 2.42504604653347 2.5157266054032 2.63484648473499 2.21219613109603 2.30717627480786 2.18853803649273 2.93467197839046 1.58710291219729 2.52221382530036 4.98264744978906 2.18405045678626 2.42364126714201 2.4885487923079 3.02608432063631 3.03807310826851 3.86968929268954 2.03901159620809 2.18351644086989 2.3862092172359 2.38589748139855 2.22681753626051 2.15125348394553 2.17886701650824 2.5574608887 2.17122789077774 2.89463493426627 2.11957669173311 2.1037716230788 -9999
-9999 -9999 -9999 -9999 -9999 -9999 -9999 -9999 -9999 -9999 -9999 -9999 -9999 -9999 -9999 -9999 -9999 2.42496017139131 2.26236769787062 2.23131300427558 2.23550663618362 2.45751371418355 2.42966136877443 3.00495280832344 3.00874526810748 4.98145017435611 2.13944850580935 2.16080723191768 2.31605652448035 2.40687895751395 3.01720578996369 3.02812673357246 2.18140013899596 3.86856147443821 2.30476447266496 2.21127662718516 2.23112482712477 2.22059568144011 2.3172842908699 2.18543764307407 2.1957273160999 3.35546084189746 2.16410356061256 2.37207347038519 2.12661886407229 2.12322080584053
-9999 -9999 -9999 -9999 -9999 -9999 -9999 -9999 -9999 -9999 -9999 -9999 -9999 -9999 -9999 -9999 -9999 2.55100052826146 2.62193593306138 2.76001371774874 2.36233733473474 2.49333032723539 2.47290540218007 1.25655009988598 4.97630263684314 2.11970684651475 2.45915347990936 2.07291386574634 2.31033188252108 2.68863301751266 2.9695726733472 2.18521300505554 3.00344474325672 3.86812571539415 3.86501341521202 2.07533214949142 2.21012745862222 2.61290340334861 2.30510736476361 2.3955623097274 3.38305874522759 3.36047822974275 3.21012996907404 2.48255157202877 2.17297667247415 3.07245225870961
-9999 -9999 -9999 -9999 -9999 -9999 -9999 -9999 -9999 -9999 -9999 -9999 -9999 -9999 -9999 -9999 2.28664867840675 2.4599987959119 2.83947504592659 3.02023867315781 3.08116478016629 3.08522832594718 3.1331518048627 2.47404514699826 4.97560685060126 2.68950337014102 2.21661288082862 2.21450904846087 2.38528735432336 2.53891747070854 2.779958460731 2.20404797262489 2.97476619234005 2.31320111610588 2.10023481212099 3.86346937879266 2.64291928035017 2.25012336381246 3.43573641859643 3.42936487934958 2.35859766284192 2.18899329764288 2.17223986599785 3.16415906758315 3.11337653617823 2.1476240053972
-9999 -9999 -9999 -9999 -9999 -9999 -9999 -9999 -9999 -9999 -9999 -9999 -9999 -9999 -9999 -9999 2.28629183718393 2.71920458218669 2.24881196173171 2.35854663368612 2.26890624245165 2.12027282339376 1.27482162900299 4.97328285619723 2.04729996239702 2.64329763549413 2.58090728122334 2.24312155951992 2.24132716887915 2.46875979645543 2.70981024693125 2.75073494085542 2.92843940824113 2.31303152805343 2.28729839933444 3.66624310799602 3.4901944163974 3.48782845065359 2.79951722357578 2.22571497990372 2.57795692454259 2.5117861680625 2.15832827682545 2.53606183577276 2.15742535793536 2.16202809978372
-9999 -9999 -9999 -9999 -9999 -9999 -9999 -9999 -9999 -9999 -9999 -9999 -9999 -9999 -9999 2.27998778786644 2.58183145371975 2.33823680411927 2.467877000346 2.72213838449052 2.06203371574071 2.06940855928477 4.96698267045692 4.96698267045692 2.2777003882709 2.23952674304009 2.23428119647491 2.25169104992018 2.2665015690584 2.40472351965077 2.37162617040915 2.55987894633181 2.8515340782704 2.17970220829035 2.24762554898289 2.58801117794923 3.6483818138626 2.20835046313134 2.36957151778099 2.68265346110017 2.2175254137308 2.34544670521606 2.17254615149517 2.4152269575665 2.12938144559569 2.04720501294845
-9999 -9999 -9999 -9999 -9999 -9999 -9999 -9999 -9999 -9999 -9999 -9999 -9999 -9999 -9999 -9999 2.34706067602485 2.38938424419413 2.48976534327834 2.31282316401967 2.74124222020573 1.69067295140499 4.96698267045692 4.96698267045692 2.414262620339 2.25512236252688 2.44459610273555 2.28175063806492 2.34187771438506 2.21051620541169 2.23434944858296 2.43195499903892 2.83237358559102 2.54081183259285 2.25145504773643 2.282798038301 3.64661625373121 2.16130856408454 2.23368120831061 2.63521339070846 2.34110004042719 2.19727632630512 2.184742368785 2.32808332056552 2.14780644670732 2.48058597202255
-9999 -9999 -9999 -9999 -9999 -9999 -9999 -9999 -9999 -9999 -9999 -9999 -9999 -9999 -9999 -9999 -9999 2.37966669577802 2.53970922546054 2.64234624980834 2.66392402356146 2.91312509912828 4.96538475061114 2.52227341300018 2.41341987437666 2.54252100308154 2.26527596265208 2.55165783684558 2.21860908083348 2.26117160310675 2.27533298860605 2.2786118564442 2.67132684679123 2.44395586993089 2.28644192208445 2.29497156208528 2.68554671491269 3.62153971166532 2.17558512007022 2.16689547447441 3.26963706627269 2.23518192211968 2.46753846539505 2.30968783018256 3.17929752424467 2.50309643601509
-9999 -9999 -9999 -9999 -9999 -9999 -9999 -9999 -9999 -9999 -9999 -9999 -9999 -9999 -9999 -9999 2.44961068316055 2.5850712289127 2.26250894060246 2.43683000876916 2.50138201406544 2.50715692919838 4.96146344847616 2.30156653631147 2.8762719972746 2.86924309872286 2.67841736543747 2.26881436799501 2.20278867795321 2.51919262790351 2.5262552314082 2.25521818368652 2.30330996184655 2.53185214529382 2.38375222586272 2.47239034947273 2.55626897411503 2.53413581446929 3.60375073386767 3.29288235095577 2.44715471083451 3.26402836461331 3.22334440522019 3.20521513703158 2.29976410469309 3.1269881972107
-9999 -9999 -9999 -9999 -9999 -9999 -9999 -9999 -9999 -9999 -9999 -9999 -9999 -9999 -9999 -9999 2.44702232562493 2.87535116829483 2.9878307037075 2.26297424346348 3.22060159935958 3.27824876238355 3.27813117256957 4.96064548187572 2.23785781962634 2.22740119977052 2.2455364579147 2.25459447972387 2.80050905188505 2.74274036572028 2.24557526413397 2.26156514935624 2.39626422310107 2.3363513060348 2.49125737481243 2.30857843240616 2.28158115034942 2.23938754588043 2.6334096128708 3.37962330482474 2.10940999025651 2.30733968222573 2.14428026167379 2.12336198318475 2.13118117187187 2.27487918208077
-9999 -9999 -9999 -9999 -9999 -9999 -9999 -9999 -9999 -9999 -9999 -9999 -9999 -9999 -9999 2.4173693929365 2.75499468820728 2.32207174809179 2.96552595836171 3.20497834626918 2.71645980412869 2.11841774461833 2.12024585577249 4.94851242361934 3.0089365063824 2.96450834004368 2.92608890553812 2.8796191318579 2.85324866749033 2.21186272980335 2.43737749264467 2.30092168585403 2.26963290615816 2.73960650382182 2.26598258337813 2.45003716297173 2.25192181271405 2.49801457019031 2.56966245346349 3.37479706564704 3.36943329886792 2.17511339233133 2.15387673229464 2.14945581341836 2.26987918959325 2.11563994010408
-9999 -9999 -9999 -9999 -9999 -9999 -9999 -9999 -9999 -9999 -9999 -9999 -9999 -9999 -9999 2.32843443423739 2.66312730467932 2.316550155188 2.88556847733243 2.36189050196587 2.69828505894674 2.06161098662434 2.32306923854078 4.94816929552769 2.10605606077456 2.20521674732879 2.22426005998386 2.3736224855015 2.17406418440362 2.20967747680329 2.61464808340767 2.28659180354998 2.30386208233803 2.46656968227968 2.87950367279621 2.2471222297266 2.27179448487593 2.23655137787542 2.22106825951511 2.39166754314941 2.66950489508653 3.31820561679873 2.14505352558114 2.52524687491713 2.38626742532964 2.09569389277198
-9999 -9999 -9999 -9999 -9999 -9999 -9999 -9999 -9999 -9999 -9999 -9999 -9999 -9999 -9999 2.29255945720001 2.70557458027986 2.8682432895014 2.23350810494812 2.54528834638472 2.08074860831192 2.045715352005 2.2075645129998 2.01303714893067 4.94362667019 2.07266352491265 2.60424952146085 2.21399822939754 2.16040102055449 2.8847084534212 2.6748099507368 2.57175607373506 2.36645396282292 2.57620806011372 2.99105206013211 2.46312712065596 2.47181161867328 2.36867767787426 2.20906316756095 2.20905627087799 2.44690772591716 2.31108382510368 3.30130226397333 3.22069573387585 2.389589121005 2.13890852063966
