Archive - glowpa-model-master/Model input/Uganda/rivergeometry/river_flowvelocity_1sep.asc
NCOLS 67 
NROWS 67 
XLLCORNER 29.500000001 
YLLCORNER -1.499999999 
CELLSIZE 0.0833333332985075 
NODATA_value -9999 
[rows 20 to 39 of 67, columns 0 to 45 of 67]
-9999 -9999 -9999 -9999 -9999 -9999 -9999 -9999 -9999 -9999 -9999 -9999 -9999 -9999 -9999 2.52429587013389 2.28843927151601 2.31851933587361 2.4371062972222 2.3771407024341 2.28335659251905 2.41532872963057 2.58887600983364 2.76744679214101 2.89854327002734 2.83545652460378 2.34731097622475 2.49615836815285 5.06731923095411 3.010536548518 2.26350543016642 2.27844868672238 2.43213061638654 2.43741965000149 3.28193350196405 3.26643353147759 2.73946868093493 2.42859000068604 2.27117849995193 2.34917669906857 2.4068713150199 2.42163622033586 2.50115445172483 2.53185189772653 3.2846032170677 2.21324756716979
-9999 -9999 -9999 -9999 -9999 -9999 -9999 -9999 -9999 -9999 -9999 -9999 -9999 -9999 -9999 2.250294313884 2.27971995717932 2.26109993989743 2.18863942075696 2.28532165041929 2.44002548692548 2.23375175914879 2.69496887817531 2.28734068466625 5.07114904547914 5.07085970598994 5.07031583186383 5.06806131409104 2.42048832626328 5.06384221658342 5.06352670266227 2.33226797106154 2.58381933885888 2.40573212990248 3.32369120142042 2.28860591651455 2.41839070826934 3.00775125376712 2.89180907926814 2.81593373434508 2.69585796935598 2.30043592786602 2.28463263430382 2.38389852207495 2.35863427129498 3.22530546164201
-9999 -9999 -9999 -9999 -9999 -9999 -9999 -9999 -9999 -9999 -9999 -9999 -9999 -9999 -9999 -9999 2.27202868543296 2.4250251995676 2.35376290816948 2.19216477445435 5.05260309073416 5.05260309073416 5.05260309073416 5.07151202212465 2.30620375610633 2.32286013365719 2.3581059675062 2.77720130618269 2.70207922552122 2.58896014688549 2.47590045451888 5.06241992372066 5.06202784202126 5.06057104192577 2.38628758432585 2.41478941829707 3.0905403079476 2.38353901623135 2.58418127043999 2.41595568779044 2.3865333329371 2.30713017872956 2.27913329015765 2.27793902861508 2.35490948816538 2.35160019887332
-9999 -9999 -9999 -9999 -9999 -9999 -9999 -9999 -9999 -9999 -9999 -9999 -9999 -9999 -9999 -9999 -9999 2.31474491681489 5.05260309073416 5.05260309073416 5.05260309073416 5.05260309073416 5.05260309073416 2.56509630456706 2.47890106213491 2.70180891990817 2.53155885720537 2.73206930298324 2.42231303404959 2.40831453838827 2.34444179837575 2.34957947524479 2.70782372072265 5.05120028806601 2.36601908499964 2.56001473639695 3.17918480624575 2.58377950899782 2.40887618212472 2.37032656864485 2.30143100565403 2.2892231707913 2.51649342432941 2.70172380386598 2.3625163746231 2.26464209000597
-9999 -9999 -9999 -9999 -9999 -9999 -9999 -9999 -9999 -9999 -9999 -9999 -9999 -9999 -9999 2.20360179105853 2.15683413414262 5.05260309073416 5.05260309073416 5.05260309073416 5.05260309073416 5.05260309073416 5.05260309073416 5.05260309073416 3.22112474632445 3.10301633549035 3.05637579405121 2.56512689633202 2.50929282378568 2.2268097968669 2.33806364932442 2.34561062509202 2.35072297032222 2.77323644919358 5.05034129109146 3.18913333926313 2.38599162418293 2.33547830756546 2.32874621733578 2.73949901329707 2.55550710142228 2.28388820589563 2.95593048816879 2.753110439041 2.28789037274402 2.44313509248401
-9999 -9999 -9999 -9999 -9999 -9999 -9999 -9999 -9999 -9999 -9999 -9999 -9999 -9999 -9999 2.31972166706298 5.05260309073416 5.05260309073416 5.05260309073416 5.05260309073416 5.05260309073416 5.05260309073416 5.05260309073416 5.05260309073416 2.52498914531509 2.37535697269896 2.39074288700359 2.79014896523317 2.37626576373512 2.50136703535634 2.3347798943613 2.33932294796748 2.34689707029983 5.04218147047716 3.04829556343088 2.97571553246534 2.9440595663608 2.8821602223792 2.80506547159101 2.4475197733599 2.45238672684348 2.28823249715334 3.04805276810112 2.51963202421473 2.28061111745708 2.29605630953307
-9999 -9999 -9999 -9999 -9999 -9999 -9999 -9999 -9999 -9999 -9999 -9999 -9999 -9999 -9999 5.05260309073416 5.05260309073416 5.05260309073416 5.05260309073416 5.05260309073416 5.05260309073416 5.05260309073416 5.05260309073416 2.42421595957043 2.85977088518246 2.40287591393004 2.40638157170698 2.71368455764673 2.30689700604481 2.73596235027278 2.48840384835339 2.50232754744665 2.34004064123648 5.03727324364178 5.03778706374495 2.54620432139181 2.38347440158731 2.33381018008491 2.34386256418433 2.64560758177328 2.59177298125001 3.17452025714811 2.30763071564545 2.6561929949553 2.50855454259159 2.41317305432869
-9999 -9999 -9999 -9999 -9999 -9999 -9999 -9999 -9999 -9999 -9999 -9999 -9999 -9999 -9999 5.05260309073416 5.05260309073416 5.05260309073416 5.05260309073416 5.05260309073416 5.05260309073416 5.05260309073416 5.05260309073416 2.21003777256955 2.69585181039827 2.37385341874138 2.32886855836128 2.32164181975573 2.32948298496339 2.32112681231912 2.87145836256558 5.03694683721523 5.03694683721523 5.03694683721523 2.3160991193066 2.32699721525534 2.38244409223971 2.64996983743757 2.81625856489231 3.39609250911399 3.34443437239239 2.97026786139188 2.3460423285779 2.71703426881402 4.96890220680465 4.96890220680465
-9999 -9999 -9999 -9999 -9999 -9999 -9999 -9999 -9999 -9999 -9999 -9999 -9999 -9999 5.05260309073416 5.05260309073416 5.05260309073416 5.05260309073416 5.05260309073416 5.05260309073416 5.05260309073416 5.05260309073416 2.7112552523346 2.58534299840846 2.64920644430876 2.57923572274275 2.31860037848567 2.67956531929742 2.31206443846095 2.27535581409218 2.46316455815012 5.03694683721523 5.03694683721523 5.03694683721523 3.54310911859701 2.51897407074192 2.33451764581834 2.47435054244021 3.47133749970356 2.39214827277792 2.3648916532099 2.86782142704209 2.81038107973491 2.29790088396045 4.96890220680465 4.96890220680465
-9999 -9999 -9999 -9999 -9999 -9999 -9999 -9999 -9999 -9999 -9999 5.05260309073416 5.05260309073416 5.05260309073416 5.05260309073416 5.05260309073416 5.05260309073416 5.05260309073416 5.05260309073416 5.05260309073416 5.05260309073416 2.34867557707552 2.34645198329997 2.2764305701456 2.29360383931847 2.47679304482413 2.30030399641262 2.73113296551975 2.28763339632092 2.19333982133426 2.49153989381929 5.03694683721523 5.03694683721523 5.03694683721523 4.96890220680465 3.5178524039587 3.5042855722994 3.4940351917965 4.96890220680465 4.96890220680465 4.96890220680465 4.96890220680465 4.96890220680465 4.96890220680465 4.96890220680465 4.96890220680465
-9999 -9999 -9999 -9999 -9999 -9999 -9999 -9999 -9999 -9999 2.42455125016656 5.05260309073416 5.05260309073416 5.05260309073416 5.05260309073416 5.05260309073416 5.05260309073416 5.05260309073416 5.05260309073416 5.05260309073416 2.42338980272305 2.25802200984254 2.24615611732895 2.42128807480292 2.28822001352563 2.2580338253491 2.4848305384606 2.86169689061193 2.4561568462161 2.10111382202597 3.88982751047243 2.58590626092168 2.32992154905101 2.64685545422024 4.96890220680465 4.96890220680465 4.96890220680465 4.96890220680465 4.96890220680465 4.96890220680465 4.96890220680465 4.96890220680465 4.96890220680465 4.96890220680465 4.96890220680465 4.96890220680465
-9999 -9999 -9999 -9999 -9999 -9999 -9999 -9999 -9999 -9999 5.05260309073416 5.05260309073416 5.05260309073416 5.05260309073416 5.05260309073416 5.05260309073416 5.05260309073416 5.05260309073416 2.23226218851289 2.814168471023 2.28422103118328 2.28610784032804 2.30073500182856 2.28910689967562 2.69651217330179 2.47763887551385 2.93042545692328 2.89624490501754 3.79291864683204 3.88769429989814 3.30730888818694 2.36574519807615 2.36926174000787 2.35416098331015 2.60063185085931 2.46592184874918 4.96890220680465 4.96890220680465 4.96890220680465 4.96890220680465 4.96890220680465 4.96890220680465 4.96890220680465 4.96890220680465 4.96890220680465 4.96890220680465
-9999 -9999 -9999 -9999 -9999 -9999 -9999 -9999 -9999 2.3906078143994 5.05260309073416 5.05260309073416 5.05260309073416 5.05260309073416 5.05260309073416 5.05260309073416 5.05260309073416 2.58926090897038 2.29886359482121 2.77602455413832 2.63896431719913 2.46904958876655 2.31275660893246 2.34996094006182 3.43954364244413 3.46498185993864 2.96284836344208 3.78521621100238 2.25694260133422 2.2486508122748 2.30009341481016 3.27795512587445 2.39118726854718 2.40170155459525 2.37575263193703 2.35706227506019 4.96890220680465 4.96890220680465 4.96890220680465 2.28926033698737 4.96890220680465 4.96890220680465 4.96890220680465 4.96890220680465 4.96890220680465 4.96890220680465
-9999 -9999 -9999 -9999 -9999 -9999 -9999 -9999 -9999 2.37026279688882 5.05260309073416 5.05260309073416 5.05260309073416 5.05260309073416 5.05260309073416 5.05260309073416 2.32897938168399 2.45230715856082 2.20213699508073 2.20584323305444 2.25285790533412 2.25056611406963 3.34643679728296 3.39750320686055 2.62466777952077 2.26751004396903 3.55206115661122 2.24572220594847 3.49053940332578 2.91082569959184 2.38612631849783 2.28662934795603 3.2709030084044 2.56421154060844 2.39726589301301 2.33741488921453 2.90321817575896 2.34084280424847 2.25107352799357 3.3691753069127 4.96890220680465 4.96890220680465 0.882049228960363 4.96890220680465 4.96890220680465 4.96890220680465
-9999 -9999 -9999 -9999 -9999 -9999 2.44659376823053 2.58538713106653 2.39772280015507 2.19367404560576 3.51972119741487 5.05260309073416 5.05260309073416 5.05260309073416 5.05260309073416 2.33013210413197 2.34188778018472 2.25621606709941 2.25374677507049 2.15285302163225 2.85543090397521 3.29749685744408 2.35231951284817 2.26553295596387 2.2599314682401 2.49755423402067 2.5285176698526 2.34200052138574 3.40465615965003 2.36292572526625 2.84248299902387 2.35049622359472 2.6161063334616 3.15334425117498 2.32990713923468 2.36278571675369 2.51163706363162 2.71592453476172 2.35084524535449 3.3691753069127 2.36645933048655 4.85796822728959 2.94337590833435 2.38853949053578 4.96890220680465 4.96890220680465
-9999 -9999 -9999 -9999 -9999 -9999 2.60955472444215 2.68430243855478 2.21268360262056 3.51893656138757 2.17143373536284 5.05260309073416 5.05260309073416 5.05260309073416 5.05260309073416 3.23870010438541 3.1979745698743 3.17038229419247 3.11414781359677 3.08821010481533 2.77321483680758 2.23865098152265 3.19485773401545 3.13486327724919 2.24307657071077 2.27213759522691 2.34958693820434 2.66806986296416 3.36121570684008 2.19561799537109 2.76423143554417 2.34460895956572 2.49378951710923 2.32184583127888 3.09439275121029 2.34683582690395 2.34702803343408 2.64565217239574 2.39488044279905 3.33998348272051 2.403499284575 4.85155125100438 2.5689380696958 2.86800990679806 2.35117561285917 2.54283633011341
-9999 -9999 -9999 -9999 -9999 2.25074527531268 2.34966769393051 2.65644773685676 3.51633476308265 2.03782019102665 1.97924031704415 5.05260309073416 5.05260309073416 5.05260309073416 2.35719440642327 2.76489989254665 2.25018385615208 2.44378392921423 2.39528139657186 3.07420160947134 2.17188150068456 2.72129357288438 2.57857810308424 3.10284109674588 2.34281522501606 2.27937426294979 2.25185446271843 2.49973158440504 2.60579874413988 3.3291551590452 2.38165669802534 2.58097696221947 2.33163490974964 2.32822445545354 2.91669146181666 2.76931175997059 2.33585934347269 2.38398794392597 2.56891777840866 3.31825059441702 2.40364768715622 4.85033427774089 2.3949509572219 2.76349036709402 2.34283513460103 2.36264829606433
-9999 -9999 2.04068460992984 2.34582890388327 2.19697376040685 2.10541080456542 2.09098088311716 2.46480042922854 3.46413064843986 1.98161603846518 2.63762294016678 2.64976244819147 3.49501465167982 2.34399557155693 2.44311113372763 2.60859751368813 2.42640431829392 2.32034257896083 2.24641228098858 3.06585365278112 2.2203378335244 2.67042635220613 2.43211930447986 2.77584266620671 3.05917932783643 2.42406480864101 2.27463170840108 2.26791665778518 2.56341796029368 3.32323754335119 3.28246468200774 2.24353712973949 2.34075687685036 2.34592856558738 2.85909127999479 2.2168437128073 2.58081428846557 2.36755880268299 2.44598661690013 3.24477552326461 2.40561800356152 4.84860799379285 2.37794990942352 2.37147098732975 2.48471920021839 2.33216193126973
-9999 2.26997641212238 2.58115060214947 2.24311419096889 1.94799809175839 2.20357047486514 3.43744534998898 3.44600293400645 2.06159931921932 1.98228705311173 2.61924764953327 2.30573693745338 2.78963977741147 3.44179075314556 3.39710922853434 2.42911699041813 2.58489564245341 2.37699342465979 2.70008644584104 2.92989774610211 2.5651795501053 2.40918056156088 2.43723670869996 2.71152108972939 2.28545855431282 2.76613936057868 2.14074128151803 2.09014143105496 2.3439639216769 2.33187214616174 2.61810759556746 3.27512443631186 2.6091358172586 2.24332102387808 2.83431253896233 2.26661152713433 2.49617642941588 2.32093371157924 2.39966561999812 3.20526220926961 2.26966481690401 4.846677248168 2.35101231769724 2.34436874130044 2.18525539792743 2.60838540524202
-9999 2.23985124984765 2.36459841859316 3.38587764001527 3.38996969643955 3.4263522898817 2.24903069504959 2.36684798537416 2.37689767425189 2.58631216720877 2.32054265540515 2.63959498644121 2.37112154481801 2.71845413176351 2.36063753357453 3.36414381888149 3.17245195550621 2.36700218777944 2.4577269368217 2.4233539044805 2.79540455239063 2.42654306374131 2.4161786613515 2.6399447389835 2.31542683143517 2.72201415717934 2.66782105361681 2.52092006788755 2.10497292279764 2.10775713324576 2.44605336121123 2.3086898474866 3.21533330154273 2.23352185879211 2.26286220732139 2.76921598007911 2.27171807721393 2.24394538156794 2.97228995683873 2.98127562563048 2.24643878247398 2.27288740437055 4.84561999383255 2.9260239815266 2.32440362092599 2.49850754868933
