Archive - glowpa-model-master/Model input/Uganda/rivergeometry/river_flowvelocity_1jan.asc
NCOLS 67 
NROWS 67 
XLLCORNER 29.500000001 
YLLCORNER -1.499999999 
CELLSIZE 0.0833333332985075 
NODATA_value -9999 
[rows 20 to 39 of 67, columns 0 to 45 of 67]
-9999 -9999 -9999 -9999 -9999 -9999 -9999 -9999 -9999 -9999 -9999 -9999 -9999 -9999 -9999 2.54375881760943 2.30787496608979 2.33834995380874 2.43739902457152 2.17771018946427 2.06685718465858 2.23680757798083 2.48960110202648 2.54889023977994 2.70602745265887 2.63768079124817 2.16250050306423 2.33079038733215 4.99719637909852 2.93435251016722 2.21122389314133 2.22384114612649 2.35817877989375 2.35744273124244 3.17749130532998 3.16303061549648 2.65468814543001 2.37500529501941 2.23181475918347 2.32652871079648 2.35918271002488 2.35104213647731 2.44517871284407 2.49100233010836 3.21353874702452 2.20854684779259
-9999 -9999 -9999 -9999 -9999 -9999 -9999 -9999 -9999 -9999 -9999 -9999 -9999 -9999 -9999 2.26780996745305 2.29404459388654 2.27991196736229 2.19072138036666 2.25112047872219 2.37032445904179 2.15261984616999 2.49578179751074 2.16131700042716 5.00004955153994 4.99961599448748 4.99913364792392 4.99763095435836 2.23011526437327 4.99416071951968 4.99391421142152 2.27122528570271 2.50423083550616 2.32857279567387 3.21698114368318 2.20556428971793 2.3727138517089 2.9670637333087 2.84954930124182 2.76664559644536 2.62657099281673 2.23890875754098 2.21474886891929 2.30909750796732 2.29881545326358 3.15001277167404
-9999 -9999 -9999 -9999 -9999 -9999 -9999 -9999 -9999 -9999 -9999 -9999 -9999 -9999 -9999 -9999 2.27222594879058 2.42755869628021 2.34184545206564 2.15611891508357 5.03080608593057 5.03080608593057 5.03080608593057 5.0005986096719 2.25988701124123 2.25789782281279 2.20958445702499 2.62532556843597 2.567883939319 2.49127550979351 2.39905933583043 4.99291135120748 4.99250161424021 4.99119736011919 2.31408216401562 2.36669036632755 3.05375298224628 2.38536473328512 2.53987195728235 2.36118852881183 2.2997636385196 2.22562128566654 2.19248218867393 2.17961914334475 2.27652996955024 2.2726202455845
-9999 -9999 -9999 -9999 -9999 -9999 -9999 -9999 -9999 -9999 -9999 -9999 -9999 -9999 -9999 -9999 -9999 2.29199094927786 5.03080608593057 5.03080608593057 5.03080608593057 5.03080608593057 5.03080608593057 2.46325464963913 2.39811567688752 2.56680357191607 2.37071769931495 2.55460242931536 2.23957944276833 2.33207493281917 2.27270668493166 2.274673324998 2.62142649372055 4.98338863017363 2.30606421392055 2.53237101576239 3.13275373170805 2.51134815385274 2.34509979507421 2.34581359812053 2.21584652776625 2.2065243440227 2.44026452523249 2.61514070087088 2.29775697258011 2.19444992737976
-9999 -9999 -9999 -9999 -9999 -9999 -9999 -9999 -9999 -9999 -9999 -9999 -9999 -9999 -9999 2.21252523711639 2.1553461471416 5.03080608593057 5.03080608593057 5.03080608593057 5.03080608593057 5.03080608593057 5.03080608593057 5.03080608593057 3.05089449177481 2.93429957172613 2.89200736088839 2.42312535645458 2.37822260987923 2.16229968895593 2.26345811441483 2.27066992602617 2.27548209818919 2.68566455276044 4.98253991386021 3.14181190215107 2.31562948602116 2.29140563369716 2.32651158861784 2.67792677579416 2.46936993219249 2.20144031952725 2.86287327084616 2.66677465184713 2.22051491029383 2.3710092791734
-9999 -9999 -9999 -9999 -9999 -9999 -9999 -9999 -9999 -9999 -9999 -9999 -9999 -9999 -9999 2.32395316501017 5.03080608593057 5.03080608593057 5.03080608593057 5.03080608593057 5.03080608593057 5.03080608593057 5.03080608593057 5.03080608593057 2.39053687437643 2.23904858214114 2.24110700519711 2.66751929224313 2.27920169907365 2.42417344017961 2.26043993608571 2.26628605836044 2.2733741605861 4.97470648298399 2.9938757259673 2.93185549677655 2.90029289934221 2.8365376986972 2.74838612972306 2.37285852900694 2.37586370664818 2.20869278796837 2.95397098840358 2.45379737160521 2.21232400925205 2.22769860182686
-9999 -9999 -9999 -9999 -9999 -9999 -9999 -9999 -9999 -9999 -9999 -9999 -9999 -9999 -9999 5.03080608593057 5.03080608593057 5.03080608593057 5.03080608593057 5.03080608593057 5.03080608593057 5.03080608593057 5.03080608593057 2.33166131917437 2.77593328451353 2.24150127628478 2.27105916778535 2.61408204459581 2.24047052895299 2.65240608543733 2.41145306967091 2.42587350075064 2.26856979333568 4.96974410698789 4.97051302596866 2.47376752380159 2.31318793523874 2.2616965232603 2.26637792999098 2.51535316468074 2.46412247028235 3.04789967732006 2.20259624698334 2.5832305136543 2.44139326172851 2.34093962214838
-9999 -9999 -9999 -9999 -9999 -9999 -9999 -9999 -9999 -9999 -9999 -9999 -9999 -9999 -9999 5.03080608593057 5.03080608593057 5.03080608593057 5.03080608593057 5.03080608593057 5.03080608593057 5.03080608593057 5.03080608593057 2.13417881911397 2.6437535005449 2.31705136168121 2.27772068609471 2.2590267023611 2.25895714060708 2.2435788496062 2.78322368331489 4.96942762773732 4.96942762773732 4.96942762773732 2.24599437556114 2.25722420931583 2.30856823702158 2.5671546821284 2.68421533662171 3.24363170113871 3.20477946830606 2.84814849745794 2.21640793893555 2.64432598425006 4.90988468304326 4.90988468304326
-9999 -9999 -9999 -9999 -9999 -9999 -9999 -9999 -9999 -9999 -9999 -9999 -9999 -9999 5.03080608593057 5.03080608593057 5.03080608593057 5.03080608593057 5.03080608593057 5.03080608593057 5.03080608593057 5.03080608593057 2.67801897122791 2.56033293270901 2.61019354010875 2.54270405646717 2.26239885537334 2.61130855806535 2.25592177785782 2.21113373509201 2.38242071698749 4.96942762773732 4.96942762773732 4.96942762773732 3.36224256231369 2.34772936787172 2.21418124443877 2.20286718167188 3.30634694321632 2.24677307611456 2.30678406976912 2.7869156088384 2.73217099726939 2.22023095580325 4.90988468304326 4.90988468304326
-9999 -9999 -9999 -9999 -9999 -9999 -9999 -9999 -9999 -9999 -9999 5.03080608593057 5.03080608593057 5.03080608593057 5.03080608593057 5.03080608593057 5.03080608593057 5.03080608593057 5.03080608593057 5.03080608593057 5.03080608593057 2.29600580054999 2.30553237993288 2.27125303595252 2.31034362988589 2.44732827610221 2.28704838875394 2.66963159825395 2.22920593423251 2.12249611241935 2.42010494865117 4.96942762773732 4.96942762773732 4.96942762773732 4.90988468304326 3.33937383450588 3.325101601361 3.3195262623163 4.90988468304326 4.90988468304326 4.90988468304326 4.90988468304326 4.90988468304326 4.90988468304326 4.90988468304326 4.90988468304326
-9999 -9999 -9999 -9999 -9999 -9999 -9999 -9999 -9999 -9999 2.42012957178646 5.03080608593057 5.03080608593057 5.03080608593057 5.03080608593057 5.03080608593057 5.03080608593057 5.03080608593057 5.03080608593057 5.03080608593057 2.37963244535422 2.21824959614323 2.25969278084572 2.43849014030542 2.3027510993655 2.27070409224636 2.48691505797172 2.81959798782907 2.39408923969092 1.98830283430008 3.83551709926409 2.52143410563688 2.27240557441172 2.58065715843098 4.90988468304326 4.90988468304326 4.90988468304326 4.90988468304326 4.90988468304326 4.90988468304326 4.90988468304326 4.90988468304326 4.90988468304326 4.90988468304326 4.90988468304326 4.90988468304326
-9999 -9999 -9999 -9999 -9999 -9999 -9999 -9999 -9999 -9999 5.03080608593057 5.03080608593057 5.03080608593057 5.03080608593057 5.03080608593057 5.03080608593057 5.03080608593057 5.03080608593057 2.20886202610642 2.7691332564865 2.23987653835614 2.2392011899797 2.32269869052612 2.30840540057662 2.71517315750271 2.48517887187793 2.8872451680104 2.85108280841791 3.73788832151443 3.83238766018844 3.25656962115746 2.30572131475583 2.30539439137648 2.29311005788118 2.53396476246469 2.40488286638327 4.90988468304326 4.90988468304326 4.90988468304326 4.90988468304326 4.90988468304326 4.90988468304326 4.90988468304326 4.90988468304326 4.90988468304326 4.90988468304326
-9999 -9999 -9999 -9999 -9999 -9999 -9999 -9999 -9999 2.37809264989224 5.03080608593057 5.03080608593057 5.03080608593057 5.03080608593057 5.03080608593057 5.03080608593057 5.03080608593057 2.5583694137319 2.25202692982122 2.73133537239189 2.60401738247023 2.44970805896063 2.24298125778652 2.267110541862 3.3708257979206 3.39965439697424 2.91710763165202 3.72974999787159 2.20904345772982 2.1870759689143 2.24403910868165 3.22873120948208 2.32687114186409 2.33814870576904 2.31595034114351 2.29969845483534 4.90988468304326 4.90988468304326 4.90988468304326 2.18533445625566 4.90988468304326 4.90988468304326 4.90988468304326 4.90988468304326 4.90988468304326 4.90988468304326
-9999 -9999 -9999 -9999 -9999 -9999 -9999 -9999 -9999 2.35971863124164 5.03080608593057 5.03080608593057 5.03080608593057 5.03080608593057 5.03080608593057 5.03080608593057 2.29825965701261 2.42397762107937 2.16268319285589 2.16996802635333 2.17985192888371 2.10894870147617 3.26966114987155 3.31989583580764 2.56815723745084 2.21112739708749 3.4883475722387 2.19082424388768 3.44955318845663 2.84808869252194 2.32180211468668 2.22998526446165 3.22050575506113 2.49861273790338 2.33703305653633 2.28991710285155 2.84654162909832 2.29441301255718 2.20650286757454 3.36625024294506 4.90988468304326 4.90988468304326 1.18640708103302 4.90988468304326 4.90988468304326 4.90988468304326
-9999 -9999 -9999 -9999 -9999 -9999 2.46461604517386 2.59368899690737 2.39668901381934 2.20128183402381 3.79164323304706 5.03080608593057 5.03080608593057 5.03080608593057 5.03080608593057 2.31114591694551 2.30862457497919 2.23363509148783 2.24515709494164 2.19122526747152 2.77818657093323 3.22488273554704 2.35967590458071 2.24815542176691 2.22620403379998 2.44889125235324 2.48729708171691 2.3035369627429 3.37229069744026 2.30433866612764 2.78147153218973 2.29276444136925 2.56296537945541 3.11282552067616 2.2803393861777 2.30792050102994 2.45784864519683 2.66395223476055 2.30437378387961 3.36625024294506 2.36827734629257 4.89239127386386 2.89387445281291 2.3421935648318 4.90988468304326 4.90988468304326
-9999 -9999 -9999 -9999 -9999 -9999 2.62558481575628 2.69281291575386 2.22205839191494 3.78807316336888 2.17115791751675 5.03080608593057 5.03080608593057 5.03080608593057 5.03080608593057 3.10512693407337 3.05526525720345 3.01847507310263 2.9387433284676 2.89116059175267 2.65242269962588 2.25117366305391 3.12681488970202 3.06767383580373 2.20617693161281 2.21973106265532 2.3140083795162 2.61172490153067 3.33341589407127 2.13668415611358 2.70495335562632 2.29226193638724 2.44696219045418 2.27624669952717 3.05762340463226 2.29857436694238 2.2991512788961 2.59357329797598 2.34666686109092 3.34263421338602 2.39260850689413 4.8883782212468 2.52524701132382 2.82203489759066 2.31132821755104 2.49862497463741
-9999 -9999 -9999 -9999 -9999 2.27247859793183 2.36914816623924 2.67165386651863 3.78188985550591 2.02070939058031 1.95778973818655 5.03080608593057 5.03080608593057 5.03080608593057 2.25500299091819 2.5629453521728 2.16103485844519 2.39873052676896 2.35171102237405 2.86137965169224 2.17988874030379 2.56456451010218 2.48826277981105 3.02866222219315 2.32713759080091 2.22117948631225 2.20247870367982 2.44796253535329 2.57409188310186 3.30185877785837 2.32454960279037 2.52940731788615 2.28489452318001 2.28732322184471 2.8741824520693 2.7480881908429 2.29411322435258 2.33635999931517 2.51810424222596 3.32221075298261 2.3885156968547 4.88826646402071 2.35568332307948 2.71989323984595 2.30439816722394 2.32216562767912
-9999 -9999 2.06566622971234 2.37371344106923 2.2245621444173 2.11999844358376 2.10061960038385 2.48123226968785 3.74927702565259 1.91636093802317 2.57878396834638 2.59117459377274 3.34790307313466 2.22380097390762 2.24211993146604 2.41810077142757 2.24529362754977 2.21714167856372 2.13779506410182 2.84165504835628 2.08607498392858 2.4642639740728 2.24242888351313 2.61848699470219 2.9731477202243 2.41398005137637 2.25873879640167 2.2285013087905 2.53635758512999 3.29554271830359 3.25371421318138 2.19258584794559 2.29296304404915 2.30715368097363 2.81755754095864 2.20870867621965 2.57375451016684 2.3267014944867 2.40135960926419 3.25909805072416 2.38908912229945 4.88749920714889 2.34186235006172 2.33323952202871 2.44748487216242 2.29488800406537
-9999 2.2909427280998 2.60618646864576 2.25803132144614 1.97105799463718 2.21634388533543 3.73567942362399 3.73984682220154 1.98492028301296 1.89961916458009 2.56457891592225 2.26420579736785 2.74958050331748 3.27885351856615 3.21523758975474 2.28338961980479 2.38586047688455 2.19157672592003 2.49681295247739 2.70636033147343 2.37472512209254 2.22629210583233 2.24009338981404 2.53549864720295 2.16911374564835 2.73417078021171 2.15457552418426 2.10390310693791 2.33380594753232 2.30231958285555 2.5967684236154 3.24679969315297 2.57932535297078 2.21947571301381 2.79088066583481 2.2513160675675 2.49829651779179 2.30492858586323 2.38563424440297 3.22186782086769 2.26760655603919 4.88648901446881 2.32097982459949 2.30577512234681 2.15073393953656 2.58046890671095
-9999 2.25674675686205 2.38460982807824 3.71361225134189 3.71656614578447 3.72978287932107 2.19445606500667 2.29211359702674 2.32194323892518 2.53540634309471 2.27596019944456 2.61971254299359 2.37727626103867 2.69354817343913 2.3314054715469 3.174719598685 2.97303045391557 2.19284126310728 2.25704727509359 2.23559038069501 2.57519833388749 2.23418683837337 2.24111441811775 2.47488016766508 2.17947355674091 2.68089712385071 2.61687053231625 2.50702930991499 2.11768543001851 2.10136452853602 2.44051262131 2.28226677104532 3.18894658885582 2.22678429204619 2.24559586983563 2.71803459464786 2.27629714396027 2.24817277070942 2.97810478801505 3.00533163148025 2.2555798867256 2.27630282927634 4.88602030763431 2.91199098084783 2.29254357365883 2.47699375985718
