Archive - glowpa-model-master/Model input/Uganda/rivergeometry/river_width_1apr.asc
NCOLS 67 
NROWS 67 
XLLCORNER 29.500000001 
YLLCORNER -1.499999999 
CELLSIZE 0.0833333332985075 
NODATA_value -9999 
[rows 0 to 19 of 67, columns 0 to 45 of 67]
-9999.000000000000000 -9999 -9999 -9999 -9999 -9999 -9999 -9999 -9999 -9999 -9999 -9999 -9999 -9999 -9999 -9999 -9999 -9999 -9999 -9999 -9999 -9999 -9999 -9999 -9999 -9999 -9999 -9999 -9999 -9999 -9999 0.732765363240978 0.725987139000691 -9999 -9999 -9999 -9999 -9999 -9999 -9999 -9999 -9999 -9999 -9999 -9999 -9999
-9999 -9999 -9999 -9999 -9999 -9999 -9999 -9999 -9999 -9999 -9999 -9999 -9999 -9999 -9999 -9999 -9999 -9999 -9999 -9999 -9999 -9999 -9999 -9999 -9999 -9999 -9999 -9999 -9999 0.75174341796971 1.02708392177689 0.67852329308643 1.2696798019151 0.651881502160287 0.678732140306612 0.634711613349073 0.840062795641313 0.775829767574862 0.618721863439968 0.68864505128335 -9999 -9999 -9999 -9999 -9999 -9999
-9999 -9999 -9999 -9999 -9999 -9999 -9999 -9999 -9999 -9999 -9999 -9999 -9999 -9999 -9999 -9999 -9999 -9999 -9999 -9999 -9999 -9999 -9999 -9999 -9999 -9999 -9999 -9999 -9999 1.64653980794274 0.611780569144089 1.43166926889206 4.1484837169702 3.91519124621647 0.603771693373588 3.39150140280401 3.09866329028289 2.65040418786457 1.79260896305825 1.30781348640411 0.640481129944324 0.823294203635935 0.81017890275311 -9999 -9999 -9999
-9999 -9999 -9999 -9999 -9999 -9999 -9999 -9999 -9999 -9999 -9999 -9999 -9999 -9999 -9999 -9999 -9999 -9999 -9999 -9999 -9999 -9999 -9999 -9999 -9999 0.690692288335326 -9999 -9999 -9999 1.75880181868355 0.553965050175807 4.60559407976054 0.612455384824218 0.616816926233079 3.76763153996725 0.991702089136421 0.72035849282994 0.73282365522642 1.29280986318056 0.881083960368975 0.791220648472109 0.863012889457923 1.38968947780242 -9999 -9999 -9999
-9999 -9999 -9999 -9999 -9999 -9999 -9999 -9999 -9999 -9999 -9999 -9999 -9999 -9999 -9999 -9999 -9999 -9999 -9999 -9999 -9999 -9999 0.713485888215389 -9999 -9999 0.978336684715851 -9999 -9999 -9999 68.6542359204202 19.0454578865851 18.0422002120817 1.56065734461005 1.27805597901299 0.867523963817959 0.65010613153735 0.747149377201379 1.26954050039938 1.00547935022374 0.671647360276857 1.41811522058319 0.620802743571658 1.75311640623261 0.668192423325985 -9999 -9999
-9999 -9999 -9999 -9999 -9999 -9999 -9999 -9999 -9999 -9999 -9999 -9999 -9999 -9999 -9999 -9999 -9999 -9999 -9999 -9999 -9999 0.983232518977905 1.15398905553184 0.812330949364846 1.17716966563831 0.551297493533983 64.0673147439131 64.0673147439131 64.789260450919 64.789260450919 0.453078400795781 17.9203875294105 4.59638717721037 4.3703999783391 0.868294371870231 2.08966439106209 1.85299504637549 0.951428164606197 0.700034543058984 0.690047226640765 0.7201252398384 1.74635124394636 2.03083450333984 0.683712417927847 -9999 -9999
-9999 -9999 -9999 -9999 -9999 -9999 -9999 -9999 -9999 -9999 -9999 -9999 -9999 -9999 -9999 -9999 -9999 -9999 -9999 0.741055334757196 2.42126217380427 2.65933053587628 3.35418315991563 3.63063758056864 1.58553160319986 0.407746048260262 64.0673147439131 64.0673147439131 64.789260450919 64.789260450919 6.95389745610039 0.504418438681851 17.0456606125525 1.0421949491349 4.2502321274951 2.8357604944314 2.64719360809951 1.84580420082382 0.732571050236423 1.06654021311461 1.33453878560952 2.16660705870065 3.21104322527749 0.586757429314212 -9999 -9999
-9999 -9999 -9999 -9999 -9999 -9999 -9999 -9999 -9999 -9999 -9999 -9999 -9999 -9999 -9999 -9999 -9999 1.26256213714387 1.52801492276521 1.94650553602661 0.748681881064564 0.964828115154634 0.829133994126552 3.65100641827067 0.100802402074874 1.67247202373281 64.0767162675805 0.756538949704761 1.42082712087471 1.63857757512135 4.6922073398169 4.63624548562795 17.0485956467787 0.554834250380274 0.833333349355435 1.36201075129846 1.38366471213571 0.950194754216991 0.7048940399557 0.74308817390446 1.77181475048033 0.693053797475708 3.51492296343073 0.635650098579498 0.608653964552004 -9999
-9999 -9999 -9999 -9999 -9999 -9999 -9999 -9999 -9999 -9999 -9999 -9999 -9999 -9999 -9999 -9999 -9999 1.25992322693952 0.840455377712013 0.778020630968088 0.788692682056956 1.34750031002147 1.35033370559474 4.20781254961274 4.26720643761889 64.0766771856639 0.719929358229509 0.77739009928987 1.14082698174229 1.39336098780912 4.61435737889685 4.54594486984431 0.827355676723623 17.0318266128055 1.11627984541759 0.899519932544551 0.949178129016884 0.95905344443622 1.04597859947664 0.75572651576842 0.745562476880233 7.86712872921513 0.688631455309151 1.16920572246702 0.641990368139531 0.620384223593018
-9999 -9999 -9999 -9999 -9999 -9999 -9999 -9999 -9999 -9999 -9999 -9999 -9999 -9999 -9999 -9999 -9999 1.64451122356217 1.9030708501846 2.50642717068296 1.0835658355291 1.50973749799721 1.43227938092161 0.13701826864403 63.8301192073913 0.668421285631553 1.52677110454195 0.607530095064236 1.10774140630806 2.49960940157811 4.20223415030669 0.839541670266357 4.31542605634796 17.0330928986903 16.9540798193998 0.626080824155315 0.912205402733 2.14875251599469 1.04069398985769 1.2246163952545 8.19265701032052 7.9220432410232 6.20887527505309 1.47978318237491 0.688144061390283 4.97650398174106
-9999 -9999 -9999 -9999 -9999 -9999 -9999 -9999 -9999 -9999 -9999 -9999 -9999 -9999 -9999 -9999 0.869283401368831 1.30630906084185 2.87594251272531 4.07289950641597 4.63658972036186 4.68233832033849 5.15777600783211 1.44739949907107 63.8952749025418 2.53330781973166 0.884262534232849 0.88443643143738 1.32593760283991 1.79237321707138 2.84338068706249 0.882296293862651 4.05330245932813 1.01388132192389 0.650957301457847 16.9205192582341 2.29360513944083 0.996223101546022 8.88542755976039 8.80607636945465 1.13379390850375 0.760933016468343 0.727217236516084 5.77281892634677 5.31807690811334 0.702060310915358
-9999 -9999 -9999 -9999 -9999 -9999 -9999 -9999 -9999 -9999 -9999 -9999 -9999 -9999 -9999 -9999 0.888830242202227 2.26467767700287 0.841944773443912 1.13411716918247 0.999683074669456 0.694879844368412 0.153887417215446 63.7928009713889 0.700888229485812 2.30984378429552 2.02876233317505 0.940407817327656 0.941116242536124 1.50946519262132 2.40804180620709 2.65503393064809 3.69601904204414 1.02773827452801 1.00853324303138 12.6691969154863 9.7021588483045 9.66381787352501 2.91217252148245 0.823414035902759 1.86278259251278 1.62083290363826 0.712888085046013 1.67718850940305 0.699034715796277 0.712861537812629
-9999 -9999 -9999 -9999 -9999 -9999 -9999 -9999 -9999 -9999 -9999 -9999 -9999 -9999 -9999 0.898338158448117 1.71201875232695 1.01095124218419 1.39799995507914 2.47233334906704 0.906754584091624 0.932154236191394 63.4852526164421 63.4852526164421 0.982329995912202 0.927658171800133 0.922210045542183 0.964863114524362 0.997624987002999 1.30580492585732 1.1285310600062 1.73897146834259 3.16027258224764 0.726807622404897 0.848922935291425 1.86105845615442 12.3377267222484 0.781868689445188 1.14712587307241 2.33630549594763 0.813593628685166 1.11526150776682 0.737328901328452 1.28652921007772 0.643155435020193 0.534460951092319
-9999 -9999 -9999 -9999 -9999 -9999 -9999 -9999 -9999 -9999 -9999 -9999 -9999 -9999 -9999 -9999 1.00203960942189 1.13902610578518 1.4696392061681 1.10636068395505 2.56404892933185 0.143652586186472 63.4852526164421 63.4852526164421 1.39624015897201 0.969969090193214 1.52023593193396 1.04379337660749 1.08082098226971 0.7653968751214 0.812336658509968 1.2992282393932 3.04441053275657 1.64585776913153 0.854464192683697 0.929723922044414 12.306693435179 0.748522790413488 0.844969916454855 2.13163406805636 1.10263709759216 0.786806155801857 0.753775687459179 1.05695297063099 0.662067894258488 1.47872668135453
-9999 -9999 -9999 -9999 -9999 -9999 -9999 -9999 -9999 -9999 -9999 -9999 -9999 -9999 -9999 -9999 -9999 1.11441276307719 1.66389342833245 2.15483273115017 2.23673522637777 3.62972580912086 63.3430531017656 1.76118487632399 1.39986284957984 1.87861265083291 0.998287668770887 1.79058535002613 0.812200525887482 0.870762992454604 0.906361725240407 0.911879918900444 2.25152639827987 1.33234437024352 0.926978920798892 0.958525769209046 2.26297643289005 11.8644632744609 0.817317432492694 0.805887781300161 6.65628320173063 0.810898820844569 1.39789542165999 0.972463361520523 5.72806739920077 1.53303235660787
-9999 -9999 -9999 -9999 -9999 -9999 -9999 -9999 -9999 -9999 -9999 -9999 -9999 -9999 -9999 -9999 1.30634419872887 1.7555800169063 0.921741494654481 1.42611254439817 1.62611455587831 1.64025437059531 63.1478437344667 0.977393366785615 3.63419988375738 3.55122593396957 2.38931184110622 1.00488935037646 0.764214786796093 1.57545431338162 1.60637832392954 0.863066016556338 0.992171045093636 1.7097081455918 1.20581643087715 1.44269713233104 1.72943628689629 1.65551127501212 11.5513950978502 6.96487280408694 1.47020728136759 6.58802396670634 6.16013499058715 5.9712916838464 0.943268301387357 5.24520063935012
-9999 -9999 -9999 -9999 -9999 -9999 -9999 -9999 -9999 -9999 -9999 -9999 -9999 -9999 -9999 -9999 1.30850450235892 3.15699654783384 3.92420255008078 1.00367039545116 6.00699203140286 6.71001914584325 6.70993663539243 63.2131703078208 0.893882881464607 0.893835521878884 0.942810479289114 0.967823326669274 2.8145430981559 2.51104942414616 0.848080099441406 0.885914244932585 1.22652327628236 1.08793390852373 1.53135452542551 0.993932889209039 0.93270317208132 0.845474281828482 2.05924472259322 8.2297194935337 0.713944957741007 1.03062916466873 0.686124486541717 0.657795088794677 0.65739640225955 0.931825373503437
-9999 -9999 -9999 -9999 -9999 -9999 -9999 -9999 -9999 -9999 -9999 -9999 -9999 -9999 -9999 1.22693598199002 2.50142179138129 0.983448407242065 3.774333850463 5.79351015213342 2.57542568971871 0.655933666297613 0.658524589434466 62.4312042165256 4.35224882341807 3.98283816369364 3.67105726729791 3.31144884798079 3.11806584360378 0.782352440590245 1.33330433694772 0.974657843443392 0.904266447709461 2.55078450389733 0.900840240624671 1.38144642808687 0.873489724140983 1.54683668624508 1.80375158067261 8.16953617814631 8.10660575695286 0.691704462789639 0.691529465841885 0.723153534209032 0.980651730246086 0.658075861705687
-9999 -9999 -9999 -9999 -9999 -9999 -9999 -9999 -9999 -9999 -9999 -9999 -9999 -9999 -9999 0.997367423219766 2.07858277972685 0.968932901173696 3.23930943512188 1.21691099023144 2.4607012362863 0.584196522434611 1.07036741806652 62.4820190755948 0.637515626783086 0.834763449287477 0.880323096879494 1.2340318217771 0.726865682614318 0.781157628965725 1.95723097134724 0.942410572933535 0.982790575733376 1.42961347707972 3.34665480237704 0.879114171706566 0.932770116249921 0.848061006408228 0.816725696009985 1.21813585713683 2.22085701408922 7.47521565490226 0.639055260947987 1.70200059141439 1.26921703855816 0.63998799938288
-9999 -9999 -9999 -9999 -9999 -9999 -9999 -9999 -9999 -9999 -9999 -9999 -9999 -9999 -9999 0.915866604091017 2.26285372246718 3.11119162193139 0.819694539047696 1.72861805573556 0.648025150606653 0.542603916603431 0.763195893071976 0.530758848720532 62.2454759377816 0.607684202065923 2.07679576211547 0.868897340713787 0.714740971607326 3.36490916894849 2.23970349183293 1.8119007621783 1.16398390073711 1.83095360816814 4.130639272784 1.46117800607506 1.48898389472865 1.16622696204314 0.792167627055943 0.788322325129754 1.37701693535302 1.0078349041978 7.30126628375768 6.42505516562784 1.20991468989439 0.640940033802598
