Archive - glowpa-model-master/Model input/Uganda/rivergeometry/river_flowvelocity_1jun.asc
NCOLS 67 
NROWS 67 
XLLCORNER 29.500000001 
YLLCORNER -1.499999999 
CELLSIZE 0.0833333332985075 
NODATA_value -9999 
[rows 20 to 39 of 67, columns 0 to 45 of 67]
-9999 -9999 -9999 -9999 -9999 -9999 -9999 -9999 -9999 -9999 -9999 -9999 -9999 -9999 -9999 2.51037241051878 2.27349738884673 2.30251502420384 2.41158077761106 2.22687090951557 2.13885334828492 2.28407441902643 2.4979633061163 2.60314877674894 2.75604993681671 2.70603618823376 2.23259810765039 2.40279112155112 5.10216975617644 2.96772811996514 2.23275844155393 2.24803714647655 2.39491701501931 2.39502761839173 3.22763579314454 3.21291996611502 2.68981234249679 2.39507025725298 2.2380490688101 2.32781656664795 2.37164560645037 2.37611179672688 2.45962253110546 2.49891259982188 3.25014131376028 2.19896070377138
-9999 -9999 -9999 -9999 -9999 -9999 -9999 -9999 -9999 -9999 -9999 -9999 -9999 -9999 -9999 2.24053010041728 2.26423920249427 2.25100978769551 2.1685417001592 2.24179916765606 2.37314886299473 2.1721420531785 2.5681304736133 2.16381241857027 5.10404084984786 5.10410049569646 5.10391270851158 5.10252567685795 2.33132072471182 5.09955847783892 5.09949167821931 2.30176840093184 2.54370238493728 2.36797923754174 3.26754469207915 2.24007760874923 2.38805176452093 2.9767312619635 2.86025095236211 2.78215516417278 2.65400631824645 2.26131749614549 2.23703031832408 2.33778403010429 2.32082761281717 3.19103879802589
-9999 -9999 -9999 -9999 -9999 -9999 -9999 -9999 -9999 -9999 -9999 -9999 -9999 -9999 -9999 -9999 2.25240820419925 2.4056402889737 2.32379119418178 2.15197478060603 5.02169760841381 5.02169760841381 5.02169760841381 5.10401769779366 2.21847213815556 2.22626848408515 2.23371736125182 2.69921992025821 2.63447035011364 2.53706888157942 2.43576473966931 5.09874003098928 5.09858270056985 5.09758277094172 2.34714329457928 2.38435628728304 3.06098114388403 2.37391458366771 2.55252962539704 2.38037618509409 2.33998195395061 2.26010870184001 2.23167324973713 2.22046150704336 2.30836766150926 2.31564735059605
-9999 -9999 -9999 -9999 -9999 -9999 -9999 -9999 -9999 -9999 -9999 -9999 -9999 -9999 -9999 -9999 -9999 2.27594041988128 5.02169760841381 5.02169760841381 5.02169760841381 5.02169760841381 5.02169760841381 2.47693218366186 2.38713436609293 2.58680302714776 2.41449125411156 2.63367370320273 2.33426257585172 2.36319762703262 2.30506468823309 2.31110614669658 2.6631084624245 5.09032931568176 2.33240997120203 2.53808350903742 3.14504917853283 2.54046325438297 2.36953853752945 2.34740788009361 2.25473221969305 2.24088871498235 2.47353566527055 2.65228599096786 2.32644342974584 2.2298062817385
-9999 -9999 -9999 -9999 -9999 -9999 -9999 -9999 -9999 -9999 -9999 -9999 -9999 -9999 -9999 2.18774006271116 2.13258104885355 5.02169760841381 5.02169760841381 5.02169760841381 5.02169760841381 5.02169760841381 5.02169760841381 5.02169760841381 3.12052475492112 3.01119521921837 2.96634437016227 2.48995254011161 2.43423932531207 2.17836254853791 2.29617150006972 2.30534259160412 2.31157955498028 2.72846576725956 5.08978543694583 3.15481106191755 2.34235402209352 2.30500168304557 2.31771584779449 2.70147754605447 2.50936095604672 2.24051799170834 2.90535473102212 2.70564778783727 2.25775417613961 2.40756607180124
-9999 -9999 -9999 -9999 -9999 -9999 -9999 -9999 -9999 -9999 -9999 -9999 -9999 -9999 -9999 2.30027535115537 5.02169760841381 5.02169760841381 5.02169760841381 5.02169760841381 5.02169760841381 5.02169760841381 5.02169760841381 5.02169760841381 2.46027193572614 2.3094361497944 2.31825293046487 2.72405705402396 2.31605687911805 2.456913783437 2.29321228539269 2.29876877354234 2.30853086486459 5.08317908557338 3.0125846429888 2.94453544815254 2.91255425384311 2.85039852359339 2.76891923372663 2.4124530825694 2.41988670091745 2.26092457577406 3.0012370205267 2.49024471573195 2.25299546538121 2.26668406668534
-9999 -9999 -9999 -9999 -9999 -9999 -9999 -9999 -9999 -9999 -9999 -9999 -9999 -9999 -9999 5.02169760841381 5.02169760841381 5.02169760841381 5.02169760841381 5.02169760841381 5.02169760841381 5.02169760841381 5.02169760841381 2.37973543005434 2.81301110865043 2.33327462563694 2.33899465774895 2.65658833314525 2.26543936306868 2.68874614801856 2.4446150328081 2.45981637419943 2.30228933287021 5.07961362043559 5.07970898310839 2.50229466892882 2.33961677278881 2.29296769217742 2.30433079125206 2.60601486903774 2.55827887840023 3.12995097970263 2.28816703264926 2.62600323064244 2.47909085888674 2.38066997855669
-9999 -9999 -9999 -9999 -9999 -9999 -9999 -9999 -9999 -9999 -9999 -9999 -9999 -9999 -9999 5.02169760841381 5.02169760841381 5.02169760841381 5.02169760841381 5.02169760841381 5.02169760841381 5.02169760841381 5.02169760841381 2.15754265678044 2.66446240579875 2.33457910928366 2.29286577888684 2.27904890146905 2.28832742735768 2.27616814601824 2.82176286633704 5.07939720286722 5.07939720286722 5.07939720286722 2.27741830120087 2.28865549537628 2.34439597605268 2.60748143059956 2.76576834131336 3.35348881453183 3.30291354440922 2.94103617711034 2.32082556415833 2.68932212232771 5.02278815671911 5.02278815671911
-9999 -9999 -9999 -9999 -9999 -9999 -9999 -9999 -9999 -9999 -9999 -9999 -9999 -9999 5.02169760841381 5.02169760841381 5.02169760841381 5.02169760841381 5.02169760841381 5.02169760841381 5.02169760841381 5.02169760841381 2.69209263961414 2.56933084938226 2.6218190248512 2.55259028294669 2.28210902427253 2.63656232494354 2.27240784360616 2.2287547815458 2.41429680310787 5.07939720286722 5.07939720286722 5.07939720286722 3.4897798908463 2.45217755609966 2.28273367723751 2.40293938156913 3.42383857895861 2.35285719466313 2.3390361226096 2.84061233622681 2.78175921095091 2.27189422588058 5.02278815671911 5.02278815671911
-9999 -9999 -9999 -9999 -9999 -9999 -9999 -9999 -9999 -9999 -9999 5.02169760841381 5.02169760841381 5.02169760841381 5.02169760841381 5.02169760841381 5.02169760841381 5.02169760841381 5.02169760841381 5.02169760841381 5.02169760841381 2.32942072401171 2.32668979341617 2.27449226106423 2.29503181126206 2.45506181019465 2.28608926502284 2.69171592441637 2.2449570039432 2.14688583563724 2.44329573738128 5.07939720286722 5.07939720286722 5.07939720286722 5.02278815671911 3.46596449392787 3.45278546597188 3.44389449343078 5.02278815671911 5.02278815671911 5.02278815671911 5.02278815671911 5.02278815671911 5.02278815671911 5.02278815671911 5.02278815671911
-9999 -9999 -9999 -9999 -9999 -9999 -9999 -9999 -9999 -9999 2.41459763604801 5.02169760841381 5.02169760841381 5.02169760841381 5.02169760841381 5.02169760841381 5.02169760841381 5.02169760841381 5.02169760841381 5.02169760841381 2.40377315163802 2.24028601338038 2.25423347269837 2.43030987725677 2.29412370450551 2.26397765066372 2.48009330179076 2.8321222462275 2.40954198984634 2.02573703667982 3.86519544329593 2.54098816862689 2.28734587671881 2.60837300973397 5.02278815671911 5.02278815671911 5.02278815671911 5.02278815671911 5.02278815671911 5.02278815671911 5.02278815671911 5.02278815671911 5.02278815671911 5.02278815671911 5.02278815671911 5.02278815671911
-9999 -9999 -9999 -9999 -9999 -9999 -9999 -9999 -9999 -9999 5.02169760841381 5.02169760841381 5.02169760841381 5.02169760841381 5.02169760841381 5.02169760841381 5.02169760841381 5.02169760841381 2.21760227107445 2.78416172011804 2.26129697206725 2.26264254849807 2.30362943595266 2.2954384961671 2.70460018205197 2.48186755561764 2.90114998687131 2.86468313809837 3.76331947828357 3.86142224257708 3.28774414960721 2.32186589113621 2.32410975570215 2.31406986803733 2.56063624865428 2.43649873899777 5.02278815671911 5.02278815671911 5.02278815671911 5.02278815671911 5.02278815671911 5.02278815671911 5.02278815671911 5.02278815671911 5.02278815671911 5.02278815671911
-9999 -9999 -9999 -9999 -9999 -9999 -9999 -9999 -9999 2.37864915096568 5.02169760841381 5.02169760841381 5.02169760841381 5.02169760841381 5.02169760841381 5.02169760841381 5.02169760841381 2.5628140375822 2.26913848322407 2.74473817854101 2.61449130307439 2.44928647977395 2.26489900590252 2.2967457926371 3.38392859835426 3.41325034038115 2.93301237236103 3.75476667875455 2.22166523635514 2.20748753168218 2.26274318260841 3.25961023063646 2.34865008582599 2.36247505485255 2.33966233817892 2.32569680331804 5.02278815671911 5.02278815671911 5.02278815671911 2.286592504055 5.02278815671911 5.02278815671911 5.02278815671911 5.02278815671911 5.02278815671911 5.02278815671911
-9999 -9999 -9999 -9999 -9999 -9999 -9999 -9999 -9999 2.36217934264989 5.02169760841381 5.02169760841381 5.02169760841381 5.02169760841381 5.02169760841381 5.02169760841381 2.30222240113583 2.42862294301437 2.17136518253575 2.17713363388464 2.20556164307851 2.17076644532159 3.28264276109864 3.33411634948458 2.58040442149968 2.23333429434267 3.5034723542331 2.21121539319005 3.47996333717141 2.87722453802098 2.34368980325972 2.25253556032928 3.25080016469421 2.52496601240901 2.36044194993047 2.31009857456679 2.87742226046176 2.31868967831407 2.23404555775865 3.38273355454939 5.02278815671911 5.02278815671911 1.44593745914974 5.02278815671911 5.02278815671911 5.02278815671911
-9999 -9999 -9999 -9999 -9999 -9999 2.45365319916208 2.58717189813653 2.39320506999206 2.19505881129334 3.6810968292313 5.02169760841381 5.02169760841381 5.02169760841381 5.02169760841381 2.30753910611658 2.31299683329377 2.23241515048696 2.24240201731822 2.16273392438936 2.7836503065139 3.23416851985743 2.34106677264582 2.23470033718987 2.22154845861793 2.45353979134044 2.4906246017252 2.30537194751506 3.40106585321738 2.32320448928069 2.80939163402403 2.31360625800227 2.58800204108074 3.14053897187348 2.30012531657519 2.33263777729281 2.48214451784282 2.69337416984092 2.3317075047567 3.38273355454939 2.37032779356808 4.97202436158952 2.94468295703556 2.38281891026247 5.02278815671911 5.02278815671911
-9999 -9999 -9999 -9999 -9999 -9999 2.61594803581845 2.68636413683939 2.21545474887166 3.67774031112747 2.17032108516991 5.02169760841381 5.02169760841381 5.02169760841381 5.02169760841381 3.12442506375878 3.07466993444573 3.03789844091268 2.96182626311531 2.918208353293 2.67108549900157 2.24187561435504 3.13685924326486 3.07671224148308 2.21075868617557 2.2271966239544 2.31381332895367 2.62997978717443 3.36199881798814 2.15439118658073 2.7317648783542 2.31014724550497 2.47049426533565 2.29969974268143 3.08353015445523 2.32216132686922 2.3237811664639 2.6214208286964 2.37301567766705 3.35547393788306 2.40330261456401 4.96663783866643 2.56284868534173 2.8682962188308 2.35152522649543 2.5432088056849
-9999 -9999 -9999 -9999 -9999 2.25650038937953 2.3539086701997 2.66227760264155 3.67158686736376 2.03534357061974 1.98336836159839 5.02169760841381 5.02169760841381 5.02169760841381 2.29677799380765 2.62964375019755 2.18996498869357 2.40065199383961 2.36201715149545 2.89058930466064 2.17387151007962 2.59136900760548 2.5053834786229 3.0387372857909 2.32680301558909 2.23423905390541 2.21196422892793 2.46754828202783 2.58809986303201 3.33037698337659 2.34986005655232 2.55253058268662 2.30204119932194 2.30217445657807 2.90186149593464 2.76348224319448 2.31666702366977 2.36022780003295 2.54656814163421 3.3344503763171 2.39908785463634 4.96554277659054 2.3870140868765 2.76269269380489 2.34128918723226 2.36137816916021
-9999 -9999 2.04594085349685 2.35217643112765 2.20424440270839 2.10499409085961 2.09143647210775 2.46813126514128 3.63152000024729 1.96269983114265 2.60572323757751 2.62165933950306 3.36260247546546 2.26267054763965 2.31162824912155 2.47448551227607 2.29074602453124 2.23460177473435 2.17223858213473 2.8718239497612 2.11302153212251 2.50213150819334 2.28790991161584 2.63492149413437 2.98480156174791 2.41159948439707 2.25716114470056 2.24170947817892 2.54781496659927 3.32356054558026 3.28180701348369 2.21567932668138 2.31536352605219 2.32368658330467 2.84580259088354 2.21645199417316 2.58145261142062 2.34779936295559 2.43116423457173 3.26699666575284 2.40110674113951 4.96404332533329 2.37001098231553 2.36568718505852 2.48863560778426 2.33130837952995
-9999 2.27169465583709 2.58565751657153 2.24448898174186 1.95166981684882 2.20397072630895 3.61340572855015 3.61911384492913 2.02057077347811 1.93855100581707 2.58243233895432 2.27889413743149 2.75204879325744 3.29457616289668 3.23292984115725 2.32183230072708 2.43488940868851 2.23312841704963 2.52749029274829 2.73240907587666 2.39860434506262 2.25661282358998 2.26999015579275 2.54956613978158 2.18647734118193 2.74274742729959 2.14661109694985 2.09618170652655 2.33690062511935 2.31806574378003 2.61245443356991 3.27454346336934 2.5944451567704 2.23078909641578 2.81936211858404 2.2609391467464 2.50003005459656 2.31570574153087 2.40091867228494 3.2292093913339 2.27194172217051 4.96236119616966 2.34598921665866 2.33823866476667 2.19319891051495 2.60609641414125
-9999 2.2429136929071 2.36635554816573 3.58437353536765 3.58788461756289 3.60577618596167 2.21379625286126 2.31836706040781 2.33544056737565 2.5486164545732 2.28354212435608 2.62014711111596 2.35829134200026 2.68613187455332 2.32889359601476 3.19060366010602 2.98591703677392 2.22709523112231 2.29297967667449 2.24156308291185 2.5972883407319 2.25631255675463 2.25199715636718 2.48486943808104 2.18466429025553 2.69226544422169 2.63024077019136 2.5124706839237 2.11067239783861 2.10759705236488 2.45184051437356 2.29733184223541 3.21666327100646 2.23006868340532 2.25486632076481 2.75029937437777 2.27707920607077 2.24804097053751 2.98505077524045 3.01241097227022 2.26335114310632 2.27774521050732 4.96135310743007 2.92687412669934 2.31452219142156 2.49732977063559
