Archive - glowpa-model-master/Model input/Uganda/rivergeometry/river_width_1dec.asc
NCOLS 67 
NROWS 67 
XLLCORNER 29.500000001 
YLLCORNER -1.499999999 
CELLSIZE 0.0833333332985075 
NODATA_value -9999 
[rows 0 to 19 of 67, columns 0 to 45 of 67]
-9999.000000000000000 -9999 -9999 -9999 -9999 -9999 -9999 -9999 -9999 -9999 -9999 -9999 -9999 -9999 -9999 -9999 -9999 -9999 -9999 -9999 -9999 -9999 -9999 -9999 -9999 -9999 -9999 -9999 -9999 -9999 -9999 0.729407514268949 0.726326091089281 -9999 -9999 -9999 -9999 -9999 -9999 -9999 -9999 -9999 -9999 -9999 -9999 -9999
-9999 -9999 -9999 -9999 -9999 -9999 -9999 -9999 -9999 -9999 -9999 -9999 -9999 -9999 -9999 -9999 -9999 -9999 -9999 -9999 -9999 -9999 -9999 -9999 -9999 -9999 -9999 -9999 -9999 0.743875969707155 1.03595924959683 0.68803394712305 1.3000279356945 0.693571830593051 0.707035055632632 0.693874908177227 0.930759020802141 0.864846617058647 0.618248500954754 0.679820624890193 -9999 -9999 -9999 -9999 -9999 -9999
-9999 -9999 -9999 -9999 -9999 -9999 -9999 -9999 -9999 -9999 -9999 -9999 -9999 -9999 -9999 -9999 -9999 -9999 -9999 -9999 -9999 -9999 -9999 -9999 -9999 -9999 -9999 -9999 -9999 1.64184421907158 0.617978961957455 1.48877951725013 4.52058445698487 4.26246707285709 0.671904773249439 3.67720278736743 3.35557094158992 2.84259798568951 1.90362160102685 1.37768718509971 0.679120218872904 0.826557531487282 0.735760698809784 -9999 -9999 -9999
-9999 -9999 -9999 -9999 -9999 -9999 -9999 -9999 -9999 -9999 -9999 -9999 -9999 -9999 -9999 -9999 -9999 -9999 -9999 -9999 -9999 -9999 -9999 -9999 -9999 0.672978857036778 -9999 -9999 -9999 1.73873649573176 0.569920710308277 4.99838699942626 0.671676269437648 0.668484259223904 4.09392022868126 1.08721784527431 0.787918425628841 0.800510792577977 1.3690948446044 0.912703863265985 0.805103789419934 0.81772557968204 1.31008630129624 -9999 -9999 -9999
-9999 -9999 -9999 -9999 -9999 -9999 -9999 -9999 -9999 -9999 -9999 -9999 -9999 -9999 -9999 -9999 -9999 -9999 -9999 -9999 -9999 -9999 0.911319141028617 -9999 -9999 0.961867622767134 -9999 -9999 -9999 78.0193541984183 19.4463084224357 18.2727004741155 1.64571992977757 1.3452269395601 0.915112640309799 0.69647953545644 0.767162325832868 1.17446433667386 0.908494123618561 0.606173910153102 1.36802541237395 0.561512721227152 1.6445146093859 0.66094085903909 -9999 -9999
-9999 -9999 -9999 -9999 -9999 -9999 -9999 -9999 -9999 -9999 -9999 -9999 -9999 -9999 -9999 -9999 -9999 -9999 -9999 -9999 -9999 1.23389342317066 1.3906403066018 0.909714907130739 1.20151819546085 0.538122402505245 73.601318175343 73.601318175343 74.3154692240826 74.3154692240826 0.463024749656363 18.0882694311381 4.26730315484087 4.01064389321195 0.868197596261104 1.93603263391784 1.72186738852984 0.801899554613704 0.634577327422833 0.642901987364921 0.684787676309727 1.66820347054167 1.91478187267336 0.672688182774443 -9999 -9999
-9999 -9999 -9999 -9999 -9999 -9999 -9999 -9999 -9999 -9999 -9999 -9999 -9999 -9999 -9999 -9999 -9999 -9999 -9999 1.00157172581395 3.07316575106207 3.38195892652146 4.17942306001512 4.45878120865638 1.65186526108371 0.392966321225116 73.601318175343 73.601318175343 74.3154692240826 74.3154692240826 7.2327415890831 0.504132876486146 17.2798434983168 1.01494432700806 3.85829431091989 2.4928447264776 2.31993484694597 1.62918263076255 0.693879286039107 1.02813350239993 1.30219803187516 2.08875911917986 3.08498691101777 0.571084923081705 -9999 -9999
-9999 -9999 -9999 -9999 -9999 -9999 -9999 -9999 -9999 -9999 -9999 -9999 -9999 -9999 -9999 -9999 -9999 1.46494865278117 1.8654975447885 2.45467954552707 0.892767819383059 1.21759855689628 0.903149913869769 4.49449269457237 0.342038725117634 1.88594555052243 73.5840217697491 0.730766380003356 1.30767397585228 1.52929516212518 4.80338634655273 4.90962915342333 17.2328124516171 0.582125599455358 0.808504125342816 1.22699839845026 1.19858407724882 0.822723841158218 0.718838866807228 0.723383370884086 1.74511780539268 0.706017963776131 3.40435108742134 0.618991214587801 0.588903686907167 -9999
-9999 -9999 -9999 -9999 -9999 -9999 -9999 -9999 -9999 -9999 -9999 -9999 -9999 -9999 -9999 -9999 -9999 1.47806733239191 1.03894031581702 0.954922414498009 0.937841452156399 1.56808025999426 1.56203119576143 5.1128644101271 5.1837782297358 73.4631367096435 0.729543817596613 0.701402598564767 1.02820353076576 1.32395253241013 4.70652537084393 4.8073287047534 0.806526449845373 17.1692014429052 1.09855946114158 0.856592875764785 0.855249907308927 0.851195312972462 1.07353970203442 0.724652841296512 0.7433008706288 7.68101929232492 0.692032097758686 1.14041664519576 0.627217567215936 0.621842178904931
-9999 -9999 -9999 -9999 -9999 -9999 -9999 -9999 -9999 -9999 -9999 -9999 -9999 -9999 -9999 -9999 -9999 1.96953228138526 2.29216569696246 3.04319171043455 1.30654058879724 1.74001078941509 1.61539756958144 0.285708964790884 72.9504334445444 0.939618257954244 1.54662063665242 0.589567903872834 1.06721147141667 2.49582258759882 4.32575176862557 0.811362339461309 4.58959956207527 17.1259773710603 17.0155244568261 0.641507547649595 0.875886751441881 2.05027387324949 0.969813630469811 1.19617916066023 8.04658543062729 7.7517260873519 6.04058351532874 1.46341701255833 0.707313884110583 4.73859687772377
-9999 -9999 -9999 -9999 -9999 -9999 -9999 -9999 -9999 -9999 -9999 -9999 -9999 -9999 -9999 -9999 1.11749850479772 1.64946794703355 3.54510463574649 4.96960172842039 5.51343218184435 5.55132050526268 6.10820177382708 1.70415532330458 72.8626442437679 2.46954612352169 0.823966004473746 0.81630006233115 1.29508946207948 1.82045661046543 3.01877021068693 0.852679406614768 4.34574768506755 1.11700151401938 0.684486502072331 16.9477459164499 2.18542309555313 0.864244971592547 8.75906320922481 8.66306305928538 1.10579936568632 0.736304315937714 0.708430384468525 5.5813280840787 5.09709077509128 0.664615972445736
-9999 -9999 -9999 -9999 -9999 -9999 -9999 -9999 -9999 -9999 -9999 -9999 -9999 -9999 -9999 -9999 1.09875470371083 2.78110640883585 0.951767715553479 1.24381146818368 0.999685542369006 0.686076088490741 0.287667628556694 72.6386558299507 1.03370526412537 2.23001270522112 1.96625612244925 0.867643160927667 0.90256984786039 1.55558809057837 2.61962136831886 2.84674993478683 3.97862891155879 1.11374959694038 1.06927559541994 12.7977466739303 9.56208111979524 9.5125687106693 2.84097367237349 0.803241142432248 1.81589866984166 1.57361460097647 0.684102803571561 1.66797803729111 0.68466937386072 0.691623075460042
-9999 -9999 -9999 -9999 -9999 -9999 -9999 -9999 -9999 -9999 -9999 -9999 -9999 -9999 -9999 0.972871062413396 2.0657289037386 1.12298205727585 1.48992964516599 2.51720866232832 0.550617141049257 0.778313695741021 72.0473904486888 72.0473904486888 0.979690558219381 0.946338103349861 0.930954098507322 0.932303282858167 0.937923082000693 1.33284858366124 1.24960587898533 1.93036065076651 3.42352424003121 0.80392519440379 0.909599757868122 1.92926341783961 12.4242365723727 0.772540097927802 1.13252024354532 2.26204546577566 0.791838777499275 1.08325280471265 0.711210586659893 1.2778701688775 0.636969226868136 0.514995924842545
-9999 -9999 -9999 -9999 -9999 -9999 -9999 -9999 -9999 -9999 -9999 -9999 -9999 -9999 -9999 -9999 1.21456115258649 1.23543630285242 1.54426050393725 0.998811293886085 2.61028934857609 0.492150881225248 72.0473904486888 72.0473904486888 1.41236329620421 0.978009850870813 1.47228315124534 0.997525732805841 1.15923629304233 0.839527657382627 0.888492337229597 1.45299039873388 3.29130909403244 1.86759858697146 0.905859772719014 0.955676275102305 12.3725124105734 0.715690281435571 0.829131295785164 2.05240727193603 1.07261168045878 0.759704527901636 0.738376873005463 1.04507615118835 0.669974444909757 1.46801895664598
-9999 -9999 -9999 -9999 -9999 -9999 -9999 -9999 -9999 -9999 -9999 -9999 -9999 -9999 -9999 -9999 -9999 1.19865091013435 1.70435763163459 2.1100245336243 2.22371227314858 3.77666540021035 71.8827416213906 1.76533300693616 1.4145489760999 1.82156372946392 0.97053587881629 1.87349403734777 0.858775517848315 0.928770577503447 0.952178650610456 1.00313998593323 2.33613927829466 1.50708732264672 1.03284622598027 0.985879188867819 2.31960529980084 11.9049038828808 0.750200355986755 0.719496937903796 6.68615334022133 0.838863331371129 1.43075381996482 0.995801744326809 5.69703390704467 1.54644957757169
-9999 -9999 -9999 -9999 -9999 -9999 -9999 -9999 -9999 -9999 -9999 -9999 -9999 -9999 -9999 -9999 1.43263330091608 1.88989830426785 0.896389055510584 1.34035924255244 1.55833767046337 1.67454244573049 71.5372373456682 1.008546249272 3.69584391577074 3.53237810880552 2.4255114621939 0.955293548987515 0.794394157267568 1.66321813142644 1.66744357081089 0.90302720460757 1.00514315919413 1.73455323902108 1.22976975713539 1.47174760280956 1.76895448633731 1.69178122741483 11.5717038631815 6.96881107239053 1.38261246550414 6.61147219229902 6.1654253617925 5.96905227850587 0.972149514819724 5.19647924336433
-9999 -9999 -9999 -9999 -9999 -9999 -9999 -9999 -9999 -9999 -9999 -9999 -9999 -9999 -9999 -9999 1.37525253800035 3.30613643352139 4.08671012650612 0.853154681705969 6.11294041210332 6.78086990799937 6.78482435244988 71.428111670522 0.853497048629714 0.880608639435898 0.899378504905453 0.922280580010183 2.94891340706517 2.62895966249042 0.855810934154573 0.874723932674644 1.20740354690601 1.04857492152683 1.49938846426707 1.00774781465647 0.958220027906124 0.853439465860098 2.0647125202272 8.228217674212 0.630814976887406 1.01288562205976 0.674777055804846 0.639907039065505 0.646934383581931 0.923829789070403
-9999 -9999 -9999 -9999 -9999 -9999 -9999 -9999 -9999 -9999 -9999 -9999 -9999 -9999 -9999 1.28171627477842 2.61707609564802 1.02690546350689 3.89871918957948 5.96560920459939 2.46509887048126 0.630033768768926 0.673635619250654 70.5092328508443 4.45667588490067 4.05590823281116 3.76523643694828 3.43464849080841 3.25773584014395 0.777335843499488 1.31815689809987 0.961415977454387 0.892416713606589 2.5219649600759 0.890949251534907 1.38287021593817 0.874454651893718 1.53985938585336 1.80090082169063 8.14866873220089 8.07073803002914 0.724666509914011 0.692075777338861 0.681294399236138 0.914397867960221 0.618627193135975
-9999 -9999 -9999 -9999 -9999 -9999 -9999 -9999 -9999 -9999 -9999 -9999 -9999 -9999 -9999 1.0418692711339 2.17244282111915 1.00790963517211 3.35945864757265 1.14922237116554 2.37737360646622 0.597610624094649 1.25818643467965 70.4338790591521 0.9723622640374 0.797037633559618 0.839300644558111 1.178223163363 0.708352620154919 0.766879207273893 1.93518448113579 0.928264493389756 0.970707034829703 1.41803386166533 3.3220820269777 0.85231070391662 0.911985547917215 0.834732447562974 0.81259501990061 1.21837133048314 2.21750962630866 7.42855395252141 0.675377099944205 1.65915180182671 1.21078810230138 0.599010631077788
-9999 -9999 -9999 -9999 -9999 -9999 -9999 -9999 -9999 -9999 -9999 -9999 -9999 -9999 -9999 0.952635846804976 2.35445624212173 3.24476377289731 0.832306378786873 1.71698967544761 0.583662986077231 0.546046971584283 0.799044802170432 0.831548743583364 70.0224099941911 0.855069317411522 1.98390503307771 0.81714015067491 0.689989583487059 3.31861364632706 2.19934082613873 1.77744952583198 1.12955576083465 1.80614070537943 4.09498256730455 1.4173581229397 1.44837144902613 1.15526779854667 0.784677023012532 0.788666695102144 1.37380087914209 1.00786753176456 7.20161216525212 6.29257874663878 1.23197970383296 0.665415842992338
