Archive - glowpa-model-master/Model input/Uganda/rivergeometry/river_flowvelocity_1jan.asc
NCOLS 67 
NROWS 67 
XLLCORNER 29.500000001 
YLLCORNER -1.499999999 
CELLSIZE 0.0833333332985075 
NODATA_value -9999 
[rows 40 to 59 of 67, columns 0 to 45 of 67]
2.1649341370657 2.07352807393009 3.69395091226787 3.70006043762319 1.91399743739459 2.61839790617423 2.05697700122917 2.18609499250665 2.25123492519475 2.2567638212481 2.20979020957082 2.35779997479228 2.3344059637006 2.62550723119926 2.34733939487655 2.8626861067911 2.66845087201409 2.78819300424708 2.28180622930884 2.26682810152115 2.24311159187941 2.40385195674794 2.24666274790273 2.04024442922745 1.96480643770043 2.15137944882518 2.23738685717629 2.4010030306737 2.21725025696854 2.08735850017411 2.32843644460816 2.1985701105336 3.15741482482233 2.41804444887535 2.24729046671307 2.6129353209089 2.24193249681394 2.26344276620518 2.25919851208203 2.89096056592815 2.96756956203349 2.27207914527612 4.88236365073907 2.51872205595155 2.71988908442025 2.317056993633
2.20640433036705 2.38107103309425 3.68282791970102 2.4962157631675 2.47452449253385 2.53149662863988 2.24676658914325 2.20738633938751 2.32618125834025 2.63139924046048 2.71477112363991 2.26380467353398 2.34517111947553 2.36280709709103 2.48059105672091 2.65650918719019 2.27849284953278 2.58530812796783 2.75686179200738 2.66594907036814 2.48511609677273 2.42173420921114 2.25423347269837 2.2219072426176 2.08852361012779 2.09301103174793 1.96552280797634 2.19789853747052 2.18132911549685 2.19658694355068 2.3097333078922 2.58975628430214 3.10097533589643 2.14533794556023 2.16830841711063 2.17958289715108 2.35979249300599 2.25553142928076 2.79987663590527 2.42197379399247 2.92215067371724 2.60168636352077 4.88222769258846 2.35061309096555 2.65309368275173 2.30053992890823
1.98289760239788 2.11374592615664 3.66988375051566 2.05869758191539 2.4366110746452 2.41348275660869 2.17220791416133 2.38933141107534 2.51740028526103 2.26162701251038 2.30439197345902 2.79774645572042 2.44452361196376 2.27248523092615 2.25429157186365 2.20512306982159 2.40621993714996 2.32615929524662 2.37048127317614 2.20940096781529 2.18306853753603 2.18292779237801 2.19679198149617 2.32491992333945 1.90070164040678 2.47116528024479 2.23530515168603 2.31935608429019 2.04905335159534 1.95033868566295 2.41148921284867 2.25511294464028 3.08011894090358 2.81088618562848 2.44345326878101 2.16579744628946 2.1880595734974 2.24125756219403 2.72670185906622 2.2519914683086 2.77456459843954 2.52587426334961 4.88208784952502 4.8818558332401 2.27998021879144 2.47145872390286
3.64668064592454 3.66836217555916 2.15130839560008 2.30837142062409 2.26784398763987 2.20981093325988 2.14689370633441 2.35964150944945 2.58468738803848 2.35381520131987 2.45815761184324 2.83245044702459 2.91001351237412 2.07405795323973 2.06640204757114 1.90998695698022 2.15142530892085 2.08298056046356 2.15667855318731 2.03478755368755 1.93635951723869 2.25605983126696 2.4916093502033 1.92796557700003 1.97931885969496 2.50058992026442 1.94952329531075 1.96958078867906 2.46110711027196 2.79751676847434 2.18887506308211 2.17081607282957 2.89475797730707 2.27638615097651 2.62157343819451 2.54623796662258 2.25827351302312 2.56507433491406 2.25759994637809 2.2697657584856 2.73643772351765 2.44276056235174 2.06200956665923 4.88170475528373 2.30894775308867 2.22836407471246
3.64462717222328 2.6680679900906 2.63364008213677 2.49734204133536 2.23334528490563 2.13416786851827 2.05131147677107 2.26848536194295 2.39280425028451 2.69942276487162 2.60926530299182 2.16249096238272 2.94756147070858 2.31002242409909 2.08311011775255 1.95953468462017 1.92642980232285 2.11516604949565 2.24949847912708 2.2375773588671 2.11739071642476 2.59756516041096 2.11523256034394 2.30335029789784 2.58565428823318 2.16869813528554 2.05164911512352 2.95112116539164 2.50814175845297 2.79751676847434 2.17800715599886 2.20983536104317 2.47534761607519 2.75861167383654 2.64797608611515 2.27903558328126 2.32086178209937 2.47445733967485 2.29640028949159 2.39832742924658 2.63220033804521 2.3279301250009 4.88121981145583 4.88121981145583 4.88121981145583 4.88121981145583
3.63900228933041 2.43307184083211 2.37055038186192 2.299317595639 2.35123248865309 2.17433619307374 2.32644038133615 2.4288773922607 2.29497190123781 2.77751696893591 2.63898375400205 2.01849263992245 2.95584273699443 1.9449400357998 2.24969560895065 1.93004020165632 2.32216911311817 2.00588422067093 2.05539719570005 2.46695403123915 2.32963688905391 2.66457722037766 2.77618213485828 2.68648593091679 2.16297565604327 2.03769761313815 2.13811970067826 2.95112116539164 2.79751676847434 2.79751676847434 2.48615942765123 2.2248436633935 2.31396620163572 2.29906744643555 2.20023658923914 2.48329279236511 2.34289063224699 4.88121981145583 4.88121981145583 2.16500850748615 2.33979021535979 2.17542508062703 4.88121981145583 4.88121981145583 4.88121981145583 4.88121981145583
2.71587057063252 3.62773976162292 2.23625538195243 2.27455963372534 2.47598089238633 2.18568400135382 2.43965166708477 2.43252851694814 3.41056309330101 2.96356716810929 2.68114345874917 2.0635612928597 2.96350440205294 2.34296829820647 2.38638245741396 2.45171289365984 2.81097799242259 2.83812770023733 2.99001913897812 3.07876936883064 3.10211070931105 3.32263639104464 3.34510484809408 2.2233942229532 2.25198326980445 2.26505262123161 2.9808786725968 2.066824418902 2.09642115176658 2.38397337121368 2.21665990824023 2.22193085486075 2.22359662771165 2.38833557017455 4.88121981145583 4.88121981145583 4.88121981145583 4.88121981145583 4.88121981145583 4.88121981145583 4.88121981145583 4.88121981145583 4.88121981145583 4.88121981145583 4.88121981145583 4.88121981145583
2.13899908122606 3.59894876053976 2.45041636850069 2.31048515388928 2.3026878199827 2.64885150412793 3.41056309330101 3.41056309330101 3.41056309330101 3.41056309330101 3.27637617580292 3.27302777003879 3.09325530606528 3.0880555427799 2.0827162516841 2.08937481153956 2.62487274253474 2.23548988396655 2.67403145712048 2.16757673706533 2.70515593471191 2.22490176251497 2.39136752810655 3.39051696912003 2.41536935293166 3.00132304051875 2.11685677838024 2.07007615228665 2.11747668603114 2.22649551016712 2.2015348312405 2.38316068479041 4.88121981145583 4.88121981145583 4.88121981145583 4.88121981145583 4.88121981145583 4.88121981145583 4.88121981145583 4.88121981145583 4.88121981145583 4.88121981145583 4.88121981145583 4.88121981145583 4.88121981145583 4.88121981145583
2.3694390092419 3.59581059741328 3.58622604431001 3.58622604431001 2.69493726711688 2.08750471758001 3.41056309330101 3.41056309330101 3.41056309330101 3.41056309330101 2.13641900423352 2.34469406411168 2.0594015520329 2.64598148284321 2.9947181964696 2.66633241618262 2.42717421952063 1.99250320395911 2.65891391298249 2.0151359577819 2.61939654870086 2.28791056211187 2.18652897135175 2.11744329406053 3.50662456027565 3.5953086288086 3.6065757969148 3.61920189985788 3.64101561866548 2.38732724189884 4.88121981145583 4.88121981145583 4.88121981145583 4.88121981145583 4.88121981145583 4.88121981145583 4.88121981145583 4.88121981145583 4.88121981145583 4.88121981145583 4.88121981145583 4.88121981145583 4.88121981145583 4.88121981145583 4.88121981145583 4.88121981145583
3.58622604431001 3.58622604431001 3.58622604431001 3.58622604431001 3.58622604431001 1.89582024113481 1.93928884223414 1.85572550190374 3.41056309330101 3.41056309330101 2.1914642276607 1.98896849870409 2.52586471613591 2.16860622191102 2.860546070123 2.60226540657283 2.14397013160406 2.32017730700618 2.63445349079037 2.60090621573246 2.05934017634007 2.56422320530554 2.13405942877772 2.17639931269284 2.85019456960769 2.33217494324753 2.75460967375345 2.30827175363383 4.88121981145583 4.88121981145583 4.88121981145583 4.88121981145583 4.88121981145583 4.88121981145583 4.88121981145583 4.88121981145583 4.88121981145583 4.88121981145583 4.88121981145583 4.88121981145583 4.88121981145583 4.88121981145583 4.88121981145583 4.88121981145583 4.88121981145583 4.88121981145583
3.58622604431001 3.58622604431001 3.58622604431001 3.58622604431001 3.58622604431001 1.81693115272214 3.4514624634846 3.41413166526819 3.41056309330101 2.04160783389703 2.01700314482071 2.0343294668061 2.49169185548056 2.1775977748537 2.84196748991589 2.52280240427145 2.12533877556288 2.22778984105952 1.93681224901875 2.56839081694272 2.07144805362617 2.52275332518642 2.09396874668073 2.18265875832486 2.79366212163532 2.20609547337729 2.7368317746986 2.17245540525086 4.88121981145583 4.88121981145583 4.88121981145583 4.88121981145583 4.88121981145583 4.88121981145583 4.88121981145583 4.88121981145583 4.88121981145583 4.88121981145583 4.88121981145583 4.88121981145583 4.88121981145583 4.88121981145583 4.88121981145583 4.88121981145583 4.88121981145583 4.88121981145583
3.58622604431001 3.58622604431001 3.58622604431001 3.58622604431001 3.58622604431001 3.45464876466415 1.88985023009339 2.69500494772509 2.02260720803328 2.28667594403629 1.96306012557345 2.23110992808435 2.22173123099973 2.21760977816493 2.77295874103818 2.04418230963025 2.43314398535465 2.11940906417008 2.25908380322128 2.37681001160834 2.12355169595601 2.29929386800364 2.16457517303361 2.2054969120104 2.75651116188268 2.14101730266271 2.58697349159313 2.18795363193343 4.88121981145583 4.88121981145583 4.88121981145583 4.88121981145583 4.88121981145583 4.88121981145583 4.88121981145583 4.88121981145583 4.88121981145583 4.88121981145583 4.88121981145583 4.88121981145583 4.88121981145583 4.88121981145583 4.88121981145583 4.88121981145583 4.88121981145583 4.88121981145583
3.58622604431001 3.58622604431001 3.58622604431001 3.58622604431001 3.58622604431001 2.06312442423282 1.76713213688822 2.66272548095081 2.11680506255332 1.79886473938083 2.08848876681098 1.85389057780276 2.21833777366727 2.44431830464179 2.48743059908677 2.40382576608283 2.14257312526185 2.10938823539077 2.12466980010609 2.16069261861631 2.14683376467789 2.15749097664417 2.15091297202722 2.4410591074761 2.63461892880219 2.29864241791608 2.36920149106107 2.18747880139235 2.3089836943438 2.33942883795516 4.88121981145583 4.88121981145583 4.88121981145583 4.88121981145583 4.88121981145583 4.88121981145583 4.88121981145583 4.88121981145583 4.88121981145583 4.88121981145583 4.88121981145583 4.88121981145583 4.88121981145583 4.88121981145583 4.88121981145583 4.88121981145583
3.58622604431001 3.58622604431001 3.58622604431001 3.58622604431001 3.58622604431001 1.76656459718456 2.02175911881491 2.64368379296973 2.5950766108553 2.19416098609572 2.14320004278918 2.17168729800318 2.19090859291695 2.34367886572641 2.13844173511853 2.14140344800208 2.13840974883506 2.16242338466879 2.19769040112058 2.20308733417403 2.29344837092205 2.08266705864732 2.16415345014946 2.07228663915462 2.40946757729695 2.11894291502874 2.19641769399805 2.24877794434748 2.52984550168624 2.68939578051369 4.88121981145583 4.88121981145583 4.88121981145583 4.88121981145583 4.88121981145583 4.88121981145583 4.88121981145583 4.88121981145583 4.88121981145583 4.88121981145583 4.88121981145583 4.88121981145583 4.88121981145583 4.88121981145583 4.88121981145583 4.88121981145583
3.58622604431001 3.58622604431001 3.58622604431001 3.58622604431001 1.83879828541004 2.24060473711829 2.15894615296398 2.39016041176542 2.14983212162173 2.2090539930328 2.34399435143555 2.32570806577856 2.18758734170748 2.17110012257348 2.17514168950477 2.32407272635189 2.14427347788297 2.31461666144058 2.36515999437302 2.79325404170542 2.46136205313814 2.32494491428507 2.20061806016649 2.16762347921769 2.18451121854639 1.97859521336723 2.03096221391322 4.88121981145583 4.88121981145583 4.88121981145583 4.88121981145583 4.88121981145583 4.88121981145583 4.88121981145583 4.88121981145583 4.88121981145583 4.88121981145583 4.88121981145583 4.88121981145583 4.88121981145583 4.88121981145583 4.88121981145583 4.88121981145583 4.88121981145583 4.88121981145583 4.88121981145583
3.58622604431001 3.58622604431001 3.03818112872391 2.00768693273449 2.63975143778903 2.11378762459709 2.23412912678163 2.23045595730118 2.23031695815685 2.55783526481495 2.2147103453524 2.43804040794114 2.35772297619623 2.16057095158399 2.14906068240185 2.2069910499202 2.47328042543562 2.57102313135842 2.15225304308023 2.79325404170542 2.06928193680047 2.22168822436751 2.06604386552018 2.08362902809804 2.08850227438869 1.93835908472683 2.29376060064148 4.88121981145583 4.88121981145583 4.88121981145583 4.88121981145583 4.88121981145583 4.88121981145583 4.88121981145583 4.88121981145583 4.88121981145583 4.88121981145583 4.88121981145583 4.88121981145583 4.88121981145583 4.88121981145583 4.88121981145583 4.88121981145583 4.88121981145583 4.88121981145583 4.88121981145583
3.58622604431001 3.58622604431001 3.0335428067697 3.00705320290686 2.0839660351058 2.58658020426218 2.26973440851703 2.2300746502057 2.38079602150582 2.6311578893203 2.20615099267893 2.98091457122388 3.04541130076152 3.06816281847856 3.08846957873765 3.11610348198508 3.26144799199351 2.7476212929481 3.37352803404459 3.37352803404459 3.39406258250241 2.3673909364313 3.41801192833066 2.24262262989494 2.12079720606034 2.25227350236797 4.88121981145583 4.88121981145583 4.88121981145583 4.88121981145583 4.88121981145583 4.88121981145583 4.88121981145583 4.88121981145583 4.88121981145583 4.88121981145583 4.88121981145583 4.88121981145583 4.88121981145583 4.88121981145583 4.88121981145583 4.88121981145583 4.88121981145583 4.88121981145583 4.88121981145583 4.88121981145583
2.05595800291299 2.6970228946145 2.21272963996625 2.99821885258869 2.12829919600435 2.24069584939861 2.23072430648529 2.61376601821364 2.20251519022622 2.69162935667572 2.87715870281097 2.19696544325095 2.14312253831124 2.16613748645073 2.41129168308256 2.50144971560614 3.26144799199351 3.26144799199351 3.37352803404459 3.37352803404459 3.39406258250241 3.41801192833066 3.41801192833066 2.24571422795622 2.52835812341207 2.20509260222148 4.88121981145583 4.88121981145583 4.88121981145583 4.88121981145583 4.88121981145583 4.88121981145583 4.88121981145583 4.88121981145583 4.88121981145583 4.88121981145583 4.88121981145583 4.88121981145583 4.88121981145583 4.88121981145583 4.88121981145583 4.88121981145583 4.88121981145583 4.88121981145583 4.88121981145583 4.88121981145583
1.97253087663603 2.66301557638658 2.06386259215385 2.98703212467028 2.12446019712413 2.20119463721677 2.72928997772906 2.65627422119184 2.24849746633053 2.83398569624473 2.38272851640075 2.19583880691916 2.11519215528619 2.13046931917764 2.13115973519662 2.19832479169216 3.26144799199351 3.26144799199351 2.1457866936562 2.08708619061324 2.45584954052715 2.11431315468415 3.42554943140256 1.97075768036845 2.62651144755976 2.66215466435407 4.88121981145583 4.88121981145583 4.88121981145583 4.88121981145583 4.88121981145583 4.88121981145583 4.88121981145583 4.88121981145583 4.88121981145583 4.88121981145583 4.88121981145583 4.88121981145583 4.88121981145583 4.88121981145583 4.88121981145583 4.88121981145583 4.88121981145583 4.88121981145583 4.88121981145583 4.88121981145583
1.94065166896079 2.65187708835655 1.91140216965398 1.99601422445828 2.96928058606509 2.78559555043057 2.76813456632092 2.20812598251718 2.21521635697346 2.25730261284912 2.25874839413883 2.12614922617422 2.31601617610549 2.11252846973745 2.15087029711617 2.35208342878603 2.31219489795366 2.13580542430668 2.16192218384491 2.25618365060937 2.39849012590266 2.17035193320999 2.13854554043874 3.43303993470331 3.49195427827334 3.50016991078168 4.88121981145583 4.88121981145583 4.88121981145583 4.88121981145583 4.88121981145583 4.88121981145583 4.88121981145583 4.88121981145583 4.88121981145583 4.88121981145583 4.88121981145583 4.88121981145583 4.88121981145583 4.88121981145583 4.88121981145583 4.88121981145583 4.88121981145583 4.88121981145583 4.88121981145583 4.88121981145583
