Archive - glowpa-model-master/Model input/Uganda/rivergeometry/river_flowvelocity_1jul.asc
NCOLS 67 
NROWS 67 
XLLCORNER 29.500000001 
YLLCORNER -1.499999999 
CELLSIZE 0.0833333332985075 
NODATA_value -9999 
[rows 40 to 59 of 67, columns 0 to 45 of 67]
2.14103753174975 2.05527014112541 3.42800850609844 3.4385319078428 1.90037556422258 2.59425442359504 2.07930965694029 2.1739096598389 2.23161425450152 2.23568302292443 2.18630684384005 2.34930739431014 2.32294342968718 2.61271280774463 2.34078587071501 2.86429445565669 2.66383620880188 2.80161905827778 2.31141675127037 2.31615595033982 2.3012503358882 2.45291291907913 2.28748218336095 2.03499440449688 2.07225799569816 2.19332732236425 2.27086378909188 2.39355434286486 2.20147889805498 2.07800369622939 2.32132899375369 2.19260221925828 3.15488778199191 2.42189469693048 2.26068443540995 2.60846966922842 2.24218222640918 2.2603893904484 2.24931790169821 2.88973910387223 2.95953234271326 2.27336175097325 4.90948220686846 2.52038936917827 2.71942772798074 2.32143390988706
2.18495264179557 2.35604406909424 3.40839019836008 2.47390767724347 2.45144042363617 2.50067533312089 2.23672722511704 2.18469657452948 2.27555654763566 2.59384473057849 2.67683399178643 2.23159981817545 2.33268485069525 2.34953881131606 2.47539003064186 2.66924628312421 2.28312426611631 2.58522720181823 2.77056104094575 2.68736340844011 2.4950149541904 2.42911795025791 2.25963620413596 2.20747045158113 2.18741648351845 2.12120228925845 1.97382558224005 2.19677673035983 2.17796556558068 2.19065133940425 2.30289222110841 2.58305891538031 3.10007082187937 2.15177794634432 2.16942734999659 2.17005316040071 2.3495158110254 2.24967033264687 2.79862640324526 2.4199926856759 2.91290788866992 2.59328684316219 4.9087323733269 2.35253820952085 2.6523093407984 2.30334629084849
1.96094617658411 2.09662370436777 3.38468999753911 2.04683965626937 2.40920516796884 2.37595777515638 2.15110204842268 2.36213393690409 2.48293076990445 2.21993413833344 2.26468517282771 2.75754950304484 2.41157060525996 2.24032442555728 2.25965921989551 2.23518958115008 2.42275142071441 2.33664584955446 2.35162540997031 2.22931426535734 2.20452818539257 1.9615080257543 1.97851107430512 2.28778654348933 1.97322320016928 2.50734777379666 2.24541442770065 2.31773342619232 2.04746112544481 1.81846932320532 2.40287731710608 2.25344700436588 3.07987131075443 2.80683749354811 2.43383514722446 2.15351260267753 2.1796551172513 2.23673607098823 2.72705231567324 2.24817518320339 2.76549740589989 2.51615403659833 4.90804287533527 4.90732992262793 2.27766689337962 2.47093506156753
3.33976586747286 3.38192853150898 2.13481761856082 2.29715216997447 2.22878045422771 2.14770965893302 2.12369574570845 2.32673114556475 2.54079218997051 2.30689545071979 2.41548752705433 2.79119843469145 2.86912986350644 2.08157865148193 2.08293702273548 2.01172727906726 2.18512212138792 2.05829306501212 2.17260534850107 2.02268468785327 2.02627070239622 2.12573499894096 2.41695391921074 1.9754593397146 1.95695083795784 2.52592207241666 1.97606320251147 1.96399997033906 2.44816690943626 2.61365946901417 2.1671549276564 2.17086471285323 2.89848616355417 2.27270375317033 2.62171162487156 2.54920926321884 2.25731791404584 2.57031963086077 2.25349694628879 2.2621443303117 2.72707059654757 2.43364172589703 2.04775262147636 4.906791428547 2.32221166844913 2.30515888490432
3.3358268557134 2.64842688796439 2.61466779347366 2.47686035853698 2.0653954207944 2.06582051940748 2.03055270389986 2.23306645155323 2.352675119809 2.65214901776321 2.56721300491369 2.13205626192156 2.91251707838526 2.32125643573737 2.14505098462106 1.99674271393254 1.95353288042281 1.99878124249983 2.18243202854756 2.19263904655456 2.11793958490926 2.49304559770413 1.95754410391045 2.187336325238 2.58166742474272 2.12222396150294 2.02088459235839 2.79858360852384 2.45963533204069 2.61365946901417 2.17762410221771 2.22388717297998 2.48066293952063 2.76247128405009 2.65355294077214 2.27890621216175 2.33346224163475 2.48325771776104 2.30041460453166 2.39441865695474 2.62289355109161 2.3213221028273 4.90583969400458 4.90583969400458 4.90583969400458 4.90583969400458
3.32492434410523 2.40875823685455 2.34838737671679 2.2825926004881 2.17126759301763 2.16047198534907 2.28757315431816 2.38206010497136 2.26119783081111 2.72895399346805 2.59586349597341 1.9915698088874 2.92103429799787 1.96223693743474 2.28318195319932 1.94364589052884 2.24749857555669 1.92973065710254 1.98761884624758 2.38227669586184 2.24303320581511 2.53399686018042 2.68464045700157 2.63444508762008 2.03263779308298 1.99217258745978 2.09589590871453 2.79858360852384 2.61365946901417 2.61365946901417 2.50420564402708 2.24174838502568 2.32191545264429 2.30286497685201 2.21146763462738 2.49373489325979 2.35975168928636 4.90583969400458 4.90583969400458 2.1622784717178 2.32577516802263 2.16359797189379 4.90583969400458 4.90583969400458 4.90583969400458 4.90583969400458
2.6959156734296 3.30226530792841 2.21993636519724 2.2524016987521 2.36115874566477 2.17647495604623 2.42538157966035 2.38605037659827 3.22428635559123 2.91363833775236 2.63636157359039 2.02629695822585 2.92854599299896 2.36358420532975 2.38003874968648 2.42896252240981 2.69764912473513 2.70892791189422 2.82475273239003 2.91508818474433 2.91493752975785 3.12311042583197 3.12697665550684 2.04382235794191 2.12598883428633 2.15137267988889 2.82191601676008 1.91905606270904 2.02277529990162 2.40239957917653 2.23300470108687 2.23909810862525 2.23745238562851 2.40296576298855 4.90583969400458 4.90583969400458 4.90583969400458 4.90583969400458 4.90583969400458 4.90583969400458 4.90583969400458 4.90583969400458 4.90583969400458 4.90583969400458 4.90583969400458 4.90583969400458
2.12091103761114 3.23837232490952 2.42417871707282 2.28542248212278 2.28322484343839 2.57723180628198 3.22428635559123 3.22428635559123 3.22428635559123 3.22428635559123 3.20061893662006 3.19775955727181 2.99619068335636 2.99090835125318 2.04652111341492 2.05541383169942 2.49252590526011 2.03502309018374 2.49519252033855 2.12486287507134 2.47241466919331 2.08429173004096 2.25525734056457 3.15853473486823 2.27613501125279 2.83642235527241 1.95057695038195 1.86595201417956 2.01396741415914 2.23521713463355 2.21337217505054 2.39896815966797 4.90583969400458 4.90583969400458 4.90583969400458 4.90583969400458 4.90583969400458 4.90583969400458 4.90583969400458 4.90583969400458 4.90583969400458 4.90583969400458 4.90583969400458 4.90583969400458 4.90583969400458 4.90583969400458
2.34981162994007 3.23135561083333 3.20867382630764 3.20867382630764 2.62512418501951 2.05146818772382 3.22428635559123 3.22428635559123 3.22428635559123 3.22428635559123 2.10133451268009 2.30167493671486 1.99830071184454 2.55967685461816 2.90036579019219 2.58875201405334 2.34373967421885 1.88733627039154 2.48173458153018 1.97376172243211 2.37216305761973 2.12346806958545 2.06717272939281 1.96901152804904 3.27280903828838 3.36889478740638 3.37599818967941 3.38474068025691 3.41074802380051 2.39231407823983 4.90583969400458 4.90583969400458 4.90583969400458 4.90583969400458 4.90583969400458 4.90583969400458 4.90583969400458 4.90583969400458 4.90583969400458 4.90583969400458 4.90583969400458 4.90583969400458 4.90583969400458 4.90583969400458 4.90583969400458 4.90583969400458
3.20867382630764 3.20867382630764 3.20867382630764 3.20867382630764 3.20867382630764 1.84552489418174 1.88714332544137 1.88105904150671 3.22428635559123 3.22428635559123 2.14047643124388 1.97511418902028 2.44498002705114 2.08981668017269 2.76827129168116 2.52355577488755 2.08646679789606 2.26533949987173 2.45215173941408 2.43726046169282 1.9696581194426 2.29273110193959 1.91312172663044 1.95062463408262 2.57774698146607 2.33462014183136 2.75133394048617 2.30878313621951 4.90583969400458 4.90583969400458 4.90583969400458 4.90583969400458 4.90583969400458 4.90583969400458 4.90583969400458 4.90583969400458 4.90583969400458 4.90583969400458 4.90583969400458 4.90583969400458 4.90583969400458 4.90583969400458 4.90583969400458 4.90583969400458 4.90583969400458 4.90583969400458
3.20867382630764 3.20867382630764 3.20867382630764 3.20867382630764 3.20867382630764 1.70289741260284 3.26745795901901 3.22823066205544 3.22428635559123 1.972186701936 1.9678462278989 1.99636273665514 2.41023972876795 2.09869086176459 2.75148630354239 2.44687331363995 2.05665104243972 2.1867924435216 1.73855833944396 2.40073790980178 1.90452637598205 2.26669180874738 1.85375611803563 1.96024013359381 2.5234801406165 2.20480937835059 2.73285442032012 2.16908528729 4.90583969400458 4.90583969400458 4.90583969400458 4.90583969400458 4.90583969400458 4.90583969400458 4.90583969400458 4.90583969400458 4.90583969400458 4.90583969400458 4.90583969400458 4.90583969400458 4.90583969400458 4.90583969400458 4.90583969400458 4.90583969400458 4.90583969400458 4.90583969400458
3.20867382630764 3.20867382630764 3.20867382630764 3.20867382630764 3.20867382630764 3.26991308419886 1.81412600534445 2.584986018355 1.95161103264216 2.17671639106466 1.87863005986829 2.1515206152837 2.14880868368074 2.14574762846486 2.68743580575943 1.96058129183156 2.36481244437625 2.07253566114138 2.1471015878612 2.20240126377347 1.94829439063088 2.06690133873044 1.96671534830684 2.0020861403538 2.47424785576663 2.13084819018406 2.58391811779229 2.18566994769399 4.90583969400458 4.90583969400458 4.90583969400458 4.90583969400458 4.90583969400458 4.90583969400458 4.90583969400458 4.90583969400458 4.90583969400458 4.90583969400458 4.90583969400458 4.90583969400458 4.90583969400458 4.90583969400458 4.90583969400458 4.90583969400458 4.90583969400458 4.90583969400458
3.20867382630764 3.20867382630764 3.20867382630764 3.20867382630764 3.20867382630764 2.01174391650823 1.69276377922811 2.55850658790597 1.99506847342972 1.67282389342123 1.97603648774 1.79110474133845 2.15377379850067 2.37005473606405 2.40433466580143 2.3459606164142 2.0751592775018 2.0614892566707 2.02710008504121 2.03738334669484 1.94303038483837 1.94182428761386 1.90980384200411 2.14121002520689 2.31315718434115 2.21547223521714 2.36582619112677 2.18749094233068 2.30863976805885 2.36174700124682 4.90583969400458 4.90583969400458 4.90583969400458 4.90583969400458 4.90583969400458 4.90583969400458 4.90583969400458 4.90583969400458 4.90583969400458 4.90583969400458 4.90583969400458 4.90583969400458 4.90583969400458 4.90583969400458 4.90583969400458 4.90583969400458
3.20867382630764 3.20867382630764 3.20867382630764 3.20867382630764 3.20867382630764 1.73619792977413 1.97050881550643 2.54250769792709 2.4961468445953 2.0882571516714 1.96088527975319 2.09340649158728 2.13543817586908 2.26988048480639 2.06421987923276 2.102832459265 2.09479356267585 2.09871540064383 2.07663725209025 2.08092366002167 2.07347596108469 1.91873949506937 1.92750058597082 1.79635856527723 2.14861842831965 2.02909323485731 2.19305365341221 2.24922392073733 2.53905971876905 2.70841889739108 4.90583969400458 4.90583969400458 4.90583969400458 4.90583969400458 4.90583969400458 4.90583969400458 4.90583969400458 4.90583969400458 4.90583969400458 4.90583969400458 4.90583969400458 4.90583969400458 4.90583969400458 4.90583969400458 4.90583969400458 4.90583969400458
3.20867382630764 3.20867382630764 3.20867382630764 3.20867382630764 1.80716492327786 2.18643094798133 2.10073997659278 2.31430746740765 2.06207825084944 2.11589638083002 2.21086154321338 2.2313328004606 2.1300197757691 2.12141054004784 2.11222064426857 2.2465550180609 2.07422645740432 2.2380063055905 2.23597333065362 2.5766592832078 2.2909536351337 2.19917747658952 2.06058840004268 1.91790000416498 2.00562058947508 1.93190328165976 2.03825263052934 4.90583969400458 4.90583969400458 4.90583969400458 4.90583969400458 4.90583969400458 4.90583969400458 4.90583969400458 4.90583969400458 4.90583969400458 4.90583969400458 4.90583969400458 4.90583969400458 4.90583969400458 4.90583969400458 4.90583969400458 4.90583969400458 4.90583969400458 4.90583969400458 4.90583969400458
3.20867382630764 3.20867382630764 2.96708045319384 1.96978364629 2.57099744428105 2.06732373522203 2.17136847718799 2.17314018813656 2.18809234841068 2.43090984236656 2.12527559867418 2.3343296464788 2.27825197070586 2.08232118324094 2.06434325810938 2.12586440070308 2.38548550522613 2.45688974149797 2.06999852666886 2.5766592832078 1.94280484199198 2.07358935703075 1.88614007638343 1.97231118413824 2.00257024319268 1.92191041729458 2.29539743860686 4.90583969400458 4.90583969400458 4.90583969400458 4.90583969400458 4.90583969400458 4.90583969400458 4.90583969400458 4.90583969400458 4.90583969400458 4.90583969400458 4.90583969400458 4.90583969400458 4.90583969400458 4.90583969400458 4.90583969400458 4.90583969400458 4.90583969400458 4.90583969400458 4.90583969400458
3.20867382630764 3.20867382630764 2.9624321060665 2.93972267377981 2.03321446638869 2.51569852109013 2.22111603107698 2.19924236648418 2.34210242025693 2.51967081236553 2.11529087258874 2.87568086942507 2.93636371003219 2.95745530529178 2.97654966157381 3.00044351632416 3.1124942414396 2.63587970680419 3.1798067383764 3.1798067383764 3.19662239304117 2.25001377408672 3.19804310775075 2.18775062321938 2.12044763108536 2.20147536003555 4.90583969400458 4.90583969400458 4.90583969400458 4.90583969400458 4.90583969400458 4.90583969400458 4.90583969400458 4.90583969400458 4.90583969400458 4.90583969400458 4.90583969400458 4.90583969400458 4.90583969400458 4.90583969400458 4.90583969400458 4.90583969400458 4.90583969400458 4.90583969400458 4.90583969400458 4.90583969400458
2.03169471571891 2.55012850002444 2.09902021223951 2.93146936117835 2.06573740572775 2.17346397486833 2.19409984937194 2.57470698703236 2.17299492140232 2.59131424564129 2.78440692629182 2.14153905394489 2.0873519092173 2.12035824632627 2.33869970334246 2.42704549005747 3.1124942414396 3.1124942414396 3.1798067383764 3.1798067383764 3.19662239304117 3.19804310775075 3.19804310775075 2.24674393796297 2.50959888942739 2.23031624574061 4.90583969400458 4.90583969400458 4.90583969400458 4.90583969400458 4.90583969400458 4.90583969400458 4.90583969400458 4.90583969400458 4.90583969400458 4.90583969400458 4.90583969400458 4.90583969400458 4.90583969400458 4.90583969400458 4.90583969400458 4.90583969400458 4.90583969400458 4.90583969400458 4.90583969400458 4.90583969400458
1.92563821758013 2.50454743698777 1.8670435092156 2.92169962153901 2.04177136505013 2.13831816770209 2.6879047667874 2.61666174966506 2.21262926053037 2.74729402605673 2.33251320693787 2.14815515994214 2.052277839744 2.06388539990504 2.06206533059416 2.13692543755269 3.1124942414396 3.1124942414396 2.1176233123824 2.0199858051591 2.38224028385276 2.07331781165266 3.20846302009792 2.03490170959289 2.61824629519481 2.66652356940384 4.90583969400458 4.90583969400458 4.90583969400458 4.90583969400458 4.90583969400458 4.90583969400458 4.90583969400458 4.90583969400458 4.90583969400458 4.90583969400458 4.90583969400458 4.90583969400458 4.90583969400458 4.90583969400458 4.90583969400458 4.90583969400458 4.90583969400458 4.90583969400458 4.90583969400458 4.90583969400458
1.89570474149828 2.49034030777622 1.73427932582183 1.76484373231769 2.90794104191465 2.7379383737974 2.72277622531825 2.06685080521453 2.18930450892868 2.23839932376081 2.23698684518185 2.05189423808639 2.25616355242796 2.01753522639198 2.10158238649761 2.31001768530708 2.25638039816639 2.0723847890997 2.0895776997043 2.19113521372339 2.33045113918371 2.11448076733889 2.13821101944629 3.21967900875411 3.31276573554614 3.32388060817487 4.90583969400458 4.90583969400458 4.90583969400458 4.90583969400458 4.90583969400458 4.90583969400458 4.90583969400458 4.90583969400458 4.90583969400458 4.90583969400458 4.90583969400458 4.90583969400458 4.90583969400458 4.90583969400458 4.90583969400458 4.90583969400458 4.90583969400458 4.90583969400458 4.90583969400458 4.90583969400458
