Archive - glowpa-model-master/Model input/Uganda/rivergeometry/river_width_1jan.asc
NCOLS 67 
NROWS 67 
XLLCORNER 29.500000001 
YLLCORNER -1.499999999 
CELLSIZE 0.0833333332985075 
NODATA_value -9999 
[rows 40 to 59 of 67, columns 0 to 44 of 67]
0.67803287590381 0.535727845954911 12.5431398609747 12.6568449263379 0.346003563119015 1.91541176987414 0.512788231138473 0.715021279285446 0.83937055858705 0.850689492448687 0.758379254675229 1.08053743077169 1.02327292115009 1.94398373987334 1.0546167199505 3.11747141638868 2.12407220025163 2.69942708386429 0.903530254060377 0.871613420162623 0.822963623916385 1.20092130364824 0.830103458193566 0.49041908508597 0.399223107758345 0.655172287084618 0.811559333426691 1.19316963687838 0.772465734854751 0.555533416510434 1.0090649293172 0.737588519745147 5.32355893646032 1.24015332861537 0.831370774866857 1.89369180590501 0.820604099671024 0.864528817161236 0.855713252192404 3.28936067770622 3.79436518410561 0.882696233580301 57.5334259768644 1.54959586544944 2.35749078141916
0.752055459529648 1.14007180846343 12.3382712470859 1.47547425248603 1.4068029547073 1.59300222557261 0.830312996775806 0.753885102674392 1.00373950733613 1.96792636795266 2.33336795258061 0.865283939361126 1.04930795486559 1.09312765035665 1.42574009073955 2.07268006933389 0.89638884848647 1.78690070069741 2.53787923345536 2.11322019887473 1.44000042634712 1.25052246187109 0.845493909276383 0.781367150614697 0.557228830507801 0.56379825767963 0.400018610451273 0.736359026230834 0.706550248979055 0.733962631439614 0.96558928228989 1.8037541923331 4.82420696550577 0.645187962649275 0.683823855563535 0.703467060879628 1.0855332738265 0.848155765069227 2.76177777913387 1.25119819482837 3.4878768467307 1.8495979056932 57.5246776820438 1.06267353018473 2.05816946541264
0.419712985592569 0.594980593600129 12.1033090361596 0.515134884496931 1.29305127820641 1.22743105089885 0.690566479689211 1.16183765960317 1.54516038131731 0.860748355103723 0.953458311219935 2.75032306483339 1.31614778250236 0.883558087399661 0.845612913252123 0.749673717272423 1.20739562402999 1.00368775656126 1.11265646380447 0.75765006715887 0.709632402631754 0.709382602821769 0.73433683268945 1.00077100281972 0.333080017954142 1.39640568997819 0.807444499701053 0.987762167623564 0.502093788547737 0.383431676565131 1.22190476152438 0.847296788014506 4.64966142862506 2.82160293635976 1.31300391400283 0.679510669364913 0.718537251411816 0.819255955709663 2.3899176007611 0.840912071421932 2.62815571317644 1.57377741957513 57.5156805442564 57.5007557576284 0.899588885009142
11.6912778081372 12.0759312337743 0.655054133927474 0.962484324843172 0.873748624680338 0.758418093544198 0.647747083807261 1.08515405313659 1.78455906009076 1.07060273495708 1.35673528697063 2.94185028591533 3.40949634071834 0.536475867007945 0.525750655133045 0.342062973942805 0.655248556274151 0.549200459964832 0.664033274410945 0.483298859675071 0.368661915713141 0.849241373297955 1.46066681069391 0.360018908071779 0.415593058590371 1.4896483821739 0.382557108563666 0.404549329339083 1.36564884102943 2.74909027870833 0.720000858850349 0.688153641435296 3.31302447444023 0.891872259041077 1.92813135169472 1.64432058635318 0.853801755348467 1.71185224876031 0.852412035733208 0.877799518058633 2.43688904321614 1.31097253190099 0.519676707334451 57.491039148085 0.963797304293095
11.6553721430063 2.1224084391569 1.97709518277625 1.47911329608263 0.803586091458019 0.627055393591982 0.505122808574275 0.875098873660449 1.17108925733622 2.26223156460211 1.8792126447537 0.673864925762583 3.65674890969738 0.966249488050248 0.549387021797192 0.393408675879206 0.358455627316223 0.597166753425099 0.835841148585124 0.81193674527286 0.600604627858934 1.83365501256809 0.597269301880434 0.951107081867243 1.78820762382647 0.684495289015625 0.505576992335013 3.68092966749585 1.51438126055807 2.74909027870833 0.700694315392777 0.758463876450379 1.40936026705208 2.54668839457676 2.0365830106839 0.897555446839061 0.991268932514333 1.406594488935 0.935540710872966 1.18592683602186 1.97120020788652 1.00786729601926 57.4598589489645 57.4598589489645 57.4598589489645
11.557480259134 1.28282807698613 1.11283361352189 0.942049238312721 1.06420355530499 0.694269335157762 1.00435023324952 1.27079785469501 0.932367390674409 2.64346351728833 1.99910069601751 0.462537815579774 3.71320434702949 0.377671481950207 0.836241213334131 0.362139528630837 0.994321944108013 0.446978638211762 0.510641274144506 1.38346000169991 1.0119090709376 2.10728881388202 2.63653351464913 2.20365716196804 0.674690123493776 0.487085368493742 0.633422243506391 3.68092966749585 2.74909027870833 2.74909027870833 1.44330488025174 0.787022803435239 0.975292109284114 0.941489708274735 0.74064669845272 1.43424046621885 1.04374802643591 57.4598589489645 57.4598589489645 0.678160078096898 1.03622769476635 0.696170082729443 57.4598589489645 57.4598589489645 57.4598589489645
2.33853296799944 11.3634925670791 0.809320666833768 0.887971417329315 1.41133033818905 0.714287517098892 1.3018871942221 1.28126452962944 8.11162757380581 3.76650354156589 2.17983228853433 0.521815859359963 3.76606794649577 1.04393698278843 1.15402863906559 1.33742427462462 2.82210622151435 2.97419424662453 3.95378093629499 4.63854716899213 4.83386027040151 7.03339239940066 7.29706327681924 0.784226964321002 0.840895353974589 0.867891924347763 3.88822663083588 0.526337755628579 0.568832744444632 1.14768108983782 0.771343276431381 0.781412495863447 0.784616896628569 1.15919579639078 57.4598589489645 57.4598589489645 57.4598589489645 57.4598589489645 57.4598589489645 57.4598589489645 57.4598589489645 57.4598589489645 57.4598589489645 57.4598589489645 57.4598589489645
0.634846183116752 10.8796518421389 1.33356662012171 0.967306913112443 0.94961422813533 2.04026242587835 8.11162757380581 8.11162757380581 8.11162757380581 8.11162757380581 6.51499092421618 6.47871460149196 4.75898552887416 4.7154635108645 0.548820017157886 0.558470129311982 1.94141970329771 0.807808962938512 2.148443053491 0.682564719777434 2.28859326438184 0.787135040861865 1.1672545780348 7.85466178700638 1.23267965864564 4.03609699319141 0.599778039470258 0.530875655996193 0.600737804163607 0.790218987611453 0.743036291507395 1.14554623843874 57.4598589489645 57.4598589489645 57.4598589489645 57.4598589489645 57.4598589489645 57.4598589489645 57.4598589489645 57.4598589489645 57.4598589489645 57.4598589489645 57.4598589489645 57.4598589489645 57.4598589489645
1.10998756929627 10.8279477075499 10.6712745507643 10.6712745507643 2.24178019632498 0.555745953778545 8.11162757380581 8.11162757380581 8.11162757380581 8.11162757380581 0.630675787367168 1.04814287635 0.516097535542299 2.02821985867444 3.98783169672711 2.11488008364293 1.2659393191219 0.430936397553295 2.08294647458018 0.458353016668054 1.91940441791911 0.916808746480688 0.715796750739566 0.600686073491258 9.44022702584713 10.8196959644289 11.0061555153528 11.2182143993918 11.5924414812303 1.15652580737328 57.4598589489645 57.4598589489645 57.4598589489645 57.4598589489645 57.4598589489645 57.4598589489645 57.4598589489645 57.4598589489645 57.4598589489645 57.4598589489645 57.4598589489645 57.4598589489645 57.4598589489645 57.4598589489645 57.4598589489645
10.6712745507643 10.6712745507643 10.6712745507643 10.6712745507643 10.6712745507643 0.328435436903833 0.371717753632446 0.292250495647999 8.11162757380581 8.11162757380581 0.724663935571232 0.426778209622576 1.57374493631667 0.684336885783437 3.10476623455956 1.85184698024164 0.642944829643038 0.989673533871689 1.98043201322627 1.84657124433596 0.516013548301782 1.70875272023771 0.626881424696592 0.697874290219286 3.04390601276728 1.01794389367985 2.52657838904548 0.962257415425637 57.4598589489645 57.4598589489645 57.4598589489645 57.4598589489645 57.4598589489645 57.4598589489645 57.4598589489645 57.4598589489645 57.4598589489645 57.4598589489645 57.4598589489645 57.4598589489645 57.4598589489645 57.4598589489645 57.4598589489645 57.4598589489645 57.4598589489645
10.6712745507643 10.6712745507643 10.6712745507643 10.6712745507643 10.6712745507643 0.26040607697173 8.6572278137821 8.15808391063966 8.11162757380581 0.492211391598617 0.460677016812679 0.482705003182652 1.46093095425949 0.699975412742156 2.99623418808932 1.56335400713199 0.61301944454255 0.792730810967754 0.369132854827864 1.72397361173262 0.532799750325242 1.5631879311872 0.565208477237283 0.708905310924881 2.72846872841436 0.751480758953597 2.4388059338293 0.690996242722813 57.4598589489645 57.4598589489645 57.4598589489645 57.4598589489645 57.4598589489645 57.4598589489645 57.4598589489645 57.4598589489645 57.4598589489645 57.4598589489645 57.4598589489645 57.4598589489645 57.4598589489645 57.4598589489645 57.4598589489645 57.4598589489645 57.4598589489645
10.6712745507643 10.6712745507643 10.6712745507643 10.6712745507643 10.6712745507643 8.70096106861193 0.322827113104305 2.24208765586355 0.467710000359413 0.914110356833369 0.397289306262189 0.79920372250241 0.781029203416431 0.773149963257908 2.6198599253883 0.495610340923378 1.28303580766154 0.60373763985777 0.855476018334017 1.1289750715337 0.610209934740286 0.94199615303093 0.677419182559712 0.750368017017437 2.53611710724557 0.63812408340667 1.79319541739621 0.718347290323268 57.4598589489645 57.4598589489645 57.4598589489645 57.4598589489645 57.4598589489645 57.4598589489645 57.4598589489645 57.4598589489645 57.4598589489645 57.4598589489645 57.4598589489645 57.4598589489645 57.4598589489645 57.4598589489645 57.4598589489645 57.4598589489645 57.4598589489645
10.6712745507643 10.6712745507643 10.6712745507643 10.6712745507643 10.6712745507643 0.521212882403396 0.223739401399978 2.09930413402556 0.59969802769309 0.246576405281166 0.557178066892754 0.290675944052926 0.774536975588929 1.31554426686377 1.44733932277053 1.20084985437291 0.640660402950012 0.588313068651047 0.611966497805005 0.670810421186736 0.647648330501394 0.665400394912229 0.654396908954872 1.30599386032642 1.98111124900907 0.940539633279747 1.10938009575951 0.717496387826675 0.963879232781527 1.03535403026993 57.4598589489645 57.4598589489645 57.4598589489645 57.4598589489645 57.4598589489645 57.4598589489645 57.4598589489645 57.4598589489645 57.4598589489645 57.4598589489645 57.4598589489645 57.4598589489645 57.4598589489645 57.4598589489645 57.4598589489645
10.6712745507643 10.6712745507643 10.6712745507643 10.6712745507643 10.6712745507643 0.223347286244497 0.466640069980229 2.01862069165345 1.82408253106076 0.729546987909376 0.641684735785292 0.689663153474708 0.723661166138547 1.04566704618499 0.633943395655408 0.638752815286677 0.633891616212154 0.673749939277016 0.735978317178197 0.745902151817164 0.928992398256057 0.548749233074159 0.67669877495371 0.533978670763082 1.216321372365 0.603012869651753 0.733653862597701 0.834380190509683 1.58733666676907 2.21672290916956 57.4598589489645 57.4598589489645 57.4598589489645 57.4598589489645 57.4598589489645 57.4598589489645 57.4598589489645 57.4598589489645 57.4598589489645 57.4598589489645 57.4598589489645 57.4598589489645 57.4598589489645 57.4598589489645 57.4598589489645
10.6712745507643 10.6712745507643 10.6712745507643 10.6712745507643 0.277986220346438 0.817953696163081 0.667854866757087 1.16404066244807 0.652603198784782 0.7570005435495 1.04643592947782 1.00262502456871 0.717690820850712 0.68864549809578 0.695674990277954 0.998781185659501 0.643441748783753 0.976790156419428 1.09908516647045 2.72629300408705 1.36642153363125 1.00082974835145 0.741348195939812 0.682645100882709 0.712197072990244 0.414764010406304 0.478358019077349 57.4598589489645 57.4598589489645 57.4598589489645 57.4598589489645 57.4598589489645 57.4598589489645 57.4598589489645 57.4598589489645 57.4598589489645 57.4598589489645 57.4598589489645 57.4598589489645 57.4598589489645 57.4598589489645 57.4598589489645 57.4598589489645 57.4598589489645 57.4598589489645
10.6712745507643 10.6712745507643 4.31428442425229 0.449176664382098 2.0022784270095 0.595044691523798 0.805127436950955 0.797925324811345 0.797653821342605 1.68563598823372 0.767645939715935 1.29719877726478 1.08034474969963 0.670604177716627 0.651325425490555 0.753148177120157 1.40294503339727 1.73364424880789 0.656626394982769 2.72629300408705 0.5297643638822 0.780946647641002 0.525253197681121 0.550134769032648 0.557197745784263 0.370745608445387 0.929683249154438 57.4598589489645 57.4598589489645 57.4598589489645 57.4598589489645 57.4598589489645 57.4598589489645 57.4598589489645 57.4598589489645 57.4598589489645 57.4598589489645 57.4598589489645 57.4598589489645 57.4598589489645 57.4598589489645 57.4598589489645 57.4598589489645 57.4598589489645 57.4598589489645
10.6712745507643 10.6712745507643 4.27843911750525 4.07835609791465 0.550620839595024 1.79170724459416 0.877733312713744 0.797180707869051 1.13935293244559 1.96694091105343 0.751584039126704 3.88848234324217 4.37064872594469 4.55195125457536 4.71891703298677 4.95413257744918 6.35452996335209 2.49177295115337 7.64212696962899 7.64212696962899 7.89962123454173 1.10475836325002 8.20884431108266 0.821984475038529 0.605900143243765 0.841487328193226 57.4598589489645 57.4598589489645 57.4598589489645 57.4598589489645 57.4598589489645 57.4598589489645 57.4598589489645 57.4598589489645 57.4598589489645 57.4598589489645 57.4598589489645 57.4598589489645 57.4598589489645 57.4598589489645 57.4598589489645 57.4598589489645 57.4598589489645 57.4598589489645 57.4598589489645
0.511402569296129 2.25127062434007 0.763904380195383 4.01335387146029 0.617696837083181 0.818135345910445 0.798449697953382 1.89698173409446 0.744844947514464 2.2267949384246 3.20451328980493 0.734653527992375 0.641558027273867 0.680093464291926 1.22135829915228 1.49244752117463 6.35452996335209 6.35452996335209 7.64212696962899 7.64212696962899 7.89962123454173 8.20884431108266 8.20884431108266 0.828191462616341 1.58224708589545 0.749617155978109 57.4598589489645 57.4598589489645 57.4598589489645 57.4598589489645 57.4598589489645 57.4598589489645 57.4598589489645 57.4598589489645 57.4598589489645 57.4598589489645 57.4598589489645 57.4598589489645 57.4598589489645 57.4598589489645 57.4598589489645 57.4598589489645 57.4598589489645 57.4598589489645 57.4598589489645
0.407869333445821 2.10055338707269 0.522232052072286 3.93225989281662 0.611636893311296 0.742409509546893 2.40233137750842 2.0716791586676 0.833812056942454 2.95056829252204 1.14441229429219 0.732598577365949 0.597207002414619 0.621144063627123 0.62224407417183 0.737139203961123 6.35452996335209 6.35452996335209 0.645925273798368 0.555137772413348 1.34979335792526 0.595853008444038 8.30818501632646 0.405871136250631 1.94804753891246 2.09684776884838 57.4598589489645 57.4598589489645 57.4598589489645 57.4598589489645 57.4598589489645 57.4598589489645 57.4598589489645 57.4598589489645 57.4598589489645 57.4598589489645 57.4598589489645 57.4598589489645 57.4598589489645 57.4598589489645 57.4598589489645 57.4598589489645 57.4598589489645 57.4598589489645 57.4598589489645
0.373146473886121 2.05302091217163 0.343449315179813 0.435099427347665 3.80632729600531 2.68572302309616 2.5950670068344 0.755265577962681 0.768604194184717 0.851799157887936 0.854782653958673 0.614297050827225 0.980019694238758 0.593111631200833 0.654326012122742 1.06630846627661 0.971222204149547 0.629687307792538 0.67289762394479 0.849495925706047 1.18636622462038 0.687350561185013 0.634111459663438 8.40787699562331 9.22656128303318 9.34572568017645 57.4598589489645 57.4598589489645 57.4598589489645 57.4598589489645 57.4598589489645 57.4598589489645 57.4598589489645 57.4598589489645 57.4598589489645 57.4598589489645 57.4598589489645 57.4598589489645 57.4598589489645 57.4598589489645 57.4598589489645 57.4598589489645 57.4598589489645 57.4598589489645 57.4598589489645
