Archive - glowpa-model-master/Model input/Uganda/rivergeometry/river_flowvelocity_1apr.asc
NCOLS 67 
NROWS 67 
XLLCORNER 29.500000001 
YLLCORNER -1.499999999 
CELLSIZE 0.0833333332985075 
NODATA_value -9999 
[rows 40 to 59 of 67, columns 0 to 45 of 67]
2.15597224594708 2.06383035533298 3.54659911789924 3.55367626153011 1.92060109799994 2.74512465293771 2.13916131247297 2.25987276887356 2.29089337666845 2.24826965914336 2.21330009601966 2.38705875407923 2.36104628974868 2.65179798802619 2.37548111250142 2.98687984168608 2.82519554801952 2.99156664402039 2.45920324050897 2.45987198224046 2.43089333050236 2.59466363987629 2.41897310838985 2.38290323331634 2.39962905406485 2.33269419385904 2.4122450497691 2.44842733268113 2.25118558447196 2.09010324508912 2.34360136926474 2.2238413102034 3.21397538119107 2.57151876210624 2.401616396437 2.71539156421474 2.2796875139889 2.26162585512451 2.2398563469586 2.90618178860675 2.97163277407293 2.28301853625454 4.91853416642457 2.56238486778643 2.77720670478158 2.36662341535164
2.19466473822903 2.36880758476803 3.53266407544122 2.63400860385247 2.61885425611981 2.67060229810907 2.31551550027233 2.27875321592123 2.31805003018712 2.64255842606724 2.7265292198757 2.2840056336188 2.37228036661043 2.37843306727273 2.53868603070212 2.83375315996608 2.37724717822489 2.76996005025452 2.95613273712267 2.86410363173471 2.66257671013215 2.58752021071139 2.40103655710205 2.57552017102524 2.54660690138254 2.39494539627239 2.07949372244266 2.20733886555558 2.17892411186824 2.20907091819401 2.31624445716813 2.60621094102098 3.15894354956678 2.31413447329596 2.29781224304089 2.27992226971343 2.43088714511088 2.24911372843752 2.82207633138368 2.41830626647541 2.92620521287911 2.62279485697374 4.91913499324934 2.41140785474211 2.71370190951804 2.34097763319186
1.9716256743458 2.10258861729717 3.50659061171401 2.06929127379504 2.59013619990179 2.57660900211851 2.25747950170691 2.47016604676197 2.58329118986971 2.27507423200545 2.3153279662962 2.81166730758497 2.46167242941931 2.2893834005327 2.35355453874398 2.39578220450136 2.61590009866445 2.49597749787619 2.52755573400754 2.38210512429693 2.35173775466935 2.3469243634602 2.38050225035052 2.69028818446473 2.33161009074922 2.82928691831156 2.37103575073218 2.46849862709719 2.25903592560798 2.20920956661876 2.44012799480678 2.25280043815029 3.12888909126831 2.87700896729818 2.56053436219193 2.28700185944338 2.25967627303482 2.23307345560671 2.75603003211882 2.24313044850145 2.76949375827286 2.54485581985169 4.9196335296605 4.92001138476166 2.33799110336457 2.52380641332517
3.46965144508508 3.50533400527797 2.14061409923744 2.34447698906447 2.49146886268563 2.45781451977218 2.24661338873439 2.452836975196 2.64627804442142 2.35446091103453 2.46160600497906 2.84669204091861 2.93472996458751 2.25324721889225 2.26404082140267 2.38248257486049 2.36234948007537 2.23538247827914 2.30648012954093 2.37723711291833 2.38910535885523 2.52665514443495 2.85881319275714 2.32569426919825 2.31406488642599 2.86601278723714 2.33282801761772 2.33712062041793 2.74709271744434 2.9615309421334 2.43558212063997 2.17115478584588 2.92538414188552 2.27233499743932 2.67233320319049 2.60801123106401 2.27774757825858 2.61848546526739 2.25300198234946 2.25926273911315 2.73163557376552 2.45438350669109 2.06818942604791 4.9203331952005 2.45435957115078 2.55746911503909
3.4676670926772 2.71591989438187 2.68790242726011 2.56391625971278 2.5418886153129 2.46288427403593 2.15575247947497 2.34294265078087 2.50305041984985 2.74893951171637 2.66873091215332 2.27273459658836 3.01523749070679 2.52247388402753 2.52988272188327 2.33900682246556 2.37103984001661 2.37386120993955 2.42265789242873 2.55957006346417 2.51366974852516 2.95865873415773 2.2700436545184 2.4773299738603 2.9693687405612 2.53686964023641 2.40978667372661 3.23688086619501 2.83392662484364 2.9615309421334 2.33042609043337 2.22458611949041 2.48046699125084 2.80228041509437 2.70717927370606 2.29268795045858 2.40687886830319 2.54289604793083 2.32828737697493 2.40557152994162 2.63115905652325 2.33640691879423 4.92022547734068 4.92022547734068 4.92022547734068 4.92022547734068
3.46054780957846 2.47260943266671 2.42292620979621 2.37158321313801 2.68767770410176 2.41067898519868 2.56991315141633 2.63924329301436 2.40374328365518 2.85577657254785 2.71667789612198 2.22122994964554 3.03182186083572 2.3243350977982 2.70118788435896 2.34389963418237 2.71317102555563 2.34412727424232 2.367999213264 2.73390810929344 2.60563688696812 3.00063642317508 3.07654344760742 3.0198339155368 2.32968378574299 2.40917435432241 2.44528970789209 3.23688086619501 2.9615309421334 2.9615309421334 2.50534040082511 2.2438232903811 2.32164990727514 2.30556512334912 2.22287487054116 2.57441224263021 2.46429219859036 4.92022547734068 4.92022547734068 2.17194432795026 2.3309429023541 2.16876618751757 4.92022547734068 4.92022547734068 4.92022547734068 4.92022547734068
2.7116436793376 3.44391999342194 2.24959492003169 2.3449114487418 2.76521414414218 2.26502632704747 2.61029531437636 2.64588750848674 3.46305471842436 3.07166996080199 2.79630170647508 2.26940472897746 3.0472016409801 2.80592916933018 2.85221650424684 2.92497079213245 3.16478319248815 3.18006422998803 3.36673305540925 3.45493220364938 3.45583088722129 3.69414431049745 3.69439732385965 2.31241076227941 2.43422839552076 2.44856756386168 3.25279100645887 2.35177582442555 2.34496917107419 2.40257003047344 2.23226852229188 2.23995098903701 2.24372362238558 2.41253774286656 4.92022547734068 4.92022547734068 4.92022547734068 4.92022547734068 4.92022547734068 4.92022547734068 4.92022547734068 4.92022547734068 4.92022547734068 4.92022547734068 4.92022547734068 4.92022547734068
2.12935816564975 3.40155741201069 2.48374009083942 2.34874897531783 2.37292236327157 2.87236270996163 3.46305471842436 3.46305471842436 3.46305471842436 3.46305471842436 3.39628632746871 3.39058817976081 3.19504812560116 3.1847519549126 2.23080417395377 2.20371053468621 2.77965828910261 2.34042575023294 3.05181422700294 2.54314543521128 3.07772340564161 2.30510697326742 2.56876902750558 3.72171401225671 2.62075362168502 3.2663733598552 2.36841762435747 2.38990563339464 2.37398640913712 2.24048650916219 2.21734998839578 2.4022143357747 4.92022547734068 4.92022547734068 4.92022547734068 4.92022547734068 4.92022547734068 4.92022547734068 4.92022547734068 4.92022547734068 4.92022547734068 4.92022547734068 4.92022547734068 4.92022547734068 4.92022547734068 4.92022547734068
2.36285048239315 3.40005692408636 3.3879077054245 3.3879077054245 2.89939378445409 2.12590456259671 3.46305471842436 3.46305471842436 3.46305471842436 3.46305471842436 2.24194344123608 2.59696094910948 2.23137817958804 2.78175289188602 3.06058436128543 2.73638967883533 2.58936090716315 2.29148094399892 3.03345609769856 2.34813509126281 2.98210095440635 2.57822676253683 2.42978549114576 2.43326452658405 3.83331904269172 3.90988879957749 3.91341961154013 3.92024776238525 3.92654533327019 2.4082823077508 4.92022547734068 4.92022547734068 4.92022547734068 4.92022547734068 4.92022547734068 4.92022547734068 4.92022547734068 4.92022547734068 4.92022547734068 4.92022547734068 4.92022547734068 4.92022547734068 4.92022547734068 4.92022547734068 4.92022547734068 4.92022547734068
3.3879077054245 3.3879077054245 3.3879077054245 3.3879077054245 3.3879077054245 1.89113481387104 1.99349779050747 2.2401749376977 3.46305471842436 3.46305471842436 2.40937978187996 2.26206567185049 2.66800466574651 2.22993471356701 2.91977251712097 2.66528232805325 2.20345422955737 2.52434165586468 3.00121571666033 2.9568674859528 2.40050977530544 2.90963522866485 2.42033477323044 2.45600535142343 3.1824295660319 2.34727013185268 2.79258090362175 2.32241361074875 4.92022547734068 4.92022547734068 4.92022547734068 4.92022547734068 4.92022547734068 4.92022547734068 4.92022547734068 4.92022547734068 4.92022547734068 4.92022547734068 4.92022547734068 4.92022547734068 4.92022547734068 4.92022547734068 4.92022547734068 4.92022547734068 4.92022547734068 4.92022547734068
3.3879077054245 3.3879077054245 3.3879077054245 3.3879077054245 3.3879077054245 1.87744956857241 3.50535815743146 3.46761870300407 3.46305471842436 2.10373689868214 2.24777751885691 2.20330093222377 2.60252564665915 2.21895059524462 2.90181271122019 2.58356779926247 2.17502380252053 2.38370901775883 2.28425510310843 2.91769020117728 2.41418251582342 2.86301562522681 2.42234788786016 2.39381297730377 3.14220570154103 2.22004385237004 2.77702806333597 2.19598110047728 4.92022547734068 4.92022547734068 4.92022547734068 4.92022547734068 4.92022547734068 4.92022547734068 4.92022547734068 4.92022547734068 4.92022547734068 4.92022547734068 4.92022547734068 4.92022547734068 4.92022547734068 4.92022547734068 4.92022547734068 4.92022547734068 4.92022547734068 4.92022547734068
3.3879077054245 3.3879077054245 3.3879077054245 3.3879077054245 3.3879077054245 3.50505536768268 2.02471185279096 2.76277757206238 2.10890346377156 2.42424365087613 1.99099111304361 2.34044810323079 2.27816538852506 2.25812501857165 2.83335390067552 2.07539521229395 2.49338925667447 2.17810340893668 2.43613394783932 2.72638064219708 2.42445138641554 2.61384154654862 2.45036526864889 2.43082896295169 3.11650036200369 2.18268530915755 2.63218094270209 2.2152294919941 4.92022547734068 4.92022547734068 4.92022547734068 4.92022547734068 4.92022547734068 4.92022547734068 4.92022547734068 4.92022547734068 4.92022547734068 4.92022547734068 4.92022547734068 4.92022547734068 4.92022547734068 4.92022547734068 4.92022547734068 4.92022547734068 4.92022547734068 4.92022547734068
3.3879077054245 3.3879077054245 3.3879077054245 3.3879077054245 3.3879077054245 2.09308603640091 1.84813453826852 2.71719507388799 2.23387383546797 1.82955246525719 2.2279048419811 1.86707184957843 2.28205779886409 2.50090582599207 2.5334739476799 2.46895043420681 2.1950153963559 2.16978329541468 2.2301599309829 2.45144146101481 2.4673550389384 2.44419931157388 2.43349284603446 2.77996591955769 3.01279661549302 2.50810124787869 2.41691808788333 2.2380095215445 2.34608123830917 2.51011038593667 4.92022547734068 4.92022547734068 4.92022547734068 4.92022547734068 4.92022547734068 4.92022547734068 4.92022547734068 4.92022547734068 4.92022547734068 4.92022547734068 4.92022547734068 4.92022547734068 4.92022547734068 4.92022547734068 4.92022547734068 4.92022547734068
3.3879077054245 3.3879077054245 3.3879077054245 3.3879077054245 3.3879077054245 1.77355855157586 2.0419193505015 2.69854369138511 2.64952882392457 2.24971487439006 2.38809944716814 2.39696494775308 2.24337725306583 2.38783845214537 2.17999382724232 2.20339662057856 2.20126151856307 2.25332018084674 2.26760909401966 2.3060304491851 2.57349468418943 2.29643795189113 2.45588007217631 2.38053047711171 2.770260249296 2.36851016611338 2.24144575855603 2.29180737275021 2.55684370244965 2.83049475292796 4.92022547734068 4.92022547734068 4.92022547734068 4.92022547734068 4.92022547734068 4.92022547734068 4.92022547734068 4.92022547734068 4.92022547734068 4.92022547734068 4.92022547734068 4.92022547734068 4.92022547734068 4.92022547734068 4.92022547734068 4.92022547734068
3.3879077054245 3.3879077054245 3.3879077054245 3.3879077054245 1.84475919970227 2.2647892027055 2.18378762733653 2.43012522857107 2.21319393815593 2.3699974408862 2.55843452612362 2.51915186393916 2.28803935147866 2.22217260667677 2.24774273888235 2.40234218410207 2.23969320274681 2.40776190619975 2.43771220590161 2.98123640315927 2.67722231472138 2.54297206122461 2.45000461087969 2.4884792453368 2.52790999838037 2.30697003112216 2.07083770399844 4.92022547734068 4.92022547734068 4.92022547734068 4.92022547734068 4.92022547734068 4.92022547734068 4.92022547734068 4.92022547734068 4.92022547734068 4.92022547734068 4.92022547734068 4.92022547734068 4.92022547734068 4.92022547734068 4.92022547734068 4.92022547734068 4.92022547734068 4.92022547734068 4.92022547734068
3.3879077054245 3.3879077054245 3.08966283666984 2.01611992917537 2.66008671146518 2.14838537795902 2.26057025967308 2.26799874160418 2.28586471222072 2.72316346601893 2.28771155055182 2.5944292440131 2.4362612906168 2.23706091499137 2.23818312267244 2.27709371531425 2.56471530220191 2.65818365563166 2.25920998793725 2.98123640315927 2.23126381847176 2.40905037173669 2.27054948877101 2.3373968401082 2.32458329343633 2.06654417444432 2.32112982040286 4.92022547734068 4.92022547734068 4.92022547734068 4.92022547734068 4.92022547734068 4.92022547734068 4.92022547734068 4.92022547734068 4.92022547734068 4.92022547734068 4.92022547734068 4.92022547734068 4.92022547734068 4.92022547734068 4.92022547734068 4.92022547734068 4.92022547734068 4.92022547734068 4.92022547734068
3.3879077054245 3.3879077054245 3.0859446803 3.05624826761577 2.10702971244285 2.60386127217933 2.28165291415482 2.24425629963165 2.42143187535898 2.77216527187858 2.2592324967781 3.08267673270945 3.14584141025118 3.16951028568247 3.19005949495382 3.21336843834719 3.35701260523156 2.84275565385535 3.49107476529393 3.49107476529393 3.51455486470903 2.53421018688244 3.5250005989951 2.4088824551705 2.13145079071912 2.42482611368886 4.92022547734068 4.92022547734068 4.92022547734068 4.92022547734068 4.92022547734068 4.92022547734068 4.92022547734068 4.92022547734068 4.92022547734068 4.92022547734068 4.92022547734068 4.92022547734068 4.92022547734068 4.92022547734068 4.92022547734068 4.92022547734068 4.92022547734068 4.92022547734068 4.92022547734068 4.92022547734068
2.04531667191223 2.87092558737099 2.31525463526659 3.04761771321611 2.15687291144817 2.24817371944572 2.23944588472306 2.64110235708105 2.21558189038288 2.81438133778546 2.96107028107683 2.24643351514765 2.21152547086822 2.27248079251016 2.49745034860662 2.58551720936606 3.35701260523156 3.35701260523156 3.49107476529393 3.49107476529393 3.51455486470903 3.5250005989951 3.5250005989951 2.25387717823907 2.66547402401255 2.21652750608722 4.92022547734068 4.92022547734068 4.92022547734068 4.92022547734068 4.92022547734068 4.92022547734068 4.92022547734068 4.92022547734068 4.92022547734068 4.92022547734068 4.92022547734068 4.92022547734068 4.92022547734068 4.92022547734068 4.92022547734068 4.92022547734068 4.92022547734068 4.92022547734068 4.92022547734068 4.92022547734068
2.01586208667602 2.84781747231891 2.22142635606164 3.0366794656373 2.13470662524114 2.22174021047334 2.75301355281254 2.68235045976943 2.27262165033205 2.92604561006749 2.42381006860067 2.25294787318188 2.19452140627109 2.21501617530287 2.21725936684981 2.28886295214223 3.35701260523156 3.35701260523156 2.19699972275896 2.19905396811395 2.60018387074163 2.24820242382889 3.53055238862121 1.96656829613327 2.73285521733258 2.7615639024471 4.92022547734068 4.92022547734068 4.92022547734068 4.92022547734068 4.92022547734068 4.92022547734068 4.92022547734068 4.92022547734068 4.92022547734068 4.92022547734068 4.92022547734068 4.92022547734068 4.92022547734068 4.92022547734068 4.92022547734068 4.92022547734068 4.92022547734068 4.92022547734068 4.92022547734068 4.92022547734068
2.04685381908231 2.83919632570478 2.15861038711515 2.19124580535755 3.01807173165561 2.81226961793554 2.79453210494043 2.25015569631493 2.24039230364421 2.29659427702685 2.31957228780297 2.15931103724311 2.39326365716739 2.17138471053008 2.22481638443471 2.41149389122855 2.39831216378092 2.23127934576361 2.28086291838911 2.38705651529687 2.53722548396938 2.32033927453722 2.14689327924883 3.53151057088085 3.59963110499164 3.6017395955718 4.92022547734068 4.92022547734068 4.92022547734068 4.92022547734068 4.92022547734068 4.92022547734068 4.92022547734068 4.92022547734068 4.92022547734068 4.92022547734068 4.92022547734068 4.92022547734068 4.92022547734068 4.92022547734068 4.92022547734068 4.92022547734068 4.92022547734068 4.92022547734068 4.92022547734068 4.92022547734068
