Archive - glowpa-model-master/Model input/Uganda/rivergeometry/river_width_1sep.asc
NCOLS 67 
NROWS 67 
XLLCORNER 29.500000001 
YLLCORNER -1.499999999 
CELLSIZE 0.0833333332985075 
NODATA_value -9999 
[rows 20 to 39 of 67, columns 0 to 45 of 67]
-9999 -9999 -9999 -9999 -9999 -9999 -9999 -9999 -9999 -9999 -9999 -9999 -9999 -9999 -9999 1.56841455873315 0.917966285416866 0.985817768442644 1.2944870382565 1.12983310025429 0.906887711958015 1.2325664497323 1.80040868225766 2.5915479879303 3.33675096904753 2.95894026457182 1.05454699864155 1.47528900324533 70.4858192961643 4.10422141121686 0.864659527410349 0.896293975684615 1.28012046122143 1.29539618995393 6.57556461998895 6.40775560977304 2.45166508095043 1.26997696401801 0.880787203914747 1.05913229488982 1.20918155439283 1.25024617667004 1.49148577979138 1.59422342730668 6.60482710423703 0.764881304969604
-9999 -9999 -9999 -9999 -9999 -9999 -9999 -9999 -9999 -9999 -9999 -9999 -9999 -9999 -9999 0.837457212992406 0.899028266322859 0.859653504275058 0.719577687667979 0.911157868506338 1.3029769052045 0.804385080625128 2.24192379478789 0.91556241109161 70.7772185026096 70.7551692139566 70.7137381478256 70.5422055091913 1.24701333584072 70.22211308269 70.1982235901477 1.01816564652166 1.78128868966257 1.20605957874566 7.04559406052521 0.918331379827012 1.24112340604599 4.08352872277536 3.29463622272196 2.84938264665217 2.24596571732497 0.944554030146403 0.909658740702331 1.14748433236116 1.08262697255285 5.97936947375016
-9999 -9999 -9999 -9999 -9999 -9999 -9999 -9999 -9999 -9999 -9999 -9999 -9999 -9999 -9999 -9999 0.882589188373516 1.25983060503446 1.0704728573449 0.725929849234525 69.3752141734542 69.3752141734542 69.3752141734542 70.8048872918422 0.957559106383558 0.995938785460287 1.08130342355251 2.64182336234153 2.27441522622045 1.80072822844623 1.41107997787284 70.1144750578829 70.0848263279293 69.974754623118 1.15377812270731 1.23106430291845 4.73622024835454 1.14653967589709 1.78265166925877 1.23431460142952 1.15442712371198 0.959661534767616 0.89776559803293 0.895199695552247 1.07332350926837 1.06511271744826
-9999 -9999 -9999 -9999 -9999 -9999 -9999 -9999 -9999 -9999 -9999 -9999 -9999 -9999 -9999 -9999 -9999 0.977085757807527 69.3752141734542 69.3752141734542 69.3752141734542 69.3752141734542 69.3752141734542 1.71193231562814 1.42044387563449 2.27317304527272 1.5932160747841 2.41572086869353 1.25215550902036 1.21314623364198 1.04752721289319 1.06012431255038 2.30094527416784 69.2700974468507 1.10126697517434 1.69349418404814 5.52710556260533 1.78113874843952 1.21469199266625 1.11225998551805 0.946787333533318 0.919684725670662 1.54212321856403 2.27278201192555 1.09239337821665 0.867033280606448
-9999 -9999 -9999 -9999 -9999 -9999 -9999 -9999 -9999 -9999 -9999 -9999 -9999 -9999 -9999 0.746853808605951 0.664294903336367 69.3752141734542 69.3752141734542 69.3752141734542 69.3752141734542 69.3752141734542 69.3752141734542 69.3752141734542 5.93716731786894 4.84157149903347 4.45727137517576 1.71204381027715 1.51818037779901 0.790828304752606 1.03205898429877 1.05038226436277 1.06294482102044 2.62129302154163 69.2057941645246 5.62221586706525 1.15299691299534 1.02584242434776 1.00979822950415 2.45181332142029 1.67727460625492 0.908041314551449 3.7138063577753 2.51907823518592 0.916764568190736 1.31207053355933
-9999 -9999 -9999 -9999 -9999 -9999 -9999 -9999 -9999 -9999 -9999 -9999 -9999 -9999 -9999 0.98861267558985 69.3752141734542 69.3752141734542 69.3752141734542 69.3752141734542 69.3752141734542 69.3752141734542 69.3752141734542 69.3752141734542 1.57076823819454 1.12521124158925 1.16559058376808 2.70978431142775 1.12756409481735 1.49217816181007 1.02416831964271 1.0350981451001 1.05353196327433 68.5973896588502 4.39330075993333 3.85159143322641 3.63308748959034 3.23505119322127 2.78984310151726 1.32498097993114 1.33943278109822 0.917513438379918 4.39139023785158 1.55265549912445 0.900949062781537 0.934775716628864
-9999 -9999 -9999 -9999 -9999 -9999 -9999 -9999 -9999 -9999 -9999 -9999 -9999 -9999 -9999 69.3752141734542 69.3752141734542 69.3752141734542 69.3752141734542 69.3752141734542 69.3752141734542 69.3752141734542 69.3752141734542 1.25753654370132 3.10017448896752 1.19826096190844 1.20783858818586 2.32827260925422 0.959132016695056 2.43457819365768 1.45043444285093 1.49530981079642 1.0368334765017 68.2335367184143 68.2715527950309 1.64420194031526 1.14636995842922 1.02184760415868 1.04611468916168 2.02665525954747 1.81143785783753 5.48296625218306 0.960799023952754 2.07133324213087 1.51574276979195 1.22657119033036
-9999 -9999 -9999 -9999 -9999 -9999 -9999 -9999 -9999 -9999 -9999 -9999 -9999 -9999 -9999 69.3752141734542 69.3752141734542 69.3752141734542 69.3752141734542 69.3752141734542 69.3752141734542 69.3752141734542 69.3752141734542 0.758843325937526 2.24593769745291 1.12132735894187 1.01008795750552 0.993089632442567 1.01154406960626 0.991887238218449 3.16999612729906 68.2093958254325 68.2093958254325 68.2093958254325 0.980211368465928 1.00566365985934 1.14366650896371 2.04497072090508 2.85117800840845 7.92545579793657 7.28907997965784 3.81324353947977 1.05143837718881 2.34400999472653 63.3268374094586 63.3268374094586
-9999 -9999 -9999 -9999 -9999 -9999 -9999 -9999 -9999 -9999 -9999 -9999 -9999 -9999 69.3752141734542 69.3752141734542 69.3752141734542 69.3752141734542 69.3752141734542 69.3752141734542 69.3752141734542 69.3752141734542 2.31691349466244 1.78703231819555 2.04175579926031 1.76410101220279 0.986005954841509 2.17283494348818 0.970922998203601 0.889670080275994 1.37189484406062 68.2093958254325 68.2093958254325 68.2093958254325 9.98918531131628 1.55044273433448 1.0235402834099 1.40626300524487 8.93297921881082 1.16933714781776 1.09840439202479 3.1481326103472 2.8188352553385 0.938883942340655 63.3268374094586 63.3268374094586
-9999 -9999 -9999 -9999 -9999 -9999 -9999 -9999 -9999 -9999 -9999 69.3752141734542 69.3752141734542 69.3752141734542 69.3752141734542 69.3752141734542 69.3752141734542 69.3752141734542 69.3752141734542 69.3752141734542 69.3752141734542 1.0578991151398 1.05244135219653 0.891967297869941 0.929336340877993 1.41386017027446 0.944258253090708 2.41120324043131 0.916202405377106 0.728057257795621 1.46044447386855 68.2093958254325 68.2093958254325 68.2093958254325 63.3268374094586 9.60647119825197 9.40589257615328 9.25662603490975 63.3268374094586 63.3268374094586 63.3268374094586 63.3268374094586 63.3268374094586 63.3268374094586 63.3268374094586 63.3268374094586
-9999 -9999 -9999 -9999 -9999 -9999 -9999 -9999 -9999 -9999 1.25848662261194 69.3752141734542 69.3752141734542 69.3752141734542 69.3752141734542 69.3752141734542 69.3752141734542 69.3752141734542 69.3752141734542 69.3752141734542 1.25519804714704 0.853282631321396 0.829081760705861 1.24926496382356 0.917486104402443 0.853307013761846 1.43909707964438 3.11159327175832 1.35071595561726 0.575820690441956 16.6319061196008 1.78915943406689 1.01258445853115 2.03188086443739 63.3268374094586 63.3268374094586 63.3268374094586 63.3268374094586 63.3268374094586 63.3268374094586 63.3268374094586 63.3268374094586 63.3268374094586 63.3268374094586 63.3268374094586 63.3268374094586
-9999 -9999 -9999 -9999 -9999 -9999 -9999 -9999 -9999 -9999 69.3752141734542 69.3752141734542 69.3752141734542 69.3752141734542 69.3752141734542 69.3752141734542 69.3752141734542 69.3752141734542 0.801460259556518 2.83964204795838 0.908764156363015 0.912870886875467 0.945224804151766 0.919429673804395 2.24894361219452 1.41649884588309 3.54215354719396 3.32232815585272 14.4913623959131 16.5821588521471 6.85802823539668 1.10057100830699 1.10953416200103 1.07146185861029 1.84550778049807 1.38030200419644 63.3268374094586 63.3268374094586 63.3268374094586 63.3268374094586 63.3268374094586 63.3268374094586 63.3268374094586 63.3268374094586 63.3268374094586 63.3268374094586
-9999 -9999 -9999 -9999 -9999 -9999 -9999 -9999 -9999 1.1652310160219 69.3752141734542 69.3752141734542 69.3752141734542 69.3752141734542 69.3752141734542 69.3752141734542 69.3752141734542 1.8018708790325 0.941033936783293 2.63571638971488 1.99902029330992 1.38988958765615 0.972511336240215 1.06106454109535 8.4952261521856 8.8440303519549 3.76151751513101 14.3313874818521 0.851057567057573 0.834122633839738 0.943786307067998 6.53215459971614 1.16677418182637 1.19506646335677 1.12623510696754 1.07869256640244 63.3268374094586 63.3268374094586 63.3268374094586 0.919766265482325 63.3268374094586 63.3268374094586 63.3268374094586 63.3268374094586 63.3268374094586 63.3268374094586
-9999 -9999 -9999 -9999 -9999 -9999 -9999 -9999 -9999 1.112096584233 69.3752141734542 69.3752141734542 69.3752141734542 69.3752141734542 69.3752141734542 69.3752141734542 1.01035046789791 1.33919548229561 0.744146792902354 0.751011673088889 0.842680341334736 0.838009729267135 7.31294387141369 7.9434501454525 1.94059201642835 0.873046266028382 10.1277875056935 0.828207529377338 9.20616495769842 3.41469602230843 1.15335239547516 0.914008643315228 6.45578082401242 1.70871027319136 1.18306324799643 1.03049612969574 3.36624500895305 1.03877586153101 0.839041998736554 7.5884365686302 63.3268374094586 63.3268374094586 0.00503277750302144 63.3268374094586 63.3268374094586 63.3268374094586
-9999 -9999 -9999 -9999 -9999 -9999 1.32224580332098 1.78719890702682 1.18429510230678 0.728663296310772 9.63437203224545 69.3752141734542 69.3752141734542 69.3752141734542 69.3752141734542 1.01308426082573 1.0413106593989 0.849562579025385 0.844497548300744 0.657626592530044 3.07456930855233 6.74765468508365 1.06689305314234 0.868897446822291 0.857230376440979 1.47979971801051 1.58279239027203 1.04158443739848 8.03520502943713 1.09342738305191 2.99920328054472 1.06238504809802 1.90627553072163 5.28618814163962 1.01255026078871 1.09307363671923 1.52594167048156 2.33878672256893 1.0632467831391 7.5884365686302 1.10238642477534 55.9809872509717 3.62848282214247 1.15973637613828 63.3268374094586 63.3268374094586
-9999 -9999 -9999 -9999 -9999 -9999 1.8803511915069 2.19389426069165 0.763817592972173 9.62264947173352 0.689223544121351 69.3752141734542 69.3752141734542 69.3752141734542 69.3752141734542 6.11623500867985 5.70785815116042 5.44405129727657 4.93717756615452 4.71675248920469 2.6211814691562 0.814066431429788 5.67754555833695 5.1192039245656 0.822893462185602 0.882820242210436 1.06014270060745 2.12241657488138 7.49105275595715 0.732196374635169 2.57514817959959 1.04793514266414 1.46765981142389 0.993566269791798 4.76854954492214 1.05338184184753 1.05385304220675 2.02684179841597 1.17664888842995 7.23626430313386 1.19995948999504 55.5783704412657 1.72598048005299 3.14926262560862 1.06406298674514 1.63236044152362
-9999 -9999 -9999 -9999 -9999 0.838374091610999 1.0603416920732 2.07241826441045 9.58386162155748 0.487245394577062 0.415503010467726 69.3752141734542 69.3752141734542 69.3752141734542 1.07902281567351 2.57855062032032 0.837232759223253 1.31397449172771 1.17772504274717 4.60109076961334 0.690000003511529 2.36414615143779 1.7616462170663 4.84007859207849 1.04356459215924 0.898284062125194 0.84063274100648 1.48685827371166 1.86561935886886 7.10907623516825 1.1416039622387 1.7706142943496 1.01665738078453 1.00856335510277 3.45244171920974 2.60109921404081 1.02675671395204 1.14771940063254 1.72590603442224 6.98284404535833 1.20036413937051 55.5022820729578 1.17683808991946 2.57138043473523 1.04361302129954 1.09272651971223
-9999 -9999 0.490997154739185 1.0509161499103 0.734668715722634 0.582280763506281 0.560818399803847 1.37687765973929 8.83217256051503 0.418233804356472 1.99347790150574 2.04409692176529 9.27080480816809 1.04643890398243 1.31200027172296 1.87658779611309 1.26374805503179 0.990058563338415 0.829598225158837 4.53327454707009 0.778358053233986 2.13267331784527 1.28008794872808 2.63477347846981 4.47964372946256 1.25710843430667 0.888125080600272 0.873901527474386 1.70582450984141 7.04034419231564 6.58137837628476 0.82381654087652 1.03856765194199 1.05115998500784 3.09615346727293 0.771692609962302 1.77000496612099 1.10518620623798 1.32045494212026 6.17915112052223 1.20574717483711 55.3944962409 1.13193496031382 1.11519564564309 1.43874499320575 1.01791287983218
-9999 0.878244485446066 1.77126488771642 0.82296883115089 0.380925586754076 0.746795850697138 8.46696406355853 8.58271107900064 0.519112354432138 0.419007757474868 1.91880867694671 0.956501132202037 2.7070849341186 8.52557809258368 7.9384213458639 1.27148256195215 1.7853443864755 1.12945089942219 2.26527048058958 3.53867167123474 1.71223572594209 1.21553037944135 1.29486534658903 2.31815430523155 0.911455977546784 2.58486922002035 0.637674968513867 0.559590015537585 1.04636174773399 1.01722238149855 1.91425235988732 6.50141032392798 1.87870344690375 0.823383303903607 2.95242701079154 0.87115877257345 1.47534729607257 0.991436710193386 1.18954478931278 5.77924983682427 0.877586362654001 55.2741468458558 1.06365948693522 1.04734896968965 0.713522966200531 1.8757546982207
-9999 0.816452737703302 1.09766085745218 7.79614958821502 7.84774086414743 8.31882392227634 0.834892430731551 1.10337546295046 1.12920247401387 1.79069358862542 0.990524839575448 2.00163048169103 1.11429858608268 2.35070686671121 1.08765773492962 7.52675808560499 5.46348686537983 1.10376807374504 1.35543774804748 1.25509651517043 2.73777465925272 1.26414271809635 1.23493680814513 2.00307922306552 0.978658653532068 2.36756669587105 2.1213359752466 1.55699479020145 0.581619756557895 0.585833140112106 1.3206517149902 0.963209572472269 5.8791079607572 0.803933095571222 0.863318601396763 2.60060798851042 0.881930499485516 0.824635489528007 3.82744114330248 3.89105496299336 0.829651671135412 0.884412315549211 55.2083354431859 3.51319777231713 0.999557974936308 1.48288680628959
