Archive - glowpa-model-master/Model input/Uganda/rivergeometry/river_width_1may.asc
NCOLS 67 
NROWS 67 
XLLCORNER 29.500000001 
YLLCORNER -1.499999999 
CELLSIZE 0.0833333332985075 
NODATA_value -9999 
[rows 0 to 19 of 67, columns 0 to 45 of 67]
-9999.000000000000000 -9999 -9999 -9999 -9999 -9999 -9999 -9999 -9999 -9999 -9999 -9999 -9999 -9999 -9999 -9999 -9999 -9999 -9999 -9999 -9999 -9999 -9999 -9999 -9999 -9999 -9999 -9999 -9999 -9999 -9999 0.740344547638741 0.731748229043153 -9999 -9999 -9999 -9999 -9999 -9999 -9999 -9999 -9999 -9999 -9999 -9999 -9999
-9999 -9999 -9999 -9999 -9999 -9999 -9999 -9999 -9999 -9999 -9999 -9999 -9999 -9999 -9999 -9999 -9999 -9999 -9999 -9999 -9999 -9999 -9999 -9999 -9999 -9999 -9999 -9999 -9999 0.763091717629015 1.03749357699263 0.68352799413821 1.280065337734 0.655484391585922 0.68217176925381 0.636176087018377 0.851972053608339 0.798139994188956 0.635140509455742 0.712487091485565 -9999 -9999 -9999 -9999 -9999 -9999
-9999 -9999 -9999 -9999 -9999 -9999 -9999 -9999 -9999 -9999 -9999 -9999 -9999 -9999 -9999 -9999 -9999 -9999 -9999 -9999 -9999 -9999 -9999 -9999 -9999 -9999 -9999 -9999 -9999 1.6752508721201 0.619184588186357 1.44317929286678 4.2412730832253 4.00904860468891 0.610344216736898 3.48642189070465 3.19572086167791 2.74373194808824 1.85086466594439 1.3408294963632 0.654087916257747 0.838851109963058 0.863294924064868 -9999 -9999 -9999
-9999 -9999 -9999 -9999 -9999 -9999 -9999 -9999 -9999 -9999 -9999 -9999 -9999 -9999 -9999 -9999 -9999 -9999 -9999 -9999 -9999 -9999 -9999 -9999 -9999 0.737068030981349 -9999 -9999 -9999 1.80490599761177 0.561899632043404 4.6974823329281 0.616207415979534 0.620618229999168 3.86169593133811 1.00070732316903 0.7280542044583 0.758135071513321 1.34219351994 0.915416544988058 0.814756227089092 0.906815406378244 1.46095397640065 -9999 -9999 -9999
-9999 -9999 -9999 -9999 -9999 -9999 -9999 -9999 -9999 -9999 -9999 -9999 -9999 -9999 -9999 -9999 -9999 -9999 -9999 -9999 -9999 -9999 0.709601333401266 -9999 -9999 1.04567139607779 -9999 -9999 -9999 71.5087815569529 20.2315145901465 19.2251883445395 1.58139652371177 1.29508706735104 0.87919164726732 0.656709854574488 0.77524682046031 1.41326493025489 1.11153787613416 0.749843261492514 1.50803559808215 0.699621114672167 1.84427075232592 0.680146938733973 -9999 -9999
-9999 -9999 -9999 -9999 -9999 -9999 -9999 -9999 -9999 -9999 -9999 -9999 -9999 -9999 -9999 -9999 -9999 -9999 -9999 -9999 -9999 1.01435645800715 1.2218831591951 0.901588536148343 1.2559833133783 0.604224449339556 66.534035820211 66.534035820211 67.3492819156314 67.3492819156314 0.511107431972342 19.0926694791819 5.10045888125584 4.83610243345809 0.886542331843141 2.27198199978869 2.03070443428804 1.08886660281361 0.801282541378062 0.769568073040678 0.760625555710007 1.88387398507726 2.14328418580241 0.698418007544483 -9999 -9999
-9999 -9999 -9999 -9999 -9999 -9999 -9999 -9999 -9999 -9999 -9999 -9999 -9999 -9999 -9999 -9999 -9999 -9999 -9999 0.750254318425298 2.45600137789581 2.71092294486684 3.47334891108738 3.80226501117765 1.72594986605654 0.429038790193338 66.534035820211 66.534035820211 67.3492819156314 67.3492819156314 7.57518890565295 0.570696543224391 18.0689384594553 1.17208985584878 4.71281989696359 3.18927886075418 2.98303031442017 2.09034902612597 0.814708929843123 1.15960885163127 1.4309905214591 2.31165066074349 3.40275787963576 0.612261969877553 -9999 -9999
-9999 -9999 -9999 -9999 -9999 -9999 -9999 -9999 -9999 -9999 -9999 -9999 -9999 -9999 -9999 -9999 -9999 1.27146657076176 1.5436094745887 1.96680959794647 0.752966918019326 0.992153905830834 0.925267476610891 3.83436447881338 0.127944385174666 1.8449877003765 66.5464826672263 0.790269249105058 1.54061287768906 1.78769752340714 5.1413751253933 5.01352377325527 18.0543360833211 0.645152835879627 0.932604679481005 1.52117625478535 1.54524684213233 1.06436081383676 0.768636568046298 0.785731487229462 1.88130401999275 0.701179350983338 3.71779681094164 0.666294307177345 0.634877574925331 -9999
-9999 -9999 -9999 -9999 -9999 -9999 -9999 -9999 -9999 -9999 -9999 -9999 -9999 -9999 -9999 -9999 -9999 1.26647640219176 0.839501812120789 0.777525841503731 0.787246347384963 1.35926920609695 1.43334570694631 4.45509053161598 4.55575732763402 66.5750275693212 0.793968463207875 0.855742573822777 1.25444994694435 1.54953337528935 5.04666395764342 4.905779956428 0.927037979907388 18.0157593589291 1.27763287839157 1.01039987665959 1.06152289250652 1.08899761431858 1.13451528441481 0.795229659765847 0.75974644158161 8.25274377326857 0.701273696261362 1.22615354594456 0.672240808944915 0.633122573270671
-9999 -9999 -9999 -9999 -9999 -9999 -9999 -9999 -9999 -9999 -9999 -9999 -9999 -9999 -9999 -9999 -9999 1.64557212054627 1.90284412057672 2.50585141430599 1.09093830867498 1.55417362974324 1.50269409091523 0.342717857310199 66.3485272375245 0.771782831344848 1.71844470110618 0.695316416906053 1.23647841169015 2.74228617050407 4.57874256785865 0.948036149182031 4.63740719640273 17.9990123241488 17.8873970471323 0.740985183715687 1.02886919093005 2.36871256753873 1.09722270595759 1.26510860303753 8.59871382775685 8.31460807984483 6.49448110830068 1.53335198376769 0.689267716012293 5.18669993323779
-9999 -9999 -9999 -9999 -9999 -9999 -9999 -9999 -9999 -9999 -9999 -9999 -9999 -9999 -9999 -9999 0.853055681186475 1.28232377710243 2.84404900550975 4.05862653190119 4.67514943625926 4.7403769662409 5.29247612762594 1.60986338080224 66.4524165378709 2.78398912034075 0.975302321077977 0.972319571610861 1.46759819868773 1.95083943884131 3.05425400303935 0.997277420301592 4.32969482476144 1.06153741563206 0.765644905466018 17.8297634558072 2.54687110650433 1.11374585180725 9.33396238740871 9.24844113707537 1.19112712372231 0.805690643016088 0.769952654923787 6.03865954798132 5.54891526608267 0.754380936252153
-9999 -9999 -9999 -9999 -9999 -9999 -9999 -9999 -9999 -9999 -9999 -9999 -9999 -9999 -9999 -9999 0.882809135960943 2.23870935260248 0.849935793178805 1.18187839304403 1.06250115369204 0.768391090375171 0.402326970715195 66.3514888073335 0.911003828730413 2.53870430160124 2.23014547448702 1.03371612327322 1.03450125340678 1.63261753542412 2.54661305106702 2.83646668116392 3.9407540455912 1.0847040613702 1.10139997555961 13.25538087937 10.2443969351672 10.184784400638 3.08509366011689 0.861296701018488 1.99315127751862 1.73614817006601 0.764178914748267 1.77447550077278 0.741825083688268 0.763889862323624
-9999 -9999 -9999 -9999 -9999 -9999 -9999 -9999 -9999 -9999 -9999 -9999 -9999 -9999 -9999 0.906776892811317 1.69821204837683 1.00348120536524 1.4046788096664 2.49841744850287 0.901607340242688 1.09420407697697 66.0769150703332 66.0769150703332 1.03825746258413 1.01434960927284 1.01365178376582 1.05728411610859 1.08971988113871 1.39719594909561 1.17451017509117 1.82490904979639 3.35086179000815 0.776990355908805 0.885710638702677 1.97078358045267 12.878734260466 0.815873164382342 1.19519080495953 2.50520123145737 0.860182938220907 1.19560579264102 0.790655980181131 1.36383865647219 0.675101578468655 0.565284021083696
-9999 -9999 -9999 -9999 -9999 -9999 -9999 -9999 -9999 -9999 -9999 -9999 -9999 -9999 -9999 -9999 0.982145003584536 1.12229418086184 1.4815966411515 1.14129221256712 2.60932453401795 0.262258201320566 66.0769150703332 66.0769150703332 1.5119440422251 1.05863557809828 1.67157998591323 1.14580150618717 1.1505842587596 0.787074346416549 0.840413102460174 1.36123673640704 3.22104750889156 1.73043635870909 0.891744003609766 0.968966177173077 12.8273710860698 0.850417900258405 0.888927154753694 2.29415738071874 1.17317865317224 0.841853376377046 0.804541046305082 1.12232824503811 0.683981230201941 1.539115566869
-9999 -9999 -9999 -9999 -9999 -9999 -9999 -9999 -9999 -9999 -9999 -9999 -9999 -9999 -9999 -9999 -9999 1.09995218950577 1.67270239535835 2.21643522696214 2.30356718322778 3.75157713297957 65.9054948946768 1.88481347502709 1.51513206228992 2.05511694274546 1.10397144194322 1.93406595347705 0.862734569770194 0.893299695621104 0.937978497207068 0.953054716125337 2.39344010996085 1.4026489691968 0.973074183119712 1.00122396944289 2.36542692439921 12.3462175711363 0.968905170479896 0.927235493753297 6.86863965441461 0.819527504189771 1.41482620942316 0.983311618274355 5.90995599323341 1.56581483618438
-9999 -9999 -9999 -9999 -9999 -9999 -9999 -9999 -9999 -9999 -9999 -9999 -9999 -9999 -9999 -9999 1.2937619333289 1.73803191539058 0.942935913282412 1.46308052558135 1.66845281482586 1.69391515705192 65.7338342619933 0.991084026053182 3.99058025071303 3.86493108624607 2.58878405952039 1.09295605468544 0.791536389069909 1.62281042839817 1.66324858398455 0.898100725038425 1.04256648960632 1.82952600784485 1.27623004800072 1.50697454132231 1.80767019983258 1.73013242184054 11.9913419365811 7.22773992380996 1.55988304782447 6.78787239513454 6.35452542858203 6.15640836649237 0.949294239900323 5.41090572312795
-9999 -9999 -9999 -9999 -9999 -9999 -9999 -9999 -9999 -9999 -9999 -9999 -9999 -9999 -9999 -9999 1.29974703505745 3.13478015878441 3.89917317848461 1.02607174310958 6.0020840568865 6.77006233650827 6.77173422329904 65.8383726917389 0.927276856573396 0.94577454158415 1.0130884868459 1.04516813246165 2.9053678796694 2.59255675788301 0.874940386196089 0.920181887198007 1.27064696482472 1.13801628297943 1.60555676225781 1.03739511081565 0.975229433141555 0.883773760453891 2.14568173123104 8.52668582219428 0.833000976840019 1.09400059120297 0.718153616020193 0.691643430957798 0.691681405409729 0.974583609692474
-9999 -9999 -9999 -9999 -9999 -9999 -9999 -9999 -9999 -9999 -9999 -9999 -9999 -9999 -9999 1.22057002473976 2.48522869135188 0.976822542644475 3.77304665996736 5.77986899316128 2.70499685737896 0.695376843843954 0.704028570280315 65.0669697697308 4.5507610816965 4.16028339164578 3.82229815001397 3.42738884039288 3.21490559399521 0.804119855542838 1.37957289391758 1.00755480063609 0.939233279182842 2.66078381897732 0.943376442884811 1.44314683150827 0.913249941313455 1.60922152445764 1.87782016327457 8.44814970835022 8.37737718221336 0.694925060864238 0.705537829495535 0.747964132478937 1.01718905670859 0.683390830370669
-9999 -9999 -9999 -9999 -9999 -9999 -9999 -9999 -9999 -9999 -9999 -9999 -9999 -9999 -9999 0.992147985807908 2.06563213259635 0.960701408715835 3.23472504683966 1.29720510349743 2.58013338850372 0.627294808857059 1.13666737175935 65.1359965257431 0.694679241222895 0.869796187539929 0.924055785901275 1.2919703942075 0.751407780194298 0.802305053164821 2.02362251990422 0.971724924565195 1.01595828627425 1.48325133780946 3.49909971063521 0.929295805376273 0.981558802971436 0.880821580307787 0.848580885526739 1.26027313568107 2.29165085433321 7.7026245554833 0.643846619823529 1.75735452234262 1.31258452370563 0.656644724996524
-9999 -9999 -9999 -9999 -9999 -9999 -9999 -9999 -9999 -9999 -9999 -9999 -9999 -9999 -9999 0.909919957679533 2.24735977874899 3.08766280891421 0.832271900316425 1.78680214697282 0.674170906686327 0.561816578267742 0.764982116175115 0.623990891959697 64.9050801837383 0.652326185305219 2.17968166769215 0.916488682476047 0.743269304099504 3.47720926505747 2.31718965427957 1.87570544637755 1.20674070026649 1.90309462540164 4.31266327830033 1.52908066352302 1.55666548286725 1.22737365039742 0.825783108855978 0.817344029089946 1.4214474594123 1.0312485794673 7.51727477880282 6.60688186022188 1.23311490164455 0.646371467791347
