Archive - glowpa-model-master/Model input/Uganda/rivergeometry/river_depth_1aug.asc
NCOLS 67 
NROWS 67 
XLLCORNER 29.500000001 
YLLCORNER -1.499999999 
CELLSIZE 0.0833333332985075 
NODATA_value -9999 
[rows 0 to 19 of 67, columns 0 to 44 of 67]
-9999.000000000000000 -9999 -9999 -9999 -9999 -9999 -9999 -9999 -9999 -9999 -9999 -9999 -9999 -9999 -9999 -9999 -9999 -9999 -9999 -9999 -9999 -9999 -9999 -9999 -9999 -9999 -9999 -9999 -9999 -9999 -9999 0.262390613120594 0.261235405200492 -9999 -9999 -9999 -9999 -9999 -9999 -9999 -9999 -9999 -9999 -9999 -9999
-9999 -9999 -9999 -9999 -9999 -9999 -9999 -9999 -9999 -9999 -9999 -9999 -9999 -9999 -9999 -9999 -9999 -9999 -9999 -9999 -9999 -9999 -9999 -9999 -9999 -9999 -9999 -9999 -9999 0.268840545049741 0.323214415710131 0.251559556863182 0.370495858531791 0.249622268354749 0.254498307428435 0.250128071238302 0.30060379679336 0.29347535241512 0.242218728417988 0.257295397364248 -9999 -9999 -9999 -9999 -9999
-9999 -9999 -9999 -9999 -9999 -9999 -9999 -9999 -9999 -9999 -9999 -9999 -9999 -9999 -9999 -9999 -9999 -9999 -9999 -9999 -9999 -9999 -9999 -9999 -9999 -9999 -9999 -9999 -9999 0.43958623015429 0.237102736891941 0.400323719296595 0.797063448541325 0.771286475083367 0.244993180990431 0.708941734688216 0.67314679675986 0.611333191888902 0.477823245382051 0.392923058210094 0.25784202480636 0.293434249812591 0.318392376429916 -9999 -9999
-9999 -9999 -9999 -9999 -9999 -9999 -9999 -9999 -9999 -9999 -9999 -9999 -9999 -9999 -9999 -9999 -9999 -9999 -9999 -9999 -9999 -9999 -9999 -9999 -9999 0.296567078448769 -9999 -9999 -9999 0.467881311519538 0.227781037791568 0.84507386463041 0.241581405210727 0.242602165883104 0.753847648468461 0.32938721995821 0.272013675018869 0.279060306392806 0.396530100892889 0.317281639219161 0.299432925748052 0.326840176687815 0.432986549920983 -9999 -9999
-9999 -9999 -9999 -9999 -9999 -9999 -9999 -9999 -9999 -9999 -9999 -9999 -9999 -9999 -9999 -9999 -9999 -9999 -9999 -9999 -9999 -9999 0.275006348829584 -9999 -9999 0.366379264550196 -9999 -9999 -9999 4.34925680519597 2.0523851493998 1.9878653889292 0.421099111018851 0.373034379488559 0.295277046577687 0.251970964938984 0.289099645682103 0.440252653749888 0.384331094611268 0.310331924851407 0.454115091829869 0.305863362187847 0.497027416303608 0.253512007994355 -9999
-9999 -9999 -9999 -9999 -9999 -9999 -9999 -9999 -9999 -9999 -9999 -9999 -9999 -9999 -9999 -9999 -9999 -9999 -9999 -9999 -9999 0.353268950084592 0.410407751628386 0.354352884713335 0.411627119260998 0.270658096541095 4.1387560398039 4.1387560398039 4.18043835944735 4.18043835944735 0.253808813330527 1.97997799935034 0.946573160333051 0.912244672985885 0.299715069517503 0.575174993980232 0.541054407060905 0.360065415986009 0.31942785219482 0.314100769782666 0.290671017853582 0.529039368324364 0.544215170855888 0.257488272322292 -9999
-9999 -9999 -9999 -9999 -9999 -9999 -9999 -9999 -9999 -9999 -9999 -9999 -9999 -9999 -9999 -9999 -9999 -9999 -9999 0.305744067700956 0.602801907027698 0.644041362313528 0.760924476194596 0.812164660216034 0.51873375703643 0.249182296024277 4.1387560398039 4.1387560398039 4.18043835944735 4.18043835944735 1.20172657112455 0.265571270399908 1.89839121098713 0.403579330779841 0.900931569967203 0.71182893501552 0.682947529064253 0.551693795948494 0.318016798576671 0.388636739298588 0.433405120585912 0.586161155662066 0.729336471294483 0.245228988466527 -9999
-9999 -9999 -9999 -9999 -9999 -9999 -9999 -9999 -9999 -9999 -9999 -9999 -9999 -9999 -9999 -9999 -9999 0.385768696286388 0.444988899871643 0.525116791396922 0.286520938044564 0.346995000924188 0.362464509259364 0.820684682893406 0.227467108068992 0.544267532273217 4.13800231735376 0.282740250032899 0.449192775934126 0.489990723927936 0.963148419089828 0.914881466584154 1.89665703051338 0.289195641370927 0.346964675726169 0.457161838626802 0.454837338122486 0.360976885190309 0.295252004637807 0.284460668191879 0.499984632945972 0.252440835909057 0.763836824702363 0.258526062130102 0.250706099159252
-9999 -9999 -9999 -9999 -9999 -9999 -9999 -9999 -9999 -9999 -9999 -9999 -9999 -9999 -9999 -9999 -9999 0.383678849827645 0.304099913367774 0.291254886139709 0.289068963598259 0.402230004224483 0.446377663490634 0.906857863694524 0.92108822424486 4.13583238612106 0.312768555404495 0.322462218414448 0.405486441137408 0.470566506253963 0.952687853280051 0.901359639299993 0.343326627679484 1.89248684479045 0.423784126413381 0.362075566420013 0.368652088272895 0.367449888830744 0.371263736102455 0.286658671190165 0.267221811220864 1.19026478352903 0.255038969702893 0.373556695242975 0.256476490250895
-9999 -9999 -9999 -9999 -9999 -9999 -9999 -9999 -9999 -9999 -9999 -9999 -9999 -9999 -9999 -9999 -9999 0.452659179617122 0.495243964812618 0.588975650836036 0.351106278800161 0.45184982275357 0.450023075820612 0.266491574175559 4.11717708645027 0.320028685139214 0.504668918946616 0.298839843448588 0.41391088229237 0.6690679435945 0.894865213951069 0.344368042549636 0.865822726545969 1.89064538662836 1.87999039777899 0.310313341550509 0.366634722800609 0.581804680539821 0.343859659500979 0.368805079447387 1.21838076083198 1.19540008281991 1.00776809175783 0.419805574282893 0.243486561938993
-9999 -9999 -9999 -9999 -9999 -9999 -9999 -9999 -9999 -9999 -9999 -9999 -9999 -9999 -9999 -9999 0.317385387450092 0.399254674706081 0.650257201850682 0.805291230590586 0.892822502143593 0.903841167142357 0.967110474081766 0.504957372714478 4.11852385034859 0.677512956180191 0.352372970992585 0.35210713025253 0.461958519431656 0.539548901408066 0.682480424126419 0.355870044100613 0.824275577579569 0.345866744979626 0.31417047842389 1.87424339359845 0.611298605029212 0.366944387976511 1.27838704736336 1.27191366457467 0.360438657606714 0.285666018629611 0.278316542281326 0.963388583262122 0.913107389636751
-9999 -9999 -9999 -9999 -9999 -9999 -9999 -9999 -9999 -9999 -9999 -9999 -9999 -9999 -9999 -9999 0.312578392886705 0.561150008419432 0.315615929479305 0.407085697367948 0.384065576311254 0.285423517612959 0.26813604354074 4.10863087647773 0.360844617369502 0.642411639443908 0.595408370239372 0.367139069562545 0.373940898540512 0.481774343956848 0.602072103533997 0.647894835560279 0.774517168400384 0.353865723228832 0.371760153422644 1.5350972225711 1.35627988969036 1.34992533314802 0.646477350116636 0.29217575204547 0.499133713665966 0.459961431759983 0.278387657293939 0.462621913458216 0.271064328420999
-9999 -9999 -9999 -9999 -9999 -9999 -9999 -9999 -9999 -9999 -9999 -9999 -9999 -9999 -9999 0.305748064016621 0.47410407548684 0.33714427165852 0.419487071209119 0.600203081240774 0.335212630438205 0.388598159519811 4.08947492500907 4.08947492500907 0.36164287157143 0.373057081099837 0.372500080672907 0.378450837798168 0.380358144130435 0.433595704713084 0.372529760976908 0.481759811984451 0.693354296959432 0.295644642462062 0.30839424298403 0.503317010824529 1.50153707840102 0.286412161057581 0.358921240514121 0.574659033898364 0.296331874413734 0.366572650205151 0.284008245032509 0.395140036848983 0.253645612675792
-9999 -9999 -9999 -9999 -9999 -9999 -9999 -9999 -9999 -9999 -9999 -9999 -9999 -9999 -9999 -9999 0.344348259934706 0.332413866850866 0.424406288924783 0.390675847971997 0.619738588822034 0.234605680208935 4.08947492500907 4.08947492500907 0.474247805758787 0.380274947744096 0.495286389408029 0.393630422599684 0.38005248763366 0.288997760699603 0.299771070025991 0.402672937193675 0.673730979126882 0.467194279784453 0.305218091692647 0.318301955372182 1.49648120014051 0.314142548632537 0.302890067207517 0.547189052865871 0.360316212911796 0.295343765715624 0.289161699752097 0.352020149269554 0.252375799350387
-9999 -9999 -9999 -9999 -9999 -9999 -9999 -9999 -9999 -9999 -9999 -9999 -9999 -9999 -9999 -9999 -9999 0.323301202952796 0.458837221905877 0.58199680501036 0.596806603958658 0.791080017862036 4.07833707376175 0.53301629736317 0.471840042073551 0.561727986553951 0.382223832141779 0.527393745814325 0.31843596045372 0.306262118792698 0.315885898754695 0.322464423126381 0.555644916831205 0.410070252598259 0.326892093906367 0.323931452987702 0.546942773263307 1.45743035545941 0.339856706423728 0.326312486993174 1.01850739361152 0.272536879489927 0.380124414813354 0.303815402727126 0.930171117939985
-9999 -9999 -9999 -9999 -9999 -9999 -9999 -9999 -9999 -9999 -9999 -9999 -9999 -9999 -9999 -9999 0.359997237223699 0.428799849330374 0.347864873941465 0.456994414517058 0.488875732744834 0.498521424653772 4.06467582315402 0.318619551973952 0.833484890502789 0.818790459871787 0.635573557914738 0.37986830993232 0.287413597629933 0.440133258987693 0.442751878137676 0.305753587420501 0.332167572954441 0.468504060485238 0.37526118854952 0.413794960842727 0.463220924966836 0.450575412376944 1.42777567501158 1.05769025798611 0.429828496971032 1.00994148629534 0.971314925698199 0.952317975258521 0.295789056683613
-9999 -9999 -9999 -9999 -9999 -9999 -9999 -9999 -9999 -9999 -9999 -9999 -9999 -9999 -9999 -9999 0.356513881581774 0.609097469670805 0.708091767988176 0.361005161599948 0.93794693879035 1.03121996574588 1.03157071147944 4.06564349709895 0.322161591966497 0.345223443096058 0.355471011563712 0.364300159762739 0.625096403982712 0.582473152625706 0.29604442971199 0.30509214074096 0.36844613398559 0.349807447657911 0.431884785250842 0.328585528981708 0.317354575407101 0.298827667522109 0.511768442386471 1.1460571721082 0.316523891515056 0.346728410322191 0.26401692928751 0.256169826038892 0.255460117210363
-9999 -9999 -9999 -9999 -9999 -9999 -9999 -9999 -9999 -9999 -9999 -9999 -9999 -9999 -9999 0.341742507399451 0.527956308182948 0.299490043770837 0.696327367225306 0.90819127692817 0.632918198522409 0.275594222214616 0.28126376069431 4.02700530713712 0.852851045936204 0.801257682888761 0.754444023738359 0.695652322226572 0.662589475746036 0.27789210293172 0.388806737345814 0.319786248747216 0.309320537798135 0.583880919015035 0.310845765660983 0.399963709882003 0.303916791953181 0.429121430904623 0.471345182624153 1.13779158488728 1.13143864129402 0.245326740154912 0.25172428715927 0.26020257141806 0.314177860619679
-9999 -9999 -9999 -9999 -9999 -9999 -9999 -9999 -9999 -9999 -9999 -9999 -9999 -9999 -9999 0.300565451870923 0.471155551114857 0.29588108380087 0.626566070134764 0.397309383192508 0.613034785425848 0.274526902634512 0.385001708489886 4.02747164901218 0.282580949003796 0.316815483667631 0.332307966507958 0.3962009151579 0.271516335309033 0.276021262394746 0.490023829541475 0.311505418634145 0.319917158434341 0.404920201886556 0.690368254730713 0.310035886335323 0.318445388022108 0.297131725155499 0.290290911716821 0.368511691176267 0.524496315395506 1.06667638277175 0.232624776238889 0.436466978819643 0.365686509138289
-9999 -9999 -9999 -9999 -9999 -9999 -9999 -9999 -9999 -9999 -9999 -9999 -9999 -9999 -9999 0.283819606147449 0.493046346962571 0.599876338038836 0.290810212954926 0.47965368108894 0.291103872132609 0.253666477266663 0.264599832050156 0.26574531204855 4.01212728782643 0.276816485307578 0.552179376760711 0.326277566294702 0.268738263308734 0.67808556919698 0.527555511960458 0.46506467935626 0.356417271286322 0.471112697384367 0.781700913336798 0.41394851042342 0.41827813271012 0.367254406298765 0.287003907888327 0.282833516418306 0.388080780895496 0.317423872673862 1.0509709733231 0.967685511075194 0.348207079662905
