Archive - glowpa-model-master/Model input/Uganda/rivergeometry/river_restime_1may.asc
NCOLS 67 
NROWS 67 
XLLCORNER 29.5 
YLLCORNER -1.5 
CELLSIZE 0.0833333333283582 
NODATA_value -9999 
[rows 38 to 56 of 67, columns 0 to 41 of 67]
-9999 0.00218483036265142 0.00192079010345459 0.00157011650418605 0.00179288400676414 0.00159974895987295 0.000963183160923938 0.00135566088340582 0.0016698382173776 0.00243893610210626 0.00132956141236921 0.00214538308813839 0.00125217285071126 0.00145434760276256 0.0010474912951785 0.0014581388526198 0.00193393566005972 0.00149198646240496 0.00186680736900531 0.0012139159371432 0.00139338453944198 0.00147447654071629 0.00207402990000359 0.0013061579017444 0.00153636402590808 0.00178353649123688 0.00164347033734806 0.00167137825458552 0.0014860546197845 0.00210303156935149 0.00187525836679403 0.00149691367445516 0.00133814886685853 0.00155588540899605 0.00121465972821576 0.00154077747830881 0.00139969567515778 0.00150820680446252 0.00204566579686959 0.00108382980142604 0.00217845536859209 0.000705256079084241
-9999 0.00221386406478042 0.00209801529026327 0.00097101601447315 0.000970362227003651 0.00136015230383512 0.00155892330540554 0.00147570698767802 0.00148584003154 0.00191752558971209 0.00152207957932695 0.00188009387512144 0.00146503561018649 0.00129180607651893 0.00148897924655902 0.00149358327502936 0.001123609121447 0.00150380934635797 0.00145068214827966 0.00210068045522437 0.00181083380289807 0.00208627239189434 0.00148670111992837 0.00134208949730162 0.00154080696099618 0.00127628782569768 0.00130941999369718 0.00138353248465229 0.00165884575648084 0.00164869565142737 0.00141722485323649 0.00212456158844872 0.00152447922677862 0.00221142731421818 0.00154269521718962 0.00176159180808653 0.0015405012364057 0.00157002523464974 0.00166264604433299 0.00116208690072866 0.00156065473132899 0.0015385279209537
0.00230984080537083 0.00171019330149485 0.000976630752271366 0.000968500901680786 0.00183076102865998 0.00129427858376322 0.00164376708611721 0.0015592981847365 0.00217784545567762 0.00155756261175043 0.00158397148591486 0.00147208603068956 0.00211362794683045 0.00132487133684504 0.00149024305630133 0.00118244134626126 0.00125120634517233 0.00168310733826545 0.00144585480941265 0.00144783064004172 0.00146340777851777 0.00194293040806169 0.00148052525328779 0.00150274840463397 0.00148702667235137 0.00152942851775056 0.0014596437557872 0.00142287904555122 0.00155371465007435 0.00168562680702481 0.00149486318374518 0.00158385362865943 0.00108940185079875 0.00191935505323017 0.00145944454902219 0.00127960956427718 0.00154421511925593 0.0021986426344034 0.00155025164597415 0.00171014065874124 0.00166979215983249 0.00154942374954965
0.0016078218500961 0.00210062135730039 0.000973414954339268 0.00136233433034912 0.00137178772153706 0.00133403101240516 0.00216028496443869 0.00154536402855941 0.00152116038695228 0.00133679953315066 0.0018259962616854 0.00153533670982221 0.00210199874280045 0.00147608737528765 0.00196609649488564 0.00125142656922596 0.00149532942203463 0.00181489992053968 0.00170410811350677 0.00124859759463195 0.00134267075690213 0.00137971574740824 0.00148837661722109 0.00138674132425276 0.00198519798321484 0.0014700521474286 0.00168838160231785 0.00158668224535868 0.00228176200215627 0.001596057399571 0.00151184095905862 0.0019061082756206 0.00110847823441024 0.00151605535416065 0.00151229096559067 0.00151861747773606 0.00202473401722054 0.00156649234468832 0.00176362344250777 0.00144661358799598 0.00119475280667457 0.00134314697217011
0.00177837432510972 0.00236537608937952 0.000978703310373903 0.0024011228269219 0.00138038185398063 0.00138884210666078 0.00222345098811209 0.00143684759043455 0.00136536227015328 0.00154578084034044 0.00151552993536729 0.0012476911221436 0.00142588266295669 0.00154421878678162 0.0014983111216661 0.00148755813628245 0.00193110119265495 0.00141773490305397 0.00199503494800403 0.00150173306624908 0.00214766720929138 0.00151325891124703 0.00148914999916164 0.0018841844385231 0.00154305663536187 0.00125079084890374 0.00149446219804747 0.00201149071062056 0.00155468204559174 0.00155586713649661 0.00203624614051272 0.00155426192807686 0.00111957020168886 0.00122277948640669 0.00136653024065023 0.00152699874206329 0.00153463593592078 0.00157688864692816 0.00127329644653088 0.00155638463117805 0.00126200306953869 0.00137483666918902
0.000993529037073537 0.00138921411896701 0.00164664153843289 0.00212990240543357 0.00144882862180485 0.00147264981264698 0.00156737655082052 0.00203471117948489 0.00189121565026869 0.00149109655652137 0.0014243219228437 0.00124064621870143 0.00119591915860623 0.00156341249331383 0.00220613345112944 0.00212157972614606 0.00151067266997978 0.00225568781359893 0.00217138774279294 0.0014863545831465 0.00149321046059964 0.00140391916962399 0.0017664310960568 0.00153936123331301 0.00216633402707457 0.00174953088497889 0.00215316083212441 0.00152439797601133 0.00128123649461993 0.00116863728193129 0.00145380509852999 0.00162513940869791 0.00120005627580544 0.00154085201062279 0.0018611498367789 0.00135354225453429 0.00154652652909294 0.00190566247183548 0.00155302067649646 0.00155584890522909 0.0012799648265758 0.00142590226860057
0.000987412811584815 0.00129657069210311 0.00131958716587476 0.00138509407559251 0.00141037740393431 0.00204479128960263 0.00230361982522428 0.00214380208774892 0.00199617679382037 0.00128145112364474 0.00131654718363315 0.0015628114248504 0.00116526085236648 0.00140546357744669 0.00139501104846612 0.00212814299228452 0.00149648845251723 0.00210258772629908 0.00203375582912635 0.00137018156753598 0.00140969850138726 0.00120061207145845 0.00218574312085417 0.00199406731531392 0.0016854591537724 0.00140136660715712 0.00146870658521289 0.00107816798541434 0.00176404891857513 0.00165825370753649 0.00153139434489204 0.00224510382084792 0.00141477945433844 0.00177853899398592 0.00130681277139745 0.00154105498469779 0.00207382932130245 0.00138529403859051 0.00152067484451763 0.00146640134377429 0.00132995271274947 0.00149884741005739
0.000989068616399442 0.00143362800671646 0.00146456303365633 0.00148753106843181 0.00133085353223205 0.00208114083135713 0.00138427556703638 0.00133569892912625 0.00208674404852806 0.0012327922563996 0.00129387400567888 0.00225354996285686 0.00115909726108036 0.00151386183121622 0.00184777705624424 0.00150863340245385 0.00130108208414457 0.00151856674311469 0.00148157221503585 0.00127244734140322 0.00190348288872407 0.00117908335227482 0.00161058830268657 0.00116884078525157 0.00148476357115895 0.00146932145615794 0.00145120365056647 0.00152988928184634 0.00117649253464961 0.00117649253464961 0.00199680056486319 0.00158318294509544 0.00151356337354657 0.00152407259076589 0.0015867108053213 0.00193931871986458 0.00143999844661318 0.00070567190973573 0.00100132830379252 0.00161711171635468 0.00150031889361253 0.00162327371131261
0.00130112858874528 0.0014088073258004 0.0015711419219025 0.00213709971661897 0.00182902914028751 0.0015561363828137 0.00191570604900742 0.00134113111062242 0.000997640360197129 0.00114648713116341 0.00126733134911513 0.00157027823882243 0.00163656240355693 0.00126139974610077 0.0012409169149962 0.00120970970499208 0.00111493094612692 0.00110802564967668 0.0010468529903294 0.00101755746230373 0.00101455582682033 0.000949459570777321 0.0013352708897993 0.00148925941302642 0.00201872597623124 0.00200138503602783 0.00151847340198629 0.0014850952450011 0.00150824335159319 0.00208357767531183 0.00158867933822697 0.00157425813812483 0.00158403208031478 0.0014630784571922 0.00100133249190018 0.000705671760160456 0.00100133249190018 0.000705671760160456 0.000710420700310193 0.000710420700310193 0.000705671760160456 0.00100133249190018
0.0016446427050882 0.0010025702825587 0.00141956908942387 0.00151234745837018 0.00149094861356396 0.00175299514773077 0.000990971341444389 0.000990971341444389 0.000990971341444389 0.000990971341444389 0.00146547799212408 0.00104156782549571 0.00110473399618188 0.00110829230801115 0.00158561756766879 0.00159073611420269 0.00125692420222796 0.00149505081558376 0.00115066320067088 0.00136416100775391 0.00160250614800084 0.0014783078133166 0.00134333814695986 0.00132302845941837 0.0013192641202542 0.00150962648668539 0.00145436973275271 0.00145770712994781 0.00207399194544796 0.00157043637633119 0.00158630311211884 0.0014643585726938 0.00100133555819329 0.00100133555819329 0.000710424439692034 0.00100133555819329 0.000705671685372819 0.000705671685372819 0.000710424439692034 0.000705671685372819 0.000705671685372819 0.000710424439692034
0.00149399756677813 0.00100310108984278 0.00100600807445475 0.0010127869238448 0.0012222197400331 0.00166178709734515 0.000997648762110518 0.00140617363152647 0.000997648762110518 0.00140617363152647 0.001573093158763 0.0013450205690125 0.00159256897642287 0.00125744692765122 0.00162671193665443 0.00128851420061511 0.00135605899439915 0.00216316580992165 0.0011588948314575 0.00148052855145429 0.00116471793189957 0.00191705196527545 0.00142557886480082 0.00144125745686927 0.000910814236482411 0.000890336272182773 0.000888888773848458 0.000886820630792801 0.00124709662581216 0.00146880189759511 0.000705671610585183 0.00100133765224712 0.000710426683321138 0.000705671610585183 0.000705671610585183 0.00100133765224712 0.000710426683321138 0.000710426683321138 0.000710426683321138 0.000710426683321138 0.000710426683321138 0.000710426683321138
0.00100600807445475 0.00100600807445475 0.00100600807445475 0.00100600807445475 0.00100600807445475 0.00186115624286648 0.0017415707631815 0.001610234760536 0.00140617510186131 0.000990971236420472 0.00204633584811972 0.00155305252898787 0.00185626012392689 0.0015675692096107 0.00120347230255155 0.00131378856864194 0.00159317931546685 0.00198267785710179 0.00117186347030155 0.00119779368694849 0.00145729595907924 0.00169388423886495 0.00204688710448792 0.00201933547319279 0.00152273137345381 0.00149018072104691 0.00177364452457324 0.00213171077331212 0.000710427431197506 0.000710427431197506 0.00100133869927403 0.000710427431197506 0.000705671610585183 0.000705671610585183 0.000705671610585183 0.000710427431197506 0.000710427431197506 0.000705671610585183 0.000705671610585183 0.000705671610585183 0.000705671610585183 0.000710427431197506
0.00142751068387293 0.00100600807445475 0.0010127869238448 0.00100600807445475 0.0010127869238448 0.00186457124075331 0.00139205021672203 0.000996400355750617 0.000990971236420472 0.00165820991818218 0.00154404895128975 0.00159273201059965 0.0013379348712658 0.00158428225253491 0.00121179891702158 0.00135897911803166 0.00162149232462212 0.00148581138333887 0.00155381872397575 0.00120747210597581 0.00146868709077248 0.00121225242507645 0.00144336182679386 0.00202748326599005 0.00108746427141568 0.00159299350425496 0.00125740097146377 0.00160413602668 0.00100133869927403 0.000710426683321138 0.000710426683321138 0.000710426683321138 0.000710426683321138 0.000710426683321138 0.000710426683321138 0.00100133869927403 0.000705671610585183 0.00100133869927403 0.000705671610585183 0.000705671610585183 0.000710426683321138 0.00100133765224712
0.0010127837253188 0.00142750769858199 0.0010127837253188 0.0010127837253188 0.0010127837253188 0.000987197636504173 0.0017341217167737 0.00181386291983799 0.00165374983618239 0.00203623491029126 0.00166610439695587 0.00208616963879365 0.00154512075373561 0.00220672939773663 0.00124273328384649 0.00170589194967069 0.00200024237616806 0.0016225900595077 0.00205646951369156 0.00129255943852163 0.0014462939075937 0.00132717085911462 0.00200456604335794 0.00140922128758755 0.0010959950645117 0.0022836887180954 0.00132222858620949 0.00158090435324374 0.000710424439692034 0.00100133555819329 0.000705671685372819 0.000710424439692034 0.000710424439692034 0.000705671685372819 0.000705671685372819 0.000705671685372819 0.000710424439692034 0.000710424439692034 0.000710424439692034 0.00100133555819329 0.000710424439692034 0.000710424439692034
0.00101277839444213 0.00100600828768982 0.00142750332726312 0.00142750332726312 0.00101277839444213 0.00168178069225957 0.00189275505267381 0.00130134885545489 0.00222800541505091 0.00181633113563981 0.00223463894512393 0.00257580027762986 0.00154777970235008 0.00199202271649682 0.00139127277652526 0.00203156286680302 0.0016052504371619 0.00230215230028289 0.00157387251862934 0.00144863430310887 0.00141560649179276 0.00142486690164456 0.00143121570040536 0.00123953577051438 0.00113073468815583 0.00195150255508885 0.00144100185417326 0.00219243240807583 0.00147641673616416 0.00196643225367018 0.00100133249190018 0.00100133555819329 0.00100133249190018 0.000705671760160456 0.000710420700310193 0.000710420700310193 0.00100133249190018 0.000710420700310193 0.000705671760160456 0.000710420700310193 0.000710420700310193 0.000710420700310193
0.00142749735668125 0.00100600850092489 0.00142749735668125 0.00142749735668125 0.00101277103783233 0.00198430115267917 0.00243565678837263 0.00131083179743139 0.00134467620341208 0.00157909176307355 0.00148518298379961 0.00147262679137005 0.00221832616482936 0.00209559141771347 0.00162005977646759 0.00160664138074207 0.00227847148131375 0.00156245768442034 0.0015456847650139 0.00150769402544213 0.00191423103198655 0.00209509289564355 0.0019951588938232 0.00141441892058608 0.00122315515902551 0.00145183106462278 0.00154817134494656 0.00152104626779227 0.00136738333835116 0.00123594395654664 0.000705671760160456 0.000710415539963253 0.000710415539963253 0.00070567190973573 0.00070567190973573 0.000710415539963253 0.00100133249190018 0.000705671760160456 0.000710415539963253 0.000710415539963253 0.00100132830379252 0.00070567190973573
0.00100600871415995 0.00142749000007145 0.00100600871415995 0.00142749000007145 0.00189440063515478 0.00219710256877812 0.00162387164934614 0.00206750832942145 0.00160332435077258 0.00151203212588388 0.0019623463153822 0.00139704136214864 0.00154412587600403 0.00158859756176524 0.00158752426533643 0.00209097569693364 0.00158704135300901 0.00146487143215045 0.00203603512020568 0.00115388120232435 0.00128124266223466 0.00135645893202758 0.00141340793554083 0.00195265949616006 0.00133556830813104 0.00146564449784291 0.00165937382942438 0.000710408809075941 0.00100132830379252 0.00070567190973573 0.00070567190973573 0.000710408809075941 0.00100132830379252 0.00100132314344558 0.00070567190973573 0.00100132830379252 0.000710408809075941 0.000710408809075941 0.00100132314344558 0.000710408809075941 0.000710408809075941 0.00100132314344558
0.00100600892739502 0.00100600892739502 0.00114041442043376 0.00246519935264749 0.00188301153039315 0.00164762810740767 0.00221938809238799 0.00156358117217883 0.00155072445190698 0.00129872317208947 0.00218402734136149 0.00135564072183479 0.00145158553684388 0.00226205469131085 0.00158512199694947 0.0015483314618122 0.00195637919724172 0.00131966505404215 0.00156039318714389 0.00115388144690274 0.00153314115654433 0.0013863955752779 0.00147170419504968 0.00145510986690013 0.00208747029621796 0.00159837490169297 0.00211009848496625 0.00100132314344558 0.000705672208886277 0.00100132314344558 0.00100132314344558 0.000705672059311003 0.000710400582435892 0.000710400582435892 0.000710400582435892 0.00100131693607172 0.000705672208886277 0.00100131693607172 0.000705672208886277 0.000705672208886277 0.00100131693607172 0.000705672208886277
0.00100600924724762 0.00100600924724762 0.00114195270029125 0.00116146766325438 0.00167103844829558 0.00192664724600219 0.00155874440056565 0.00156904936452543 0.00207009591815652 0.00127403215173374 0.00157232930589526 0.00114929040474176 0.00112673970181157 0.00111837670082426 0.00111140183570038 0.00155371458624574 0.00104556938597995 0.00123780880302236 0.00100348797362234 0.00141444598973496 0.000987480721726774 0.00188247159033277 0.00139106923863964 0.00201160329400962 0.00162008604414465 0.00197706309791234 0.000705672208886277 0.000710390860043106 0.000710390860043106 0.000710390860043106 0.000710390860043106 0.000710390860043106 0.00100130960688331 0.00100130960688331 0.000705672433249188 0.000705672208886277 0.00100131693607172 0.000710390860043106 0.000710390860043106 0.000705672433249188 0.000705672208886277 0.000705672433249188
