Archive - glowpa-model-master/Model input/Uganda/rivergeometry/river_length.asc
NCOLS 67 
NROWS 67 
XLLCORNER 29.5 
YLLCORNER -1.5 
CELLSIZE 0.0833333333283582 
NODATA_value -9999 
[rows 0 to 19 of 67, columns 0 to 45 of 67]
-9999.000000000000000 -9999 -9999 -9999 -9999 -9999 -9999 -9999 -9999 -9999 -9999 -9999 -9999 -9999 -9999 -9999 -9999 -9999 -9999 -9999 -9999 -9999 -9999 -9999 -9999 -9999 -9999 -9999 -9999 -9999 -9999 13059.3643083148 9214.98267245983 -9999 -9999 -9999 -9999 -9999 -9999 -9999 -9999 -9999 -9999 -9999 -9999 -9999
-9999 -9999 -9999 -9999 -9999 -9999 -9999 -9999 -9999 -9999 -9999 -9999 -9999 -9999 -9999 -9999 -9999 -9999 -9999 -9999 -9999 -9999 -9999 -9999 -9999 -9999 -9999 -9999 -9999 9214.98267245983 13059.3643083151 9254.17756476498 13059.3643083153 13059.3643083148 13059.3643083153 9214.98267245983 9214.98267245983 13059.3643083148 9214.98267245983 9214.98267245983 -9999 -9999 -9999 -9999 -9999 -9999
-9999 -9999 -9999 -9999 -9999 -9999 -9999 -9999 -9999 -9999 -9999 -9999 -9999 -9999 -9999 -9999 -9999 -9999 -9999 -9999 -9999 -9999 -9999 -9999 -9999 -9999 -9999 -9999 -9999 9214.96394145939 9255.10276131794 9214.96394145939 13060.0135823572 9255.10276131755 9255.10276131833 13060.0135823565 9255.10276131833 9255.10276131755 9255.10276131833 9255.10276131755 9255.10276131833 13060.0135823565 9214.96394145939 -9999 -9999 -9999
-9999 -9999 -9999 -9999 -9999 -9999 -9999 -9999 -9999 -9999 -9999 -9999 -9999 -9999 -9999 -9999 -9999 -9999 -9999 -9999 -9999 -9999 -9999 -9999 -9999 9214.94559828926 -9999 -9999 -9999 13060.6493821931 9214.94559828926 13060.6493821928 9256.00850827233 13061.2717045162 13061.2717045169 9256.00850827154 9256.00850827233 9214.92764310073 13061.2717045169 9256.00850827154 9214.94559828926 13060.6493821928 9214.94559828926 -9999 -9999 -9999
-9999 -9999 -9999 -9999 -9999 -9999 -9999 -9999 -9999 -9999 -9999 -9999 -9999 -9999 -9999 -9999 -9999 -9999 -9999 -9999 -9999 -9999 9214.92764310073 -9999 -9999 13061.2717045165 -9999 -9999 -9999 10511.1708123123 9256.89480382608 9256.89480382568 9256.89480382647 9256.89480382568 9256.89480382647 13061.8805460902 9214.92764310073 13061.2717045162 9256.89480382647 9256.89480382568 13061.2717045169 9214.92764310073 9214.92764310073 9256.89480382568 -9999 -9999
-9999 -9999 -9999 -9999 -9999 -9999 -9999 -9999 -9999 -9999 -9999 -9999 -9999 -9999 -9999 -9999 -9999 -9999 -9999 -9999 -9999 13061.8805460904 9214.91007604133 9214.91007604133 9214.91007604133 13061.8805460904 9257.7616462178 9214.91007604133 13061.8805460904 9214.89289725737 9257.7616462178 9214.89289725737 9257.7616462182 9257.76164621741 9214.91007604133 13061.8805460902 9257.7616462182 9214.91007604133 13061.8805460908 9214.91007604133 13061.8805460908 9214.91007604133 9214.91007604133 9257.76164621741 -9999 -9999
-9999 -9999 -9999 -9999 -9999 -9999 -9999 -9999 -9999 -9999 -9999 -9999 -9999 -9999 -9999 -9999 -9999 -9999 -9999 9214.89289725737 9258.60903372327 9258.60903372327 9258.60903372327 9214.89289725737 13062.47590375 9258.60903372327 9214.89289725737 9258.60903372327 9258.60903372327 9214.87610688916 13063.0577743986 9258.60903372287 13063.0577743988 13063.0577743983 13063.0577743988 9258.60903372287 9258.60903372366 9258.60903372287 9258.60903372366 9258.60903372287 9214.89289725737 9258.60903372287 9214.89289725737 13062.4759037498 -9999 -9999
-9999 -9999 -9999 -9999 -9999 -9999 -9999 -9999 -9999 -9999 -9999 -9999 -9999 -9999 -9999 -9999 -9999 9259.43696465734 9259.43696465734 13063.6261550119 9214.85970507594 13063.0577743986 13063.0577743986 9214.87610688916 13063.0577743986 9259.43696465734 13063.6261550119 13063.6261550119 9259.43696465734 9214.85970507594 9214.85970507594 13063.6261550117 9214.85970507594 9259.43696465694 13063.6261550121 13063.6261550117 9214.85970507594 9259.43696465694 9214.87610688916 9259.43696465694 13063.0577743988 9214.87610688916 13063.0577743988 9259.43696465694 13063.0577743988 -9999
-9999 -9999 -9999 -9999 -9999 -9999 -9999 -9999 -9999 -9999 -9999 -9999 -9999 -9999 -9999 -9999 -9999 9214.85970507594 13063.6261550119 9214.85970507594 9260.2454373736 13063.6261550119 9260.2454373736 9260.2454373736 9260.2454373736 13064.1810426354 9214.85970507594 9260.2454373736 9214.84369195307 9260.2454373736 9214.84369195307 9214.84369195307 9260.24543737399 13064.1810426352 13063.6261550121 9260.2454373732 13064.1810426357 9214.85970507594 13063.6261550121 9214.85970507594 9214.85970507594 9214.85970507594 9260.24543737399 9214.85970507594 9260.24543737399 9214.85970507594
-9999 -9999 -9999 -9999 -9999 -9999 -9999 -9999 -9999 -9999 -9999 -9999 -9999 -9999 -9999 -9999 -9999 9261.03445026435 9261.03445026435 9214.84369195307 9261.03445026435 13064.1810426354 13064.1810426354 9214.84369195307 13064.7224343851 9214.82806765241 13064.7224343851 9261.03445026435 13064.7224343851 9261.03445026435 9214.82806765241 9261.03445026396 13064.7224343853 9214.82806765241 9261.03445026475 9214.84369195307 13064.1810426357 13064.1810426352 9261.03445026475 9214.84369195307 13064.1810426357 9261.03445026396 13064.7224343853 9261.03445026396 9214.84369195307 13064.1810426352
-9999 -9999 -9999 -9999 -9999 -9999 -9999 -9999 -9999 -9999 -9999 -9999 -9999 -9999 -9999 -9999 9261.80400176062 9261.80400176062 9261.80400176062 9261.80400176062 9261.80400176062 9261.80400176062 13064.7224343851 9261.80400176062 9214.81283230316 9261.80400176062 9214.81283230316 13065.2503274475 13065.2503274475 9214.81283230316 9214.81283230316 13065.2503274472 9214.81283230316 9261.80400176023 9214.81283230316 13065.2503274472 9261.80400176101 9214.82806765241 13064.7224343853 9261.80400176023 9214.81283230316 9261.80400176023 9214.81283230316 13065.2503274472 9261.80400176101 9214.81283230316
-9999 -9999 -9999 -9999 -9999 -9999 -9999 -9999 -9999 -9999 -9999 -9999 -9999 -9999 -9999 -9999 9262.55409033215 13065.7647190792 9262.55409033215 13065.7647190792 9214.79798603065 13065.7647190792 9262.55409033215 13065.7647190792 9214.79798603065 9214.79798603065 9262.55409033215 9262.55409033215 9214.79798603065 9214.79798603065 9262.55409033215 13065.764719079 9214.79798603065 9262.55409033175 9262.55409033254 9214.79798603065 13065.7647190795 9262.55409033175 9262.55409033254 9214.79798603065 13065.7647190795 9262.55409033175 9262.55409033254 9214.79798603065 9214.79798603065 13065.764719079
-9999 -9999 -9999 -9999 -9999 -9999 -9999 -9999 -9999 -9999 -9999 -9999 -9999 -9999 -9999 9263.2847144874 13066.2656066083 9263.2847144874 9263.2847144874 13065.7647190792 9263.2847144874 13065.7647190792 9214.79798603065 9214.78352895774 9263.2847144874 13065.7647190792 9214.78352895774 13066.2656066083 9263.2847144874 9214.78352895774 9214.78352895774 13066.2656066079 9214.78352895774 13066.2656066079 9263.2847144878 9214.78352895774 13066.2656066084 9263.28471448701 9214.78352895774 13066.2656066079 13065.7647190795 9214.78352895774 9263.2847144878 9214.78352895774 13066.2656066084 9214.79798603065
-9999 -9999 -9999 -9999 -9999 -9999 -9999 -9999 -9999 -9999 -9999 -9999 -9999 -9999 -9999 -9999 9214.76946120333 9263.99587277358 13066.7529874314 9214.78352895774 13066.2656066083 13066.2656066083 13066.7529874314 9214.76946120333 13066.7529874314 13066.2656066083 13066.2656066083 9263.99587277358 13066.2656066083 9263.99587277358 9214.76946120333 9214.76946120333 9214.76946120333 9263.99587277318 13066.7529874317 9214.76946120333 9214.76946120333 9263.99587277318 9263.99587277397 9214.76946120333 9263.99587277397 9263.99587277318 9263.99587277397 9214.76946120333 9214.78352895774 13066.2656066079
-9999 -9999 -9999 -9999 -9999 -9999 -9999 -9999 -9999 -9999 -9999 -9999 -9999 -9999 -9999 -9999 -9999 9264.68756377658 9264.68756377658 9264.68756377658 9264.68756377658 9264.68756377658 9214.7557828839 13067.2268590179 9264.68756377658 9214.76946120333 13066.7529874314 13066.7529874314 9264.68756377658 9214.76946120333 13066.7529874314 9214.7557828839 9214.7557828839 9214.7557828839 9264.68756377698 9264.68756377619 9214.7557828839 13067.2268590177 9264.68756377698 9214.7557828839 13066.7529874317 9214.76946120333 13066.7529874317 9264.68756377619 13066.7529874317 9214.76946120333
-9999 -9999 -9999 -9999 -9999 -9999 -9999 -9999 -9999 -9999 -9999 -9999 -9999 -9999 -9999 -9999 9265.35978612108 13067.2268590179 9265.35978612108 9265.35978612108 9265.35978612108 13067.687218906 9214.742494112 9265.35978612108 13067.2268590179 9265.35978612108 9265.35978612108 9265.35978612108 9214.7557828839 9214.7557828839 13067.2268590179 9265.35978612068 9214.742494112 13067.6872189058 9265.35978612147 9265.35978612068 9214.742494112 9214.742494112 13067.6872189063 9265.35978612068 9265.35978612147 13067.6872189058 9265.35978612147 9265.35978612068 9265.35978612147 13067.6872189058
-9999 -9999 -9999 -9999 -9999 -9999 -9999 -9999 -9999 -9999 -9999 -9999 -9999 -9999 -9999 -9999 9266.01253847042 9266.01253847042 13067.687218906 9266.01253847042 9266.01253847042 9266.01253847042 9266.01253847042 13068.1340647046 9266.01253847042 13067.687218906 13067.687218906 13067.687218906 9214.742494112 9266.01253847042 9214.72959499735 13067.6872189058 13067.6872189063 9266.01253847002 13067.6872189063 9214.72959499735 13068.1340647048 9214.72959499735 9214.72959499735 13068.1340647043 9214.742494112 13068.1340647043 9266.01253847081 13068.1340647043 9266.01253847081 9214.72959499735
-9999 -9999 -9999 -9999 -9999 -9999 -9999 -9999 -9999 -9999 -9999 -9999 -9999 -9999 -9999 13068.1340647046 13068.5673940932 9266.64581952671 9266.64581952671 13068.5673940932 13068.5673940932 9266.64581952671 13068.5673940932 9214.7170856464 13068.1340647046 9266.64581952671 9266.64581952671 9266.64581952671 9266.64581952671 9266.64581952671 9214.72959499735 13068.1340647043 9266.6458195271 13068.1340647043 9214.72959499735 13068.1340647043 9266.6458195271 9266.64581952632 9214.7170856464 9214.7170856464 9266.6458195271 9266.64581952632 13068.1340647048 9214.72959499735 9214.72959499735 9266.64581952632
-9999 -9999 -9999 -9999 -9999 -9999 -9999 -9999 -9999 -9999 -9999 -9999 -9999 -9999 -9999 9267.25962803078 9214.7049661623 13068.9872048218 9214.7049661623 9267.25962803078 9214.7049661623 9267.25962803078 9267.25962803078 9214.7049661623 9214.7170856464 13068.9872048218 9214.7170856464 13068.5673940932 9267.25962803078 9214.7170856464 13068.5673940932 9214.7170856464 9267.25962803118 9214.7170856464 9214.7170856464 9214.7170856464 9214.7170856464 9214.7049661623 13068.9872048221 9267.25962803039 9214.7049661623 13068.9872048215 9267.25962803118 13068.567394093 9267.25962803118 13068.567394093
-9999 -9999 -9999 -9999 -9999 -9999 -9999 -9999 -9999 -9999 -9999 -9999 -9999 -9999 -9999 9267.8539627622 9267.8539627622 13069.3934947104 13069.3934947104 13069.3934947104 9214.69323664494 13069.3934947104 9214.7049661623 9214.69323664494 13069.3934947104 13068.9872048218 13068.9872048218 9267.8539627622 13068.9872048218 9214.7049661623 9267.8539627622 9267.8539627618 9267.85396276259 9267.8539627618 13068.9872048221 9214.7049661623 13068.9872048221 13068.9872048215 9267.85396276259 9214.69323664494 9214.69323664494 9267.8539627618 13069.3934947107 9267.8539627618 9267.85396276259 9267.8539627618
