Archive - glowpa-model-master/Model input/Uganda/rivergeometry/river_width_1apr.asc
NCOLS 67 
NROWS 67 
XLLCORNER 29.500000001 
YLLCORNER -1.499999999 
CELLSIZE 0.0833333332985075 
NODATA_value -9999 
[rows 20 to 39 of 67, columns 0 to 45 of 67]
-9999 -9999 -9999 -9999 -9999 -9999 -9999 -9999 -9999 -9999 -9999 -9999 -9999 -9999 -9999 1.5527350078355 0.907129056327425 0.973627757081267 1.24382167892048 0.77924125218836 0.727311024550623 0.992405528573661 1.55681909978816 1.42138676958685 2.4514534957855 2.2205380623545 0.807766992929822 1.18323474225235 66.2093496471096 3.6616665208315 0.783274750318178 0.808063332112508 1.1438858726544 1.14208772344928 5.71945830281738 5.5770406651814 2.14593381723873 1.16101159824165 0.798638413188816 1.00365260834407 1.10612381854884 1.11088285843642 1.33731117310022 1.46905921632791 6.15778692573406 0.717842446443618
-9999 -9999 -9999 -9999 -9999 -9999 -9999 -9999 -9999 -9999 -9999 -9999 -9999 -9999 -9999 0.832890692975211 0.883229576669794 0.857778902340992 0.696150180625155 0.834561812140327 1.16092838493909 0.735989608443022 1.58224201351412 0.656833768883682 66.1445721565607 66.2304452947954 66.2637582656715 66.1981403014643 1.01480121863142 66.0682815546784 66.1193588099559 0.918273297424387 1.59359968821871 1.08820803021734 6.12232593513381 0.783201919277508 1.14910415699175 3.81185459464723 3.0677054713356 2.63903350179764 2.03751777096078 0.841614673126198 0.7889246434793 1.02329826239551 0.99570034612967 5.60980249910683
-9999 -9999 -9999 -9999 -9999 -9999 -9999 -9999 -9999 -9999 -9999 -9999 -9999 -9999 -9999 -9999 0.861075012682458 1.23245299148106 1.01505253854494 0.671460729129039 62.2454759377816 62.2454759377816 62.2454759377816 66.0598725493781 0.739868770108652 0.72250582381535 0.761784415929422 2.28728723694935 1.9987449355709 1.62606053963901 1.27236927396841 66.1162330280558 66.1671630857769 66.1580020639358 1.05080044132456 1.14248994385653 4.44459770712087 1.12045154214791 1.65481952876781 1.12865473365161 1.03551065665384 0.833052109497592 0.772756659233358 0.750567448336033 0.960010284663197 1.01647217624593
-9999 -9999 -9999 -9999 -9999 -9999 -9999 -9999 -9999 -9999 -9999 -9999 -9999 -9999 -9999 -9999 -9999 0.911484068128904 62.2454759377816 62.2454759377816 62.2454759377816 62.2454759377816 62.2454759377816 1.3112159495261 1.02926398063186 1.56241343423766 1.08524607862474 1.98134173275148 1.0372850705605 1.1081972769216 0.951461926601971 0.960975328526312 2.08897228909624 65.6771572293678 1.01708701754172 1.60763833551847 5.14654165742353 1.60593991719904 1.10151104108539 1.04697969445936 0.813620601559817 0.782584396368093 1.373479998395 2.03349115094279 0.995122505281168 0.801030791030161
-9999 -9999 -9999 -9999 -9999 -9999 -9999 -9999 -9999 -9999 -9999 -9999 -9999 -9999 -9999 0.740424026120717 0.64202441763248 62.2454759377816 62.2454759377816 62.2454759377816 62.2454759377816 62.2454759377816 62.2454759377816 62.2454759377816 4.79995639087652 4.12525889853213 3.8329448609418 1.50352437933094 1.31197978130935 0.698608606143148 0.937164930162417 0.956417964116204 0.97004739588823 2.3729485415099 65.7067717721281 5.22751391329483 1.03706325685243 0.950873917034515 0.978667630765414 2.23293818905661 1.48368138783194 0.78156496870534 3.30917037572194 2.26158001667708 0.829723111634967 1.18966479623452
-9999 -9999 -9999 -9999 -9999 -9999 -9999 -9999 -9999 -9999 -9999 -9999 -9999 -9999 -9999 0.974206027805083 62.2454759377816 62.2454759377816 62.2454759377816 62.2454759377816 62.2454759377816 62.2454759377816 62.2454759377816 62.2454759377816 1.16152964709481 0.826606110398028 1.020723528081 2.47307998630298 1.0044737707181 1.36426303195839 0.942702932562892 0.951527325418419 0.969848340831963 65.2548072720078 4.04634004790043 3.57608370713559 3.37130768759735 2.99573924399032 2.55471311321844 1.2234678993135 1.23652457606867 0.829828337112702 3.95545724750581 1.4375698100508 0.816853817023822 0.844950170833468
-9999 -9999 -9999 -9999 -9999 -9999 -9999 -9999 -9999 -9999 -9999 -9999 -9999 -9999 -9999 62.2454759377816 62.2454759377816 62.2454759377816 62.2454759377816 62.2454759377816 62.2454759377816 62.2454759377816 62.2454759377816 1.06266584537022 2.90470397970082 1.08140801389424 1.09129070227532 2.16302130363815 0.909119597061159 2.25322566323131 1.34771938160341 1.37984181975256 0.970485980108675 65.2079749637839 65.0486007754207 1.49296480632686 1.03995590198224 0.933642999291438 0.962988567831574 1.96721359895415 1.75025083762319 5.11258242589629 0.965162105639293 1.90200606978962 1.3955703084438 1.13231249704958
-9999 -9999 -9999 -9999 -9999 -9999 -9999 -9999 -9999 -9999 -9999 -9999 -9999 -9999 -9999 62.2454759377816 62.2454759377816 62.2454759377816 62.2454759377816 62.2454759377816 62.2454759377816 62.2454759377816 62.2454759377816 0.659000044876252 2.18151122715052 1.05842086763146 0.964193411632446 0.954313745755921 0.993876251174435 0.953052547216965 2.93880428713022 65.2151293924527 65.2151293924527 65.2151293924527 0.918004374373087 0.94298751485365 1.06838482601683 1.88835517005363 2.68149610837388 7.5540075536596 6.94333841828608 3.72536987628989 1.08605541332864 2.15713820452103 60.2520439415427 60.2520439415427
-9999 -9999 -9999 -9999 -9999 -9999 -9999 -9999 -9999 -9999 -9999 -9999 -9999 -9999 62.2454759377816 62.2454759377816 62.2454759377816 62.2454759377816 62.2454759377816 62.2454759377816 62.2454759377816 62.2454759377816 2.25896220634483 1.74566903041385 1.98277109309681 1.70976958754361 0.948661278747313 2.10211675053363 0.941501405178271 0.873204075631813 1.31728990849811 65.2151293924527 65.2151293924527 65.2151293924527 9.49389351332838 1.51401608483501 1.00722925569104 1.44851165994168 8.52049631022464 1.17997337878359 1.04943817650765 2.95465778430619 2.62401804815694 0.904852069817266 60.2520439415427 60.2520439415427
-9999 -9999 -9999 -9999 -9999 -9999 -9999 -9999 -9999 -9999 -9999 62.2454759377816 62.2454759377816 62.2454759377816 62.2454759377816 62.2454759377816 62.2454759377816 62.2454759377816 62.2454759377816 62.2454759377816 62.2454759377816 1.04869237860477 1.02583098755874 0.88272489248797 0.924387148222771 1.37736746595877 0.927561671038431 2.33294268708846 0.887562623248031 0.742434641814457 1.47004762608226 65.2151293924527 65.2151293924527 65.2151293924527 60.2520439415427 9.163527319431 8.98320038985309 8.84772205947308 60.2520439415427 60.2520439415427 60.2520439415427 60.2520439415427 60.2520439415427 60.2520439415427 60.2520439415427 60.2520439415427
-9999 -9999 -9999 -9999 -9999 -9999 -9999 -9999 -9999 -9999 1.26086848192783 62.2454759377816 62.2454759377816 62.2454759377816 62.2454759377816 62.2454759377816 62.2454759377816 62.2454759377816 62.2454759377816 62.2454759377816 1.23524196259458 0.835529820978954 0.829925958374562 1.25054438466701 0.914898789915494 0.84834774453628 1.42787151242051 3.03499297647338 1.31624654222383 0.581608294225932 16.935860771952 1.73260317867488 0.961032915779468 2.00453848356118 60.2520439415427 60.2520439415427 60.2520439415427 60.2520439415427 60.2520439415427 60.2520439415427 60.2520439415427 60.2520439415427 60.2520439415427 60.2520439415427 60.2520439415427 60.2520439415427
-9999 -9999 -9999 -9999 -9999 -9999 -9999 -9999 -9999 -9999 62.2454759377816 62.2454759377816 62.2454759377816 62.2454759377816 62.2454759377816 62.2454759377816 62.2454759377816 62.2454759377816 0.784195592686856 2.80395175900746 0.898156432070017 0.900101097069114 0.940844855847405 0.921288858013775 2.25181050916326 1.40968156718525 3.45970477824399 3.24421661312812 14.7225503277193 16.8984022022298 7.08925863540928 1.0752607892216 1.08724732066287 1.05516794863343 1.82798300166373 1.37062254003295 60.2520439415427 60.2520439415427 60.2520439415427 60.2520439415427 60.2520439415427 60.2520439415427 60.2520439415427 60.2520439415427 60.2520439415427 60.2520439415427
-9999 -9999 -9999 -9999 -9999 -9999 -9999 -9999 -9999 1.19900363351513 62.2454759377816 62.2454759377816 62.2454759377816 62.2454759377816 62.2454759377816 62.2454759377816 62.2454759377816 1.82904164757758 0.940100040111703 2.60184070416238 1.97381420248131 1.37112541754417 0.933976512378797 1.01441288830158 8.39011771083331 8.72071846487245 3.67463326103367 14.578835605649 0.850249881124446 0.891716926742515 0.97653437190848 6.76535799925791 1.15890667666373 1.18327628471588 1.12047334235406 1.07375514284786 60.2520439415427 60.2520439415427 60.2520439415427 1.03304457999189 60.2520439415427 60.2520439415427 60.2520439415427 60.2520439415427 60.2520439415427 60.2520439415427
-9999 -9999 -9999 -9999 -9999 -9999 -9999 -9999 -9999 1.15388587925638 62.2454759377816 62.2454759377816 62.2454759377816 62.2454759377816 62.2454759377816 62.2454759377816 1.03797736784646 1.37250718771998 0.748248835827417 0.747737156674934 0.822449723766565 0.801230594901357 7.25950030954474 7.85125956943675 1.89531719430474 0.850889864169432 9.95903115494019 0.833763757422806 9.74301203991751 3.52851459176781 1.15775561976008 0.998302491353131 6.68326014537017 1.69833067244866 1.18296416909509 1.03310995157681 3.46278158375824 1.05976342955513 0.881650332003635 7.93999757382946 60.2520439415427 60.2520439415427 0.0479384756120264 60.2520439415427 60.2520439415427 60.2520439415427
-9999 -9999 -9999 -9999 -9999 -9999 1.36028423336217 1.82516473268958 1.20735114897387 0.744922964507252 12.0280060078043 62.2454759377816 62.2454759377816 62.2454759377816 62.2454759377816 1.07821585444647 1.07274319161822 0.874908042240644 0.855881115774426 0.668613132864526 3.04710174847277 6.74358210106498 1.05502355913911 0.847520201643907 0.830960160883874 1.43908649531656 1.56441052548775 1.05175613584944 8.56075309946663 1.10329517242409 3.11343033257606 1.09540110536985 1.97456838004011 5.49247420155859 1.02397670049662 1.11291553495786 1.55167538355132 2.43210658347681 1.12540776442255 7.93999757382946 1.11041891627751 60.2508536998371 3.9131626984188 1.26067426719448 60.2520439415427 60.2520439415427
-9999 -9999 -9999 -9999 -9999 -9999 1.92164966802534 2.25157526141113 0.788950537745178 12.0319984010681 0.681978941308738 62.2454759377816 62.2454759377816 62.2454759377816 62.2454759377816 6.2236529589479 5.78270267173831 5.49988771010662 4.95314261833202 4.72677088063052 2.58763994863774 0.820164014612789 5.7006384804798 5.15077782124652 0.806845774009358 0.865713849495346 1.04896156300318 2.14697406913215 8.02038125596258 0.79065089033365 2.6635697354106 1.05792991887089 1.53523921657131 1.05588284518359 4.96778969454763 1.08643425051091 1.09157118909895 2.10875898636367 1.25069990065443 7.55563264935546 1.24994028391207 60.0281882302457 1.8559693902041 3.37688544793979 1.13473116267101 1.71967761107738
-9999 -9999 -9999 -9999 -9999 0.853104671166338 1.07231518365737 2.11310192495917 12.0093924239733 0.510914368696035 0.440315248522815 62.2454759377816 62.2454759377816 62.2454759377816 1.17686247301774 2.87478668768232 0.897097166016461 1.39203881275161 1.21900056863436 4.60749690371501 0.695690597736482 2.32218072365992 1.76304725221301 4.87967311401321 1.04154052652651 0.886861671196676 0.840063504109546 1.51040612849982 1.99207110874194 7.59863349847253 1.17695529183734 1.8100916710814 1.02285802702253 1.02434492292374 3.62774087162172 2.66644467967384 1.05511130399857 1.19056466534762 1.84238963415079 7.28398956218927 1.24419639875494 60.1019184275965 1.2712771727326 2.77020563668425 1.10391307038111 1.14987660073722
-9999 -9999 0.504270899620142 1.07783011781665 0.756216707962306 0.58428992965423 0.558004123862314 1.38405090648081 11.3657865818094 0.559597299299307 2.24268260817855 2.30424327157078 9.39826454381252 1.13863887300714 1.45870486633914 2.09994545462201 1.40651751964937 1.07079568568291 0.871644591203916 4.53407304153683 0.76782979346786 2.08188085849754 1.27931689048088 2.62127714870533 4.52418687087518 1.26137107275113 0.890921791399736 0.887173613506313 1.79659989893677 7.51862972699482 7.0225138925063 0.858623743672309 1.0726824853991 1.07187626485355 3.26891857367073 0.794905661910564 1.80238075608503 1.15442898592851 1.42663964340044 6.41640915931921 1.26112508352046 60.1110586206995 1.22888743872364 1.23257665413954 1.55160225480776 1.0859745503211
-9999 0.891484797627185 1.80521067425483 0.832169775888052 0.389862186830381 0.750813169879232 11.011362235328 11.1146446563655 0.71415532104406 0.553889780113979 2.09800228745987 1.00620519148128 2.87175232207586 8.57424067482485 7.95347914681929 1.38012054482177 1.91839150290244 1.20116708466489 2.29415561591148 3.50695393353528 1.71180157120511 1.18833248524205 1.25879370699336 2.28561217385657 0.913734440790771 2.66714959309837 0.646178986457577 0.567300014153445 1.07166478945659 1.07953678873664 2.03058343387229 6.93448335365995 1.92768380456293 0.844406045409031 3.12089785290264 0.896791645473608 1.4888848200704 1.02967246326746 1.25839304722853 6.00019445701913 0.897236810901725 60.0918947199902 1.1511557522924 1.22567832475278 0.839041453233403 2.02610833197205
-9999 0.831175518384989 1.11231748532414 10.4180386938349 10.4588631795047 10.8904916763244 0.844281098119773 1.15780886618568 1.21368054581838 1.93460641858171 1.04300647324207 2.06311972332146 1.23576541471793 2.36662594075959 1.10492906924886 7.48677671620064 5.46793222818241 1.15186312436996 1.36074068403165 1.24283771166835 2.67962736988256 1.23402010172393 1.19699873066883 1.96852332291698 0.958028544285864 2.45495779972146 2.21678326324427 1.61529726050432 0.591726571128754 0.606949667139638 1.39312358895888 1.02111666769479 6.29939882569129 0.817936411744041 0.889266855470198 2.76610824020897 0.887876612133163 0.829996059554319 3.93921971352607 4.07946632131591 0.844595500842618 0.897210745168713 60.1209228077002 3.88110706764497 1.10411760128487 1.61410639205301
