Archive - glowpa-model-master/Model input/Uganda/rivergeometry/river_width_1jul.asc
NCOLS 67 
NROWS 67 
XLLCORNER 29.500000001 
YLLCORNER -1.499999999 
CELLSIZE 0.0833333332985075 
NODATA_value -9999 
[rows 20 to 39 of 67, columns 0 to 44 of 67]
-9999 -9999 -9999 -9999 -9999 -9999 -9999 -9999 -9999 -9999 -9999 -9999 -9999 -9999 -9999 1.51852488215501 0.881260874401141 0.943796043905996 1.23442479368284 0.946939698248862 0.818334575484561 1.08085215728084 1.62032249873743 1.88970234998104 2.66778287980452 2.41767677003633 0.86326612661378 1.25080068395686 71.8571710911487 3.80141211608347 0.803604665334789 0.830927122281552 1.18335567283078 1.18147773288575 6.00241914131444 5.86017923765042 2.22339646173613 1.18266689278314 0.814721522180355 1.0112351115521 1.12619401462715 1.14265115891353 1.37615733843368 1.49269538320511 6.12881163226623
-9999 -9999 -9999 -9999 -9999 -9999 -9999 -9999 -9999 -9999 -9999 -9999 -9999 -9999 -9999 0.814383988422222 0.868456689313478 0.840638732489937 0.68709756915536 0.865834096013551 1.20162380385682 0.765810428842457 1.83362220485049 0.732464306467246 72.0843511246253 72.0633583267 72.0317499442932 71.9001520335961 1.05391579255678 71.6310181440121 71.6111946115026 0.944252095457926 1.63724633613811 1.10819915694236 6.40788451489204 0.811811087497917 1.16290012861233 3.85196062472351 3.10650265617509 2.67672188891203 2.07948839302242 0.869419110824216 0.826022405952615 1.04854714329391 1.00378960044339
-9999 -9999 -9999 -9999 -9999 -9999 -9999 -9999 -9999 -9999 -9999 -9999 -9999 -9999 -9999 -9999 0.865006733416076 1.23542635784143 1.01406690270798 0.704814962880016 68.0046246286039 68.0046246286039 68.0046246286039 72.1110283876156 0.787914239279759 0.79758314400104 0.842543772935669 2.29724345546508 2.00129999812606 1.61802710154985 1.28726500541531 71.5379794651931 71.5108230167672 71.4158639718048 1.05673512769737 1.14848616801187 4.48434136428935 1.12012493207142 1.67202576842919 1.14582717948888 1.0543187528207 0.868240968508277 0.808857959043451 0.789565499786848 0.975824170889081
-9999 -9999 -9999 -9999 -9999 -9999 -9999 -9999 -9999 -9999 -9999 -9999 -9999 -9999 -9999 -9999 -9999 0.909619299785879 68.0046246286039 68.0046246286039 68.0046246286039 68.0046246286039 68.0046246286039 1.38136908028485 1.13833961677955 1.77113812063911 1.22947133254185 1.99878793143668 1.04311295939696 1.09996278910237 0.958684988977432 0.967532003445859 2.08939118412722 70.828157863722 1.0151597564387 1.61319598123204 5.18728698641587 1.62162459589206 1.11350457444801 1.05401967221041 0.842795312624289 0.813168117837666 1.40613407009723 2.06911192247958 1.00829868368674
-9999 -9999 -9999 -9999 -9999 -9999 -9999 -9999 -9999 -9999 -9999 -9999 -9999 -9999 -9999 0.723102390103062 0.624908545947851 68.0046246286039 68.0046246286039 68.0046246286039 68.0046246286039 68.0046246286039 68.0046246286039 68.0046246286039 4.93138138063125 4.10270551875943 3.79274988861411 1.4706054515762 1.29123015029743 0.6963539580354 0.933347332383774 0.950074382246149 0.966126174805205 2.37159050283871 70.7704887302948 5.26770427985775 1.03877770272355 0.951712051594797 0.981036393962545 2.25636324172339 1.50802019889908 0.804997495542397 3.36810176229231 2.29616806941259 0.837068814350219
-9999 -9999 -9999 -9999 -9999 -9999 -9999 -9999 -9999 -9999 -9999 -9999 -9999 -9999 -9999 0.947300142791244 68.0046246286039 68.0046246286039 68.0046246286039 68.0046246286039 68.0046246286039 68.0046246286039 68.0046246286039 68.0046246286039 1.29825507243855 0.925444602742717 0.997401368760052 2.37897030786772 0.982453517244039 1.34766242721365 0.923196733552124 0.934504518835311 0.953721912753729 70.2421388020054 4.05303385254894 3.59247772127241 3.38967900102553 3.01606443112851 2.57619441969986 1.21052264251867 1.22623374373287 0.833956394005297 3.99327783498795 1.43312086082739 0.819988889114282
-9999 -9999 -9999 -9999 -9999 -9999 -9999 -9999 -9999 -9999 -9999 -9999 -9999 -9999 -9999 68.0046246286039 68.0046246286039 68.0046246286039 68.0046246286039 68.0046246286039 68.0046246286039 68.0046246286039 68.0046246286039 1.09000994827857 2.79798278410601 1.02229033006818 1.04306166727457 2.07617232567974 0.875463666838862 2.19501662539845 1.31163645256364 1.34978274356516 0.94231736472018 69.9283262574163 69.9648957808484 1.47630576585115 1.03227587031204 0.921605013455614 0.942969171199767 1.88654162692256 1.67212285703431 5.01179052670378 0.906044631094664 1.89978224717361 1.39431091730167
-9999 -9999 -9999 -9999 -9999 -9999 -9999 -9999 -9999 -9999 -9999 -9999 -9999 -9999 -9999 68.0046246286039 68.0046246286039 68.0046246286039 68.0046246286039 68.0046246286039 68.0046246286039 68.0046246286039 68.0046246286039 0.647360848989648 2.0821875733419 1.0156563011617 0.930088205589623 0.90601409714596 0.930921102323364 0.900069525878267 2.85621790371594 69.9079075118218 69.9079075118218 69.9079075118218 0.887899140829816 0.908691713569278 1.03946014609302 1.84692053689793 2.58663562506062 7.24063402140551 6.69157954156175 3.52826549106733 0.995758853415544 2.1495390274972 65.9329648335191
-9999 -9999 -9999 -9999 -9999 -9999 -9999 -9999 -9999 -9999 -9999 -9999 -9999 -9999 68.0046246286039 68.0046246286039 68.0046246286039 68.0046246286039 68.0046246286039 68.0046246286039 68.0046246286039 68.0046246286039 2.19705470858348 1.7088690270443 1.90724404879438 1.64805417113199 0.903893037745004 1.97831576188738 0.878014894778268 0.777147402959707 1.21476750818208 69.9079075118218 69.9079075118218 69.9079075118218 8.97629307383114 1.38593726372051 0.926974687778574 1.28440099659803 8.1332548772951 1.07552140281363 1.01612356302063 2.8925419457339 2.58886430321602 0.8679939837926 65.9329648335191
-9999 -9999 -9999 -9999 -9999 -9999 -9999 -9999 -9999 -9999 -9999 68.0046246286039 68.0046246286039 68.0046246286039 68.0046246286039 68.0046246286039 68.0046246286039 68.0046246286039 68.0046246286039 68.0046246286039 68.0046246286039 0.996622481862527 0.984624504574952 0.879898400488795 0.923284345763619 1.33387255273721 0.903655531654531 2.20251753892577 0.819130885922338 0.624498011119259 1.27220607437276 69.9079075118218 69.9079075118218 69.9079075118218 65.9329648335191 8.67263843452055 8.50675514276211 8.40051223679113 65.9329648335191 65.9329648335191 65.9329648335191 65.9329648335191 65.9329648335191 65.9329648335191 65.9329648335191
-9999 -9999 -9999 -9999 -9999 -9999 -9999 -9999 -9999 -9999 1.21551551166232 68.0046246286039 68.0046246286039 68.0046246286039 68.0046246286039 68.0046246286039 68.0046246286039 68.0046246286039 68.0046246286039 68.0046246286039 1.18093016098154 0.803494854327236 0.850813744600418 1.27526070154686 0.927013489889391 0.865585447729444 1.40920808233027 2.89893898416828 1.19335629872611 0.44056614226814 15.1464916150237 1.59231013844756 0.90409415152467 1.8212996341222 65.9329648335191 65.9329648335191 65.9329648335191 65.9329648335191 65.9329648335191 65.9329648335191 65.9329648335191 65.9329648335191 65.9329648335191 65.9329648335191 65.9329648335191
-9999 -9999 -9999 -9999 -9999 -9999 -9999 -9999 -9999 -9999 68.0046246286039 68.0046246286039 68.0046246286039 68.0046246286039 68.0046246286039 68.0046246286039 68.0046246286039 68.0046246286039 0.756263604049694 2.63570471253335 0.842507507588153 0.848952767557264 0.942206390631061 0.928577399641179 2.27929854048111 1.4229483389115 3.28226431641904 3.07714296003913 13.1932487300579 15.1076077292928 6.27697320689024 0.986448478559472 0.986254411176336 0.957306120277285 1.66030783396539 1.25808493645927 65.9329648335191 65.9329648335191 65.9329648335191 65.9329648335191 65.9329648335191 65.9329648335191 65.9329648335191 65.9329648335191 65.9329648335191
-9999 -9999 -9999 -9999 -9999 -9999 -9999 -9999 -9999 1.11250771044321 68.0046246286039 68.0046246286039 68.0046246286039 68.0046246286039 68.0046246286039 68.0046246286039 68.0046246286039 1.66947078947104 0.87486704372324 2.4417111680417 1.87228475966646 1.31123055956007 0.83635552084258 0.908108676210604 7.54649281020273 7.88753413312342 3.47432094455405 13.057905301116 0.766948083184275 0.738183222296202 0.844164822053794 5.98797656893468 1.03954033164549 1.07433735601215 1.02257798519691 0.988950265187596 65.9329648335191 65.9329648335191 65.9329648335191 0.874337460909234 65.9329648335191 65.9329648335191 65.9329648335191 65.9329648335191 65.9329648335191
-9999 -9999 -9999 -9999 -9999 -9999 -9999 -9999 -9999 1.07745750577868 68.0046246286039 68.0046246286039 68.0046246286039 68.0046246286039 68.0046246286039 68.0046246286039 0.932646855787471 1.24252709593747 0.68450821271447 0.697222066983098 0.741350302737949 0.67468694445685 6.43587600902473 6.9721066780384 1.72912380056122 0.783557927758242 9.07658343179885 0.752518525688031 8.55807877202635 3.06091311931133 1.03160024904796 0.82104965800557 5.91786811557903 1.53563538472169 1.07153002953996 0.945920440743748 3.09994190440384 0.960709294634983 0.777661767689863 7.55490342736916 65.9329648335191 65.9329648335191 0.0188306258740465 65.9329648335191 65.9329648335191
-9999 -9999 -9999 -9999 -9999 -9999 1.32869451096466 1.7754100803197 1.15776989218893 0.727389464177342 10.680225826944 68.0046246286039 68.0046246286039 68.0046246286039 68.0046246286039 0.935047002000681 0.95643816682197 0.799041512920353 0.820722884072264 0.662912713093393 2.69032007294431 5.97635674943291 1.01053962246753 0.778226451541767 0.758437748837741 1.31146399657364 1.40342258954511 0.931108269263092 7.54127835380029 0.97979761181238 2.68904644918692 0.950225042954921 1.7254171256628 4.8821043741484 0.92151114799061 0.995272860053302 1.39721420290564 2.15542708210876 0.986795335538329 7.55490342736916 1.10712017634406 60.4270596923632 3.45980363970717 1.09971765814371 65.9329648335191
-9999 -9999 -9999 -9999 -9999 -9999 1.88905351498647 2.18095264782944 0.764729011277549 10.6009481357709 0.671450178613817 68.0046246286039 68.0046246286039 68.0046246286039 68.0046246286039 4.99152023231975 4.59945243546198 4.34410307674869 3.82318417543671 3.55378172942025 2.17905959250645 0.813490901639897 5.04854182069518 4.53557025939399 0.753915810321082 0.788470094760113 0.939762823196885 1.91591387177931 7.06644548960054 0.646475410237141 2.31163399601656 0.942442303832706 1.33477410303364 0.902712215848415 4.4140924631098 0.960976895562724 0.964662574466696 1.86500513877809 1.0892001587048 7.24462198788475 1.18657676053785 60.0272526749484 1.63823087703149 3.01455893040772 1.02194618740349
-9999 -9999 -9999 -9999 -9999 0.839289682578149 1.05878429070535 2.08051704618812 10.4619204112227 0.476718017423964 0.40453644182155 68.0046246286039 68.0046246286039 68.0046246286039 0.919712971144348 1.89981175076219 0.69319937559742 1.17405302141347 1.07220436767689 3.40137682976273 0.700742978905135 1.86860794794133 1.54828603281756 4.25035821070768 0.996635468863488 0.80441531671934 0.746206643290248 1.35241195553243 1.73898203998865 6.71208298079526 1.02535743405561 1.59269012461146 0.920377428195744 0.92204335665675 3.13177305312161 2.49015826227948 0.945989367160072 1.05731974507903 1.59963344551852 6.99958707155749 1.17224322562434 59.9251625547215 1.11914898513938 2.46358285627731 1.00120572119193
-9999 -9999 0.491554861984686 1.05259399437398 0.737331833397445 0.576221362084622 0.556589559876942 1.37228477717432 9.66230773385023 0.390947259720435 1.79885881392396 1.85101189996583 7.29224149125887 0.834826052451883 0.939226197708962 1.36843662912467 0.908923667907225 0.796967708361934 0.664522534297039 3.31387785463578 0.590397510426598 1.58347909390113 0.981486188495828 2.02132967854615 3.86572102186709 1.20601792588479 0.838297342500796 0.80502861535107 1.5968681670681 6.65059290137649 6.21716052367912 0.726265916239236 0.938649513480589 0.962796127488128 2.80247689409502 0.744306417016311 1.73227533252899 1.02389061157205 1.21534041846489 6.27656070905751 1.17298593174212 59.8029009078404 1.07867286681934 1.06456486569355 1.38354619850377
-9999 0.868368580157348 1.7670685254053 0.817226414006843 0.379639407056707 0.742047812535953 9.31900191291201 9.42407711149699 0.447750397692011 0.365855539695176 1.72252445642827 0.872906089244525 2.43732065603742 6.53029826020807 5.9291112915195 0.983565278902552 1.28817510579768 0.81248592453925 1.64209143300853 2.5826012159572 1.27798532685035 0.908235448783962 0.964119514634454 1.70111019397084 0.72624563271956 2.39243377456233 0.64264583013223 0.565914124125041 1.00911231561213 0.940585212474741 1.8081414540816 6.14925981519368 1.74744800605244 0.768420663311565 2.66607076489308 0.829503710997566 1.46858102968592 0.957587098084955 1.15563909079852 5.8906289220764 0.871926360474558 59.6733154936019 1.01355659613788 0.992776020033517 0.673816932736192
-9999 0.812380147715107 1.08684433171822 8.79535183791711 8.86360216646259 9.17267592112533 0.751131267288701 0.934838838611582 0.997767769974172 1.60519574228172 0.886976813484603 1.87833265514942 1.04820306500891 2.1653002318526 1.00355259850502 5.54448837557964 3.88362087297008 0.804403385980431 0.965581232948886 0.901566898174356 1.97558647671763 0.939206100055339 0.907211389886127 1.46555129047493 0.725430431305137 2.15907235860079 1.90676387084146 1.47999424386673 0.583538152026592 0.562360462211418 1.2842605557648 0.896560717168389 5.58618644216579 0.777783885208341 0.815077338310455 2.31370875090975 0.886381035137953 0.827768952862413 3.85037405762648 4.01439015770116 0.852999689897977 0.891740313710486 59.5917681026166 3.44076820357081 0.951906568080201
