Archive - glowpa-model-master/Model input/Uganda/rivergeometry/river_width_1dec.asc
NCOLS 67 
NROWS 67 
XLLCORNER 29.500000001 
YLLCORNER -1.499999999 
CELLSIZE 0.0833333332985075 
NODATA_value -9999 
[rows 20 to 39 of 67, columns 0 to 45 of 67]
-9999 -9999 -9999 -9999 -9999 -9999 -9999 -9999 -9999 -9999 -9999 -9999 -9999 -9999 -9999 1.60998377524019 0.946466981956886 1.01865452705527 1.28200498569079 0.764111632684948 0.567716476917412 0.855844656269286 1.49050648226429 2.16034577413687 2.65203680047838 2.25771793563372 0.779728699203377 1.1185517213938 66.7045999002114 3.61573904224988 0.769482349398661 0.793779179065267 1.11176811080561 1.11584047411479 5.6415148537777 5.49691969864598 2.11645990380806 1.14750338418263 0.804361810627395 1.0123022526937 1.09988133285427 1.08779840229204 1.34284896161117 1.48675929406924 5.98473094553919 0.758722010711851
-9999 -9999 -9999 -9999 -9999 -9999 -9999 -9999 -9999 -9999 -9999 -9999 -9999 -9999 -9999 0.859461181254279 0.919619307112715 0.884202835810855 0.709158019359925 0.845558698969795 1.13089773402714 0.665057544669079 1.77098123262548 0.839611568332304 67.0044328056106 66.9475938279302 66.8936108393003 66.753456490394 0.908936874219335 66.4669944210157 66.4328269535285 0.903077370373849 1.54902902709218 1.0443029882825 6.04651361987303 0.765146990473604 1.1394519366688 3.83426151811464 3.0724274862593 2.62138367160846 1.98384549231389 0.826453382794778 0.782242022536296 0.993834533808605 0.962006929232697 5.3608512282164
-9999 -9999 -9999 -9999 -9999 -9999 -9999 -9999 -9999 -9999 -9999 -9999 -9999 -9999 -9999 -9999 0.879823023085728 1.258632427953 1.03154984445457 0.676896551483898 70.0224099941911 70.0224099941911 70.0224099941911 67.0706251390924 0.986372457263453 1.02607160366195 0.956749176844791 2.13833866809939 1.86431698421376 1.54470989043899 1.22749385040633 66.3442315649466 66.2981921172156 66.1843394474882 1.00746920108301 1.12692896445516 4.48398280231357 1.15168270946852 1.64634335785031 1.10984451428459 0.971283192178239 0.805223909771561 0.747736080546418 0.72198359129002 0.915100268620288 0.897857969462615
-9999 -9999 -9999 -9999 -9999 -9999 -9999 -9999 -9999 -9999 -9999 -9999 -9999 -9999 -9999 -9999 -9999 0.929854477989674 70.0224099941911 70.0224099941911 70.0224099941911 70.0224099941911 70.0224099941911 1.7230037993157 1.45934355555092 2.21330881098012 1.46706618749302 1.94227430817418 0.950095631053582 1.06653291106328 0.91626160938913 0.920816438774151 2.00430695811503 65.5947574557516 0.986881159641086 1.61530322216417 5.17785863732337 1.57090147770592 1.075942800964 1.06680959495927 0.794484601004719 0.772873744158725 1.33978028265157 1.94760173682477 0.958724042448044 0.7395745987832
-9999 -9999 -9999 -9999 -9999 -9999 -9999 -9999 -9999 -9999 -9999 -9999 -9999 -9999 -9999 0.75773567062316 0.653083810972804 70.0224099941911 70.0224099941911 70.0224099941911 70.0224099941911 70.0224099941911 70.0224099941911 70.0224099941911 5.35804665307077 4.15704736377532 3.79290961548589 1.41167789807517 1.25154361261767 0.703043811138397 0.901807932183728 0.917487781040525 0.924780770760646 2.29394451756513 65.5148340212976 5.26418088689604 1.01549958749377 0.947268987173322 1.01089823304373 2.22108720015089 1.4381121167638 0.762521758314507 3.19889591862737 2.16527826301642 0.787814650568018 1.12945658409972
-9999 -9999 -9999 -9999 -9999 -9999 -9999 -9999 -9999 -9999 -9999 -9999 -9999 -9999 -9999 0.992355217631486 70.0224099941911 70.0224099941911 70.0224099941911 70.0224099941911 70.0224099941911 70.0224099941911 70.0224099941911 70.0224099941911 1.57023406355163 1.10022542204305 0.949952762612698 2.37288401882956 0.982076996056873 1.31788532215651 0.901119981644507 0.908802602934183 0.924638991110045 64.9331358230196 4.09464810519692 3.63172308345845 3.41930084719059 3.02933359757249 2.55826320662326 1.1574041275966 1.16294266853781 0.779559891540602 3.79644077647762 1.36573215395259 0.772713939086374 0.802023703563634
-9999 -9999 -9999 -9999 -9999 -9999 -9999 -9999 -9999 -9999 -9999 -9999 -9999 -9999 -9999 70.0224099941911 70.0224099941911 70.0224099941911 70.0224099941911 70.0224099941911 70.0224099941911 70.0224099941911 70.0224099941911 1.25481865480167 2.90736048023071 0.967669833056344 1.01950783222326 2.09299613833111 0.872328649093663 2.16997279422282 1.28391461173454 1.3229269429765 0.917736353780412 64.5187110099121 64.6118331904877 1.46626550332473 1.01374626031326 0.897967234020096 0.906401997064878 1.62325676142321 1.4487685910452 4.55739019453097 0.769368419279708 1.80553393321735 1.32614358335318 1.05325405680911
-9999 -9999 -9999 -9999 -9999 -9999 -9999 -9999 -9999 -9999 -9999 -9999 -9999 -9999 -9999 70.0224099941911 70.0224099941911 70.0224099941911 70.0224099941911 70.0224099941911 70.0224099941911 70.0224099941911 70.0224099941911 0.733735676983916 2.16007373575101 1.06191197623925 0.956753304755646 0.921302075079745 0.913463894724837 0.888149898337494 2.8229208732454 64.4895152735113 64.4895152735113 64.4895152735113 0.867423401046205 0.890245841405946 1.00001664473286 1.79519387047518 2.33902269080678 6.47890146332959 6.0192003284687 3.15981657782739 0.804973309378139 2.05865232845202 59.7900181153232 59.7900181153232
-9999 -9999 -9999 -9999 -9999 -9999 -9999 -9999 -9999 -9999 -9999 -9999 -9999 -9999 70.0224099941911 70.0224099941911 70.0224099941911 70.0224099941911 70.0224099941911 70.0224099941911 70.0224099941911 70.0224099941911 2.26127903065245 1.75484739247354 1.9878703748273 1.71807114942301 0.923720741115872 2.02341169298291 0.899997816796871 0.814060759873861 1.2339534723421 64.4895152735113 64.4895152735113 64.4895152735113 8.06930272670537 1.18087570859752 0.823563723688195 0.910485612544325 7.24518832235413 0.900372304779635 0.984990791537194 2.76456476592006 2.46894800027442 0.800703339374685 59.7900181153232 59.7900181153232
-9999 -9999 -9999 -9999 -9999 -9999 -9999 -9999 -9999 -9999 -9999 70.0224099941911 70.0224099941911 70.0224099941911 70.0224099941911 70.0224099941911 70.0224099941911 70.0224099941911 70.0224099941911 70.0224099941911 70.0224099941911 0.983043910447208 1.00707744446527 0.901356163923498 0.972215648131951 1.38593221331353 0.937630386602901 2.27444237438784 0.851470967294638 0.663347164332254 1.34370543424173 64.4895152735113 64.4895152735113 64.4895152735113 59.7900181153232 7.74360336802993 7.55083894223257 7.45335244770635 59.7900181153232 59.7900181153232 59.7900181153232 59.7900181153232 59.7900181153232 59.7900181153232 59.7900181153232 59.7900181153232
-9999 -9999 -9999 -9999 -9999 -9999 -9999 -9999 -9999 -9999 1.26485673752247 70.0224099941911 70.0224099941911 70.0224099941911 70.0224099941911 70.0224099941911 70.0224099941911 70.0224099941911 70.0224099941911 70.0224099941911 1.2135715019412 0.825723911326792 0.86434156625315 1.30528558938471 0.954473425632626 0.889181692543156 1.46497554669706 3.01517764333815 1.26717011867816 0.504388124118052 16.942657481214 1.66776312991198 0.938521179005502 1.89384460790903 59.7900181153232 59.7900181153232 59.7900181153232 59.7900181153232 59.7900181153232 59.7900181153232 59.7900181153232 59.7900181153232 59.7900181153232 59.7900181153232 59.7900181153232 59.7900181153232
-9999 -9999 -9999 -9999 -9999 -9999 -9999 -9999 -9999 -9999 70.0224099941911 70.0224099941911 70.0224099941911 70.0224099941911 70.0224099941911 70.0224099941911 70.0224099941911 70.0224099941911 0.849783790705552 2.82660351298183 0.899105096811251 0.894347967951376 1.01778563566706 0.969002176499783 2.34618387657642 1.4576259671691 3.44971157054876 3.21582773826421 14.7230209535591 16.8429144115532 6.80834291447612 1.01965821638316 1.02232268341195 0.987327349322049 1.71065782215698 1.28071788807658 59.7900181153232 59.7900181153232 59.7900181153232 59.7900181153232 59.7900181153232 59.7900181153232 59.7900181153232 59.7900181153232 59.7900181153232 59.7900181153232
-9999 -9999 -9999 -9999 -9999 -9999 -9999 -9999 -9999 1.16070863688272 70.0224099941911 70.0224099941911 70.0224099941911 70.0224099941911 70.0224099941911 70.0224099941911 70.0224099941911 1.85159097660991 0.894096778763226 2.62231225031484 2.00513461009498 1.41154120507829 0.930929790906465 0.969430875914819 8.52244755776443 8.9102148024085 3.65992624275881 14.5320180012984 0.809780442877232 0.778200447617205 0.887645510290519 6.49626023627004 1.07830030767382 1.10715898672691 1.04456294424059 0.996102796222049 59.7900181153232 59.7900181153232 59.7900181153232 0.843646418883678 59.7900181153232 59.7900181153232 59.7900181153232 59.7900181153232 59.7900181153232 59.7900181153232
-9999 -9999 -9999 -9999 -9999 -9999 -9999 -9999 -9999 1.10243515806696 70.0224099941911 70.0224099941911 70.0224099941911 70.0224099941911 70.0224099941911 70.0224099941911 1.00413726466927 1.36368133288693 0.748055158474901 0.745202626912187 0.798283251861711 0.748104104465444 7.27420436156366 7.91342674703535 1.88136945688549 0.834945442712487 10.1777716486775 0.779733961325184 9.33959641236598 3.29047682023859 1.06398766156805 0.857225710816962 6.40338200915791 1.59484180095877 1.10553108421429 0.979121137150973 3.20546050441025 0.982125944527776 0.787465050194909 7.6757470739002 59.7900181153232 59.7900181153232 0.0320830072169566 59.7900181153232 59.7900181153232 59.7900181153232
-9999 -9999 -9999 -9999 -9999 -9999 1.38471207447328 1.82853945337969 1.19176001871013 0.735285714555713 15.195347639462 70.0224099941911 70.0224099941911 70.0224099941911 70.0224099941911 1.05331578849179 1.03086805600812 0.850535708401246 0.85289119845742 0.741512331346405 2.99737749664516 6.71025164058698 1.13310807840264 0.896986213588806 0.867040986597332 1.45642794597935 1.58194548729231 1.02830070102151 8.23861092196236 1.02244514323351 2.8858188128802 0.990688033259325 1.83217972694696 5.32072909795093 0.965678699561629 1.02858910611069 1.44249315729062 2.22902736882798 0.997859828805627 7.6757470739002 1.10460749340021 56.1497185318205 3.44819971937875 1.08515969932352 59.7900181153232 59.7900181153232
-9999 -9999 -9999 -9999 -9999 -9999 1.95025726028738 2.24257319190133 0.778206297112595 15.1766353060058 0.698529121457564 70.0224099941911 70.0224099941911 70.0224099941911 70.0224099941911 5.85140548331443 5.41135879641481 5.09262300246545 4.50444191211626 4.21565585638527 2.42601052033043 0.837217349492456 5.63769801097727 5.0990080842368 0.80276980209301 0.849523905482761 1.06237944149772 2.0486057485907 7.71988500029602 0.695162385331127 2.47593463853678 0.990595827153419 1.42197607676979 0.95532990829051 4.82945525424451 1.00987868213762 1.00151998074398 1.92573040568996 1.10350940177652 7.36325909515774 1.18068140954071 55.8833213852456 1.63110059496563 2.99854074365749 1.0056977603371 1.53411409288489
-9999 -9999 -9999 -9999 -9999 0.887766621759436 1.11224132699863 2.14031968568872 15.1298793182361 0.471249519428638 0.403683922222314 70.0224099941911 70.0224099941911 70.0224099941911 0.963735060343554 2.18439671847756 0.803648896885467 1.32035293355335 1.19760630227606 4.03217369357421 0.700921304873635 2.10908271536404 1.59769622192067 4.78671674910705 1.03319126849719 0.84442004814194 0.823543487895456 1.42896509945106 1.8658120063654 7.32459543103418 1.07615597940606 1.71925709956713 0.978466061622966 0.984779014334159 3.52982600371974 2.59038125829515 0.990788309809007 1.08627180939563 1.62114488764299 7.12073970629488 1.17281086436605 55.8952518740298 1.11061123311414 2.44999227809442 0.987211119609222 1.02731469185867
-9999 -9999 0.519124102192853 1.1187558566124 0.785769821668711 0.604753061117385 0.575118796816977 1.43000169175173 14.5680290716067 0.376116359508918 1.90372736889911 1.97157219279575 8.73722603088402 0.929781887265254 1.04756644327875 1.58942315184816 1.0622996805383 0.935290755068655 0.805979957538476 3.90286269063867 0.74678519826071 1.80579677703195 1.02147040910703 2.39379093034154 4.38542724478116 1.26871315204388 0.891515622733684 0.852927596809279 1.71424844878149 7.23993376221155 6.75585712089893 0.798912372987822 1.00322275585795 1.03562343074955 3.18347617306228 0.785834504070597 1.77915649427148 1.05868155383087 1.26742609796674 6.38065323384741 1.17724217229944 55.8598505939996 1.07634424492659 1.0589296774898 1.38158680481546 0.965504054133996
-9999 0.939940664031522 1.86802533532767 0.85663644638652 0.400904440021995 0.766549056067842 14.3221055569545 14.3987139256663 0.460233798806172 0.367988580753134 1.83011729155218 0.915726780956527 2.66406389242949 7.96346341065673 7.27230227818324 1.10192816021361 1.48665920163289 0.938807068375018 1.88140458541803 2.97972335246724 1.44438710888089 0.994263083614788 1.03147504394531 2.07152359229773 0.823295338895783 2.67920153509476 0.658735190917993 0.579182669342417 1.05521518095416 1.01893444461858 1.936359941626 6.67292764830262 1.89090093011266 0.830785500727182 3.02551970641082 0.877259654974792 1.49021438956456 0.978360195635619 1.179956616812 5.9923597618562 0.87640236374378 55.8058843830498 1.02651478511379 1.0029158788573 0.709348064792292 1.84051785163949
-9999 0.856621744181637 1.16512997672661 13.9018032305164 13.9404610436801 14.2208381032643 0.800854695335572 1.05675687727325 1.04876939845294 1.70498939621212 0.925805432744922 1.99385370216022 1.19522822894414 2.35045654048466 1.05461462790978 6.8274290241027 4.98015169738601 0.934018188593523 1.06794097580706 1.0253443186498 2.25313167316077 1.01799286876862 1.0296220763404 1.80987916710849 0.859695827869075 2.44401273573372 2.17399480480547 1.65328280555162 0.602103862809982 0.602008860246122 1.35690307647867 0.965457071201241 6.04163046890023 0.819414863338341 0.875500055130349 2.6588072551138 0.889437890952334 0.829750354604724 3.90203401333462 4.10206968933426 0.849016050274027 0.888462783924646 55.790521589081 3.54853062005631 0.972143352546037 1.47093302927074
