Archive - glowpa-model-master/Model input/Uganda/rivergeometry/river_depth_1may.asc
NCOLS 67 
NROWS 67 
XLLCORNER 29.500000001 
YLLCORNER -1.499999999 
CELLSIZE 0.0833333332985075 
NODATA_value -9999 
[rows 40 to 59 of 67, columns 0 to 44 of 67]
0.233277828095341 0.202249763503115 1.31620281192311 1.32383267778075 0.157525150727317 0.502156851521199 0.225829101131351 0.269385912539595 0.283992784719172 0.270391127439705 0.255612074219243 0.326542624290165 0.313889423962724 0.464429849721563 0.320455571924555 0.679283977991777 0.562314896143155 0.672154151518831 0.346773104639387 0.34519354119446 0.333061546851861 0.41594848768677 0.327541731881187 0.304795889113917 0.31570316954322 0.293821605320788 0.335941567951127 0.365849103458553 0.278746693735208 0.212273379261644 0.310203710726762 0.261405856048044 0.893384957396539 0.433275978946719 0.343627915649378 0.521661617094855 0.284520811547668 0.275119752086427 0.274677379527625 0.63728590331062 0.690240899474358 0.281335804876162 3.81418421922205 0.409632742892577 0.533574581117829
0.248618964765412 0.320443073590305 1.30162077440622 0.432600588408457 0.422714320615446 0.453854092880397 0.291801432855275 0.277592469982075 0.299212611772681 0.460849429376286 0.511872394191568 0.283699964643344 0.319741626830663 0.323592374184713 0.399799740756094 0.561983545916303 0.316844797315961 0.522424705473709 0.644877200585984 0.57897834039332 0.454146785929514 0.41464846163321 0.321820143315723 0.398706470198934 0.387072796159638 0.32805545798315 0.211130255963566 0.25415441849436 0.243021546252565 0.254798533387624 0.29871018665227 0.44343705594438 0.843012584490302 0.302594272944768 0.298413132046105 0.294276946166108 0.362387779815466 0.271233897345729 0.574956687572905 0.346164537696288 0.656163345804953 0.453608702245783 3.81482019003237 0.332026941639928 0.491893039495175
0.173580469056579 0.215483827549077 1.27825489043371 0.204944799715774 0.404879682842457 0.396692987814318 0.265004720972487 0.362070621803594 0.419962817654984 0.277342015831438 0.296286016482846 0.567628182527594 0.363278647530971 0.284550498697815 0.307822999185504 0.315325130563525 0.424550079959088 0.370305077795547 0.380748902339589 0.312366964373448 0.297579615223825 0.297775162558341 0.314199989097787 0.460923042076462 0.285267595153003 0.562939017536306 0.317476652852913 0.370425872208392 0.272068968358495 0.271376779219267 0.355592328003782 0.272314612199466 0.815412439918311 0.620900545473143 0.428198478784765 0.295420711067716 0.284132690234087 0.265315667180889 0.530357669040365 0.271074949883816 0.546391379091837 0.410364929369812 3.81528396877057 3.81548572151563 0.297250951983181
1.24303829250766 1.27681032223376 0.229582265839038 0.30595870765726 0.344397799988323 0.326123955178348 0.270749377148779 0.356489932394944 0.455230186678909 0.312830486284465 0.364610780683828 0.591535449452946 0.654025684341087 0.267022621389834 0.272023342286627 0.309989734818344 0.299482334464315 0.25255921222235 0.28685610109393 0.316179543047678 0.311352375163968 0.382628915522365 0.571921192228239 0.287576630728162 0.289093424677293 0.590600867951062 0.29504891258489 0.2971226686723 0.519449269434048 0.706480231099622 0.348159505973439 0.239895694081589 0.646517813122206 0.280318524433183 0.480294191400959 0.442110077738681 0.283146406942522 0.443804012203085 0.273042725488313 0.277514269163683 0.521176242816126 0.363261305461049 0.204858093216381 3.81571470243896 0.332499681619515
1.24094763684492 0.499193438912508 0.481320676631004 0.409346363668187 0.376802532679538 0.350655922249546 0.235415094617607 0.299383253843924 0.380029148826727 0.519158098784972 0.474318411899605 0.273413061402798 0.713346653255718 0.389847150783496 0.390858389156744 0.306811522699562 0.309077969813612 0.319456727756567 0.357057482232066 0.415044176903213 0.377409540437996 0.645517786440297 0.280605970586398 0.381374837451476 0.669072546138315 0.39367052266488 0.33650289300039 0.924883705374177 0.57451917229801 0.706480231099622 0.292620120796506 0.256561677784324 0.372897003780449 0.559029363913624 0.497231133323072 0.286532413480266 0.334514700170066 0.400099336739145 0.299573241021295 0.338274658606164 0.458522483719271 0.307454507209196 3.81507928442579 3.81507928442579 3.81507928442579
1.23401508421471 0.364838535809463 0.339707003930306 0.315343642891708 0.45748572445963 0.330601909520054 0.410169097507998 0.451961060598708 0.327643480789661 0.590887286006266 0.502680195918985 0.253369001750695 0.726106777486885 0.297378134701205 0.492022256383965 0.300837633832508 0.493430236629531 0.300975357082735 0.319604005064639 0.531541004324402 0.445512876204207 0.685770723128249 0.778848757816866 0.722060948661732 0.324500515063393 0.328599783027219 0.350275050338909 0.924883705374177 0.706480231099622 0.706480231099622 0.37964426101193 0.261836057934794 0.29757400943566 0.290769416930194 0.254138494842443 0.418587457319164 0.359470566552232 3.81507928442579 3.81507928442579 0.238514722428361 0.306447340275263 0.240835665071469 3.81507928442579 3.81507928442579 3.81507928442579
0.504558676627523 1.21845654568991 0.268611618372514 0.302546300662991 0.509093314042665 0.277369170331397 0.436086625932842 0.455980238874998 1.22611127789426 0.753151610534813 0.550964829304671 0.269105856939577 0.738296803837008 0.559674234056905 0.591160129550618 0.643702774435952 0.845558023380921 0.863303935184442 1.0438046945112 1.14770236770498 1.15909358689952 1.44676866322019 1.4576097249159 0.314121821609401 0.366033982561446 0.376744756563038 0.948348149091628 0.317075994185418 0.301097490111152 0.32931901585555 0.258826116102326 0.260921460219748 0.26137345802275 0.333310824591983 3.81507928442579 3.81507928442579 3.81507928442579 3.81507928442579 3.81507928442579 3.81507928442579 3.81507928442579 3.81507928442579 3.81507928442579 3.81507928442579 3.81507928442579
0.225426278347457 1.17932746318174 0.368707022297537 0.305145951948524 0.320035365653308 0.58674445257072 1.22611127789426 1.22611127789426 1.22611127789426 1.22611127789426 1.0679472336736 1.06163585736482 0.871948860068831 0.862624895851634 0.260505329592889 0.251994656527324 0.553805824572452 0.317109080443386 0.744051770551628 0.421198790302713 0.792083367694057 0.321969078152711 0.45348851684235 1.50320739397558 0.471059782059644 0.967065892704451 0.340030058379118 0.337434421924296 0.33443511875573 0.26305021706982 0.254356649668019 0.332337600046101 3.81507928442579 3.81507928442579 3.81507928442579 3.81507928442579 3.81507928442579 3.81507928442579 3.81507928442579 3.81507928442579 3.81507928442579 3.81507928442579 3.81507928442579 3.81507928442579 3.81507928442579
0.317860438225129 1.17724243692476 1.16590824560481 1.16590824560481 0.608148139859069 0.222688767572006 1.22611127789426 1.22611127789426 1.22611127789426 1.22611127789426 0.267506897601005 0.441573462251299 0.256726025792539 0.553036545070418 0.753364957948804 0.521277229239906 0.42967093047342 0.290532489783807 0.726529853037415 0.32035737302585 0.714457397312206 0.43507292923796 0.363536109428964 0.350482699938287 1.66243167017344 1.79374114236447 1.80352506475926 1.81762468368458 1.83162770664087 0.336458197143285 3.81507928442579 3.81507928442579 3.81507928442579 3.81507928442579 3.81507928442579 3.81507928442579 3.81507928442579 3.81507928442579 3.81507928442579 3.81507928442579 3.81507928442579 3.81507928442579 3.81507928442579 3.81507928442579 3.81507928442579
1.16590824560481 1.16590824560481 1.16590824560481 1.16590824560481 1.16590824560481 0.152472871136252 0.186149631553146 0.241937087967665 1.22611127789426 1.22611127789426 0.349790034598889 0.273023423968911 0.484562091556943 0.264662065597442 0.640401752958524 0.477655177597034 0.25639827661356 0.388768595513015 0.699996894652057 0.66538310448856 0.337752693942103 0.658045947115472 0.349475198635599 0.365672340927092 0.939531163490139 0.313472810252151 0.564223005548488 0.305114026916379 3.81507928442579 3.81507928442579 3.81507928442579 3.81507928442579 3.81507928442579 3.81507928442579 3.81507928442579 3.81507928442579 3.81507928442579 3.81507928442579 3.81507928442579 3.81507928442579 3.81507928442579 3.81507928442579 3.81507928442579 3.81507928442579 3.81507928442579
1.16590824560481 1.16590824560481 1.16590824560481 1.16590824560481 1.16590824560481 0.148176304834512 1.26820037705957 1.23125459822864 1.22611127789426 0.224298860709129 0.278382287510129 0.256638182628846 0.449440250909857 0.261242856824029 0.625808733723429 0.426592105447301 0.241734021786647 0.316565252925163 0.272573600447888 0.633337242883341 0.33654613249674 0.625026390338756 0.356696519538633 0.360781369114017 0.898713156939378 0.256497370810764 0.553104121747832 0.250589352424425 3.81507928442579 3.81507928442579 3.81507928442579 3.81507928442579 3.81507928442579 3.81507928442579 3.81507928442579 3.81507928442579 3.81507928442579 3.81507928442579 3.81507928442579 3.81507928442579 3.81507928442579 3.81507928442579 3.81507928442579 3.81507928442579 3.81507928442579
1.16590824560481 1.16590824560481 1.16590824560481 1.16590824560481 1.16590824560481 1.27003399029475 0.188836414734342 0.523469238239632 0.22130285273842 0.355620994109336 0.220763151997598 0.32795311870403 0.277737333288671 0.271794723472808 0.575232232112818 0.204014830465802 0.37746861074201 0.241185168790179 0.34405718683711 0.504390839545052 0.354280982466546 0.46174297619943 0.374753614935067 0.386411113615126 0.875539972894593 0.242364482646464 0.467538271037396 0.26311087545239 3.81507928442579 3.81507928442579 3.81507928442579 3.81507928442579 3.81507928442579 3.81507928442579 3.81507928442579 3.81507928442579 3.81507928442579 3.81507928442579 3.81507928442579 3.81507928442579 3.81507928442579 3.81507928442579 3.81507928442579 3.81507928442579 3.81507928442579
1.16590824560481 1.16590824560481 1.16590824560481 1.16590824560481 1.16590824560481 0.213954732656996 0.140927932882269 0.493091805995994 0.263211695517283 0.161747355031942 0.260608626282621 0.16206942700156 0.282407448107675 0.382696995856947 0.394379907452353 0.3583588235579 0.244457833969311 0.235924528107765 0.261135245646645 0.344551779722113 0.372168780709672 0.364143997458007 0.366907314942579 0.593365117587399 0.788804800958788 0.409914325566075 0.350690828072334 0.277762625693868 0.323350073813615 0.399602102076593 3.81507928442579 3.81507928442579 3.81507928442579 3.81507928442579 3.81507928442579 3.81507928442579 3.81507928442579 3.81507928442579 3.81507928442579 3.81507928442579 3.81507928442579 3.81507928442579 3.81507928442579 3.81507928442579 3.81507928442579
1.16590824560481 1.16590824560481 1.16590824560481 1.16590824560481 1.16590824560481 0.123068331698406 0.195398039688321 0.481267352667501 0.451962734982762 0.264110856052836 0.317013488500498 0.326140537355327 0.267067135897329 0.323041827424288 0.23706695705264 0.243751187747557 0.244218875432375 0.267567962964602 0.277398767084026 0.301464510494506 0.437211028101923 0.323303396621417 0.380684279711881 0.373214867281031 0.606595543151593 0.342022245391587 0.275912257816258 0.299338233206569 0.427355647006146 0.599135114834656 3.81507928442579 3.81507928442579 3.81507928442579 3.81507928442579 3.81507928442579 3.81507928442579 3.81507928442579 3.81507928442579 3.81507928442579 3.81507928442579 3.81507928442579 3.81507928442579 3.81507928442579 3.81507928442579 3.81507928442579
1.16590824560481 1.16590824560481 1.16590824560481 1.16590824560481 0.140519288544015 0.275785099625951 0.240531704854926 0.337940206251278 0.245441340617913 0.298582890365201 0.402384889440894 0.388962333569365 0.278336320886043 0.25313099521055 0.259441715046325 0.325431983877003 0.253961579880121 0.331949127685883 0.355729053817449 0.737138279964083 0.531188968393852 0.438956978204489 0.382569724901979 0.409090165306498 0.452109173292039 0.338858998092417 0.218805521984088 3.81507928442579 3.81507928442579 3.81507928442579 3.81507928442579 3.81507928442579 3.81507928442579 3.81507928442579 3.81507928442579 3.81507928442579 3.81507928442579 3.81507928442579 3.81507928442579 3.81507928442579 3.81507928442579 3.81507928442579 3.81507928442579 3.81507928442579 3.81507928442579
1.16590824560481 1.16590824560481 0.766644854344656 0.187675770663476 0.461894873809673 0.22912300848628 0.26663557647524 0.266926329965793 0.274396722801754 0.496433199295819 0.281343627118941 0.43011521037135 0.342215930715225 0.250190522553694 0.2549912717594 0.275817075810488 0.406495623965621 0.470582333110198 0.2748215666712 0.737138279964083 0.291495714164583 0.399037851743994 0.33420403472293 0.339452793452272 0.327256914220596 0.247991427631823 0.315671122052055 3.81507928442579 3.81507928442579 3.81507928442579 3.81507928442579 3.81507928442579 3.81507928442579 3.81507928442579 3.81507928442579 3.81507928442579 3.81507928442579 3.81507928442579 3.81507928442579 3.81507928442579 3.81507928442579 3.81507928442579 3.81507928442579 3.81507928442579 3.81507928442579
1.16590824560481 1.16590824560481 0.763198595191147 0.737413598439262 0.218556935915608 0.427829655406848 0.275781992749468 0.263829062296714 0.336523090156217 0.529334487584858 0.267896444208714 0.763860099445662 0.816179115189636 0.836762393079396 0.854447652115729 0.878282128455226 1.02485730558608 0.582920156344357 1.20221869774763 1.20221869774763 1.2406641103192 0.462337931625496 1.27110035771086 0.370365630957769 0.23705444308932 0.392443477316191 3.81507928442579 3.81507928442579 3.81507928442579 3.81507928442579 3.81507928442579 3.81507928442579 3.81507928442579 3.81507928442579 3.81507928442579 3.81507928442579 3.81507928442579 3.81507928442579 3.81507928442579 3.81507928442579 3.81507928442579 3.81507928442579 3.81507928442579 3.81507928442579 3.81507928442579
0.198516273509148 0.599908315621926 0.296869759454912 0.729855260828954 0.233439062638509 0.261426533658817 0.26087678767675 0.452275029160151 0.252350639999079 0.559649672172141 0.666896060110649 0.258205586790333 0.251637494562576 0.272233465195898 0.375746340065061 0.422622257336857 1.02485730558608 1.02485730558608 1.20221869774763 1.20221869774763 1.2406641103192 1.27110035771086 1.27110035771086 0.28010234180279 0.528939296743091 0.278814818628203 3.81507928442579 3.81507928442579 3.81507928442579 3.81507928442579 3.81507928442579 3.81507928442579 3.81507928442579 3.81507928442579 3.81507928442579 3.81507928442579 3.81507928442579 3.81507928442579 3.81507928442579 3.81507928442579 3.81507928442579 3.81507928442579 3.81507928442579 3.81507928442579 3.81507928442579
0.191056953833673 0.581606615292191 0.256414788512113 0.720603706160647 0.218322679049162 0.248562907263175 0.520121848270205 0.476631829053879 0.274678621525866 0.639698360309438 0.337223071632394 0.259674008905735 0.246239723008124 0.256373552611599 0.251969035145651 0.285750573800946 1.02485730558608 1.02485730558608 0.244862569908353 0.257808448928489 0.460506094756918 0.296284501774234 1.2804017438226 0.196658621336699 0.570535534899832 0.593671068914615 3.81507928442579 3.81507928442579 3.81507928442579 3.81507928442579 3.81507928442579 3.81507928442579 3.81507928442579 3.81507928442579 3.81507928442579 3.81507928442579 3.81507928442579 3.81507928442579 3.81507928442579 3.81507928442579 3.81507928442579 3.81507928442579 3.81507928442579 3.81507928442579 3.81507928442579
0.201008961594744 0.57473387113659 0.224528981667464 0.240436528615657 0.705857711269912 0.557241303857345 0.54593558111653 0.258952363005929 0.260061255551384 0.282359988664941 0.284154470024787 0.22683763078832 0.32742052323661 0.240960740017223 0.260866836656037 0.34250755418137 0.327574937118115 0.253887074987258 0.272545197105317 0.322467722484615 0.418736270930955 0.320461964074859 0.237527703929834 1.28549004698515 1.37809614010529 1.38498738443145 3.81507928442579 3.81507928442579 3.81507928442579 3.81507928442579 3.81507928442579 3.81507928442579 3.81507928442579 3.81507928442579 3.81507928442579 3.81507928442579 3.81507928442579 3.81507928442579 3.81507928442579 3.81507928442579 3.81507928442579 3.81507928442579 3.81507928442579 3.81507928442579 3.81507928442579
