Archive - glowpa-model-master/Model input/Uganda/rivergeometry/river_restime_1apr.asc
NCOLS 67 
NROWS 67 
XLLCORNER 29.5 
YLLCORNER -1.5 
CELLSIZE 0.0833333333283582 
NODATA_value -9999 
[rows 19 to 37 of 67, columns 0 to 41 of 67]
-9999 -9999 -9999 -9999 -9999 -9999 -9999 -9999 -9999 -9999 -9999 -9999 -9999 -9999 -9999 0.00154168812089412 0.00130635443705328 0.00173786769368183 0.00221868548840731 0.0019353298671972 0.00163309274876723 0.00239279717025426 0.00158489874001529 0.00169389585448338 0.00100401313289039 0.00234360061543882 0.00187131754115982 0.00155662293721151 0.00227498600655588 0.0012078360041339 0.00130881675925759 0.00136061896796141 0.00147547083447673 0.00135801510809948 0.00164991814484975 0.00140717560856625 0.0019888845893585 0.00207988965031829 0.00158320116788932 0.00157552325392302 0.0014225440435607 0.00151490854613855
-9999 -9999 -9999 -9999 -9999 -9999 -9999 -9999 -9999 -9999 -9999 -9999 -9999 -9999 -9999 0.00197379447135723 0.00217795156610038 0.0015157717121288 0.00205562523381984 0.00157886764297935 0.00160826046619558 0.00151928880911073 0.00139093048557255 0.00200600103215784 0.00127995735014565 0.00131095949879113 0.00222464899730442 0.00207444698750384 0.000992726379039783 0.00119621984229841 0.00158657608696285 0.00222456639453824 0.00147169412366087 0.00208793618258587 0.00109602145483743 0.00110751517963022 0.00131918948384628 0.0014762534507952 0.00157177664920623 0.00150736650267526 0.0014807671037942 0.00209861834604316
-9999 -9999 -9999 -9999 -9999 -9999 -9999 -9999 -9999 -9999 -9999 -9999 -9999 -9999 -9999 0.00155973204410506 0.00218868981138915 0.00220044018644984 0.00161180729413311 0.00156834970471484 0.00208175201333583 0.0016048670397281 0.0019670589576052 0.00162905604110966 0.000992934167319016 0.000704013424565188 0.000703948598089411 0.000704076326388947 0.00151318342031587 0.000993172823942164 0.000704229876110449 0.0015411354238482 0.00138499370254572 0.00210655879344502 0.00153529990735272 0.0015866982242353 0.00147046611977465 0.00167446655432493 0.00123569952167513 0.00127023319777679 0.00133185282420177 0.00156593462524983
-9999 -9999 -9999 -9999 -9999 -9999 -9999 -9999 -9999 -9999 -9999 -9999 -9999 -9999 -9999 -9999 0.00155948337737722 0.00205914431180423 0.0015042484050849 0.00230136583102535 0.00100407239963763 0.00100410053258726 0.000712100395974578 0.000704386702292028 0.00159392786271423 0.00160087448178096 0.0015854302124328 0.00183874274632674 0.00133662428177087 0.00138810088239896 0.00144327831590892 0.000993068702981539 0.000704177405370134 0.000704195260542157 0.00150364160022795 0.00147201965748963 0.00114782101289769 0.00148607302645264 0.00195102443527774 0.00148408921732661 0.00149875999562198 0.00221232024622973
-9999 -9999 -9999 -9999 -9999 -9999 -9999 -9999 -9999 -9999 -9999 -9999 -9999 -9999 -9999 -9999 -9999 0.002176166286663 0.000707885930076581 0.00070788517986459 0.000712140007167666 0.00070788517986459 0.000712140007167666 0.00144397741565016 0.00150943845237803 0.00197166217625314 0.00149486954632736 0.0018877340920191 0.00150729422133665 0.0014802543428933 0.00152217240466086 0.0015285342092906 0.00186953612251595 0.000700962578631796 0.00151273172518747 0.00196138641419528 0.0015849869745525 0.0013913468685838 0.00149080279723559 0.00149573992212444 0.00156643052984393 0.00223778395741621
-9999 -9999 -9999 -9999 -9999 -9999 -9999 -9999 -9999 -9999 -9999 -9999 -9999 -9999 -9999 0.00159370535849827 0.00163586968229178 0.00070788517986459 0.00100412761524011 0.00100412761524011 0.000712178192957974 0.0007078844296526 0.000712178192957974 0.00070788517986459 0.00160539561616235 0.00117065476018392 0.00118651682290568 0.00140831398087417 0.00203586435414903 0.00162053021959401 0.00216518019301618 0.00215718791038366 0.00151678792134417 0.00129541342947348 0.000994251599580669 0.00112097427347632 0.00149834567269361 0.00215942985015156 0.00214806689188629 0.00184690787418852 0.00141174443220054 0.00158757150884231
-9999 -9999 -9999 -9999 -9999 -9999 -9999 -9999 -9999 -9999 -9999 -9999 -9999 -9999 -9999 0.00152487177372822 0.00100415357257498 0.0007122148783243 0.0007122148783243 0.0007122148783243 0.00100417855463426 0.00070788367944061 0.0007122148783243 0.00100417855463426 0.00146756476201393 0.00157144656219284 0.00213168793936613 0.00181277382300734 0.00213796166845781 0.00142496196033892 0.00152475094603631 0.0015221516326342 0.00152612415028869 0.000995533866342328 0.00117486347275431 0.00120174647941064 0.00121479369758414 0.00124135430954621 0.0012780885566104 0.00145367072153681 0.00145084764976504 0.00156077938397005
-9999 -9999 -9999 -9999 -9999 -9999 -9999 -9999 -9999 -9999 -9999 -9999 -9999 -9999 -9999 0.00100417855463426 0.000712250063266646 0.000712250063266646 0.000712250063266646 0.00100420248639675 0.000707883004249818 0.000712250063266646 0.00100420248639675 0.00150086836107771 0.0017601928661902 0.00149607087523251 0.00149358061903089 0.00130962763031164 0.00154437922947841 0.00184394496900842 0.00143695680858054 0.00201719941852268 0.00215148089855943 0.000706211345590504 0.000996134775912384 0.00198834909687613 0.00150681742536316 0.00152744814412507 0.00151881625957398 0.00133258415916399 0.00136980581074639 0.0015870329898758
-9999 -9999 -9999 -9999 -9999 -9999 -9999 -9999 -9999 -9999 -9999 -9999 -9999 -9999 -9999 0.000712283747785011 0.000712283747785011 0.000712283747785011 0.00100422544288365 0.000707882329059027 0.000712283747785011 0.00100422544288365 0.000712283747785011 0.0016280639024719 0.00130758662318386 0.00211767668882529 0.00215414591237603 0.00152133372074124 0.00214216927405462 0.00215868598872737 0.00175643483166935 0.000706230555699648 0.000706230555699648 0.000701866541495499 0.00154170409070728 0.00216288704445252 0.00149946482205455 0.0013509506885279 0.00125909753259715 0.0014775766348644 0.00106435316193856 0.00119289510425337
-9999 -9999 -9999 -9999 -9999 -9999 -9999 -9999 -9999 -9999 -9999 -9999 -9999 -9999 0.000712315931879395 0.00100422544288365 0.000712315931879395 0.00100424727405257 0.000712315931879395 0.00100424727405257 0.00100424727405257 0.000707881728889435 0.00184321270683159 0.00137059022942574 0.0013306596007897 0.00137581550623623 0.00216056176968787 0.00131649397816754 0.00153465457819714 0.00219360439771188 0.00144311226792623 0.000995712891975278 0.00099569124633391 0.000706262466284345 0.00141703897570373 0.00140679378365647 0.00151580648954746 0.00140940688121345 0.0014453893727464 0.00147249936641951 0.00149508876484648 0.00123692560146758
-9999 -9999 -9999 -9999 -9999 -9999 -9999 -9999 -9999 -9999 -9999 0.000707881728889435 0.00100424727405257 0.0010042680549247 0.00100424727405257 0.000712346615549799 0.0010042680549247 0.000707881128719843 0.0010042680549247 0.000707881128719843 0.0010042680549247 0.00212135065410044 0.00150132966162506 0.00154320982144388 0.00217093385328071 0.00142246296699679 0.00152927290280529 0.0012916137486343 0.00154166736206097 0.00160295344213054 0.00199411981406547 0.000701865351357142 0.000706292889196096 0.000995733496245584 0.000716605283411976 0.00142632001323416 0.00101540510712138 0.00101823469451154 0.000712113704030802 0.0010102510305081 0.0010102510305081 0.000712113704030802
-9999 -9999 -9999 -9999 -9999 -9999 -9999 -9999 -9999 -9999 0.00144567033309251 0.000712375873817422 0.000707881128719843 0.000712375873817422 0.000712375873817422 0.00100428786052125 0.00070788052855025 0.000712375873817422 0.00100428786052125 0.00100428786052125 0.00205873382775241 0.00156871412991941 0.00157064851270818 0.00205405684790111 0.00153312592388383 0.00155447640232931 0.00142208614681365 0.00123086302278595 0.00143433571400823 0.0016763123237494 0.00127461268425699 0.0013639311141147 0.00152902369357101 0.0013279994493227 0.000712112496515552 0.00101029185961749 0.000716634716596193 0.000716634716596193 0.000712113100273177 0.00101027193561587 0.000716634716596193 0.00101027193561587
-9999 -9999 -9999 -9999 -9999 -9999 -9999 -9999 -9999 -9999 0.000712403556639864 0.001004306615821 0.000712403556639864 0.000712403556639864 0.001004306615821 0.000707880003401857 0.000707880003401857 0.001004306615821 0.00157701939440396 0.00124883810995676 0.00218249202470636 0.00218158704238082 0.0021639721802368 0.00154095526479925 0.00130001075374604 0.00141643393516501 0.00120169159377177 0.00122369627661988 0.000927650686354622 0.00127515343255125 0.00106048549898698 0.00149795623277009 0.00210745209932225 0.00150313959562569 0.00191618282545409 0.002019934880157 0.00071211196822763 0.00101031072704327 0.000716662564916644 0.000716662564916644 0.000716662564916644 0.000716662564916644
-9999 -9999 -9999 -9999 -9999 -9999 -9999 -9999 -9999 0.00146842611913602 0.000712429739038326 0.000712429739038326 0.000712429739038326 0.00100432432082397 0.000707879478253464 0.000712429739038326 0.00100432432082397 0.00135046675320279 0.0021643646102066 0.00126606349135915 0.00134031965706888 0.00143279451784194 0.00152734031577336 0.00213438239079865 0.00102830519038318 0.00143937091080064 0.00118850069689096 0.00131012434525255 0.00220454850902954 0.0015403447092989 0.00151492717857428 0.0015078977321659 0.00146816483337159 0.00146258056935566 0.00147725918493326 0.00148882553181205 0.000716688903843033 0.000712111439939708 0.00101032853789321 0.00149940087769562 0.00101032853789321 0.000716688903843033
-9999 -9999 -9999 -9999 -9999 -9999 -9999 -9999 -9999 0.00147882763702382 0.000712454421012808 0.000712454421012808 0.00100434097553016 0.00070787902812627 0.000712454421012808 0.00100434097553016 0.00150777547135334 0.00142337983983679 0.00225678576431502 0.00159082571245266 0.00221804657450318 0.00158097629192166 0.00105596247060441 0.00146737256919032 0.00135036407408763 0.00155362029659812 0.00140484293958071 0.00155941580607748 0.00141049586660665 0.00120510227558074 0.00147792123436848 0.00151857476632886 0.00151129793511354 0.00137777561824845 0.00207517685702012 0.00212732864334957 0.00170468265337731 0.00150205109151635 0.00155352627127949 0.00146435563350691 0.000712110987121489 0.000716713733375359
-9999 -9999 -9999 -9999 -9999 -9999 0.00142571342764088 0.00135099074583099 0.00146666035321375 0.00225866264115193 0.000962733293195182 0.00100435657993956 0.000707878577999075 0.00100435657993956 0.00100435657993956 0.00148769473190994 0.00211271373032904 0.00219307369955475 0.00155195717978417 0.00163429287823957 0.0012379525036559 0.00150883668722484 0.00149362952391404 0.00155474864111782 0.00221390351889329 0.00200208457511984 0.001389672574965 0.00212040459009017 0.00101797599644381 0.002101909593938 0.00173823319397872 0.00149302969377995 0.00133166423223479 0.0015666165702079 0.00151157910534692 0.00148869900917324 0.00139175423266261 0.00181865061702978 0.00209428526079569 0.00103210563821179 0.00148931138604588 0.0010103646448876
-9999 -9999 -9999 -9999 -9999 -9999 0.00189882256048253 0.0018445193536336 0.0015855542213031 0.0013570709616384 0.00162842949398315 0.00100437113405217 0.00100437113405217 0.000707878127871881 0.000712499358711028 0.00108622498252542 0.00110094112535039 0.00111109704100871 0.00113260684299934 0.00114235102971646 0.00126733058554337 0.00221924389856169 0.00155600345144626 0.00112452093033485 0.0015790552790375 0.00154871219807268 0.0014952055350938 0.00186068470829689 0.00103020291088834 0.00223418753410308 0.001260636389185 0.00150262223772905 0.00139447004219124 0.00150315528889889 0.00159571046583777 0.00149532420359771 0.00149403307651067 0.0013157258245757 0.00144781039625283 0.00104152598305937 0.00145742332603323 0.000712595643329018
-9999 -9999 -9999 -9999 -9999 0.00156306098599275 0.00211293157480441 0.001323854050247 0.00135755664332383 0.00242020671545144 0.00248702073311223 0.000712519614434766 0.000707877752765886 0.000707877752765886 0.00146403234807339 0.00176385303741097 0.00153864509327685 0.00141969890874565 0.00206392859748809 0.00114026540054212 0.00161197984878858 0.00183417065342065 0.00135958207416558 0.00112834383351242 0.00150696744766859 0.00218769629417067 0.00220955235388711 0.00139863985569753 0.00132951235447041 0.00147625145275125 0.00146401120414331 0.00191978639697092 0.00151197069628114 0.00151156855345405 0.0011912954360983 0.00178832155987509 0.0015033992520883 0.00146093219094514 0.00135751024068361 0.00104853233190949 0.00145869458187696 0.000712435102543392
-9999 -9999 0.00170982466711271 0.00211097601030907 0.00159799329320468 0.00166432505794599 0.00168946393995626 0.0014305527382257 0.000966488155940356 0.00168858210465221 0.00130953835740169 0.00129453684665689 0.00100072269189003 0.00208989193933906 0.00199720710843488 0.0013167339355637 0.00142634069307928 0.00148957378142959 0.00154677549404836 0.00114362407015797 0.00159353978910648 0.00131881881797886 0.00144182236856277 0.00127266023201635 0.00162332071312348 0.00145507523588252 0.00155073559866001 0.00154178165332351 0.00135489577296335 0.00104246166587797 0.00106252504943748 0.00155104457984737 0.00211282747322348 0.00211311840076692 0.00121423384916877 0.00157310099335117 0.00192131177414119 0.00147887428929269 0.00200535296397332 0.00107316761580846 0.00205115381632268 0.000712414886102537
