Archive - glowpa-model-master/Model input/Uganda/rivergeometry/river_depth_1jan.asc
NCOLS 67 
NROWS 67 
XLLCORNER 29.500000001 
YLLCORNER -1.499999999 
CELLSIZE 0.0833333332985075 
NODATA_value -9999 
[rows 0 to 19 of 67, columns 0 to 44 of 67]
-9999.000000000000000 -9999 -9999 -9999 -9999 -9999 -9999 -9999 -9999 -9999 -9999 -9999 -9999 -9999 -9999 -9999 -9999 -9999 -9999 -9999 -9999 -9999 -9999 -9999 -9999 -9999 -9999 -9999 -9999 -9999 -9999 0.248395728850626 0.247901944898209 -9999 -9999 -9999 -9999 -9999 -9999 -9999 -9999 -9999 -9999 -9999 -9999
-9999 -9999 -9999 -9999 -9999 -9999 -9999 -9999 -9999 -9999 -9999 -9999 -9999 -9999 -9999 -9999 -9999 -9999 -9999 -9999 -9999 -9999 -9999 -9999 -9999 -9999 -9999 -9999 -9999 0.251072641167556 0.307441907514558 0.239591448882161 0.352901023451909 0.239172338721314 0.242864690849664 0.238788657571984 0.282834374512726 0.270280867732615 0.225068212079327 0.238477444555033 -9999 -9999 -9999 -9999 -9999
-9999 -9999 -9999 -9999 -9999 -9999 -9999 -9999 -9999 -9999 -9999 -9999 -9999 -9999 -9999 -9999 -9999 -9999 -9999 -9999 -9999 -9999 -9999 -9999 -9999 -9999 -9999 -9999 -9999 0.406726094083121 0.223881065948844 0.382789136488337 0.748499197766437 0.721801843277824 0.232824392888815 0.658868300757958 0.622398059171654 0.562760967825052 0.441823184280992 0.363597148116698 0.236621432955198 0.268156200122185 0.24688638224842 -9999 -9999
-9999 -9999 -9999 -9999 -9999 -9999 -9999 -9999 -9999 -9999 -9999 -9999 -9999 -9999 -9999 -9999 -9999 -9999 -9999 -9999 -9999 -9999 -9999 -9999 -9999 0.232234327711677 -9999 -9999 -9999 0.420366371495986 0.213015951570442 0.796871132904235 0.233848336146785 0.233713859921683 0.70413076333743 0.31363361028618 0.257455435205292 0.258774891827486 0.35910219178444 0.280021307022298 0.26270146019936 0.263805265938305 0.35292435243728 -9999 -9999
-9999 -9999 -9999 -9999 -9999 -9999 -9999 -9999 -9999 -9999 -9999 -9999 -9999 -9999 -9999 -9999 -9999 -9999 -9999 -9999 -9999 -9999 0.276900821848687 -9999 -9999 0.28850260293769 -9999 -9999 -9999 4.25618029116807 1.81125821984751 1.74234443982947 0.40362547988732 0.356717154201901 0.281670291207402 0.239966767587705 0.253261710240485 0.324111912812153 0.277539539486871 0.215591366468126 0.361399243846332 0.207472193075201 0.404707204350983 0.233326978563929 -9999
-9999 -9999 -9999 -9999 -9999 -9999 -9999 -9999 -9999 -9999 -9999 -9999 -9999 -9999 -9999 -9999 -9999 -9999 -9999 -9999 -9999 0.32529430323182 0.348923954843351 0.261158616904675 0.328716907355162 0.199021142247365 4.10948249383445 4.10948249383445 4.13209167880673 4.13209167880673 0.177856790715873 1.73230811933259 0.701227568015812 0.676952671485325 0.272811186798551 0.439110766344927 0.408687596108579 0.250915480423139 0.220069259148689 0.2249718902291 0.237441272137292 0.406672096169183 0.443674574920984 0.235553129452216 -9999
-9999 -9999 -9999 -9999 -9999 -9999 -9999 -9999 -9999 -9999 -9999 -9999 -9999 -9999 -9999 -9999 -9999 -9999 -9999 0.287683346438569 0.573673005022222 0.606294914843029 0.687086141278294 0.712088553372901 0.393625173915499 0.173943667010873 4.10948249383445 4.10948249383445 4.13209167880673 4.13209167880673 0.964537735726392 0.188048793640351 1.68834281210078 0.284835045349578 0.660586998580409 0.502754673232647 0.481689917007671 0.389860052267898 0.235216305299316 0.301463647294286 0.349415057821587 0.467302873344485 0.593712468168505 0.212554027927128 -9999
-9999 -9999 -9999 -9999 -9999 -9999 -9999 -9999 -9999 -9999 -9999 -9999 -9999 -9999 -9999 -9999 -9999 0.368181356984785 0.424138546335217 0.501095284345759 0.274879025521459 0.321591215862333 0.257598704837515 0.715781582647713 0.132920559403805 0.417923706981227 4.10864337406985 0.244517044120753 0.34102541121086 0.372838156352591 0.746611083190697 0.765403398245746 1.6867189575689 0.202677576095788 0.246054130503958 0.323046137628488 0.3207585986537 0.254929783565427 0.240001689641288 0.244745625395133 0.418893690569804 0.243511341123289 0.630572796589389 0.222490957382156 0.216376378915294
-9999 -9999 -9999 -9999 -9999 -9999 -9999 -9999 -9999 -9999 -9999 -9999 -9999 -9999 -9999 -9999 -9999 0.369479198421785 0.298994969323463 0.28516001827468 0.283708455572405 0.385699916055615 0.371940083277094 0.771526480706871 0.774063255494277 4.10339457423475 0.233465308038312 0.230282930071585 0.291392797988188 0.337609267273654 0.738696942703153 0.756920102677766 0.2457879773696 1.68413116334221 0.298496856941958 0.256443771760284 0.259203514091063 0.257472845266484 0.306896756420403 0.244914830494871 0.250787816642606 1.03929892875986 0.239901646108667 0.323793667976909 0.224793467105921
-9999 -9999 -9999 -9999 -9999 -9999 -9999 -9999 -9999 -9999 -9999 -9999 -9999 -9999 -9999 -9999 -9999 0.441021522601293 0.48449067532621 0.577319062480208 0.34120646492379 0.403046205065688 0.393773012170177 0.0958900313787607 4.08550776353703 0.258211126549119 0.367448556540495 0.20578942145033 0.295867143579843 0.498498809282206 0.702867136394672 0.246411560617137 0.737828467652096 1.68260959928155 1.67736179333801 0.214707740623818 0.258150453084856 0.449144230648403 0.289938038907628 0.333895830373426 1.06870646715652 1.04485563078103 0.897525674883238 0.377836646504849 0.243863492673359
-9999 -9999 -9999 -9999 -9999 -9999 -9999 -9999 -9999 -9999 -9999 -9999 -9999 -9999 -9999 -9999 0.312442955567645 0.39710439651077 0.635726964060922 0.780109069938052 0.827282612230791 0.831046735918073 0.875506950503489 0.398750526033828 4.08085214702652 0.490675240941942 0.252999972207872 0.252186213444506 0.330459140519389 0.414248269325214 0.569532204314411 0.254174656819896 0.716365185004932 0.311229792999797 0.224491647601091 1.67432702807442 0.466409017405948 0.261315948353274 1.12480353343389 1.11756811677749 0.31650086963966 0.246187134102122 0.240427787320364 0.855335952474718 0.810384641650126
-9999 -9999 -9999 -9999 -9999 -9999 -9999 -9999 -9999 -9999 -9999 -9999 -9999 -9999 -9999 -9999 0.309704932342989 0.548997332007225 0.283285685616711 0.329580447730805 0.27835841599148 0.238231987927705 0.0888764633418349 4.07264236126672 0.243233980293254 0.461115841412477 0.426797028679525 0.261759432287727 0.266226645612202 0.378781263747815 0.52649578318555 0.55131411161335 0.680556247030109 0.309463833426292 0.297040373698218 1.41008463291603 1.18436098628026 1.18138594669489 0.562479886516439 0.260824510678522 0.426363388422144 0.390430467996314 0.235194493376756 0.405588930361713 0.235426561314403
-9999 -9999 -9999 -9999 -9999 -9999 -9999 -9999 -9999 -9999 -9999 -9999 -9999 -9999 -9999 0.293834524309514 0.458353054704611 0.320918168619859 0.379238754321253 0.51808828606429 0.201268651300754 0.228154720060659 4.05136838711276 4.05136838711276 0.282290517921843 0.269383864364251 0.267553287991833 0.270541093528225 0.274307930544902 0.345306264555144 0.339013559948111 0.437588493796712 0.623699402838281 0.256431870501551 0.279350026289606 0.442928318302303 1.38615421704233 0.255635273922264 0.323052301408818 0.487208400509999 0.257237273616792 0.310223222439594 0.240051329121275 0.344217493803097 0.226016552469615
-9999 -9999 -9999 -9999 -9999 -9999 -9999 -9999 -9999 -9999 -9999 -9999 -9999 -9999 -9999 -9999 0.332896502475428 0.342084786458716 0.387580007838382 0.283530828137786 0.531012133076108 0.165150471672661 4.05136838711276 4.05136838711276 0.344354072232788 0.274934492152625 0.355262346306582 0.281258157535506 0.321977600488081 0.266973935483763 0.276267883305404 0.369608324739662 0.609303484082345 0.429604769890154 0.279968666937188 0.28953955566521 1.38344747944272 0.237827755699394 0.264897004827644 0.458506928165606 0.309339941629439 0.249571249299213 0.245260872713984 0.304049637546148 0.233478410740436
-9999 -9999 -9999 -9999 -9999 -9999 -9999 -9999 -9999 -9999 -9999 -9999 -9999 -9999 -9999 -9999 -9999 0.336814655063585 0.408281338278156 0.46002000114802 0.476908968201419 0.654491666547862 4.04686652596285 0.397069510716179 0.343992593909518 0.404803869785749 0.275198836276308 0.424065125412043 0.26696926002831 0.284235548898305 0.288902660287435 0.295459595273864 0.494935423651179 0.376855851030791 0.299981446655344 0.294950689523924 0.498516107448893 1.35154201484914 0.239778147485479 0.234685335431612 0.954058956765403 0.269745588584275 0.372507576481568 0.298294694668706 0.866710393864244
-9999 -9999 -9999 -9999 -9999 -9999 -9999 -9999 -9999 -9999 -9999 -9999 -9999 -9999 -9999 -9999 0.372728172593106 0.443817903291658 0.271571120340361 0.343095694826259 0.380866563711934 0.393785145945688 4.03407182877862 0.296888368717221 0.621576160427028 0.613073164239441 0.491983996286101 0.274714467806398 0.259037322668761 0.406826788649238 0.408338718916646 0.280551548585025 0.29843808179878 0.411229567669061 0.335093543502828 0.377572634948008 0.422488095398841 0.410132316226141 1.32917455274864 0.976372599152616 0.357297117489581 0.948216604166956 0.908731496835627 0.891441974589435 0.294517319229984
-9999 -9999 -9999 -9999 -9999 -9999 -9999 -9999 -9999 -9999 -9999 -9999 -9999 -9999 -9999 -9999 0.365832440004665 0.627188839618719 0.712122360533818 0.259418317845239 0.909899903998664 0.964644205827592 0.964889336748439 4.02834887072977 0.259908892364135 0.257954981303892 0.262750982432344 0.267678708017166 0.578245402612242 0.539112215603356 0.272770730016622 0.276767402331107 0.334540698678398 0.30642430291488 0.381788379442002 0.299648692605589 0.289294058770511 0.270515404450595 0.463659398240795 1.07785649844947 0.214258573909678 0.297213290165716 0.233111748962765 0.225563530033232 0.227431407013206
-9999 -9999 -9999 -9999 -9999 -9999 -9999 -9999 -9999 -9999 -9999 -9999 -9999 -9999 -9999 0.350595351678509 0.54336581738179 0.307464017177286 0.693978864918185 0.897939758427172 0.507311516908988 0.220187771208193 0.228538242956438 3.99526292621064 0.723823931513282 0.688882423975954 0.662402085847935 0.631413695097333 0.614588201848937 0.257689995957889 0.355112858665062 0.292549682672312 0.280241214933256 0.525423119586828 0.279357804817828 0.363873850424836 0.274937294607709 0.387951707057532 0.42682300809586 1.07236498457154 1.06637697057129 0.247787069514522 0.239615205013301 0.235749084728961 0.281943253063741
-9999 -9999 -9999 -9999 -9999 -9999 -9999 -9999 -9999 -9999 -9999 -9999 -9999 -9999 -9999 0.309821338946879 0.485036076268591 0.304839672397871 0.634533466383049 0.317535630754967 0.497372871981825 0.206052421649973 0.324420521041077 3.99170867498705 0.261618751324835 0.242867259379028 0.251116078403745 0.317264166365728 0.241091262714359 0.255335721518044 0.448945731821335 0.286249549224416 0.294107993477648 0.370224365177943 0.621920440900382 0.270241485117172 0.280355448212986 0.266871756164541 0.262027141165794 0.335643086736378 0.484008184033923 1.01446225143911 0.238303851669874 0.407326411470072 0.335255276086999
-9999 -9999 -9999 -9999 -9999 -9999 -9999 -9999 -9999 -9999 -9999 -9999 -9999 -9999 -9999 0.294370728840971 0.512160574960513 0.622644012441781 0.266539971429295 0.411143871732844 0.206444049226667 0.197598173201232 0.260587655511437 0.238640966678114 3.97678509459508 0.238369585900958 0.428204912993902 0.246489020155157 0.234001244006881 0.622770523287454 0.482937296356928 0.423240444804413 0.318993291292694 0.42712087162647 0.705444473149048 0.366415161138957 0.370742252440124 0.323764365515182 0.256336293953206 0.257456375548649 0.361736925882344 0.298830851269163 0.995679905890051 0.916766301633222 0.341083154869064
