Archive - glowpa-model-master/Model input/Uganda/rivergeometry/river_length.asc
NCOLS 67 
NROWS 67 
XLLCORNER 29.5 
YLLCORNER -1.5 
CELLSIZE 0.0833333333283582 
NODATA_value -9999 
[rows 40 to 59 of 67, columns 0 to 45 of 67]
13074.677182292 9275.8348008635 9275.8348008635 9214.53714198282 9214.53714198282 9214.53714198282 9214.53714198282 9214.53714198282 13074.677182292 9214.54066480364 9214.54066480364 9214.53714198282 13074.7991556109 9214.53714198282 9275.8348008635 9214.53714198282 9214.53714198282 13074.7991556112 9214.54066480364 9214.54066480364 9214.53714198282 13074.7991556112 9275.8348008635 9214.54066480364 9214.54066480364 9275.8348008635 9214.53714198282 9214.53714198282 9275.8348008635 9275.8348008635 9214.53714198282 9275.8348008631 9214.53714198282 13074.7991556109 9275.83480086389 9214.53714198282 9275.83480086389 13074.7991556109 9214.53714198282 13074.7991556109 13074.7991556115 9275.8348008631 9214.53714198282 9214.53714198282 13074.7991556115 9214.53714198282
9276.00048223085 13074.9075779324 9214.53401051329 9276.00048223085 9276.00048223085 9214.53401051329 13074.9075779324 9214.53714198282 9276.00048223085 9276.00048223085 13074.7991556112 9214.53714198282 13074.9075779321 9214.53401051329 13074.9075779324 9214.53401051329 9276.00048223085 13074.9075779324 13074.9075779324 9276.00048223085 9276.00048223085 9276.00048223085 9276.00048223085 9214.53714198282 13074.7991556112 9214.53714198282 9276.00048223085 9214.53401051329 13074.7991556112 9276.00048223085 9214.53714198282 13074.9075779321 9214.53401051329 9276.00048223046 9214.53714198282 9214.53401051329 13074.9075779327 9276.00048223046 13074.9075779327 9214.53401051329 9214.53401051329 9276.00048223046 9214.53401051329 9214.53401051329 9214.53401051329 9214.53714198282
9214.53127042091 13075.0024486934 9214.53127042091 13075.0024486934 9214.53127042091 9214.53127042091 13075.0024486934 9276.14667244762 9214.53401051329 9214.53401051329 9214.53401051329 9214.53401051329 9214.53401051329 9276.14667244762 9214.53127042091 9214.53127042091 13075.0024486934 9214.53127042091 13075.0024486934 9276.14667244762 13075.0024486934 9214.53401051329 9214.53401051329 13074.9075779324 9276.14667244762 9214.53401051329 9276.14667244762 13074.9075779324 9214.53401051329 9214.53401051329 13075.0024486934 9214.53127042091 9214.53127042091 9276.14667244723 9276.14667244802 9276.14667244723 9214.53127042091 9276.14667244723 9214.53127042091 9214.53127042091 9214.53127042091 9214.53127042091 9214.53127042091 9276.14667244723 9214.53127042091 13075.0024486931
9276.2733712232 13075.0837674022 9276.2733712232 13075.0024486934 9214.5289217284 9214.5289217284 9276.2733712232 13075.0024486934 13075.0024486934 9214.53127042091 9214.53127042091 9276.2733712232 9214.53127042091 9214.53127042091 13075.0024486934 13075.0024486934 9214.5289217284 13075.0837674022 13075.0837674022 9214.53127042091 9214.53127042091 9214.53127042091 13075.0024486934 9276.2733712232 13075.0024486934 13075.0024486934 13075.0024486934 9276.2733712232 9214.53127042091 9214.53127042091 9276.2733712232 9276.27337122281 9214.5289217284 9214.5289217284 13075.0837674025 9276.27337122281 9276.2733712236 13075.0837674019 9214.5289217284 9276.27337122281 9214.5289217284 9214.5289217284 9214.5289217284 9214.5289217284 9276.2733712236 9214.53127042091
9214.526964455 9214.526964455 9276.38057830571 9276.38057830571 9214.5289217284 13075.0837674022 13075.0837674022 13075.0837674022 13075.0837674022 9214.5289217284 9214.5289217284 9276.38057830571 9214.5289217284 9276.38057830571 9214.5289217284 13075.0837674022 9214.5289217284 13075.0837674022 13075.0837674022 9214.5289217284 9214.5289217284 9214.5289217284 13075.0837674022 13075.0837674022 13075.0837674022 9276.38057830571 9276.38057830571 9214.5289217284 13075.0837674022 13075.0837674022 9276.38057830571 13075.0837674019 9214.526964455 13075.1515336369 9276.3805783061 9276.38057830531 13075.1515336374 9214.526964455 9276.3805783061 9276.38057830531 9214.526964455 9214.526964455 13075.0837674025 13075.0837674019 13075.1515336374 9276.38057830531
9214.52539861685 9276.468293482 9276.468293482 9214.52539861685 9214.526964455 13075.1515336371 9276.468293482 9214.526964455 13075.1515336371 9214.526964455 9214.526964455 13075.2057470467 9214.526964455 9214.526964455 13075.1515336371 9214.526964455 9214.526964455 9276.468293482 9214.526964455 9214.526964455 13075.1515336371 9214.526964455 13075.1515336371 9276.468293482 9276.468293482 9214.52539861685 9276.468293482 13075.1515336371 9276.468293482 9276.468293482 13075.2057470467 9276.4682934816 9214.52539861685 9214.52539861685 9214.526964455 13075.2057470464 9276.4682934824 9214.526964455 13075.1515336374 9214.52539861685 9214.52539861685 9276.4682934816 9276.4682934824 9276.4682934816 13075.205747047 9276.4682934816
9276.53651657773 13075.2464073499 9276.53651657773 13075.2464073499 13075.2057470467 9276.53651657773 13075.2057470467 9276.53651657773 9276.53651657773 9214.52539861685 9276.53651657773 9276.53651657773 13075.2057470464 9276.53651657773 9276.53651657773 9276.53651657773 9276.53651657773 9276.53651657773 9276.53651657773 9276.53651657773 9276.53651657773 9276.53651657773 13075.2057470467 9214.52539861685 13075.2057470467 13075.2057470467 13075.2057470467 9214.52422422703 9214.52422422703 13075.2464073499 9276.53651657773 9214.52539861685 9276.53651657812 9214.52539861685 13075.205747047 9214.52539861685 13075.205747047 9214.52539861685 9276.53651657812 9276.53651657733 9214.52539861685 13075.2057470464 9276.53651657812 9214.52539861685 9214.52422422703 9276.53651657733
9214.52344129506 9214.52344129506 9214.52422422703 9276.58524745726 9276.58524745726 13075.2464073499 9214.52422422703 9214.52422422703 9214.52422422703 9214.52422422703 13075.2464073499 9276.58524745726 9276.58524745687 9276.58524745726 9276.58524745726 9214.52422422703 9214.52344129506 9276.58524745726 9214.52344129506 9214.52344129506 13075.2735143358 9214.52344129506 9276.58524745726 13075.2464073499 9214.52422422703 13075.2464073499 9214.52422422703 9214.52422422703 13075.2464073499 9214.52422422703 9214.52422422703 9214.52422422703 13075.2464073502 13075.2464073496 9276.58524745765 13075.2464073496 9214.52422422703 9214.52422422703 9276.58524745765 9214.52422422703 9214.52422422703 9276.58524745687 9276.58524745765 13075.2735143356 9214.52344129506 9276.58524745687
9276.61448602372 9214.52304982747 9214.52344129506 9276.61448602372 9214.52344129506 9276.61448602372 9276.61448602372 13075.2735143358 9276.61448602372 13075.2735143358 9276.61448602372 9214.52304982747 9276.61448602333 9214.52304982747 13075.2870678639 9276.61448602372 9214.52304982747 13075.2870678639 9214.52304982747 9214.52304982747 9214.52304982747 13075.2870678639 9214.52304982747 9214.52304982747 9276.61448602372 9276.61448602372 9276.61448602372 9276.61448602372 13075.2735143358 9276.61448602372 9214.52344129506 13075.2735143356 9276.61448602411 9214.52344129506 9214.52344129506 13075.2735143356 9276.61448602411 9276.61448602333 9276.61448602411 9276.61448602333 9276.61448602411 9276.61448602333 9276.61448602411 9276.61448602333 9214.52304982747 9214.52304982747
9214.52304982747 9214.52304982737 9214.52304982747 9214.52304982747 9214.52304982747 9276.62423221898 9214.52304982737 9214.52304982747 13075.2870678639 9214.52304982737 13075.2870678638 9214.52304982737 13075.2870678636 9214.52304982737 9214.52304982737 9214.52304982737 9276.62423221898 13075.2870678638 9214.52304982737 9276.62423221898 9214.52304982737 13075.2870678638 13075.2870678638 13075.2870678638 13075.2870678638 9214.52304982737 13075.2870678638 13075.2870678638 9276.62423221898 9276.62423221898 13075.2870678639 9276.62423221859 9214.52304982747 9214.52304982747 9214.52304982747 9276.62423221859 9276.62423221938 9214.52304982747 9214.52304982737 9214.52304982747 9214.52304982737 9276.62423221859 13075.2870678641 9214.52304982737 9214.52304982737 9276.62423221859
13075.2735143358 9214.52344129506 9276.61448602368 9214.52304982737 9276.61448602368 9214.52304982737 13075.2870678638 9276.61448602368 9214.52344129506 9276.61448602368 9214.52344129506 9276.61448602368 9214.52344129506 9276.61448602368 9214.52344129506 9214.52344129506 9276.61448602368 9214.52344129506 9214.52344129506 9214.52344129506 9276.61448602368 9214.52344129506 9276.61448602368 13075.2735143358 9214.52344129506 9276.61448602368 9214.52344129506 9276.61448602368 13075.2870678638 9276.61448602368 9276.61448602368 9276.61448602329 9276.61448602407 9276.61448602329 9276.61448602407 13075.2870678636 9214.52304982737 13075.2870678636 9214.52304982737 9214.52304982737 9276.61448602407 13075.2735143355 9214.52304982737 13075.2735143355 9276.61448602407 13075.2735143355
9276.58524745717 13075.2464073498 9276.58524745717 9276.58524745717 9276.58524745717 9276.58524745717 9214.52422422703 13075.2464073498 9214.52422422703 13075.2464073498 9276.58524745717 13075.2464073498 9214.52422422703 13075.2464073498 9214.52422422703 9276.58524745717 13075.2464073498 9276.58524745717 13075.2464073498 9214.52422422703 9276.58524745717 9214.52422422703 13075.2464073498 9276.58524745717 9214.52422422703 13075.2464073498 9214.52422422703 9276.58524745717 9276.58524745717 13075.2464073498 9214.52422422703 9276.58524745678 9276.58524745757 9214.52422422703 9214.52422422703 9214.52422422703 9276.58524745757 9276.58524745678 9276.58524745757 13075.2464073496 9276.58524745757 9276.58524745678 9214.52344129506 9214.52422422703 13075.2464073501 13075.2464073496
9276.5365165776 9214.52539861691 13075.2057470466 13075.2057470466 9276.5365165776 9276.5365165776 9214.52539861691 9214.52539861691 13075.2057470466 9214.52539861691 13075.2057470466 13075.2057470466 9276.53651657721 13075.2057470466 9214.52539861691 13075.2057470466 9214.52539861691 13075.2057470466 9214.52539861691 9214.52539861691 9214.52422422703 9214.52539861691 9276.5365165776 9276.5365165776 9214.52539861691 13075.2057470466 9214.52539861691 13075.2057470466 9214.52539861691 13075.2057470466 13075.2057470466 13075.2464073496 13075.2057470469 9214.52539861691 9276.536516578 9276.53651657721 13075.2057470469 9276.53651657721 9214.52539861691 9276.53651657721 9276.536516578 9276.53651657721 13075.2057470469 9276.53651657721 13075.2057470469 13075.2057470463
13075.151533637 9214.526964455 13075.151533637 13075.151533637 9276.46829348184 9276.46829348184 13075.151533637 9214.526964455 9276.46829348184 9276.46829348184 9214.52539861691 9214.52539861691 13075.1515336367 13075.151533637 9214.526964455 9214.526964455 13075.151533637 9214.52539861691 9214.52539861691 9214.52539861691 13075.2057470466 13075.2057470466 13075.151533637 9214.526964455 9214.526964455 9214.526964455 9214.526964455 9276.46829348184 9276.46829348184 9276.46829348184 9214.52539861691 9276.46829348144 9276.46829348223 9214.526964455 9214.526964455 9276.46829348144 13075.2057470469 9214.52539861691 9276.46829348223 9276.46829348144 13075.1515336373 9214.526964455 9214.526964455 13075.1515336367 9276.46829348223 9276.46829348144
9214.5289217284 13075.0837674021 9214.5289217284 13075.0837674021 9214.5289217284 13075.0837674021 9276.38057830549 13075.0837674021 9214.5289217284 9214.526964455 13075.151533637 9214.526964455 9214.526964455 9214.5289217284 9276.38057830549 13075.151533637 9214.526964455 9214.526964455 13075.151533637 9214.526964455 9276.38057830549 9276.38057830549 9276.38057830549 13075.0837674021 9214.5289217284 9276.38057830549 9214.526964455 9276.38057830549 13075.151533637 9214.526964455 9214.526964455 9276.3805783051 13075.1515336373 13075.0837674018 9214.526964455 13075.1515336367 9276.38057830589 9276.3805783051 13075.0837674023 9276.3805783051 9276.38057830589 13075.0837674018 9214.5289217284 9276.3805783051 13075.0837674023 9276.3805783051
9214.53127042085 9214.53127042085 9214.53127042085 13075.0837674021 13075.0024486932 9276.27337122295 13075.0837674021 9214.53127042085 9214.5289217284 9214.5289217284 13075.0837674021 9214.5289217284 9214.5289217284 13075.0837674021 9214.5289217284 9214.5289217284 13075.0837674021 9214.5289217284 9276.27337122295 9214.5289217284 9276.27337122295 9214.5289217284 9276.27337122295 9214.5289217284 13075.0837674021 9214.5289217284 13075.0837674021 13075.0837674021 9214.53127042085 13075.0837674021 13075.0837674021 9214.5289217284 9276.27337122334 9276.27337122255 9276.27337122334 13075.0024486929 9214.53127042085 13075.0024486929 9214.53127042085 9214.53127042085 13075.0024486935 9214.53127042085 13075.0024486935 13075.0024486929 9214.53127042085 13075.0024486929
9214.53401051331 9214.53401051331 9214.53401051331 9276.14667244733 9276.14667244733 13074.9075779322 9276.14667244733 9214.53127042085 13075.0024486932 9214.53127042085 9276.14667244733 9276.14667244733 9276.14667244694 9276.14667244733 9276.14667244733 13075.0024486932 9214.53127042085 9214.53127042085 9276.14667244733 13075.0024486932 9214.53127042085 13075.0024486932 13075.0024486932 13075.0024486932 9214.53127042085 13075.0024486932 9214.53127042085 9276.14667244733 9276.14667244733 9276.14667244733 9276.14667244733 9276.14667244694 13074.9075779325 13074.9075779319 9214.53401051331 9214.53127042085 13075.0024486935 9276.14667244694 9276.14667244773 9214.53401051331 9214.53127042085 9214.53401051331 9276.14667244773 13074.9075779319 13074.9075779325 9276.14667244694
9214.53714198283 9214.53714198283 9214.53714198283 9214.53714198283 9276.00048223052 9214.53714198283 9214.53401051331 9214.53401051331 9276.00048223052 9214.53401051331 13074.7991556109 9276.00048223052 9214.53714198283 9214.53714198283 9276.00048223052 9276.00048223052 9276.00048223052 9276.00048223052 9276.00048223052 9276.00048223052 9276.00048223052 13074.9075779322 9276.00048223052 9276.00048223052 9214.53401051331 13074.9075779322 9214.53401051331 9214.53714198283 13074.7991556109 13074.7991556109 9214.53714198283 13074.7991556106 9214.53714198283 9214.53714198283 13074.7991556112 13074.9075779319 9276.00048223091 9214.53401051331 9276.00048223091 9276.00048223012 13074.7991556112 9276.00048223012 9276.00048223091 9214.53401051331 13074.7991556112 13074.7991556106
13074.6771822918 9214.5406648037 9214.5406648037 9214.5406648037 9275.83480086312 13074.7991556109 9214.53714198283 9275.83480086312 9275.83480086312 13074.6771822918 9275.83480086312 9275.83480086312 9214.53714198283 13074.6771822918 9214.5406648037 9214.53714198283 13074.6771822918 9275.83480086312 9214.5406648037 13074.6771822918 13074.6771822918 9275.83480086312 13074.7991556109 13074.7991556109 9275.83480086312 9275.83480086312 9214.53714198283 9275.83480086312 13074.6771822918 9275.83480086312 13074.6771822918 9214.5406648037 13074.6771822921 13074.6771822915 13074.7991556112 9275.83480086273 9275.83480086351 9275.83480086273 13074.6771822921 9214.53714198283 9214.5406648037 9214.5406648037 13074.6771822921 9275.83480086273 9214.53714198283 13074.6771822915
9214.5406648037 9214.54457894688 9275.64962867451 13074.5416586071 13074.5416586071 9275.64962867451 9275.64962867451 9214.5406648037 9214.5406648037 13074.6771822918 9214.5406648037 9214.5406648037 9214.5406648037 9214.5406648037 9214.5406648037 9214.5406648037 9214.5406648037 9275.64962867451 9214.5406648037 13074.6771822918 9214.54457894688 9275.64962867451 13074.6771822918 9275.64962867451 9275.64962867451 9275.64962867451 13074.5416586071 9214.54457894688 13074.6771822918 9275.64962867451 9275.64962867451 9275.64962867412 9275.64962867491 9275.64962867412 9275.64962867491 13074.5416586069 9214.54457894688 9275.64962867412 9275.64962867491 9214.5406648037 9214.54457894688 9275.64962867412 9214.54457894688 13074.5416586069 13074.5416586074 9214.54457894688
