Archive - glowpa-model-master/Model input/Uganda/rivergeometry/river_flowvelocity_1aug.asc
NCOLS 67 
NROWS 67 
XLLCORNER 29.500000001 
YLLCORNER -1.499999999 
CELLSIZE 0.0833333332985075 
NODATA_value -9999 
[rows 42 to 62 of 67, columns 0 to 45 of 67]
1.95744906292671 2.09415382790168 3.2727270562254 2.06000415528009 2.48043024005183 2.45503181328364 2.17469909596299 2.38370901775883 2.49603037427089 2.21244639147439 2.26096034410072 2.75328901143733 2.42156539755884 2.25352970459708 2.31296299938039 2.33850636619005 2.55784819754585 2.48372791472238 2.47886344072568 2.36053258720806 2.33144926154723 2.18304107962581 2.19261117318458 2.53990179260636 2.20216992199621 2.69900657194141 2.30241341029397 2.3614456493362 2.1306930824167 1.97123507084117 2.40792043984722 2.24674505557738 3.08261342050043 2.81954580730864 2.47090943334327 2.19211629880451 2.19581095556472 2.22967393670496 2.72704581906804 2.23915605051524 2.75459527929348 2.50782795102938 4.86978418657211 4.86911507294715 2.28180580118051 2.47660485996757
3.20875852334035 3.26958004188538 2.13186698894171 2.31287110027161 2.34238212474459 2.28938566439332 2.15929547565052 2.35825778297575 2.55104630778215 2.29663382109122 2.40995152248691 2.78783162183208 2.87296302521244 2.17253116683252 2.18485812464749 2.26318996354899 2.30711412088801 2.21386084962084 2.3391530232605 2.33556867223829 2.32173440293424 2.38613065097387 2.69435665248291 2.22872338565657 2.14260686604726 2.71396547991514 2.15837248468792 2.09242398839625 2.55027843337324 2.50251110733702 2.24259561789217 2.16273413408083 2.89402860551406 2.26799204237664 2.62693451237999 2.55864508600813 2.25592756334439 2.57553452128709 2.24839977057432 2.25448694772412 2.71674097554532 2.42519549172292 2.04348325312269 4.86860663978283 2.33926039498698 2.32934182587736
3.20387239364934 2.67013816836666 2.63923071640825 2.50718632377947 2.26452721805338 2.25408844519451 2.06141974513496 2.26401992759538 2.39067037272918 2.65737765813197 2.58324784187875 2.17329439134549 2.93712081234755 2.42702656231047 2.38146457208481 2.1709221388907 2.23618343519956 2.27257006397407 2.44917393197826 2.50533390307432 2.42623920577414 2.78643111230281 2.132778946778 2.34234013964839 2.75817047227186 2.23132195402257 2.17913657725859 2.8180051812543 2.55437339783695 2.50251110733702 2.18886635100364 2.20999699128914 2.47020430627348 2.76228425067551 2.65743332360009 2.28002282788478 2.35407756211748 2.49303743779507 2.30131341238514 2.38907288477214 2.61352258554269 2.31390022993317 4.8676464369121 4.8676464369121 4.8676464369121 4.8676464369121
3.18910496036418 2.42549758463677 2.36981113024797 2.31184108183491 2.38721013283263 2.26167595230083 2.40178426243958 2.47453488325003 2.30002594049778 2.74492466905094 2.6179637525551 2.07607332428735 2.94868926076156 2.13641395090877 2.5192982527968 2.17728500609794 2.56770979253595 2.22925245513466 2.28078279280759 2.69071102183842 2.51536793014682 2.82004142998981 2.83789947481696 2.79131204234357 2.01554606253155 2.09613388397332 2.15493961156532 2.8180051812543 2.50251110733702 2.50251110733702 2.485492874302 2.22532676760772 2.31075130633897 2.29631147463892 2.19992531965672 2.50307017507021 2.37680705525872 4.8676464369121 4.8676464369121 2.16116734652438 2.31572337116518 2.15450661591611 4.8676464369121 4.8676464369121 4.8676464369121 4.8676464369121
2.69312714321984 3.15630157878166 2.22688339260376 2.28025974450658 2.50837823101329 2.20981478130602 2.49315712925058 2.47871226209566 3.20146647949153 2.94320082347776 2.67300180968976 2.11593710677783 2.95896332660258 2.60042141703572 2.63150836106345 2.69453703248053 2.94774768645244 2.96117568876586 3.09385324657245 3.21707192424772 3.20901805505738 3.40180161090598 3.39300135688416 2.10426223426102 2.06021804301616 2.08688882033656 2.8209432967279 2.01554391748396 2.09234969283573 2.38140383627947 2.2171793264209 2.22309115659202 2.22215813182086 2.38643974679344 4.8676464369121 4.8676464369121 4.8676464369121 4.8676464369121 4.8676464369121 4.8676464369121 4.8676464369121 4.8676464369121 4.8676464369121 4.8676464369121 4.8676464369121 4.8676464369121
2.11619092208995 3.05960524934667 2.43719905123653 2.30036672586705 2.31059652905198 2.67340293799898 3.20146647949153 3.20146647949153 3.20146647949153 3.20146647949153 3.25218364176954 3.24880721590078 3.04545826179702 3.03865450156112 2.11914906870528 2.1149119147076 2.62299003652276 2.21441741354196 2.72913762289702 2.38784789161322 2.69087520790945 2.19422497804679 2.35435746963959 3.40425817252035 2.19456403569179 2.82237898135707 1.93516667292933 1.96944452073658 2.04505035380248 2.22800533873394 2.20459005948202 2.38428611602217 4.8676464369121 4.8676464369121 4.8676464369121 4.8676464369121 4.8676464369121 4.8676464369121 4.8676464369121 4.8676464369121 4.8676464369121 4.8676464369121 4.8676464369121 4.8676464369121 4.8676464369121 4.8676464369121
2.34615764428744 3.05091800238038 3.01579276699492 3.01579276699492 2.71045901471946 2.06718005072037 3.20146647949153 3.20146647949153 3.20146647949153 3.20146647949153 2.13190465203997 2.42671419119401 2.08563052919354 2.63714525530731 2.92985342695584 2.61818625288781 2.43480893363273 2.10874064680947 2.70387707052938 2.19048105799669 2.57183777255245 2.28812007648579 2.19310250337377 2.05380246569816 3.45842616159041 3.51790237986356 3.51717232623818 3.51889884101253 3.53114129513337 2.38753944010377 4.8676464369121 4.8676464369121 4.8676464369121 4.8676464369121 4.8676464369121 4.8676464369121 4.8676464369121 4.8676464369121 4.8676464369121 4.8676464369121 4.8676464369121 4.8676464369121 4.8676464369121 4.8676464369121 4.8676464369121 4.8676464369121
3.01579276699492 3.01579276699492 3.01579276699492 3.01579276699492 3.01579276699492 1.83654588258703 1.89409847132936 2.04509326157896 3.20146647949153 3.20146647949153 2.26175624684958 2.09609300753226 2.53143663701063 2.11711178699471 2.79556496836211 2.54686773409645 2.11777480353641 2.37001859587663 2.66133870610243 2.62325586546852 2.12823788679531 2.46365391452363 2.01959850272795 2.00697303532845 2.62304872723637 2.32843465318941 2.76015097926626 2.31131995514604 4.8676464369121 4.8676464369121 4.8676464369121 4.8676464369121 4.8676464369121 4.8676464369121 4.8676464369121 4.8676464369121 4.8676464369121 4.8676464369121 4.8676464369121 4.8676464369121 4.8676464369121 4.8676464369121 4.8676464369121 4.8676464369121 4.8676464369121 4.8676464369121
3.01579276699492 3.01579276699492 3.01579276699492 3.01579276699492 3.01579276699492 1.72436788328703 3.25377493750854 3.20550767335294 3.20146647949153 1.98685119632164 2.10998686551359 2.10483735438981 2.48804315045777 2.11589374565584 2.7791886527523 2.4667253583912 2.08333692086182 2.26713596946446 2.03006622481456 2.58417541738997 2.09183529972654 2.43097250217407 2.01596201674298 1.9740337888995 2.59121317002509 2.20280752368697 2.74529346823474 2.18474111330498 4.8676464369121 4.8676464369121 4.8676464369121 4.8676464369121 4.8676464369121 4.8676464369121 4.8676464369121 4.8676464369121 4.8676464369121 4.8676464369121 4.8676464369121 4.8676464369121 4.8676464369121 4.8676464369121 4.8676464369121 4.8676464369121 4.8676464369121 4.8676464369121
3.01579276699492 3.01579276699492 3.01579276699492 3.01579276699492 3.01579276699492 3.25372090874545 1.88143284278228 2.64653620328511 1.98802950766017 2.2919463711181 1.96010429431014 2.25005427367746 2.17816795069682 2.16499424718504 2.71550723756296 1.9747111770286 2.3772905525849 2.08599783503588 2.22153193080486 2.40378124220087 2.12658598529438 2.22472130108105 2.0859736635343 2.04295365246366 2.56408757647134 2.14226263543673 2.59980659034141 2.20482651209185 4.8676464369121 4.8676464369121 4.8676464369121 4.8676464369121 4.8676464369121 4.8676464369121 4.8676464369121 4.8676464369121 4.8676464369121 4.8676464369121 4.8676464369121 4.8676464369121 4.8676464369121 4.8676464369121 4.8676464369121 4.8676464369121 4.8676464369121 4.8676464369121
3.01579276699492 3.01579276699492 3.01579276699492 3.01579276699492 3.01579276699492 2.02872041606292 1.74111057883698 2.61207511787925 2.09750612044735 1.77402527196109 2.11025206547064 1.84214285027475 2.18934845174397 2.40156253559992 2.42689135000694 2.36571882378192 2.08576635553778 2.07422355199385 2.06486100247421 2.1847129330822 2.13505403678436 2.07591200093659 2.03629744699653 2.28007958121856 2.42550533694151 2.24769013908525 2.37686391778977 2.19544285886509 2.30846460796156 2.38606817638716 4.8676464369121 4.8676464369121 4.8676464369121 4.8676464369121 4.8676464369121 4.8676464369121 4.8676464369121 4.8676464369121 4.8676464369121 4.8676464369121 4.8676464369121 4.8676464369121 4.8676464369121 4.8676464369121 4.8676464369121 4.8676464369121
3.01579276699492 3.01579276699492 3.01579276699492 3.01579276699492 3.01579276699492 1.73913352727248 1.98447103217487 2.59682254697522 2.54906733303127 2.14825122511917 2.1892216178398 2.25446023619437 2.16521506631741 2.29514618986195 2.08020469830425 2.12556333978354 2.11157535347571 2.12949466566094 2.093041758794 2.10636726205285 2.20873037639279 1.96953026276977 2.05170795299367 1.8964722786879 2.19849988138512 2.06387998956041 2.19867489786442 2.24899197832779 2.53403107111903 2.71658784223926 4.8676464369121 4.8676464369121 4.8676464369121 4.8676464369121 4.8676464369121 4.8676464369121 4.8676464369121 4.8676464369121 4.8676464369121 4.8676464369121 4.8676464369121 4.8676464369121 4.8676464369121 4.8676464369121 4.8676464369121 4.8676464369121
3.01579276699492 3.01579276699492 3.01579276699492 3.01579276699492 1.80858639672519 2.20688981654654 2.12569676190166 2.35137142073932 2.12336052655252 2.2446055318355 2.37944445093149 2.36638553729407 2.18236020865924 2.15137661348236 2.1510054587649 2.28734762290151 2.1089619070856 2.26870772354969 2.25102292303489 2.62255233698881 2.34176976690642 2.24735881277053 2.12679836915621 2.03414113445749 1.96947707442043 1.86535034962748 2.03550483909774 4.8676464369121 4.8676464369121 4.8676464369121 4.8676464369121 4.8676464369121 4.8676464369121 4.8676464369121 4.8676464369121 4.8676464369121 4.8676464369121 4.8676464369121 4.8676464369121 4.8676464369121 4.8676464369121 4.8676464369121 4.8676464369121 4.8676464369121 4.8676464369121 4.8676464369121
3.01579276699492 3.01579276699492 2.99297833006579 1.97001708258148 2.59104351476895 2.09094832316244 2.19682562041303 2.20202297755697 2.22459760054371 2.55480371923631 2.17204392623507 2.4456528354471 2.33041249832127 2.13557832416782 2.10133579002745 2.14309684259838 2.42419812065176 2.47913090233684 2.09789177042121 2.62255233698881 1.96942687283438 2.08355436069814 1.88719479335666 1.99489742081525 2.02215187313844 1.90679526351624 2.29601706064451 4.8676464369121 4.8676464369121 4.8676464369121 4.8676464369121 4.8676464369121 4.8676464369121 4.8676464369121 4.8676464369121 4.8676464369121 4.8676464369121 4.8676464369121 4.8676464369121 4.8676464369121 4.8676464369121 4.8676464369121 4.8676464369121 4.8676464369121 4.8676464369121 4.8676464369121
3.01579276699492 3.01579276699492 2.98900073389958 2.9636845920647 2.04411957917924 2.53560466262331 2.23279248019649 2.20972212793763 2.36906914201041 2.61847991391945 2.1552025329393 2.94151080606567 3.00203857760802 3.02303038420164 3.04110515772705 3.06080882744977 3.16028417707201 2.66564294432396 3.21831520313217 3.21831520313217 3.23125271804642 2.25119104938567 3.21637187928556 2.19229532741199 2.11736337794396 2.20251778808622 4.8676464369121 4.8676464369121 4.8676464369121 4.8676464369121 4.8676464369121 4.8676464369121 4.8676464369121 4.8676464369121 4.8676464369121 4.8676464369121 4.8676464369121 4.8676464369121 4.8676464369121 4.8676464369121 4.8676464369121 4.8676464369121 4.8676464369121 4.8676464369121 4.8676464369121 4.8676464369121
2.0236202864018 2.6528148267698 2.1822996736828 2.95554444931347 2.08836837020795 2.18554827819123 2.2015172587108 2.59277337600828 2.18072264283697 2.67134364083625 2.83609963944 2.16784191522099 2.11436873615033 2.1592622807308 2.3606694203829 2.44637310894299 3.16028417707201 3.16028417707201 3.21831520313217 3.21831520313217 3.23125271804642 3.21637187928556 3.21637187928556 2.24271246921572 2.49857482635004 2.21764102727391 4.8676464369121 4.8676464369121 4.8676464369121 4.8676464369121 4.8676464369121 4.8676464369121 4.8676464369121 4.8676464369121 4.8676464369121 4.8676464369121 4.8676464369121 4.8676464369121 4.8676464369121 4.8676464369121 4.8676464369121 4.8676464369121 4.8676464369121 4.8676464369121 4.8676464369121 4.8676464369121
1.95786586385869 2.61718478282522 2.0451407924573 2.94541023842115 2.05501154999607 2.15927753509865 2.70345815620004 2.63341753331674 2.22345443407071 2.80196449711874 2.35052871935999 2.16698902154348 2.07813174395987 2.08399187889668 2.07828610273406 2.14247541619904 3.16028417707201 3.16028417707201 2.12394882756912 2.03234224169476 2.39099396555449 2.07696391656837 3.22429951991128 1.9979121327245 2.60672185988749 2.65048806803872 4.8676464369121 4.8676464369121 4.8676464369121 4.8676464369121 4.8676464369121 4.8676464369121 4.8676464369121 4.8676464369121 4.8676464369121 4.8676464369121 4.8676464369121 4.8676464369121 4.8676464369121 4.8676464369121 4.8676464369121 4.8676464369121 4.8676464369121 4.8676464369121 4.8676464369121 4.8676464369121
1.98123166615452 2.60467441450287 1.97492458658655 1.99908331173694 2.92956350074642 2.75489099416473 2.73917700447048 2.09237197374008 2.19423051697607 2.24187312762801 2.23405757769281 2.05659403190955 2.27215626086341 2.03483494754033 2.10642875641928 2.30737720300961 2.26203909607338 2.08295544199015 2.10113636738918 2.20382204158022 2.33755568015042 2.11536670832177 2.13336664124833 3.23005559214156 3.30723233868902 3.31470689906854 4.8676464369121 4.8676464369121 4.8676464369121 4.8676464369121 4.8676464369121 4.8676464369121 4.8676464369121 4.8676464369121 4.8676464369121 4.8676464369121 4.8676464369121 4.8676464369121 4.8676464369121 4.8676464369121 4.8676464369121 4.8676464369121 4.8676464369121 4.8676464369121 4.8676464369121 4.8676464369121
2.30179578168997 2.08857782227038 2.52966163107533 2.10407733493709 2.13599643348829 2.61652795368524 2.07845211425915 2.30231268018738 2.63967965970892 2.19688913161265 2.32725260075914 2.48049171747901 2.39356570903379 2.22448972945524 2.27222007430372 2.42354115669096 2.37983983721742 2.10478946841794 2.47308022554777 2.2084352516641 2.23953066890831 2.06584409361128 2.09170130611097 2.39684490219113 2.76777768239926 2.33647777485582 4.28783769592309 4.8676464369121 4.8676464369121 4.8676464369121 4.8676464369121 4.8676464369121 4.8676464369121 4.8676464369121 4.8676464369121 4.8676464369121 4.8676464369121 4.8676464369121 4.8676464369121 4.8676464369121 4.8676464369121 4.8676464369121 4.8676464369121 4.8676464369121 4.8676464369121 4.8676464369121
2.39424118904627 2.1744576077312 2.16579853824043 2.32708733948058 2.14010614672598 2.57980961266268 2.1110388096398 2.04364441675187 2.32518594841115 2.71567588866993 3.06825891635917 4.19797640386591 4.19955137819291 4.20152338976863 4.20758774647571 4.20959861975743 4.21462562526998 2.18067813840147 2.61479867299644 2.05855000910936 2.34604497365105 2.09691436110285 2.26179634616088 2.61896868672626 2.29802067131128 4.28162971961155 2.61778625691507 4.8676464369121 4.8676464369121 4.8676464369121 4.8676464369121 4.8676464369121 4.8676464369121 4.8676464369121 4.8676464369121 4.8676464369121 4.8676464369121 4.8676464369121 4.8676464369121 4.8676464369121 4.8676464369121 4.8676464369121 4.8676464369121 4.8676464369121 4.8676464369121 4.8676464369121
2.35455276522108 2.25443883851359 2.3319068027448 1.90980177645143 2.15266432214446 2.18735779073093 2.42142412028364 2.04169887988754 2.17488882157814 2.31752620424876 2.94287092197946 4.17258033046065 2.11038344383053 1.89720532303591 2.67373899506507 1.94661702385608 2.13140432164395 4.21645099444225 2.65175146064123 2.52858667190702 2.19936190139558 2.384392108969 2.48019216508745 2.15732135261745 4.27543332039806 2.40558070279613 2.41252017785969 2.22494269573118 4.8676464369121 4.8676464369121 4.8676464369121 4.8676464369121 4.8676464369121 4.8676464369121 4.8676464369121 4.8676464369121 4.8676464369121 4.8676464369121 4.8676464369121 4.8676464369121 4.8676464369121 4.8676464369121 4.8676464369121 4.8676464369121 4.8676464369121 4.8676464369121
