Archive - glowpa-model-master/Model input/Uganda/rivergeometry/river_depth_1may.asc
NCOLS 67 
NROWS 67 
XLLCORNER 29.500000001 
YLLCORNER -1.499999999 
CELLSIZE 0.0833333332985075 
NODATA_value -9999 
[rows 0 to 19 of 67, columns 0 to 44 of 67]
-9999.000000000000000 -9999 -9999 -9999 -9999 -9999 -9999 -9999 -9999 -9999 -9999 -9999 -9999 -9999 -9999 -9999 -9999 -9999 -9999 -9999 -9999 -9999 -9999 -9999 -9999 -9999 -9999 -9999 -9999 -9999 -9999 0.250423487818856 0.248639323703372 -9999 -9999 -9999 -9999 -9999 -9999 -9999 -9999 -9999 -9999 -9999 -9999
-9999 -9999 -9999 -9999 -9999 -9999 -9999 -9999 -9999 -9999 -9999 -9999 -9999 -9999 -9999 -9999 -9999 -9999 -9999 -9999 -9999 -9999 -9999 -9999 -9999 -9999 -9999 -9999 -9999 0.255106324675459 0.307889671056277 0.238476265082277 0.350152406735279 0.232437756057819 0.238186472709593 0.228221807811084 0.272906914773671 0.262216922272761 0.227994298710607 0.244611899050486 -9999 -9999 -9999 -9999 -9999
-9999 -9999 -9999 -9999 -9999 -9999 -9999 -9999 -9999 -9999 -9999 -9999 -9999 -9999 -9999 -9999 -9999 -9999 -9999 -9999 -9999 -9999 -9999 -9999 -9999 -9999 -9999 -9999 -9999 0.412849964786491 0.224470505573707 0.376830383309924 0.729066416639747 0.704361472648868 0.222502993332756 0.646633490520098 0.613069802518769 0.55842533342892 0.438831397868995 0.360236619034582 0.232134467300927 0.270326095058239 0.275121697732949 -9999 -9999
-9999 -9999 -9999 -9999 -9999 -9999 -9999 -9999 -9999 -9999 -9999 -9999 -9999 -9999 -9999 -9999 -9999 -9999 -9999 -9999 -9999 -9999 -9999 -9999 -9999 0.249744399872126 -9999 -9999 -9999 0.432127925032492 0.211518195798665 0.776122211070667 0.223809130397982 0.224788547358359 0.688397205517805 0.301159599668609 0.247870134839831 0.254090590985561 0.360460929600391 0.285174968242677 0.265545613366695 0.28353157417912 0.379664999026914 -9999 -9999
-9999 -9999 -9999 -9999 -9999 -9999 -9999 -9999 -9999 -9999 -9999 -9999 -9999 -9999 -9999 -9999 -9999 -9999 -9999 -9999 -9999 -9999 0.244004881491623 -9999 -9999 0.309373160770703 -9999 -9999 -9999 4.11019892255879 1.89744888665519 1.8390981250941 0.398531932087654 0.352662328158359 0.278212222177533 0.232703697719974 0.25758642200742 0.372029032806049 0.321161834850554 0.252385626961932 0.387109443850859 0.241898127532503 0.437873617662368 0.237753399387969 -9999
-9999 -9999 -9999 -9999 -9999 -9999 -9999 -9999 -9999 -9999 -9999 -9999 -9999 -9999 -9999 -9999 -9999 -9999 -9999 -9999 -9999 0.303667735626384 0.340321199897189 0.28252993837559 0.346104668888506 0.221134500372983 3.93270370148949 3.93270370148949 3.96213490742358 3.96213490742358 0.199598592585947 1.8313268353218 0.816230732354552 0.790064427225048 0.279633954135406 0.497511049014716 0.464464554426966 0.317135543066004 0.262848506906303 0.256429635544234 0.25460127078284 0.443606324131565 0.480063269417456 0.241643375309855 -9999
-9999 -9999 -9999 -9999 -9999 -9999 -9999 -9999 -9999 -9999 -9999 -9999 -9999 -9999 -9999 -9999 -9999 -9999 -9999 0.252470320277348 0.521806988045413 0.554327757357243 0.645148005732076 0.681891776182616 0.420454807589339 0.179316425931128 3.93270370148949 3.93270370148949 3.96213490742358 3.96213490742358 1.03987385424839 0.213539387605545 1.77057063581417 0.331762391090548 0.777672618759114 0.612312915726022 0.587757336926913 0.472769350205721 0.265536175988297 0.329595110413409 0.374878750336687 0.502811143381794 0.637088954272761 0.222930741961214 -9999
-9999 -9999 -9999 -9999 -9999 -9999 -9999 -9999 -9999 -9999 -9999 -9999 -9999 -9999 -9999 -9999 -9999 0.348710532445499 0.392674672866879 0.45546229820601 0.253028768155535 0.299581078188884 0.287049818142917 0.685410307070985 0.0854908704187785 0.437977820187119 3.93315409294481 0.26063082401691 0.392207812988035 0.429600926624939 0.820233174730733 0.807685135712153 1.76969450005558 0.230187954561588 0.28844122412038 0.389171056100328 0.392929620819241 0.312746709941756 0.256239568195232 0.259713598508937 0.443235739657738 0.242227824310232 0.672577447172949 0.234777053207976 0.227936510952287
-9999 -9999 -9999 -9999 -9999 -9999 -9999 -9999 -9999 -9999 -9999 -9999 -9999 -9999 -9999 -9999 -9999 0.347872027770997 0.270454451957139 0.258049744312783 0.260020027621671 0.363261548698899 0.375256357180661 0.751353033305579 0.761701731392756 3.93418687214403 0.261377042231461 0.273645698934195 0.345845924121351 0.393596564126015 0.810949494069367 0.797013902218633 0.287385961770949 1.76737859165262 0.349744904608006 0.302942037060255 0.312235936681947 0.317158902844958 0.325210130090588 0.261631146794043 0.254421080459551 1.09586688153688 0.242247777068128 0.341048865410541 0.236057616911469
-9999 -9999 -9999 -9999 -9999 -9999 -9999 -9999 -9999 -9999 -9999 -9999 -9999 -9999 -9999 -9999 -9999 0.408356733261635 0.446335745891691 0.528265750432937 0.317504807444269 0.39431773711022 0.386269435069392 0.156276308261713 3.92598716193632 0.256881184254802 0.419334551464323 0.240985842100935 0.342804153660148 0.558245169234674 0.764052167863636 0.291353826577513 0.770030477566174 1.76637260451426 1.75965862752314 0.250556129161584 0.306320250960497 0.510373689546598 0.318623289096634 0.347641971062421 1.12376788969094 1.10088879537076 0.946357314097844 0.391075126943896 0.239700244002595
-9999 -9999 -9999 -9999 -9999 -9999 -9999 -9999 -9999 -9999 -9999 -9999 -9999 -9999 -9999 -9999 0.273119367040266 0.35053048710068 0.570837823930447 0.709681393124135 0.773861160695037 0.780453336071586 0.834908101402254 0.402908715911398 3.92974948266202 0.563427255537736 0.296455614267121 0.295900229195235 0.380721147640929 0.4531946048173 0.596309398006948 0.300527246612962 0.738334432712352 0.312238551922519 0.255628534495078 1.75618544359696 0.533543131458238 0.321552249389073 1.18165626117251 1.17501619386567 0.335050986025583 0.263732824555885 0.256508080876079 0.905121678480797 0.859446913220356
-9999 -9999 -9999 -9999 -9999 -9999 -9999 -9999 -9999 -9999 -9999 -9999 -9999 -9999 -9999 -9999 0.278912472083803 0.493037787952107 0.272507408932323 0.333455879046053 0.312412065309695 0.256189465253439 0.172396642643621 3.92609444594368 0.284332595185024 0.532495075985623 0.491882275229806 0.307202895160632 0.307345719065914 0.406385625687352 0.53351003486462 0.569905639320615 0.696991208212504 0.31639277990153 0.31936537515836 1.46469263078802 1.25094101816341 1.24647954524209 0.599988383519668 0.274731662464313 0.459187162361348 0.421974031501154 0.255328774492058 0.427652909574416 0.250729960009417
-9999 -9999 -9999 -9999 -9999 -9999 -9999 -9999 -9999 -9999 -9999 -9999 -9999 -9999 -9999 0.283524201946301 0.416305038312385 0.301670391153339 0.370643674369957 0.527305759861047 0.282533545872293 0.318086351822722 3.91613999652517 3.91613999652517 0.308028434548545 0.303666480411376 0.30353856786077 0.311472048208751 0.317287665816393 0.369433645148048 0.332181632649998 0.435053584079378 0.631122801937481 0.257940928105116 0.279473322250811 0.456025475621803 1.43907107309634 0.265768417907284 0.335750320077521 0.528181832711596 0.274514113628155 0.335821684925774 0.260708900051589 0.364008675587912 0.236672110566771
-9999 -9999 -9999 -9999 -9999 -9999 -9999 -9999 -9999 -9999 -9999 -9999 -9999 -9999 -9999 -9999 0.297727232380778 0.323060944049708 0.382940255006936 0.326398040985992 0.541515206628486 0.132663013049657 3.91613999652517 3.91613999652517 0.387723357412927 0.311715729845367 0.412295891549383 0.327186948620856 0.328022383723036 0.259985246416898 0.270634147404577 0.363583368484737 0.616039775751265 0.421123580395964 0.280637274279159 0.295275040832299 1.4355546879899 0.272602029845067 0.280094231318027 0.50047826482441 0.331951031302768 0.270917998016898 0.263502383011565 0.32306694710393 0.238573060918261
-9999 -9999 -9999 -9999 -9999 -9999 -9999 -9999 -9999 -9999 -9999 -9999 -9999 -9999 -9999 -9999 -9999 0.319108301792646 0.412465354909019 0.490028780689357 0.501733996452152 0.676312158391342 3.9099171622719 0.443741748000034 0.38822365574643 0.467874987640215 0.319821649836068 0.450805077411428 0.27501235694095 0.280936901419931 0.289457607734356 0.292297083123668 0.513628909384818 0.370315683011191 0.2960407994874 0.301254778123837 0.509940166336765 1.40234477108888 0.295263659316877 0.287423445847159 0.979372464470168 0.26649655353159 0.372280591893261 0.29794368836277 0.893262214944185
-9999 -9999 -9999 -9999 -9999 -9999 -9999 -9999 -9999 -9999 -9999 -9999 -9999 -9999 -9999 -9999 0.352441372419582 0.42225427076202 0.290393234078222 0.380003232149388 0.411823512841969 0.415659849888152 3.90367930598973 0.299383262680613 0.702373226188983 0.68875021369417 0.538901498963316 0.317864192614719 0.260886588080954 0.404889386826792 0.41103661943465 0.281860309063741 0.308810449747903 0.435727093681597 0.349509756134896 0.386942673348325 0.432532964970426 0.421078295717525 1.37752815693279 1.01040887089423 0.395203931252673 0.972305935253365 0.933819277264129 0.915886126475784 0.291590470457359
-9999 -9999 -9999 -9999 -9999 -9999 -9999 -9999 -9999 -9999 -9999 -9999 -9999 -9999 -9999 -9999 0.353438646051955 0.605885826982675 0.692479586656725 0.30581009154045 0.901761464437047 0.97074330957139 0.970890065952989 3.90747880628536 0.287431295269781 0.290928117092526 0.303435289709115 0.309281996920511 0.578341388305573 0.539382163609745 0.277387861032336 0.286082889943802 0.348572900676267 0.325824153977067 0.402248511047309 0.307871781319299 0.296442050461619 0.279099009780363 0.480391962518389 1.11799555847691 0.269170363990829 0.318050136229476 0.245801082226456 0.240205700956836 0.240213774926795
-9999 -9999 -9999 -9999 -9999 -9999 -9999 -9999 -9999 -9999 -9999 -9999 -9999 -9999 -9999 0.340097246199404 0.525599889799676 0.296738424626139 0.678679026594341 0.881173046164372 0.553585591585186 0.240998663384284 0.24282993772388 3.87938640313413 0.761190214784498 0.720511433989901 0.684089020941152 0.639908256463673 0.615320367719487 0.26341792157669 0.366573905001578 0.302419524574245 0.289694606971093 0.548028440142133 0.290476284006784 0.376825194193768 0.284761567950566 0.402810362768667 0.442733060010137 1.11168007444633 1.10596936971818 0.24090279438785 0.243148500176073 0.251998225612883 0.304186604210766
-9999 -9999 -9999 -9999 -9999 -9999 -9999 -9999 -9999 -9999 -9999 -9999 -9999 -9999 -9999 0.299579983833427 0.469339117296976 0.293730609887618 0.617639929515803 0.353015312158499 0.537798324299245 0.226265955396613 0.325587661566794 3.88190541264491 0.240850620954196 0.276388270646211 0.286819625590246 0.352142507692559 0.252707881102258 0.263053802644478 0.463472238964834 0.295789427543558 0.303961223585909 0.383202027858023 0.648072011547629 0.287814266299269 0.297618429931512 0.278527872030724 0.272241376006181 0.346827896204042 0.500143433933731 1.05054888999176 0.229902521153068 0.42512207040911 0.355571719104942
-9999 -9999 -9999 -9999 -9999 -9999 -9999 -9999 -9999 -9999 -9999 -9999 -9999 -9999 -9999 0.284125445881323 0.494203239589922 0.600294222492739 0.269026110027259 0.429469186461386 0.236472313165464 0.211499055002547 0.255493037545468 0.225535623627506 3.87347445986644 0.231751493290714 0.485037982207878 0.285379397818553 0.25102868637574 0.64558688362685 0.503548387195116 0.442427754779779 0.337732967678581 0.446371717731505 0.736555003048625 0.390407837179625 0.394704668058037 0.341256588218455 0.267740081490593 0.266061642858628 0.373346238131248 0.30675374738377 1.03499950677738 0.956351118064843 0.342232963465396
