Archive - glowpa-model-master/Model input/Uganda/rivergeometry/river_width_1jan.asc
NCOLS 67 
NROWS 67 
XLLCORNER 29.500000001 
YLLCORNER -1.499999999 
CELLSIZE 0.0833333332985075 
NODATA_value -9999 
[rows 0 to 19 of 67, columns 0 to 44 of 67]
-9999.000000000000000 -9999 -9999 -9999 -9999 -9999 -9999 -9999 -9999 -9999 -9999 -9999 -9999 -9999 -9999 -9999 -9999 -9999 -9999 -9999 -9999 -9999 -9999 -9999 -9999 -9999 -9999 -9999 -9999 -9999 -9999 0.730577581943786 0.728206828322451 -9999 -9999 -9999 -9999 -9999 -9999 -9999 -9999 -9999 -9999 -9999 -9999
-9999 -9999 -9999 -9999 -9999 -9999 -9999 -9999 -9999 -9999 -9999 -9999 -9999 -9999 -9999 -9999 -9999 -9999 -9999 -9999 -9999 -9999 -9999 -9999 -9999 -9999 -9999 -9999 -9999 0.743481899552171 1.03503014983397 0.688756779126461 1.29651918154241 0.686789876536124 0.704193159894897 0.684991156968844 0.9031759460795 0.838621877762826 0.621879941073972 0.683533516191009 -9999 -9999 -9999 -9999 -9999
-9999 -9999 -9999 -9999 -9999 -9999 -9999 -9999 -9999 -9999 -9999 -9999 -9999 -9999 -9999 -9999 -9999 -9999 -9999 -9999 -9999 -9999 -9999 -9999 -9999 -9999 -9999 -9999 -9999 1.63485233689904 0.616530963232337 1.48064172952676 4.42748352955557 4.17246084721696 0.657266312436178 3.59481672913956 3.2755284552897 2.77861348761128 1.87152057596765 1.36132100646633 0.674865471100588 0.827880523345792 0.723340311623394 -9999 -9999
-9999 -9999 -9999 -9999 -9999 -9999 -9999 -9999 -9999 -9999 -9999 -9999 -9999 -9999 -9999 -9999 -9999 -9999 -9999 -9999 -9999 -9999 -9999 -9999 -9999 0.654547590135698 -9999 -9999 -9999 1.72535692668767 0.568413288903143 4.90434462161785 0.661994490030606 0.661372780814264 4.00690390439708 1.06929552253594 0.774602984206698 0.781097951285952 1.33393933129672 0.888549148265316 0.800550460060435 0.806052160626657 1.29665918275205 -9999 -9999
-9999 -9999 -9999 -9999 -9999 -9999 -9999 -9999 -9999 -9999 -9999 -9999 -9999 -9999 -9999 -9999 -9999 -9999 -9999 -9999 -9999 -9999 0.872432463737849 -9999 -9999 0.932928861453233 -9999 -9999 -9999 75.70378250347 18.7520989619907 17.6008047545972 1.61454400654956 1.31949827997527 0.897111958848876 0.690520017268498 0.754099530557129 1.12826398296145 0.875721997666075 0.579681565256097 1.34790519976384 0.544449741672019 1.62161787752559 0.659585418193373 -9999
-9999 -9999 -9999 -9999 -9999 -9999 -9999 -9999 -9999 -9999 -9999 -9999 -9999 -9999 -9999 -9999 -9999 -9999 -9999 -9999 -9999 1.13499496952243 1.27273791998431 0.792884973845417 1.15456619085555 0.508694350858005 71.4884230292726 71.4884230292726 72.1319842818947 72.1319842818947 0.42334895837091 17.4355019364829 3.97995352394693 3.75738244739492 0.851483960983179 1.85278971914428 1.64775051959424 0.742721871209807 0.59947736351317 0.621445271594379 0.678689038271607 1.63449782074187 1.8843474456036 0.669895695207091 -9999
-9999 -9999 -9999 -9999 -9999 -9999 -9999 -9999 -9999 -9999 -9999 -9999 -9999 -9999 -9999 -9999 -9999 -9999 -9999 0.928605429773788 2.86715837851111 3.13823817127216 3.84968983948512 4.08113715901449 1.54971735719486 0.408240946221952 71.4884230292726 71.4884230292726 72.1319842818947 72.1319842818947 6.69951345115271 0.463689958849174 16.7185265994214 0.91363488602466 3.61014654799549 2.31122660630596 2.15515939300982 1.52557774786687 0.668331735397433 1.00235811239919 1.27566527301715 2.05101374850162 3.03255724849261 0.566401304308011 -9999
-9999 -9999 -9999 -9999 -9999 -9999 -9999 -9999 -9999 -9999 -9999 -9999 -9999 -9999 -9999 -9999 -9999 1.38946808870472 1.75071841935871 2.29877913897153 0.86205145823904 1.11396631857367 0.775307204594906 4.11576640748745 0.263090352682326 1.7090107926238 71.4645808877574 0.712035852306732 1.22601581224137 1.41828906611209 4.40925517105614 4.59197673349072 16.6922691235287 0.524048662420194 0.719361650485337 1.12221016392076 1.10925917219985 0.76222932114451 0.690684169117177 0.713123436132346 1.71549462883469 0.707258394119213 3.34609319461951 0.610290288931357 0.583133287269844
-9999 -9999 -9999 -9999 -9999 -9999 -9999 -9999 -9999 -9999 -9999 -9999 -9999 -9999 -9999 -9999 -9999 1.39747737122334 0.988985253988519 0.915338158496996 0.907739649488547 1.49907677538758 1.41271303287932 4.65213261734903 4.6771438916109 71.3155152813464 0.660224274467292 0.645587695630706 0.948243291824217 1.20601882517356 4.33316772641356 4.50913571223444 0.718091075811645 16.6504579758641 0.986295423991985 0.769637370992622 0.783212348736391 0.774688547504735 1.03203399936658 0.7139289242 0.742104711905563 7.5683490154771 0.690213952801178 1.1264549652622 0.620640416917934
-9999 -9999 -9999 -9999 -9999 -9999 -9999 -9999 -9999 -9999 -9999 -9999 -9999 -9999 -9999 -9999 -9999 1.86597702115542 2.17566566687236 2.89698363885546 1.22707919740419 1.61076080659763 1.55066820044892 0.154331241822527 70.8084379894303 0.778320268420715 1.38495369527393 0.53725515711729 0.972141993930336 2.27935471503944 3.99516497920372 0.721069337609062 4.32484940695647 16.625892961235 16.5412772840626 0.575805751094155 0.778021557793486 1.92244061554135 0.940522795930599 1.18442652123106 7.92127335174358 7.63455738713407 5.95610091478605 1.44947948515838 0.708929824036306
-9999 -9999 -9999 -9999 -9999 -9999 -9999 -9999 -9999 -9999 -9999 -9999 -9999 -9999 -9999 -9999 1.06267276170527 1.57215439054797 3.39088348318346 4.73696189022765 5.21374812065439 5.25255296045365 5.71928534060446 1.58281359609605 70.6766850849655 2.22121335177058 0.752826952025534 0.748875757909935 1.16457844401092 1.68452889866228 2.83343138950014 0.758544826126339 4.12124917933487 1.05594122881507 0.619279850528555 16.4924211350856 2.04460939606167 0.793665351876763 8.61166159273232 8.52136148817615 1.08530942589757 0.719996915835281 0.692688268561092 5.50562658330546 5.0409234465009
-9999 -9999 -9999 -9999 -9999 -9999 -9999 -9999 -9999 -9999 -9999 -9999 -9999 -9999 -9999 -9999 1.04750371068062 2.66847203677688 0.905531192705148 1.15952458824806 0.879946408227237 0.682384710787082 0.136324010966585 70.4445819110446 0.705943023476642 2.00684395418451 1.76867831404144 0.795866673689755 0.818172161767113 1.45540339333378 2.49215182284235 2.68689068394269 3.79010842663927 1.0461720412762 0.978446655954276 12.457716613005 9.3688855422645 9.33047489282865 2.77634692226673 0.791228764688706 1.76574392237725 1.52922544762782 0.668230505996228 1.62739273866803 0.669307841046406
-9999 -9999 -9999 -9999 -9999 -9999 -9999 -9999 -9999 -9999 -9999 -9999 -9999 -9999 -9999 0.961256627970296 1.98724078778631 1.11016069166341 1.45827578682542 2.42747617811041 0.518111259771705 0.635870648497274 69.8445128836701 69.8445128836701 0.900340895878508 0.834080487163399 0.824842261441868 0.839941150049718 0.859127879429887 1.25125416861435 1.21422365618191 1.84230955765288 3.28672266373961 0.769579028991524 0.885072462683519 1.87917311718642 12.1142386904476 0.76567787748148 1.12224513912329 2.19563591432586 0.773531120361826 1.05036862245677 0.69091752657738 1.24481626809508 0.62616578483525
-9999 -9999 -9999 -9999 -9999 -9999 -9999 -9999 -9999 -9999 -9999 -9999 -9999 -9999 -9999 -9999 1.1786416467782 1.23224292715349 1.51103106463369 0.906811508925976 2.52716609224268 0.375074306273032 69.8445128836701 69.8445128836701 1.24562314970708 0.862335611043934 1.31071959040426 0.894968855187208 1.11615334354011 0.821926806753343 0.86917743127456 1.39827521606304 3.16371494302052 1.7877236468992 0.888276324676763 0.938412293324172 12.0756230882766 0.680494425028623 0.81150807888222 1.98833062359284 1.04548800126753 0.736233502461336 0.715577329732192 1.01644103302405 0.660284799988244
-9999 -9999 -9999 -9999 -9999 -9999 -9999 -9999 -9999 -9999 -9999 -9999 -9999 -9999 -9999 -9999 -9999 1.20138572356027 1.64507587677377 1.99905956515781 2.12032905249419 3.55589395217159 69.7177854675887 1.57192879638988 1.24348804050346 1.6222505988394 0.863690331796437 1.75022341912613 0.821903294913635 0.9104959893903 0.93504289814963 0.969955625578933 2.25280094256538 1.44333861443408 0.994320657309047 0.96722818742278 2.27948391234523 11.6240585011337 0.689633666096467 0.665869187655708 6.58103574538609 0.83591069080447 1.41623554280226 0.985204548939477 5.62572112559564
-9999 -9999 -9999 -9999 -9999 -9999 -9999 -9999 -9999 -9999 -9999 -9999 -9999 -9999 -9999 -9999 1.4176057318426 1.88534187476655 0.845170986269545 1.23819654997971 1.46851392548266 1.55074625063511 69.3581021715898 0.977628925996385 3.26846608351055 3.19574948513645 2.23089885111143 0.861208650925913 0.782392261871996 1.63551351338244 1.64545354628604 0.891299101310105 0.985978222893669 1.66452409094045 1.19137426277413 1.44782548472273 1.7396042715876 1.65727563596157 11.3114802461943 6.83430728803774 1.32300426196827 6.51533597265203 6.07804789004365 5.89029731156231 0.964907923958946
-9999 -9999 -9999 -9999 -9999 -9999 -9999 -9999 -9999 -9999 -9999 -9999 -9999 -9999 -9999 -9999 1.37501781188992 3.31681197321724 4.0814536513763 0.784272811161756 6.09081816807609 6.70072145329894 6.70350301224722 69.1974525369199 0.786696809378135 0.777059503788757 0.800796980644403 0.825473935121893 2.90458028757051 2.5904376952976 0.851277714738828 0.87174593065311 1.18816534060513 1.0294401200964 1.47432401515385 0.992519699202039 0.937112973839059 0.839810877808865 2.02495749599846 8.03235307622651 0.573839455709761 0.97937720421012 0.658591885886725 0.62411701221482 0.632581147795033
-9999 -9999 -9999 -9999 -9999 -9999 -9999 -9999 -9999 -9999 -9999 -9999 -9999 -9999 -9999 1.28271139673207 2.62390605924712 1.03515173560694 3.91297213453262 5.96059009877421 2.34554246725731 0.600004776512783 0.637617526348929 68.27152914792 4.19157082719823 3.86614300207223 3.62636355797364 3.35338492425862 3.20865942819166 0.77575606183922 1.30981883094254 0.954400407838431 0.889689240641844 2.48386355909189 0.885112718829106 1.36301362202805 0.862349968846333 1.51339881747853 1.7688541736257 7.96561511138556 7.89308955773182 0.727655717604213 0.688868333021979 0.670806217295935 0.898532460168299
-9999 -9999 -9999 -9999 -9999 -9999 -9999 -9999 -9999 -9999 -9999 -9999 -9999 -9999 -9999 1.04814689815323 2.17966767740395 1.02075862806042 3.38049131266131 1.09111130757425 2.27095137489096 0.538377150163005 1.13001929763106 68.1723499007383 0.795168119354471 0.704205324954169 0.743692014913638 1.08958805242231 0.69581332660518 0.764212877179466 1.92105301304591 0.921057661568332 0.962718379954294 1.40208403302149 3.27142368062888 0.838422288942418 0.890281696304763 0.821413028813495 0.797196644787414 1.19456734649245 2.17212764907604 7.27516136313278 0.682720975539105 1.63879564914604 1.1923136548103
-9999 -9999 -9999 -9999 -9999 -9999 -9999 -9999 -9999 -9999 -9999 -9999 -9999 -9999 -9999 0.96412356858523 2.38227391074282 3.27764301967381 0.819745608351363 1.66395754108806 0.540049565974186 0.502766892025919 0.790055455676413 0.684299261131267 67.7565269177846 0.683028615343225 1.77821831817178 0.721439621571051 0.662701687405532 3.27873089306902 2.16428301199106 1.74466719321606 1.09930471237372 1.7708709527074 4.0191222487015 1.37859718270795 1.40528910232603 1.12628845616825 0.769110558639335 0.774607605514343 1.34996302917686 0.98809869507785 7.0564368729463 6.16607528396739 1.22635492000236
