Archive - glowpa-model-master/Model input/Uganda/rivergeometry/river_depth_1jan.asc
NCOLS 67 
NROWS 67 
XLLCORNER 29.500000001 
YLLCORNER -1.499999999 
CELLSIZE 0.0833333332985075 
NODATA_value -9999 
[rows 20 to 39 of 67, columns 0 to 44 of 67]
-9999 -9999 -9999 -9999 -9999 -9999 -9999 -9999 -9999 -9999 -9999 -9999 -9999 -9999 -9999 0.406839480779528 0.293852838072734 0.307026962087054 0.352703881284777 0.242014879174502 0.203229885490819 0.264678021812628 0.37859735962834 0.409589686748268 0.500273243112925 0.459266902831459 0.236410088477066 0.303721193319938 3.88865766044875 0.655872067699859 0.254692336422629 0.25958339805417 0.315817748909986 0.315488319994298 0.855851394164255 0.842899294045559 0.4692418740553 0.323414626657984 0.262708080890205 0.301868617370672 0.316267460520539 0.312633789293234 0.35648154503043 0.379310208067484 0.888744569086227
-9999 -9999 -9999 -9999 -9999 -9999 -9999 -9999 -9999 -9999 -9999 -9999 -9999 -9999 -9999 0.277142588869928 0.288006902094015 0.282117910533876 0.246882880608991 0.270382605969378 0.321288595423485 0.23281819399376 0.38174874923157 0.235977818828428 3.89608521764548 3.89495591464479 3.89369979732137 3.88978833273618 0.262039888004279 3.88076594425493 3.88012559748991 0.27854039872181 0.386086395658507 0.302756201776684 0.891931359474038 0.252519532062986 0.322372627350469 0.680636084795454 0.594621449691364 0.538731920537884 0.452831748220775 0.265510139056393 0.256052228446973 0.294373559049394 0.290014190184272
-9999 -9999 -9999 -9999 -9999 -9999 -9999 -9999 -9999 -9999 -9999 -9999 -9999 -9999 -9999 -9999 0.278950880821427 0.347965913613569 0.308564021800514 0.234085796688858 3.97678509459508 3.97678509459508 3.97678509459508 3.89751570013483 0.27391885173818 0.273113626433371 0.254061590300307 0.452114320717634 0.419882858922799 0.37944929258953 0.33449573719352 3.87752126075928 3.87645756376172 3.87307301856181 0.296503384257142 0.319644763254447 0.7494241506951 0.328154901144749 0.404764936625238 0.317167313132316 0.2904142937289 0.260278724342981 0.24754689734568 0.242724845232481 0.280721268211913
-9999 -9999 -9999 -9999 -9999 -9999 -9999 -9999 -9999 -9999 -9999 -9999 -9999 -9999 -9999 -9999 -9999 0.287145858790037 3.97678509459508 3.97678509459508 3.97678509459508 3.97678509459508 3.97678509459508 0.365368213092889 0.33405607540935 0.41929257037814 0.321466826782254 0.412666453692821 0.265776131974479 0.304281151980372 0.279148234328006 0.279956605500903 0.449873407501076 3.85285263665522 0.293082765627389 0.400782418218136 0.816226967120099 0.389767060365521 0.309999879873635 0.310315444028291 0.256476728563977 0.252887192352056 0.354092031295257 0.446277185736685 0.289568002075596
-9999 -9999 -9999 -9999 -9999 -9999 -9999 -9999 -9999 -9999 -9999 -9999 -9999 -9999 -9999 0.25519378786948 0.233805432016028 3.97678509459508 3.97678509459508 3.97678509459508 3.97678509459508 3.97678509459508 3.97678509459508 3.97678509459508 0.747081495329572 0.655832510729095 0.624761520538053 0.345845977614136 0.324881632944628 0.236336702857123 0.275368610183841 0.278312767352098 0.280289520635154 0.487798369127443 3.8506593886532 0.824143772571851 0.29716670865725 0.286900780968917 0.301861190274703 0.483115710828201 0.368409482650409 0.250944485609866 0.603967535879558 0.476422351530024 0.258287654042164
-9999 -9999 -9999 -9999 -9999 -9999 -9999 -9999 -9999 -9999 -9999 -9999 -9999 -9999 -9999 0.300752860216795 3.97678509459508 3.97678509459508 3.97678509459508 3.97678509459508 3.97678509459508 3.97678509459508 3.97678509459508 3.97678509459508 0.33053969901519 0.26556557791549 0.266382658349105 0.476867237466768 0.281824192443407 0.346346331288859 0.274142971417825 0.276520477782678 0.279422411036869 3.83045757154608 0.701416943570745 0.654008054836477 0.630765607367704 0.585592762193608 0.526936854576953 0.322438347480511 0.32380558345321 0.25371899533935 0.670646983034891 0.360699606275989 0.255116202842747
-9999 -9999 -9999 -9999 -9999 -9999 -9999 -9999 -9999 -9999 -9999 -9999 -9999 -9999 -9999 3.97678509459508 3.97678509459508 3.97678509459508 3.97678509459508 3.97678509459508 3.97678509459508 3.97678509459508 3.97678509459508 0.304100770738633 0.544801914882197 0.266539363042548 0.278472296473676 0.445673497346493 0.266129824477806 0.467894689559516 0.340307831136653 0.347159016381888 0.27745314161098 3.8176984887799 3.819673552485 0.370607441887265 0.296120509176988 0.27465278781504 0.27655795512875 0.391848996286536 0.365798724715538 0.744632627209189 0.251385266411346 0.4283309132613 0.354639880900366
-9999 -9999 -9999 -9999 -9999 -9999 -9999 -9999 -9999 -9999 -9999 -9999 -9999 -9999 -9999 3.97678509459508 3.97678509459508 3.97678509459508 3.97678509459508 3.97678509459508 3.97678509459508 3.97678509459508 3.97678509459508 0.226216963258862 0.462811367551327 0.297777171602953 0.281212436870898 0.2735703940078 0.27354223244218 0.267366170655774 0.549600032388222 3.81688578057235 3.81688578057235 3.81688578057235 0.268329730634426 0.272841323531161 0.294148045749631 0.419484345292908 0.486918938942684 0.916874648124702 0.880671687599208 0.593644784364591 0.256694034931182 0.463146495439043 3.6661276254325
-9999 -9999 -9999 -9999 -9999 -9999 -9999 -9999 -9999 -9999 -9999 -9999 -9999 -9999 3.97678509459508 3.97678509459508 3.97678509459508 3.97678509459508 3.97678509459508 3.97678509459508 3.97678509459508 3.97678509459508 0.483171318357504 0.415769325472758 0.443461027342971 0.406275785365284 0.274938023862062 0.444094657961027 0.272315365700651 0.254657621106272 0.326802858334272 3.81688578057235 3.81688578057235 3.81688578057235 1.03384293789474 0.311163496828661 0.255832903017689 0.251488658267177 0.977494807594023 0.268640874482577 0.293388734643691 0.552041104339339 0.516615155296792 0.258177249272419 3.6661276254325
-9999 -9999 -9999 -9999 -9999 -9999 -9999 -9999 -9999 -9999 -9999 3.97678509459508 3.97678509459508 3.97678509459508 3.97678509459508 3.97678509459508 3.97678509459508 3.97678509459508 3.97678509459508 3.97678509459508 3.97678509459508 0.288830876155014 0.292856857511531 0.278551776443319 0.29490498875749 0.357530309874626 0.285080962127728 0.478130820595436 0.261682854961484 0.222103527801927 0.344406873198327 3.81688578057235 3.81688578057235 3.81688578057235 3.6661276254325 1.01052136794189 0.996154876441537 0.990581811531766 3.6661276254325 3.6661276254325 3.6661276254325 3.6661276254325 3.6661276254325 3.6661276254325 3.6661276254325
-9999 -9999 -9999 -9999 -9999 -9999 -9999 -9999 -9999 -9999 0.344418588145796 3.97678509459508 3.97678509459508 3.97678509459508 3.97678509459508 3.97678509459508 3.97678509459508 3.97678509459508 3.97678509459508 3.97678509459508 0.325525945950586 0.257407794284001 0.273840153888256 0.353232005872403 0.291677435360575 0.278326767670742 0.377233511170852 0.573982921325867 0.332184661297615 0.178537507920141 1.60570184064513 0.395024951756857 0.279024609921689 0.426906082528938 3.6661276254325 3.6661276254325 3.6661276254325 3.6661276254325 3.6661276254325 3.6661276254325 3.6661276254325 3.6661276254325 3.6661276254325 3.6661276254325 3.6661276254325
-9999 -9999 -9999 -9999 -9999 -9999 -9999 -9999 -9999 -9999 3.97678509459508 3.97678509459508 3.97678509459508 3.97678509459508 3.97678509459508 3.97678509459508 3.97678509459508 3.97678509459508 0.253783994702557 0.5403530655247 0.265894019379728 0.265626094441933 0.300210455122918 0.294078688289388 0.505948235730134 0.376353791002766 0.621328803228135 0.595691928842755 1.47309171228677 1.60132615107761 0.929158242299767 0.292937097726855 0.292798263801504 0.28761484980025 0.401626287197464 0.337217967320432 3.6661276254325 3.6661276254325 3.6661276254325 3.6661276254325 3.6661276254325 3.6661276254325 3.6661276254325 3.6661276254325 3.6661276254325
-9999 -9999 -9999 -9999 -9999 -9999 -9999 -9999 -9999 0.324822284585256 3.97678509459508 3.97678509459508 3.97678509459508 3.97678509459508 3.97678509459508 3.97678509459508 3.97678509459508 0.414704312082045 0.270746758611629 0.516087112392999 0.439962775960561 0.358693918342317 0.267128164362264 0.276856938095566 1.04269265120879 1.07280496340137 0.643074466409022 1.46239662096084 0.253853690184521 0.245512132261528 0.267549581944618 0.902869283589437 0.302017180761618 0.306938631913568 0.297304386726369 0.290386775943831 3.6661276254325 3.6661276254325 3.6661276254325 0.24485917502603 3.6661276254325 3.6661276254325 3.6661276254325 3.6661276254325 3.6661276254325
-9999 -9999 -9999 -9999 -9999 -9999 -9999 -9999 -9999 0.31650771067273 3.97678509459508 3.97678509459508 3.97678509459508 3.97678509459508 3.97678509459508 3.97678509459508 0.289779841812854 0.346252809014393 0.236476864609215 0.239150379863772 0.242811521093458 0.217399513698038 0.941704614522483 0.990950556333427 0.420032275153344 0.254655180785256 1.16926702171199 0.246921636998594 1.1263578778788 0.593603112341891 0.299823217305245 0.261988824842881 0.895202549259126 0.383198298513405 0.306449283133917 0.286278177921062 0.592525832372681 0.288161562301893 0.252878963678674 1.0379684628307 3.6661276254325 3.6661276254325 0.0317712971044867 3.6661276254325 3.6661276254325
-9999 -9999 -9999 -9999 -9999 -9999 0.366043737686928 0.43415594064796 0.333392145621672 0.250884093825572 1.54511591077883 3.97678509459508 3.97678509459508 3.97678509459508 3.97678509459508 0.295247493203257 0.294172044629625 0.263425107247124 0.267995461951922 0.247072773325519 0.546281749457893 0.899276515585922 0.316488551885174 0.269193838357901 0.260506630322916 0.358294237370386 0.377427274700401 0.292010348337859 1.04420831596454 0.292350245902835 0.548444175498835 0.287469953129279 0.417200171382739 0.798997663385 0.282294764909026 0.293872221324172 0.36269437527259 0.474738737137767 0.292365141085197 1.0379684628307 0.320361885094556 3.62264144775253 0.626110990571026 0.308717390538863 3.6661276254325
-9999 -9999 -9999 -9999 -9999 -9999 0.452263594597761 0.492152516848399 0.258888356295548 1.54025759921117 0.239589070300265 3.97678509459508 3.97678509459508 3.97678509459508 3.97678509459508 0.792410519674698 0.750665604891302 0.720870372033678 0.659158825612957 0.624150177284713 0.467904487721827 0.270403962462754 0.811065468048927 0.760906528589494 0.252754104770136 0.257982965448 0.296471779387828 0.444331415838759 1.00450654542749 0.227105984051185 0.499609697425225 0.28725937363355 0.357351545309804 0.280604508380756 0.752604326389499 0.289912521183298 0.290155853537321 0.434091198261113 0.310692957157255 1.01382353805567 0.331498295834528 3.61271678340763 0.397025534093534 0.575643062913749 0.295325358027012
-9999 -9999 -9999 -9999 -9999 0.279054587047155 0.32075586850436 0.479342740067856 1.53186842209362 0.188452859689832 0.169541234575371 3.97678509459508 3.97678509459508 3.97678509459508 0.27194476187833 0.41718927270036 0.235874849421459 0.334342495181396 0.312931247873452 0.602914749931525 0.242825229521808 0.418071049399217 0.377917390538143 0.72903606105272 0.302132814822295 0.258546178181198 0.251340419775324 0.357840175580934 0.423286034698152 0.973065882960344 0.301010986558619 0.399216482613066 0.284184387538395 0.285195507417038 0.611980730222146 0.526745910119356 0.288035708389875 0.30615432973196 0.393283604166231 0.993262471753002 0.329606323065809 3.61244067012147 0.314701848162585 0.508894669184948 0.292375483585137
-9999 -9999 0.202838654329996 0.322826885748589 0.259864864447602 0.221230960818558 0.214542355314526 0.3743594105309 1.48815020745202 0.157841723881779 0.425871014890904 0.432750463959438 1.01917590890814 0.259567721738942 0.266785380344899 0.343454282073506 0.268049950124247 0.256978239263587 0.227500973109214 0.589132117311452 0.209616339580563 0.365868956127042 0.266908299221159 0.448189145950958 0.685313151761306 0.341501496352605 0.273453850591038 0.261406430309287 0.402895594219944 0.966857040595686 0.926437386599834 0.247586027163835 0.287553209294856 0.293545921905586 0.572595453137768 0.25372509705039 0.423100592889709 0.301943573005826 0.335569160595185 0.931572198483766 0.329870941898991 3.61054544422441 0.308571465351015 0.304789444349118 0.357606796981221
-9999 0.28670706135159 0.441189160997268 0.273167614800699 0.173413119002148 0.256669235077039 1.47018345644017 1.47567366315675 0.177524110632128 0.153278731159086 0.418078900517453 0.275672825952611 0.527702797357339 0.950584829949088 0.890316269486701 0.283559125969657 0.328382956967154 0.247205283023773 0.38227629404883 0.500479011204544 0.323287095757569 0.260541086426982 0.265980089082003 0.402439635308592 0.238835770079046 0.517880383049602 0.23352608001158 0.215665544400645 0.305036879342779 0.291494746482067 0.435881603387307 0.91987183337944 0.426169986576658 0.257883763180597 0.554671220901245 0.270461151686251 0.383036190709464 0.292600530740524 0.328278869968411 0.896468931197444 0.277059492797426 3.60805119771814 0.299468371960414 0.292959952514468 0.232136988481506
-9999 0.272648432445173 0.327807837040428 1.44135012728142 1.4451865529273 1.46243972273025 0.248292750924333 0.287197231286906 0.299884146691363 0.402390658094426 0.280486451791478 0.448890817187663 0.324449641007728 0.492601909772524 0.303989230434807 0.853358111139637 0.685222790981014 0.247682461051534 0.272769830845307 0.264196819682688 0.423894610803438 0.263642710167099 0.266385604049658 0.37116500556147 0.242670648231425 0.484909528472301 0.447264838193786 0.387530684942562 0.220425048977365 0.214796812459868 0.35421239764226 0.283093230103617 0.866210146293924 0.260733701472824 0.268170598230439 0.507733009229258 0.280625298359441 0.269200783320713 0.689140515784674 0.71042999818074 0.272177418452304 0.280627641551886 3.60689433332698 0.639311276552472 0.287377383091327
