Archive - glowpa-model-master/Model input/Uganda/rivergeometry/river_flowvelocity_1jul.asc
NCOLS 67 
NROWS 67 
XLLCORNER 29.500000001 
YLLCORNER -1.499999999 
CELLSIZE 0.0833333332985075 
NODATA_value -9999 
[rows 20 to 39 of 67, columns 0 to 45 of 67]
-9999 -9999 -9999 -9999 -9999 -9999 -9999 -9999 -9999 -9999 -9999 -9999 -9999 -9999 -9999 2.50939708611351 2.27140211766491 2.30009776024151 2.41599518289823 2.3014988238696 2.24079576040777 2.35792572067801 2.53939194578903 2.61192641186092 2.78217878004826 2.73247424543694 2.26283701933671 2.4218328671634 5.08523130669701 2.96857806608255 2.23335473784554 2.24707080866119 2.39737439148756 2.39667723717257 3.22757868638832 3.21343505460298 2.69087663367793 2.39711879824343 2.23898076606175 2.32935267626192 2.3757367580062 2.3820566190816 2.46456424523443 2.5015257864494 3.23991862018639 2.19685771020478
-9999 -9999 -9999 -9999 -9999 -9999 -9999 -9999 -9999 -9999 -9999 -9999 -9999 -9999 -9999 2.23881087252168 2.26532246349752 2.25185740180308 2.17020562490287 2.26406818462668 2.4041093996155 2.21373965109501 2.59755664955992 2.19576510245884 5.08817163374643 5.08790024756816 5.08749150567214 5.08578817876175 2.34705362452448 5.08229672098257 5.08203912800932 2.30030124943979 2.5442284002703 2.36873944751622 3.26644556463113 2.23751394011993 2.38973138348903 2.97576776376884 2.86083897123233 2.78388358754748 2.65810500139008 2.26578197424904 2.24463601468271 2.34485964511104 2.32620251703666 3.18223148609741
-9999 -9999 -9999 -9999 -9999 -9999 -9999 -9999 -9999 -9999 -9999 -9999 -9999 -9999 -9999 -9999 2.26367184705501 2.41635403153853 2.33054582100866 2.18034707298668 5.0341743460461 5.0341743460461 5.0341743460461 5.08851641319374 2.22530492406689 2.23028076778574 2.25279104094488 2.70702543238895 2.63951517272707 2.53873279841626 2.43461070827543 5.08108724313267 5.08073397433811 5.07949782293651 2.34820213450435 2.38427952441713 3.05976654637057 2.3733870650456 2.55404075410916 2.38326770292633 2.34721793168402 2.26521940995119 2.23602119969227 2.22615822007914 2.31419731893257 2.32223538884307
-9999 -9999 -9999 -9999 -9999 -9999 -9999 -9999 -9999 -9999 -9999 -9999 -9999 -9999 -9999 -9999 -9999 2.28461449429288 5.0341743460461 5.0341743460461 5.0341743460461 5.0341743460461 5.0341743460461 2.46627083512076 2.38040812893335 2.58111677277394 2.41421691123232 2.63890814172067 2.34262951903186 2.36550572700609 2.30670007602041 2.31058360019854 2.66041853130191 5.07181721048505 2.3310055553777 2.53734299204518 3.14245698051094 2.53976551763868 2.37081205204451 2.34709598639089 2.25291418883681 2.23819840156547 2.47430899662959 2.65567113256889 2.32811255799211 2.2321732969281
-9999 -9999 -9999 -9999 -9999 -9999 -9999 -9999 -9999 -9999 -9999 -9999 -9999 -9999 -9999 2.19059870207054 2.13282795425393 5.0341743460461 5.0341743460461 5.0341743460461 5.0341743460461 5.0341743460461 5.0341743460461 5.0341743460461 3.11347799673983 3.01033289495306 2.9673381775325 2.49470532279357 2.43598228430904 2.1755302890024 2.29541341999806 2.30289211143513 2.30996843522621 2.72286073913374 5.07106074255234 3.15132222128249 2.34084356403969 2.30361852113343 2.31645598147008 2.69813909471962 2.50620917713632 2.23406309320504 2.90351135642217 2.70679333099915 2.25010316064683 2.40375975205587
-9999 -9999 -9999 -9999 -9999 -9999 -9999 -9999 -9999 -9999 -9999 -9999 -9999 -9999 -9999 2.30165922386647 5.0341743460461 5.0341743460461 5.0341743460461 5.0341743460461 5.0341743460461 5.0341743460461 5.0341743460461 5.0341743460461 2.43840383750035 2.29184195195395 2.3234844370002 2.72441035591196 2.31706838186098 2.45513909793995 2.29082152593187 2.29593431012894 2.3045086271593 5.06410663322996 3.00362546767233 2.93800562908718 2.90690874877823 2.84540263817065 2.76443706080192 2.40735993025728 2.41305146525683 2.2485687379075 2.99546672897254 2.48293768929526 2.2416246103258 2.25810241235096
-9999 -9999 -9999 -9999 -9999 -9999 -9999 -9999 -9999 -9999 -9999 -9999 -9999 -9999 -9999 5.0341743460461 5.0341743460461 5.0341743460461 5.0341743460461 5.0341743460461 5.0341743460461 5.0341743460461 5.0341743460461 2.36157159504993 2.80656239210794 2.33399531250353 2.34260842417226 2.65732827690617 2.26865850162285 2.68455386097609 2.44298705737045 2.45584600401904 2.29943742395195 5.05995600068212 5.06044046873111 2.49647331506527 2.33815361794458 2.29009773236923 2.29972860653129 2.61112584825111 2.55406791148452 3.12271336168603 2.28296772703627 2.61447221286775 2.4704860166868 2.37754962562397
-9999 -9999 -9999 -9999 -9999 -9999 -9999 -9999 -9999 -9999 -9999 -9999 -9999 -9999 -9999 5.0341743460461 5.0341743460461 5.0341743460461 5.0341743460461 5.0341743460461 5.0341743460461 5.0341743460461 5.0341743460461 2.14665922554471 2.65873648543827 2.33121430491288 2.29394353240131 2.28295363790852 2.29431957403619 2.28020324603553 2.81716952918925 5.05968540588461 5.05968540588461 5.05968540588461 2.27452572941875 2.28418768537536 2.34112510712379 2.60099630216477 2.7664854191176 3.34035273333224 3.29246155041788 2.92831806014533 2.3227832779796 2.67428120247977 5.00573469982157 5.00573469982157
-9999 -9999 -9999 -9999 -9999 -9999 -9999 -9999 -9999 -9999 -9999 -9999 -9999 -9999 5.0341743460461 5.0341743460461 5.0341743460461 5.0341743460461 5.0341743460461 5.0341743460461 5.0341743460461 5.0341743460461 2.68501014635357 2.5642551658848 2.61634968400522 2.54729571189419 2.28197397739558 2.63393774885093 2.26986773165514 2.21970501470154 2.40890360534495 5.05968540588461 5.05968540588461 5.05968540588461 3.47441369508844 2.46776237105823 2.2925353804765 2.43361787597158 3.41222647915243 2.35579182065633 2.33141066768287 2.82369657041845 2.76692176680811 2.26510139541069 5.00573469982157 5.00573469982157
-9999 -9999 -9999 -9999 -9999 -9999 -9999 -9999 -9999 -9999 -9999 5.0341743460461 5.0341743460461 5.0341743460461 5.0341743460461 5.0341743460461 5.0341743460461 5.0341743460461 5.0341743460461 5.0341743460461 5.0341743460461 2.32315206246196 2.31800516157911 2.27075863459974 2.29086133571232 2.45051930164402 2.28186416281995 2.68623145980217 2.24119490129381 2.13257129855816 2.4293700530836 5.05968540588461 5.05968540588461 5.05968540588461 5.00573469982157 3.45258674193588 3.44039796435182 3.43248906175933 5.00573469982157 5.00573469982157 5.00573469982157 5.00573469982157 5.00573469982157 5.00573469982157 5.00573469982157 5.00573469982157
-9999 -9999 -9999 -9999 -9999 -9999 -9999 -9999 -9999 -9999 2.40917516525229 5.0341743460461 5.0341743460461 5.0341743460461 5.0341743460461 5.0341743460461 5.0341743460461 5.0341743460461 5.0341743460461 5.0341743460461 2.39647378966729 2.23329884832884 2.25682417969139 2.43043717466379 2.29255295328089 2.26394910534474 2.47529866645136 2.82483910762821 2.40107181085304 2.00058330694096 3.82375470798208 2.53129518952916 2.28206694700094 2.5943511423106 5.00573469982157 5.00573469982157 5.00573469982157 5.00573469982157 5.00573469982157 5.00573469982157 5.00573469982157 5.00573469982157 5.00573469982157 5.00573469982157 5.00573469982157 5.00573469982157
-9999 -9999 -9999 -9999 -9999 -9999 -9999 -9999 -9999 -9999 5.0341743460461 5.0341743460461 5.0341743460461 5.0341743460461 5.0341743460461 5.0341743460461 5.0341743460461 5.0341743460461 2.20866002616419 2.77602230193072 2.25277328381004 2.25591941103022 2.29938783192521 2.29326072130358 2.70314069485373 2.47970086365999 2.88981743920665 2.8558684599796 3.72829151361669 3.82195522205506 3.25412198604092 2.31879090187469 2.31870735703952 2.30609216730795 2.55075354338271 2.42440951708591 5.00573469982157 5.00573469982157 5.00573469982157 5.00573469982157 5.00573469982157 5.00573469982157 5.00573469982157 5.00573469982157 5.00573469982157 5.00573469982157
-9999 -9999 -9999 -9999 -9999 -9999 -9999 -9999 -9999 2.37042323537984 5.0341743460461 5.0341743460461 5.0341743460461 5.0341743460461 5.0341743460461 5.0341743460461 5.0341743460461 2.55332561853761 2.26837529919609 2.73742851556496 2.60750112308632 2.44284859902775 2.24975191923013 2.28391923104112 3.36575735259879 3.39311098718281 2.92006759656922 3.72125807848792 2.214341513503 2.1988946204522 2.25358414207485 3.22615515428127 2.34115817788558 2.35531667466962 2.33411556467244 2.31986670552079 5.00573469982157 5.00573469982157 5.00573469982157 2.2681237869631 5.00573469982157 5.00573469982157 5.00573469982157 5.00573469982157 5.00573469982157 5.00573469982157
-9999 -9999 -9999 -9999 -9999 -9999 -9999 -9999 -9999 2.35656783936938 5.0341743460461 5.0341743460461 5.0341743460461 5.0341743460461 5.0341743460461 5.0341743460461 2.29509785458471 2.41889135008758 2.16870563348691 2.17602669071582 2.2006192053889 2.1629737897123 3.26905386921123 3.31731563545101 2.56979417776063 2.22304675007555 3.48149014821856 2.20665305228572 3.44418971238931 2.85310414632 2.33787330595201 2.24215536193573 3.21920479623303 2.51455133615276 2.35418841119702 2.30104497804969 2.85973159497927 2.30759124904977 2.21997397653069 3.3664439669506 5.00573469982157 5.00573469982157 1.12313833067534 5.00573469982157 5.00573469982157 5.00573469982157
-9999 -9999 -9999 -9999 -9999 -9999 2.44877450834433 2.58225571033016 2.38779731008785 2.19297127644861 3.58677672843682 5.0341743460461 5.0341743460461 5.0341743460461 5.0341743460461 2.2961783194111 2.30570914142467 2.23102699630992 2.24199192159143 2.1560116301531 2.78646807490389 3.22500780935464 2.32905922199214 2.22026908298981 2.20982142062399 2.4429282334085 2.47343457480394 2.2944040395621 3.36533134802774 2.31592005778896 2.78622646193702 2.30295898166865 2.56878450113321 3.10775733650104 2.29005501759967 2.32257563539818 2.47142723087574 2.6756211666553 2.31894018826987 3.3664439669506 2.36831694347985 4.92643455817636 2.91782940953817 2.36540918225117 5.00573469982157 5.00573469982157
-9999 -9999 -9999 -9999 -9999 -9999 2.61176216098702 2.68139575344465 2.21316686259339 3.58188637215196 2.16106982965559 5.0341743460461 5.0341743460461 5.0341743460461 5.0341743460461 3.12039669881868 3.07400112433698 3.04201568635071 2.97168430173906 2.93218475146651 2.68096939292375 2.2383610704723 3.12689416652787 3.06613791034506 2.20740280422604 2.22559232775995 2.29829464104288 2.61852358550092 3.32549031885214 2.14612124950964 2.71012284463355 2.29949325095021 2.45082252236094 2.28142777340331 3.05093227905882 2.30770894189953 2.30932721301418 2.60564161916083 2.36125021446832 3.34068956625408 2.3985680656257 4.92044943077832 2.54450850095065 2.84514249189109 2.33385140980361 2.52404638346944
-9999 -9999 -9999 -9999 -9999 2.25119520157046 2.34903533038706 2.65834573783779 3.57323764621191 2.02968534291416 1.96956929862134 5.0341743460461 5.0341743460461 5.0341743460461 2.28923604550413 2.61447964814677 2.17372217014283 2.39391203997993 2.35445964759395 2.90874322361338 2.17803485517279 2.60656265914408 2.51833204880405 3.02988695836801 2.32315760614633 2.23376713484889 2.20325199775902 2.45672131542263 2.57247092638599 3.29430665469353 2.33527607221039 2.53140579728152 2.2895388219177 2.29029715942942 2.86508654045427 2.74729515809683 2.30107568157535 2.34843997616186 2.53342309849704 3.31970615693641 2.39323585015447 4.91891591982191 2.37300824941416 2.74190248030255 2.3251048285795 2.34595504506473
-9999 -9999 2.04110888428896 2.34651430044827 2.19842997907026 2.10138147526532 2.08808463578971 2.46329274907643 3.52158790233733 1.95728380815153 2.58846775373113 2.60205047525703 3.344699963051 2.24899794967736 2.2980542573352 2.46202636189324 2.28429444755197 2.22996552285898 2.1569694570628 2.8948945077395 2.11075487870265 2.528718523357 2.31665043542006 2.64433312787538 2.9777116031774 2.40571691481532 2.25070754216258 2.23407890845071 2.53262053768682 3.28875927664865 3.24842141217137 2.19235058368663 2.29779580404178 2.3085083445486 2.8073873534725 2.20222349010968 2.57065124694693 2.33466394824981 2.40911161055193 3.2540828243118 2.39351344882974 4.91707659854112 2.35705439229442 2.3513786511921 2.46698217742411 2.31711893714974
-9999 2.26528037476162 2.58002969812465 2.24023977968373 1.94679196001881 2.20099821470843 3.49833495097 3.50552523630455 2.00651800279365 1.93365180197181 2.56799532325333 2.2674433692014 2.73652647134139 3.27778451789145 3.22032392629154 2.31754831735558 2.4349258242819 2.2378544323896 2.5456054994053 2.76569474980816 2.43138725105798 2.28397761431408 2.30908908933625 2.56211916861881 2.1923393710541 2.72722733600942 2.14378751385581 2.09444723637614 2.32845646786305 2.29866281637447 2.59090864659412 3.24189543732837 2.57475976410697 2.21511948238577 2.78185172089517 2.24636541220076 2.49407608702569 2.30621610139281 2.38699195045513 3.21648622619346 2.26697711909546 4.91512374119027 2.33033101003883 2.32150754294772 2.16246275796124 2.59342756233239
-9999 2.23780107745625 2.36031414802496 3.46148150949842 3.46638478544168 3.48821073505033 2.20590755435329 2.29608470105959 2.3236407181277 2.53503400539776 2.27409287523769 2.60904150926382 2.34471871968777 2.67786133656951 2.32610192963514 3.18101343642201 2.98023175491024 2.23376106786957 2.30972978194193 2.28089743446752 2.63327194141719 2.29804525232498 2.28350580837852 2.49313305105448 2.1918885197297 2.6764492364666 2.61622904676992 2.49761435291478 2.10624263759464 2.09203257259891 2.43356914450033 2.27857284381394 3.18538095642706 2.22003781055571 2.23915979957208 2.71056811370521 2.27381307711191 2.24550438423986 2.97554327548023 2.99836060641399 2.25788487885542 2.27632447606642 4.91389304211986 2.91488299157206 2.30370473361216 2.48584305520324
