Archive - glowpa-model-master/Model input/Uganda/rivergeometry/river_restime_1sep.asc
NCOLS 67 
NROWS 67 
XLLCORNER 29.5 
YLLCORNER -1.5 
CELLSIZE 0.0833333333283582 
NODATA_value -9999 
[rows 19 to 37 of 67, columns 0 to 41 of 67]
-9999 -9999 -9999 -9999 -9999 -9999 -9999 -9999 -9999 -9999 -9999 -9999 -9999 -9999 -9999 0.00153735601199064 0.00130287493902616 0.00173240424457949 0.00215573905011748 0.00186365725206114 0.00153654168242232 0.00224184781933859 0.00155913103959963 0.00152665833851955 0.000984271458171181 0.00215159416522572 0.00177859167637933 0.001476201560288 0.00220613469402903 0.00118226400866769 0.00128203010408399 0.0013319755428299 0.00144381453659603 0.00132673836632977 0.00160760112684501 0.00137078113545948 0.00193848224633541 0.00200653399491524 0.00153350849383852 0.0015325657367763 0.00139242355720434 0.00148806936166126
-9999 -9999 -9999 -9999 -9999 -9999 -9999 -9999 -9999 -9999 -9999 -9999 -9999 -9999 -9999 0.00197016619698448 0.00217322017517671 0.00151232193840161 0.00204065058639167 0.00147502739432279 0.00154456792637514 0.00146017364593746 0.00135439167504388 0.00179706522584225 0.00120969305254392 0.00124382064287689 0.00211865111271944 0.00199231470051207 0.000981413008538789 0.00117148531514035 0.00155811393702857 0.00218274935200737 0.00144167919757901 0.00204032695464406 0.00106838000018621 0.00107970951292763 0.00128740269302094 0.00145220039458529 0.0015438470008032 0.00149258764435632 0.00145680728104112 0.00205368682247227
-9999 -9999 -9999 -9999 -9999 -9999 -9999 -9999 -9999 -9999 -9999 -9999 -9999 -9999 -9999 0.00155817110100931 0.00218159540136645 0.00219956070372163 0.00160206730400447 0.00154333233421959 0.00203820919952431 0.00157896273958759 0.00184544861176768 0.00153293455241069 0.000980701286813669 0.000695544937482277 0.000695619546028882 0.000695928991107074 0.00145714844352467 0.000982144854098812 0.00069655222620427 0.00151226653238257 0.00135704056530459 0.0020672635713299 0.00149631301259272 0.0015411175736868 0.00144986814754975 0.00165348859494163 0.00121965548226192 0.00125251910375813 0.00130830735048951 0.00153319236343869
-9999 -9999 -9999 -9999 -9999 -9999 -9999 -9999 -9999 -9999 -9999 -9999 -9999 -9999 -9999 -9999 0.00155245170438134 0.00205087624486233 0.00148967576831539 0.00226872844274385 0.000984329559570267 0.000984357139348315 0.00069809853292695 0.000695495700240105 0.00152039626133449 0.00150949405771544 0.00148693214680583 0.00179085538869121 0.00130537060934004 0.00136240598734087 0.0014161875832567 0.000982448315153237 0.000696798776139342 0.000696999365463197 0.0014781180727218 0.0014520287119414 0.00113454063667856 0.00147982255842433 0.00192461960062527 0.00145996668023724 0.00146921873358207 0.00215573701497688
-9999 -9999 -9999 -9999 -9999 -9999 -9999 -9999 -9999 -9999 -9999 -9999 -9999 -9999 -9999 -9999 -9999 0.00214864535980976 0.000693966935083311 0.000693966199622564 0.00069813736525444 0.000693966199622564 0.00069813736525444 0.00137515733937988 0.0014229736972252 0.00184082815331981 0.00139337507378184 0.00182043915182778 0.00145621600505716 0.00145592932699919 0.00149559514230945 0.00150129461318779 0.00183673918157797 0.000694158925624488 0.00149086329514629 0.00194278800584464 0.00156441547999556 0.00136521363264847 0.00146433886291751 0.00147926430368364 0.00152354751128974 0.00217259985313636
-9999 -9999 -9999 -9999 -9999 -9999 -9999 -9999 -9999 -9999 -9999 -9999 -9999 -9999 -9999 0.00159118393318862 0.00162568632866701 0.000693966199622564 0.000984383689481315 0.000984383689481315 0.00069817480020651 0.000693965464161816 0.00069817480020651 0.000693966199622564 0.00154408800144017 0.00113682938534665 0.0011541774935733 0.00137521467590565 0.00198216349964885 0.00158414973670379 0.00212727317041977 0.00212048350737824 0.00149159730574553 0.00127201564598717 0.000984850004892214 0.00110613128336967 0.00146954918598572 0.00212962803200954 0.00213578449850658 0.00181555096307759 0.00138039145006986 0.00154455903064343
-9999 -9999 -9999 -9999 -9999 -9999 -9999 -9999 -9999 -9999 -9999 -9999 -9999 -9999 -9999 0.00152077808103362 0.000984409136423193 0.000698210764237084 0.000698210764237084 0.000698210764237084 0.000984433627266099 0.000693964728701068 0.000698210764237084 0.000984433627266099 0.00138865085404475 0.0014851586123326 0.0020805049404461 0.00178268345157394 0.00209318017523809 0.00140176631398968 0.00150178269804141 0.00149886617926492 0.00150316854966181 0.000986468340513066 0.00115729652586497 0.00118552389396087 0.00119827122578532 0.00122400615967699 0.00125764688956341 0.0014326062192639 0.00142976310004737 0.00153233207440624
-9999 -9999 -9999 -9999 -9999 -9999 -9999 -9999 -9999 -9999 -9999 -9999 -9999 -9999 -9999 0.000984433627266099 0.000698245257346161 0.000698245257346161 0.000698245257346161 0.000984457088463958 0.000693964066786394 0.000698245257346161 0.000984457088463958 0.00145529779697632 0.00173932497657091 0.00146822236009163 0.00146608342867881 0.00129209011372494 0.00152930804284426 0.00181799007111755 0.00141775867598508 0.00198773034042753 0.00212558376127993 0.000700370215137881 0.00098735235628847 0.00195352387319381 0.00148017370902251 0.00150240510690031 0.00149596157499777 0.00132533953911083 0.00136121341293409 0.00156683592632538
-9999 -9999 -9999 -9999 -9999 -9999 -9999 -9999 -9999 -9999 -9999 -9999 -9999 -9999 -9999 0.000698278279533743 0.000698278279533743 0.000698278279533743 0.000984479593562845 0.000693963404871721 0.000698278279533743 0.000984479593562845 0.000698278279533743 0.0015865437631116 0.0013006358994908 0.00209540513240184 0.00213588036960766 0.00151027818282163 0.00213526819469184 0.00214295526701464 0.00173224553513077 0.000700448725664001 0.000700448725664001 0.000696120439152739 0.00152330397432256 0.00213754915358691 0.00148088385572481 0.00133138232123287 0.00124502949850326 0.00146464529883076 0.0010549236733388 0.0011878130720882
-9999 -9999 -9999 -9999 -9999 -9999 -9999 -9999 -9999 -9999 -9999 -9999 -9999 -9999 0.000698309830799829 0.000984479593562845 0.000698309830799829 0.000984500995470609 0.000698309830799829 0.000984500995470609 0.000984500995470609 0.000693962816503123 0.00183468257673726 0.00136472507190005 0.00132353546060966 0.00136795655328366 0.00214533935358412 0.001308541209673 0.00152603117400045 0.00218611287359684 0.0014324184706681 0.000987561102649199 0.000987539634218259 0.000700480375000334 0.00140390387953109 0.00140068230569363 0.00151135392602804 0.00141706746241918 0.00143293028627298 0.00147494302487027 0.00148265510039714 0.00122264191154145
-9999 -9999 -9999 -9999 -9999 -9999 -9999 -9999 -9999 -9999 -9999 0.000693962816503123 0.000984500995470609 0.000984521367733327 0.000984500995470609 0.00069833991114442 0.000984521367733327 0.000693962228134525 0.000984521367733327 0.000693962228134525 0.000984521367733327 0.00211795777759019 0.00149430532722605 0.00154026911459944 0.002168812076536 0.00141566761342963 0.00152428491059723 0.00128383301574297 0.00153272752406801 0.00160870393137935 0.00199651457231053 0.000696119258757911 0.000700510548843132 0.000987581538234663 0.000710103408475078 0.00141404332367824 0.00100689122522514 0.00100984512168497 0.000705652581915689 0.00100108486050171 0.00100108486050171 0.000705652581915689
-9999 -9999 -9999 -9999 -9999 -9999 -9999 -9999 -9999 -9999 0.00144617099699765 0.000698368594113589 0.000693962228134525 0.000698368594113589 0.000698368594113589 0.000984540783897072 0.000693961639765926 0.000698368594113589 0.000984540783897072 0.000984540783897072 0.00205270064357066 0.00156268597104421 0.00157094125820874 0.00205444191348778 0.00153233328875698 0.00155281805762285 0.00142004827390604 0.00122525754220444 0.00142756180417672 0.00167938513377995 0.00127884688826935 0.00135593187538149 0.00151446271593445 0.00132470880506213 0.000705651385356419 0.00100112531916202 0.000710132574607283 0.000710132574607283 0.000705651983636055 0.00100110557593407 0.000710132574607283 0.00100110557593407
-9999 -9999 -9999 -9999 -9999 -9999 -9999 -9999 -9999 -9999 0.000698395732615188 0.000984559170415771 0.000698395732615188 0.000698395732615188 0.000984559170415771 0.000693961124943403 0.000693961124943403 0.000984559170415771 0.00157074296325123 0.00124594890492245 0.00217780444166405 0.00217596638265253 0.00216213245059453 0.00154152540349561 0.00130031407261882 0.00141518312478249 0.00119652001986552 0.00121837639871331 0.00093034329647812 0.00127957249817295 0.00106694492606086 0.00149158769931633 0.00209963577406896 0.00149892741498305 0.00191283772280558 0.00201733348117935 0.000705650861861739 0.00100114401540062 0.000710160170255446 0.000710160170255446 0.000710160170255446 0.000710160170255446
-9999 -9999 -9999 -9999 -9999 -9999 -9999 -9999 -9999 0.00147612925215346 0.00069842140019529 0.00069842140019529 0.00069842140019529 0.000984576527289422 0.000693960610120879 0.00069842140019529 0.000984576527289422 0.00135417311998072 0.002163971109923 0.00126306790706067 0.00133720873081261 0.0014292325846013 0.00151607398339978 0.00211688059262914 0.00102596346844258 0.00143567467552095 0.00118342543884526 0.0013142378473354 0.00220416522861769 0.0015592939127785 0.00152441961746754 0.00151761516366694 0.00146634693604267 0.00145992749100306 0.00147587230943556 0.00148757525867872 0.000710186270204521 0.000705650338367058 0.00100116166464985 0.0015316333694746 0.00100116166464985 0.000710186270204521
-9999 -9999 -9999 -9999 -9999 -9999 -9999 -9999 -9999 0.00148885110377033 0.000698445596853897 0.000698445596853897 0.000984592854518026 0.00069396016884443 0.000698445596853897 0.000984592854518026 0.0015152424315676 0.00142979858037339 0.00225905877380266 0.00158955325628222 0.00220819825701113 0.00156803586409303 0.00105454505647288 0.00146423905937957 0.00134453907230042 0.0015463240408904 0.0014005268154219 0.00156132636737628 0.00142521150029494 0.00121235990937847 0.00147895287605533 0.00154330582021443 0.00152091238629522 0.00137623917741838 0.00207514503057248 0.00212831574009707 0.00171353188037687 0.00150756316270739 0.00156768241351899 0.0014765503266172 0.000705649889657332 0.000710210874454509
-9999 -9999 -9999 -9999 -9999 -9999 0.00143313750712513 0.00135620126356216 0.00147184802883558 0.00226780920457887 0.00100265997764095 0.000984608152101583 0.000693959727567982 0.000984608152101583 0.000984608152101583 0.00150476674165045 0.00212425076126413 0.00220491156516233 0.00155576719298472 0.0016392589469144 0.00123591979486855 0.00150866988128885 0.00149057262213058 0.00154767250466382 0.00220132081984973 0.00199188234822105 0.00138670301028959 0.00212418150510357 0.00102985526289252 0.0021053705325037 0.00175017201305299 0.00150142065393544 0.00134027543892512 0.00157763751630251 0.0015146885116896 0.00149361135547708 0.00139602298243091 0.00183172769670015 0.00211618957151743 0.00104070068932328 0.00149129272226993 0.00102405655198081
-9999 -9999 -9999 -9999 -9999 -9999 0.00190639197786281 0.00185330614055134 0.00159498220399414 0.00141375276192505 0.00162528144965921 0.000984622420040092 0.000984622420040092 0.000693959286291533 0.000698489650952698 0.00108969365964779 0.00110357067954676 0.00111317520783353 0.00113327663954823 0.00114279496843382 0.00126434518819919 0.00222227865074214 0.00155716050506199 0.00112578784371938 0.00157337070670357 0.001543172755966 0.0014923052123536 0.00186460870150294 0.00104316447993056 0.00226583417205956 0.00126845414956003 0.00150523649363821 0.00140601314212947 0.00151999367128762 0.001607716499709 0.00150380820370605 0.00150368505146726 0.00132530680765385 0.00146408271648708 0.0010497958606383 0.00146835532338154 0.000722717467744856
-9999 -9999 -9999 -9999 -9999 0.00156805451941817 0.00211728079487646 0.00132857547018379 0.00141481784464167 0.00244132097250288 0.00251357711729162 0.000698509508392892 0.000693958918561159 0.000693958918561159 0.00148748824755824 0.00179933211468315 0.00155822777200108 0.00143478272970396 0.00207698902419707 0.00114055596287571 0.00161440620754838 0.00182816481842129 0.00135978001696779 0.00113002853431389 0.00150643177632113 0.0021825754390429 0.00220927828725548 0.0014026701901273 0.00134557551102129 0.0014943650664723 0.00147221007111216 0.00192755427241979 0.00151365519801386 0.0015158724463813 0.0012021494294706 0.00179646554875281 0.00151091773178696 0.00147077043141017 0.00137384362032769 0.00105667094060467 0.00146830640774508 0.00072289841812671
-9999 -9999 0.00171819739302351 0.00212077409495111 0.00160647518545766 0.0016653752175877 0.00168790822416976 0.00143191464401841 0.00101217230947919 0.00178106341525618 0.0013380926346402 0.00132324960720995 0.00100322816016917 0.00212245931176931 0.00203635240285049 0.00134413112807567 0.00145457366795194 0.00151111182915901 0.00156084310455515 0.00114366095576296 0.00158957063916392 0.00131301022994787 0.00144166329024673 0.00127146393135395 0.00162626465939006 0.00145597750382501 0.00155162869494866 0.00154604319639913 0.00136782107837277 0.00105508470972353 0.00107522370264665 0.00156284336563494 0.00212536945624073 0.00212068399844799 0.00122636767258981 0.00158166184585418 0.00192769981545435 0.00149072699913329 0.00203395848252924 0.00108059774663281 0.00206809028708278 0.000723155413524409
