Archive - glowpa-model-master/Model input/Uganda/rivergeometry/river_restime_1mar.asc
NCOLS 67 
NROWS 67 
XLLCORNER 29.5 
YLLCORNER -1.5 
CELLSIZE 0.0833333333283582 
NODATA_value -9999 
[rows 0 to 18 of 67, columns 0 to 41 of 67]
-9999.000000000000000 -9999 -9999 -9999 -9999 -9999 -9999 -9999 -9999 -9999 -9999 -9999 -9999 -9999 -9999 -9999 -9999 -9999 -9999 -9999 -9999 -9999 -9999 -9999 -9999 -9999 -9999 -9999 -9999 -9999 -9999 0.00226760884111354 0.00160205165878902 -9999 -9999 -9999 -9999 -9999 -9999 -9999 -9999 -9999
-9999 -9999 -9999 -9999 -9999 -9999 -9999 -9999 -9999 -9999 -9999 -9999 -9999 -9999 -9999 -9999 -9999 -9999 -9999 -9999 -9999 -9999 -9999 -9999 -9999 -9999 -9999 -9999 -9999 0.00159442671562829 0.00213058354927169 0.00162838069098268 0.00204828120340074 0.00231148251729876 0.00229543175317224 0.00163694599563996 0.00155687348071816 0.00223887972824019 0.0016506673430125 0.00162096467914161 -9999 -9999
-9999 -9999 -9999 -9999 -9999 -9999 -9999 -9999 -9999 -9999 -9999 -9999 -9999 -9999 -9999 -9999 -9999 -9999 -9999 -9999 -9999 -9999 -9999 -9999 -9999 -9999 -9999 -9999 -9999 0.00138124253744501 0.0016608346242346 0.00141321551689268 0.00164750461149446 0.00118020158401538 0.00165910415710287 0.00171063705704574 0.00123303879600923 0.00126974883406815 0.0013637281486098 0.0014446393310032 0.00164482438130605 0.0022216990213966
-9999 -9999 -9999 -9999 -9999 -9999 -9999 -9999 -9999 -9999 -9999 -9999 -9999 -9999 -9999 -9999 -9999 -9999 -9999 -9999 -9999 -9999 -9999 -9999 -9999 0.00163399150636508 -9999 -9999 -9999 0.00193713342130756 0.00168424868177154 0.00161622291812622 0.00165575700056818 0.00233438173645519 0.0016776216089249 0.00151600273371442 0.00160761191621717 0.00159733752352375 0.00204817013330542 0.00156138313613893 0.00157958026525844 0.00222166999515294
-9999 -9999 -9999 -9999 -9999 -9999 -9999 -9999 -9999 -9999 -9999 -9999 -9999 -9999 -9999 -9999 -9999 -9999 -9999 -9999 -9999 -9999 0.00159082945357374 -9999 -9999 0.00217073000173127 -9999 -9999 -9999 0.00079341829270691 0.000891597853290388 0.000901479784227 0.00139965905041211 0.00145192752032056 0.0015585215254048 0.0023149709421769 0.001599044615967 0.00209537914257176 0.00155247294779046 0.00167322350189471 0.00202758055243332 0.00168341862165626
-9999 -9999 -9999 -9999 -9999 -9999 -9999 -9999 -9999 -9999 -9999 -9999 -9999 -9999 -9999 -9999 -9999 -9999 -9999 -9999 -9999 0.00214599900843586 0.001478723645338 0.00160379953589886 0.00147844004235443 0.00242072895011718 0.000706985200212995 0.000703712765534519 0.00099572579217556 0.000702464393217964 0.00178754144146191 0.000898765121349493 0.00117571535051263 0.00118705041568749 0.00155906275220465 0.00191010873322962 0.00138399174186876 0.00158392944293408 0.0023481108611705 0.00164663738345912 0.00229854667334321 0.00138042754285886
-9999 -9999 -9999 -9999 -9999 -9999 -9999 -9999 -9999 -9999 -9999 -9999 -9999 -9999 -9999 -9999 -9999 -9999 -9999 0.00158313374358009 0.00128494867703335 0.00126425788950345 0.0012160369367538 0.00119624894882073 0.00199008391620484 0.00179412842133961 0.000703711423150193 0.000707049932968257 0.000705796986943813 0.000702463127657196 0.00152405942024752 0.00175376312921458 0.00128437134705914 0.00218051647156642 0.00168577255193939 0.00129322461619318 0.00131032267486913 0.00139833720158789 0.00163516562760173 0.0015186650804278 0.00144686928619744 0.00133108223269332
-9999 -9999 -9999 -9999 -9999 -9999 -9999 -9999 -9999 -9999 -9999 -9999 -9999 -9999 -9999 -9999 -9999 0.00145291165814252 0.00140054076821126 0.00188661403085348 0.0015850381609489 0.00215446133476269 0.00227125231258089 0.00119482573531061 0.00313194691935482 0.0013969385296353 0.000997650023875651 0.00227601808914275 0.00145375378786801 0.00140902010767442 0.00115873019908229 0.00163621419567454 0.000906123210955177 0.00172798314589935 0.00227657472790341 0.00208319468022346 0.00146964205906925 0.00158224803566874 0.00162994348673632 0.00161706870857466 0.00194361606799862 0.0016149486746045
-9999 -9999 -9999 -9999 -9999 -9999 -9999 -9999 -9999 -9999 -9999 -9999 -9999 -9999 -9999 -9999 -9999 0.00144596819719267 0.00219722830728389 0.00157145827616825 0.00157623569511373 0.00202275100991551 0.00145027838113657 0.00117262585517349 0.00117114778508074 0.000997932176686171 0.00163893418222948 0.00163072638066332 0.00151395672110871 0.00146400605049779 0.0011621379467613 0.00115794669451235 0.00161533195750052 0.00128501238726491 0.00215680968975463 0.00159350725879182 0.00222809112027819 0.00157904264905024 0.00214515688335329 0.00160444536059081 0.00159692656805804 0.00104498769394307
-9999 -9999 -9999 -9999 -9999 -9999 -9999 -9999 -9999 -9999 -9999 -9999 -9999 -9999 -9999 -9999 -9999 0.00138141312385801 0.00134403955652512 0.00127043185298542 0.00149173683067782 0.00199377890737041 0.0020102464943327 0.00279050500415614 0.000999005891694901 0.001654192607758 0.00202157193264993 0.00170001545502727 0.00215179286174171 0.0013106978846705 0.00118077709550257 0.00161265084939375 0.00165521795072966 0.000906486410760677 0.000911765427472852 0.0016895653751444 0.00224925915297568 0.00190253853593594 0.00152877287304597 0.00146371034786556 0.00146942450306593 0.00104865598518663
-9999 -9999 -9999 -9999 -9999 -9999 -9999 -9999 -9999 -9999 -9999 -9999 -9999 -9999 -9999 -9999 0.0015412417579053 0.00143263420887693 0.00124117253077298 0.00116688739209297 0.00114381368095128 0.00114230716708381 0.00158669479255603 0.00142450045145515 0.000704717546184141 0.00131038260369782 0.00158187181932371 0.00224499255040114 0.00208425886616116 0.00138106003483216 0.00126131289372241 0.00225564796154129 0.00117871362783456 0.00152355037540027 0.00166952639309491 0.00128681136801042 0.00133347940477111 0.00155831606946995 0.0014469549020568 0.00102767671356332 0.00148664501189567 0.00160999964349567
-9999 -9999 -9999 -9999 -9999 -9999 -9999 -9999 -9999 -9999 -9999 -9999 -9999 -9999 -9999 -9999 0.00154160713852199 0.00182838473496953 0.0015673003687837 0.00210797279914669 0.00154541065247238 0.00234486434692467 0.00276475056334256 0.000999692213993825 0.0017126908322904 0.00132652177698876 0.00136562977003833 0.00157127633230079 0.00156442661528051 0.00142030499750532 0.00130066812646336 0.00180742683545628 0.00119735852026792 0.00152378546258444 0.00154092872970701 0.000956399173011321 0.0014244914627023 0.00101053244642431 0.0012589898669905 0.00157540022339138 0.00192856292593465 0.00140321013857084
-9999 -9999 -9999 -9999 -9999 -9999 -9999 -9999 -9999 -9999 -9999 -9999 -9999 -9999 -9999 0.00154599167743361 0.00192574258575907 0.00150747868585512 0.00142828923167467 0.00182641418145972 0.00170940082976558 0.0024024990749278 0.000705940026205748 0.000705938903997913 0.00154754425245879 0.00222000124123561 0.00156935765654346 0.00220809279312835 0.00155519069248037 0.0014581245094938 0.00147847344000006 0.00194225699102098 0.00122964909635089 0.00228101928821741 0.00156825150269664 0.00135485747991919 0.0013627802772146 0.00159614255234367 0.00147975542255107 0.00185336751532617 0.00224202713463599 0.00149497590150358
-9999 -9999 -9999 -9999 -9999 -9999 -9999 -9999 -9999 -9999 -9999 -9999 -9999 -9999 -9999 -9999 0.00149394565551236 0.00147532263905237 0.00199702683671254 0.00151606329316804 0.00181375536354727 0.00294080695828756 0.00100103594828654 0.000705937856603933 0.00205948108783024 0.00220473303901313 0.00203385040748313 0.00154491582473893 0.00212305824046236 0.00159470112013864 0.00156930738940366 0.00144179522300245 0.00123796561230802 0.00138739619504107 0.00220840660915816 0.00153600145143847 0.000961543758980263 0.00163100851374629 0.0015781628352959 0.00133058715948182 0.00150575054802502 0.00160431013007016
-9999 -9999 -9999 -9999 -9999 -9999 -9999 -9999 -9999 -9999 -9999 -9999 -9999 -9999 -9999 -9999 -9999 0.00148145778872718 0.00138810212038968 0.00133418387589844 0.00132337699193157 0.00121016971158909 0.000706163988067978 0.00197135980881024 0.00146073867977305 0.00137909621825011 0.00219493266587375 0.00194858735989082 0.00158900267356275 0.00155069217009165 0.00218523101125948 0.00153882105364589 0.00131259710955824 0.00143471326177532 0.00154186105799751 0.00153613047729086 0.00130564695758699 0.00137298188867097 0.00162042649056233 0.00161815645428581 0.00152069728439669 0.00156872291488742
-9999 -9999 -9999 -9999 -9999 -9999 -9999 -9999 -9999 -9999 -9999 -9999 -9999 -9999 -9999 -9999 0.00143926193883349 0.00192347057118058 0.0015582839731427 0.00144681057297619 0.00140947340366566 0.00198331575103915 0.000706721057568743 0.0015318398862729 0.00172873373517201 0.00122876706501522 0.00131631144075152 0.00155395323256373 0.00159178950431212 0.00139186494075347 0.0019682526022707 0.00156332165408034 0.00152231820878537 0.00196397085716435 0.00147902595873062 0.00142600112558471 0.00137167517616554 0.00138365539659525 0.00137980792657916 0.00107068247373294 0.00144070638673703 0.00152341930661965
-9999 -9999 -9999 -9999 -9999 -9999 -9999 -9999 -9999 -9999 -9999 -9999 -9999 -9999 -9999 -9999 0.00144088592250458 0.0012262432707092 0.00166424550823308 0.00155807342095552 0.00109478925358185 0.00107553766556867 0.00107557624617065 0.00100242068637525 0.00157556033726759 0.00223241499040154 0.00221438570301537 0.00220548922332813 0.00125204762078364 0.00128553182252139 0.00156145550790941 0.00219869139273813 0.00207509830513225 0.00150913949111164 0.00199597355065752 0.00151884199184541 0.00217947700350021 0.0015657700120095 0.00133149277175481 0.00147136328528306 0.00166225186739035 0.00215514589685787
-9999 -9999 -9999 -9999 -9999 -9999 -9999 -9999 -9999 -9999 -9999 -9999 -9999 -9999 -9999 0.00205705162948456 0.00180501932003848 0.00151852362881462 0.00118903724559816 0.00155159196148899 0.00183062478276301 0.0016645068359336 0.00234539717423749 0.000708568703815427 0.00165262830845994 0.00118944540302028 0.0012050627752993 0.00122450944233213 0.00123582667625734 0.00159418609924032 0.00143858137493611 0.00216115727857136 0.00155360843055847 0.00181509776746009 0.00154739312222772 0.0020296237640635 0.00156582737347818 0.00141156935566297 0.00136452203249204 0.00103898426056804 0.0010465026324946 0.00162112045731137
-9999 -9999 -9999 -9999 -9999 -9999 -9999 -9999 -9999 -9999 -9999 -9999 -9999 -9999 -9999 0.0015144744903606 0.00131663122843135 0.00214671735697327 0.00121513545846275 0.00149302203052795 0.00129947596270562 0.00171048494406007 0.00151797221306448 0.000708616937944736 0.00166489444375423 0.00225509734245627 0.00157641684841652 0.00209503350646212 0.00162201032445466 0.001586820280619 0.00190190743847121 0.00153344424150161 0.00153062745385831 0.0014215536090502 0.001217696322788 0.00156037841975561 0.00154343232064408 0.00156775140929684 0.00223900296856563 0.00147443341915581 0.00131348572579236 0.00149869507822693
