Archive - glowpa-model-master/Model input/Uganda/rivergeometry/river_flowvelocity_1oct.asc
NCOLS 67 
NROWS 67 
XLLCORNER 29.500000001 
YLLCORNER -1.499999999 
CELLSIZE 0.0833333332985075 
NODATA_value -9999 
[rows 20 to 39 of 67, columns 0 to 45 of 67]
-9999 -9999 -9999 -9999 -9999 -9999 -9999 -9999 -9999 -9999 -9999 -9999 -9999 -9999 -9999 2.53848507567774 2.30070228965408 2.33028385235293 2.44670234646148 2.37667039671462 2.2881658257755 2.42130838858239 2.59830569719116 2.77837850871051 2.9465202589269 2.87975858031884 2.39590177533723 2.53017008124826 5.058545269033 3.02318245529955 2.27801407752523 2.28987984595057 2.44306806011914 2.44755620964089 3.28706671892728 3.27177715745 2.73881568540387 2.43392132337659 2.26946229117714 2.3530631507742 2.40979413222913 2.42255677763563 2.49990130406056 2.53315540982262 3.27406116558879 2.21512476320491
-9999 -9999 -9999 -9999 -9999 -9999 -9999 -9999 -9999 -9999 -9999 -9999 -9999 -9999 -9999 2.2620626164179 2.29347757095242 2.27304794593978 2.19590405363296 2.29583467736954 2.45113493730283 2.2417223921859 2.69383949674925 2.32281463291999 5.06259494651393 5.06241353916932 5.06184901334827 5.05933726700763 2.45596313322493 5.05498001898948 5.05474270206858 2.34398740602275 2.59515752376096 2.41684486277231 3.32862536571134 2.29328482209693 2.42592258355368 3.01186970612854 2.89498110375186 2.81930313150731 2.69828808146155 2.29991257191732 2.27864780547055 2.38115147340983 2.3542657108988 3.21315774933515
-9999 -9999 -9999 -9999 -9999 -9999 -9999 -9999 -9999 -9999 -9999 -9999 -9999 -9999 -9999 -9999 2.28686175496657 2.4405725123306 2.3642640965144 2.20997382431904 5.06472239270418 5.06472239270418 5.06472239270418 5.06286024296247 2.35409706433287 2.3738681949603 2.4184922835003 2.81299778539548 2.73052430493912 2.60962631344642 2.49071678784157 5.05368208510143 5.05340656311545 5.05202487293476 2.39833715574034 2.42408804654768 3.09559349555408 2.38893616848931 2.59002046806928 2.42116520088262 2.39204332124527 2.30429499139323 2.27114052985367 2.26360026526082 2.34922717368168 2.33497516789529
-9999 -9999 -9999 -9999 -9999 -9999 -9999 -9999 -9999 -9999 -9999 -9999 -9999 -9999 -9999 -9999 -9999 2.3277502003011 5.06472239270418 5.06472239270418 5.06472239270418 5.06472239270418 5.06472239270418 2.61644406532638 2.53251512720811 2.76464711642562 2.59351413719687 2.7770145927812 2.46090809526383 2.42626597401819 2.35690511217914 2.36034711505961 2.71991571871645 5.04253745742166 2.37666592664911 2.56807492199248 3.18559520735045 2.59174839822342 2.41585112632049 2.37750437121598 2.30280071567165 2.28439094575163 2.51334218297379 2.6952750375121 2.35982329516885 2.25422772823788
-9999 -9999 -9999 -9999 -9999 -9999 -9999 -9999 -9999 -9999 -9999 -9999 -9999 -9999 -9999 2.22086592932241 2.1725332368951 5.06472239270418 5.06472239270418 5.06472239270418 5.06472239270418 5.06472239270418 5.06472239270418 5.06472239270418 3.28186743912044 3.1557234559656 3.10615512435905 2.60416223431626 2.53880246173665 2.24705779522974 2.34915000367357 2.35603429019187 2.36124817317286 2.78458239987238 5.04179271608296 3.19579606823397 2.39821594864909 2.34601576462691 2.33539438794432 2.74456310892642 2.55786288759431 2.27658480010753 2.9503450821609 2.74681653296657 2.27979010497828 2.43363012494598
-9999 -9999 -9999 -9999 -9999 -9999 -9999 -9999 -9999 -9999 -9999 -9999 -9999 -9999 -9999 2.33912119329207 5.06472239270418 5.06472239270418 5.06472239270418 5.06472239270418 5.06472239270418 5.06472239270418 5.06472239270418 5.06472239270418 2.58449330120382 2.43221523754076 2.43836055666149 2.83344746937587 2.40517688039295 2.5153421707712 2.34628457912222 2.35158950806598 2.35902485272986 5.03348095774488 3.05980260361887 2.984602137721 2.95228067104383 2.88923782903973 2.81129671442175 2.45355332637919 2.45412255849463 2.28404296440441 3.04233439799929 2.51542883971305 2.27180585754484 2.2891021358209
-9999 -9999 -9999 -9999 -9999 -9999 -9999 -9999 -9999 -9999 -9999 -9999 -9999 -9999 -9999 5.06472239270418 5.06472239270418 5.06472239270418 5.06472239270418 5.06472239270418 5.06472239270418 5.06472239270418 5.06472239270418 2.47913674678322 2.9083297660716 2.45372535744419 2.450906293188 2.75300478821133 2.33007636548176 2.75154582565042 2.50249798175871 2.51612032108701 2.35465257801714 5.02881864806763 5.02900270758827 2.56159145748407 2.39679468758306 2.34634717729975 2.35250317553409 2.65050641709062 2.58954908913092 3.16696234341601 2.30158223268669 2.64876794446755 2.50245353599123 2.40746224894303
-9999 -9999 -9999 -9999 -9999 -9999 -9999 -9999 -9999 -9999 -9999 -9999 -9999 -9999 -9999 5.06472239270418 5.06472239270418 5.06472239270418 5.06472239270418 5.06472239270418 5.06472239270418 5.06472239270418 5.06472239270418 2.27004930496879 2.73477459933693 2.40790227981147 2.3586830629411 2.35081284298337 2.35272490119448 2.33985102317531 2.88790829460152 5.02852170970913 5.02852170970913 5.02852170970913 2.33112059093599 2.34097305772455 2.39305685747738 2.66102605816166 2.82566780130114 3.39050273473057 3.33817918900565 2.96601038750037 2.3422682415471 2.71026531632957 4.95310079639808 4.95310079639808
-9999 -9999 -9999 -9999 -9999 -9999 -9999 -9999 -9999 -9999 -9999 -9999 -9999 -9999 5.06472239270418 5.06472239270418 5.06472239270418 5.06472239270418 5.06472239270418 5.06472239270418 5.06472239270418 5.06472239270418 2.74124248511209 2.60962126513508 2.68047663349256 2.60669495416426 2.34817214453099 2.70882528967242 2.33865692192715 2.30313676587267 2.48483109998287 5.02852170970913 5.02852170970913 5.02852170970913 3.54584422572895 2.539958658226 2.3495013589894 2.49165158152701 3.46901643440569 2.40046508751725 2.36893732636599 2.86440812528014 2.80559871197849 2.29771057303935 4.95310079639808 4.95310079639808
-9999 -9999 -9999 -9999 -9999 -9999 -9999 -9999 -9999 -9999 -9999 5.06472239270418 5.06472239270418 5.06472239270418 5.06472239270418 5.06472239270418 5.06472239270418 5.06472239270418 5.06472239270418 5.06472239270418 5.06472239270418 2.37799267499454 2.37566404613709 2.29436592354873 2.30233886099876 2.4998253507059 2.31809694045343 2.76036602318235 2.32022166344467 2.22988308941097 2.52561999683031 5.02852170970913 5.02852170970913 5.02852170970913 4.95310079639808 3.51912192057981 3.50439395722247 3.49361460550921 4.95310079639808 4.95310079639808 4.95310079639808 4.95310079639808 4.95310079639808 4.95310079639808 4.95310079639808 4.95310079639808
-9999 -9999 -9999 -9999 -9999 -9999 -9999 -9999 -9999 -9999 2.43990105062228 5.06472239270418 5.06472239270418 5.06472239270418 5.06472239270418 5.06472239270418 5.06472239270418 5.06472239270418 5.06472239270418 5.06472239270418 2.45724318999263 2.28958374517757 2.25868213902816 2.43119787816777 2.29451787852519 2.26512742820633 2.49668378912166 2.88771716496389 2.49571017975451 2.16283819521552 3.93377789148885 2.62045406606331 2.35543150747468 2.68189928082899 4.95310079639808 4.95310079639808 4.95310079639808 4.95310079639808 4.95310079639808 4.95310079639808 4.95310079639808 4.95310079639808 4.95310079639808 4.95310079639808 4.95310079639808 4.95310079639808
-9999 -9999 -9999 -9999 -9999 -9999 -9999 -9999 -9999 -9999 5.06472239270418 5.06472239270418 5.06472239270418 5.06472239270418 5.06472239270418 5.06472239270418 5.06472239270418 5.06472239270418 2.28009437814502 2.85542879027645 2.32045024766141 2.32306873071218 2.31870609726308 2.29834886037428 2.70571361303748 2.4862982207957 2.95819978862199 2.92460651659432 3.83471645811645 3.93236482355581 3.3551164321356 2.39758589002041 2.40367094628573 2.38587273197722 2.63463891795542 2.49076627873241 4.95310079639808 4.95310079639808 4.95310079639808 4.95310079639808 4.95310079639808 4.95310079639808 4.95310079639808 4.95310079639808 4.95310079639808 4.95310079639808
-9999 -9999 -9999 -9999 -9999 -9999 -9999 -9999 -9999 2.41695520905132 5.06472239270418 5.06472239270418 5.06472239270418 5.06472239270418 5.06472239270418 5.06472239270418 5.06472239270418 2.63992871219425 2.33004253680142 2.81694332633566 2.67576613179464 2.49951956396823 2.35663412485002 2.38713617259279 3.48275241134932 3.50596655146285 2.99134915607027 3.82748258623297 2.29483258546465 2.29378263373591 2.34187234075712 3.32495533139866 2.42897004070277 2.43513487945136 2.40391321384943 2.37793368451758 4.95310079639808 4.95310079639808 4.95310079639808 2.32839450232122 4.95310079639808 4.95310079639808 4.95310079639808 4.95310079639808 4.95310079639808 4.95310079639808
-9999 -9999 -9999 -9999 -9999 -9999 -9999 -9999 -9999 2.38780392832064 5.06472239270418 5.06472239270418 5.06472239270418 5.06472239270418 5.06472239270418 5.06472239270418 2.37137617039245 2.49778654449974 2.24550368575032 2.2401728119097 2.29374860658625 2.31402376876229 3.39413471030378 3.4446017857214 2.65885223240141 2.2999454718393 3.59205001229391 2.28587658369358 3.53189036821912 2.9586929607236 2.42513189491133 2.33475766151668 3.31764281626719 2.60251470701553 2.43073189272867 2.36293614776656 2.93698644179582 2.36475534118981 2.27413732277985 3.38312223044527 4.95310079639808 4.95310079639808 1.05556301731802 4.95310079639808 4.95310079639808 4.95310079639808
-9999 -9999 -9999 -9999 -9999 -9999 2.45665551576742 2.59605010543123 2.4122770650975 2.19631949459798 3.61601135893158 5.06472239270418 5.06472239270418 5.06472239270418 5.06472239270418 2.38453676874282 2.38570104594025 2.29466831886139 2.27388415866561 2.16985703032813 2.90726657814216 3.34430750112388 2.3743551050991 2.29451135536654 2.2929964449311 2.53323922787461 2.56572786000595 2.37924645014793 3.44099040896857 2.39999008608872 2.88941302902558 2.39007120011012 2.65983536811548 3.19492336436197 2.3647778504646 2.39574639889386 2.54339211909316 2.74826088683207 2.37642335202008 3.38312223044527 2.36829358013015 4.83853943735804 2.95467623507969 2.39919558411175 4.95310079639808 4.95310079639808
-9999 -9999 -9999 -9999 -9999 -9999 2.61715107109685 2.6953090729188 2.21991241401819 3.61759803569894 2.1762371289182 5.06472239270418 5.06472239270418 5.06472239270418 5.06472239270418 3.31911269285936 3.27854060196968 3.25273495388597 3.19943095722366 3.17923107167695 2.8361293705133 2.24259182212994 3.23820605602116 3.18061550894608 2.26304101199796 2.30723142406753 2.38242519048705 2.70504085707933 3.3952543865154 2.25007103674631 2.80873712787966 2.3778020133811 2.53533988011187 2.36349846735165 3.13397682085543 2.38494177625417 2.37939533446787 2.67773964960147 2.4186146199544 3.35239688302938 2.41204359979537 4.83240234603712 2.58356706610672 2.87853711155833 2.35934692551626 2.54819418798336
-9999 -9999 -9999 -9999 -9999 2.25821969795247 2.35621470275563 2.66326302210185 3.61851090841589 2.04202838525565 1.98449680443453 5.06472239270418 5.06472239270418 5.06472239270418 2.42437913621864 2.87849657406182 2.32565546999571 2.50521018768422 2.44170274970657 3.16973854795688 2.1749523031899 2.79492415757566 2.62069973403648 3.15299890174023 2.35474294203849 2.30715329252392 2.29233017016181 2.53138697140545 2.64156384696052 3.36160442356851 2.42012807009338 2.62075117629099 2.36285020251045 2.36085255499411 2.95795933185035 2.79460036028971 2.36690257796999 2.41032334333899 2.59517869843409 3.33045284670501 2.41277596811344 4.83169031724529 2.40931418208902 2.77385180529137 2.34997386214589 2.36800856564811
-9999 -9999 2.04648956840863 2.35376048325624 2.20502840887126 2.11079462094652 2.09430225984468 2.47036431503155 3.58005485943339 2.00094066139377 2.68921211691905 2.70073730410616 3.58710586287884 2.43170744736428 2.54487334959249 2.71717996235082 2.52673492838531 2.40646772880228 2.31877287775953 3.16455422166635 2.29208426651509 2.75604692322209 2.497710430808 2.85737610376212 3.11604401934849 2.43926943823401 2.29300692454329 2.2956129468989 2.59635723729944 3.35516847750891 3.31354446352947 2.28676157404983 2.37802223980646 2.37507278543845 2.89834492954753 2.23857620557882 2.5943885980705 2.38979434987254 2.4749997192639 3.25325926686833 2.41508399764639 4.830308137287 2.39157041117134 2.38453681716507 2.49170623608082 2.33826478918163
-9999 2.28029752292719 2.58918411328732 2.24942096570058 1.95318315322798 2.20743881928139 3.55863199574547 3.56609016141801 2.11210616750235 2.01535232446026 2.67094332385462 2.35161762068858 2.85369541868724 3.53501058795912 3.49373867777076 2.51257662249182 2.67723373053597 2.46364371823172 2.78525302990714 3.02575674953158 2.65306643202585 2.48182385840232 2.51592774860853 2.79991621054366 2.34741277254548 2.79792253910252 2.14362615518836 2.09375179956318 2.36110904691555 2.36659160693325 2.64464284193957 3.30534907128961 2.63828408196673 2.26854573370813 2.8727782897724 2.28515469231136 2.50186250256283 2.33397940730635 2.41634090348804 3.2133944810343 2.27350603423626 4.82864697390145 2.3629091113837 2.36276116750642 2.20289364132889 2.61934035310406
-9999 2.24668300694137 2.37385325082515 3.51647932850548 3.51891133649098 3.55037602156027 2.27887311354907 2.42467064313349 2.42242525316253 2.6357526835307 2.36251255644565 2.67737154850003 2.42698381121495 2.75858926424926 2.39628322085169 3.4611867900557 3.2735108061228 2.45061235050441 2.52545643599644 2.50774681408175 2.88400677158339 2.50705751317607 2.50084994487899 2.72592903430018 2.37939729205967 2.75972207140758 2.71372207286133 2.54688393117322 2.10917297903187 2.12670109669775 2.46213479201461 2.33260684102752 3.24279128392657 2.24480471764337 2.28214717539699 2.80981827601535 2.27391034941974 2.24553236333622 2.9795848518954 2.99006260703843 2.2516200822497 2.27508363034301 4.82791338695856 2.9441021388574 2.33740038075459 2.51013407436441
