Archive - glowpa-model-master/Model input/Uganda/rivergeometry/river_flowvelocity_1oct.asc
NCOLS 67 
NROWS 67 
XLLCORNER 29.500000001 
YLLCORNER -1.499999999 
CELLSIZE 0.0833333332985075 
NODATA_value -9999 
[rows 40 to 59 of 67, columns 0 to 45 of 67]
2.15280216811261 2.06460489831739 3.48987539729619 3.49770888159206 1.92979894102519 2.76183928017311 2.17488566430738 2.29862076928435 2.31897361286503 2.24654705242901 2.22003578144274 2.40871084659928 2.38405652703804 2.69200198351746 2.40554205221847 3.08195368413014 2.92395531879821 3.0891695422322 2.52955094505782 2.53519631061556 2.51661908972414 2.69196871031534 2.51317661272606 2.5302991978014 2.51654714420773 2.38799753981918 2.46312699933383 2.46112162744339 2.25951354820976 2.08881907995665 2.33306489263054 2.21642910730271 3.19839557046789 2.58277257251522 2.41465415002809 2.7259686297131 2.27754225236395 2.26002931383252 2.24481306746383 2.89585853541406 2.95277830196279 2.27363609767596 4.82314391666641 2.53878433639151 2.74431500953154 2.33986017460529
2.19014028165582 2.36467494544872 3.4743600390787 2.64047640584655 2.62441203684736 2.68011999992369 2.34471113791993 2.3034217794761 2.31846673368361 2.65807852230841 2.74419098883594 2.32382001921684 2.4107743538721 2.41310097360477 2.6132357721745 2.94499138877116 2.43640668481738 2.88231068422205 3.05558132379282 2.96397192323633 2.75680222878113 2.67754931292033 2.48873276428238 2.72467899980246 2.66673638052756 2.47555094339401 2.12256804806856 2.20764909039689 2.17474298251178 2.20618531598699 2.31205537313102 2.59943281422539 3.14291054966636 2.31708552561798 2.31896672196842 2.30454300282706 2.43956915831295 2.24806258489759 2.80969802460372 2.41584200335603 2.90701485869748 2.5982665524111 4.82284325675908 2.38186068549725 2.67936853375873 2.31784247723703
1.96340269081567 2.09976618752667 3.44364362784779 2.0879018059897 2.59115263224661 2.58140324278087 2.26597087493551 2.49827338626836 2.6137733848702 2.30084155894067 2.34449177226377 2.83782381945204 2.50709399881794 2.34075718086534 2.46234215832452 2.51027156397436 2.73712186138357 2.60739800223008 2.63106360226785 2.47463681304724 2.44070650977588 2.44228876548533 2.47839068026555 2.83497640538798 2.42774399524891 2.92960338927782 2.40129439205838 2.47850452300613 2.27666313010888 2.200740700037 2.43385124158932 2.2469077389193 3.11229713673631 2.86982241126112 2.57066184071894 2.2952151859917 2.26643195681457 2.23267061688489 2.74135279902284 2.24214188700303 2.75505684107644 2.52062766271999 4.82253482184098 4.8221686504509 2.30788073371249 2.49252892160744
3.39943729207465 3.44247202573198 2.13958935570427 2.35276800728907 2.48127351116627 2.44596099335192 2.26286192576204 2.48481420890452 2.68017664914626 2.37051483518137 2.48549038697278 2.87507548714913 2.98087237546944 2.43720171459181 2.44858821922761 2.5706611744553 2.46375070024592 2.37212015207631 2.41966853518516 2.50062567316291 2.49018235089404 2.63181498164653 2.99825557740873 2.4363063437353 2.39762150066032 2.96333214005993 2.37323545119749 2.31475466552313 2.7429142599728 2.80335575136498 2.38790158828146 2.16279575655534 2.90312390004675 2.26778480719974 2.65380974541385 2.5882416407929 2.27054171268676 2.59665093931525 2.24988978660925 2.25496403270421 2.71712863076584 2.43322121777533 2.04572636398455 4.82189759507701 2.39004001180806 2.41629421769653
3.39751869500067 2.72679940208299 2.70017525899783 2.57801816614252 2.53901965415934 2.44794711156417 2.17230293213438 2.36487498691689 2.5457355445387 2.78021650730303 2.73446575861016 2.35980261334884 3.11449671192575 2.72420213330044 2.75225224902841 2.54460555473631 2.52024207005984 2.52500786872942 2.60970188193459 2.68277422958708 2.60774599410412 3.09384583891064 2.34096079280554 2.58152172960455 3.04307807409685 2.52837098059991 2.42470347200409 3.13153924913024 2.78240159911358 2.80335575136498 2.27473627508845 2.21425536453172 2.4699281149999 2.77604986919986 2.6767734734756 2.28537429987101 2.37915689576226 2.51702429351183 2.31442869499324 2.39450251652173 2.61484288880718 2.31883313912681 4.82111195814135 4.82111195814135 4.82111195814135 4.82111195814135
3.38958185696411 2.47764419803483 2.43004351762135 2.38291948749505 2.67789837015838 2.38582698537085 2.56321916702003 2.64143860725958 2.42975914443658 2.89495205367116 2.78912232925234 2.34347730541081 3.13631241565305 2.53097986322617 2.93341346058771 2.509204971558 2.88215399118864 2.47934834862165 2.464454313612 2.88436423152657 2.7097871657974 3.1302174983499 3.14427228940655 3.08373217847776 2.25532701709411 2.38548542480449 2.37820266713182 3.13153924913024 2.80335575136498 2.80335575136498 2.48637985562136 2.22627485138996 2.31062964701497 2.2959267409976 2.20441573575667 2.53170621503291 2.41220775215107 4.82111195814135 4.82111195814135 2.16427072270863 2.31028723347337 2.14909287189931 4.82111195814135 4.82111195814135 4.82111195814135 4.82111195814135
2.70074118697088 3.37033177308171 2.25836443874428 2.35167438420761 2.75044595957437 2.27268130807919 2.60619928073264 2.64850826238146 3.55484541599549 3.13468005507451 2.8829610378791 2.38073543000771 3.15532597728645 3.04249795066314 3.07789692661578 3.14530584163961 3.35392126719947 3.3688181298506 3.48835290401451 3.58404558563523 3.58321391411515 3.79795351774235 3.79590307801669 2.33588905107116 2.29105519785218 2.28860932246781 3.1354459129827 2.27345280646256 2.28646105623195 2.37696089192226 2.21335203854502 2.21990718717765 2.22434239586092 2.38959818291893 4.82111195814135 4.82111195814135 4.82111195814135 4.82111195814135 4.82111195814135 4.82111195814135 4.82111195814135 4.82111195814135 4.82111195814135 4.82111195814135 4.82111195814135 4.82111195814135
2.12299456600779 3.32139520813853 2.48905716016497 2.35025610130756 2.37596712189209 2.8677655461068 3.55484541599549 3.55484541599549 3.55484541599549 3.55484541599549 3.48551289933279 3.47941213155842 3.2549078211303 3.24118313097912 2.33135129969392 2.28740645075914 2.85609294953869 2.47559752820775 3.02202369422361 2.59784697405561 3.04201913672638 2.37900890137273 2.60123754920212 3.81392520198451 2.43582737923038 3.14053830890677 2.22598350496149 2.27358699703245 2.25113837775747 2.22165638962484 2.19739682245606 2.37998658954463 4.82111195814135 4.82111195814135 4.82111195814135 4.82111195814135 4.82111195814135 4.82111195814135 4.82111195814135 4.82111195814135 4.82111195814135 4.82111195814135 4.82111195814135 4.82111195814135 4.82111195814135 4.82111195814135
2.35640965120747 3.32096643329654 3.30760965781288 3.30760965781288 2.89966405595364 2.16743034177135 3.55484541599549 3.55484541599549 3.55484541599549 3.55484541599549 2.28486095822932 2.67796008278844 2.33124873257735 2.86692921438439 3.08748801054092 2.76038506699038 2.60225765835433 2.33270351710707 2.99642497616113 2.39420170657983 2.92464069175509 2.58379658187528 2.44881954142726 2.41404877280874 3.87401241284094 3.91117820075575 3.91081814054416 3.91288739659639 3.91575808662715 2.38429220665185 4.82111195814135 4.82111195814135 4.82111195814135 4.82111195814135 4.82111195814135 4.82111195814135 4.82111195814135 4.82111195814135 4.82111195814135 4.82111195814135 4.82111195814135 4.82111195814135 4.82111195814135 4.82111195814135 4.82111195814135 4.82111195814135
3.30760965781288 3.30760965781288 3.30760965781288 3.30760965781288 3.30760965781288 1.89495302909041 2.01102813353779 2.24744630600083 3.55484541599549 3.55484541599549 2.48508270675509 2.31349785851985 2.74937699578301 2.27791700949445 2.94209540906107 2.67138898249042 2.22391277793884 2.51575984367049 2.95561568183276 2.90907538931486 2.38847674133062 2.83032142610446 2.38578643662785 2.38226564418744 2.93909087356468 2.32308585415332 2.74703377055547 2.30064753902428 4.82111195814135 4.82111195814135 4.82111195814135 4.82111195814135 4.82111195814135 4.82111195814135 4.82111195814135 4.82111195814135 4.82111195814135 4.82111195814135 4.82111195814135 4.82111195814135 4.82111195814135 4.82111195814135 4.82111195814135 4.82111195814135 4.82111195814135 4.82111195814135
3.30760965781288 3.30760965781288 3.30760965781288 3.30760965781288 3.30760965781288 1.9211513605202 3.59849072029743 3.55854435102227 3.55484541599549 2.13983811192532 2.32513439737658 2.27727444340457 2.68971369497036 2.25461018138148 2.92145417310966 2.57945599707711 2.18598041938553 2.37214078611874 2.26027562636819 2.86397953613551 2.37062149513647 2.77923954673859 2.36941579433429 2.27964065242012 2.90675178984837 2.19916520089504 2.73200406781662 2.16658562709965 4.82111195814135 4.82111195814135 4.82111195814135 4.82111195814135 4.82111195814135 4.82111195814135 4.82111195814135 4.82111195814135 4.82111195814135 4.82111195814135 4.82111195814135 4.82111195814135 4.82111195814135 4.82111195814135 4.82111195814135 4.82111195814135 4.82111195814135 4.82111195814135
3.30760965781288 3.30760965781288 3.30760965781288 3.30760965781288 3.30760965781288 3.59839589399146 2.07308767314933 2.8447378704676 2.15260832360663 2.54923178485427 2.24099059961056 2.47134361706092 2.29890152705684 2.2740055505451 2.84808690874357 2.08662293462295 2.47774030866731 2.16723755804571 2.4005242637789 2.66758591668961 2.36505772146032 2.52140416666063 2.36854895839791 2.30571326436312 2.88758812717625 2.14329578962563 2.58404474311016 2.18207730352429 4.82111195814135 4.82111195814135 4.82111195814135 4.82111195814135 4.82111195814135 4.82111195814135 4.82111195814135 4.82111195814135 4.82111195814135 4.82111195814135 4.82111195814135 4.82111195814135 4.82111195814135 4.82111195814135 4.82111195814135 4.82111195814135 4.82111195814135 4.82111195814135
3.30760965781288 3.30760965781288 3.30760965781288 3.30760965781288 3.30760965781288 2.1365409315607 1.9037098452994 2.79168217889814 2.33420954981837 2.12458446460862 2.33657380299873 2.07247997113634 2.30762244366349 2.527341916873 2.54851182195259 2.45628913778517 2.17690353105355 2.14719140631253 2.19590050243659 2.39423034946064 2.37830168894794 2.34305760206003 2.31281241411758 2.59743184621253 2.77475924568869 2.35936161721547 2.37030945316242 2.18592319108835 2.30062081212634 2.39142194930861 4.82111195814135 4.82111195814135 4.82111195814135 4.82111195814135 4.82111195814135 4.82111195814135 4.82111195814135 4.82111195814135 4.82111195814135 4.82111195814135 4.82111195814135 4.82111195814135 4.82111195814135 4.82111195814135 4.82111195814135 4.82111195814135
3.30760965781288 3.30760965781288 3.30760965781288 3.30760965781288 3.30760965781288 1.7912946585686 2.07233743349459 2.77306684182208 2.72381935372141 2.33555351994195 2.47970809152913 2.45643307256624 2.27537254174748 2.41248551061202 2.17785597422943 2.1983527106156 2.18532944626386 2.22986178136727 2.23819876802211 2.25593455834916 2.46699555544424 2.15563577213043 2.31752730372478 2.17227964410365 2.51690536672069 2.20457414954183 2.19490653299364 2.24226657575799 2.52357429812446 2.71831845135207 4.82111195814135 4.82111195814135 4.82111195814135 4.82111195814135 4.82111195814135 4.82111195814135 4.82111195814135 4.82111195814135 4.82111195814135 4.82111195814135 4.82111195814135 4.82111195814135 4.82111195814135 4.82111195814135 4.82111195814135 4.82111195814135
3.30760965781288 3.30760965781288 3.30760965781288 3.30760965781288 1.86015164573075 2.31138545252273 2.22919780022773 2.48324771177821 2.28420755198052 2.45081486408471 2.64321595886442 2.58170388533852 2.31935519843607 2.25208150103883 2.27040394023497 2.41474489492071 2.22229226271755 2.38145570746642 2.41200408585913 2.85815149128467 2.52610452522118 2.40646760967553 2.31167311612002 2.30850057255116 2.26630295530169 2.06255048910029 2.01960292656668 4.82111195814135 4.82111195814135 4.82111195814135 4.82111195814135 4.82111195814135 4.82111195814135 4.82111195814135 4.82111195814135 4.82111195814135 4.82111195814135 4.82111195814135 4.82111195814135 4.82111195814135 4.82111195814135 4.82111195814135 4.82111195814135 4.82111195814135 4.82111195814135 4.82111195814135
3.30760965781288 3.30760965781288 3.10320258681125 2.01677584946503 2.68905933808835 2.18305043742651 2.30186804166612 2.308317821293 2.32384438536118 2.80916189957165 2.32516974659012 2.65803977974868 2.48141311415539 2.28119163696535 2.24844875851156 2.27413475022546 2.56028560863275 2.62737262073148 2.22572053205215 2.85815149128467 2.10463618335686 2.23363623948808 2.07306322301793 2.18089480730695 2.16892827998938 1.91435263998144 2.28487980966737 4.82111195814135 4.82111195814135 4.82111195814135 4.82111195814135 4.82111195814135 4.82111195814135 4.82111195814135 4.82111195814135 4.82111195814135 4.82111195814135 4.82111195814135 4.82111195814135 4.82111195814135 4.82111195814135 4.82111195814135 4.82111195814135 4.82111195814135 4.82111195814135 4.82111195814135
3.30760965781288 3.30760965781288 3.09986752282658 3.06569224239827 2.12634171973131 2.63102463535493 2.29276302760869 2.25849032677369 2.45483384268425 2.85367007664516 2.30139030627788 3.15149186825004 3.21475042774184 3.23804963252693 3.25642338850646 3.27635705866779 3.38930446251056 2.8172165355011 3.47344383108699 3.47344383108699 3.48730333845856 2.37925793861792 3.49082249411101 2.29106474601499 2.11737201632078 2.27610277188794 4.82111195814135 4.82111195814135 4.82111195814135 4.82111195814135 4.82111195814135 4.82111195814135 4.82111195814135 4.82111195814135 4.82111195814135 4.82111195814135 4.82111195814135 4.82111195814135 4.82111195814135 4.82111195814135 4.82111195814135 4.82111195814135 4.82111195814135 4.82111195814135 4.82111195814135 4.82111195814135
2.04344821434824 2.90959342418642 2.37703813417961 3.05642033449269 2.1886468019082 2.26149151149786 2.2443174690769 2.66400047249444 2.22658650554651 2.89186863303544 3.02706725129635 2.28280050247189 2.24646926533075 2.30138615877701 2.50285203335941 2.58803293574008 3.38930446251056 3.38930446251056 3.47344383108699 3.47344383108699 3.48730333845856 3.49082249411101 3.49082249411101 2.24130070136604 2.54602204006693 2.19602604736841 4.82111195814135 4.82111195814135 4.82111195814135 4.82111195814135 4.82111195814135 4.82111195814135 4.82111195814135 4.82111195814135 4.82111195814135 4.82111195814135 4.82111195814135 4.82111195814135 4.82111195814135 4.82111195814135 4.82111195814135 4.82111195814135 4.82111195814135 4.82111195814135 4.82111195814135 4.82111195814135
2.06001362036734 2.88546223021181 2.3008397903455 3.04374658947402 2.15399704686496 2.24023108283962 2.77152781704118 2.70308915129294 2.28553628714851 2.99023645887339 2.4451461562332 2.27789419165236 2.22103663302193 2.22625199630489 2.20828463947776 2.2652304678694 3.38930446251056 3.38930446251056 2.16452869968968 2.11862848512368 2.46947764415874 2.13303331574728 3.49499913658056 1.94356552396532 2.63390797667681 2.66344632207061 4.82111195814135 4.82111195814135 4.82111195814135 4.82111195814135 4.82111195814135 4.82111195814135 4.82111195814135 4.82111195814135 4.82111195814135 4.82111195814135 4.82111195814135 4.82111195814135 4.82111195814135 4.82111195814135 4.82111195814135 4.82111195814135 4.82111195814135 4.82111195814135 4.82111195814135 4.82111195814135
2.11833030299522 2.87497893876576 2.26848971940003 2.25239807269337 3.0214419921378 2.82976392579629 2.81152143558204 2.24834700799065 2.24332744714701 2.30137095806502 2.32868048163326 2.17814522689765 2.41135906338079 2.18397153048921 2.20492303439437 2.38832874206942 2.34074921935832 2.16955209414425 2.20383069897689 2.29182888517067 2.41189105738046 2.17140291195255 2.13085764078604 3.49636982743502 3.53335494618114 3.53583141196604 4.82111195814135 4.82111195814135 4.82111195814135 4.82111195814135 4.82111195814135 4.82111195814135 4.82111195814135 4.82111195814135 4.82111195814135 4.82111195814135 4.82111195814135 4.82111195814135 4.82111195814135 4.82111195814135 4.82111195814135 4.82111195814135 4.82111195814135 4.82111195814135 4.82111195814135 4.82111195814135
