Archive - glowpa-model-master/Model input/Uganda/rivergeometry/river_width_1may.asc
NCOLS 67 
NROWS 67 
XLLCORNER 29.500000001 
YLLCORNER -1.499999999 
CELLSIZE 0.0833333332985075 
NODATA_value -9999 
[rows 20 to 39 of 67, columns 0 to 45 of 67]
-9999 -9999 -9999 -9999 -9999 -9999 -9999 -9999 -9999 -9999 -9999 -9999 -9999 -9999 -9999 1.54181942891112 0.897018646965838 0.961490969696296 1.23805211645453 0.82244997317354 0.730063267392995 1.00248795326583 1.56736768744705 1.83793417625611 2.5892067193977 2.33606872958707 0.84404619865545 1.23718699615575 70.9802479287928 3.78228393853231 0.807341403974009 0.835337418286536 1.18432848688124 1.18614563525145 5.96510374026334 5.81531485310349 2.22641009215464 1.19048268618173 0.813510273814889 1.01582269465419 1.13440928571593 1.15355165967626 1.38007126625617 1.50328027122168 6.3329526458561 0.730407261999192
-9999 -9999 -9999 -9999 -9999 -9999 -9999 -9999 -9999 -9999 -9999 -9999 -9999 -9999 -9999 0.827500632985242 0.878417699054219 0.849962789580784 0.693499980178711 0.837242649747214 1.16481282351765 0.737382886184507 1.79041119018236 0.715516839487674 70.9349433908058 71.0169261482976 71.0469392743185 70.9738708446585 1.07824427421505 70.8315173536827 70.8754054535342 0.956302590823163 1.65085076285211 1.12635816103544 6.38718336205465 0.819493849404967 1.17521456353905 3.89709477386146 3.13908711118958 2.71138550263978 2.11564072711027 0.877504457924161 0.825492199126673 1.06119714387704 1.02021278944839 5.76413335006044
-9999 -9999 -9999 -9999 -9999 -9999 -9999 -9999 -9999 -9999 -9999 -9999 -9999 -9999 -9999 -9999 0.861500236027011 1.23084439743256 1.01598358512145 0.675838889853342 64.9050801837383 64.9050801837383 64.9050801837383 70.8538068532551 0.802593331781556 0.803714690204887 0.854307561552288 2.40217012707124 2.08945983175822 1.68029533055943 1.32424626590815 70.8648429294945 70.9084589500332 70.890143673416 1.08514480578784 1.17038184848808 4.53237895947898 1.12307995807936 1.69602731522946 1.1654880991484 1.08522691827383 0.881419349018715 0.822626649045644 0.800323391425812 0.994913921817448 1.03408431022116
-9999 -9999 -9999 -9999 -9999 -9999 -9999 -9999 -9999 -9999 -9999 -9999 -9999 -9999 -9999 -9999 -9999 0.913963745857547 64.9050801837383 64.9050801837383 64.9050801837383 64.9050801837383 64.9050801837383 1.49022896764491 1.18754863391493 1.84521365401204 1.28577622040109 2.14390291441202 1.11529321966757 1.13622403809101 0.98240395621447 0.995009572536766 2.16161890135486 70.3876982936071 1.04622128977956 1.63338136608664 5.26662925339543 1.66513078036369 1.13933103512321 1.06776918589482 0.869658351176842 0.831249162884921 1.44077856229571 2.12061933322678 1.03494146906733 0.829942631216974
-9999 -9999 -9999 -9999 -9999 -9999 -9999 -9999 -9999 -9999 -9999 -9999 -9999 -9999 -9999 0.73393684397164 0.637500322066454 64.9050801837383 64.9050801837383 64.9050801837383 64.9050801837383 64.9050801837383 64.9050801837383 64.9050801837383 5.35220108445696 4.47069786067523 4.12560589433578 1.59305451066859 1.38339051341172 0.730386430430041 0.962230901568222 0.984722438239021 1.00291379615494 2.46445960082804 70.4075448006163 5.35442851862715 1.07697763078451 0.975175611379835 0.986351160872449 2.32315450069863 1.56964670886599 0.833895767184541 3.47447670355774 2.36393372063287 0.871654487427194 1.24228229585224
-9999 -9999 -9999 -9999 -9999 -9999 -9999 -9999 -9999 -9999 -9999 -9999 -9999 -9999 -9999 0.967406969227669 64.9050801837383 64.9050801837383 64.9050801837383 64.9050801837383 64.9050801837383 64.9050801837383 64.9050801837383 64.9050801837383 1.43007415587027 1.01442348922545 1.09732027103649 2.62131894700986 1.05373786323662 1.40126694458506 0.968564663937582 0.978051428146409 1.00004634383593 69.9480775442617 4.1890464831945 3.68504620479565 3.47134875979672 3.0897580049928 2.64973350309267 1.28357932994465 1.30386044613925 0.889211383107483 4.1513269393732 1.49802601855591 0.864431759693426 0.894765438065872
-9999 -9999 -9999 -9999 -9999 -9999 -9999 -9999 -9999 -9999 -9999 -9999 -9999 -9999 -9999 64.9050801837383 64.9050801837383 64.9050801837383 64.9050801837383 64.9050801837383 64.9050801837383 64.9050801837383 64.9050801837383 1.23914408270214 3.08290169318263 1.16932960699326 1.16984685978832 2.27040572143759 0.933373093445875 2.31819796420502 1.38028871299632 1.41890655145709 0.99533229211774 69.8640541570845 69.7295556023983 1.55343974545094 1.07799848607141 0.970544672826883 1.00241275894545 2.01131578113191 1.81804612385709 5.33974721126492 1.00534306095565 1.99952060795999 1.46024773914257 1.18993985842076
-9999 -9999 -9999 -9999 -9999 -9999 -9999 -9999 -9999 -9999 -9999 -9999 -9999 -9999 -9999 64.9050801837383 64.9050801837383 64.9050801837383 64.9050801837383 64.9050801837383 64.9050801837383 64.9050801837383 64.9050801837383 0.747170703604557 2.26907317695371 1.10143411334063 0.998054617663346 0.979432096357893 1.00354048703091 0.976006052447235 3.02395482668334 69.8666113505474 69.8666113505474 69.8666113505474 0.942674092669244 0.97378864405679 1.11499743157817 1.97614957507075 2.77701961761033 7.86536514405025 7.21230520410963 3.84210760053082 1.10593850125578 2.26896259803456 64.8790553099805 64.8790553099805
-9999 -9999 -9999 -9999 -9999 -9999 -9999 -9999 -9999 -9999 -9999 -9999 -9999 -9999 64.9050801837383 64.9050801837383 64.9050801837383 64.9050801837383 64.9050801837383 64.9050801837383 64.9050801837383 64.9050801837383 2.32932834376828 1.78935854085476 2.04901800046385 1.76570226676827 0.980356743321626 2.15529251960828 0.957885684847034 0.884158151458679 1.35650300451405 69.8666113505474 69.8666113505474 69.8666113505474 9.93924106304405 1.54342457791006 1.02706692239021 1.44940970081585 8.87073222171714 1.19995940791337 1.08130065933375 3.08570063326088 2.74998218681673 0.939666415099825 64.8790553099805 64.8790553099805
-9999 -9999 -9999 -9999 -9999 -9999 -9999 -9999 -9999 -9999 -9999 64.9050801837383 64.9050801837383 64.9050801837383 64.9050801837383 64.9050801837383 64.9050801837383 64.9050801837383 64.9050801837383 64.9050801837383 64.9050801837383 1.07665824594228 1.06429056223736 0.901774914738279 0.933833339305614 1.41516898289335 0.944133207157603 2.39826705496946 0.900740585205959 0.739235388791724 1.47883345677882 69.8666113505474 69.8666113505474 69.8666113505474 64.8790553099805 9.56693841169279 9.36909098263905 9.2167716861217 64.8790553099805 64.8790553099805 64.8790553099805 64.8790553099805 64.8790553099805 64.8790553099805 64.8790553099805 64.8790553099805
-9999 -9999 -9999 -9999 -9999 -9999 -9999 -9999 -9999 -9999 1.25556119621492 64.9050801837383 64.9050801837383 64.9050801837383 64.9050801837383 64.9050801837383 64.9050801837383 64.9050801837383 64.9050801837383 64.9050801837383 1.28610405557757 0.872838161550448 0.840513884742214 1.26314638131922 0.923404302596819 0.85773773639461 1.44568585267734 3.10806395957095 1.3362241973173 0.592461295309282 17.4469443402479 1.79270720315783 0.990519150833482 2.08961993218597 64.8790553099805 64.8790553099805 64.8790553099805 64.8790553099805 64.8790553099805 64.8790553099805 64.8790553099805 64.8790553099805 64.8790553099805 64.8790553099805 64.8790553099805 64.8790553099805
-9999 -9999 -9999 -9999 -9999 -9999 -9999 -9999 -9999 -9999 64.9050801837383 64.9050801837383 64.9050801837383 64.9050801837383 64.9050801837383 64.9050801837383 64.9050801837383 64.9050801837383 0.851198063395542 2.89401930886832 0.933628468251495 0.93549458611648 0.956283024931706 0.92881269096572 2.27037151577283 1.4239953619656 3.55057148161959 3.32269345156099 15.0793453312136 17.3832119205996 7.35025330600746 1.10221566911949 1.1248436490137 1.09662601631101 1.89837852600177 1.42681137496767 64.8790553099805 64.8790553099805 64.8790553099805 64.8790553099805 64.8790553099805 64.8790553099805 64.8790553099805 64.8790553099805 64.8790553099805 64.8790553099805
-9999 -9999 -9999 -9999 -9999 -9999 -9999 -9999 -9999 1.17849568439257 64.9050801837383 64.9050801837383 64.9050801837383 64.9050801837383 64.9050801837383 64.9050801837383 64.9050801837383 1.86372833152495 0.949209482046732 2.67835403822657 2.03212932302133 1.40295634142648 0.970828427852366 1.04482206985198 8.54504002597138 8.90355966137147 3.77301365726031 14.9137552950051 0.861644236646508 0.867578464647401 0.980968036269085 7.02118966844958 1.19644336393294 1.22776009516097 1.15386593748876 1.10635564934288 64.8790553099805 64.8790553099805 64.8790553099805 1.05223684512083 64.8790553099805 64.8790553099805 64.8790553099805 64.8790553099805 64.8790553099805 64.8790553099805
-9999 -9999 -9999 -9999 -9999 -9999 -9999 -9999 -9999 1.13027747965032 64.9050801837383 64.9050801837383 64.9050801837383 64.9050801837383 64.9050801837383 64.9050801837383 1.02952370724892 1.38182724607016 0.760033028745752 0.759854493650904 0.850000853348928 0.849059983890674 7.35093898053455 7.97910502745675 1.91690984450219 0.868186076047793 10.1986384490219 0.833386385353283 9.91673101683377 3.61462513708659 1.18103008214688 0.982620614682911 6.93170935727633 1.76353751413063 1.21847143725332 1.06224605172791 3.55234204988697 1.08488905619157 0.898549300487808 8.04621998502102 64.8790553099805 64.8790553099805 0.0873131567434693 64.8790553099805 64.8790553099805 64.8790553099805
-9999 -9999 -9999 -9999 -9999 -9999 1.35481614642453 1.81288505284935 1.18974905153982 0.741032513667541 13.0086484470535 64.9050801837383 64.9050801837383 64.9050801837383 64.9050801837383 1.06302540214085 1.06061264225233 0.865750669751669 0.856492849837065 0.683751223743768 3.04092842874154 6.77769045007658 1.07655395986803 0.869380982358709 0.851338864828492 1.46450246463675 1.59255774713741 1.05639467091459 8.70192060952674 1.1179979248293 3.18909929491344 1.11617490617829 2.03738987313878 5.70840786203934 1.05440358771115 1.1408320231566 1.59173241869044 2.48786258050142 1.14172561165385 8.04621998502102 1.11274419167101 63.8324071427895 4.04528180033389 1.29704724894529 64.8790553099805 64.8790553099805
-9999 -9999 -9999 -9999 -9999 -9999 1.91859156556516 2.22675598430798 0.779523541174208 12.9930236424494 0.702872350670379 64.9050801837383 64.9050801837383 64.9050801837383 64.9050801837383 6.08773497456692 5.63881918912955 5.33204790077298 4.7559096468272 4.5022788008136 2.54987574128026 0.823543321799762 5.72110768300936 5.17120488119544 0.814097247265692 0.876494835369546 1.06890520317413 2.18240932871585 8.15251320886102 0.783976855726154 2.73242428641873 1.08715938091379 1.57745457124191 1.08126316348865 5.16552843705822 1.11492224560299 1.12085715276139 2.154659594701 1.25712006193865 7.65134374175739 1.24633030366771 63.5540438677304 1.91205052475838 3.48038270913909 1.1740776175378 1.76993603417362
-9999 -9999 -9999 -9999 -9999 0.857675823711833 1.07878552134562 2.11037409305853 12.9451370674941 0.51260584270306 0.455635337074995 64.9050801837383 64.9050801837383 64.9050801837383 1.12830945468797 2.60721861932104 0.881998813329333 1.3676115082305 1.23929361519358 4.3550109240386 0.696109773848114 2.2681093741428 1.72345318697864 4.88622505484524 1.04352845258311 0.89798222218381 0.865567088178651 1.53578561320242 2.01170797685457 7.72833146438569 1.20342063918843 1.86882747241788 1.05217702230621 1.05251883704194 3.79316069794299 2.7418555011525 1.09465687609742 1.21178684985011 1.85247536027856 7.38311564104952 1.25151979861 63.5889820764951 1.29842576158701 2.8363578550261 1.13805673580489 1.17711499160007
-9999 -9999 0.50317209794622 1.07725097153608 0.755987082230217 0.585806825771071 0.563333701448258 1.39555706023372 12.3207994649916 0.501068298232959 2.13963898878541 2.22810892081009 9.05500780875107 1.0687135110886 1.29167556023533 1.88339458011009 1.25131538021968 1.02294660802072 0.884406351886664 4.25590412998889 0.768510224882946 2.00622674285042 1.21418348662145 2.53826546789465 4.51587723702953 1.2808231787305 0.907887776586306 0.90371410293348 1.82636843524859 7.64401271162077 7.13708526081508 0.890408610296908 1.10680112011038 1.10643300524253 3.42292147799685 0.821339127602155 1.83861696143586 1.17841911708411 1.46963983489819 6.49953295668018 1.26879120284534 63.56759978953 1.24621569263417 1.23825867469163 1.59033715367651 1.10505497065652
-9999 0.893359429011668 1.8050554935989 0.832608565815561 0.389194895013625 0.75179517905529 12.0045224888536 12.1029667572111 0.573829825515888 0.489916775402341 1.99165938361159 0.986878762400371 2.76335310134646 8.24601731336846 7.59181283396994 1.24713147069486 1.73906215062792 1.10024666094038 2.10923209123049 3.27358868239114 1.59824007442166 1.13204827913496 1.18708508810437 2.19448475254067 0.904389999661086 2.70609788732161 0.648863834992738 0.570949756795532 1.08471384537859 1.10039615948075 2.0578440858997 7.04415019901336 1.9932840593062 0.875052870330075 3.26265711767459 0.922944072041555 1.50418711315836 1.03716091852338 1.27979125162867 6.07918004349208 0.907785765139027 63.5192227506317 1.1641527918918 1.19534337698775 0.87299436253412 2.02942424015723
-9999 0.831276311115341 1.11484035443798 11.4865261173258 11.5288513239121 11.8869927320848 0.835188672050469 1.12690079214959 1.12546628408002 1.82211679392002 0.986696798312045 2.0292214595306 1.17245941310847 2.33095755715767 1.07312760090996 7.13075221347907 5.1764949242412 1.05395783681408 1.23722208445231 1.10720068371154 2.49083737238604 1.14960472757468 1.12191119444669 1.89222107054115 0.922958534440625 2.48998290413797 2.24435626787279 1.66158399566575 0.594902471311133 0.615179094352254 1.4053501996262 1.04092047275871 6.37643114149266 0.836337637186345 0.916806306297113 2.89553648309152 0.891203693840878 0.832972995466327 3.97031207978097 4.15436842206537 0.860652562461043 0.897463567713567 63.5212405362572 3.796927057484 1.09573021060023 1.60505422098324
