Archive - glowpa-model-master/Model input/Uganda/rivergeometry/river_flowvelocity_1apr.asc
NCOLS 67 
NROWS 67 
XLLCORNER 29.500000001 
YLLCORNER -1.499999999 
CELLSIZE 0.0833333332985075 
NODATA_value -9999 
[rows 20 to 39 of 67, columns 0 to 45 of 67]
-9999 -9999 -9999 -9999 -9999 -9999 -9999 -9999 -9999 -9999 -9999 -9999 -9999 -9999 -9999 2.51965565143445 2.2834678566475 2.31324257353079 2.41935266832844 2.22079898327225 2.19292796870458 2.32134886805785 2.52086797421525 2.479202310866 2.73942538464348 2.69024280348425 2.23546861446593 2.3973295252347 5.00957073034304 2.94828695577041 2.22289960517016 2.23561877349928 2.38252776787433 2.38184148210795 3.1991637572091 3.18442529921775 2.67345927212768 2.38902022913641 2.23082084672161 2.32614437777174 2.36792649381906 2.36978886794837 2.45167492468725 2.49422478205503 3.24271820494954 2.1876719685284
-9999 -9999 -9999 -9999 -9999 -9999 -9999 -9999 -9999 -9999 -9999 -9999 -9999 -9999 -9999 2.24804227233243 2.27233048242187 2.26019621238139 2.17541369183085 2.24886757499371 2.3889888721933 2.19769657540086 2.52835663911195 2.15237749971525 5.00867283875776 5.00986298572718 5.01032434293759 5.00941540709575 2.33085477268045 5.0076144404001 5.00832315814873 2.2885794087954 2.53167046882962 2.36085620301729 3.239290493478 2.22286175361669 2.38451441287702 2.97006971066693 2.85426249287764 2.77666400418228 2.64819860955586 2.25233591512256 2.22582722805818 2.33441655022594 2.32275828489464 3.18784273897013
-9999 -9999 -9999 -9999 -9999 -9999 -9999 -9999 -9999 -9999 -9999 -9999 -9999 -9999 -9999 -9999 2.26178416280131 2.41528801380025 2.33096046956535 2.16107604794405 4.95325494135747 4.95325494135747 4.95325494135747 5.00749771911702 2.19981321029726 2.19026763719717 2.21160385437543 2.70487317195036 2.63889774651599 2.54103635393406 2.42942711909386 5.00827979949942 5.00898605692936 5.00885905194549 2.34578160418611 2.38199507107079 3.05478252206572 2.37351377914677 2.54920739829151 2.37668649830736 2.33949364228535 2.24812204884603 2.21740315214573 2.20560424255605 2.30728369295376 2.33155712134779
-9999 -9999 -9999 -9999 -9999 -9999 -9999 -9999 -9999 -9999 -9999 -9999 -9999 -9999 -9999 -9999 -9999 2.28547145277402 4.95325494135747 4.95325494135747 4.95325494135747 4.95325494135747 4.95325494135747 2.44284361459584 2.33690284216913 2.52252438808209 2.35967815259053 2.6346750560286 2.34022724927156 2.36873871163555 2.30350764101469 2.30770825278336 2.66032084898382 5.0021725438211 2.33181531841309 2.53573996875985 3.13792226971566 2.53524918127138 2.36611509985258 2.34421735303361 2.23842641870534 2.22254070066715 2.46368549403009 2.64723946161008 2.32251137895291 2.2320430924361
-9999 -9999 -9999 -9999 -9999 -9999 -9999 -9999 -9999 -9999 -9999 -9999 -9999 -9999 -9999 2.20011543939464 2.14340775615193 4.95325494135747 4.95325494135747 4.95325494135747 4.95325494135747 4.95325494135747 4.95325494135747 4.95325494135747 3.09811489571092 3.01335651925414 2.97307217672423 2.50483926262414 2.44310414645369 2.17681849480097 2.29712985920726 2.30570022263576 2.31168247040064 2.72314619652346 5.00258550988151 3.14690554178059 2.34013559953982 2.30324688324213 2.31543072086271 2.69298763704004 2.49875265872133 2.22201024252981 2.89414101039325 2.69928037592244 2.24647420446605 2.39970995056742
-9999 -9999 -9999 -9999 -9999 -9999 -9999 -9999 -9999 -9999 -9999 -9999 -9999 -9999 -9999 2.31349410891313 4.95325494135747 4.95325494135747 4.95325494135747 4.95325494135747 4.95325494135747 4.95325494135747 4.95325494135747 4.95325494135747 2.38921540217673 2.244926394726 2.33333983642388 2.74383506900805 2.32649278101194 2.46064957990373 2.29960968917691 2.30353663453278 2.31159559640074 4.99626638119509 3.00271644082843 2.93554582918207 2.90401726020134 2.84188151459979 2.76020143293054 2.41205384213826 2.41674723714415 2.24652637336093 2.99025124467392 2.48434741770393 2.24005270401404 2.25396792806366
-9999 -9999 -9999 -9999 -9999 -9999 -9999 -9999 -9999 -9999 -9999 -9999 -9999 -9999 -9999 4.95325494135747 4.95325494135747 4.95325494135747 4.95325494135747 4.95325494135747 4.95325494135747 4.95325494135747 4.95325494135747 2.35060997809589 2.82586699640145 2.35814773468496 2.36207948898453 2.67734500063122 2.28438461099299 2.69745164381022 2.45515809820526 2.4657712777798 2.31187383121912 4.99560955425852 4.9933714273877 2.5016084628614 2.34132953732428 2.2955465601773 2.30859283405289 2.63122468399688 2.57551553488837 3.13412034877523 2.30954615335021 2.61503238020776 2.47089449426552 2.37809512936818
-9999 -9999 -9999 -9999 -9999 -9999 -9999 -9999 -9999 -9999 -9999 -9999 -9999 -9999 -9999 4.95325494135747 4.95325494135747 4.95325494135747 4.95325494135747 4.95325494135747 4.95325494135747 4.95325494135747 4.95325494135747 2.15367568741472 2.68152150086523 2.34888765761482 2.30912149851251 2.30477043984472 2.32197846739413 2.30421235596223 2.83191316761846 4.9957099206356 4.9957099206356 4.9957099206356 2.28845665950471 2.29973679884296 2.35292148336667 2.61158532530098 2.78479220070495 3.36637086057106 3.31480482186832 2.95761377575018 2.36000030800927 2.67601001170176 4.92381855828827 4.92381855828827
-9999 -9999 -9999 -9999 -9999 -9999 -9999 -9999 -9999 -9999 -9999 -9999 -9999 -9999 4.95325494135747 4.95325494135747 4.95325494135747 4.95325494135747 4.95325494135747 4.95325494135747 4.95325494135747 4.95325494135747 2.69870794298954 2.57427955755059 2.63502301372748 2.5645025756698 2.3022644883321 2.66337841453083 2.29907267701516 2.26758509528375 2.44491193638002 4.9957099206356 4.9957099206356 4.9957099206356 3.51026663520675 2.50803099244491 2.32766018203461 2.48779943609503 3.44141497854577 2.3961181171633 2.34522441340016 2.83470458316822 2.7737641681903 2.28241716094487 4.92381855828827 4.92381855828827
-9999 -9999 -9999 -9999 -9999 -9999 -9999 -9999 -9999 -9999 -9999 4.95325494135747 4.95325494135747 4.95325494135747 4.95325494135747 4.95325494135747 4.95325494135747 4.95325494135747 4.95325494135747 4.95325494135747 4.95325494135747 2.34491911834002 2.33547353945568 2.27209265389761 2.29136217024114 2.46496097267689 2.29280115085168 2.71468051127955 2.27436784212054 2.20120828259463 2.49453200876721 4.9957099206356 4.9957099206356 4.9957099206356 4.92381855828827 3.48757337718612 3.47490313834862 3.46524667883562 4.92381855828827 4.92381855828827 4.92381855828827 4.92381855828827 4.92381855828827 4.92381855828827 4.92381855828827 4.92381855828827
-9999 -9999 -9999 -9999 -9999 -9999 -9999 -9999 -9999 -9999 2.42539091967442 4.95325494135747 4.95325494135747 4.95325494135747 4.95325494135747 4.95325494135747 4.95325494135747 4.95325494135747 4.95325494135747 4.95325494135747 2.41628798274667 2.24934502073445 2.24657476739074 2.42174198371686 2.28703699030983 2.25562491233138 2.48126973530836 2.84866441985479 2.44455720127537 2.10496532603044 3.90274933641662 2.57074033259234 2.30773357661257 2.64029682220166 4.92381855828827 4.92381855828827 4.92381855828827 4.92381855828827 4.92381855828827 4.92381855828827 4.92381855828827 4.92381855828827 4.92381855828827 4.92381855828827 4.92381855828827 4.92381855828827
-9999 -9999 -9999 -9999 -9999 -9999 -9999 -9999 -9999 -9999 4.95325494135747 4.95325494135747 4.95325494135747 4.95325494135747 4.95325494135747 4.95325494135747 4.95325494135747 4.95325494135747 2.22337793509737 2.80765785155276 2.27931495333766 2.28021789231173 2.2987790014601 2.28995384731481 2.69714132427648 2.47545094683416 2.91781414141956 2.88365381556455 3.80392801845898 3.90116716974249 3.32745373749836 2.3556872757501 2.36047438945502 2.34756402361831 2.59609189758526 2.46274607974824 4.92381855828827 4.92381855828827 4.92381855828827 4.92381855828827 4.92381855828827 4.92381855828827 4.92381855828827 4.92381855828827 4.92381855828827 4.92381855828827
-9999 -9999 -9999 -9999 -9999 -9999 -9999 -9999 -9999 2.40314856789518 4.95325494135747 4.95325494135747 4.95325494135747 4.95325494135747 4.95325494135747 4.95325494135747 4.95325494135747 2.59636715619167 2.29844564145409 2.76945630884625 2.63283919373292 2.46291152103004 2.295696701336 2.33069141166967 3.43171089503755 3.45608395315304 2.95019610330114 3.79710095677054 2.25655021174233 2.27631354357067 2.31450565620213 3.29907943936049 2.38822647501116 2.39734493825738 2.37352223584444 2.35508288152273 4.92381855828827 4.92381855828827 4.92381855828827 2.33847236966624 4.92381855828827 4.92381855828827 4.92381855828827 4.92381855828827 4.92381855828827 4.92381855828827
-9999 -9999 -9999 -9999 -9999 -9999 -9999 -9999 -9999 2.38632839488705 4.95325494135747 4.95325494135747 4.95325494135747 4.95325494135747 4.95325494135747 4.95325494135747 2.34051319206444 2.4633658534547 2.20435496293663 2.20407884188892 2.2428550225402 2.23214503557435 3.34194488877409 3.39024798766516 2.61334587396959 2.25686115302905 3.54114809541435 2.24847361446813 3.52695602846448 2.9283559187315 2.387791919697 2.32386870875309 3.29171157074254 2.56135203340294 2.39722912676961 2.33849946758559 2.91828915487383 2.34943298620495 2.2715859053141 3.39723273911186 4.92381855828827 4.92381855828827 1.33274936212226 4.92381855828827 4.92381855828827 4.92381855828827
-9999 -9999 -9999 -9999 -9999 -9999 2.45933385066845 2.59535848396434 2.40620370583374 2.202557434577 3.66569184014589 4.95325494135747 4.95325494135747 4.95325494135747 4.95325494135747 2.35687148629497 2.35467627650518 2.26839476523865 2.2592796628818 2.15939482089883 2.85074230770594 3.29713231033676 2.34750519336736 2.25522182275979 2.24708716979563 2.48482719176473 2.52311452893378 2.34617214833465 3.44438677984936 2.36681644482625 2.86200620820235 2.36370622219017 2.63302338493448 3.17552762244199 2.33469989405047 2.37058233756887 2.51934068678707 2.73545349826203 2.37543293915004 3.39723273911186 2.36960759863126 4.92380074623846 2.98437032495159 2.42532250229548 4.92381855828827 4.92381855828827
-9999 -9999 -9999 -9999 -9999 -9999 2.61995738622691 2.69708972295161 2.22584060628904 3.66591462298663 2.16723596710165 4.95325494135747 4.95325494135747 4.95325494135747 4.95325494135747 3.24904234944426 3.20561280524988 3.17631209425727 3.11598944599655 3.0894102403229 2.76668209128475 2.24171227233068 3.19723344962809 3.13839509256491 2.23500153294229 2.26401060127488 2.34502933039257 2.67369654865081 3.40350507429339 2.22671830666082 2.78137364972234 2.34868810046574 2.51443252897032 2.34785520518952 3.11767478449722 2.3601510366503 2.36219065343044 2.66491754533358 2.42179713133012 3.36650346874775 2.42152771004089 4.92046347403972 2.60332526565682 2.90489651014323 2.3790245346999 2.56721758933177
-9999 -9999 -9999 -9999 -9999 2.25793576363341 2.35450420734104 2.66592174594672 3.66465237013058 2.05559844900075 2.00037462667935 4.95325494135747 4.95325494135747 4.95325494135747 2.39496004400368 2.82051455820015 2.2788224471553 2.46974830731015 2.4104386055787 3.07498497726727 2.17515062573498 2.71238292972635 2.57895352063728 3.1074738680052 2.3419824406116 2.27403881240593 2.25157514905274 2.50693483564144 2.63728198160395 3.37000391178038 2.39499463312947 2.59142015923897 2.33423260761192 2.33485361477547 2.94326568416008 2.78192316313107 2.34754094503556 2.40004224596918 2.59982664973183 3.34400654139039 2.41948612469092 4.92156964788395 2.42904513007279 2.80143932178968 2.36705912554685 2.3848078622507
-9999 -9999 2.05067750173797 2.35671705706158 2.20863494496728 2.10673928150305 2.08905543688999 2.46714695298312 3.62787386189698 2.09014641305945 2.69513589216127 2.70853404275356 3.50376497623613 2.38052271217928 2.49099615487336 2.66287442289393 2.47443254358517 2.35389288028682 2.26684294667227 3.06595253655749 2.21480747033884 2.65866476195915 2.43185096529204 2.77323337400384 3.06472725160047 2.42556793089438 2.27594170937002 2.27418526560537 2.58787221034741 3.3634782299798 3.32169470363425 2.26060370174149 2.35465187460527 2.35432769348731 2.88766214281487 2.22890782828862 2.58939506568153 2.38653403791557 2.48087758961879 3.26724089240019 2.42548130130792 4.92170670092423 2.41400691041141 2.41533239145228 2.51931894338591 2.35996812933488
-9999 2.27620501955757 2.59013909884864 2.24768582091278 1.95628786994494 2.20573645368383 3.60688817799174 3.61305988733994 2.18560991970917 2.08622619622393 2.66242302241907 2.32722662740178 2.81996914843101 3.44537989477971 3.39828831508624 2.46586248068376 2.61914335880168 2.40394204127056 2.70635874295405 2.92507099355645 2.56506042899937 2.39921758976551 2.42465957853226 2.70451031763879 2.28650371166206 2.78205782555332 2.14594101348071 2.09538557299442 2.35424262629836 2.35739997921439 2.64654587316206 3.31403026612648 2.62146199582351 2.25370205466411 2.86326202928317 2.27868030698997 2.50035515221566 2.3370726517038 2.42451823583209 3.2273595928146 2.27888740227748 4.92141932736979 2.38529345467371 2.41285127664212 2.25107325998521 2.64547682378859
-9999 2.24719380453954 2.37034900767375 3.57048833214409 3.57304640756427 3.59960513491614 2.25364098251109 2.38781202945565 2.40850874409592 2.62318341552786 2.34258572363146 2.65426107830096 2.41647545778195 2.72181605912273 2.36745792011618 3.36086427466839 3.17292448950144 2.38556179852294 2.4594849515975 2.41900207225469 2.78443670628904 2.41585011906802 2.40241219933437 2.63154539443966 2.30641075511656 2.74014207100594 2.689409189318 2.53794790079968 2.1116242076226 2.12146945225357 2.47010063623123 2.33350438470264 3.25624787287732 2.24059606670016 2.2751669310529 2.80068007196732 2.27451516093308 2.24660951595373 2.98799957121261 3.00720308958694 2.25379464324204 2.27887527855862 4.92185459082577 2.97987840525136 2.36713943104528 2.53760515682755
