Archive - glowpa-model-master/Model input/Uganda/rivergeometry/river_width_1jul.asc
NCOLS 67 
NROWS 67 
XLLCORNER 29.500000001 
YLLCORNER -1.499999999 
CELLSIZE 0.0833333332985075 
NODATA_value -9999 
[rows 40 to 59 of 67, columns 0 to 44 of 67]
0.638157008378896 0.510468926398292 8.34080607411388 8.48158940388318 0.332768098431434 1.82092888334031 0.543935843854085 0.693525940949674 0.800190734036744 0.808190155619917 0.715399748041766 1.05945410761694 0.996133825441516 1.89281134741537 1.03863790279669 3.12704794827513 2.1040906081916 2.77117633485382 0.969438656675532 0.980342717516246 0.946381527085909 1.34100292430077 0.915871742827444 0.483567213269114 0.533938367413496 0.728034601790116 0.880120930845385 1.17309537486332 0.74293320912843 0.542072876366951 0.99235913183828 0.726721243755869 5.30033355721046 1.25097507384729 0.858791208174738 1.87608562552234 0.821103379574105 0.858179330718207 0.835474813280318 3.28177848050966 3.73858551897823 0.88542070857566 59.3002490256525 1.55520572065653 2.35530792025006
0.712983307074756 1.07615042994172 8.08344643429716 1.40488909446441 1.33661281728338 1.48992625920421 0.810253612403213 0.712527130582894 0.890098767060037 1.81935909524059 2.16076781682374 0.800162467029438 1.01915985814172 1.06002412488664 1.40949214509178 2.12753195629776 0.90638393904697 1.7865952777333 2.60751333576354 2.20759055073061 1.47160245616665 1.27148530552266 0.856618953959513 0.754041986331245 0.717384774533508 0.606532389379993 0.409333394199564 0.734308993481215 0.700621252122791 0.723197277635358 0.950074629327478 1.77842782287969 4.81652777563714 0.655835264251513 0.685753077196845 0.686834012953604 1.05996746026525 0.836189907646425 2.75505013247417 1.24561956413217 3.42805594523816 1.81722326021737 59.250807396663 1.06743481924843 2.05484897176763
0.394958641860911 0.569132931867911 7.78122817738704 0.499138784912618 1.21559817630508 1.12676626490249 0.654711101508219 1.09142807628932 1.43309905175563 0.77758556326618 0.867123357579606 2.54133829756447 1.22212999019094 0.817395048070292 0.856666601375899 0.807216555823959 1.2533934948295 1.02864602789317 1.0651750750255 0.79569752198594 0.748569979858103 0.395576997397613 0.414667703904104 0.91653739691862 0.408651683907773 1.51176522497307 0.82758788382881 0.983994354618316 0.499966929597189 0.261612201640541 1.19826478300327 0.843884339120583 4.64762046854547 2.79948078879176 1.28502731045356 0.658727586520891 0.703594357121291 0.810271111168953 2.39159547361365 0.833159633552273 2.58159506594369 1.5409878318661 59.2053738240872 59.1584246649242 0.894615844709846
7.23369004949397 7.74662358671109 0.62809860800834 0.937214636231347 0.794657631949678 0.649092581719164 0.610436008253552 1.00503589562866 1.62520749973634 0.959128485467451 1.23300903428842 2.71535484129529 3.15598407221098 0.547185025851764 0.549137777478432 0.454135095701447 0.713285361291418 0.514582387687749 0.691256722262593 0.46780784698157 0.472354835044568 0.61364378544641 1.23710215611351 0.411186980450771 0.39058421513122 1.57394009247499 0.41187382848409 0.39832910236935 1.32689519260482 1.8965594913752 0.681839696174859 0.688237845467502 3.33639199315322 0.884022151376996 1.92868642052969 1.65482613970623 0.851830688645858 1.73105538987258 0.843986474764027 0.861824050308519 2.39168302292477 1.28446973505662 0.500355751920261 59.1229840695222 0.994421452550079
7.18722314112314 2.03847707044433 1.90055844615228 1.41407001672882 0.524353590034074 0.524943200407056 0.477831546864385 0.803038375558855 1.06777409448307 2.05417078684399 1.71966084150967 0.623674846471068 3.42554514478135 0.992189759562915 0.644716834792004 0.435967301428677 0.386873438949682 0.438403387287529 0.708503274546736 0.726787901273349 0.601455299749409 1.46527058359068 0.391231257735593 0.717241229360168 1.77320247214714 0.608129389998023 0.465538881636755 2.75482008631113 1.36119508244898 1.8965594913752 0.700021627345916 0.785176908261647 1.42596571888049 2.56620656155314 2.06011575740059 0.897277252969948 1.02101596747431 1.4341298476175 0.944506220247511 1.17541045714217 1.93343932175457 0.992343045324573 59.0603887698155 59.0603887698155 59.0603887698155
7.05988052260722 1.21436724965277 1.05719043232283 0.905231943780194 0.68893562217448 0.670436453634393 0.916070660445432 1.14266029019381 0.859856760109629 2.40071687788746 1.82710494800131 0.429835160241957 3.48060652070359 0.39638039556209 0.906509005469851 0.376301226566785 0.831791279519039 0.361822475231097 0.425199166361386 1.1432277664633 0.822806591326716 1.60161277773503 2.1954033038057 1.98039751756297 0.480517107195005 0.430546066621657 0.568054925153762 2.75482008631113 1.8965594913752 1.8965594913752 1.50144866049203 0.82023616711032 0.993728970732865 0.950013252755145 0.761528227105547 1.46748426915156 1.08543077772337 59.0603887698155 59.0603887698155 0.673503417482279 1.00278300502231 0.675750835055215 59.0603887698155 59.0603887698155 59.0603887698155
2.24622825301144 6.80111131546022 0.777589822757602 0.841748912921938 1.08896977265178 0.698006754285566 1.26084196721882 1.15315196016061 5.9690596110917 3.43275282046818 1.98827756032004 0.472388259490794 3.52976545342184 1.09509235709225 1.13737534905156 1.2710410993177 2.25412661618216 2.30607365412507 2.89845496783137 3.44209108343881 3.44111977058792 5.01527149167662 5.04926914697659 0.495133965433689 0.614044034214095 0.655161030389445 2.88259565983779 0.351026839924038 0.467922299059137 1.19696439378438 0.802917119588248 0.814954717691996 0.811689138748226 1.19850565676499 59.0603887698155 59.0603887698155 59.0603887698155 59.0603887698155 59.0603887698155 59.0603887698155 59.0603887698155 59.0603887698155 59.0603887698155 59.0603887698155 59.0603887698155
0.606077754947309 6.11285551082347 1.25743104958239 0.911377422409334 0.906602001259525 1.75662939712019 5.9690596110917 5.9690596110917 5.9690596110917 5.9690596110917 5.73367931801789 5.70576282334048 3.99855092713991 3.96020614412761 0.498714742165565 0.510663844162958 1.46360338584058 0.483604437656465 1.47217446335369 0.612270240061662 1.40026537837689 0.551090927874455 0.847593093194384 5.33387828218322 0.891335078475553 2.96444833102014 0.383687541664953 0.301154045481626 0.456903463982625 0.80727089576626 0.765116495114548 1.18765800146305 59.0603887698155 59.0603887698155 59.0603887698155 59.0603887698155 59.0603887698155 59.0603887698155 59.0603887698155 59.0603887698155 59.0603887698155 59.0603887698155 59.0603887698155 59.0603887698155 59.0603887698155
1.06069644273268 6.04087622655908 5.81292070037092 5.81292070037092 1.94243547860739 0.505333571269827 5.9690596110917 5.9690596110917 5.9690596110917 5.9690596110917 0.5761510435475 0.947335458110376 0.437828143567984 1.69227397794202 3.34822406021873 1.79993784005465 1.04581520916695 0.32048898942455 1.42933288498311 0.409261080647328 1.11697401171148 0.61007872183177 0.526822313620307 0.403911236461219 6.4763506352111 7.58498698928591 7.67273381336041 7.78186447262973 8.11402971208381 1.16977981023095 59.0603887698155 59.0603887698155 59.0603887698155 59.0603887698155 59.0603887698155 59.0603887698155 59.0603887698155 59.0603887698155 59.0603887698155 59.0603887698155 59.0603887698155 59.0603887698155 59.0603887698155 59.0603887698155 59.0603887698155
5.81292070037092 5.81292070037092 5.81292070037092 5.81292070037092 5.81292070037092 0.283584883258246 0.320310112943853 0.314711149031568 5.9690596110917 5.9690596110917 0.637244272555652 0.410794818192761 1.31749025776559 0.559115392138052 2.59576703146566 1.56590510465271 0.554238701296373 0.868492355576832 1.33873207030805 1.29493426094465 0.40463607405705 0.927406930812116 0.345139964869001 0.383738764459202 1.7585477577428 1.02378570473833 2.51021457941482 0.963422131010827 59.0603887698155 59.0603887698155 59.0603887698155 59.0603887698155 59.0603887698155 59.0603887698155 59.0603887698155 59.0603887698155 59.0603887698155 59.0603887698155 59.0603887698155 59.0603887698155 59.0603887698155 59.0603887698155 59.0603887698155 59.0603887698155 59.0603887698155
5.81292070037092 5.81292070037092 5.81292070037092 5.81292070037092 5.81292070037092 0.182780606742911 6.41873737555456 6.00904331269418 5.9690596110917 0.407480859231532 0.402607597743097 0.435514445426526 1.21845144885833 0.572203910983855 2.51097377886102 1.32307102076057 0.512344650238933 0.716267880977152 0.2046828469067 1.19245035110711 0.336756567325919 0.871327282559775 0.290560836951364 0.394182710406026 1.56564883501825 0.749091534443998 2.41951421938271 0.685162834427452 59.0603887698155 59.0603887698155 59.0603887698155 59.0603887698155 59.0603887698155 59.0603887698155 59.0603887698155 59.0603887698155 59.0603887698155 59.0603887698155 59.0603887698155 59.0603887698155 59.0603887698155 59.0603887698155 59.0603887698155 59.0603887698155 59.0603887698155
5.81292070037092 5.81292070037092 5.81292070037092 5.81292070037092 5.81292070037092 6.44511867064834 0.258218174533127 1.785685281389 0.384799627353462 0.698429684475885 0.312498369117043 0.655407081955774 0.650908470544118 0.645861060781483 2.20791533555714 0.394557482947686 1.09820350716299 0.534329166871841 0.648089661940346 0.744634581073855 0.381242094232938 0.52644473260533 0.40134575408501 0.442376431672801 1.40594434034086 0.621747505871154 1.78166059169607 0.714262437307518 59.0603887698155 59.0603887698155 59.0603887698155 59.0603887698155 59.0603887698155 59.0603887698155 59.0603887698155 59.0603887698155 59.0603887698155 59.0603887698155 59.0603887698155 59.0603887698155 59.0603887698155 59.0603887698155 59.0603887698155 59.0603887698155 59.0603887698155
5.81292070037092 5.81292070037092 5.81292070037092 5.81292070037092 5.81292070037092 0.454155605694946 0.176919239175008 1.68805329665154 0.433974828148978 0.165833830199483 0.411843422661497 0.24082343975061 0.659163999010377 1.11156360987052 1.2022387769136 1.05123841127265 0.538033316226036 0.518961033161891 0.473411597449968 0.486675288113743 0.37565094889528 0.37437937680881 0.341883929152984 0.638437816039993 0.973431514191832 0.769089132917562 1.10077678019574 0.71751813428408 0.963095482213216 1.09045213046994 59.0603887698155 59.0603887698155 59.0603887698155 59.0603887698155 59.0603887698155 59.0603887698155 59.0603887698155 59.0603887698155 59.0603887698155 59.0603887698155 59.0603887698155 59.0603887698155 59.0603887698155 59.0603887698155 59.0603887698155
5.81292070037092 5.81292070037092 5.81292070037092 5.81292070037092 5.81292070037092 0.203169914438363 0.405591333985738 1.6312087462419 1.47525181188222 0.556840720234501 0.394891667962023 0.564380217018006 0.629096274862932 0.878041833644175 0.522725933581684 0.578397422562983 0.56642531345063 0.572240447187816 0.540129211767962 0.546245459947466 0.535654325232377 0.350710747260092 0.359545002282184 0.244706283771366 0.650593820109518 0.475959079473254 0.72753868562628 0.835284207110371 1.61916522799982 2.30370839407601 59.0603887698155 59.0603887698155 59.0603887698155 59.0603887698155 59.0603887698155 59.0603887698155 59.0603887698155 59.0603887698155 59.0603887698155 59.0603887698155 59.0603887698155 59.0603887698155 59.0603887698155 59.0603887698155 59.0603887698155
5.81292070037092 5.81292070037092 5.81292070037092 5.81292070037092 0.252853605412697 0.715621533951002 0.575261432137297 0.976077830196454 0.519771241032307 0.598293589062095 0.760389202512272 0.799639780802797 0.620428679462127 0.606857632926615 0.592639837325664 0.8298861185568 0.536713920009699 0.812787076656252 0.808763403860634 1.75449949570461 0.923487501784891 0.738701908845916 0.51772382980319 0.349873641595512 0.446657933440241 0.3640526000358 0.487810289692917 59.0603887698155 59.0603887698155 59.0603887698155 59.0603887698155 59.0603887698155 59.0603887698155 59.0603887698155 59.0603887698155 59.0603887698155 59.0603887698155 59.0603887698155 59.0603887698155 59.0603887698155 59.0603887698155 59.0603887698155 59.0603887698155 59.0603887698155 59.0603887698155
5.81292070037092 5.81292070037092 3.79095137600469 0.404776914416576 1.73354966560018 0.52703250112264 0.689110441060079 0.692186492391229 0.718596027574679 1.27661562235124 0.612919942831592 1.02309025376751 0.895871479939605 0.548251761902159 0.522896570037546 0.61384780011612 1.15166197409499 1.35291834407116 0.530766955817434 1.75449949570461 0.375412894315757 0.535814314605846 0.319381329201935 0.407621328918146 0.442960866509267 0.353887435289374 0.933311847348924 59.0603887698155 59.0603887698155 59.0603887698155 59.0603887698155 59.0603887698155 59.0603887698155 59.0603887698155 59.0603887698155 59.0603887698155 59.0603887698155 59.0603887698155 59.0603887698155 59.0603887698155 59.0603887698155 59.0603887698155 59.0603887698155 59.0603887698155 59.0603887698155
5.81292070037092 5.81292070037092 3.75863259003455 3.60395778231484 0.48126202532472 1.53946502503529 0.779848940309666 0.738820942459029 1.04183193673363 1.55278602812024 0.597359221313073 3.19553525619887 3.58152790316716 3.7242799945529 3.85749084386404 4.02964241580648 4.92287864174432 1.98629385568174 5.53301259696315 5.53301259696315 5.69469144569636 0.836887242925835 5.7085261944304 0.717983395253021 0.605354966139737 0.742926689108457 59.0603887698155 59.0603887698155 59.0603887698155 59.0603887698155 59.0603887698155 59.0603887698155 59.0603887698155 59.0603887698155 59.0603887698155 59.0603887698155 59.0603887698155 59.0603887698155 59.0603887698155 59.0603887698155 59.0603887698155 59.0603887698155 59.0603887698155 59.0603887698155 59.0603887698155
0.479300916182883 1.65808734852948 0.572694443363214 3.54904955050805 0.524827879436073 0.692749862463682 0.729435989954875 1.747252415429 0.691933858376999 1.80968771896154 2.67947087275479 0.638973732428622 0.555523837655996 0.605215631139114 1.03359310923554 1.26557271820564 4.92287864174432 4.92287864174432 5.53301259696315 5.53301259696315 5.69469144569636 5.7085261944304 5.7085261944304 0.830267285854621 1.51919186357832 0.797652429992621 59.0603887698155 59.0603887698155 59.0603887698155 59.0603887698155 59.0603887698155 59.0603887698155 59.0603887698155 59.0603887698155 59.0603887698155 59.0603887698155 59.0603887698155 59.0603887698155 59.0603887698155 59.0603887698155 59.0603887698155 59.0603887698155 59.0603887698155 59.0603887698155 59.0603887698155
0.357652033410468 1.50256807477331 0.302117279129322 3.48493790599469 0.492426725519257 0.633743383643743 2.21002010788165 1.90848663640867 0.763715160439073 2.49015265905441 1.01875041085054 0.649828171555123 0.506423627980401 0.52226356806115 0.519753457126327 0.631492607883664 4.92287864174432 4.92287864174432 0.600965000043428 0.464409357410236 1.14313234953709 0.535431258713283 5.81083552008161 0.483446942416999 1.91480621138488 2.11570817364823 59.0603887698155 59.0603887698155 59.0603887698155 59.0603887698155 59.0603887698155 59.0603887698155 59.0603887698155 59.0603887698155 59.0603887698155 59.0603887698155 59.0603887698155 59.0603887698155 59.0603887698155 59.0603887698155 59.0603887698155 59.0603887698155 59.0603887698155 59.0603887698155 59.0603887698155
0.328326184882271 1.45660883887428 0.201946904027757 0.222161764851063 3.39625753656113 2.44419565303688 2.37118855755276 0.526374450640412 0.720772589086347 0.813566822812903 0.810767317248619 0.505906935370971 0.849454602880554 0.461341033113682 0.576522271867937 0.966238663901171 0.849900534850843 0.534116793458705 0.558766332270489 0.724070018026306 1.01384194998565 0.596111001752954 0.633569990187229 5.92263009381477 6.9200465051493 7.04778687876932 59.0603887698155 59.0603887698155 59.0603887698155 59.0603887698155 59.0603887698155 59.0603887698155 59.0603887698155 59.0603887698155 59.0603887698155 59.0603887698155 59.0603887698155 59.0603887698155 59.0603887698155 59.0603887698155 59.0603887698155 59.0603887698155 59.0603887698155 59.0603887698155 59.0603887698155
