Archive - glowpa-model-master/Model input/Uganda/rivergeometry/river_flowvelocity_1may.asc
NCOLS 67 
NROWS 67 
XLLCORNER 29.500000001 
YLLCORNER -1.499999999 
CELLSIZE 0.0833333332985075 
NODATA_value -9999 
[rows 42 to 62 of 67, columns 0 to 45 of 67]
1.97162677197809 2.10337269383455 3.58258768803514 2.07205871405923 2.54008730980753 2.52461414668297 2.23763307743271 2.45658351565179 2.56803020079684 2.26829797166456 2.31357458731582 2.81022400701078 2.45903231442029 2.28577461651144 2.34016178568163 2.35707791478142 2.57638879618207 2.47316365170371 2.49382472323487 2.35044175592528 2.31659144187969 2.31704668561491 2.35455900799524 2.64052231756865 2.28749614516757 2.80325967195494 2.36187714200946 2.47340493996162 2.25531101663144 2.25359316520907 2.44335268613316 2.25591991069564 3.13181828588826 2.88664975525403 2.5829915798175 2.3115514164708 2.28477018419421 2.23841811027151 2.75371099914535 2.25284313385363 2.778353329415 2.55033234751662 4.96880372287678 4.96888231556996 2.31582582524672 2.50390879970684
3.55277428372785 3.58137615494215 2.14362648497927 2.33591335657338 2.42008587766484 2.3809392135692 2.25203344480554 2.44519592127546 2.63072456932301 2.35148449283844 2.46172608435624 2.84511761680644 2.93187913643857 2.24271613856225 2.25519787776343 2.34507683861017 2.32101219308712 2.20566795182501 2.29129888767721 2.35898652296159 2.3481555497386 2.49750164101247 2.81656470391419 2.29301890723528 2.29662988942138 2.84377230477419 2.31068083852389 2.31552682999989 2.73664576735687 3.00032395354553 2.42796260421763 2.17198868857649 2.92177105147276 2.27555252718225 2.67323899530205 2.60781250177242 2.28239499720837 2.61079723891782 2.25772247585045 2.2687192832083 2.73936409343892 2.45899720057793 2.07179645711303 4.96897151145925 2.39476813193475 2.42179952512832
3.5509858718165 2.70427903772904 2.67494666531978 2.54843721531732 2.48606484832044 2.4331570390953 2.15977405008355 2.32078247717431 2.49241366555287 2.73618682920488 2.66324650599348 2.2586380114884 3.0090169764699 2.51150250038362 2.51344940288599 2.33785903382203 2.34301152199914 2.36627383368912 2.44635970971729 2.55899639132641 2.4872621226 2.92041848498761 2.27625024748247 2.4950503333405 2.95189492349409 2.51884501238135 2.40335634393839 3.25208106178283 2.82038568624054 3.00032395354553 2.30497474457131 2.21606603381859 2.47832899526226 2.79742191593265 2.70109488230731 2.29052520773468 2.39910001706038 2.53107921200311 2.32122291078943 2.40713451603247 2.63640121184428 2.33932348287143 4.9687239852035 4.9687239852035 4.9687239852035 4.9687239852035
3.54504039684744 2.46218594805594 2.4101787712505 2.3571193064804 2.63461670174004 2.39067144575341 2.54996824110235 2.6250593357007 2.38425213845774 2.84418475650429 2.70991528402224 2.20778099073547 3.02501702084962 2.31612216603107 2.69259970693097 2.32414908611009 2.69490217897633 2.32446729712829 2.36660009414622 2.75554738455554 2.61380020256029 2.97374137021233 3.0891345428362 3.01996540283026 2.37738775482042 2.38633158570926 2.43236621648439 3.25208106178283 3.00032395354553 3.00032395354553 2.49165833444608 2.22959623447934 2.31657838824027 2.30060446046603 2.20978450000425 2.56551165040856 2.45129343103029 4.9687239852035 4.9687239852035 2.16824117030947 2.33702862459289 2.17453083129301 4.9687239852035 4.9687239852035 4.9687239852035 4.9687239852035
2.71294044550992 3.53161139505391 2.24669988370114 2.32808977818941 2.72021077197595 2.2683644005764 2.59713371591945 2.63202034853856 3.53823332941225 3.05828831836254 2.78528924237608 2.24793561162984 3.04011919060007 2.79838677955015 2.84457753017826 2.91795986975192 3.16601165792243 3.18574247288079 3.37190074043311 3.46897792408179 3.4792411416917 3.71778270698395 3.72609393919749 2.35438377607073 2.46459639804926 2.48595081911006 3.27654390466099 2.3609851560654 2.32474940140605 2.38789274054182 2.22189858474261 2.22726382381388 2.22841722530951 2.39651413302808 4.9687239852035 4.9687239852035 4.9687239852035 4.9687239852035 4.9687239852035 4.9687239852035 4.9687239852035 4.9687239852035 4.9687239852035 4.9687239852035 4.9687239852035 4.9687239852035
2.13194479648621 3.49729841208063 2.46996631225179 2.33405553309599 2.3675550726961 2.83820523500745 3.53823332941225 3.53823332941225 3.53823332941225 3.53823332941225 3.39504245848194 3.38902841156081 3.1952514952671 3.18499273851953 2.22620070888991 2.20419200738919 2.7895774868339 2.36105884587894 3.0471883129203 2.57028857829977 3.1047434146911 2.37182501885409 2.62770990398894 3.76058426393896 2.65776031877172 3.29575563830776 2.41086413573425 2.40534450079587 2.39892928039193 2.23268378244154 2.21035173038746 2.39441889040935 4.9687239852035 4.9687239852035 4.9687239852035 4.9687239852035 4.9687239852035 4.9687239852035 4.9687239852035 4.9687239852035 4.9687239852035 4.9687239852035 4.9687239852035 4.9687239852035 4.9687239852035 4.9687239852035
2.36273082342343 3.49544775964838 3.48534723152412 3.48534723152412 2.86878647296011 2.12416747415216 3.53823332941225 3.53823332941225 3.53823332941225 3.53823332941225 2.24393201475878 2.6068653059827 2.21649055921896 2.78841784896732 3.05854742950245 2.73952285466563 2.58564522021062 2.30004357020397 3.02554413223335 2.36826736893904 3.01041768239396 2.59532641916698 2.45955347947844 2.43279744398216 3.87555876901851 3.96469762204821 3.97115387773826 3.98041495492796 3.9895628831226 2.4032608528937 4.9687239852035 4.9687239852035 4.9687239852035 4.9687239852035 4.9687239852035 4.9687239852035 4.9687239852035 4.9687239852035 4.9687239852035 4.9687239852035 4.9687239852035 4.9687239852035 4.9687239852035 4.9687239852035 4.9687239852035 4.9687239852035
3.48534723152412 3.48534723152412 3.48534723152412 3.48534723152412 3.48534723152412 1.89662626696021 2.0132902614801 2.17750078629816 3.53823332941225 3.53823332941225 2.43135828215442 2.25767473523696 2.68032241185574 2.2367672417236 2.91347582304794 2.66883693531922 2.21564376518609 2.50942209021701 2.99206140139306 2.94701654850962 2.40602290519432 2.93725834283061 2.4307034821249 2.463867781478 3.26740205077037 2.35292767358343 2.80517067736135 2.33398248706363 4.9687239852035 4.9687239852035 4.9687239852035 4.9687239852035 4.9687239852035 4.9687239852035 4.9687239852035 4.9687239852035 4.9687239852035 4.9687239852035 4.9687239852035 4.9687239852035 4.9687239852035 4.9687239852035 4.9687239852035 4.9687239852035 4.9687239852035 4.9687239852035
3.48534723152412 3.48534723152412 3.48534723152412 3.48534723152412 3.48534723152412 1.8804792118188 3.57413515161203 3.54266644002462 3.53823332941225 2.12874984188732 2.27083957037953 2.2162636762837 2.6206712542551 2.22808410275272 2.89345650333615 2.58008928221817 2.17695393776774 2.35984694727037 2.25656146569033 2.90382480873809 2.40344871506271 2.89237405070208 2.44561968843758 2.45396373596113 3.22427830445155 2.21589987135399 2.78851976160798 2.20050796343749 4.9687239852035 4.9687239852035 4.9687239852035 4.9687239852035 4.9687239852035 4.9687239852035 4.9687239852035 4.9687239852035 4.9687239852035 4.9687239852035 4.9687239852035 4.9687239852035 4.9687239852035 4.9687239852035 4.9687239852035 4.9687239852035 4.9687239852035 4.9687239852035
3.48534723152412 3.48534723152412 3.48534723152412 3.48534723152412 3.48534723152412 3.5756801096815 2.02193871103482 2.74296362245308 2.12020449047181 2.44341160250536 2.11865652573874 2.38492590090093 2.26926459974977 2.25463077182693 2.82143230117591 2.06924181443847 2.48737856197387 2.17547428722912 2.41936968776204 2.71267047711264 2.44065396019368 2.64192647443299 2.48201351196076 2.50486065195298 3.19918213350082 2.17865069166763 2.65180156091056 2.23283777157664 4.9687239852035 4.9687239852035 4.9687239852035 4.9687239852035 4.9687239852035 4.9687239852035 4.9687239852035 4.9687239852035 4.9687239852035 4.9687239852035 4.9687239852035 4.9687239852035 4.9687239852035 4.9687239852035 4.9687239852035 4.9687239852035 4.9687239852035 4.9687239852035
3.48534723152412 3.48534723152412 3.48534723152412 3.48534723152412 3.48534723152412 2.09889695455697 1.8524785842927 2.69434916371013 2.23309366128911 1.93042344074278 2.22646471839417 1.93157241765891 2.28061161924833 2.49763455429748 2.5202018321289 2.44902328693252 2.18426241738901 2.16117099162233 2.22780953278452 2.42040948006359 2.47688029768107 2.46078296600414 2.46635386421248 2.84774708175746 3.10089381454158 2.5494943661201 2.4332294856079 2.26932641177047 2.3748634884075 2.53013789841065 4.9687239852035 4.9687239852035 4.9687239852035 4.9687239852035 4.9687239852035 4.9687239852035 4.9687239852035 4.9687239852035 4.9687239852035 4.9687239852035 4.9687239852035 4.9687239852035 4.9687239852035 4.9687239852035 4.9687239852035 4.9687239852035
3.48534723152412 3.48534723152412 3.48534723152412 3.48534723152412 3.48534723152412 1.77889264848269 2.04270321823184 2.67485801798442 2.62506224466515 2.23537277276793 2.36084592850623 2.38097542496017 2.24282796596763 2.37418607370785 2.16429603062762 2.18237186320248 2.1836235392546 2.24408522250049 2.26843679885691 2.32559666697744 2.59913494585066 2.37476093781499 2.4936981087171 2.47896071846622 2.86659375772224 2.41508053452437 2.26479385181316 2.32067808035856 2.58146975604744 2.85600225979462 4.9687239852035 4.9687239852035 4.9687239852035 4.9687239852035 4.9687239852035 4.9687239852035 4.9687239852035 4.9687239852035 4.9687239852035 4.9687239852035 4.9687239852035 4.9687239852035 4.9687239852035 4.9687239852035 4.9687239852035 4.9687239852035
3.48534723152412 3.48534723152412 3.48534723152412 3.48534723152412 1.85087020227907 2.26448159065433 2.17370953571163 2.40642238242863 2.18688731640419 2.31892489819859 2.53539547077753 2.50979608663528 2.27072740511417 2.20716043583144 2.22347800662274 2.37942696675681 2.20932424787822 2.39358135235186 2.44363366365429 3.03869144980028 2.7550013693729 2.60223528011957 2.49738606965216 2.54796001533366 2.62531662771569 2.40837753913078 2.11301930970225 4.9687239852035 4.9687239852035 4.9687239852035 4.9687239852035 4.9687239852035 4.9687239852035 4.9687239852035 4.9687239852035 4.9687239852035 4.9687239852035 4.9687239852035 4.9687239852035 4.9687239852035 4.9687239852035 4.9687239852035 4.9687239852035 4.9687239852035 4.9687239852035 4.9687239852035
3.48534723152412 3.48534723152412 3.07457566930025 2.01821338076947 2.6421864108348 2.14234292142868 2.24174327006691 2.24247419473516 2.26106558291173 2.69979758746076 2.27803847761167 2.58644464592429 2.41548954421943 2.19945978268732 2.21199989245894 2.26456012376232 2.54311553035937 2.65695425975456 2.2621121664294 3.03869144980028 2.30232186904943 2.52906872274437 2.39843334341558 2.40963913897174 2.38341035500795 2.19365912407203 2.35785123548723 4.9687239852035 4.9687239852035 4.9687239852035 4.9687239852035 4.9687239852035 4.9687239852035 4.9687239852035 4.9687239852035 4.9687239852035 4.9687239852035 4.9687239852035 4.9687239852035 4.9687239852035 4.9687239852035 4.9687239852035 4.9687239852035 4.9687239852035 4.9687239852035 4.9687239852035
3.48534723152412 3.48534723152412 3.07043500478425 3.03903088896625 2.1123009520013 2.58232588796909 2.26447395986451 2.2346590931161 2.40339949149827 2.75212083557964 2.2449089334729 3.07123081390264 3.1326987941318 3.15612449952153 3.17593150540477 3.20217594730306 3.35347464931611 2.83265914850781 3.51746727210298 3.51746727210298 3.55074317182967 2.6429442561577 3.57657788617013 2.47328461425071 2.16426185674353 2.51649402707664 4.9687239852035 4.9687239852035 4.9687239852035 4.9687239852035 4.9687239852035 4.9687239852035 4.9687239852035 4.9687239852035 4.9687239852035 4.9687239852035 4.9687239852035 4.9687239852035 4.9687239852035 4.9687239852035 4.9687239852035 4.9687239852035 4.9687239852035 4.9687239852035 4.9687239852035 4.9687239852035
2.0523999597146 2.8571042444355 2.31493709884613 3.02967979737428 2.15433534530534 2.2285525712146 2.22714975303943 2.62560467194607 2.2051229412741 2.7983500439966 2.94901934598381 2.22030384632863 2.2032570648546 2.25571880870501 2.48397836636025 2.57288379906866 3.35347464931611 3.35347464931611 3.51746727210298 3.51746727210298 3.55074317182967 3.57657788617013 3.57657788617013 2.27502745493507 2.75150607837002 2.27189437416564 4.9687239852035 4.9687239852035 4.9687239852035 4.9687239852035 4.9687239852035 4.9687239852035 4.9687239852035 4.9687239852035 4.9687239852035 4.9687239852035 4.9687239852035 4.9687239852035 4.9687239852035 4.9687239852035 4.9687239852035 4.9687239852035 4.9687239852035 4.9687239852035 4.9687239852035 4.9687239852035
2.02902151117365 2.83074833657741 2.21568644454005 3.01814103196188 2.11162347817817 2.19516999935975 2.73770518567091 2.66712533145154 2.26176015423718 2.91251825474733 2.4048937547796 2.22407331272304 2.18901271798521 2.21557985588445 2.20412496925706 2.28865392011865 3.35347464931611 3.35347464931611 2.18534351921306 2.21928180586905 2.63980761371419 2.31357104939576 3.58438644339472 2.04663620475499 2.81452177024006 2.84818621779573 4.9687239852035 4.9687239852035 4.9687239852035 4.9687239852035 4.9687239852035 4.9687239852035 4.9687239852035 4.9687239852035 4.9687239852035 4.9687239852035 4.9687239852035 4.9687239852035 4.9687239852035 4.9687239852035 4.9687239852035 4.9687239852035 4.9687239852035 4.9687239852035 4.9687239852035 4.9687239852035
2.06007495129055 2.82070091265112 2.12940288739447 2.1734522215165 2.99953290839697 2.79474250915288 2.77765985758747 2.2222227066931 2.22506489154362 2.28049697053325 2.28482256945956 2.13592863893419 2.38376671336106 2.17486857079611 2.22712434136924 2.41610506617485 2.38410292924185 2.20913035284667 2.25649112696702 2.37292318890616 2.56578443644207 2.36849862154564 2.16555338663741 3.58864128563752 3.66409487272036 3.66956592753754 4.9687239852035 4.9687239852035 4.9687239852035 4.9687239852035 4.9687239852035 4.9687239852035 4.9687239852035 4.9687239852035 4.9687239852035 4.9687239852035 4.9687239852035 4.9687239852035 4.9687239852035 4.9687239852035 4.9687239852035 4.9687239852035 4.9687239852035 4.9687239852035 4.9687239852035 4.9687239852035
2.57957600057219 2.30360305587051 2.73700324668554 2.24302900168277 2.22145481680873 2.71116420477329 2.12993807569096 2.42271274450375 2.725057807759 2.25593503168845 2.38376592021081 2.58215923669648 2.4905417846205 2.37153262754497 2.35807676578053 2.5229573108817 2.51673418095938 2.2540409233402 2.66668715365551 2.39604437725799 2.42966925121981 2.40330205718118 2.29320459126584 2.52767252456582 3.05172153625834 2.51058808842021 4.64551160105255 4.9687239852035 4.9687239852035 4.9687239852035 4.9687239852035 4.9687239852035 4.9687239852035 4.9687239852035 4.9687239852035 4.9687239852035 4.9687239852035 4.9687239852035 4.9687239852035 4.9687239852035 4.9687239852035 4.9687239852035 4.9687239852035 4.9687239852035 4.9687239852035 4.9687239852035
2.63560910614479 2.49301468044277 2.40673317803083 2.45197547597546 2.25642557205582 2.6754140774556 2.16132419026307 2.14602568855949 2.39521596463052 2.79666245520749 3.28178134436569 4.46284416441667 4.46335523332905 4.46442089567142 4.48280611465616 4.48347743567162 4.48701556038594 2.33486066707793 2.86279352103151 2.39200334549338 2.60712406378787 2.42964787503806 2.59635610805056 2.9547160716748 2.52350868715478 4.64146210012433 2.83591788366398 4.9687239852035 4.9687239852035 4.9687239852035 4.9687239852035 4.9687239852035 4.9687239852035 4.9687239852035 4.9687239852035 4.9687239852035 4.9687239852035 4.9687239852035 4.9687239852035 4.9687239852035 4.9687239852035 4.9687239852035 4.9687239852035 4.9687239852035 4.9687239852035 4.9687239852035
2.55745194752065 2.35642267736358 2.8599555402231 2.63018731734036 2.26276110768648 2.43233875958268 2.49677669448012 2.10440101501759 2.24828938464751 2.41739214477401 3.19410247533177 4.4367673484801 2.27263729919568 2.03104487058127 3.22587852154565 2.16115098128607 2.17409353041206 4.48769961673159 2.89262749379645 2.77790319221064 2.41798237506758 2.65244912365477 2.76485108362798 2.45281542420515 4.63721655392843 2.54958856204538 2.69840967490695 3.04111274426349 4.9687239852035 4.9687239852035 4.9687239852035 4.9687239852035 4.9687239852035 4.9687239852035 4.9687239852035 4.9687239852035 4.9687239852035 4.9687239852035 4.9687239852035 4.9687239852035 4.9687239852035 4.9687239852035 4.9687239852035 4.9687239852035 4.9687239852035 4.9687239852035
