Archive - glowpa-model-master/Model input/Uganda/rivergeometry/river_flowvelocity_1jun.asc
NCOLS 67 
NROWS 67 
XLLCORNER 29.500000001 
YLLCORNER -1.499999999 
CELLSIZE 0.0833333332985075 
NODATA_value -9999 
[rows 0 to 19 of 67, columns 0 to 45 of 67]
-9999.000000000000000 -9999 -9999 -9999 -9999 -9999 -9999 -9999 -9999 -9999 -9999 -9999 -9999 -9999 -9999 -9999 -9999 -9999 -9999 -9999 -9999 -9999 -9999 -9999 -9999 -9999 -9999 -9999 -9999 -9999 -9999 2.20790206359017 2.20325026553348 -9999 -9999 -9999 -9999 -9999 -9999 -9999 -9999 -9999 -9999 -9999 -9999 -9999
-9999 -9999 -9999 -9999 -9999 -9999 -9999 -9999 -9999 -9999 -9999 -9999 -9999 -9999 -9999 -9999 -9999 -9999 -9999 -9999 -9999 -9999 -9999 -9999 -9999 -9999 -9999 -9999 -9999 2.22256968066806 2.34809790345626 2.17609251704426 2.44118355021125 2.16119702372194 2.17750119924881 2.15352895167106 2.27584551531886 2.25598509552941 2.15455605207526 2.19850753710696 -9999 -9999 -9999 -9999 -9999 -9999
-9999 -9999 -9999 -9999 -9999 -9999 -9999 -9999 -9999 -9999 -9999 -9999 -9999 -9999 -9999 -9999 -9999 -9999 -9999 -9999 -9999 -9999 -9999 -9999 -9999 -9999 -9999 -9999 -9999 2.5675156409015 2.13738653703138 2.49537259365812 3.0517386049874 3.02163940623315 2.13849146447601 2.94748245150478 2.90253285861589 2.8231972873707 2.62555779483408 2.47486653197033 2.1727127167285 2.27387182258704 2.32456265135636 -9999 -9999 -9999
-9999 -9999 -9999 -9999 -9999 -9999 -9999 -9999 -9999 -9999 -9999 -9999 -9999 -9999 -9999 -9999 -9999 -9999 -9999 -9999 -9999 -9999 -9999 -9999 -9999 2.24021129711107 -9999 -9999 -9999 2.60729122784721 2.10284617774682 3.10726379747822 2.1365816099024 2.14033162353794 3.00149539006796 2.33891767813782 2.20757601758388 2.22877213100522 2.48063143463271 2.31952057490437 2.27194930791709 2.33650420826277 2.54918955535075 -9999 -9999 -9999
-9999 -9999 -9999 -9999 -9999 -9999 -9999 -9999 -9999 -9999 -9999 -9999 -9999 -9999 -9999 -9999 -9999 -9999 -9999 -9999 -9999 -9999 2.19430848532337 -9999 -9999 2.38532485562326 -9999 -9999 -9999 5.1178958862017 4.05603366235499 4.01766622090901 2.53729717557433 2.44672342394614 2.2801047690088 2.16457833275067 2.24331273554988 2.53505999544715 2.43286435755824 2.2774968628986 2.56967881570817 2.27178701819901 2.65797491640474 2.18633621243977 -9999 -9999
-9999 -9999 -9999 -9999 -9999 -9999 -9999 -9999 -9999 -9999 -9999 -9999 -9999 -9999 -9999 -9999 -9999 -9999 -9999 -9999 -9999 2.35696909700977 2.45177016595044 2.33631909977894 2.46582571470652 2.16413739637679 5.05062185940083 5.05062185940083 5.06250116750509 5.06250116750509 2.1063814766644 4.01241610691141 3.18071271702196 3.14962365408992 2.28551448209551 2.74812285984346 2.69715319746297 2.40062885623781 2.29639617440437 2.28256924228409 2.25252364836848 2.68555952311564 2.73018297020197 2.19445551162027 -9999 -9999
-9999 -9999 -9999 -9999 -9999 -9999 -9999 -9999 -9999 -9999 -9999 -9999 -9999 -9999 -9999 -9999 -9999 -9999 -9999 2.23023875488037 2.7638909263965 2.81717277225151 2.95668327382178 3.01138264396557 2.63065565070638 2.11338755285184 5.05062185940083 5.05062185940083 5.06250116750509 5.06250116750509 3.40558443888906 2.14347005211892 3.96765231796933 2.43566306742566 3.13652099615614 2.9234006908334 2.88889420652032 2.71447721681814 2.29567692652962 2.44219477013129 2.52967362413838 2.77437531224028 2.97104879606425 2.15164127669541 -9999 -9999
-9999 -9999 -9999 -9999 -9999 -9999 -9999 -9999 -9999 -9999 -9999 -9999 -9999 -9999 -9999 -9999 -9999 2.44363972684192 2.53528465506994 2.6522368062058 2.22242570738137 2.34643083567448 2.34926600796781 3.01871964208716 1.87979572089634 2.6643035954592 5.0505900322459 2.24210335947226 2.54807966364128 2.61637213401725 3.17681495517902 3.1517825205282 3.96652486967925 2.19291529719281 2.33185320493356 2.5455061108722 2.5524469674787 2.38377097043388 2.24889063323774 2.24627063833784 2.64873771395526 2.18693163678438 3.0136081544194 2.1834238290992 2.16209874874696 -9999
-9999 -9999 -9999 -9999 -9999 -9999 -9999 -9999 -9999 -9999 -9999 -9999 -9999 -9999 -9999 -9999 -9999 2.43996545120903 2.26271250221673 2.23227902533977 2.23603137798607 2.47339057751646 2.52261549714973 3.10649879166215 3.11988965637293 5.05044319379652 2.2697687487445 2.29703101862398 2.46101204571603 2.55991197517815 3.16585830511471 3.13825709633263 2.32667987515106 3.96429845809723 2.47449665004423 2.36495020272692 2.38336389879274 2.38998059861755 2.41191768398931 2.2531356898598 2.22202489113084 3.44391686692007 2.18894289709247 2.437147137325 2.17979326826938 2.1459104881285
-9999 -9999 -9999 -9999 -9999 -9999 -9999 -9999 -9999 -9999 -9999 -9999 -9999 -9999 -9999 -9999 -9999 2.55752055923182 2.62614271915846 2.76278894630081 2.37360431759667 2.54325490121284 2.53823604099012 2.0498655135612 5.04613767091073 2.26579837289328 2.61493044077542 2.22631099868726 2.45978656471516 2.83573321714659 3.10787884644635 2.33420830339403 3.10404280881653 3.96312695631295 3.95764622252183 2.24732008649135 2.36894286700042 2.75188558578635 2.37552530557222 2.44137880666981 3.46925251830799 3.44844673313551 3.27724416708544 2.53229057615078 2.17334579536153 3.13844793978422
-9999 -9999 -9999 -9999 -9999 -9999 -9999 -9999 -9999 -9999 -9999 -9999 -9999 -9999 -9999 -9999 2.25744544080505 2.43422893394424 2.81892021978477 3.0148010330555 3.10054194942257 3.10952162503496 3.17387580650838 2.58931099046473 5.04702032171433 2.84423916146671 2.34851988014592 2.34701777032698 2.53288162745012 2.66096070218322 2.87911995591866 2.35397078984338 3.06270125340439 2.36614051946453 2.25555536945743 3.95465249983291 2.79007854646911 2.3902581598956 3.52081290844299 3.51525215627695 2.41833301916731 2.25353249177987 2.23467781526916 3.23114513364292 3.17886698688335 2.21277674429474
-9999 -9999 -9999 -9999 -9999 -9999 -9999 -9999 -9999 -9999 -9999 -9999 -9999 -9999 -9999 -9999 2.27576518423529 2.69684891101136 2.27265839285548 2.42671579570289 2.38372998321142 2.2036329255265 2.04556832008198 5.04491229536923 2.34054595869865 2.79665595056358 2.7313769786024 2.37284605697864 2.37395957124377 2.57366193716506 2.78104065563307 2.83830517773775 3.00887248331051 2.37563707439133 2.38902330906602 3.73720459402526 3.58095576438411 3.57686455480025 2.86901930027915 2.27236684703995 2.65393492066688 2.58756618726955 2.22627582641552 2.5954602596987 2.21153438323254 2.21651926031108
-9999 -9999 -9999 -9999 -9999 -9999 -9999 -9999 -9999 -9999 -9999 -9999 -9999 -9999 -9999 2.28507005731646 2.56464311265675 2.33200750507192 2.48466066038313 2.76310141762196 2.25500758316275 2.34732250718446 5.04039548234053 5.04039548234053 2.36144049703113 2.36225896391579 2.36312658440928 2.38181474506848 2.39015770833352 2.49713577578423 2.41252655732075 2.61192397960711 2.91805345762192 2.24295960964804 2.28689105069921 2.64868418237083 3.7156820757027 2.24956219298033 2.41133001259715 2.76309513630771 2.27159226437475 2.41515936743825 2.23778351586977 2.47295209954708 2.17136231118283 2.09516840209933
-9999 -9999 -9999 -9999 -9999 -9999 -9999 -9999 -9999 -9999 -9999 -9999 -9999 -9999 -9999 -9999 2.32264221599984 2.37159982454668 2.50836400891608 2.40142173167574 2.78509546893415 1.90804183213889 5.04039548234053 5.04039548234053 2.53829629002089 2.37543048518363 2.5814148993459 2.40956104256728 2.40884639426445 2.238396957745 2.26705270359815 2.47614976022364 2.89525102270041 2.58908308516888 2.29115658328562 2.32128650024682 3.71206089203909 2.28200642073128 2.28438470519128 2.71917292905748 2.40414963506031 2.26193333062595 2.24492386895833 2.38556732991666 2.17411595627606 2.51659245873766
-9999 -9999 -9999 -9999 -9999 -9999 -9999 -9999 -9999 -9999 -9999 -9999 -9999 -9999 -9999 -9999 -9999 2.36133612835981 2.5638133837478 2.70741159065737 2.7249370209445 2.97944079636055 5.03783800502495 2.63046232189383 2.53151289249073 2.67865356393829 2.38601568852911 2.64658625120683 2.28109975990606 2.28646470067165 2.30961324933693 2.31820292356735 2.73724424502078 2.49108334286168 2.3278410457579 2.33547636931979 2.73235987819916 3.68467938233779 2.32787406003876 2.30514027010086 3.30843421971303 2.24427746633331 2.47859090248505 2.3184291099557 3.21483599597367 2.52116031210587
-9999 -9999 -9999 -9999 -9999 -9999 -9999 -9999 -9999 -9999 -9999 -9999 -9999 -9999 -9999 -9999 2.43405254417186 2.56897978723231 2.31414411858736 2.50386982428014 2.56078195547583 2.56938561034327 5.03488235656007 2.31837045169715 3.0175931578244 3.00189004507274 2.78820978678482 2.37725575085076 2.23496280739517 2.5509953065487 2.56203902380333 2.29133995431111 2.35006719828124 2.60209902952267 2.43778004088254 2.51374181366011 2.59996642434224 2.57635852879381 3.66390661429172 3.34088760737401 2.5243418708957 3.30039598639052 3.25990994287273 3.24022130881839 2.30336282226845 3.16177576374087
-9999 -9999 -9999 -9999 -9999 -9999 -9999 -9999 -9999 -9999 -9999 -9999 -9999 -9999 -9999 -9999 2.43633928719151 2.8614850347667 2.97765139582523 2.32762081186516 3.21918081938294 3.28731733660974 3.28744129835332 5.03568099488642 2.28759885773032 2.30178758758836 2.33187910141797 2.351124920527 2.83665683700485 2.77867005895562 2.27511743712073 2.29911571959393 2.43253323009456 2.38604915673224 2.54386405118009 2.34643314209335 2.31976424902371 2.27859976797397 2.67604794970566 3.43969869852962 2.25902376644112 2.37196787435009 2.19389779506615 2.17552330304871 2.17097516403493 2.31059663554731
-9999 -9999 -9999 -9999 -9999 -9999 -9999 -9999 -9999 -9999 -9999 -9999 -9999 -9999 -9999 2.40746622516911 2.7421352815713 2.30998357201745 2.95783053346916 3.19816789259563 2.76579278051775 2.16435646736928 2.16974918949204 5.02488916059355 3.07298694656899 3.02479621361085 2.97969280338547 2.92143915739281 2.88833262088503 2.23627762237257 2.47310940293433 2.33221387723382 2.30756903570476 2.78960032813421 2.31235954732355 2.4929694003092 2.29254971267108 2.53738211339661 2.61065774877607 3.43285330582535 3.42699612556024 2.1764707552465 2.18044767214972 2.19644040365816 2.31552039176439 2.15158205071846
-9999 -9999 -9999 -9999 -9999 -9999 -9999 -9999 -9999 -9999 -9999 -9999 -9999 -9999 -9999 2.31749753327162 2.65078436639159 2.30369253174498 2.8751991099918 2.41389621224469 2.74280218206066 2.11776168404199 2.36790534536705 5.02539832449284 2.17865103121892 2.25580769820078 2.2836384067847 2.43318049644203 2.20613731004978 2.23332629176392 2.6512064082981 2.31490604906205 2.33451350235701 2.50321286471415 2.93418106888713 2.30197363172914 2.31825127544438 2.27183579493547 2.25444410213859 2.42254366172035 2.70105773392904 3.37354120708526 2.14690975200766 2.56903061090178 2.43016681261572 2.13416021780857
-9999 -9999 -9999 -9999 -9999 -9999 -9999 -9999 -9999 -9999 -9999 -9999 -9999 -9999 -9999 2.28058497517798 2.69083588526688 2.85223897177579 2.24100230947696 2.56886784008257 2.13464696030287 2.07326534808457 2.20342011227723 2.13684363818061 5.02169760841381 2.14020307700685 2.67269014525574 2.27729266901111 2.19607320206644 2.92341658457256 2.71176060105514 2.60934224875202 2.40518696415587 2.61769888924802 3.04589364385967 2.51364454578165 2.51885581264218 2.41907259133483 2.24655272660323 2.2373460612462 2.473191509538 2.33233464607595 3.35652074713903 3.27704751840909 2.41211604666273 2.14780839179659
