Archive - glowpa-model-master/Model input/Uganda/rivergeometry/river_restime_1may.asc
NCOLS 67 
NROWS 67 
XLLCORNER 29.5 
YLLCORNER -1.5 
CELLSIZE 0.0833333333283582 
NODATA_value -9999 
[rows 0 to 18 of 67, columns 0 to 41 of 67]
-9999.000000000000000 -9999 -9999 -9999 -9999 -9999 -9999 -9999 -9999 -9999 -9999 -9999 -9999 -9999 -9999 -9999 -9999 -9999 -9999 -9999 -9999 -9999 -9999 -9999 -9999 -9999 -9999 -9999 -9999 -9999 -9999 0.00225870619651403 0.00159720646779978 -9999 -9999 -9999 -9999 -9999 -9999 -9999 -9999 -9999
-9999 -9999 -9999 -9999 -9999 -9999 -9999 -9999 -9999 -9999 -9999 -9999 -9999 -9999 -9999 -9999 -9999 -9999 -9999 -9999 -9999 -9999 -9999 -9999 -9999 -9999 -9999 -9999 -9999 0.00158498606308781 0.00212335523877306 0.00162414887715662 0.00204321093689308 0.00230962665206681 0.00229280960015672 0.00163867234396517 0.00155332819332096 0.00222782785281479 0.00163916128995925 0.0016050275509159 -9999 -9999
-9999 -9999 -9999 -9999 -9999 -9999 -9999 -9999 -9999 -9999 -9999 -9999 -9999 -9999 -9999 -9999 -9999 -9999 -9999 -9999 -9999 -9999 -9999 -9999 -9999 -9999 -9999 -9999 -9999 0.00137242050770039 0.0016539861641822 0.00141041273748198 0.00164082408154003 0.00117483777827168 0.00165834748557681 0.00170078277038079 0.00122464599464371 0.00125932649425213 0.0013534632972936 0.00143576720528807 0.00163745960943599 0.00220773369277199
-9999 -9999 -9999 -9999 -9999 -9999 -9999 -9999 -9999 -9999 -9999 -9999 -9999 -9999 -9999 -9999 -9999 -9999 -9999 -9999 -9999 -9999 -9999 -9999 -9999 0.00159508276613854 -9999 -9999 -9999 0.00191880016491438 0.00167634790883193 0.00161049044721746 0.00165560875359446 0.00233320106635699 0.00166939963410476 0.00151494009147887 0.00160580500580423 0.00158686922912094 0.00202585047134136 0.00153985637099369 0.00156607894517787 0.0021765668550075
-9999 -9999 -9999 -9999 -9999 -9999 -9999 -9999 -9999 -9999 -9999 -9999 -9999 -9999 -9999 -9999 -9999 -9999 -9999 -9999 -9999 -9999 0.00160621132720227 -9999 -9999 0.00212061417985323 -9999 -9999 -9999 0.000787229845571791 0.000873631460064198 0.000881832063830027 0.00139329837331634 0.00144520224415907 0.00155143250389899 0.00230928172578738 0.00158039644734955 0.00200679895194548 0.00148622109010573 0.00159730973194965 0.00198308791353262 0.00161038298610298
-9999 -9999 -9999 -9999 -9999 -9999 -9999 -9999 -9999 -9999 -9999 -9999 -9999 -9999 -9999 -9999 -9999 -9999 -9999 -9999 -9999 0.00213255384566768 0.00145405832376196 0.00153729805940813 0.00144674746199224 0.00234477658645338 0.000702572375517879 0.000699320366557733 0.000989059066835613 0.000697761153422956 0.00171361126875921 0.000878943465859116 0.00112448529981908 0.00113549823543339 0.00154204310451102 0.00183978641276681 0.00133105644469973 0.00148507399363605 0.00222665427778816 0.00158252260408671 0.00224798855233469 0.00134323029424987
-9999 -9999 -9999 -9999 -9999 -9999 -9999 -9999 -9999 -9999 -9999 -9999 -9999 -9999 -9999 -9999 -9999 -9999 -9999 0.00158990257765475 0.00128562266332545 0.00126258201574994 0.00120656229392583 0.00118113244692904 0.00193485269534273 0.00176958875764365 0.000699319032552234 0.000702636704227483 0.000701071434291977 0.000697759896335551 0.00147582490298496 0.00167950658919898 0.00125863092186203 0.00207703773889552 0.00160982614843565 0.00122556280652984 0.0012406593209036 0.00132414024589573 0.00157351637545199 0.00147501596186976 0.00141259415284444 0.00129996257700932
-9999 -9999 -9999 -9999 -9999 -9999 -9999 -9999 -9999 -9999 -9999 -9999 -9999 -9999 -9999 -9999 -9999 0.00145048007207503 0.00139986703428751 0.00188928195504559 0.00158884642723392 0.00214140708186129 0.00216895249321541 0.00117931339313735 0.00311600762161695 0.00135488594003344 0.000991365799331196 0.00223260295280002 0.00140036525503999 0.00135617452830877 0.00111763771419234 0.00159176428454096 0.00088798691153653 0.00164235793674511 0.00216591179501903 0.00198029662900756 0.00139285729777187 0.00149848318012278 0.00158286776289245 0.0015841280904895 0.00190463948279645 0.00160971799141979
-9999 -9999 -9999 -9999 -9999 -9999 -9999 -9999 -9999 -9999 -9999 -9999 -9999 -9999 -9999 -9999 -9999 0.00144453698821891 0.00220803078359456 0.00157953542203802 0.00158370772934364 0.00202153030123508 0.00141911903103395 0.00115299995883158 0.0011482917609946 0.000991330037436965 0.00157349389731731 0.00155969616107105 0.00144706071214629 0.00139900763190128 0.00112144768792567 0.00112727732211413 0.00153700629028015 0.00125941871657869 0.00204458974271971 0.001512960496695 0.00211525059436969 0.00148503309114907 0.00208955875605504 0.00157303661780285 0.00158624059799913 0.00102486249283397
-9999 -9999 -9999 -9999 -9999 -9999 -9999 -9999 -9999 -9999 -9999 -9999 -9999 -9999 -9999 -9999 -9999 0.00138380414634212 0.00134747904834411 0.00127484582188294 0.00149198790729054 0.0019726133770127 0.00198481889326556 0.00183518604548987 0.000991990055532215 0.00158167592514057 0.00193673050404637 0.00162027069270984 0.00205705816697923 0.00126025523728349 0.001141607364455 0.0015308454072912 0.00161479436233824 0.000888483093184956 0.000893955972245249 0.00159351770928065 0.00212738783069355 0.00182611429026152 0.00149041936065458 0.00144482041352348 0.00144209219447942 0.00102859030511836
-9999 -9999 -9999 -9999 -9999 -9999 -9999 -9999 -9999 -9999 -9999 -9999 -9999 -9999 -9999 -9999 0.00156085728748231 0.00144859355877938 0.00125197826373577 0.00117304525813224 0.00114305718438551 0.00114016060551363 0.00157619121716432 0.00138949023476998 0.000699470165639007 0.00125688129574424 0.00151531631055619 0.0021497012861807 0.00199359027805072 0.00133465170385242 0.00122946657109104 0.00213974726223288 0.00115335741014841 0.00149959551428729 0.00158398764374723 0.00126191768696939 0.0012775383217266 0.00147892966779861 0.00142064599853332 0.00100881908503634 0.00146084686280272 0.0015772710335983
-9999 -9999 -9999 -9999 -9999 -9999 -9999 -9999 -9999 -9999 -9999 -9999 -9999 -9999 -9999 -9999 0.00155121412726716 0.00184531208681557 0.00156203140417965 0.00207430662147448 0.00149173679660579 0.00224447810987769 0.00179130555721717 0.00099206106387711 0.00153435751176278 0.00127180229995538 0.00130909314311537 0.00150702845716249 0.00149905008914122 0.00137888967299243 0.00127766548142377 0.00176704805032392 0.00117340774323443 0.00149379959464777 0.00148962698392607 0.000939673397585899 0.00139674966948466 0.000991239553915601 0.00123356476267513 0.00155020388164277 0.00188499321164353 0.00137051758323103
-9999 -9999 -9999 -9999 -9999 -9999 -9999 -9999 -9999 -9999 -9999 -9999 -9999 -9999 -9999 0.00154374530817234 0.00194116478807963 0.00151536268536752 0.00142484653004266 0.00180859284034087 0.00154536242508318 0.0021037926205596 0.000700195276093066 0.000700194163017456 0.00150593810069801 0.00213319057175221 0.00150464718876305 0.00211713882903371 0.00149265597166913 0.00141877318803075 0.00146460533177136 0.00191575474760231 0.00120877190782225 0.00223999439571035 0.00155040473493901 0.00133216381062525 0.00133947661378257 0.00157389940279581 0.00145993139399815 0.00180776431840134 0.00219857227449565 0.001459838585831
-9999 -9999 -9999 -9999 -9999 -9999 -9999 -9999 -9999 -9999 -9999 -9999 -9999 -9999 -9999 -9999 0.0015133704297841 0.00148474052316465 0.00199035652285671 0.00147232037243674 0.00179433354426387 0.00273290164444344 0.00099288978690846 0.000700193124146887 0.00198298001097757 0.00211664363177964 0.0019467917868811 0.00147911505218538 0.0020846051092926 0.00158441262722325 0.00155718273586907 0.00142556150737939 0.00121754776287382 0.00137155843182754 0.00218427754581671 0.00151711894126218 0.000945335454395245 0.00156211242312752 0.00154949479547296 0.00129560820987068 0.00147273315719839 0.00156501061257313
-9999 -9999 -9999 -9999 -9999 -9999 -9999 -9999 -9999 -9999 -9999 -9999 -9999 -9999 -9999 -9999 -9999 0.00149032908347863 0.00138021077684176 0.00131087420276887 0.0013016506930056 0.00119043705420504 0.000700525236638669 0.00190459720265229 0.00140544519716157 0.00132197904548567 0.00210053057408054 0.0018955527807055 0.00155812079813624 0.00153987687444662 0.00216415200089775 0.00152172364992816 0.0012855935513931 0.00141775731598062 0.00152415617001765 0.00151621722655326 0.00128836821823619 0.00134997407876187 0.00152535501893679 0.00152939636238767 0.00150295023065004 0.00156437545220885
-9999 -9999 -9999 -9999 -9999 -9999 -9999 -9999 -9999 -9999 -9999 -9999 -9999 -9999 -9999 -9999 0.00144679499301157 0.00193308543852613 0.00153307402558519 0.00141457390977707 0.00138095400550568 0.00194227690810452 0.000700858844416059 0.00151915632972118 0.00166014989751645 0.00118405132426946 0.00127421435458422 0.00149217969739796 0.00157436045441237 0.00138040560526118 0.00194871721865294 0.00154681188826789 0.00149691069670677 0.00191507688627156 0.00145041432327132 0.00140693734327499 0.00135340089114989 0.0013643101495062 0.00135725115904567 0.00105581136081754 0.00139807490391543 0.00150631700597703
-9999 -9999 -9999 -9999 -9999 -9999 -9999 -9999 -9999 -9999 -9999 -9999 -9999 -9999 -9999 -9999 0.00144567460882402 0.00123042021692483 0.00166726830300654 0.00150964181246389 0.00109243380547969 0.00106861059198229 0.00106856227328558 0.000993652577590754 0.00153789102654188 0.00216102872241678 0.0021339906097023 0.00212184292139362 0.00124076043249591 0.0012739644203112 0.00154573718008443 0.00217191220532853 0.00204727993699169 0.00148128524928756 0.00196142499414412 0.00149827233784607 0.00214899948280717 0.00154289634344017 0.0013115746085076 0.00144475236835753 0.00155970629382625 0.00210424575478565
-9999 -9999 -9999 -9999 -9999 -9999 -9999 -9999 -9999 -9999 -9999 -9999 -9999 -9999 -9999 0.00206248029809646 0.00181073499310942 0.00152340535139286 0.00118944502959644 0.00155142411424956 0.00178285433559485 0.00162122662643455 0.00228121266295848 0.000702166821295536 0.00162080439412965 0.00116835358196059 0.00118662351887515 0.00121055887244065 0.00122483015906166 0.00157865964861742 0.00142206661798251 0.00213620502946645 0.00153439194811952 0.00178818357545239 0.00152456624687901 0.00200017477409483 0.00154229502988586 0.00139031814547967 0.00134399404623565 0.00102046413998384 0.00102779701975576 0.00162141958555318
-9999 -9999 -9999 -9999 -9999 -9999 -9999 -9999 -9999 -9999 -9999 -9999 -9999 -9999 -9999 0.00151916939794768 0.00132073488837799 0.00215505493172119 0.00121659486008669 0.00144638759570398 0.00126802514413478 0.00165221682140164 0.00148180640547832 0.000702029605303084 0.00161243788963516 0.00219464344588338 0.0015303522504225 0.00204118756929695 0.00159848805780692 0.00157046276112048 0.00188016642711311 0.001516320608638 0.00151258619840712 0.00140331903915359 0.00119921909672657 0.00152876838679842 0.00151352723619682 0.00154383793028387 0.00220459003240426 0.00145405819700953 0.00129585853308183 0.00147199097569635
