Archive - glowpa-model-master/Model input/Uganda/rivergeometry/river_restime_1mar.asc
NCOLS 67 
NROWS 67 
XLLCORNER 29.5 
YLLCORNER -1.5 
CELLSIZE 0.0833333333283582 
NODATA_value -9999 
[rows 19 to 37 of 67, columns 0 to 41 of 67]
-9999 -9999 -9999 -9999 -9999 -9999 -9999 -9999 -9999 -9999 -9999 -9999 -9999 -9999 -9999 0.00153827220241641 0.0013034497408062 0.00173386024465924 0.00222660173055098 0.0019538583982993 0.0016851397143474 0.00243099950675102 0.00158833708096906 0.00174182186220561 0.00100596856183843 0.0023993177699457 0.00190956296063813 0.00159285605497403 0.00230187746586273 0.00121549772923171 0.00131844151560234 0.00137127331842007 0.00149023836541946 0.00136890359905246 0.00166261847887113 0.00142353861691686 0.0020118759815161 0.00209947451816413 0.00159641450601496 0.00158726247115738 0.00143297275916902 0.00152594226444358
-9999 -9999 -9999 -9999 -9999 -9999 -9999 -9999 -9999 -9999 -9999 -9999 -9999 -9999 -9999 0.00196935959602777 0.00217155370713698 0.00151113933032109 0.00205292885396787 0.00160443355108158 0.00168123148217543 0.00156576010261052 0.00141084547161405 0.00213187926824008 0.0013087052505114 0.00133772742002948 0.00227654287445353 0.0021162748824127 0.00100081417066103 0.00120387956977752 0.00159658339231716 0.00223942248447894 0.00148624001215817 0.00211050872783325 0.00110585718353446 0.00111734613443696 0.00133119638372916 0.00148781443998638 0.00157732540294047 0.00151235574676207 0.00149071458033233 0.00212018241820254
-9999 -9999 -9999 -9999 -9999 -9999 -9999 -9999 -9999 -9999 -9999 -9999 -9999 -9999 -9999 0.00155650975648037 0.00218446713561322 0.00219566838930821 0.0016096072475663 0.00157228321121818 0.00210132848279048 0.00163388063077328 0.00204949491420935 0.00170304453764228 0.0010005496607557 0.000709555829393453 0.000709571785914435 0.00070975780083903 0.00155767385181788 0.00100141508337855 0.000710155328265881 0.00155515085389839 0.00139946832211279 0.00213264328689785 0.00154932974511739 0.00160205838997787 0.00148090935195137 0.00168203895047566 0.00124178394264246 0.00127825621998871 0.00134468547365697 0.00157917760864844
-9999 -9999 -9999 -9999 -9999 -9999 -9999 -9999 -9999 -9999 -9999 -9999 -9999 -9999 -9999 -9999 0.0015618374182438 0.00206094355713037 0.00150455896752006 0.00231780687789408 0.00100602794401435 0.00100605613175608 0.000713487291905101 0.000709636574016291 0.00162108093719916 0.00163706329867739 0.00164276720920934 0.00188147703636514 0.0013648064259993 0.00141053444272962 0.00145914589155092 0.00100154260826432 0.000710279393017707 0.000710397168987583 0.00152204347910108 0.00148374077517917 0.00115240385720203 0.00148558845756011 0.00196314388184789 0.00149652501571221 0.00152201888412787 0.00223815167328358
-9999 -9999 -9999 -9999 -9999 -9999 -9999 -9999 -9999 -9999 -9999 -9999 -9999 -9999 -9999 -9999 -9999 0.00218016356190335 0.000709264617858876 0.000709263866185763 0.000713526980245461 0.000709263866185763 0.000713526980245461 0.00151401228424647 0.0015545864275798 0.00205107768830851 0.00156429824589021 0.00194595401257807 0.00155783219643574 0.00150024381409811 0.00153888051041007 0.00154635204407918 0.00189214722870965 0.000707243624840348 0.00152898968797112 0.00196986684546308 0.00159300652268775 0.00140598188339618 0.0015056186449927 0.0015019052832564 0.00158703050793456 0.00226204033331767
-9999 -9999 -9999 -9999 -9999 -9999 -9999 -9999 -9999 -9999 -9999 -9999 -9999 -9999 -9999 0.00159547573172005 0.00163506507947308 0.000709263866185763 0.00100608326715545 0.00100608326715545 0.000713565240406907 0.00070926311451265 0.000713565240406907 0.000709263866185763 0.00165990084893271 0.00120566830758154 0.00122039735017782 0.00144562768178621 0.00208400624539557 0.0016389114786322 0.00219049814622981 0.00218378043206862 0.00153574161581755 0.00131118121891308 0.00100330267609031 0.0011266922585168 0.00151591348735281 0.00217542696596414 0.00214936503205212 0.00186384156971446 0.00143152971284335 0.00160660252848749
-9999 -9999 -9999 -9999 -9999 -9999 -9999 -9999 -9999 -9999 -9999 -9999 -9999 -9999 -9999 0.00152715242285783 0.00100610927504516 0.000713601997222126 0.000713601997222126 0.000713601997222126 0.00100613430575982 0.000709262362839537 0.000713601997222126 0.00100613430575982 0.00155384664690813 0.00166281546778036 0.00219846059411812 0.00185827174586783 0.00217927454407725 0.00144205302573825 0.00154646112453917 0.00154200809563991 0.00154602946028721 0.00100480349117838 0.00118340252335585 0.00120886146772963 0.00122188861011082 0.00124918935795644 0.00128851486928912 0.00147740836024931 0.00147513758148763 0.00158830078547939
-9999 -9999 -9999 -9999 -9999 -9999 -9999 -9999 -9999 -9999 -9999 -9999 -9999 -9999 -9999 0.00100613430575982 0.00071363725069112 0.00071363725069112 0.00071363725069112 0.00100615828413212 0.000709261686333736 0.00071363725069112 0.00100615828413212 0.00156955685476373 0.00179541280169304 0.00155007848078068 0.00153914148259362 0.00133864844032598 0.00157393439859831 0.00187140379453904 0.00145831978978783 0.00204372256555969 0.0021827454228132 0.000713117244045289 0.00100556095232417 0.00201347336552734 0.00152589896475728 0.00154847059285435 0.00154455019354607 0.00137636982338743 0.00141710693312236 0.00162528395579941
-9999 -9999 -9999 -9999 -9999 -9999 -9999 -9999 -9999 -9999 -9999 -9999 -9999 -9999 -9999 0.000713671000813889 0.000713671000813889 0.000713671000813889 0.00100618128532937 0.000709261009827934 0.000713671000813889 0.00100618128532937 0.000713671000813889 0.00168330202555396 0.00132686939357273 0.00214995358483723 0.00218644872147742 0.00155377097506836 0.0021946348212038 0.00221196411845326 0.00178318228350633 0.00071316648789944 0.00071316648789944 0.000708759614452804 0.00156333979798782 0.00219695258152827 0.00152710420101551 0.00137398791213011 0.00129469274471283 0.00152141198101411 0.00109307737854671 0.00122625055188087
-9999 -9999 -9999 -9999 -9999 -9999 -9999 -9999 -9999 -9999 -9999 -9999 -9999 -9999 0.000713703247590431 0.00100618128532937 0.000713703247590431 0.00100620315901696 0.000713703247590431 0.00100620315901696 0.00100620315901696 0.000709260408489444 0.00186404406750646 0.00138249003292607 0.00134627694587127 0.00139023410163036 0.00219165814593626 0.00134157227004831 0.00155913203088143 0.00224928577725547 0.00148014906257599 0.00100549184737938 0.00100546998915488 0.000713198711879883 0.00146539304688708 0.00147023866117695 0.00157289779854072 0.0015036917366572 0.00149063992894591 0.00153380641032911 0.00151481160361978 0.00125513122343652
-9999 -9999 -9999 -9999 -9999 -9999 -9999 -9999 -9999 -9999 -9999 0.000709260408489444 0.00100620315901696 0.00100622398036219 0.00100620315901696 0.000713733991020748 0.00100622398036219 0.000709259807150953 0.00100622398036219 0.000709259807150953 0.00100622398036219 0.00215975983011348 0.00152379189130558 0.00155419092962475 0.00217009702502207 0.00143519571912669 0.00153676474950602 0.00131361544056442 0.0015654662034042 0.00165147552088061 0.00205264849402809 0.000708758412626027 0.000713229433576856 0.00100551265400544 0.000722257281474732 0.00147459262957654 0.00104998343748845 0.00105207746297574 0.000717730276178414 0.00101821906674717 0.00101821906674717 0.000717730276178414
-9999 -9999 -9999 -9999 -9999 -9999 -9999 -9999 -9999 -9999 0.00144983488310106 0.00071376330627215 0.000709259807150953 0.00071376330627215 0.00071376330627215 0.00100624382453237 0.000709259205812463 0.00071376330627215 0.00100624382453237 0.00100624382453237 0.00209246006628019 0.00159378696433159 0.00157476634626228 0.00205609375801793 0.00153216874802278 0.0015542382547344 0.00142504157538037 0.00124564362693395 0.00146091688776918 0.0017579386240126 0.00130130528361546 0.00138985703162161 0.00154930231983105 0.00135612111773983 0.000717729059139269 0.00101826021788327 0.000722286946803902 0.000722286946803902 0.000717729667658842 0.00101824013673737 0.000722286946803902 0.00101824013673737
-9999 -9999 -9999 -9999 -9999 -9999 -9999 -9999 -9999 -9999 0.000713791043010016 0.00100626261636019 0.000713791043010016 0.000713791043010016 0.00100626261636019 0.000709258679641284 0.000709258679641284 0.00100626261636019 0.00162151174004049 0.00126795245687013 0.00221740507470775 0.00222107470783729 0.00216821854997766 0.00154092578167887 0.00130038877665108 0.00141863365604513 0.00121691050788025 0.00123945674019608 0.000946245534920258 0.00130156703823173 0.00108347584677106 0.00152474943874162 0.0021533417620291 0.00153443428957509 0.00195557041512946 0.00205533821448688 0.000717728526684643 0.00101827923411992 0.000722315014769194 0.000722315014769194 0.000722315014769194 0.000722315014769194
-9999 -9999 -9999 -9999 -9999 -9999 -9999 -9999 -9999 0.00148412585309135 0.000713817276401655 0.000713817276401655 0.000713817276401655 0.00100628035584565 0.000709258153470105 0.000713817276401655 0.00100628035584565 0.00137587645477407 0.00219763475311122 0.00128554552853965 0.00135888070498763 0.00144808174400741 0.00156453635370828 0.00218438207223342 0.00104848626492259 0.00146663731006882 0.00120442388951219 0.00133619329613601 0.00224565455367295 0.00158279359284124 0.00155089753213299 0.00153991218786103 0.00150054369107107 0.00149412585013989 0.00150519313121684 0.00151197990011262 0.000722341561435554 0.000717727994230017 0.00101829718544731 0.00158543085382812 0.00101829718544731 0.000722341561435554
-9999 -9999 -9999 -9999 -9999 -9999 -9999 -9999 -9999 0.00149639786537872 0.000713842006447069 0.000713842006447069 0.00100629704298876 0.000709257702466237 0.000713842006447069 0.00100629704298876 0.0015326316422088 0.0014473980027369 0.00229940048342563 0.00161500600028503 0.00227162129150574 0.00164845786146661 0.0010781383840067 0.00149874916529804 0.00137861921093205 0.00158521028817096 0.00143019673545484 0.00159395431744273 0.00144015656176581 0.00123456470376262 0.00151061744701298 0.00155999598330219 0.00154248715561135 0.00140731667310914 0.00211569713029836 0.00215807994207202 0.00173620092131337 0.00152621468267738 0.00158419253666512 0.00148009325107199 0.000717727537840337 0.000722366586802982
-9999 -9999 -9999 -9999 -9999 -9999 0.00142833452512116 0.00135411447069119 0.00147239067007857 0.00226839526329084 0.000970090571630569 0.00100631267778951 0.00070925725146237 0.00100631267778951 0.00100631267778951 0.00152130002151772 0.00214978789268769 0.00223152548197927 0.00156453433436211 0.00163512995151593 0.00126387449498877 0.00153912417726936 0.00150172876506865 0.00157270557919323 0.00225060739139218 0.00204148838219006 0.00141607904701593 0.00215985677422023 0.00103806078510792 0.00214472466808181 0.00177905669227328 0.00152846501364141 0.00136236751490415 0.00159594950308151 0.00154002471663131 0.00151794286548153 0.0014166687783768 0.00185390807321664 0.00213555715619078 0.00104319780970981 0.00149146623341991 0.0010177316577104
-9999 -9999 -9999 -9999 -9999 -9999 0.00190124751385018 0.0018502400039526 0.00159391614410076 0.0013683290860712 0.00164201858515798 0.0010063272602479 0.0010063272602479 0.000709256800458502 0.00071388703166653 0.00112326063029974 0.00113959109894486 0.00115057646233987 0.00117588941304409 0.00118901230662068 0.00130227645626433 0.00221883868186736 0.0015864565887541 0.0011466246147659 0.00159753727397922 0.00158199358838927 0.00151934806911411 0.00189790359096995 0.00104973199845254 0.00230214272112884 0.0012875963308313 0.0015290806011656 0.00142632080535801 0.00153949323615258 0.00162379916339359 0.00152506645274715 0.00152372196148406 0.00134071885411831 0.00147662397937858 0.00105100066293534 0.00147004110657756 0.000717935283216866
-9999 -9999 -9999 -9999 -9999 0.00156387472135706 0.00211402204675594 0.00132549183934428 0.0013700684692069 0.00245432201343217 0.00253896141341003 0.000713907326840578 0.000709256424621945 0.000709256424621945 0.0015183928169703 0.0018649762851768 0.00159499759615227 0.00145671905430586 0.00210667370600781 0.00118807727810313 0.00161274379571884 0.00189576752669749 0.00139134038440424 0.00115188568063516 0.00151501388583864 0.00222745279250152 0.00226113495444071 0.00142476608193206 0.00135401479140945 0.00150298863147933 0.00149625029731666 0.00195663120386507 0.00153464011179854 0.00153451848122946 0.00121479837800257 0.00180836843629208 0.00152894738266795 0.00148558089021496 0.00138454833256912 0.00105766572673603 0.00147158522441089 0.000717949847151515
-9999 -9999 0.00170875644039459 0.00210995887785818 0.0015973232805195 0.0016640875791658 0.00169038765790136 0.00143171618268518 0.000976966726510178 0.00175304044058026 0.00135027493675319 0.0013370168846122 0.00103594421491902 0.0021784152528731 0.00211219687165746 0.00139328165619081 0.00150995471283821 0.00155472831731432 0.00160891560610051 0.00119181794757409 0.0016575852418846 0.00137319432778849 0.00150542303429834 0.00131751489361567 0.00166082179669676 0.00146276157567999 0.00156155387760577 0.00156602418122709 0.00137657236324664 0.00106050742643087 0.0010801602967597 0.00158601305381527 0.00215192508143878 0.00214389697919636 0.00123836268430251 0.00158767425586159 0.00193421981462006 0.00150046549567359 0.00204581255112494 0.00107988539358864 0.00207246705088615 0.000718059971374266
