Archive - glowpa-model-master/Model input/Uganda/rivergeometry/river_width_1sep.asc
NCOLS 67 
NROWS 67 
XLLCORNER 29.500000001 
YLLCORNER -1.499999999 
CELLSIZE 0.0833333332985075 
NODATA_value -9999 
[rows 40 to 59 of 67, columns 0 to 45 of 67]
0.642878222573044 0.514555990858789 7.33133415752073 7.46986535508539 0.348117453254955 2.29928527354751 0.632025310175516 0.814649875021247 0.865963266413211 0.796618606062559 0.720429189820927 1.12679508708129 1.06940581355696 2.07233715588397 1.1290696726333 4.09790200366904 2.93349164604583 3.97797887793006 1.36133622660737 1.39654668825845 1.31985550444179 1.87764942290855 1.29384473267716 1.1822272831968 1.22495855648926 0.969942744130105 1.14722664026634 1.26687211861452 0.802306551149177 0.546410516206591 0.998504574100693 0.743170993509555 5.49745578445774 1.57332803151738 1.08625683914373 2.17801570855394 0.859155823567096 0.853430101640973 0.807594962426165 3.27158722275732 3.63172512465759 0.875280863394317 54.9117971061446 1.57025918181103 2.38646117559372 1.00856194140649
0.710821413527098 1.07764407048088 7.06484887032774 1.82261097642704 1.75772784114221 1.94594255510351 0.941757015879021 0.830547075734331 0.884878742293317 1.86463472583673 2.2159361714809 0.869148364608159 1.13513459709274 1.14394747606971 1.69085318505221 3.12784827279523 1.12416783120905 2.65536509158041 3.74328989470368 3.18195691703147 2.13500891278967 1.82819664901478 1.21901471359129 1.77018427559187 1.6553161170469 1.07109103455894 0.49096417794489 0.736472612389535 0.689822081146726 0.732393380196227 0.953983535404927 1.79713858697828 5.00017311400034 0.844915289621994 0.866857622386026 0.84928443322158 1.19819255034505 0.825916491198219 2.7773910354583 1.21884314144845 3.32994791031927 1.77875842820277 54.8757555407869 1.09357448538118 2.08418214366002 0.953219541676834
0.391804885032018 0.567146068361978 6.60930429736398 0.53303237846398 1.63414619687727 1.57577870952459 0.776585430891072 1.28150323262112 1.62888571145797 0.808223004064932 0.91496462952211 2.64323629199236 1.34832637702493 0.921037046632211 1.16598646830318 1.27292722344718 2.10133423821776 1.56648992281076 1.58866304656225 1.17766280754597 1.09590715102912 0.94227145424428 0.985303348857775 2.19712868351175 0.951113056056955 2.73114906212503 1.00548209003063 1.196606050898 0.690026674380177 0.511779696501681 1.23541384628555 0.827384581334676 4.77502173414942 2.99792627569181 1.54803481946351 0.822541584600003 0.798168658711605 0.793016434290124 2.42437394972414 0.809469196306637 2.50023638545668 1.50599442382183 54.8414463330301 54.8049153715673 0.9097486158941 1.41292178946361
5.92936082440312 6.58427083693158 0.626364931435583 1.01529954341943 1.26120650560478 1.14164653430177 0.76779162642401 1.24468408604789 1.84552013695806 0.974540994679106 1.28165886911557 2.83897257351204 3.41769190487106 0.997900556861212 1.0389185002347 1.39192772324713 1.20556404400729 0.991408669197514 1.06494570937443 1.19619483642535 1.20683740641585 1.49423626517935 2.97287360146647 0.988159667450235 0.864537073571086 2.86995916280021 0.787295870316548 0.652640271183364 1.88840988229898 2.00977275018225 0.913845760635023 0.671395698083526 3.32719837916921 0.871073687151953 2.00240395395818 1.7426899629803 0.861315934309277 1.79615589675404 0.830340004333738 0.839992981940932 2.31885976971235 1.24883547550503 0.491604665214922 54.7772704947747 1.06134538995107 1.03190309822018
5.8920448616059 2.25572614612683 2.12927555477516 1.63744160248867 1.24782258822797 1.11275874707904 0.610695726147647 0.959635454126446 1.37385026279895 2.27443832685923 2.04378803384572 0.87126830966003 4.16608748845178 1.84648874862891 1.94361214818831 1.19399332178984 1.29248206613562 1.33732977287489 1.4902931513037 1.74817743657037 1.52910117357519 3.5419238111895 0.744642858679506 1.2821831553447 3.20882911329889 1.0333421004496 0.897812327445685 3.63519085353447 1.98437657654562 2.00977275018225 0.753494547667975 0.751424544071827 1.38543398093021 2.59552004906047 2.11602760650269 0.903188035934448 1.11385989968392 1.51476866729072 0.960681473274496 1.1587343503924 1.87764309895415 0.963985580107509 54.7203482727942 54.7203482727942 54.7203482727942 54.7203482727942
5.76051213505031 1.34064019308107 1.19642337134995 1.06721376905234 1.68025463634814 1.03664930032195 1.47578920337654 1.72511359266271 1.08624240180174 2.79577847941732 2.24733496201643 0.790010448199998 4.30251452403803 1.19210792690045 2.70557940543095 1.2168098884331 2.70806207088884 1.19669073987995 1.10966794601424 2.57288123941665 1.83510008090469 3.75457504250336 3.78938978302049 3.42122413379534 0.561240204577894 0.748315039119051 0.776926248407835 3.63519085353447 2.00977275018225 2.00977275018225 1.43299891194271 0.77835133604047 0.961587101771581 0.930371481133895 0.737251999218087 1.54541324152175 1.17822516217183 54.7203482727942 54.7203482727942 0.671593869208682 0.962593044327887 0.648807918294493 54.7203482727942 54.7203482727942 54.7203482727942 54.7203482727942
2.2323638168896 5.45883019881786 0.816894746619337 0.992027430842678 2.02933582286762 0.825424999267706 1.69375847196098 1.74864959625418 7.60481550245605 4.2576678735511 2.64229201059303 0.886025724081833 4.43056818415611 3.29979403378976 3.5685259736019 4.05437774228035 6.07913523754188 6.25803772644591 7.560262617347 8.69072851911037 8.65031408050875 11.4265662464976 11.362893628441 0.68872540998223 0.606004976960344 0.618340296771066 3.67025280975984 0.573754772014201 0.640561762096449 1.14095134569717 0.760196100995896 0.770124682921334 0.772482949844611 1.1447785019413 54.7203482727942 54.7203482727942 54.7203482727942 54.7203482727942 54.7203482727942 54.7203482727942 54.7203482727942 54.7203482727942 54.7203482727942 54.7203482727942 54.7203482727942 54.7203482727942
0.598856392171194 4.68085609549959 1.37549452221284 1.00834765394926 1.05359136077852 2.66798965915248 7.60481550245605 7.60481550245605 7.60481550245605 7.60481550245605 7.8649800630967 7.80459935428522 5.5634901612855 5.45789368337905 0.842741280389923 0.78704699682816 2.79582405350276 1.26938533166683 3.47635777742506 1.50820381745698 3.34598281034668 0.840217938842646 1.2994865792388 11.5609945547232 0.832646051784068 3.69941397998965 0.466517580977057 0.543904464436054 0.571349329443627 0.780056429234639 0.735056479095048 1.13368974542584 54.7203482727942 54.7203482727942 54.7203482727942 54.7203482727942 54.7203482727942 54.7203482727942 54.7203482727942 54.7203482727942 54.7203482727942 54.7203482727942 54.7203482727942 54.7203482727942 54.7203482727942 54.7203482727942
1.05665970522009 4.6507914105526 4.42420874618803 4.42420874618803 2.8442906471755 0.59823919171252 7.60481550245605 7.60481550245605 7.60481550245605 7.60481550245605 0.819696650777436 1.86823360101163 0.845786434585919 2.73763376028325 4.27053140858259 2.33389799705566 1.68139239727604 0.898142273029325 3.32746871604367 0.954585183982807 2.70903652204192 1.33402700713096 0.925100367951549 0.758679579241912 12.4358002020535 13.2303910979361 13.2271958079361 13.2650808111981 13.4053516538244 1.14708078289661 54.7203482727942 54.7203482727942 54.7203482727942 54.7203482727942 54.7203482727942 54.7203482727942 54.7203482727942 54.7203482727942 54.7203482727942 54.7203482727942 54.7203482727942 54.7203482727942 54.7203482727942 54.7203482727942 54.7203482727942 54.7203482727942
4.42420874618803 4.42420874618803 4.42420874618803 4.42420874618803 4.42420874618803 0.298535221882282 0.394621271729163 0.813961712118559 7.60481550245605 7.60481550245605 1.26462262424215 0.853703083533002 2.19881860811739 0.786720924619165 3.28314410315985 1.98660675454681 0.7506782782807 1.41455675362379 3.08059587697381 2.81686812795262 0.920327760466511 2.25545763284844 0.86252560969419 0.790595243447231 2.55962067824996 0.995372911929039 2.52854472077471 0.954687480521911 54.7203482727942 54.7203482727942 54.7203482727942 54.7203482727942 54.7203482727942 54.7203482727942 54.7203482727942 54.7203482727942 54.7203482727942 54.7203482727942 54.7203482727942 54.7203482727942 54.7203482727942 54.7203482727942 54.7203482727942 54.7203482727942 54.7203482727942 54.7203482727942
4.42420874618803 4.42420874618803 4.42420874618803 4.42420874618803 4.42420874618803 0.292001200470984 8.3188971283076 7.66880198014078 7.60481550245605 0.551033865734704 0.891358993293325 0.790102664124737 1.94803447422393 0.755018844152961 3.16603698245046 1.63514191254837 0.677701259696069 1.05642441951727 0.734019239989178 2.58972726548578 0.865830052541145 2.06918248829403 0.845862100753402 0.64463160444091 2.41262678413633 0.741056358381365 2.44687057712056 0.691721508956113 54.7203482727942 54.7203482727942 54.7203482727942 54.7203482727942 54.7203482727942 54.7203482727942 54.7203482727942 54.7203482727942 54.7203482727942 54.7203482727942 54.7203482727942 54.7203482727942 54.7203482727942 54.7203482727942 54.7203482727942 54.7203482727942 54.7203482727942 54.7203482727942
4.42420874618803 4.42420874618803 4.42420874618803 4.42420874618803 4.42420874618803 8.30487670830912 0.472253257979153 2.71703723814877 0.606185849225424 1.45456387012651 0.693366165216666 1.21230502969183 0.842018864560242 0.796148131548402 2.76193952234743 0.501483426004169 1.27910423269518 0.626046809773129 0.996383934759858 1.78987363969288 0.97913508037954 1.19607189454468 0.871662372589262 0.749653849609561 2.33569972257128 0.638130865179818 1.80594894210195 0.721152593154174 54.7203482727942 54.7203482727942 54.7203482727942 54.7203482727942 54.7203482727942 54.7203482727942 54.7203482727942 54.7203482727942 54.7203482727942 54.7203482727942 54.7203482727942 54.7203482727942 54.7203482727942 54.7203482727942 54.7203482727942 54.7203482727942 54.7203482727942 54.7203482727942
4.42420874618803 4.42420874618803 4.42420874618803 4.42420874618803 4.42420874618803 0.575042293214664 0.295588371311916 2.4769515331177 0.872161350924506 0.535268604526043 0.901249133017993 0.440635977931935 0.869187774153667 1.42856215609088 1.48845804080622 1.23778523145127 0.626682271039593 0.594617985597991 0.623104406203242 0.988139647001196 0.985231722102969 0.793224801243033 0.71152738814753 1.33273502239314 1.833769015757 0.897206090510155 1.11804212196728 0.724087222035408 0.954272726803853 1.12483414364906 54.7203482727942 54.7203482727942 54.7203482727942 54.7203482727942 54.7203482727942 54.7203482727942 54.7203482727942 54.7203482727942 54.7203482727942 54.7203482727942 54.7203482727942 54.7203482727942 54.7203482727942 54.7203482727942 54.7203482727942 54.7203482727942
4.42420874618803 4.42420874618803 4.42420874618803 4.42420874618803 4.42420874618803 0.226164757199859 0.487283887063722 2.39892911485485 2.17590874834784 0.901257017680932 1.28605884624145 1.33131319399562 0.819762334526394 1.11296446765528 0.625921067738241 0.686161871537135 0.658939425518926 0.707241552721837 0.711666625876466 0.744421617505179 1.16372243207409 0.507648706989241 0.742437287276945 0.49538464093058 1.05825433547243 0.586978047126578 0.735164892799227 0.829684529969722 1.58411323989857 2.31938000845726 54.7203482727942 54.7203482727942 54.7203482727942 54.7203482727942 54.7203482727942 54.7203482727942 54.7203482727942 54.7203482727942 54.7203482727942 54.7203482727942 54.7203482727942 54.7203482727942 54.7203482727942 54.7203482727942 54.7203482727942 54.7203482727942
4.42420874618803 4.42420874618803 4.42420874618803 4.42420874618803 0.278784832645065 0.900824516994803 0.733673376109121 1.34456762126089 0.850783208935067 1.33123656137018 1.87687915561446 1.69396214161275 0.94273679368033 0.784322598474066 0.773587159423035 1.07338786398133 0.68568288171605 1.00933240787622 1.07179993998138 2.50096833416197 1.26379058978903 1.00549337986192 0.796282802867229 0.724056953802221 0.551771424686458 0.363148595079562 0.470639780857435 54.7203482727942 54.7203482727942 54.7203482727942 54.7203482727942 54.7203482727942 54.7203482727942 54.7203482727942 54.7203482727942 54.7203482727942 54.7203482727942 54.7203482727942 54.7203482727942 54.7203482727942 54.7203482727942 54.7203482727942 54.7203482727942 54.7203482727942 54.7203482727942 54.7203482727942
4.42420874618803 4.42420874618803 4.61862875158156 0.434648360519652 2.09311183464234 0.666983275371093 0.887806415639912 0.927708332925377 0.989516426762967 2.64851435037124 0.940037049757884 1.94589192740651 1.31649772379265 0.806486791135229 0.763441140116495 0.816156258548524 1.47050511406188 1.71998560544819 0.663201133726438 2.50096833416197 0.468724574657873 0.627895124531487 0.385036728415617 0.53117473547711 0.537967775564321 0.316536454773062 0.916161408376205 54.7203482727942 54.7203482727942 54.7203482727942 54.7203482727942 54.7203482727942 54.7203482727942 54.7203482727942 54.7203482727942 54.7203482727942 54.7203482727942 54.7203482727942 54.7203482727942 54.7203482727942 54.7203482727942 54.7203482727942 54.7203482727942 54.7203482727942 54.7203482727942 54.7203482727942
4.42420874618803 4.42420874618803 4.59439739748235 4.34204030367838 0.57201827988567 1.86030520205757 0.891692655751032 0.839716515785372 1.33561916361242 2.88892206271565 0.898314701525963 4.88604900840552 5.40668966418376 5.6076809739726 5.76867917596354 5.93209666087516 6.92498632889564 2.49852894134431 7.61823294303958 7.61823294303958 7.73778470514619 0.92355017524356 7.58642653595378 0.785946359288913 0.599306859493865 0.765521514397972 54.7203482727942 54.7203482727942 54.7203482727942 54.7203482727942 54.7203482727942 54.7203482727942 54.7203482727942 54.7203482727942 54.7203482727942 54.7203482727942 54.7203482727942 54.7203482727942 54.7203482727942 54.7203482727942 54.7203482727942 54.7203482727942 54.7203482727942 54.7203482727942 54.7203482727942 54.7203482727942
0.476400974267535 3.02754461140074 1.03325071585026 4.27681960138653 0.669549422323162 0.815127242069091 0.80172290369375 2.06987793281841 0.771941478200972 3.10725357695047 3.92512575089879 0.846978039412578 0.777949697256495 0.915721132722034 1.39488352626887 1.68210492819383 6.92498632889564 6.92498632889564 7.61823294303958 7.61823294303958 7.73778470514619 7.58642653595378 7.58642653595378 0.815158249276791 1.49511949001777 0.747530248317653 54.7203482727942 54.7203482727942 54.7203482727942 54.7203482727942 54.7203482727942 54.7203482727942 54.7203482727942 54.7203482727942 54.7203482727942 54.7203482727942 54.7203482727942 54.7203482727942 54.7203482727942 54.7203482727942 54.7203482727942 54.7203482727942 54.7203482727942 54.7203482727942 54.7203482727942 54.7203482727942
0.470693539253932 2.88450596775558 0.854477257688493 4.1901172850343 0.608973414625663 0.790371595044075 2.55906605552495 2.23616163000717 0.880344204035032 3.69629466803723 1.22015277250089 0.835443449392633 0.812860085123292 0.770487269584116 0.678623557755891 0.844257377099403 6.92498632889564 6.92498632889564 0.641464797885204 0.527409826320839 1.25105249485506 0.572495557232187 7.64157723072297 0.397936892794902 1.86064503028824 2.00852990905855 54.7203482727942 54.7203482727942 54.7203482727942 54.7203482727942 54.7203482727942 54.7203482727942 54.7203482727942 54.7203482727942 54.7203482727942 54.7203482727942 54.7203482727942 54.7203482727942 54.7203482727942 54.7203482727942 54.7203482727942 54.7203482727942 54.7203482727942 54.7203482727942 54.7203482727942 54.7203482727942
0.539735634946934 2.8254903159648 0.753667328999452 0.779456851952855 4.04045307741194 2.84823328149602 2.75598626447416 0.719883885702424 0.787053023559995 0.901655353665852 0.941956001663909 0.617524777240539 1.22520126156335 0.716366178643159 0.707009271377914 1.12339758063497 0.955702785930953 0.614307081692437 0.651286024908538 0.831978457927781 1.10474977261199 0.628308046784642 0.620921200269706 7.6544055137735 8.2663087094563 8.30339106783739 54.7203482727942 54.7203482727942 54.7203482727942 54.7203482727942 54.7203482727942 54.7203482727942 54.7203482727942 54.7203482727942 54.7203482727942 54.7203482727942 54.7203482727942 54.7203482727942 54.7203482727942 54.7203482727942 54.7203482727942 54.7203482727942 54.7203482727942 54.7203482727942 54.7203482727942 54.7203482727942
