Archive - glowpa-model-master/Model input/Uganda/rivergeometry/river_depth_1aug.asc
NCOLS 67 
NROWS 67 
XLLCORNER 29.500000001 
YLLCORNER -1.499999999 
CELLSIZE 0.0833333332985075 
NODATA_value -9999 
[rows 40 to 59 of 67, columns 0 to 44 of 67]
0.228548301245247 0.19936743994734 1.00464272155261 1.01742753038371 0.156950431998018 0.466828228551167 0.222624912829381 0.249873778626351 0.265427092129993 0.261708463855722 0.243354930579931 0.313802320177449 0.303305551376753 0.451240649545062 0.313736723535943 0.653829725040927 0.544977037074332 0.654564479271862 0.341924537100108 0.357356152419744 0.350112212325176 0.423562891056125 0.335027303707275 0.282195051876609 0.305676904312639 0.288704789356948 0.317762872756514 0.340885844417544 0.256606843174874 0.206968237762703 0.300564048721688 0.25022175878873 0.841314217221392 0.371925418979668 0.296758371102743 0.460338966705666 0.269531288610963 0.273285585207581 0.26465025141816 0.619796456665133 0.666241604151881 0.27772625879904 3.57024511643072 0.395267134201653 0.511890070716895
0.243562412233982 0.313886609429121 0.980373054361523 0.404381147619396 0.393984510907981 0.417362469645997 0.274871948661894 0.252470436973084 0.275351139130808 0.431254467488927 0.479072092025141 0.262885189789534 0.309327398677679 0.316139619168955 0.387162203889825 0.540745954871498 0.30192999480071 0.511007524791824 0.633243518185828 0.57656068456242 0.447501893595119 0.404133131360956 0.314930252416957 0.356979220285593 0.362526666287363 0.281099245101986 0.186466469961292 0.249368789166719 0.242188954216977 0.247686291405203 0.291707022678004 0.428356615914509 0.793207514356669 0.254643238265566 0.256265641932789 0.253526210486194 0.320257323952558 0.268041661729625 0.559033889431488 0.340913868357718 0.631852595965845 0.429177673035951 3.56855227135419 0.315279880022457 0.471009343578154
0.16944262580187 0.212342604580627 0.944659917974457 0.200985868725052 0.373955019527989 0.361306604896567 0.24089797277546 0.327394030504359 0.381875875826939 0.255163386325937 0.274354028273538 0.530086008519464 0.345102193975016 0.271351232137251 0.296024254687863 0.307095625656601 0.414421925708421 0.375619699239982 0.373165907777361 0.316872846702676 0.304008319255523 0.244001161725523 0.247595587720083 0.404780832411102 0.251222636121747 0.495947105875373 0.291534462886733 0.317282792425262 0.224984108451643 0.17346520759999 0.338644035628985 0.268629673988001 0.773365755020227 0.573947410156339 0.36917789803526 0.247408814066379 0.248805623752714 0.261866565575941 0.513382437857799 0.265608193413883 0.530927253272917 0.387943556185136 3.56698052971838 3.5653422985195 0.282902118503852
0.884332535312914 0.941626520614651 0.22539877497605 0.295984935557677 0.30880048706118 0.286056124440873 0.23524074662935 0.31585312217058 0.410749117676055 0.289095079225102 0.339599935112874 0.552647939404422 0.611113134316708 0.240096062150029 0.244680792967823 0.275259562837309 0.293529095078457 0.25570916325028 0.307379616281877 0.305807801569106 0.299793986318213 0.328507291305021 0.493096387838797 0.2614935289954 0.229217394885645 0.505196288362463 0.234904750226132 0.211756779123182 0.41033592792603 0.385200720002995 0.266974652225917 0.236495486823903 0.626222498074085 0.277216983536768 0.453041304238627 0.414853721309772 0.272317700467469 0.42407964383917 0.269291665308114 0.271736764722248 0.506925590406047 0.346834745635983 0.195647601109381 3.56409782362071 0.307426788242704
0.879838641359683 0.478434199738714 0.460169734537734 0.387611831623404 0.275803677335804 0.271576220002522 0.201447971613049 0.275597177636354 0.330601413443192 0.470833080266282 0.428340518937489 0.240378162923888 0.657942945645091 0.347710977935999 0.326364588985273 0.239502098396935 0.264431198921625 0.279092138257334 0.358432523228343 0.386655236236512 0.347334009969088 0.551720326745933 0.225721281165925 0.308781983280531 0.533234484799049 0.262514201168021 0.242545234629427 0.572899639204308 0.412542779349959 0.385200720002995 0.246184683678972 0.254220202881165 0.368825806766291 0.535897974033123 0.470866053718589 0.282163774166417 0.313985258355137 0.380347205396508 0.291069080910805 0.329863446714053 0.445354702559219 0.296425458837656 3.56174839754421 3.56174839754421 3.56174839754421
0.866353970686951 0.346979201098599 0.321056039635985 0.295544491477349 0.329004399036572 0.274644436520344 0.335767588797327 0.370991915136864 0.290525044966847 0.524721447658857 0.447889804979075 0.206275309234724 0.666646540969335 0.227009983921251 0.393907390362945 0.241856946091269 0.419787669671275 0.261701112323721 0.282478316713766 0.490869414398338 0.391856686247278 0.574284765630802 0.586533159366852 0.554957891865454 0.186847833082684 0.213014561263338 0.233658033075585 0.572899639204308 0.385200720002995 0.385200720002995 0.376512788444591 0.260163594951807 0.295078995130609 0.288959449578541 0.250367603119811 0.385488488584662 0.324235606016796 3.56174839754421 3.56174839754421 0.23592319781718 0.297206989894 0.233501112058663 3.56174839754421 3.56174839754421 3.56174839754421
0.49234453896448 0.83691935650921 0.260772496134598 0.282261805445282 0.38822821220227 0.254150137610648 0.380408256457031 0.3730898291025 0.877631754674455 0.662507285375804 0.480151739926025 0.219817256491672 0.674443677577839 0.437934911092346 0.45568377529658 0.493206758434166 0.665935142460352 0.676130995503164 0.782833225156339 0.892015507583403 0.884571681999591 1.07507188688043 1.06580228208155 0.215788640569232 0.201055642198864 0.209889857023955 0.57489899573249 0.186847168290453 0.2117316436748 0.326336763360057 0.256992827608149 0.259290840740403 0.258927207371483 0.328649577917913 3.56174839754421 3.56174839754421 3.56174839754421 3.56174839754421 3.56174839754421 3.56174839754421 3.56174839754421 3.56174839754421 3.56174839754421 3.56174839754421 3.56174839754421
0.219905420654214 0.754236387089559 0.352607149732351 0.290668978298244 0.295012923892538 0.480392671172526 0.877631754674455 0.877631754674455 0.877631754674455 0.877631754674455 0.924981239963709 0.921774668150793 0.742640442070897 0.737108315664693 0.220934777824592 0.21946140242267 0.450771084444623 0.255924140814268 0.514700130061529 0.32929833832281 0.490969557371054 0.248205350565481 0.314110088008654 1.07766951981197 0.24833359435824 0.575877740343156 0.163079841956687 0.172939005687374 0.196149648484553 0.261211983959161 0.252146826131057 0.327659090795048 3.56174839754421 3.56174839754421 3.56174839754421 3.56174839754421 3.56174839754421 3.56174839754421 3.56174839754421 3.56174839754421 3.56174839754421 3.56174839754421 3.56174839754421 3.56174839754421 3.56174839754421
0.310467623279829 0.747100742315742 0.718731031435006 0.718731031435006 0.503017464750101 0.203336038714293 0.877631754674455 0.877631754674455 0.877631754674455 0.877631754674455 0.22541208781524 0.347561387625748 0.209467070948074 0.458955241849334 0.652516200289323 0.448017077797807 0.351452435424107 0.217327821148514 0.498945418994626 0.24679234979655 0.422048111495609 0.285527803868103 0.247781121480527 0.198970153153559 1.13607293187961 1.20271593926985 1.20188171531043 1.20385523895269 1.2179144027687 0.329156151856331 3.56174839754421 3.56174839754421 3.56174839754421 3.56174839754421 3.56174839754421 3.56174839754421 3.56174839754421 3.56174839754421 3.56174839754421 3.56174839754421 3.56174839754421 3.56174839754421 3.56174839754421 3.56174839754421 3.56174839754421
0.718731031435006 0.718731031435006 0.718731031435006 0.718731031435006 0.718731031435006 0.136916438202747 0.151794560339472 0.196163407406929 0.877631754674455 0.877631754674455 0.274677035106022 0.21300067428893 0.400288254629015 0.220225496286014 0.557789732089447 0.408504166165655 0.220456150670397 0.321150014567062 0.47318345040321 0.450923829601711 0.22411857299038 0.365566237737404 0.188106726249167 0.184204095796035 0.450804804974527 0.302696159864728 0.53451561427396 0.29532182865055 3.56174839754421 3.56174839754421 3.56174839754421 3.56174839754421 3.56174839754421 3.56174839754421 3.56174839754421 3.56174839754421 3.56174839754421 3.56174839754421 3.56174839754421 3.56174839754421 3.56174839754421 3.56174839754421 3.56174839754421 3.56174839754421 3.56174839754421
0.718731031435006 0.718731031435006 0.718731031435006 0.718731031435006 0.718731031435006 0.110904129281455 0.926495191290679 0.881340862104211 0.877631754674455 0.178102108390982 0.217757497347345 0.215985874009836 0.377805884005089 0.219802197242471 0.546940765807322 0.367092107229275 0.208697954284621 0.276867319307133 0.19138602484696 0.428854928761995 0.211557673116451 0.349604522759161 0.186976776765929 0.174289933380015 0.432772002817856 0.251465889521891 0.524957175513918 0.244636987173661 3.56174839754421 3.56174839754421 3.56174839754421 3.56174839754421 3.56174839754421 3.56174839754421 3.56174839754421 3.56174839754421 3.56174839754421 3.56174839754421 3.56174839754421 3.56174839754421 3.56174839754421 3.56174839754421 3.56174839754421 3.56174839754421 3.56174839754421
0.718731031435006 0.718731031435006 0.718731031435006 0.718731031435006 0.718731031435006 0.926443760116008 0.148427668663138 0.464441937936218 0.178455470279634 0.287127188283255 0.170212250216635 0.269954714185051 0.24218499399478 0.237322734853938 0.506156385492896 0.174489958296915 0.32445616185651 0.209590424038038 0.258683354813611 0.336701822755522 0.223537539634837 0.259927025514183 0.209582304907483 0.195478138340263 0.417811180685887 0.229094303679289 0.437588850255961 0.252237249055987 3.56174839754421 3.56174839754421 3.56174839754421 3.56174839754421 3.56174839754421 3.56174839754421 3.56174839754421 3.56174839754421 3.56174839754421 3.56174839754421 3.56174839754421 3.56174839754421 3.56174839754421 3.56174839754421 3.56174839754421 3.56174839754421 3.56174839754421
0.718731031435006 0.718731031435006 0.718731031435006 0.718731031435006 0.718731031435006 0.190962186512798 0.114545215611046 0.444530638363705 0.213481120186246 0.121946176278074 0.217849010806351 0.138316382563935 0.246366003738218 0.335663971972717 0.347646221051619 0.319206299900246 0.209512679862896 0.205661513824547 0.202574434818756 0.244626438102925 0.226527257199314 0.20622172753797 0.193357033636404 0.282187255367648 0.346982908667803 0.269007627684077 0.324261539409952 0.248666213061776 0.294103905358454 0.328478537516715 3.56174839754421 3.56174839754421 3.56174839754421 3.56174839754421 3.56174839754421 3.56174839754421 3.56174839754421 3.56174839754421 3.56174839754421 3.56174839754421 3.56174839754421 3.56174839754421 3.56174839754421 3.56174839754421 3.56174839754421
0.718731031435006 0.718731031435006 0.718731031435006 0.718731031435006 0.718731031435006 0.114110960480651 0.177389821082731 0.435911976190692 0.409684832510109 0.231242342544494 0.246318291918336 0.27172600136849 0.237403667809241 0.288469519425456 0.207650824840535 0.223178367902989 0.218306045189288 0.224561335859232 0.211965862327834 0.216511160247764 0.253733430933318 0.172964177781245 0.198292593550086 0.15243148914731 0.24982567322831 0.202252860767887 0.249892167506258 0.269528863670264 0.401661423761917 0.506830071097782 3.56174839754421 3.56174839754421 3.56174839754421 3.56174839754421 3.56174839754421 3.56174839754421 3.56174839754421 3.56174839754421 3.56174839754421 3.56174839754421 3.56174839754421 3.56174839754421 3.56174839754421 3.56174839754421 3.56174839754421
0.718731031435006 0.718731031435006 0.718731031435006 0.718731031435006 0.130071414855567 0.253027251449696 0.223225205221362 0.312780199699126 0.222406074087679 0.267775420186745 0.325439978370199 0.31950714655049 0.243746835989577 0.232368970643539 0.232234977337748 0.285205678879763 0.21740406471437 0.277509541994135 0.270343434960176 0.450519661566541 0.308530684107137 0.268875082702794 0.223612183488694 0.19267336477303 0.172948562475666 0.144228345182247 0.193105536350178 3.56174839754421 3.56174839754421 3.56174839754421 3.56174839754421 3.56174839754421 3.56174839754421 3.56174839754421 3.56174839754421 3.56174839754421 3.56174839754421 3.56174839754421 3.56174839754421 3.56174839754421 3.56174839754421 3.56174839754421 3.56174839754421 3.56174839754421 3.56174839754421
0.718731031435006 0.718731031435006 0.700714311037254 0.173107146728643 0.432677282264193 0.211257928155564 0.249190195315307 0.251166598286057 0.259878711477352 0.412775169369266 0.239916091128844 0.35671268229424 0.30355660164867 0.22671327741708 0.214786991862407 0.229392682380783 0.346358119821598 0.373300530980297 0.213612369577255 0.450519661566541 0.17293382494564 0.20877078341177 0.14995280074352 0.180524863107109 0.188902978150666 0.155223101853416 0.288835611693554 3.56174839754421 3.56174839754421 3.56174839754421 3.56174839754421 3.56174839754421 3.56174839754421 3.56174839754421 3.56174839754421 3.56174839754421 3.56174839754421 3.56174839754421 3.56174839754421 3.56174839754421 3.56174839754421 3.56174839754421 3.56174839754421 3.56174839754421 3.56174839754421
0.718731031435006 0.718731031435006 0.697605917510588 0.678048056111815 0.1958513502523 0.402495892997192 0.263093033553627 0.254114514768911 0.320720101720466 0.448185094178815 0.233753353900091 0.661236348550406 0.707830890156727 0.724513794503446 0.739097600081768 0.75522875042445 0.840454993961656 0.475746769196974 0.893168512138649 0.893168512138649 0.905228701952861 0.270410944306925 0.891366752080327 0.247476370975377 0.220313001411536 0.251355331139433 3.56174839754421 3.56174839754421 3.56174839754421 3.56174839754421 3.56174839754421 3.56174839754421 3.56174839754421 3.56174839754421 3.56174839754421 3.56174839754421 3.56174839754421 3.56174839754421 3.56174839754421 3.56174839754421 3.56174839754421 3.56174839754421 3.56174839754421 3.56174839754421 3.56174839754421
0.189361961551851 0.468135785151679 0.243724233357068 0.671841985813555 0.210387750745391 0.244939279120504 0.250973807388009 0.433643765943294 0.243135916900019 0.479156686142818 0.585290477865928 0.238367924955526 0.219273023630448 0.235228656847004 0.316934258262709 0.357064020376632 0.840454993961656 0.840454993961656 0.893168512138649 0.893168512138649 0.905228701952861 0.891366752080327 0.891366752080327 0.267021160841783 0.383178860911267 0.257171781445757 3.56174839754421 3.56174839754421 3.56174839754421 3.56174839754421 3.56174839754421 3.56174839754421 3.56174839754421 3.56174839754421 3.56174839754421 3.56174839754421 3.56174839754421 3.56174839754421 3.56174839754421 3.56174839754421 3.56174839754421 3.56174839754421 3.56174839754421 3.56174839754421 3.56174839754421
0.169563274719236 0.447444424747846 0.196178649575186 0.664171403571795 0.199362020940247 0.235234212522194 0.498687034357261 0.45678995895103 0.259432519820816 0.562069966001274 0.31240560332379 0.23805454651233 0.206959846506858 0.208917379389271 0.207011243337354 0.229170385111943 0.840454993961656 0.840454993961656 0.222612145465838 0.192104315249519 0.330751039408957 0.206571284860024 0.898732926571187 0.181438524411554 0.441492235457129 0.466764511468868 3.56174839754421 3.56174839754421 3.56174839754421 3.56174839754421 3.56174839754421 3.56174839754421 3.56174839754421 3.56174839754421 3.56174839754421 3.56174839754421 3.56174839754421 3.56174839754421 3.56174839754421 3.56174839754421 3.56174839754421 3.56174839754421 3.56174839754421 3.56174839754421 3.56174839754421
0.176423620218972 0.440334004349063 0.174553008997193 0.18179434317658 0.652300357900446 0.531117825326449 0.521057255001148 0.211739181463148 0.248207445214666 0.266687216107834 0.26359171987661 0.199875724874574 0.27892228040404 0.192893156240677 0.216532292733477 0.293641009393175 0.274791889966808 0.208570225079759 0.214718853311205 0.251853281630045 0.306678449442762 0.219619215810332 0.225929285637368 0.904107992817721 0.978370181882667 0.985782054368419 3.56174839754421 3.56174839754421 3.56174839754421 3.56174839754421 3.56174839754421 3.56174839754421 3.56174839754421 3.56174839754421 3.56174839754421 3.56174839754421 3.56174839754421 3.56174839754421 3.56174839754421 3.56174839754421 3.56174839754421 3.56174839754421 3.56174839754421 3.56174839754421 3.56174839754421
