Archive - glowpa-model-master/Model input/Uganda/rivergeometry/river_restime_1mar.asc
NCOLS 67 
NROWS 67 
XLLCORNER 29.5 
YLLCORNER -1.5 
CELLSIZE 0.0833333333283582 
NODATA_value -9999 
[rows 38 to 56 of 67, columns 0 to 41 of 67]
-9999 0.00218739021785261 0.00192044277147565 0.00157073294876413 0.00179095870680572 0.00159981870444714 0.000989111019688073 0.00139187585638413 0.00165183364756568 0.00250355847590926 0.00135077421841764 0.00217634610033001 0.00126699577404243 0.001499059932942 0.0010805366162999 0.0014969053497377 0.00200702327677615 0.00155196597727885 0.00191522772586209 0.00124771523201531 0.00143028282852315 0.00151788070593168 0.00212923776479655 0.00134460942850899 0.00158098385876121 0.00181875431465591 0.00164384093487371 0.00167217084785441 0.00150040426349726 0.00214678379806775 0.001906712691223 0.00152542298495961 0.00136452456467801 0.00158570533888732 0.00124851249012185 0.00156584089772932 0.00140582874939942 0.00152262375266634 0.00207147145163829 0.00109282726923438 0.00219465027516576 0.000718203351169684
-9999 0.00221501906844446 0.00210020583181675 0.000999005859287301 0.000997985593112271 0.00139743399632386 0.00158057057204846 0.00150411087378028 0.00148883319882341 0.00194005186356947 0.0015391935591371 0.00189616069105438 0.00146890472061785 0.00130255905954872 0.00150108326274799 0.00154021192193632 0.00116156089752944 0.00155319046049781 0.00148804754437374 0.00212941922038578 0.00185648779453599 0.00213412317373472 0.00151659831018847 0.00137939181685984 0.0015760672016397 0.00130480288310089 0.00134127700580332 0.00140749371891476 0.00165950888112573 0.00166386234052976 0.00143503072798536 0.00216239361592143 0.00155119386320683 0.00223479332497824 0.00156848109699733 0.00181398268607913 0.00154207467499539 0.00157184726859527 0.00167262570974877 0.00117386787545088 0.00157019306199901 0.00154139434257325
0.00230893517650484 0.00171067876805942 0.00100691221002586 0.000997859745265295 0.0018311978873805 0.00131028743098235 0.0016752877996256 0.00158049533136917 0.00219749450987175 0.00156229834076008 0.00159302830689607 0.00148419231008357 0.0021288780448855 0.00133643683700777 0.00150387989271817 0.00120988563302796 0.00129136741718471 0.00173778928872681 0.00148041135120802 0.00148551711482725 0.00149857362500769 0.00198745235646655 0.00150646958004852 0.00156067525452376 0.00156610647398179 0.00157635201058754 0.00152014400195036 0.00145605946379152 0.00159130386410284 0.00169187239148215 0.00150601698907753 0.00159849153331881 0.00110454661700783 0.00200229905107158 0.0015185435179971 0.00132260976953736 0.00156456546235462 0.00220093059929715 0.00157127495970947 0.00172059212228863 0.00168554795742952 0.00155215091551052
0.00160820654747029 0.00210057187620436 0.00100488685494863 0.00137997679947873 0.0013887854636977 0.00135005947057221 0.00218990568948363 0.00156879072290992 0.00153312153886617 0.00134663222806752 0.00183981772803666 0.00155399249607356 0.00212255242821606 0.00148527982598308 0.0019934839923265 0.00128933281843106 0.00152456418108654 0.0018792704207212 0.00175548785983699 0.00128496144893344 0.00138111759749489 0.00141447977858346 0.00151155528434531 0.00144253926810734 0.00210845672903759 0.00159366137745803 0.00177114595587592 0.00159512536440663 0.00228557497265213 0.00160537870323355 0.00151870835223837 0.00192006390236643 0.00112375883546593 0.00157792326551111 0.00156988853762182 0.00157803220817502 0.00209021696007516 0.00156950421597486 0.00177282305654777 0.00145041312513762 0.00120623473177433 0.00136198217129408
0.00177776802241799 0.00236533566621745 0.00101176353631119 0.00242588788538873 0.00139714336526976 0.00140474858273316 0.00225499501606724 0.00146136053361054 0.00138425163223733 0.00155887583861482 0.00152806759682206 0.00125817786622445 0.00143485971181046 0.0015532038242409 0.00152975917981375 0.00153129742036462 0.00200393018007359 0.00147189156945807 0.00205406566877182 0.00154620941923164 0.00220699443467731 0.00159873380293938 0.00157922207476376 0.00196358583898492 0.00163838249830395 0.0013333482287996 0.0015429599154789 0.00210341221225057 0.00163559307851689 0.0017105192439173 0.00205771811718003 0.00155701102868134 0.00113236877425555 0.00124458194772435 0.00141610400079304 0.00159150831079937 0.00158417722655036 0.00157825012719948 0.00128061462565677 0.00156273455896335 0.00127054673899101 0.00139344092363482
0.0010298398879505 0.00143645079294064 0.00164971150688649 0.00215096810265307 0.00146856626115739 0.00148843557755315 0.00162244543651885 0.00208852137522993 0.00191791518985281 0.00150157110888691 0.00143451794623991 0.00125077631892156 0.00120651367133349 0.00161809790818177 0.00229513222480612 0.00229726712932435 0.00156843753225306 0.00235165563323038 0.00226041940021881 0.00165858086088938 0.0016216890399845 0.00151356705658727 0.00187012776425828 0.00164910423661188 0.00229381002638666 0.00187529060440592 0.00228111062050289 0.00159791437713745 0.00134583587877 0.00129157808126355 0.00150851703445741 0.00162639307135791 0.00120687540594244 0.00154428500076287 0.00188283358695022 0.00136935198498539 0.00155676607683582 0.00192081988103027 0.00155601296089873 0.00156377134197497 0.00128764094949094 0.0014404277196123
0.00102383611608306 0.00131041834924907 0.00133509777044321 0.00140478425231246 0.00147544626152878 0.00215107973640813 0.00240414389364219 0.0021625459541879 0.00205239236211941 0.00129792954975707 0.00133578214337779 0.00159326528091002 0.00118255391993526 0.00145715983765871 0.00151522560204337 0.00229669334491964 0.00165445209008768 0.00232228810248681 0.00226118510877393 0.00153818319388886 0.00156146641398362 0.00128270949860538 0.00239805150383501 0.00215206021995762 0.00179918829972027 0.00145395282854828 0.00154710469935136 0.00116363294523116 0.00188148275844021 0.00183270222073411 0.00156259125338178 0.00223869378777509 0.00141603946451095 0.0017921875275224 0.0013185591040324 0.00154139944879132 0.00209572606777749 0.00139639518472208 0.00152565510048799 0.00147289080631497 0.00133738281304692 0.00151046211124421
0.00102644041191428 0.00144461808289626 0.00147851246027718 0.00151195065594567 0.00139919852683627 0.00218360001317009 0.00144629706719215 0.00139496559910853 0.00212733830928276 0.00125723398414669 0.00131670422334097 0.00234135119684957 0.00117744129405694 0.00163215648881353 0.00201370213326938 0.00165553966922655 0.00144460626634642 0.00168103243605374 0.00166847127871517 0.0014350527117125 0.00212481928541942 0.00126870690510827 0.00174825419347239 0.00125563489210501 0.00158738518928891 0.00151944647569482 0.00148035820267377 0.00165116159540601 0.00130025970762498 0.00130025970762498 0.00199361343108507 0.001579054234923 0.00151328735908513 0.0015229434649368 0.00158512797975858 0.00196609009191621 0.00146158896678837 0.000718846347050421 0.0010200224544137 0.00161708911239214 0.0015083874349024 0.0016322841317138
0.00130409019133599 0.00146451002966704 0.00158043605196447 0.00216144945691561 0.00191103682530382 0.00159507625035898 0.00198479036868773 0.00140200978952694 0.00106934744382622 0.00117082188721179 0.00129553090897928 0.00162825946019647 0.0016644378475385 0.00137457446664785 0.00136725637907958 0.00134186926369019 0.00123117395867573 0.00122775834874286 0.00115825741084284 0.00113215900001046 0.0011369425173277 0.00105298966508257 0.00149014634968054 0.00163197770115919 0.00213159838718774 0.00212007663577655 0.00164663728048414 0.00159893438823373 0.00157754331106275 0.00208508853481313 0.00158679529019867 0.00157186246261914 0.00158084906410738 0.00146161590584727 0.00102002672071062 0.000718846194682674 0.00102002672071062 0.000718846194682674 0.000723683794467931 0.000723683794467931 0.000718846194682674 0.00102002672071062
0.00164702081460253 0.00104727380440353 0.00142530776057098 0.00151852532140218 0.00151811319037706 0.00181725449137266 0.00106219907810186 0.00106219907810186 0.00106219907810186 0.00106219907810186 0.00150855662145333 0.00107169927323284 0.0011395569981622 0.0011420806607855 0.00165715567656208 0.0016512638674288 0.00134952805889573 0.00164010225047138 0.00125822012007314 0.00149923072597601 0.00176399140923174 0.00164401387449443 0.00148701638889409 0.00147940733385601 0.00140296493212103 0.00164200718122507 0.00158914616573777 0.00158887001971894 0.00224481343735586 0.00157047363472887 0.00158807061329855 0.00146696787817392 0.00102002984424944 0.00102002984424944 0.000723687603661608 0.00102002984424944 0.0007188461184988 0.0007188461184988 0.000723687603661608 0.0007188461184988 0.0007188461184988 0.000723687603661608
0.00149501894504506 0.00104848951300762 0.00105351559276435 0.00106061456514316 0.00126471344272753 0.00168658937637709 0.00106935644964131 0.00150724473311358 0.00106935644964131 0.00150724473311358 0.00163476039494723 0.00143780316704088 0.0016596216793714 0.00131181417276748 0.00166688962871941 0.00132880086993257 0.00143829337696588 0.00240008874860666 0.00126303201291053 0.00161252498406951 0.00128121330236457 0.00210208818806573 0.00156179822081132 0.00155492164473634 0.00101210234530964 0.000987245260292067 0.00098715941781043 0.00098617827517102 0.00138689817848967 0.0014747362298364 0.000718846042314927 0.00102003197739789 0.000723689889177813 0.000718846042314927 0.000718846042314927 0.00102003197739789 0.000723689889177813 0.000723689889177813 0.000723689889177813 0.000723689889177813 0.000723689889177813 0.000723689889177813
0.00105351559276435 0.00105351559276435 0.00105351559276435 0.00105351559276435 0.00105351559276435 0.00188144838213165 0.00180682473277892 0.00169318309688011 0.00150724630913122 0.00106219896552917 0.00220323150357951 0.00167514679958634 0.00194417431963802 0.00163299659647483 0.00122866794471653 0.00135564001697699 0.00166482770898637 0.00210542995737411 0.00127515596206644 0.00129427653757443 0.00156455979201476 0.00185842750559039 0.00223254953529421 0.00215842142508045 0.00170151962478463 0.00150224970647863 0.00180338598708819 0.00215435386952493 0.000723690651016549 0.000723690651016549 0.00102003304397212 0.000723690651016549 0.000718846042314927 0.000718846042314927 0.000718846042314927 0.000723690651016549 0.000723690651016549 0.000718846042314927 0.000718846042314927 0.000718846042314927 0.000718846042314927 0.000723690651016549
0.00149492315468037 0.00105351559276435 0.00106061456514316 0.00105351559276435 0.00106061456514316 0.00194445390564652 0.00148514050936957 0.00106830246147599 0.00106219896552917 0.00174076276769575 0.00167640710561699 0.00168822748946304 0.00139281990476403 0.00164355855550478 0.00123546534468323 0.00139351477607122 0.00167630776546538 0.00154909883688978 0.00173972052972109 0.00130327971408835 0.00159056282735208 0.00132532401088461 0.00160301663776114 0.00227087437234872 0.00121190912031843 0.00159738010922112 0.00127787349192948 0.00162120585795135 0.00102003304397212 0.000723689889177813 0.000723689889177813 0.000723689889177813 0.000723689889177813 0.000723689889177813 0.000723689889177813 0.00102003304397212 0.000718846042314927 0.00102003304397212 0.000718846042314927 0.000718846042314927 0.000723689889177813 0.00102003197739789
0.00106061121557063 0.00149492002841267 0.00106061121557063 0.00106061121557063 0.00106061121557063 0.00105368597701738 0.00180986041835137 0.00184066920784821 0.00174170415959602 0.00214582072036102 0.00179311786934261 0.00219452006472136 0.00157128685773733 0.00224482328776551 0.00126364696640671 0.00174048467571325 0.00204266545387307 0.00166185598800429 0.00217222828290224 0.00139959687402834 0.00160675186130913 0.00143859731165317 0.00218248257289491 0.00159548107599553 0.00122391671373423 0.00231272214843677 0.00135102896173806 0.0016101744092399 0.000723687603661608 0.00102002984424944 0.0007188461184988 0.000723687603661608 0.000723687603661608 0.0007188461184988 0.0007188461184988 0.0007188461184988 0.000723687603661608 0.000723687603661608 0.000723687603661608 0.00102002984424944 0.000723687603661608 0.000723687603661608
0.00106060563294973 0.00105351581606918 0.00149491545066354 0.00149491545066354 0.00106060563294973 0.0017116397568371 0.00196759963946499 0.00131533936765843 0.00230877899188117 0.00192524052751266 0.00234036484843134 0.00268075360720475 0.0015796633470099 0.00203105419766984 0.00141272626542172 0.00205471472208869 0.0016336921912807 0.00234100061934729 0.00164169046246945 0.00153830527487947 0.00155891052241201 0.00152716403990711 0.00154242163639657 0.00136620677787031 0.00126624887629116 0.00211230861198285 0.00147294468934382 0.00226376551475127 0.00151917758578995 0.00205000659352933 0.00102002672071062 0.00102002984424944 0.00102002672071062 0.000718846194682674 0.000723683794467931 0.000723683794467931 0.00102002672071062 0.000723683794467931 0.000718846194682674 0.000723683794467931 0.000723683794467931 0.000723683794467931
0.00149490919812814 0.00105351603937402 0.00149490919812814 0.00149490919812814 0.0010605979289329 0.00200472903518374 0.002464599654595 0.00132397022841963 0.00135800402799366 0.00160333999434733 0.00157921598441288 0.00157354843463927 0.00227178857997113 0.00212928914299826 0.00163814644051801 0.00161999565909273 0.00230421368939117 0.00160189376593879 0.00161661965026873 0.0016121362835193 0.00212985440002194 0.00233741734930844 0.00215557925672197 0.00161138910429406 0.00138617103846998 0.00158541595274094 0.00158960740743789 0.00156658983494303 0.00139640957874455 0.00128248872887168 0.000718846194682674 0.000723678537780658 0.000723678537780658 0.000718846347050421 0.000718846347050421 0.000723678537780658 0.00102002672071062 0.000718846194682674 0.000723678537780658 0.000723678537780658 0.0010200224544137 0.000718846347050421
0.00105351626267885 0.00149490149411131 0.00105351626267885 0.00149490149411131 0.00191438897444525 0.00222540113679687 0.00163624499180514 0.00208051520852482 0.00163211810328678 0.00156497538409233 0.00208137086548864 0.00148693398670284 0.00159404757002584 0.00161595943313159 0.00161217439229725 0.00213078174831038 0.00161859699770716 0.00150115815139693 0.0021317655293173 0.00125438713049995 0.00140824319694693 0.00146888661752303 0.00152296554980949 0.00214389260062378 0.00153184112325101 0.00167025964290372 0.00172377020874774 0.00072367168123204 0.0010200224544137 0.000718846347050421 0.000718846347050421 0.00072367168123204 0.0010200224544137 0.00102001719772643 0.000718846347050421 0.0010200224544137 0.00072367168123204 0.00072367168123204 0.00102001719772643 0.00072367168123204 0.00072367168123204 0.00102001719772643
0.00105351648598369 0.00105351648598369 0.00115223188856356 0.00248724010575606 0.00188699472531198 0.00166997180334543 0.0022266836663072 0.0015725868858429 0.00156873718219205 0.00136446001452811 0.00225636085129844 0.00142882135344938 0.00148604102121467 0.00229827106179246 0.00163508613547328 0.00159986828906546 0.00200160444744819 0.00136860262428652 0.0016166817071268 0.00125438739638172 0.00169426703315256 0.00157977532974401 0.0017166892753364 0.00162099731706828 0.00229790444124007 0.00181107727850557 0.00217018857211698 0.00102001719772643 0.000718846651785915 0.00102001719772643 0.00102001719772643 0.000718846499418168 0.000723663301005952 0.000723663301005952 0.000723663301005952 0.00102001087446493 0.000718846651785915 0.00102001087446493 0.000718846651785915 0.000718846651785915 0.00102001087446493 0.000718846651785915
0.00105351682094094 0.00105351682094094 0.00115374392887447 0.00117142429636709 0.00170365618293972 0.00192552592779884 0.00155538957599593 0.00157425087053022 0.00208911171300655 0.00133039795397367 0.00160972078689044 0.0011875938808514 0.00116259917663936 0.00115423488656235 0.00114672703790636 0.00160450839809949 0.00108239084667605 0.00127593669721291 0.00105467359803068 0.00148659364180409 0.00104167671724633 0.00210196677386171 0.00147469541985045 0.00218497175729261 0.00165470462611074 0.00218895762745058 0.000718846651785915 0.000723653397102393 0.000723653397102393 0.000723653397102393 0.000723653397102393 0.000723653397102393 0.00102000340844532 0.00102000340844532 0.000718846880337536 0.000718846651785915 0.00102001087446493 0.000723653397102393 0.000723653397102393 0.000718846880337536 0.000718846651785915 0.000718846880337536
