Archive - glowpa-model-master/Model input/Uganda/rivergeometry/river_restime_1apr.asc
NCOLS 67 
NROWS 67 
XLLCORNER 29.5 
YLLCORNER -1.5 
CELLSIZE 0.0833333333283582 
NODATA_value -9999 
[rows 0 to 18 of 67, columns 0 to 41 of 67]
-9999.000000000000000 -9999 -9999 -9999 -9999 -9999 -9999 -9999 -9999 -9999 -9999 -9999 -9999 -9999 -9999 -9999 -9999 -9999 -9999 -9999 -9999 -9999 -9999 -9999 -9999 -9999 -9999 -9999 -9999 -9999 -9999 0.00226296644685245 0.00159952001632555 -9999 -9999 -9999 -9999 -9999 -9999 -9999 -9999 -9999
-9999 -9999 -9999 -9999 -9999 -9999 -9999 -9999 -9999 -9999 -9999 -9999 -9999 -9999 -9999 -9999 -9999 -9999 -9999 -9999 -9999 -9999 -9999 -9999 -9999 -9999 -9999 -9999 -9999 0.00158934088008651 0.00212727994832125 0.00162633603284958 0.00204626126596327 0.00231195898651487 0.00229493298662788 0.00163936406873388 0.00155733760509204 0.00223942419823169 0.00164704173653357 0.00161506256157716 -9999 -9999
-9999 -9999 -9999 -9999 -9999 -9999 -9999 -9999 -9999 -9999 -9999 -9999 -9999 -9999 -9999 -9999 -9999 -9999 -9999 -9999 -9999 -9999 -9999 -9999 -9999 -9999 -9999 -9999 -9999 0.00137677199386865 0.00165763380694123 0.00141248241758024 0.001647484223057 0.00117994548862607 0.00166163870883043 0.00170940167608458 0.00123158221907601 0.00126733262092583 0.00136141304998619 0.00144233734262286 0.0016437754057737 0.0022153148094778
-9999 -9999 -9999 -9999 -9999 -9999 -9999 -9999 -9999 -9999 -9999 -9999 -9999 -9999 -9999 -9999 -9999 -9999 -9999 -9999 -9999 -9999 -9999 -9999 -9999 0.00161417836488397 -9999 -9999 -9999 0.00192791390215178 0.00168071934968502 0.00161632713481284 0.00165746147726334 0.00233582759996818 0.0016769553784101 0.00151744995043043 0.0016089328921095 0.00159676750689047 0.00203980537387112 0.00155067340438952 0.00157450785526137 0.00219639005807385
-9999 -9999 -9999 -9999 -9999 -9999 -9999 -9999 -9999 -9999 -9999 -9999 -9999 -9999 -9999 -9999 -9999 -9999 -9999 -9999 -9999 -9999 0.00160460634064896 -9999 -9999 0.00214662015541906 -9999 -9999 -9999 0.000793124536709972 0.000883350139737356 0.000892147463165531 0.00139667069034488 0.00144870988337666 0.00155523271840499 0.00231355963882566 0.00159111653277294 0.00204660122834353 0.00151376572641379 0.00162985062279107 0.0020055402799093 0.00164601960000493
-9999 -9999 -9999 -9999 -9999 -9999 -9999 -9999 -9999 -9999 -9999 -9999 -9999 -9999 -9999 -9999 -9999 -9999 -9999 -9999 -9999 0.00214475886213568 0.00146936071568586 0.00156692814832413 0.00146401900804071 0.0023844710133246 0.00070744982998247 0.000704175244664109 0.000996102875248195 0.000702730417693672 0.00175184952705339 0.00088920188569871 0.00114611879632599 0.0011567492032954 0.00154792736710534 0.00186818548906675 0.00135356700534249 0.00152222520707341 0.00228242215981067 0.00161444842428961 0.00227062620683747 0.00136200581579862
-9999 -9999 -9999 -9999 -9999 -9999 -9999 -9999 -9999 -9999 -9999 -9999 -9999 -9999 -9999 -9999 -9999 -9999 -9999 0.00159349852796306 0.00128898085958796 0.00126703245881406 0.00121430059284467 0.00119116512812793 0.00196515414252208 0.00178616112626851 0.00070417390139757 0.000707514605280017 0.000706064273478505 0.000702729151653634 0.00149913473601133 0.00171790747126425 0.00127213990030036 0.00212219795843914 0.00164057245281609 0.0012522155492255 0.00126809426195173 0.00135465514407543 0.0016044379756206 0.00149778816830663 0.00143076094006171 0.00131548024776578
-9999 -9999 -9999 -9999 -9999 -9999 -9999 -9999 -9999 -9999 -9999 -9999 -9999 -9999 -9999 -9999 -9999 0.00145234801150722 0.00140247243252876 0.00189287552793315 0.00159050781586426 0.00215238700683538 0.00221296493716632 0.00118994325789699 0.00325507540037705 0.00137946330320492 0.000998255510056613 0.00225050796969618 0.00142127641596328 0.0013779790532732 0.00113650526107885 0.00161473289521221 0.000897356578924888 0.00168834932363453 0.0022110147859266 0.00202078454405593 0.00142131561370679 0.00152994398398024 0.00160816120098128 0.00160039830957634 0.00192566816841638 0.00161315761424666
-9999 -9999 -9999 -9999 -9999 -9999 -9999 -9999 -9999 -9999 -9999 -9999 -9999 -9999 -9999 -9999 -9999 0.00144590995697306 0.00220757181036197 0.00157935142259298 0.00158317549054597 0.00202475202465874 0.00143470804930718 0.00116512035956313 0.00116213362445798 0.000998298007941102 0.00160195486511919 0.00158736582475469 0.00147243997910656 0.00142649062833497 0.00113999064169116 0.00114311315394582 0.00156936127035834 0.00127243844094274 0.00209576835888861 0.00154551113606121 0.00215902804850331 0.00151999325599669 0.00212088236463504 0.00158778239031261 0.0015917243588933 0.00103388277326129
-9999 -9999 -9999 -9999 -9999 -9999 -9999 -9999 -9999 -9999 -9999 -9999 -9999 -9999 -9999 -9999 -9999 0.00138396758002783 0.00134744964874478 0.00127479218950424 0.00149384171449979 0.00198311996004294 0.00200233946313101 0.00217066289507074 0.000999044494620229 0.001623875187147 0.00197913187589646 0.00166081525547794 0.00209889348003611 0.00128182143599117 0.0011596877036695 0.00156529824179668 0.00163621409650048 0.000897503043034909 0.000902771745210635 0.0016434547043307 0.00217479387914715 0.00185899768992575 0.00150492604205935 0.00145345300957926 0.00145492372170644 0.00103774073751914
-9999 -9999 -9999 -9999 -9999 -9999 -9999 -9999 -9999 -9999 -9999 -9999 -9999 -9999 -9999 -9999 0.00155548027869611 0.00144368593060926 0.00124942415262514 0.00117229139408523 0.00114479209782028 0.00114273560801351 0.00158365011591785 0.00141682409057221 0.000704514602225731 0.00127878814390149 0.0015427540315488 0.00218731974255641 0.00203099453739249 0.00135551908600574 0.0012456797652493 0.0021882903746303 0.00116737420683693 0.00151226228570759 0.00163176429284353 0.0012740714390127 0.00130227868609932 0.00150944091325331 0.00143351576652241 0.00101791445329645 0.00147410336395368 0.00159386600815765
-9999 -9999 -9999 -9999 -9999 -9999 -9999 -9999 -9999 -9999 -9999 -9999 -9999 -9999 -9999 -9999 0.00154928447480449 0.00184141898516743 0.00156473583671586 0.00209003516757254 0.0015084779116491 0.0022861928967822 0.00213599972082774 0.000999231181073082 0.00160982676134643 0.00129399646208066 0.00133197879038497 0.00153336345565396 0.00152524739916367 0.00139883653335164 0.00129082354186456 0.00178856780175092 0.0011872660737162 0.00150862985587752 0.00151385021289589 0.000947488739427573 0.00141072901935248 0.00100081640677573 0.00124666405531936 0.00156302547599233 0.00190848882172927 0.00138787576621784
-9999 -9999 -9999 -9999 -9999 -9999 -9999 -9999 -9999 -9999 -9999 -9999 -9999 -9999 -9999 0.00154639074907891 0.00193828855522329 0.00151330599600727 0.00142609064950474 0.00181207213352423 0.00154375226323665 0.00216645803716255 0.000705344530504051 0.000705343409242853 0.00152128583394258 0.00216837706713379 0.00153092371434452 0.00215290128587603 0.00151698775768159 0.00143645813041512 0.00147535515045889 0.00193275199486818 0.00122180404793341 0.00226754972839651 0.00156249589867563 0.00134621230513637 0.00135004487622222 0.0015862174244218 0.00147094638965027 0.0018310189607639 0.00222110599266963 0.00147855419727979
-9999 -9999 -9999 -9999 -9999 -9999 -9999 -9999 -9999 -9999 -9999 -9999 -9999 -9999 -9999 -9999 0.00150782301246919 0.00148072234716195 0.00199331225180845 0.00148072536421546 0.00180009425257038 0.00305137403057063 0.00100019152442287 0.000705342362732403 0.00201210181615908 0.00215082146625735 0.00198092106442655 0.0015045877827583 0.00210861987616327 0.00159253658374994 0.00156690221945196 0.00143778480919696 0.00123018783388944 0.00138420272446616 0.00220142602895552 0.00152864819827756 0.000952536210204659 0.00159905116556718 0.00156395197098559 0.00131315888314304 0.00148955270640466 0.00158451151181932
-9999 -9999 -9999 -9999 -9999 -9999 -9999 -9999 -9999 -9999 -9999 -9999 -9999 -9999 -9999 -9999 -9999 0.001486768834402 0.0013815459966362 0.00131765806401129 0.00130868743224211 0.0011976569636706 0.000705631014272699 0.00192840655827519 0.00142595876776608 0.00134389789526851 0.00213959665973063 0.0019224992670335 0.00157543874507257 0.00154709920643934 0.00217778357350915 0.00153408046527064 0.00130006421471437 0.0014311709492423 0.00153776157307271 0.00152836644310439 0.00129885713518985 0.00135984959961308 0.0015736279197878 0.00156918855240594 0.0015116185586356 0.0015674106314129
-9999 -9999 -9999 -9999 -9999 -9999 -9999 -9999 -9999 -9999 -9999 -9999 -9999 -9999 -9999 -9999 0.0014442330567285 0.00192953251600175 0.00153946959045935 0.00142121885713132 0.00138746931701683 0.00195376039243623 0.000706028915483919 0.00152303097209825 0.00168883460950891 0.00120254903342527 0.00129306219444391 0.00151531283518209 0.00158452030666028 0.00138791237827259 0.00196117207681151 0.00155812419177961 0.00151055383313241 0.00193897896548218 0.00146556699091616 0.00141821289133477 0.00136441069799915 0.00137536959680989 0.00136657331166561 0.00106299854687816 0.00141331572201072 0.00151458291062993
-9999 -9999 -9999 -9999 -9999 -9999 -9999 -9999 -9999 -9999 -9999 -9999 -9999 -9999 -9999 -9999 0.00144389792884915 0.00122883002474048 0.00166531583786177 0.00151575655062712 0.00109227030074716 0.00107035530040186 0.00107035771064747 0.00100108427609953 0.00154825505468845 0.00218349684954322 0.00216227126556534 0.00215192806753789 0.00124799775708152 0.00128143853211087 0.00155458846861603 0.00218705906908753 0.00206057306594105 0.00149354403161308 0.00197849467525237 0.00151006106376877 0.00216661727738677 0.00155546477908685 0.0013214876416482 0.00145416152275653 0.00160438504387865 0.00212736563055337
-9999 -9999 -9999 -9999 -9999 -9999 -9999 -9999 -9999 -9999 -9999 -9999 -9999 -9999 -9999 0.00206051649079148 0.00180858273560189 0.00152152061869102 0.00118937073583156 0.00155075453333769 0.0017989523040907 0.00163865604626519 0.00230929659392704 0.000707504167279049 0.00163409677662223 0.00117771681583359 0.00119542885947221 0.00121821168642313 0.00123170951227719 0.00158661312183624 0.00143097810280981 0.0021492302156923 0.00154508954235379 0.00180206241224069 0.00153750168102078 0.0020162435492798 0.00155491832881216 0.00140042120650905 0.00135393511148875 0.0010267502110296 0.00103399955471091 0.00162279943588958
-9999 -9999 -9999 -9999 -9999 -9999 -9999 -9999 -9999 -9999 -9999 -9999 -9999 -9999 -9999 0.00151771041595606 0.00131922413793455 0.00215169058841949 0.00121627938062403 0.00146341110411098 0.00127907836728737 0.0016738937883358 0.00149820449228035 0.000707397864410844 0.00163799406069066 0.00221122776965103 0.00154399994356487 0.00205840997785187 0.00160823800588447 0.00157816364741405 0.00189168703280233 0.00152485016056569 0.00152180793606879 0.00141281627145585 0.00120904131133121 0.00154438854339036 0.00152772404559717 0.00155459075898458 0.00222009119104652 0.00146314152705224 0.00130332635733085 0.00148009129851909
