Archive - glowpa-model-master/Model input/Uganda/rivergeometry/river_flowvelocity_1mar.asc
NCOLS 67 
NROWS 67 
XLLCORNER 29.500000001 
YLLCORNER -1.499999999 
CELLSIZE 0.0833333332985075 
NODATA_value -9999 
[rows 40 to 59 of 67, columns 0 to 45 of 67]
2.15473496768909 2.06328483812813 3.50538758980195 3.51381311473521 1.91475355216537 2.67597213914414 2.09294943851626 2.21847707486871 2.26400718663579 2.24431790938865 2.2010243828045 2.36242475840755 2.33700085581959 2.62361270094139 2.34700761818495 2.89803644564685 2.71517820019306 2.86294192576019 2.36845937658806 2.36031891587043 2.33975335016426 2.50330016548333 2.34297300907399 2.24665197696491 2.23886064212566 2.23910493426474 2.30655296806153 2.40806968861648 2.21806635719739 2.08621973076387 2.32818931327409 2.20809274961656 3.17441799702211 2.48473863590473 2.32434403309043 2.65104094974742 2.25597308004789 2.26049372679981 2.23149528216745 2.89155677768375 2.95167502704591 2.27401699781479 4.87811766779566 2.52686298226772 2.73069896185982 2.3259218608767
2.19479293306509 2.36851264967225 3.48924013436458 2.55778239650847 2.54155912310523 2.59713858626988 2.27189284188258 2.23502893558407 2.30228346273656 2.62111680659987 2.70417538488563 2.25631247798095 2.34398500324316 2.36069424996155 2.49574668243483 2.71946195323626 2.31520614814736 2.64742689794824 2.83410166151636 2.74691537884389 2.55566967772986 2.49539118108259 2.33513150451893 2.43063931575319 2.35963572043705 2.20014910894825 1.99287944259297 2.19812913957798 2.17677821658148 2.19865901932505 2.30873337491806 2.5911799363573 3.12014591932298 2.23691509114893 2.23346599172646 2.22193915093606 2.38024624015916 2.24891422996556 2.80638896361384 2.41744333666966 2.90680698575519 2.59157604239643 4.87814945872208 2.36513897401566 2.66657139919008 2.31219263277602
1.97229918964105 2.10340864009643 3.46552361707799 2.0509057764031 2.50961391446595 2.49602702795595 2.20633191718845 2.41537664661349 2.53298711240458 2.24924362667507 2.2945919094641 2.78680116612117 2.44364763741121 2.27255177335828 2.29205385805345 2.28975141168192 2.48275490160407 2.38216625649656 2.42215599661178 2.28283184752526 2.25431808928756 2.19316782965094 2.22026502846769 2.5337476781294 2.15440296073688 2.62968928075064 2.2876395360342 2.36531433608655 2.14374320290078 2.04984045473369 2.41785667118892 2.25193679774659 3.09642098024994 2.83608171532574 2.49256841530623 2.21785590512728 2.21331955239626 2.23648713491875 2.73797468788594 2.24368905766742 2.75967055943904 2.51628208308864 4.87817036882319 4.87810878783064 2.298190746864 2.48184778488547
3.42750795958819 3.463605119109 2.1396373840621 2.31303638157785 2.38755974417062 2.35568790457868 2.17559514397311 2.38219610105849 2.59410192034188 2.33508117546556 2.4442290451474 2.82207486634796 2.90613402342095 2.16692105728308 2.16774764576813 2.16573310676035 2.23553033811283 2.1156576879171 2.20105097279549 2.11403044172631 2.16212254232063 2.31657422426372 2.66038907722613 2.14042528949157 2.16899717928575 2.65306479185724 2.18107242688353 2.20899471433201 2.60528827124842 2.71473361219833 2.3399035824089 2.17031446777172 2.90526235725924 2.27049390821929 2.64245250045507 2.57770423656955 2.26738266305632 2.59019513954051 2.25338077181655 2.25722541288792 2.72303369054293 2.43420036913082 2.05519606743445 4.87808866342415 2.37763754525048 2.41202749140457
3.42465838869062 2.67570195853678 2.64387025961678 2.51271701198595 2.37642656205824 2.31293068107514 2.06946777725521 2.30066709571763 2.42414579765812 2.70144838557901 2.62489636065967 2.21546614443224 2.96501464134379 2.42240089091875 2.31403804295419 2.16628760247114 2.11930566487465 2.1424121815246 2.20030562755437 2.27950071273491 2.24551079381929 2.73350255112224 2.07472538092731 2.31187690457629 2.76530161993102 2.4277440228098 2.28156846167903 3.01322655151363 2.64434967445677 2.71473361219833 2.25895625699695 2.22241127703404 2.47612374616919 2.77611794731946 2.6770322833164 2.29001333283424 2.37403353263307 2.5109574867849 2.31364565151485 2.3965288355535 2.6217541525003 2.32133525064064 4.87766121087674 4.87766121087674 4.87766121087674 4.87766121087674
3.41596858394429 2.44345462283002 2.38743928625056 2.31904935958176 2.50592669756189 2.2784960295425 2.44061805347473 2.51353076077935 2.33875540077801 2.78889131840329 2.66292830343592 2.12498867165363 2.97788854636408 2.14825537111157 2.47073481123012 2.11791297349364 2.42715889116008 2.09981595665289 2.10149793305903 2.44331717920249 2.34152805100078 2.76367136449774 2.8458813247489 2.81121427500241 2.22369388141889 2.30760889342065 2.38446257568013 3.01322655151363 2.71473361219833 2.71473361219833 2.49564167861774 2.23542589912933 2.31700091812687 2.30231015209453 2.21199107476628 2.53057822229238 2.41508304529219 4.87766121087674 4.87766121087674 2.16827147837464 2.32452758439804 2.16252713868545 4.87766121087674 4.87766121087674 4.87766121087674 4.87766121087674
2.70677932911995 3.39728639916743 2.23348763072616 2.30186275663922 2.60347927564243 2.21298785711461 2.50673564733061 2.51773161613042 3.30097050644838 2.99472382493629 2.7246624134946 2.16788814037684 2.98920429923288 2.56798337148266 2.5817282166148 2.63057249221808 2.86708823585995 2.87506444312163 3.04758194523245 3.11783448542449 3.10471665842268 3.35224978009593 3.33882961947638 2.14849026301004 2.33409107436607 2.34677590692169 3.02151835661413 2.19289037410981 2.22262539747882 2.38616246848148 2.22453670931578 2.23065839650348 2.23290411043097 2.39891218093819 4.87766121087674 4.87766121087674 4.87766121087674 4.87766121087674 4.87766121087674 4.87766121087674 4.87766121087674 4.87766121087674 4.87766121087674 4.87766121087674 4.87766121087674 4.87766121087674
2.12886651225348 3.34801409378205 2.46002156571875 2.32455982354849 2.32519088533566 2.73784438495127 3.30097050644838 3.30097050644838 3.30097050644838 3.30097050644838 3.29809298138169 3.29374390870344 3.09760982457687 3.09076501719658 2.13009737292496 2.12339644677781 2.59815824804772 2.15224566160924 2.78670433039011 2.33872438474015 2.82051850364425 2.13276025925878 2.37381576930554 3.36307647756758 2.49919848209608 3.03004765272713 2.20639731220891 2.20678078463029 2.21638017771871 2.23263081356742 2.20789163871502 2.39015992167158 4.87766121087674 4.87766121087674 4.87766121087674 4.87766121087674 4.87766121087674 4.87766121087674 4.87766121087674 4.87766121087674 4.87766121087674 4.87766121087674 4.87766121087674 4.87766121087674 4.87766121087674 4.87766121087674
2.36111663524097 3.34413211929407 3.32817803673085 3.32817803673085 2.7723967649383 2.09293035435145 3.30097050644838 3.30097050644838 3.30097050644838 3.30097050644838 2.15928530692124 2.43864218522206 2.12693901569381 2.67285376997773 2.98482606566921 2.6564658264601 2.43781102892123 2.07299651535125 2.77608755862957 2.17440814364501 2.73669298525131 2.3668729221934 2.24503230344976 2.25496086510927 3.48770469459426 3.57551891421795 3.57582983807807 3.5793874089694 3.58740856911772 2.39359014156579 4.87766121087674 4.87766121087674 4.87766121087674 4.87766121087674 4.87766121087674 4.87766121087674 4.87766121087674 4.87766121087674 4.87766121087674 4.87766121087674 4.87766121087674 4.87766121087674 4.87766121087674 4.87766121087674 4.87766121087674 4.87766121087674
3.32817803673085 3.32817803673085 3.32817803673085 3.32817803673085 3.32817803673085 1.87617042841123 1.94057973282172 2.07082592759905 3.30097050644838 3.30097050644838 2.25821735224466 2.09312250010425 2.55912011702825 2.14714927438358 2.85373071892157 2.58644434605186 2.12029016461214 2.36311618677671 2.74969302696881 2.72732890897713 2.2410696446932 2.67719649942157 2.22856224855933 2.30509925197296 2.92407771260652 2.33402439159781 2.75890777017114 2.3094514242883 4.87766121087674 4.87766121087674 4.87766121087674 4.87766121087674 4.87766121087674 4.87766121087674 4.87766121087674 4.87766121087674 4.87766121087674 4.87766121087674 4.87766121087674 4.87766121087674 4.87766121087674 4.87766121087674 4.87766121087674 4.87766121087674 4.87766121087674 4.87766121087674
3.32817803673085 3.32817803673085 3.32817803673085 3.32817803673085 3.32817803673085 1.803224775352 3.35010430394048 3.30422724690657 3.30097050644838 2.02779733496877 2.0915489116239 2.09089955185426 2.51740188749371 2.14772640093871 2.83802979361657 2.51614659377863 2.10576731425349 2.26343689227187 2.01543144274667 2.69035681234741 2.21928617998875 2.64560773697253 2.20204458144388 2.19094920907566 2.89319339082991 2.20981473399434 2.74384552096592 2.17733860498562 4.87766121087674 4.87766121087674 4.87766121087674 4.87766121087674 4.87766121087674 4.87766121087674 4.87766121087674 4.87766121087674 4.87766121087674 4.87766121087674 4.87766121087674 4.87766121087674 4.87766121087674 4.87766121087674 4.87766121087674 4.87766121087674 4.87766121087674 4.87766121087674
3.32817803673085 3.32817803673085 3.32817803673085 3.32817803673085 3.32817803673085 3.3500521314372 1.93732499657893 2.70301691581424 2.01313627775005 2.31862800001067 1.96858389151333 2.26717453406554 2.2314753105235 2.216370452119 2.77473687034706 2.02811492823171 2.43571946438826 2.12407271066345 2.29044067071289 2.50521267506054 2.19691853992719 2.43729624710729 2.27967914476066 2.21243799521095 2.86480917324272 2.15130036636485 2.59527214300437 2.19224882280852 4.87766121087674 4.87766121087674 4.87766121087674 4.87766121087674 4.87766121087674 4.87766121087674 4.87766121087674 4.87766121087674 4.87766121087674 4.87766121087674 4.87766121087674 4.87766121087674 4.87766121087674 4.87766121087674 4.87766121087674 4.87766121087674 4.87766121087674 4.87766121087674
3.32817803673085 3.32817803673085 3.32817803673085 3.32817803673085 3.32817803673085 2.06228229924918 1.78201303256155 2.66569091338908 2.15496796668881 1.82122085541178 2.12588424963005 1.85595004191968 2.234580159056 2.44963663469742 2.48193035424549 2.42142849135299 2.14623551431763 2.1253069001986 2.13577911338769 2.27931884369619 2.24919120012471 2.29594733032301 2.28853401036496 2.58371165360403 2.76903558695344 2.35540618517745 2.38046155144634 2.19781807667243 2.3080173333171 2.4269896425564 4.87766121087674 4.87766121087674 4.87766121087674 4.87766121087674 4.87766121087674 4.87766121087674 4.87766121087674 4.87766121087674 4.87766121087674 4.87766121087674 4.87766121087674 4.87766121087674 4.87766121087674 4.87766121087674 4.87766121087674 4.87766121087674
3.32817803673085 3.32817803673085 3.32817803673085 3.32817803673085 3.32817803673085 1.76076600424615 2.01871486545128 2.64831403933727 2.59929916267759 2.20156594691173 2.22027147331187 2.22826836670828 2.19004708623909 2.33661265614271 2.14040018453999 2.16438169072129 2.15922853988061 2.18883940679747 2.16890113874787 2.17493287399735 2.33600229650287 2.12856500408026 2.30811460288548 2.17594182202464 2.52947785394394 2.21158929145784 2.20575780358225 2.2532118198029 2.52781045518913 2.75235068613995 4.87766121087674 4.87766121087674 4.87766121087674 4.87766121087674 4.87766121087674 4.87766121087674 4.87766121087674 4.87766121087674 4.87766121087674 4.87766121087674 4.87766121087674 4.87766121087674 4.87766121087674 4.87766121087674 4.87766121087674 4.87766121087674
3.32817803673085 3.32817803673085 3.32817803673085 3.32817803673085 1.83154506925772 2.23568606913655 2.15727186737562 2.39137801030789 2.14830635094698 2.2404754600162 2.39040722756968 2.3580663129257 2.19961374398096 2.16978818582818 2.18948105479191 2.33497586698508 2.16625197535592 2.335722548837 2.33389830715124 2.79522075628345 2.50654524488962 2.40306177947744 2.31773153988745 2.32068449619622 2.28893821530602 2.11333926671361 2.0340814139812 4.87766121087674 4.87766121087674 4.87766121087674 4.87766121087674 4.87766121087674 4.87766121087674 4.87766121087674 4.87766121087674 4.87766121087674 4.87766121087674 4.87766121087674 4.87766121087674 4.87766121087674 4.87766121087674 4.87766121087674 4.87766121087674 4.87766121087674 4.87766121087674 4.87766121087674
3.32817803673085 3.32817803673085 3.04304234658522 2.00032892211065 2.63660910669873 2.11367904893997 2.23439835440504 2.22963224579189 2.23510332169667 2.56972696118117 2.20501003503687 2.45397346443755 2.35948378054902 2.16480048958937 2.14440671394453 2.19161146623806 2.48565510839082 2.56194868003737 2.18335148934478 2.79522075628345 2.08336958931663 2.21948629072128 2.05615801517724 2.16304471936324 2.16514587399137 1.93602433667534 2.29256497969855 4.87766121087674 4.87766121087674 4.87766121087674 4.87766121087674 4.87766121087674 4.87766121087674 4.87766121087674 4.87766121087674 4.87766121087674 4.87766121087674 4.87766121087674 4.87766121087674 4.87766121087674 4.87766121087674 4.87766121087674 4.87766121087674 4.87766121087674 4.87766121087674 4.87766121087674
3.32817803673085 3.32817803673085 3.0390552505032 3.01320035457026 2.07185941653722 2.58382968959718 2.26935821072698 2.2272755223593 2.38152294397405 2.63552001076977 2.19276295237763 2.9721743788668 3.03607311624689 3.05807435406679 3.07809617152654 3.10080488387791 3.23939401441942 2.74801284236415 3.34675686558984 3.34675686558984 3.36600633568314 2.36695819311622 3.37375936080046 2.27703971936684 2.11898267198663 2.2728934606398 4.87766121087674 4.87766121087674 4.87766121087674 4.87766121087674 4.87766121087674 4.87766121087674 4.87766121087674 4.87766121087674 4.87766121087674 4.87766121087674 4.87766121087674 4.87766121087674 4.87766121087674 4.87766121087674 4.87766121087674 4.87766121087674 4.87766121087674 4.87766121087674 4.87766121087674 4.87766121087674
2.04283202828999 2.7396195713771 2.22317590827067 3.00504510980622 2.1217517959107 2.23555427994295 2.22912122263082 2.61311095036224 2.20128449367679 2.68997502343861 2.8663431454036 2.20209653375504 2.14712607230644 2.17860191653994 2.41832309416558 2.50421470566533 3.23939401441942 3.23939401441942 3.34675686558984 3.34675686558984 3.36600633568314 3.37375936080046 3.37375936080046 2.23948871506646 2.53527592346342 2.18648909829113 4.87766121087674 4.87766121087674 4.87766121087674 4.87766121087674 4.87766121087674 4.87766121087674 4.87766121087674 4.87766121087674 4.87766121087674 4.87766121087674 4.87766121087674 4.87766121087674 4.87766121087674 4.87766121087674 4.87766121087674 4.87766121087674 4.87766121087674 4.87766121087674 4.87766121087674 4.87766121087674
1.97389781823875 2.71106666416121 2.09257062398908 2.99451839506726 2.11380583624092 2.19754970864176 2.72816767023041 2.65555868863835 2.24768402844238 2.8281993701138 2.38306321573874 2.20480057774801 2.10634166881263 2.13039780530216 2.14175417141957 2.19670975055443 3.23939401441942 3.23939401441942 2.16723849389036 2.12173862061118 2.49082886681172 2.1500630528136 3.38003778735763 1.93198684948131 2.62235496928175 2.648467372951 4.87766121087674 4.87766121087674 4.87766121087674 4.87766121087674 4.87766121087674 4.87766121087674 4.87766121087674 4.87766121087674 4.87766121087674 4.87766121087674 4.87766121087674 4.87766121087674 4.87766121087674 4.87766121087674 4.87766121087674 4.87766121087674 4.87766121087674 4.87766121087674 4.87766121087674 4.87766121087674
1.95985709712879 2.70159678463806 1.98535853770669 2.03130256193032 2.97768329098206 2.78576721358633 2.76847097814822 2.19690955672727 2.22144832683626 2.26889849165317 2.27529486847615 2.12748175093354 2.31377614902548 2.0988792843853 2.15650605831738 2.34865716902248 2.33640311377711 2.17357514776498 2.20625975500695 2.30944389411675 2.43361685070241 2.20042416382389 2.13340929584269 3.38249335223288 3.4412412240799 3.44481241984979 4.87766121087674 4.87766121087674 4.87766121087674 4.87766121087674 4.87766121087674 4.87766121087674 4.87766121087674 4.87766121087674 4.87766121087674 4.87766121087674 4.87766121087674 4.87766121087674 4.87766121087674 4.87766121087674 4.87766121087674 4.87766121087674 4.87766121087674 4.87766121087674 4.87766121087674 4.87766121087674
