Archive - glowpa-model-master/Model input/Uganda/rivergeometry/river_flowvelocity_1sep.asc
NCOLS 67 
NROWS 67 
XLLCORNER 29.500000001 
YLLCORNER -1.499999999 
CELLSIZE 0.0833333332985075 
NODATA_value -9999 
[rows 0 to 19 of 67, columns 0 to 45 of 67]
-9999.000000000000000 -9999 -9999 -9999 -9999 -9999 -9999 -9999 -9999 -9999 -9999 -9999 -9999 -9999 -9999 -9999 -9999 -9999 -9999 -9999 -9999 -9999 -9999 -9999 -9999 -9999 -9999 -9999 -9999 -9999 -9999 2.22789359818574 2.2255459733928 -9999 -9999 -9999 -9999 -9999 -9999 -9999 -9999 -9999 -9999 -9999 -9999 -9999
-9999 -9999 -9999 -9999 -9999 -9999 -9999 -9999 -9999 -9999 -9999 -9999 -9999 -9999 -9999 -9999 -9999 -9999 -9999 -9999 -9999 -9999 -9999 -9999 -9999 -9999 -9999 -9999 -9999 2.24449100305733 2.37455794705721 2.20326171095112 2.47444876383114 2.2027131510291 2.21189936179719 2.20423737214831 2.32863993050496 2.30826739139771 2.16616859977297 2.20456458376732 -9999 -9999 -9999 -9999 -9999 -9999
-9999 -9999 -9999 -9999 -9999 -9999 -9999 -9999 -9999 -9999 -9999 -9999 -9999 -9999 -9999 -9999 -9999 -9999 -9999 -9999 -9999 -9999 -9999 -9999 -9999 -9999 -9999 -9999 -9999 2.60083398852297 2.16360881834215 2.53519644238077 3.11428080767833 3.08255734287636 2.19162822399398 3.00345595244479 2.95582468893945 2.86957594093247 2.66428207892543 2.51098583654304 2.21053105084357 2.28629990218729 2.31473812395288 -9999 -9999 -9999
-9999 -9999 -9999 -9999 -9999 -9999 -9999 -9999 -9999 -9999 -9999 -9999 -9999 -9999 -9999 -9999 -9999 -9999 -9999 -9999 -9999 -9999 -9999 -9999 -9999 2.2982889037154 -9999 -9999 -9999 2.64735808884831 2.14206246831835 3.17026311417099 2.18667568302774 2.18597301064341 3.06076043049599 2.39394400307257 2.25887201418715 2.27314590034574 2.51795496219761 2.34980869137216 2.29444020156494 2.34342747932499 2.55217583235196 -9999 -9999 -9999
-9999 -9999 -9999 -9999 -9999 -9999 -9999 -9999 -9999 -9999 -9999 -9999 -9999 -9999 -9999 -9999 -9999 -9999 -9999 -9999 -9999 -9999 2.29117362996708 -9999 -9999 2.45247421310712 -9999 -9999 -9999 5.17897535191723 4.12110491757045 4.07966470544645 2.5764166923299 2.48380346580654 2.31550097158644 2.20678651509349 2.28347912931673 2.55762786215246 2.44938516709548 2.29258704570352 2.58187270312066 2.26765444678084 2.66449258346451 2.19823743202278 -9999 -9999
-9999 -9999 -9999 -9999 -9999 -9999 -9999 -9999 -9999 -9999 -9999 -9999 -9999 -9999 -9999 -9999 -9999 -9999 -9999 -9999 -9999 2.46258139147657 2.56728666711234 2.44750722483088 2.54458385439984 2.24395439343333 5.1049152308379 5.1049152308379 5.11982500371558 5.11982500371558 2.19937393723996 4.07341668744668 3.2378583695165 3.19946640083651 2.31775371866133 2.78264913545845 2.72917503996632 2.4121913034256 2.31080338926708 2.30003554273685 2.26441392308794 2.69631953850963 2.73786439391094 2.20746957605532 -9999 -9999
-9999 -9999 -9999 -9999 -9999 -9999 -9999 -9999 -9999 -9999 -9999 -9999 -9999 -9999 -9999 -9999 -9999 -9999 -9999 2.36514150625805 2.8938232247712 2.95103066414214 3.09618967765191 3.15370956177907 2.72658331881693 2.14227293690205 5.1049152308379 5.1049152308379 5.11982500371558 5.11982500371558 3.51319396338656 2.22383674584225 4.02555196954567 2.51527591594535 3.18468686166955 2.9606037808221 2.92161956029569 2.73539747324784 2.31378795374913 2.46539601213838 2.55348783119303 2.78901050164167 2.98541859263196 2.16143624779237 -9999 -9999
-9999 -9999 -9999 -9999 -9999 -9999 -9999 -9999 -9999 -9999 -9999 -9999 -9999 -9999 -9999 -9999 -9999 2.52452736303378 2.64002815407845 2.77690932371027 2.30924709175333 2.45156718292689 2.46472617870417 3.16192040222697 2.15703543208838 2.77540825502415 5.10457841732061 2.28321232958966 2.61498375054966 2.68854779417775 3.28538582099984 3.24114683172371 4.02328489541439 2.27768620301299 2.40796430928162 2.60471239324638 2.59306156491169 2.41953729701905 2.2866611677276 2.26255881465833 2.67322948216243 2.20157549761932 3.03055441240147 2.1935562639857 2.17027453780074 -9999
-9999 -9999 -9999 -9999 -9999 -9999 -9999 -9999 -9999 -9999 -9999 -9999 -9999 -9999 -9999 -9999 -9999 2.52386612119434 2.36027390049873 2.32746513047838 2.31830507897006 2.55587085998032 2.63025863106018 3.2557262197396 3.27189065263002 5.10334372663174 2.35258636239393 2.36494404113431 2.53294249471192 2.6459177168117 3.27212872047302 3.2248145876461 2.4074553052454 4.0196648685311 2.54891255288924 2.43260738384912 2.43964913278102 2.43563258792841 2.45290516705601 2.26338649862537 2.23219788953666 3.47091017959726 2.20163685140185 2.44887153879883 2.1907523255864 2.15756679900208
-9999 -9999 -9999 -9999 -9999 -9999 -9999 -9999 -9999 -9999 -9999 -9999 -9999 -9999 -9999 -9999 -9999 2.65559024422582 2.7289987743629 2.87445088830108 2.4602031179802 2.64363023885679 2.62112214053461 2.25076609862088 5.0954221667238 2.39325693622764 2.71213718807742 2.30424371554694 2.54365237579406 2.93915270617316 3.2110926849301 2.41005565443571 3.18646317677458 4.01745883542901 4.01033733795828 2.31503531521189 2.44156045015452 2.80290039137992 2.39949940777441 2.45347087549492 3.49800945571087 3.47628516795898 3.30468161696849 2.5451654646521 2.18495333869099 3.16196344865986
-9999 -9999 -9999 -9999 -9999 -9999 -9999 -9999 -9999 -9999 -9999 -9999 -9999 -9999 -9999 -9999 2.40018059435542 2.5684102552766 2.9663143704291 3.1580539513634 3.25011014559461 3.25958113575207 3.32671953867016 2.72431199718101 5.09539594181619 2.94896555793136 2.42205359986152 2.42008652944401 2.62846800329463 2.75534617005852 2.96472973648269 2.42944818368813 3.14056802689383 2.42753798336219 2.32725703936857 4.00617042068641 2.84229275473665 2.43436348002188 3.55128498222131 3.54483445767993 2.43062573336777 2.26316815680959 2.24318770104088 3.25842365895591 3.20348007474761 2.22458952519406
-9999 -9999 -9999 -9999 -9999 -9999 -9999 -9999 -9999 -9999 -9999 -9999 -9999 -9999 -9999 -9999 2.38270269564436 2.83744751063187 2.37669812940745 2.55474134133007 2.50433858203122 2.28833313320077 2.29273242465217 5.09144094875291 2.48824598177435 2.90058213381159 2.83518665462717 2.44979242037115 2.46299948496439 2.66337914611158 2.85985349121687 2.92020121298111 3.08360143876202 2.43951322319639 2.46640957898394 3.78960253209965 3.61601048667884 3.61068331585408 2.90129519014585 2.28766439573876 2.67852212546865 2.61133011591378 2.24295742398295 2.6222307299359 2.22984188447362 2.23411652300064
-9999 -9999 -9999 -9999 -9999 -9999 -9999 -9999 -9999 -9999 -9999 -9999 -9999 -9999 -9999 2.34882198468874 2.69505380298861 2.42055314659847 2.5794817924411 2.86603981844341 2.37327616025906 2.52547561571224 5.08318984191372 5.08318984191372 2.45188270479454 2.47144138786434 2.46710092989434 2.47335026986025 2.47198357411109 2.58182960994608 2.48151637905089 2.68076301237713 2.98617448200284 2.30980747008273 2.33998666084402 2.70135051094333 3.76550201510636 2.27519186966965 2.43529001175839 2.79740070712031 2.29263228999825 2.44018457008833 2.25934656832661 2.50047094521383 2.19065069236131 2.12361156483902
-9999 -9999 -9999 -9999 -9999 -9999 -9999 -9999 -9999 -9999 -9999 -9999 -9999 -9999 -9999 -9999 2.44730331526839 2.41059612456876 2.5855042896287 2.50934177682439 2.89184275683212 2.2466118069015 5.08318984191372 5.08318984191372 2.65718302191223 2.48447514036917 2.68197573939945 2.50082056733708 2.48954427208144 2.30215655208991 2.32654284478019 2.54119024583526 2.96079928121776 2.66035683699102 2.33681530283162 2.35762514053858 3.7615275696142 2.32129801384158 2.31276055919728 2.75404812539138 2.4339674598396 2.29030993505147 2.27286177443884 2.41407446649217 2.19501327142309 2.54342805069738
-9999 -9999 -9999 -9999 -9999 -9999 -9999 -9999 -9999 -9999 -9999 -9999 -9999 -9999 -9999 -9999 -9999 2.3902266769533 2.64607413650662 2.82626941203161 2.85051126321002 3.11197685786757 5.0788406310628 2.75446997963982 2.65512152570828 2.78727306986517 2.48445053609482 2.74533259507703 2.35654837317278 2.33968507978916 2.35805076644329 2.37554753288553 2.78790162847026 2.55873158561892 2.38699087877615 2.37234210900695 2.77553870399311 3.73288832814074 2.37108020352205 2.34363738546407 3.34730239057012 2.26259515050127 2.49528816674249 2.33325740668628 3.2542766861326 2.54544776571256
-9999 -9999 -9999 -9999 -9999 -9999 -9999 -9999 -9999 -9999 -9999 -9999 -9999 -9999 -9999 -9999 2.47179569241644 2.60140741209497 2.4269678642153 2.63132610953292 2.68831799688984 2.71665126781968 5.0732859362103 2.37117018947575 3.15230611826606 3.12606576884207 2.9007726922246 2.4784606915344 2.2938168381269 2.60759668653036 2.61138836939432 2.33693389819822 2.38590851431874 2.64467647092045 2.47510931589675 2.55296150282618 2.64143273208713 2.61999095047397 3.71085799952453 3.382987623628 2.57192596636113 3.33870398198267 3.29896757632535 3.27894154351768 2.31631084380634 3.20218638903249
-9999 -9999 -9999 -9999 -9999 -9999 -9999 -9999 -9999 -9999 -9999 -9999 -9999 -9999 -9999 -9999 2.45678774491846 2.88348714628705 3.01458213653699 2.4451379517793 3.27353946368845 3.36469556120267 3.36568560604026 5.07338290880888 2.37543142003061 2.42344991199514 2.44061331817568 2.45594117524467 2.89852974692393 2.83649447426507 2.31262604777689 2.33283817794307 2.46242937710936 2.41970508789302 2.58112161037276 2.38210333278816 2.36053232254099 2.31512819845178 2.72464231313116 3.48226350357359 2.31841501000927 2.41888033518839 2.22998910778058 2.21084632466115 2.20619547606449 2.34778396635362
-9999 -9999 -9999 -9999 -9999 -9999 -9999 -9999 -9999 -9999 -9999 -9999 -9999 -9999 -9999 2.42484449687659 2.76248404833826 2.33221215044441 2.9974703582069 3.24466393221108 2.89376263807107 2.25905489067953 2.29022652538893 5.05867107965942 3.18349475834562 3.1223271858881 3.06666448969072 2.99425721474347 2.9511071311936 2.27195160583541 2.50842215379366 2.36203532964177 2.34190821334342 2.83004887051809 2.34475275074244 2.53047104615807 2.32891424036068 2.58336480455896 2.65820303070781 3.47485731752056 3.46885928405708 2.19710291466111 2.21261294781389 2.22955054960423 2.35676829285423 2.18977542408365
-9999 -9999 -9999 -9999 -9999 -9999 -9999 -9999 -9999 -9999 -9999 -9999 -9999 -9999 -9999 2.33432367019129 2.66993656299267 2.32395820601793 2.90492989722953 2.51802171818625 2.86703839861849 2.26652269131415 2.52536860182949 5.05870664323968 2.33109757599901 2.36986998180928 2.39968648862638 2.52893935974523 2.2576003643995 2.26694724186133 2.68844938854207 2.34480410731328 2.36319380106442 2.53807762002525 2.9784477827436 2.34144911056721 2.36070689311778 2.31352147138666 2.29914627240362 2.47245682464594 2.75153033744488 3.4107159000375 2.16759400709088 2.60630302640131 2.46921880474792 2.17805871769221
-9999 -9999 -9999 -9999 -9999 -9999 -9999 -9999 -9999 -9999 -9999 -9999 -9999 -9999 -9999 2.29392571264692 2.70676822445721 2.87065390611777 2.30692718184333 2.66848048705147 2.28197656825803 2.21831873188625 2.24891717602479 2.29674972256053 5.05260309073416 2.31129945731169 2.79602029655547 2.38895593953283 2.25415902297386 2.96579828948727 2.75077821820525 2.6476315607906 2.44254396670086 2.6580828405177 3.09341561373555 2.55792590365178 2.56539797351374 2.47839231183884 2.29968109049743 2.28789671548771 2.51816489120554 2.36990329634945 3.39432566263832 3.31126172979714 2.44129977585993 2.1663236001602
