Archive - glowpa-model-master/Model input/Uganda/rivergeometry/river_flowvelocity_1oct.asc
NCOLS 67 
NROWS 67 
XLLCORNER 29.500000001 
YLLCORNER -1.499999999 
CELLSIZE 0.0833333332985075 
NODATA_value -9999 
[rows 0 to 19 of 67, columns 0 to 45 of 67]
-9999.000000000000000 -9999 -9999 -9999 -9999 -9999 -9999 -9999 -9999 -9999 -9999 -9999 -9999 -9999 -9999 -9999 -9999 -9999 -9999 -9999 -9999 -9999 -9999 -9999 -9999 -9999 -9999 -9999 -9999 -9999 -9999 2.22826628537888 2.2263335678161 -9999 -9999 -9999 -9999 -9999 -9999 -9999 -9999 -9999 -9999 -9999 -9999 -9999
-9999 -9999 -9999 -9999 -9999 -9999 -9999 -9999 -9999 -9999 -9999 -9999 -9999 -9999 -9999 -9999 -9999 -9999 -9999 -9999 -9999 -9999 -9999 -9999 -9999 -9999 -9999 -9999 -9999 2.24512320411766 2.37573353975301 2.20611728885653 2.47766359788689 2.20932889345089 2.21620230732657 2.21114545370384 2.33345030834403 2.30352186465144 2.15444364328429 2.18784134240844 -9999 -9999 -9999 -9999 -9999 -9999
-9999 -9999 -9999 -9999 -9999 -9999 -9999 -9999 -9999 -9999 -9999 -9999 -9999 -9999 -9999 -9999 -9999 -9999 -9999 -9999 -9999 -9999 -9999 -9999 -9999 -9999 -9999 -9999 -9999 2.6014054019215 2.16597420391649 2.54025204813813 3.1140131190573 3.08122273071448 2.19842709080582 2.99941388231859 2.95001824465859 2.86157905441494 2.65422106314158 2.50037798717705 2.19880312582392 2.27373458996843 2.28282571149034 -9999 -9999 -9999
-9999 -9999 -9999 -9999 -9999 -9999 -9999 -9999 -9999 -9999 -9999 -9999 -9999 -9999 -9999 -9999 -9999 -9999 -9999 -9999 -9999 -9999 -9999 -9999 -9999 2.30678208155097 -9999 -9999 -9999 2.64893240564212 2.15071317800851 3.17137069285192 2.19784539059495 2.19538990465681 3.05869788274738 2.3994873089917 2.26210138433877 2.26953286031299 2.51073880809655 2.33975888122322 2.27621201934553 2.31512545597677 2.52326343930909 -9999 -9999 -9999
-9999 -9999 -9999 -9999 -9999 -9999 -9999 -9999 -9999 -9999 -9999 -9999 -9999 -9999 -9999 -9999 -9999 -9999 -9999 -9999 -9999 -9999 2.30989261003075 -9999 -9999 2.46284118825686 -9999 -9999 -9999 5.18729470217162 4.10471426466263 4.06210274044275 2.58606299214662 2.49259994948397 2.32336864657347 2.21281676512591 2.27837084738569 2.52678678090749 2.41611305910635 2.25921266210127 2.54992794339157 2.22274949818307 2.63584288549007 2.19033805902393 -9999 -9999
-9999 -9999 -9999 -9999 -9999 -9999 -9999 -9999 -9999 -9999 -9999 -9999 -9999 -9999 -9999 -9999 -9999 -9999 -9999 -9999 -9999 2.48637561137071 2.59214658888409 2.4745135655592 2.55778363259123 2.26151114517798 5.11622568060759 5.11622568060759 5.13174269447662 5.13174269447662 2.21146036499201 4.05599653742541 3.22760758229682 3.18765909143794 2.32444901023207 2.76588681086267 2.70886453594765 2.39624591970148 2.28047072110002 2.26651822474506 2.2423742747902 2.6586551017636 2.70982386021868 2.19978271283816 -9999 -9999
-9999 -9999 -9999 -9999 -9999 -9999 -9999 -9999 -9999 -9999 -9999 -9999 -9999 -9999 -9999 -9999 -9999 -9999 -9999 2.38772126058583 2.92269658705167 2.98105049554291 3.12735814044589 3.18594627545855 2.74371894801023 2.14554879341896 5.11622568060759 5.11622568060759 5.13174269447662 5.13174269447662 3.53664137112229 2.23550669316206 4.00840072868527 2.52477996459246 3.17265712587193 2.9473149210648 2.90637997082915 2.713561846456 2.29015727712525 2.4362272153265 2.5268391279135 2.75578450294576 2.95339509297985 2.1491078666843 -9999 -9999
-9999 -9999 -9999 -9999 -9999 -9999 -9999 -9999 -9999 -9999 -9999 -9999 -9999 -9999 -9999 -9999 -9999 2.54364707460993 2.66405086808798 2.80365281747262 2.33399527352136 2.48273392580671 2.49728657182969 3.19327780963691 2.13607464916165 2.79396607753914 5.11596269736868 2.30228550740481 2.63928434826166 2.70969974759215 3.31067333022438 3.25899872437873 4.00657196437215 2.28374933765097 2.41917127059205 2.60556997749613 2.58778524759493 2.41081920451514 2.27381557927931 2.24976444590644 2.6506303266225 2.19958984265918 3.00038895114814 2.18182355935579 2.15928447561864 -9999
-9999 -9999 -9999 -9999 -9999 -9999 -9999 -9999 -9999 -9999 -9999 -9999 -9999 -9999 -9999 -9999 -9999 2.54624593799387 2.38961788995306 2.35742165061528 2.34465521337482 2.58529391561009 2.66582771175118 3.28929443501974 3.30446652218458 5.11498108874011 2.38361137345571 2.39046668960636 2.55924789545158 2.67065801169172 3.29853477819253 3.24363318057142 2.42443378589397 4.00329465478942 2.55578262762903 2.44125237805646 2.43797165402247 2.42846190309069 2.43946361689036 2.25128663969582 2.22789164588317 3.44514572589829 2.19883685734996 2.43705447250192 2.18061291813565 2.15406773791394
-9999 -9999 -9999 -9999 -9999 -9999 -9999 -9999 -9999 -9999 -9999 -9999 -9999 -9999 -9999 -9999 -9999 2.68347681675282 2.75920010337783 2.9079081605523 2.48917182293248 2.67532277656801 2.64312573158869 2.20537882898239 5.10696675000782 2.41949708693497 2.73199876576041 2.32410848100756 2.56744308068981 2.96460126452571 3.23672843528612 2.42886805982795 3.20490179111585 4.00152880868129 3.99442850882582 2.31533016277339 2.44661366969212 2.79557432903105 2.39686129899566 2.44645843654382 3.47232271050801 3.45027614967994 3.28320264941727 2.53678526257293 2.18624679633557 3.13867864639638
-9999 -9999 -9999 -9999 -9999 -9999 -9999 -9999 -9999 -9999 -9999 -9999 -9999 -9999 -9999 -9999 2.44084038991366 2.60989442154226 3.00727663529893 3.19870175247274 3.28977639221687 3.2980681692445 3.36335842126741 2.72153989560309 5.10738980957182 2.97950606407649 2.44783750628344 2.44554046062051 2.65336524790421 2.77805876064335 2.98723914689538 2.44963166869265 3.15880444060125 2.44334130252761 2.33167712817301 3.99047888573844 2.83564561934284 2.43321767820277 3.52640880526002 3.52006702309357 2.42428875494401 2.25695182125509 2.23834120916834 3.23632986761311 3.18124912937171 2.21134797222286
-9999 -9999 -9999 -9999 -9999 -9999 -9999 -9999 -9999 -9999 -9999 -9999 -9999 -9999 -9999 -9999 2.41696395114441 2.87434388431678 2.40498897605248 2.58258692173814 2.52632563353969 2.28591135204447 2.22878317494056 5.10363687864016 2.50479503477304 2.93086510277851 2.86480593889112 2.47298691250236 2.48648301597008 2.68430348563 2.88033051583438 2.94195904439277 3.10094098112522 2.45783467405989 2.48334992323788 3.78070153918639 3.59236223348822 3.58730968618214 2.89320245176334 2.28542370181056 2.66475115702702 2.59730047965449 2.22972341753547 2.61021797494384 2.22415089752785 2.22278624318121
-9999 -9999 -9999 -9999 -9999 -9999 -9999 -9999 -9999 -9999 -9999 -9999 -9999 -9999 -9999 2.36592175609664 2.72581210684632 2.44743654216723 2.60464708459376 2.89034518016264 2.36707334949494 2.50611067976 5.09525335664411 5.09525335664411 2.48158441364553 2.50089608525986 2.49509129657533 2.49830647661706 2.492786307467 2.60218746639567 2.49467410892779 2.6996504151065 3.00163163409498 2.32011700313331 2.3495397121664 2.70986017333559 3.7553671962114 2.27299518964858 2.43233718743661 2.78702238908656 2.28708493499345 2.42686331528093 2.24667136432568 2.48795535308615 2.18400712300946 2.10662280372904
-9999 -9999 -9999 -9999 -9999 -9999 -9999 -9999 -9999 -9999 -9999 -9999 -9999 -9999 -9999 -9999 2.47318167767664 2.42678868035222 2.60579903974244 2.53127834090968 2.91371889067823 2.23696486504913 5.09525335664411 5.09525335664411 2.69078265239545 2.51452572556757 2.70707203028321 2.52349068905042 2.50423077258268 2.31691376746186 2.3376179821325 2.55718250245684 2.9767169917886 2.67519967033211 2.34284454211587 2.36576118752953 3.75156261987317 2.31860432459518 2.3095889402496 2.74367896099213 2.42256323706435 2.27923146464353 2.26073192913063 2.40118846053178 2.18876735829498 2.52773535496603
-9999 -9999 -9999 -9999 -9999 -9999 -9999 -9999 -9999 -9999 -9999 -9999 -9999 -9999 -9999 -9999 -9999 2.40425200670716 2.66450932323916 2.84890684162706 2.87210208853801 3.13611570295831 5.09076898814759 2.7899570745814 2.68917027221477 2.81614647428226 2.5122581585484 2.76369598504623 2.37659286631479 2.35433764331637 2.36924074750568 2.39036222360276 2.80320913473206 2.57234610117099 2.4005123625893 2.38053432673181 2.78317895643818 3.72172426706023 2.36873994380671 2.33246349569926 3.33562028949675 2.26246897798958 2.49689173950615 2.33550947261126 3.24236353672083 2.54042170206818
-9999 -9999 -9999 -9999 -9999 -9999 -9999 -9999 -9999 -9999 -9999 -9999 -9999 -9999 -9999 -9999 2.48543117758618 2.61436651991183 2.43926848656093 2.64752743480335 2.70172677117745 2.73160635716313 5.08527283329881 2.39505330188567 3.17978618439728 3.15707962033555 2.92575571326813 2.50571326099028 2.31099615728469 2.62153178185249 2.62236232191087 2.34686778738719 2.39788409107486 2.66070614865432 2.48848427847808 2.56244691160897 2.64893995227055 2.62239072427908 3.69911069862621 3.36992904918795 2.55784513412462 3.32760151617138 3.28706062883116 3.26735045801915 2.31903356018548 3.19091356381385
-9999 -9999 -9999 -9999 -9999 -9999 -9999 -9999 -9999 -9999 -9999 -9999 -9999 -9999 -9999 -9999 2.46536286781317 2.89454794232493 3.02735451227045 2.4574426780515 3.28831922675231 3.37905613982695 3.38016866931618 5.08573959199452 2.40945220040273 2.46400307672397 2.47766389739906 2.48686751952682 2.91289986326895 2.84996778236936 2.32180509466588 2.33548261042023 2.47208826671374 2.4328366254299 2.59072966979674 2.39120282889767 2.36466099360782 2.31450899270707 2.72058610974321 3.47270126202563 2.29360574856116 2.39926966834058 2.21438083694964 2.1928861215812 2.19326614922286 2.33525719809403
-9999 -9999 -9999 -9999 -9999 -9999 -9999 -9999 -9999 -9999 -9999 -9999 -9999 -9999 -9999 2.43385698357312 2.77326938600972 2.34250420838834 3.01055280107027 3.2587209311316 2.90312928926133 2.27822537207689 2.3113803560369 5.07083609057559 3.21631465534269 3.15005595858957 3.0900218779993 3.01222820294157 2.96569443325882 2.28461762359409 2.51512311216149 2.37195463388701 2.34638607975709 2.8376959851454 2.34709949305057 2.53394650032919 2.3303068393156 2.58144294705996 2.6547176340298 3.46552772893468 3.45954579667079 2.19946574901669 2.20253641070528 2.21099385391846 2.33594905608059 2.17253530694031
-9999 -9999 -9999 -9999 -9999 -9999 -9999 -9999 -9999 -9999 -9999 -9999 -9999 -9999 -9999 2.3443347923652 2.68043149791537 2.3323398044024 2.91799556593381 2.52405137337409 2.87504785150443 2.28562189530001 2.55014065484309 5.07105527163302 2.37466837623595 2.41074386296613 2.43988527784511 2.55882250047425 2.27613206951665 2.27943435110065 2.69709007222837 2.35697269100861 2.37333343535754 2.54704731546476 2.9835749634505 2.34460098137581 2.36259116841853 2.31237507575458 2.29566549388789 2.46821965414815 2.7494360179592 3.40149336063756 2.1691141728702 2.5901530320978 2.45143933564954 2.15937105128176
-9999 -9999 -9999 -9999 -9999 -9999 -9999 -9999 -9999 -9999 -9999 -9999 -9999 -9999 -9999 2.30387604634621 2.71994127656323 2.88396027337061 2.3114718865952 2.67465491903847 2.29138454474101 2.23383522423068 2.2631621487662 2.3211623546258 5.06472239270418 2.36802589672963 2.83727992860939 2.42554773457724 2.27703109447474 2.97805669354769 2.76394704663871 2.65958376610244 2.454227262679 2.66734737199295 3.09953713907876 2.56418289626066 2.56911161899795 2.46664531472538 2.29024694860953 2.28208709552474 2.51693050413263 2.37150930450572 3.38473838631652 3.30106853751244 2.43408357538469 2.16328688735093
