Archive - glowpa-model-master/Model input/Uganda/rivergeometry/river_width_1may.asc
NCOLS 67 
NROWS 67 
XLLCORNER 29.500000001 
YLLCORNER -1.499999999 
CELLSIZE 0.0833333332985075 
NODATA_value -9999 
[rows 40 to 59 of 67, columns 0 to 45 of 67]
0.659358481046101 0.522243028159318 11.1317213264015 11.2373187407326 0.347202716240526 2.30673920096751 0.62531772920101 0.834090845866328 0.909226095136954 0.839180765575786 0.765564377424925 1.14211811585226 1.07072051278021 2.03045659335164 1.10754794964105 3.77854170964496 2.77501681763045 3.71397559665251 1.25994794099121 1.25058703792666 1.17959629261297 1.69583693450244 1.14783164838193 1.02051916365626 1.08084493223463 0.961187594482979 1.19630304000666 1.37512011720935 0.88195220518444 0.565180244257599 1.05026071412084 0.794111435730283 5.9112825315387 1.8127451753812 1.24133547018214 2.4548838488004 0.911989070418551 0.86328495170069 0.861018741825795 3.4044762950921 3.87860410633118 0.89537247099492 63.2901731809297 1.65397951441459 2.54711633012812 1.08116168322039
0.731650361984401 1.10747739228527 10.9309831812868 1.8081318569686 1.74112605013774 1.95547865521768 0.950416343311474 0.875994816532378 0.990161424964232 2.00495039563501 2.38008476863243 0.907695274225747 1.10352028127058 1.12531132047368 1.5896221573939 2.77234631472701 1.08723648941925 2.46075223712047 3.47096774856414 2.91059636483084 1.95753899447675 1.6871879098273 1.11526189927614 1.58252795706064 1.50780240683733 1.15077376336555 0.56021725317514 0.758446172410957 0.704936207334332 0.761588414219942 0.987447066531163 1.8826999588768 5.37665012050266 1.00850595776702 0.985843584585868 0.963621899102284 1.35393275706868 0.843457391477874 2.87764542794191 1.25633820980717 3.57074132168984 1.95375193790824 63.3074115252698 1.17361690457889 2.23022519319331 0.99692462074066
0.406849505275637 0.579209332631452 10.6122875667291 0.533658032968067 1.62274689837654 1.56949475433561 0.812047159035308 1.35199776297204 1.72265221358466 0.874704195397827 0.974391103965814 2.81797504205815 1.35937371656329 0.91214450916008 1.03712662946362 1.07873165202978 1.753493963393 1.40258335568654 1.46777296089804 1.06225061885214 0.98134971179904 0.98240328255571 1.07245148065721 2.00547353826641 0.915902269501809 2.7800496044548 1.0907802975249 1.4033307702247 0.847703259824994 0.844183279422664 1.31270879294601 0.848953794377658 5.09210924171497 3.26266511976281 1.77817467388947 0.969747123822444 0.909957853993843 0.813604110456694 2.52208044351458 0.842650169497257 2.64781319227118 1.65881125618126 63.3199836550808 63.325453077525 0.979579926398204 1.50047701141476
10.1388958822093 10.5927047608047 0.642382272265124 1.02688637137779 1.24588152853045 1.139727188053 0.840997669323359 1.31812566722664 1.9651726408235 1.06482656632432 1.36752547526129 3.01441500718404 3.55175951040812 0.822171652992 0.847471063323527 1.04907761555117 0.991619797137264 0.750685847261687 0.924247745101424 1.08351019679802 1.0566206527668 1.4796295606851 2.85287090650682 0.928042836359073 0.936051614187839 3.0066396051731 0.967754373812148 0.978889482762103 2.43790093416969 4.02876563006693 1.26818640558465 0.690185981491058 3.48540319033095 0.890090179319513 2.14496846285361 1.87350601641374 0.90480408861172 1.88524548784989 0.852664704026293 0.875591758836708 2.45115399656862 1.35926771941548 0.533289292827013 63.3316608650827 1.17634759169982 1.25070665151087
10.1110566001447 2.28454502747613 2.15246155181831 1.65209116826427 1.44300507204554 1.28307339712852 0.669254593095574 0.991083978270189 1.463243519146 2.43566919101198 2.10154828529686 0.85455456915648 4.09292151951745 1.52549528440653 1.53196413906081 1.03156585934944 1.04404215563672 1.10191463304649 1.32155518653467 1.68981877295235 1.44680408333656 3.47660137843192 0.891581532596337 1.4717164111982 3.6862029942789 1.55000900022958 1.19956983906621 6.25550524309153 2.87406947745009 4.02876563006693 0.954775789194259 0.770215459099993 1.41865474039088 2.74858131424881 2.26989437321605 0.922544818428962 1.18801451798625 1.59156837435761 0.99211151020813 1.20990380372264 1.98844081142915 1.03509943757585 63.3144349455536 63.3144349455536 63.3144349455536 63.3144349455536
10.0189549399114 1.36892107474518 1.21828317921084 1.07883510066603 1.98110210413775 1.16540039350387 1.65751841476525 1.94217345931952 1.14841413352662 3.00902167888831 2.31066737579883 0.754621426082571 4.21318580141765 0.980264632795574 2.23118224239818 0.998960399700454 2.24162081143987 0.999707514172547 1.10274455254839 2.53127869791547 1.89711721915743 3.83765845175119 4.72446789961035 4.17490766093848 1.13047446362427 1.15389430467668 1.28079777243751 6.25550524309153 4.02876563006693 4.02876563006693 1.46082363077532 0.796247260043195 0.981319515374071 0.944931973378114 0.758368554495786 1.71344659027606 1.33617521789219 63.3144349455536 63.3144349455536 0.683708052565164 1.02956654183432 0.694608781508761 63.3144349455536 63.3144349455536 63.3144349455536 63.3144349455536
2.32478841572426 9.81344577541409 0.830178388608728 1.00824480949961 2.35901379107903 0.874844090218087 1.83199247968448 1.97046425880111 9.91434896618527 4.4725235037331 2.68411070737364 0.832674920004545 4.32933439619184 2.75376221977337 3.01129153681373 3.46064846707202 5.40319349764774 5.58964939896093 7.62201828655667 8.89987144300529 9.04461088348203 12.9914491211474 13.1508386039616 1.07201570372259 1.37625538098555 1.44264367706536 6.51681243798248 1.08853265519693 1.00037023675499 1.15802259235017 0.781350524461253 0.79170921818968 0.793950679265834 1.18103872725613 63.3144349455536 63.3144349455536 63.3144349455536 63.3144349455536 63.3144349455536 63.3144349455536 63.3144349455536 63.3144349455536 63.3144349455536 63.3144349455536 63.3144349455536 63.3144349455536
0.623496811972212 9.30393370395326 1.39270994098964 1.02243437544139 1.10517669809981 2.97463797314497 9.91434896618527 9.91434896618527 9.91434896618527 9.91434896618527 7.9120833626669 7.83584883446817 5.68136778545094 5.58246966450861 0.789647796070294 0.747946828773367 2.70675486149372 1.08871819663545 4.38459347148468 1.73094119027436 4.85630509333345 1.1161050872422 1.95290645634953 13.8294500764661 2.07801630706885 6.72822054015078 1.22017618115285 1.20499877065606 1.18755289621305 0.802287190236551 0.759432191767703 1.17541108295871 63.3144349455536 63.3144349455536 63.3144349455536 63.3144349455536 63.3144349455536 63.3144349455536 63.3144349455536 63.3144349455536 63.3144349455536 63.3144349455536 63.3144349455536 63.3144349455536 63.3144349455536 63.3144349455536
1.09293496842232 9.27708018299306 9.1316318023926 9.1316318023926 3.1539219612847 0.611176823816599 9.91434896618527 9.91434896618527 9.91434896618527 9.91434896618527 0.824608665330361 1.86979304428217 0.771021531033607 2.70061603662259 4.47459315599351 2.45192984421356 1.78817337768058 0.943674625783895 4.21719639816071 1.10699363035313 4.10333657730836 1.82504159917636 1.36094773654906 1.28203823825286 16.301460747509 18.4567753949957 18.6215001913074 18.8598822941462 19.0977934305376 1.19930959157533 63.3144349455536 63.3144349455536 63.3144349455536 63.3144349455536 63.3144349455536 63.3144349455536 63.3144349455536 63.3144349455536 63.3144349455536 63.3144349455536 63.3144349455536 63.3144349455536 63.3144349455536 63.3144349455536 63.3144349455536 63.3144349455536
9.1316318023926 9.1316318023926 9.1316318023926 9.1316318023926 9.1316318023926 0.329198690168145 0.456065186204903 0.699805182195695 9.91434896618527 9.91434896618527 1.27790217971854 0.852566250728969 2.17618953834659 0.810332775096695 3.43170737701558 2.12575086415907 0.76941435527382 1.51860751039197 3.96855047162309 3.65305877075334 1.20685583177231 3.58749074727087 1.27602393794236 1.37403503360066 6.41813764809312 1.06840017514471 2.79041453764097 1.02225965424374 63.3144349455536 63.3144349455536 63.3144349455536 63.3144349455536 63.3144349455536 63.3144349455536 63.3144349455536 63.3144349455536 63.3144349455536 63.3144349455536 63.3144349455536 63.3144349455536 63.3144349455536 63.3144349455536 63.3144349455536 63.3144349455536 63.3144349455536 63.3144349455536
9.1316318023926 9.1316318023926 9.1316318023926 9.1316318023926 9.1316318023926 0.314181770171524 10.4762781122671 9.98237184609492 9.91434896618527 0.618411396308648 0.880069674574524 0.770590649061136 1.92451066155687 0.79330277434015 3.30489865062157 1.76729138760697 0.698846007646159 1.08567007146367 0.850273037273499 3.37008782407245 1.19982162754388 3.29815270643748 1.31937360620898 1.34414303262336 5.96897821898748 0.769900143939152 2.70115507969505 0.74114568031298 63.3144349455536 63.3144349455536 63.3144349455536 63.3144349455536 63.3144349455536 63.3144349455536 63.3144349455536 63.3144349455536 63.3144349455536 63.3144349455536 63.3144349455536 63.3144349455536 63.3144349455536 63.3144349455536 63.3144349455536 63.3144349455536 63.3144349455536 63.3144349455536
9.1316318023926 9.1316318023926 9.1316318023926 9.1316318023926 9.1316318023926 10.5010310348577 0.466866472473377 2.4687938270725 0.604976014298987 1.31288165378318 0.602567943224788 1.15018743225143 0.876741651828648 0.846307966521966 2.87989842532333 0.529708273834669 1.44717398680282 0.696256077399516 1.24386946109196 2.32352538262081 1.30481062800028 2.01130413297953 1.43021036623048 1.50359449112247 5.71963770878754 0.701825629356939 2.05270163180267 0.802589404217392 63.3144349455536 63.3144349455536 63.3144349455536 63.3144349455536 63.3144349455536 63.3144349455536 63.3144349455536 63.3144349455536 63.3144349455536 63.3144349455536 63.3144349455536 63.3144349455536 63.3144349455536 63.3144349455536 63.3144349455536 63.3144349455536 63.3144349455536 63.3144349455536
9.1316318023926 9.1316318023926 9.1316318023926 9.1316318023926 9.1316318023926 0.572510823994558 0.289469033786097 2.23911000915191 0.803091810557834 0.362532378612861 0.790159311301624 0.36371225657965 0.900950145280085 1.48005961388391 1.55457390521877 1.32943180848922 0.711754236904985 0.671621836051038 0.792769075716556 1.24679153032516 1.41413218069628 1.36466692507176 1.38162305289622 3.02965976347183 4.82351445149091 1.65583704827643 1.2832820299877 0.87687207082406 1.12393529558313 1.58833877477329 63.3144349455536 63.3144349455536 63.3144349455536 63.3144349455536 63.3144349455536 63.3144349455536 63.3144349455536 63.3144349455536 63.3144349455536 63.3144349455536 63.3144349455536 63.3144349455536 63.3144349455536 63.3144349455536 63.3144349455536 63.3144349455536
9.1316318023926 9.1316318023926 9.1316318023926 9.1316318023926 9.1316318023926 0.231992228661002 0.493655236705626 2.15207205054314 1.94218521217514 0.807577895546156 1.08818216867852 1.13982184828479 0.822395545603454 1.12218570673559 0.676942267822512 0.708396620861361 0.710618141042943 0.824916161754602 0.874996576940757 1.0023628005407 1.83971444427079 1.12367029060708 1.46736606594209 1.42063055648102 3.14078031942659 1.23187496468044 0.86735061607718 0.990840547921377 1.77246120152803 3.07793030561541 63.3144349455536 63.3144349455536 63.3144349455536 63.3144349455536 63.3144349455536 63.3144349455536 63.3144349455536 63.3144349455536 63.3144349455536 63.3144349455536 63.3144349455536 63.3144349455536 63.3144349455536 63.3144349455536 63.3144349455536 63.3144349455536
9.1316318023926 9.1316318023926 9.1316318023926 9.1316318023926 0.288099249549333 0.866697778037902 0.693177373746563 1.2079504521313 0.716437590829799 0.986759805499071 1.60644601299804 1.51984385249175 0.879832320785252 0.753463885790521 0.784388354164405 1.13577975218086 0.757506411164735 1.17316766388044 1.31353334907907 4.31824315845922 2.5285409094719 1.85172991032084 1.47925570185582 1.65040253968683 1.94321320030383 1.21331954458195 0.593864559940039 63.3144349455536 63.3144349455536 63.3144349455536 63.3144349455536 63.3144349455536 63.3144349455536 63.3144349455536 63.3144349455536 63.3144349455536 63.3144349455536 63.3144349455536 63.3144349455536 63.3144349455536 63.3144349455536 63.3144349455536 63.3144349455536 63.3144349455536 63.3144349455536 63.3144349455536
9.1316318023926 9.1316318023926 4.60414880433663 0.462188475429472 2.01238500543589 0.640284603854882 0.820225947201996 0.821687421240378 0.85958217644066 2.26394742294822 0.895413135422365 1.79119453482353 1.23301465716742 0.739219883572155 0.762529645670945 0.866861927812435 1.63333942380263 2.0745770769955 0.861757137691793 4.31824315845922 0.948790401001273 1.58467698240503 1.18621285923817 1.21679438367247 1.14620175329846 0.728636230770749 1.08066572095612 63.3144349455536 63.3144349455536 63.3144349455536 63.3144349455536 63.3144349455536 63.3144349455536 63.3144349455536 63.3144349455536 63.3144349455536 63.3144349455536 63.3144349455536 63.3144349455536 63.3144349455536 63.3144349455536 63.3144349455536 63.3144349455536 63.3144349455536 63.3144349455536 63.3144349455536
9.1316318023926 9.1316318023926 4.57039017677123 4.32087794641014 0.592762892753686 1.77567357966214 0.866681829527001 0.806170929711663 1.19968744683841 2.51413756257266 0.82657100132187 4.57686262170382 5.09993203660736 5.3116895351684 5.49629000404612 5.748927472138 7.3973243688119 2.94303417271389 9.60072944281578 9.60072944281578 10.1072834319138 2.01553900080606 10.5154369132141 1.40295800862978 0.676883900598311 1.54212523560052 63.3144349455536 63.3144349455536 63.3144349455536 63.3144349455536 63.3144349455536 63.3144349455536 63.3144349455536 63.3144349455536 63.3144349455536 63.3144349455536 63.3144349455536 63.3144349455536 63.3144349455536 63.3144349455536 63.3144349455536 63.3144349455536 63.3144349455536 63.3144349455536 63.3144349455536 63.3144349455536
0.50658820801831 3.0844212002087 0.977528833340866 4.24877150681367 0.660103045144669 0.794214043013799 0.791487820113801 1.94437775326794 0.749673478624303 2.7535648195713 3.66663641590709 0.778292992959199 0.746216014837219 0.848540608546453 1.43640403558918 1.74050669385545 7.3973243688119 7.3973243688119 9.60072944281578 9.60072944281578 10.1072834319138 10.5154369132141 10.5154369132141 0.888969199682409 2.51107232724658 0.882304312938318 63.3144349455536 63.3144349455536 63.3144349455536 63.3144349455536 63.3144349455536 63.3144349455536 63.3144349455536 63.3144349455536 63.3144349455536 63.3144349455536 63.3144349455536 63.3144349455536 63.3144349455536 63.3144349455536 63.3144349455536 63.3144349455536 63.3144349455536 63.3144349455536 63.3144349455536 63.3144349455536
0.475867214282015 2.93220935591505 0.769495293162037 4.16115369609993 0.591725454904802 0.731380915276641 2.443059095944 2.11831678123897 0.861025101167013 3.42555270018451 1.20376619177776 0.785535854972809 0.720248156316324 0.769293169537814 0.747822615281686 0.918436570587378 7.3973243688119 7.3973243688119 0.713680103998811 0.776338617746819 2.00251112214455 0.974382967208502 10.6414165720837 0.498867917247556 2.84158934772227 3.03221185306986 63.3144349455536 63.3144349455536 63.3144349455536 63.3144349455536 63.3144349455536 63.3144349455536 63.3144349455536 63.3144349455536 63.3144349455536 63.3144349455536 63.3144349455536 63.3144349455536 63.3144349455536 63.3144349455536 63.3144349455536 63.3144349455536 63.3144349455536 63.3144349455536 63.3144349455536 63.3144349455536
0.517019756836683 2.87582406338706 0.619448085294194 0.692729405766132 4.02296861052222 2.73423578604018 2.64420622715476 0.781973149305459 0.787450247751051 0.900702844806861 0.910071791087176 0.629885705398685 1.14713791106018 0.695198116232667 0.791438505913185 1.23473141281656 1.14802172683874 0.757143447168712 0.850128316607919 1.11892993833001 1.714441713197 1.10758403618144 0.679092626996501 10.7105794390804 11.9994191265098 12.0975862404399 63.3144349455536 63.3144349455536 63.3144349455536 63.3144349455536 63.3144349455536 63.3144349455536 63.3144349455536 63.3144349455536 63.3144349455536 63.3144349455536 63.3144349455536 63.3144349455536 63.3144349455536 63.3144349455536 63.3144349455536 63.3144349455536 63.3144349455536 63.3144349455536 63.3144349455536 63.3144349455536
