Archive - glowpa-model-master/Model input/Uganda/rivergeometry/river_restime_1jul.asc
NCOLS 67 
NROWS 67 
XLLCORNER 29.5 
YLLCORNER -1.5 
CELLSIZE 0.0833333333283582 
NODATA_value -9999 
[rows 38 to 56 of 67, columns 0 to 41 of 67]
-9999 0.00219621168444571 0.00192828603144112 0.00157548728890628 0.00180106410483386 0.001603576628735 0.00100889976130367 0.0014192144534403 0.00174745286485881 0.0025728996695216 0.00136538240573215 0.00219414171477869 0.00128129424987941 0.0015178215819579 0.00109599822184918 0.00152293234646395 0.00204319785760383 0.0015771666136591 0.00195438455936138 0.00126778113622833 0.00145162778798734 0.0015351707522867 0.00215456913517928 0.00136851387527876 0.00159933980964209 0.00182423079168122 0.00164637086193576 0.00167409188346788 0.00150584547349964 0.00216434182813728 0.00192021130841612 0.00153462447461386 0.00137079557720138 0.00159335391389025 0.00126041787419361 0.00157119107952081 0.00140584950499805 0.00153041568605056 0.00208425172163422 0.00109010124272226 0.0021945929847974 0.00071336874044262
-9999 0.00222320568721793 0.00210780928734683 0.00101966367623973 0.00101822134000662 0.00142627373769337 0.00158950185335576 0.00152707526179585 0.001518972762732 0.00196255488184733 0.001552068079384 0.00190688547701419 0.00149540075597764 0.00130936359478112 0.00150736908873379 0.00156401205539653 0.00118431962728929 0.00158009153798051 0.00151805383183312 0.002181221868095 0.00188933899484183 0.0021649457763762 0.00154567023576667 0.00140638067611074 0.00161027667668347 0.00131005441769745 0.00134909707755469 0.0014131673118758 0.00166471520583225 0.00167602273114715 0.00144080317335547 0.00218344714168313 0.00156186761677724 0.00224101740037346 0.00157628185441946 0.00183546148048705 0.00154203271204226 0.00157182813179223 0.00167201176468838 0.00116940375299605 0.00156320944183842 0.00154033143466218
0.00232370674925836 0.00171734970231796 0.00102964084212904 0.0010197063030249 0.00184505248625101 0.00135156082907266 0.00168627729298341 0.0016128971338392 0.00222939217784019 0.00156833241117945 0.00160375207892482 0.00149247930180253 0.00214176107314974 0.00134201227520535 0.00150787716604192 0.00122413833977682 0.00131625685092574 0.0017758266592787 0.00151694589218882 0.00151384199559688 0.00152364677797047 0.00202827820512305 0.00154301423229392 0.00172299940394328 0.00169201622252384 0.00160925254021823 0.00154403477497067 0.00146488951463823 0.00160329384404418 0.00169856173569341 0.00151046778333204 0.00160978472704398 0.00111138427160339 0.0020542552156122 0.00156130484633724 0.00134419529617022 0.0015741885398393 0.00220103219111553 0.00155882485838588 0.00172167439135465 0.00168107296582938 0.00155259828909044
0.00161544936845686 0.00211168845506718 0.00102872363219129 0.00142676317219312 0.00143983934150082 0.00140213785385976 0.002224335182434 0.00160493347243641 0.00155112839053118 0.00136079092309801 0.00185860977113216 0.00157120135564729 0.00213283464281639 0.00149233182609916 0.0020098776349381 0.00131358862123364 0.0015459869695577 0.00192448503436628 0.00179574858189642 0.00131343619333777 0.00141469307002296 0.00145307080083207 0.00156205691820489 0.00158837580682817 0.00227445932236479 0.00165297420115707 0.00178824329619391 0.00159610737692393 0.00228432895884949 0.0016112469847697 0.00152256046871872 0.00192610049686121 0.00113103594925503 0.00164035530306156 0.00161622958223747 0.00161576297243092 0.00211755589683155 0.00156897671364316 0.00177774034239317 0.00144888518280908 0.00120370834876731 0.00136108366670028
0.00178806051479322 0.00237299018735949 0.00103592660850302 0.00243070699837725 0.0014553722848523 0.0014757376863543 0.00231289235240988 0.00149429973043432 0.00141215840058122 0.00157945746418153 0.00154824678805318 0.00127152442446113 0.00145394521609049 0.00157554685602622 0.00155168991815806 0.00156867697467553 0.00205356085420557 0.00150056562086777 0.00211567176300959 0.0015833281830275 0.0022568400395226 0.00178754891580614 0.00177218696944298 0.00217469198535786 0.00178881745606008 0.00139840654791692 0.0015719753385481 0.00214659330711269 0.00171250701720669 0.00192815545472156 0.00207054577511349 0.0015559675568991 0.00113845355088096 0.00125754915034415 0.00145027739828264 0.00163905987862662 0.00160864459805295 0.0015780744768899 0.00128574373503325 0.00155961619725235 0.00126786972300335 0.00139351183551745
0.00105689576848172 0.00147114235958069 0.00165343605109992 0.00216584148933648 0.00157318756099801 0.00163257154997778 0.00166209515660834 0.00213830785156849 0.0019581560021671 0.001519917354248 0.00145158705673826 0.00126461249375197 0.00122207449533136 0.00168443811983206 0.00238858276690292 0.00247313218288556 0.00160461955534067 0.00241719627022505 0.00229001476186642 0.00173348344951684 0.00173041559838887 0.001649448511565 0.00205848669165969 0.00178681704153005 0.00254235690572684 0.00196968367764805 0.00251776738250413 0.00179724259997945 0.00143221053126324 0.00134152534848286 0.00162876422354765 0.00162598083250082 0.00120969688621424 0.00154278342784245 0.00189772905325587 0.00138465855431372 0.0015637072612095 0.00193567300348215 0.00155593274380111 0.00156037100098091 0.00128573484354437 0.00144075837025441
0.00105110040036488 0.00132391381446941 0.00135000909016667 0.00142512082959754 0.0016976360320572 0.00240838846987753 0.00245021875582046 0.00222801176217429 0.00211474090829052 0.00132205606219808 0.00136579616887084 0.0016555966894486 0.00120386922803229 0.00152065288203894 0.00163459503383596 0.00249170726156234 0.00179484549347726 0.00248916600475743 0.00227970367676859 0.00159911851077184 0.001655519218664 0.00140642822177641 0.00254160215845895 0.00227459228028686 0.00192716469677469 0.00166326709762323 0.00174667336388375 0.00125288009123872 0.00202277884650874 0.0019035755723962 0.00162095252590228 0.00223720806533119 0.0014134483519417 0.00180104096967214 0.00133022606586035 0.00154891204829668 0.00213216390278141 0.00141197142709361 0.00153443004665418 0.00147418885110291 0.00133680184700176 0.00151047066640073
0.00105454676182522 0.00146542674099421 0.00150309900652409 0.00153609899534427 0.00161485804645352 0.00230288751432856 0.00154305829573736 0.00147195653723038 0.00220030458738425 0.00128484721691199 0.00135072161884748 0.00249820254728981 0.00120035870376173 0.00178688356981604 0.00217911846804207 0.00180397517915893 0.00156008505710389 0.00182919762397139 0.00176406505211389 0.00147182271046807 0.00221812318570157 0.00138369900874251 0.00185325522720978 0.00133988700294586 0.00173659013174347 0.00176003234983817 0.00168417654626831 0.00177780072210933 0.00135054270639477 0.00135054270639477 0.00198679560583811 0.00157460076985236 0.0015100843557404 0.00152257654514469 0.00158550316933717 0.00199513780839962 0.00149586024194953 0.00071471739035283 0.00101416358267828 0.00162157106323336 0.00150757831135117 0.00163147626256417
0.00130934524696234 0.00150665059929824 0.00159008358462685 0.0022089132715486 0.00210716233239422 0.00162183551132088 0.00205136577740677 0.00147938384194922 0.00109478004864399 0.00120340543126394 0.00133892270642114 0.00174203704885732 0.0016989129696314 0.00149344557526515 0.0014831205473782 0.00145324777169236 0.00130850388986852 0.00130305585383704 0.00124962596999762 0.00121090140315117 0.00121096398711143 0.00113024641844868 0.00159110390571866 0.00171555428326011 0.0023402497178863 0.002312637329728 0.0017631087318397 0.00182708983699061 0.00173340451060552 0.00207099603594566 0.00158077785125048 0.00156593772594574 0.00157763552685604 0.00145915029435513 0.00101416782447016 0.000714717238860263 0.00101416782447016 0.000714717238860263 0.000719527052123246 0.000719527052123246 0.000714717238860263 0.00101416782447016
0.00165319874101888 0.00108273141733008 0.00144638173914204 0.00154452972296565 0.00154601635634656 0.0019305054334285 0.00108746167123483 0.00108746167123483 0.00108746167123483 0.00108746167123483 0.0015544993339589 0.00110386753286233 0.00117813027481226 0.00118021100569449 0.00172483094849796 0.00170587926125412 0.00140672056799581 0.00173457636436639 0.00140521720412822 0.00165012410839644 0.00201235273030918 0.0016822440959946 0.00156518854397738 0.00157521142645901 0.00154045687600097 0.00175409702154681 0.00179756447347762 0.00187908788765534 0.00247042726225508 0.00156865647388916 0.00158413838771188 0.00146158164486693 0.00101417093006779 0.00101417093006779 0.000719530839437427 0.00101417093006779 0.000714717163113979 0.000714717163113979 0.000719530839437427 0.000714717163113979 0.000714717163113979 0.000719530839437427
0.00150221152034912 0.00108508251008856 0.00109275284650127 0.00110011621380922 0.00133566536669034 0.00172067698747153 0.00109478926864703 0.00154309197797517 0.00109478926864703 0.00154309197797517 0.00167984396574926 0.0015233634434045 0.00176645791107586 0.00136981644806678 0.00171543038785658 0.00136355822496082 0.00149602257271188 0.0026361892633808 0.00141283740948232 0.00177644921235541 0.001478097151007 0.00234304234834417 0.001696175364224 0.0017807348546435 0.00107855791763286 0.00104779588675249 0.00104559123045072 0.00104289055930819 0.00145873291585571 0.00147552285598866 0.000714717087367696 0.00101417305096373 0.000719533111825935 0.000714717087367696 0.000714717087367696 0.00101417305096373 0.000719533111825935 0.000719533111825935 0.000719533111825935 0.000719533111825935 0.000719533111825935 0.000719533111825935
0.00109275284650127 0.00109275284650127 0.00109275284650127 0.00109275284650127 0.00109275284650127 0.00191269043742844 0.00185798683646443 0.00186399649337071 0.0015430935914757 0.0010874615559848 0.00232442438504406 0.00177523278232891 0.00203493507404888 0.00167779666535251 0.00126659820796047 0.00138942340489702 0.00169181595446284 0.00219630462130602 0.00142988192811819 0.00144831374102947 0.00178015028221448 0.00217006504085295 0.00260065815109341 0.00255065763318184 0.00193012566716911 0.00150186636119798 0.00180835032025091 0.00215497745732076 0.000719533869288771 0.000719533869288771 0.0010141741114117 0.000719533869288771 0.000714717087367696 0.000714717087367696 0.000714717087367696 0.000719533869288771 0.000719533869288771 0.000714717087367696 0.000714717087367696 0.000714717087367696 0.000714717087367696 0.000719533869288771
0.00155060024151255 0.00109275284650127 0.00110011621380922 0.00109275284650127 0.00110011621380922 0.0020590127339688 0.00152270531856793 0.00109345163672375 0.0010874615559848 0.00178984783625261 0.00178178935298999 0.00176817270545762 0.00145474635379282 0.00168196000919275 0.00127432488131147 0.00143296648733148 0.0017163408027445 0.00160339289061438 0.00201677871696454 0.00146050405705523 0.00185343408506282 0.00154687436715511 0.00190419552324221 0.00253814332475991 0.00138946504898397 0.00160100647965631 0.00128301289344972 0.00162737450750795 0.0010141741114117 0.000719533111825935 0.000719533111825935 0.000719533111825935 0.000719533111825935 0.000719533111825935 0.000719533111825935 0.0010141741114117 0.000714717087367696 0.0010141741114117 0.000714717087367696 0.000714717087367696 0.000719533111825935 0.00101417305096373
0.00110011273948483 0.00155059699880978 0.00110011273948483 0.00110011273948483 0.00110011273948483 0.00107950971853963 0.00193276972958951 0.00192471447423853 0.00179661201445657 0.00228571807776878 0.00187897714860373 0.00231248539748529 0.00163173569402415 0.00231870698083523 0.00130469640289699 0.00180043692545641 0.00210391315263246 0.00170318080376411 0.00231724480730706 0.00159202952089822 0.00181179136487148 0.0016963982571827 0.00252978144982467 0.00176311242659558 0.00141711260681461 0.00233491997606941 0.00135696553410396 0.00161502104052664 0.000719530839437427 0.00101417093006779 0.000714717163113979 0.000719530839437427 0.000719530839437427 0.000714717163113979 0.000714717163113979 0.000714717163113979 0.000719530839437427 0.000719530839437427 0.000719530839437427 0.00101417093006779 0.000719530839437427 0.000719530839437427
0.00110010694894417 0.00109275307812289 0.00155059225056644 0.00155059225056644 0.00110010694894417 0.00175463901953441 0.00207133933477055 0.00137044329569609 0.00249382155847257 0.00209602948294756 0.00251784053611193 0.00277780782711236 0.00163892994504512 0.00209925310751706 0.0014583195302478 0.0021208134249384 0.00168964774820133 0.00241347111248262 0.0017297065035241 0.0017209761756805 0.00180454606173469 0.00180566708468695 0.00184829682273135 0.00164854653754727 0.00151580196284357 0.00224572652754565 0.00148205654901474 0.00227445274098689 0.00151876799875893 0.00210663748786022 0.00101416782447016 0.00101417093006779 0.00101416782447016 0.000714717238860263 0.000719527052123246 0.000719527052123246 0.00101416782447016 0.000719527052123246 0.000714717238860263 0.000719527052123246 0.000719527052123246 0.000719527052123246
0.00155058576516091 0.00109275330974452 0.00155058576516091 0.00155058576516091 0.00110009895799807 0.00203309695993931 0.00252489302304306 0.00137906718884154 0.00141412302746516 0.00169033719341101 0.00178811490738069 0.00167491990422341 0.00232988433771544 0.00219188807226622 0.00169860244970198 0.00166741241231069 0.00237509034244006 0.00167068302796768 0.00168844519997932 0.00168496724207245 0.002399518905956 0.00259302775726108 0.00258123084181119 0.00195188700706151 0.00163188069941781 0.00172800780336486 0.00159881585119123 0.00156936741617063 0.001390222808382 0.00130329128048726 0.000714717238860263 0.000719521825629677 0.000719521825629677 0.00071471739035283 0.00071471739035283 0.000719521825629677 0.00101416782447016 0.000714717238860263 0.000719521825629677 0.000719521825629677 0.00101416358267828 0.00071471739035283
0.00109275354136614 0.0015505777742148 0.00109275354136614 0.0015505777742148 0.00194021566135025 0.00227553416419162 0.00168027710629878 0.00214980005459276 0.00170036694065425 0.00165711751074164 0.00225040051711498 0.00157138771180368 0.00164612976061325 0.00165281053364969 0.00167114420481285 0.00221464594462121 0.00169040797405315 0.00156670199490932 0.00222512670071187 0.00136078874162328 0.00154076679458835 0.00160506613337525 0.00171301813058948 0.00259413854161992 0.00174823179677479 0.00182712319113765 0.00172024257006732 0.000719515008464152 0.00101416358267828 0.00071471739035283 0.00071471739035283 0.000719515008464152 0.00101416358267828 0.00101415835618471 0.00071471739035283 0.00101416358267828 0.000719515008464152 0.000719515008464152 0.00101415835618471 0.000719515008464152 0.000719515008464152 0.00101415835618471
0.00109275377298777 0.00109275377298777 0.00118173082439019 0.0025258095370769 0.00193515068951821 0.00170741734974211 0.00229131921737236 0.00161346720709784 0.00160244136374469 0.00144237751054274 0.00234101324217959 0.00150205421589687 0.00153902629378619 0.0023893039939371 0.00169850128994427 0.00164934775972866 0.00208565439147608 0.00142712537219873 0.00170521107506876 0.0013607890300581 0.00181684970963559 0.00169092770219815 0.00187143280461965 0.00177775683420795 0.00248445633140205 0.00182437727338105 0.00216751061759354 0.00101415835618471 0.000714717693337964 0.00101415835618471 0.00101415835618471 0.000714717541845397 0.000719506676372955 0.000719506676372955 0.000719506676372955 0.00101415206924317 0.000714717693337964 0.00101415206924317 0.000714717693337964 0.000714717693337964 0.00101415206924317 0.000714717693337964
0.00109275412042021 0.00109275412042021 0.00118358545250773 0.00120070377272258 0.00173603727669462 0.00197767380257468 0.00158917231507893 0.00159431742650088 0.00212427408554757 0.00139156687166328 0.00166867646946623 0.0012274436091621 0.00120207728119853 0.00119350446272164 0.00118584821571538 0.0016581773494424 0.00112652109787135 0.00133021640590568 0.00111004736940956 0.00156464461094588 0.00109687351174719 0.00221121645313905 0.001555722455708 0.00227414743903886 0.00165356143607756 0.00225996964007342 0.000714717693337964 0.000719496829356086 0.000719496829356086 0.000719496829356086 0.000719496829356086 0.000719496829356086 0.00101414464610738 0.00101414464610738 0.000714717920576815 0.000714717693337964 0.00101415206924317 0.000719496829356086 0.000719496829356086 0.000714717920576815 0.000714717693337964 0.000714717920576815
