Model input/Uganda/survival/Tsurvival/Tsurvival_restime_1mar.asc
NCOLS 67 
NROWS 67 
XLLCORNER 29.500000001 
YLLCORNER -1.499999999 
CELLSIZE 0.0833333332985075 
NODATA_value -9999 
[rows 0 to 19 of 67, columns 0 to 44 of 67]
-9999.000000000000000 -9999 -9999 -9999 -9999 -9999 -9999 -9999 -9999 -9999 -9999 -9999 -9999 -9999 -9999 -9999 -9999 -9999 -9999 -9999 -9999 -9999 -9999 -9999 -9999 -9999 -9999 -9999 -9999 -9999 -9999 0.990334212267616 0.99321577015807 -9999 -9999 -9999 -9999 -9999 -9999 -9999 -9999 -9999 -9999 -9999 -9999
-9999 -9999 -9999 -9999 -9999 -9999 -9999 -9999 -9999 -9999 -9999 -9999 -9999 -9999 -9999 -9999 -9999 -9999 -9999 -9999 -9999 -9999 -9999 -9999 -9999 -9999 -9999 -9999 -9999 0.993159594714117 0.990834812837217 0.992946737177439 0.991063759456008 0.990254361518216 0.990638381121513 0.99339528422565 0.993816682609672 0.992515584074974 0.995912194863427 0.996335080563952 -9999 -9999 -9999 -9999 -9999
-9999 -9999 -9999 -9999 -9999 -9999 -9999 -9999 -9999 -9999 -9999 -9999 -9999 -9999 -9999 -9999 -9999 -9999 -9999 -9999 -9999 -9999 -9999 -9999 -9999 -9999 -9999 -9999 -9999 0.993827653534147 0.99248142006209 0.993477764991011 0.992503883130933 0.994895339786012 0.993032829347522 0.992904935345544 0.994939234128023 0.994851044804094 0.994766070809924 0.995450404148811 0.996478359893835 0.996323997726154 0.996118821367866 -9999 -9999
-9999 -9999 -9999 -9999 -9999 -9999 -9999 -9999 -9999 -9999 -9999 -9999 -9999 -9999 -9999 -9999 -9999 -9999 -9999 -9999 -9999 -9999 -9999 -9999 -9999 0.992749743562634 -9999 -9999 -9999 0.991016945284444 0.99211786423054 0.992466401955755 0.992418694439904 0.989713753154972 0.992892313386681 0.993662540257948 0.993430282919727 0.993665760633825 0.992003901604695 0.994599698908365 0.996449240616993 0.993771964855789 0.994614049580337 -9999 -9999
-9999 -9999 -9999 -9999 -9999 -9999 -9999 -9999 -9999 -9999 -9999 -9999 -9999 -9999 -9999 -9999 -9999 -9999 -9999 -9999 -9999 -9999 0.992686215178005 -9999 -9999 0.990216293875703 -9999 -9999 -9999 0.996238577171421 0.995748540655785 0.995731648192524 0.993474879856063 0.993485212729409 0.993399908457315 0.990452959889085 0.993546726712361 0.991579326619433 0.993850572183238 0.993483120421513 0.992544387228642 0.994127913960825 0.994847901572529 0.993375614296675 -9999
-9999 -9999 -9999 -9999 -9999 -9999 -9999 -9999 -9999 -9999 -9999 -9999 -9999 -9999 -9999 -9999 -9999 -9999 -9999 -9999 -9999 0.990254030182828 0.993153579646271 0.992544418854651 0.99313070265148 0.988911539435282 0.996868675778722 0.996929284644271 0.995667554796621 0.99668016101969 0.991530414035463 0.995724269853495 0.994430189920356 0.994517106787916 0.993143817531849 0.991788873195002 0.994279895970533 0.993606786906025 0.990725549250543 0.993790042432797 0.991469846686971 0.994859198788014 0.994880556652591 0.993680146732994 -9999
-9999 -9999 -9999 -9999 -9999 -9999 -9999 -9999 -9999 -9999 -9999 -9999 -9999 -9999 -9999 -9999 -9999 -9999 -9999 0.992729681969799 0.994180656560668 0.994086515665108 0.994353675368973 0.994460787917573 0.990754603472917 0.991785569438581 0.99679002910196 0.996682797187594 0.996701543070064 0.996725154551392 0.992719685837717 0.991666286601149 0.99391185781833 0.989870262154407 0.992316586441019 0.994331827684901 0.994510630243855 0.994305929804841 0.993522506988869 0.994117186711567 0.994393862138497 0.994897644907062 0.9952057534596 0.990682760159548 -9999
-9999 -9999 -9999 -9999 -9999 -9999 -9999 -9999 -9999 -9999 -9999 -9999 -9999 -9999 -9999 -9999 -9999 0.994463394137346 0.993717327187804 0.991612629413602 0.992730078524242 0.99022007958932 0.989719660320246 0.994410058387188 0.985361747390562 0.993420348612478 0.995291984754104 0.989215378194938 0.993087593121363 0.993302583343531 0.99447823979063 0.992331107350871 0.995761221365257 0.992038066594388 0.989901216403065 0.991148291462619 0.993899327713039 0.99357284162451 0.993559979117088 0.993641288939647 0.992260636880609 0.993706816747981 0.993073939235322 0.993196129977493 0.990295322920301
-9999 -9999 -9999 -9999 -9999 -9999 -9999 -9999 -9999 -9999 -9999 -9999 -9999 -9999 -9999 -9999 -9999 0.993981116790596 0.990043289365502 0.992768085665058 0.992656013423851 0.99088627397246 0.99332829281316 0.994423085397138 0.99444886770551 0.995258983696489 0.992464866036139 0.992490739059561 0.992916463273879 0.993222499545058 0.994617692916684 0.994704537005262 0.992554278468186 0.994070945506323 0.990470900409454 0.993278333549671 0.99085712306431 0.993589855485067 0.991376965340404 0.99353878469024 0.993556816821544 0.995732253656695 0.993406291582769 0.994140515723462 0.993389767485545
-9999 -9999 -9999 -9999 -9999 -9999 -9999 -9999 -9999 -9999 -9999 -9999 -9999 -9999 -9999 -9999 -9999 0.993957830531033 0.993789467509651 0.994116764427912 0.993371449232995 0.990901535017586 0.990664458177727 0.986976237041789 0.995267076730999 0.992159407404705 0.990649251753864 0.992302013479683 0.990263712380579 0.994119557589994 0.994681930092158 0.99283348140496 0.992644147317498 0.996023980333245 0.995932520703932 0.992668039007559 0.990502896499548 0.992139039817924 0.99370330313098 0.993989348720039 0.993991165391128 0.995737649652803 0.993748145714373 0.994312881123274 0.993626945203244
-9999 -9999 -9999 -9999 -9999 -9999 -9999 -9999 -9999 -9999 -9999 -9999 -9999 -9999 -9999 -9999 0.994090625363138 0.993618529306152 0.994496996009523 0.994804191715307 0.994843752505064 0.994700439829938 0.992537445286812 0.993267541820591 0.996666029538052 0.994045190014642 0.992995329063128 0.990107747658571 0.990853739873004 0.993861085117285 0.994384550439322 0.990041753632612 0.994843814433593 0.99357938463252 0.992815375893022 0.994255757001406 0.994095215456534 0.993285354422467 0.993832392746868 0.995736002088392 0.99400326816722 0.993598122025006 0.993619953692976 0.993724109659642 0.995536394114803
-9999 -9999 -9999 -9999 -9999 -9999 -9999 -9999 -9999 -9999 -9999 -9999 -9999 -9999 -9999 -9999 0.994037097328867 0.992135627290054 0.99314017460593 0.99073626590132 0.993069428905218 0.989298609583325 0.98721271137585 0.995315796541753 0.992504017776302 0.994499815116734 0.994360108221607 0.993589094366298 0.993733954534536 0.994061916091177 0.994559931225489 0.99238696327095 0.994949637148469 0.993643129075045 0.993679339453921 0.995969814250818 0.993845035809777 0.995630547632006 0.994635069467547 0.993514979065729 0.992286370938211 0.994450141142838 0.993748054316644 0.994534513668825 0.99369364728578
-9999 -9999 -9999 -9999 -9999 -9999 -9999 -9999 -9999 -9999 -9999 -9999 -9999 -9999 -9999 0.994609753337724 0.992700535925641 0.993542623259299 0.993809230834098 0.992018777712311 0.992371562722139 0.989120123734947 0.996724039605377 0.99676014627512 0.993567569690167 0.990944872268255 0.993565333175805 0.991073373819283 0.993744106130182 0.994205499564392 0.994056265472516 0.99208908180335 0.994958632368185 0.990670305048875 0.993729122184598 0.994483920328177 0.994359721941112 0.993522508410628 0.99391141182556 0.992411192107422 0.991100339061927 0.994169460849554 0.993784839979045 0.994320146641146 0.990926926009431
-9999 -9999 -9999 -9999 -9999 -9999 -9999 -9999 -9999 -9999 -9999 -9999 -9999 -9999 -9999 -9999 0.994839662307007 0.993998040475211 0.991195848407561 0.993339310866286 0.991759093214418 0.98639690727738 0.995341064030414 0.996919899730811 0.991408702700672 0.990993407122406 0.991665263693542 0.993813368601308 0.991470340020185 0.993660941689923 0.993810677363712 0.994223427375011 0.994967451697222 0.994392538294887 0.991217245689275 0.993840869861978 0.996082077683725 0.993389429265271 0.993670305004693 0.994599429971648 0.993988144820361 0.993781155028628 0.993851985851612 0.994198856771384 0.993735768066008
-9999 -9999 -9999 -9999 -9999 -9999 -9999 -9999 -9999 -9999 -9999 -9999 -9999 -9999 -9999 -9999 -9999 0.99425387096175 0.993914816475181 0.994139375983001 0.993958828806923 0.99438065569346 0.996779037078668 0.991330611266328 0.993642605946997 0.993972761744626 0.990462170003359 0.992009976362631 0.993607371995959 0.993827745909599 0.991303719477137 0.993932571467906 0.994748714789881 0.994265439130238 0.993934423154211 0.99388947873445 0.994739763727408 0.994431049910801 0.993584253327037 0.993594597996483 0.993984496569155 0.993875383135431 0.992212146270608 0.994141954252037 0.994006050619631
-9999 -9999 -9999 -9999 -9999 -9999 -9999 -9999 -9999 -9999 -9999 -9999 -9999 -9999 -9999 -9999 0.995416820515196 0.992995666713172 0.993306123681287 0.993685868791096 0.99370897837755 0.991105227534658 0.99670813036971 0.993021402379499 0.992217531619625 0.994517046566034 0.994298706446685 0.993652171660855 0.993652963344013 0.994430967415525 0.992099235964969 0.993865703701638 0.994047407809371 0.992236076797083 0.994234209798745 0.994351961207879 0.994534737329276 0.9944607700152 0.99447999481213 0.995754045428973 0.994311780710165 0.994006629918968 0.995733708232312 0.995752540055264 0.9941243160347
-9999 -9999 -9999 -9999 -9999 -9999 -9999 -9999 -9999 -9999 -9999 -9999 -9999 -9999 -9999 -9999 0.99536425494838 0.995681737658257 0.992817586468647 0.99335761389045 0.995180223480132 0.99519060048205 0.995022574797046 0.995366559070746 0.992815660143777 0.990064982641975 0.990290543388985 0.990612649664341 0.994876799861652 0.994786561564195 0.993735059045351 0.991217903858149 0.991824163471744 0.99407712752826 0.992230000850103 0.99407062077683 0.991405722433102 0.993814795053527 0.994706795710439 0.994163342240438 0.993488675597446 0.991585200048939 0.993611789065022 0.99092396437179 0.993656187970809
-9999 -9999 -9999 -9999 -9999 -9999 -9999 -9999 -9999 -9999 -9999 -9999 -9999 -9999 -9999 0.994082334781726 0.994366393419681 0.994775000207228 0.994901809269263 0.99324278740739 0.991991915963811 0.992720162391319 0.989331054930872 0.996761317208423 0.992534819119148 0.994660174795832 0.994661522344515 0.994716846237588 0.994867758475379 0.993538711430397 0.99417850696776 0.991378203025651 0.99388126515708 0.992825284847111 0.993895421300962 0.992111200098173 0.993901735687488 0.994454537558582 0.994602545364048 0.995882076558742 0.995844528193627 0.993634113964356 0.99095889861565 0.993586319107645 0.993912335927644
-9999 -9999 -9999 -9999 -9999 -9999 -9999 -9999 -9999 -9999 -9999 -9999 -9999 -9999 -9999 0.995774401778933 0.996273029315549 0.993060696258346 0.995243992708958 0.993521960698613 0.994345502881515 0.992646961996445 0.993210145172383 0.996767163685125 0.992466884360691 0.990140389258186 0.993167412890563 0.991054211531153 0.993271309246766 0.993523464270589 0.992234864170856 0.993782056263981 0.993968661152994 0.994394686583152 0.995177927177802 0.993872344153477 0.993944587470308 0.993897458284934 0.991325928939792 0.994211311155845 0.994848913723322 0.994093402900765 0.993527473128939 0.992194987961459 0.994157421033717
-9999 -9999 -9999 -9999 -9999 -9999 -9999 -9999 -9999 -9999 -9999 -9999 -9999 -9999 -9999 0.995958253950721 0.99640266548081 0.994858488055801 0.992292806781192 0.992118648257295 0.992841950769695 0.989543803561509 0.992991647596725 0.992149660214554 0.995360669960196 0.989293607321611 0.991712990172917 0.99323986328756 0.990222630990219 0.994960077310315 0.994542988756829 0.994384292923553 0.994048331529235 0.994589916497263 0.993427501732392 0.99437299036921 0.992073835121004 0.991813203259938 0.993831933071439 0.993854443711032 0.99441614690106 0.99408218414901 0.994029643248269 0.995650610019077 0.994117172427843
