Model input/Uganda/survival/Tsurvival/Tsurvival_restime_1jan.asc
NCOLS 67 
NROWS 67 
XLLCORNER 29.500000001 
YLLCORNER -1.499999999 
CELLSIZE 0.0833333332985075 
NODATA_value -9999 
[rows 0 to 19 of 67, columns 0 to 44 of 67]
-9999.000000000000000 -9999 -9999 -9999 -9999 -9999 -9999 -9999 -9999 -9999 -9999 -9999 -9999 -9999 -9999 -9999 -9999 -9999 -9999 -9999 -9999 -9999 -9999 -9999 -9999 -9999 -9999 -9999 -9999 -9999 -9999 0.98982020802478 0.992919836109762 -9999 -9999 -9999 -9999 -9999 -9999 -9999 -9999 -9999 -9999 -9999 -9999
-9999 -9999 -9999 -9999 -9999 -9999 -9999 -9999 -9999 -9999 -9999 -9999 -9999 -9999 -9999 -9999 -9999 -9999 -9999 -9999 -9999 -9999 -9999 -9999 -9999 -9999 -9999 -9999 -9999 0.992810253920228 0.990301688151571 0.992657298893077 0.990568276384579 0.989774778715968 0.989965863666731 0.992626913171949 0.993219613706333 0.992332713233392 0.995462745991817 0.995867651406842 -9999 -9999 -9999 -9999 -9999
-9999 -9999 -9999 -9999 -9999 -9999 -9999 -9999 -9999 -9999 -9999 -9999 -9999 -9999 -9999 -9999 -9999 -9999 -9999 -9999 -9999 -9999 -9999 -9999 -9999 -9999 -9999 -9999 -9999 0.993420886140793 0.992069655292569 0.99309554675714 0.992038314148614 0.994586023401936 0.992739278135988 0.992133540623002 0.994370374759165 0.994360199967446 0.9947162547621 0.995220800218527 0.995997187095948 0.995682658751855 0.995733953857724 -9999 -9999
-9999 -9999 -9999 -9999 -9999 -9999 -9999 -9999 -9999 -9999 -9999 -9999 -9999 -9999 -9999 -9999 -9999 -9999 -9999 -9999 -9999 -9999 -9999 -9999 -9999 0.992894241559335 -9999 -9999 -9999 0.990476553735077 0.991680596224685 0.992040277121194 0.992034955090371 0.989329608998067 0.992631664206963 0.993160528450478 0.992812522781192 0.992958859281628 0.991431760346218 0.994451822162031 0.996077832991897 0.993254859822037 0.994158416826659 -9999 -9999
-9999 -9999 -9999 -9999 -9999 -9999 -9999 -9999 -9999 -9999 -9999 -9999 -9999 -9999 -9999 -9999 -9999 -9999 -9999 -9999 -9999 -9999 0.99274151281785 -9999 -9999 0.990380524608145 -9999 -9999 -9999 0.996204156357463 0.995551810993892 0.995572859567197 0.993309079051254 0.993253199922455 0.993113285933949 0.990077257018939 0.992974587661433 0.990651708094505 0.993204356880326 0.992919142385063 0.991977557422968 0.993396089826829 0.994331566758866 0.993451717339549 -9999
-9999 -9999 -9999 -9999 -9999 -9999 -9999 -9999 -9999 -9999 -9999 -9999 -9999 -9999 -9999 -9999 -9999 -9999 -9999 -9999 -9999 0.990413101253179 0.993345743818831 0.992796700178673 0.993289311639147 0.98907182378919 0.997082389310297 0.997009090224731 0.995696628170004 0.996698331460846 0.9912480037834 0.99562624295905 0.994246600537022 0.994265920884242 0.992786108114919 0.991668683815861 0.993834300044076 0.992903139032461 0.989838660143429 0.993172620687072 0.990464089932056 0.994171510942325 0.994449059183383 0.993168714232751 -9999
-9999 -9999 -9999 -9999 -9999 -9999 -9999 -9999 -9999 -9999 -9999 -9999 -9999 -9999 -9999 -9999 -9999 -9999 -9999 0.992955251121467 0.994125286437429 0.994344071868707 0.994515982145161 0.994527083985912 0.990739654958486 0.991650750419555 0.996835006485813 0.996688244556607 0.996679839282236 0.996687224967241 0.992494588044788 0.991445335885384 0.993822674103702 0.989926104428216 0.992368927843188 0.994195169354797 0.994028027003813 0.993740774093502 0.992929806598066 0.993588804687292 0.993798980631792 0.994237806206688 0.994693257580524 0.989803129981782 -9999
-9999 -9999 -9999 -9999 -9999 -9999 -9999 -9999 -9999 -9999 -9999 -9999 -9999 -9999 -9999 -9999 -9999 0.993897713724304 0.993683479460509 0.991479905735725 0.992843464570392 0.990457913969686 0.989642582165458 0.994471945642072 0.98696035640543 0.993399455780718 0.995318840888379 0.989181254892649 0.993056823146424 0.993150402676461 0.994463264224337 0.992333795957238 0.995784549076537 0.992230692312957 0.989899081162668 0.990530105480299 0.993356735367803 0.992955606060408 0.993075018879449 0.99311598460368 0.991585992008205 0.99300133622017 0.992431411757546 0.99278291287755 0.989796321311009
-9999 -9999 -9999 -9999 -9999 -9999 -9999 -9999 -9999 -9999 -9999 -9999 -9999 -9999 -9999 -9999 -9999 0.99373444537429 0.99027252481929 0.992934784370759 0.99286638424082 0.990922495570672 0.993303937008133 0.994477014828592 0.994505604689637 0.995271196355607 0.992438742352512 0.992450852166575 0.992909295222246 0.993070424338749 0.994646962757393 0.994732528039979 0.992706923940077 0.994141104049347 0.990373653187875 0.992869165746009 0.990009501382485 0.993033294015412 0.99073095882106 0.992982743025149 0.993003640915427 0.995371991573131 0.992852101592661 0.99358750810349 0.992861333242446
-9999 -9999 -9999 -9999 -9999 -9999 -9999 -9999 -9999 -9999 -9999 -9999 -9999 -9999 -9999 -9999 -9999 0.993975250766588 0.993991818817521 0.994247031877031 0.99334504859551 0.990893126752402 0.990620355480114 0.989741202813331 0.995246584838117 0.992328057823888 0.990720725172186 0.992272734536201 0.990171410618504 0.994078078904682 0.994654948706005 0.992738898112165 0.992599935521183 0.995957473037457 0.995881021477545 0.992479780942909 0.989819863569604 0.99149205604407 0.993167773223636 0.993463108336489 0.993436269924139 0.9953579322997 0.99321615193186 0.993801243698138 0.993068232672114
-9999 -9999 -9999 -9999 -9999 -9999 -9999 -9999 -9999 -9999 -9999 -9999 -9999 -9999 -9999 -9999 0.993610013635804 0.993808308222183 0.994549678761065 0.994820464147706 0.99479714170347 0.994683197411953 0.992533623492862 0.993284925390646 0.996603339680093 0.993690793278135 0.992521577157744 0.989489591317774 0.990404591995223 0.993611721590425 0.994210907276009 0.989629014809921 0.994629006680658 0.993246991154797 0.992569269151258 0.994111325473907 0.993852861314866 0.992825926097527 0.993436962188241 0.995393923175551 0.993497850606747 0.993058382052812 0.993090608079585 0.993207982196664 0.995158298659145
-9999 -9999 -9999 -9999 -9999 -9999 -9999 -9999 -9999 -9999 -9999 -9999 -9999 -9999 -9999 -9999 0.993580764378608 0.992218148698137 0.993123111356808 0.990581001574264 0.992782156564221 0.989176674128882 0.989579377203628 0.995161814786771 0.992232210141378 0.993944562524654 0.99387051855351 0.99300076351351 0.993175312537912 0.993599147859309 0.994156064346662 0.991852486736107 0.994628070015613 0.993316526632391 0.993399660371436 0.995751039457777 0.993520109842204 0.995403710428541 0.994318600612959 0.99304413212706 0.991718802781628 0.994019069717576 0.993287253886377 0.994143953717538 0.993215218336647
-9999 -9999 -9999 -9999 -9999 -9999 -9999 -9999 -9999 -9999 -9999 -9999 -9999 -9999 -9999 0.994071530003787 0.99206321516477 0.99359126619687 0.993695687461953 0.991796198566912 0.992076954867574 0.98907084695504 0.996689548340238 0.99659569174102 0.992948190948077 0.990286033731902 0.993176134661823 0.990478523982978 0.993319556610653 0.99377741258788 0.993618431939929 0.991572099337122 0.994645853977713 0.99026049192356 0.99336853146232 0.994126850415931 0.994054013696303 0.993149997514934 0.993539485386795 0.991894793539634 0.990483959262163 0.993730660741662 0.993328682713114 0.993929356916823 0.990419616760416
-9999 -9999 -9999 -9999 -9999 -9999 -9999 -9999 -9999 -9999 -9999 -9999 -9999 -9999 -9999 -9999 0.994281320879999 0.993852112022638 0.991199025440792 0.993106388270449 0.991672214499173 0.987935683232759 0.995263394775809 0.99669067093823 0.990743766251684 0.990290298955236 0.991098200839933 0.993408257072899 0.991192911056362 0.993464945116702 0.993458481697438 0.993894314109555 0.99471742566971 0.994154729301579 0.990692220146038 0.993465353396303 0.995844877806177 0.992991883712798 0.993288266061606 0.994274999052099 0.993588060260122 0.993324619411838 0.993408298348557 0.993801658618156 0.993358937426075
-9999 -9999 -9999 -9999 -9999 -9999 -9999 -9999 -9999 -9999 -9999 -9999 -9999 -9999 -9999 -9999 -9999 0.993895942561418 0.993907850877494 0.993983464818509 0.993860581720323 0.994299852320972 0.996649544846684 0.990858945272248 0.993358019082513 0.993780654685937 0.990243989992602 0.991657950841713 0.993378780756346 0.993612053906289 0.990989981959464 0.993620732388459 0.994461502399091 0.99402736761331 0.993652347123126 0.993587923433249 0.994462655606003 0.994103765662593 0.993149475415267 0.993170146475306 0.993657454351124 0.993530268639865 0.991759380935851 0.993779259431206 0.993641252495546
-9999 -9999 -9999 -9999 -9999 -9999 -9999 -9999 -9999 -9999 -9999 -9999 -9999 -9999 -9999 -9999 0.995148537527394 0.992419886030632 0.993238890471363 0.993426497709022 0.993460123762804 0.990768921538115 0.996663474358618 0.992767812027755 0.991972707334485 0.994420595737469 0.994181925227286 0.993286271002215 0.99330133010339 0.994122501654365 0.991813428302663 0.993601176772215 0.993711874018767 0.99190231743728 0.993943730179535 0.99407658091167 0.994285572859277 0.994207627328143 0.994177070282564 0.995505422894904 0.993988800850001 0.993719048117175 0.995518782608446 0.995496359691435 0.993700461657843
-9999 -9999 -9999 -9999 -9999 -9999 -9999 -9999 -9999 -9999 -9999 -9999 -9999 -9999 -9999 -9999 0.995167943301584 0.995294681476248 0.992735479004629 0.992924830414679 0.994983949121986 0.994982809593806 0.994886322388059 0.995259160014208 0.992486857335158 0.989894169464155 0.990079666234132 0.990305409546702 0.994613177133408 0.994511959301297 0.993485082751541 0.990922307166198 0.991457846516708 0.99375413541281 0.991802020461687 0.993768994513037 0.991067856579416 0.993554887235616 0.994462199372877 0.993885692495869 0.993072453040144 0.991182566961088 0.993326570974897 0.99050048526022 0.993296206550451
-9999 -9999 -9999 -9999 -9999 -9999 -9999 -9999 -9999 -9999 -9999 -9999 -9999 -9999 -9999 0.993620750325495 0.99410279405525 0.994346091665257 0.994806208223042 0.993073134361006 0.99167247759994 0.992325379594911 0.988979003212057 0.996650621968638 0.992233801245312 0.994571455982608 0.994603839911389 0.994613587777383 0.994625759016179 0.993146463246821 0.993912041412556 0.991120004434625 0.993715730165532 0.992608144496168 0.99364846365549 0.991763242157891 0.993622519875517 0.99419090180428 0.994365473283232 0.995724028051139 0.995657808816783 0.993334326120753 0.990627291726985 0.993315059127415 0.993613529699626
-9999 -9999 -9999 -9999 -9999 -9999 -9999 -9999 -9999 -9999 -9999 -9999 -9999 -9999 -9999 0.99547689729264 0.995899362699602 0.992607918907831 0.994936308693183 0.99342112205695 0.99424396794488 0.992242992081574 0.992980049140661 0.996671105744754 0.992634036048813 0.98960102800131 0.992898395735748 0.990751589562842 0.992951458554463 0.993153159170034 0.991856476306176 0.993576610241206 0.993830403135381 0.994263768292262 0.994978433424634 0.993566883463461 0.993640276617374 0.993616392679593 0.990961539809349 0.993987484196517 0.994590856071798 0.993825271630984 0.993260884730564 0.991895187994013 0.993946432658229
-9999 -9999 -9999 -9999 -9999 -9999 -9999 -9999 -9999 -9999 -9999 -9999 -9999 -9999 -9999 0.995628274914461 0.996138110751474 0.994471024636946 0.991524607215158 0.991718233319089 0.992647739250607 0.98883820749087 0.992589708128504 0.992293146705552 0.995281939950855 0.98931000828612 0.991265998784648 0.992864965944782 0.989772348266585 0.994704116691762 0.994270335769759 0.994157830700593 0.993860773422682 0.994404365207269 0.993105283572415 0.994080803087422 0.991683884103729 0.99145345748631 0.993564036859775 0.993613961216203 0.994159145157368 0.993754669136377 0.99380327176789 0.995474598698445 0.993902192826863
