Model input/Uganda/survival/Tsurvival/Tsurvival_restime_1mar.asc
NCOLS 67 
NROWS 67 
XLLCORNER 29.500000001 
YLLCORNER -1.499999999 
CELLSIZE 0.0833333332985075 
NODATA_value -9999 
[rows 40 to 59 of 67, columns 0 to 44 of 67]
0.991942424543216 0.993640592031417 0.996228881959151 0.996285827338797 0.993399042102565 0.995338066209573 0.994054233576966 0.996261034515768 0.99451461883761 0.995769760080391 0.995733121963708 0.995859955944408 0.993834560869805 0.99586877168553 0.995223869159215 0.995904578079281 0.995668772703018 0.994039701719391 0.995067890731906 0.995084063014725 0.994922279764209 0.993097480153295 0.994889529430157 0.994845220434377 0.994835066674292 0.994706095121802 0.994626440697583 0.994934087002933 0.994588845449425 0.994496174070971 0.994764316083623 0.994415820197361 0.996053500950258 0.993008041956427 0.994741634162659 0.995456131458784 0.994627928811849 0.992277908011085 0.994316239917765 0.993674023790197 0.993752490412295 0.994241119773433 0.997280627737982 0.994739358407973 0.993057551545382
0.994263262713939 0.992170640782992 0.99615835920554 0.994723691018716 0.99487400685788 0.995256517628802 0.994695789170129 0.997598683401742 0.995964415082643 0.996279365332352 0.994922632135119 0.995587052844512 0.993728968641142 0.995386437842543 0.993629677221782 0.99575520671008 0.994959508424322 0.993625529722853 0.994100415424863 0.995661652577632 0.995386730022715 0.99529952520559 0.99495371868769 0.995078546214661 0.992807356319517 0.994622120332908 0.994047943773968 0.994545079755864 0.992293159952333 0.994709531840541 0.99487050088095 0.993365236544094 0.996056254680879 0.994471750790044 0.994513990546106 0.994488371424003 0.992874921461112 0.994548302514321 0.993654118349582 0.994722346276959 0.995568500110054 0.994988873046073 0.997313946117906 0.99450257483368 0.995077082515141
0.993744007233805 0.991319884404535 0.996158512052006 0.991316025407772 0.99753123811274 0.997847854675159 0.997834630806582 0.997265403102439 0.996130956658823 0.995540646386799 0.99566317289281 0.996234230699476 0.995538939250155 0.995221224277548 0.995159198198899 0.99509141731915 0.993468301970279 0.99516370802846 0.993261641862944 0.994888363640666 0.992678945113565 0.994643329954153 0.994710915801626 0.993278815215039 0.994402856080212 0.995435420430375 0.994829139059404 0.992892569587572 0.994560276731255 0.99438592220812 0.993399256338598 0.994790829579528 0.996077707063562 0.995670297596439 0.995061025020897 0.994396466721719 0.99465756005949 0.994554933754775 0.995479434001341 0.994425938670081 0.995397625304464 0.994978367361327 0.997383487870536 0.997358097174497 0.994394401964837
0.996346020726745 0.994837595871303 0.994106010773861 0.996103327226748 0.999323883047578 0.999355454490221 0.998788727005433 0.994876118199487 0.994146714140504 0.995308743452646 0.99548057143795 0.996021520034913 0.996145239782833 0.994865026743977 0.992778928930566 0.992720793097841 0.994932163198754 0.992449049297696 0.992729319005626 0.994555706044612 0.994562581451519 0.994854841630151 0.993563823423583 0.994377642090409 0.992285992997996 0.993630991782813 0.992325454008773 0.99461644134072 0.995441992283214 0.995698571068486 0.995102152994326 0.994682925755713 0.995947267162959 0.994758755890194 0.993467045681849 0.995199684269794 0.994676102569011 0.993332315318165 0.994588980071923 0.994514511710715 0.995417567416353 0.995017544224073 0.993995494357904 0.997455991320854 0.994518434317446
0.99634376736668 0.995422003684151 0.995481465421918 0.997957904869259 0.999551650765027 0.999003724018162 0.996378697956607 0.993864832024644 0.993033254398011 0.99543527035171 0.995578039283695 0.994758420615286 0.996101482316328 0.995210583002364 0.995052860016583 0.992408415714313 0.994505958223392 0.992341738364998 0.992557914291886 0.994830072753041 0.994684982937623 0.995623528003422 0.991769203219264 0.992605032474833 0.9937993825267 0.995041570195787 0.994796408070132 0.996010625540978 0.993491115365247 0.993733417995299 0.994855307600058 0.992766995890097 0.99533109632482 0.994017853014444 0.995527731350729 0.99474630242169 0.992791997575253 0.995095972172793 0.994706037201634 0.994836039933896 0.995359871271743 0.994847970459633 0.996532922858291 0.996442263811242 0.996332163654715
0.996380584875492 0.994981122216581 0.995143894255542 0.998065988527397 0.999518467087952 0.99869525939136 0.997338476927812 0.995305777114836 0.992205970433585 0.995375167496731 0.995540303472508 0.992217654788348 0.996019904053614 0.994499879747483 0.993231143469467 0.994450464126172 0.995074247611918 0.994350070216461 0.994352398072736 0.995057818477821 0.992670368791042 0.995631389462812 0.993976258915974 0.995669300140594 0.994557385854251 0.994885729590003 0.995009896878111 0.994323676790398 0.995523601779371 0.99563965581494 0.99348574176388 0.994888034505271 0.995102881030477 0.995059804894878 0.994716498172032 0.993314330135807 0.994906379747635 0.997417261530652 0.996461122936251 0.994496852398552 0.994917621100212 0.994496255894545 0.997556711030078 0.997442740097905 0.996304309161183
0.995545749158375 0.994901307838124 0.995446588982919 0.997160512886224 0.998507215762715 0.997649145148308 0.994319676970586 0.994817022501713 0.995995851052162 0.995641177029376 0.995581915251643 0.994700012737323 0.994399240669797 0.995319226662254 0.995362531275198 0.995438756133908 0.995799387500856 0.99582973757654 0.996037697671307 0.996140606015406 0.996123154881038 0.996411198493187 0.994959631785782 0.994517424886176 0.992848358052469 0.992891080492946 0.994427924488117 0.994661335613539 0.994803676206327 0.993217020367288 0.994900048110556 0.994913811428735 0.994927136398372 0.995237631176201 0.996597863382333 0.997582360636818 0.996483753838106 0.997467285852681 0.997540904702777 0.997559174139395 0.997489287993125 0.996463152515954 0.997560008583722 0.997404722059795 0.997381863621429
0.994418353659771 0.996358406854291 0.996007479383702 0.997465247237066 0.997400526061241 0.995032003921895 0.996435494448236 0.996057071173163 0.996058243853829 0.996134521485706 0.994953183712953 0.996431043431641 0.996218159005123 0.996224132641853 0.994612537731255 0.994654194600106 0.995584004745646 0.994654822708493 0.995833469715131 0.995088026002159 0.994186712679878 0.99454243720141 0.995099341556612 0.995075196945034 0.995310513757305 0.99451737172432 0.99470508072259 0.994747443354437 0.992573366558585 0.99490189400285 0.994873839087439 0.995232437809863 0.996686556158353 0.996611250092806 0.997579864512665 0.996540146362359 0.997495565540795 0.997440431234735 0.997480178894802 0.997476568457308 0.997533509429427 0.997640112815977 0.997468463793386 0.99634217463973 0.997396003518392
0.99501575421254 0.996256922732681 0.99649021699515 0.996926478877255 0.995873811450503 0.994494607239261 0.995948888799254 0.994236665741801 0.996023304719343 0.99460405957514 0.994813801668219 0.995422069198621 0.994791532220757 0.995821106819117 0.994711650481106 0.99582097270319 0.995494917916068 0.99246925957991 0.995949680131539 0.994873108747204 0.995892941316813 0.993204686040257 0.994964244656688 0.994919231659742 0.996640227419372 0.996733389240986 0.996709191035502 0.996707389288294 0.995420966057834 0.995173908235374 0.997662551151093 0.996660416252544 0.997617786707319 0.99761517727134 0.997530087826954 0.99641466687776 0.997444363557179 0.997437065146753 0.997433074793593 0.997475382140336 0.997445423273783 0.997438765472167 0.997413973258558 0.997411154209369 0.997407437154727
0.99644883508461 0.996177221724569 0.99628167616504 0.996178423110346 0.996295093742369 0.993498522204743 0.992929358716793 0.993116144969246 0.994292942317823 0.996376715028754 0.993402971623063 0.994934245423929 0.994103717172421 0.995050014166193 0.996241789657638 0.995877577479183 0.994930650636825 0.99357603247356 0.99605460933652 0.995974100690354 0.995127847939447 0.994138860218488 0.992955700191077 0.993085019051176 0.994441448700922 0.995109202120981 0.994056337397664 0.992932566418235 0.997587345684977 0.997614708238481 0.996625145743608 0.997625264217938 0.997616590270395 0.997550009486507 0.997488486697835 0.997456342805884 0.997442651957686 0.99746372787153 0.997513992023795 0.997534185108475 0.997451397190739 0.997431696555399 0.996380845868151 0.997437364320206 0.997423648997433
0.994603398199049 0.996063587762693 0.996010127801424 0.996054407452766 0.996039897368917 0.992858587014593 0.99438542183662 0.996000152222509 0.996213786377468 0.994337365682433 0.995459247242639 0.995255397398997 0.995918220816633 0.995202342728968 0.996307121894354 0.995865750652105 0.995042270090049 0.995450584185163 0.994816554362194 0.996058933828642 0.995194091255742 0.995928102132472 0.995053612406595 0.992830405490412 0.996088821974519 0.994867952046935 0.995820170742995 0.9947480058966 0.996569884234091 0.997581830769374 0.99753696979445 0.997564322411797 0.997563504108379 0.997528969577482 0.99749965259238 0.996472062296443 0.997494740958031 0.996463914829036 0.997573965767527 0.997538606785705 0.997449601718528 0.996406117913999 0.997466011591373 0.996384663447754 0.997421412623343
0.995898568474669 0.994226720268064 0.995938264825758 0.995988852638976 0.996027755755315 0.996142563116196 0.993591443712464 0.993936674188128 0.994631889497086 0.993887648034172 0.995952630546708 0.994330340174922 0.995833520213473 0.99364788797009 0.996380293153925 0.994987308280525 0.994148976986634 0.995261155979843 0.993701773248853 0.995901297540052 0.99532697012772 0.995737290097062 0.993391859818618 0.995033125384512 0.996085907182564 0.992621119032999 0.995646554824984 0.99490183632653 0.997588358630393 0.996634836595126 0.997599077272707 0.997602148182431 0.997592633283654 0.997592999852445 0.997568545646805 0.997550432534753 0.997525910627851 0.997511780557704 0.997485514785688 0.996436514828201 0.997467272601331 0.997467132334604 0.997483947835722 0.997463526130411 0.996389471375183
0.995841374543271 0.995878535790822 0.994241537505428 0.994340656108463 0.996140223296358 0.993986192309663 0.993600686053766 0.996250490251343 0.993714811248372 0.995472966486884 0.9952991275378 0.994681378542611 0.996075600694523 0.994440338649668 0.996059041116142 0.994241910807346 0.995459522484244 0.993510496154175 0.99538121521466 0.995688519100255 0.995633661678597 0.995583679536663 0.995430053925514 0.995806299165275 0.996088193383378 0.993383419907426 0.995295113633346 0.992807786142137 0.994984489317886 0.993292106318055 0.996625727935883 0.996690525380383 0.99668187169932 0.997647432418547 0.997580806470886 0.997569985091053 0.996577511460103 0.997541271056545 0.997528837230252 0.997507614098656 0.997505139557773 0.997497381093222 0.996456010269994 0.997465253498121 0.996405922273696
0.994143150506186 0.995885408303977 0.99429227266034 0.994430488006522 0.996235703211708 0.993184214665749 0.992729481417667 0.996506357521183 0.996361454298273 0.996443948949466 0.996814913126984 0.996536249301624 0.994121264367603 0.994312170883918 0.995588472102005 0.995590088796696 0.993681368781537 0.995552981458899 0.995500662284761 0.995455991768583 0.993954855082942 0.993435728796103 0.993711445338316 0.995135326680672 0.995816567706525 0.995167751289052 0.994963504428473 0.994994482136164 0.995375275999114 0.995798671675881 0.997613930205415 0.997605387650226 0.997641171955188 0.997684079695934 0.997635411989604 0.997605461168481 0.996609256605008 0.997549073656682 0.997529787602393 0.997530264886983 0.996491760704427 0.997524367073883 0.997505314137802 0.996433957495 0.997443286506991
0.9958868202921 0.994237462792687 0.996027426144798 0.994540451236452 0.993388471844718 0.992743366473417 0.99562313167769 0.994864730929179 0.99589463249993 0.996471665800847 0.995340175463712 0.99628221728139 0.995818066350347 0.995682849725991 0.995676386856529 0.994189235458537 0.995496256322725 0.995773358159885 0.99405798823749 0.996431865571701 0.996066283473866 0.995951298217817 0.995701032470825 0.993674670049416 0.995442229360552 0.994845759416568 0.994549237994992 0.997660085643831 0.996634164521245 0.997616899925143 0.997632318833266 0.997628677098885 0.996710228382487 0.996701712288553 0.997619763170658 0.996631725243394 0.99758218196501 0.997541516383246 0.996530478181938 0.997523504070037 0.997514600036 0.996496822972016 0.997512551854643 0.997477957164265 0.996415803584052
0.995940486705054 0.995958204670604 0.995693623960541 0.991280653636337 0.993721818724278 0.995082166597544 0.994510336800557 0.996357668509502 0.99643254993391 0.996828156555954 0.99459274167859 0.996429622407383 0.996184439679482 0.994068500930788 0.995636295341435 0.995778355957949 0.994746038394911 0.996191646273557 0.99553291199688 0.996455951205059 0.995354644939949 0.995655487462379 0.995298355668591 0.995283591008212 0.993080273982485 0.99438995251435 0.993043664941445 0.996652432230124 0.997613996365393 0.996656036846048 0.996640849340106 0.997634207537555 0.997603303644178 0.99761019612728 0.997590146070643 0.996590363452294 0.997570181948342 0.99654370295441 0.997544391477388 0.997528504077907 0.996496205825109 0.997520074853035 0.996482565211251 0.996457969807221 0.997480894363146
0.995916886901003 0.995996518214309 0.995827764592964 0.995972308376057 0.994528795534753 0.99503185981057 0.996316868137304 0.996327716597046 0.995031887290872 0.996848432894396 0.996045643406354 0.997017623893595 0.997102429362939 0.997060526112161 0.996854316352555 0.995714428161342 0.997152364370655 0.996428760057549 0.997079627276515 0.995949682433206 0.997120381074671 0.99424522354837 0.996045467298515 0.993751597753592 0.995002587620515 0.993324964643446 0.997704626790807 0.997622322285702 0.997619566011971 0.997634395977845 0.997616142192708 0.997603507341581 0.996619627175365 0.996622107719652 0.997611541713938 0.997593993361985 0.996551031953966 0.997542651108715 0.997515665665853 0.997530651448763 0.997513400318781 0.997519866535778 0.997502738722632 0.996467189877296 0.996446866875418
0.993202059092929 0.995311440004488 0.994613972268147 0.996197300349371 0.99521808582632 0.996201803154366 0.996345895470976 0.996899156601579 0.996428939254865 0.997113504110049 0.995880911433529 0.99638369918542 0.996451823952784 0.996309637801931 0.996075530493443 0.996298406738302 0.997027850760062 0.996925726658904 0.997080169777713 0.997161992208784 0.997160242581156 0.995881380631649 0.997152481307918 0.99551447817448 0.995847251722749 0.993034113779971 0.997723399907378 0.997645398455948 0.996694288577529 0.996678472159327 0.997636979819941 0.996631867493311 0.997631467387207 0.997630150939162 0.996619223047467 0.996583661877449 0.997550634054079 0.997561537227475 0.997516608088181 0.997516392808186 0.996481894157661 0.99750899096171 0.997503303575117 0.997505903932201 0.996447507763159
0.990881049598629 0.995569271767897 0.994736361072937 0.996674708407685 0.995797897445139 0.994949427339559 0.996888940626742 0.996845266295506 0.996409141235951 0.995931203314689 0.996735151747544 0.996468740819276 0.996383760747074 0.995087379513982 0.995990630894256 0.996033141486603 0.995851094455826 0.997081905446443 0.995978353059636 0.993893795382093 0.994788535371941 0.995669314550612 0.996044105397171 0.992691005902498 0.995980319619884 0.995931735174784 0.997742093064752 0.997665692726832 0.996730662474342 0.997659882348748 0.996671589819238 0.997640524592291 0.99666033334886 0.99664910238704 0.996628026880202 0.997583531121079 0.997565585196194 0.997544867228511 0.996505570123834 0.997529496862651 0.997520355671003 0.997527624075058 0.996478701837312 0.997490925666738 0.997492689251003
0.994200020964324 0.996046678236815 0.995238086780645 0.994096069649695 0.995962142604024 0.996907264298541 0.99685720916965 0.99614430178707 0.996307988337902 0.994708208218945 0.996469459429215 0.996177895916653 0.996531929205047 0.99614597348503 0.996213939515859 0.996262598927186 0.996260227978568 0.996075591461271 0.996002770953227 0.994341929207859 0.9962493423841 0.995884182559461 0.993268374486984 0.997004736439121 0.996946618678236 0.996804990313007 0.996828045771085 0.997726005266542 0.996751622355382 0.997671493738761 0.997654468604375 0.997633390885301 0.997634244850157 0.997626047214362 0.997601440354914 0.996592256540885 0.997587137650208 0.997546132168793 0.997530302848908 0.997535122717642 0.997522541977095 0.997506694285995 0.997510842283419 0.996448019774785 0.996439670154054
