Model input/Uganda/survival/Tsurvival/Tsurvival_restime_1may.asc
NCOLS 67 
NROWS 67 
XLLCORNER 29.500000001 
YLLCORNER -1.499999999 
CELLSIZE 0.0833333332985075 
NODATA_value -9999 
[rows 40 to 59 of 67, columns 0 to 44 of 67]
0.992003347916184 0.993631589338089 0.996291306303774 0.996364619025394 0.99344501074887 0.995479435620172 0.99422123368122 0.996350008754026 0.994612577542865 0.995808902231782 0.995811028596864 0.995915433315875 0.993832102339812 0.995856013985625 0.995161965371498 0.995904040253658 0.995695747952207 0.99411714591849 0.99505127842453 0.995024467970792 0.994820455046328 0.992895521663066 0.994658045229349 0.994671978601034 0.994765230573281 0.994610178501844 0.99459707795424 0.994823973066129 0.994467195034015 0.994284390407705 0.994659798515402 0.994310162456943 0.996015098172056 0.993179340366851 0.994888250392572 0.995546474288122 0.994587274603712 0.992192093165719 0.994319990375687 0.993610463545658 0.993706638651497 0.994199695070749 0.99731756904696 0.994783930696289 0.993106749299354
0.994293215389753 0.992165993119972 0.996236295470478 0.994733495670551 0.994944912403905 0.995352557842411 0.994825415053921 0.997696386345314 0.996057901096005 0.996387238006352 0.99508322339579 0.995660564172922 0.993760964109709 0.995397407982998 0.993665924547603 0.995789570993806 0.994918409445858 0.993673910769995 0.994112452399981 0.995657480087836 0.995354407054523 0.995219036305638 0.99474615599703 0.994974517482334 0.992814066798138 0.994751360274647 0.993998557869594 0.994304967502357 0.991927742214045 0.994499397640023 0.994700561609392 0.993141312273972 0.995949471709503 0.994494000138429 0.994562473803408 0.994557237141947 0.992893025236313 0.994472902129696 0.993614126710578 0.994674477953048 0.995536369870198 0.994979573991814 0.997356433843152 0.994573795971444 0.995103849175403
0.993806191993217 0.991338112623914 0.996243960505422 0.991327556038937 0.997608231211663 0.997934329460884 0.997973105536867 0.997376086617854 0.99622294366585 0.995607183388941 0.995786351833718 0.996336099360546 0.995502986617045 0.995146112432654 0.995212890760577 0.995118961904118 0.99353730425068 0.995202193242138 0.993225243723609 0.994856473341109 0.992561164876285 0.994654101876371 0.994710750612166 0.993187792576888 0.994428531109408 0.995485098732362 0.994718154832619 0.992858405070913 0.99459011928885 0.99467495627263 0.993151754169066 0.994523303917672 0.995947959441644 0.99560499953522 0.995095992110951 0.994512026266891 0.994648952188293 0.994466933379066 0.995423831758901 0.99439477355318 0.99535823711728 0.994934553732095 0.997396489601015 0.997389342228189 0.994417272827559
0.996557754726454 0.995050931448706 0.99407556898801 0.996223255541888 0.999375397249621 0.999408426376338 0.998891063221151 0.995020390506693 0.99418789798504 0.995284925297307 0.995397014233856 0.996059876288909 0.996172138519541 0.994928715238618 0.992858206115358 0.993096870352514 0.994941003549188 0.992527976614291 0.992736980643454 0.994930207825152 0.994742637605509 0.994975869645019 0.99359547770639 0.994460949858106 0.992298094583166 0.993740352281725 0.992382865960861 0.994612601885156 0.995469925640234 0.995965143060984 0.995099212219258 0.994412947025253 0.995783363184399 0.994547368444268 0.993374484275884 0.995150002928953 0.99456826981036 0.993275673269735 0.994500658678816 0.994458710207237 0.9953694606827 0.994970827117423 0.993911915938722 0.99748800668314 0.994543572325013
0.996564459396646 0.995550355276919 0.995499985394348 0.998046789088415 0.999596487615043 0.999111268166292 0.996616769328638 0.993879038681678 0.993125601632124 0.995479906103389 0.995536183160124 0.994804009426979 0.996095334409046 0.995257402909645 0.995337993864456 0.992842865039265 0.994867721023981 0.992858570709097 0.993090125247308 0.995190779510261 0.994992899466881 0.995714104774729 0.992119551637044 0.992817373117834 0.993938144182468 0.995002234407321 0.994823126706207 0.996134368239282 0.993697263447162 0.994202615014608 0.994783426303084 0.992476505617286 0.995201064524476 0.993911593410647 0.995451459862224 0.994591449723056 0.992730260757805 0.995016794955096 0.99464435483921 0.994820447102215 0.995369079247543 0.994856526645755 0.996542623052969 0.996489473014104 0.99642152498925
0.996574293992882 0.99505637261865 0.995143625115466 0.998151393303411 0.999562795755862 0.998803458524701 0.997472366418036 0.995318517285643 0.991988954936599 0.995408945456596 0.995546323027894 0.992414461970727 0.996031981130611 0.994856447996797 0.993666023119041 0.994842362962106 0.995463441464522 0.994760651241113 0.994830530207054 0.995457391731016 0.993168822735702 0.995753981027375 0.994178447324557 0.995792399076208 0.994700849448043 0.994811937906993 0.994879484863581 0.994537395879773 0.99582473647842 0.995941488846372 0.993288706938368 0.994737558343318 0.994981597784599 0.994936561011294 0.994586425869366 0.993240847784919 0.994882675976995 0.997413171010957 0.996499170921934 0.994450999230404 0.994862856746915 0.994508916421243 0.99758450423967 0.997480627389606 0.996359978116682
0.995510279006065 0.995054675364273 0.995401807502695 0.997299887997897 0.998639289795214 0.997748005558798 0.994338082079172 0.994866870345721 0.996217510408259 0.995680816905829 0.99563395388975 0.994840807104605 0.994403218108506 0.995631753300109 0.995712760994202 0.995797200454148 0.996117392564694 0.996140754547157 0.99631503516309 0.996415402026979 0.99641113789602 0.996630125093129 0.995275180080668 0.994757123463248 0.992897208867911 0.992973549783954 0.994641487612456 0.994837684952442 0.99483873695542 0.992986542307325 0.994744673917915 0.994784228050146 0.994752271044573 0.995125132475887 0.99658247159156 0.997556747005087 0.996500968331117 0.997502360332075 0.997548598399143 0.997563596427842 0.99750617931332 0.996485168717541 0.997575858517723 0.997440596370393 0.997427003293775
0.994387911670526 0.996473404770538 0.995932193013482 0.997512621765243 0.997460854761201 0.995060895776998 0.996541767150822 0.996206025003966 0.996248520760274 0.996361356915749 0.995063233774763 0.996485699584704 0.996280629325435 0.996238083990298 0.994710759731894 0.994718723920566 0.995775509692221 0.994974188830631 0.996070357336102 0.995379374383952 0.994536795390145 0.994909821250017 0.995383940693916 0.995408632492755 0.995397610892228 0.994741383644694 0.994945271973118 0.994976856763369 0.992904937889914 0.994727293010616 0.994657874889691 0.995108872016379 0.996662625801143 0.996565572469669 0.997564198133898 0.996523486044463 0.997517317768769 0.997485510119975 0.997510328587914 0.997501291525856 0.997544997723061 0.997639149265931 0.99749386281451 0.99638484822996 0.997422324968706
0.994996245551329 0.996424668491091 0.996606210890885 0.996978222138009 0.995896102852853 0.99434517780225 0.996128279635234 0.994526040544465 0.996281025253146 0.994911481480438 0.994893435424039 0.99561725875902 0.994894865818237 0.995859839465568 0.99468948428299 0.995829071493799 0.995640816569947 0.993009386434004 0.996177054934404 0.995152533929494 0.996142140912521 0.993580905174598 0.995223946401364 0.995110033593487 0.996859189800981 0.996929688097332 0.996925541136044 0.996930029787707 0.995735383007267 0.99501283247472 0.997615417676018 0.996628545718121 0.997595713438586 0.997580318374615 0.997522810193516 0.996443804444931 0.997469446108517 0.997471163035422 0.997465737996159 0.997495161141842 0.997459571232846 0.997460846287792 0.997437725480825 0.997426479468454 0.997420828775654
0.996604763799783 0.996355680930787 0.996387235339373 0.99622952023164 0.996326343081124 0.993322761045658 0.993080758840531 0.993397344010451 0.994642092339541 0.996563453584565 0.993670319046895 0.995070244010987 0.994152240590564 0.995109502513336 0.996210200458097 0.995917655553671 0.995013739658026 0.99378398157047 0.996282030515075 0.99617908745717 0.995336330749642 0.99449649067379 0.993279755390835 0.993279018794801 0.994829384750648 0.994952773456933 0.993931666206925 0.992710917792814 0.997543993388457 0.9975780514071 0.996603832873038 0.997589406558992 0.997588849366388 0.997544975018279 0.997506867386841 0.997477284585754 0.997474897774313 0.99749432991107 0.997514607700283 0.997540774253245 0.997472813864511 0.997456231862662 0.996414303864897 0.997449650679744 0.997422282298864
0.994818755813495 0.9962141738388 0.996195367294134 0.996193796233623 0.996123302155566 0.992942117647202 0.994660908803865 0.996195909177376 0.996380572750716 0.994486646611726 0.995715691836739 0.995342382339076 0.995901273715236 0.995265001865906 0.996281762331251 0.99585134853578 0.995071618849894 0.995542097248954 0.995262174323231 0.996271632612527 0.995473519595133 0.99619842013143 0.995394145765757 0.9933834947929 0.996349540999104 0.994680223484572 0.995745252463962 0.994613349895596 0.99654353855074 0.997567459009264 0.997570335512176 0.997564786548362 0.997546108564344 0.997525687573033 0.997497342022391 0.996462379339868 0.997506805853629 0.996459787032984 0.997542688413739 0.997541341183393 0.997470094185291 0.996441986406122 0.997469247791277 0.996383540825785 0.997408876604994
0.996098599140524 0.994525045441216 0.996149303580406 0.996203592593829 0.996182586371709 0.996296253832023 0.993764905936106 0.993896425032627 0.994771887273875 0.994062410104244 0.996121403820303 0.994437287042447 0.995729858784652 0.993585061056751 0.996371048759258 0.99493453230842 0.994108008094522 0.995275107106599 0.993931961146298 0.996148452427075 0.995682728253258 0.995951289212201 0.993755186573277 0.995501566906021 0.996400884067624 0.992448249675026 0.995629826198838 0.994774058137595 0.997565931443785 0.996605495251011 0.997594443291286 0.997587217111542 0.997564368954465 0.997559482304954 0.997542240695945 0.997525512818694 0.997499248045703 0.997493609355215 0.997488236944707 0.996447524245005 0.997474516120505 0.997476950374795 0.997471445116773 0.997450631267904 0.996358472199771
0.996050486327263 0.996070603036256 0.994562757003529 0.994639023380745 0.99627875738552 0.993998398710871 0.993731738805768 0.99619978479935 0.993816818292627 0.995675212411013 0.995429025985125 0.994678252937528 0.995916303437356 0.994359350935919 0.996017946870965 0.994123559864488 0.995420279670442 0.993487574604997 0.995512644679557 0.995855447012616 0.995926119015764 0.995755295620566 0.995652934049865 0.996078668476355 0.996379801888389 0.993675596247282 0.99523993397754 0.99272487966852 0.994966191313266 0.993386551241282 0.996582593939007 0.996626340845368 0.996617561142165 0.99760012807806 0.997560546019308 0.997538126680748 0.996521568482086 0.997512252489499 0.997509161176842 0.99748250556725 0.997483717626259 0.997482236562627 0.996426979791794 0.997440073212471 0.996360164255476
0.99440971857608 0.99607381423519 0.994615889022935 0.994674755723275 0.996343130818452 0.993117916948234 0.992667140499484 0.996518054194187 0.996334283147154 0.996461238535083 0.996961926287169 0.996625337482183 0.994034205537978 0.994208585297468 0.995454984389379 0.99547191314455 0.993609563510046 0.995599371310219 0.995658861096304 0.995709816627997 0.994482311326636 0.993954598729254 0.994030299340456 0.995615143311819 0.99617582299979 0.99542815472922 0.994898712576804 0.994921439176327 0.995346413162265 0.995828411779379 0.997591702909883 0.997582902003579 0.997591550039908 0.997621227081859 0.997594769031427 0.997567700565027 0.99655556878089 0.997532678831207 0.997503530624295 0.997495628471969 0.996470596523213 0.997495008289561 0.99748062991646 0.996409421099594 0.997427747830733
0.996084099441027 0.994548067593689 0.996219286831969 0.994769989529846 0.993356982158689 0.99271019830163 0.99560373824701 0.99485342586258 0.995847737514795 0.996530580822587 0.995480531451084 0.99641460545333 0.99581950792291 0.995796365859238 0.995714690939609 0.994184244273679 0.995555026944541 0.995855239709602 0.994265222136612 0.996716619492169 0.996427812999072 0.996231812902318 0.995883599454021 0.994033986304615 0.995809784556411 0.995311696809745 0.994597213564973 0.997616812482776 0.996641140058437 0.997592441065396 0.99759794733505 0.997587915753193 0.996642334290299 0.996625004145313 0.997587267170833 0.996584240462561 0.997553904248968 0.997524466249601 0.996498721571366 0.997500370151824 0.997488373123272 0.996461213510274 0.997485299023088 0.997450869972554 0.996383868507704
0.996179926687082 0.99613145775252 0.995662248117091 0.991281956366158 0.993656608628637 0.995060192061711 0.994363607695211 0.996353813320455 0.996435323970344 0.996918326899032 0.994586512967506 0.996495620387168 0.996183943619147 0.993948795687322 0.995818140896212 0.995991703941481 0.994847820852265 0.996322071554987 0.995648223828071 0.996719548497107 0.995789136511918 0.996232713016946 0.99595295633528 0.995651860027838 0.993539699927523 0.994956337247247 0.993165850900701 0.996627079947872 0.997590106229339 0.996623527468915 0.996612336015663 0.997617367622492 0.997589528698974 0.99759029983118 0.997579764918431 0.996575533510516 0.997559907248762 0.996524641244486 0.997532707113639 0.997513848491164 0.996478950865167 0.997502014566051 0.996446213516325 0.996425403397232 0.997461909027391
0.996132138204489 0.996114459048222 0.995818321227282 0.995998183677177 0.994587575539018 0.99491134109807 0.996342885649097 0.996386345583419 0.995088735353883 0.996942024097911 0.996016796407374 0.997027564882401 0.99709253647355 0.997093241488607 0.996962422310708 0.995885310175734 0.997280906824231 0.996568473720364 0.997208231978904 0.996121262593472 0.997279369232774 0.994927660220786 0.996315377635725 0.994184097881872 0.995115826779549 0.994063293265307 0.997765344700565 0.997647531063192 0.997636987882158 0.997638931716817 0.997615213520544 0.997610965970184 0.99661427878041 0.996601165562218 0.997599021883329 0.997579996629519 0.996543395197435 0.997541774492807 0.997526427887872 0.997526963575182 0.99751962984585 0.997508388851746 0.997474775215411 0.996440940506517 0.996420279404789
0.993204791394581 0.995429771593579 0.994827816190071 0.996209652289449 0.995238048928729 0.996193774472263 0.9964357757134 0.997004725085964 0.996483215987798 0.997177727932824 0.995890139084063 0.996339107552845 0.996436257634621 0.996340126760423 0.996202905947256 0.996416843176525 0.997133588031766 0.99702172715663 0.997254261796424 0.997308064834785 0.997293725096876 0.996161842128427 0.997384212389533 0.995537883192095 0.996232087641902 0.993397306103483 0.997797161590535 0.99768175805789 0.996736608859851 0.996709397086001 0.997656921275725 0.99664596338743 0.997625098612051 0.997611028167402 0.996593448347301 0.996569019673134 0.997552594259527 0.997565953032132 0.997529989674699 0.997523730883229 0.996486087866097 0.997493774825663 0.997490251889956 0.997498217004605 0.996434574511002
0.991008367736449 0.995731419460953 0.995002822738699 0.996647517681474 0.995754643650862 0.994965666820648 0.996939860984314 0.996933824252272 0.99648406312938 0.996000570297515 0.996682097307723 0.996399152652666 0.996393000764909 0.995109357924885 0.996103269922583 0.996200756911799 0.996010726858544 0.997188452274604 0.995993431336154 0.994189957485397 0.995052113917562 0.995948635387763 0.996362306724784 0.99308834217937 0.996349166678326 0.996170738652893 0.997773166304377 0.997740998392952 0.996784425598105 0.997686063071627 0.996712377943631 0.997656260776198 0.996642938067933 0.996627255893752 0.996599318765759 0.997577638191894 0.997558622939169 0.99755206602627 0.99652631465654 0.997550083222499 0.997534228617805 0.997520640811058 0.996483804067204 0.997488064084063 0.997493118485512
0.994405088416929 0.996124020453057 0.995502540164223 0.99444529058293 0.995976576534697 0.99685220622395 0.996791987331129 0.996110663716901 0.99621120696424 0.994575197583269 0.996423250644638 0.996202574303125 0.996531287607852 0.996208858590824 0.996322165207581 0.996368814941139 0.996326107716819 0.99614670181662 0.996072862607012 0.994549438158323 0.996487152986224 0.99612780284241 0.993344627094677 0.997262673743498 0.997101826520123 0.996930321576509 0.996832374684867 0.997797277081502 0.996812422314501 0.9977096720327 0.997673050676996 0.997646940300814 0.997622604133833 0.997602183915887 0.997590402988504 0.996591458735903 0.997578707779932 0.997548464327401 0.997537514020311 0.997542153386487 0.997535684795634 0.997503707273263 0.997511506771573 0.996461177680486 0.996441372586195
