Model input/Uganda/survival/Tsurvival/Tsurvival_restime_1may.asc
NCOLS 67 
NROWS 67 
XLLCORNER 29.500000001 
YLLCORNER -1.499999999 
CELLSIZE 0.0833333332985075 
NODATA_value -9999 
[rows 20 to 39 of 67, columns 0 to 44 of 67]
-9999 -9999 -9999 -9999 -9999 -9999 -9999 -9999 -9999 -9999 -9999 -9999 -9999 -9999 -9999 0.99444354094393 0.993757025494558 0.995705365950834 0.993164297104061 0.9943585942377 0.992986418152377 0.993182683892688 0.993573054438018 0.990989300047082 0.994112029748191 0.993938373474108 0.990029429224628 0.990751770393349 0.995665130016068 0.994859114342305 0.993164788776559 0.990466165612322 0.993815519978938 0.991380619285588 0.995456167716902 0.995414411700451 0.994568774881654 0.993939827774545 0.993510059924927 0.993796071318606 0.993947766640948 0.991579701045331 0.994119103891897 0.994093598043055 0.993561129625685
-9999 -9999 -9999 -9999 -9999 -9999 -9999 -9999 -9999 -9999 -9999 -9999 -9999 -9999 -9999 0.99588114921852 0.994415987379799 0.994210367254323 0.995215289167936 0.99442320772466 0.990993168277604 0.992794097377824 0.990923223715241 0.992477550635415 0.995420798830474 0.996783422332421 0.99685688790248 0.996886923352312 0.993565116601138 0.995806483028409 0.996984734832905 0.993426033627576 0.994169847898148 0.991346338940602 0.993655206977577 0.993476618677761 0.993932979662254 0.993026674405081 0.994844869399133 0.994741508676809 0.994526805439207 0.993677224508346 0.993629020058514 0.993854955477472 0.993765642235977
-9999 -9999 -9999 -9999 -9999 -9999 -9999 -9999 -9999 -9999 -9999 -9999 -9999 -9999 -9999 -9999 0.996473239959247 0.99479273435032 0.995453635254165 0.991357922615444 0.995700498139468 0.995376167505611 0.996704869436847 0.99674708905522 0.992745402676315 0.992888457980574 0.993133156762504 0.992049953428656 0.994354396474168 0.994128882199831 0.993946294056776 0.99582697717506 0.997055081503332 0.997127740079401 0.993823091588097 0.993938281661072 0.995224206372522 0.993809913068569 0.991905585836428 0.993876688799753 0.993905462318744 0.991071170888218 0.993567367106441 0.993522046248425 0.991305455589902
-9999 -9999 -9999 -9999 -9999 -9999 -9999 -9999 -9999 -9999 -9999 -9999 -9999 -9999 -9999 -9999 -9999 0.994886671109044 0.997779024864631 0.997392304748395 0.996816119472879 0.996723391747242 0.996719102241159 0.993529473750493 0.993233533542824 0.991340292378298 0.993543394346604 0.991819111605116 0.993700104784716 0.993979759498709 0.99386175050193 0.993825276553191 0.992358166592759 0.997155796566373 0.993802661176555 0.991916305434178 0.993430799722394 0.994256360652559 0.99385823769269 0.993780850169726 0.993601128964867 0.990796539143989 0.994056703952947 0.994506731704056 0.993817783168372
-9999 -9999 -9999 -9999 -9999 -9999 -9999 -9999 -9999 -9999 -9999 -9999 -9999 -9999 -9999 0.997145172401092 0.997146194321648 0.998070988281598 0.996059000856676 0.995806283320021 0.996752910489231 0.996773423708915 0.996730835842744 0.996755697793358 0.99274926568702 0.994778745206954 0.994816940116994 0.994007885189852 0.99168037183529 0.993565673238315 0.991486096122643 0.991467369912669 0.993936134419373 0.994748127068955 0.9959449266639 0.995399430486392 0.993856143529927 0.991118973550296 0.991074741055054 0.992310162089461 0.994188309142399 0.993390951097049 0.994880044848106 0.994587219142849 0.990934085210416
-9999 -9999 -9999 -9999 -9999 -9999 -9999 -9999 -9999 -9999 -9999 -9999 -9999 -9999 -9999 0.997369787023265 0.997612332826909 0.997174668873619 0.996879697694271 0.996797157113767 0.995458896060753 0.996795111518769 0.996753953901282 0.995382897106647 0.993530017434217 0.993387171908118 0.991290766646363 0.992648756607378 0.991465432840252 0.994387215991424 0.994012008797254 0.994045708267669 0.994015627728987 0.996012092429464 0.995194574659585 0.995097340754826 0.995018126505581 0.99486496457655 0.994693804068388 0.994001698927077 0.994023468313582 0.993510305625787 0.992921475936655 0.994066368896393 0.990961236259267
-9999 -9999 -9999 -9999 -9999 -9999 -9999 -9999 -9999 -9999 -9999 -9999 -9999 -9999 -9999 0.998102566885905 0.997380609715 0.996896925259992 0.996851970825457 0.995523825561469 0.996811268971004 0.996786681426495 0.995428462294692 0.993393446416418 0.992550618863388 0.994001923588866 0.994123031737806 0.994742825647466 0.993903940102175 0.992732737606151 0.994294484574463 0.991958626592335 0.991514411806495 0.997181520961991 0.995997272664456 0.991967141381903 0.993871603258408 0.993701516298032 0.99370145171678 0.994404362399946 0.994249981709969 0.993272345779579 0.993565844515095 0.994446419888428 0.994083760097589
-9999 -9999 -9999 -9999 -9999 -9999 -9999 -9999 -9999 -9999 -9999 -9999 -9999 -9999 -9999 0.997551543352263 0.996934924742477 0.996893376016309 0.995579539744772 0.996849012512051 0.996808105770745 0.995478927251442 0.99685574681956 0.993495326009125 0.99482123109595 0.991747039966487 0.991649019619674 0.994021640297449 0.991524750052857 0.991633563373361 0.992985896750194 0.997180793460762 0.997192552337418 0.997229581168988 0.993830946362512 0.991258335948765 0.993880988159728 0.994425635099815 0.994734730330884 0.993764105320857 0.99549238521174 0.994913252396602 0.993625929509328 0.992247457225233 0.997011586220539
-9999 -9999 -9999 -9999 -9999 -9999 -9999 -9999 -9999 -9999 -9999 -9999 -9999 -9999 0.997518083802997 0.995708073247338 0.996913771944237 0.995612121667086 0.996860709043351 0.995534061608768 0.9955174452986 0.996954607435387 0.992667148770335 0.994657558794343 0.99487541228738 0.994700565583891 0.991599606377188 0.994809965068113 0.994045099645214 0.991315291420488 0.994230886504608 0.996047989946724 0.996088319216238 0.997272515648896 0.994363485020353 0.994280574917237 0.993776529750374 0.994125639553007 0.993953920141177 0.993754167245514 0.993681570007049 0.994765048961772 0.994573513483373 0.993387318339321 0.995636194892398
-9999 -9999 -9999 -9999 -9999 -9999 -9999 -9999 -9999 -9999 -9999 0.998283284351847 0.997263724341143 0.996292448205437 0.995691328110491 0.996914756228212 0.995631530269931 0.996897173626073 0.995562342806976 0.996855425273338 0.995832199551213 0.991893907130187 0.994205469791131 0.994116569741235 0.991638574907456 0.994498587233394 0.994026036899898 0.994924058913441 0.994005553504141 0.993641525824175 0.992063412447191 0.997227999594115 0.997217103851468 0.996044548139581 0.997142171579806 0.994248603393324 0.99585234335682 0.995809440262018 0.997045128451814 0.995756601790347 0.995745283255041 0.996990660869297 0.996971323041396 0.996920420528522 0.995606342982671
-9999 -9999 -9999 -9999 -9999 -9999 -9999 -9999 -9999 -9999 0.995709831773506 0.997399470502254 0.996985551721313 0.996910077271088 0.996899118565578 0.995625200014781 0.996896320881177 0.996824171748218 0.995497886034904 0.995963315864246 0.992208217735161 0.994062463859771 0.994268010766618 0.99236049981946 0.994135487939633 0.993983981499252 0.994467706515659 0.995238614066098 0.99440474967979 0.993363851574649 0.995027252679163 0.99466760219697 0.994001655531773 0.994749092515808 0.99714898791816 0.995916809185638 0.997102659800618 0.997075792140054 0.997036120629308 0.995733210214271 0.99696116630409 0.995686782588556 0.995659816610641 0.996889211976538 0.996922507992363
-9999 -9999 -9999 -9999 -9999 -9999 -9999 -9999 -9999 -9999 0.997034896546086 0.995501009277984 0.996874366921786 0.996873045281759 0.995594703593996 0.996885395442109 0.996822282395915 0.995513407889193 0.993735648606241 0.995310175347945 0.991832851187086 0.991827006731642 0.992173003012942 0.994362883683355 0.995041594272559 0.994534289231037 0.995394025206975 0.995225078522411 0.996307465104628 0.994952334144891 0.995866362375406 0.994187571353611 0.991844332118521 0.994110559338979 0.992347133885687 0.991783632779786 0.997091705958402 0.995866245888786 0.997029433071311 0.997011191337534 0.99699145387762 0.996965160542084 0.996966509029361 0.996912221768578 0.996904434500701
-9999 -9999 -9999 -9999 -9999 -9999 -9999 -9999 -9999 0.994774251788922 0.996823476217583 0.996864319917375 0.996863781139043 0.995555688624208 0.996864474292951 0.996849482583017 0.99591127238853 0.994798862842496 0.991856341394214 0.995228557498918 0.994903705709683 0.994660780650251 0.994411502576467 0.992105791061583 0.996052220148959 0.994485983575381 0.995420493981099 0.994838609335643 0.991380672236969 0.994036967754816 0.994153890093706 0.994159259718491 0.99429908989084 0.994336225492312 0.994273372807581 0.99407546187185 0.997089160520809 0.997093562894085 0.995836129794632 0.993801780091909 0.995808893324526 0.996976962406716 0.996972845918951 0.995682493735494 0.996910036582332
-9999 -9999 -9999 -9999 -9999 -9999 -9999 -9999 -9999 0.994326652997734 0.996915316744509 0.996905585385287 0.995562320005371 0.99684140291317 0.996823824080731 0.99601107421076 0.994536527163152 0.994769962219893 0.991663721814287 0.994055279989284 0.991711131466908 0.994163736065548 0.996022466037847 0.994405596609168 0.994878063914984 0.99406379921974 0.994587641586145 0.994019887024088 0.994514043196424 0.995339712424 0.994365434786748 0.994137074923833 0.994163673540905 0.994683885553183 0.992047683038863 0.991704431838937 0.99314888665382 0.993936498873008 0.993595385777251 0.994082274240141 0.997122017663049 0.997072636872577 0.990023115869744 0.996982050248883 0.9969756503263
-9999 -9999 -9999 -9999 -9999 -9999 0.996456700393157 0.996480356281676 0.995671243359481 0.990210838616172 0.99581558737858 0.995626730825535 0.996878006214191 0.995532141934868 0.995633726547211 0.994534616425395 0.992260215594715 0.991935549066866 0.994229474428911 0.993921030778134 0.995327675520859 0.994244564049801 0.994327238018701 0.99413720070466 0.991664924693558 0.992423608145057 0.994702445240542 0.991915080628025 0.996091638250714 0.992001383111624 0.993372699427009 0.994346798049443 0.994954916091063 0.994015542328813 0.994239075084492 0.994322334235517 0.994621871353232 0.992880811599785 0.991581601286819 0.995857717505722 0.993933624527583 0.995994869511183 0.995164420090574 0.993895834531341 0.997025485746473
-9999 -9999 -9999 -9999 -9999 -9999 0.994212262566494 0.994014281807301 0.993614994397712 0.993816823107891 0.992341803473854 0.995326155900203 0.995543650949174 0.996882535613254 0.997205472412728 0.995988236346829 0.995833549053646 0.995791331734868 0.995708189876932 0.995688929442747 0.995207568257177 0.991576005530783 0.994054143263446 0.995708192843492 0.994027626082297 0.994153982681048 0.994369984555859 0.992964521320342 0.996066092635525 0.991556804616993 0.995232471187806 0.994385807286144 0.994836682399862 0.994340778152932 0.993998764802811 0.994381969466792 0.994377968728346 0.994963564502703 0.994360342375774 0.995891507006339 0.994153187892772 0.997141619662638 0.992244099573464 0.99300505100794 0.993890524656783
-9999 -9999 -9999 -9999 -9999 0.995056728795514 0.991890848405408 0.9943444938324 0.99399564952884 0.98864460743643 0.988314446933159 0.996657061031817 0.996831092701905 0.997161705164261 0.994589218949665 0.993305008188309 0.994375028391983 0.994731233798233 0.992343749451704 0.995668367341638 0.993954308099996 0.993067932809622 0.994865805771124 0.995706638605672 0.99421302379137 0.991720838862917 0.991742929512153 0.994773459844483 0.994977052392025 0.994415039614151 0.994539542232898 0.992876772549532 0.994457232953823 0.994461587979999 0.995582579447648 0.993344515355621 0.994402086380323 0.994566869664521 0.994790374577703 0.995901176689189 0.994275036979491 0.997168502508216 0.994155989393005 0.994937947230758 0.993940333122312
-9999 -9999 0.994339432273025 0.993200736034873 0.99533940333009 0.994126242820551 0.993171292184063 0.993812165638695 0.995714206303528 0.992040345592188 0.993879494081033 0.994080223131225 0.995957254839316 0.992708429736563 0.992975100287113 0.995279291106435 0.994755172419415 0.994541186707937 0.994310571319763 0.995635702828272 0.994131990668061 0.995080279704942 0.994670720981084 0.995175973961526 0.993757299090452 0.99457147557093 0.99442464294818 0.994305067085044 0.994907060182593 0.996069417440601 0.996013995777657 0.994302391488137 0.992195695506285 0.992358703883446 0.995482836328059 0.994086616285583 0.992823780686988 0.994561899311262 0.992431504884591 0.995860444746853 0.992057093004217 0.997182086815455 0.994217974346115 0.994231167115522 0.99209268111986
-9999 0.99271591273102 0.993574268457637 0.994548215458038 0.993800173551464 0.993958341641799 0.996068239279288 0.994436514175057 0.993445475624824 0.989442274289316 0.994572862748787 0.992852502092566 0.995989402386758 0.995082371799604 0.996372053017388 0.994799014813101 0.993193659357543 0.994694315022424 0.993159254199196 0.995473787278771 0.994750707518636 0.994546852284891 0.992512450266257 0.995326144549042 0.994491946851368 0.993381790236059 0.994151097719415 0.994023280975768 0.994506562785632 0.992117447602371 0.992894002314584 0.994344748800992 0.994961604379363 0.994227669929702 0.995479735392063 0.994318440916006 0.994936387965902 0.994488326611406 0.992309500013423 0.995836569971601 0.991601587529043 0.997191638533979 0.991760705116803 0.991804191124251 0.991293592038351
-9999 0.992370276903266 0.992296667525417 0.996444588562159 0.996505588444251 0.995026611791927 0.994200010186734 0.994736643038651 0.99554997615648 0.993401341011864 0.995393892397953 0.994706654655191 0.995688629333724 0.995905572188514 0.995151709699258 0.994762116076475 0.996074091991436 0.994733000403747 0.994896621731388 0.99247678704703 0.993256871804091 0.992297513693543 0.99459110930549 0.995170020525573 0.994663289002598 0.995219959146986 0.995083669852946 0.994956317337037 0.99432770797572 0.994185225595507 0.99479941785307 0.992221027176467 0.994286313595329 0.991866492228139 0.994438264615603 0.993575772731166 0.994520118380285 0.994282234064202 0.99374015160925 0.995580103492162 0.994066788533333 0.994041720627249 0.996071958973987 0.995385561517233 0.994196168679135
