Model input/Uganda/survival/Tsurvival/Tsurvival_restime_1may.asc
NCOLS 67 
NROWS 67 
XLLCORNER 29.500000001 
YLLCORNER -1.499999999 
CELLSIZE 0.0833333332985075 
NODATA_value -9999 
[rows 0 to 19 of 67, columns 0 to 44 of 67]
-9999.000000000000000 -9999 -9999 -9999 -9999 -9999 -9999 -9999 -9999 -9999 -9999 -9999 -9999 -9999 -9999 -9999 -9999 -9999 -9999 -9999 -9999 -9999 -9999 -9999 -9999 -9999 -9999 -9999 -9999 -9999 -9999 0.989852098137635 0.992948673279205 -9999 -9999 -9999 -9999 -9999 -9999 -9999 -9999 -9999 -9999 -9999 -9999
-9999 -9999 -9999 -9999 -9999 -9999 -9999 -9999 -9999 -9999 -9999 -9999 -9999 -9999 -9999 -9999 -9999 -9999 -9999 -9999 -9999 -9999 -9999 -9999 -9999 -9999 -9999 -9999 -9999 0.992873277413332 0.9903781227743 0.992605540461804 0.990614154283318 0.989691926194156 0.990137674421406 0.993048009684676 0.993506968272695 0.992094353193695 0.995516117477906 0.995988029670073 -9999 -9999 -9999 -9999 -9999
-9999 -9999 -9999 -9999 -9999 -9999 -9999 -9999 -9999 -9999 -9999 -9999 -9999 -9999 -9999 -9999 -9999 -9999 -9999 -9999 -9999 -9999 -9999 -9999 -9999 -9999 -9999 -9999 -9999 0.993596498440836 0.992189637361995 0.993223005181181 0.992237379973611 0.994665705726604 0.992673877137492 0.992599003350605 0.994623167330489 0.994710041342501 0.994551436308776 0.994983321545226 0.996139208472995 0.996071924036589 0.995788388476785 -9999 -9999
-9999 -9999 -9999 -9999 -9999 -9999 -9999 -9999 -9999 -9999 -9999 -9999 -9999 -9999 -9999 -9999 -9999 -9999 -9999 -9999 -9999 -9999 -9999 -9999 -9999 0.992462823505716 -9999 -9999 -9999 0.990740095651348 0.991835775098927 0.992186080584569 0.99209195969438 0.989137303131025 0.992375514199174 0.993330543635734 0.992975318089985 0.993393424052943 0.991801540865929 0.994283281899082 0.996011359997795 0.993150595212165 0.994403628003142 -9999 -9999
-9999 -9999 -9999 -9999 -9999 -9999 -9999 -9999 -9999 -9999 -9999 -9999 -9999 -9999 -9999 -9999 -9999 -9999 -9999 -9999 -9999 -9999 0.992333048649101 -9999 -9999 0.990065682361101 -9999 -9999 -9999 0.996174148543383 0.995699274601007 0.995679833403425 0.993220452701711 0.993067619002774 0.992779182284747 0.989718857176831 0.993209796885878 0.991469676129071 0.993735761504235 0.993362673706999 0.992101550248954 0.99376314273511 0.994443201391938 0.993094692602052 -9999
-9999 -9999 -9999 -9999 -9999 -9999 -9999 -9999 -9999 -9999 -9999 -9999 -9999 -9999 -9999 -9999 -9999 -9999 -9999 -9999 -9999 0.989960437387494 0.993231545820335 0.992843786756837 0.993165214160401 0.988908734636888 0.996774586779489 0.996835229223418 0.995558353953459 0.996634997334996 0.99164968164883 0.995696902878615 0.994490445309282 0.994467081780817 0.992603613464187 0.99145332939863 0.994179764289789 0.993552869699217 0.990506403449349 0.993505968924235 0.990773954036019 0.994388184067125 0.994699376210542 0.993509577411622 -9999
-9999 -9999 -9999 -9999 -9999 -9999 -9999 -9999 -9999 -9999 -9999 -9999 -9999 -9999 -9999 -9999 -9999 -9999 -9999 0.992416363798622 0.993921735575949 0.993866253696532 0.994272690887363 0.994392747277193 0.990723888222511 0.991527367731769 0.996668860677433 0.996590358607572 0.9966135965644 0.996637824528869 0.992742914816479 0.99175164959858 0.993834763987604 0.989937050619367 0.992346164949885 0.994339257607725 0.994511877693805 0.99421625532687 0.993275176844744 0.993817954505183 0.993999049430571 0.994448511636217 0.994905713261258 0.990415220994914 -9999
-9999 -9999 -9999 -9999 -9999 -9999 -9999 -9999 -9999 -9999 -9999 -9999 -9999 -9999 -9999 -9999 -9999 0.994337271221079 0.993694828728296 0.991457997188287 0.992535850224152 0.989741499223613 0.989806967781302 0.99429600274359 0.984836539586911 0.993339792431137 0.995121097699727 0.989099266435748 0.993156701399849 0.993374017529742 0.994527018223821 0.992229876303662 0.995660707343947 0.992075383481061 0.990053855809568 0.991167616597316 0.99389876352878 0.993493900046358 0.993272776597958 0.993279574075833 0.991808408924194 0.993088642221169 0.992684849376383 0.993090971220138 0.990287884506585
-9999 -9999 -9999 -9999 -9999 -9999 -9999 -9999 -9999 -9999 -9999 -9999 -9999 -9999 -9999 -9999 -9999 0.993957540203661 0.989781648611131 0.992468548898797 0.992300815721108 0.990489468905116 0.99317541394997 0.994347891464183 0.994375459982301 0.995072462553101 0.99246954431106 0.992553985313837 0.992960549119596 0.993245957764073 0.994572334962546 0.994595560277869 0.992656007876133 0.993911989126801 0.990453592637963 0.99326556646719 0.990846267212647 0.993587302745468 0.991022738072251 0.993211428253213 0.993141973544853 0.995517266755143 0.992972385759633 0.993738785499721 0.993074758385675
-9999 -9999 -9999 -9999 -9999 -9999 -9999 -9999 -9999 -9999 -9999 -9999 -9999 -9999 -9999 -9999 -9999 0.993923984129375 0.993481346694556 0.993835204307476 0.993057166691471 0.990577481365752 0.990402961340099 0.990991370055804 0.995114202045747 0.992266184448542 0.990735976158953 0.992358456064785 0.990368848236465 0.994139793489973 0.994642750603897 0.992940296747899 0.992488526241132 0.995890976214458 0.995770760508921 0.992742883706837 0.990583479136803 0.99204732759662 0.993563006789581 0.993695229295147 0.993686544390585 0.995531927110011 0.99344779992764 0.993944826806931 0.993092109738687
-9999 -9999 -9999 -9999 -9999 -9999 -9999 -9999 -9999 -9999 -9999 -9999 -9999 -9999 -9999 -9999 0.993819573863214 0.99347798811433 0.994055037795863 0.994457584435277 0.994609482162677 0.994452161801622 0.992364534066967 0.993215604878742 0.996580731665371 0.993987452283397 0.992867996815719 0.990002778333614 0.990837022301732 0.993842822870172 0.99433662399385 0.990204802457523 0.994776939852062 0.993393551548178 0.992868507964454 0.994176852570303 0.994165940807963 0.993447257054105 0.993717655290743 0.995563778479887 0.993696053491761 0.993273069010153 0.993290893239316 0.993425760746367 0.995286690908916
-9999 -9999 -9999 -9999 -9999 -9999 -9999 -9999 -9999 -9999 -9999 -9999 -9999 -9999 -9999 -9999 0.993749577369638 0.991843502032882 0.992748588825018 0.990493741117322 0.992976120285019 0.989314238261165 0.991354691138956 0.995241799605091 0.992982605327706 0.994478502245133 0.99434385396997 0.993580827272821 0.993669558602427 0.993821088101371 0.994280224942146 0.99210509933444 0.994759859209802 0.9934069220107 0.993557409990486 0.995840072157495 0.993712557005105 0.995556729138769 0.994512325283789 0.993214620537613 0.991942938320937 0.994185571065689 0.993458641182384 0.994261287617546 0.993353319154759
-9999 -9999 -9999 -9999 -9999 -9999 -9999 -9999 -9999 -9999 -9999 -9999 -9999 -9999 -9999 0.994376250495542 0.992321480450281 0.993295330271744 0.993533702269684 0.991737680544114 0.992814054983631 0.990097526058405 0.99663864029709 0.996682898957667 0.993346668684381 0.990896780133624 0.993547948445138 0.991062184685705 0.993741863220997 0.994084398300125 0.993830329071588 0.991850051389141 0.994809938155302 0.990378321761102 0.993519522962915 0.994306485360278 0.994142288682428 0.993231756897907 0.993637188493368 0.99213773739032 0.990696572888952 0.993904450670276 0.993488533899874 0.994043842098067 0.990443789877619
-9999 -9999 -9999 -9999 -9999 -9999 -9999 -9999 -9999 -9999 -9999 -9999 -9999 -9999 -9999 -9999 0.994417447942045 0.993580438982277 0.990992173490636 0.993364138939507 0.991711515360223 0.986953047560506 0.995255012831262 0.99678941364083 0.991251025698011 0.990881436529468 0.991635003736225 0.993782015404766 0.991254460269395 0.993416450189798 0.99359877502947 0.994048210004064 0.994851995162849 0.994237725813453 0.990942432945165 0.993652384418644 0.995932011586851 0.993264047862492 0.993388799220486 0.994425366474794 0.993752213961204 0.993519849501934 0.993540557971225 0.993907171554168 0.993328736321889
-9999 -9999 -9999 -9999 -9999 -9999 -9999 -9999 -9999 -9999 -9999 -9999 -9999 -9999 -9999 -9999 -9999 0.993706023374282 0.993735946561641 0.994130801261105 0.993935002065947 0.994301150797869 0.996699167408562 0.991144854984286 0.99362523847097 0.994041795741068 0.99072432602016 0.991909888515545 0.993442575585934 0.993590935082122 0.991015221773141 0.993741467504195 0.994646208039373 0.994094611136806 0.993727885416658 0.993699963861055 0.994569886952224 0.994193157632122 0.993553365714412 0.993555675533316 0.993682896198472 0.993503630334957 0.991736092965878 0.993748824988898 0.993671721096624
-9999 -9999 -9999 -9999 -9999 -9999 -9999 -9999 -9999 -9999 -9999 -9999 -9999 -9999 -9999 -9999 0.995231680583619 0.992251379155468 0.993200710350012 0.993676252947228 0.99368936998602 0.991041776822984 0.99662978280407 0.992729964745263 0.992225258904109 0.99460964560651 0.994410836093714 0.993673218533979 0.993421132639772 0.994223460030984 0.991798765228322 0.99365492025301 0.993898735317418 0.992160338337871 0.994097101918999 0.994178977248654 0.994366194738855 0.994290348779624 0.99428109239001 0.995551791059061 0.99412881587925 0.993720272477518 0.995515213866281 0.995512701635493 0.99371158083079
-9999 -9999 -9999 -9999 -9999 -9999 -9999 -9999 -9999 -9999 -9999 -9999 -9999 -9999 -9999 -9999 0.995253707317356 0.995250615379342 0.992598675694779 0.993142795944493 0.994897366524023 0.995040315677363 0.994903882603587 0.995220350832525 0.992672922491262 0.990198365212196 0.990519887245642 0.990791088961734 0.994695331314932 0.994601723039289 0.993510642018411 0.990911836124523 0.991568238107288 0.993909372292547 0.991977273206436 0.99387087563486 0.991125690538634 0.993611762662312 0.994523465211013 0.993951661305731 0.993505114899432 0.991245613753574 0.993322325402343 0.990538096808307 0.993345466233401
-9999 -9999 -9999 -9999 -9999 -9999 -9999 -9999 -9999 -9999 -9999 -9999 -9999 -9999 -9999 0.993646047472162 0.994248318688375 0.994276051472441 0.994734337663207 0.993029242827839 0.99167255533451 0.99246349415043 0.989304177671982 0.996684346275265 0.992360109989091 0.994592802610103 0.994603797753469 0.994692157437802 0.994742192167851 0.993324814023024 0.993991803760963 0.991048865271591 0.993636020894643 0.992538522556971 0.993678101182775 0.991847250985672 0.993689747893025 0.994267326504341 0.994410684266086 0.99573644195109 0.995683174462682 0.993209463948197 0.990496129442472 0.993351387669874 0.993713790521507
-9999 -9999 -9999 -9999 -9999 -9999 -9999 -9999 -9999 -9999 -9999 -9999 -9999 -9999 -9999 0.995468259138858 0.996066758007199 0.992646406735952 0.994876026364837 0.993595828856482 0.994419957663775 0.992482706564012 0.993222469923339 0.996667697880121 0.992448837450593 0.99007023077401 0.9931483386997 0.991101139546392 0.993178225707314 0.993347594059687 0.991999284478743 0.993568914460847 0.993733396809659 0.994147144017389 0.995009583453202 0.99368039584964 0.993762447970721 0.993668800351223 0.990967322996132 0.993954891362461 0.994598001811572 0.993827345693234 0.99311237748496 0.991855937992841 0.993914023595509
-9999 -9999 -9999 -9999 -9999 -9999 -9999 -9999 -9999 -9999 -9999 -9999 -9999 -9999 -9999 0.995662841758316 0.996109432531885 0.994618674676066 0.991780436652736 0.991914197067226 0.992947764520254 0.989135065314186 0.99278504577464 0.992332170328401 0.995257407870587 0.989310187528972 0.991681811874923 0.993208261596345 0.99008071261989 0.994859159550904 0.994382981502647 0.994198561150634 0.993846368018692 0.994396222342955 0.993184090497737 0.9941848219976 0.991825270353842 0.991523643597091 0.993583253604982 0.993589156027966 0.994147397503435 0.993796425006089 0.993798417336677 0.99548158504869 0.993834805856192
