Model input/Uganda/survival/Tsurvival/Tsurvival_restime_1nov.asc
NCOLS 67 
NROWS 67 
XLLCORNER 29.500000001 
YLLCORNER -1.499999999 
CELLSIZE 0.0833333332985075 
NODATA_value -9999 
[rows 20 to 39 of 67, columns 0 to 44 of 67]
-9999 -9999 -9999 -9999 -9999 -9999 -9999 -9999 -9999 -9999 -9999 -9999 -9999 -9999 -9999 0.995116119597304 0.994443020883834 0.995951396222539 0.99346391225151 0.994756154083916 0.993650252161809 0.994630761148693 0.994880168925588 0.993109506465425 0.995393643736058 0.994771853375618 0.991420386871673 0.991855764790969 0.995946304442733 0.995154768696164 0.993564412216715 0.991180051398466 0.994334084366416 0.99206045979107 0.995831320088512 0.99581377833389 0.995058124139983 0.994500475589717 0.994128884098349 0.994363499060499 0.994498786547174 0.992318419605553 0.994672904012839 0.994652226185747 0.994062009689948
-9999 -9999 -9999 -9999 -9999 -9999 -9999 -9999 -9999 -9999 -9999 -9999 -9999 -9999 -9999 0.996439118522233 0.994874421236907 0.994483093774111 0.995509871264098 0.994817563078821 0.992027922806947 0.99440823966334 0.992733216224581 0.994198396171242 0.995959728549528 0.9970082380834 0.997078609224265 0.997107311921301 0.994053514201896 0.996000509055624 0.997151505820388 0.993938302988226 0.994698981787173 0.992036070903655 0.994197076683515 0.994061931472452 0.994491499978439 0.993672947478399 0.995343450620111 0.995245420780822 0.995018317096997 0.994226890997861 0.994199189977021 0.994419412636318 0.994286542374825
-9999 -9999 -9999 -9999 -9999 -9999 -9999 -9999 -9999 -9999 -9999 -9999 -9999 -9999 -9999 -9999 0.996690178301894 0.995077243103549 0.99587217299454 0.992034958317022 0.996484951903136 0.996389738445692 0.996978603642425 0.997180188171931 0.993768205031996 0.993808717610346 0.993848957924238 0.992526032058239 0.994682665313466 0.994538627542004 0.994387468393578 0.996116082563069 0.997278289988141 0.997339288262424 0.994338615181299 0.994492183704943 0.995663845994625 0.994380316603402 0.992680740660168 0.994517736862951 0.99446475447248 0.991842767846749 0.994112771233502 0.994076565011002 0.992049813730801
-9999 -9999 -9999 -9999 -9999 -9999 -9999 -9999 -9999 -9999 -9999 -9999 -9999 -9999 -9999 -9999 -9999 0.995255204838131 0.998046891753641 0.997633508559246 0.997207370400263 0.99701382566947 0.997062809891194 0.995148179447741 0.994154805935814 0.992350936675489 0.994186361993038 0.992417755221927 0.994201704034404 0.994484245703834 0.994410675618903 0.994420253360609 0.993049044804125 0.997364690467642 0.994333546032043 0.992638296710046 0.994003336080006 0.994814321496407 0.994477825579994 0.994444617443709 0.994215428832364 0.991658242721872 0.994621624869241 0.994922733801991 0.994295905555007
-9999 -9999 -9999 -9999 -9999 -9999 -9999 -9999 -9999 -9999 -9999 -9999 -9999 -9999 -9999 0.997143394738598 0.99701431847525 0.998315267718688 0.996465622342687 0.996168356019578 0.996888894875229 0.996877352490342 0.996911421883793 0.997082342606744 0.993449875640875 0.995153710738709 0.995171823678611 0.994451480773972 0.9924117514921 0.994223724216568 0.99233160394909 0.992268107378625 0.994462168922605 0.995214509640537 0.996272646027737 0.995819072624361 0.994438484579385 0.991999021203361 0.991878640059643 0.992998689693459 0.994703181551912 0.99398610637595 0.995346398019699 0.994956136646091 0.991611235012936
-9999 -9999 -9999 -9999 -9999 -9999 -9999 -9999 -9999 -9999 -9999 -9999 -9999 -9999 -9999 0.997385908773568 0.997977127692349 0.997480333334576 0.997056877858922 0.996927550384811 0.995604251894215 0.996886598892539 0.996856830609949 0.995646692425883 0.994258340019386 0.994061919725081 0.991972017273406 0.993246237607865 0.992297975422676 0.994936849016281 0.994521937511199 0.994538891880708 0.994518327768398 0.996325601852793 0.995666885768791 0.995561097149977 0.995510990613946 0.995378534739421 0.995128956538864 0.994426422377893 0.994424646816909 0.993989173638734 0.993577795728345 0.994503550693306 0.991583050476711
-9999 -9999 -9999 -9999 -9999 -9999 -9999 -9999 -9999 -9999 -9999 -9999 -9999 -9999 -9999 0.998254922806156 0.997726155956162 0.99710119760898 0.997022580119438 0.995698274415955 0.996921967921246 0.996854267471647 0.995613384850271 0.993944567870928 0.993180348326696 0.994535730455954 0.994613603763856 0.995134120204395 0.994425160397524 0.993345550996996 0.994788986181 0.992677793999483 0.992224046862154 0.997398166199196 0.996314218502424 0.992745134011883 0.99450050112372 0.994289447187116 0.994168698840369 0.99475600193704 0.994622023732071 0.993791916778493 0.993969393048446 0.994824857898596 0.994575737184564
-9999 -9999 -9999 -9999 -9999 -9999 -9999 -9999 -9999 -9999 -9999 -9999 -9999 -9999 -9999 0.997863806574922 0.997140236066407 0.997065358044317 0.995778092052404 0.996956704346718 0.996880532927852 0.995550139828957 0.997169010596884 0.994251974261916 0.995335077956851 0.992620010755783 0.992410148651131 0.994492037089011 0.992210405063419 0.992262426092294 0.993601331468671 0.997411263324791 0.997433113456287 0.997445704160017 0.994377992737025 0.992086006670833 0.994415413794066 0.994856977963872 0.995090590587392 0.994167846665026 0.995793532915641 0.995261074281747 0.994012857667754 0.9927787977664 0.997241150098649
-9999 -9999 -9999 -9999 -9999 -9999 -9999 -9999 -9999 -9999 -9999 -9999 -9999 -9999 0.99782165836781 0.996002604268741 0.99705681511481 0.995791365227353 0.996960127937645 0.995641982195603 0.995588181069198 0.997054412298752 0.993212279603422 0.995208174918755 0.995381692539141 0.995219852893486 0.992400129219646 0.995344451407838 0.99457230278921 0.992104625249188 0.994711656966277 0.996309669633701 0.996391188998298 0.997497777432527 0.994795191067124 0.99467337618371 0.994176904267011 0.99435252582108 0.994284498854132 0.994085453543709 0.994117843372904 0.995110329396144 0.994969503805198 0.99384984235691 0.995976306183671
-9999 -9999 -9999 -9999 -9999 -9999 -9999 -9999 -9999 -9999 -9999 0.998453142743633 0.997618748459229 0.996712888958687 0.99594828815372 0.997039309793788 0.995774742920556 0.996982354119473 0.995671188018435 0.996913777083571 0.995950746880218 0.992500673751315 0.994795147419479 0.994693075685689 0.992356882600846 0.995014050909528 0.994674299726097 0.995395882668865 0.994551475420499 0.994193223457193 0.992691912427771 0.99738193554681 0.997384625355736 0.996312289989031 0.99729854982296 0.994519849438945 0.99604936101535 0.996027397648413 0.997210253087704 0.996010781139525 0.995991392385751 0.997169994927221 0.99714933486324 0.997137033403586 0.995934515275067
-9999 -9999 -9999 -9999 -9999 -9999 -9999 -9999 -9999 -9999 0.996127030559537 0.997680423041262 0.997201836878445 0.997063129973073 0.997010082547833 0.995748193375359 0.996973298257748 0.997038316028337 0.996257004124604 0.996308703977207 0.992870409604642 0.994638026405286 0.994859254897502 0.993128078766466 0.994640046025042 0.994489397037005 0.994980813214431 0.995637943442528 0.994893755672678 0.993963288510943 0.995305186763093 0.995010791183411 0.99447012397758 0.995111923911076 0.997278786558995 0.996095721796026 0.997225384043508 0.997252131452417 0.99719825016014 0.995969811167109 0.997126928379819 0.995936130501225 0.99592658617186 0.997103028448057 0.997114406810659
-9999 -9999 -9999 -9999 -9999 -9999 -9999 -9999 -9999 -9999 0.997320482055904 0.995834232196022 0.996982900629253 0.996976112184074 0.995708509981434 0.996952805328073 0.996994210812319 0.996043715210321 0.994550873378372 0.995735107876735 0.992560687179319 0.992581817059258 0.992992247707639 0.994904425546718 0.995449614194305 0.994944134552334 0.995780057751027 0.995615279370462 0.996631406333903 0.995372575309559 0.996137854933395 0.994604696656534 0.992425754789613 0.994502991008151 0.99283371527812 0.992304585216814 0.997219249344164 0.996035425310387 0.997144015267733 0.997127455713087 0.997118368348143 0.997107209034387 0.997107222962553 0.997101827757584 0.997099775784029
-9999 -9999 -9999 -9999 -9999 -9999 -9999 -9999 -9999 0.99509943337813 0.99710141739611 0.996958335244531 0.996933471486755 0.995673800015988 0.996935983656772 0.996965757967208 0.996281916304146 0.99526962481028 0.992558793120779 0.995656246782493 0.99535957840506 0.995116438117897 0.994996892664129 0.992924037194896 0.996438825125771 0.994980722912125 0.99578263366655 0.995324087989712 0.992156390066804 0.994466469798385 0.994512368237754 0.994465450947551 0.994658022562352 0.994693241995973 0.994639866116617 0.994470238965263 0.997247599280241 0.997211518287565 0.995997067521595 0.99408358291184 0.996028311875044 0.997142842749854 0.997130760791525 0.995925578157933 0.997113017372382
-9999 -9999 -9999 -9999 -9999 -9999 -9999 -9999 -9999 0.994499762046379 0.996953546743277 0.996937105905151 0.995638478331457 0.996913197372539 0.996884170760338 0.996270947441073 0.995011249517236 0.99527169124342 0.992420761919139 0.994577721325834 0.992490940862107 0.994780678888695 0.996391797269991 0.994934882048098 0.995333878624519 0.994581381769009 0.995069712300725 0.994507724433809 0.99492869057928 0.995696401523462 0.994716474303716 0.994405868172267 0.994467076133209 0.99502533894206 0.99255186927213 0.992248740674305 0.993555354988598 0.994301187475928 0.993961271534227 0.994380595550464 0.997257393155502 0.997199525621937 0.988600498101563 0.997144528144368 0.997142963793694
-9999 -9999 -9999 -9999 -9999 -9999 0.996409769420778 0.996504809194284 0.995793918500511 0.990557011261104 0.995915926519033 0.995691660581066 0.996913045006555 0.995608860954073 0.995761432086175 0.995024021317109 0.992972511007821 0.992595466049477 0.99465254486527 0.994363961655832 0.995742465876424 0.994769670577918 0.994811066854383 0.994645282506638 0.992396477619682 0.993072593202858 0.995163013123164 0.992605697214761 0.996343671999603 0.99255748981471 0.993752946477477 0.994648289354662 0.995242157474394 0.9943528502868 0.994529130098054 0.994604197939394 0.994874885702489 0.993224500864911 0.992042484374058 0.996038944030563 0.994276398485878 0.996026137503844 0.9953097147146 0.994186257031295 0.997188685995351
-9999 -9999 -9999 -9999 -9999 -9999 0.994130274238656 0.994103897231688 0.993809595961527 0.994637086330942 0.993474515714012 0.995971688443384 0.99561238091189 0.996948570576538 0.997438375383137 0.99635116081841 0.996208379563633 0.996168230222893 0.996088169651009 0.996062731092855 0.99565288987435 0.992149702683942 0.994561655540687 0.99605571844809 0.994481157876061 0.994632551794918 0.994820600273105 0.993446434707046 0.996312383543998 0.992104514901156 0.995518979136982 0.994698143102102 0.995109160487707 0.994602936336369 0.994262536852237 0.99459689115897 0.994576383395837 0.995140539890737 0.994564792134015 0.996017873042241 0.994385710586576 0.997173875446669 0.992532293319028 0.993320337362553 0.994203174938185
-9999 -9999 -9999 -9999 -9999 0.995077161048255 0.991820420360114 0.994419365182959 0.994359402449714 0.990288178906246 0.989933065328384 0.997133601335448 0.996925502589847 0.997343921486637 0.995124086745232 0.993972039630621 0.994863791660261 0.995174820029191 0.992952180043338 0.996075041630322 0.994294148083004 0.993790657474019 0.995287065416073 0.996058457072212 0.994626059437055 0.992355763184984 0.99237803836822 0.995110167181767 0.99527857747249 0.994711454048687 0.994831809849809 0.993265406720079 0.994755769183469 0.994710690795389 0.995752303202323 0.993553489192975 0.994556710560123 0.99470826981041 0.994930352622528 0.996041468297221 0.994460726925552 0.997199073506864 0.994399701712294 0.995157370966099 0.994233903933268
-9999 -9999 0.994587866969912 0.993464700895122 0.995438056017322 0.994125455858977 0.99317161294456 0.99389550133165 0.9959921782426 0.992987608839581 0.994483923201345 0.99439379591176 0.996308077701579 0.993361400853569 0.993558784171273 0.995702582040544 0.99526312020469 0.995033548523559 0.994804625750131 0.996072051818119 0.994831880040593 0.995665622985876 0.995203330146544 0.995663473605208 0.994329956707196 0.994941136222336 0.994780945565688 0.994639396742897 0.9951913119894 0.996277591260711 0.996225373808392 0.994593170303798 0.99261671928675 0.992643757237645 0.995687132177076 0.994339323055362 0.993027161443955 0.994679283986942 0.992558684449978 0.995969061647208 0.992247028845358 0.997212346567791 0.994360931806215 0.994446731540249 0.992445160337337
-9999 0.99308114822887 0.993885639156439 0.994797353354181 0.993817806878329 0.993883610437151 0.996194831565214 0.994612011726546 0.993761966490983 0.990050583419975 0.994916733986447 0.993401709982602 0.996228483247144 0.995476208504055 0.996658734598963 0.99525070878515 0.993743821746662 0.995135149449108 0.993809353076285 0.995961081160971 0.995328672806495 0.995168360667803 0.993437680629367 0.995899177620429 0.995091915578433 0.993905886777063 0.994535705978051 0.994372936722752 0.994796345880587 0.992554217096053 0.993317882867385 0.994684628758224 0.995284889764577 0.994533648745982 0.995668819640052 0.994491154202845 0.995044586344305 0.994605842689842 0.992449332410128 0.995938192479114 0.991762032902804 0.997218574080497 0.99201716791353 0.992066145691544 0.99161342517803
-9999 0.992676575930286 0.992588986546633 0.996545711552128 0.9965296156318 0.995088224197513 0.994455339799075 0.994976006429895 0.995793601008059 0.993761460835029 0.995580085325081 0.994812487413304 0.995879356536924 0.99612912686851 0.995430152010069 0.995200012124666 0.996360138857643 0.995139210540767 0.995383102394243 0.993380855904422 0.994008843371538 0.993233764810458 0.995309769382834 0.995800923056328 0.995390101134978 0.995639647575605 0.995526008808222 0.995401492284832 0.994789318561747 0.994529261811906 0.99505326544946 0.992579719303975 0.994644732285909 0.992273105294985 0.994628891993474 0.99374093696961 0.994620842057483 0.994379814617817 0.993908562202903 0.995685682205789 0.994174925856888 0.994189717970063 0.996081698798039 0.995461820968042 0.994312133616497
