Model input/Uganda/survival/Tsurvival/Tsurvival_restime_1jan.asc
NCOLS 67 
NROWS 67 
XLLCORNER 29.500000001 
YLLCORNER -1.499999999 
CELLSIZE 0.0833333332985075 
NODATA_value -9999 
[rows 40 to 59 of 67, columns 0 to 44 of 67]
0.991645397931129 0.993402349825425 0.996217138018749 0.996301010957588 0.993056111343799 0.994916976280309 0.993548005286847 0.99592876556822 0.99405333517676 0.995450922465326 0.995347819516297 0.99547808014214 0.993392473519809 0.995574138140673 0.994854928263907 0.995569679614693 0.995316908691315 0.993536510906083 0.994638794086729 0.994631837737637 0.994461659491417 0.992531633935992 0.994474253318772 0.994097383134432 0.993914099087039 0.99430061236373 0.994230692248193 0.994695040011898 0.994357383724497 0.994270884238852 0.994557119546261 0.994154332174528 0.995907094157238 0.992559372087435 0.994371496752651 0.995161445166337 0.994310682855829 0.99197452857765 0.994169122429168 0.993454973384892 0.993589819383182 0.994089145423504 0.997219901626438 0.994587621914965 0.992848423237417
0.994072955929981 0.991891406955942 0.996158878818833 0.99437419954796 0.994611303469878 0.994909376070266 0.994228662907672 0.997394409623946 0.995664245558564 0.9959757491093 0.994510039368706 0.99525429797234 0.993271063931209 0.99509180611067 0.993141932342056 0.995366287000547 0.994556805677695 0.993088559688971 0.993640332216753 0.995315382457857 0.995012597609921 0.994913755723592 0.994555859213405 0.994429721016139 0.991623171472001 0.994165379189345 0.993711203578189 0.994283709560842 0.991900574663063 0.994448192098664 0.994634756841159 0.993054690979066 0.995856418760228 0.993997633474333 0.994118112491349 0.994133474379346 0.992413919579245 0.994311310054335 0.993381005993417 0.99455618709822 0.995448654084936 0.99485751444084 0.997248840268295 0.994301701474491 0.994905589359773
0.993560218633851 0.991054626117487 0.996185712994671 0.990762826935756 0.9971827166286 0.997560774414947 0.997671806824403 0.997016527512579 0.995812820672836 0.995208639872399 0.995367635215415 0.99600939232399 0.99524561423665 0.994909295934059 0.994795409024268 0.994556719211318 0.992841917732986 0.994779551505422 0.992750506950622 0.99446123379902 0.992093121191154 0.994400251619376 0.994462476886012 0.992434904748806 0.99345791010611 0.994960028853002 0.994458586362178 0.992358640745603 0.99395520397412 0.993731957032047 0.993042544323544 0.994514142714948 0.995885880356935 0.995409682063693 0.994700031101505 0.994079192431713 0.994365951992338 0.99430869145617 0.99527439612628 0.994247705134806 0.995272720046111 0.994827822017762 0.997308501707606 0.997291825949771 0.994159154020317
0.996467092238239 0.994964627605143 0.993761029271455 0.995651736326737 0.999295293396846 0.999323941463118 0.998736801464362 0.994433964593859 0.993601728402838 0.994937330228661 0.995176243849817 0.995799294286823 0.995923121377526 0.994306830920136 0.991950353083366 0.991177863414576 0.994383100883811 0.99193501715127 0.992228596524639 0.99408492049531 0.993664465020051 0.994508920707323 0.992880590349425 0.993557054276963 0.991247205622279 0.992976420097372 0.990967390429259 0.993660083130574 0.994918577654512 0.995561444761619 0.994481515337684 0.994371103417834 0.995697932819099 0.994565208544295 0.993159688649847 0.995047030881594 0.994454784522401 0.992985701376692 0.994407180561336 0.994334725150567 0.995272562620615 0.994853098394537 0.993880153014705 0.997389930029758 0.994257565706306
0.996435835737044 0.995191126344223 0.99512273361134 0.997695552594932 0.999563563763391 0.998952145908762 0.996088764562716 0.993360451462028 0.99247923205039 0.995138086649216 0.995239763883207 0.994219305772821 0.995794577956734 0.994692682525232 0.994203542896235 0.99118383721807 0.993649685872509 0.991887308298302 0.992393586614233 0.994489436868812 0.994101375559292 0.995201641810632 0.991622433080094 0.992339835971542 0.993156558869486 0.994250701092055 0.993924969447155 0.995740120787205 0.992813823139619 0.993638862844472 0.994371314325724 0.992289557402584 0.995027166392893 0.993613463730217 0.995252740690458 0.994565942913635 0.99236267582631 0.994886554758701 0.994504337842174 0.994674082719918 0.99521205793692 0.994683201349475 0.996422360729082 0.99634171383171 0.996269611269606
0.99639633563001 0.994677475689167 0.994699766250513 0.997808042534646 0.999525645299324 0.998668645673845 0.997022312645189 0.994798055207559 0.991499258385455 0.995063952989584 0.99518942480608 0.991189159750755 0.995721624546384 0.993644761143254 0.992206871485407 0.993614990529584 0.994612345276047 0.993825072138508 0.99396527693231 0.994884528084574 0.992313330407673 0.995284377376348 0.993586475530291 0.995318689142753 0.994227832526843 0.993984106760153 0.994167675728378 0.993944771601118 0.995516374286284 0.995579299656288 0.993070444818824 0.994523556756136 0.994751229301366 0.994726202174463 0.994392082275072 0.992924726137575 0.994622471747375 0.997381120344411 0.996329205714583 0.994249438508215 0.99473888742993 0.994326651326882 0.997461764685527 0.997370578912431 0.99622824691005
0.995147912701307 0.994864955295662 0.995015731090418 0.9966995519989 0.998375018332877 0.997472672572273 0.993712488297585 0.994267902883616 0.995912993784211 0.995322082714023 0.995204287346208 0.99403837050854 0.993988526928051 0.994578247804121 0.994722196251793 0.994875058567187 0.995519091924108 0.99557369362552 0.995776903605462 0.995909782708244 0.99594815753122 0.996226422082487 0.994763176220187 0.994485137590319 0.992252357784795 0.992276280637904 0.994101805677998 0.994064058298917 0.994198086969675 0.992819043494383 0.994551051810669 0.994544371567969 0.994542952624839 0.994862991131578 0.996395349306759 0.997462849387023 0.996401795376912 0.997420337723939 0.997402563768894 0.997440973104416 0.997422551085653 0.996426167401911 0.997461991540354 0.997334742652093 0.99731956521918
0.993857594177134 0.996296964461809 0.995596366525384 0.997180343324321 0.997158455437629 0.994438346974253 0.996306495500704 0.995918400316944 0.99597949833847 0.99603236815511 0.994575797324976 0.996166547518159 0.995993700306545 0.995973599292263 0.994157310650067 0.994232436536257 0.99538313105691 0.994581393396279 0.995437047369542 0.994449404294691 0.99366951169372 0.994539124758321 0.994914128475868 0.994897861974148 0.99492736886404 0.994211344066945 0.994235268620098 0.994145442373756 0.991860553015959 0.99461394923225 0.994588816736371 0.99489577557389 0.99644016209133 0.996400446195172 0.997414638404349 0.996345221133696 0.997434822176273 0.997407668623804 0.997409999774623 0.997416024504531 0.997444053961617 0.997508873077171 0.997395178786103 0.996232795775501 0.997317250837121
0.994579325347646 0.996208112511585 0.99651360810836 0.996906590418361 0.995394425853099 0.99401056592069 0.995859770683536 0.994171501187035 0.995966986249247 0.994443998458689 0.994322619986106 0.99488189921903 0.994236427030228 0.99549652110567 0.994364682582218 0.995566912947408 0.995190714115197 0.991721972358161 0.995558939162481 0.994218471540338 0.995501075122885 0.992645439134954 0.994597561238513 0.9943525510265 0.996513895054243 0.996599312155725 0.996577536946045 0.996582681684186 0.995260925156418 0.994874284102723 0.99752458559216 0.996453058063616 0.997453299699801 0.997461283114656 0.997407571304981 0.996331354881778 0.997409029345278 0.997391327692603 0.997391765756182 0.997403969719879 0.997406661556302 0.997383455958839 0.997352308075971 0.997326042005359 0.997331548682367
0.996506939587039 0.996194647639201 0.996325077305698 0.996164415113729 0.996242556933699 0.992989132320139 0.992594191783357 0.992129299208906 0.994258237772393 0.996240679034263 0.992589394941381 0.994152500327452 0.993482922043004 0.994706559983757 0.995981778753902 0.995619494071703 0.994681895411951 0.99309217044168 0.995663705062364 0.995580114539707 0.994463085303696 0.993600594070534 0.992279598033948 0.992373173753113 0.994051111372502 0.994889167876266 0.993762470717745 0.992609353807454 0.997476686139532 0.997492574931019 0.996468638026816 0.997476053423149 0.997480377682802 0.997453137791901 0.997426500877276 0.997402322575171 0.997389699248269 0.997405125650509 0.997416860608932 0.997430402445739 0.997422234205337 0.997385123751596 0.996305236897379 0.997370785998457 0.997344159520823
0.994792097731026 0.996147851954543 0.996160786456354 0.996149979805395 0.996062665305457 0.992398740769972 0.994275100894341 0.99595580729596 0.996124663916284 0.993969695583185 0.994979434811571 0.994767009031146 0.995566480117184 0.994882233315627 0.996042409027357 0.99560600571657 0.994810494631474 0.99512054446817 0.994303532407774 0.995677170104247 0.994637203088134 0.995545797698348 0.994550539518783 0.992509136633112 0.9957841452978 0.994659617709024 0.995623257281883 0.994515970637874 0.996470835312763 0.99748246323491 0.997481745560755 0.997469924272702 0.997466987747189 0.997441447471568 0.997412416166549 0.996338089875958 0.997415460817792 0.996328223409177 0.99743856565157 0.99743372892504 0.997390284837135 0.996323674945214 0.997392891804472 0.996273065636792 0.997325520477518
0.996110131834614 0.994498871575011 0.996139135788019 0.996181002284447 0.996159120457491 0.996034390112597 0.993068923230338 0.993547663316119 0.994273060010773 0.993399238554782 0.995640002236507 0.993865744071431 0.995619768444497 0.993216426988924 0.996110905944476 0.994775709329838 0.9938647010033 0.994991496700126 0.99330277720363 0.9954887481459 0.994912497383844 0.995243271992962 0.992713733431859 0.994806590019865 0.995777273380137 0.992337170357391 0.995446892058765 0.994669317904804 0.997517143048125 0.99648808165588 0.997506512980713 0.997493448830001 0.997478183485626 0.997485343626296 0.997453992142471 0.997436245446455 0.997407979268146 0.99739446684558 0.997392804633646 0.996327252685601 0.997395087844174 0.997379729800129 0.997389772504516 0.99737139818089 0.996233495793882
0.996011821464278 0.996026936458337 0.994548689408372 0.994616279913109 0.996242571682724 0.993636241159961 0.993109481039378 0.995981209461741 0.993202758574704 0.995095479643354 0.99486526934476 0.994224360847735 0.995861601095407 0.994162984859694 0.995895707870137 0.993948296040564 0.995221813095943 0.993189423672344 0.995151359120545 0.995190848934049 0.995160419167375 0.995036978936806 0.994901568800708 0.99537269817262 0.995665345819625 0.992929784187809 0.995099518709609 0.992510989216416 0.99480618072245 0.992720136042006 0.996477551938135 0.996514387789533 0.996497686041104 0.997511853636987 0.997464018084132 0.997443345772478 0.996378859061132 0.997408191733918 0.99741060114229 0.997385416902385 0.997384772349793 0.997384168577281 0.996302516824109 0.997349205738608 0.996239362374588
0.994326912617538 0.996031594267758 0.994580870856115 0.994626315416723 0.996301112591816 0.99272949768707 0.992266290157422 0.996325092438892 0.99613023506521 0.996171479266231 0.996444764811198 0.996208909108277 0.993913228186815 0.994146532498225 0.995405856632167 0.995329823973406 0.993344580446197 0.995326109906571 0.995341056390371 0.995275401134109 0.993474368111996 0.992912733041312 0.992958462380287 0.994685082063147 0.995334092243892 0.99467115400268 0.994786193642291 0.994821419168343 0.995236967866522 0.995511265719566 0.997534425854897 0.997503059466229 0.997511862507352 0.997540001853038 0.997497568965821 0.997468006912591 0.996415428408196 0.997432061943285 0.997405446852508 0.997399354305233 0.996336528105819 0.99741348166459 0.997392954305922 0.996282549016281 0.997341133482437
0.996034021922857 0.994534637774507 0.996218912339981 0.994716064719494 0.992995059127867 0.992205376145215 0.995331923083511 0.994597443517332 0.995594301725107 0.996140137024749 0.9948903204884 0.996005351361822 0.995609514939559 0.995462921362115 0.995462671944718 0.993924572736457 0.995265665583531 0.995542574692792 0.993790765785163 0.996262602542045 0.99575849980129 0.995549605446204 0.99524864311192 0.992922929617514 0.994939147488494 0.994269340000071 0.994422076380459 0.997598066776158 0.996529020862387 0.997540983474324 0.997536677279019 0.997520942376543 0.996524725502862 0.996512496986042 0.997495345313171 0.996452470173557 0.997463635314617 0.997424514019753 0.996362246546012 0.997413358795052 0.997411231048697 0.996326362461309 0.997408348403126 0.997370119500065 0.996290289101635
0.99614486987148 0.996130366966653 0.995500966800616 0.990899045490231 0.993278591618888 0.994670517143988 0.994039790056352 0.996147913713495 0.996179923914596 0.996577712409111 0.994224804720712 0.996157558237076 0.996000049614065 0.993721033711283 0.995448650092856 0.995531989609827 0.994304173052068 0.99598110583836 0.995188495135579 0.996252171646516 0.995026454898268 0.995446016568782 0.995068784921386 0.994883184421718 0.992477567712431 0.994206325269945 0.99292861283572 0.996567994909538 0.997566264493729 0.996537400956313 0.996531828684725 0.997547404285494 0.997519974010748 0.997507969697134 0.997487770901599 0.996434929957031 0.997481556890853 0.996392934260575 0.997447208807045 0.997441777873549 0.996348019970845 0.997422828668751 0.996337607381635 0.996314594147479 0.997398371034951
0.996095454190555 0.996087823871847 0.995569457525299 0.995800272600656 0.994236600700073 0.994554456194178 0.996144620621681 0.996162222442279 0.994740148645281 0.996627189365589 0.995807137224059 0.996834421700282 0.996906846082746 0.996900539740878 0.996767050942671 0.995492314768542 0.997039915795073 0.996308998228225 0.996952314659223 0.995768141579345 0.996981707520066 0.993898478107459 0.995852446183553 0.993360499107401 0.994742962932813 0.992889414664533 0.997644582598992 0.997576061792634 0.997559964124459 0.997550753896223 0.99754691375193 0.997535222183464 0.996522258082807 0.996497476154456 0.997521691719801 0.99749420797571 0.996439809512707 0.99745112687837 0.997441796646908 0.997437476281767 0.997435884748341 0.997438332231605 0.997406338768638 0.996338703670333 0.996324613540639
0.993044824845073 0.994977870260557 0.994348039271747 0.996018054072953 0.994815910409465 0.995971099765685 0.996246249145031 0.996792044198431 0.996229355278049 0.996910008794149 0.995622144529742 0.996130291161709 0.996193347261503 0.996072807951315 0.99599085312663 0.996063329979178 0.996921417288385 0.996816537647805 0.996975527726291 0.997065829240177 0.997065902584502 0.995721642494072 0.997018884061653 0.995306999348541 0.995610328690958 0.992771464812875 0.997626199353046 0.997596887550963 0.996585827599917 0.996569433276639 0.997573825625592 0.996547163799485 0.997548328381389 0.997533866757462 0.996488654967581 0.996462303257918 0.997479096524654 0.997472508258716 0.997452258446282 0.997430504565601 0.996384627140503 0.99743617855725 0.997416492106519 0.997435360629816 0.99633993770921
0.990469784114722 0.995331938493825 0.994386231039215 0.996375742340613 0.995462928762077 0.994694290898985 0.996770680565574 0.996752167236779 0.996238262674379 0.995687331124846 0.996497092147185 0.99617771797687 0.996103965254084 0.99474397221604 0.995889543769725 0.995811838262297 0.99562967995674 0.996936406725796 0.995686777110781 0.993526531799361 0.994501473655024 0.995380761522641 0.995824752786256 0.992403801027622 0.995768901057733 0.995727984946259 0.997641284781613 0.99761059812764 0.99660256862801 0.997572531187551 0.996574840850564 0.997569060095891 0.996526534925695 0.996505964135666 0.996493277564808 0.997498396150577 0.997488444370944 0.997465368578169 0.99643165491551 0.997465408310201 0.9974650578712 0.997464489399499 0.996380726897232 0.997426172505469 0.997430678651641
0.993793954515286 0.995647818926754 0.994801102831428 0.993601081531156 0.995779514927729 0.99663938871301 0.996571841314631 0.995907114702019 0.99607822094828 0.994369529461903 0.996237816197985 0.996014628119506 0.996288118383379 0.995948046765841 0.996130441522386 0.996069862566633 0.995995133817959 0.995786306198735 0.995667600508125 0.993863417891875 0.995983048593671 0.995597498367966 0.992987125937819 0.996883439643538 0.996823995555886 0.996704400871684 0.996679585581731 0.997632101985657 0.996631018111145 0.997587869113577 0.997568811139487 0.997554872058381 0.997535891183754 0.997527946993108 0.997508020178015 0.996476925259633 0.997506349170698 0.997470783378068 0.997468207545969 0.99746817952389 0.997471722487783 0.9974424124572 0.997451813982981 0.996368727212088 0.99635370946349
