Model input/Uganda/survival/Tsurvival/Tsurvival_restime_1apr.asc
NCOLS 67 
NROWS 67 
XLLCORNER 29.500000001 
YLLCORNER -1.499999999 
CELLSIZE 0.0833333332985075 
NODATA_value -9999 
[rows 40 to 59 of 67, columns 0 to 44 of 67]
0.991445876358538 0.993221678562841 0.995922358142574 0.996003756075088 0.99299826733665 0.995166126152757 0.993782576064688 0.995969580543142 0.993992863119078 0.995353886716045 0.995348915001612 0.995521977669174 0.993310454314651 0.995506737946027 0.99477420759611 0.995587562124384 0.99541889789375 0.993777722651363 0.994763009312833 0.994769814934048 0.994579259357563 0.992621959147299 0.994491905090566 0.99452310849182 0.994616055153416 0.994408080730262 0.994351734383168 0.994519398846534 0.994117673410169 0.993944495365903 0.994380820605917 0.993947302377307 0.995737146770434 0.992653554706685 0.994522609946496 0.995200621047378 0.994204313233917 0.991674880510611 0.993865549258381 0.993181735887697 0.993271334188944 0.993860746277363 0.997111427468868 0.994461840707991 0.992722378887938
0.993894191259534 0.99162545656084 0.995871428236273 0.994425319769092 0.994739201920029 0.995140791397911 0.994290127917411 0.997415558270015 0.995593958412126 0.995977678244006 0.994544775336368 0.995261183396287 0.993211333400492 0.99497425082602 0.993105257934499 0.995506174243799 0.99460437050635 0.993313225122573 0.99377075978156 0.995407791872778 0.9950788613609 0.994925856652001 0.994499404472861 0.994845893822085 0.992626993781608 0.994526964228679 0.993660328264288 0.993990709666234 0.991455667814187 0.994179766928881 0.994357545097687 0.992723999319198 0.995754243158463 0.99418795228972 0.994227528234608 0.994174167823011 0.99228801924535 0.994091707804764 0.993149146270226 0.994320315015755 0.995238742112697 0.994657135757776 0.997163240447529 0.994265382141031 0.99485177080245
0.993375144049438 0.990714471594951 0.995873569770564 0.990584440339225 0.997348658994936 0.9977182223949 0.997798320523966 0.997067934900692 0.995827232691771 0.995158488441875 0.99540116652528 0.996041401308924 0.995143522074266 0.994780151319991 0.994789772635093 0.994789023790722 0.993153365940138 0.994900388874731 0.992886293006986 0.994572311143711 0.992184292245912 0.994429969890351 0.994521116969322 0.99298459116706 0.994283727123371 0.995317621875651 0.994472940517708 0.992433206518086 0.99425173384774 0.994229580690674 0.992707268029436 0.994204478954719 0.99573243550148 0.995358042297293 0.994802875785787 0.994184412573265 0.99420126953163 0.994024707297498 0.995064050376787 0.993945703571402 0.995035884397042 0.99470883515999 0.997222513491599 0.997213384495787 0.994149963834218
0.996260262199269 0.994598303821515 0.993570975756847 0.995730592334216 0.999379517724972 0.99942310374131 0.998827328161102 0.994486240769273 0.993669349404208 0.994873974326326 0.995066078337311 0.995788535804124 0.995858433087163 0.994583842977983 0.992365083891467 0.992529396183998 0.994610263144238 0.992052793002968 0.992296328628534 0.994603355793067 0.994544720220361 0.994794627929639 0.993393762084866 0.994285067665581 0.992007392663584 0.993496575217624 0.992051063028669 0.994364009065861 0.995211210558328 0.995667938553464 0.994848838189661 0.994150834375515 0.995575073925036 0.994283859335828 0.99305784579354 0.994918769676955 0.994199395387385 0.992769084445183 0.994083638400307 0.993999750189194 0.995051516965573 0.99475273887406 0.993676477263656 0.997316337170313 0.994388158353546
0.996258639846319 0.99527628824445 0.99511369260438 0.997804898699443 0.999612589599026 0.999108697885656 0.996244336605343 0.993372786512433 0.992404609580707 0.995144661051606 0.995210989577786 0.994382883287498 0.995783727066154 0.99497437558264 0.995004179602562 0.992145595286521 0.994530779345843 0.992301896350187 0.992469180375554 0.994907554571096 0.99476281205338 0.995545223395557 0.991707295439102 0.992394825804599 0.99365826262755 0.99478622134856 0.994555662577611 0.995911217890865 0.99342812690748 0.99381672934019 0.994581216730796 0.992092900285484 0.994905827242959 0.993567982300422 0.995224548773322 0.994310132484971 0.992320632571156 0.994813034977081 0.994289725766993 0.994412914792209 0.995026815932922 0.994493198739839 0.996349284545624 0.996235576542737 0.996174973309271
0.996245084898267 0.994754046619566 0.994741622052886 0.997929094513896 0.999578946071148 0.998776327795565 0.997216976483734 0.994973614019967 0.991418140268819 0.995143465529258 0.995219888198603 0.991819073344419 0.995704964324761 0.994413293351435 0.993166498754971 0.994449852578882 0.995133963044617 0.994390291947569 0.994449816949359 0.995126345045884 0.992728317329639 0.995555686002306 0.993852530473695 0.995568143116453 0.994304234405288 0.994609300079031 0.994614683610816 0.994232536978435 0.995606893125774 0.995680099075177 0.992897297105366 0.994460773780742 0.994693081893319 0.994653101249128 0.994296804155278 0.992879939884357 0.994632082182885 0.997253226593963 0.996234147076962 0.994087530550535 0.994586016257323 0.994151568183226 0.997417286783647 0.997287952043233 0.996105830802807
0.995196554797107 0.994613702792068 0.994939887722732 0.996937640960024 0.998553150621655 0.997497158772736 0.99384995030627 0.994520928455988 0.995862922378955 0.995411889303285 0.995339049185143 0.994493512584497 0.994061960797885 0.995318872487401 0.995387338557544 0.995503168451763 0.995816303502048 0.995838128921658 0.996055114291474 0.996167847290053 0.996162274732968 0.996413980569784 0.994982321832829 0.994395048058595 0.992461469912065 0.992484976211337 0.994305739421324 0.994503438569978 0.994530860997481 0.992610676272623 0.994462102135158 0.994490596782597 0.994482653283699 0.994831457554187 0.996327976426536 0.997389754655447 0.996236104227351 0.997311011579287 0.997381545617341 0.997405989466808 0.997300230863835 0.996211524649299 0.997417771040846 0.997269536949933 0.997249390067839
0.993918875472286 0.996078104738898 0.995572316531403 0.997209898026137 0.997180531662547 0.994646993308958 0.996190749454873 0.995827291906955 0.995909699175437 0.996013461987198 0.994701006970536 0.996255195306433 0.99604123214868 0.99597057064387 0.994318375932641 0.994348264193298 0.995478415217477 0.994597390359294 0.995809497592869 0.995013772338769 0.994136779688848 0.994456113435222 0.995013723886893 0.995105324269875 0.99508573005356 0.994413698162498 0.99454477559197 0.994622950353348 0.992395575843951 0.994399548284902 0.994345419685299 0.994810132792628 0.996394902109796 0.996286740602912 0.997376161939846 0.996278899168354 0.997322768160866 0.99729306912349 0.997324308442012 0.997320287775175 0.997384648207724 0.997473783305072 0.997318984353659 0.996144022383351 0.997250971133332
0.994562596840623 0.995942265442142 0.99619885752157 0.996596006135364 0.995564083601195 0.993866801024822 0.995798707338098 0.994124344872621 0.995949029127055 0.994453368267468 0.994526457840671 0.995270436124961 0.994591983973285 0.99557224655259 0.994309512024235 0.995503775610483 0.995315787303428 0.992504576211979 0.99592178885544 0.99477080465442 0.99585383577541 0.993143125983822 0.994877007794009 0.99481947384075 0.996632237391208 0.996721525237099 0.996708709106853 0.99670445601392 0.995410144089856 0.994666887750584 0.99742853489841 0.99636798006641 0.997393380798172 0.997387718229143 0.997344500076276 0.996170329418523 0.997277306017941 0.997276654520301 0.997309424119824 0.997343579366029 0.9973351194608 0.997315845814559 0.997284134492599 0.99726430325214 0.997263936725064
0.996202009538589 0.995896917944201 0.995989372737925 0.99581195077811 0.99591463892708 0.992741272116665 0.992560431605678 0.99330341232371 0.99427671148295 0.996260389404668 0.993045499964565 0.994700341332891 0.993712283292959 0.994762575977643 0.995964822055186 0.995597387803661 0.994593862519875 0.993347578639661 0.996018125629093 0.995918260087366 0.995005980875464 0.994070971982587 0.992827515310858 0.992872540618382 0.994373965242007 0.994668532338466 0.993548176796685 0.992238064823418 0.997386205641728 0.99740383652353 0.99639601101693 0.997403211355438 0.997413275702943 0.997392511291379 0.997326580222446 0.9972845852204 0.997286409434329 0.997335208354627 0.997358427113143 0.997369616270262 0.99735486941603 0.99732399920092 0.996220252965219 0.997295095677548 0.997276942869599
0.99429363068371 0.995840860086699 0.995873048696037 0.995825928959062 0.995727959268092 0.992464036617885 0.994207546677481 0.995877752712467 0.9960166432954 0.994048956205947 0.995297447637168 0.994935828627108 0.995548529236205 0.994843697904625 0.996011794438513 0.995541956247001 0.994682001364352 0.995215438874033 0.994947147946179 0.996010601605977 0.995179780029194 0.995902969470269 0.995036632079025 0.992800120024684 0.996046064376443 0.994411503484182 0.995485615770468 0.994278810056794 0.996303891597616 0.997419950106076 0.99743512906604 0.997426185036346 0.997404104127596 0.997385025770774 0.997363066848972 0.996256212249922 0.997352509567839 0.996235201080129 0.997374070291446 0.997371522669257 0.99732348895512 0.996228937465712 0.997339053546475 0.996187617249307 0.997266614936634
0.995805751935465 0.994090443316889 0.995835816140264 0.995868148759317 0.995865177872401 0.995969824052175 0.993280984055685 0.993393015142447 0.994301203957722 0.993567816116642 0.995496728091506 0.993880481617277 0.995454470327636 0.993011776228673 0.99604661564476 0.994562531066462 0.993680080199052 0.9948799176239 0.993514973792671 0.995872367993632 0.995319178212716 0.99560525202158 0.993232014975321 0.995048503864011 0.996077277957947 0.992034601187634 0.995331006364245 0.994398790343131 0.997408348118776 0.99639446395512 0.997446268383252 0.997417852254904 0.997419841778692 0.997413033925665 0.997399124368171 0.997391671026618 0.997358251934176 0.997334041728798 0.997337306074493 0.99623466236323 0.997327683614915 0.997326054502526 0.997326670334649 0.997306313962989 0.996149405748928
0.995778073958594 0.995803962252565 0.994110993039568 0.994171307181211 0.995970273155819 0.993632952015502 0.993345472088697 0.99595233366777 0.993377445122844 0.995064683246034 0.995028943234308 0.994032667028812 0.995708107534119 0.993873165608864 0.99568453984654 0.99370941829172 0.995089238993655 0.993037768625491 0.995173735251335 0.995565375421509 0.995582112680573 0.995413671222407 0.995277695929558 0.99573562852417 0.996011460499139 0.993147653454148 0.994921149364632 0.992187647129162 0.994686385624724 0.992979766584542 0.99641358825747 0.996398316592543 0.996381022760271 0.99744156456103 0.997402340166985 0.997385104471154 0.996300850269568 0.997360742899597 0.997363646942453 0.997336625229389 0.997327949407772 0.997314864950131 0.996208398761592 0.997288109596216 0.996149116556772
0.994084101254856 0.995839677303079 0.99417329284262 0.994228211904476 0.996049221976186 0.992695103721474 0.992115675129818 0.996268911988647 0.996075810101033 0.996177994162082 0.996711651434927 0.99638095941579 0.993607377471986 0.9937226838728 0.995128465175841 0.995167490948892 0.993169465269105 0.995326440108123 0.995286133871348 0.995313472413052 0.993935807241545 0.993227887754304 0.993490066446048 0.99512373075461 0.995759785156559 0.995063892115486 0.994554368953579 0.994562308618886 0.995114378459273 0.995575635940642 0.997469583901289 0.99743089984719 0.997427940536112 0.997453219402144 0.997430019954511 0.997396708100438 0.996316032132138 0.997386051077854 0.997355608175799 0.997331803422817 0.996233471902366 0.997342823123055 0.99732272297166 0.996191709895318 0.997280431826965
0.995874791718404 0.994169348843871 0.995909505030324 0.994293872695743 0.992985703698819 0.99226382692294 0.995263093061076 0.994448906682157 0.995522758638403 0.996270741760181 0.99509329888163 0.996120419060356 0.995599533782733 0.995374013750385 0.995372292355799 0.993759191219658 0.995250216564156 0.995548320664823 0.993742753859438 0.996407539490439 0.996008938456231 0.995758685693487 0.995455806191734 0.993435180440021 0.995336680904545 0.994792893126695 0.994186484566286 0.997492802054591 0.996478534822989 0.997494198288253 0.997464512790177 0.997432166474824 0.996412218650639 0.996398728559815 0.997425318223795 0.996348981227618 0.99739303438352 0.997377037522928 0.996268207094525 0.997338862636932 0.997338974759904 0.996225795419221 0.997336392501293 0.997300508267123 0.996184649710059
0.995907854092991 0.995863198438378 0.99540518919958 0.990714134562261 0.993333295378393 0.994736124438625 0.993894553703251 0.996025904100189 0.996141957184787 0.996627765618888 0.9941118814929 0.996196638427158 0.995949179052963 0.993685897175876 0.995455268244438 0.99559858637732 0.994379331570185 0.995988553398393 0.995251842412715 0.996414613520467 0.995238826258462 0.995723125337092 0.995360575552551 0.995128478114641 0.992875922794282 0.99424722836756 0.992689973609746 0.996544280481548 0.997536359521032 0.996451225450671 0.996425807090003 0.997470343596966 0.997440185023262 0.997435525020772 0.997415055681325 0.996333206794031 0.997408815581989 0.996309972828469 0.997373083019775 0.997369985960429 0.996252179937343 0.997350004874981 0.996227081017213 0.996213734214574 0.997315649393952
0.995881605892368 0.99581727277035 0.99553426796018 0.995791367313155 0.994229545164681 0.994529669097815 0.996007243944223 0.996082208244689 0.994712487503875 0.996687981406994 0.995675531574206 0.996767391357156 0.996836607368523 0.99687423095883 0.996726758178523 0.995462797627059 0.997011565163458 0.996329102238223 0.996942514207321 0.995800392435568 0.997028416297758 0.994307505126814 0.995833342513149 0.993458896916902 0.994715145040678 0.993428394653011 0.997652685074936 0.997589426599735 0.997528641740226 0.997500347294139 0.997481885945336 0.997462966206848 0.996410183518875 0.996383871316907 0.997447595797446 0.997422570206869 0.996333858609397 0.997380553406293 0.99736701072737 0.997379746455259 0.997361818076085 0.997362585691567 0.997326511311209 0.996231405851912 0.996206586850042
0.992980864476276 0.995228318255216 0.994524384063934 0.996022834975135 0.994889128865331 0.995878795624147 0.996149425929083 0.996765061730079 0.996187088756757 0.996904385410544 0.995529344859845 0.996022664730641 0.996099648944658 0.996067706045185 0.995906983296095 0.996088013959142 0.996915102989376 0.996821172670533 0.997032631639775 0.997106104525302 0.997104291769694 0.995859685059773 0.997076180985492 0.995079020946953 0.995830355855675 0.992777461315172 0.99762193111235 0.997593792429988 0.996539179691897 0.996500526555798 0.997508972074454 0.996443557648137 0.997473597158959 0.997461903443367 0.996378902712332 0.996361192042623 0.997403841363313 0.997404490658451 0.997378560059416 0.997369670778779 0.996278719471972 0.997350300617613 0.997341159601855 0.997348726830985 0.996230112806683
0.990479639061008 0.995551258691489 0.994732491031641 0.996435389960036 0.995480999428969 0.994640845613187 0.996699354102712 0.996703226392651 0.996225823190464 0.995721007099379 0.996423793436524 0.99609702296795 0.996033218485073 0.994671618578532 0.995791153200545 0.995833321978941 0.995667215535272 0.996927298836079 0.99561945099772 0.993623296005114 0.994553661650417 0.995446680378162 0.995895850502881 0.9922834798726 0.995955089101254 0.995743186741569 0.997571094195041 0.997581878594273 0.996551172669085 0.997525952352158 0.996480717850687 0.997499155385688 0.996431709502227 0.996411001386963 0.996383882745295 0.997426016667623 0.997409659108343 0.997395622478081 0.996322489350081 0.997394805618219 0.997389505850902 0.997374390739997 0.996274668485906 0.99733728456489 0.997356784778677
0.9940686798992 0.995921083880464 0.995211966047396 0.99400350473623 0.995645140427093 0.996596469852687 0.996465473970228 0.995771988443268 0.995904723267868 0.994152697929705 0.996168024866642 0.995921832209704 0.996244327545929 0.995890397559465 0.996055508537451 0.996000326550147 0.996024163640006 0.995829107707453 0.995748793966347 0.99407401091479 0.996142795486344 0.995708259102866 0.992826035846412 0.996965434631148 0.996820290187738 0.996651836309852 0.99653590928155 0.997603624686843 0.996566161679232 0.997537422131099 0.997513468449823 0.99749081638442 0.997469975439528 0.99744955352092 0.997436710451329 0.996376778352445 0.997426030860492 0.997401317478777 0.997391715667367 0.997394399938491 0.997391911767873 0.997355075055669 0.9973700406722 0.996251675877029 0.996248294172345
