Model input/Uganda/survival/Tsurvival/Tsurvival_restime_1mar.asc
NCOLS 67 
NROWS 67 
XLLCORNER 29.500000001 
YLLCORNER -1.499999999 
CELLSIZE 0.0833333332985075 
NODATA_value -9999 
[rows 20 to 39 of 67, columns 0 to 44 of 67]
-9999 -9999 -9999 -9999 -9999 -9999 -9999 -9999 -9999 -9999 -9999 -9999 -9999 -9999 -9999 0.994872892069126 0.994201451059771 0.995889063385937 0.993492878622376 0.99451281317705 0.992837054713747 0.993308620137539 0.993689356072038 0.990334501673592 0.994106774948435 0.993946035522602 0.990024102644586 0.990792122808975 0.995696238415277 0.994975920206007 0.993400952034989 0.990837940003683 0.994030614296344 0.991643645926126 0.995611043071831 0.995560276738616 0.994753478444466 0.994201700300294 0.993839595154359 0.994121163680019 0.994222612282453 0.991902871890669 0.994358226764608 0.994336330271898 0.993767162417631
-9999 -9999 -9999 -9999 -9999 -9999 -9999 -9999 -9999 -9999 -9999 -9999 -9999 -9999 -9999 0.996232849718968 0.994922500238623 0.994672675817675 0.995418217850272 0.994646106779152 0.991143318728439 0.992905229505902 0.990653852168941 0.992336344082812 0.99547461991395 0.996786019621592 0.996867551472005 0.996915644403369 0.993513854510958 0.995886458937444 0.997077147624606 0.993667200764817 0.994388590062327 0.991592929748513 0.993852203598135 0.993673786304176 0.994161145864255 0.993345863777874 0.995085127984012 0.99499623079311 0.994756494308517 0.993921082843995 0.993840803629715 0.994040408858802 0.993993931381316
-9999 -9999 -9999 -9999 -9999 -9999 -9999 -9999 -9999 -9999 -9999 -9999 -9999 -9999 -9999 -9999 0.996859615188691 0.99527463836143 0.995696215565249 0.991635703786114 0.995808319282385 0.995535015216588 0.996714677894675 0.99678542794248 0.992758904457462 0.992822704693137 0.992925771815743 0.992030159630855 0.994384528991733 0.994301803088856 0.994127077634186 0.995951720777769 0.99715182165274 0.997193220721735 0.993999887902774 0.994160722340928 0.995421922017675 0.994117630325418 0.992243511708545 0.994134017223017 0.994106704257826 0.991355901869753 0.993718721217788 0.993698512801411 0.99156830424495
-9999 -9999 -9999 -9999 -9999 -9999 -9999 -9999 -9999 -9999 -9999 -9999 -9999 -9999 -9999 -9999 -9999 0.995327328895459 0.997899745640712 0.997466283884284 0.996888395460071 0.996765318010493 0.996754211728056 0.993284877721891 0.993098115157413 0.991026762841029 0.993218547746355 0.991781841644732 0.993722468326144 0.994193547570621 0.994063638546374 0.994030413060001 0.992621029315658 0.997227200596232 0.994017517975652 0.992242719154609 0.993682488004625 0.994447448457609 0.994077409915924 0.994077396068711 0.993827248553198 0.99114549304957 0.994277484968191 0.994672052861175 0.993992470589625
-9999 -9999 -9999 -9999 -9999 -9999 -9999 -9999 -9999 -9999 -9999 -9999 -9999 -9999 -9999 0.997295582328986 0.997270864949253 0.998198935156433 0.996225276579535 0.995893891760443 0.996756643595258 0.996769536416684 0.996755716420082 0.996819526632071 0.992572205779041 0.994680106867738 0.994777273804002 0.994063189013217 0.991797559753837 0.993779167153337 0.991791539862398 0.991767517149998 0.994143599599895 0.99492422873316 0.996086358845982 0.995581544551363 0.994035489918013 0.991469913550484 0.99149995560494 0.992612292890644 0.994392974070466 0.993617784285088 0.995061559662394 0.994709685704036 0.991192565039878
-9999 -9999 -9999 -9999 -9999 -9999 -9999 -9999 -9999 -9999 -9999 -9999 -9999 -9999 -9999 0.9974977993195 0.997772542706953 0.997259655614237 0.996871610245411 0.996792771461626 0.995456545652372 0.996788087877536 0.996765866687657 0.995460343206373 0.993102759757969 0.992996442939383 0.99128077101629 0.992703337733177 0.99164223380803 0.994579044210647 0.994198049454929 0.994206806401602 0.994203408584887 0.99614529067881 0.995409763548961 0.995298193256807 0.995225128014113 0.99508873492342 0.99488449604541 0.99415799558489 0.994158473322137 0.99365231441821 0.993191777205071 0.994221759271865 0.991119132900347
-9999 -9999 -9999 -9999 -9999 -9999 -9999 -9999 -9999 -9999 -9999 -9999 -9999 -9999 -9999 0.998210823946462 0.997454828930348 0.996892151392324 0.996844749687098 0.995514635668412 0.996816606684844 0.996787168699276 0.995480434568918 0.99310415953454 0.992622257181581 0.993964465407817 0.994116935800058 0.994816508121337 0.994082333107009 0.992925876233192 0.99447222612869 0.992251728497591 0.991775946166428 0.997280821879424 0.996141185685169 0.992265804753898 0.994115678134805 0.993909760268699 0.993857025009508 0.994476300064775 0.994310594555369 0.993425458357301 0.993628390639839 0.994566017072268 0.994232296696774
-9999 -9999 -9999 -9999 -9999 -9999 -9999 -9999 -9999 -9999 -9999 -9999 -9999 -9999 -9999 0.997674455896026 0.996926846471737 0.996893610125229 0.995562013307892 0.996840914333165 0.996803253593886 0.995483063848954 0.996930455324869 0.993444907118121 0.994950538938705 0.991927934263678 0.991824021142396 0.99412954177867 0.99172648235389 0.991705872987741 0.993185456214148 0.997283446555791 0.997293869924889 0.997314842191386 0.994058706918398 0.991575727140745 0.994057826146634 0.99456274247638 0.994804740504919 0.993846982192076 0.995569662757791 0.995005152656359 0.993670464464244 0.99239772083602 0.997092996988917
-9999 -9999 -9999 -9999 -9999 -9999 -9999 -9999 -9999 -9999 -9999 -9999 -9999 -9999 0.997650099175637 0.995735343315008 0.996893849459911 0.99558397732334 0.996838477036413 0.995504086341339 0.995485575488562 0.996965523117859 0.992803839798454 0.99485864985524 0.995019763593755 0.99484823937481 0.991803954811247 0.994943630560219 0.994179911812941 0.991496048764722 0.994334137049203 0.996146609308612 0.996199335218763 0.997361105397881 0.994429955831777 0.99428784493013 0.993826814666141 0.993996984006222 0.994002095275522 0.99377492458587 0.993854336711156 0.994863416451999 0.994711022916909 0.993508908571967 0.995798948701205
-9999 -9999 -9999 -9999 -9999 -9999 -9999 -9999 -9999 -9999 -9999 0.99833170260248 0.997413272876316 0.996460629774229 0.995702832887307 0.996889509660592 0.995587776440139 0.99685828423535 0.995525778733241 0.996831234140852 0.995832068166588 0.992033036950371 0.994393365009739 0.994328908224993 0.992041762212677 0.994708366522331 0.994273553919765 0.995030475906847 0.994132664722422 0.993734012610437 0.992181296107196 0.997277369345767 0.997277558933089 0.996156960805741 0.997204949144053 0.99422054341235 0.995830067004791 0.995835429114318 0.997135316239899 0.99586042571031 0.9958411732863 0.997055544795535 0.997032995330911 0.997004338940647 0.99573415198681
-9999 -9999 -9999 -9999 -9999 -9999 -9999 -9999 -9999 -9999 0.995935947829981 0.997539142308253 0.997050461875973 0.996907134381232 0.996877242674812 0.995571427923769 0.996855265379889 0.996842472362783 0.995591849432917 0.996060743512574 0.99242541043085 0.994235418355386 0.994528616308742 0.992733247063512 0.994427596969908 0.994293120289142 0.994708815745232 0.99533137347484 0.994501107361168 0.993320985353684 0.99504751302153 0.994733024531293 0.994156908817328 0.994839659649999 0.997192037183166 0.995957010653221 0.997132695018369 0.997165881265223 0.99710044375888 0.995820844199569 0.997022058629291 0.99578512150922 0.995756382034831 0.996974888080853 0.996996561007345
-9999 -9999 -9999 -9999 -9999 -9999 -9999 -9999 -9999 -9999 0.997168644532637 0.995658472813632 0.996877606209142 0.996851893197182 0.995543796225857 0.996842109759906 0.996844910543942 0.995637098683055 0.993726694393771 0.995452840142118 0.991994565362628 0.991930855167638 0.992535816520643 0.994611965821164 0.99524765165073 0.994762292663065 0.995492250637699 0.995325027992435 0.996385182228774 0.995046612881807 0.995919535290353 0.99429634883832 0.991957703125418 0.994182081064895 0.99244297499732 0.991918314891005 0.997124823051819 0.995902625125435 0.997049612023233 0.997026601169674 0.99701640257632 0.996998052039254 0.996991507664799 0.996981043541074 0.996976237810975
-9999 -9999 -9999 -9999 -9999 -9999 -9999 -9999 -9999 0.994943501356756 0.996924796595341 0.99687076411135 0.996836486275892 0.995506912797597 0.996823240940946 0.996835698997864 0.996083263441037 0.994956581668714 0.992083542469329 0.995320555592452 0.99500517118244 0.99475737410196 0.994467825289798 0.992186875275216 0.996109831729728 0.994550926593786 0.995506794564678 0.994933228451463 0.991585554871467 0.99411395686499 0.994212398109184 0.994210588515579 0.994381611905007 0.994399032473273 0.994378566969035 0.994209389027502 0.9971492698018 0.99712439683213 0.995869864455227 0.993649702247999 0.99584606744812 0.997016351221017 0.997012317162939 0.995755354754901 0.996983302666295
-9999 -9999 -9999 -9999 -9999 -9999 -9999 -9999 -9999 0.994389743445037 0.996900533086896 0.996862719536587 0.995505527437127 0.99679561186222 0.996775012449936 0.996096164928867 0.994633817022304 0.994864675600947 0.991773284517861 0.994169770891706 0.991783476455787 0.994071049075956 0.996070750745289 0.994471694143311 0.994975457191283 0.994173314905261 0.994692080994773 0.994076841636856 0.994599158271277 0.995392073409974 0.994431497146984 0.994209646175415 0.994233669192601 0.994750808651715 0.992183974820402 0.991891304551918 0.993279274370716 0.994055525098606 0.993699461919732 0.994220663180158 0.997152838876746 0.99708307835853 0.984620283442712 0.997027708443499 0.997013842556844
-9999 -9999 -9999 -9999 -9999 -9999 0.996319143818874 0.996397616940683 0.995706446851915 0.990378908491988 0.995777698410333 0.995591433364058 0.996831044386131 0.995462238545882 0.995607451101902 0.994691856649309 0.992450862123986 0.992139154824907 0.99438194474531 0.99409641893796 0.995382553137688 0.994354505571059 0.994489403774655 0.994247239915564 0.991806803222265 0.99253988312862 0.994788638089215 0.992058786506328 0.996134940672333 0.992097165741418 0.993444751647253 0.994419412276357 0.995009724969222 0.994075632949883 0.994294696483335 0.994401247523758 0.994697255816154 0.992976289800459 0.99174589041968 0.995939527225612 0.99415953514745 0.996009135282457 0.995117741184039 0.993939787720259 0.997074785650136
-9999 -9999 -9999 -9999 -9999 -9999 0.994263805998114 0.994139713086538 0.993756550829296 0.993822429690017 0.992351196698865 0.995358369379489 0.995491875891517 0.996852150023068 0.997319750754457 0.996048625872611 0.995835995818025 0.995803195928019 0.995693025108428 0.995654329780202 0.995248378269339 0.991886742072058 0.994140379571779 0.995757792414036 0.994143112789288 0.994216762576384 0.994443459623227 0.993026985159753 0.99611214977923 0.991571139651531 0.995273723680816 0.994442913557943 0.994877437044683 0.994381096070771 0.994039066210497 0.994426164016128 0.994418548499198 0.995002228622854 0.994419573477807 0.995960101369477 0.994269815575336 0.997162514279076 0.992324735333302 0.993061508985454 0.993923686318965
-9999 -9999 -9999 -9999 -9999 0.995051850190303 0.992082210652736 0.994454134388494 0.993980051770652 0.988672605272691 0.988147528296021 0.996689483587811 0.996822038182398 0.997220289041156 0.99482631421925 0.99342866951514 0.994356750535184 0.994805397899499 0.992423886434501 0.995666723183106 0.994161245784747 0.993152909242838 0.994936019987952 0.995755304384039 0.994391301977702 0.991818130541633 0.991748180786662 0.994820284989942 0.995036190706342 0.994461558422756 0.994558369539162 0.992898172724824 0.994503577153474 0.994516309824464 0.995592009770349 0.993401668131829 0.99439734361852 0.994592757563477 0.994815191812008 0.995981578103498 0.994366408000415 0.997193386710631 0.994196434688852 0.994974004645465 0.993974249455903
-9999 -9999 0.994334332406737 0.993126510617968 0.995235202240954 0.994121341540861 0.993302195524596 0.993916142406708 0.995666055449664 0.992084909329285 0.993967601287552 0.994140424104678 0.996015444461933 0.992790832432792 0.992931428249717 0.995232700055489 0.994761241910779 0.994540830192747 0.994261876971117 0.995655707376297 0.994151582333974 0.995138199319138 0.994683794095786 0.995193670308096 0.993863073361292 0.994697781009396 0.994518354449596 0.994346476892027 0.994955142745422 0.996104299888664 0.996050931810383 0.994282004517056 0.992244795128106 0.992372601954381 0.995495365541501 0.994145884377151 0.992928484930711 0.994585067823449 0.992401728505235 0.995920695489424 0.992126593000429 0.997199206025046 0.994177717298794 0.994219110267186 0.992097278794598
-9999 0.992741373664232 0.993593180043226 0.994568384608168 0.993731257494887 0.993911242492938 0.996065878981433 0.994394435617795 0.993671831898938 0.989613862132148 0.994743508611284 0.993062198327932 0.996025189201648 0.995037670985376 0.996341334041638 0.994821477008034 0.993125949761075 0.994646090242274 0.993229403183545 0.995520772909553 0.994817416636807 0.994649018561999 0.992703064330696 0.995399084417346 0.994556923623749 0.993486361259806 0.994337928909554 0.994194130612798 0.994594371023043 0.99216771325386 0.993010002763646 0.994424641583757 0.995049201857861 0.994277691486324 0.995472704948321 0.994355030116628 0.995028419222307 0.99455008697657 0.992384053503985 0.995898455900486 0.991655221980029 0.997202615271493 0.991751937110191 0.991752660546225 0.991144879892704
-9999 0.992376686506824 0.992366304203321 0.996365676504979 0.996306410436942 0.994740559418544 0.99403849850364 0.994613605783102 0.995525977943326 0.99344729273606 0.99534362735765 0.99458943202922 0.995715418220441 0.995941294403374 0.995218155881826 0.994740640323346 0.995997091406539 0.994649670988023 0.994945927079778 0.992692242484882 0.9933681575793 0.9924992214271 0.994792284781583 0.995354124196262 0.994869744243347 0.995330172060271 0.995203574363287 0.995107329252837 0.994558550318117 0.994296355711803 0.994871007890543 0.992272214271265 0.994384879377654 0.991954234907654 0.994471848910523 0.993528852187638 0.994629692712419 0.994411157380824 0.993903730791094 0.995638261537832 0.994116844555666 0.994135278113936 0.996065702113918 0.99533085902586 0.994103834140171
