Model input/Uganda/survival/Tsurvival/Tsurvival_restime_1sep.asc
NCOLS 67 
NROWS 67 
XLLCORNER 29.500000001 
YLLCORNER -1.499999999 
CELLSIZE 0.0833333332985075 
NODATA_value -9999 
[rows 0 to 19 of 67, columns 0 to 44 of 67]
-9999.000000000000000 -9999 -9999 -9999 -9999 -9999 -9999 -9999 -9999 -9999 -9999 -9999 -9999 -9999 -9999 -9999 -9999 -9999 -9999 -9999 -9999 -9999 -9999 -9999 -9999 -9999 -9999 -9999 -9999 -9999 -9999 0.990501392414535 0.993312104253969 -9999 -9999 -9999 -9999 -9999 -9999 -9999 -9999 -9999 -9999 -9999 -9999
-9999 -9999 -9999 -9999 -9999 -9999 -9999 -9999 -9999 -9999 -9999 -9999 -9999 -9999 -9999 -9999 -9999 -9999 -9999 -9999 -9999 -9999 -9999 -9999 -9999 -9999 -9999 -9999 -9999 0.993346720473141 0.991118870181463 0.993236789224272 0.99128062635128 0.990391303701326 0.990605172595224 0.99334569608862 0.994019987960028 0.993467770597411 0.996145943654499 0.996469039979409 -9999 -9999 -9999 -9999 -9999
-9999 -9999 -9999 -9999 -9999 -9999 -9999 -9999 -9999 -9999 -9999 -9999 -9999 -9999 -9999 -9999 -9999 -9999 -9999 -9999 -9999 -9999 -9999 -9999 -9999 -9999 -9999 -9999 -9999 0.993982497190421 0.99273716062127 0.993734754066419 0.992819981914597 0.995016625525374 0.993182069390675 0.992943275695753 0.994953725913809 0.994982327119075 0.995344943292757 0.995886535196844 0.996566133416575 0.99624173822568 0.996426152948674 -9999 -9999
-9999 -9999 -9999 -9999 -9999 -9999 -9999 -9999 -9999 -9999 -9999 -9999 -9999 -9999 -9999 -9999 -9999 -9999 -9999 -9999 -9999 -9999 -9999 -9999 -9999 0.993537277360087 -9999 -9999 -9999 0.991313150909176 0.992411946428994 0.992755526736547 0.992743244934516 0.990042952818508 0.993049840713333 0.993728996689937 0.993481341241653 0.993722388590985 0.992344434142986 0.995118647246129 0.996649623247959 0.99431174703811 0.994970557479947 -9999 -9999
-9999 -9999 -9999 -9999 -9999 -9999 -9999 -9999 -9999 -9999 -9999 -9999 -9999 -9999 -9999 -9999 -9999 -9999 -9999 -9999 -9999 -9999 0.993421079274153 -9999 -9999 0.99124108732097 -9999 -9999 -9999 0.996399320562782 0.995968422251724 0.99597811890458 0.993796574455352 0.993716043244181 0.993509189662093 0.990627588714726 0.993687670459601 0.992019553875552 0.994213844906883 0.994025155145483 0.993085294086256 0.994524171108411 0.995088416604008 0.994182965662554 -9999
-9999 -9999 -9999 -9999 -9999 -9999 -9999 -9999 -9999 -9999 -9999 -9999 -9999 -9999 -9999 -9999 -9999 -9999 -9999 -9999 -9999 0.991426179811339 0.993951391565556 0.99363242505082 0.993827056212411 0.990179625208166 0.997083418812425 0.997093014368665 0.995932122420374 0.996860644196646 0.992583515014915 0.996014805983139 0.994997070214479 0.995036723095463 0.993401980979269 0.992435035282024 0.994620455412191 0.994048023926224 0.991474511197811 0.994195964862844 0.991646288660139 0.995049540427734 0.995167577661968 0.994078104815788 -9999
-9999 -9999 -9999 -9999 -9999 -9999 -9999 -9999 -9999 -9999 -9999 -9999 -9999 -9999 -9999 -9999 -9999 -9999 -9999 0.993894298880232 0.994868702453462 0.994672589211268 0.99481398175259 0.994892792165182 0.991636886595911 0.992537477464388 0.996902851282748 0.996800852559716 0.996810832419445 0.996817754034775 0.993416249510447 0.992705856182306 0.994326848643069 0.991188973232106 0.993149394714631 0.994847070334515 0.994891760743447 0.994694553211823 0.993915079437296 0.994433839181296 0.994565537129792 0.994972919684423 0.995325207970544 0.991005084362793 -9999
-9999 -9999 -9999 -9999 -9999 -9999 -9999 -9999 -9999 -9999 -9999 -9999 -9999 -9999 -9999 -9999 -9999 0.994657425798569 0.994518444501449 0.992502175826945 0.993382992287936 0.991028110069862 0.990810809747352 0.994848406206826 0.989303987840156 0.994044689644958 0.995442263310072 0.990014169349858 0.993787760558878 0.993943672469649 0.995070675081209 0.993028670056298 0.996060754935037 0.993115241912295 0.991075067200411 0.991828810513115 0.994334038427309 0.994056219236775 0.99391546471866 0.993893904682397 0.992686765696743 0.993651313334348 0.993285992603753 0.993507435441961 0.990799899318741
-9999 -9999 -9999 -9999 -9999 -9999 -9999 -9999 -9999 -9999 -9999 -9999 -9999 -9999 -9999 -9999 -9999 0.994578029272097 0.991037416565778 0.993513237529547 0.993278876246226 0.991363250908343 0.993808384142558 0.994940845310783 0.994940510839705 0.995417543941357 0.993155521868631 0.993292167389408 0.993690683198855 0.993893206455312 0.995127186504881 0.995109263495439 0.993515824573612 0.994442109117189 0.991452790376904 0.993851962457691 0.991603883305572 0.994134623551405 0.991801470192418 0.993717146432953 0.993656940515999 0.99590477176787 0.993500085921229 0.994198896593794 0.993546885592707
-9999 -9999 -9999 -9999 -9999 -9999 -9999 -9999 -9999 -9999 -9999 -9999 -9999 -9999 -9999 -9999 -9999 0.994733089632715 0.994370310027308 0.99460673788155 0.99374321421899 0.991537358552906 0.991202237046731 0.992768797623328 0.995393835170689 0.993156844002139 0.991620543181056 0.993094228509301 0.991151296758346 0.994614077432423 0.995080933363895 0.993495295661832 0.993095428546642 0.996205379031195 0.996065646191369 0.993450241121823 0.99140616646357 0.992642975723355 0.993948249889231 0.994114141907203 0.994119137474114 0.995872103927302 0.993854854299338 0.994375592765056 0.993622730171737
-9999 -9999 -9999 -9999 -9999 -9999 -9999 -9999 -9999 -9999 -9999 -9999 -9999 -9999 -9999 -9999 0.994466690570517 0.994427727018314 0.994868332571854 0.9951684696394 0.995172591155851 0.995032124199926 0.992979667514591 0.99392368687448 0.996755709016254 0.994582168110671 0.993618820333557 0.991049716079882 0.99187460785873 0.994430566940814 0.994769148576995 0.990986291120704 0.995130809110942 0.993935962804922 0.993580886759224 0.994536180475457 0.994595873366274 0.993921528838204 0.994081972392126 0.995847666715327 0.994135285169812 0.993741225872291 0.993757838190221 0.993847630918778 0.995632487922839
-9999 -9999 -9999 -9999 -9999 -9999 -9999 -9999 -9999 -9999 -9999 -9999 -9999 -9999 -9999 -9999 0.994363191741357 0.992998435913149 0.993652385054305 0.991587463294163 0.993796788377229 0.990148063350579 0.992877691888024 0.995460392854729 0.993722517253839 0.994924713708441 0.994828811540055 0.994097897103044 0.994270277926456 0.994483744579779 0.994792305393709 0.992764051159368 0.995187522215177 0.994014862900541 0.994221109530878 0.996137619990911 0.99411428168457 0.995841885037229 0.994870877574299 0.993665568828317 0.992530854191701 0.994615142082943 0.99398359170505 0.994694928936048 0.99387897881613
-9999 -9999 -9999 -9999 -9999 -9999 -9999 -9999 -9999 -9999 -9999 -9999 -9999 -9999 -9999 0.994718998609734 0.992973557388981 0.994251813050731 0.994156280425182 0.99251391731355 0.993436493208484 0.991100711937397 0.996810131851457 0.996825910034796 0.993974830605936 0.991815685490843 0.994202882251677 0.991920664212283 0.994293895079437 0.994593027360494 0.994278333254271 0.992377249694407 0.995155948532822 0.991271085102083 0.994033160493922 0.99474101140394 0.994587482821612 0.993771948686475 0.994075741117773 0.992695430170325 0.991376527820116 0.994365828307244 0.99401361660019 0.994508116860125 0.991301514076377
-9999 -9999 -9999 -9999 -9999 -9999 -9999 -9999 -9999 -9999 -9999 -9999 -9999 -9999 -9999 -9999 0.994979864942828 0.994510053747644 0.991906443956693 0.994012173986284 0.992405556843651 0.989924913363014 0.995456293313274 0.996948875063695 0.992230715956148 0.991810067198893 0.992414070364215 0.994353608204362 0.992058764113119 0.993996528045676 0.994077011483616 0.994439074482895 0.995167169392298 0.994671789798059 0.991615531199003 0.994087081340229 0.99622196859169 0.993886092564538 0.993908091900558 0.994844949713813 0.994209951112781 0.994047001806115 0.99407583258486 0.994405273619973 0.993915368503674
-9999 -9999 -9999 -9999 -9999 -9999 -9999 -9999 -9999 -9999 -9999 -9999 -9999 -9999 -9999 -9999 -9999 0.994478481288542 0.994489872888925 0.994641168541474 0.994495471082586 0.994822003280254 0.996808438193312 0.992199499656958 0.994370215490832 0.99470529784934 0.991645518760251 0.992633750031341 0.994023334682503 0.994099390388901 0.991718260420087 0.994218624847197 0.994969947939664 0.994548328786798 0.994259849711781 0.994162845312051 0.994959842116967 0.994616636774558 0.994126271557393 0.994101462034129 0.994162925813791 0.993976694937497 0.992337504417601 0.994221630669824 0.99417933913515
-9999 -9999 -9999 -9999 -9999 -9999 -9999 -9999 -9999 -9999 -9999 -9999 -9999 -9999 -9999 -9999 0.995613000505982 0.993192385089307 0.994163162859643 0.994222263875266 0.994196998958835 0.991779255766993 0.996800388319209 0.993339496863898 0.993118078485277 0.995197090231892 0.994942097856902 0.994269160952486 0.993925342805379 0.994643873457176 0.992477150968218 0.994166968071117 0.994301155297582 0.992674050910287 0.994535104948886 0.994612600874548 0.994777685653809 0.994710499471777 0.994675894648425 0.995883705654623 0.99464022338657 0.994232968645144 0.995901338677146 0.995896420547662 0.994212107048263
-9999 -9999 -9999 -9999 -9999 -9999 -9999 -9999 -9999 -9999 -9999 -9999 -9999 -9999 -9999 -9999 0.995681272764553 0.995759804641215 0.993166958454532 0.993856142401545 0.995272412592832 0.995293081681211 0.995179120806238 0.995494160446075 0.993372410151509 0.991324007709458 0.991482675025142 0.991703702164896 0.995086230230704 0.994988375091874 0.994013891334126 0.991645233298202 0.992201268500599 0.994391031410747 0.992637986953686 0.99433712958025 0.99181915924122 0.994113285225912 0.994958860381004 0.994401056901756 0.994128239643592 0.992103712020687 0.993989837284605 0.99147570019579 0.994011998764094
-9999 -9999 -9999 -9999 -9999 -9999 -9999 -9999 -9999 -9999 -9999 -9999 -9999 -9999 -9999 0.994262399283035 0.994731549953349 0.994912808255136 0.995112191049438 0.993444524933798 0.992531336337473 0.993110403196114 0.990082398184134 0.996822816599916 0.992990858871122 0.995113836024588 0.995114824844793 0.995100997585813 0.99509282966038 0.993752407306049 0.994420883824241 0.991784899378176 0.994210232645995 0.993213392737264 0.994224798328461 0.992498332616445 0.994213915031674 0.99474008547842 0.994886017424883 0.996081716233136 0.99602870991309 0.993774895584162 0.991422436655447 0.994021512953524 0.994310195701336
-9999 -9999 -9999 -9999 -9999 -9999 -9999 -9999 -9999 -9999 -9999 -9999 -9999 -9999 -9999 0.995960857690083 0.996340996362865 0.993365093764053 0.995315341723139 0.994123266997999 0.994843017917631 0.993213136882884 0.993665735402238 0.996806501271791 0.9932612539365 0.990913667521767 0.993865580599655 0.991888995491479 0.993635127515223 0.993756074295006 0.992546141268287 0.994070549173093 0.994267386517497 0.994679676529416 0.995436008027409 0.994236744707725 0.994299637326997 0.994240329289553 0.991863944360275 0.994572963069367 0.995125708190676 0.994385893222007 0.993736386345621 0.992669130145704 0.994519705423282
-9999 -9999 -9999 -9999 -9999 -9999 -9999 -9999 -9999 -9999 -9999 -9999 -9999 -9999 -9999 0.996117408110839 0.996535118254757 0.995046826543237 0.992528224649892 0.992494667891087 0.993633399365988 0.990205017463026 0.992996460966383 0.993001627105807 0.995466373536717 0.990398347870229 0.99236386217968 0.993849438287279 0.990814115411853 0.995179752298265 0.994784191657503 0.994677689669428 0.994379656239409 0.994869350230403 0.993770728616072 0.994694227449569 0.992543808347722 0.992374353594466 0.994231346470964 0.994252833523729 0.994738907374782 0.994405529362371 0.994364091151554 0.995882169989219 0.994366622877281
