Model input/Uganda/survival/Tsurvival/Tsurvival_restime_1nov.asc
NCOLS 67 
NROWS 67 
XLLCORNER 29.500000001 
YLLCORNER -1.499999999 
CELLSIZE 0.0833333332985075 
NODATA_value -9999 
[rows 40 to 59 of 67, columns 0 to 44 of 67]
0.992166968204921 0.99382735901667 0.996459944204596 0.996542904348742 0.993685585189406 0.995614136765425 0.994397069864829 0.996516087222647 0.994867934441738 0.995958522766678 0.995917739735717 0.996011202997604 0.994099088234119 0.996065159263628 0.995418832387326 0.996212810315268 0.996083206197771 0.994630598601634 0.995497505633632 0.995503549834485 0.995383862073592 0.993736351941188 0.99535619675602 0.995558285021636 0.995565402682072 0.995250876516975 0.995163858112497 0.995269812534082 0.99493116789224 0.994700154626118 0.994908617757467 0.994546952374862 0.99617634027446 0.993365807890109 0.995034159785462 0.995611574744608 0.994690556190364 0.992302683589579 0.994388349460061 0.993705517618498 0.993800287440498 0.99425837286884 0.997269387693678 0.99482049616219 0.993194547334996
0.994433164380151 0.992398252564495 0.996465953424314 0.995141357573477 0.995329706779612 0.995642932442564 0.99505930571106 0.997690122307808 0.996208261615295 0.996478244271407 0.995212089309781 0.995822946603748 0.994024530725483 0.995638229812406 0.994090408926898 0.996142235299955 0.995305185152406 0.994309458645087 0.994708688767346 0.996100744916303 0.995850226839617 0.995739593173855 0.995394596812031 0.995768995906988 0.993854260486002 0.99545287126523 0.994687161765232 0.99475123829326 0.992468129909815 0.994878193304304 0.99500728593627 0.993557627260433 0.996185538762379 0.994808994039774 0.994828617405586 0.994795407906209 0.993118595551217 0.994532987413354 0.993661838755274 0.994728751356612 0.995602455037064 0.995044095001357 0.997282644782886 0.994566037472273 0.995138560754868
0.993944476391889 0.991625462102763 0.996474963058379 0.991921093039914 0.997669211975588 0.997946928448955 0.99792692239387 0.997413313153252 0.996456189729614 0.995824484051686 0.995965263712088 0.996429517904518 0.995768159615143 0.995474099472879 0.995659928695346 0.995568656732703 0.994185051470639 0.995695068381369 0.9940315625556 0.995424597837686 0.993406886040563 0.995465787757417 0.995530165934021 0.994205608999702 0.995205154352468 0.996061575644699 0.99527757059052 0.993475307021094 0.995085043419408 0.995167093870687 0.993654292589182 0.994862693856757 0.996173709845128 0.995780031614525 0.99530087880906 0.994753198871549 0.994853192059153 0.994544188464833 0.99548912469891 0.994438357340217 0.995427028324915 0.995053467314342 0.997353664874218 0.9973131519805 0.99445480948992
0.996606749058991 0.995245430603918 0.994382953813312 0.996269504335091 0.999375593949983 0.999392041727108 0.998846903488414 0.995317837392115 0.994577829395319 0.995536301007047 0.99570255973534 0.996243921753772 0.99636535165241 0.995526936795824 0.993689297752497 0.993984127670742 0.995465602204167 0.993449359285603 0.993535228562993 0.995509195608052 0.995372898736429 0.995672981946691 0.994504485570396 0.995207740389741 0.993379438752472 0.994508229215445 0.99327320063406 0.995202769189767 0.995874663840811 0.996133612147442 0.995387491951316 0.994725463156962 0.995989956233264 0.99486937511368 0.99365864293515 0.995377907216228 0.994763626316988 0.993393220061035 0.99458935818299 0.994512888535474 0.995427517674714 0.995063028813167 0.99404507231756 0.99741600462243 0.99463535031901
0.996599726409629 0.995619445342633 0.995790453834849 0.998045653908022 0.99960659280221 0.999068321575184 0.996606039565645 0.994379814277956 0.993645477440154 0.995761893278678 0.995891768124168 0.995245019726798 0.99637741151585 0.995810079963766 0.995942088218305 0.993795021848459 0.995487114610039 0.99374456348612 0.993984389634224 0.995741673700888 0.99553886815324 0.996293537381666 0.993106641055665 0.993754524292966 0.994593131899994 0.995535365424254 0.995362483971932 0.996452843616452 0.994231715347609 0.994425721061157 0.995064243471033 0.992851164146703 0.995353515734892 0.99407917818841 0.995594968336327 0.994865133381533 0.992927804886478 0.995147108762417 0.994750969326025 0.99485175006913 0.995369584617632 0.994867963635263 0.996483644645141 0.996363762454881 0.99625754771393
0.996688087978242 0.995278828949209 0.995461827483735 0.998123731503858 0.999581033136585 0.998818557656067 0.997600925973393 0.995707798973739 0.992782209750028 0.995764150430116 0.995889328880633 0.993182624074168 0.996332929041541 0.995510709861212 0.99446877793012 0.995440185655726 0.99597168923034 0.995364335218445 0.995336668294199 0.995961204578522 0.993879128541349 0.996290641252147 0.994839250827984 0.996245526497934 0.995098405205123 0.995348147965652 0.995327966244897 0.994925941105755 0.99606174657829 0.996125440824701 0.993529890608267 0.994884861773529 0.995110851756186 0.995074923403572 0.994748304184042 0.993464733695899 0.995009549229903 0.997444164309785 0.996432157512499 0.994472387386308 0.994892463947108 0.994467935688144 0.997502982562959 0.997405838571281 0.996263657756232
0.995693261853722 0.995347520671868 0.995715581088965 0.997159729632753 0.998632639315756 0.997829995657639 0.994758741884808 0.995120217310202 0.996525740289055 0.996035310258199 0.996004503442514 0.9953774015778 0.994894800820815 0.996185403507902 0.996234280484381 0.996314018699217 0.99654964710563 0.99658675404692 0.996687011914459 0.996785597795743 0.996784346263042 0.996975299794467 0.995772900527652 0.995318854607775 0.993273091868204 0.993287635657945 0.994985342034422 0.995207485844272 0.995192796196831 0.993205511416302 0.994873511872886 0.994889369684759 0.99492086119592 0.995219083897971 0.996575107069001 0.997565645173743 0.996511898337109 0.997496136228962 0.997464939690128 0.997517234975844 0.997464925234911 0.996493107783229 0.9975047383059 0.997386000489437 0.997361295679667
0.994520164506291 0.99667496902187 0.996202708153258 0.997558926080553 0.997591578803595 0.995490803791605 0.996828088474105 0.996452604792597 0.996594680038393 0.996648494254467 0.995434367020964 0.996770532445069 0.996568531853744 0.996521628922341 0.995203760571223 0.995184650980234 0.996165079491834 0.995571159568162 0.996365960415321 0.995750479552603 0.994884676740005 0.995400755666576 0.995769731589289 0.995855483520876 0.995568950507419 0.995072459309274 0.99515688653986 0.995274915462171 0.99316770390251 0.994933561196639 0.994929439417809 0.995204736151349 0.996623891534478 0.996567079297383 0.997539446328523 0.99650420856445 0.997509580282924 0.997477195304961 0.997501513194002 0.997500134968041 0.997498650756719 0.997564401783783 0.997437678525247 0.996306058255459 0.997363441825129
0.995110020700752 0.996557275101727 0.99676201601599 0.997181982108345 0.996163820779071 0.994726938872751 0.996390356659816 0.994862264366785 0.996486344454174 0.995309729141429 0.99529366464831 0.995994407510252 0.995387636956211 0.996227537229023 0.99508000727684 0.996089342938614 0.995934653433936 0.993604669236988 0.996451035429561 0.995526310536022 0.996375838601964 0.994083886628523 0.995593753664276 0.995477678912827 0.997114228913994 0.997142172498133 0.99712113828324 0.997112821519377 0.995964548655912 0.995202535751258 0.997660871569714 0.99661534295547 0.997576412850928 0.99758373451776 0.997535116154108 0.99645780384588 0.997475031586302 0.997468081282909 0.99746576433965 0.997485121223581 0.997473488385034 0.997450889206705 0.997402044345642 0.997379116180086 0.997366872308548
0.996783543701016 0.996479726712277 0.99657232854851 0.996394018543035 0.996482836693591 0.993668264543748 0.99360372659481 0.994240037804198 0.994980720333064 0.99683589175935 0.994226889373972 0.995549291901276 0.994695362140734 0.995519783742281 0.996506481556431 0.996156467327515 0.99535259290592 0.994219786187843 0.996536895477232 0.996430769590794 0.995654712323111 0.994759540819912 0.993740694794059 0.993664014267768 0.994811362952747 0.995177532353151 0.994112882939536 0.993061755863288 0.997582718781594 0.997576307483453 0.996597581905317 0.99757878075657 0.997585139956964 0.997565519726694 0.9975342821133 0.997499648268859 0.997494202054552 0.997510674828827 0.99751371642992 0.997514191578494 0.997484670715861 0.997448854152839 0.996365539738985 0.997406542564684 0.997376641251826
0.995145012520262 0.996351176318323 0.996327762539032 0.996337817165602 0.996305219958514 0.993482476290362 0.995055845314121 0.996499624554937 0.996655853363192 0.99491746450089 0.996063520823896 0.995785356425299 0.996277062002709 0.995604245978801 0.996553633349872 0.996140591717723 0.995418483549474 0.995826372607468 0.995665073553791 0.996503205114776 0.995747482791341 0.996329344756224 0.995612155429688 0.993566227042883 0.996338945433179 0.994925452922725 0.995861690719747 0.994841984899826 0.996616461090943 0.9975634004751 0.997555058477261 0.997549848594329 0.997547502302596 0.997538043543445 0.997529984361103 0.996520563924129 0.99754280067571 0.996504878924078 0.997525640218541 0.997515243317058 0.997464827507956 0.99640504940226 0.997441799789636 0.99633132475718 0.99736706100797
0.996325327644609 0.994719596174775 0.996254025224892 0.996307621451599 0.996323392745685 0.99657758173338 0.994361615434103 0.994491998694689 0.995216461378854 0.994652148206292 0.996521166472039 0.994844446286881 0.996035804866037 0.993971181697785 0.996601065462036 0.995275457602298 0.994430522187539 0.995538870849287 0.994320035365844 0.99635433603881 0.995910044672515 0.996093184617634 0.993965114244454 0.995547912829747 0.996365866092683 0.992751708542611 0.995688337731401 0.994954626001904 0.997609757505628 0.996595234475389 0.997574546352498 0.997568290707095 0.997556525862728 0.997560366964558 0.997553626234303 0.997558407031836 0.997531378358037 0.997505899550871 0.997495342913584 0.996448258022421 0.997463475492396 0.997441278243991 0.997438942433899 0.997411985476067 0.996291226688403
0.996171633719503 0.996193443200534 0.994705426965094 0.994783747218838 0.996533763734155 0.99455914757608 0.994438239068257 0.996596735134517 0.994438601699255 0.996263706540571 0.995871396738805 0.995265193110569 0.99625104274266 0.994716051315356 0.996272442774817 0.994415627891301 0.995686825401776 0.993793807829666 0.995745487050718 0.996085360328379 0.996095524267579 0.99589840222399 0.995734095330514 0.996072584624361 0.99632079528 0.993674298430715 0.995363784784532 0.992868844584844 0.995028165283776 0.993286583326119 0.996586455190259 0.996626915976281 0.996605820829062 0.997590095148413 0.997554492516129 0.997539995386258 0.996516902213943 0.997508251432158 0.997511838295328 0.997476375627038 0.997455375067031 0.997442886078745 0.99636359603921 0.997400465219899 0.996298040269452
0.994593842208913 0.996200848735549 0.994763016711352 0.994985680102526 0.996653159647939 0.993723286958737 0.993289497276322 0.996791843978377 0.996636279896734 0.996694366356351 0.997164311277247 0.996858413454557 0.99457454531028 0.994647064165558 0.995730884296245 0.995691332026175 0.993946347610515 0.995797308460009 0.995868205275177 0.995858404573814 0.994578379713231 0.993968945958628 0.994076024079082 0.995475737794804 0.995990544501461 0.995291913766359 0.995029432893643 0.995008912553426 0.99541835398109 0.99579828082377 0.997598251961995 0.997572764915777 0.997574508928451 0.997606026122776 0.997578285660707 0.997534388391831 0.996511123836408 0.997523084550435 0.997495095264631 0.997467460958035 0.996423975068872 0.997455196808355 0.99744235902624 0.996338443314167 0.997374810622192
0.996204882999295 0.994708192178045 0.996397845276867 0.995117959604262 0.993932342910396 0.99345651850607 0.99595943153602 0.995201805652199 0.996277528675169 0.996798012092886 0.995817146823249 0.996633215264922 0.996218272414652 0.996064525574095 0.996003581927335 0.994549478628779 0.995765872060563 0.996014172184602 0.994562411363196 0.996685959337722 0.996271958347568 0.99608241831956 0.995895504385811 0.993998298902622 0.995642372127 0.995020359453704 0.994566574177191 0.997652086778122 0.996628152800618 0.997610900250013 0.997610517647072 0.997575367666218 0.996602915356559 0.996592928235665 0.997570191305682 0.996534900360501 0.997523302580599 0.997505988108192 0.996450598519137 0.997471925634682 0.997456846286037 0.996395421595748 0.997442482549179 0.997410447594183 0.996315288196134
0.996269768599028 0.996286892085375 0.99591786471384 0.991819238736635 0.994280004766916 0.995544254366733 0.99493090567719 0.996650007201245 0.996665819773536 0.997164380193943 0.994950658997203 0.99674570634961 0.99648826400654 0.994539773422298 0.996061765118292 0.996006290039743 0.994983258272433 0.996418303109376 0.995777768323129 0.996744914831435 0.995635234628905 0.995846962067927 0.995568955466863 0.995530890153158 0.993358604044887 0.994554470059456 0.993109515262745 0.99666428909996 0.997624857540343 0.996636301249902 0.996609687851576 0.997607385820319 0.997560957674886 0.997557051891389 0.997545553384924 0.996504324138954 0.997530947643074 0.996473229389578 0.99749708626835 0.997491175413882 0.996410669147108 0.997466641314204 0.996375341447013 0.996361215831699 0.997414666369638
0.996288944200728 0.996338469367475 0.99599458700596 0.996202968148902 0.995020687642057 0.995410000340537 0.996506692784123 0.99649731277961 0.995319561458559 0.997154742786394 0.996344255239417 0.997241728056453 0.997287366875967 0.99728308025057 0.997152801107474 0.996057535221711 0.997337703313958 0.996645051047465 0.997328574203535 0.996305397721529 0.997368673126703 0.994432025214017 0.996278527553173 0.993961724388418 0.995030633456662 0.99354617371845 0.997714947263202 0.997647268118318 0.997631664164891 0.997617114772155 0.997599507553685 0.997582441403549 0.996566492540327 0.996548826280021 0.997560217556593 0.997534275487484 0.996497413461809 0.9974903215442 0.997484057022319 0.997482959166083 0.997474878030647 0.99746709795402 0.997434473589625 0.996359049004491 0.99635290501002
0.993704573867659 0.995767051567893 0.995148312598147 0.996412964729865 0.995652493529901 0.996434300226289 0.996387591564344 0.997011183147009 0.99652008588213 0.997386422046274 0.996189505458442 0.996585766721596 0.996669272504624 0.996553955752668 0.996403899815655 0.996573928430523 0.997254695680711 0.997134782983536 0.997282183284489 0.997392566822373 0.997415567857334 0.99623613467047 0.997340277788777 0.995509708667161 0.995915733270469 0.993086227709437 0.997710374029742 0.997677223161361 0.99667689865485 0.996643368996668 0.997620337692848 0.996587684787609 0.997583417357892 0.997561619729966 0.996530350971004 0.996501857238489 0.997505776535457 0.997505583724625 0.997487051955108 0.997463597741713 0.996422854679039 0.997450213737849 0.997445508155744 0.997447124651751 0.996360507312961
0.991673517333294 0.996074577329245 0.99552145862635 0.996907881105728 0.996114404355375 0.995070113198745 0.997131539512197 0.997012956551374 0.996566902490022 0.99626397918947 0.99684957370698 0.996619166012759 0.996613224838337 0.995358965557784 0.996271001294618 0.996319697163951 0.996179612807504 0.997314506869349 0.996111663031477 0.994203790297044 0.995003924875803 0.995827539470903 0.996271677458918 0.992666841532244 0.996029182329877 0.995967871907905 0.99770862823179 0.997673055889141 0.996679239097563 0.997623676180336 0.996621017316656 0.997594771757802 0.99656914260349 0.996535798224155 0.996521673476076 0.997515958975851 0.997498056365903 0.997490967737749 0.996450956377466 0.997484127796203 0.997475500813998 0.997465905055761 0.996390188316923 0.997433472352015 0.997437405697456
0.994974133363216 0.99652223709005 0.996035881190644 0.994998291861416 0.996224589248194 0.997100431727517 0.997038265188871 0.996439055531053 0.996476239169382 0.994953694952483 0.996647373850367 0.996419514064644 0.996742705255809 0.996361210286034 0.996415030616554 0.996452982871776 0.996384416907968 0.996218626036799 0.996150447668164 0.994550372387818 0.996397312958687 0.996039145187063 0.993367069246144 0.997202103313529 0.997091766105604 0.996963459714043 0.996773474973732 0.997705777385293 0.996691201555611 0.997627087310541 0.997597577540012 0.997576594706498 0.997560282484401 0.99753432695619 0.997526437290535 0.99649395319533 0.997507496189198 0.997483706346694 0.997467493137646 0.99748377237909 0.997469835809453 0.997441655359805 0.99744415036969 0.996358794532858 0.99636016451763
