Model input/Uganda/survival/Tsurvival/Tsurvival_restime_1apr.asc
NCOLS 67 
NROWS 67 
XLLCORNER 29.500000001 
YLLCORNER -1.499999999 
CELLSIZE 0.0833333332985075 
NODATA_value -9999 
[rows 0 to 19 of 67, columns 0 to 44 of 67]
-9999.000000000000000 -9999 -9999 -9999 -9999 -9999 -9999 -9999 -9999 -9999 -9999 -9999 -9999 -9999 -9999 -9999 -9999 -9999 -9999 -9999 -9999 -9999 -9999 -9999 -9999 -9999 -9999 -9999 -9999 -9999 -9999 0.989074969895468 0.992346548575856 -9999 -9999 -9999 -9999 -9999 -9999 -9999 -9999 -9999 -9999 -9999 -9999
-9999 -9999 -9999 -9999 -9999 -9999 -9999 -9999 -9999 -9999 -9999 -9999 -9999 -9999 -9999 -9999 -9999 -9999 -9999 -9999 -9999 -9999 -9999 -9999 -9999 -9999 -9999 -9999 -9999 0.992328222994372 0.989731539997118 0.992160651336199 0.990033802800764 0.98892234757486 0.989177551507066 0.992277086272934 0.992859535659003 0.991453360809579 0.995130735524654 0.995597120508726 -9999 -9999 -9999 -9999 -9999
-9999 -9999 -9999 -9999 -9999 -9999 -9999 -9999 -9999 -9999 -9999 -9999 -9999 -9999 -9999 -9999 -9999 -9999 -9999 -9999 -9999 -9999 -9999 -9999 -9999 -9999 -9999 -9999 -9999 0.993150451817038 0.991716174849227 0.992812271059235 0.991769992120812 0.994247627339361 0.992035331191742 0.991783172234754 0.994115432172194 0.994133555547022 0.994071102926504 0.994580671402857 0.995709886604967 0.995603202201335 0.995261544777524 -9999 -9999
-9999 -9999 -9999 -9999 -9999 -9999 -9999 -9999 -9999 -9999 -9999 -9999 -9999 -9999 -9999 -9999 -9999 -9999 -9999 -9999 -9999 -9999 -9999 -9999 -9999 0.991982733594792 -9999 -9999 -9999 0.990166734105837 0.991302383791683 0.991625224111359 0.991568599067772 0.988438196358356 0.991874371338811 0.992742011947497 0.992386207692139 0.992715462765936 0.991007297934812 0.993682364706855 0.995621142656814 0.992426562830335 0.993771841922181 -9999 -9999
-9999 -9999 -9999 -9999 -9999 -9999 -9999 -9999 -9999 -9999 -9999 -9999 -9999 -9999 -9999 -9999 -9999 -9999 -9999 -9999 -9999 -9999 0.991860594478763 -9999 -9999 0.989266216824655 -9999 -9999 -9999 0.995937515121282 0.9954301889117 0.995385829258455 0.992768902522086 0.99257489969819 0.992382904487269 0.989103466516757 0.992557787175606 0.990507582537625 0.993068476681111 0.992621688578983 0.991255298451496 0.992919865493307 0.993971259852037 0.99290916525441 -9999
-9999 -9999 -9999 -9999 -9999 -9999 -9999 -9999 -9999 -9999 -9999 -9999 -9999 -9999 -9999 -9999 -9999 -9999 -9999 -9999 -9999 0.989307404663873 0.992608832951051 0.992135369605835 0.992579718300625 0.98802193280037 0.996531242843208 0.996582672009293 0.995221188967572 0.996437700735495 0.991087863454821 0.995440486021906 0.994080545723015 0.994006336384041 0.992175829701204 0.990969120522882 0.99360931675176 0.992852086368424 0.989454548952287 0.992803507593989 0.989801750817028 0.993774708883731 0.994095256008649 0.99274706046491 -9999
-9999 -9999 -9999 -9999 -9999 -9999 -9999 -9999 -9999 -9999 -9999 -9999 -9999 -9999 -9999 -9999 -9999 -9999 -9999 0.992289956565333 0.993618968722777 0.993525345148517 0.993915979351316 0.994010728228898 0.990103049342939 0.991002073039233 0.996450373552068 0.996379783798356 0.996393107290331 0.99642276977842 0.992274497439669 0.991158840687737 0.993437053398351 0.989239349080354 0.991865265361257 0.993918118894778 0.993966344411869 0.993617651630518 0.992600664795682 0.99318423089886 0.993386760480201 0.993867521632177 0.994371391288033 0.98923037299939 -9999
-9999 -9999 -9999 -9999 -9999 -9999 -9999 -9999 -9999 -9999 -9999 -9999 -9999 -9999 -9999 -9999 -9999 0.993728194723525 0.993525003800244 0.991135155414643 0.992084486508791 0.98911331612533 0.989025493139523 0.993953185886208 0.98338426643716 0.992874523107237 0.994834727697202 0.988417515415114 0.992674390627846 0.992893304781202 0.994150730246937 0.991725829089435 0.995397503208836 0.991538835395859 0.989271847484164 0.990294736709747 0.993257799199676 0.992828911844051 0.992642190890312 0.992654125816367 0.991022123462434 0.992475211870181 0.991998855891367 0.992336443898982 0.989193791107171
-9999 -9999 -9999 -9999 -9999 -9999 -9999 -9999 -9999 -9999 -9999 -9999 -9999 -9999 -9999 -9999 -9999 0.99355867378625 0.989594179333058 0.992304485897211 0.991928312849355 0.989941735158432 0.992782483705018 0.99398969832333 0.99402575377523 0.99481542229487 0.991818428568779 0.991929821389642 0.992417727581714 0.992675904849474 0.99417483723892 0.99421042251156 0.992163159070462 0.993604012136528 0.98973233904903 0.992622470946064 0.989841002198417 0.992888791695319 0.990139652073512 0.992574452229057 0.992551352975188 0.995111788741024 0.992368571127015 0.993161484728183 0.992384462006925
-9999 -9999 -9999 -9999 -9999 -9999 -9999 -9999 -9999 -9999 -9999 -9999 -9999 -9999 -9999 -9999 -9999 0.993718304542423 0.993439196620941 0.993656902969605 0.992619708829621 0.990111882552799 0.989831687524278 0.988725632716268 0.994843862053854 0.991693114884147 0.990064951653664 0.991751846430725 0.989509543722252 0.993601348238262 0.99415919162947 0.992225735576076 0.991901643174064 0.995625710441486 0.995500290237879 0.992052350311508 0.989613574339698 0.991187213726678 0.99289794525079 0.993140771816171 0.993090717788314 0.995099089946869 0.992804006417576 0.993399391418611 0.992535407803175
-9999 -9999 -9999 -9999 -9999 -9999 -9999 -9999 -9999 -9999 -9999 -9999 -9999 -9999 -9999 -9999 0.993265294456923 0.993410543016287 0.993818634105618 0.994138433544256 0.994345178838563 0.994193676666588 0.991967535649239 0.992743824165321 0.996397977810653 0.993543873622314 0.992377275141994 0.989282515434406 0.990124804557716 0.993328171663976 0.993867781024169 0.98928978204137 0.994312483552503 0.992824832428887 0.992152914491364 0.99374772696249 0.993641830385006 0.992752489299744 0.993117502482779 0.995144833978346 0.993087846645257 0.99263670484274 0.992613751287096 0.992777882924633 0.994856556179
-9999 -9999 -9999 -9999 -9999 -9999 -9999 -9999 -9999 -9999 -9999 -9999 -9999 -9999 -9999 -9999 0.99319054046655 0.991711647912558 0.992313400135967 0.989850505614325 0.992495469289786 0.988503527517264 0.989164000342127 0.99494956510943 0.992092770851345 0.99387888033262 0.993757570680682 0.992868408712366 0.993040596913661 0.993377782014604 0.993799940604512 0.991402633018969 0.994304418290983 0.992868820258979 0.993005131001375 0.995514164827609 0.993192994393088 0.995181954332123 0.994006524837012 0.992585060328382 0.991178128658092 0.993651610697425 0.992799655166463 0.993685074473142 0.992707177979351
-9999 -9999 -9999 -9999 -9999 -9999 -9999 -9999 -9999 -9999 -9999 -9999 -9999 -9999 -9999 0.993910601981886 0.991634746024423 0.993240254858608 0.993065987385613 0.991269233799554 0.992392381037171 0.989202199738485 0.996431661475098 0.996467100436739 0.992785165915811 0.990008057404356 0.992945453187716 0.990087950961691 0.993047724362746 0.993516186954776 0.993267956466746 0.991084586408477 0.994308660495379 0.989578798509471 0.992992142452827 0.993854222263051 0.993739935846264 0.992758638141544 0.993130828226502 0.991376089678886 0.989822549367816 0.993306912647251 0.992849658524837 0.993456180334408 0.98960173160653
-9999 -9999 -9999 -9999 -9999 -9999 -9999 -9999 -9999 -9999 -9999 -9999 -9999 -9999 -9999 -9999 0.993915932512082 0.993460140822511 0.990403599515359 0.99294167052617 0.991217535589622 0.984727826171343 0.994971499002538 0.996545048193609 0.990518733127018 0.989951605424722 0.990765854574616 0.993086096051876 0.990374861522738 0.992813057197746 0.993022227623873 0.993504404397324 0.994378339309018 0.99373278311156 0.990185813087319 0.993131071283921 0.995643744917655 0.99268026082133 0.992902519558793 0.99395237223227 0.99315531883727 0.992869505251667 0.992912010006903 0.993319033059479 0.992741033612774
-9999 -9999 -9999 -9999 -9999 -9999 -9999 -9999 -9999 -9999 -9999 -9999 -9999 -9999 -9999 -9999 -9999 0.993466958613701 0.993470637636867 0.993683124118329 0.993541757201511 0.993998332380301 0.996492780929291 0.990718994336063 0.993217641421096 0.993637040879843 0.989957993428994 0.991095894439771 0.992781045628626 0.992980149941302 0.990231234001943 0.993210514126754 0.994163619455833 0.993595422369309 0.993229708383433 0.993199683315551 0.994121681455684 0.993771619393082 0.99289495257747 0.992916057326525 0.993133940250066 0.992954108866342 0.99103522747952 0.993223674062883 0.993086732744648
-9999 -9999 -9999 -9999 -9999 -9999 -9999 -9999 -9999 -9999 -9999 -9999 -9999 -9999 -9999 -9999 0.994752501145808 0.991671382878227 0.992880004797789 0.993250845650666 0.993294068678357 0.990442765669783 0.996464645441727 0.992419249234598 0.991804027748586 0.994290212528047 0.993961321120633 0.993046757424669 0.992779777069731 0.993715054233569 0.991097107992801 0.993123803330894 0.993391371594553 0.9914830490053 0.993620005620402 0.993720227048951 0.993904150965811 0.993830822006124 0.993819594302576 0.995201866911485 0.993633446900761 0.993206976092098 0.995139802839765 0.995133012791352 0.993206617892513
-9999 -9999 -9999 -9999 -9999 -9999 -9999 -9999 -9999 -9999 -9999 -9999 -9999 -9999 -9999 -9999 0.994811217830728 0.99480726670616 0.992218047320187 0.992777014724898 0.994636383689105 0.994776509358853 0.994634526663999 0.995002140043886 0.992348207234437 0.989666410076609 0.989935166572205 0.990098780082269 0.99425531060717 0.994142227454054 0.992962349238393 0.990152559151994 0.990923542577637 0.993408750948283 0.991347354980757 0.993399488586694 0.990460220507744 0.993120123301364 0.994102075681557 0.993469590305636 0.992832848134874 0.99052057133874 0.992776370885175 0.989740115558938 0.992775013660051
-9999 -9999 -9999 -9999 -9999 -9999 -9999 -9999 -9999 -9999 -9999 -9999 -9999 -9999 -9999 0.993069548869013 0.993701791534408 0.993722062026484 0.994455502452388 0.992672623306443 0.991182601562873 0.992068355828494 0.988655409061662 0.996495562276759 0.991905358349501 0.994288372805161 0.994348728028271 0.994369986474001 0.994345828496939 0.992817689841984 0.993522747673091 0.990375292311687 0.99310930825945 0.991926798072298 0.993214134682391 0.991220841477885 0.993198252453355 0.993839471588454 0.993999472568936 0.995421222719444 0.995351426474507 0.992739898592287 0.989815326852869 0.992859906027037 0.993244924222173
-9999 -9999 -9999 -9999 -9999 -9999 -9999 -9999 -9999 -9999 -9999 -9999 -9999 -9999 -9999 0.995019294160706 0.995684137627866 0.991770522817214 0.994590220047606 0.993202864178341 0.994070059357574 0.992017658108435 0.992706768101662 0.996485734057916 0.991964018176426 0.989307258693568 0.99266129036289 0.9905369313439 0.99271169548098 0.992870912281128 0.991425473697973 0.993148807515766 0.99324705615101 0.993668386377791 0.994619869339733 0.993178231355217 0.993258738618877 0.993201475578051 0.990293132294518 0.993524639290811 0.994210720188839 0.99339413834306 0.99264606151228 0.991301635658607 0.993494847658367
-9999 -9999 -9999 -9999 -9999 -9999 -9999 -9999 -9999 -9999 -9999 -9999 -9999 -9999 -9999 0.995154866260011 0.995716066910226 0.994028034100314 0.99096417191261 0.991374105237658 0.992515302733214 0.988525431886281 0.992345419923985 0.991673320981121 0.995038352599384 0.988649779075988 0.991037399072401 0.99266071266502 0.989377125403892 0.994503579594817 0.994001407445986 0.993813926080225 0.993386429147264 0.993960198113176 0.992638218775619 0.993736770370178 0.991202346817882 0.990884853990439 0.993108452787899 0.993121250800938 0.993730976093538 0.993335047517515 0.993360338328927 0.995161070830548 0.993424017556537
