Model input/Uganda/survival/Tsurvival/Tsurvival_restime_1apr.asc
NCOLS 67 
NROWS 67 
XLLCORNER 29.500000001 
YLLCORNER -1.499999999 
CELLSIZE 0.0833333332985075 
NODATA_value -9999 
[rows 20 to 39 of 67, columns 0 to 44 of 67]
-9999 -9999 -9999 -9999 -9999 -9999 -9999 -9999 -9999 -9999 -9999 -9999 -9999 -9999 -9999 0.993808862027702 0.993089253889209 0.995225523232563 0.992440774383676 0.993729380048102 0.992628278408181 0.99274139841831 0.993204362688284 0.99010686418492 0.993797661495872 0.993672724804629 0.989424539725219 0.990111586376747 0.995297098539706 0.994511966932451 0.992784524801999 0.989852057889412 0.993349788576043 0.990709499713691 0.995103124460863 0.99506489927454 0.994182806136303 0.993532608546472 0.993064564549567 0.993378005346179 0.993522922423689 0.990924005344717 0.99370409113491 0.993691684005338 0.99311952541908
-9999 -9999 -9999 -9999 -9999 -9999 -9999 -9999 -9999 -9999 -9999 -9999 -9999 -9999 -9999 0.995370650806536 0.993736297821236 0.99348360061349 0.994710739930448 0.993931416287593 0.990555487152118 0.992390229469428 0.990319011008907 0.992002048061049 0.995147858162844 0.996569746828344 0.996629794279564 0.996634534205338 0.992970133721654 0.995499560948142 0.996770075871226 0.992975643972979 0.993743700237469 0.990722162959731 0.993187296586077 0.992987097331346 0.993515052341332 0.992522530431267 0.994466846722869 0.994375991416282 0.99412407170389 0.993185826254756 0.993133156839185 0.993392701069499 0.993331540530983
-9999 -9999 -9999 -9999 -9999 -9999 -9999 -9999 -9999 -9999 -9999 -9999 -9999 -9999 -9999 -9999 0.995995721966411 0.99417589981237 0.994994677815974 0.990682935211721 0.995453552052017 0.995128024269969 0.996513779442553 0.99655590850139 0.992293679904082 0.992351434557536 0.992569432972253 0.991443534515677 0.993907609486491 0.993764244681561 0.993549844743381 0.995521320713885 0.996822754165926 0.9969046501427 0.993379994314741 0.993546866418221 0.994901043287746 0.993373572929722 0.991327190578779 0.993448226746215 0.99343626766419 0.99033172092188 0.993038749358285 0.993008753254421 0.99063429887447
-9999 -9999 -9999 -9999 -9999 -9999 -9999 -9999 -9999 -9999 -9999 -9999 -9999 -9999 -9999 -9999 -9999 0.994223134718307 0.997549599999185 0.997156520798411 0.996659666006752 0.996547534468861 0.996529443950437 0.993008737709175 0.992750178640316 0.990599822111369 0.99296154223077 0.991286508409113 0.993266662292389 0.993540177145242 0.993458636749843 0.993431912145085 0.991823087857123 0.99693257374428 0.993357962127097 0.99136062503035 0.992948309739455 0.993821879583196 0.993406766750415 0.993344495742263 0.993089938449202 0.990062712151365 0.993621278847131 0.994115007868573 0.993340162633293
-9999 -9999 -9999 -9999 -9999 -9999 -9999 -9999 -9999 -9999 -9999 -9999 -9999 -9999 -9999 0.996766666460359 0.996820788631841 0.99783369068555 0.995722838236155 0.99549500029734 0.996565702242883 0.996584384581853 0.996543971117033 0.996567379743851 0.992279132640542 0.994421967877941 0.994461259465747 0.993593077491034 0.991082608040669 0.993129677405732 0.990938676406035 0.990862236502425 0.99351070335766 0.994378015903491 0.995609948432435 0.995051561145904 0.993384118784731 0.990468396838826 0.990466807568438 0.991757831465474 0.993742776524524 0.992879196034154 0.994516693853247 0.994169234451203 0.99024868403878
-9999 -9999 -9999 -9999 -9999 -9999 -9999 -9999 -9999 -9999 -9999 -9999 -9999 -9999 -9999 0.997084380625411 0.997288419682659 0.996962739965709 0.996696028774835 0.996620701774 0.995202060694995 0.996603970937956 0.996562248788741 0.995136561879182 0.992956448898905 0.992754167736581 0.990640655744637 0.99211172537835 0.990837809337524 0.993984773454397 0.993586291749263 0.993622205012367 0.993581172210838 0.995680617043082 0.994843347466123 0.994737275749379 0.994656509750795 0.994504126300104 0.994321299421853 0.993558606549621 0.993560290601929 0.99299941268388 0.992447843477692 0.993622425495101 0.990221448529328
-9999 -9999 -9999 -9999 -9999 -9999 -9999 -9999 -9999 -9999 -9999 -9999 -9999 -9999 -9999 0.997869061328732 0.997170763227397 0.996717118404705 0.99667685897289 0.995262218615062 0.996634602745666 0.996594849292117 0.995177609658045 0.99288174204798 0.992041804244512 0.993541927650069 0.993647382677354 0.994318442998702 0.993480356495517 0.992289104858847 0.993971559897957 0.991431212081734 0.990880177858932 0.996942928054433 0.995673807628931 0.99136366391713 0.993427980871882 0.993261486233095 0.993254906569291 0.994027450684051 0.993843276910866 0.992837163962733 0.993110813346644 0.994005540092151 0.993664789876221
-9999 -9999 -9999 -9999 -9999 -9999 -9999 -9999 -9999 -9999 -9999 -9999 -9999 -9999 -9999 0.997347564302905 0.996762210270585 0.996722312589797 0.995331736901812 0.996671738378475 0.996626564807704 0.995222676384056 0.996689459521308 0.992929100988284 0.994470207448629 0.991213414278259 0.990992132353316 0.993560804558097 0.991043093599593 0.991093061933402 0.992573364812531 0.996969157224894 0.996986481058146 0.997010845937492 0.993375821815576 0.990628329604573 0.993427260841337 0.994030069638786 0.994402841011115 0.993407647233715 0.995209749624872 0.994630946850033 0.993251841574841 0.991675405561193 0.996814571344969
-9999 -9999 -9999 -9999 -9999 -9999 -9999 -9999 -9999 -9999 -9999 -9999 -9999 -9999 0.997320490123589 0.995467899513893 0.996748113836698 0.995374513971038 0.996687814739827 0.995290829780859 0.995252414774083 0.996769564690923 0.992159037685124 0.994258177321193 0.994498130952453 0.994316370600824 0.991018777662399 0.994450020078327 0.993569896077466 0.990776859288322 0.993895733019885 0.995763496525675 0.995793686090721 0.997052747197622 0.993953797813081 0.993906736206249 0.993363679607189 0.993812527525268 0.993652597227787 0.993397753329621 0.993284754836826 0.994412284937505 0.994243478379811 0.993022971196198 0.995397635166892
-9999 -9999 -9999 -9999 -9999 -9999 -9999 -9999 -9999 -9999 -9999 0.998079545208188 0.996976449255838 0.996000291848383 0.995462974868513 0.996761869442396 0.995406331086295 0.996734691032091 0.995332264903024 0.996688966511749 0.995560428262183 0.991267923900866 0.99374368555103 0.993614464177349 0.99100370382424 0.994112457029796 0.993732957589114 0.994618573979009 0.993535209506483 0.99326037971371 0.991608541507337 0.997016689015546 0.997001363957644 0.995755761771914 0.996951753448777 0.993941758974054 0.995646581247177 0.995570883110622 0.996834156924409 0.995462848184143 0.995444233682696 0.99678206642534 0.996773823315243 0.996754814240106 0.995444324088505
-9999 -9999 -9999 -9999 -9999 -9999 -9999 -9999 -9999 -9999 0.995313438827365 0.997151999216903 0.996787306506483 0.996755788123513 0.996758034309669 0.995422351787571 0.996751058199798 0.996681671552832 0.995307847912382 0.995714138089553 0.991599804970243 0.993556573107123 0.993751748112949 0.991748948600897 0.993672229455947 0.993579872191963 0.994083695438927 0.994850887008486 0.99398744946873 0.993000927014496 0.994635777009272 0.994264270387234 0.993581963529488 0.994378583160573 0.996937400561504 0.995650252752014 0.996922449382828 0.99685441705507 0.996825791771297 0.995502257974492 0.996792708291141 0.995472862987453 0.995460953130967 0.996781646781541 0.996757930754282
-9999 -9999 -9999 -9999 -9999 -9999 -9999 -9999 -9999 -9999 0.996852845467565 0.995257016885399 0.996741799936597 0.996747629429979 0.995417251006085 0.996757067723212 0.996687412317107 0.995307886103046 0.993289290583629 0.994930080070119 0.991128772274623 0.991079660337681 0.991497571028262 0.993885846285285 0.994656277567457 0.994144035040729 0.995013099716688 0.994912609327458 0.996121080647052 0.994682011683158 0.995573198056745 0.993771639964187 0.991237240409728 0.993678799334122 0.991798113479298 0.991214669107438 0.996893560399698 0.995611816522638 0.996873098751909 0.996883914877519 0.996879921890568 0.996861698453504 0.996907335059492 0.996770257782931 0.99672753818189
-9999 -9999 -9999 -9999 -9999 -9999 -9999 -9999 -9999 0.994424851240826 0.996667669118152 0.996715037603471 0.996759240617239 0.995396971373264 0.996753664094772 0.996711450969753 0.995619591364456 0.994409615025295 0.99134759402148 0.994910390575354 0.994551399750757 0.994226554630967 0.993913527987366 0.991426600975384 0.995735900198064 0.994029574753171 0.995087262409301 0.994585368171058 0.990917757594384 0.993653492068685 0.993720323019053 0.993719971980397 0.993933714658993 0.993945549037424 0.993880996644546 0.993646900285062 0.99687221885054 0.996898225225411 0.995580266946193 0.993429088138537 0.995538225512262 0.996779702850661 0.99679403583685 0.995579038791238 0.996843192000517
-9999 -9999 -9999 -9999 -9999 -9999 -9999 -9999 -9999 0.993911228904636 0.99675881453913 0.996810266556984 0.995430383539866 0.996743199393611 0.996716637373383 0.995761423805693 0.994161290308648 0.994404725347365 0.991095297228844 0.993687966174175 0.991172382198344 0.993684116973124 0.995712356158141 0.993979465955514 0.994500820621073 0.993668057386538 0.994271603009143 0.993652871130118 0.994223130081278 0.995074500830077 0.993964868176968 0.99374818110003 0.993767067758408 0.994345765030459 0.991512098828476 0.991145088635582 0.992689302942479 0.993529778740785 0.993199237283644 0.993665951718061 0.996888444617474 0.996861701387674 0.988295558981002 0.996796580316303 0.996807346597345
-9999 -9999 -9999 -9999 -9999 -9999 0.996023730855608 0.996098800037173 0.9952328914804 0.989607631252918 0.995551198183968 0.995457782332875 0.99678935993227 0.995408733242123 0.995457540591517 0.994120625215359 0.991779175905898 0.991381814562439 0.993890698779506 0.993545210072243 0.99507059187618 0.993933604811812 0.993923759425261 0.993701337394525 0.991047388667018 0.991893507686411 0.994389074232724 0.991495749999124 0.995865223664042 0.991539274378 0.992962236370841 0.99398464085319 0.994631553273397 0.993606451674948 0.993848311945449 0.993931139203647 0.994243899575448 0.99238291164951 0.991100815765948 0.99556086405354 0.993570591463385 0.995654964239505 0.994833208661708 0.993539474370794 0.996814005448772
-9999 -9999 -9999 -9999 -9999 -9999 0.993617101638062 0.993453147047557 0.993198546975081 0.993479930419127 0.992024899226173 0.995123015601418 0.995407591363031 0.996785762356228 0.997002296977711 0.995669210173339 0.995596279783735 0.995556780980386 0.995444745965414 0.995445067611295 0.994953010180305 0.991084554267701 0.993660573563415 0.995423109288757 0.993647841410983 0.993784265107315 0.993996213854915 0.992538994489801 0.9958580828824 0.991081258037914 0.99497129947626 0.994048555017591 0.994526250914633 0.994003891580371 0.993601871055362 0.994033238883267 0.993998320768048 0.994604283235196 0.993984423342248 0.995600312587031 0.993814172720564 0.996943391600886 0.991790246106484 0.992587802407928 0.993507061999389
-9999 -9999 -9999 -9999 -9999 0.994526473438322 0.991128565754165 0.993975028328405 0.993610210681625 0.988244305064834 0.987834600819628 0.996513368416294 0.996676296907906 0.996983818192363 0.994116282573339 0.992848296205798 0.994041192787382 0.994435036388511 0.991803079255383 0.995446330198689 0.993591962151436 0.99269890509892 0.994566153011955 0.995447576436389 0.993895477457449 0.991269084869059 0.991232021260056 0.994470181390273 0.994717119218454 0.994075209960255 0.994203947287112 0.992386301276867 0.994044921540067 0.994095321962898 0.995245265257376 0.992885772187775 0.994001007746869 0.994175028926327 0.994420387293058 0.995617963604136 0.993919429983666 0.996975449695973 0.993795116003831 0.994637710172831 0.993564522021115
-9999 -9999 0.99382238305327 0.992564882206743 0.99486032971942 0.993565138854932 0.992651765881891 0.993419367887551 0.99542347135273 0.991901586301615 0.993701870244221 0.993801279790128 0.995674211389213 0.992183157775125 0.992647973309653 0.995024740552229 0.994530336150281 0.994196231444954 0.993896515912634 0.995441959417519 0.99381800376022 0.9948505472374 0.99439935169503 0.994933432832663 0.993419682883018 0.994300755712563 0.994116132800576 0.993998651838754 0.994648952832136 0.995840813416277 0.995753289686249 0.993866815166763 0.991567595815596 0.991725849255678 0.995132869895526 0.993710077160522 0.992379534093813 0.994175920933585 0.99186936183268 0.995564482281967 0.991508867734008 0.996976666327941 0.99382263484325 0.993892912788398 0.99161629057226
-9999 0.992035468415792 0.993001084135593 0.994087454830962 0.993268818938058 0.993482938415849 0.995749388016166 0.994010578173909 0.993219498949335 0.989031645162399 0.99420382461561 0.992177921461866 0.995650561896836 0.994704236329402 0.996095270015156 0.994538120729171 0.992802522480125 0.994377162564793 0.992812638869056 0.995279683126458 0.99454245760952 0.994310266566604 0.992200838230259 0.995113083660125 0.994210946419266 0.993033030827688 0.993848140608112 0.993715177629023 0.994226367576447 0.991652612606904 0.992509004324372 0.994042394566928 0.994647457907885 0.993812025632639 0.995131802177548 0.993896373504716 0.994597704619895 0.994123340268745 0.99177656777174 0.995540343420957 0.991064152109078 0.997002018373389 0.991285402397555 0.991380030631803 0.990733831524152
-9999 0.99178878980899 0.991758404591056 0.996079055513771 0.996177631830475 0.994591898651611 0.993812773859646 0.994329160933983 0.995150504125001 0.992775949807152 0.995016800310191 0.994227847685604 0.995353691234188 0.995564860766541 0.994711283649668 0.994386519593681 0.99582973061765 0.994468665361474 0.994633357795571 0.992181509468989 0.992985765062682 0.992010968959593 0.994390869540419 0.994955350927268 0.994432553170551 0.994966610367064 0.994818236326474 0.994660624214216 0.993985676317816 0.993849250218994 0.994558832733615 0.991721412571054 0.99400230364381 0.991333436686509 0.99404520416571 0.993091039588817 0.994154503414987 0.993902515005453 0.993340320654367 0.995265443369542 0.993666848561688 0.993780795813323 0.995838957418679 0.995115458466374 0.993818174368696
