Model input/Uganda/survival/Tsurvival/Tsurvival_restime_1jan.asc
NCOLS 67 
NROWS 67 
XLLCORNER 29.500000001 
YLLCORNER -1.499999999 
CELLSIZE 0.0833333332985075 
NODATA_value -9999 
[rows 20 to 39 of 67, columns 0 to 44 of 67]
-9999 -9999 -9999 -9999 -9999 -9999 -9999 -9999 -9999 -9999 -9999 -9999 -9999 -9999 -9999 0.994420328657117 0.993787119469256 0.995571256560233 0.992997844782225 0.994018063266057 0.992536743830648 0.99275563388968 0.993288283406177 0.990675529323393 0.993851387080063 0.9937248405815 0.98953797466779 0.990341837886165 0.995525415630784 0.994706491594936 0.993086505620129 0.990466017371058 0.993804399861566 0.991235272307821 0.995394399507714 0.995333173133342 0.994514880878392 0.993934711516995 0.993581038863069 0.993889939076763 0.994000772363039 0.991566836760706 0.99416436087384 0.994144643090897 0.993521484283635
-9999 -9999 -9999 -9999 -9999 -9999 -9999 -9999 -9999 -9999 -9999 -9999 -9999 -9999 -9999 0.99582490044745 0.994412799880227 0.994184933107814 0.995059095829535 0.994306357288791 0.990917824430077 0.992451118639946 0.990453323132905 0.992282437254351 0.995281430081327 0.996674364434237 0.996748311281182 0.99679906335844 0.993074035334504 0.995679142685028 0.99695363331774 0.9934192129855 0.994170783443027 0.991088393553715 0.993535912910156 0.993345252138256 0.993886294098197 0.993059019491464 0.994892774240437 0.994798651477981 0.994533683744449 0.993671024845056 0.99361724258119 0.993815212493188 0.993752768725268
-9999 -9999 -9999 -9999 -9999 -9999 -9999 -9999 -9999 -9999 -9999 -9999 -9999 -9999 -9999 -9999 0.996392043971901 0.994720839124321 0.995331273846427 0.991172469627914 0.995707700022891 0.99534105170529 0.996660413515956 0.996641987715491 0.992768686761692 0.992854678982994 0.992805554172299 0.99154638793058 0.994025313395657 0.993995550129458 0.993889100141349 0.995815725139864 0.997035889932116 0.997045411211226 0.993668073076671 0.993861676249163 0.995216777370192 0.993875627637402 0.991950202294855 0.993919099070095 0.993852051638125 0.990996757298544 0.993472109502566 0.993466812619793 0.991245135899016
-9999 -9999 -9999 -9999 -9999 -9999 -9999 -9999 -9999 -9999 -9999 -9999 -9999 -9999 -9999 -9999 -9999 0.994739577648514 0.99775261171742 0.997360109491377 0.996807471721343 0.996691418609909 0.996666677646956 0.993190927063987 0.993155825758744 0.991085798306122 0.993204025798813 0.99134117738125 0.993296916692356 0.993897514960752 0.993828249380153 0.993803351736697 0.992239815194501 0.997078010848453 0.993698034990808 0.99185116987781 0.993397360234144 0.994186378811461 0.993826623617968 0.993852666835356 0.993563673256159 0.990771070321307 0.99406377884676 0.994499846428463 0.993802334416852
-9999 -9999 -9999 -9999 -9999 -9999 -9999 -9999 -9999 -9999 -9999 -9999 -9999 -9999 -9999 0.996873377817773 0.996943899576315 0.998040508472039 0.996016512557883 0.995732803280404 0.996707248503963 0.996715088139485 0.996682426420132 0.996691565929741 0.992362545086439 0.994421013954456 0.994496322051679 0.993679993618438 0.991355438022492 0.993541208901064 0.99142442342155 0.991331961278053 0.993773311232686 0.994642162666788 0.995909107356984 0.995360800464209 0.993737595570553 0.991063169518034 0.991172457727658 0.992320167903586 0.994150838057838 0.993362348046285 0.994887375467737 0.994542044612524 0.990932270877804
-9999 -9999 -9999 -9999 -9999 -9999 -9999 -9999 -9999 -9999 -9999 -9999 -9999 -9999 -9999 0.99714920126426 0.997561508131848 0.997118086495944 0.996803776472539 0.996730053044644 0.99536553839231 0.996721347440673 0.99669191623586 0.995328631743946 0.9931609805227 0.992996762882469 0.990698251602131 0.992270062897222 0.991181213373256 0.994288632600249 0.993823131679507 0.993824901197439 0.993814157122179 0.995952694550839 0.995172989637283 0.995045218340763 0.994984431598699 0.994853975294652 0.994688002837387 0.993913222699547 0.993918841213886 0.99341060364085 0.992970734783953 0.994041827499042 0.990864239438684
-9999 -9999 -9999 -9999 -9999 -9999 -9999 -9999 -9999 -9999 -9999 -9999 -9999 -9999 -9999 0.997996136563822 0.997326805416066 0.996809124802989 0.996770211482202 0.995406633867591 0.996738757434379 0.996708145275358 0.995354890453805 0.992993262275195 0.992217402433813 0.993519009138984 0.993675827053026 0.994459169833493 0.993699719255261 0.992496522733635 0.994129227860261 0.991773338415249 0.991270405788812 0.997138845766951 0.995936528660104 0.99180519923206 0.99378258717153 0.99360043095522 0.993593745512762 0.994177959459053 0.994018943696106 0.993190975414426 0.993353185204809 0.994403729040918 0.994104643540164
-9999 -9999 -9999 -9999 -9999 -9999 -9999 -9999 -9999 -9999 -9999 -9999 -9999 -9999 -9999 0.997523468482651 0.996848012017066 0.996814927959871 0.995465240989486 0.996759473483546 0.996719737327583 0.995373286613444 0.996823200988623 0.993201922506995 0.994666956999787 0.991495443540519 0.991245984713431 0.993717642052687 0.991255487890872 0.991208893783717 0.992794710132102 0.997143907354784 0.997162636680498 0.997175194759168 0.99367690814919 0.991071986620255 0.993756923543566 0.994322472564558 0.994539797019676 0.993598692504943 0.995382371254191 0.994821187756685 0.993408727903273 0.992235527702195 0.997061777105905
-9999 -9999 -9999 -9999 -9999 -9999 -9999 -9999 -9999 -9999 -9999 -9999 -9999 -9999 0.997490099398595 0.995620065812067 0.996809721131074 0.995467833241553 0.996757796030229 0.995392958781342 0.995371715430469 0.996885626807143 0.99243572692519 0.994568116724859 0.9947465724979 0.994554691497791 0.99130708804247 0.994675000756824 0.993832333326371 0.991075177264101 0.994008362509058 0.995953564557372 0.996012886925581 0.997229414606219 0.994099669138078 0.993871756987465 0.993454751210348 0.993401958910209 0.993765148816045 0.993448899112785 0.993651089304002 0.994730369114034 0.994604678735971 0.993377509891308 0.995761570332118
-9999 -9999 -9999 -9999 -9999 -9999 -9999 -9999 -9999 -9999 -9999 0.998150257417726 0.997160359299013 0.996250895604647 0.995588477546592 0.996812023145765 0.995467090825794 0.996781649979173 0.995397821303123 0.996750223854278 0.995721395465451 0.991511469930455 0.99406710490704 0.99401589802995 0.991565091101287 0.994393450249559 0.994048752321316 0.994830104839329 0.993817233048466 0.993390713314439 0.991767966702436 0.997168757204749 0.997162707558617 0.995989425215382 0.997111823711869 0.993979562465239 0.995667602191177 0.995614386036967 0.997015615744234 0.995736839091511 0.995747231211572 0.997006860586221 0.997005756168194 0.996992706658572 0.995741125257944
-9999 -9999 -9999 -9999 -9999 -9999 -9999 -9999 -9999 -9999 0.99546989994943 0.997349647408517 0.996932397607064 0.996821734325058 0.996799076254121 0.995454218390805 0.996781786556701 0.996756684518768 0.995482650390745 0.995941750838448 0.991948882748762 0.993915855655887 0.994266652228015 0.992366099053576 0.994127808491868 0.993986201225953 0.994443950157222 0.995101150342672 0.994173284459883 0.992925722104912 0.99483211382347 0.994486633502987 0.993852600966752 0.994578449841605 0.997113868416487 0.995871317541605 0.997064177458 0.997022026850053 0.997003734286104 0.995730607024931 0.996968121353413 0.995725114922811 0.995727676211045 0.996977292549445 0.997011863569041
-9999 -9999 -9999 -9999 -9999 -9999 -9999 -9999 -9999 -9999 0.997050104060296 0.995474045551103 0.996781567683787 0.996772870862386 0.995445326712592 0.996771973815266 0.996765132043545 0.995498160899356 0.993520769600715 0.995186669771772 0.991565888375016 0.991515963384507 0.9922120286223 0.994363982740652 0.995023185111973 0.994479228420345 0.995242086402353 0.995114078105243 0.996256164730378 0.994847638747169 0.995716724595479 0.993997344140102 0.991583428285844 0.993945934122326 0.992162493525577 0.991611010928387 0.997061997311281 0.995810164197901 0.99700093801896 0.997005017901877 0.996995492253607 0.996972782379371 0.996973832469033 0.996969362742945 0.996976286419877
-9999 -9999 -9999 -9999 -9999 -9999 -9999 -9999 -9999 0.994605455866496 0.996798761177708 0.996766751926343 0.996762980138404 0.99542634539172 0.996768225119692 0.996781859156974 0.995922131859483 0.994613633906162 0.991540924112283 0.995083258825195 0.994776816450891 0.994540394606273 0.994200398389282 0.991768800043481 0.995925696680026 0.994291442418218 0.995304048160857 0.994768712592391 0.991214053761157 0.993746815312973 0.993903930784684 0.993961571367914 0.994116265993677 0.994158239094223 0.994072335013259 0.993918422236984 0.997067078124576 0.997060513159975 0.995818999699231 0.993425455886651 0.995835556415978 0.996989277517257 0.996987301765601 0.995736955348762 0.996979081091244
-9999 -9999 -9999 -9999 -9999 -9999 -9999 -9999 -9999 0.994075005995879 0.99681351888339 0.996817243369049 0.995448919760261 0.996764073628992 0.996743254933217 0.995973608450655 0.994223803352612 0.994552523323844 0.991292334911843 0.99385380724336 0.991331319768565 0.993682280072317 0.995869434519459 0.994209703478373 0.994735300323098 0.993890248434457 0.994472583432068 0.993810987473546 0.994389984040732 0.995189573335986 0.994134054125014 0.993898462047945 0.993984730545226 0.994508263701796 0.99180785452269 0.991529395879913 0.992958689005526 0.993743250908372 0.993404391884881 0.993996041520175 0.997087950323671 0.997056051802253 0.987733571345077 0.997004725649168 0.997009159498223
-9999 -9999 -9999 -9999 -9999 -9999 0.995912748662164 0.996031104432405 0.995306730350531 0.989900831905338 0.995735626467529 0.995509102658254 0.996792047675888 0.99545501930491 0.995582864147202 0.99434619482859 0.991902243563482 0.991636548336434 0.994073149760678 0.993872421201368 0.995124611348914 0.994074002459305 0.994294825681962 0.994035524668367 0.991435778676715 0.992196676445657 0.994589741206522 0.991750395688295 0.995974989454039 0.991723463619007 0.993111268018527 0.994124306110496 0.994767844257655 0.99383775349311 0.9940263323159 0.994122388065989 0.994435513737906 0.99259902018251 0.991322657657442 0.995785061992128 0.993954279087039 0.995890062247698 0.995009964536491 0.993773397787753 0.997044585642
-9999 -9999 -9999 -9999 -9999 -9999 0.993739893646514 0.993673005051356 0.993452369259679 0.993821171788994 0.992209038491965 0.995283092941338 0.995406209182201 0.996823656798304 0.997244577398736 0.995742521225133 0.995536742957988 0.9954890613692 0.995368079082826 0.995311016583125 0.994942361861271 0.991543345414425 0.993871862720323 0.995558848428644 0.993866278833788 0.993961859626521 0.994215959455006 0.992726886508554 0.995955978715071 0.991138089554298 0.995049506029299 0.994173742640144 0.994636271992373 0.994103478140612 0.993769928087764 0.994143965320345 0.994134101317723 0.994736823035038 0.994098582313549 0.995799199917959 0.994076523969622 0.997072260710734 0.991998340992475 0.992835493591822 0.993788919696494
-9999 -9999 -9999 -9999 -9999 0.994644304702453 0.991387282561294 0.994145614629758 0.99392585737689 0.988289500256138 0.987880130222067 0.996650767309954 0.996761031735296 0.997138016844978 0.994294598852034 0.992688536749468 0.99392627358487 0.994485810344237 0.991983970665161 0.995305807570321 0.993883082146001 0.992652069231778 0.994641956860771 0.995550014961686 0.994148756739601 0.991491082951915 0.991461145587396 0.994600077196185 0.994817690062826 0.994240830822505 0.994299573703682 0.992606739349737 0.994266489535644 0.99424379775106 0.995383175155894 0.993112192965895 0.994131399553833 0.994307604419096 0.994539980274525 0.995829565434778 0.994146724395043 0.997114957822277 0.994019072883882 0.994813206830547 0.993841986940626
-9999 -9999 0.99390826994611 0.992614865478479 0.994858055723481 0.993613066936774 0.99277959571091 0.993580221606732 0.995636946819513 0.991377972695294 0.993640788300829 0.993788375471996 0.995733506377581 0.992094202907675 0.992083243666175 0.994762776112046 0.99422583019697 0.994125950536596 0.993835984842983 0.995283375397279 0.993745610220586 0.994743885498485 0.994231991008155 0.99488234574605 0.993579188061876 0.994521411022078 0.994311858961204 0.994121442560253 0.994755614165866 0.995957738019279 0.995897254229446 0.994013937939571 0.991891892765778 0.991995608108941 0.995315597924057 0.993969312819189 0.992655343249721 0.994294692861716 0.991997667819539 0.995785646070732 0.991785018103607 0.997118369397615 0.993969194802268 0.994066429171184 0.991946105359203
-9999 0.992209983486496 0.993148382561577 0.994213072233539 0.993297516686882 0.993421034966643 0.995946815704208 0.994289677026919 0.992823484925383 0.988477970022504 0.994300163888492 0.992438966758727 0.995687628627095 0.994579977005674 0.996009712494238 0.99433058687253 0.992420081405002 0.994111112054398 0.992591513931321 0.995123843244096 0.994374800434044 0.994228560736235 0.992088677312643 0.995084362925424 0.994227909254901 0.993241418685581 0.994138698384068 0.994002362323484 0.994410530679847 0.991861835756606 0.992728377167005 0.994193062836832 0.994847403006709 0.994090111371772 0.995294558892079 0.994120146736397 0.994793167660867 0.994289196337978 0.992027087318304 0.995774029760373 0.991403254516193 0.997140637015918 0.991503723211352 0.991499067312343 0.990939357276652
-9999 0.992020866479833 0.992063025516592 0.996319548798607 0.996264164378665 0.994686757970125 0.993638695861762 0.994120926735586 0.99509728009841 0.992848688698156 0.994949132265916 0.994145857948929 0.995343348718891 0.995617490010464 0.99484503047345 0.99430873657126 0.9956430709059 0.994122867172322 0.994454999685251 0.991989117995599 0.992793236500589 0.991867040149029 0.994383785907564 0.995011278067222 0.994547319992888 0.995138714551686 0.994987242464764 0.994899426917932 0.994351912953264 0.994049593608638 0.994671514618394 0.991915565922691 0.994143183436438 0.99172198042084 0.994207407748644 0.993209322563851 0.99436285379329 0.994149308352009 0.993649856726863 0.995514467530846 0.99398154958127 0.994015980691844 0.995992592783092 0.995220687965239 0.993966540790897
