Model input/Uganda/survival/Tsurvival/Tsurvival_restime_1nov.asc
NCOLS 67 
NROWS 67 
XLLCORNER 29.500000001 
YLLCORNER -1.499999999 
CELLSIZE 0.0833333332985075 
NODATA_value -9999 
[rows 0 to 19 of 67, columns 0 to 44 of 67]
-9999.000000000000000 -9999 -9999 -9999 -9999 -9999 -9999 -9999 -9999 -9999 -9999 -9999 -9999 -9999 -9999 -9999 -9999 -9999 -9999 -9999 -9999 -9999 -9999 -9999 -9999 -9999 -9999 -9999 -9999 -9999 -9999 0.99027591556493 0.993220382309408 -9999 -9999 -9999 -9999 -9999 -9999 -9999 -9999 -9999 -9999 -9999 -9999
-9999 -9999 -9999 -9999 -9999 -9999 -9999 -9999 -9999 -9999 -9999 -9999 -9999 -9999 -9999 -9999 -9999 -9999 -9999 -9999 -9999 -9999 -9999 -9999 -9999 -9999 -9999 -9999 -9999 0.993121636196113 0.990926245307103 0.9930978881596 0.991258995899527 0.990356395297297 0.990663080121341 0.993504274192315 0.994066332160579 0.993225837519637 0.996208013802423 0.99656557384211 -9999 -9999 -9999 -9999 -9999
-9999 -9999 -9999 -9999 -9999 -9999 -9999 -9999 -9999 -9999 -9999 -9999 -9999 -9999 -9999 -9999 -9999 -9999 -9999 -9999 -9999 -9999 -9999 -9999 -9999 -9999 -9999 -9999 -9999 0.994033501340849 0.99286452589437 0.993903143800866 0.992991080991923 0.995049839657229 0.993215087797583 0.993072697253143 0.995081612992469 0.995091468244046 0.995214482107208 0.995850156407548 0.996634772327809 0.996290623953746 0.99640482183459 -9999 -9999
-9999 -9999 -9999 -9999 -9999 -9999 -9999 -9999 -9999 -9999 -9999 -9999 -9999 -9999 -9999 -9999 -9999 -9999 -9999 -9999 -9999 -9999 -9999 -9999 -9999 0.993128288111663 -9999 -9999 -9999 0.991509548475577 0.992690898190088 0.993030714957136 0.992996238078961 0.990235682327796 0.993061465414398 0.993818999255322 0.993610174015297 0.993912746618815 0.992572879416059 0.995141471778297 0.996709268886599 0.994295617365221 0.994943196108384 -9999 -9999
-9999 -9999 -9999 -9999 -9999 -9999 -9999 -9999 -9999 -9999 -9999 -9999 -9999 -9999 -9999 -9999 -9999 -9999 -9999 -9999 -9999 -9999 0.993029971127367 -9999 -9999 0.99072367492324 -9999 -9999 -9999 0.996514337902122 0.996054250314496 0.996045304197313 0.993947849023291 0.993849332571776 0.99355798607871 0.99068934198891 0.993714719032477 0.992017593802913 0.994261638266779 0.994022847815484 0.993117459894834 0.994584342061606 0.995141180607566 0.994064923526455 -9999
-9999 -9999 -9999 -9999 -9999 -9999 -9999 -9999 -9999 -9999 -9999 -9999 -9999 -9999 -9999 -9999 -9999 -9999 -9999 -9999 -9999 0.990663578414896 0.993665185747576 0.993308656874746 0.993768367612534 0.989982857923874 0.99697818909897 0.997045686505814 0.995884690998272 0.996927647133409 0.992537237327436 0.996041177483941 0.995004026172451 0.995056246307462 0.993488245859703 0.992330320313115 0.994579749240308 0.994012013970983 0.991435287820931 0.994203381048023 0.991842588974654 0.995126712913618 0.995263102239154 0.993941232347899 -9999
-9999 -9999 -9999 -9999 -9999 -9999 -9999 -9999 -9999 -9999 -9999 -9999 -9999 -9999 -9999 -9999 -9999 -9999 -9999 0.993061893967532 0.994225056573334 0.994535681619882 0.995000569691741 0.995154760397696 0.991937467311962 0.992478433090668 0.996999754857128 0.996906790022416 0.996891872965276 0.996915559148111 0.993527117128969 0.992679933425201 0.994431409484777 0.991206436986708 0.99310832639236 0.994784451771398 0.994838668626569 0.994652287791377 0.993913627262553 0.99446219251343 0.994674129824676 0.995083996551677 0.995453676138545 0.991328650593613 -9999
-9999 -9999 -9999 -9999 -9999 -9999 -9999 -9999 -9999 -9999 -9999 -9999 -9999 -9999 -9999 -9999 -9999 0.994219295771792 0.993799394351696 0.991450850604987 0.992774897705482 0.991268129414109 0.99123704309287 0.995195652033765 0.989532528245642 0.994391706044999 0.995724485042803 0.990099602871606 0.993682976412517 0.993898410407906 0.995116605602828 0.993198511854054 0.996134792911979 0.993116405539045 0.991006137595216 0.991704541503332 0.994222561871804 0.993991037960832 0.993954520873106 0.993990820562335 0.992696567545151 0.993867233369591 0.993487492134902 0.993781519983459 0.991162624322371
-9999 -9999 -9999 -9999 -9999 -9999 -9999 -9999 -9999 -9999 -9999 -9999 -9999 -9999 -9999 -9999 -9999 0.993963484080526 0.990166189509866 0.992754131966412 0.992795152762737 0.991744363600623 0.994308178698961 0.995272482826338 0.995327707767459 0.995898169460633 0.993539744757439 0.993226691259337 0.993511442465146 0.993865658409534 0.99525058848104 0.995276318760689 0.993577691582645 0.994578947984729 0.991474294229207 0.993773562841465 0.991443221018393 0.994074154875903 0.99188813652717 0.993832808633442 0.993776335290937 0.995898627567624 0.993653592715682 0.994368263021776 0.993689497720711
-9999 -9999 -9999 -9999 -9999 -9999 -9999 -9999 -9999 -9999 -9999 -9999 -9999 -9999 -9999 -9999 -9999 0.994050002506042 0.994228161907687 0.994623260716292 0.993984945211232 0.99215921131737 0.991999148184779 0.992960330812491 0.995971998283273 0.99388108562788 0.992321058936746 0.99332762837283 0.991294931169349 0.994829753399611 0.995317352438635 0.99369891124967 0.99337851550438 0.996302371394254 0.996174960989104 0.993455347601051 0.991356322228866 0.992658771091302 0.994029664604466 0.994159741888899 0.994094467741771 0.995850460308709 0.993935489970215 0.994484346948627 0.993713545553341
-9999 -9999 -9999 -9999 -9999 -9999 -9999 -9999 -9999 -9999 -9999 -9999 -9999 -9999 -9999 -9999 0.994015437384962 0.993907400858607 0.99512209833939 0.99549439149315 0.995530723384453 0.995408461209694 0.99387601858825 0.994485249472833 0.997093482495767 0.994744394788463 0.993601576621483 0.991107279323575 0.991891123225302 0.994552726011176 0.994976106154543 0.991274928654619 0.995293553872819 0.994051113016314 0.993609964281621 0.994675375121792 0.994644445972227 0.99388520783023 0.994145128819899 0.995896834980996 0.994208017245726 0.993842215146506 0.993891281834554 0.993972603408836 0.995666563467862
-9999 -9999 -9999 -9999 -9999 -9999 -9999 -9999 -9999 -9999 -9999 -9999 -9999 -9999 -9999 -9999 0.993992862067494 0.992314562314451 0.993895383102674 0.992039943573357 0.994018857618056 0.990536913725984 0.992889671047149 0.996022871944258 0.993647717889447 0.994486361058247 0.994451143920703 0.993665047214776 0.993883275852492 0.994305796517017 0.994761365587939 0.992819424040359 0.995274042648239 0.994112917825852 0.994209988373788 0.996180544725422 0.994185285248101 0.995885326689088 0.994931255960713 0.993768705095455 0.992654531510115 0.994708631081365 0.994075424803339 0.994814286654345 0.993978440659966
-9999 -9999 -9999 -9999 -9999 -9999 -9999 -9999 -9999 -9999 -9999 -9999 -9999 -9999 -9999 0.994632605139884 0.992470872053695 0.993614903698302 0.994388032233822 0.993028567950843 0.993475484783141 0.991271191374637 0.997119484960221 0.997084201268616 0.993475243037649 0.991138302190751 0.993829921890179 0.991385487897969 0.993950661154706 0.99435990610949 0.994168874623197 0.992491603712921 0.995263601990434 0.991396384530762 0.994089691100879 0.994792990322518 0.994671799194572 0.99382857445868 0.994148915866958 0.99275029733219 0.991525331259033 0.994455622354417 0.99411004881406 0.994627936701855 0.991455551877853
-9999 -9999 -9999 -9999 -9999 -9999 -9999 -9999 -9999 -9999 -9999 -9999 -9999 -9999 -9999 -9999 0.994802870559809 0.994062647351395 0.991874529099152 0.994339541564812 0.993030029635061 0.990818479220841 0.996100519751877 0.997004485215443 0.991626262181519 0.991237486735276 0.991995250704441 0.994040657093587 0.991758173966232 0.993887157801411 0.993966605994812 0.994484907771297 0.995264274885508 0.994778729596364 0.991619381622823 0.994118864798347 0.996279377929398 0.993879248963357 0.993970283969674 0.9948914523151 0.994270668050781 0.994076812216719 0.994166467930976 0.994513299802598 0.994060418027047
-9999 -9999 -9999 -9999 -9999 -9999 -9999 -9999 -9999 -9999 -9999 -9999 -9999 -9999 -9999 -9999 -9999 0.994103989662568 0.994303611022969 0.994915246851082 0.995029146546607 0.995451372470581 0.997326322844436 0.992031171618662 0.994080533060336 0.994486356151466 0.991518843713057 0.992426359090872 0.993852680563547 0.994006907773433 0.991655716403906 0.994171007118932 0.995025255449284 0.994628130465733 0.99426425721144 0.994160030767272 0.995006872356414 0.994710669791987 0.994109238089935 0.994091551048136 0.994256256070312 0.994101719331948 0.992499361845262 0.994363476749057 0.994302069422615
-9999 -9999 -9999 -9999 -9999 -9999 -9999 -9999 -9999 -9999 -9999 -9999 -9999 -9999 -9999 -9999 0.995387897406782 0.992765040442396 0.993897448606993 0.994561016162875 0.994501150634021 0.992317008812113 0.997238806682018 0.993751839515008 0.993012386963777 0.995102380487567 0.99490678607919 0.994101269716276 0.993767723661844 0.994576896241613 0.992399534884732 0.994112666284874 0.994328578825785 0.992768801309465 0.994566050616401 0.994610107172122 0.994804900632675 0.994758276746701 0.994762712206697 0.995954057312655 0.99466899596049 0.994282608278388 0.99594084654555 0.995951474943682 0.994336111409544
-9999 -9999 -9999 -9999 -9999 -9999 -9999 -9999 -9999 -9999 -9999 -9999 -9999 -9999 -9999 -9999 0.99538135119786 0.995530267775335 0.99342026318475 0.994086348307071 0.995560646733692 0.995666598334997 0.995714414842546 0.996112016276861 0.993752453949599 0.991366162984801 0.99159518422604 0.991647949528371 0.995011234083737 0.994914373933784 0.993924424521322 0.991612563201048 0.992197888433632 0.994357638042451 0.992578302861631 0.994330646285446 0.991847511460446 0.994137119757027 0.994993761564517 0.994501075611316 0.994076322600965 0.992127104163771 0.994022914860072 0.991507102722335 0.994019742469703
-9999 -9999 -9999 -9999 -9999 -9999 -9999 -9999 -9999 -9999 -9999 -9999 -9999 -9999 -9999 0.994459801485709 0.994498871727594 0.994676080892525 0.995242522764596 0.993854390986856 0.992913777159274 0.993581197914853 0.991053860282364 0.997135655928528 0.993469999512912 0.995252388678682 0.995294003717223 0.995217408694897 0.995121103317691 0.99369524768012 0.99432302727753 0.991775891996887 0.994253857490948 0.993272739384918 0.994181163252217 0.992462185322651 0.994197183172745 0.994754908118438 0.994912416158857 0.996132439610021 0.996079817025865 0.993883014412284 0.991481080156424 0.993940128943916 0.994244882643485
-9999 -9999 -9999 -9999 -9999 -9999 -9999 -9999 -9999 -9999 -9999 -9999 -9999 -9999 -9999 0.996031462632344 0.996405637235052 0.993028943306565 0.995347397311427 0.99427582080428 0.994949063920604 0.993519818622746 0.994465759292858 0.997354783919519 0.993989032502566 0.991339760588962 0.994005829165546 0.992117362109855 0.993781922789042 0.993758692744383 0.992415672661323 0.994014390684654 0.994344249506875 0.994756108027265 0.995416956900376 0.994199431508736 0.994295028158008 0.994228855105108 0.991780358417466 0.994525656365677 0.99509328861705 0.994400662123851 0.993787102318876 0.992592943540053 0.994443740032479
-9999 -9999 -9999 -9999 -9999 -9999 -9999 -9999 -9999 -9999 -9999 -9999 -9999 -9999 -9999 0.996107386457336 0.996555928623998 0.994948610757662 0.992352986636956 0.992503629361019 0.993648215905713 0.99091372264793 0.99417763931285 0.994522100861978 0.995914830635242 0.991376707952387 0.992723778845397 0.993976021484085 0.990952658088221 0.995171003161442 0.994680079403169 0.994620984305859 0.994401268983086 0.994885219250901 0.993752080550864 0.994689736153497 0.992545775662056 0.992330281948819 0.994164046113776 0.99417176930504 0.994676860425562 0.994361501553513 0.994366551183098 0.995887207704346 0.994368029698109
