Model input/Uganda/survival/Tsurvival/Tsurvival_restime_1sep.asc
NCOLS 67 
NROWS 67 
XLLCORNER 29.500000001 
YLLCORNER -1.499999999 
CELLSIZE 0.0833333332985075 
NODATA_value -9999 
[rows 20 to 39 of 67, columns 0 to 44 of 67]
-9999 -9999 -9999 -9999 -9999 -9999 -9999 -9999 -9999 -9999 -9999 -9999 -9999 -9999 -9999 0.995056612777261 0.994413131031218 0.996037471090484 0.993679845633184 0.995000136494261 0.993577461309305 0.993637374683405 0.993836693094356 0.991745429840191 0.994486652023033 0.994390315145185 0.990847889343975 0.991490119305963 0.995842392257308 0.995170645684162 0.993687179728518 0.991286676385647 0.994356091573757 0.992083691103192 0.995840448270674 0.995802709539043 0.995070323287037 0.994500644437615 0.994134023665546 0.994395954633273 0.994558905269504 0.992450260062652 0.994713046376357 0.994652136642841 0.994082559621313
-9999 -9999 -9999 -9999 -9999 -9999 -9999 -9999 -9999 -9999 -9999 -9999 -9999 -9999 -9999 0.99630634600987 0.995035109608393 0.994850974940052 0.995592661852835 0.99488925810525 0.991634198160815 0.993091506617618 0.991522244570761 0.993005480608607 0.995545427623937 0.996873800539193 0.996961057106415 0.997016370592135 0.994009457288753 0.996010110474914 0.997184957388194 0.993985648803549 0.994693582744132 0.992001452986914 0.994181981632401 0.994056315290466 0.994449246656253 0.993652934536544 0.995325446638482 0.995278857663721 0.995081839312125 0.994329086443795 0.994290066483226 0.994464754556407 0.994355034802779
-9999 -9999 -9999 -9999 -9999 -9999 -9999 -9999 -9999 -9999 -9999 -9999 -9999 -9999 -9999 -9999 0.996847856512256 0.995366332710288 0.995856104561201 0.992025257197486 0.995958902778808 0.99557868912123 0.996811588806044 0.996830454774032 0.993248231927478 0.993429028673853 0.993635031136356 0.992465376405014 0.994668441088623 0.994610776446409 0.994456045775649 0.996122383091712 0.997260505962865 0.997304804514231 0.994298687754266 0.994442167415138 0.995623482056447 0.99432642940426 0.992654895710018 0.994484556992119 0.994522274154099 0.992012513294455 0.994212901730573 0.994232989354401 0.992197104462206
-9999 -9999 -9999 -9999 -9999 -9999 -9999 -9999 -9999 -9999 -9999 -9999 -9999 -9999 -9999 -9999 -9999 0.995469878358627 0.997990132952334 0.997589915866108 0.996980238681466 0.996839674014726 0.996819884065579 0.993781571291288 0.993704268590846 0.991993221734694 0.99398029897919 0.992348173846066 0.994211216625396 0.994515743067527 0.994408320151373 0.994382669885085 0.992994554230495 0.997331186797319 0.994280344857727 0.992547733047088 0.993980495399858 0.994779839150481 0.994443446111155 0.994372080620385 0.994280649673139 0.991787798816288 0.994681210712618 0.995089972450869 0.994452966062356
-9999 -9999 -9999 -9999 -9999 -9999 -9999 -9999 -9999 -9999 -9999 -9999 -9999 -9999 -9999 0.997255441541719 0.997304339025131 0.998273294608963 0.996346102414819 0.996038396136141 0.996861385995868 0.996859567262352 0.996834146342802 0.99686655978113 0.993120535217184 0.995008178045803 0.995081144247857 0.994416956036992 0.992396907174312 0.994178445591357 0.992299903217857 0.992211776459549 0.994422972232502 0.995182311887232 0.996235031072511 0.995775862849041 0.994400134508148 0.991912107541043 0.991862513750969 0.99306640928304 0.994793610660995 0.994099618358488 0.995429426640301 0.995123803839901 0.99189861447277
-9999 -9999 -9999 -9999 -9999 -9999 -9999 -9999 -9999 -9999 -9999 -9999 -9999 -9999 -9999 0.997480496711361 0.997860620582726 0.997326686989964 0.996975165131323 0.996895792411054 0.995597442824509 0.996884505910348 0.996857012444366 0.995579892357781 0.993856523016894 0.993784380946541 0.99191351698033 0.993172024153371 0.992193054635351 0.99489760748025 0.994456327190254 0.994480006505108 0.994457082056231 0.996305308228178 0.995604903986413 0.995499802359353 0.995451413802365 0.99533595914415 0.995200810400798 0.994507070314595 0.994559821429203 0.994125531739371 0.993709154133737 0.994642478177357 0.991824294748916
-9999 -9999 -9999 -9999 -9999 -9999 -9999 -9999 -9999 -9999 -9999 -9999 -9999 -9999 -9999 0.998238221498064 0.99753158309659 0.996986651923922 0.996947029025 0.995653890641394 0.996912790335425 0.996879113845725 0.995588464371829 0.993613152295372 0.992888365280144 0.994392312689426 0.994508431152437 0.995022840390834 0.994286732443523 0.993213833121386 0.99470104474124 0.992584370322985 0.992208149868875 0.997386055394599 0.996288057296804 0.992668334018839 0.994445982067404 0.994285963543277 0.9942217042075 0.994820776474457 0.994750881601221 0.993943514986156 0.994121797744416 0.994977876681133 0.994720350337729
-9999 -9999 -9999 -9999 -9999 -9999 -9999 -9999 -9999 -9999 -9999 -9999 -9999 -9999 -9999 0.997736922949075 0.997023094133171 0.996980749799012 0.995702117075092 0.996940925147727 0.996902795739718 0.995622372748734 0.997000827229778 0.993878266773899 0.99516272020258 0.992352177488719 0.992201386907283 0.994379107004426 0.99196991669957 0.992091013568802 0.993491367285613 0.997377453767469 0.997409302894333 0.997417603897253 0.994341417037204 0.992019778788091 0.99442409789159 0.994915810053259 0.995182460443382 0.994305903467293 0.995893632033475 0.995381513402086 0.994199455086685 0.99300416966323 0.997321527788638
-9999 -9999 -9999 -9999 -9999 -9999 -9999 -9999 -9999 -9999 -9999 -9999 -9999 -9999 0.997710911010831 0.9958456443083 0.996984994830292 0.995724096432377 0.996944685561297 0.99566289247848 0.995644815339721 0.997067697893987 0.992987917011072 0.995027055431583 0.995207254337686 0.995054197957742 0.992146304588414 0.99521986310555 0.994463987960222 0.991977437414389 0.994572133869291 0.996269351152987 0.996356531142738 0.997473558443738 0.994832404324921 0.994709843412372 0.994251058150183 0.994539254570448 0.994437481810182 0.994256489017879 0.994249893872925 0.995250456298679 0.995120780939471 0.994055115715999 0.996106281285097
-9999 -9999 -9999 -9999 -9999 -9999 -9999 -9999 -9999 -9999 -9999 0.998331149469282 0.997445672497925 0.996550107604049 0.995817634622103 0.99697876958605 0.995724351449281 0.996966459663951 0.995672431761234 0.996941272004243 0.995983177989764 0.99225584710046 0.994603770660535 0.994476202521073 0.992032099804871 0.994746189702205 0.994475168915183 0.99530186892673 0.994422562509219 0.994032128736176 0.992484038845958 0.99739788351397 0.997392163482454 0.996315515081467 0.997324617396148 0.994639765334397 0.996149242727601 0.996115979848021 0.997264023512728 0.996082264217367 0.996094294245064 0.997252193958797 0.997239528381415 0.997237639442834 0.996089205549894
-9999 -9999 -9999 -9999 -9999 -9999 -9999 -9999 -9999 -9999 0.995829239074552 0.997569616202159 0.997130777645577 0.996989590939691 0.996958613034554 0.99570163705385 0.996953548809727 0.99692660577895 0.99569173234309 0.996193193522078 0.992646943213552 0.994462186248599 0.994691638075901 0.992918476457031 0.994512174203686 0.994346557045454 0.994868411867943 0.99554031847216 0.994736617330188 0.993703563815378 0.995253750390831 0.994980873344053 0.994398245794077 0.995089383416212 0.997353710182837 0.996198030950912 0.997283011980494 0.997270509616909 0.997245684627845 0.996058009300923 0.997198217512866 0.996057762684673 0.996055013294069 0.997208150911689 0.997230061392447
-9999 -9999 -9999 -9999 -9999 -9999 -9999 -9999 -9999 -9999 0.99723693402035 0.995695874807011 0.996930499509146 0.996922646226028 0.995663287392002 0.996929400477769 0.996927613988778 0.995714262457683 0.993960214471868 0.995576404796055 0.992296065647295 0.992306505082499 0.992754125600314 0.994767265458194 0.995350336631977 0.994838995056806 0.995669675970634 0.995491380630443 0.996501039815839 0.995209249703673 0.996036472332257 0.994507194778362 0.992358041996392 0.994520668030704 0.992929469459051 0.992433665991415 0.997297912136357 0.996121866847591 0.997215022745637 0.997204064724467 0.997203467261704 0.997195015101798 0.997198308639793 0.997202594400373 0.997210271625625
-9999 -9999 -9999 -9999 -9999 -9999 -9999 -9999 -9999 0.995002237406731 0.996951216122663 0.996909899049959 0.996900237368103 0.995593578395041 0.996893020601449 0.99691508667757 0.996169861649238 0.995012487453558 0.992266329543449 0.995473846370197 0.995189562445118 0.994961605862557 0.994778997885989 0.992649749122026 0.99630048533565 0.9948057424235 0.995659547904161 0.9951209455607 0.991870469437661 0.994281135418413 0.99441810228631 0.994434575495233 0.994653541104139 0.994712292294896 0.994660131823505 0.994536530428646 0.997322582718803 0.99729935127706 0.996124662678767 0.994119588105396 0.996152105110349 0.997236018657158 0.997223070119738 0.996062734734471 0.997214076484598
-9999 -9999 -9999 -9999 -9999 -9999 -9999 -9999 -9999 0.99448756457198 0.99693449427766 0.99690984694071 0.995577665862495 0.996859509931699 0.996849464647169 0.996175991450817 0.99464398351838 0.994937961881211 0.991979736978455 0.994320470454396 0.992146943089546 0.994484160720517 0.996253631775292 0.994743491128986 0.995208211747626 0.994439171779423 0.994933677947118 0.994292728381939 0.994761550079661 0.995566161731761 0.994635992877435 0.994433478766289 0.99445649827833 0.995011268288759 0.992562283001302 0.992309507323162 0.993632120246133 0.994374072211661 0.994047937273623 0.994374950966131 0.997308427005354 0.997278384220347 0.984669212585524 0.997233808236805 0.997238617390181
-9999 -9999 -9999 -9999 -9999 -9999 0.996137223429422 0.996287741967118 0.995624189141672 0.990333133872583 0.995561942522574 0.995646353398855 0.996888082885931 0.995566308694405 0.99571597339101 0.994737442388674 0.992504690890611 0.992213133416229 0.994447209965807 0.99413569812388 0.995541002457556 0.994562919445886 0.994666948808493 0.994484457818706 0.992163106416293 0.99288244038299 0.995020389919803 0.992348790473521 0.996256245289759 0.99244279622416 0.993657911245549 0.994627111875884 0.995201500265508 0.994306582349047 0.994534216507995 0.994615361295082 0.994913250071382 0.993254185864592 0.992123181752732 0.996048170920294 0.994367874774039 0.996107307753438 0.995405463518398 0.994301713135879 0.997275273175988
-9999 -9999 -9999 -9999 -9999 -9999 0.994083544420921 0.994064122022296 0.993797141316981 0.993562863113511 0.992411999242187 0.995442539029842 0.995583223925652 0.99694029986197 0.997407871449195 0.996170397385765 0.995985323215253 0.995947590805847 0.995868180094567 0.995854840889954 0.995444170661955 0.992014529292338 0.994386443055084 0.995946564638496 0.994384965231269 0.994516135594601 0.994696996857325 0.993329795035383 0.996227673618752 0.991920834914497 0.995439637622511 0.994654650330511 0.995068097763882 0.994575623823344 0.994233750934278 0.994615267817287 0.994582822367201 0.995145915247804 0.994610316778031 0.996054160315718 0.994487807232768 0.99725241925639 0.992688526560087 0.993434470066003 0.994309186097172
-9999 -9999 -9999 -9999 -9999 0.994866481638932 0.991912920308531 0.994404669692082 0.993714636791536 0.988729530761565 0.988357165386321 0.996786509849312 0.996913468165506 0.9973208170521 0.994889731326136 0.993670170359555 0.994516862435207 0.994911031966669 0.992573073522084 0.995879858868115 0.994219308743933 0.993506664340542 0.995156019382898 0.995948240589748 0.994575395131552 0.992246714431416 0.992223569875404 0.995052928233434 0.99518373741927 0.994644553121888 0.994785482136955 0.993206142827806 0.994737043931153 0.994693722935445 0.995710953293759 0.99357397886948 0.994542620724238 0.994723876852686 0.994952165532144 0.996059493311925 0.994546927474715 0.99727827779282 0.994512362662384 0.99524880026447 0.99434532829487
-9999 -9999 0.994082042011818 0.992830916814238 0.994991848449082 0.993934201986171 0.993178390011167 0.993888251681928 0.9954859634401 0.99200880740885 0.994066849444795 0.994241462346827 0.996164010896514 0.992923050754553 0.993138360140667 0.995451688977485 0.994957592833232 0.99470085257217 0.994455176176348 0.99587855718756 0.994487173983741 0.995457321105238 0.995036923629265 0.99549500591477 0.994168088231013 0.99492473266695 0.994756125356578 0.994604403490841 0.995129412375479 0.996237560876258 0.99619398574873 0.99453870044447 0.992558956714309 0.992583752564087 0.995635710948844 0.994342558286481 0.993085910138927 0.994718174173536 0.992605501779529 0.996003178180813 0.992387045107449 0.997287579663688 0.994471341846655 0.994550853827579 0.992574735021738
-9999 0.992409799497385 0.993343031486661 0.994384998586226 0.99350638053239 0.993760411150115 0.99582662896003 0.994109946185832 0.993483665489976 0.989646226552034 0.994785464753999 0.993018562425065 0.995973821779073 0.995126753923084 0.996440221450348 0.994968637139933 0.993405843501912 0.994884918969158 0.993533229901949 0.995766399617754 0.995104061279813 0.994996235248518 0.993210522037278 0.995722449805318 0.99489609378541 0.993763334725446 0.994510596686013 0.994375504426081 0.994783549200532 0.992462269656537 0.993232948554923 0.994596551908314 0.995234624535847 0.994485585677549 0.995638533740535 0.994513707175012 0.995090848614091 0.994654577658404 0.992515180697344 0.995983514707245 0.991947324623451 0.997299571423801 0.992146035732612 0.992159643026813 0.991645257609568
-9999 0.992155396418648 0.992277624485439 0.996104514078091 0.996049197196609 0.994466806628374 0.994046616558079 0.994577202286939 0.99542391214457 0.993362527669641 0.995298045466195 0.994517413545039 0.99560998911877 0.995929342137562 0.995246614528569 0.994941677352026 0.996159446332696 0.994866913062112 0.995226983073206 0.9930670034679 0.993758366091845 0.992976412941986 0.995135593779969 0.995630333463669 0.995222203477827 0.995513820368931 0.995382811436739 0.995244941863863 0.994698971283787 0.994455601488021 0.994992398713581 0.992498524105337 0.994526492755704 0.992198077283583 0.994580776800299 0.99370450862762 0.994667724495552 0.994435922542796 0.993954874876177 0.995718331352123 0.994278669747613 0.994342719543972 0.99619147070769 0.995510469178793 0.994392664724106
