Model input/Uganda/survival/Tsurvival/Tsurvival_restime_1sep.asc
NCOLS 67 
NROWS 67 
XLLCORNER 29.500000001 
YLLCORNER -1.499999999 
CELLSIZE 0.0833333332985075 
NODATA_value -9999 
[rows 40 to 59 of 67, columns 0 to 44 of 67]
0.991756633497603 0.993556030358102 0.996007246632357 0.996117922211631 0.99339094290923 0.995336521229411 0.994096104010821 0.996193942711184 0.994399227691961 0.995675895111726 0.995592997501414 0.995787267159323 0.993804615475564 0.995880692076407 0.995243433728539 0.996041451476544 0.995847911040679 0.99434155637546 0.995335933438826 0.995409920956112 0.995255408530535 0.993552949137234 0.995233131311616 0.995305562879168 0.995371629387939 0.995040788951645 0.994913817532502 0.995077061829985 0.994748679155299 0.994633173115394 0.994890219638287 0.994515461644436 0.996148418584406 0.993252101402082 0.99493560328635 0.995571909830333 0.9946837307271 0.992384211359479 0.994416025997702 0.993800432137813 0.993890114576418 0.994407917676235 0.997357390871266 0.994919101882069 0.993275997470327
0.994136568286245 0.992068537391847 0.995974926872977 0.994858546081106 0.995067190374071 0.995345193082527 0.994622409424633 0.9974997999987 0.995820205018361 0.996186942118688 0.99481723421614 0.995548279032857 0.993721959924494 0.995394578478262 0.993784448060024 0.995960369250755 0.995100673497931 0.993970713077306 0.994432878895317 0.99592572599833 0.995662403291254 0.995564850013222 0.995237839371152 0.995506995973411 0.993548225903678 0.9951354309394 0.994322355702352 0.994635078507782 0.992369503990682 0.994815564151877 0.994936894109829 0.993444326886624 0.996107055558892 0.99458854844008 0.994681232937412 0.994636723392532 0.992992029755726 0.99457776828259 0.993735153351852 0.994827153928618 0.995659677255373 0.995102630410681 0.997383723581749 0.99467492432712 0.995215829817072
0.993610448863181 0.991237443252279 0.995944938961074 0.991237637788728 0.997441213458931 0.997774696493917 0.997789817143212 0.997205234542709 0.996090391270661 0.995438603692986 0.995625963917571 0.996225292856752 0.99555073880552 0.995226200801597 0.995383680128795 0.995352534853192 0.993932189486305 0.995466865211441 0.993631096051603 0.995209285918196 0.993153284497398 0.995016098594283 0.995078456648839 0.993838681793944 0.994916430346506 0.995809905152491 0.99499889823762 0.993075009414241 0.994647708709647 0.994448816451693 0.993485452434597 0.994805080332828 0.996123442682046 0.995710291638961 0.995146537607515 0.994582719132818 0.994756224966728 0.994572348182218 0.995521427752863 0.994522034179135 0.9954798732331 0.995054848912853 0.997430414783422 0.997422122779341 0.99451229095572
0.996094448358317 0.994530417754796 0.993972264459663 0.995928672531957 0.999365303345576 0.999388823480951 0.998832574809093 0.994873460658558 0.993914111731184 0.995098221817734 0.995405560348467 0.996016486856423 0.996161548520482 0.995189360858842 0.993293599288908 0.993611593062874 0.9952950975911 0.993188013608296 0.993309740292873 0.995288287852267 0.995201761266905 0.995339276616567 0.99410972921222 0.994951091159227 0.992796697328426 0.994133969831935 0.992563253148813 0.994545728904243 0.995503434632221 0.995575516803342 0.995020390156636 0.994674881333459 0.995945285835959 0.994843555631254 0.993599316509696 0.995361802762208 0.994768271483625 0.993436191002888 0.994654625915538 0.994578707490972 0.995470352741379 0.995092581407734 0.994137796117084 0.997509705477773 0.994643355395545
0.996064890724327 0.995406101378482 0.995362456114129 0.997878284252839 0.999604035731399 0.99910528036262 0.99644521379943 0.993845549807262 0.992870759020256 0.995328027468109 0.995564657097448 0.994798332556546 0.996119539919433 0.995539926468322 0.995663270951891 0.993232366060038 0.995260791323536 0.993400173745887 0.993554236836689 0.995477886372138 0.995301712402655 0.995982614470405 0.99240233298797 0.993146491756814 0.994186670231326 0.994963889549751 0.994858785831797 0.995977776028491 0.993562685586634 0.993611069322171 0.994756109364924 0.99274357521981 0.995322008120099 0.994049332076495 0.995591063847426 0.994861705224176 0.992983828797577 0.995259878801881 0.994835865738771 0.994930198425653 0.99544003506663 0.99494241624233 0.996588327833044 0.996506355510572 0.996433614566136
0.996045809364219 0.994903076698347 0.994968473849727 0.997974327231435 0.999576279016478 0.998850883664547 0.997397379061371 0.995325679655064 0.992360274961432 0.995323697874988 0.995525996915193 0.992436605638122 0.996048436509158 0.995114739842864 0.994072132284025 0.995188597644246 0.995759998909979 0.995127367044792 0.995054368234945 0.99567751529728 0.993468610904823 0.995982366929848 0.994319809452705 0.995912759622663 0.994352583548034 0.994746003180104 0.994717542503981 0.994274224080905 0.995496504004387 0.995564635621966 0.993468928022333 0.994836398332471 0.995082439158178 0.995074921616427 0.994759829160904 0.993430055355593 0.995052052362004 0.997515496365419 0.996513889125581 0.994580241073898 0.994978229328729 0.994587428772191 0.997582253406918 0.997492262591077 0.996397151410575
0.995280583987038 0.99436077159352 0.995261005137434 0.996918315781129 0.998566025591752 0.997691931606712 0.994327125896995 0.994927368232055 0.99610175813904 0.995635013933387 0.995544920236291 0.994802437461804 0.994413538010258 0.995844663362126 0.995948812995631 0.996034324888815 0.996316532763616 0.99635202805826 0.996451680480265 0.996548192108647 0.996549716692021 0.996731977340542 0.995430910312393 0.994665455151979 0.99226578594679 0.992295613318646 0.994367981895684 0.994474120163407 0.99463473713734 0.993223899923438 0.994858402473097 0.994857091931483 0.994858743786694 0.995173070506478 0.996577807423659 0.997596738385512 0.996552074524251 0.997522734108847 0.997546427961604 0.997578816003079 0.997553483162488 0.996576043352543 0.997577980692659 0.997453686539808 0.997445264888824
0.994026670328669 0.995869829882587 0.995798210142168 0.997343129889383 0.997355402684429 0.994930168632317 0.996459196657598 0.996122857746431 0.996165058449379 0.99618655324283 0.994933329606219 0.99641987310024 0.996230310361983 0.996291437127692 0.994907775805955 0.994881695874441 0.995916255678256 0.995287288459915 0.996055832080911 0.995454643999873 0.994409634984277 0.994901916185616 0.995286423188134 0.995516210194477 0.994860752179184 0.994447790262406 0.994294477765213 0.994496209290972 0.992260229349238 0.994874790609213 0.994854626340624 0.995196788312353 0.996634800694893 0.996574078283774 0.997542537054364 0.996541348908806 0.997528529987346 0.997495797254811 0.997520368904675 0.997506767750009 0.997545315811259 0.997623547799406 0.997501523632529 0.996391693711937 0.997438656989367
0.994709751919203 0.995762906787149 0.996036911742961 0.996489596785508 0.995805032771973 0.994377257655011 0.996010336469567 0.994367520427472 0.996108258807474 0.994629511092293 0.994776199530914 0.995549870946639 0.994944911367862 0.995977356795164 0.994779524793896 0.995903495260863 0.995712276451924 0.993161097329178 0.996159335404638 0.995221537490354 0.996016700696814 0.99351700332265 0.995138475453862 0.994891035749127 0.996877493981661 0.996912674854754 0.996884548090977 0.996869810049811 0.995659234386687 0.995119852326316 0.997627175363438 0.99663114610323 0.997589498662328 0.997590725782621 0.997505953605343 0.99645587226169 0.997487756897021 0.997474400635538 0.997469507347872 0.997495457718192 0.997472382378107 0.997469320742551 0.997444028601388 0.99742313150945 0.997443223583356
0.996000360249423 0.995691936724361 0.995861415440295 0.995707551365236 0.995801717129823 0.993210594440046 0.992956269917088 0.993673437659378 0.994446768567201 0.996346413332617 0.993679801511382 0.995120199985473 0.994232862514785 0.995141509089704 0.996258841961853 0.99590711827869 0.995162064148521 0.993925680152976 0.996244898577677 0.996150900979872 0.995308215164198 0.994258522896483 0.993141843180823 0.992987403091598 0.994218908098584 0.995185284690611 0.99416113176678 0.993013175369338 0.997595576631736 0.997628397695549 0.99662795526565 0.997601994763807 0.997590902721551 0.99754114764997 0.997502176380373 0.997456966364777 0.99745700999198 0.997476871236629 0.997526835038206 0.997546701676654 0.997487523023221 0.997456226119176 0.996400922517106 0.99744551651606 0.997446297536022
0.994068637001814 0.995598024444522 0.995591166923698 0.99562806146344 0.995565259664738 0.992887055927658 0.99448954864009 0.996111556563648 0.996268196418602 0.994339361253597 0.995790633603557 0.99545917690427 0.996047432043219 0.995242017178063 0.996298697487731 0.995916596817864 0.995234950118923 0.995655730088079 0.995312795238384 0.996246280558708 0.995396715202019 0.996031624467283 0.995250088012601 0.992856514273805 0.995951060059296 0.994973985804548 0.99589816803985 0.99483265474549 0.996625214022406 0.99760063988476 0.997567758017277 0.997567805602724 0.997558628611099 0.997534834207039 0.99748415206307 0.996427095823943 0.997474021072849 0.996441207039403 0.997548965370141 0.997541193535163 0.997475520856424 0.996445620150342 0.997472356295232 0.996381285679724 0.997429159914269
0.995532810453889 0.993634857413762 0.995513995422567 0.9955727240756 0.995621589475727 0.996190024779373 0.993818392315903 0.994066158541837 0.994754312856212 0.994226274122865 0.996293429642716 0.994609354546186 0.995880923115446 0.993655784506156 0.996370412014366 0.995112305420243 0.994252233044149 0.995359909372218 0.993952466480639 0.996139725026553 0.995635041812002 0.995745816235197 0.993491071426461 0.995131095702366 0.995982250544244 0.992816882319535 0.995740186881209 0.995005763188095 0.997618079352257 0.996655763450342 0.997622007119806 0.997609272451749 0.997596092615856 0.997603399614304 0.997551510532959 0.997510436884028 0.997481620594492 0.997469839843319 0.997461659293342 0.996446148063159 0.997480451510548 0.997478227846759 0.997475342836026 0.997455657116582 0.996371986974231
0.995417984722665 0.995428436200787 0.99366679365723 0.993804997365638 0.995762693150705 0.994005862883128 0.993722331024328 0.996287871846323 0.993959702470677 0.995956689397036 0.995616934191622 0.994997300142462 0.996200563817466 0.994607946336137 0.996105867956729 0.994297710141973 0.995504434512766 0.99368849379323 0.995510426705022 0.995808339286195 0.995826195199616 0.995538468636216 0.995331013717789 0.995700202078698 0.995888758618841 0.993326385441902 0.995415827806248 0.992973779413933 0.995045092478565 0.993183998863296 0.9966324673882 0.996666915968565 0.996653954072388 0.997622491464033 0.997576277109121 0.997549670065266 0.996521094008262 0.997490692077901 0.997502530055254 0.997486160979479 0.997488454006938 0.997485140848719 0.996431222490546 0.997445555222528 0.996382820124307
0.993502254002301 0.995441478908211 0.99377480730285 0.993936677671547 0.995840320863453 0.993072530123004 0.992699327898641 0.996615701961313 0.996463204849863 0.996521460204164 0.997081030873692 0.996879878564974 0.994462505781267 0.994549361919535 0.995688796643391 0.995673777322324 0.99383056525692 0.995713345255864 0.995598050579292 0.995591834744629 0.994203844414592 0.993370422764386 0.993583906317556 0.994972819041646 0.995547657928348 0.994983379329444 0.995100467585419 0.995113472351857 0.995456138227987 0.995761417400834 0.997628513783012 0.997607205961962 0.997615733415951 0.997642909371613 0.997608272556007 0.997570240112722 0.99655618591657 0.997524258445558 0.99749986910203 0.99749586712401 0.996477697369739 0.997513412865309 0.997498716936297 0.996429300175194 0.997457043354601
0.995424273111358 0.993649478136266 0.99570619579242 0.994045749419537 0.993319037122484 0.992712935558117 0.995657351848697 0.995039705723218 0.996091631367004 0.99674802030077 0.995717840158926 0.996618606357002 0.996039931212138 0.995755841913276 0.995857177888024 0.994437629628987 0.995672478452541 0.995870558517891 0.994085750268287 0.996481332364247 0.996069861185102 0.995951849386198 0.995650840280957 0.993467059981717 0.995042458457146 0.994479903565318 0.994707371640309 0.997701576863571 0.996662177493271 0.99763170472176 0.997623009671682 0.997614796127468 0.996674512481527 0.996659539679493 0.997589625183126 0.996587129540851 0.997548861103099 0.997513599967203 0.996489166253266 0.997497166348738 0.997509027711527 0.996474987193256 0.997509252024047 0.997477569549263 0.9964311722216
0.995489263094809 0.995515028079454 0.99569948584158 0.991227911294984 0.993657496569288 0.995045114574019 0.994558141845759 0.996523871080088 0.996568188753582 0.997065746146614 0.994849931154928 0.996692814759305 0.996382869795254 0.994349840886084 0.995716277066716 0.995707152301241 0.994572533342114 0.99620551388624 0.995449402691277 0.996408239230355 0.995285547000486 0.995685198451671 0.995247455184906 0.995233771022302 0.992939797932557 0.99439826854486 0.993257441430777 0.996715001208838 0.997647207609835 0.996654028743188 0.996644219647469 0.997643081206034 0.997609059038617 0.997596255736598 0.997567350965612 0.996544157740584 0.997542026228739 0.996506001601178 0.997531216627266 0.997513868367544 0.996476072144136 0.9975204595543 0.996474283300073 0.996467301649808 0.997496513643216
0.995474934276139 0.995527264403608 0.995787919929395 0.996008997326386 0.994526777773987 0.994946069966105 0.996468861179833 0.996447904065654 0.995205510210768 0.997067450819622 0.996242240734878 0.997192493365754 0.997266257195648 0.997215492719156 0.996938383683727 0.995748151231079 0.997244224611978 0.996591742367276 0.99711317562501 0.996055263352273 0.997194967150387 0.994273956347718 0.996213392660916 0.993875158209385 0.995103539887458 0.993283264638059 0.997776218085712 0.99767313660191 0.997639128924336 0.997637547945479 0.997623379488405 0.997614119663174 0.996632913010584 0.996623066499657 0.997595588519155 0.99756590149601 0.996517787818916 0.997526176599321 0.997508189291652 0.997516239271514 0.99752044910594 0.997512193827731 0.997499863197252 0.996485686249536 0.996468662130678
0.993080055746468 0.995400898598491 0.99485067344187 0.996229019922277 0.995148933912652 0.996221766069541 0.996505130144488 0.997070366994965 0.996528075858963 0.997317703359896 0.996110659473838 0.996555893324069 0.996660736561555 0.996596864349251 0.996310324594173 0.99631333948037 0.997169250320164 0.997123833276192 0.997207601629092 0.997259386366557 0.997270733812161 0.995977173322887 0.997248964356474 0.995691824518449 0.995891407675581 0.993213327034116 0.997724079922264 0.99767214854625 0.996695582612822 0.996672701474767 0.997634979173656 0.996644404520416 0.997623737587041 0.997604674285643 0.996584347354253 0.996555306074976 0.997532804566554 0.997546314912293 0.997515072576168 0.997509560223828 0.996475417827211 0.997504270036737 0.997500121604784 0.997518936566057 0.996470173945091
0.991048340589532 0.995747571553868 0.995065215193592 0.996590604911679 0.995687176186712 0.995147796784784 0.997070662175662 0.997028167628847 0.99656186959079 0.996178355302203 0.996821072563005 0.996593001140183 0.996648636051057 0.995441091289192 0.996304816408912 0.996151719771639 0.995925108065861 0.997154556046684 0.995954266815743 0.99389555777971 0.994797690723843 0.99573184065616 0.996143592266279 0.993077893161486 0.996031989101929 0.995976370053984 0.997743878174832 0.997673470288766 0.996694885798469 0.997639289842567 0.996667445011091 0.997640659147201 0.996632117305298 0.996596566256689 0.996576177564814 0.997558173523671 0.997537334000165 0.997536040202092 0.99650447927183 0.997535771841694 0.997526211607893 0.997530949305363 0.996484233969707 0.997502865719574 0.997517527713632
0.994447292748702 0.996110587272443 0.995742589400987 0.994568983156359 0.996008003536842 0.996882259219572 0.996824460556173 0.996092630907539 0.996347301393905 0.994818767151896 0.996555177983164 0.996298700515584 0.996743153581672 0.996429898757425 0.996483598733066 0.996357469010873 0.996232614188181 0.996053878309356 0.995951887447663 0.99429818713785 0.996207188913688 0.995917308086792 0.993603165035519 0.99708022400279 0.997009959083542 0.996877626012271 0.996872953303893 0.997724249820678 0.996714217652842 0.99765761369489 0.99764484041434 0.997633888521217 0.997616253706293 0.997588267227307 0.997567837961169 0.996566782470405 0.997559909084052 0.997531606080774 0.997521786251365 0.997537245470146 0.997530661439977 0.997503603266371 0.997517824382052 0.996476049029398 0.99648418445285
