Archive - glowpa-model-master/Model input/Uganda/SWradiation/SWdown_mean_jan_1.asc
NCOLS 67 
NROWS 67 
XLLCORNER 29.5000000014144 
YLLCORNER -1.49999999936061 
CELLSIZE 0.0833333332926796 
NODATA_value -9999 
[rows 40 to 59 of 67, columns 0 to 45 of 67]
17.571025967598 17.571025967598 17.571025967598 17.571025967598 17.571025967598 17.571025967598 17.8524097800255 17.8524097800255 17.8524097800255 17.8524097800255 17.8524097800255 17.8524097800255 18.0910327136517 18.0910327136517 18.0910327136517 18.0910327136517 18.0910327136517 18.0910327136517 18.3757863342762 18.3757863342762 18.3757863342762 18.3757863342762 18.3757863342762 18.3757863342762 18.5705383121967 18.5705383121967 18.5705383121967 18.5705383121967 18.5705383121967 18.5705383121967 18.8608143031597 18.8608143031597 18.8608143031597 18.8608143031597 18.8608143031597 18.8608143031597 18.9233767390251 18.9233767390251 18.9233767390251 18.9233767390251 18.9233767390251 18.9233767390251 19.0443258285522 19.0443258285522 19.0443258285522 19.0443258285522
17.571025967598 17.571025967598 17.571025967598 17.571025967598 17.571025967598 17.571025967598 17.8524097800255 17.8524097800255 17.8524097800255 17.8524097800255 17.8524097800255 17.8524097800255 18.0910327136517 18.0910327136517 18.0910327136517 18.0910327136517 18.0910327136517 18.0910327136517 18.3757863342762 18.3757863342762 18.3757863342762 18.3757863342762 18.3757863342762 18.3757863342762 18.5705383121967 18.5705383121967 18.5705383121967 18.5705383121967 18.5705383121967 18.5705383121967 18.8608143031597 18.8608143031597 18.8608143031597 18.8608143031597 18.8608143031597 18.8608143031597 18.9233767390251 18.9233767390251 18.9233767390251 18.9233767390251 18.9233767390251 18.9233767390251 19.0443258285522 19.0443258285522 19.0443258285522 19.0443258285522
17.571025967598 17.571025967598 17.571025967598 17.571025967598 17.571025967598 17.571025967598 17.8524097800255 17.8524097800255 17.8524097800255 17.8524097800255 17.8524097800255 17.8524097800255 18.0910327136517 18.0910327136517 18.0910327136517 18.0910327136517 18.0910327136517 18.0910327136517 18.3757863342762 18.3757863342762 18.3757863342762 18.3757863342762 18.3757863342762 18.3757863342762 18.5705383121967 18.5705383121967 18.5705383121967 18.5705383121967 18.5705383121967 18.5705383121967 18.8608143031597 18.8608143031597 18.8608143031597 18.8608143031597 18.8608143031597 18.8608143031597 18.9233767390251 18.9233767390251 18.9233767390251 18.9233767390251 18.9233767390251 18.9233767390251 19.0443258285522 19.0443258285522 19.0443258285522 19.0443258285522
17.4320505559444 17.4320505559444 17.4320505559444 17.4320505559444 17.4320505559444 17.4320505559444 17.7088714540005 17.7088714540005 17.7088714540005 17.7088714540005 17.7088714540005 17.7088714540005 18.0116401314735 18.0116401314735 18.0116401314735 18.0116401314735 18.0116401314735 18.0116401314735 18.2211285233498 18.2211285233498 18.2211285233498 18.2211285233498 18.2211285233498 18.2211285233498 18.4371738731861 18.4371738731861 18.4371738731861 18.4371738731861 18.4371738731861 18.4371738731861 18.5495833754539 18.5495833754539 18.5495833754539 18.5495833754539 18.5495833754539 18.5495833754539 18.5936961770058 18.5936961770058 18.5936961770058 18.5936961770058 18.5936961770058 18.5936961770058 18.8242200911045 18.8242200911045 18.8242200911045 18.8242200911045
17.4320505559444 17.4320505559444 17.4320505559444 17.4320505559444 17.4320505559444 17.4320505559444 17.7088714540005 17.7088714540005 17.7088714540005 17.7088714540005 17.7088714540005 17.7088714540005 18.0116401314735 18.0116401314735 18.0116401314735 18.0116401314735 18.0116401314735 18.0116401314735 18.2211285233498 18.2211285233498 18.2211285233498 18.2211285233498 18.2211285233498 18.2211285233498 18.4371738731861 18.4371738731861 18.4371738731861 18.4371738731861 18.4371738731861 18.4371738731861 18.5495833754539 18.5495833754539 18.5495833754539 18.5495833754539 18.5495833754539 18.5495833754539 18.5936961770058 18.5936961770058 18.5936961770058 18.5936961770058 18.5936961770058 18.5936961770058 18.8242200911045 18.8242200911045 18.8242200911045 18.8242200911045
17.4320505559444 17.4320505559444 17.4320505559444 17.4320505559444 17.4320505559444 17.4320505559444 17.7088714540005 17.7088714540005 17.7088714540005 17.7088714540005 17.7088714540005 17.7088714540005 18.0116401314735 18.0116401314735 18.0116401314735 18.0116401314735 18.0116401314735 18.0116401314735 18.2211285233498 18.2211285233498 18.2211285233498 18.2211285233498 18.2211285233498 18.2211285233498 18.4371738731861 18.4371738731861 18.4371738731861 18.4371738731861 18.4371738731861 18.4371738731861 18.5495833754539 18.5495833754539 18.5495833754539 18.5495833754539 18.5495833754539 18.5495833754539 18.5936961770058 18.5936961770058 18.5936961770058 18.5936961770058 18.5936961770058 18.5936961770058 18.8242200911045 18.8242200911045 18.8242200911045 18.8242200911045
17.4320505559444 17.4320505559444 17.4320505559444 17.4320505559444 17.4320505559444 17.4320505559444 17.7088714540005 17.7088714540005 17.7088714540005 17.7088714540005 17.7088714540005 17.7088714540005 18.0116401314735 18.0116401314735 18.0116401314735 18.0116401314735 18.0116401314735 18.0116401314735 18.2211285233498 18.2211285233498 18.2211285233498 18.2211285233498 18.2211285233498 18.2211285233498 18.4371738731861 18.4371738731861 18.4371738731861 18.4371738731861 18.4371738731861 18.4371738731861 18.5495833754539 18.5495833754539 18.5495833754539 18.5495833754539 18.5495833754539 18.5495833754539 18.5936961770058 18.5936961770058 18.5936961770058 18.5936961770058 18.5936961770058 18.5936961770058 18.8242200911045 18.8242200911045 18.8242200911045 18.8242200911045
17.4320505559444 17.4320505559444 17.4320505559444 17.4320505559444 17.4320505559444 17.4320505559444 17.7088714540005 17.7088714540005 17.7088714540005 17.7088714540005 17.7088714540005 17.7088714540005 18.0116401314735 18.0116401314735 18.0116401314735 18.0116401314735 18.0116401314735 18.0116401314735 18.2211285233498 18.2211285233498 18.2211285233498 18.2211285233498 18.2211285233498 18.2211285233498 18.4371738731861 18.4371738731861 18.4371738731861 18.4371738731861 18.4371738731861 18.4371738731861 18.5495833754539 18.5495833754539 18.5495833754539 18.5495833754539 18.5495833754539 18.5495833754539 18.5936961770058 18.5936961770058 18.5936961770058 18.5936961770058 18.5936961770058 18.5936961770058 18.8242200911045 18.8242200911045 18.8242200911045 18.8242200911045
17.4320505559444 17.4320505559444 17.4320505559444 17.4320505559444 17.4320505559444 17.4320505559444 17.7088714540005 17.7088714540005 17.7088714540005 17.7088714540005 17.7088714540005 17.7088714540005 18.0116401314735 18.0116401314735 18.0116401314735 18.0116401314735 18.0116401314735 18.0116401314735 18.2211285233498 18.2211285233498 18.2211285233498 18.2211285233498 18.2211285233498 18.2211285233498 18.4371738731861 18.4371738731861 18.4371738731861 18.4371738731861 18.4371738731861 18.4371738731861 18.5495833754539 18.5495833754539 18.5495833754539 18.5495833754539 18.5495833754539 18.5495833754539 18.5936961770058 18.5936961770058 18.5936961770058 18.5936961770058 18.5936961770058 18.5936961770058 18.8242200911045 18.8242200911045 18.8242200911045 18.8242200911045
17.3099997937679 17.3099997937679 17.3099997937679 17.3099997937679 17.3099997937679 17.3099997937679 17.6884804069996 17.6884804069996 17.6884804069996 17.6884804069996 17.6884804069996 17.6884804069996 17.9148218333721 17.9148218333721 17.9148218333721 17.9148218333721 17.9148218333721 17.9148218333721 18.0430763959885 18.0430763959885 18.0430763959885 18.0430763959885 18.0430763959885 18.0430763959885 18.1718581914902 18.1718581914902 18.1718581914902 18.1718581914902 18.1718581914902 18.1718581914902 18.3631654381752 18.3631654381752 18.3631654381752 18.3631654381752 18.3631654381752 18.3631654381752 18.5913605093956 18.5913605093956 18.5913605093956 18.5913605093956 18.5913605093956 18.5913605093956 18.7670532464981 18.7670532464981 18.7670532464981 18.7670532464981
17.3099997937679 17.3099997937679 17.3099997937679 17.3099997937679 17.3099997937679 17.3099997937679 17.6884804069996 17.6884804069996 17.6884804069996 17.6884804069996 17.6884804069996 17.6884804069996 17.9148218333721 17.9148218333721 17.9148218333721 17.9148218333721 17.9148218333721 17.9148218333721 18.0430763959885 18.0430763959885 18.0430763959885 18.0430763959885 18.0430763959885 18.0430763959885 18.1718581914902 18.1718581914902 18.1718581914902 18.1718581914902 18.1718581914902 18.1718581914902 18.3631654381752 18.3631654381752 18.3631654381752 18.3631654381752 18.3631654381752 18.3631654381752 18.5913605093956 18.5913605093956 18.5913605093956 18.5913605093956 18.5913605093956 18.5913605093956 18.7670532464981 18.7670532464981 18.7670532464981 18.7670532464981
17.3099997937679 17.3099997937679 17.3099997937679 17.3099997937679 17.3099997937679 17.3099997937679 17.6884804069996 17.6884804069996 17.6884804069996 17.6884804069996 17.6884804069996 17.6884804069996 17.9148218333721 17.9148218333721 17.9148218333721 17.9148218333721 17.9148218333721 17.9148218333721 18.0430763959885 18.0430763959885 18.0430763959885 18.0430763959885 18.0430763959885 18.0430763959885 18.1718581914902 18.1718581914902 18.1718581914902 18.1718581914902 18.1718581914902 18.1718581914902 18.3631654381752 18.3631654381752 18.3631654381752 18.3631654381752 18.3631654381752 18.3631654381752 18.5913605093956 18.5913605093956 18.5913605093956 18.5913605093956 18.5913605093956 18.5913605093956 18.7670532464981 18.7670532464981 18.7670532464981 18.7670532464981
17.3099997937679 17.3099997937679 17.3099997937679 17.3099997937679 17.3099997937679 17.3099997937679 17.6884804069996 17.6884804069996 17.6884804069996 17.6884804069996 17.6884804069996 17.6884804069996 17.9148218333721 17.9148218333721 17.9148218333721 17.9148218333721 17.9148218333721 17.9148218333721 18.0430763959885 18.0430763959885 18.0430763959885 18.0430763959885 18.0430763959885 18.0430763959885 18.1718581914902 18.1718581914902 18.1718581914902 18.1718581914902 18.1718581914902 18.1718581914902 18.3631654381752 18.3631654381752 18.3631654381752 18.3631654381752 18.3631654381752 18.3631654381752 18.5913605093956 18.5913605093956 18.5913605093956 18.5913605093956 18.5913605093956 18.5913605093956 18.7670532464981 18.7670532464981 18.7670532464981 18.7670532464981
17.3099997937679 17.3099997937679 17.3099997937679 17.3099997937679 17.3099997937679 17.3099997937679 17.6884804069996 17.6884804069996 17.6884804069996 17.6884804069996 17.6884804069996 17.6884804069996 17.9148218333721 17.9148218333721 17.9148218333721 17.9148218333721 17.9148218333721 17.9148218333721 18.0430763959885 18.0430763959885 18.0430763959885 18.0430763959885 18.0430763959885 18.0430763959885 18.1718581914902 18.1718581914902 18.1718581914902 18.1718581914902 18.1718581914902 18.1718581914902 18.3631654381752 18.3631654381752 18.3631654381752 18.3631654381752 18.3631654381752 18.3631654381752 18.5913605093956 18.5913605093956 18.5913605093956 18.5913605093956 18.5913605093956 18.5913605093956 18.7670532464981 18.7670532464981 18.7670532464981 18.7670532464981
17.3099997937679 17.3099997937679 17.3099997937679 17.3099997937679 17.3099997937679 17.3099997937679 17.6884804069996 17.6884804069996 17.6884804069996 17.6884804069996 17.6884804069996 17.6884804069996 17.9148218333721 17.9148218333721 17.9148218333721 17.9148218333721 17.9148218333721 17.9148218333721 18.0430763959885 18.0430763959885 18.0430763959885 18.0430763959885 18.0430763959885 18.0430763959885 18.1718581914902 18.1718581914902 18.1718581914902 18.1718581914902 18.1718581914902 18.1718581914902 18.3631654381752 18.3631654381752 18.3631654381752 18.3631654381752 18.3631654381752 18.3631654381752 18.5913605093956 18.5913605093956 18.5913605093956 18.5913605093956 18.5913605093956 18.5913605093956 18.7670532464981 18.7670532464981 18.7670532464981 18.7670532464981
17.2459710836411 17.2459710836411 17.2459710836411 17.2459710836411 17.2459710836411 17.2459710836411 17.6812416017056 17.6812416017056 17.6812416017056 17.6812416017056 17.6812416017056 17.6812416017056 17.8220959603786 17.8220959603786 17.8220959603786 17.8220959603786 17.8220959603786 17.8220959603786 17.9973378777504 17.9973378777504 17.9973378777504 17.9973378777504 17.9973378777504 17.9973378777504 18.1056248545647 18.1056248545647 18.1056248545647 18.1056248545647 18.1056248545647 18.1056248545647 18.1846137344837 18.1846137344837 18.1846137344837 18.1846137344837 18.1846137344837 18.1846137344837 18.2467067241669 18.2467067241669 18.2467067241669 18.2467067241669 18.2467067241669 18.2467067241669 18.5058599710464 18.5058599710464 18.5058599710464 18.5058599710464
17.2459710836411 17.2459710836411 17.2459710836411 17.2459710836411 17.2459710836411 17.2459710836411 17.6812416017056 17.6812416017056 17.6812416017056 17.6812416017056 17.6812416017056 17.6812416017056 17.8220959603786 17.8220959603786 17.8220959603786 17.8220959603786 17.8220959603786 17.8220959603786 17.9973378777504 17.9973378777504 17.9973378777504 17.9973378777504 17.9973378777504 17.9973378777504 18.1056248545647 18.1056248545647 18.1056248545647 18.1056248545647 18.1056248545647 18.1056248545647 18.1846137344837 18.1846137344837 18.1846137344837 18.1846137344837 18.1846137344837 18.1846137344837 18.2467067241669 18.2467067241669 18.2467067241669 18.2467067241669 18.2467067241669 18.2467067241669 18.5058599710464 18.5058599710464 18.5058599710464 18.5058599710464
17.2459710836411 17.2459710836411 17.2459710836411 17.2459710836411 17.2459710836411 17.2459710836411 17.6812416017056 17.6812416017056 17.6812416017056 17.6812416017056 17.6812416017056 17.6812416017056 17.8220959603786 17.8220959603786 17.8220959603786 17.8220959603786 17.8220959603786 17.8220959603786 17.9973378777504 17.9973378777504 17.9973378777504 17.9973378777504 17.9973378777504 17.9973378777504 18.1056248545647 18.1056248545647 18.1056248545647 18.1056248545647 18.1056248545647 18.1056248545647 18.1846137344837 18.1846137344837 18.1846137344837 18.1846137344837 18.1846137344837 18.1846137344837 18.2467067241669 18.2467067241669 18.2467067241669 18.2467067241669 18.2467067241669 18.2467067241669 18.5058599710464 18.5058599710464 18.5058599710464 18.5058599710464
17.2459710836411 17.2459710836411 17.2459710836411 17.2459710836411 17.2459710836411 17.2459710836411 17.6812416017056 17.6812416017056 17.6812416017056 17.6812416017056 17.6812416017056 17.6812416017056 17.8220959603786 17.8220959603786 17.8220959603786 17.8220959603786 17.8220959603786 17.8220959603786 17.9973378777504 17.9973378777504 17.9973378777504 17.9973378777504 17.9973378777504 17.9973378777504 18.1056248545647 18.1056248545647 18.1056248545647 18.1056248545647 18.1056248545647 18.1056248545647 18.1846137344837 18.1846137344837 18.1846137344837 18.1846137344837 18.1846137344837 18.1846137344837 18.2467067241669 18.2467067241669 18.2467067241669 18.2467067241669 18.2467067241669 18.2467067241669 18.5058599710464 18.5058599710464 18.5058599710464 18.5058599710464
17.2459710836411 17.2459710836411 17.2459710836411 17.2459710836411 17.2459710836411 17.2459710836411 17.6812416017056 17.6812416017056 17.6812416017056 17.6812416017056 17.6812416017056 17.6812416017056 17.8220959603786 17.8220959603786 17.8220959603786 17.8220959603786 17.8220959603786 17.8220959603786 17.9973378777504 17.9973378777504 17.9973378777504 17.9973378777504 17.9973378777504 17.9973378777504 18.1056248545647 18.1056248545647 18.1056248545647 18.1056248545647 18.1056248545647 18.1056248545647 18.1846137344837 18.1846137344837 18.1846137344837 18.1846137344837 18.1846137344837 18.1846137344837 18.2467067241669 18.2467067241669 18.2467067241669 18.2467067241669 18.2467067241669 18.2467067241669 18.5058599710464 18.5058599710464 18.5058599710464 18.5058599710464
