Archive - glowpa-model-master/Model input/Uganda/SWradiation/SWdown_mean_feb_1.asc
NCOLS 67 
NROWS 67 
XLLCORNER 29.5000000014144 
YLLCORNER -1.49999999936061 
CELLSIZE 0.0833333332926796 
NODATA_value -9999 
[rows 40 to 59 of 67, columns 0 to 45 of 67]
19.2364541888237 19.2364541888237 19.2364541888237 19.2364541888237 19.2364541888237 19.2364541888237 19.407489836216 19.407489836216 19.407489836216 19.407489836216 19.407489836216 19.407489836216 19.8203151226044 19.8203151226044 19.8203151226044 19.8203151226044 19.8203151226044 19.8203151226044 19.9760415554047 19.9760415554047 19.9760415554047 19.9760415554047 19.9760415554047 19.9760415554047 20.0785559415817 20.0785559415817 20.0785559415817 20.0785559415817 20.0785559415817 20.0785559415817 20.2326773107052 20.2326773107052 20.2326773107052 20.2326773107052 20.2326773107052 20.2326773107052 20.2192303538322 20.2192303538322 20.2192303538322 20.2192303538322 20.2192303538322 20.2192303538322 20.4188171625137 20.4188171625137 20.4188171625137 20.4188171625137
19.2364541888237 19.2364541888237 19.2364541888237 19.2364541888237 19.2364541888237 19.2364541888237 19.407489836216 19.407489836216 19.407489836216 19.407489836216 19.407489836216 19.407489836216 19.8203151226044 19.8203151226044 19.8203151226044 19.8203151226044 19.8203151226044 19.8203151226044 19.9760415554047 19.9760415554047 19.9760415554047 19.9760415554047 19.9760415554047 19.9760415554047 20.0785559415817 20.0785559415817 20.0785559415817 20.0785559415817 20.0785559415817 20.0785559415817 20.2326773107052 20.2326773107052 20.2326773107052 20.2326773107052 20.2326773107052 20.2326773107052 20.2192303538322 20.2192303538322 20.2192303538322 20.2192303538322 20.2192303538322 20.2192303538322 20.4188171625137 20.4188171625137 20.4188171625137 20.4188171625137
19.2364541888237 19.2364541888237 19.2364541888237 19.2364541888237 19.2364541888237 19.2364541888237 19.407489836216 19.407489836216 19.407489836216 19.407489836216 19.407489836216 19.407489836216 19.8203151226044 19.8203151226044 19.8203151226044 19.8203151226044 19.8203151226044 19.8203151226044 19.9760415554047 19.9760415554047 19.9760415554047 19.9760415554047 19.9760415554047 19.9760415554047 20.0785559415817 20.0785559415817 20.0785559415817 20.0785559415817 20.0785559415817 20.0785559415817 20.2326773107052 20.2326773107052 20.2326773107052 20.2326773107052 20.2326773107052 20.2326773107052 20.2192303538322 20.2192303538322 20.2192303538322 20.2192303538322 20.2192303538322 20.2192303538322 20.4188171625137 20.4188171625137 20.4188171625137 20.4188171625137
19.1241292655468 19.1241292655468 19.1241292655468 19.1241292655468 19.1241292655468 19.1241292655468 19.3646786212921 19.3646786212921 19.3646786212921 19.3646786212921 19.3646786212921 19.3646786212921 19.6344236135483 19.6344236135483 19.6344236135483 19.6344236135483 19.6344236135483 19.6344236135483 19.8232575654984 19.8232575654984 19.8232575654984 19.8232575654984 19.8232575654984 19.8232575654984 19.9628978967667 19.9628978967667 19.9628978967667 19.9628978967667 19.9628978967667 19.9628978967667 20.0175368189812 20.0175368189812 20.0175368189812 20.0175368189812 20.0175368189812 20.0175368189812 20.1145782768726 20.1145782768726 20.1145782768726 20.1145782768726 20.1145782768726 20.1145782768726 20.3365904390812 20.3365904390812 20.3365904390812 20.3365904390812
19.1241292655468 19.1241292655468 19.1241292655468 19.1241292655468 19.1241292655468 19.1241292655468 19.3646786212921 19.3646786212921 19.3646786212921 19.3646786212921 19.3646786212921 19.3646786212921 19.6344236135483 19.6344236135483 19.6344236135483 19.6344236135483 19.6344236135483 19.6344236135483 19.8232575654984 19.8232575654984 19.8232575654984 19.8232575654984 19.8232575654984 19.8232575654984 19.9628978967667 19.9628978967667 19.9628978967667 19.9628978967667 19.9628978967667 19.9628978967667 20.0175368189812 20.0175368189812 20.0175368189812 20.0175368189812 20.0175368189812 20.0175368189812 20.1145782768726 20.1145782768726 20.1145782768726 20.1145782768726 20.1145782768726 20.1145782768726 20.3365904390812 20.3365904390812 20.3365904390812 20.3365904390812
19.1241292655468 19.1241292655468 19.1241292655468 19.1241292655468 19.1241292655468 19.1241292655468 19.3646786212921 19.3646786212921 19.3646786212921 19.3646786212921 19.3646786212921 19.3646786212921 19.6344236135483 19.6344236135483 19.6344236135483 19.6344236135483 19.6344236135483 19.6344236135483 19.8232575654984 19.8232575654984 19.8232575654984 19.8232575654984 19.8232575654984 19.8232575654984 19.9628978967667 19.9628978967667 19.9628978967667 19.9628978967667 19.9628978967667 19.9628978967667 20.0175368189812 20.0175368189812 20.0175368189812 20.0175368189812 20.0175368189812 20.0175368189812 20.1145782768726 20.1145782768726 20.1145782768726 20.1145782768726 20.1145782768726 20.1145782768726 20.3365904390812 20.3365904390812 20.3365904390812 20.3365904390812
19.1241292655468 19.1241292655468 19.1241292655468 19.1241292655468 19.1241292655468 19.1241292655468 19.3646786212921 19.3646786212921 19.3646786212921 19.3646786212921 19.3646786212921 19.3646786212921 19.6344236135483 19.6344236135483 19.6344236135483 19.6344236135483 19.6344236135483 19.6344236135483 19.8232575654984 19.8232575654984 19.8232575654984 19.8232575654984 19.8232575654984 19.8232575654984 19.9628978967667 19.9628978967667 19.9628978967667 19.9628978967667 19.9628978967667 19.9628978967667 20.0175368189812 20.0175368189812 20.0175368189812 20.0175368189812 20.0175368189812 20.0175368189812 20.1145782768726 20.1145782768726 20.1145782768726 20.1145782768726 20.1145782768726 20.1145782768726 20.3365904390812 20.3365904390812 20.3365904390812 20.3365904390812
19.1241292655468 19.1241292655468 19.1241292655468 19.1241292655468 19.1241292655468 19.1241292655468 19.3646786212921 19.3646786212921 19.3646786212921 19.3646786212921 19.3646786212921 19.3646786212921 19.6344236135483 19.6344236135483 19.6344236135483 19.6344236135483 19.6344236135483 19.6344236135483 19.8232575654984 19.8232575654984 19.8232575654984 19.8232575654984 19.8232575654984 19.8232575654984 19.9628978967667 19.9628978967667 19.9628978967667 19.9628978967667 19.9628978967667 19.9628978967667 20.0175368189812 20.0175368189812 20.0175368189812 20.0175368189812 20.0175368189812 20.0175368189812 20.1145782768726 20.1145782768726 20.1145782768726 20.1145782768726 20.1145782768726 20.1145782768726 20.3365904390812 20.3365904390812 20.3365904390812 20.3365904390812
19.1241292655468 19.1241292655468 19.1241292655468 19.1241292655468 19.1241292655468 19.1241292655468 19.3646786212921 19.3646786212921 19.3646786212921 19.3646786212921 19.3646786212921 19.3646786212921 19.6344236135483 19.6344236135483 19.6344236135483 19.6344236135483 19.6344236135483 19.6344236135483 19.8232575654984 19.8232575654984 19.8232575654984 19.8232575654984 19.8232575654984 19.8232575654984 19.9628978967667 19.9628978967667 19.9628978967667 19.9628978967667 19.9628978967667 19.9628978967667 20.0175368189812 20.0175368189812 20.0175368189812 20.0175368189812 20.0175368189812 20.0175368189812 20.1145782768726 20.1145782768726 20.1145782768726 20.1145782768726 20.1145782768726 20.1145782768726 20.3365904390812 20.3365904390812 20.3365904390812 20.3365904390812
18.8310494720936 18.8310494720936 18.8310494720936 18.8310494720936 18.8310494720936 18.8310494720936 19.20551019907 19.20551019907 19.20551019907 19.20551019907 19.20551019907 19.20551019907 19.5041539669037 19.5041539669037 19.5041539669037 19.5041539669037 19.5041539669037 19.5041539669037 19.6071482896805 19.6071482896805 19.6071482896805 19.6071482896805 19.6071482896805 19.6071482896805 19.6973607540131 19.6973607540131 19.6973607540131 19.6973607540131 19.6973607540131 19.6973607540131 19.8887395262718 19.8887395262718 19.8887395262718 19.8887395262718 19.8887395262718 19.8887395262718 19.9482116997242 19.9482116997242 19.9482116997242 19.9482116997242 19.9482116997242 19.9482116997242 20.3045465350151 20.3045465350151 20.3045465350151 20.3045465350151
18.8310494720936 18.8310494720936 18.8310494720936 18.8310494720936 18.8310494720936 18.8310494720936 19.20551019907 19.20551019907 19.20551019907 19.20551019907 19.20551019907 19.20551019907 19.5041539669037 19.5041539669037 19.5041539669037 19.5041539669037 19.5041539669037 19.5041539669037 19.6071482896805 19.6071482896805 19.6071482896805 19.6071482896805 19.6071482896805 19.6071482896805 19.6973607540131 19.6973607540131 19.6973607540131 19.6973607540131 19.6973607540131 19.6973607540131 19.8887395262718 19.8887395262718 19.8887395262718 19.8887395262718 19.8887395262718 19.8887395262718 19.9482116997242 19.9482116997242 19.9482116997242 19.9482116997242 19.9482116997242 19.9482116997242 20.3045465350151 20.3045465350151 20.3045465350151 20.3045465350151
18.8310494720936 18.8310494720936 18.8310494720936 18.8310494720936 18.8310494720936 18.8310494720936 19.20551019907 19.20551019907 19.20551019907 19.20551019907 19.20551019907 19.20551019907 19.5041539669037 19.5041539669037 19.5041539669037 19.5041539669037 19.5041539669037 19.5041539669037 19.6071482896805 19.6071482896805 19.6071482896805 19.6071482896805 19.6071482896805 19.6071482896805 19.6973607540131 19.6973607540131 19.6973607540131 19.6973607540131 19.6973607540131 19.6973607540131 19.8887395262718 19.8887395262718 19.8887395262718 19.8887395262718 19.8887395262718 19.8887395262718 19.9482116997242 19.9482116997242 19.9482116997242 19.9482116997242 19.9482116997242 19.9482116997242 20.3045465350151 20.3045465350151 20.3045465350151 20.3045465350151
18.8310494720936 18.8310494720936 18.8310494720936 18.8310494720936 18.8310494720936 18.8310494720936 19.20551019907 19.20551019907 19.20551019907 19.20551019907 19.20551019907 19.20551019907 19.5041539669037 19.5041539669037 19.5041539669037 19.5041539669037 19.5041539669037 19.5041539669037 19.6071482896805 19.6071482896805 19.6071482896805 19.6071482896805 19.6071482896805 19.6071482896805 19.6973607540131 19.6973607540131 19.6973607540131 19.6973607540131 19.6973607540131 19.6973607540131 19.8887395262718 19.8887395262718 19.8887395262718 19.8887395262718 19.8887395262718 19.8887395262718 19.9482116997242 19.9482116997242 19.9482116997242 19.9482116997242 19.9482116997242 19.9482116997242 20.3045465350151 20.3045465350151 20.3045465350151 20.3045465350151
18.8310494720936 18.8310494720936 18.8310494720936 18.8310494720936 18.8310494720936 18.8310494720936 19.20551019907 19.20551019907 19.20551019907 19.20551019907 19.20551019907 19.20551019907 19.5041539669037 19.5041539669037 19.5041539669037 19.5041539669037 19.5041539669037 19.5041539669037 19.6071482896805 19.6071482896805 19.6071482896805 19.6071482896805 19.6071482896805 19.6071482896805 19.6973607540131 19.6973607540131 19.6973607540131 19.6973607540131 19.6973607540131 19.6973607540131 19.8887395262718 19.8887395262718 19.8887395262718 19.8887395262718 19.8887395262718 19.8887395262718 19.9482116997242 19.9482116997242 19.9482116997242 19.9482116997242 19.9482116997242 19.9482116997242 20.3045465350151 20.3045465350151 20.3045465350151 20.3045465350151
18.8310494720936 18.8310494720936 18.8310494720936 18.8310494720936 18.8310494720936 18.8310494720936 19.20551019907 19.20551019907 19.20551019907 19.20551019907 19.20551019907 19.20551019907 19.5041539669037 19.5041539669037 19.5041539669037 19.5041539669037 19.5041539669037 19.5041539669037 19.6071482896805 19.6071482896805 19.6071482896805 19.6071482896805 19.6071482896805 19.6071482896805 19.6973607540131 19.6973607540131 19.6973607540131 19.6973607540131 19.6973607540131 19.6973607540131 19.8887395262718 19.8887395262718 19.8887395262718 19.8887395262718 19.8887395262718 19.8887395262718 19.9482116997242 19.9482116997242 19.9482116997242 19.9482116997242 19.9482116997242 19.9482116997242 20.3045465350151 20.3045465350151 20.3045465350151 20.3045465350151
18.6913521885872 18.6913521885872 18.6913521885872 18.6913521885872 18.6913521885872 18.6913521885872 19.0725936293602 19.0725936293602 19.0725936293602 19.0725936293602 19.0725936293602 19.0725936293602 19.3893382251263 19.3893382251263 19.3893382251263 19.3893382251263 19.3893382251263 19.3893382251263 19.5699341893196 19.5699341893196 19.5699341893196 19.5699341893196 19.5699341893196 19.5699341893196 19.5191694498062 19.5191694498062 19.5191694498062 19.5191694498062 19.5191694498062 19.5191694498062 19.6965625286102 19.6965625286102 19.6965625286102 19.6965625286102 19.6965625286102 19.6965625286102 19.7093062400818 19.7093062400818 19.7093062400818 19.7093062400818 19.7093062400818 19.7093062400818 20.0571169257164 20.0571169257164 20.0571169257164 20.0571169257164
18.6913521885872 18.6913521885872 18.6913521885872 18.6913521885872 18.6913521885872 18.6913521885872 19.0725936293602 19.0725936293602 19.0725936293602 19.0725936293602 19.0725936293602 19.0725936293602 19.3893382251263 19.3893382251263 19.3893382251263 19.3893382251263 19.3893382251263 19.3893382251263 19.5699341893196 19.5699341893196 19.5699341893196 19.5699341893196 19.5699341893196 19.5699341893196 19.5191694498062 19.5191694498062 19.5191694498062 19.5191694498062 19.5191694498062 19.5191694498062 19.6965625286102 19.6965625286102 19.6965625286102 19.6965625286102 19.6965625286102 19.6965625286102 19.7093062400818 19.7093062400818 19.7093062400818 19.7093062400818 19.7093062400818 19.7093062400818 20.0571169257164 20.0571169257164 20.0571169257164 20.0571169257164
18.6913521885872 18.6913521885872 18.6913521885872 18.6913521885872 18.6913521885872 18.6913521885872 19.0725936293602 19.0725936293602 19.0725936293602 19.0725936293602 19.0725936293602 19.0725936293602 19.3893382251263 19.3893382251263 19.3893382251263 19.3893382251263 19.3893382251263 19.3893382251263 19.5699341893196 19.5699341893196 19.5699341893196 19.5699341893196 19.5699341893196 19.5699341893196 19.5191694498062 19.5191694498062 19.5191694498062 19.5191694498062 19.5191694498062 19.5191694498062 19.6965625286102 19.6965625286102 19.6965625286102 19.6965625286102 19.6965625286102 19.6965625286102 19.7093062400818 19.7093062400818 19.7093062400818 19.7093062400818 19.7093062400818 19.7093062400818 20.0571169257164 20.0571169257164 20.0571169257164 20.0571169257164
18.6913521885872 18.6913521885872 18.6913521885872 18.6913521885872 18.6913521885872 18.6913521885872 19.0725936293602 19.0725936293602 19.0725936293602 19.0725936293602 19.0725936293602 19.0725936293602 19.3893382251263 19.3893382251263 19.3893382251263 19.3893382251263 19.3893382251263 19.3893382251263 19.5699341893196 19.5699341893196 19.5699341893196 19.5699341893196 19.5699341893196 19.5699341893196 19.5191694498062 19.5191694498062 19.5191694498062 19.5191694498062 19.5191694498062 19.5191694498062 19.6965625286102 19.6965625286102 19.6965625286102 19.6965625286102 19.6965625286102 19.6965625286102 19.7093062400818 19.7093062400818 19.7093062400818 19.7093062400818 19.7093062400818 19.7093062400818 20.0571169257164 20.0571169257164 20.0571169257164 20.0571169257164
18.6913521885872 18.6913521885872 18.6913521885872 18.6913521885872 18.6913521885872 18.6913521885872 19.0725936293602 19.0725936293602 19.0725936293602 19.0725936293602 19.0725936293602 19.0725936293602 19.3893382251263 19.3893382251263 19.3893382251263 19.3893382251263 19.3893382251263 19.3893382251263 19.5699341893196 19.5699341893196 19.5699341893196 19.5699341893196 19.5699341893196 19.5699341893196 19.5191694498062 19.5191694498062 19.5191694498062 19.5191694498062 19.5191694498062 19.5191694498062 19.6965625286102 19.6965625286102 19.6965625286102 19.6965625286102 19.6965625286102 19.6965625286102 19.7093062400818 19.7093062400818 19.7093062400818 19.7093062400818 19.7093062400818 19.7093062400818 20.0571169257164 20.0571169257164 20.0571169257164 20.0571169257164
