Archive - glowpa-model-master/Model input/Uganda/SWradiation/SWdown_mean_jun_1.asc
NCOLS 67 
NROWS 67 
XLLCORNER 29.5000000014144 
YLLCORNER -1.49999999936061 
CELLSIZE 0.0833333332926796 
NODATA_value -9999 
[rows 40 to 59 of 67, columns 0 to 45 of 67]
16.098168194294 16.098168194294 16.098168194294 16.098168194294 16.098168194294 16.098168194294 16.8634947836399 16.8634947836399 16.8634947836399 16.8634947836399 16.8634947836399 16.8634947836399 17.5801691412926 17.5801691412926 17.5801691412926 17.5801691412926 17.5801691412926 17.5801691412926 17.946461379528 17.946461379528 17.946461379528 17.946461379528 17.946461379528 17.946461379528 18.0959118008614 18.0959118008614 18.0959118008614 18.0959118008614 18.0959118008614 18.0959118008614 17.9002325534821 17.9002325534821 17.9002325534821 17.9002325534821 17.9002325534821 17.9002325534821 17.5298563838005 17.5298563838005 17.5298563838005 17.5298563838005 17.5298563838005 17.5298563838005 17.0632593631744 17.0632593631744 17.0632593631744 17.0632593631744
16.098168194294 16.098168194294 16.098168194294 16.098168194294 16.098168194294 16.098168194294 16.8634947836399 16.8634947836399 16.8634947836399 16.8634947836399 16.8634947836399 16.8634947836399 17.5801691412926 17.5801691412926 17.5801691412926 17.5801691412926 17.5801691412926 17.5801691412926 17.946461379528 17.946461379528 17.946461379528 17.946461379528 17.946461379528 17.946461379528 18.0959118008614 18.0959118008614 18.0959118008614 18.0959118008614 18.0959118008614 18.0959118008614 17.9002325534821 17.9002325534821 17.9002325534821 17.9002325534821 17.9002325534821 17.9002325534821 17.5298563838005 17.5298563838005 17.5298563838005 17.5298563838005 17.5298563838005 17.5298563838005 17.0632593631744 17.0632593631744 17.0632593631744 17.0632593631744
16.098168194294 16.098168194294 16.098168194294 16.098168194294 16.098168194294 16.098168194294 16.8634947836399 16.8634947836399 16.8634947836399 16.8634947836399 16.8634947836399 16.8634947836399 17.5801691412926 17.5801691412926 17.5801691412926 17.5801691412926 17.5801691412926 17.5801691412926 17.946461379528 17.946461379528 17.946461379528 17.946461379528 17.946461379528 17.946461379528 18.0959118008614 18.0959118008614 18.0959118008614 18.0959118008614 18.0959118008614 18.0959118008614 17.9002325534821 17.9002325534821 17.9002325534821 17.9002325534821 17.9002325534821 17.9002325534821 17.5298563838005 17.5298563838005 17.5298563838005 17.5298563838005 17.5298563838005 17.5298563838005 17.0632593631744 17.0632593631744 17.0632593631744 17.0632593631744
16.4332588613033 16.4332588613033 16.4332588613033 16.4332588613033 16.4332588613033 16.4332588613033 17.2321806550026 17.2321806550026 17.2321806550026 17.2321806550026 17.2321806550026 17.2321806550026 18.0240682959557 18.0240682959557 18.0240682959557 18.0240682959557 18.0240682959557 18.0240682959557 18.399280667305 18.399280667305 18.399280667305 18.399280667305 18.399280667305 18.399280667305 18.5205741524696 18.5205741524696 18.5205741524696 18.5205741524696 18.5205741524696 18.5205741524696 18.5092259645462 18.5092259645462 18.5092259645462 18.5092259645462 18.5092259645462 18.5092259645462 18.2274715900421 18.2274715900421 18.2274715900421 18.2274715900421 18.2274715900421 18.2274715900421 17.7930062413216 17.7930062413216 17.7930062413216 17.7930062413216
16.4332588613033 16.4332588613033 16.4332588613033 16.4332588613033 16.4332588613033 16.4332588613033 17.2321806550026 17.2321806550026 17.2321806550026 17.2321806550026 17.2321806550026 17.2321806550026 18.0240682959557 18.0240682959557 18.0240682959557 18.0240682959557 18.0240682959557 18.0240682959557 18.399280667305 18.399280667305 18.399280667305 18.399280667305 18.399280667305 18.399280667305 18.5205741524696 18.5205741524696 18.5205741524696 18.5205741524696 18.5205741524696 18.5205741524696 18.5092259645462 18.5092259645462 18.5092259645462 18.5092259645462 18.5092259645462 18.5092259645462 18.2274715900421 18.2274715900421 18.2274715900421 18.2274715900421 18.2274715900421 18.2274715900421 17.7930062413216 17.7930062413216 17.7930062413216 17.7930062413216
16.4332588613033 16.4332588613033 16.4332588613033 16.4332588613033 16.4332588613033 16.4332588613033 17.2321806550026 17.2321806550026 17.2321806550026 17.2321806550026 17.2321806550026 17.2321806550026 18.0240682959557 18.0240682959557 18.0240682959557 18.0240682959557 18.0240682959557 18.0240682959557 18.399280667305 18.399280667305 18.399280667305 18.399280667305 18.399280667305 18.399280667305 18.5205741524696 18.5205741524696 18.5205741524696 18.5205741524696 18.5205741524696 18.5205741524696 18.5092259645462 18.5092259645462 18.5092259645462 18.5092259645462 18.5092259645462 18.5092259645462 18.2274715900421 18.2274715900421 18.2274715900421 18.2274715900421 18.2274715900421 18.2274715900421 17.7930062413216 17.7930062413216 17.7930062413216 17.7930062413216
16.4332588613033 16.4332588613033 16.4332588613033 16.4332588613033 16.4332588613033 16.4332588613033 17.2321806550026 17.2321806550026 17.2321806550026 17.2321806550026 17.2321806550026 17.2321806550026 18.0240682959557 18.0240682959557 18.0240682959557 18.0240682959557 18.0240682959557 18.0240682959557 18.399280667305 18.399280667305 18.399280667305 18.399280667305 18.399280667305 18.399280667305 18.5205741524696 18.5205741524696 18.5205741524696 18.5205741524696 18.5205741524696 18.5205741524696 18.5092259645462 18.5092259645462 18.5092259645462 18.5092259645462 18.5092259645462 18.5092259645462 18.2274715900421 18.2274715900421 18.2274715900421 18.2274715900421 18.2274715900421 18.2274715900421 17.7930062413216 17.7930062413216 17.7930062413216 17.7930062413216
16.4332588613033 16.4332588613033 16.4332588613033 16.4332588613033 16.4332588613033 16.4332588613033 17.2321806550026 17.2321806550026 17.2321806550026 17.2321806550026 17.2321806550026 17.2321806550026 18.0240682959557 18.0240682959557 18.0240682959557 18.0240682959557 18.0240682959557 18.0240682959557 18.399280667305 18.399280667305 18.399280667305 18.399280667305 18.399280667305 18.399280667305 18.5205741524696 18.5205741524696 18.5205741524696 18.5205741524696 18.5205741524696 18.5205741524696 18.5092259645462 18.5092259645462 18.5092259645462 18.5092259645462 18.5092259645462 18.5092259645462 18.2274715900421 18.2274715900421 18.2274715900421 18.2274715900421 18.2274715900421 18.2274715900421 17.7930062413216 17.7930062413216 17.7930062413216 17.7930062413216
16.4332588613033 16.4332588613033 16.4332588613033 16.4332588613033 16.4332588613033 16.4332588613033 17.2321806550026 17.2321806550026 17.2321806550026 17.2321806550026 17.2321806550026 17.2321806550026 18.0240682959557 18.0240682959557 18.0240682959557 18.0240682959557 18.0240682959557 18.0240682959557 18.399280667305 18.399280667305 18.399280667305 18.399280667305 18.399280667305 18.399280667305 18.5205741524696 18.5205741524696 18.5205741524696 18.5205741524696 18.5205741524696 18.5205741524696 18.5092259645462 18.5092259645462 18.5092259645462 18.5092259645462 18.5092259645462 18.5092259645462 18.2274715900421 18.2274715900421 18.2274715900421 18.2274715900421 18.2274715900421 18.2274715900421 17.7930062413216 17.7930062413216 17.7930062413216 17.7930062413216
16.7227267622948 16.7227267622948 16.7227267622948 16.7227267622948 16.7227267622948 16.7227267622948 17.6273307800293 17.6273307800293 17.6273307800293 17.6273307800293 17.6273307800293 17.6273307800293 18.351413667202 18.351413667202 18.351413667202 18.351413667202 18.351413667202 18.351413667202 18.8328820466995 18.8328820466995 18.8328820466995 18.8328820466995 18.8328820466995 18.8328820466995 19.1610900163651 19.1610900163651 19.1610900163651 19.1610900163651 19.1610900163651 19.1610900163651 19.0177142620087 19.0177142620087 19.0177142620087 19.0177142620087 19.0177142620087 19.0177142620087 18.6113802790642 18.6113802790642 18.6113802790642 18.6113802790642 18.6113802790642 18.6113802790642 18.4225842952728 18.4225842952728 18.4225842952728 18.4225842952728
16.7227267622948 16.7227267622948 16.7227267622948 16.7227267622948 16.7227267622948 16.7227267622948 17.6273307800293 17.6273307800293 17.6273307800293 17.6273307800293 17.6273307800293 17.6273307800293 18.351413667202 18.351413667202 18.351413667202 18.351413667202 18.351413667202 18.351413667202 18.8328820466995 18.8328820466995 18.8328820466995 18.8328820466995 18.8328820466995 18.8328820466995 19.1610900163651 19.1610900163651 19.1610900163651 19.1610900163651 19.1610900163651 19.1610900163651 19.0177142620087 19.0177142620087 19.0177142620087 19.0177142620087 19.0177142620087 19.0177142620087 18.6113802790642 18.6113802790642 18.6113802790642 18.6113802790642 18.6113802790642 18.6113802790642 18.4225842952728 18.4225842952728 18.4225842952728 18.4225842952728
16.7227267622948 16.7227267622948 16.7227267622948 16.7227267622948 16.7227267622948 16.7227267622948 17.6273307800293 17.6273307800293 17.6273307800293 17.6273307800293 17.6273307800293 17.6273307800293 18.351413667202 18.351413667202 18.351413667202 18.351413667202 18.351413667202 18.351413667202 18.8328820466995 18.8328820466995 18.8328820466995 18.8328820466995 18.8328820466995 18.8328820466995 19.1610900163651 19.1610900163651 19.1610900163651 19.1610900163651 19.1610900163651 19.1610900163651 19.0177142620087 19.0177142620087 19.0177142620087 19.0177142620087 19.0177142620087 19.0177142620087 18.6113802790642 18.6113802790642 18.6113802790642 18.6113802790642 18.6113802790642 18.6113802790642 18.4225842952728 18.4225842952728 18.4225842952728 18.4225842952728
16.7227267622948 16.7227267622948 16.7227267622948 16.7227267622948 16.7227267622948 16.7227267622948 17.6273307800293 17.6273307800293 17.6273307800293 17.6273307800293 17.6273307800293 17.6273307800293 18.351413667202 18.351413667202 18.351413667202 18.351413667202 18.351413667202 18.351413667202 18.8328820466995 18.8328820466995 18.8328820466995 18.8328820466995 18.8328820466995 18.8328820466995 19.1610900163651 19.1610900163651 19.1610900163651 19.1610900163651 19.1610900163651 19.1610900163651 19.0177142620087 19.0177142620087 19.0177142620087 19.0177142620087 19.0177142620087 19.0177142620087 18.6113802790642 18.6113802790642 18.6113802790642 18.6113802790642 18.6113802790642 18.6113802790642 18.4225842952728 18.4225842952728 18.4225842952728 18.4225842952728
16.7227267622948 16.7227267622948 16.7227267622948 16.7227267622948 16.7227267622948 16.7227267622948 17.6273307800293 17.6273307800293 17.6273307800293 17.6273307800293 17.6273307800293 17.6273307800293 18.351413667202 18.351413667202 18.351413667202 18.351413667202 18.351413667202 18.351413667202 18.8328820466995 18.8328820466995 18.8328820466995 18.8328820466995 18.8328820466995 18.8328820466995 19.1610900163651 19.1610900163651 19.1610900163651 19.1610900163651 19.1610900163651 19.1610900163651 19.0177142620087 19.0177142620087 19.0177142620087 19.0177142620087 19.0177142620087 19.0177142620087 18.6113802790642 18.6113802790642 18.6113802790642 18.6113802790642 18.6113802790642 18.6113802790642 18.4225842952728 18.4225842952728 18.4225842952728 18.4225842952728
16.7227267622948 16.7227267622948 16.7227267622948 16.7227267622948 16.7227267622948 16.7227267622948 17.6273307800293 17.6273307800293 17.6273307800293 17.6273307800293 17.6273307800293 17.6273307800293 18.351413667202 18.351413667202 18.351413667202 18.351413667202 18.351413667202 18.351413667202 18.8328820466995 18.8328820466995 18.8328820466995 18.8328820466995 18.8328820466995 18.8328820466995 19.1610900163651 19.1610900163651 19.1610900163651 19.1610900163651 19.1610900163651 19.1610900163651 19.0177142620087 19.0177142620087 19.0177142620087 19.0177142620087 19.0177142620087 19.0177142620087 18.6113802790642 18.6113802790642 18.6113802790642 18.6113802790642 18.6113802790642 18.6113802790642 18.4225842952728 18.4225842952728 18.4225842952728 18.4225842952728
17.0014101266861 17.0014101266861 17.0014101266861 17.0014101266861 17.0014101266861 17.0014101266861 17.7345207929611 17.7345207929611 17.7345207929611 17.7345207929611 17.7345207929611 17.7345207929611 18.4735320806503 18.4735320806503 18.4735320806503 18.4735320806503 18.4735320806503 18.4735320806503 19.1464464664459 19.1464464664459 19.1464464664459 19.1464464664459 19.1464464664459 19.1464464664459 19.5511520504951 19.5511520504951 19.5511520504951 19.5511520504951 19.5511520504951 19.5511520504951 19.6665527224541 19.6665527224541 19.6665527224541 19.6665527224541 19.6665527224541 19.6665527224541 19.6030707359314 19.6030707359314 19.6030707359314 19.6030707359314 19.6030707359314 19.6030707359314 19.3826206326485 19.3826206326485 19.3826206326485 19.3826206326485
17.0014101266861 17.0014101266861 17.0014101266861 17.0014101266861 17.0014101266861 17.0014101266861 17.7345207929611 17.7345207929611 17.7345207929611 17.7345207929611 17.7345207929611 17.7345207929611 18.4735320806503 18.4735320806503 18.4735320806503 18.4735320806503 18.4735320806503 18.4735320806503 19.1464464664459 19.1464464664459 19.1464464664459 19.1464464664459 19.1464464664459 19.1464464664459 19.5511520504951 19.5511520504951 19.5511520504951 19.5511520504951 19.5511520504951 19.5511520504951 19.6665527224541 19.6665527224541 19.6665527224541 19.6665527224541 19.6665527224541 19.6665527224541 19.6030707359314 19.6030707359314 19.6030707359314 19.6030707359314 19.6030707359314 19.6030707359314 19.3826206326485 19.3826206326485 19.3826206326485 19.3826206326485
17.0014101266861 17.0014101266861 17.0014101266861 17.0014101266861 17.0014101266861 17.0014101266861 17.7345207929611 17.7345207929611 17.7345207929611 17.7345207929611 17.7345207929611 17.7345207929611 18.4735320806503 18.4735320806503 18.4735320806503 18.4735320806503 18.4735320806503 18.4735320806503 19.1464464664459 19.1464464664459 19.1464464664459 19.1464464664459 19.1464464664459 19.1464464664459 19.5511520504951 19.5511520504951 19.5511520504951 19.5511520504951 19.5511520504951 19.5511520504951 19.6665527224541 19.6665527224541 19.6665527224541 19.6665527224541 19.6665527224541 19.6665527224541 19.6030707359314 19.6030707359314 19.6030707359314 19.6030707359314 19.6030707359314 19.6030707359314 19.3826206326485 19.3826206326485 19.3826206326485 19.3826206326485
17.0014101266861 17.0014101266861 17.0014101266861 17.0014101266861 17.0014101266861 17.0014101266861 17.7345207929611 17.7345207929611 17.7345207929611 17.7345207929611 17.7345207929611 17.7345207929611 18.4735320806503 18.4735320806503 18.4735320806503 18.4735320806503 18.4735320806503 18.4735320806503 19.1464464664459 19.1464464664459 19.1464464664459 19.1464464664459 19.1464464664459 19.1464464664459 19.5511520504951 19.5511520504951 19.5511520504951 19.5511520504951 19.5511520504951 19.5511520504951 19.6665527224541 19.6665527224541 19.6665527224541 19.6665527224541 19.6665527224541 19.6665527224541 19.6030707359314 19.6030707359314 19.6030707359314 19.6030707359314 19.6030707359314 19.6030707359314 19.3826206326485 19.3826206326485 19.3826206326485 19.3826206326485
17.0014101266861 17.0014101266861 17.0014101266861 17.0014101266861 17.0014101266861 17.0014101266861 17.7345207929611 17.7345207929611 17.7345207929611 17.7345207929611 17.7345207929611 17.7345207929611 18.4735320806503 18.4735320806503 18.4735320806503 18.4735320806503 18.4735320806503 18.4735320806503 19.1464464664459 19.1464464664459 19.1464464664459 19.1464464664459 19.1464464664459 19.1464464664459 19.5511520504951 19.5511520504951 19.5511520504951 19.5511520504951 19.5511520504951 19.5511520504951 19.6665527224541 19.6665527224541 19.6665527224541 19.6665527224541 19.6665527224541 19.6665527224541 19.6030707359314 19.6030707359314 19.6030707359314 19.6030707359314 19.6030707359314 19.6030707359314 19.3826206326485 19.3826206326485 19.3826206326485 19.3826206326485
