Archive - glowpa-model-master/Model input/Uganda/SWradiation/SWdown_mean_dec_1.asc
NCOLS 67 
NROWS 67 
XLLCORNER 29.5000000014144 
YLLCORNER -1.49999999936061 
CELLSIZE 0.0833333332926796 
NODATA_value -9999 
[rows 40 to 59 of 67, columns 0 to 45 of 67]
16.5239115059376 16.5239115059376 16.5239115059376 16.5239115059376 16.5239115059376 16.5239115059376 16.8928405940533 16.8928405940533 16.8928405940533 16.8928405940533 16.8928405940533 16.8928405940533 17.4212100207806 17.4212100207806 17.4212100207806 17.4212100207806 17.4212100207806 17.4212100207806 17.6072580218315 17.6072580218315 17.6072580218315 17.6072580218315 17.6072580218315 17.6072580218315 17.7545944750309 17.7545944750309 17.7545944750309 17.7545944750309 17.7545944750309 17.7545944750309 17.9959500432014 17.9959500432014 17.9959500432014 17.9959500432014 17.9959500432014 17.9959500432014 18.2277617454529 18.2277617454529 18.2277617454529 18.2277617454529 18.2277617454529 18.2277617454529 18.2216295301914 18.2216295301914 18.2216295301914 18.2216295301914
16.5239115059376 16.5239115059376 16.5239115059376 16.5239115059376 16.5239115059376 16.5239115059376 16.8928405940533 16.8928405940533 16.8928405940533 16.8928405940533 16.8928405940533 16.8928405940533 17.4212100207806 17.4212100207806 17.4212100207806 17.4212100207806 17.4212100207806 17.4212100207806 17.6072580218315 17.6072580218315 17.6072580218315 17.6072580218315 17.6072580218315 17.6072580218315 17.7545944750309 17.7545944750309 17.7545944750309 17.7545944750309 17.7545944750309 17.7545944750309 17.9959500432014 17.9959500432014 17.9959500432014 17.9959500432014 17.9959500432014 17.9959500432014 18.2277617454529 18.2277617454529 18.2277617454529 18.2277617454529 18.2277617454529 18.2277617454529 18.2216295301914 18.2216295301914 18.2216295301914 18.2216295301914
16.5239115059376 16.5239115059376 16.5239115059376 16.5239115059376 16.5239115059376 16.5239115059376 16.8928405940533 16.8928405940533 16.8928405940533 16.8928405940533 16.8928405940533 16.8928405940533 17.4212100207806 17.4212100207806 17.4212100207806 17.4212100207806 17.4212100207806 17.4212100207806 17.6072580218315 17.6072580218315 17.6072580218315 17.6072580218315 17.6072580218315 17.6072580218315 17.7545944750309 17.7545944750309 17.7545944750309 17.7545944750309 17.7545944750309 17.7545944750309 17.9959500432014 17.9959500432014 17.9959500432014 17.9959500432014 17.9959500432014 17.9959500432014 18.2277617454529 18.2277617454529 18.2277617454529 18.2277617454529 18.2277617454529 18.2277617454529 18.2216295301914 18.2216295301914 18.2216295301914 18.2216295301914
16.3403594195843 16.3403594195843 16.3403594195843 16.3403594195843 16.3403594195843 16.3403594195843 16.8083633184433 16.8083633184433 16.8083633184433 16.8083633184433 16.8083633184433 16.8083633184433 17.1456291377544 17.1456291377544 17.1456291377544 17.1456291377544 17.1456291377544 17.1456291377544 17.4426095187664 17.4426095187664 17.4426095187664 17.4426095187664 17.4426095187664 17.4426095187664 17.6014630496502 17.6014630496502 17.6014630496502 17.6014630496502 17.6014630496502 17.6014630496502 17.7007812559605 17.7007812559605 17.7007812559605 17.7007812559605 17.7007812559605 17.7007812559605 17.7580437362194 17.7580437362194 17.7580437362194 17.7580437362194 17.7580437362194 17.7580437362194 17.9686444699764 17.9686444699764 17.9686444699764 17.9686444699764
16.3403594195843 16.3403594195843 16.3403594195843 16.3403594195843 16.3403594195843 16.3403594195843 16.8083633184433 16.8083633184433 16.8083633184433 16.8083633184433 16.8083633184433 16.8083633184433 17.1456291377544 17.1456291377544 17.1456291377544 17.1456291377544 17.1456291377544 17.1456291377544 17.4426095187664 17.4426095187664 17.4426095187664 17.4426095187664 17.4426095187664 17.4426095187664 17.6014630496502 17.6014630496502 17.6014630496502 17.6014630496502 17.6014630496502 17.6014630496502 17.7007812559605 17.7007812559605 17.7007812559605 17.7007812559605 17.7007812559605 17.7007812559605 17.7580437362194 17.7580437362194 17.7580437362194 17.7580437362194 17.7580437362194 17.7580437362194 17.9686444699764 17.9686444699764 17.9686444699764 17.9686444699764
16.3403594195843 16.3403594195843 16.3403594195843 16.3403594195843 16.3403594195843 16.3403594195843 16.8083633184433 16.8083633184433 16.8083633184433 16.8083633184433 16.8083633184433 16.8083633184433 17.1456291377544 17.1456291377544 17.1456291377544 17.1456291377544 17.1456291377544 17.1456291377544 17.4426095187664 17.4426095187664 17.4426095187664 17.4426095187664 17.4426095187664 17.4426095187664 17.6014630496502 17.6014630496502 17.6014630496502 17.6014630496502 17.6014630496502 17.6014630496502 17.7007812559605 17.7007812559605 17.7007812559605 17.7007812559605 17.7007812559605 17.7007812559605 17.7580437362194 17.7580437362194 17.7580437362194 17.7580437362194 17.7580437362194 17.7580437362194 17.9686444699764 17.9686444699764 17.9686444699764 17.9686444699764
16.3403594195843 16.3403594195843 16.3403594195843 16.3403594195843 16.3403594195843 16.3403594195843 16.8083633184433 16.8083633184433 16.8083633184433 16.8083633184433 16.8083633184433 16.8083633184433 17.1456291377544 17.1456291377544 17.1456291377544 17.1456291377544 17.1456291377544 17.1456291377544 17.4426095187664 17.4426095187664 17.4426095187664 17.4426095187664 17.4426095187664 17.4426095187664 17.6014630496502 17.6014630496502 17.6014630496502 17.6014630496502 17.6014630496502 17.6014630496502 17.7007812559605 17.7007812559605 17.7007812559605 17.7007812559605 17.7007812559605 17.7007812559605 17.7580437362194 17.7580437362194 17.7580437362194 17.7580437362194 17.7580437362194 17.7580437362194 17.9686444699764 17.9686444699764 17.9686444699764 17.9686444699764
16.3403594195843 16.3403594195843 16.3403594195843 16.3403594195843 16.3403594195843 16.3403594195843 16.8083633184433 16.8083633184433 16.8083633184433 16.8083633184433 16.8083633184433 16.8083633184433 17.1456291377544 17.1456291377544 17.1456291377544 17.1456291377544 17.1456291377544 17.1456291377544 17.4426095187664 17.4426095187664 17.4426095187664 17.4426095187664 17.4426095187664 17.4426095187664 17.6014630496502 17.6014630496502 17.6014630496502 17.6014630496502 17.6014630496502 17.6014630496502 17.7007812559605 17.7007812559605 17.7007812559605 17.7007812559605 17.7007812559605 17.7007812559605 17.7580437362194 17.7580437362194 17.7580437362194 17.7580437362194 17.7580437362194 17.7580437362194 17.9686444699764 17.9686444699764 17.9686444699764 17.9686444699764
16.3403594195843 16.3403594195843 16.3403594195843 16.3403594195843 16.3403594195843 16.3403594195843 16.8083633184433 16.8083633184433 16.8083633184433 16.8083633184433 16.8083633184433 16.8083633184433 17.1456291377544 17.1456291377544 17.1456291377544 17.1456291377544 17.1456291377544 17.1456291377544 17.4426095187664 17.4426095187664 17.4426095187664 17.4426095187664 17.4426095187664 17.4426095187664 17.6014630496502 17.6014630496502 17.6014630496502 17.6014630496502 17.6014630496502 17.6014630496502 17.7007812559605 17.7007812559605 17.7007812559605 17.7007812559605 17.7007812559605 17.7007812559605 17.7580437362194 17.7580437362194 17.7580437362194 17.7580437362194 17.7580437362194 17.7580437362194 17.9686444699764 17.9686444699764 17.9686444699764 17.9686444699764
16.2835823595524 16.2835823595524 16.2835823595524 16.2835823595524 16.2835823595524 16.2835823595524 16.782233774662 16.782233774662 16.782233774662 16.782233774662 16.782233774662 16.782233774662 16.9436443150043 16.9436443150043 16.9436443150043 16.9436443150043 16.9436443150043 16.9436443150043 17.1130721271038 17.1130721271038 17.1130721271038 17.1130721271038 17.1130721271038 17.1130721271038 17.2099313735962 17.2099313735962 17.2099313735962 17.2099313735962 17.2099313735962 17.2099313735962 17.4178660213947 17.4178660213947 17.4178660213947 17.4178660213947 17.4178660213947 17.4178660213947 17.6867866814137 17.6867866814137 17.6867866814137 17.6867866814137 17.6867866814137 17.6867866814137 17.9390140175819 17.9390140175819 17.9390140175819 17.9390140175819
16.2835823595524 16.2835823595524 16.2835823595524 16.2835823595524 16.2835823595524 16.2835823595524 16.782233774662 16.782233774662 16.782233774662 16.782233774662 16.782233774662 16.782233774662 16.9436443150043 16.9436443150043 16.9436443150043 16.9436443150043 16.9436443150043 16.9436443150043 17.1130721271038 17.1130721271038 17.1130721271038 17.1130721271038 17.1130721271038 17.1130721271038 17.2099313735962 17.2099313735962 17.2099313735962 17.2099313735962 17.2099313735962 17.2099313735962 17.4178660213947 17.4178660213947 17.4178660213947 17.4178660213947 17.4178660213947 17.4178660213947 17.6867866814137 17.6867866814137 17.6867866814137 17.6867866814137 17.6867866814137 17.6867866814137 17.9390140175819 17.9390140175819 17.9390140175819 17.9390140175819
16.2835823595524 16.2835823595524 16.2835823595524 16.2835823595524 16.2835823595524 16.2835823595524 16.782233774662 16.782233774662 16.782233774662 16.782233774662 16.782233774662 16.782233774662 16.9436443150043 16.9436443150043 16.9436443150043 16.9436443150043 16.9436443150043 16.9436443150043 17.1130721271038 17.1130721271038 17.1130721271038 17.1130721271038 17.1130721271038 17.1130721271038 17.2099313735962 17.2099313735962 17.2099313735962 17.2099313735962 17.2099313735962 17.2099313735962 17.4178660213947 17.4178660213947 17.4178660213947 17.4178660213947 17.4178660213947 17.4178660213947 17.6867866814137 17.6867866814137 17.6867866814137 17.6867866814137 17.6867866814137 17.6867866814137 17.9390140175819 17.9390140175819 17.9390140175819 17.9390140175819
16.2835823595524 16.2835823595524 16.2835823595524 16.2835823595524 16.2835823595524 16.2835823595524 16.782233774662 16.782233774662 16.782233774662 16.782233774662 16.782233774662 16.782233774662 16.9436443150043 16.9436443150043 16.9436443150043 16.9436443150043 16.9436443150043 16.9436443150043 17.1130721271038 17.1130721271038 17.1130721271038 17.1130721271038 17.1130721271038 17.1130721271038 17.2099313735962 17.2099313735962 17.2099313735962 17.2099313735962 17.2099313735962 17.2099313735962 17.4178660213947 17.4178660213947 17.4178660213947 17.4178660213947 17.4178660213947 17.4178660213947 17.6867866814137 17.6867866814137 17.6867866814137 17.6867866814137 17.6867866814137 17.6867866814137 17.9390140175819 17.9390140175819 17.9390140175819 17.9390140175819
16.2835823595524 16.2835823595524 16.2835823595524 16.2835823595524 16.2835823595524 16.2835823595524 16.782233774662 16.782233774662 16.782233774662 16.782233774662 16.782233774662 16.782233774662 16.9436443150043 16.9436443150043 16.9436443150043 16.9436443150043 16.9436443150043 16.9436443150043 17.1130721271038 17.1130721271038 17.1130721271038 17.1130721271038 17.1130721271038 17.1130721271038 17.2099313735962 17.2099313735962 17.2099313735962 17.2099313735962 17.2099313735962 17.2099313735962 17.4178660213947 17.4178660213947 17.4178660213947 17.4178660213947 17.4178660213947 17.4178660213947 17.6867866814137 17.6867866814137 17.6867866814137 17.6867866814137 17.6867866814137 17.6867866814137 17.9390140175819 17.9390140175819 17.9390140175819 17.9390140175819
16.2835823595524 16.2835823595524 16.2835823595524 16.2835823595524 16.2835823595524 16.2835823595524 16.782233774662 16.782233774662 16.782233774662 16.782233774662 16.782233774662 16.782233774662 16.9436443150043 16.9436443150043 16.9436443150043 16.9436443150043 16.9436443150043 16.9436443150043 17.1130721271038 17.1130721271038 17.1130721271038 17.1130721271038 17.1130721271038 17.1130721271038 17.2099313735962 17.2099313735962 17.2099313735962 17.2099313735962 17.2099313735962 17.2099313735962 17.4178660213947 17.4178660213947 17.4178660213947 17.4178660213947 17.4178660213947 17.4178660213947 17.6867866814137 17.6867866814137 17.6867866814137 17.6867866814137 17.6867866814137 17.6867866814137 17.9390140175819 17.9390140175819 17.9390140175819 17.9390140175819
16.2562245428562 16.2562245428562 16.2562245428562 16.2562245428562 16.2562245428562 16.2562245428562 16.6260965168476 16.6260965168476 16.6260965168476 16.6260965168476 16.6260965168476 16.6260965168476 16.9485268890858 16.9485268890858 16.9485268890858 16.9485268890858 16.9485268890858 16.9485268890858 16.9338375627995 16.9338375627995 16.9338375627995 16.9338375627995 16.9338375627995 16.9338375627995 16.9556555151939 16.9556555151939 16.9556555151939 16.9556555151939 16.9556555151939 16.9556555151939 17.1709807813168 17.1709807813168 17.1709807813168 17.1709807813168 17.1709807813168 17.1709807813168 17.3344529271126 17.3344529271126 17.3344529271126 17.3344529271126 17.3344529271126 17.3344529271126 17.6823961138725 17.6823961138725 17.6823961138725 17.6823961138725
16.2562245428562 16.2562245428562 16.2562245428562 16.2562245428562 16.2562245428562 16.2562245428562 16.6260965168476 16.6260965168476 16.6260965168476 16.6260965168476 16.6260965168476 16.6260965168476 16.9485268890858 16.9485268890858 16.9485268890858 16.9485268890858 16.9485268890858 16.9485268890858 16.9338375627995 16.9338375627995 16.9338375627995 16.9338375627995 16.9338375627995 16.9338375627995 16.9556555151939 16.9556555151939 16.9556555151939 16.9556555151939 16.9556555151939 16.9556555151939 17.1709807813168 17.1709807813168 17.1709807813168 17.1709807813168 17.1709807813168 17.1709807813168 17.3344529271126 17.3344529271126 17.3344529271126 17.3344529271126 17.3344529271126 17.3344529271126 17.6823961138725 17.6823961138725 17.6823961138725 17.6823961138725
16.2562245428562 16.2562245428562 16.2562245428562 16.2562245428562 16.2562245428562 16.2562245428562 16.6260965168476 16.6260965168476 16.6260965168476 16.6260965168476 16.6260965168476 16.6260965168476 16.9485268890858 16.9485268890858 16.9485268890858 16.9485268890858 16.9485268890858 16.9485268890858 16.9338375627995 16.9338375627995 16.9338375627995 16.9338375627995 16.9338375627995 16.9338375627995 16.9556555151939 16.9556555151939 16.9556555151939 16.9556555151939 16.9556555151939 16.9556555151939 17.1709807813168 17.1709807813168 17.1709807813168 17.1709807813168 17.1709807813168 17.1709807813168 17.3344529271126 17.3344529271126 17.3344529271126 17.3344529271126 17.3344529271126 17.3344529271126 17.6823961138725 17.6823961138725 17.6823961138725 17.6823961138725
16.2562245428562 16.2562245428562 16.2562245428562 16.2562245428562 16.2562245428562 16.2562245428562 16.6260965168476 16.6260965168476 16.6260965168476 16.6260965168476 16.6260965168476 16.6260965168476 16.9485268890858 16.9485268890858 16.9485268890858 16.9485268890858 16.9485268890858 16.9485268890858 16.9338375627995 16.9338375627995 16.9338375627995 16.9338375627995 16.9338375627995 16.9338375627995 16.9556555151939 16.9556555151939 16.9556555151939 16.9556555151939 16.9556555151939 16.9556555151939 17.1709807813168 17.1709807813168 17.1709807813168 17.1709807813168 17.1709807813168 17.1709807813168 17.3344529271126 17.3344529271126 17.3344529271126 17.3344529271126 17.3344529271126 17.3344529271126 17.6823961138725 17.6823961138725 17.6823961138725 17.6823961138725
16.2562245428562 16.2562245428562 16.2562245428562 16.2562245428562 16.2562245428562 16.2562245428562 16.6260965168476 16.6260965168476 16.6260965168476 16.6260965168476 16.6260965168476 16.6260965168476 16.9485268890858 16.9485268890858 16.9485268890858 16.9485268890858 16.9485268890858 16.9485268890858 16.9338375627995 16.9338375627995 16.9338375627995 16.9338375627995 16.9338375627995 16.9338375627995 16.9556555151939 16.9556555151939 16.9556555151939 16.9556555151939 16.9556555151939 16.9556555151939 17.1709807813168 17.1709807813168 17.1709807813168 17.1709807813168 17.1709807813168 17.1709807813168 17.3344529271126 17.3344529271126 17.3344529271126 17.3344529271126 17.3344529271126 17.3344529271126 17.6823961138725 17.6823961138725 17.6823961138725 17.6823961138725
