Archive - glowpa-model-master/Model input/Uganda/SWradiation/SWdown_mean_oct_1.asc
NCOLS 67 
NROWS 67 
XLLCORNER 29.5000000014144 
YLLCORNER -1.49999999936061 
CELLSIZE 0.0833333332926796 
NODATA_value -9999 
[rows 20 to 39 of 67, columns 0 to 45 of 67]
-9999 -9999 -9999 -9999 -9999 -9999 -9999 -9999 -9999 -9999 -9999 -9999 -9999 -9999 -9999 16.8076883554459 16.8076883554459 16.8076883554459 17.2800582647324 17.2800582647324 17.2800582647324 17.2800582647324 17.2800582647324 17.2800582647324 17.6762474179268 17.6762474179268 17.6762474179268 17.6762474179268 17.6762474179268 17.6762474179268 18.3512119054794 18.3512119054794 18.3512119054794 18.3512119054794 18.3512119054794 18.3512119054794 18.9694800376892 18.9694800376892 18.9694800376892 18.9694800376892 18.9694800376892 18.9694800376892 19.5677870512009 19.5677870512009 19.5677870512009 19.5677870512009
-9999 -9999 -9999 -9999 -9999 -9999 -9999 -9999 -9999 -9999 -9999 -9999 -9999 -9999 -9999 16.8076883554459 16.8076883554459 16.8076883554459 17.2800582647324 17.2800582647324 17.2800582647324 17.2800582647324 17.2800582647324 17.2800582647324 17.6762474179268 17.6762474179268 17.6762474179268 17.6762474179268 17.6762474179268 17.6762474179268 18.3512119054794 18.3512119054794 18.3512119054794 18.3512119054794 18.3512119054794 18.3512119054794 18.9694800376892 18.9694800376892 18.9694800376892 18.9694800376892 18.9694800376892 18.9694800376892 19.5677870512009 19.5677870512009 19.5677870512009 19.5677870512009
-9999 -9999 -9999 -9999 -9999 -9999 -9999 -9999 -9999 -9999 -9999 -9999 -9999 -9999 -9999 -9999 16.8076883554459 16.8076883554459 17.2800582647324 17.2800582647324 17.2800582647324 17.2800582647324 17.2800582647324 17.2800582647324 17.6762474179268 17.6762474179268 17.6762474179268 17.6762474179268 17.6762474179268 17.6762474179268 18.3512119054794 18.3512119054794 18.3512119054794 18.3512119054794 18.3512119054794 18.3512119054794 18.9694800376892 18.9694800376892 18.9694800376892 18.9694800376892 18.9694800376892 18.9694800376892 19.5677870512009 19.5677870512009 19.5677870512009 19.5677870512009
-9999 -9999 -9999 -9999 -9999 -9999 -9999 -9999 -9999 -9999 -9999 -9999 -9999 -9999 -9999 -9999 -9999 16.8076883554459 17.2800582647324 17.2800582647324 17.2800582647324 17.2800582647324 17.2800582647324 17.2800582647324 17.6762474179268 17.6762474179268 17.6762474179268 17.6762474179268 17.6762474179268 17.6762474179268 18.3512119054794 18.3512119054794 18.3512119054794 18.3512119054794 18.3512119054794 18.3512119054794 18.9694800376892 18.9694800376892 18.9694800376892 18.9694800376892 18.9694800376892 18.9694800376892 19.5677870512009 19.5677870512009 19.5677870512009 19.5677870512009
-9999 -9999 -9999 -9999 -9999 -9999 -9999 -9999 -9999 -9999 -9999 -9999 -9999 -9999 -9999 16.8076883554459 16.8076883554459 16.8076883554459 17.2800582647324 17.2800582647324 17.2800582647324 17.2800582647324 17.2800582647324 17.2800582647324 17.6762474179268 17.6762474179268 17.6762474179268 17.6762474179268 17.6762474179268 17.6762474179268 18.3512119054794 18.3512119054794 18.3512119054794 18.3512119054794 18.3512119054794 18.3512119054794 18.9694800376892 18.9694800376892 18.9694800376892 18.9694800376892 18.9694800376892 18.9694800376892 19.5677870512009 19.5677870512009 19.5677870512009 19.5677870512009
-9999 -9999 -9999 -9999 -9999 -9999 -9999 -9999 -9999 -9999 -9999 -9999 -9999 -9999 -9999 16.4994561672211 16.4994561672211 16.4994561672211 16.9690323472023 16.9690323472023 16.9690323472023 16.9690323472023 16.9690323472023 16.9690323472023 17.4314134120941 17.4314134120941 17.4314134120941 17.4314134120941 17.4314134120941 17.4314134120941 17.6592299938202 17.6592299938202 17.6592299938202 17.6592299938202 17.6592299938202 17.6592299938202 17.958297431469 17.958297431469 17.958297431469 17.958297431469 17.958297431469 17.958297431469 18.236413359642 18.236413359642 18.236413359642 18.236413359642
-9999 -9999 -9999 -9999 -9999 -9999 -9999 -9999 -9999 -9999 -9999 -9999 -9999 -9999 -9999 16.4994561672211 16.4994561672211 16.4994561672211 16.9690323472023 16.9690323472023 16.9690323472023 16.9690323472023 16.9690323472023 16.9690323472023 17.4314134120941 17.4314134120941 17.4314134120941 17.4314134120941 17.4314134120941 17.4314134120941 17.6592299938202 17.6592299938202 17.6592299938202 17.6592299938202 17.6592299938202 17.6592299938202 17.958297431469 17.958297431469 17.958297431469 17.958297431469 17.958297431469 17.958297431469 18.236413359642 18.236413359642 18.236413359642 18.236413359642
-9999 -9999 -9999 -9999 -9999 -9999 -9999 -9999 -9999 -9999 -9999 -9999 -9999 -9999 -9999 16.4994561672211 16.4994561672211 16.4994561672211 16.9690323472023 16.9690323472023 16.9690323472023 16.9690323472023 16.9690323472023 16.9690323472023 17.4314134120941 17.4314134120941 17.4314134120941 17.4314134120941 17.4314134120941 17.4314134120941 17.6592299938202 17.6592299938202 17.6592299938202 17.6592299938202 17.6592299938202 17.6592299938202 17.958297431469 17.958297431469 17.958297431469 17.958297431469 17.958297431469 17.958297431469 18.236413359642 18.236413359642 18.236413359642 18.236413359642
-9999 -9999 -9999 -9999 -9999 -9999 -9999 -9999 -9999 -9999 -9999 -9999 -9999 -9999 16.4994561672211 16.4994561672211 16.4994561672211 16.4994561672211 16.9690323472023 16.9690323472023 16.9690323472023 16.9690323472023 16.9690323472023 16.9690323472023 17.4314134120941 17.4314134120941 17.4314134120941 17.4314134120941 17.4314134120941 17.4314134120941 17.6592299938202 17.6592299938202 17.6592299938202 17.6592299938202 17.6592299938202 17.6592299938202 17.958297431469 17.958297431469 17.958297431469 17.958297431469 17.958297431469 17.958297431469 18.236413359642 18.236413359642 18.236413359642 18.236413359642
-9999 -9999 -9999 -9999 -9999 -9999 -9999 -9999 -9999 -9999 -9999 16.1303434967995 16.4994561672211 16.4994561672211 16.4994561672211 16.4994561672211 16.4994561672211 16.4994561672211 16.9690323472023 16.9690323472023 16.9690323472023 16.9690323472023 16.9690323472023 16.9690323472023 17.4314134120941 17.4314134120941 17.4314134120941 17.4314134120941 17.4314134120941 17.4314134120941 17.6592299938202 17.6592299938202 17.6592299938202 17.6592299938202 17.6592299938202 17.6592299938202 17.958297431469 17.958297431469 17.958297431469 17.958297431469 17.958297431469 17.958297431469 18.236413359642 18.236413359642 18.236413359642 18.236413359642
-9999 -9999 -9999 -9999 -9999 -9999 -9999 -9999 -9999 -9999 16.1303434967995 16.1303434967995 16.4994561672211 16.4994561672211 16.4994561672211 16.4994561672211 16.4994561672211 16.4994561672211 16.9690323472023 16.9690323472023 16.9690323472023 16.9690323472023 16.9690323472023 16.9690323472023 17.4314134120941 17.4314134120941 17.4314134120941 17.4314134120941 17.4314134120941 17.4314134120941 17.6592299938202 17.6592299938202 17.6592299938202 17.6592299938202 17.6592299938202 17.6592299938202 17.958297431469 17.958297431469 17.958297431469 17.958297431469 17.958297431469 17.958297431469 18.236413359642 18.236413359642 18.236413359642 18.236413359642
-9999 -9999 -9999 -9999 -9999 -9999 -9999 -9999 -9999 -9999 16.1662349402905 16.1662349402905 16.5734187364578 16.5734187364578 16.5734187364578 16.5734187364578 16.5734187364578 16.5734187364578 16.801912009716 16.801912009716 16.801912009716 16.801912009716 16.801912009716 16.801912009716 17.0250497460365 17.0250497460365 17.0250497460365 17.0250497460365 17.0250497460365 17.0250497460365 17.1430831551552 17.1430831551552 17.1430831551552 17.1430831551552 17.1430831551552 17.1430831551552 17.2588006854057 17.2588006854057 17.2588006854057 17.2588006854057 17.2588006854057 17.2588006854057 17.427528232336 17.427528232336 17.427528232336 17.427528232336
-9999 -9999 -9999 -9999 -9999 -9999 -9999 -9999 -9999 16.1662349402905 16.1662349402905 16.1662349402905 16.5734187364578 16.5734187364578 16.5734187364578 16.5734187364578 16.5734187364578 16.5734187364578 16.801912009716 16.801912009716 16.801912009716 16.801912009716 16.801912009716 16.801912009716 17.0250497460365 17.0250497460365 17.0250497460365 17.0250497460365 17.0250497460365 17.0250497460365 17.1430831551552 17.1430831551552 17.1430831551552 17.1430831551552 17.1430831551552 17.1430831551552 17.2588006854057 17.2588006854057 17.2588006854057 17.2588006854057 17.2588006854057 17.2588006854057 17.427528232336 17.427528232336 17.427528232336 17.427528232336
-9999 -9999 -9999 -9999 -9999 -9999 -9999 -9999 -9999 16.1662349402905 16.1662349402905 16.1662349402905 16.5734187364578 16.5734187364578 16.5734187364578 16.5734187364578 16.5734187364578 16.5734187364578 16.801912009716 16.801912009716 16.801912009716 16.801912009716 16.801912009716 16.801912009716 17.0250497460365 17.0250497460365 17.0250497460365 17.0250497460365 17.0250497460365 17.0250497460365 17.1430831551552 17.1430831551552 17.1430831551552 17.1430831551552 17.1430831551552 17.1430831551552 17.2588006854057 17.2588006854057 17.2588006854057 17.2588006854057 17.2588006854057 17.2588006854057 17.427528232336 17.427528232336 17.427528232336 17.427528232336
-9999 -9999 -9999 -9999 -9999 -9999 16.1662349402905 16.1662349402905 16.1662349402905 16.1662349402905 16.1662349402905 16.1662349402905 16.5734187364578 16.5734187364578 16.5734187364578 16.5734187364578 16.5734187364578 16.5734187364578 16.801912009716 16.801912009716 16.801912009716 16.801912009716 16.801912009716 16.801912009716 17.0250497460365 17.0250497460365 17.0250497460365 17.0250497460365 17.0250497460365 17.0250497460365 17.1430831551552 17.1430831551552 17.1430831551552 17.1430831551552 17.1430831551552 17.1430831551552 17.2588006854057 17.2588006854057 17.2588006854057 17.2588006854057 17.2588006854057 17.2588006854057 17.427528232336 17.427528232336 17.427528232336 17.427528232336
-9999 -9999 -9999 -9999 -9999 -9999 16.1662349402905 16.1662349402905 16.1662349402905 16.1662349402905 16.1662349402905 16.1662349402905 16.5734187364578 16.5734187364578 16.5734187364578 16.5734187364578 16.5734187364578 16.5734187364578 16.801912009716 16.801912009716 16.801912009716 16.801912009716 16.801912009716 16.801912009716 17.0250497460365 17.0250497460365 17.0250497460365 17.0250497460365 17.0250497460365 17.0250497460365 17.1430831551552 17.1430831551552 17.1430831551552 17.1430831551552 17.1430831551552 17.1430831551552 17.2588006854057 17.2588006854057 17.2588006854057 17.2588006854057 17.2588006854057 17.2588006854057 17.427528232336 17.427528232336 17.427528232336 17.427528232336
-9999 -9999 -9999 -9999 -9999 15.5997561514378 16.1662349402905 16.1662349402905 16.1662349402905 16.1662349402905 16.1662349402905 16.1662349402905 16.5734187364578 16.5734187364578 16.5734187364578 16.5734187364578 16.5734187364578 16.5734187364578 16.801912009716 16.801912009716 16.801912009716 16.801912009716 16.801912009716 16.801912009716 17.0250497460365 17.0250497460365 17.0250497460365 17.0250497460365 17.0250497460365 17.0250497460365 17.1430831551552 17.1430831551552 17.1430831551552 17.1430831551552 17.1430831551552 17.1430831551552 17.2588006854057 17.2588006854057 17.2588006854057 17.2588006854057 17.2588006854057 17.2588006854057 17.427528232336 17.427528232336 17.427528232336 17.427528232336
-9999 -9999 15.8456090092659 15.8456090092659 15.8456090092659 15.8456090092659 16.4203098118305 16.4203098118305 16.4203098118305 16.4203098118305 16.4203098118305 16.4203098118305 16.8162016570568 16.8162016570568 16.8162016570568 16.8162016570568 16.8162016570568 16.8162016570568 17.1281293034554 17.1281293034554 17.1281293034554 17.1281293034554 17.1281293034554 17.1281293034554 17.2945566177368 17.2945566177368 17.2945566177368 17.2945566177368 17.2945566177368 17.2945566177368 17.4767205715179 17.4767205715179 17.4767205715179 17.4767205715179 17.4767205715179 17.4767205715179 17.6625056862831 17.6625056862831 17.6625056862831 17.6625056862831 17.6625056862831 17.6625056862831 17.9506655931473 17.9506655931473 17.9506655931473 17.9506655931473
-9999 15.8456090092659 15.8456090092659 15.8456090092659 15.8456090092659 15.8456090092659 16.4203098118305 16.4203098118305 16.4203098118305 16.4203098118305 16.4203098118305 16.4203098118305 16.8162016570568 16.8162016570568 16.8162016570568 16.8162016570568 16.8162016570568 16.8162016570568 17.1281293034554 17.1281293034554 17.1281293034554 17.1281293034554 17.1281293034554 17.1281293034554 17.2945566177368 17.2945566177368 17.2945566177368 17.2945566177368 17.2945566177368 17.2945566177368 17.4767205715179 17.4767205715179 17.4767205715179 17.4767205715179 17.4767205715179 17.4767205715179 17.6625056862831 17.6625056862831 17.6625056862831 17.6625056862831 17.6625056862831 17.6625056862831 17.9506655931473 17.9506655931473 17.9506655931473 17.9506655931473
-9999 15.8456090092659 15.8456090092659 15.8456090092659 15.8456090092659 15.8456090092659 16.4203098118305 16.4203098118305 16.4203098118305 16.4203098118305 16.4203098118305 16.4203098118305 16.8162016570568 16.8162016570568 16.8162016570568 16.8162016570568 16.8162016570568 16.8162016570568 17.1281293034554 17.1281293034554 17.1281293034554 17.1281293034554 17.1281293034554 17.1281293034554 17.2945566177368 17.2945566177368 17.2945566177368 17.2945566177368 17.2945566177368 17.2945566177368 17.4767205715179 17.4767205715179 17.4767205715179 17.4767205715179 17.4767205715179 17.4767205715179 17.6625056862831 17.6625056862831 17.6625056862831 17.6625056862831 17.6625056862831 17.6625056862831 17.9506655931473 17.9506655931473 17.9506655931473 17.9506655931473
