Archive - glowpa-model-master/Model input/Uganda/SWradiation/SWdown_mean_dec_1.asc
NCOLS 67 
NROWS 67 
XLLCORNER 29.5000000014144 
YLLCORNER -1.49999999936061 
CELLSIZE 0.0833333332926796 
NODATA_value -9999 
[rows 20 to 39 of 67, columns 0 to 45 of 67]
-9999 -9999 -9999 -9999 -9999 -9999 -9999 -9999 -9999 -9999 -9999 -9999 -9999 -9999 -9999 18.1985021829605 18.1985021829605 18.1985021829605 18.5402350127697 18.5402350127697 18.5402350127697 18.5402350127697 18.5402350127697 18.5402350127697 18.9447841644287 18.9447841644287 18.9447841644287 18.9447841644287 18.9447841644287 18.9447841644287 19.4504294395447 19.4504294395447 19.4504294395447 19.4504294395447 19.4504294395447 19.4504294395447 19.9600022435188 19.9600022435188 19.9600022435188 19.9600022435188 19.9600022435188 19.9600022435188 20.2632974982262 20.2632974982262 20.2632974982262 20.2632974982262
-9999 -9999 -9999 -9999 -9999 -9999 -9999 -9999 -9999 -9999 -9999 -9999 -9999 -9999 -9999 18.1985021829605 18.1985021829605 18.1985021829605 18.5402350127697 18.5402350127697 18.5402350127697 18.5402350127697 18.5402350127697 18.5402350127697 18.9447841644287 18.9447841644287 18.9447841644287 18.9447841644287 18.9447841644287 18.9447841644287 19.4504294395447 19.4504294395447 19.4504294395447 19.4504294395447 19.4504294395447 19.4504294395447 19.9600022435188 19.9600022435188 19.9600022435188 19.9600022435188 19.9600022435188 19.9600022435188 20.2632974982262 20.2632974982262 20.2632974982262 20.2632974982262
-9999 -9999 -9999 -9999 -9999 -9999 -9999 -9999 -9999 -9999 -9999 -9999 -9999 -9999 -9999 -9999 18.1985021829605 18.1985021829605 18.5402350127697 18.5402350127697 18.5402350127697 18.5402350127697 18.5402350127697 18.5402350127697 18.9447841644287 18.9447841644287 18.9447841644287 18.9447841644287 18.9447841644287 18.9447841644287 19.4504294395447 19.4504294395447 19.4504294395447 19.4504294395447 19.4504294395447 19.4504294395447 19.9600022435188 19.9600022435188 19.9600022435188 19.9600022435188 19.9600022435188 19.9600022435188 20.2632974982262 20.2632974982262 20.2632974982262 20.2632974982262
-9999 -9999 -9999 -9999 -9999 -9999 -9999 -9999 -9999 -9999 -9999 -9999 -9999 -9999 -9999 -9999 -9999 18.1985021829605 18.5402350127697 18.5402350127697 18.5402350127697 18.5402350127697 18.5402350127697 18.5402350127697 18.9447841644287 18.9447841644287 18.9447841644287 18.9447841644287 18.9447841644287 18.9447841644287 19.4504294395447 19.4504294395447 19.4504294395447 19.4504294395447 19.4504294395447 19.4504294395447 19.9600022435188 19.9600022435188 19.9600022435188 19.9600022435188 19.9600022435188 19.9600022435188 20.2632974982262 20.2632974982262 20.2632974982262 20.2632974982262
-9999 -9999 -9999 -9999 -9999 -9999 -9999 -9999 -9999 -9999 -9999 -9999 -9999 -9999 -9999 18.1985021829605 18.1985021829605 18.1985021829605 18.5402350127697 18.5402350127697 18.5402350127697 18.5402350127697 18.5402350127697 18.5402350127697 18.9447841644287 18.9447841644287 18.9447841644287 18.9447841644287 18.9447841644287 18.9447841644287 19.4504294395447 19.4504294395447 19.4504294395447 19.4504294395447 19.4504294395447 19.4504294395447 19.9600022435188 19.9600022435188 19.9600022435188 19.9600022435188 19.9600022435188 19.9600022435188 20.2632974982262 20.2632974982262 20.2632974982262 20.2632974982262
-9999 -9999 -9999 -9999 -9999 -9999 -9999 -9999 -9999 -9999 -9999 -9999 -9999 -9999 -9999 17.8047376275063 17.8047376275063 17.8047376275063 18.2046039104462 18.2046039104462 18.2046039104462 18.2046039104462 18.2046039104462 18.2046039104462 18.5804779529572 18.5804779529572 18.5804779529572 18.5804779529572 18.5804779529572 18.5804779529572 18.9011482596397 18.9011482596397 18.9011482596397 18.9011482596397 18.9011482596397 18.9011482596397 19.2280665040016 19.2280665040016 19.2280665040016 19.2280665040016 19.2280665040016 19.2280665040016 19.406077504158 19.406077504158 19.406077504158 19.406077504158
-9999 -9999 -9999 -9999 -9999 -9999 -9999 -9999 -9999 -9999 -9999 -9999 -9999 -9999 -9999 17.8047376275063 17.8047376275063 17.8047376275063 18.2046039104462 18.2046039104462 18.2046039104462 18.2046039104462 18.2046039104462 18.2046039104462 18.5804779529572 18.5804779529572 18.5804779529572 18.5804779529572 18.5804779529572 18.5804779529572 18.9011482596397 18.9011482596397 18.9011482596397 18.9011482596397 18.9011482596397 18.9011482596397 19.2280665040016 19.2280665040016 19.2280665040016 19.2280665040016 19.2280665040016 19.2280665040016 19.406077504158 19.406077504158 19.406077504158 19.406077504158
-9999 -9999 -9999 -9999 -9999 -9999 -9999 -9999 -9999 -9999 -9999 -9999 -9999 -9999 -9999 17.8047376275063 17.8047376275063 17.8047376275063 18.2046039104462 18.2046039104462 18.2046039104462 18.2046039104462 18.2046039104462 18.2046039104462 18.5804779529572 18.5804779529572 18.5804779529572 18.5804779529572 18.5804779529572 18.5804779529572 18.9011482596397 18.9011482596397 18.9011482596397 18.9011482596397 18.9011482596397 18.9011482596397 19.2280665040016 19.2280665040016 19.2280665040016 19.2280665040016 19.2280665040016 19.2280665040016 19.406077504158 19.406077504158 19.406077504158 19.406077504158
-9999 -9999 -9999 -9999 -9999 -9999 -9999 -9999 -9999 -9999 -9999 -9999 -9999 -9999 17.8047376275063 17.8047376275063 17.8047376275063 17.8047376275063 18.2046039104462 18.2046039104462 18.2046039104462 18.2046039104462 18.2046039104462 18.2046039104462 18.5804779529572 18.5804779529572 18.5804779529572 18.5804779529572 18.5804779529572 18.5804779529572 18.9011482596397 18.9011482596397 18.9011482596397 18.9011482596397 18.9011482596397 18.9011482596397 19.2280665040016 19.2280665040016 19.2280665040016 19.2280665040016 19.2280665040016 19.2280665040016 19.406077504158 19.406077504158 19.406077504158 19.406077504158
-9999 -9999 -9999 -9999 -9999 -9999 -9999 -9999 -9999 -9999 -9999 17.1977298855782 17.8047376275063 17.8047376275063 17.8047376275063 17.8047376275063 17.8047376275063 17.8047376275063 18.2046039104462 18.2046039104462 18.2046039104462 18.2046039104462 18.2046039104462 18.2046039104462 18.5804779529572 18.5804779529572 18.5804779529572 18.5804779529572 18.5804779529572 18.5804779529572 18.9011482596397 18.9011482596397 18.9011482596397 18.9011482596397 18.9011482596397 18.9011482596397 19.2280665040016 19.2280665040016 19.2280665040016 19.2280665040016 19.2280665040016 19.2280665040016 19.406077504158 19.406077504158 19.406077504158 19.406077504158
-9999 -9999 -9999 -9999 -9999 -9999 -9999 -9999 -9999 -9999 17.1977298855782 17.1977298855782 17.8047376275063 17.8047376275063 17.8047376275063 17.8047376275063 17.8047376275063 17.8047376275063 18.2046039104462 18.2046039104462 18.2046039104462 18.2046039104462 18.2046039104462 18.2046039104462 18.5804779529572 18.5804779529572 18.5804779529572 18.5804779529572 18.5804779529572 18.5804779529572 18.9011482596397 18.9011482596397 18.9011482596397 18.9011482596397 18.9011482596397 18.9011482596397 19.2280665040016 19.2280665040016 19.2280665040016 19.2280665040016 19.2280665040016 19.2280665040016 19.406077504158 19.406077504158 19.406077504158 19.406077504158
-9999 -9999 -9999 -9999 -9999 -9999 -9999 -9999 -9999 -9999 16.9296046197414 16.9296046197414 17.5866363048553 17.5866363048553 17.5866363048553 17.5866363048553 17.5866363048553 17.5866363048553 17.8981708288193 17.8981708288193 17.8981708288193 17.8981708288193 17.8981708288193 17.8981708288193 18.0700109004974 18.0700109004974 18.0700109004974 18.0700109004974 18.0700109004974 18.0700109004974 18.3333247005939 18.3333247005939 18.3333247005939 18.3333247005939 18.3333247005939 18.3333247005939 18.5480024814606 18.5480024814606 18.5480024814606 18.5480024814606 18.5480024814606 18.5480024814606 18.6646031439304 18.6646031439304 18.6646031439304 18.6646031439304
-9999 -9999 -9999 -9999 -9999 -9999 -9999 -9999 -9999 16.9296046197414 16.9296046197414 16.9296046197414 17.5866363048553 17.5866363048553 17.5866363048553 17.5866363048553 17.5866363048553 17.5866363048553 17.8981708288193 17.8981708288193 17.8981708288193 17.8981708288193 17.8981708288193 17.8981708288193 18.0700109004974 18.0700109004974 18.0700109004974 18.0700109004974 18.0700109004974 18.0700109004974 18.3333247005939 18.3333247005939 18.3333247005939 18.3333247005939 18.3333247005939 18.3333247005939 18.5480024814606 18.5480024814606 18.5480024814606 18.5480024814606 18.5480024814606 18.5480024814606 18.6646031439304 18.6646031439304 18.6646031439304 18.6646031439304
-9999 -9999 -9999 -9999 -9999 -9999 -9999 -9999 -9999 16.9296046197414 16.9296046197414 16.9296046197414 17.5866363048553 17.5866363048553 17.5866363048553 17.5866363048553 17.5866363048553 17.5866363048553 17.8981708288193 17.8981708288193 17.8981708288193 17.8981708288193 17.8981708288193 17.8981708288193 18.0700109004974 18.0700109004974 18.0700109004974 18.0700109004974 18.0700109004974 18.0700109004974 18.3333247005939 18.3333247005939 18.3333247005939 18.3333247005939 18.3333247005939 18.3333247005939 18.5480024814606 18.5480024814606 18.5480024814606 18.5480024814606 18.5480024814606 18.5480024814606 18.6646031439304 18.6646031439304 18.6646031439304 18.6646031439304
-9999 -9999 -9999 -9999 -9999 -9999 16.9296046197414 16.9296046197414 16.9296046197414 16.9296046197414 16.9296046197414 16.9296046197414 17.5866363048553 17.5866363048553 17.5866363048553 17.5866363048553 17.5866363048553 17.5866363048553 17.8981708288193 17.8981708288193 17.8981708288193 17.8981708288193 17.8981708288193 17.8981708288193 18.0700109004974 18.0700109004974 18.0700109004974 18.0700109004974 18.0700109004974 18.0700109004974 18.3333247005939 18.3333247005939 18.3333247005939 18.3333247005939 18.3333247005939 18.3333247005939 18.5480024814606 18.5480024814606 18.5480024814606 18.5480024814606 18.5480024814606 18.5480024814606 18.6646031439304 18.6646031439304 18.6646031439304 18.6646031439304
-9999 -9999 -9999 -9999 -9999 -9999 16.9296046197414 16.9296046197414 16.9296046197414 16.9296046197414 16.9296046197414 16.9296046197414 17.5866363048553 17.5866363048553 17.5866363048553 17.5866363048553 17.5866363048553 17.5866363048553 17.8981708288193 17.8981708288193 17.8981708288193 17.8981708288193 17.8981708288193 17.8981708288193 18.0700109004974 18.0700109004974 18.0700109004974 18.0700109004974 18.0700109004974 18.0700109004974 18.3333247005939 18.3333247005939 18.3333247005939 18.3333247005939 18.3333247005939 18.3333247005939 18.5480024814606 18.5480024814606 18.5480024814606 18.5480024814606 18.5480024814606 18.5480024814606 18.6646031439304 18.6646031439304 18.6646031439304 18.6646031439304
-9999 -9999 -9999 -9999 -9999 16.4430061578751 16.9296046197414 16.9296046197414 16.9296046197414 16.9296046197414 16.9296046197414 16.9296046197414 17.5866363048553 17.5866363048553 17.5866363048553 17.5866363048553 17.5866363048553 17.5866363048553 17.8981708288193 17.8981708288193 17.8981708288193 17.8981708288193 17.8981708288193 17.8981708288193 18.0700109004974 18.0700109004974 18.0700109004974 18.0700109004974 18.0700109004974 18.0700109004974 18.3333247005939 18.3333247005939 18.3333247005939 18.3333247005939 18.3333247005939 18.3333247005939 18.5480024814606 18.5480024814606 18.5480024814606 18.5480024814606 18.5480024814606 18.5480024814606 18.6646031439304 18.6646031439304 18.6646031439304 18.6646031439304
-9999 -9999 16.5239115059376 16.5239115059376 16.5239115059376 16.5239115059376 16.8928405940533 16.8928405940533 16.8928405940533 16.8928405940533 16.8928405940533 16.8928405940533 17.4212100207806 17.4212100207806 17.4212100207806 17.4212100207806 17.4212100207806 17.4212100207806 17.6072580218315 17.6072580218315 17.6072580218315 17.6072580218315 17.6072580218315 17.6072580218315 17.7545944750309 17.7545944750309 17.7545944750309 17.7545944750309 17.7545944750309 17.7545944750309 17.9959500432014 17.9959500432014 17.9959500432014 17.9959500432014 17.9959500432014 17.9959500432014 18.2277617454529 18.2277617454529 18.2277617454529 18.2277617454529 18.2277617454529 18.2277617454529 18.2216295301914 18.2216295301914 18.2216295301914 18.2216295301914
-9999 16.5239115059376 16.5239115059376 16.5239115059376 16.5239115059376 16.5239115059376 16.8928405940533 16.8928405940533 16.8928405940533 16.8928405940533 16.8928405940533 16.8928405940533 17.4212100207806 17.4212100207806 17.4212100207806 17.4212100207806 17.4212100207806 17.4212100207806 17.6072580218315 17.6072580218315 17.6072580218315 17.6072580218315 17.6072580218315 17.6072580218315 17.7545944750309 17.7545944750309 17.7545944750309 17.7545944750309 17.7545944750309 17.7545944750309 17.9959500432014 17.9959500432014 17.9959500432014 17.9959500432014 17.9959500432014 17.9959500432014 18.2277617454529 18.2277617454529 18.2277617454529 18.2277617454529 18.2277617454529 18.2277617454529 18.2216295301914 18.2216295301914 18.2216295301914 18.2216295301914
-9999 16.5239115059376 16.5239115059376 16.5239115059376 16.5239115059376 16.5239115059376 16.8928405940533 16.8928405940533 16.8928405940533 16.8928405940533 16.8928405940533 16.8928405940533 17.4212100207806 17.4212100207806 17.4212100207806 17.4212100207806 17.4212100207806 17.4212100207806 17.6072580218315 17.6072580218315 17.6072580218315 17.6072580218315 17.6072580218315 17.6072580218315 17.7545944750309 17.7545944750309 17.7545944750309 17.7545944750309 17.7545944750309 17.7545944750309 17.9959500432014 17.9959500432014 17.9959500432014 17.9959500432014 17.9959500432014 17.9959500432014 18.2277617454529 18.2277617454529 18.2277617454529 18.2277617454529 18.2277617454529 18.2277617454529 18.2216295301914 18.2216295301914 18.2216295301914 18.2216295301914
