Archive - glowpa-model-master/Model input/Uganda/SWradiation/SWdown_mean_nov_1.asc
NCOLS 67 
NROWS 67 
XLLCORNER 29.5000000014144 
YLLCORNER -1.49999999936061 
CELLSIZE 0.0833333332926796 
NODATA_value -9999 
[rows 20 to 39 of 67, columns 0 to 45 of 67]
-9999 -9999 -9999 -9999 -9999 -9999 -9999 -9999 -9999 -9999 -9999 -9999 -9999 -9999 -9999 17.042346149683 17.042346149683 17.042346149683 17.5371033251286 17.5371033251286 17.5371033251286 17.5371033251286 17.5371033251286 17.5371033251286 17.9808813035488 17.9808813035488 17.9808813035488 17.9808813035488 17.9808813035488 17.9808813035488 18.5899278223515 18.5899278223515 18.5899278223515 18.5899278223515 18.5899278223515 18.5899278223515 18.9675920903683 18.9675920903683 18.9675920903683 18.9675920903683 18.9675920903683 18.9675920903683 19.4249749481678 19.4249749481678 19.4249749481678 19.4249749481678
-9999 -9999 -9999 -9999 -9999 -9999 -9999 -9999 -9999 -9999 -9999 -9999 -9999 -9999 -9999 17.042346149683 17.042346149683 17.042346149683 17.5371033251286 17.5371033251286 17.5371033251286 17.5371033251286 17.5371033251286 17.5371033251286 17.9808813035488 17.9808813035488 17.9808813035488 17.9808813035488 17.9808813035488 17.9808813035488 18.5899278223515 18.5899278223515 18.5899278223515 18.5899278223515 18.5899278223515 18.5899278223515 18.9675920903683 18.9675920903683 18.9675920903683 18.9675920903683 18.9675920903683 18.9675920903683 19.4249749481678 19.4249749481678 19.4249749481678 19.4249749481678
-9999 -9999 -9999 -9999 -9999 -9999 -9999 -9999 -9999 -9999 -9999 -9999 -9999 -9999 -9999 -9999 17.042346149683 17.042346149683 17.5371033251286 17.5371033251286 17.5371033251286 17.5371033251286 17.5371033251286 17.5371033251286 17.9808813035488 17.9808813035488 17.9808813035488 17.9808813035488 17.9808813035488 17.9808813035488 18.5899278223515 18.5899278223515 18.5899278223515 18.5899278223515 18.5899278223515 18.5899278223515 18.9675920903683 18.9675920903683 18.9675920903683 18.9675920903683 18.9675920903683 18.9675920903683 19.4249749481678 19.4249749481678 19.4249749481678 19.4249749481678
-9999 -9999 -9999 -9999 -9999 -9999 -9999 -9999 -9999 -9999 -9999 -9999 -9999 -9999 -9999 -9999 -9999 17.042346149683 17.5371033251286 17.5371033251286 17.5371033251286 17.5371033251286 17.5371033251286 17.5371033251286 17.9808813035488 17.9808813035488 17.9808813035488 17.9808813035488 17.9808813035488 17.9808813035488 18.5899278223515 18.5899278223515 18.5899278223515 18.5899278223515 18.5899278223515 18.5899278223515 18.9675920903683 18.9675920903683 18.9675920903683 18.9675920903683 18.9675920903683 18.9675920903683 19.4249749481678 19.4249749481678 19.4249749481678 19.4249749481678
-9999 -9999 -9999 -9999 -9999 -9999 -9999 -9999 -9999 -9999 -9999 -9999 -9999 -9999 -9999 17.042346149683 17.042346149683 17.042346149683 17.5371033251286 17.5371033251286 17.5371033251286 17.5371033251286 17.5371033251286 17.5371033251286 17.9808813035488 17.9808813035488 17.9808813035488 17.9808813035488 17.9808813035488 17.9808813035488 18.5899278223515 18.5899278223515 18.5899278223515 18.5899278223515 18.5899278223515 18.5899278223515 18.9675920903683 18.9675920903683 18.9675920903683 18.9675920903683 18.9675920903683 18.9675920903683 19.4249749481678 19.4249749481678 19.4249749481678 19.4249749481678
-9999 -9999 -9999 -9999 -9999 -9999 -9999 -9999 -9999 -9999 -9999 -9999 -9999 -9999 -9999 16.4705285727978 16.4705285727978 16.4705285727978 17.0036476552486 17.0036476552486 17.0036476552486 17.0036476552486 17.0036476552486 17.0036476552486 17.5196049511433 17.5196049511433 17.5196049511433 17.5196049511433 17.5196049511433 17.5196049511433 17.7535200417042 17.7535200417042 17.7535200417042 17.7535200417042 17.7535200417042 17.7535200417042 18.0814653038979 18.0814653038979 18.0814653038979 18.0814653038979 18.0814653038979 18.0814653038979 18.0926646590233 18.0926646590233 18.0926646590233 18.0926646590233
-9999 -9999 -9999 -9999 -9999 -9999 -9999 -9999 -9999 -9999 -9999 -9999 -9999 -9999 -9999 16.4705285727978 16.4705285727978 16.4705285727978 17.0036476552486 17.0036476552486 17.0036476552486 17.0036476552486 17.0036476552486 17.0036476552486 17.5196049511433 17.5196049511433 17.5196049511433 17.5196049511433 17.5196049511433 17.5196049511433 17.7535200417042 17.7535200417042 17.7535200417042 17.7535200417042 17.7535200417042 17.7535200417042 18.0814653038979 18.0814653038979 18.0814653038979 18.0814653038979 18.0814653038979 18.0814653038979 18.0926646590233 18.0926646590233 18.0926646590233 18.0926646590233
-9999 -9999 -9999 -9999 -9999 -9999 -9999 -9999 -9999 -9999 -9999 -9999 -9999 -9999 -9999 16.4705285727978 16.4705285727978 16.4705285727978 17.0036476552486 17.0036476552486 17.0036476552486 17.0036476552486 17.0036476552486 17.0036476552486 17.5196049511433 17.5196049511433 17.5196049511433 17.5196049511433 17.5196049511433 17.5196049511433 17.7535200417042 17.7535200417042 17.7535200417042 17.7535200417042 17.7535200417042 17.7535200417042 18.0814653038979 18.0814653038979 18.0814653038979 18.0814653038979 18.0814653038979 18.0814653038979 18.0926646590233 18.0926646590233 18.0926646590233 18.0926646590233
-9999 -9999 -9999 -9999 -9999 -9999 -9999 -9999 -9999 -9999 -9999 -9999 -9999 -9999 16.4705285727978 16.4705285727978 16.4705285727978 16.4705285727978 17.0036476552486 17.0036476552486 17.0036476552486 17.0036476552486 17.0036476552486 17.0036476552486 17.5196049511433 17.5196049511433 17.5196049511433 17.5196049511433 17.5196049511433 17.5196049511433 17.7535200417042 17.7535200417042 17.7535200417042 17.7535200417042 17.7535200417042 17.7535200417042 18.0814653038979 18.0814653038979 18.0814653038979 18.0814653038979 18.0814653038979 18.0814653038979 18.0926646590233 18.0926646590233 18.0926646590233 18.0926646590233
-9999 -9999 -9999 -9999 -9999 -9999 -9999 -9999 -9999 -9999 -9999 15.9526826739311 16.4705285727978 16.4705285727978 16.4705285727978 16.4705285727978 16.4705285727978 16.4705285727978 17.0036476552486 17.0036476552486 17.0036476552486 17.0036476552486 17.0036476552486 17.0036476552486 17.5196049511433 17.5196049511433 17.5196049511433 17.5196049511433 17.5196049511433 17.5196049511433 17.7535200417042 17.7535200417042 17.7535200417042 17.7535200417042 17.7535200417042 17.7535200417042 18.0814653038979 18.0814653038979 18.0814653038979 18.0814653038979 18.0814653038979 18.0814653038979 18.0926646590233 18.0926646590233 18.0926646590233 18.0926646590233
-9999 -9999 -9999 -9999 -9999 -9999 -9999 -9999 -9999 -9999 15.9526826739311 15.9526826739311 16.4705285727978 16.4705285727978 16.4705285727978 16.4705285727978 16.4705285727978 16.4705285727978 17.0036476552486 17.0036476552486 17.0036476552486 17.0036476552486 17.0036476552486 17.0036476552486 17.5196049511433 17.5196049511433 17.5196049511433 17.5196049511433 17.5196049511433 17.5196049511433 17.7535200417042 17.7535200417042 17.7535200417042 17.7535200417042 17.7535200417042 17.7535200417042 18.0814653038979 18.0814653038979 18.0814653038979 18.0814653038979 18.0814653038979 18.0814653038979 18.0926646590233 18.0926646590233 18.0926646590233 18.0926646590233
-9999 -9999 -9999 -9999 -9999 -9999 -9999 -9999 -9999 -9999 15.8361742794514 15.8361742794514 16.2996837198734 16.2996837198734 16.2996837198734 16.2996837198734 16.2996837198734 16.2996837198734 16.6259469091892 16.6259469091892 16.6259469091892 16.6259469091892 16.6259469091892 16.6259469091892 16.8780153393745 16.8780153393745 16.8780153393745 16.8780153393745 16.8780153393745 16.8780153393745 17.0365858972073 17.0365858972073 17.0365858972073 17.0365858972073 17.0365858972073 17.0365858972073 17.1632794439793 17.1632794439793 17.1632794439793 17.1632794439793 17.1632794439793 17.1632794439793 17.1970650851727 17.1970650851727 17.1970650851727 17.1970650851727
-9999 -9999 -9999 -9999 -9999 -9999 -9999 -9999 -9999 15.8361742794514 15.8361742794514 15.8361742794514 16.2996837198734 16.2996837198734 16.2996837198734 16.2996837198734 16.2996837198734 16.2996837198734 16.6259469091892 16.6259469091892 16.6259469091892 16.6259469091892 16.6259469091892 16.6259469091892 16.8780153393745 16.8780153393745 16.8780153393745 16.8780153393745 16.8780153393745 16.8780153393745 17.0365858972073 17.0365858972073 17.0365858972073 17.0365858972073 17.0365858972073 17.0365858972073 17.1632794439793 17.1632794439793 17.1632794439793 17.1632794439793 17.1632794439793 17.1632794439793 17.1970650851727 17.1970650851727 17.1970650851727 17.1970650851727
-9999 -9999 -9999 -9999 -9999 -9999 -9999 -9999 -9999 15.8361742794514 15.8361742794514 15.8361742794514 16.2996837198734 16.2996837198734 16.2996837198734 16.2996837198734 16.2996837198734 16.2996837198734 16.6259469091892 16.6259469091892 16.6259469091892 16.6259469091892 16.6259469091892 16.6259469091892 16.8780153393745 16.8780153393745 16.8780153393745 16.8780153393745 16.8780153393745 16.8780153393745 17.0365858972073 17.0365858972073 17.0365858972073 17.0365858972073 17.0365858972073 17.0365858972073 17.1632794439793 17.1632794439793 17.1632794439793 17.1632794439793 17.1632794439793 17.1632794439793 17.1970650851727 17.1970650851727 17.1970650851727 17.1970650851727
-9999 -9999 -9999 -9999 -9999 -9999 15.8361742794514 15.8361742794514 15.8361742794514 15.8361742794514 15.8361742794514 15.8361742794514 16.2996837198734 16.2996837198734 16.2996837198734 16.2996837198734 16.2996837198734 16.2996837198734 16.6259469091892 16.6259469091892 16.6259469091892 16.6259469091892 16.6259469091892 16.6259469091892 16.8780153393745 16.8780153393745 16.8780153393745 16.8780153393745 16.8780153393745 16.8780153393745 17.0365858972073 17.0365858972073 17.0365858972073 17.0365858972073 17.0365858972073 17.0365858972073 17.1632794439793 17.1632794439793 17.1632794439793 17.1632794439793 17.1632794439793 17.1632794439793 17.1970650851727 17.1970650851727 17.1970650851727 17.1970650851727
-9999 -9999 -9999 -9999 -9999 -9999 15.8361742794514 15.8361742794514 15.8361742794514 15.8361742794514 15.8361742794514 15.8361742794514 16.2996837198734 16.2996837198734 16.2996837198734 16.2996837198734 16.2996837198734 16.2996837198734 16.6259469091892 16.6259469091892 16.6259469091892 16.6259469091892 16.6259469091892 16.6259469091892 16.8780153393745 16.8780153393745 16.8780153393745 16.8780153393745 16.8780153393745 16.8780153393745 17.0365858972073 17.0365858972073 17.0365858972073 17.0365858972073 17.0365858972073 17.0365858972073 17.1632794439793 17.1632794439793 17.1632794439793 17.1632794439793 17.1632794439793 17.1632794439793 17.1970650851727 17.1970650851727 17.1970650851727 17.1970650851727
-9999 -9999 -9999 -9999 -9999 15.1963045299053 15.8361742794514 15.8361742794514 15.8361742794514 15.8361742794514 15.8361742794514 15.8361742794514 16.2996837198734 16.2996837198734 16.2996837198734 16.2996837198734 16.2996837198734 16.2996837198734 16.6259469091892 16.6259469091892 16.6259469091892 16.6259469091892 16.6259469091892 16.6259469091892 16.8780153393745 16.8780153393745 16.8780153393745 16.8780153393745 16.8780153393745 16.8780153393745 17.0365858972073 17.0365858972073 17.0365858972073 17.0365858972073 17.0365858972073 17.0365858972073 17.1632794439793 17.1632794439793 17.1632794439793 17.1632794439793 17.1632794439793 17.1632794439793 17.1970650851727 17.1970650851727 17.1970650851727 17.1970650851727
-9999 -9999 15.2111422717571 15.2111422717571 15.2111422717571 15.2111422717571 15.8789667189121 15.8789667189121 15.8789667189121 15.8789667189121 15.8789667189121 15.8789667189121 16.4769704937935 16.4769704937935 16.4769704937935 16.4769704937935 16.4769704937935 16.4769704937935 16.5009808540344 16.5009808540344 16.5009808540344 16.5009808540344 16.5009808540344 16.5009808540344 16.6541743278503 16.6541743278503 16.6541743278503 16.6541743278503 16.6541743278503 16.6541743278503 16.7943095564842 16.7943095564842 16.7943095564842 16.7943095564842 16.7943095564842 16.7943095564842 16.9525191485882 16.9525191485882 16.9525191485882 16.9525191485882 16.9525191485882 16.9525191485882 17.1430886089802 17.1430886089802 17.1430886089802 17.1430886089802
-9999 15.2111422717571 15.2111422717571 15.2111422717571 15.2111422717571 15.2111422717571 15.8789667189121 15.8789667189121 15.8789667189121 15.8789667189121 15.8789667189121 15.8789667189121 16.4769704937935 16.4769704937935 16.4769704937935 16.4769704937935 16.4769704937935 16.4769704937935 16.5009808540344 16.5009808540344 16.5009808540344 16.5009808540344 16.5009808540344 16.5009808540344 16.6541743278503 16.6541743278503 16.6541743278503 16.6541743278503 16.6541743278503 16.6541743278503 16.7943095564842 16.7943095564842 16.7943095564842 16.7943095564842 16.7943095564842 16.7943095564842 16.9525191485882 16.9525191485882 16.9525191485882 16.9525191485882 16.9525191485882 16.9525191485882 17.1430886089802 17.1430886089802 17.1430886089802 17.1430886089802
-9999 15.2111422717571 15.2111422717571 15.2111422717571 15.2111422717571 15.2111422717571 15.8789667189121 15.8789667189121 15.8789667189121 15.8789667189121 15.8789667189121 15.8789667189121 16.4769704937935 16.4769704937935 16.4769704937935 16.4769704937935 16.4769704937935 16.4769704937935 16.5009808540344 16.5009808540344 16.5009808540344 16.5009808540344 16.5009808540344 16.5009808540344 16.6541743278503 16.6541743278503 16.6541743278503 16.6541743278503 16.6541743278503 16.6541743278503 16.7943095564842 16.7943095564842 16.7943095564842 16.7943095564842 16.7943095564842 16.7943095564842 16.9525191485882 16.9525191485882 16.9525191485882 16.9525191485882 16.9525191485882 16.9525191485882 17.1430886089802 17.1430886089802 17.1430886089802 17.1430886089802
