Archive - glowpa-model-master/Model input/Uganda/SWradiation/SWdown_mean_mar_1.asc
NCOLS 67 
NROWS 67 
XLLCORNER 29.5000000014144 
YLLCORNER -1.49999999936061 
CELLSIZE 0.0833333332926796 
NODATA_value -9999 
[rows 40 to 59 of 67, columns 0 to 45 of 67]
18.2654656767845 18.2654656767845 18.2654656767845 18.2654656767845 18.2654656767845 18.2654656767845 18.6255040764809 18.6255040764809 18.6255040764809 18.6255040764809 18.6255040764809 18.6255040764809 18.846541762352 18.846541762352 18.846541762352 18.846541762352 18.846541762352 18.846541762352 18.850643157959 18.850643157959 18.850643157959 18.850643157959 18.850643157959 18.850643157959 18.9684035778046 18.9684035778046 18.9684035778046 18.9684035778046 18.9684035778046 18.9684035778046 19.0969607830048 19.0969607830048 19.0969607830048 19.0969607830048 19.0969607830048 19.0969607830048 19.1047945618629 19.1047945618629 19.1047945618629 19.1047945618629 19.1047945618629 19.1047945618629 19.2050657570362 19.2050657570362 19.2050657570362 19.2050657570362
18.2654656767845 18.2654656767845 18.2654656767845 18.2654656767845 18.2654656767845 18.2654656767845 18.6255040764809 18.6255040764809 18.6255040764809 18.6255040764809 18.6255040764809 18.6255040764809 18.846541762352 18.846541762352 18.846541762352 18.846541762352 18.846541762352 18.846541762352 18.850643157959 18.850643157959 18.850643157959 18.850643157959 18.850643157959 18.850643157959 18.9684035778046 18.9684035778046 18.9684035778046 18.9684035778046 18.9684035778046 18.9684035778046 19.0969607830048 19.0969607830048 19.0969607830048 19.0969607830048 19.0969607830048 19.0969607830048 19.1047945618629 19.1047945618629 19.1047945618629 19.1047945618629 19.1047945618629 19.1047945618629 19.2050657570362 19.2050657570362 19.2050657570362 19.2050657570362
18.2654656767845 18.2654656767845 18.2654656767845 18.2654656767845 18.2654656767845 18.2654656767845 18.6255040764809 18.6255040764809 18.6255040764809 18.6255040764809 18.6255040764809 18.6255040764809 18.846541762352 18.846541762352 18.846541762352 18.846541762352 18.846541762352 18.846541762352 18.850643157959 18.850643157959 18.850643157959 18.850643157959 18.850643157959 18.850643157959 18.9684035778046 18.9684035778046 18.9684035778046 18.9684035778046 18.9684035778046 18.9684035778046 19.0969607830048 19.0969607830048 19.0969607830048 19.0969607830048 19.0969607830048 19.0969607830048 19.1047945618629 19.1047945618629 19.1047945618629 19.1047945618629 19.1047945618629 19.1047945618629 19.2050657570362 19.2050657570362 19.2050657570362 19.2050657570362
18.2849770188332 18.2849770188332 18.2849770188332 18.2849770188332 18.2849770188332 18.2849770188332 18.4801946878433 18.4801946878433 18.4801946878433 18.4801946878433 18.4801946878433 18.4801946878433 18.6418821811676 18.6418821811676 18.6418821811676 18.6418821811676 18.6418821811676 18.6418821811676 18.7081586122513 18.7081586122513 18.7081586122513 18.7081586122513 18.7081586122513 18.7081586122513 18.7939371466637 18.7939371466637 18.7939371466637 18.7939371466637 18.7939371466637 18.7939371466637 18.7959398031235 18.7959398031235 18.7959398031235 18.7959398031235 18.7959398031235 18.7959398031235 18.9130471944809 18.9130471944809 18.9130471944809 18.9130471944809 18.9130471944809 18.9130471944809 19.1166097223759 19.1166097223759 19.1166097223759 19.1166097223759
18.2849770188332 18.2849770188332 18.2849770188332 18.2849770188332 18.2849770188332 18.2849770188332 18.4801946878433 18.4801946878433 18.4801946878433 18.4801946878433 18.4801946878433 18.4801946878433 18.6418821811676 18.6418821811676 18.6418821811676 18.6418821811676 18.6418821811676 18.6418821811676 18.7081586122513 18.7081586122513 18.7081586122513 18.7081586122513 18.7081586122513 18.7081586122513 18.7939371466637 18.7939371466637 18.7939371466637 18.7939371466637 18.7939371466637 18.7939371466637 18.7959398031235 18.7959398031235 18.7959398031235 18.7959398031235 18.7959398031235 18.7959398031235 18.9130471944809 18.9130471944809 18.9130471944809 18.9130471944809 18.9130471944809 18.9130471944809 19.1166097223759 19.1166097223759 19.1166097223759 19.1166097223759
18.2849770188332 18.2849770188332 18.2849770188332 18.2849770188332 18.2849770188332 18.2849770188332 18.4801946878433 18.4801946878433 18.4801946878433 18.4801946878433 18.4801946878433 18.4801946878433 18.6418821811676 18.6418821811676 18.6418821811676 18.6418821811676 18.6418821811676 18.6418821811676 18.7081586122513 18.7081586122513 18.7081586122513 18.7081586122513 18.7081586122513 18.7081586122513 18.7939371466637 18.7939371466637 18.7939371466637 18.7939371466637 18.7939371466637 18.7939371466637 18.7959398031235 18.7959398031235 18.7959398031235 18.7959398031235 18.7959398031235 18.7959398031235 18.9130471944809 18.9130471944809 18.9130471944809 18.9130471944809 18.9130471944809 18.9130471944809 19.1166097223759 19.1166097223759 19.1166097223759 19.1166097223759
18.2849770188332 18.2849770188332 18.2849770188332 18.2849770188332 18.2849770188332 18.2849770188332 18.4801946878433 18.4801946878433 18.4801946878433 18.4801946878433 18.4801946878433 18.4801946878433 18.6418821811676 18.6418821811676 18.6418821811676 18.6418821811676 18.6418821811676 18.6418821811676 18.7081586122513 18.7081586122513 18.7081586122513 18.7081586122513 18.7081586122513 18.7081586122513 18.7939371466637 18.7939371466637 18.7939371466637 18.7939371466637 18.7939371466637 18.7939371466637 18.7959398031235 18.7959398031235 18.7959398031235 18.7959398031235 18.7959398031235 18.7959398031235 18.9130471944809 18.9130471944809 18.9130471944809 18.9130471944809 18.9130471944809 18.9130471944809 19.1166097223759 19.1166097223759 19.1166097223759 19.1166097223759
18.2849770188332 18.2849770188332 18.2849770188332 18.2849770188332 18.2849770188332 18.2849770188332 18.4801946878433 18.4801946878433 18.4801946878433 18.4801946878433 18.4801946878433 18.4801946878433 18.6418821811676 18.6418821811676 18.6418821811676 18.6418821811676 18.6418821811676 18.6418821811676 18.7081586122513 18.7081586122513 18.7081586122513 18.7081586122513 18.7081586122513 18.7081586122513 18.7939371466637 18.7939371466637 18.7939371466637 18.7939371466637 18.7939371466637 18.7939371466637 18.7959398031235 18.7959398031235 18.7959398031235 18.7959398031235 18.7959398031235 18.7959398031235 18.9130471944809 18.9130471944809 18.9130471944809 18.9130471944809 18.9130471944809 18.9130471944809 19.1166097223759 19.1166097223759 19.1166097223759 19.1166097223759
18.2849770188332 18.2849770188332 18.2849770188332 18.2849770188332 18.2849770188332 18.2849770188332 18.4801946878433 18.4801946878433 18.4801946878433 18.4801946878433 18.4801946878433 18.4801946878433 18.6418821811676 18.6418821811676 18.6418821811676 18.6418821811676 18.6418821811676 18.6418821811676 18.7081586122513 18.7081586122513 18.7081586122513 18.7081586122513 18.7081586122513 18.7081586122513 18.7939371466637 18.7939371466637 18.7939371466637 18.7939371466637 18.7939371466637 18.7939371466637 18.7959398031235 18.7959398031235 18.7959398031235 18.7959398031235 18.7959398031235 18.7959398031235 18.9130471944809 18.9130471944809 18.9130471944809 18.9130471944809 18.9130471944809 18.9130471944809 19.1166097223759 19.1166097223759 19.1166097223759 19.1166097223759
18.286040365696 18.286040365696 18.286040365696 18.286040365696 18.286040365696 18.286040365696 18.6798201799393 18.6798201799393 18.6798201799393 18.6798201799393 18.6798201799393 18.6798201799393 18.6751329898834 18.6751329898834 18.6751329898834 18.6751329898834 18.6751329898834 18.6751329898834 18.5966227650642 18.5966227650642 18.5966227650642 18.5966227650642 18.5966227650642 18.5966227650642 18.5249648094177 18.5249648094177 18.5249648094177 18.5249648094177 18.5249648094177 18.5249648094177 18.5425552725792 18.5425552725792 18.5425552725792 18.5425552725792 18.5425552725792 18.5425552725792 18.874080657959 18.874080657959 18.874080657959 18.874080657959 18.874080657959 18.874080657959 19.2294565141201 19.2294565141201 19.2294565141201 19.2294565141201
18.286040365696 18.286040365696 18.286040365696 18.286040365696 18.286040365696 18.286040365696 18.6798201799393 18.6798201799393 18.6798201799393 18.6798201799393 18.6798201799393 18.6798201799393 18.6751329898834 18.6751329898834 18.6751329898834 18.6751329898834 18.6751329898834 18.6751329898834 18.5966227650642 18.5966227650642 18.5966227650642 18.5966227650642 18.5966227650642 18.5966227650642 18.5249648094177 18.5249648094177 18.5249648094177 18.5249648094177 18.5249648094177 18.5249648094177 18.5425552725792 18.5425552725792 18.5425552725792 18.5425552725792 18.5425552725792 18.5425552725792 18.874080657959 18.874080657959 18.874080657959 18.874080657959 18.874080657959 18.874080657959 19.2294565141201 19.2294565141201 19.2294565141201 19.2294565141201
18.286040365696 18.286040365696 18.286040365696 18.286040365696 18.286040365696 18.286040365696 18.6798201799393 18.6798201799393 18.6798201799393 18.6798201799393 18.6798201799393 18.6798201799393 18.6751329898834 18.6751329898834 18.6751329898834 18.6751329898834 18.6751329898834 18.6751329898834 18.5966227650642 18.5966227650642 18.5966227650642 18.5966227650642 18.5966227650642 18.5966227650642 18.5249648094177 18.5249648094177 18.5249648094177 18.5249648094177 18.5249648094177 18.5249648094177 18.5425552725792 18.5425552725792 18.5425552725792 18.5425552725792 18.5425552725792 18.5425552725792 18.874080657959 18.874080657959 18.874080657959 18.874080657959 18.874080657959 18.874080657959 19.2294565141201 19.2294565141201 19.2294565141201 19.2294565141201
18.286040365696 18.286040365696 18.286040365696 18.286040365696 18.286040365696 18.286040365696 18.6798201799393 18.6798201799393 18.6798201799393 18.6798201799393 18.6798201799393 18.6798201799393 18.6751329898834 18.6751329898834 18.6751329898834 18.6751329898834 18.6751329898834 18.6751329898834 18.5966227650642 18.5966227650642 18.5966227650642 18.5966227650642 18.5966227650642 18.5966227650642 18.5249648094177 18.5249648094177 18.5249648094177 18.5249648094177 18.5249648094177 18.5249648094177 18.5425552725792 18.5425552725792 18.5425552725792 18.5425552725792 18.5425552725792 18.5425552725792 18.874080657959 18.874080657959 18.874080657959 18.874080657959 18.874080657959 18.874080657959 19.2294565141201 19.2294565141201 19.2294565141201 19.2294565141201
18.286040365696 18.286040365696 18.286040365696 18.286040365696 18.286040365696 18.286040365696 18.6798201799393 18.6798201799393 18.6798201799393 18.6798201799393 18.6798201799393 18.6798201799393 18.6751329898834 18.6751329898834 18.6751329898834 18.6751329898834 18.6751329898834 18.6751329898834 18.5966227650642 18.5966227650642 18.5966227650642 18.5966227650642 18.5966227650642 18.5966227650642 18.5249648094177 18.5249648094177 18.5249648094177 18.5249648094177 18.5249648094177 18.5249648094177 18.5425552725792 18.5425552725792 18.5425552725792 18.5425552725792 18.5425552725792 18.5425552725792 18.874080657959 18.874080657959 18.874080657959 18.874080657959 18.874080657959 18.874080657959 19.2294565141201 19.2294565141201 19.2294565141201 19.2294565141201
18.286040365696 18.286040365696 18.286040365696 18.286040365696 18.286040365696 18.286040365696 18.6798201799393 18.6798201799393 18.6798201799393 18.6798201799393 18.6798201799393 18.6798201799393 18.6751329898834 18.6751329898834 18.6751329898834 18.6751329898834 18.6751329898834 18.6751329898834 18.5966227650642 18.5966227650642 18.5966227650642 18.5966227650642 18.5966227650642 18.5966227650642 18.5249648094177 18.5249648094177 18.5249648094177 18.5249648094177 18.5249648094177 18.5249648094177 18.5425552725792 18.5425552725792 18.5425552725792 18.5425552725792 18.5425552725792 18.5425552725792 18.874080657959 18.874080657959 18.874080657959 18.874080657959 18.874080657959 18.874080657959 19.2294565141201 19.2294565141201 19.2294565141201 19.2294565141201
18.3959550261497 18.3959550261497 18.3959550261497 18.3959550261497 18.3959550261497 18.3959550261497 18.6708465218544 18.6708465218544 18.6708465218544 18.6708465218544 18.6708465218544 18.6708465218544 18.6538587808609 18.6538587808609 18.6538587808609 18.6538587808609 18.6538587808609 18.6538587808609 18.4535270929337 18.4535270929337 18.4535270929337 18.4535270929337 18.4535270929337 18.4535270929337 18.3440240323544 18.3440240323544 18.3440240323544 18.3440240323544 18.3440240323544 18.3440240323544 18.583205729723 18.583205729723 18.583205729723 18.583205729723 18.583205729723 18.583205729723 18.8609530329704 18.8609530329704 18.8609530329704 18.8609530329704 18.8609530329704 18.8609530329704 19.1786352992058 19.1786352992058 19.1786352992058 19.1786352992058
18.3959550261497 18.3959550261497 18.3959550261497 18.3959550261497 18.3959550261497 18.3959550261497 18.6708465218544 18.6708465218544 18.6708465218544 18.6708465218544 18.6708465218544 18.6708465218544 18.6538587808609 18.6538587808609 18.6538587808609 18.6538587808609 18.6538587808609 18.6538587808609 18.4535270929337 18.4535270929337 18.4535270929337 18.4535270929337 18.4535270929337 18.4535270929337 18.3440240323544 18.3440240323544 18.3440240323544 18.3440240323544 18.3440240323544 18.3440240323544 18.583205729723 18.583205729723 18.583205729723 18.583205729723 18.583205729723 18.583205729723 18.8609530329704 18.8609530329704 18.8609530329704 18.8609530329704 18.8609530329704 18.8609530329704 19.1786352992058 19.1786352992058 19.1786352992058 19.1786352992058
18.3959550261497 18.3959550261497 18.3959550261497 18.3959550261497 18.3959550261497 18.3959550261497 18.6708465218544 18.6708465218544 18.6708465218544 18.6708465218544 18.6708465218544 18.6708465218544 18.6538587808609 18.6538587808609 18.6538587808609 18.6538587808609 18.6538587808609 18.6538587808609 18.4535270929337 18.4535270929337 18.4535270929337 18.4535270929337 18.4535270929337 18.4535270929337 18.3440240323544 18.3440240323544 18.3440240323544 18.3440240323544 18.3440240323544 18.3440240323544 18.583205729723 18.583205729723 18.583205729723 18.583205729723 18.583205729723 18.583205729723 18.8609530329704 18.8609530329704 18.8609530329704 18.8609530329704 18.8609530329704 18.8609530329704 19.1786352992058 19.1786352992058 19.1786352992058 19.1786352992058
18.3959550261497 18.3959550261497 18.3959550261497 18.3959550261497 18.3959550261497 18.3959550261497 18.6708465218544 18.6708465218544 18.6708465218544 18.6708465218544 18.6708465218544 18.6708465218544 18.6538587808609 18.6538587808609 18.6538587808609 18.6538587808609 18.6538587808609 18.6538587808609 18.4535270929337 18.4535270929337 18.4535270929337 18.4535270929337 18.4535270929337 18.4535270929337 18.3440240323544 18.3440240323544 18.3440240323544 18.3440240323544 18.3440240323544 18.3440240323544 18.583205729723 18.583205729723 18.583205729723 18.583205729723 18.583205729723 18.583205729723 18.8609530329704 18.8609530329704 18.8609530329704 18.8609530329704 18.8609530329704 18.8609530329704 19.1786352992058 19.1786352992058 19.1786352992058 19.1786352992058
18.3959550261497 18.3959550261497 18.3959550261497 18.3959550261497 18.3959550261497 18.3959550261497 18.6708465218544 18.6708465218544 18.6708465218544 18.6708465218544 18.6708465218544 18.6708465218544 18.6538587808609 18.6538587808609 18.6538587808609 18.6538587808609 18.6538587808609 18.6538587808609 18.4535270929337 18.4535270929337 18.4535270929337 18.4535270929337 18.4535270929337 18.4535270929337 18.3440240323544 18.3440240323544 18.3440240323544 18.3440240323544 18.3440240323544 18.3440240323544 18.583205729723 18.583205729723 18.583205729723 18.583205729723 18.583205729723 18.583205729723 18.8609530329704 18.8609530329704 18.8609530329704 18.8609530329704 18.8609530329704 18.8609530329704 19.1786352992058 19.1786352992058 19.1786352992058 19.1786352992058
