Archive - glowpa-model-master/Model input/Uganda/SWradiation/SWdown_mean_jun_1.asc
NCOLS 67 
NROWS 67 
XLLCORNER 29.5000000014144 
YLLCORNER -1.49999999936061 
CELLSIZE 0.0833333332926796 
NODATA_value -9999 
[rows 20 to 39 of 67, columns 0 to 45 of 67]
-9999 -9999 -9999 -9999 -9999 -9999 -9999 -9999 -9999 -9999 -9999 -9999 -9999 -9999 -9999 16.692544400692 16.692544400692 16.692544400692 17.1233130097389 17.1233130097389 17.1233130097389 17.1233130097389 17.1233130097389 17.1233130097389 17.3634253740311 17.3634253740311 17.3634253740311 17.3634253740311 17.3634253740311 17.3634253740311 17.2537506222725 17.2537506222725 17.2537506222725 17.2537506222725 17.2537506222725 17.2537506222725 16.9752426445484 16.9752426445484 16.9752426445484 16.9752426445484 16.9752426445484 16.9752426445484 16.4492225944996 16.4492225944996 16.4492225944996 16.4492225944996
-9999 -9999 -9999 -9999 -9999 -9999 -9999 -9999 -9999 -9999 -9999 -9999 -9999 -9999 -9999 16.692544400692 16.692544400692 16.692544400692 17.1233130097389 17.1233130097389 17.1233130097389 17.1233130097389 17.1233130097389 17.1233130097389 17.3634253740311 17.3634253740311 17.3634253740311 17.3634253740311 17.3634253740311 17.3634253740311 17.2537506222725 17.2537506222725 17.2537506222725 17.2537506222725 17.2537506222725 17.2537506222725 16.9752426445484 16.9752426445484 16.9752426445484 16.9752426445484 16.9752426445484 16.9752426445484 16.4492225944996 16.4492225944996 16.4492225944996 16.4492225944996
-9999 -9999 -9999 -9999 -9999 -9999 -9999 -9999 -9999 -9999 -9999 -9999 -9999 -9999 -9999 -9999 16.692544400692 16.692544400692 17.1233130097389 17.1233130097389 17.1233130097389 17.1233130097389 17.1233130097389 17.1233130097389 17.3634253740311 17.3634253740311 17.3634253740311 17.3634253740311 17.3634253740311 17.3634253740311 17.2537506222725 17.2537506222725 17.2537506222725 17.2537506222725 17.2537506222725 17.2537506222725 16.9752426445484 16.9752426445484 16.9752426445484 16.9752426445484 16.9752426445484 16.9752426445484 16.4492225944996 16.4492225944996 16.4492225944996 16.4492225944996
-9999 -9999 -9999 -9999 -9999 -9999 -9999 -9999 -9999 -9999 -9999 -9999 -9999 -9999 -9999 -9999 -9999 16.692544400692 17.1233130097389 17.1233130097389 17.1233130097389 17.1233130097389 17.1233130097389 17.1233130097389 17.3634253740311 17.3634253740311 17.3634253740311 17.3634253740311 17.3634253740311 17.3634253740311 17.2537506222725 17.2537506222725 17.2537506222725 17.2537506222725 17.2537506222725 17.2537506222725 16.9752426445484 16.9752426445484 16.9752426445484 16.9752426445484 16.9752426445484 16.9752426445484 16.4492225944996 16.4492225944996 16.4492225944996 16.4492225944996
-9999 -9999 -9999 -9999 -9999 -9999 -9999 -9999 -9999 -9999 -9999 -9999 -9999 -9999 -9999 16.692544400692 16.692544400692 16.692544400692 17.1233130097389 17.1233130097389 17.1233130097389 17.1233130097389 17.1233130097389 17.1233130097389 17.3634253740311 17.3634253740311 17.3634253740311 17.3634253740311 17.3634253740311 17.3634253740311 17.2537506222725 17.2537506222725 17.2537506222725 17.2537506222725 17.2537506222725 17.2537506222725 16.9752426445484 16.9752426445484 16.9752426445484 16.9752426445484 16.9752426445484 16.9752426445484 16.4492225944996 16.4492225944996 16.4492225944996 16.4492225944996
-9999 -9999 -9999 -9999 -9999 -9999 -9999 -9999 -9999 -9999 -9999 -9999 -9999 -9999 -9999 16.9348224401474 16.9348224401474 16.9348224401474 17.3655591011047 17.3655591011047 17.3655591011047 17.3655591011047 17.3655591011047 17.3655591011047 17.4726178050041 17.4726178050041 17.4726178050041 17.4726178050041 17.4726178050041 17.4726178050041 17.2013431787491 17.2013431787491 17.2013431787491 17.2013431787491 17.2013431787491 17.2013431787491 16.6762397289276 16.6762397289276 16.6762397289276 16.6762397289276 16.6762397289276 16.6762397289276 16.1300528347492 16.1300528347492 16.1300528347492 16.1300528347492
-9999 -9999 -9999 -9999 -9999 -9999 -9999 -9999 -9999 -9999 -9999 -9999 -9999 -9999 -9999 16.9348224401474 16.9348224401474 16.9348224401474 17.3655591011047 17.3655591011047 17.3655591011047 17.3655591011047 17.3655591011047 17.3655591011047 17.4726178050041 17.4726178050041 17.4726178050041 17.4726178050041 17.4726178050041 17.4726178050041 17.2013431787491 17.2013431787491 17.2013431787491 17.2013431787491 17.2013431787491 17.2013431787491 16.6762397289276 16.6762397289276 16.6762397289276 16.6762397289276 16.6762397289276 16.6762397289276 16.1300528347492 16.1300528347492 16.1300528347492 16.1300528347492
-9999 -9999 -9999 -9999 -9999 -9999 -9999 -9999 -9999 -9999 -9999 -9999 -9999 -9999 -9999 16.9348224401474 16.9348224401474 16.9348224401474 17.3655591011047 17.3655591011047 17.3655591011047 17.3655591011047 17.3655591011047 17.3655591011047 17.4726178050041 17.4726178050041 17.4726178050041 17.4726178050041 17.4726178050041 17.4726178050041 17.2013431787491 17.2013431787491 17.2013431787491 17.2013431787491 17.2013431787491 17.2013431787491 16.6762397289276 16.6762397289276 16.6762397289276 16.6762397289276 16.6762397289276 16.6762397289276 16.1300528347492 16.1300528347492 16.1300528347492 16.1300528347492
-9999 -9999 -9999 -9999 -9999 -9999 -9999 -9999 -9999 -9999 -9999 -9999 -9999 -9999 16.9348224401474 16.9348224401474 16.9348224401474 16.9348224401474 17.3655591011047 17.3655591011047 17.3655591011047 17.3655591011047 17.3655591011047 17.3655591011047 17.4726178050041 17.4726178050041 17.4726178050041 17.4726178050041 17.4726178050041 17.4726178050041 17.2013431787491 17.2013431787491 17.2013431787491 17.2013431787491 17.2013431787491 17.2013431787491 16.6762397289276 16.6762397289276 16.6762397289276 16.6762397289276 16.6762397289276 16.6762397289276 16.1300528347492 16.1300528347492 16.1300528347492 16.1300528347492
-9999 -9999 -9999 -9999 -9999 -9999 -9999 -9999 -9999 -9999 -9999 16.3985231220722 16.9348224401474 16.9348224401474 16.9348224401474 16.9348224401474 16.9348224401474 16.9348224401474 17.3655591011047 17.3655591011047 17.3655591011047 17.3655591011047 17.3655591011047 17.3655591011047 17.4726178050041 17.4726178050041 17.4726178050041 17.4726178050041 17.4726178050041 17.4726178050041 17.2013431787491 17.2013431787491 17.2013431787491 17.2013431787491 17.2013431787491 17.2013431787491 16.6762397289276 16.6762397289276 16.6762397289276 16.6762397289276 16.6762397289276 16.6762397289276 16.1300528347492 16.1300528347492 16.1300528347492 16.1300528347492
-9999 -9999 -9999 -9999 -9999 -9999 -9999 -9999 -9999 -9999 16.3985231220722 16.3985231220722 16.9348224401474 16.9348224401474 16.9348224401474 16.9348224401474 16.9348224401474 16.9348224401474 17.3655591011047 17.3655591011047 17.3655591011047 17.3655591011047 17.3655591011047 17.3655591011047 17.4726178050041 17.4726178050041 17.4726178050041 17.4726178050041 17.4726178050041 17.4726178050041 17.2013431787491 17.2013431787491 17.2013431787491 17.2013431787491 17.2013431787491 17.2013431787491 16.6762397289276 16.6762397289276 16.6762397289276 16.6762397289276 16.6762397289276 16.6762397289276 16.1300528347492 16.1300528347492 16.1300528347492 16.1300528347492
-9999 -9999 -9999 -9999 -9999 -9999 -9999 -9999 -9999 -9999 16.7076361775398 16.7076361775398 17.3001320958138 17.3001320958138 17.3001320958138 17.3001320958138 17.3001320958138 17.3001320958138 17.6202001571655 17.6202001571655 17.6202001571655 17.6202001571655 17.6202001571655 17.6202001571655 17.5978490710258 17.5978490710258 17.5978490710258 17.5978490710258 17.5978490710258 17.5978490710258 17.3929861783981 17.3929861783981 17.3929861783981 17.3929861783981 17.3929861783981 17.3929861783981 16.8071138560772 16.8071138560772 16.8071138560772 16.8071138560772 16.8071138560772 16.8071138560772 16.1130785346031 16.1130785346031 16.1130785346031 16.1130785346031
-9999 -9999 -9999 -9999 -9999 -9999 -9999 -9999 -9999 16.7076361775398 16.7076361775398 16.7076361775398 17.3001320958138 17.3001320958138 17.3001320958138 17.3001320958138 17.3001320958138 17.3001320958138 17.6202001571655 17.6202001571655 17.6202001571655 17.6202001571655 17.6202001571655 17.6202001571655 17.5978490710258 17.5978490710258 17.5978490710258 17.5978490710258 17.5978490710258 17.5978490710258 17.3929861783981 17.3929861783981 17.3929861783981 17.3929861783981 17.3929861783981 17.3929861783981 16.8071138560772 16.8071138560772 16.8071138560772 16.8071138560772 16.8071138560772 16.8071138560772 16.1130785346031 16.1130785346031 16.1130785346031 16.1130785346031
-9999 -9999 -9999 -9999 -9999 -9999 -9999 -9999 -9999 16.7076361775398 16.7076361775398 16.7076361775398 17.3001320958138 17.3001320958138 17.3001320958138 17.3001320958138 17.3001320958138 17.3001320958138 17.6202001571655 17.6202001571655 17.6202001571655 17.6202001571655 17.6202001571655 17.6202001571655 17.5978490710258 17.5978490710258 17.5978490710258 17.5978490710258 17.5978490710258 17.5978490710258 17.3929861783981 17.3929861783981 17.3929861783981 17.3929861783981 17.3929861783981 17.3929861783981 16.8071138560772 16.8071138560772 16.8071138560772 16.8071138560772 16.8071138560772 16.8071138560772 16.1130785346031 16.1130785346031 16.1130785346031 16.1130785346031
-9999 -9999 -9999 -9999 -9999 -9999 16.7076361775398 16.7076361775398 16.7076361775398 16.7076361775398 16.7076361775398 16.7076361775398 17.3001320958138 17.3001320958138 17.3001320958138 17.3001320958138 17.3001320958138 17.3001320958138 17.6202001571655 17.6202001571655 17.6202001571655 17.6202001571655 17.6202001571655 17.6202001571655 17.5978490710258 17.5978490710258 17.5978490710258 17.5978490710258 17.5978490710258 17.5978490710258 17.3929861783981 17.3929861783981 17.3929861783981 17.3929861783981 17.3929861783981 17.3929861783981 16.8071138560772 16.8071138560772 16.8071138560772 16.8071138560772 16.8071138560772 16.8071138560772 16.1130785346031 16.1130785346031 16.1130785346031 16.1130785346031
-9999 -9999 -9999 -9999 -9999 -9999 16.7076361775398 16.7076361775398 16.7076361775398 16.7076361775398 16.7076361775398 16.7076361775398 17.3001320958138 17.3001320958138 17.3001320958138 17.3001320958138 17.3001320958138 17.3001320958138 17.6202001571655 17.6202001571655 17.6202001571655 17.6202001571655 17.6202001571655 17.6202001571655 17.5978490710258 17.5978490710258 17.5978490710258 17.5978490710258 17.5978490710258 17.5978490710258 17.3929861783981 17.3929861783981 17.3929861783981 17.3929861783981 17.3929861783981 17.3929861783981 16.8071138560772 16.8071138560772 16.8071138560772 16.8071138560772 16.8071138560772 16.8071138560772 16.1130785346031 16.1130785346031 16.1130785346031 16.1130785346031
-9999 -9999 -9999 -9999 -9999 15.8730510175228 16.7076361775398 16.7076361775398 16.7076361775398 16.7076361775398 16.7076361775398 16.7076361775398 17.3001320958138 17.3001320958138 17.3001320958138 17.3001320958138 17.3001320958138 17.3001320958138 17.6202001571655 17.6202001571655 17.6202001571655 17.6202001571655 17.6202001571655 17.6202001571655 17.5978490710258 17.5978490710258 17.5978490710258 17.5978490710258 17.5978490710258 17.5978490710258 17.3929861783981 17.3929861783981 17.3929861783981 17.3929861783981 17.3929861783981 17.3929861783981 16.8071138560772 16.8071138560772 16.8071138560772 16.8071138560772 16.8071138560772 16.8071138560772 16.1130785346031 16.1130785346031 16.1130785346031 16.1130785346031
-9999 -9999 16.098168194294 16.098168194294 16.098168194294 16.098168194294 16.8634947836399 16.8634947836399 16.8634947836399 16.8634947836399 16.8634947836399 16.8634947836399 17.5801691412926 17.5801691412926 17.5801691412926 17.5801691412926 17.5801691412926 17.5801691412926 17.946461379528 17.946461379528 17.946461379528 17.946461379528 17.946461379528 17.946461379528 18.0959118008614 18.0959118008614 18.0959118008614 18.0959118008614 18.0959118008614 18.0959118008614 17.9002325534821 17.9002325534821 17.9002325534821 17.9002325534821 17.9002325534821 17.9002325534821 17.5298563838005 17.5298563838005 17.5298563838005 17.5298563838005 17.5298563838005 17.5298563838005 17.0632593631744 17.0632593631744 17.0632593631744 17.0632593631744
-9999 16.098168194294 16.098168194294 16.098168194294 16.098168194294 16.098168194294 16.8634947836399 16.8634947836399 16.8634947836399 16.8634947836399 16.8634947836399 16.8634947836399 17.5801691412926 17.5801691412926 17.5801691412926 17.5801691412926 17.5801691412926 17.5801691412926 17.946461379528 17.946461379528 17.946461379528 17.946461379528 17.946461379528 17.946461379528 18.0959118008614 18.0959118008614 18.0959118008614 18.0959118008614 18.0959118008614 18.0959118008614 17.9002325534821 17.9002325534821 17.9002325534821 17.9002325534821 17.9002325534821 17.9002325534821 17.5298563838005 17.5298563838005 17.5298563838005 17.5298563838005 17.5298563838005 17.5298563838005 17.0632593631744 17.0632593631744 17.0632593631744 17.0632593631744
-9999 16.098168194294 16.098168194294 16.098168194294 16.098168194294 16.098168194294 16.8634947836399 16.8634947836399 16.8634947836399 16.8634947836399 16.8634947836399 16.8634947836399 17.5801691412926 17.5801691412926 17.5801691412926 17.5801691412926 17.5801691412926 17.5801691412926 17.946461379528 17.946461379528 17.946461379528 17.946461379528 17.946461379528 17.946461379528 18.0959118008614 18.0959118008614 18.0959118008614 18.0959118008614 18.0959118008614 18.0959118008614 17.9002325534821 17.9002325534821 17.9002325534821 17.9002325534821 17.9002325534821 17.9002325534821 17.5298563838005 17.5298563838005 17.5298563838005 17.5298563838005 17.5298563838005 17.5298563838005 17.0632593631744 17.0632593631744 17.0632593631744 17.0632593631744
