Archive - glowpa-model-master/Model input/Uganda/SWradiation/SWdown_mean_mar_1.asc
NCOLS 67 
NROWS 67 
XLLCORNER 29.5000000014144 
YLLCORNER -1.49999999936061 
CELLSIZE 0.0833333332926796 
NODATA_value -9999 
[rows 20 to 39 of 67, columns 0 to 45 of 67]
-9999 -9999 -9999 -9999 -9999 -9999 -9999 -9999 -9999 -9999 -9999 -9999 -9999 -9999 -9999 19.6510385274887 19.6510385274887 19.6510385274887 20.1291170120239 20.1291170120239 20.1291170120239 20.1291170120239 20.1291170120239 20.1291170120239 20.3703095316887 20.3703095316887 20.3703095316887 20.3703095316887 20.3703095316887 20.3703095316887 20.8791601657867 20.8791601657867 20.8791601657867 20.8791601657867 20.8791601657867 20.8791601657867 21.2997385859489 21.2997385859489 21.2997385859489 21.2997385859489 21.2997385859489 21.2997385859489 21.5858422517776 21.5858422517776 21.5858422517776 21.5858422517776
-9999 -9999 -9999 -9999 -9999 -9999 -9999 -9999 -9999 -9999 -9999 -9999 -9999 -9999 -9999 19.6510385274887 19.6510385274887 19.6510385274887 20.1291170120239 20.1291170120239 20.1291170120239 20.1291170120239 20.1291170120239 20.1291170120239 20.3703095316887 20.3703095316887 20.3703095316887 20.3703095316887 20.3703095316887 20.3703095316887 20.8791601657867 20.8791601657867 20.8791601657867 20.8791601657867 20.8791601657867 20.8791601657867 21.2997385859489 21.2997385859489 21.2997385859489 21.2997385859489 21.2997385859489 21.2997385859489 21.5858422517776 21.5858422517776 21.5858422517776 21.5858422517776
-9999 -9999 -9999 -9999 -9999 -9999 -9999 -9999 -9999 -9999 -9999 -9999 -9999 -9999 -9999 -9999 19.6510385274887 19.6510385274887 20.1291170120239 20.1291170120239 20.1291170120239 20.1291170120239 20.1291170120239 20.1291170120239 20.3703095316887 20.3703095316887 20.3703095316887 20.3703095316887 20.3703095316887 20.3703095316887 20.8791601657867 20.8791601657867 20.8791601657867 20.8791601657867 20.8791601657867 20.8791601657867 21.2997385859489 21.2997385859489 21.2997385859489 21.2997385859489 21.2997385859489 21.2997385859489 21.5858422517776 21.5858422517776 21.5858422517776 21.5858422517776
-9999 -9999 -9999 -9999 -9999 -9999 -9999 -9999 -9999 -9999 -9999 -9999 -9999 -9999 -9999 -9999 -9999 19.6510385274887 20.1291170120239 20.1291170120239 20.1291170120239 20.1291170120239 20.1291170120239 20.1291170120239 20.3703095316887 20.3703095316887 20.3703095316887 20.3703095316887 20.3703095316887 20.3703095316887 20.8791601657867 20.8791601657867 20.8791601657867 20.8791601657867 20.8791601657867 20.8791601657867 21.2997385859489 21.2997385859489 21.2997385859489 21.2997385859489 21.2997385859489 21.2997385859489 21.5858422517776 21.5858422517776 21.5858422517776 21.5858422517776
-9999 -9999 -9999 -9999 -9999 -9999 -9999 -9999 -9999 -9999 -9999 -9999 -9999 -9999 -9999 19.6510385274887 19.6510385274887 19.6510385274887 20.1291170120239 20.1291170120239 20.1291170120239 20.1291170120239 20.1291170120239 20.1291170120239 20.3703095316887 20.3703095316887 20.3703095316887 20.3703095316887 20.3703095316887 20.3703095316887 20.8791601657867 20.8791601657867 20.8791601657867 20.8791601657867 20.8791601657867 20.8791601657867 21.2997385859489 21.2997385859489 21.2997385859489 21.2997385859489 21.2997385859489 21.2997385859489 21.5858422517776 21.5858422517776 21.5858422517776 21.5858422517776
-9999 -9999 -9999 -9999 -9999 -9999 -9999 -9999 -9999 -9999 -9999 -9999 -9999 -9999 -9999 19.2093173265457 19.2093173265457 19.2093173265457 19.5492675900459 19.5492675900459 19.5492675900459 19.5492675900459 19.5492675900459 19.5492675900459 19.9469743967056 19.9469743967056 19.9469743967056 19.9469743967056 19.9469743967056 19.9469743967056 20.1219474673271 20.1219474673271 20.1219474673271 20.1219474673271 20.1219474673271 20.1219474673271 20.3143513202667 20.3143513202667 20.3143513202667 20.3143513202667 20.3143513202667 20.3143513202667 20.4630680084229 20.4630680084229 20.4630680084229 20.4630680084229
-9999 -9999 -9999 -9999 -9999 -9999 -9999 -9999 -9999 -9999 -9999 -9999 -9999 -9999 -9999 19.2093173265457 19.2093173265457 19.2093173265457 19.5492675900459 19.5492675900459 19.5492675900459 19.5492675900459 19.5492675900459 19.5492675900459 19.9469743967056 19.9469743967056 19.9469743967056 19.9469743967056 19.9469743967056 19.9469743967056 20.1219474673271 20.1219474673271 20.1219474673271 20.1219474673271 20.1219474673271 20.1219474673271 20.3143513202667 20.3143513202667 20.3143513202667 20.3143513202667 20.3143513202667 20.3143513202667 20.4630680084229 20.4630680084229 20.4630680084229 20.4630680084229
-9999 -9999 -9999 -9999 -9999 -9999 -9999 -9999 -9999 -9999 -9999 -9999 -9999 -9999 -9999 19.2093173265457 19.2093173265457 19.2093173265457 19.5492675900459 19.5492675900459 19.5492675900459 19.5492675900459 19.5492675900459 19.5492675900459 19.9469743967056 19.9469743967056 19.9469743967056 19.9469743967056 19.9469743967056 19.9469743967056 20.1219474673271 20.1219474673271 20.1219474673271 20.1219474673271 20.1219474673271 20.1219474673271 20.3143513202667 20.3143513202667 20.3143513202667 20.3143513202667 20.3143513202667 20.3143513202667 20.4630680084229 20.4630680084229 20.4630680084229 20.4630680084229
-9999 -9999 -9999 -9999 -9999 -9999 -9999 -9999 -9999 -9999 -9999 -9999 -9999 -9999 19.2093173265457 19.2093173265457 19.2093173265457 19.2093173265457 19.5492675900459 19.5492675900459 19.5492675900459 19.5492675900459 19.5492675900459 19.5492675900459 19.9469743967056 19.9469743967056 19.9469743967056 19.9469743967056 19.9469743967056 19.9469743967056 20.1219474673271 20.1219474673271 20.1219474673271 20.1219474673271 20.1219474673271 20.1219474673271 20.3143513202667 20.3143513202667 20.3143513202667 20.3143513202667 20.3143513202667 20.3143513202667 20.4630680084229 20.4630680084229 20.4630680084229 20.4630680084229
-9999 -9999 -9999 -9999 -9999 -9999 -9999 -9999 -9999 -9999 -9999 18.7644542753696 19.2093173265457 19.2093173265457 19.2093173265457 19.2093173265457 19.2093173265457 19.2093173265457 19.5492675900459 19.5492675900459 19.5492675900459 19.5492675900459 19.5492675900459 19.5492675900459 19.9469743967056 19.9469743967056 19.9469743967056 19.9469743967056 19.9469743967056 19.9469743967056 20.1219474673271 20.1219474673271 20.1219474673271 20.1219474673271 20.1219474673271 20.1219474673271 20.3143513202667 20.3143513202667 20.3143513202667 20.3143513202667 20.3143513202667 20.3143513202667 20.4630680084229 20.4630680084229 20.4630680084229 20.4630680084229
-9999 -9999 -9999 -9999 -9999 -9999 -9999 -9999 -9999 -9999 18.7644542753696 18.7644542753696 19.2093173265457 19.2093173265457 19.2093173265457 19.2093173265457 19.2093173265457 19.2093173265457 19.5492675900459 19.5492675900459 19.5492675900459 19.5492675900459 19.5492675900459 19.5492675900459 19.9469743967056 19.9469743967056 19.9469743967056 19.9469743967056 19.9469743967056 19.9469743967056 20.1219474673271 20.1219474673271 20.1219474673271 20.1219474673271 20.1219474673271 20.1219474673271 20.3143513202667 20.3143513202667 20.3143513202667 20.3143513202667 20.3143513202667 20.3143513202667 20.4630680084229 20.4630680084229 20.4630680084229 20.4630680084229
-9999 -9999 -9999 -9999 -9999 -9999 -9999 -9999 -9999 -9999 18.7072114348412 18.7072114348412 18.9349245429039 18.9349245429039 18.9349245429039 18.9349245429039 18.9349245429039 18.9349245429039 19.1349268555641 19.1349268555641 19.1349268555641 19.1349268555641 19.1349268555641 19.1349268555641 19.320571243763 19.320571243763 19.320571243763 19.320571243763 19.320571243763 19.320571243763 19.4007761478424 19.4007761478424 19.4007761478424 19.4007761478424 19.4007761478424 19.4007761478424 19.5096066594124 19.5096066594124 19.5096066594124 19.5096066594124 19.5096066594124 19.5096066594124 19.5591080188751 19.5591080188751 19.5591080188751 19.5591080188751
-9999 -9999 -9999 -9999 -9999 -9999 -9999 -9999 -9999 18.7072114348412 18.7072114348412 18.7072114348412 18.9349245429039 18.9349245429039 18.9349245429039 18.9349245429039 18.9349245429039 18.9349245429039 19.1349268555641 19.1349268555641 19.1349268555641 19.1349268555641 19.1349268555641 19.1349268555641 19.320571243763 19.320571243763 19.320571243763 19.320571243763 19.320571243763 19.320571243763 19.4007761478424 19.4007761478424 19.4007761478424 19.4007761478424 19.4007761478424 19.4007761478424 19.5096066594124 19.5096066594124 19.5096066594124 19.5096066594124 19.5096066594124 19.5096066594124 19.5591080188751 19.5591080188751 19.5591080188751 19.5591080188751
-9999 -9999 -9999 -9999 -9999 -9999 -9999 -9999 -9999 18.7072114348412 18.7072114348412 18.7072114348412 18.9349245429039 18.9349245429039 18.9349245429039 18.9349245429039 18.9349245429039 18.9349245429039 19.1349268555641 19.1349268555641 19.1349268555641 19.1349268555641 19.1349268555641 19.1349268555641 19.320571243763 19.320571243763 19.320571243763 19.320571243763 19.320571243763 19.320571243763 19.4007761478424 19.4007761478424 19.4007761478424 19.4007761478424 19.4007761478424 19.4007761478424 19.5096066594124 19.5096066594124 19.5096066594124 19.5096066594124 19.5096066594124 19.5096066594124 19.5591080188751 19.5591080188751 19.5591080188751 19.5591080188751
-9999 -9999 -9999 -9999 -9999 -9999 18.7072114348412 18.7072114348412 18.7072114348412 18.7072114348412 18.7072114348412 18.7072114348412 18.9349245429039 18.9349245429039 18.9349245429039 18.9349245429039 18.9349245429039 18.9349245429039 19.1349268555641 19.1349268555641 19.1349268555641 19.1349268555641 19.1349268555641 19.1349268555641 19.320571243763 19.320571243763 19.320571243763 19.320571243763 19.320571243763 19.320571243763 19.4007761478424 19.4007761478424 19.4007761478424 19.4007761478424 19.4007761478424 19.4007761478424 19.5096066594124 19.5096066594124 19.5096066594124 19.5096066594124 19.5096066594124 19.5096066594124 19.5591080188751 19.5591080188751 19.5591080188751 19.5591080188751
-9999 -9999 -9999 -9999 -9999 -9999 18.7072114348412 18.7072114348412 18.7072114348412 18.7072114348412 18.7072114348412 18.7072114348412 18.9349245429039 18.9349245429039 18.9349245429039 18.9349245429039 18.9349245429039 18.9349245429039 19.1349268555641 19.1349268555641 19.1349268555641 19.1349268555641 19.1349268555641 19.1349268555641 19.320571243763 19.320571243763 19.320571243763 19.320571243763 19.320571243763 19.320571243763 19.4007761478424 19.4007761478424 19.4007761478424 19.4007761478424 19.4007761478424 19.4007761478424 19.5096066594124 19.5096066594124 19.5096066594124 19.5096066594124 19.5096066594124 19.5096066594124 19.5591080188751 19.5591080188751 19.5591080188751 19.5591080188751
-9999 -9999 -9999 -9999 -9999 18.3178218901157 18.7072114348412 18.7072114348412 18.7072114348412 18.7072114348412 18.7072114348412 18.7072114348412 18.9349245429039 18.9349245429039 18.9349245429039 18.9349245429039 18.9349245429039 18.9349245429039 19.1349268555641 19.1349268555641 19.1349268555641 19.1349268555641 19.1349268555641 19.1349268555641 19.320571243763 19.320571243763 19.320571243763 19.320571243763 19.320571243763 19.320571243763 19.4007761478424 19.4007761478424 19.4007761478424 19.4007761478424 19.4007761478424 19.4007761478424 19.5096066594124 19.5096066594124 19.5096066594124 19.5096066594124 19.5096066594124 19.5096066594124 19.5591080188751 19.5591080188751 19.5591080188751 19.5591080188751
-9999 -9999 18.2654656767845 18.2654656767845 18.2654656767845 18.2654656767845 18.6255040764809 18.6255040764809 18.6255040764809 18.6255040764809 18.6255040764809 18.6255040764809 18.846541762352 18.846541762352 18.846541762352 18.846541762352 18.846541762352 18.846541762352 18.850643157959 18.850643157959 18.850643157959 18.850643157959 18.850643157959 18.850643157959 18.9684035778046 18.9684035778046 18.9684035778046 18.9684035778046 18.9684035778046 18.9684035778046 19.0969607830048 19.0969607830048 19.0969607830048 19.0969607830048 19.0969607830048 19.0969607830048 19.1047945618629 19.1047945618629 19.1047945618629 19.1047945618629 19.1047945618629 19.1047945618629 19.2050657570362 19.2050657570362 19.2050657570362 19.2050657570362
-9999 18.2654656767845 18.2654656767845 18.2654656767845 18.2654656767845 18.2654656767845 18.6255040764809 18.6255040764809 18.6255040764809 18.6255040764809 18.6255040764809 18.6255040764809 18.846541762352 18.846541762352 18.846541762352 18.846541762352 18.846541762352 18.846541762352 18.850643157959 18.850643157959 18.850643157959 18.850643157959 18.850643157959 18.850643157959 18.9684035778046 18.9684035778046 18.9684035778046 18.9684035778046 18.9684035778046 18.9684035778046 19.0969607830048 19.0969607830048 19.0969607830048 19.0969607830048 19.0969607830048 19.0969607830048 19.1047945618629 19.1047945618629 19.1047945618629 19.1047945618629 19.1047945618629 19.1047945618629 19.2050657570362 19.2050657570362 19.2050657570362 19.2050657570362
-9999 18.2654656767845 18.2654656767845 18.2654656767845 18.2654656767845 18.2654656767845 18.6255040764809 18.6255040764809 18.6255040764809 18.6255040764809 18.6255040764809 18.6255040764809 18.846541762352 18.846541762352 18.846541762352 18.846541762352 18.846541762352 18.846541762352 18.850643157959 18.850643157959 18.850643157959 18.850643157959 18.850643157959 18.850643157959 18.9684035778046 18.9684035778046 18.9684035778046 18.9684035778046 18.9684035778046 18.9684035778046 19.0969607830048 19.0969607830048 19.0969607830048 19.0969607830048 19.0969607830048 19.0969607830048 19.1047945618629 19.1047945618629 19.1047945618629 19.1047945618629 19.1047945618629 19.1047945618629 19.2050657570362 19.2050657570362 19.2050657570362 19.2050657570362
