Archive - glowpa-model-master/Model input/Uganda/SWradiation/SWdown_mean_may_1.asc
NCOLS 67 
NROWS 67 
XLLCORNER 29.5000000014144 
YLLCORNER -1.49999999936061 
CELLSIZE 0.0833333332926796 
NODATA_value -9999 
[rows 40 to 59 of 67, columns 0 to 45 of 67]
16.9335439503193 16.9335439503193 16.9335439503193 16.9335439503193 16.9335439503193 16.9335439503193 17.4397141337395 17.4397141337395 17.4397141337395 17.4397141337395 17.4397141337395 17.4397141337395 17.8256682753563 17.8256682753563 17.8256682753563 17.8256682753563 17.8256682753563 17.8256682753563 17.9872008562088 17.9872008562088 17.9872008562088 17.9872008562088 17.9872008562088 17.9872008562088 17.9528210163116 17.9528210163116 17.9528210163116 17.9528210163116 17.9528210163116 17.9528210163116 17.4114628434181 17.4114628434181 17.4114628434181 17.4114628434181 17.4114628434181 17.4114628434181 16.5890715718269 16.5890715718269 16.5890715718269 16.5890715718269 16.5890715718269 16.5890715718269 16.06575101614 16.06575101614 16.06575101614 16.06575101614
16.9335439503193 16.9335439503193 16.9335439503193 16.9335439503193 16.9335439503193 16.9335439503193 17.4397141337395 17.4397141337395 17.4397141337395 17.4397141337395 17.4397141337395 17.4397141337395 17.8256682753563 17.8256682753563 17.8256682753563 17.8256682753563 17.8256682753563 17.8256682753563 17.9872008562088 17.9872008562088 17.9872008562088 17.9872008562088 17.9872008562088 17.9872008562088 17.9528210163116 17.9528210163116 17.9528210163116 17.9528210163116 17.9528210163116 17.9528210163116 17.4114628434181 17.4114628434181 17.4114628434181 17.4114628434181 17.4114628434181 17.4114628434181 16.5890715718269 16.5890715718269 16.5890715718269 16.5890715718269 16.5890715718269 16.5890715718269 16.06575101614 16.06575101614 16.06575101614 16.06575101614
16.9335439503193 16.9335439503193 16.9335439503193 16.9335439503193 16.9335439503193 16.9335439503193 17.4397141337395 17.4397141337395 17.4397141337395 17.4397141337395 17.4397141337395 17.4397141337395 17.8256682753563 17.8256682753563 17.8256682753563 17.8256682753563 17.8256682753563 17.8256682753563 17.9872008562088 17.9872008562088 17.9872008562088 17.9872008562088 17.9872008562088 17.9872008562088 17.9528210163116 17.9528210163116 17.9528210163116 17.9528210163116 17.9528210163116 17.9528210163116 17.4114628434181 17.4114628434181 17.4114628434181 17.4114628434181 17.4114628434181 17.4114628434181 16.5890715718269 16.5890715718269 16.5890715718269 16.5890715718269 16.5890715718269 16.5890715718269 16.06575101614 16.06575101614 16.06575101614 16.06575101614
16.9353288412094 16.9353288412094 16.9353288412094 16.9353288412094 16.9353288412094 16.9353288412094 17.3687943816185 17.3687943816185 17.3687943816185 17.3687943816185 17.3687943816185 17.3687943816185 17.8805406689644 17.8805406689644 17.8805406689644 17.8805406689644 17.8805406689644 17.8805406689644 18.0193708539009 18.0193708539009 18.0193708539009 18.0193708539009 18.0193708539009 18.0193708539009 17.9989141225815 17.9989141225815 17.9989141225815 17.9989141225815 17.9989141225815 17.9989141225815 17.585840523243 17.585840523243 17.585840523243 17.585840523243 17.585840523243 17.585840523243 17.0392374098301 17.0392374098301 17.0392374098301 17.0392374098301 17.0392374098301 17.0392374098301 16.7050039470196 16.7050039470196 16.7050039470196 16.7050039470196
16.9353288412094 16.9353288412094 16.9353288412094 16.9353288412094 16.9353288412094 16.9353288412094 17.3687943816185 17.3687943816185 17.3687943816185 17.3687943816185 17.3687943816185 17.3687943816185 17.8805406689644 17.8805406689644 17.8805406689644 17.8805406689644 17.8805406689644 17.8805406689644 18.0193708539009 18.0193708539009 18.0193708539009 18.0193708539009 18.0193708539009 18.0193708539009 17.9989141225815 17.9989141225815 17.9989141225815 17.9989141225815 17.9989141225815 17.9989141225815 17.585840523243 17.585840523243 17.585840523243 17.585840523243 17.585840523243 17.585840523243 17.0392374098301 17.0392374098301 17.0392374098301 17.0392374098301 17.0392374098301 17.0392374098301 16.7050039470196 16.7050039470196 16.7050039470196 16.7050039470196
16.9353288412094 16.9353288412094 16.9353288412094 16.9353288412094 16.9353288412094 16.9353288412094 17.3687943816185 17.3687943816185 17.3687943816185 17.3687943816185 17.3687943816185 17.3687943816185 17.8805406689644 17.8805406689644 17.8805406689644 17.8805406689644 17.8805406689644 17.8805406689644 18.0193708539009 18.0193708539009 18.0193708539009 18.0193708539009 18.0193708539009 18.0193708539009 17.9989141225815 17.9989141225815 17.9989141225815 17.9989141225815 17.9989141225815 17.9989141225815 17.585840523243 17.585840523243 17.585840523243 17.585840523243 17.585840523243 17.585840523243 17.0392374098301 17.0392374098301 17.0392374098301 17.0392374098301 17.0392374098301 17.0392374098301 16.7050039470196 16.7050039470196 16.7050039470196 16.7050039470196
16.9353288412094 16.9353288412094 16.9353288412094 16.9353288412094 16.9353288412094 16.9353288412094 17.3687943816185 17.3687943816185 17.3687943816185 17.3687943816185 17.3687943816185 17.3687943816185 17.8805406689644 17.8805406689644 17.8805406689644 17.8805406689644 17.8805406689644 17.8805406689644 18.0193708539009 18.0193708539009 18.0193708539009 18.0193708539009 18.0193708539009 18.0193708539009 17.9989141225815 17.9989141225815 17.9989141225815 17.9989141225815 17.9989141225815 17.9989141225815 17.585840523243 17.585840523243 17.585840523243 17.585840523243 17.585840523243 17.585840523243 17.0392374098301 17.0392374098301 17.0392374098301 17.0392374098301 17.0392374098301 17.0392374098301 16.7050039470196 16.7050039470196 16.7050039470196 16.7050039470196
16.9353288412094 16.9353288412094 16.9353288412094 16.9353288412094 16.9353288412094 16.9353288412094 17.3687943816185 17.3687943816185 17.3687943816185 17.3687943816185 17.3687943816185 17.3687943816185 17.8805406689644 17.8805406689644 17.8805406689644 17.8805406689644 17.8805406689644 17.8805406689644 18.0193708539009 18.0193708539009 18.0193708539009 18.0193708539009 18.0193708539009 18.0193708539009 17.9989141225815 17.9989141225815 17.9989141225815 17.9989141225815 17.9989141225815 17.9989141225815 17.585840523243 17.585840523243 17.585840523243 17.585840523243 17.585840523243 17.585840523243 17.0392374098301 17.0392374098301 17.0392374098301 17.0392374098301 17.0392374098301 17.0392374098301 16.7050039470196 16.7050039470196 16.7050039470196 16.7050039470196
16.9353288412094 16.9353288412094 16.9353288412094 16.9353288412094 16.9353288412094 16.9353288412094 17.3687943816185 17.3687943816185 17.3687943816185 17.3687943816185 17.3687943816185 17.3687943816185 17.8805406689644 17.8805406689644 17.8805406689644 17.8805406689644 17.8805406689644 17.8805406689644 18.0193708539009 18.0193708539009 18.0193708539009 18.0193708539009 18.0193708539009 18.0193708539009 17.9989141225815 17.9989141225815 17.9989141225815 17.9989141225815 17.9989141225815 17.9989141225815 17.585840523243 17.585840523243 17.585840523243 17.585840523243 17.585840523243 17.585840523243 17.0392374098301 17.0392374098301 17.0392374098301 17.0392374098301 17.0392374098301 17.0392374098301 16.7050039470196 16.7050039470196 16.7050039470196 16.7050039470196
16.9694416224957 16.9694416224957 16.9694416224957 16.9694416224957 16.9694416224957 16.9694416224957 17.4539631605148 17.4539631605148 17.4539631605148 17.4539631605148 17.4539631605148 17.4539631605148 17.7622223496437 17.7622223496437 17.7622223496437 17.7622223496437 17.7622223496437 17.7622223496437 17.9973723292351 17.9973723292351 17.9973723292351 17.9973723292351 17.9973723292351 17.9973723292351 18.0703620910645 18.0703620910645 18.0703620910645 18.0703620910645 18.0703620910645 18.0703620910645 17.7515859007835 17.7515859007835 17.7515859007835 17.7515859007835 17.7515859007835 17.7515859007835 17.4350855052471 17.4350855052471 17.4350855052471 17.4350855052471 17.4350855052471 17.4350855052471 17.4556300342083 17.4556300342083 17.4556300342083 17.4556300342083
16.9694416224957 16.9694416224957 16.9694416224957 16.9694416224957 16.9694416224957 16.9694416224957 17.4539631605148 17.4539631605148 17.4539631605148 17.4539631605148 17.4539631605148 17.4539631605148 17.7622223496437 17.7622223496437 17.7622223496437 17.7622223496437 17.7622223496437 17.7622223496437 17.9973723292351 17.9973723292351 17.9973723292351 17.9973723292351 17.9973723292351 17.9973723292351 18.0703620910645 18.0703620910645 18.0703620910645 18.0703620910645 18.0703620910645 18.0703620910645 17.7515859007835 17.7515859007835 17.7515859007835 17.7515859007835 17.7515859007835 17.7515859007835 17.4350855052471 17.4350855052471 17.4350855052471 17.4350855052471 17.4350855052471 17.4350855052471 17.4556300342083 17.4556300342083 17.4556300342083 17.4556300342083
16.9694416224957 16.9694416224957 16.9694416224957 16.9694416224957 16.9694416224957 16.9694416224957 17.4539631605148 17.4539631605148 17.4539631605148 17.4539631605148 17.4539631605148 17.4539631605148 17.7622223496437 17.7622223496437 17.7622223496437 17.7622223496437 17.7622223496437 17.7622223496437 17.9973723292351 17.9973723292351 17.9973723292351 17.9973723292351 17.9973723292351 17.9973723292351 18.0703620910645 18.0703620910645 18.0703620910645 18.0703620910645 18.0703620910645 18.0703620910645 17.7515859007835 17.7515859007835 17.7515859007835 17.7515859007835 17.7515859007835 17.7515859007835 17.4350855052471 17.4350855052471 17.4350855052471 17.4350855052471 17.4350855052471 17.4350855052471 17.4556300342083 17.4556300342083 17.4556300342083 17.4556300342083
16.9694416224957 16.9694416224957 16.9694416224957 16.9694416224957 16.9694416224957 16.9694416224957 17.4539631605148 17.4539631605148 17.4539631605148 17.4539631605148 17.4539631605148 17.4539631605148 17.7622223496437 17.7622223496437 17.7622223496437 17.7622223496437 17.7622223496437 17.7622223496437 17.9973723292351 17.9973723292351 17.9973723292351 17.9973723292351 17.9973723292351 17.9973723292351 18.0703620910645 18.0703620910645 18.0703620910645 18.0703620910645 18.0703620910645 18.0703620910645 17.7515859007835 17.7515859007835 17.7515859007835 17.7515859007835 17.7515859007835 17.7515859007835 17.4350855052471 17.4350855052471 17.4350855052471 17.4350855052471 17.4350855052471 17.4350855052471 17.4556300342083 17.4556300342083 17.4556300342083 17.4556300342083
16.9694416224957 16.9694416224957 16.9694416224957 16.9694416224957 16.9694416224957 16.9694416224957 17.4539631605148 17.4539631605148 17.4539631605148 17.4539631605148 17.4539631605148 17.4539631605148 17.7622223496437 17.7622223496437 17.7622223496437 17.7622223496437 17.7622223496437 17.7622223496437 17.9973723292351 17.9973723292351 17.9973723292351 17.9973723292351 17.9973723292351 17.9973723292351 18.0703620910645 18.0703620910645 18.0703620910645 18.0703620910645 18.0703620910645 18.0703620910645 17.7515859007835 17.7515859007835 17.7515859007835 17.7515859007835 17.7515859007835 17.7515859007835 17.4350855052471 17.4350855052471 17.4350855052471 17.4350855052471 17.4350855052471 17.4350855052471 17.4556300342083 17.4556300342083 17.4556300342083 17.4556300342083
16.9694416224957 16.9694416224957 16.9694416224957 16.9694416224957 16.9694416224957 16.9694416224957 17.4539631605148 17.4539631605148 17.4539631605148 17.4539631605148 17.4539631605148 17.4539631605148 17.7622223496437 17.7622223496437 17.7622223496437 17.7622223496437 17.7622223496437 17.7622223496437 17.9973723292351 17.9973723292351 17.9973723292351 17.9973723292351 17.9973723292351 17.9973723292351 18.0703620910645 18.0703620910645 18.0703620910645 18.0703620910645 18.0703620910645 18.0703620910645 17.7515859007835 17.7515859007835 17.7515859007835 17.7515859007835 17.7515859007835 17.7515859007835 17.4350855052471 17.4350855052471 17.4350855052471 17.4350855052471 17.4350855052471 17.4350855052471 17.4556300342083 17.4556300342083 17.4556300342083 17.4556300342083
16.9899132847786 16.9899132847786 16.9899132847786 16.9899132847786 16.9899132847786 16.9899132847786 17.3218559622765 17.3218559622765 17.3218559622765 17.3218559622765 17.3218559622765 17.3218559622765 17.6346905231476 17.6346905231476 17.6346905231476 17.6346905231476 17.6346905231476 17.6346905231476 17.9313338398933 17.9313338398933 17.9313338398933 17.9313338398933 17.9313338398933 17.9313338398933 18.225521504879 18.225521504879 18.225521504879 18.225521504879 18.225521504879 18.225521504879 18.1787573695183 18.1787573695183 18.1787573695183 18.1787573695183 18.1787573695183 18.1787573695183 18.3400402367115 18.3400402367115 18.3400402367115 18.3400402367115 18.3400402367115 18.3400402367115 18.4097187519073 18.4097187519073 18.4097187519073 18.4097187519073
16.9899132847786 16.9899132847786 16.9899132847786 16.9899132847786 16.9899132847786 16.9899132847786 17.3218559622765 17.3218559622765 17.3218559622765 17.3218559622765 17.3218559622765 17.3218559622765 17.6346905231476 17.6346905231476 17.6346905231476 17.6346905231476 17.6346905231476 17.6346905231476 17.9313338398933 17.9313338398933 17.9313338398933 17.9313338398933 17.9313338398933 17.9313338398933 18.225521504879 18.225521504879 18.225521504879 18.225521504879 18.225521504879 18.225521504879 18.1787573695183 18.1787573695183 18.1787573695183 18.1787573695183 18.1787573695183 18.1787573695183 18.3400402367115 18.3400402367115 18.3400402367115 18.3400402367115 18.3400402367115 18.3400402367115 18.4097187519073 18.4097187519073 18.4097187519073 18.4097187519073
16.9899132847786 16.9899132847786 16.9899132847786 16.9899132847786 16.9899132847786 16.9899132847786 17.3218559622765 17.3218559622765 17.3218559622765 17.3218559622765 17.3218559622765 17.3218559622765 17.6346905231476 17.6346905231476 17.6346905231476 17.6346905231476 17.6346905231476 17.6346905231476 17.9313338398933 17.9313338398933 17.9313338398933 17.9313338398933 17.9313338398933 17.9313338398933 18.225521504879 18.225521504879 18.225521504879 18.225521504879 18.225521504879 18.225521504879 18.1787573695183 18.1787573695183 18.1787573695183 18.1787573695183 18.1787573695183 18.1787573695183 18.3400402367115 18.3400402367115 18.3400402367115 18.3400402367115 18.3400402367115 18.3400402367115 18.4097187519073 18.4097187519073 18.4097187519073 18.4097187519073
16.9899132847786 16.9899132847786 16.9899132847786 16.9899132847786 16.9899132847786 16.9899132847786 17.3218559622765 17.3218559622765 17.3218559622765 17.3218559622765 17.3218559622765 17.3218559622765 17.6346905231476 17.6346905231476 17.6346905231476 17.6346905231476 17.6346905231476 17.6346905231476 17.9313338398933 17.9313338398933 17.9313338398933 17.9313338398933 17.9313338398933 17.9313338398933 18.225521504879 18.225521504879 18.225521504879 18.225521504879 18.225521504879 18.225521504879 18.1787573695183 18.1787573695183 18.1787573695183 18.1787573695183 18.1787573695183 18.1787573695183 18.3400402367115 18.3400402367115 18.3400402367115 18.3400402367115 18.3400402367115 18.3400402367115 18.4097187519073 18.4097187519073 18.4097187519073 18.4097187519073
16.9899132847786 16.9899132847786 16.9899132847786 16.9899132847786 16.9899132847786 16.9899132847786 17.3218559622765 17.3218559622765 17.3218559622765 17.3218559622765 17.3218559622765 17.3218559622765 17.6346905231476 17.6346905231476 17.6346905231476 17.6346905231476 17.6346905231476 17.6346905231476 17.9313338398933 17.9313338398933 17.9313338398933 17.9313338398933 17.9313338398933 17.9313338398933 18.225521504879 18.225521504879 18.225521504879 18.225521504879 18.225521504879 18.225521504879 18.1787573695183 18.1787573695183 18.1787573695183 18.1787573695183 18.1787573695183 18.1787573695183 18.3400402367115 18.3400402367115 18.3400402367115 18.3400402367115 18.3400402367115 18.3400402367115 18.4097187519073 18.4097187519073 18.4097187519073 18.4097187519073
