Archive - glowpa-model-master/Model input/Uganda/SWradiation/SWdown_mean_jan_1.asc
NCOLS 67 
NROWS 67 
XLLCORNER 29.5000000014144 
YLLCORNER -1.49999999936061 
CELLSIZE 0.0833333332926796 
NODATA_value -9999 
[rows 20 to 39 of 67, columns 0 to 45 of 67]
-9999 -9999 -9999 -9999 -9999 -9999 -9999 -9999 -9999 -9999 -9999 -9999 -9999 -9999 -9999 19.0128200054169 19.0128200054169 19.0128200054169 19.5526067614555 19.5526067614555 19.5526067614555 19.5526067614555 19.5526067614555 19.5526067614555 19.7742657661438 19.7742657661438 19.7742657661438 19.7742657661438 19.7742657661438 19.7742657661438 20.2107964158058 20.2107964158058 20.2107964158058 20.2107964158058 20.2107964158058 20.2107964158058 20.540112555027 20.540112555027 20.540112555027 20.540112555027 20.540112555027 20.540112555027 20.7856540679932 20.7856540679932 20.7856540679932 20.7856540679932
-9999 -9999 -9999 -9999 -9999 -9999 -9999 -9999 -9999 -9999 -9999 -9999 -9999 -9999 -9999 19.0128200054169 19.0128200054169 19.0128200054169 19.5526067614555 19.5526067614555 19.5526067614555 19.5526067614555 19.5526067614555 19.5526067614555 19.7742657661438 19.7742657661438 19.7742657661438 19.7742657661438 19.7742657661438 19.7742657661438 20.2107964158058 20.2107964158058 20.2107964158058 20.2107964158058 20.2107964158058 20.2107964158058 20.540112555027 20.540112555027 20.540112555027 20.540112555027 20.540112555027 20.540112555027 20.7856540679932 20.7856540679932 20.7856540679932 20.7856540679932
-9999 -9999 -9999 -9999 -9999 -9999 -9999 -9999 -9999 -9999 -9999 -9999 -9999 -9999 -9999 -9999 19.0128200054169 19.0128200054169 19.5526067614555 19.5526067614555 19.5526067614555 19.5526067614555 19.5526067614555 19.5526067614555 19.7742657661438 19.7742657661438 19.7742657661438 19.7742657661438 19.7742657661438 19.7742657661438 20.2107964158058 20.2107964158058 20.2107964158058 20.2107964158058 20.2107964158058 20.2107964158058 20.540112555027 20.540112555027 20.540112555027 20.540112555027 20.540112555027 20.540112555027 20.7856540679932 20.7856540679932 20.7856540679932 20.7856540679932
-9999 -9999 -9999 -9999 -9999 -9999 -9999 -9999 -9999 -9999 -9999 -9999 -9999 -9999 -9999 -9999 -9999 19.0128200054169 19.5526067614555 19.5526067614555 19.5526067614555 19.5526067614555 19.5526067614555 19.5526067614555 19.7742657661438 19.7742657661438 19.7742657661438 19.7742657661438 19.7742657661438 19.7742657661438 20.2107964158058 20.2107964158058 20.2107964158058 20.2107964158058 20.2107964158058 20.2107964158058 20.540112555027 20.540112555027 20.540112555027 20.540112555027 20.540112555027 20.540112555027 20.7856540679932 20.7856540679932 20.7856540679932 20.7856540679932
-9999 -9999 -9999 -9999 -9999 -9999 -9999 -9999 -9999 -9999 -9999 -9999 -9999 -9999 -9999 19.0128200054169 19.0128200054169 19.0128200054169 19.5526067614555 19.5526067614555 19.5526067614555 19.5526067614555 19.5526067614555 19.5526067614555 19.7742657661438 19.7742657661438 19.7742657661438 19.7742657661438 19.7742657661438 19.7742657661438 20.2107964158058 20.2107964158058 20.2107964158058 20.2107964158058 20.2107964158058 20.2107964158058 20.540112555027 20.540112555027 20.540112555027 20.540112555027 20.540112555027 20.540112555027 20.7856540679932 20.7856540679932 20.7856540679932 20.7856540679932
-9999 -9999 -9999 -9999 -9999 -9999 -9999 -9999 -9999 -9999 -9999 -9999 -9999 -9999 -9999 18.5446500480175 18.5446500480175 18.5446500480175 18.9988130629063 18.9988130629063 18.9988130629063 18.9988130629063 18.9988130629063 18.9988130629063 19.3344770669937 19.3344770669937 19.3344770669937 19.3344770669937 19.3344770669937 19.3344770669937 19.7000994086266 19.7000994086266 19.7000994086266 19.7000994086266 19.7000994086266 19.7000994086266 19.9858648777008 19.9858648777008 19.9858648777008 19.9858648777008 19.9858648777008 19.9858648777008 19.9911367297173 19.9911367297173 19.9911367297173 19.9911367297173
-9999 -9999 -9999 -9999 -9999 -9999 -9999 -9999 -9999 -9999 -9999 -9999 -9999 -9999 -9999 18.5446500480175 18.5446500480175 18.5446500480175 18.9988130629063 18.9988130629063 18.9988130629063 18.9988130629063 18.9988130629063 18.9988130629063 19.3344770669937 19.3344770669937 19.3344770669937 19.3344770669937 19.3344770669937 19.3344770669937 19.7000994086266 19.7000994086266 19.7000994086266 19.7000994086266 19.7000994086266 19.7000994086266 19.9858648777008 19.9858648777008 19.9858648777008 19.9858648777008 19.9858648777008 19.9858648777008 19.9911367297173 19.9911367297173 19.9911367297173 19.9911367297173
-9999 -9999 -9999 -9999 -9999 -9999 -9999 -9999 -9999 -9999 -9999 -9999 -9999 -9999 -9999 18.5446500480175 18.5446500480175 18.5446500480175 18.9988130629063 18.9988130629063 18.9988130629063 18.9988130629063 18.9988130629063 18.9988130629063 19.3344770669937 19.3344770669937 19.3344770669937 19.3344770669937 19.3344770669937 19.3344770669937 19.7000994086266 19.7000994086266 19.7000994086266 19.7000994086266 19.7000994086266 19.7000994086266 19.9858648777008 19.9858648777008 19.9858648777008 19.9858648777008 19.9858648777008 19.9858648777008 19.9911367297173 19.9911367297173 19.9911367297173 19.9911367297173
-9999 -9999 -9999 -9999 -9999 -9999 -9999 -9999 -9999 -9999 -9999 -9999 -9999 -9999 18.5446500480175 18.5446500480175 18.5446500480175 18.5446500480175 18.9988130629063 18.9988130629063 18.9988130629063 18.9988130629063 18.9988130629063 18.9988130629063 19.3344770669937 19.3344770669937 19.3344770669937 19.3344770669937 19.3344770669937 19.3344770669937 19.7000994086266 19.7000994086266 19.7000994086266 19.7000994086266 19.7000994086266 19.7000994086266 19.9858648777008 19.9858648777008 19.9858648777008 19.9858648777008 19.9858648777008 19.9858648777008 19.9911367297173 19.9911367297173 19.9911367297173 19.9911367297173
-9999 -9999 -9999 -9999 -9999 -9999 -9999 -9999 -9999 -9999 -9999 18.1740470826626 18.5446500480175 18.5446500480175 18.5446500480175 18.5446500480175 18.5446500480175 18.5446500480175 18.9988130629063 18.9988130629063 18.9988130629063 18.9988130629063 18.9988130629063 18.9988130629063 19.3344770669937 19.3344770669937 19.3344770669937 19.3344770669937 19.3344770669937 19.3344770669937 19.7000994086266 19.7000994086266 19.7000994086266 19.7000994086266 19.7000994086266 19.7000994086266 19.9858648777008 19.9858648777008 19.9858648777008 19.9858648777008 19.9858648777008 19.9858648777008 19.9911367297173 19.9911367297173 19.9911367297173 19.9911367297173
-9999 -9999 -9999 -9999 -9999 -9999 -9999 -9999 -9999 -9999 18.1740470826626 18.1740470826626 18.5446500480175 18.5446500480175 18.5446500480175 18.5446500480175 18.5446500480175 18.5446500480175 18.9988130629063 18.9988130629063 18.9988130629063 18.9988130629063 18.9988130629063 18.9988130629063 19.3344770669937 19.3344770669937 19.3344770669937 19.3344770669937 19.3344770669937 19.3344770669937 19.7000994086266 19.7000994086266 19.7000994086266 19.7000994086266 19.7000994086266 19.7000994086266 19.9858648777008 19.9858648777008 19.9858648777008 19.9858648777008 19.9858648777008 19.9858648777008 19.9911367297173 19.9911367297173 19.9911367297173 19.9911367297173
-9999 -9999 -9999 -9999 -9999 -9999 -9999 -9999 -9999 -9999 17.9315283894539 17.9315283894539 18.1922585368156 18.1922585368156 18.1922585368156 18.1922585368156 18.1922585368156 18.1922585368156 18.5098304450512 18.5098304450512 18.5098304450512 18.5098304450512 18.5098304450512 18.5098304450512 18.7404506206512 18.7404506206512 18.7404506206512 18.7404506206512 18.7404506206512 18.7404506206512 19.0429159998894 19.0429159998894 19.0429159998894 19.0429159998894 19.0429159998894 19.0429159998894 19.2240055799484 19.2240055799484 19.2240055799484 19.2240055799484 19.2240055799484 19.2240055799484 19.3738930821419 19.3738930821419 19.3738930821419 19.3738930821419
-9999 -9999 -9999 -9999 -9999 -9999 -9999 -9999 -9999 17.9315283894539 17.9315283894539 17.9315283894539 18.1922585368156 18.1922585368156 18.1922585368156 18.1922585368156 18.1922585368156 18.1922585368156 18.5098304450512 18.5098304450512 18.5098304450512 18.5098304450512 18.5098304450512 18.5098304450512 18.7404506206512 18.7404506206512 18.7404506206512 18.7404506206512 18.7404506206512 18.7404506206512 19.0429159998894 19.0429159998894 19.0429159998894 19.0429159998894 19.0429159998894 19.0429159998894 19.2240055799484 19.2240055799484 19.2240055799484 19.2240055799484 19.2240055799484 19.2240055799484 19.3738930821419 19.3738930821419 19.3738930821419 19.3738930821419
-9999 -9999 -9999 -9999 -9999 -9999 -9999 -9999 -9999 17.9315283894539 17.9315283894539 17.9315283894539 18.1922585368156 18.1922585368156 18.1922585368156 18.1922585368156 18.1922585368156 18.1922585368156 18.5098304450512 18.5098304450512 18.5098304450512 18.5098304450512 18.5098304450512 18.5098304450512 18.7404506206512 18.7404506206512 18.7404506206512 18.7404506206512 18.7404506206512 18.7404506206512 19.0429159998894 19.0429159998894 19.0429159998894 19.0429159998894 19.0429159998894 19.0429159998894 19.2240055799484 19.2240055799484 19.2240055799484 19.2240055799484 19.2240055799484 19.2240055799484 19.3738930821419 19.3738930821419 19.3738930821419 19.3738930821419
-9999 -9999 -9999 -9999 -9999 -9999 17.9315283894539 17.9315283894539 17.9315283894539 17.9315283894539 17.9315283894539 17.9315283894539 18.1922585368156 18.1922585368156 18.1922585368156 18.1922585368156 18.1922585368156 18.1922585368156 18.5098304450512 18.5098304450512 18.5098304450512 18.5098304450512 18.5098304450512 18.5098304450512 18.7404506206512 18.7404506206512 18.7404506206512 18.7404506206512 18.7404506206512 18.7404506206512 19.0429159998894 19.0429159998894 19.0429159998894 19.0429159998894 19.0429159998894 19.0429159998894 19.2240055799484 19.2240055799484 19.2240055799484 19.2240055799484 19.2240055799484 19.2240055799484 19.3738930821419 19.3738930821419 19.3738930821419 19.3738930821419
-9999 -9999 -9999 -9999 -9999 -9999 17.9315283894539 17.9315283894539 17.9315283894539 17.9315283894539 17.9315283894539 17.9315283894539 18.1922585368156 18.1922585368156 18.1922585368156 18.1922585368156 18.1922585368156 18.1922585368156 18.5098304450512 18.5098304450512 18.5098304450512 18.5098304450512 18.5098304450512 18.5098304450512 18.7404506206512 18.7404506206512 18.7404506206512 18.7404506206512 18.7404506206512 18.7404506206512 19.0429159998894 19.0429159998894 19.0429159998894 19.0429159998894 19.0429159998894 19.0429159998894 19.2240055799484 19.2240055799484 19.2240055799484 19.2240055799484 19.2240055799484 19.2240055799484 19.3738930821419 19.3738930821419 19.3738930821419 19.3738930821419
-9999 -9999 -9999 -9999 -9999 17.6380240619183 17.9315283894539 17.9315283894539 17.9315283894539 17.9315283894539 17.9315283894539 17.9315283894539 18.1922585368156 18.1922585368156 18.1922585368156 18.1922585368156 18.1922585368156 18.1922585368156 18.5098304450512 18.5098304450512 18.5098304450512 18.5098304450512 18.5098304450512 18.5098304450512 18.7404506206512 18.7404506206512 18.7404506206512 18.7404506206512 18.7404506206512 18.7404506206512 19.0429159998894 19.0429159998894 19.0429159998894 19.0429159998894 19.0429159998894 19.0429159998894 19.2240055799484 19.2240055799484 19.2240055799484 19.2240055799484 19.2240055799484 19.2240055799484 19.3738930821419 19.3738930821419 19.3738930821419 19.3738930821419
-9999 -9999 17.571025967598 17.571025967598 17.571025967598 17.571025967598 17.8524097800255 17.8524097800255 17.8524097800255 17.8524097800255 17.8524097800255 17.8524097800255 18.0910327136517 18.0910327136517 18.0910327136517 18.0910327136517 18.0910327136517 18.0910327136517 18.3757863342762 18.3757863342762 18.3757863342762 18.3757863342762 18.3757863342762 18.3757863342762 18.5705383121967 18.5705383121967 18.5705383121967 18.5705383121967 18.5705383121967 18.5705383121967 18.8608143031597 18.8608143031597 18.8608143031597 18.8608143031597 18.8608143031597 18.8608143031597 18.9233767390251 18.9233767390251 18.9233767390251 18.9233767390251 18.9233767390251 18.9233767390251 19.0443258285522 19.0443258285522 19.0443258285522 19.0443258285522
-9999 17.571025967598 17.571025967598 17.571025967598 17.571025967598 17.571025967598 17.8524097800255 17.8524097800255 17.8524097800255 17.8524097800255 17.8524097800255 17.8524097800255 18.0910327136517 18.0910327136517 18.0910327136517 18.0910327136517 18.0910327136517 18.0910327136517 18.3757863342762 18.3757863342762 18.3757863342762 18.3757863342762 18.3757863342762 18.3757863342762 18.5705383121967 18.5705383121967 18.5705383121967 18.5705383121967 18.5705383121967 18.5705383121967 18.8608143031597 18.8608143031597 18.8608143031597 18.8608143031597 18.8608143031597 18.8608143031597 18.9233767390251 18.9233767390251 18.9233767390251 18.9233767390251 18.9233767390251 18.9233767390251 19.0443258285522 19.0443258285522 19.0443258285522 19.0443258285522
-9999 17.571025967598 17.571025967598 17.571025967598 17.571025967598 17.571025967598 17.8524097800255 17.8524097800255 17.8524097800255 17.8524097800255 17.8524097800255 17.8524097800255 18.0910327136517 18.0910327136517 18.0910327136517 18.0910327136517 18.0910327136517 18.0910327136517 18.3757863342762 18.3757863342762 18.3757863342762 18.3757863342762 18.3757863342762 18.3757863342762 18.5705383121967 18.5705383121967 18.5705383121967 18.5705383121967 18.5705383121967 18.5705383121967 18.8608143031597 18.8608143031597 18.8608143031597 18.8608143031597 18.8608143031597 18.8608143031597 18.9233767390251 18.9233767390251 18.9233767390251 18.9233767390251 18.9233767390251 18.9233767390251 19.0443258285522 19.0443258285522 19.0443258285522 19.0443258285522
