Archive - glowpa-model-master/Model input/Uganda/SWradiation/SWdown_mean_feb_1.asc
NCOLS 67 
NROWS 67 
XLLCORNER 29.5000000014144 
YLLCORNER -1.49999999936061 
CELLSIZE 0.0833333332926796 
NODATA_value -9999 
[rows 20 to 39 of 67, columns 0 to 45 of 67]
-9999 -9999 -9999 -9999 -9999 -9999 -9999 -9999 -9999 -9999 -9999 -9999 -9999 -9999 -9999 20.549454331398 20.549454331398 20.549454331398 20.8829872012138 20.8829872012138 20.8829872012138 20.8829872012138 20.8829872012138 20.8829872012138 21.0415958166122 21.0415958166122 21.0415958166122 21.0415958166122 21.0415958166122 21.0415958166122 21.4170296788216 21.4170296788216 21.4170296788216 21.4170296788216 21.4170296788216 21.4170296788216 21.6498944163322 21.6498944163322 21.6498944163322 21.6498944163322 21.6498944163322 21.6498944163322 21.8434910774231 21.8434910774231 21.8434910774231 21.8434910774231
-9999 -9999 -9999 -9999 -9999 -9999 -9999 -9999 -9999 -9999 -9999 -9999 -9999 -9999 -9999 20.549454331398 20.549454331398 20.549454331398 20.8829872012138 20.8829872012138 20.8829872012138 20.8829872012138 20.8829872012138 20.8829872012138 21.0415958166122 21.0415958166122 21.0415958166122 21.0415958166122 21.0415958166122 21.0415958166122 21.4170296788216 21.4170296788216 21.4170296788216 21.4170296788216 21.4170296788216 21.4170296788216 21.6498944163322 21.6498944163322 21.6498944163322 21.6498944163322 21.6498944163322 21.6498944163322 21.8434910774231 21.8434910774231 21.8434910774231 21.8434910774231
-9999 -9999 -9999 -9999 -9999 -9999 -9999 -9999 -9999 -9999 -9999 -9999 -9999 -9999 -9999 -9999 20.549454331398 20.549454331398 20.8829872012138 20.8829872012138 20.8829872012138 20.8829872012138 20.8829872012138 20.8829872012138 21.0415958166122 21.0415958166122 21.0415958166122 21.0415958166122 21.0415958166122 21.0415958166122 21.4170296788216 21.4170296788216 21.4170296788216 21.4170296788216 21.4170296788216 21.4170296788216 21.6498944163322 21.6498944163322 21.6498944163322 21.6498944163322 21.6498944163322 21.6498944163322 21.8434910774231 21.8434910774231 21.8434910774231 21.8434910774231
-9999 -9999 -9999 -9999 -9999 -9999 -9999 -9999 -9999 -9999 -9999 -9999 -9999 -9999 -9999 -9999 -9999 20.549454331398 20.8829872012138 20.8829872012138 20.8829872012138 20.8829872012138 20.8829872012138 20.8829872012138 21.0415958166122 21.0415958166122 21.0415958166122 21.0415958166122 21.0415958166122 21.0415958166122 21.4170296788216 21.4170296788216 21.4170296788216 21.4170296788216 21.4170296788216 21.4170296788216 21.6498944163322 21.6498944163322 21.6498944163322 21.6498944163322 21.6498944163322 21.6498944163322 21.8434910774231 21.8434910774231 21.8434910774231 21.8434910774231
-9999 -9999 -9999 -9999 -9999 -9999 -9999 -9999 -9999 -9999 -9999 -9999 -9999 -9999 -9999 20.549454331398 20.549454331398 20.549454331398 20.8829872012138 20.8829872012138 20.8829872012138 20.8829872012138 20.8829872012138 20.8829872012138 21.0415958166122 21.0415958166122 21.0415958166122 21.0415958166122 21.0415958166122 21.0415958166122 21.4170296788216 21.4170296788216 21.4170296788216 21.4170296788216 21.4170296788216 21.4170296788216 21.6498944163322 21.6498944163322 21.6498944163322 21.6498944163322 21.6498944163322 21.6498944163322 21.8434910774231 21.8434910774231 21.8434910774231 21.8434910774231
-9999 -9999 -9999 -9999 -9999 -9999 -9999 -9999 -9999 -9999 -9999 -9999 -9999 -9999 -9999 20.2010298967361 20.2010298967361 20.2010298967361 20.5095390081406 20.5095390081406 20.5095390081406 20.5095390081406 20.5095390081406 20.5095390081406 20.7092195749283 20.7092195749283 20.7092195749283 20.7092195749283 20.7092195749283 20.7092195749283 20.9878200292587 20.9878200292587 20.9878200292587 20.9878200292587 20.9878200292587 20.9878200292587 21.1283033490181 21.1283033490181 21.1283033490181 21.1283033490181 21.1283033490181 21.1283033490181 21.1981800794601 21.1981800794601 21.1981800794601 21.1981800794601
-9999 -9999 -9999 -9999 -9999 -9999 -9999 -9999 -9999 -9999 -9999 -9999 -9999 -9999 -9999 20.2010298967361 20.2010298967361 20.2010298967361 20.5095390081406 20.5095390081406 20.5095390081406 20.5095390081406 20.5095390081406 20.5095390081406 20.7092195749283 20.7092195749283 20.7092195749283 20.7092195749283 20.7092195749283 20.7092195749283 20.9878200292587 20.9878200292587 20.9878200292587 20.9878200292587 20.9878200292587 20.9878200292587 21.1283033490181 21.1283033490181 21.1283033490181 21.1283033490181 21.1283033490181 21.1283033490181 21.1981800794601 21.1981800794601 21.1981800794601 21.1981800794601
-9999 -9999 -9999 -9999 -9999 -9999 -9999 -9999 -9999 -9999 -9999 -9999 -9999 -9999 -9999 20.2010298967361 20.2010298967361 20.2010298967361 20.5095390081406 20.5095390081406 20.5095390081406 20.5095390081406 20.5095390081406 20.5095390081406 20.7092195749283 20.7092195749283 20.7092195749283 20.7092195749283 20.7092195749283 20.7092195749283 20.9878200292587 20.9878200292587 20.9878200292587 20.9878200292587 20.9878200292587 20.9878200292587 21.1283033490181 21.1283033490181 21.1283033490181 21.1283033490181 21.1283033490181 21.1283033490181 21.1981800794601 21.1981800794601 21.1981800794601 21.1981800794601
-9999 -9999 -9999 -9999 -9999 -9999 -9999 -9999 -9999 -9999 -9999 -9999 -9999 -9999 20.2010298967361 20.2010298967361 20.2010298967361 20.2010298967361 20.5095390081406 20.5095390081406 20.5095390081406 20.5095390081406 20.5095390081406 20.5095390081406 20.7092195749283 20.7092195749283 20.7092195749283 20.7092195749283 20.7092195749283 20.7092195749283 20.9878200292587 20.9878200292587 20.9878200292587 20.9878200292587 20.9878200292587 20.9878200292587 21.1283033490181 21.1283033490181 21.1283033490181 21.1283033490181 21.1283033490181 21.1283033490181 21.1981800794601 21.1981800794601 21.1981800794601 21.1981800794601
-9999 -9999 -9999 -9999 -9999 -9999 -9999 -9999 -9999 -9999 -9999 19.9215181469917 20.2010298967361 20.2010298967361 20.2010298967361 20.2010298967361 20.2010298967361 20.2010298967361 20.5095390081406 20.5095390081406 20.5095390081406 20.5095390081406 20.5095390081406 20.5095390081406 20.7092195749283 20.7092195749283 20.7092195749283 20.7092195749283 20.7092195749283 20.7092195749283 20.9878200292587 20.9878200292587 20.9878200292587 20.9878200292587 20.9878200292587 20.9878200292587 21.1283033490181 21.1283033490181 21.1283033490181 21.1283033490181 21.1283033490181 21.1283033490181 21.1981800794601 21.1981800794601 21.1981800794601 21.1981800794601
-9999 -9999 -9999 -9999 -9999 -9999 -9999 -9999 -9999 -9999 19.9215181469917 19.9215181469917 20.2010298967361 20.2010298967361 20.2010298967361 20.2010298967361 20.2010298967361 20.2010298967361 20.5095390081406 20.5095390081406 20.5095390081406 20.5095390081406 20.5095390081406 20.5095390081406 20.7092195749283 20.7092195749283 20.7092195749283 20.7092195749283 20.7092195749283 20.7092195749283 20.9878200292587 20.9878200292587 20.9878200292587 20.9878200292587 20.9878200292587 20.9878200292587 21.1283033490181 21.1283033490181 21.1283033490181 21.1283033490181 21.1283033490181 21.1283033490181 21.1981800794601 21.1981800794601 21.1981800794601 21.1981800794601
-9999 -9999 -9999 -9999 -9999 -9999 -9999 -9999 -9999 -9999 19.6738783717155 19.6738783717155 19.9292105436325 19.9292105436325 19.9292105436325 19.9292105436325 19.9292105436325 19.9292105436325 20.1707609891891 20.1707609891891 20.1707609891891 20.1707609891891 20.1707609891891 20.1707609891891 20.2809536755085 20.2809536755085 20.2809536755085 20.2809536755085 20.2809536755085 20.2809536755085 20.4212927818298 20.4212927818298 20.4212927818298 20.4212927818298 20.4212927818298 20.4212927818298 20.4806251823902 20.4806251823902 20.4806251823902 20.4806251823902 20.4806251823902 20.4806251823902 20.6422355175018 20.6422355175018 20.6422355175018 20.6422355175018
-9999 -9999 -9999 -9999 -9999 -9999 -9999 -9999 -9999 19.6738783717155 19.6738783717155 19.6738783717155 19.9292105436325 19.9292105436325 19.9292105436325 19.9292105436325 19.9292105436325 19.9292105436325 20.1707609891891 20.1707609891891 20.1707609891891 20.1707609891891 20.1707609891891 20.1707609891891 20.2809536755085 20.2809536755085 20.2809536755085 20.2809536755085 20.2809536755085 20.2809536755085 20.4212927818298 20.4212927818298 20.4212927818298 20.4212927818298 20.4212927818298 20.4212927818298 20.4806251823902 20.4806251823902 20.4806251823902 20.4806251823902 20.4806251823902 20.4806251823902 20.6422355175018 20.6422355175018 20.6422355175018 20.6422355175018
-9999 -9999 -9999 -9999 -9999 -9999 -9999 -9999 -9999 19.6738783717155 19.6738783717155 19.6738783717155 19.9292105436325 19.9292105436325 19.9292105436325 19.9292105436325 19.9292105436325 19.9292105436325 20.1707609891891 20.1707609891891 20.1707609891891 20.1707609891891 20.1707609891891 20.1707609891891 20.2809536755085 20.2809536755085 20.2809536755085 20.2809536755085 20.2809536755085 20.2809536755085 20.4212927818298 20.4212927818298 20.4212927818298 20.4212927818298 20.4212927818298 20.4212927818298 20.4806251823902 20.4806251823902 20.4806251823902 20.4806251823902 20.4806251823902 20.4806251823902 20.6422355175018 20.6422355175018 20.6422355175018 20.6422355175018
-9999 -9999 -9999 -9999 -9999 -9999 19.6738783717155 19.6738783717155 19.6738783717155 19.6738783717155 19.6738783717155 19.6738783717155 19.9292105436325 19.9292105436325 19.9292105436325 19.9292105436325 19.9292105436325 19.9292105436325 20.1707609891891 20.1707609891891 20.1707609891891 20.1707609891891 20.1707609891891 20.1707609891891 20.2809536755085 20.2809536755085 20.2809536755085 20.2809536755085 20.2809536755085 20.2809536755085 20.4212927818298 20.4212927818298 20.4212927818298 20.4212927818298 20.4212927818298 20.4212927818298 20.4806251823902 20.4806251823902 20.4806251823902 20.4806251823902 20.4806251823902 20.4806251823902 20.6422355175018 20.6422355175018 20.6422355175018 20.6422355175018
-9999 -9999 -9999 -9999 -9999 -9999 19.6738783717155 19.6738783717155 19.6738783717155 19.6738783717155 19.6738783717155 19.6738783717155 19.9292105436325 19.9292105436325 19.9292105436325 19.9292105436325 19.9292105436325 19.9292105436325 20.1707609891891 20.1707609891891 20.1707609891891 20.1707609891891 20.1707609891891 20.1707609891891 20.2809536755085 20.2809536755085 20.2809536755085 20.2809536755085 20.2809536755085 20.2809536755085 20.4212927818298 20.4212927818298 20.4212927818298 20.4212927818298 20.4212927818298 20.4212927818298 20.4806251823902 20.4806251823902 20.4806251823902 20.4806251823902 20.4806251823902 20.4806251823902 20.6422355175018 20.6422355175018 20.6422355175018 20.6422355175018
-9999 -9999 -9999 -9999 -9999 19.313384771347 19.6738783717155 19.6738783717155 19.6738783717155 19.6738783717155 19.6738783717155 19.6738783717155 19.9292105436325 19.9292105436325 19.9292105436325 19.9292105436325 19.9292105436325 19.9292105436325 20.1707609891891 20.1707609891891 20.1707609891891 20.1707609891891 20.1707609891891 20.1707609891891 20.2809536755085 20.2809536755085 20.2809536755085 20.2809536755085 20.2809536755085 20.2809536755085 20.4212927818298 20.4212927818298 20.4212927818298 20.4212927818298 20.4212927818298 20.4212927818298 20.4806251823902 20.4806251823902 20.4806251823902 20.4806251823902 20.4806251823902 20.4806251823902 20.6422355175018 20.6422355175018 20.6422355175018 20.6422355175018
-9999 -9999 19.2364541888237 19.2364541888237 19.2364541888237 19.2364541888237 19.407489836216 19.407489836216 19.407489836216 19.407489836216 19.407489836216 19.407489836216 19.8203151226044 19.8203151226044 19.8203151226044 19.8203151226044 19.8203151226044 19.8203151226044 19.9760415554047 19.9760415554047 19.9760415554047 19.9760415554047 19.9760415554047 19.9760415554047 20.0785559415817 20.0785559415817 20.0785559415817 20.0785559415817 20.0785559415817 20.0785559415817 20.2326773107052 20.2326773107052 20.2326773107052 20.2326773107052 20.2326773107052 20.2326773107052 20.2192303538322 20.2192303538322 20.2192303538322 20.2192303538322 20.2192303538322 20.2192303538322 20.4188171625137 20.4188171625137 20.4188171625137 20.4188171625137
-9999 19.2364541888237 19.2364541888237 19.2364541888237 19.2364541888237 19.2364541888237 19.407489836216 19.407489836216 19.407489836216 19.407489836216 19.407489836216 19.407489836216 19.8203151226044 19.8203151226044 19.8203151226044 19.8203151226044 19.8203151226044 19.8203151226044 19.9760415554047 19.9760415554047 19.9760415554047 19.9760415554047 19.9760415554047 19.9760415554047 20.0785559415817 20.0785559415817 20.0785559415817 20.0785559415817 20.0785559415817 20.0785559415817 20.2326773107052 20.2326773107052 20.2326773107052 20.2326773107052 20.2326773107052 20.2326773107052 20.2192303538322 20.2192303538322 20.2192303538322 20.2192303538322 20.2192303538322 20.2192303538322 20.4188171625137 20.4188171625137 20.4188171625137 20.4188171625137
-9999 19.2364541888237 19.2364541888237 19.2364541888237 19.2364541888237 19.2364541888237 19.407489836216 19.407489836216 19.407489836216 19.407489836216 19.407489836216 19.407489836216 19.8203151226044 19.8203151226044 19.8203151226044 19.8203151226044 19.8203151226044 19.8203151226044 19.9760415554047 19.9760415554047 19.9760415554047 19.9760415554047 19.9760415554047 19.9760415554047 20.0785559415817 20.0785559415817 20.0785559415817 20.0785559415817 20.0785559415817 20.0785559415817 20.2326773107052 20.2326773107052 20.2326773107052 20.2326773107052 20.2326773107052 20.2326773107052 20.2192303538322 20.2192303538322 20.2192303538322 20.2192303538322 20.2192303538322 20.2192303538322 20.4188171625137 20.4188171625137 20.4188171625137 20.4188171625137
