Archive - glowpa-model-master/Model input/Uganda/SWradiation/SWdown_mean_sep_1.asc
NCOLS 67 
NROWS 67 
XLLCORNER 29.5000000014144 
YLLCORNER -1.49999999936061 
CELLSIZE 0.0833333332926796 
NODATA_value -9999 
[rows 20 to 39 of 67, columns 0 to 45 of 67]
-9999 -9999 -9999 -9999 -9999 -9999 -9999 -9999 -9999 -9999 -9999 -9999 -9999 -9999 -9999 17.736717581749 17.736717581749 17.736717581749 18.1834537386894 18.1834537386894 18.1834537386894 18.1834537386894 18.1834537386894 18.1834537386894 18.5025906562805 18.5025906562805 18.5025906562805 18.5025906562805 18.5025906562805 18.5025906562805 18.9685161113739 18.9685161113739 18.9685161113739 18.9685161113739 18.9685161113739 18.9685161113739 19.3842724561691 19.3842724561691 19.3842724561691 19.3842724561691 19.3842724561691 19.3842724561691 19.7036175131798 19.7036175131798 19.7036175131798 19.7036175131798
-9999 -9999 -9999 -9999 -9999 -9999 -9999 -9999 -9999 -9999 -9999 -9999 -9999 -9999 -9999 17.736717581749 17.736717581749 17.736717581749 18.1834537386894 18.1834537386894 18.1834537386894 18.1834537386894 18.1834537386894 18.1834537386894 18.5025906562805 18.5025906562805 18.5025906562805 18.5025906562805 18.5025906562805 18.5025906562805 18.9685161113739 18.9685161113739 18.9685161113739 18.9685161113739 18.9685161113739 18.9685161113739 19.3842724561691 19.3842724561691 19.3842724561691 19.3842724561691 19.3842724561691 19.3842724561691 19.7036175131798 19.7036175131798 19.7036175131798 19.7036175131798
-9999 -9999 -9999 -9999 -9999 -9999 -9999 -9999 -9999 -9999 -9999 -9999 -9999 -9999 -9999 -9999 17.736717581749 17.736717581749 18.1834537386894 18.1834537386894 18.1834537386894 18.1834537386894 18.1834537386894 18.1834537386894 18.5025906562805 18.5025906562805 18.5025906562805 18.5025906562805 18.5025906562805 18.5025906562805 18.9685161113739 18.9685161113739 18.9685161113739 18.9685161113739 18.9685161113739 18.9685161113739 19.3842724561691 19.3842724561691 19.3842724561691 19.3842724561691 19.3842724561691 19.3842724561691 19.7036175131798 19.7036175131798 19.7036175131798 19.7036175131798
-9999 -9999 -9999 -9999 -9999 -9999 -9999 -9999 -9999 -9999 -9999 -9999 -9999 -9999 -9999 -9999 -9999 17.736717581749 18.1834537386894 18.1834537386894 18.1834537386894 18.1834537386894 18.1834537386894 18.1834537386894 18.5025906562805 18.5025906562805 18.5025906562805 18.5025906562805 18.5025906562805 18.5025906562805 18.9685161113739 18.9685161113739 18.9685161113739 18.9685161113739 18.9685161113739 18.9685161113739 19.3842724561691 19.3842724561691 19.3842724561691 19.3842724561691 19.3842724561691 19.3842724561691 19.7036175131798 19.7036175131798 19.7036175131798 19.7036175131798
-9999 -9999 -9999 -9999 -9999 -9999 -9999 -9999 -9999 -9999 -9999 -9999 -9999 -9999 -9999 17.736717581749 17.736717581749 17.736717581749 18.1834537386894 18.1834537386894 18.1834537386894 18.1834537386894 18.1834537386894 18.1834537386894 18.5025906562805 18.5025906562805 18.5025906562805 18.5025906562805 18.5025906562805 18.5025906562805 18.9685161113739 18.9685161113739 18.9685161113739 18.9685161113739 18.9685161113739 18.9685161113739 19.3842724561691 19.3842724561691 19.3842724561691 19.3842724561691 19.3842724561691 19.3842724561691 19.7036175131798 19.7036175131798 19.7036175131798 19.7036175131798
-9999 -9999 -9999 -9999 -9999 -9999 -9999 -9999 -9999 -9999 -9999 -9999 -9999 -9999 -9999 17.7283973097801 17.7283973097801 17.7283973097801 18.1929175257683 18.1929175257683 18.1929175257683 18.1929175257683 18.1929175257683 18.1929175257683 18.5041062235832 18.5041062235832 18.5041062235832 18.5041062235832 18.5041062235832 18.5041062235832 18.7389153242111 18.7389153242111 18.7389153242111 18.7389153242111 18.7389153242111 18.7389153242111 18.7205737829208 18.7205737829208 18.7205737829208 18.7205737829208 18.7205737829208 18.7205737829208 18.7765758037567 18.7765758037567 18.7765758037567 18.7765758037567
-9999 -9999 -9999 -9999 -9999 -9999 -9999 -9999 -9999 -9999 -9999 -9999 -9999 -9999 -9999 17.7283973097801 17.7283973097801 17.7283973097801 18.1929175257683 18.1929175257683 18.1929175257683 18.1929175257683 18.1929175257683 18.1929175257683 18.5041062235832 18.5041062235832 18.5041062235832 18.5041062235832 18.5041062235832 18.5041062235832 18.7389153242111 18.7389153242111 18.7389153242111 18.7389153242111 18.7389153242111 18.7389153242111 18.7205737829208 18.7205737829208 18.7205737829208 18.7205737829208 18.7205737829208 18.7205737829208 18.7765758037567 18.7765758037567 18.7765758037567 18.7765758037567
-9999 -9999 -9999 -9999 -9999 -9999 -9999 -9999 -9999 -9999 -9999 -9999 -9999 -9999 -9999 17.7283973097801 17.7283973097801 17.7283973097801 18.1929175257683 18.1929175257683 18.1929175257683 18.1929175257683 18.1929175257683 18.1929175257683 18.5041062235832 18.5041062235832 18.5041062235832 18.5041062235832 18.5041062235832 18.5041062235832 18.7389153242111 18.7389153242111 18.7389153242111 18.7389153242111 18.7389153242111 18.7389153242111 18.7205737829208 18.7205737829208 18.7205737829208 18.7205737829208 18.7205737829208 18.7205737829208 18.7765758037567 18.7765758037567 18.7765758037567 18.7765758037567
-9999 -9999 -9999 -9999 -9999 -9999 -9999 -9999 -9999 -9999 -9999 -9999 -9999 -9999 17.7283973097801 17.7283973097801 17.7283973097801 17.7283973097801 18.1929175257683 18.1929175257683 18.1929175257683 18.1929175257683 18.1929175257683 18.1929175257683 18.5041062235832 18.5041062235832 18.5041062235832 18.5041062235832 18.5041062235832 18.5041062235832 18.7389153242111 18.7389153242111 18.7389153242111 18.7389153242111 18.7389153242111 18.7389153242111 18.7205737829208 18.7205737829208 18.7205737829208 18.7205737829208 18.7205737829208 18.7205737829208 18.7765758037567 18.7765758037567 18.7765758037567 18.7765758037567
-9999 -9999 -9999 -9999 -9999 -9999 -9999 -9999 -9999 -9999 -9999 17.0775380730629 17.7283973097801 17.7283973097801 17.7283973097801 17.7283973097801 17.7283973097801 17.7283973097801 18.1929175257683 18.1929175257683 18.1929175257683 18.1929175257683 18.1929175257683 18.1929175257683 18.5041062235832 18.5041062235832 18.5041062235832 18.5041062235832 18.5041062235832 18.5041062235832 18.7389153242111 18.7389153242111 18.7389153242111 18.7389153242111 18.7389153242111 18.7389153242111 18.7205737829208 18.7205737829208 18.7205737829208 18.7205737829208 18.7205737829208 18.7205737829208 18.7765758037567 18.7765758037567 18.7765758037567 18.7765758037567
-9999 -9999 -9999 -9999 -9999 -9999 -9999 -9999 -9999 -9999 17.0775380730629 17.0775380730629 17.7283973097801 17.7283973097801 17.7283973097801 17.7283973097801 17.7283973097801 17.7283973097801 18.1929175257683 18.1929175257683 18.1929175257683 18.1929175257683 18.1929175257683 18.1929175257683 18.5041062235832 18.5041062235832 18.5041062235832 18.5041062235832 18.5041062235832 18.5041062235832 18.7389153242111 18.7389153242111 18.7389153242111 18.7389153242111 18.7389153242111 18.7389153242111 18.7205737829208 18.7205737829208 18.7205737829208 18.7205737829208 18.7205737829208 18.7205737829208 18.7765758037567 18.7765758037567 18.7765758037567 18.7765758037567
-9999 -9999 -9999 -9999 -9999 -9999 -9999 -9999 -9999 -9999 17.3228501975536 17.3228501975536 17.9376083016396 17.9376083016396 17.9376083016396 17.9376083016396 17.9376083016396 17.9376083016396 18.2894540429115 18.2894540429115 18.2894540429115 18.2894540429115 18.2894540429115 18.2894540429115 18.5274657011032 18.5274657011032 18.5274657011032 18.5274657011032 18.5274657011032 18.5274657011032 18.5046194791794 18.5046194791794 18.5046194791794 18.5046194791794 18.5046194791794 18.5046194791794 18.4854394197464 18.4854394197464 18.4854394197464 18.4854394197464 18.4854394197464 18.4854394197464 18.3263368606567 18.3263368606567 18.3263368606567 18.3263368606567
-9999 -9999 -9999 -9999 -9999 -9999 -9999 -9999 -9999 17.3228501975536 17.3228501975536 17.3228501975536 17.9376083016396 17.9376083016396 17.9376083016396 17.9376083016396 17.9376083016396 17.9376083016396 18.2894540429115 18.2894540429115 18.2894540429115 18.2894540429115 18.2894540429115 18.2894540429115 18.5274657011032 18.5274657011032 18.5274657011032 18.5274657011032 18.5274657011032 18.5274657011032 18.5046194791794 18.5046194791794 18.5046194791794 18.5046194791794 18.5046194791794 18.5046194791794 18.4854394197464 18.4854394197464 18.4854394197464 18.4854394197464 18.4854394197464 18.4854394197464 18.3263368606567 18.3263368606567 18.3263368606567 18.3263368606567
-9999 -9999 -9999 -9999 -9999 -9999 -9999 -9999 -9999 17.3228501975536 17.3228501975536 17.3228501975536 17.9376083016396 17.9376083016396 17.9376083016396 17.9376083016396 17.9376083016396 17.9376083016396 18.2894540429115 18.2894540429115 18.2894540429115 18.2894540429115 18.2894540429115 18.2894540429115 18.5274657011032 18.5274657011032 18.5274657011032 18.5274657011032 18.5274657011032 18.5274657011032 18.5046194791794 18.5046194791794 18.5046194791794 18.5046194791794 18.5046194791794 18.5046194791794 18.4854394197464 18.4854394197464 18.4854394197464 18.4854394197464 18.4854394197464 18.4854394197464 18.3263368606567 18.3263368606567 18.3263368606567 18.3263368606567
-9999 -9999 -9999 -9999 -9999 -9999 17.3228501975536 17.3228501975536 17.3228501975536 17.3228501975536 17.3228501975536 17.3228501975536 17.9376083016396 17.9376083016396 17.9376083016396 17.9376083016396 17.9376083016396 17.9376083016396 18.2894540429115 18.2894540429115 18.2894540429115 18.2894540429115 18.2894540429115 18.2894540429115 18.5274657011032 18.5274657011032 18.5274657011032 18.5274657011032 18.5274657011032 18.5274657011032 18.5046194791794 18.5046194791794 18.5046194791794 18.5046194791794 18.5046194791794 18.5046194791794 18.4854394197464 18.4854394197464 18.4854394197464 18.4854394197464 18.4854394197464 18.4854394197464 18.3263368606567 18.3263368606567 18.3263368606567 18.3263368606567
-9999 -9999 -9999 -9999 -9999 -9999 17.3228501975536 17.3228501975536 17.3228501975536 17.3228501975536 17.3228501975536 17.3228501975536 17.9376083016396 17.9376083016396 17.9376083016396 17.9376083016396 17.9376083016396 17.9376083016396 18.2894540429115 18.2894540429115 18.2894540429115 18.2894540429115 18.2894540429115 18.2894540429115 18.5274657011032 18.5274657011032 18.5274657011032 18.5274657011032 18.5274657011032 18.5274657011032 18.5046194791794 18.5046194791794 18.5046194791794 18.5046194791794 18.5046194791794 18.5046194791794 18.4854394197464 18.4854394197464 18.4854394197464 18.4854394197464 18.4854394197464 18.4854394197464 18.3263368606567 18.3263368606567 18.3263368606567 18.3263368606567
-9999 -9999 -9999 -9999 -9999 16.5145514011383 17.3228501975536 17.3228501975536 17.3228501975536 17.3228501975536 17.3228501975536 17.3228501975536 17.9376083016396 17.9376083016396 17.9376083016396 17.9376083016396 17.9376083016396 17.9376083016396 18.2894540429115 18.2894540429115 18.2894540429115 18.2894540429115 18.2894540429115 18.2894540429115 18.5274657011032 18.5274657011032 18.5274657011032 18.5274657011032 18.5274657011032 18.5274657011032 18.5046194791794 18.5046194791794 18.5046194791794 18.5046194791794 18.5046194791794 18.5046194791794 18.4854394197464 18.4854394197464 18.4854394197464 18.4854394197464 18.4854394197464 18.4854394197464 18.3263368606567 18.3263368606567 18.3263368606567 18.3263368606567
-9999 -9999 16.9040438532829 16.9040438532829 16.9040438532829 16.9040438532829 17.6497316360474 17.6497316360474 17.6497316360474 17.6497316360474 17.6497316360474 17.6497316360474 18.3374449014664 18.3374449014664 18.3374449014664 18.3374449014664 18.3374449014664 18.3374449014664 18.8323955535889 18.8323955535889 18.8323955535889 18.8323955535889 18.8323955535889 18.8323955535889 19.0609710812569 19.0609710812569 19.0609710812569 19.0609710812569 19.0609710812569 19.0609710812569 19.0127094388008 19.0127094388008 19.0127094388008 19.0127094388008 19.0127094388008 19.0127094388008 19.1223560571671 19.1223560571671 19.1223560571671 19.1223560571671 19.1223560571671 19.1223560571671 19.1032100319862 19.1032100319862 19.1032100319862 19.1032100319862
-9999 16.9040438532829 16.9040438532829 16.9040438532829 16.9040438532829 16.9040438532829 17.6497316360474 17.6497316360474 17.6497316360474 17.6497316360474 17.6497316360474 17.6497316360474 18.3374449014664 18.3374449014664 18.3374449014664 18.3374449014664 18.3374449014664 18.3374449014664 18.8323955535889 18.8323955535889 18.8323955535889 18.8323955535889 18.8323955535889 18.8323955535889 19.0609710812569 19.0609710812569 19.0609710812569 19.0609710812569 19.0609710812569 19.0609710812569 19.0127094388008 19.0127094388008 19.0127094388008 19.0127094388008 19.0127094388008 19.0127094388008 19.1223560571671 19.1223560571671 19.1223560571671 19.1223560571671 19.1223560571671 19.1223560571671 19.1032100319862 19.1032100319862 19.1032100319862 19.1032100319862
-9999 16.9040438532829 16.9040438532829 16.9040438532829 16.9040438532829 16.9040438532829 17.6497316360474 17.6497316360474 17.6497316360474 17.6497316360474 17.6497316360474 17.6497316360474 18.3374449014664 18.3374449014664 18.3374449014664 18.3374449014664 18.3374449014664 18.3374449014664 18.8323955535889 18.8323955535889 18.8323955535889 18.8323955535889 18.8323955535889 18.8323955535889 19.0609710812569 19.0609710812569 19.0609710812569 19.0609710812569 19.0609710812569 19.0609710812569 19.0127094388008 19.0127094388008 19.0127094388008 19.0127094388008 19.0127094388008 19.0127094388008 19.1223560571671 19.1223560571671 19.1223560571671 19.1223560571671 19.1223560571671 19.1223560571671 19.1032100319862 19.1032100319862 19.1032100319862 19.1032100319862
