Archive - glowpa-model-master/Model input/Uganda/SWradiation/SWdown_mean_nov_1.asc
NCOLS 67 
NROWS 67 
XLLCORNER 29.5000000014144 
YLLCORNER -1.49999999936061 
CELLSIZE 0.0833333332926796 
NODATA_value -9999 
[rows 40 to 59 of 67, columns 0 to 45 of 67]
15.2111422717571 15.2111422717571 15.2111422717571 15.2111422717571 15.2111422717571 15.2111422717571 15.8789667189121 15.8789667189121 15.8789667189121 15.8789667189121 15.8789667189121 15.8789667189121 16.4769704937935 16.4769704937935 16.4769704937935 16.4769704937935 16.4769704937935 16.4769704937935 16.5009808540344 16.5009808540344 16.5009808540344 16.5009808540344 16.5009808540344 16.5009808540344 16.6541743278503 16.6541743278503 16.6541743278503 16.6541743278503 16.6541743278503 16.6541743278503 16.7943095564842 16.7943095564842 16.7943095564842 16.7943095564842 16.7943095564842 16.7943095564842 16.9525191485882 16.9525191485882 16.9525191485882 16.9525191485882 16.9525191485882 16.9525191485882 17.1430886089802 17.1430886089802 17.1430886089802 17.1430886089802
15.2111422717571 15.2111422717571 15.2111422717571 15.2111422717571 15.2111422717571 15.2111422717571 15.8789667189121 15.8789667189121 15.8789667189121 15.8789667189121 15.8789667189121 15.8789667189121 16.4769704937935 16.4769704937935 16.4769704937935 16.4769704937935 16.4769704937935 16.4769704937935 16.5009808540344 16.5009808540344 16.5009808540344 16.5009808540344 16.5009808540344 16.5009808540344 16.6541743278503 16.6541743278503 16.6541743278503 16.6541743278503 16.6541743278503 16.6541743278503 16.7943095564842 16.7943095564842 16.7943095564842 16.7943095564842 16.7943095564842 16.7943095564842 16.9525191485882 16.9525191485882 16.9525191485882 16.9525191485882 16.9525191485882 16.9525191485882 17.1430886089802 17.1430886089802 17.1430886089802 17.1430886089802
15.2111422717571 15.2111422717571 15.2111422717571 15.2111422717571 15.2111422717571 15.2111422717571 15.8789667189121 15.8789667189121 15.8789667189121 15.8789667189121 15.8789667189121 15.8789667189121 16.4769704937935 16.4769704937935 16.4769704937935 16.4769704937935 16.4769704937935 16.4769704937935 16.5009808540344 16.5009808540344 16.5009808540344 16.5009808540344 16.5009808540344 16.5009808540344 16.6541743278503 16.6541743278503 16.6541743278503 16.6541743278503 16.6541743278503 16.6541743278503 16.7943095564842 16.7943095564842 16.7943095564842 16.7943095564842 16.7943095564842 16.7943095564842 16.9525191485882 16.9525191485882 16.9525191485882 16.9525191485882 16.9525191485882 16.9525191485882 17.1430886089802 17.1430886089802 17.1430886089802 17.1430886089802
15.4608862102032 15.4608862102032 15.4608862102032 15.4608862102032 15.4608862102032 15.4608862102032 15.8346401453018 15.8346401453018 15.8346401453018 15.8346401453018 15.8346401453018 15.8346401453018 16.3279439210892 16.3279439210892 16.3279439210892 16.3279439210892 16.3279439210892 16.3279439210892 16.7104329764843 16.7104329764843 16.7104329764843 16.7104329764843 16.7104329764843 16.7104329764843 16.5031550824642 16.5031550824642 16.5031550824642 16.5031550824642 16.5031550824642 16.5031550824642 16.7230648696423 16.7230648696423 16.7230648696423 16.7230648696423 16.7230648696423 16.7230648696423 17.0865040719509 17.0865040719509 17.0865040719509 17.0865040719509 17.0865040719509 17.0865040719509 17.1922726035118 17.1922726035118 17.1922726035118 17.1922726035118
15.4608862102032 15.4608862102032 15.4608862102032 15.4608862102032 15.4608862102032 15.4608862102032 15.8346401453018 15.8346401453018 15.8346401453018 15.8346401453018 15.8346401453018 15.8346401453018 16.3279439210892 16.3279439210892 16.3279439210892 16.3279439210892 16.3279439210892 16.3279439210892 16.7104329764843 16.7104329764843 16.7104329764843 16.7104329764843 16.7104329764843 16.7104329764843 16.5031550824642 16.5031550824642 16.5031550824642 16.5031550824642 16.5031550824642 16.5031550824642 16.7230648696423 16.7230648696423 16.7230648696423 16.7230648696423 16.7230648696423 16.7230648696423 17.0865040719509 17.0865040719509 17.0865040719509 17.0865040719509 17.0865040719509 17.0865040719509 17.1922726035118 17.1922726035118 17.1922726035118 17.1922726035118
15.4608862102032 15.4608862102032 15.4608862102032 15.4608862102032 15.4608862102032 15.4608862102032 15.8346401453018 15.8346401453018 15.8346401453018 15.8346401453018 15.8346401453018 15.8346401453018 16.3279439210892 16.3279439210892 16.3279439210892 16.3279439210892 16.3279439210892 16.3279439210892 16.7104329764843 16.7104329764843 16.7104329764843 16.7104329764843 16.7104329764843 16.7104329764843 16.5031550824642 16.5031550824642 16.5031550824642 16.5031550824642 16.5031550824642 16.5031550824642 16.7230648696423 16.7230648696423 16.7230648696423 16.7230648696423 16.7230648696423 16.7230648696423 17.0865040719509 17.0865040719509 17.0865040719509 17.0865040719509 17.0865040719509 17.0865040719509 17.1922726035118 17.1922726035118 17.1922726035118 17.1922726035118
15.4608862102032 15.4608862102032 15.4608862102032 15.4608862102032 15.4608862102032 15.4608862102032 15.8346401453018 15.8346401453018 15.8346401453018 15.8346401453018 15.8346401453018 15.8346401453018 16.3279439210892 16.3279439210892 16.3279439210892 16.3279439210892 16.3279439210892 16.3279439210892 16.7104329764843 16.7104329764843 16.7104329764843 16.7104329764843 16.7104329764843 16.7104329764843 16.5031550824642 16.5031550824642 16.5031550824642 16.5031550824642 16.5031550824642 16.5031550824642 16.7230648696423 16.7230648696423 16.7230648696423 16.7230648696423 16.7230648696423 16.7230648696423 17.0865040719509 17.0865040719509 17.0865040719509 17.0865040719509 17.0865040719509 17.0865040719509 17.1922726035118 17.1922726035118 17.1922726035118 17.1922726035118
15.4608862102032 15.4608862102032 15.4608862102032 15.4608862102032 15.4608862102032 15.4608862102032 15.8346401453018 15.8346401453018 15.8346401453018 15.8346401453018 15.8346401453018 15.8346401453018 16.3279439210892 16.3279439210892 16.3279439210892 16.3279439210892 16.3279439210892 16.3279439210892 16.7104329764843 16.7104329764843 16.7104329764843 16.7104329764843 16.7104329764843 16.7104329764843 16.5031550824642 16.5031550824642 16.5031550824642 16.5031550824642 16.5031550824642 16.5031550824642 16.7230648696423 16.7230648696423 16.7230648696423 16.7230648696423 16.7230648696423 16.7230648696423 17.0865040719509 17.0865040719509 17.0865040719509 17.0865040719509 17.0865040719509 17.0865040719509 17.1922726035118 17.1922726035118 17.1922726035118 17.1922726035118
15.4608862102032 15.4608862102032 15.4608862102032 15.4608862102032 15.4608862102032 15.4608862102032 15.8346401453018 15.8346401453018 15.8346401453018 15.8346401453018 15.8346401453018 15.8346401453018 16.3279439210892 16.3279439210892 16.3279439210892 16.3279439210892 16.3279439210892 16.3279439210892 16.7104329764843 16.7104329764843 16.7104329764843 16.7104329764843 16.7104329764843 16.7104329764843 16.5031550824642 16.5031550824642 16.5031550824642 16.5031550824642 16.5031550824642 16.5031550824642 16.7230648696423 16.7230648696423 16.7230648696423 16.7230648696423 16.7230648696423 16.7230648696423 17.0865040719509 17.0865040719509 17.0865040719509 17.0865040719509 17.0865040719509 17.0865040719509 17.1922726035118 17.1922726035118 17.1922726035118 17.1922726035118
15.3876132369041 15.3876132369041 15.3876132369041 15.3876132369041 15.3876132369041 15.3876132369041 16.1021433770657 16.1021433770657 16.1021433770657 16.1021433770657 16.1021433770657 16.1021433770657 16.408613473177 16.408613473177 16.408613473177 16.408613473177 16.408613473177 16.408613473177 16.4812108278275 16.4812108278275 16.4812108278275 16.4812108278275 16.4812108278275 16.4812108278275 16.4316585958004 16.4316585958004 16.4316585958004 16.4316585958004 16.4316585958004 16.4316585958004 16.6498726904392 16.6498726904392 16.6498726904392 16.6498726904392 16.6498726904392 16.6498726904392 17.0397754013538 17.0397754013538 17.0397754013538 17.0397754013538 17.0397754013538 17.0397754013538 17.6183733344078 17.6183733344078 17.6183733344078 17.6183733344078
15.3876132369041 15.3876132369041 15.3876132369041 15.3876132369041 15.3876132369041 15.3876132369041 16.1021433770657 16.1021433770657 16.1021433770657 16.1021433770657 16.1021433770657 16.1021433770657 16.408613473177 16.408613473177 16.408613473177 16.408613473177 16.408613473177 16.408613473177 16.4812108278275 16.4812108278275 16.4812108278275 16.4812108278275 16.4812108278275 16.4812108278275 16.4316585958004 16.4316585958004 16.4316585958004 16.4316585958004 16.4316585958004 16.4316585958004 16.6498726904392 16.6498726904392 16.6498726904392 16.6498726904392 16.6498726904392 16.6498726904392 17.0397754013538 17.0397754013538 17.0397754013538 17.0397754013538 17.0397754013538 17.0397754013538 17.6183733344078 17.6183733344078 17.6183733344078 17.6183733344078
15.3876132369041 15.3876132369041 15.3876132369041 15.3876132369041 15.3876132369041 15.3876132369041 16.1021433770657 16.1021433770657 16.1021433770657 16.1021433770657 16.1021433770657 16.1021433770657 16.408613473177 16.408613473177 16.408613473177 16.408613473177 16.408613473177 16.408613473177 16.4812108278275 16.4812108278275 16.4812108278275 16.4812108278275 16.4812108278275 16.4812108278275 16.4316585958004 16.4316585958004 16.4316585958004 16.4316585958004 16.4316585958004 16.4316585958004 16.6498726904392 16.6498726904392 16.6498726904392 16.6498726904392 16.6498726904392 16.6498726904392 17.0397754013538 17.0397754013538 17.0397754013538 17.0397754013538 17.0397754013538 17.0397754013538 17.6183733344078 17.6183733344078 17.6183733344078 17.6183733344078
15.3876132369041 15.3876132369041 15.3876132369041 15.3876132369041 15.3876132369041 15.3876132369041 16.1021433770657 16.1021433770657 16.1021433770657 16.1021433770657 16.1021433770657 16.1021433770657 16.408613473177 16.408613473177 16.408613473177 16.408613473177 16.408613473177 16.408613473177 16.4812108278275 16.4812108278275 16.4812108278275 16.4812108278275 16.4812108278275 16.4812108278275 16.4316585958004 16.4316585958004 16.4316585958004 16.4316585958004 16.4316585958004 16.4316585958004 16.6498726904392 16.6498726904392 16.6498726904392 16.6498726904392 16.6498726904392 16.6498726904392 17.0397754013538 17.0397754013538 17.0397754013538 17.0397754013538 17.0397754013538 17.0397754013538 17.6183733344078 17.6183733344078 17.6183733344078 17.6183733344078
15.3876132369041 15.3876132369041 15.3876132369041 15.3876132369041 15.3876132369041 15.3876132369041 16.1021433770657 16.1021433770657 16.1021433770657 16.1021433770657 16.1021433770657 16.1021433770657 16.408613473177 16.408613473177 16.408613473177 16.408613473177 16.408613473177 16.408613473177 16.4812108278275 16.4812108278275 16.4812108278275 16.4812108278275 16.4812108278275 16.4812108278275 16.4316585958004 16.4316585958004 16.4316585958004 16.4316585958004 16.4316585958004 16.4316585958004 16.6498726904392 16.6498726904392 16.6498726904392 16.6498726904392 16.6498726904392 16.6498726904392 17.0397754013538 17.0397754013538 17.0397754013538 17.0397754013538 17.0397754013538 17.0397754013538 17.6183733344078 17.6183733344078 17.6183733344078 17.6183733344078
15.3876132369041 15.3876132369041 15.3876132369041 15.3876132369041 15.3876132369041 15.3876132369041 16.1021433770657 16.1021433770657 16.1021433770657 16.1021433770657 16.1021433770657 16.1021433770657 16.408613473177 16.408613473177 16.408613473177 16.408613473177 16.408613473177 16.408613473177 16.4812108278275 16.4812108278275 16.4812108278275 16.4812108278275 16.4812108278275 16.4812108278275 16.4316585958004 16.4316585958004 16.4316585958004 16.4316585958004 16.4316585958004 16.4316585958004 16.6498726904392 16.6498726904392 16.6498726904392 16.6498726904392 16.6498726904392 16.6498726904392 17.0397754013538 17.0397754013538 17.0397754013538 17.0397754013538 17.0397754013538 17.0397754013538 17.6183733344078 17.6183733344078 17.6183733344078 17.6183733344078
15.6369014382362 15.6369014382362 15.6369014382362 15.6369014382362 15.6369014382362 15.6369014382362 16.1777795553207 16.1777795553207 16.1777795553207 16.1777795553207 16.1777795553207 16.1777795553207 16.5012777745724 16.5012777745724 16.5012777745724 16.5012777745724 16.5012777745724 16.5012777745724 16.579016327858 16.579016327858 16.579016327858 16.579016327858 16.579016327858 16.579016327858 16.4887978732586 16.4887978732586 16.4887978732586 16.4887978732586 16.4887978732586 16.4887978732586 16.8124452233315 16.8124452233315 16.8124452233315 16.8124452233315 16.8124452233315 16.8124452233315 17.2110553979874 17.2110553979874 17.2110553979874 17.2110553979874 17.2110553979874 17.2110553979874 17.7758643329144 17.7758643329144 17.7758643329144 17.7758643329144
15.6369014382362 15.6369014382362 15.6369014382362 15.6369014382362 15.6369014382362 15.6369014382362 16.1777795553207 16.1777795553207 16.1777795553207 16.1777795553207 16.1777795553207 16.1777795553207 16.5012777745724 16.5012777745724 16.5012777745724 16.5012777745724 16.5012777745724 16.5012777745724 16.579016327858 16.579016327858 16.579016327858 16.579016327858 16.579016327858 16.579016327858 16.4887978732586 16.4887978732586 16.4887978732586 16.4887978732586 16.4887978732586 16.4887978732586 16.8124452233315 16.8124452233315 16.8124452233315 16.8124452233315 16.8124452233315 16.8124452233315 17.2110553979874 17.2110553979874 17.2110553979874 17.2110553979874 17.2110553979874 17.2110553979874 17.7758643329144 17.7758643329144 17.7758643329144 17.7758643329144
15.6369014382362 15.6369014382362 15.6369014382362 15.6369014382362 15.6369014382362 15.6369014382362 16.1777795553207 16.1777795553207 16.1777795553207 16.1777795553207 16.1777795553207 16.1777795553207 16.5012777745724 16.5012777745724 16.5012777745724 16.5012777745724 16.5012777745724 16.5012777745724 16.579016327858 16.579016327858 16.579016327858 16.579016327858 16.579016327858 16.579016327858 16.4887978732586 16.4887978732586 16.4887978732586 16.4887978732586 16.4887978732586 16.4887978732586 16.8124452233315 16.8124452233315 16.8124452233315 16.8124452233315 16.8124452233315 16.8124452233315 17.2110553979874 17.2110553979874 17.2110553979874 17.2110553979874 17.2110553979874 17.2110553979874 17.7758643329144 17.7758643329144 17.7758643329144 17.7758643329144
15.6369014382362 15.6369014382362 15.6369014382362 15.6369014382362 15.6369014382362 15.6369014382362 16.1777795553207 16.1777795553207 16.1777795553207 16.1777795553207 16.1777795553207 16.1777795553207 16.5012777745724 16.5012777745724 16.5012777745724 16.5012777745724 16.5012777745724 16.5012777745724 16.579016327858 16.579016327858 16.579016327858 16.579016327858 16.579016327858 16.579016327858 16.4887978732586 16.4887978732586 16.4887978732586 16.4887978732586 16.4887978732586 16.4887978732586 16.8124452233315 16.8124452233315 16.8124452233315 16.8124452233315 16.8124452233315 16.8124452233315 17.2110553979874 17.2110553979874 17.2110553979874 17.2110553979874 17.2110553979874 17.2110553979874 17.7758643329144 17.7758643329144 17.7758643329144 17.7758643329144
15.6369014382362 15.6369014382362 15.6369014382362 15.6369014382362 15.6369014382362 15.6369014382362 16.1777795553207 16.1777795553207 16.1777795553207 16.1777795553207 16.1777795553207 16.1777795553207 16.5012777745724 16.5012777745724 16.5012777745724 16.5012777745724 16.5012777745724 16.5012777745724 16.579016327858 16.579016327858 16.579016327858 16.579016327858 16.579016327858 16.579016327858 16.4887978732586 16.4887978732586 16.4887978732586 16.4887978732586 16.4887978732586 16.4887978732586 16.8124452233315 16.8124452233315 16.8124452233315 16.8124452233315 16.8124452233315 16.8124452233315 17.2110553979874 17.2110553979874 17.2110553979874 17.2110553979874 17.2110553979874 17.2110553979874 17.7758643329144 17.7758643329144 17.7758643329144 17.7758643329144
