Archive - glowpa-model-master/Model input/Uganda/SWradiation/SWdown_mean_sep_1.asc
NCOLS 67 
NROWS 67 
XLLCORNER 29.5000000014144 
YLLCORNER -1.49999999936061 
CELLSIZE 0.0833333332926796 
NODATA_value -9999 
[rows 40 to 59 of 67, columns 0 to 45 of 67]
16.9040438532829 16.9040438532829 16.9040438532829 16.9040438532829 16.9040438532829 16.9040438532829 17.6497316360474 17.6497316360474 17.6497316360474 17.6497316360474 17.6497316360474 17.6497316360474 18.3374449014664 18.3374449014664 18.3374449014664 18.3374449014664 18.3374449014664 18.3374449014664 18.8323955535889 18.8323955535889 18.8323955535889 18.8323955535889 18.8323955535889 18.8323955535889 19.0609710812569 19.0609710812569 19.0609710812569 19.0609710812569 19.0609710812569 19.0609710812569 19.0127094388008 19.0127094388008 19.0127094388008 19.0127094388008 19.0127094388008 19.0127094388008 19.1223560571671 19.1223560571671 19.1223560571671 19.1223560571671 19.1223560571671 19.1223560571671 19.1032100319862 19.1032100319862 19.1032100319862 19.1032100319862
16.9040438532829 16.9040438532829 16.9040438532829 16.9040438532829 16.9040438532829 16.9040438532829 17.6497316360474 17.6497316360474 17.6497316360474 17.6497316360474 17.6497316360474 17.6497316360474 18.3374449014664 18.3374449014664 18.3374449014664 18.3374449014664 18.3374449014664 18.3374449014664 18.8323955535889 18.8323955535889 18.8323955535889 18.8323955535889 18.8323955535889 18.8323955535889 19.0609710812569 19.0609710812569 19.0609710812569 19.0609710812569 19.0609710812569 19.0609710812569 19.0127094388008 19.0127094388008 19.0127094388008 19.0127094388008 19.0127094388008 19.0127094388008 19.1223560571671 19.1223560571671 19.1223560571671 19.1223560571671 19.1223560571671 19.1223560571671 19.1032100319862 19.1032100319862 19.1032100319862 19.1032100319862
16.9040438532829 16.9040438532829 16.9040438532829 16.9040438532829 16.9040438532829 16.9040438532829 17.6497316360474 17.6497316360474 17.6497316360474 17.6497316360474 17.6497316360474 17.6497316360474 18.3374449014664 18.3374449014664 18.3374449014664 18.3374449014664 18.3374449014664 18.3374449014664 18.8323955535889 18.8323955535889 18.8323955535889 18.8323955535889 18.8323955535889 18.8323955535889 19.0609710812569 19.0609710812569 19.0609710812569 19.0609710812569 19.0609710812569 19.0609710812569 19.0127094388008 19.0127094388008 19.0127094388008 19.0127094388008 19.0127094388008 19.0127094388008 19.1223560571671 19.1223560571671 19.1223560571671 19.1223560571671 19.1223560571671 19.1223560571671 19.1032100319862 19.1032100319862 19.1032100319862 19.1032100319862
17.4357803463936 17.4357803463936 17.4357803463936 17.4357803463936 17.4357803463936 17.4357803463936 18.3383042216301 18.3383042216301 18.3383042216301 18.3383042216301 18.3383042216301 18.3383042216301 18.9867846369743 18.9867846369743 18.9867846369743 18.9867846369743 18.9867846369743 18.9867846369743 19.4657344222069 19.4657344222069 19.4657344222069 19.4657344222069 19.4657344222069 19.4657344222069 19.633207321167 19.633207321167 19.633207321167 19.633207321167 19.633207321167 19.633207321167 19.7877602577209 19.7877602577209 19.7877602577209 19.7877602577209 19.7877602577209 19.7877602577209 19.9069130420685 19.9069130420685 19.9069130420685 19.9069130420685 19.9069130420685 19.9069130420685 19.8947980999947 19.8947980999947 19.8947980999947 19.8947980999947
17.4357803463936 17.4357803463936 17.4357803463936 17.4357803463936 17.4357803463936 17.4357803463936 18.3383042216301 18.3383042216301 18.3383042216301 18.3383042216301 18.3383042216301 18.3383042216301 18.9867846369743 18.9867846369743 18.9867846369743 18.9867846369743 18.9867846369743 18.9867846369743 19.4657344222069 19.4657344222069 19.4657344222069 19.4657344222069 19.4657344222069 19.4657344222069 19.633207321167 19.633207321167 19.633207321167 19.633207321167 19.633207321167 19.633207321167 19.7877602577209 19.7877602577209 19.7877602577209 19.7877602577209 19.7877602577209 19.7877602577209 19.9069130420685 19.9069130420685 19.9069130420685 19.9069130420685 19.9069130420685 19.9069130420685 19.8947980999947 19.8947980999947 19.8947980999947 19.8947980999947
17.4357803463936 17.4357803463936 17.4357803463936 17.4357803463936 17.4357803463936 17.4357803463936 18.3383042216301 18.3383042216301 18.3383042216301 18.3383042216301 18.3383042216301 18.3383042216301 18.9867846369743 18.9867846369743 18.9867846369743 18.9867846369743 18.9867846369743 18.9867846369743 19.4657344222069 19.4657344222069 19.4657344222069 19.4657344222069 19.4657344222069 19.4657344222069 19.633207321167 19.633207321167 19.633207321167 19.633207321167 19.633207321167 19.633207321167 19.7877602577209 19.7877602577209 19.7877602577209 19.7877602577209 19.7877602577209 19.7877602577209 19.9069130420685 19.9069130420685 19.9069130420685 19.9069130420685 19.9069130420685 19.9069130420685 19.8947980999947 19.8947980999947 19.8947980999947 19.8947980999947
17.4357803463936 17.4357803463936 17.4357803463936 17.4357803463936 17.4357803463936 17.4357803463936 18.3383042216301 18.3383042216301 18.3383042216301 18.3383042216301 18.3383042216301 18.3383042216301 18.9867846369743 18.9867846369743 18.9867846369743 18.9867846369743 18.9867846369743 18.9867846369743 19.4657344222069 19.4657344222069 19.4657344222069 19.4657344222069 19.4657344222069 19.4657344222069 19.633207321167 19.633207321167 19.633207321167 19.633207321167 19.633207321167 19.633207321167 19.7877602577209 19.7877602577209 19.7877602577209 19.7877602577209 19.7877602577209 19.7877602577209 19.9069130420685 19.9069130420685 19.9069130420685 19.9069130420685 19.9069130420685 19.9069130420685 19.8947980999947 19.8947980999947 19.8947980999947 19.8947980999947
17.4357803463936 17.4357803463936 17.4357803463936 17.4357803463936 17.4357803463936 17.4357803463936 18.3383042216301 18.3383042216301 18.3383042216301 18.3383042216301 18.3383042216301 18.3383042216301 18.9867846369743 18.9867846369743 18.9867846369743 18.9867846369743 18.9867846369743 18.9867846369743 19.4657344222069 19.4657344222069 19.4657344222069 19.4657344222069 19.4657344222069 19.4657344222069 19.633207321167 19.633207321167 19.633207321167 19.633207321167 19.633207321167 19.633207321167 19.7877602577209 19.7877602577209 19.7877602577209 19.7877602577209 19.7877602577209 19.7877602577209 19.9069130420685 19.9069130420685 19.9069130420685 19.9069130420685 19.9069130420685 19.9069130420685 19.8947980999947 19.8947980999947 19.8947980999947 19.8947980999947
17.4357803463936 17.4357803463936 17.4357803463936 17.4357803463936 17.4357803463936 17.4357803463936 18.3383042216301 18.3383042216301 18.3383042216301 18.3383042216301 18.3383042216301 18.3383042216301 18.9867846369743 18.9867846369743 18.9867846369743 18.9867846369743 18.9867846369743 18.9867846369743 19.4657344222069 19.4657344222069 19.4657344222069 19.4657344222069 19.4657344222069 19.4657344222069 19.633207321167 19.633207321167 19.633207321167 19.633207321167 19.633207321167 19.633207321167 19.7877602577209 19.7877602577209 19.7877602577209 19.7877602577209 19.7877602577209 19.7877602577209 19.9069130420685 19.9069130420685 19.9069130420685 19.9069130420685 19.9069130420685 19.9069130420685 19.8947980999947 19.8947980999947 19.8947980999947 19.8947980999947
17.9478231668472 17.9478231668472 17.9478231668472 17.9478231668472 17.9478231668472 17.9478231668472 19.0589549541473 19.0589549541473 19.0589549541473 19.0589549541473 19.0589549541473 19.0589549541473 19.7525603175163 19.7525603175163 19.7525603175163 19.7525603175163 19.7525603175163 19.7525603175163 20.1832788586617 20.1832788586617 20.1832788586617 20.1832788586617 20.1832788586617 20.1832788586617 20.5192805528641 20.5192805528641 20.5192805528641 20.5192805528641 20.5192805528641 20.5192805528641 20.5512491464615 20.5512491464615 20.5512491464615 20.5512491464615 20.5512491464615 20.5512491464615 20.4056167602539 20.4056167602539 20.4056167602539 20.4056167602539 20.4056167602539 20.4056167602539 20.5141461491585 20.5141461491585 20.5141461491585 20.5141461491585
17.9478231668472 17.9478231668472 17.9478231668472 17.9478231668472 17.9478231668472 17.9478231668472 19.0589549541473 19.0589549541473 19.0589549541473 19.0589549541473 19.0589549541473 19.0589549541473 19.7525603175163 19.7525603175163 19.7525603175163 19.7525603175163 19.7525603175163 19.7525603175163 20.1832788586617 20.1832788586617 20.1832788586617 20.1832788586617 20.1832788586617 20.1832788586617 20.5192805528641 20.5192805528641 20.5192805528641 20.5192805528641 20.5192805528641 20.5192805528641 20.5512491464615 20.5512491464615 20.5512491464615 20.5512491464615 20.5512491464615 20.5512491464615 20.4056167602539 20.4056167602539 20.4056167602539 20.4056167602539 20.4056167602539 20.4056167602539 20.5141461491585 20.5141461491585 20.5141461491585 20.5141461491585
17.9478231668472 17.9478231668472 17.9478231668472 17.9478231668472 17.9478231668472 17.9478231668472 19.0589549541473 19.0589549541473 19.0589549541473 19.0589549541473 19.0589549541473 19.0589549541473 19.7525603175163 19.7525603175163 19.7525603175163 19.7525603175163 19.7525603175163 19.7525603175163 20.1832788586617 20.1832788586617 20.1832788586617 20.1832788586617 20.1832788586617 20.1832788586617 20.5192805528641 20.5192805528641 20.5192805528641 20.5192805528641 20.5192805528641 20.5192805528641 20.5512491464615 20.5512491464615 20.5512491464615 20.5512491464615 20.5512491464615 20.5512491464615 20.4056167602539 20.4056167602539 20.4056167602539 20.4056167602539 20.4056167602539 20.4056167602539 20.5141461491585 20.5141461491585 20.5141461491585 20.5141461491585
17.9478231668472 17.9478231668472 17.9478231668472 17.9478231668472 17.9478231668472 17.9478231668472 19.0589549541473 19.0589549541473 19.0589549541473 19.0589549541473 19.0589549541473 19.0589549541473 19.7525603175163 19.7525603175163 19.7525603175163 19.7525603175163 19.7525603175163 19.7525603175163 20.1832788586617 20.1832788586617 20.1832788586617 20.1832788586617 20.1832788586617 20.1832788586617 20.5192805528641 20.5192805528641 20.5192805528641 20.5192805528641 20.5192805528641 20.5192805528641 20.5512491464615 20.5512491464615 20.5512491464615 20.5512491464615 20.5512491464615 20.5512491464615 20.4056167602539 20.4056167602539 20.4056167602539 20.4056167602539 20.4056167602539 20.4056167602539 20.5141461491585 20.5141461491585 20.5141461491585 20.5141461491585
17.9478231668472 17.9478231668472 17.9478231668472 17.9478231668472 17.9478231668472 17.9478231668472 19.0589549541473 19.0589549541473 19.0589549541473 19.0589549541473 19.0589549541473 19.0589549541473 19.7525603175163 19.7525603175163 19.7525603175163 19.7525603175163 19.7525603175163 19.7525603175163 20.1832788586617 20.1832788586617 20.1832788586617 20.1832788586617 20.1832788586617 20.1832788586617 20.5192805528641 20.5192805528641 20.5192805528641 20.5192805528641 20.5192805528641 20.5192805528641 20.5512491464615 20.5512491464615 20.5512491464615 20.5512491464615 20.5512491464615 20.5512491464615 20.4056167602539 20.4056167602539 20.4056167602539 20.4056167602539 20.4056167602539 20.4056167602539 20.5141461491585 20.5141461491585 20.5141461491585 20.5141461491585
17.9478231668472 17.9478231668472 17.9478231668472 17.9478231668472 17.9478231668472 17.9478231668472 19.0589549541473 19.0589549541473 19.0589549541473 19.0589549541473 19.0589549541473 19.0589549541473 19.7525603175163 19.7525603175163 19.7525603175163 19.7525603175163 19.7525603175163 19.7525603175163 20.1832788586617 20.1832788586617 20.1832788586617 20.1832788586617 20.1832788586617 20.1832788586617 20.5192805528641 20.5192805528641 20.5192805528641 20.5192805528641 20.5192805528641 20.5192805528641 20.5512491464615 20.5512491464615 20.5512491464615 20.5512491464615 20.5512491464615 20.5512491464615 20.4056167602539 20.4056167602539 20.4056167602539 20.4056167602539 20.4056167602539 20.4056167602539 20.5141461491585 20.5141461491585 20.5141461491585 20.5141461491585
18.4854515790939 18.4854515790939 18.4854515790939 18.4854515790939 18.4854515790939 18.4854515790939 19.4238713383675 19.4238713383675 19.4238713383675 19.4238713383675 19.4238713383675 19.4238713383675 20.1832953095436 20.1832953095436 20.1832953095436 20.1832953095436 20.1832953095436 20.1832953095436 20.7926009893417 20.7926009893417 20.7926009893417 20.7926009893417 20.7926009893417 20.7926009893417 21.1390501260757 21.1390501260757 21.1390501260757 21.1390501260757 21.1390501260757 21.1390501260757 21.268528342247 21.268528342247 21.268528342247 21.268528342247 21.268528342247 21.268528342247 21.4078766107559 21.4078766107559 21.4078766107559 21.4078766107559 21.4078766107559 21.4078766107559 21.4891476631165 21.4891476631165 21.4891476631165 21.4891476631165
18.4854515790939 18.4854515790939 18.4854515790939 18.4854515790939 18.4854515790939 18.4854515790939 19.4238713383675 19.4238713383675 19.4238713383675 19.4238713383675 19.4238713383675 19.4238713383675 20.1832953095436 20.1832953095436 20.1832953095436 20.1832953095436 20.1832953095436 20.1832953095436 20.7926009893417 20.7926009893417 20.7926009893417 20.7926009893417 20.7926009893417 20.7926009893417 21.1390501260757 21.1390501260757 21.1390501260757 21.1390501260757 21.1390501260757 21.1390501260757 21.268528342247 21.268528342247 21.268528342247 21.268528342247 21.268528342247 21.268528342247 21.4078766107559 21.4078766107559 21.4078766107559 21.4078766107559 21.4078766107559 21.4078766107559 21.4891476631165 21.4891476631165 21.4891476631165 21.4891476631165
18.4854515790939 18.4854515790939 18.4854515790939 18.4854515790939 18.4854515790939 18.4854515790939 19.4238713383675 19.4238713383675 19.4238713383675 19.4238713383675 19.4238713383675 19.4238713383675 20.1832953095436 20.1832953095436 20.1832953095436 20.1832953095436 20.1832953095436 20.1832953095436 20.7926009893417 20.7926009893417 20.7926009893417 20.7926009893417 20.7926009893417 20.7926009893417 21.1390501260757 21.1390501260757 21.1390501260757 21.1390501260757 21.1390501260757 21.1390501260757 21.268528342247 21.268528342247 21.268528342247 21.268528342247 21.268528342247 21.268528342247 21.4078766107559 21.4078766107559 21.4078766107559 21.4078766107559 21.4078766107559 21.4078766107559 21.4891476631165 21.4891476631165 21.4891476631165 21.4891476631165
18.4854515790939 18.4854515790939 18.4854515790939 18.4854515790939 18.4854515790939 18.4854515790939 19.4238713383675 19.4238713383675 19.4238713383675 19.4238713383675 19.4238713383675 19.4238713383675 20.1832953095436 20.1832953095436 20.1832953095436 20.1832953095436 20.1832953095436 20.1832953095436 20.7926009893417 20.7926009893417 20.7926009893417 20.7926009893417 20.7926009893417 20.7926009893417 21.1390501260757 21.1390501260757 21.1390501260757 21.1390501260757 21.1390501260757 21.1390501260757 21.268528342247 21.268528342247 21.268528342247 21.268528342247 21.268528342247 21.268528342247 21.4078766107559 21.4078766107559 21.4078766107559 21.4078766107559 21.4078766107559 21.4078766107559 21.4891476631165 21.4891476631165 21.4891476631165 21.4891476631165
18.4854515790939 18.4854515790939 18.4854515790939 18.4854515790939 18.4854515790939 18.4854515790939 19.4238713383675 19.4238713383675 19.4238713383675 19.4238713383675 19.4238713383675 19.4238713383675 20.1832953095436 20.1832953095436 20.1832953095436 20.1832953095436 20.1832953095436 20.1832953095436 20.7926009893417 20.7926009893417 20.7926009893417 20.7926009893417 20.7926009893417 20.7926009893417 21.1390501260757 21.1390501260757 21.1390501260757 21.1390501260757 21.1390501260757 21.1390501260757 21.268528342247 21.268528342247 21.268528342247 21.268528342247 21.268528342247 21.268528342247 21.4078766107559 21.4078766107559 21.4078766107559 21.4078766107559 21.4078766107559 21.4078766107559 21.4891476631165 21.4891476631165 21.4891476631165 21.4891476631165
