Archive - glowpa-model-master/Model input/Uganda/SWradiation/SWdown_mean_oct_1.asc
NCOLS 67 
NROWS 67 
XLLCORNER 29.5000000014144 
YLLCORNER -1.49999999936061 
CELLSIZE 0.0833333332926796 
NODATA_value -9999 
[rows 40 to 59 of 67, columns 0 to 45 of 67]
15.8456090092659 15.8456090092659 15.8456090092659 15.8456090092659 15.8456090092659 15.8456090092659 16.4203098118305 16.4203098118305 16.4203098118305 16.4203098118305 16.4203098118305 16.4203098118305 16.8162016570568 16.8162016570568 16.8162016570568 16.8162016570568 16.8162016570568 16.8162016570568 17.1281293034554 17.1281293034554 17.1281293034554 17.1281293034554 17.1281293034554 17.1281293034554 17.2945566177368 17.2945566177368 17.2945566177368 17.2945566177368 17.2945566177368 17.2945566177368 17.4767205715179 17.4767205715179 17.4767205715179 17.4767205715179 17.4767205715179 17.4767205715179 17.6625056862831 17.6625056862831 17.6625056862831 17.6625056862831 17.6625056862831 17.6625056862831 17.9506655931473 17.9506655931473 17.9506655931473 17.9506655931473
15.8456090092659 15.8456090092659 15.8456090092659 15.8456090092659 15.8456090092659 15.8456090092659 16.4203098118305 16.4203098118305 16.4203098118305 16.4203098118305 16.4203098118305 16.4203098118305 16.8162016570568 16.8162016570568 16.8162016570568 16.8162016570568 16.8162016570568 16.8162016570568 17.1281293034554 17.1281293034554 17.1281293034554 17.1281293034554 17.1281293034554 17.1281293034554 17.2945566177368 17.2945566177368 17.2945566177368 17.2945566177368 17.2945566177368 17.2945566177368 17.4767205715179 17.4767205715179 17.4767205715179 17.4767205715179 17.4767205715179 17.4767205715179 17.6625056862831 17.6625056862831 17.6625056862831 17.6625056862831 17.6625056862831 17.6625056862831 17.9506655931473 17.9506655931473 17.9506655931473 17.9506655931473
15.8456090092659 15.8456090092659 15.8456090092659 15.8456090092659 15.8456090092659 15.8456090092659 16.4203098118305 16.4203098118305 16.4203098118305 16.4203098118305 16.4203098118305 16.4203098118305 16.8162016570568 16.8162016570568 16.8162016570568 16.8162016570568 16.8162016570568 16.8162016570568 17.1281293034554 17.1281293034554 17.1281293034554 17.1281293034554 17.1281293034554 17.1281293034554 17.2945566177368 17.2945566177368 17.2945566177368 17.2945566177368 17.2945566177368 17.2945566177368 17.4767205715179 17.4767205715179 17.4767205715179 17.4767205715179 17.4767205715179 17.4767205715179 17.6625056862831 17.6625056862831 17.6625056862831 17.6625056862831 17.6625056862831 17.6625056862831 17.9506655931473 17.9506655931473 17.9506655931473 17.9506655931473
16.2248986065388 16.2248986065388 16.2248986065388 16.2248986065388 16.2248986065388 16.2248986065388 16.9099362194538 16.9099362194538 16.9099362194538 16.9099362194538 16.9099362194538 16.9099362194538 17.357345700264 17.357345700264 17.357345700264 17.357345700264 17.357345700264 17.357345700264 17.7136520147324 17.7136520147324 17.7136520147324 17.7136520147324 17.7136520147324 17.7136520147324 17.8209835290909 17.8209835290909 17.8209835290909 17.8209835290909 17.8209835290909 17.8209835290909 18.1320803165436 18.1320803165436 18.1320803165436 18.1320803165436 18.1320803165436 18.1320803165436 18.4944692850113 18.4944692850113 18.4944692850113 18.4944692850113 18.4944692850113 18.4944692850113 18.6484000682831 18.6484000682831 18.6484000682831 18.6484000682831
16.2248986065388 16.2248986065388 16.2248986065388 16.2248986065388 16.2248986065388 16.2248986065388 16.9099362194538 16.9099362194538 16.9099362194538 16.9099362194538 16.9099362194538 16.9099362194538 17.357345700264 17.357345700264 17.357345700264 17.357345700264 17.357345700264 17.357345700264 17.7136520147324 17.7136520147324 17.7136520147324 17.7136520147324 17.7136520147324 17.7136520147324 17.8209835290909 17.8209835290909 17.8209835290909 17.8209835290909 17.8209835290909 17.8209835290909 18.1320803165436 18.1320803165436 18.1320803165436 18.1320803165436 18.1320803165436 18.1320803165436 18.4944692850113 18.4944692850113 18.4944692850113 18.4944692850113 18.4944692850113 18.4944692850113 18.6484000682831 18.6484000682831 18.6484000682831 18.6484000682831
16.2248986065388 16.2248986065388 16.2248986065388 16.2248986065388 16.2248986065388 16.2248986065388 16.9099362194538 16.9099362194538 16.9099362194538 16.9099362194538 16.9099362194538 16.9099362194538 17.357345700264 17.357345700264 17.357345700264 17.357345700264 17.357345700264 17.357345700264 17.7136520147324 17.7136520147324 17.7136520147324 17.7136520147324 17.7136520147324 17.7136520147324 17.8209835290909 17.8209835290909 17.8209835290909 17.8209835290909 17.8209835290909 17.8209835290909 18.1320803165436 18.1320803165436 18.1320803165436 18.1320803165436 18.1320803165436 18.1320803165436 18.4944692850113 18.4944692850113 18.4944692850113 18.4944692850113 18.4944692850113 18.4944692850113 18.6484000682831 18.6484000682831 18.6484000682831 18.6484000682831
16.2248986065388 16.2248986065388 16.2248986065388 16.2248986065388 16.2248986065388 16.2248986065388 16.9099362194538 16.9099362194538 16.9099362194538 16.9099362194538 16.9099362194538 16.9099362194538 17.357345700264 17.357345700264 17.357345700264 17.357345700264 17.357345700264 17.357345700264 17.7136520147324 17.7136520147324 17.7136520147324 17.7136520147324 17.7136520147324 17.7136520147324 17.8209835290909 17.8209835290909 17.8209835290909 17.8209835290909 17.8209835290909 17.8209835290909 18.1320803165436 18.1320803165436 18.1320803165436 18.1320803165436 18.1320803165436 18.1320803165436 18.4944692850113 18.4944692850113 18.4944692850113 18.4944692850113 18.4944692850113 18.4944692850113 18.6484000682831 18.6484000682831 18.6484000682831 18.6484000682831
16.2248986065388 16.2248986065388 16.2248986065388 16.2248986065388 16.2248986065388 16.2248986065388 16.9099362194538 16.9099362194538 16.9099362194538 16.9099362194538 16.9099362194538 16.9099362194538 17.357345700264 17.357345700264 17.357345700264 17.357345700264 17.357345700264 17.357345700264 17.7136520147324 17.7136520147324 17.7136520147324 17.7136520147324 17.7136520147324 17.7136520147324 17.8209835290909 17.8209835290909 17.8209835290909 17.8209835290909 17.8209835290909 17.8209835290909 18.1320803165436 18.1320803165436 18.1320803165436 18.1320803165436 18.1320803165436 18.1320803165436 18.4944692850113 18.4944692850113 18.4944692850113 18.4944692850113 18.4944692850113 18.4944692850113 18.6484000682831 18.6484000682831 18.6484000682831 18.6484000682831
16.2248986065388 16.2248986065388 16.2248986065388 16.2248986065388 16.2248986065388 16.2248986065388 16.9099362194538 16.9099362194538 16.9099362194538 16.9099362194538 16.9099362194538 16.9099362194538 17.357345700264 17.357345700264 17.357345700264 17.357345700264 17.357345700264 17.357345700264 17.7136520147324 17.7136520147324 17.7136520147324 17.7136520147324 17.7136520147324 17.7136520147324 17.8209835290909 17.8209835290909 17.8209835290909 17.8209835290909 17.8209835290909 17.8209835290909 18.1320803165436 18.1320803165436 18.1320803165436 18.1320803165436 18.1320803165436 18.1320803165436 18.4944692850113 18.4944692850113 18.4944692850113 18.4944692850113 18.4944692850113 18.4944692850113 18.6484000682831 18.6484000682831 18.6484000682831 18.6484000682831
16.5379246771336 16.5379246771336 16.5379246771336 16.5379246771336 16.5379246771336 16.5379246771336 17.4568378925323 17.4568378925323 17.4568378925323 17.4568378925323 17.4568378925323 17.4568378925323 18.0094310045242 18.0094310045242 18.0094310045242 18.0094310045242 18.0094310045242 18.0094310045242 18.2742873430252 18.2742873430252 18.2742873430252 18.2742873430252 18.2742873430252 18.2742873430252 18.5737934112549 18.5737934112549 18.5737934112549 18.5737934112549 18.5737934112549 18.5737934112549 18.7590993046761 18.7590993046761 18.7590993046761 18.7590993046761 18.7590993046761 18.7590993046761 18.8803374767303 18.8803374767303 18.8803374767303 18.8803374767303 18.8803374767303 18.8803374767303 19.4444586038589 19.4444586038589 19.4444586038589 19.4444586038589
16.5379246771336 16.5379246771336 16.5379246771336 16.5379246771336 16.5379246771336 16.5379246771336 17.4568378925323 17.4568378925323 17.4568378925323 17.4568378925323 17.4568378925323 17.4568378925323 18.0094310045242 18.0094310045242 18.0094310045242 18.0094310045242 18.0094310045242 18.0094310045242 18.2742873430252 18.2742873430252 18.2742873430252 18.2742873430252 18.2742873430252 18.2742873430252 18.5737934112549 18.5737934112549 18.5737934112549 18.5737934112549 18.5737934112549 18.5737934112549 18.7590993046761 18.7590993046761 18.7590993046761 18.7590993046761 18.7590993046761 18.7590993046761 18.8803374767303 18.8803374767303 18.8803374767303 18.8803374767303 18.8803374767303 18.8803374767303 19.4444586038589 19.4444586038589 19.4444586038589 19.4444586038589
16.5379246771336 16.5379246771336 16.5379246771336 16.5379246771336 16.5379246771336 16.5379246771336 17.4568378925323 17.4568378925323 17.4568378925323 17.4568378925323 17.4568378925323 17.4568378925323 18.0094310045242 18.0094310045242 18.0094310045242 18.0094310045242 18.0094310045242 18.0094310045242 18.2742873430252 18.2742873430252 18.2742873430252 18.2742873430252 18.2742873430252 18.2742873430252 18.5737934112549 18.5737934112549 18.5737934112549 18.5737934112549 18.5737934112549 18.5737934112549 18.7590993046761 18.7590993046761 18.7590993046761 18.7590993046761 18.7590993046761 18.7590993046761 18.8803374767303 18.8803374767303 18.8803374767303 18.8803374767303 18.8803374767303 18.8803374767303 19.4444586038589 19.4444586038589 19.4444586038589 19.4444586038589
16.5379246771336 16.5379246771336 16.5379246771336 16.5379246771336 16.5379246771336 16.5379246771336 17.4568378925323 17.4568378925323 17.4568378925323 17.4568378925323 17.4568378925323 17.4568378925323 18.0094310045242 18.0094310045242 18.0094310045242 18.0094310045242 18.0094310045242 18.0094310045242 18.2742873430252 18.2742873430252 18.2742873430252 18.2742873430252 18.2742873430252 18.2742873430252 18.5737934112549 18.5737934112549 18.5737934112549 18.5737934112549 18.5737934112549 18.5737934112549 18.7590993046761 18.7590993046761 18.7590993046761 18.7590993046761 18.7590993046761 18.7590993046761 18.8803374767303 18.8803374767303 18.8803374767303 18.8803374767303 18.8803374767303 18.8803374767303 19.4444586038589 19.4444586038589 19.4444586038589 19.4444586038589
16.5379246771336 16.5379246771336 16.5379246771336 16.5379246771336 16.5379246771336 16.5379246771336 17.4568378925323 17.4568378925323 17.4568378925323 17.4568378925323 17.4568378925323 17.4568378925323 18.0094310045242 18.0094310045242 18.0094310045242 18.0094310045242 18.0094310045242 18.0094310045242 18.2742873430252 18.2742873430252 18.2742873430252 18.2742873430252 18.2742873430252 18.2742873430252 18.5737934112549 18.5737934112549 18.5737934112549 18.5737934112549 18.5737934112549 18.5737934112549 18.7590993046761 18.7590993046761 18.7590993046761 18.7590993046761 18.7590993046761 18.7590993046761 18.8803374767303 18.8803374767303 18.8803374767303 18.8803374767303 18.8803374767303 18.8803374767303 19.4444586038589 19.4444586038589 19.4444586038589 19.4444586038589
16.5379246771336 16.5379246771336 16.5379246771336 16.5379246771336 16.5379246771336 16.5379246771336 17.4568378925323 17.4568378925323 17.4568378925323 17.4568378925323 17.4568378925323 17.4568378925323 18.0094310045242 18.0094310045242 18.0094310045242 18.0094310045242 18.0094310045242 18.0094310045242 18.2742873430252 18.2742873430252 18.2742873430252 18.2742873430252 18.2742873430252 18.2742873430252 18.5737934112549 18.5737934112549 18.5737934112549 18.5737934112549 18.5737934112549 18.5737934112549 18.7590993046761 18.7590993046761 18.7590993046761 18.7590993046761 18.7590993046761 18.7590993046761 18.8803374767303 18.8803374767303 18.8803374767303 18.8803374767303 18.8803374767303 18.8803374767303 19.4444586038589 19.4444586038589 19.4444586038589 19.4444586038589
16.8910110890865 16.8910110890865 16.8910110890865 16.8910110890865 16.8910110890865 16.8910110890865 17.7930623888969 17.7930623888969 17.7930623888969 17.7930623888969 17.7930623888969 17.7930623888969 18.373949944973 18.373949944973 18.373949944973 18.373949944973 18.373949944973 18.373949944973 18.8240772485733 18.8240772485733 18.8240772485733 18.8240772485733 18.8240772485733 18.8240772485733 19.1601775884628 19.1601775884628 19.1601775884628 19.1601775884628 19.1601775884628 19.1601775884628 19.3561738729477 19.3561738729477 19.3561738729477 19.3561738729477 19.3561738729477 19.3561738729477 19.763231754303 19.763231754303 19.763231754303 19.763231754303 19.763231754303 19.763231754303 20.2027171254158 20.2027171254158 20.2027171254158 20.2027171254158
16.8910110890865 16.8910110890865 16.8910110890865 16.8910110890865 16.8910110890865 16.8910110890865 17.7930623888969 17.7930623888969 17.7930623888969 17.7930623888969 17.7930623888969 17.7930623888969 18.373949944973 18.373949944973 18.373949944973 18.373949944973 18.373949944973 18.373949944973 18.8240772485733 18.8240772485733 18.8240772485733 18.8240772485733 18.8240772485733 18.8240772485733 19.1601775884628 19.1601775884628 19.1601775884628 19.1601775884628 19.1601775884628 19.1601775884628 19.3561738729477 19.3561738729477 19.3561738729477 19.3561738729477 19.3561738729477 19.3561738729477 19.763231754303 19.763231754303 19.763231754303 19.763231754303 19.763231754303 19.763231754303 20.2027171254158 20.2027171254158 20.2027171254158 20.2027171254158
16.8910110890865 16.8910110890865 16.8910110890865 16.8910110890865 16.8910110890865 16.8910110890865 17.7930623888969 17.7930623888969 17.7930623888969 17.7930623888969 17.7930623888969 17.7930623888969 18.373949944973 18.373949944973 18.373949944973 18.373949944973 18.373949944973 18.373949944973 18.8240772485733 18.8240772485733 18.8240772485733 18.8240772485733 18.8240772485733 18.8240772485733 19.1601775884628 19.1601775884628 19.1601775884628 19.1601775884628 19.1601775884628 19.1601775884628 19.3561738729477 19.3561738729477 19.3561738729477 19.3561738729477 19.3561738729477 19.3561738729477 19.763231754303 19.763231754303 19.763231754303 19.763231754303 19.763231754303 19.763231754303 20.2027171254158 20.2027171254158 20.2027171254158 20.2027171254158
16.8910110890865 16.8910110890865 16.8910110890865 16.8910110890865 16.8910110890865 16.8910110890865 17.7930623888969 17.7930623888969 17.7930623888969 17.7930623888969 17.7930623888969 17.7930623888969 18.373949944973 18.373949944973 18.373949944973 18.373949944973 18.373949944973 18.373949944973 18.8240772485733 18.8240772485733 18.8240772485733 18.8240772485733 18.8240772485733 18.8240772485733 19.1601775884628 19.1601775884628 19.1601775884628 19.1601775884628 19.1601775884628 19.1601775884628 19.3561738729477 19.3561738729477 19.3561738729477 19.3561738729477 19.3561738729477 19.3561738729477 19.763231754303 19.763231754303 19.763231754303 19.763231754303 19.763231754303 19.763231754303 20.2027171254158 20.2027171254158 20.2027171254158 20.2027171254158
16.8910110890865 16.8910110890865 16.8910110890865 16.8910110890865 16.8910110890865 16.8910110890865 17.7930623888969 17.7930623888969 17.7930623888969 17.7930623888969 17.7930623888969 17.7930623888969 18.373949944973 18.373949944973 18.373949944973 18.373949944973 18.373949944973 18.373949944973 18.8240772485733 18.8240772485733 18.8240772485733 18.8240772485733 18.8240772485733 18.8240772485733 19.1601775884628 19.1601775884628 19.1601775884628 19.1601775884628 19.1601775884628 19.1601775884628 19.3561738729477 19.3561738729477 19.3561738729477 19.3561738729477 19.3561738729477 19.3561738729477 19.763231754303 19.763231754303 19.763231754303 19.763231754303 19.763231754303 19.763231754303 20.2027171254158 20.2027171254158 20.2027171254158 20.2027171254158
