Archive - glowpa-model-master/Model input/Uganda/SWradiation/SWdown_mean_may_1.asc
NCOLS 67 
NROWS 67 
XLLCORNER 29.5000000014144 
YLLCORNER -1.49999999936061 
CELLSIZE 0.0833333332926796 
NODATA_value -9999 
[rows 20 to 39 of 67, columns 0 to 45 of 67]
-9999 -9999 -9999 -9999 -9999 -9999 -9999 -9999 -9999 -9999 -9999 -9999 -9999 -9999 -9999 17.9813525080681 17.9813525080681 17.9813525080681 18.1618626713753 18.1618626713753 18.1618626713753 18.1618626713753 18.1618626713753 18.1618626713753 18.1441849470139 18.1441849470139 18.1441849470139 18.1441849470139 18.1441849470139 18.1441849470139 17.9800847172737 17.9800847172737 17.9800847172737 17.9800847172737 17.9800847172737 17.9800847172737 17.6240778565407 17.6240778565407 17.6240778565407 17.6240778565407 17.6240778565407 17.6240778565407 17.2012303173542 17.2012303173542 17.2012303173542 17.2012303173542
-9999 -9999 -9999 -9999 -9999 -9999 -9999 -9999 -9999 -9999 -9999 -9999 -9999 -9999 -9999 17.9813525080681 17.9813525080681 17.9813525080681 18.1618626713753 18.1618626713753 18.1618626713753 18.1618626713753 18.1618626713753 18.1618626713753 18.1441849470139 18.1441849470139 18.1441849470139 18.1441849470139 18.1441849470139 18.1441849470139 17.9800847172737 17.9800847172737 17.9800847172737 17.9800847172737 17.9800847172737 17.9800847172737 17.6240778565407 17.6240778565407 17.6240778565407 17.6240778565407 17.6240778565407 17.6240778565407 17.2012303173542 17.2012303173542 17.2012303173542 17.2012303173542
-9999 -9999 -9999 -9999 -9999 -9999 -9999 -9999 -9999 -9999 -9999 -9999 -9999 -9999 -9999 -9999 17.9813525080681 17.9813525080681 18.1618626713753 18.1618626713753 18.1618626713753 18.1618626713753 18.1618626713753 18.1618626713753 18.1441849470139 18.1441849470139 18.1441849470139 18.1441849470139 18.1441849470139 18.1441849470139 17.9800847172737 17.9800847172737 17.9800847172737 17.9800847172737 17.9800847172737 17.9800847172737 17.6240778565407 17.6240778565407 17.6240778565407 17.6240778565407 17.6240778565407 17.6240778565407 17.2012303173542 17.2012303173542 17.2012303173542 17.2012303173542
-9999 -9999 -9999 -9999 -9999 -9999 -9999 -9999 -9999 -9999 -9999 -9999 -9999 -9999 -9999 -9999 -9999 17.9813525080681 18.1618626713753 18.1618626713753 18.1618626713753 18.1618626713753 18.1618626713753 18.1618626713753 18.1441849470139 18.1441849470139 18.1441849470139 18.1441849470139 18.1441849470139 18.1441849470139 17.9800847172737 17.9800847172737 17.9800847172737 17.9800847172737 17.9800847172737 17.9800847172737 17.6240778565407 17.6240778565407 17.6240778565407 17.6240778565407 17.6240778565407 17.6240778565407 17.2012303173542 17.2012303173542 17.2012303173542 17.2012303173542
-9999 -9999 -9999 -9999 -9999 -9999 -9999 -9999 -9999 -9999 -9999 -9999 -9999 -9999 -9999 17.9813525080681 17.9813525080681 17.9813525080681 18.1618626713753 18.1618626713753 18.1618626713753 18.1618626713753 18.1618626713753 18.1618626713753 18.1441849470139 18.1441849470139 18.1441849470139 18.1441849470139 18.1441849470139 18.1441849470139 17.9800847172737 17.9800847172737 17.9800847172737 17.9800847172737 17.9800847172737 17.9800847172737 17.6240778565407 17.6240778565407 17.6240778565407 17.6240778565407 17.6240778565407 17.6240778565407 17.2012303173542 17.2012303173542 17.2012303173542 17.2012303173542
-9999 -9999 -9999 -9999 -9999 -9999 -9999 -9999 -9999 -9999 -9999 -9999 -9999 -9999 -9999 17.7429408431053 17.7429408431053 17.7429408431053 17.9854103326797 17.9854103326797 17.9854103326797 17.9854103326797 17.9854103326797 17.9854103326797 18.0112002491951 18.0112002491951 18.0112002491951 18.0112002491951 18.0112002491951 18.0112002491951 17.53232640028 17.53232640028 17.53232640028 17.53232640028 17.53232640028 17.53232640028 16.7963601946831 16.7963601946831 16.7963601946831 16.7963601946831 16.7963601946831 16.7963601946831 15.9844881892204 15.9844881892204 15.9844881892204 15.9844881892204
-9999 -9999 -9999 -9999 -9999 -9999 -9999 -9999 -9999 -9999 -9999 -9999 -9999 -9999 -9999 17.7429408431053 17.7429408431053 17.7429408431053 17.9854103326797 17.9854103326797 17.9854103326797 17.9854103326797 17.9854103326797 17.9854103326797 18.0112002491951 18.0112002491951 18.0112002491951 18.0112002491951 18.0112002491951 18.0112002491951 17.53232640028 17.53232640028 17.53232640028 17.53232640028 17.53232640028 17.53232640028 16.7963601946831 16.7963601946831 16.7963601946831 16.7963601946831 16.7963601946831 16.7963601946831 15.9844881892204 15.9844881892204 15.9844881892204 15.9844881892204
-9999 -9999 -9999 -9999 -9999 -9999 -9999 -9999 -9999 -9999 -9999 -9999 -9999 -9999 -9999 17.7429408431053 17.7429408431053 17.7429408431053 17.9854103326797 17.9854103326797 17.9854103326797 17.9854103326797 17.9854103326797 17.9854103326797 18.0112002491951 18.0112002491951 18.0112002491951 18.0112002491951 18.0112002491951 18.0112002491951 17.53232640028 17.53232640028 17.53232640028 17.53232640028 17.53232640028 17.53232640028 16.7963601946831 16.7963601946831 16.7963601946831 16.7963601946831 16.7963601946831 16.7963601946831 15.9844881892204 15.9844881892204 15.9844881892204 15.9844881892204
-9999 -9999 -9999 -9999 -9999 -9999 -9999 -9999 -9999 -9999 -9999 -9999 -9999 -9999 17.7429408431053 17.7429408431053 17.7429408431053 17.7429408431053 17.9854103326797 17.9854103326797 17.9854103326797 17.9854103326797 17.9854103326797 17.9854103326797 18.0112002491951 18.0112002491951 18.0112002491951 18.0112002491951 18.0112002491951 18.0112002491951 17.53232640028 17.53232640028 17.53232640028 17.53232640028 17.53232640028 17.53232640028 16.7963601946831 16.7963601946831 16.7963601946831 16.7963601946831 16.7963601946831 16.7963601946831 15.9844881892204 15.9844881892204 15.9844881892204 15.9844881892204
-9999 -9999 -9999 -9999 -9999 -9999 -9999 -9999 -9999 -9999 -9999 17.4767906069756 17.7429408431053 17.7429408431053 17.7429408431053 17.7429408431053 17.7429408431053 17.7429408431053 17.9854103326797 17.9854103326797 17.9854103326797 17.9854103326797 17.9854103326797 17.9854103326797 18.0112002491951 18.0112002491951 18.0112002491951 18.0112002491951 18.0112002491951 18.0112002491951 17.53232640028 17.53232640028 17.53232640028 17.53232640028 17.53232640028 17.53232640028 16.7963601946831 16.7963601946831 16.7963601946831 16.7963601946831 16.7963601946831 16.7963601946831 15.9844881892204 15.9844881892204 15.9844881892204 15.9844881892204
-9999 -9999 -9999 -9999 -9999 -9999 -9999 -9999 -9999 -9999 17.4767906069756 17.4767906069756 17.7429408431053 17.7429408431053 17.7429408431053 17.7429408431053 17.7429408431053 17.7429408431053 17.9854103326797 17.9854103326797 17.9854103326797 17.9854103326797 17.9854103326797 17.9854103326797 18.0112002491951 18.0112002491951 18.0112002491951 18.0112002491951 18.0112002491951 18.0112002491951 17.53232640028 17.53232640028 17.53232640028 17.53232640028 17.53232640028 17.53232640028 16.7963601946831 16.7963601946831 16.7963601946831 16.7963601946831 16.7963601946831 16.7963601946831 15.9844881892204 15.9844881892204 15.9844881892204 15.9844881892204
-9999 -9999 -9999 -9999 -9999 -9999 -9999 -9999 -9999 -9999 17.5545803308487 17.5545803308487 17.8486027121544 17.8486027121544 17.8486027121544 17.8486027121544 17.8486027121544 17.8486027121544 17.9715762138367 17.9715762138367 17.9715762138367 17.9715762138367 17.9715762138367 17.9715762138367 17.82457280159 17.82457280159 17.82457280159 17.82457280159 17.82457280159 17.82457280159 17.200465887785 17.200465887785 17.200465887785 17.200465887785 17.200465887785 17.200465887785 16.4332593679428 16.4332593679428 16.4332593679428 16.4332593679428 16.4332593679428 16.4332593679428 15.3442435264587 15.3442435264587 15.3442435264587 15.3442435264587
-9999 -9999 -9999 -9999 -9999 -9999 -9999 -9999 -9999 17.5545803308487 17.5545803308487 17.5545803308487 17.8486027121544 17.8486027121544 17.8486027121544 17.8486027121544 17.8486027121544 17.8486027121544 17.9715762138367 17.9715762138367 17.9715762138367 17.9715762138367 17.9715762138367 17.9715762138367 17.82457280159 17.82457280159 17.82457280159 17.82457280159 17.82457280159 17.82457280159 17.200465887785 17.200465887785 17.200465887785 17.200465887785 17.200465887785 17.200465887785 16.4332593679428 16.4332593679428 16.4332593679428 16.4332593679428 16.4332593679428 16.4332593679428 15.3442435264587 15.3442435264587 15.3442435264587 15.3442435264587
-9999 -9999 -9999 -9999 -9999 -9999 -9999 -9999 -9999 17.5545803308487 17.5545803308487 17.5545803308487 17.8486027121544 17.8486027121544 17.8486027121544 17.8486027121544 17.8486027121544 17.8486027121544 17.9715762138367 17.9715762138367 17.9715762138367 17.9715762138367 17.9715762138367 17.9715762138367 17.82457280159 17.82457280159 17.82457280159 17.82457280159 17.82457280159 17.82457280159 17.200465887785 17.200465887785 17.200465887785 17.200465887785 17.200465887785 17.200465887785 16.4332593679428 16.4332593679428 16.4332593679428 16.4332593679428 16.4332593679428 16.4332593679428 15.3442435264587 15.3442435264587 15.3442435264587 15.3442435264587
-9999 -9999 -9999 -9999 -9999 -9999 17.5545803308487 17.5545803308487 17.5545803308487 17.5545803308487 17.5545803308487 17.5545803308487 17.8486027121544 17.8486027121544 17.8486027121544 17.8486027121544 17.8486027121544 17.8486027121544 17.9715762138367 17.9715762138367 17.9715762138367 17.9715762138367 17.9715762138367 17.9715762138367 17.82457280159 17.82457280159 17.82457280159 17.82457280159 17.82457280159 17.82457280159 17.200465887785 17.200465887785 17.200465887785 17.200465887785 17.200465887785 17.200465887785 16.4332593679428 16.4332593679428 16.4332593679428 16.4332593679428 16.4332593679428 16.4332593679428 15.3442435264587 15.3442435264587 15.3442435264587 15.3442435264587
-9999 -9999 -9999 -9999 -9999 -9999 17.5545803308487 17.5545803308487 17.5545803308487 17.5545803308487 17.5545803308487 17.5545803308487 17.8486027121544 17.8486027121544 17.8486027121544 17.8486027121544 17.8486027121544 17.8486027121544 17.9715762138367 17.9715762138367 17.9715762138367 17.9715762138367 17.9715762138367 17.9715762138367 17.82457280159 17.82457280159 17.82457280159 17.82457280159 17.82457280159 17.82457280159 17.200465887785 17.200465887785 17.200465887785 17.200465887785 17.200465887785 17.200465887785 16.4332593679428 16.4332593679428 16.4332593679428 16.4332593679428 16.4332593679428 16.4332593679428 15.3442435264587 15.3442435264587 15.3442435264587 15.3442435264587
-9999 -9999 -9999 -9999 -9999 16.9907001852989 17.5545803308487 17.5545803308487 17.5545803308487 17.5545803308487 17.5545803308487 17.5545803308487 17.8486027121544 17.8486027121544 17.8486027121544 17.8486027121544 17.8486027121544 17.8486027121544 17.9715762138367 17.9715762138367 17.9715762138367 17.9715762138367 17.9715762138367 17.9715762138367 17.82457280159 17.82457280159 17.82457280159 17.82457280159 17.82457280159 17.82457280159 17.200465887785 17.200465887785 17.200465887785 17.200465887785 17.200465887785 17.200465887785 16.4332593679428 16.4332593679428 16.4332593679428 16.4332593679428 16.4332593679428 16.4332593679428 15.3442435264587 15.3442435264587 15.3442435264587 15.3442435264587
-9999 -9999 16.9335439503193 16.9335439503193 16.9335439503193 16.9335439503193 17.4397141337395 17.4397141337395 17.4397141337395 17.4397141337395 17.4397141337395 17.4397141337395 17.8256682753563 17.8256682753563 17.8256682753563 17.8256682753563 17.8256682753563 17.8256682753563 17.9872008562088 17.9872008562088 17.9872008562088 17.9872008562088 17.9872008562088 17.9872008562088 17.9528210163116 17.9528210163116 17.9528210163116 17.9528210163116 17.9528210163116 17.9528210163116 17.4114628434181 17.4114628434181 17.4114628434181 17.4114628434181 17.4114628434181 17.4114628434181 16.5890715718269 16.5890715718269 16.5890715718269 16.5890715718269 16.5890715718269 16.5890715718269 16.06575101614 16.06575101614 16.06575101614 16.06575101614
-9999 16.9335439503193 16.9335439503193 16.9335439503193 16.9335439503193 16.9335439503193 17.4397141337395 17.4397141337395 17.4397141337395 17.4397141337395 17.4397141337395 17.4397141337395 17.8256682753563 17.8256682753563 17.8256682753563 17.8256682753563 17.8256682753563 17.8256682753563 17.9872008562088 17.9872008562088 17.9872008562088 17.9872008562088 17.9872008562088 17.9872008562088 17.9528210163116 17.9528210163116 17.9528210163116 17.9528210163116 17.9528210163116 17.9528210163116 17.4114628434181 17.4114628434181 17.4114628434181 17.4114628434181 17.4114628434181 17.4114628434181 16.5890715718269 16.5890715718269 16.5890715718269 16.5890715718269 16.5890715718269 16.5890715718269 16.06575101614 16.06575101614 16.06575101614 16.06575101614
-9999 16.9335439503193 16.9335439503193 16.9335439503193 16.9335439503193 16.9335439503193 17.4397141337395 17.4397141337395 17.4397141337395 17.4397141337395 17.4397141337395 17.4397141337395 17.8256682753563 17.8256682753563 17.8256682753563 17.8256682753563 17.8256682753563 17.8256682753563 17.9872008562088 17.9872008562088 17.9872008562088 17.9872008562088 17.9872008562088 17.9872008562088 17.9528210163116 17.9528210163116 17.9528210163116 17.9528210163116 17.9528210163116 17.9528210163116 17.4114628434181 17.4114628434181 17.4114628434181 17.4114628434181 17.4114628434181 17.4114628434181 16.5890715718269 16.5890715718269 16.5890715718269 16.5890715718269 16.5890715718269 16.5890715718269 16.06575101614 16.06575101614 16.06575101614 16.06575101614
