Archive - glowpa-model-master/Model input/Uganda/survival/Lsurvival/Lsurvival_restime_1sep.asc
NCOLS 67 
NROWS 67 
XLLCORNER 29.500000001 
YLLCORNER -1.499999999 
CELLSIZE 0.0833333332985075 
NODATA_value -9999 
[rows 40 to 59 of 67, columns 0 to 44 of 67]
0.952708700260312 0.964734009986888 0.979808619668754 0.980030733987373 0.962259323801242 0.974010890407353 0.965333577539999 0.967002834923685 0.954054775612893 0.966858090331647 0.96620223870762 0.969049368832844 0.954963285646994 0.972060485910243 0.9681811435105 0.975865346803766 0.974037763931098 0.965704310903542 0.969279439297877 0.969437295114938 0.969087434878105 0.959423142801138 0.968760295531993 0.968397514456022 0.968680123212278 0.96697814432404 0.968267229531828 0.968890597981611 0.965724587558702 0.963078872969999 0.968348209209413 0.966240222123433 0.977936706029518 0.959253750256476 0.968668768570766 0.972982414408779 0.968709153621074 0.95612103272087 0.968533221736754 0.966651342780928 0.96739954430823 0.968823233846938 0.98944539184662 0.973300333613768 0.965441687984014
0.966865174079987 0.957232762621873 0.979762171089503 0.972544877225245 0.972339365790665 0.97309072984678 0.954800981878903 0.967127426016089 0.967320539109395 0.971868392600306 0.961958096377734 0.967418943085174 0.955490513944366 0.968470424879195 0.95890959096978 0.974393901533659 0.968153002573378 0.962578980512677 0.964933392057973 0.974091033486974 0.971801057921601 0.970880011334833 0.968384383947394 0.970877653756686 0.958443948545808 0.967830718627312 0.962314000145842 0.96537397748459 0.950607556053486 0.965109401461617 0.968061678677534 0.960341291976345 0.977452156609492 0.967075355504801 0.967453998887696 0.96732297555589 0.958956222343551 0.968465516545784 0.965459891400128 0.970995399160038 0.976470563274709 0.972960562416956 0.989442847508454 0.971281845149296 0.974813782207061
0.963094478752694 0.951558330706187 0.979439201023435 0.950981688424798 0.972106545637553 0.971898733896076 0.953070586321578 0.969637190597485 0.971265926829185 0.966951681831138 0.967746329172665 0.974020881391451 0.969492120385045 0.966870918536608 0.968590223866169 0.969137058499438 0.960701561669935 0.970404739449037 0.95801699837017 0.968165046041794 0.954782811694881 0.966942791946139 0.967232807173931 0.960717715140172 0.966849093292954 0.973452324687026 0.967211019426111 0.955646333339565 0.964933047793057 0.962855118387269 0.957226662467208 0.967155287763658 0.977214989096241 0.974584841451538 0.97082156574906 0.966901317739079 0.96846087302539 0.968213135091635 0.974815278448361 0.968547515648261 0.974978734865737 0.972207378225768 0.989440423040804 0.989367586861675 0.970215664316524
0.978766681944681 0.970922166741844 0.966038314801873 0.956722536989329 0.970601171382778 0.970009353314751 0.966533234579028 0.957392698026583 0.960650839797411 0.968272549711023 0.969957334034537 0.974347883908281 0.974805225915387 0.967505621385559 0.954569010688618 0.95713372741115 0.968704489494732 0.954148802783303 0.954446721586966 0.96841613959562 0.968472022031069 0.969799601801062 0.963076783480203 0.966977806853654 0.952600643299426 0.962839700078833 0.951731047592072 0.96422948594075 0.971244354952259 0.971612633133867 0.967258356311691 0.965227166894357 0.975070076420894 0.96716477593318 0.960831247568545 0.971237776753776 0.967888156808724 0.961167583604242 0.967868490501373 0.967729876429446 0.973897361296405 0.970364926133674 0.965124109221312 0.989017852657041 0.969780251451763
0.978875491068367 0.973903693343657 0.973411999710651 0.971930614226986 0.970538161788849 0.957498085559372 0.951041840408107 0.955145589120124 0.958224982536659 0.973291062104984 0.972688079946556 0.967350685270275 0.975880721200396 0.971108303627309 0.97160038453142 0.955801139486012 0.969138165927964 0.956788508431483 0.957396766127673 0.970751340845565 0.969940696033617 0.974809272767836 0.951153662998548 0.956092695793232 0.963717024098903 0.967304771701751 0.966385139609863 0.974980376870818 0.959855147609787 0.959960229071756 0.965997452371053 0.952383918235174 0.970060748518126 0.962894127789138 0.972369012305493 0.967182330927271 0.957251117849673 0.971497725225216 0.968570604638802 0.969718631982647 0.972724300486163 0.968798027078067 0.984446732230731 0.984446732230731 0.984446651877115
0.978764383377823 0.970767821236918 0.970092140180103 0.969604102328953 0.972261992049097 0.956899052302497 0.970607072574492 0.971715330745067 0.956225899021091 0.974432745040131 0.973223862391358 0.95341126842286 0.976053549512421 0.968634187706242 0.962613765617437 0.968762574288876 0.973509933989096 0.968450907718762 0.967939694734174 0.97301505727101 0.959159650991743 0.97512954681608 0.964965213602437 0.974449410938187 0.963173203646199 0.965394275985801 0.965419502514992 0.964684862295533 0.971424574821505 0.971424574821505 0.958070101893702 0.966211639028697 0.967797555184912 0.967587309969322 0.966076644397877 0.958703657903959 0.969819074820608 0.98879508105544 0.98413794109803 0.966512055629248 0.968789123468115 0.96606464809208 0.988940218392325 0.988940218392325 0.984446587244864
0.973673035777176 0.969627955614371 0.967746895968701 0.956523923227344 0.962356078313256 0.967812431907081 0.95995445935064 0.971606783035421 0.979475111609573 0.976676309128801 0.973951355372435 0.96745768216194 0.966412020481095 0.974443426617289 0.974875995290333 0.97557319664957 0.977724270774825 0.977874947107469 0.978684394049833 0.979395435800708 0.979371794413218 0.980766993022992 0.972959666494241 0.964792520908885 0.949236176943709 0.949431565985715 0.964758649341878 0.963569324066697 0.964334731789511 0.955112087302413 0.966055514973009 0.96636377034247 0.966161471209087 0.968892491681719 0.983633220192751 0.988437726798427 0.984137875193288 0.988795083739898 0.988720105209909 0.988720105209909 0.988795083739898 0.984137875193288 0.988940138549333 0.989013662637284 0.989013663514745
0.965966689735591 0.977730995807984 0.971110120012398 0.96905628616629 0.969324389033899 0.964449180836697 0.979610907412457 0.979610907412457 0.979610907412457 0.979610907412457 0.971424699178482 0.979603228990356 0.977261014007533 0.977160349887566 0.966184340582776 0.96595453581254 0.973689541821918 0.968820924825869 0.974706210249902 0.969856592417052 0.964002644344559 0.966130476780869 0.968730164468943 0.973079284580426 0.966108243454852 0.964819442070734 0.96209700169178 0.963193500642184 0.948661736736853 0.965673339495734 0.966056959112821 0.968832074096174 0.983633170582791 0.983633170582791 0.988360310165113 0.983633170582791 0.988795084634717 0.988795084634717 0.988720046156323 0.988795084634717 0.988795084634717 0.988720046156323 0.988940080641232 0.984446508638077 0.989013664392206
0.969341999790902 0.977698557278911 0.977446368493457 0.977296132731896 0.975154415003138 0.965734520283295 0.979474940005323 0.971192251071666 0.979474940005323 0.971192251071666 0.966957039965012 0.972175335691648 0.966208123211968 0.97357117915678 0.966135442866426 0.972481873401336 0.970740785116461 0.953252798804245 0.974463877466986 0.966969352343586 0.973309083034558 0.956438215749308 0.966764519241452 0.965448331418464 0.981205848082668 0.981509488792592 0.981508307826473 0.981522293198671 0.974126701999154 0.967975404929858 0.988437728644808 0.983633137509486 0.988360273240392 0.988437728644808 0.988437728644808 0.983633137509486 0.988720010366273 0.988720010366273 0.988720010366273 0.988720010366273 0.988720010366273 0.988720010366273 0.988940045545415 0.988940045545415 0.989013664392206
0.977401455817436 0.977401455817436 0.977401455817436 0.977401455817436 0.977401455817436 0.960812911330959 0.962033716316444 0.966970914919784 0.971053023687676 0.979511961876713 0.95732277429707 0.967277888105176 0.961204485355066 0.96617323313164 0.974750223129748 0.97191322512928 0.965636398654225 0.957547988147415 0.97406544546413 0.973386539311735 0.966770599559241 0.96090845935842 0.952582100945789 0.951773163426142 0.961779109292721 0.967149946249491 0.961680708979071 0.953328771231456 0.988041490387618 0.988041490387618 0.983480144110664 0.988251204836795 0.988329393764777 0.988329393764777 0.988329393764777 0.988251204836795 0.988459465102264 0.988536276099615 0.988536276099615 0.988536276099615 0.988536276099615 0.988459465102264 0.983753314643339 0.988522846016531 0.988522846016531
0.968085481394124 0.977401455817436 0.977250924375517 0.977401455817436 0.977250924375517 0.960907867108858 0.971674450995216 0.979417003334043 0.979511961876713 0.964141265265023 0.967554043533181 0.966558189455635 0.971798919309888 0.965675005380068 0.974550734638616 0.970765331300437 0.964946876578885 0.968079558937507 0.965267062744672 0.973084832491135 0.966146909263961 0.971786296428136 0.965991721161203 0.949837463917216 0.972569495856389 0.964962971533926 0.972650886589767 0.964490955088516 0.983185993987859 0.988041502714812 0.988251216949096 0.988251216949096 0.988251216949096 0.988251216949096 0.988251216949096 0.983480144110664 0.988536276099615 0.983772279859708 0.988536276099615 0.988536276099615 0.988459477001117 0.983772298078831 0.988522846016531 0.983753332883578 0.988445957472501
0.977250994550054 0.96808554642558 0.977250994550054 0.977250994550054 0.977250994550054 0.980366589535957 0.963308884492306 0.963521625774819 0.965025062101732 0.958502675707024 0.965697093911857 0.956962360052969 0.966619658923669 0.952452755842627 0.973793201209755 0.962855081118364 0.95668422300157 0.964405274241871 0.953900992887106 0.970927624764618 0.966956532093985 0.968453458975715 0.952679469233816 0.965180367174327 0.97238183154321 0.949541351628693 0.970865070752656 0.964777111786799 0.988041540644638 0.98318604682866 0.988329392832988 0.988251254217716 0.988251254217716 0.988329392832988 0.988329392832988 0.988329392832988 0.988459513612974 0.988459513612974 0.988459513612974 0.983772330873254 0.988459513612974 0.988459513612974 0.988522846016531 0.988522845100098 0.98375336571601
0.977251114525888 0.97740145128935 0.96808564285154 0.96808564285154 0.977251114525888 0.965404365455228 0.959906423421349 0.973639457946083 0.954080184004894 0.964177877380243 0.954373248624164 0.947657698897272 0.966607397016609 0.957632189865665 0.970200703663802 0.956400025718863 0.964646066563585 0.949704571794511 0.964146902232971 0.967233233351478 0.967214148847535 0.96578820032567 0.964825345594345 0.968926168939358 0.970956596696733 0.952759105667952 0.967898515065392 0.950753009689231 0.966875302891757 0.954811105949791 0.983480246104578 0.983480196034837 0.983480246104578 0.988329391901199 0.988251315710941 0.988251315710941 0.98377238006489 0.988459574022542 0.98853627426888 0.988459574022542 0.988459574022542 0.988459574022542 0.98375341496466 0.988446054606919 0.98375341496466
0.968085775156942 0.977401446761263 0.968085775156942 0.968085775156942 0.977251277511949 0.958723779802893 0.948645227529785 0.973460829914293 0.97273233534458 0.967410359884436 0.969833060037124 0.97004216924696 0.952722075206242 0.955471160533273 0.964637762247169 0.965261007098999 0.950685127241963 0.965464414754933 0.965057648167643 0.965362033146783 0.955291314730697 0.94749840976227 0.951183605482751 0.96253210358772 0.967546021093695 0.963587352859722 0.965139247597077 0.96572736994813 0.969874786216356 0.972157806421492 0.988329391901199 0.988251400497062 0.988251400497062 0.988329389105832 0.988329389105832 0.988251400497062 0.98377238006489 0.98853627426888 0.988459657314527 0.988459657314527 0.983772447475654 0.988536271522777 0.988522841434363 0.983753482453555 0.988446137995909
0.977401442233176 0.968085936614407 0.977401442233176 0.968085936614407 0.960566530680574 0.955607615932109 0.96607243167579 0.95784291076519 0.967255874950845 0.970041816264643 0.960597687911476 0.971472283276955 0.967352639490808 0.966153044279665 0.965838023695469 0.955151639826459 0.965256303122779 0.967789809750089 0.954558331478705 0.972885340554199 0.968593296703099 0.967130260568546 0.965588406854797 0.950947022931627 0.963151803836345 0.959834617586932 0.962013214647966 0.988041801412236 0.983186167607644 0.988121061831147 0.988329389105832 0.988251510439515 0.983480314718671 0.983480400022685 0.988329389105832 0.983480314718671 0.98845976531953 0.98845976531953 0.983772531283638 0.98845976531953 0.98845976531953 0.983772531283638 0.988522838685062 0.988446246126697 0.983753566358673
0.977374486046574 0.977374486046574 0.977592398667455 0.948881704849858 0.962478610727688 0.966342480329269 0.954577954433613 0.968047947279295 0.968452163596825 0.974205119866519 0.955082808173028 0.972482093595706 0.969668461125009 0.952904578266507 0.966214533440242 0.966652227794406 0.958174518587184 0.971271063067917 0.964471891892993 0.972983469381264 0.962022598878772 0.964328851794144 0.960576619565547 0.963162170736837 0.94743382176053 0.958706093938959 0.952557735232348 0.983043116181962 0.988019673394677 0.983043116181962 0.98308625534679 0.988050230895079 0.987970642895251 0.987970642895251 0.987970642895251 0.98308635785494 0.987944851202957 0.982937586065496 0.987944851202957 0.987944851202957 0.982937586065496 0.987944851202957 0.982873319197505 0.982873319197505 0.987899328346371
0.977374479246438 0.977374479246438 0.977565790148095 0.97712900481522 0.96532962099191 0.961555692572019 0.967586168402317 0.96741610384159 0.958099502637755 0.974679185816992 0.967633289266654 0.977299709084999 0.977422956194034 0.977612127472347 0.977758355357374 0.968994140638677 0.978832507389965 0.973418927989325 0.978827324158084 0.97028641402818 0.979045409667248 0.953378885960602 0.970256557875695 0.951891863058647 0.963427168778552 0.950872449938325 0.988019673394677 0.987940048570894 0.987940048570894 0.987940048570894 0.987970806006224 0.987970806006224 0.983086481244394 0.983086481244394 0.988050225171426 0.988050228987195 0.982937586065496 0.987864732148831 0.987864732148831 0.987944847353745 0.987944851202957 0.987944847353745 0.98781890861433 0.982873444127554 0.982873444127554
0.964326335984878 0.975407301900904 0.969311232377938 0.977202088770626 0.966368496491904 0.967843740359499 0.967119440546649 0.972832622721204 0.966658196717753 0.975072987260837 0.966558839274113 0.967257648404952 0.966338343212485 0.967396969864235 0.969823063571548 0.970950003843265 0.978692816657276 0.978692816657276 0.978827654917414 0.978827654917414 0.978907108786343 0.970256772657389 0.978806287668026 0.965870478433523 0.969463074027856 0.950646426528499 0.988019669569211 0.988019665743745 0.983043481576996 0.983043481576996 0.988050221355658 0.98308661982026 0.988050221355658 0.988050221355658 0.98308661982026 0.983086481244394 0.987864922669375 0.987944847353745 0.987864922669375 0.987864922669375 0.982937850315 0.987864922669375 0.987819099849846 0.987899324482714 0.982873584433629
0.949647959328425 0.975150160120224 0.968139466556912 0.977097574412596 0.965746557492297 0.954409443103507 0.974016278372904 0.973091904699132 0.967505550448925 0.966115332025836 0.969542069217249 0.967170119186355 0.966625791217478 0.952487221241012 0.96543206145407 0.96687250501925 0.970098750883106 0.978693192106123 0.964475849267702 0.948066118944436 0.956089219043106 0.96345112150326 0.970308697956602 0.945225421211046 0.970607167010035 0.971068300938552 0.988019665743745 0.987940451168831 0.983043639534267 0.987940451168831 0.983086777379146 0.988050215632005 0.983086777379146 0.983086777379146 0.98308661982026 0.987971207583648 0.987865137245586 0.987865137245586 0.982938009247707 0.987944843504533 0.987944837730716 0.987944837730716 0.982873743959738 0.987819315231306 0.987899320619056
0.965169027029709 0.975039876742607 0.967134553453498 0.954287156241662 0.967398671287849 0.974919530894633 0.974255309059815 0.966421824278777 0.96700054176086 0.954716431239878 0.968143760846455 0.965409015539327 0.969227711943854 0.965793323147 0.965705830292407 0.968689970330136 0.96767037148107 0.96453040267295 0.964580064181957 0.952421476387528 0.968065540479638 0.96410110026535 0.949658730214598 0.97885262923506 0.97890687611534 0.978929921826229 0.983043812716364 0.988019655223714 0.983043639534267 0.987940691197608 0.987971447003994 0.987971447003994 0.987971447003994 0.987971447003994 0.987971447003994 0.98308695012446 0.987944832919202 0.987865378764159 0.987865378764159 0.987944837730716 0.987944832919202 0.987865378764159 0.987899309993997 0.982873918861887 0.982873918861887
