Archive - glowpa-model-master/Model input/Uganda/survival/Lsurvival/Lsurvival_restime_1feb.asc
NCOLS 67 
NROWS 67 
XLLCORNER 29.500000001 
YLLCORNER -1.499999999 
CELLSIZE 0.0833333332985075 
NODATA_value -9999 
[rows 0 to 19 of 67, columns 0 to 44 of 67]
-9999.000000000000000 -9999 -9999 -9999 -9999 -9999 -9999 -9999 -9999 -9999 -9999 -9999 -9999 -9999 -9999 -9999 -9999 -9999 -9999 -9999 -9999 -9999 -9999 -9999 -9999 -9999 -9999 -9999 -9999 -9999 -9999 0.950926884152626 0.965081411090156 -9999 -9999 -9999 -9999 -9999 -9999 -9999 -9999 -9999 -9999 -9999 -9999
-9999 -9999 -9999 -9999 -9999 -9999 -9999 -9999 -9999 -9999 -9999 -9999 -9999 -9999 -9999 -9999 -9999 -9999 -9999 -9999 -9999 -9999 -9999 -9999 -9999 -9999 -9999 -9999 -9999 0.966168796901212 0.95383568682619 0.964304189205777 0.955795687683776 0.949811644956277 0.950119215952081 0.964237355139389 0.965432126813149 0.950645294163188 0.963049287435602 0.96373173336606 -9999 -9999 -9999 -9999 -9999
-9999 -9999 -9999 -9999 -9999 -9999 -9999 -9999 -9999 -9999 -9999 -9999 -9999 -9999 -9999 -9999 -9999 -9999 -9999 -9999 -9999 -9999 -9999 -9999 -9999 -9999 -9999 -9999 -9999 0.971065290552368 0.963543313479943 0.969397702757913 0.965669347585468 0.975222225929929 0.963770869053508 0.964069930172135 0.973366038406882 0.972422171103439 0.970067773921412 0.968076456277384 0.963327812646866 0.950784652124053 0.963271417034636 -9999 -9999
-9999 -9999 -9999 -9999 -9999 -9999 -9999 -9999 -9999 -9999 -9999 -9999 -9999 -9999 -9999 -9999 -9999 -9999 -9999 -9999 -9999 -9999 -9999 -9999 -9999 0.965268944108856 -9999 -9999 -9999 0.959694789286306 0.963052569392733 0.966456174291633 0.963832173082785 0.949364663462727 0.964902976988025 0.967070537369922 0.964242639246228 0.964474138883677 0.955014331168495 0.965216001895969 0.96474084635732 0.950516779033687 0.967250009294481 -9999 -9999
-9999 -9999 -9999 -9999 -9999 -9999 -9999 -9999 -9999 -9999 -9999 -9999 -9999 -9999 -9999 -9999 -9999 -9999 -9999 -9999 -9999 -9999 0.967471466666654 -9999 -9999 0.954377495732571 -9999 -9999 -9999 0.988129067463354 0.982966802982719 0.982666888866604 0.969751445172206 0.968494555675646 0.965983098024209 0.949784773043439 0.964297852365808 0.953556637782445 0.965150544258805 0.962231119013279 0.955234948036957 0.962014144329041 0.968692448204619 0.962428844413675 -9999
-9999 -9999 -9999 -9999 -9999 -9999 -9999 -9999 -9999 -9999 -9999 -9999 -9999 -9999 -9999 -9999 -9999 -9999 -9999 -9999 -9999 0.956459166018532 0.969802915531464 0.966878401755427 0.968865081314919 0.948792211380082 0.989287232808393 0.989336554224652 0.984972338890396 0.98937467446761 0.960628418445857 0.98270115557094 0.975031902758583 0.974722657623471 0.965844150160139 0.958789061075553 0.969302436578152 0.96421389180353 0.947472645650088 0.962950072056237 0.948825929038086 0.969423268227468 0.969642189526135 0.962544932980765 -9999
-9999 -9999 -9999 -9999 -9999 -9999 -9999 -9999 -9999 -9999 -9999 -9999 -9999 -9999 -9999 -9999 -9999 -9999 -9999 0.967718821922009 0.974306221804587 0.974786257593282 0.975886999146881 0.976311580080415 0.958582715742672 0.961801476891876 0.98933657369144 0.989286256863591 0.989324535880674 0.989374693014703 0.968717379342714 0.9613325439272 0.975283110480916 0.952379499985489 0.96420974098475 0.971948892569548 0.970971345742256 0.968820482640381 0.963277063118756 0.966111176024565 0.967858675373932 0.970690013813469 0.972528157932412 0.945829464054398 -9999
-9999 -9999 -9999 -9999 -9999 -9999 -9999 -9999 -9999 -9999 -9999 -9999 -9999 -9999 -9999 -9999 -9999 0.97112025457504 0.971541827566007 0.962183270406804 0.967421773343572 0.956192907613042 0.953144645463446 0.976310103018665 0.9375931356653 0.970726850851228 0.984842010609671 0.951756497454765 0.969090964890165 0.970128483071264 0.975854947903973 0.966212150783597 0.982667626841842 0.962388883042656 0.950566152813866 0.954893633457084 0.967069005225434 0.964370274751459 0.963711988079917 0.963932921691169 0.957524621140757 0.964056844198463 0.962659186853126 0.962424455721613 0.9469688564857
-9999 -9999 -9999 -9999 -9999 -9999 -9999 -9999 -9999 -9999 -9999 -9999 -9999 -9999 -9999 -9999 -9999 0.971268117355762 0.955264169333004 0.967753866357929 0.967611557272743 0.958945014647254 0.970290348715886 0.976841143030963 0.976255892875503 0.984829506326248 0.965008989137724 0.96495539439161 0.9676225462885 0.968865483209816 0.975760696937425 0.97594676729383 0.964739896416891 0.975502294846373 0.953451181792867 0.965159787437302 0.950287433610769 0.964534735915242 0.95282168459066 0.964163315999432 0.96442924533686 0.978239307071119 0.963314597882089 0.966842587302428 0.962564087968568
-9999 -9999 -9999 -9999 -9999 -9999 -9999 -9999 -9999 -9999 -9999 -9999 -9999 -9999 -9999 -9999 -9999 0.972746442129932 0.972814955601919 0.974516198018704 0.969453175333609 0.959499893641158 0.959226219545749 0.948152710714492 0.984788612860879 0.965254440368268 0.957482324980474 0.963528106349623 0.954421295481233 0.972555763157224 0.97530501094489 0.964780610352793 0.965749719071848 0.982651925575845 0.982543298101378 0.963215486884296 0.94996926321439 0.958380346686619 0.965878537022904 0.967565105971431 0.969627073958772 0.978177244432307 0.967140048153181 0.968326264456634 0.96369760551234
-9999 -9999 -9999 -9999 -9999 -9999 -9999 -9999 -9999 -9999 -9999 -9999 -9999 -9999 -9999 -9999 0.969413490688621 0.971725071028428 0.975252756344442 0.97700442023123 0.977512410801777 0.977550606973167 0.969062360711671 0.970958086560891 0.989239368037369 0.972457464916701 0.966051865152563 0.952166900641569 0.955934672460587 0.970914149669298 0.973368209590657 0.951144488358236 0.97545379081663 0.967207574545007 0.963724657463298 0.975443581190161 0.970690733028944 0.964920220140983 0.970241906547852 0.978756642398975 0.967001709447906 0.964055623935487 0.963549044862417 0.966533959033022 0.975669544777022
-9999 -9999 -9999 -9999 -9999 -9999 -9999 -9999 -9999 -9999 -9999 -9999 -9999 -9999 -9999 -9999 0.969332663656427 0.96450876886973 0.967650217949608 0.956819197868264 0.967734332246515 0.952028061251543 0.946608961315488 0.985149620586527 0.963522161682134 0.972025503154613 0.971124630937713 0.966260197491463 0.966502805708311 0.970031290505693 0.972483832274592 0.962017918057653 0.974998144264028 0.967153860612473 0.966681573152356 0.981254268390887 0.970854091473437 0.979228894387194 0.972635601790318 0.964886041954848 0.957836894917058 0.969027789139494 0.963090325361944 0.969212834381991 0.963290215922991
-9999 -9999 -9999 -9999 -9999 -9999 -9999 -9999 -9999 -9999 -9999 -9999 -9999 -9999 -9999 0.969040066061224 0.962311846633652 0.96991411764874 0.97070929229981 0.963053137544212 0.963927913708464 0.950437259390816 0.989469528139708 0.989469544675173 0.966949012846594 0.952861145090015 0.966433740539073 0.953027670762328 0.966680477664382 0.969125602177173 0.968288357569722 0.958904028919495 0.974215608058645 0.951120416192131 0.966148910920156 0.971087364615574 0.97264315218061 0.964451035850269 0.967209029252714 0.959675626137197 0.950365473168297 0.966780607113735 0.96334019608789 0.967504652824247 0.947682530414579
-9999 -9999 -9999 -9999 -9999 -9999 -9999 -9999 -9999 -9999 -9999 -9999 -9999 -9999 -9999 -9999 0.97009120898455 0.970348890215877 0.958997188321982 0.967923938147821 0.963122894963915 0.942572632419705 0.985002336982067 0.98940000627883 0.956121563318423 0.952789765258081 0.956646616466518 0.966644800860121 0.955111919512259 0.965964448017322 0.966054164458384 0.969063605909847 0.973924145963823 0.970396205911731 0.95250747686522 0.966691813407912 0.980840195429146 0.963982550921895 0.965259579234039 0.971132737810341 0.966948916477785 0.964598070747245 0.964295249804642 0.966838385480357 0.963918128057372
-9999 -9999 -9999 -9999 -9999 -9999 -9999 -9999 -9999 -9999 -9999 -9999 -9999 -9999 -9999 -9999 -9999 0.970209679462869 0.97128668291201 0.972422619759333 0.972727113729681 0.975494870121192 0.98939304525874 0.959244250179989 0.968658409074015 0.970522984694561 0.952938089331812 0.959007482992885 0.965991192271016 0.966887756490329 0.953007616114522 0.966761356238503 0.972027440956577 0.969249401654023 0.966727349564334 0.966711719089877 0.971868672438285 0.972673922730234 0.964104938905201 0.964072211341691 0.968643819604793 0.96558759936053 0.956261843359227 0.966451040421344 0.967398443429902
-9999 -9999 -9999 -9999 -9999 -9999 -9999 -9999 -9999 -9999 -9999 -9999 -9999 -9999 -9999 -9999 0.971155567249483 0.961870637947025 0.967232607476628 0.969624575902292 0.970612708511789 0.959049931292359 0.989371885754212 0.968076859156845 0.96401301833671 0.974264806494531 0.972209410486902 0.966405861020555 0.965905975122336 0.970560461371707 0.958023999348289 0.96612644161934 0.967007004502912 0.958057846259358 0.968032834973715 0.96928849350189 0.970252091028305 0.969956794964575 0.972483171964338 0.977859198971582 0.968410129999115 0.968570344213964 0.977181343310268 0.977016173026741 0.966311020318166
-9999 -9999 -9999 -9999 -9999 -9999 -9999 -9999 -9999 -9999 -9999 -9999 -9999 -9999 -9999 -9999 0.971053785843965 0.975912767661142 0.96676570875823 0.966808183482201 0.978382493405967 0.978852436037389 0.9788528081923 0.984947790260937 0.965862060455877 0.951926252071963 0.952314547830456 0.952573824443495 0.973893250312422 0.973105852892216 0.966078398179919 0.95253329708438 0.955343491175877 0.967190465950485 0.957199472344827 0.967069942744842 0.952563559761819 0.965605969978974 0.971192479152425 0.970012368643434 0.963008861945395 0.953002289005267 0.963624512380029 0.948543218390039 0.963371610414155
-9999 -9999 -9999 -9999 -9999 -9999 -9999 -9999 -9999 -9999 -9999 -9999 -9999 -9999 -9999 0.958864340029891 0.964465937090392 0.969354045966589 0.976100838263284 0.969492225018227 0.962555160831004 0.964960441747332 0.951131559188078 0.98930516681126 0.96598189181755 0.975340820324684 0.974989124151001 0.974556503444235 0.974309930450704 0.965776341154767 0.968908609489467 0.953372924019513 0.966234227328795 0.961550700225966 0.966366107207651 0.956477442846047 0.965600492167382 0.969255170987061 0.970379671165522 0.978717728958593 0.978551889754537 0.964423500350703 0.949453522904302 0.963886212434961 0.965873840041316
-9999 -9999 -9999 -9999 -9999 -9999 -9999 -9999 -9999 -9999 -9999 -9999 -9999 -9999 -9999 0.969436259492576 0.973809904499805 0.956938134841488 0.97545852453238 0.968806488402519 0.973270487708307 0.963914451491764 0.968533671093473 0.989299662133229 0.964775366285886 0.951165044353656 0.965663336039411 0.95516046361148 0.965056762812867 0.965892594699063 0.959461049853042 0.966660735953962 0.966757670161812 0.96932061823787 0.974281699639281 0.966009635864845 0.966040262422514 0.965493828285781 0.951099573899618 0.967750160380298 0.971612965322546 0.969285613547709 0.96383983153856 0.95735814841318 0.967557654975447
-9999 -9999 -9999 -9999 -9999 -9999 -9999 -9999 -9999 -9999 -9999 -9999 -9999 -9999 -9999 0.968629784221287 0.973897941487429 0.965785068395556 0.953359718203935 0.959458711492255 0.963987496158243 0.94852779546682 0.966541948859588 0.96409588037334 0.984327416886274 0.948834674410985 0.959155474653795 0.965142600369561 0.950403326533046 0.974548966473623 0.971827291858725 0.970544391090755 0.967674991559638 0.970617541348775 0.965361255679026 0.969248418707397 0.956602157481074 0.954631541293663 0.965089451656922 0.965309733759036 0.968930244593417 0.966735530429098 0.969682208724286 0.977705370708812 0.968474968271315
