Archive - glowpa-model-master/Model input/Uganda/survival/Lsurvival/Lsurvival_restime_1jun.asc
NCOLS 67 
NROWS 67 
XLLCORNER 29.500000001 
YLLCORNER -1.499999999 
CELLSIZE 0.0833333332985075 
NODATA_value -9999 
[rows 20 to 39 of 67, columns 0 to 44 of 67]
-9999 -9999 -9999 -9999 -9999 -9999 -9999 -9999 -9999 -9999 -9999 -9999 -9999 -9999 -9999 0.960919242673556 0.956484367566517 0.969537741275398 0.958057088023479 0.967567992591284 0.965955536006287 0.968256013051663 0.97137317354347 0.961448068943516 0.97378437392168 0.973071815540526 0.953380118658672 0.956910971467452 0.985476476615489 0.975836644378217 0.966584082154668 0.953541281714325 0.969194797397416 0.956593725278396 0.978261534581091 0.97800877197029 0.973179648712821 0.969472933229054 0.967342286293923 0.968693670205504 0.969320523048097 0.956854052739716 0.971344463507102 0.971680076006458 0.970861185182996
-9999 -9999 -9999 -9999 -9999 -9999 -9999 -9999 -9999 -9999 -9999 -9999 -9999 -9999 -9999 0.968631990824658 0.956293383968469 0.956019842050411 0.966639586510553 0.967611973276212 0.957320313152167 0.966505262408581 0.960859403718105 0.966562378627969 0.985487593333479 0.989686328623212 0.989685502957054 0.989679405691056 0.968219814872107 0.985459495837369 0.98962576309654 0.967655058855284 0.971175783860407 0.956055912708189 0.969784367190979 0.966698697826342 0.969549940052609 0.966583604621377 0.975023604103143 0.974201186644757 0.972765379996552 0.967514559582522 0.968239451862462 0.96970951506285 0.969470044141193
-9999 -9999 -9999 -9999 -9999 -9999 -9999 -9999 -9999 -9999 -9999 -9999 -9999 -9999 -9999 -9999 0.968626287210227 0.959050948441129 0.969018230681877 0.952633523641257 0.985319270525528 0.985318862850586 0.989565881938501 0.989924031100312 0.966674814149624 0.966799225878544 0.966917366983212 0.962127559073285 0.972233937299122 0.971034109538417 0.96975965042705 0.985397434679293 0.9896211491315 0.98961672919827 0.968328157580404 0.9690461139884 0.977113137288387 0.96917286605281 0.960107034689879 0.969263924834494 0.968869835003657 0.954472347632263 0.968157984312924 0.967986346069074 0.956725156317269
-9999 -9999 -9999 -9999 -9999 -9999 -9999 -9999 -9999 -9999 -9999 -9999 -9999 -9999 -9999 -9999 -9999 0.956531786986709 0.989627314136761 0.989627324459219 0.989565304777091 0.989627324459219 0.989565304777091 0.970933165981317 0.9690220476981 0.960267491899295 0.969405039147003 0.961059194596816 0.968259585969063 0.968864754566231 0.967891117201343 0.967792265162614 0.961396605213705 0.989645954799673 0.968109801313738 0.959262658923447 0.96875379301942 0.971388752447562 0.96910925895692 0.968976510716134 0.967600788631993 0.954057251030648 0.971522266721501 0.973662156679962 0.969369570691539
-9999 -9999 -9999 -9999 -9999 -9999 -9999 -9999 -9999 -9999 -9999 -9999 -9999 -9999 -9999 0.967824575428848 0.966942535081987 0.989904878401218 0.985318468879164 0.985318468879164 0.989564748259627 0.989627335641881 0.989564748259627 0.989627324459219 0.968103149130052 0.976252510462215 0.975817651178032 0.970421800213656 0.957510218831143 0.965819734076229 0.954574422601957 0.954766518353744 0.967988688804197 0.973216690483098 0.98534102024669 0.977491758913044 0.968904039634631 0.955416878004745 0.955678855489633 0.962570286979108 0.970992494434542 0.967186352419629 0.97630799395106 0.974100088895356 0.955685888712608
-9999 -9999 -9999 -9999 -9999 -9999 -9999 -9999 -9999 -9999 -9999 -9999 -9999 -9999 -9999 0.968686637980366 0.985411492274765 0.989630743690751 0.989312760018052 0.989312760018052 0.9849647370554 0.989377406638109 0.989312760018052 0.9849647370554 0.969787569459863 0.967437488043208 0.954583052038578 0.961994390156574 0.954536900793876 0.969742075577331 0.967414986250802 0.967499729832061 0.967453081403421 0.985162829351102 0.97595220330614 0.975280106702984 0.975526858952675 0.974893869366471 0.974029053498246 0.969859160968065 0.969960478121699 0.967666892706876 0.967802164561647 0.971536114269539 0.955543409039679
-9999 -9999 -9999 -9999 -9999 -9999 -9999 -9999 -9999 -9999 -9999 -9999 -9999 -9999 -9999 0.985411133131262 0.989630234292622 0.989630234292622 0.989312235083225 0.984964381037143 0.989377416327139 0.989312235083225 0.984964381037143 0.968899981993172 0.963374852918655 0.96779492537882 0.967880108053133 0.972272342098656 0.966755757011328 0.961425236278526 0.969417527820659 0.957443869605113 0.954286766279235 0.989437360727024 0.985140623871459 0.958235113707388 0.968647521516883 0.968151845170067 0.968320926261685 0.972333172454028 0.971581268240114 0.968535783571866 0.968782358597018 0.973337948387992 0.971393058234388
-9999 -9999 -9999 -9999 -9999 -9999 -9999 -9999 -9999 -9999 -9999 -9999 -9999 -9999 -9999 0.98962974626211 0.98962974626211 0.98962974626211 0.984964039049284 0.98937742689699 0.989311732167738 0.984964039049284 0.989311732167738 0.965661300943733 0.97236550485851 0.954921700433573 0.954042720063192 0.967167803264246 0.953946419864295 0.953683980965922 0.963539711557625 0.989435891971553 0.989435891971553 0.989500826970817 0.966971494528549 0.953994666326973 0.968715278169457 0.972181261602712 0.974150876634401 0.971178558564085 0.979059299145576 0.975807343091849 0.969254243356689 0.963389194201777 0.989789378967114
-9999 -9999 -9999 -9999 -9999 -9999 -9999 -9999 -9999 -9999 -9999 -9999 -9999 -9999 0.989629280453878 0.98541045569506 0.989629280453878 0.985410140806531 0.989311252152319 0.984963714599373 0.984963714599373 0.989377435705199 0.961992910284185 0.971420149830542 0.971855499746239 0.970817830014856 0.953811480803731 0.972033386580563 0.96686202792538 0.952635488236784 0.968993522560171 0.985138002442703 0.985138323338333 0.989435417334219 0.972026183332359 0.969518397515639 0.967801174207331 0.969728782289696 0.971955583417462 0.968835826356405 0.968828408122916 0.974943584638454 0.974887669242852 0.968539152079504 0.985545906549935
-9999 -9999 -9999 -9999 -9999 -9999 -9999 -9999 -9999 -9999 -9999 0.990180849730557 0.985410140806531 0.985409841236997 0.985410140806531 0.9896288360132 0.985409841236997 0.989693513632374 0.984963405933611 0.989377444513409 0.984963405933611 0.955415555612949 0.96832266378271 0.967539099120123 0.954087150386754 0.969717097642221 0.96727645430521 0.972684345581129 0.966633452516185 0.964795042061705 0.957125642823121 0.989500844583752 0.989434964711815 0.985137697328921 0.989178510988741 0.971765847270162 0.980248608381583 0.980180115925844 0.989493041387413 0.985126994288008 0.985126994288008 0.989493041387413 0.989789396754569 0.989789396754569 0.985545594495596
-9999 -9999 -9999 -9999 -9999 -9999 -9999 -9999 -9999 -9999 0.97185418969612 0.99011881927684 0.989693513632374 0.989628412085354 0.989628412085354 0.985409556986444 0.989693522179867 0.989628412085354 0.984963113051983 0.984963113051983 0.956901424182274 0.966802078648229 0.967021686154442 0.957413679692845 0.967399684827447 0.966933404280374 0.96986658725388 0.974245368329968 0.969089189151219 0.962582151336704 0.975799359420628 0.970875389928828 0.967121247250828 0.971717371745081 0.989245990981795 0.984777439885405 0.989426689497017 0.989426689497017 0.989493050102164 0.985126688882362 0.989426689497017 0.985126688882362 0.985545297622371 0.989724906627569 0.989789414542023
-9999 -9999 -9999 -9999 -9999 -9999 -9999 -9999 -9999 -9999 0.989781100677697 0.98562419005479 0.989356714660766 0.989356714660766 0.985028479456045 0.989423937873782 0.989423937873782 0.985028479456045 0.965863346555947 0.973468756140422 0.95290156023094 0.952932207014808 0.953824751930125 0.966894091132724 0.972394836353116 0.969595339371623 0.974562567692415 0.974016040260968 0.981771018954345 0.975349582475276 0.978182237505603 0.96726464855724 0.954210500801213 0.967145652569939 0.958804224764321 0.956489184397121 0.989350063662564 0.9849241358427 0.989282372869356 0.989282372869356 0.989282372869356 0.989282372869356 0.989581929366546 0.989581929366546 0.989581929366546
-9999 -9999 -9999 -9999 -9999 -9999 -9999 -9999 -9999 0.970234867023212 0.989780726766375 0.989780726766375 0.989356325304732 0.985028217528542 0.989423945766672 0.989356325304732 0.985028217528542 0.971638233018078 0.953073890272074 0.973027125843098 0.971308834695002 0.969146985218934 0.966624315579241 0.953675965140713 0.978878748747797 0.970690579365411 0.974891500940379 0.974313065004624 0.951712166713647 0.965483010275378 0.966554231907351 0.969041152760512 0.967870121178067 0.968073978590731 0.967736475574322 0.967526971844457 0.989281981606558 0.989350070728742 0.984923872046447 0.967626567297657 0.984923872046447 0.989281981606558 0.989647744994884 0.985344342978176 0.989581548981818
-9999 -9999 -9999 -9999 -9999 -9999 -9999 -9999 -9999 0.970008017563525 0.98978037475089 0.98978037475089 0.98502796957057 0.989423952782574 0.989355958748967 0.98502796957057 0.96789519342933 0.969897913473875 0.950835349903471 0.965188850332593 0.95163802872942 0.964858976219635 0.978160636820054 0.969961273591321 0.970699212480372 0.965908445553392 0.971696363310054 0.965544938200099 0.971437727240143 0.974147898811272 0.967591767141867 0.96617847209246 0.96893359713484 0.970134202001089 0.9549669964805 0.953911365028351 0.96469916811207 0.96790625827821 0.966599320012369 0.971116599238264 0.989350077794921 0.989281612424195 0.949617322210685 0.989647751864592 0.989647751864592
-9999 -9999 -9999 -9999 -9999 -9999 0.971410741554626 0.973046873337344 0.970430219349137 0.954557620774893 0.982532412340428 0.985623478917226 0.989423958921489 0.985027739074483 0.985027739074483 0.968177249225748 0.955265858133724 0.953543092865495 0.966265974214699 0.964719690336157 0.973293058473574 0.968763561945209 0.967792227069439 0.966141826856803 0.951707966331482 0.956595384204381 0.96971354165302 0.953573145885031 0.979152133500559 0.953954628667312 0.962916199744461 0.967135191362659 0.971129654206393 0.967554825229148 0.966927644475189 0.967424578643911 0.970394736294946 0.961895495971295 0.95532557471814 0.979554548370746 0.968661850557851 0.984598216609975 0.976190007317294 0.969702616061499 0.989647758734301
-9999 -9999 -9999 -9999 -9999 -9999 0.962443472639244 0.963553625666161 0.967863644835999 0.975432750071811 0.967152777027151 0.985623272620339 0.985027524294087 0.989423965937391 0.98935529140736 0.977385591940689 0.976931751730467 0.976588849522731 0.975179622315258 0.974734919088169 0.972173110851163 0.952465166431754 0.967542114059767 0.976302459950408 0.96531637395411 0.965808268858282 0.967178689344592 0.959808283402887 0.978831708291906 0.950120501181829 0.972850180610212 0.967081158099993 0.969597849731929 0.966920067973522 0.966812120525919 0.967264816484711 0.967980188899863 0.972145999147352 0.96889930643023 0.97933558197078 0.969129104621049 0.989095217802444 0.960816185042982 0.965544294595623 0.96926316873032
-9999 -9999 -9999 -9999 -9999 0.970200174753787 0.957821276390638 0.973736417630747 0.975373991739595 0.95082010332258 0.949487513308843 0.989779444184242 0.989423971199318 0.989423971199318 0.968016664810661 0.961134018032198 0.966346229159277 0.969514029079878 0.955044927852945 0.974611363980249 0.965133555934817 0.959388636003165 0.97009787720701 0.976092961651309 0.96716602867857 0.9519976015961 0.951485439776667 0.969400748091555 0.970981805447443 0.969728213065125 0.96788814784191 0.958655793570141 0.966955360134168 0.966957418688196 0.974700983758229 0.962202244561616 0.967873125027407 0.968716209272823 0.971039286126306 0.979164872862138 0.969069024220063 0.989090207262944 0.969952905069935 0.974495805592384 0.969116622733104
-9999 -9999 0.966201491013799 0.958914554783455 0.968555069107633 0.967195724537802 0.965219407734136 0.970888454460926 0.981982122823092 0.962836991342534 0.972596632368952 0.972960133309531 0.979060942331272 0.953131429446533 0.954189913535542 0.969816990524478 0.966959575568884 0.96628775785547 0.964214029776229 0.973757846844006 0.962917101782036 0.969287501657079 0.966139901135125 0.970826320614742 0.964304271031402 0.967513507761322 0.965105026194962 0.965073823991758 0.96962155265347 0.977892559233203 0.97744729526347 0.964738780532712 0.952610752237524 0.952792502285906 0.973308054727614 0.964751863440155 0.958223649802597 0.966896071018862 0.955371639574358 0.977629980002211 0.954764623228828 0.988582547475226 0.967731062063248 0.96787506599917 0.957155404359567
-9999 0.957350289333144 0.962967173165403 0.969155894113238 0.964500679065061 0.968550161394776 0.98173635215562 0.97440892169727 0.964173909597185 0.947350997581599 0.972497034307372 0.955535970396856 0.973227442479002 0.969625266889839 0.977823627205237 0.967435100237517 0.956689185948692 0.966044895097149 0.957182631545181 0.972191136763729 0.967618629133068 0.965636231356216 0.951897630525502 0.969922002305176 0.964134387644107 0.960584022612132 0.96319221164303 0.962503051079961 0.966599804262224 0.952532080803864 0.958470847172034 0.968266755167714 0.97012540659573 0.964765913814148 0.973014495810484 0.96526755961763 0.969294923779265 0.966399303857788 0.954760282591677 0.977294667999719 0.951997361923612 0.988574489014851 0.95431698802688 0.954154722724825 0.95092304481286
-9999 0.95676662494786 0.959179410117948 0.982352991120958 0.982377015391699 0.975419693825062 0.967459910020538 0.969031513357937 0.969075648435897 0.960628091817136 0.968316954463367 0.961826398563065 0.968186448287461 0.972471629524627 0.967751378784647 0.968360600751663 0.9755258867402 0.965946028863947 0.966220369274468 0.951249107454164 0.958458509762152 0.951587142683197 0.965336525955666 0.969051464560988 0.963869137337038 0.971454347190351 0.970496770846759 0.968944524153084 0.962773361188876 0.962716281853558 0.968394602989941 0.952211443367399 0.967538398273385 0.950678048005665 0.965166724611529 0.960821326684861 0.966006799169807 0.965311901604002 0.96467341177254 0.975246324579554 0.965562826213073 0.966017463050684 0.984068511784983 0.974599076179826 0.966891473686346
