Archive - glowpa-model-master/Model input/Uganda/survival/Lsurvival/Lsurvival_restime_1aug.asc
NCOLS 67 
NROWS 67 
XLLCORNER 29.500000001 
YLLCORNER -1.499999999 
CELLSIZE 0.0833333332985075 
NODATA_value -9999 
[rows 20 to 39 of 67, columns 0 to 44 of 67]
-9999 -9999 -9999 -9999 -9999 -9999 -9999 -9999 -9999 -9999 -9999 -9999 -9999 -9999 -9999 0.953880400914866 0.9486774187678 0.964033740832191 0.95098159675374 0.964518138995653 0.963165889580752 0.965066985566508 0.967648660180028 0.956812102098462 0.970921316773216 0.970087411440987 0.948286085090803 0.951693265237859 0.982860994793158 0.972279689185319 0.960778144632951 0.945538982810412 0.963996548079148 0.949396126537907 0.974641885953096 0.974352072456003 0.967582599910838 0.962957429454575 0.960292440497765 0.961771495498228 0.962726693314153 0.947880994056313 0.963771171612442 0.964042827285355 0.962929426021642
-9999 -9999 -9999 -9999 -9999 -9999 -9999 -9999 -9999 -9999 -9999 -9999 -9999 -9999 -9999 0.962932987590442 0.948490057687144 0.948106249824841 0.960922805938797 0.962573559998085 0.951190321593111 0.961815091140902 0.956162175189781 0.962344853757706 0.982884100261678 0.987830407602013 0.987828241496603 0.987817633651425 0.964358655745955 0.982836067368142 0.987493094999101 0.962004382327609 0.966274550180328 0.948646245660322 0.964770654023486 0.961092848799194 0.962982775982362 0.959245418156829 0.969533060495812 0.968572568602297 0.96695077960102 0.960622455520985 0.960034839242558 0.961815348738857 0.961378183036435
-9999 -9999 -9999 -9999 -9999 -9999 -9999 -9999 -9999 -9999 -9999 -9999 -9999 -9999 -9999 -9999 0.963107404493159 0.95186660219353 0.963822083548141 0.945216077774296 0.982839528153629 0.982839052101229 0.987798992200241 0.987974658753208 0.96210438535411 0.962359386302997 0.96306262173017 0.957110437807771 0.968442359570365 0.966891097993046 0.964576123807573 0.982401491294224 0.987485488432249 0.987478423370111 0.962944043900341 0.963622684190029 0.972039398144098 0.962149868570388 0.951472419545234 0.962657854215349 0.962403358955695 0.945057791561139 0.959922157370746 0.959862156565541 0.945557112728878
-9999 -9999 -9999 -9999 -9999 -9999 -9999 -9999 -9999 -9999 -9999 -9999 -9999 -9999 -9999 -9999 -9999 0.949246480936683 0.987870762003445 0.987870775126574 0.987798316913138 0.987870775126574 0.987798316913138 0.966427266213315 0.964677446388144 0.955086374936714 0.965554079593748 0.956082666980816 0.964268893368898 0.964346058296729 0.962427700201102 0.9622911767599 0.954821688441935 0.987504633251232 0.962544310144185 0.951962061369183 0.961905365085454 0.965296157608613 0.962524734372748 0.962085494402321 0.960773012346754 0.944432540129194 0.963999208916857 0.966770711600328 0.961251534014445
-9999 -9999 -9999 -9999 -9999 -9999 -9999 -9999 -9999 -9999 -9999 -9999 -9999 -9999 -9999 0.962023349576072 0.961095606218232 0.988157137826224 0.982838592118327 0.982838592118327 0.987797666861415 0.987870787240231 0.987797666861415 0.987870775126574 0.963759976017274 0.973010170217325 0.972523953414172 0.966369620320133 0.951762115287234 0.960800947625301 0.946891007368954 0.947076910138791 0.962493661934242 0.96858222233709 0.982315775025536 0.973456185953367 0.962311224181821 0.945770558078563 0.945679369387136 0.95447073507144 0.964818983995559 0.960171833225652 0.97004895286826 0.96728379068649 0.943830750155382
-9999 -9999 -9999 -9999 -9999 -9999 -9999 -9999 -9999 -9999 -9999 -9999 -9999 -9999 -9999 0.964614129846209 0.983615900598645 0.988351394264801 0.988146474663677 0.988146474663677 0.983327968616153 0.988218133526803 0.988146474663677 0.983327968616153 0.966394039505572 0.963837616043818 0.950168263075001 0.958040098552385 0.949863358624434 0.966434872443636 0.963507791636385 0.963597194911904 0.963507379605333 0.982895837037239 0.97287434348186 0.972099068204029 0.97147634577007 0.97075122835737 0.969801307092466 0.965020049686148 0.96511378340392 0.962325178715186 0.961382215055404 0.965701859221039 0.946398451740338
-9999 -9999 -9999 -9999 -9999 -9999 -9999 -9999 -9999 -9999 -9999 -9999 -9999 -9999 -9999 0.983615495818636 0.988350822724182 0.988350822724182 0.988145893129064 0.983327576310979 0.988218145295646 0.988145893129064 0.983327576310979 0.965453184996476 0.959185772545757 0.964522154044525 0.96465373305293 0.969286539825245 0.963053039571916 0.957177960813903 0.965738132490129 0.952329550771413 0.948765374481812 0.987815166262823 0.982866201992895 0.953160135037273 0.963723192374062 0.963113563723868 0.963308870003795 0.968145010853678 0.967141841405158 0.963645760448763 0.962561258437479 0.967816763053419 0.965513089091794
-9999 -9999 -9999 -9999 -9999 -9999 -9999 -9999 -9999 -9999 -9999 -9999 -9999 -9999 -9999 0.988350275279178 0.988350275279178 0.988350275279178 0.983327197668322 0.988218156083751 0.988145336111409 0.983327197668322 0.988145336111409 0.961955977225936 0.969062478622891 0.94980169682757 0.948855574718576 0.963457900785973 0.948769675352307 0.948557232273879 0.959144024622784 0.987813096766724 0.987813096766724 0.987887945878052 0.962928707784618 0.948388117189441 0.963706329154039 0.967719833485583 0.970230992861899 0.966715701235419 0.975787145440072 0.971944613063396 0.963336137174465 0.955768877639244 0.987357023162487
-9999 -9999 -9999 -9999 -9999 -9999 -9999 -9999 -9999 -9999 -9999 -9999 -9999 -9999 0.988349751929748 0.98361473805556 0.988349751929748 0.983614385072453 0.988144803610669 0.983326838543463 0.983326838543463 0.98821816589112 0.957562407132533 0.96806310955264 0.968461951360979 0.967309139271614 0.948558328057479 0.968811321877077 0.963066889650886 0.947260666028601 0.965149429371869 0.982860732562384 0.982861101822078 0.987812549162854 0.968796469099228 0.966368631002721 0.963084466159089 0.965903359478541 0.967668648052231 0.964231751098649 0.96370453389618 0.970760755579604 0.969648647040202 0.962148997879233 0.982111849568304
-9999 -9999 -9999 -9999 -9999 -9999 -9999 -9999 -9999 -9999 -9999 0.988688466752054 0.983614385072453 0.983614049354941 0.983614385072453 0.988349252675854 0.983614049354941 0.988421863032826 0.983326496984616 0.988218175698489 0.983326496984616 0.950308529667995 0.964636026009792 0.963568528596264 0.948253082571873 0.966050962181379 0.963253111105796 0.969492883085903 0.96283927792953 0.96071486336994 0.951694250734586 0.987887966049158 0.987812027779708 0.98286037935759 0.987488557006771 0.96851193138864 0.977243017160615 0.977159787385577 0.987448348976136 0.982240309045198 0.982240309045198 0.987448348976136 0.987357044992571 0.987357044992571 0.982111464918337
-9999 -9999 -9999 -9999 -9999 -9999 -9999 -9999 -9999 -9999 0.967298700124888 0.988617062965656 0.988421863032826 0.988348776553649 0.988348776553649 0.983613727066238 0.988421872671638 0.988348776553649 0.983326169088234 0.983326169088234 0.951897199956492 0.962885074644438 0.962944917474574 0.952192967494836 0.963170757062434 0.962627961106174 0.966061370321376 0.971150266709391 0.965523289721374 0.958460000041194 0.97238797008022 0.96711265965091 0.962969033749052 0.967979659609478 0.987566509040638 0.982406322535232 0.987369167730106 0.987369167730106 0.987448360328889 0.982239945619984 0.987369167730106 0.982239945619984 0.982111098880605 0.987277291480148 0.987357066822656
-9999 -9999 -9999 -9999 -9999 -9999 -9999 -9999 -9999 -9999 0.98865115180275 0.984038311650207 0.988513803744416 0.988513803744416 0.983845594954506 0.988586320051579 0.988586320051579 0.983845594954506 0.963359862401178 0.97169315728507 0.949787246540938 0.949760206479022 0.950401196267959 0.964441801055625 0.970249089913938 0.967229364084117 0.972803821002084 0.972245530486474 0.980402646179926 0.973452743797435 0.97624095119168 0.96482784149928 0.950760583496352 0.96461401701811 0.955602909060168 0.953027757495493 0.987942597210899 0.982936814317234 0.987866015737674 0.987866015737674 0.987866015737674 0.987866015737674 0.98783541639144 0.98783541639144 0.98783541639144
-9999 -9999 -9999 -9999 -9999 -9999 -9999 -9999 -9999 0.966650814501725 0.988650737746053 0.988650737746053 0.988513384705816 0.983845313131825 0.988586328604016 0.988513384705816 0.983845313131825 0.969136546131039 0.950083525954959 0.971231728802891 0.969355864446449 0.967024189327388 0.964510650501065 0.950910746078026 0.977488360926303 0.968722326631555 0.973147984236352 0.972406429865311 0.948524938598366 0.963230990397597 0.963981692954062 0.966290053066755 0.965396822849426 0.965584508203169 0.965233212876214 0.964994900274147 0.987865572491348 0.987942606136015 0.9829365163475 0.963916102001965 0.9829365163475 0.987865572491348 0.987912198750521 0.98289359387669 0.987834972034236
-9999 -9999 -9999 -9999 -9999 -9999 -9999 -9999 -9999 0.966398951432447 0.988650346223214 0.988650346223214 0.983845046440637 0.988586336206183 0.988512988472201 0.983845046440637 0.965107401899944 0.967250283636993 0.947581769572662 0.962922213100301 0.948744491340826 0.963018455026858 0.976884401319106 0.968177119571618 0.968836034595332 0.963606902912931 0.969768738938639 0.96332234916664 0.969199332259794 0.972321935543541 0.965201002433705 0.963543888807744 0.966194747124839 0.967761784155851 0.951437289180517 0.950244531232826 0.960721570255688 0.964342208610608 0.962814403024118 0.967623722913134 0.987942613077773 0.987865155026869 0.90256159074456 0.987912205709677 0.987912205709677
-9999 -9999 -9999 -9999 -9999 -9999 0.967860787263486 0.969735640680206 0.966828720320215 0.949132169546671 0.979154058450741 0.984037524781702 0.988586342858078 0.983844798663783 0.983844798663783 0.965290784606878 0.95143374224392 0.949492766496017 0.963914973898149 0.961959741331517 0.971940612088436 0.967007881960627 0.965464421164709 0.963845182554797 0.94846393969212 0.953897081227673 0.967705399035407 0.950545604500069 0.977478170683942 0.951043220177193 0.959956234155012 0.96461670961753 0.968757994152291 0.964634146002916 0.964242785995894 0.964783484069142 0.967121855407602 0.957586207952465 0.950344571961102 0.977069991349941 0.965064133826429 0.982237663281737 0.972531524555574 0.96516013030877 0.987912213662999
-9999 -9999 -9999 -9999 -9999 -9999 0.957832445629011 0.95909326517933 0.963970344034859 0.970702957341842 0.963187732183822 0.984037294889122 0.983844566018397 0.988586350460245 0.988512268220617 0.975981072357062 0.97559690858054 0.97534517961481 0.974518462485415 0.974242575710675 0.971111353051037 0.949059876982902 0.965700536485197 0.974952948945911 0.96306271323711 0.963875574402598 0.964991267485624 0.957279038649856 0.977100561278274 0.946937629011177 0.970686165288264 0.964539755961038 0.967072729200198 0.964171465752678 0.963816900781853 0.964535613284141 0.96436389329313 0.969001543398116 0.965439392197002 0.976820941456764 0.965585134462856 0.987415203587712 0.954961874267703 0.960337550862409 0.964655613650045
-9999 -9999 -9999 -9999 -9999 0.965303905383324 0.952656336713942 0.970498908258469 0.970628874638512 0.945135468965379 0.943423865365408 0.988649313429897 0.98858635616187 0.98858635616187 0.965469835867556 0.958662543851612 0.963648934245005 0.966999239144521 0.9520892062822 0.974269537450041 0.962698513246676 0.958301822215886 0.968892084603369 0.974798907026009 0.964877065506072 0.949298715258394 0.948611792909806 0.967441033678011 0.968923597048482 0.967257732938846 0.965435960716111 0.955360793606171 0.964351536568673 0.964302337601768 0.972403551911953 0.95891036431856 0.964220678332101 0.965243742107911 0.967798219891916 0.976626290762153 0.965560446007512 0.98740780941739 0.965488543014851 0.970641186511938 0.964505069842341
-9999 -9999 0.961879945451542 0.95367044843575 0.964505924675899 0.963069151229955 0.961860954002761 0.968034654908875 0.978834076910554 0.959968455675394 0.970012572883651 0.97038469710997 0.97832545808777 0.950823762571433 0.952526813855516 0.968871490152152 0.966070104694724 0.964931359678746 0.963674096089235 0.974577646721372 0.962914512479612 0.970182742530044 0.967214394018509 0.971328284845496 0.964108297251424 0.966776336781251 0.964354384979407 0.964507749155357 0.968942497360493 0.97717552093906 0.976491363836404 0.963730636495705 0.951204883570902 0.951218171422225 0.972173111438135 0.963355091826683 0.956287684130858 0.965508343828103 0.953342517334536 0.976472286370516 0.952800314320509 0.987658131489491 0.965643290593177 0.965779407621267 0.954216529988114
-9999 0.951930659411905 0.958254448269797 0.96525621944154 0.959981357765785 0.964600929028516 0.978458641150436 0.969874886069228 0.961286573280587 0.943669105942653 0.969917825358988 0.951334649433776 0.971605853122336 0.968712872071256 0.977304187703849 0.966344118072375 0.955903224251854 0.965556536855406 0.958408054539351 0.97322780469138 0.96858923250316 0.966580248627086 0.953825807816214 0.970661081153248 0.964569529996477 0.959737243486633 0.962189099693878 0.961477386430212 0.965831168967253 0.951455385790346 0.957001594756718 0.966927422014394 0.969061873463783 0.963517295843413 0.971882979917145 0.963932762811913 0.967888300348279 0.964907489757969 0.952633354678067 0.976110196500134 0.949860928020857 0.987647955328255 0.951291809533996 0.95116284902071 0.94735876003868
-9999 0.951302934960098 0.953999738151573 0.978459607274258 0.978504514090698 0.970204384550692 0.964821017758907 0.966343705470812 0.966250539923786 0.956941179644139 0.965292648120997 0.958105619737739 0.966115267409339 0.970862081063423 0.965995259524962 0.967754818386543 0.9753118217908 0.965472979875645 0.967332593593212 0.953322182137012 0.960218196457451 0.953448127052146 0.966456651623153 0.969677293960328 0.964681033196341 0.970906249078821 0.970039228872994 0.968141378474656 0.961762210638581 0.961735022644022 0.967164250741818 0.950626832994572 0.966148466510256 0.948871342148801 0.963864388717292 0.959204689107153 0.964469368172673 0.963762472049216 0.962946563436431 0.973907570198443 0.963863806982699 0.96450035681908 0.982419409874637 0.972903530770565 0.964789824659171
