Archive - glowpa-model-master/Model input/Uganda/survival/Lsurvival/Lsurvival_restime_1dec.asc
NCOLS 67 
NROWS 67 
XLLCORNER 29.500000001 
YLLCORNER -1.499999999 
CELLSIZE 0.0833333332985075 
NODATA_value -9999 
[rows 0 to 19 of 67, columns 0 to 44 of 67]
-9999.000000000000000 -9999 -9999 -9999 -9999 -9999 -9999 -9999 -9999 -9999 -9999 -9999 -9999 -9999 -9999 -9999 -9999 -9999 -9999 -9999 -9999 -9999 -9999 -9999 -9999 -9999 -9999 -9999 -9999 -9999 -9999 0.946476865446758 0.961896950114515 -9999 -9999 -9999 -9999 -9999 -9999 -9999 -9999 -9999 -9999 -9999 -9999
-9999 -9999 -9999 -9999 -9999 -9999 -9999 -9999 -9999 -9999 -9999 -9999 -9999 -9999 -9999 -9999 -9999 -9999 -9999 -9999 -9999 -9999 -9999 -9999 -9999 -9999 -9999 -9999 -9999 0.96348879758361 0.950103478631174 0.96141065248212 0.952294226940327 0.946061722233161 0.946260622070505 0.961633760561196 0.962169375233856 0.94604797176769 0.959038187903977 0.959781384879465 -9999 -9999 -9999 -9999 -9999
-9999 -9999 -9999 -9999 -9999 -9999 -9999 -9999 -9999 -9999 -9999 -9999 -9999 -9999 -9999 -9999 -9999 -9999 -9999 -9999 -9999 -9999 -9999 -9999 -9999 -9999 -9999 -9999 -9999 0.968808599932522 0.960598366640369 0.967010366044798 0.963272708582122 0.973484709603626 0.961229360057697 0.961560225173205 0.970810569168834 0.969749194391149 0.967096024653438 0.964856764580026 0.95960181810519 0.945569725306168 0.9591299169075 -9999 -9999
-9999 -9999 -9999 -9999 -9999 -9999 -9999 -9999 -9999 -9999 -9999 -9999 -9999 -9999 -9999 -9999 -9999 -9999 -9999 -9999 -9999 -9999 -9999 -9999 -9999 0.962772630260817 -9999 -9999 -9999 0.956589615782379 0.960150471090565 0.964091123621611 0.961223089523082 0.945671330913455 0.962451614837359 0.964711728037213 0.960745857099044 0.961037156068639 0.950703423295848 0.961857773963469 0.961080504274518 0.945453860332078 0.963521377965498 -9999 -9999
-9999 -9999 -9999 -9999 -9999 -9999 -9999 -9999 -9999 -9999 -9999 -9999 -9999 -9999 -9999 -9999 -9999 -9999 -9999 -9999 -9999 -9999 0.965791084082388 -9999 -9999 0.951147379451192 -9999 -9999 -9999 0.987596768750296 0.981849302580059 0.981526306237106 0.967530873317488 0.966177795146725 0.963487267495121 0.946094954218048 0.960713080270779 0.949178671502003 0.961819579233798 0.958699391334384 0.950695728801188 0.958274264183021 0.965159309502456 0.958087549657917 -9999
-9999 -9999 -9999 -9999 -9999 -9999 -9999 -9999 -9999 -9999 -9999 -9999 -9999 -9999 -9999 -9999 -9999 -9999 -9999 -9999 -9999 0.954647631258761 0.968551758272535 0.965779295580009 0.966779674819568 0.94536017728393 0.988808567576674 0.988860080156116 0.984306718930478 0.98890294798906 0.95834840538427 0.981556807457685 0.973483903096321 0.973115746102658 0.963272623150635 0.955974886336953 0.966401616490788 0.961050388566604 0.942724361030751 0.959345847881044 0.943552862940844 0.966337475537591 0.966228817541967 0.958225965583913 -9999
-9999 -9999 -9999 -9999 -9999 -9999 -9999 -9999 -9999 -9999 -9999 -9999 -9999 -9999 -9999 -9999 -9999 -9999 -9999 0.966422158732517 0.973211227353271 0.973760925496466 0.974955699071369 0.975430486167854 0.95612913314553 0.958546243612733 0.988860101758789 0.988807548547682 0.988850595901952 0.988902967672579 0.96703327495892 0.959014487819382 0.973622119597521 0.949888618382271 0.961953560166318 0.970204335306925 0.968409162497411 0.966017005108489 0.959754489013349 0.962731447194763 0.964608337692686 0.967709784474796 0.969453700591562 0.939715682891156 -9999
-9999 -9999 -9999 -9999 -9999 -9999 -9999 -9999 -9999 -9999 -9999 -9999 -9999 -9999 -9999 -9999 -9999 0.969874496472122 0.970471246896414 0.960883321621514 0.965920016497719 0.954875414698791 0.952142095073479 0.975666272510223 0.940525449280178 0.969557797739609 0.984252522310274 0.948492432464345 0.967203350711784 0.968374379330818 0.974556355142616 0.964298421002432 0.981494195806704 0.960522915482671 0.948136391676866 0.952207516280077 0.964304672457934 0.961372155331227 0.960531652488734 0.960393050493662 0.953422588864721 0.960393782108343 0.958296053637067 0.957966440991663 0.940655617521672
-9999 -9999 -9999 -9999 -9999 -9999 -9999 -9999 -9999 -9999 -9999 -9999 -9999 -9999 -9999 -9999 -9999 0.970071460066444 0.953435525122456 0.966368415128726 0.966085200939432 0.957104042263435 0.969375348856072 0.976251340243556 0.975536241444332 0.984241564246168 0.963373539925671 0.962914471433718 0.965756179617158 0.967281963977637 0.97443897044574 0.97456112231293 0.962934450186236 0.973838759908237 0.951150814804165 0.963368186413379 0.946340352250299 0.961809173793989 0.948672170244257 0.96059331969193 0.960787133940241 0.976133782951264 0.958857406785956 0.962872395562291 0.958069491796851
-9999 -9999 -9999 -9999 -9999 -9999 -9999 -9999 -9999 -9999 -9999 -9999 -9999 -9999 -9999 -9999 -9999 0.971641561247021 0.971704161355498 0.973488500747329 0.968246725199894 0.957998607240625 0.957359605128934 0.957613493221374 0.984197038408592 0.965141873681808 0.95556073084745 0.961646372870904 0.952150731087239 0.971281528062347 0.973950037864367 0.962974575200801 0.963750415704337 0.981462233454051 0.981336651775711 0.961437309677982 0.946588136670824 0.954929743314891 0.962591494720692 0.964290431025067 0.966708395723111 0.976068608734482 0.963305853430911 0.964508046403652 0.959227599181792
-9999 -9999 -9999 -9999 -9999 -9999 -9999 -9999 -9999 -9999 -9999 -9999 -9999 -9999 -9999 -9999 0.968183623990901 0.970585498642534 0.974223368557045 0.976093092192699 0.976654745362391 0.976691580769631 0.967993860702411 0.969909790452578 0.98882237313482 0.971214940224889 0.964232164032796 0.949576787188003 0.953948503247162 0.969480918245999 0.971813992292067 0.94866246332344 0.973976924935531 0.965230753291569 0.961917743155285 0.973742545671321 0.96825800864381 0.961922796446091 0.967387065983255 0.97670580008402 0.963727985664045 0.960518945061835 0.959240182906616 0.962629815586098 0.972802640505828
-9999 -9999 -9999 -9999 -9999 -9999 -9999 -9999 -9999 -9999 -9999 -9999 -9999 -9999 -9999 -9999 0.968073826471864 0.962993030862205 0.966175263111664 0.955057002147205 0.966671413728132 0.949514598814608 0.957453282937573 0.984682165703634 0.965792495166117 0.970738501517169 0.969808912786426 0.96441181644215 0.964865145550953 0.968483917692339 0.970799249976923 0.959771761255508 0.973460949932926 0.965207832706536 0.964925303930142 0.979944884086878 0.968082495467597 0.97723707065025 0.969964500949442 0.961374605383078 0.953788821556645 0.966036146965905 0.958755589308526 0.965607718296863 0.958970378738914
-9999 -9999 -9999 -9999 -9999 -9999 -9999 -9999 -9999 -9999 -9999 -9999 -9999 -9999 -9999 0.967292181799049 0.96061331559129 0.968209614533934 0.969070028738202 0.961083147301224 0.962376053979906 0.950728445966334 0.989137192241624 0.989137209578166 0.965249018089944 0.951005190581139 0.96507842979669 0.950860101986585 0.964949363521016 0.967483755517683 0.966169687225635 0.956373225384423 0.972570956416739 0.948069115908423 0.963785248123675 0.969027602094453 0.970135431951001 0.960879614832107 0.963899712168322 0.955830018180233 0.945527712374975 0.963579586399097 0.95906128134928 0.963705939235962 0.941522279467918
-9999 -9999 -9999 -9999 -9999 -9999 -9999 -9999 -9999 -9999 -9999 -9999 -9999 -9999 -9999 -9999 0.96903748490067 0.968980698092347 0.95718667299828 0.966841312007766 0.961581034599738 0.946488516062175 0.984713096181337 0.989195111722026 0.955124974962086 0.951737028571383 0.955499539692716 0.965670258664383 0.953325774472596 0.964486503835429 0.964029768525503 0.967384729320565 0.97250776600563 0.968850593126524 0.949570101144772 0.964541520189602 0.979297473842187 0.961175747362834 0.96227155965401 0.968716654231243 0.964134927398777 0.961623051263622 0.960245539797644 0.963053981602807 0.9597010601798
-9999 -9999 -9999 -9999 -9999 -9999 -9999 -9999 -9999 -9999 -9999 -9999 -9999 -9999 -9999 -9999 -9999 0.968790183902343 0.970060123883577 0.971351245832252 0.971663300808758 0.974705539291246 0.989185332064473 0.958332282104866 0.967980527078603 0.969750056668145 0.951662703526243 0.957622160020343 0.964641181664216 0.965365265564375 0.950058528993219 0.96487896980113 0.970422670018028 0.967625299402363 0.964895156814821 0.964570879203281 0.969505117586194 0.970476765133325 0.961526201775904 0.961417780071189 0.965976175710057 0.962553715579118 0.951154866709788 0.962501658581847 0.963618042626797
-9999 -9999 -9999 -9999 -9999 -9999 -9999 -9999 -9999 -9999 -9999 -9999 -9999 -9999 -9999 -9999 0.969887383224769 0.960103906572928 0.965943993223534 0.96856162475712 0.969505663082398 0.957880473634544 0.989164710593061 0.966726254182965 0.963285724716256 0.973565634813445 0.971346022376067 0.965370989336946 0.964288335278765 0.969180867120399 0.955325174059388 0.963950885586835 0.964892858276083 0.955680352546022 0.966090238873588 0.967293615196634 0.967742900177891 0.967446999266495 0.970259216657299 0.975990063402528 0.96590352178244 0.965883861123654 0.974535424407223 0.974342571732025 0.962320922930216
-9999 -9999 -9999 -9999 -9999 -9999 -9999 -9999 -9999 -9999 -9999 -9999 -9999 -9999 -9999 -9999 0.969635578642829 0.974717961053195 0.965119616646057 0.965609688401715 0.977317800107663 0.977864671239826 0.977867729033583 0.98465929586619 0.96459347977684 0.95073273864716 0.950934781502018 0.951174898832175 0.972659930475458 0.971827924213322 0.963764754526775 0.949221973410019 0.952336051486443 0.964995095001987 0.954354270528524 0.964910850437588 0.948660164841597 0.962679816458407 0.968755572670588 0.967617807947068 0.960424042569549 0.949214531697249 0.959537488589278 0.942834714230152 0.959207057260377
-9999 -9999 -9999 -9999 -9999 -9999 -9999 -9999 -9999 -9999 -9999 -9999 -9999 -9999 -9999 0.956840864950418 0.96271336442466 0.967808109699088 0.974877178778364 0.967978240821366 0.961108923859736 0.963518893468837 0.949590641977565 0.989102674424932 0.96476969124199 0.974354533480113 0.973929595156362 0.973399637724428 0.973092184352635 0.963938565512145 0.966738339850513 0.950147569298879 0.963862234537946 0.958977525423065 0.964049404123117 0.953605601168585 0.962651821633631 0.96663345586557 0.967861239777957 0.977001463023014 0.976819257983659 0.961258621995699 0.943685977328402 0.959831554452741 0.96206891864245
-9999 -9999 -9999 -9999 -9999 -9999 -9999 -9999 -9999 -9999 -9999 -9999 -9999 -9999 -9999 0.967898168419588 0.972504957797096 0.954734847275457 0.974187321670503 0.96757121522996 0.972206345561038 0.963142958362853 0.96815310959357 0.989098099085594 0.965677031246668 0.94976457097533 0.964670169705443 0.953467698047417 0.963278622392074 0.964042214722132 0.956657791632698 0.964338035142363 0.964452656859815 0.967224034742591 0.972563379568212 0.963735719162687 0.963162059576101 0.962517825708392 0.946984438049407 0.965020586996689 0.969216690535966 0.966809009633667 0.959539104519892 0.952583800291374 0.963917975485093
-9999 -9999 -9999 -9999 -9999 -9999 -9999 -9999 -9999 -9999 -9999 -9999 -9999 -9999 -9999 0.967280660759578 0.972775829416974 0.9643369892119 0.951791607648325 0.958250177572033 0.963323091571668 0.947722621704205 0.96548929021999 0.965757319053103 0.984329520424592 0.951224526850108 0.958772048151203 0.964849589669938 0.949158542106371 0.973772451240846 0.970494686455269 0.969164617989319 0.966207544913285 0.969265872119718 0.963794237959758 0.967892485501198 0.954002493381062 0.951883087433005 0.962913663965335 0.963158858098751 0.966993346043165 0.964690951650349 0.966971206776082 0.975700662069889 0.965523049713576
