Archive - glowpa-model-master/Model input/Uganda/survival/Lsurvival/Lsurvival_restime_1jun.asc
NCOLS 67 
NROWS 67 
XLLCORNER 29.500000001 
YLLCORNER -1.499999999 
CELLSIZE 0.0833333332985075 
NODATA_value -9999 
[rows 40 to 59 of 67, columns 0 to 44 of 67]
0.954741050477937 0.966223341332238 0.982183398266764 0.982352440325451 0.963581101899188 0.974197285174436 0.965386190184028 0.967206961708651 0.954915139072309 0.967942312981887 0.967211716208807 0.969613832571355 0.954626071203218 0.971686727070646 0.967773137548377 0.974529702775403 0.972265560808959 0.962986030118152 0.966452346981877 0.966183764317014 0.965772341794254 0.955080757425829 0.965370125258275 0.961249948600867 0.961725790903958 0.963744526923872 0.965596260963768 0.967719823118067 0.964510530921067 0.962023417303352 0.966688057095754 0.964395346724128 0.976681780198933 0.955998716066433 0.966051556719778 0.971046604092638 0.965449462087159 0.951803962903986 0.965816352570724 0.963420138971763 0.96450230186194 0.965735644849874 0.988726298452994 0.970091299941115 0.961354137765381
0.968345485980735 0.959112834795111 0.982202341253981 0.972630503294543 0.972375115031952 0.973160679316806 0.955108221084436 0.967453925177977 0.968544220151414 0.972692226342196 0.963053634400837 0.968010460846413 0.954811972275419 0.968143729938848 0.957616438298295 0.972325145486762 0.96692438759735 0.95942286939687 0.961300356772412 0.971316734942077 0.968877796443755 0.968019285369167 0.965278917274782 0.964780127402827 0.949373196614205 0.963564902686365 0.959877395616564 0.964394708155105 0.949370506302362 0.964104457750115 0.966286862341039 0.958155316462788 0.97616719864763 0.964375953970967 0.964708840807235 0.964734505279195 0.954459646874692 0.965424202998649 0.962007849587399 0.968249499102789 0.9743787901005 0.970543391485004 0.988723415968339 0.967773115464071 0.971821660420443
0.964783863381722 0.953677150445177 0.982077211642031 0.952601404895113 0.972072042064018 0.971676504836886 0.953368628976515 0.969896416038186 0.971636109144767 0.967849706503218 0.96852230640254 0.974702226335526 0.969166685806997 0.966377910719847 0.966840288574788 0.966315692428758 0.956352447537614 0.967691077491741 0.953609804789477 0.964688108382133 0.949850073023362 0.961479189744637 0.962168775209705 0.952683903968282 0.959432699322978 0.969392376923007 0.96512210756172 0.953367033460955 0.962307591800265 0.959964612925494 0.954743897662224 0.965479111883079 0.975943734557613 0.973011142917413 0.968626663808687 0.964350286706346 0.964938471949616 0.965216779277947 0.97225621552044 0.965653687204249 0.972740300007678 0.969737849652181 0.988720673062608 0.988642718158366 0.966694019923809
0.981222735024549 0.973943405497598 0.966659428420773 0.956973640028709 0.969038663191612 0.967945875965737 0.96520953786462 0.95566303591477 0.959557946880291 0.96797711869826 0.969519248328168 0.973935360795822 0.973831561302684 0.962871881782322 0.947624887872762 0.946222294335468 0.964104601852264 0.945897242041044 0.947424390065071 0.960418646018726 0.95997373529196 0.963143063499823 0.954329195528303 0.957784675589955 0.942378713072104 0.956258082094014 0.943280307611625 0.959499056530938 0.968283625750836 0.97217361029776 0.963660429352187 0.96252805151845 0.973087087364011 0.964522365960259 0.957487917509647 0.968677631901737 0.964183895480053 0.956402574681091 0.964239182611927 0.964205704262571 0.971105523733461 0.967233884006578 0.961169565325354 0.988232206491321 0.965835112163327
0.981327782142685 0.973967298580204 0.973427660371562 0.971823696333765 0.967780756720112 0.954166724239319 0.948971863958104 0.953618998710646 0.956373002715105 0.97265297480665 0.971637613164534 0.96523218789808 0.97432423447897 0.96670799137271 0.964712908412982 0.946157341558182 0.960963979238665 0.946412907156676 0.949216762159045 0.964066760516427 0.962806518127397 0.968921618119288 0.944257884582829 0.949902304255117 0.957642825307773 0.962731386112403 0.961014147657704 0.973958467932613 0.956081856674095 0.960746779956961 0.963284508601144 0.949019803819197 0.967801333591623 0.959863028590659 0.969999998242955 0.964427132797008 0.951728699496066 0.967852846373164 0.964759561820721 0.966311630803119 0.969790604434256 0.965473500838894 0.983337138354514 0.983337138354514 0.98333705407783
0.981274503021549 0.970893683002034 0.970117598609231 0.969434758024116 0.969630990761644 0.955153199526938 0.968286843691411 0.969816939819748 0.954449198109068 0.973625403206007 0.972041070979229 0.948610046592178 0.974430021326259 0.961880754029203 0.953866901152167 0.961110679530935 0.966518742587014 0.960044751412799 0.960697529659966 0.967592151655611 0.951646650700599 0.969735430814708 0.960515237453196 0.970938834944256 0.962288158641048 0.960498322686116 0.962400704684906 0.963250431182432 0.971989213365085 0.971989213365085 0.955072505118625 0.963851725298074 0.965393843450314 0.965116667660923 0.963575698018515 0.955008760836171 0.965900164902646 0.988040910525619 0.983073006758843 0.962591480779636 0.965528356001577 0.962515506678011 0.988149265097073 0.988149265097073 0.983336985124185
0.974207232102475 0.973374486144806 0.968096336504092 0.956344318141711 0.959907257201424 0.967739224748321 0.957797273276926 0.969690546162292 0.97935651135728 0.975634932041196 0.972457016335952 0.963961384432666 0.964046027692207 0.96845290530949 0.9690491860038 0.969879559547694 0.973016725744804 0.973243731764275 0.974111382672705 0.975027668461441 0.975287587135711 0.977266658757827 0.968424804909469 0.96280277340333 0.950062174762779 0.950516713362384 0.963728976699987 0.960609356438179 0.961485393282479 0.953016918673119 0.963569461363843 0.964019729656456 0.963843067685175 0.966769230514911 0.983047146062538 0.988022646015261 0.983072936721964 0.98804091345857 0.987960919498021 0.987960919498021 0.98804091345857 0.983072936721964 0.988149179445591 0.988227929975302 0.988227930937755
0.966667049441814 0.980858295278797 0.9712666524878 0.969188375609083 0.96930287793319 0.962988195552339 0.979493084407371 0.979493084407371 0.979493084407371 0.979493084407371 0.969489119017091 0.978220432962199 0.975449663464452 0.975385469523324 0.962039996840996 0.962329636341634 0.97015974998019 0.963338669719021 0.970468255804309 0.964157886059145 0.959041223782115 0.963555718778448 0.966524360630483 0.968981572565401 0.967307268279132 0.964048883851442 0.962260972641765 0.9608328685851 0.947145124357526 0.964006645138701 0.963462367031378 0.966613331868544 0.983047093455541 0.983047093455541 0.987942466972864 0.983047093455541 0.98804091443622 0.98804091443622 0.98796085595591 0.98804091443622 0.98804091443622 0.98796085595591 0.988149116891143 0.983336898932136 0.988227932862661
0.969925067174011 0.980828908414228 0.980728165124643 0.980599572141629 0.974250063864082 0.965542429442544 0.97935633751049 0.971026500700037 0.97935633751049 0.971026500700037 0.964811147393339 0.969164920752752 0.961897716602109 0.97096261761251 0.964051639668272 0.970699309052677 0.967867277612714 0.945116740580979 0.970219045844251 0.960948118396626 0.969764798588292 0.950620790171626 0.963410553242261 0.961946250673634 0.978826536933682 0.979586647854553 0.979689599988462 0.979802521421478 0.971908924459202 0.966374271920618 0.988022648952664 0.983047058384212 0.987942429768776 0.988022648952664 0.988022648952664 0.983047058384212 0.987960818808216 0.987960818808216 0.987960818808216 0.987960818808216 0.987960818808216 0.987960818808216 0.988149080320851 0.988149080320851 0.988227932862661
0.980119692342526 0.980119692342526 0.980119692342526 0.980119692342526 0.980119692342526 0.960465385743391 0.959784493647965 0.961313916095138 0.970060273816363 0.978806139887896 0.951580136927943 0.962530707817092 0.955650723540407 0.962283100212038 0.972197945427163 0.969083524800817 0.961721119807939 0.951382015155154 0.968821845108719 0.968092644408544 0.959646913249338 0.954774831533428 0.945033079534075 0.945980143168757 0.960417193773771 0.964477796545193 0.958298362269439 0.949423539513798 0.987557049619261 0.987557049619261 0.982549550098216 0.987587674740098 0.987670252368382 0.987670252368382 0.987670252368382 0.987587674740098 0.987731382563207 0.987813010032399 0.987813010032399 0.987813010032399 0.987813010032399 0.987731382563207 0.982819219229342 0.987861278498745 0.987861278498745
0.971908077717038 0.980119692342526 0.979987080842517 0.980119692342526 0.979987080842517 0.958956898877589 0.970489147339795 0.978702172050891 0.978806139887896 0.96154773306796 0.962781967168982 0.962450407595457 0.96798296885714 0.962167619838451 0.971990028093072 0.967981500559196 0.961225231074948 0.963843677872672 0.956259466488879 0.967787516751661 0.959189665303441 0.967193285057669 0.960154810411654 0.946587086424966 0.971243232974403 0.961920398945715 0.970183288965329 0.961349210436275 0.982506604846861 0.987557062751192 0.987587687839912 0.987587687839912 0.987587687839912 0.987587687839912 0.987587687839912 0.982549550098216 0.987813010032399 0.982751077193193 0.987813010032399 0.987813010032399 0.987731395512298 0.982751095032301 0.987861278498745 0.982819236998593 0.987779985222109
0.979987143255247 0.971908137404588 0.979987143255247 0.979987143255247 0.979987143255247 0.980170015930135 0.958819747592508 0.959516602061353 0.961287410448195 0.952386682427675 0.960142084246057 0.951567032065004 0.963366308486392 0.948186197540209 0.971183531599827 0.959292379214021 0.953106149149837 0.961290637123236 0.947593697935645 0.964934441412366 0.960385972336329 0.963602585072103 0.94549837810267 0.962570852784428 0.970680093876256 0.944965623937288 0.968226797987642 0.961606664999981 0.98755710113684 0.982506659115923 0.987670250352857 0.987587726131679 0.987587726131679 0.987670250352857 0.987670250352857 0.987670250352857 0.987731433363488 0.987731433363488 0.987731433363488 0.982751130710516 0.987731433363488 0.987731433363488 0.987861278498745 0.987861276514255 0.982819272537097
0.979987248019482 0.980119687883871 0.971908221409295 0.971908221409295 0.979987248019482 0.96385474958522 0.955388311196518 0.970864878748857 0.947948162497073 0.956136678829735 0.947326183844373 0.940138613166492 0.963168125594202 0.953369674115159 0.967345484088281 0.952521647154332 0.961816860044478 0.945592412015793 0.960054104736561 0.96111075790543 0.961165513053025 0.960667078435464 0.960419816717184 0.965579798878013 0.969096400894815 0.949182857901862 0.964989601509737 0.946489331896471 0.964167348065376 0.951138009470925 0.982549658372263 0.982549604235238 0.982549658372263 0.987670249345095 0.987587791630756 0.987587791630756 0.982751184227841 0.987731498108948 0.9878130070439 0.987731498108948 0.987731498108948 0.987731498108948 0.982819325844855 0.987780087414944 0.982819325844855
0.971908336363116 0.980119683425216 0.971908336363116 0.971908336363116 0.979987390677182 0.957678909785344 0.945276665759696 0.970643738085399 0.96982298841071 0.963671605252159 0.963577884515493 0.965013373147943 0.947678105182237 0.95094220025349 0.961571677929689 0.961940230244923 0.946359000633958 0.962042000769728 0.961297966007684 0.961738382824085 0.949174929496191 0.943542908671644 0.944901763347047 0.959767471136513 0.966673138135204 0.96075529630613 0.962107888954003 0.962897909218583 0.967436598787313 0.969955853460586 0.987670249345095 0.987587881314115 0.987587881314115 0.987670246321808 0.987670246321808 0.987587881314115 0.982751184227841 0.9878130070439 0.987731586760431 0.987731586760431 0.982751255584279 0.987813004055401 0.987861272545275 0.982819396921869 0.9877801757175
0.98011967896656 0.971908480055411 0.98011967896656 0.971908480055411 0.959630816855108 0.953554676483074 0.963385679896482 0.953883662439255 0.963218216718741 0.964646251260926 0.953579497612212 0.967127137163543 0.962871889820553 0.962357730936146 0.961991278033874 0.950402098988375 0.96164335757796 0.964626004985211 0.949738489746949 0.97094449577234 0.966438549500746 0.964304027014002 0.961930699159983 0.945723928714661 0.964017096246909 0.961100334267942 0.959310436475188 0.987557373877012 0.982506785743748 0.987639823653577 0.987670246321808 0.987587998204798 0.982549730554967 0.98254981877828 0.987670246321808 0.982549730554967 0.987731702306195 0.987731702306195 0.98275134279771 0.987731702306195 0.987731702306195 0.98275134279771 0.987861270560784 0.987780290808483 0.982819483793784
0.979605728925295 0.979605728925295 0.976014253909747 0.946815998066482 0.960001706606745 0.963897951841699 0.949723820634024 0.964274206592443 0.964424864167787 0.969370944263609 0.94905971957175 0.967907476673561 0.964819144662734 0.945288002368097 0.961004936219975 0.962179976359665 0.952855754585318 0.967865397541289 0.959739706361699 0.970333902860403 0.958492823533689 0.962901287866378 0.96014028417765 0.959878759905967 0.942485669441307 0.957809443404755 0.94800529855151 0.982059214627277 0.987322665594788 0.982059214627277 0.982073020003908 0.987332450022345 0.9872481111796 0.9872481111796 0.9872481111796 0.982073131209331 0.98731502752545 0.982048545637914 0.98731502752545 0.98731502752545 0.982048545637914 0.98731502752545 0.982118013558946 0.982118013558946 0.987364246667661
0.979605724352578 0.979605724352578 0.97596704648565 0.975550597446411 0.963339977113872 0.959020643393908 0.964765298819036 0.964506449357143 0.953322404074547 0.970298457156011 0.963171907915655 0.974017542378775 0.973563346633292 0.973792261564396 0.973996450956379 0.963931771209695 0.975770358926548 0.970231483899261 0.976023655764828 0.966371342613129 0.976413117508414 0.950956513858998 0.967080920526922 0.947669397591878 0.959613201684424 0.947863779953989 0.987322665594788 0.987238439190259 0.987238439190259 0.987238439190259 0.98724828507738 0.98724828507738 0.982073260949007 0.982073260949007 0.987332442775986 0.987332446916762 0.982048545637914 0.987230750703539 0.987230750703539 0.987315023379016 0.98731502752545 0.987315023379016 0.987280294738525 0.982118142976767 0.982118142976767
0.963253395756155 0.972321213098536 0.965615473524177 0.975622880675731 0.96403589267951 0.965942193776216 0.964430447135664 0.970120120649026 0.96375936101108 0.971050008641964 0.962004586253773 0.963209632349153 0.96093385685927 0.961762426727333 0.965485080765704 0.966873820790839 0.975610714253009 0.975610714253009 0.976024029063781 0.976024029063781 0.976257655518082 0.967081158144784 0.976532411217948 0.9623788525965 0.967315379591807 0.946413478899078 0.987322661450835 0.98732265834287 0.982059602082369 0.982059602082369 0.987332439670403 0.982073407163584 0.987332439670403 0.987332439670403 0.982073407163584 0.982073260949007 0.987230950751926 0.987315023379016 0.987230950751926 0.987230950751926 0.982048821967151 0.987230950751926 0.987280494015745 0.987364242537213 0.982118288828618
0.946101018891484 0.97185957825042 0.962677596799897 0.975515422078679 0.963530934402878 0.951103538373696 0.971539960663991 0.970463824373512 0.964401972454461 0.961432712002931 0.966420530780904 0.963219815203703 0.960461463610356 0.944987544032935 0.96090423426805 0.962398580117184 0.965795403186273 0.975611143917095 0.960431192080063 0.942240489705698 0.952121178774139 0.960117404592326 0.967205787676218 0.942492954154963 0.968408922648002 0.969061185944544 0.98732265834287 0.987238864945241 0.982059769017854 0.987238864945241 0.982073573971789 0.987332433459238 0.982073573971789 0.982073573971789 0.982073407163584 0.987248710506008 0.987231176713365 0.987231176713365 0.982048989002026 0.98731502026919 0.987315014049539 0.987315014049539 0.98211845522301 0.987280719106125 0.987364239439376
0.961450987920452 0.971702590281464 0.959942982661811 0.945708628008102 0.965215768219667 0.973274835496898 0.971784860161335 0.962938309764273 0.964159301216509 0.950570343176123 0.964562753324997 0.961732466927926 0.964104764876263 0.960115970023442 0.961650221895222 0.965215120737779 0.964392137448746 0.960803200485306 0.960266170374254 0.946748548732751 0.965114014408716 0.961071248825362 0.944759698489316 0.976728954680008 0.977072869409632 0.97717382788651 0.982059952440828 0.987322646946998 0.982059769017854 0.987239118740878 0.987248964107101 0.987248964107101 0.987248964107101 0.987248964107101 0.987248964107101 0.982073757254912 0.987315008866497 0.987231430660916 0.987231430660916 0.987315014049539 0.987315008866497 0.987231430660916 0.987364228080643 0.982118638051448 0.982118638051448
