Archive - glowpa-model-master/Model input/Uganda/survival/Lsurvival/Lsurvival_restime_1dec.asc
NCOLS 67 
NROWS 67 
XLLCORNER 29.500000001 
YLLCORNER -1.499999999 
CELLSIZE 0.0833333332985075 
NODATA_value -9999 
[rows 20 to 39 of 67, columns 0 to 44 of 67]
-9999 -9999 -9999 -9999 -9999 -9999 -9999 -9999 -9999 -9999 -9999 -9999 -9999 -9999 -9999 0.958717200510879 0.954111611415649 0.96789326216579 0.955718182968951 0.965187089726016 0.962916200755701 0.965754804143264 0.969512853143678 0.960173650873127 0.972478569674909 0.971364466887715 0.950342336239605 0.953724498794502 0.984030486204369 0.974110450940508 0.963553654335285 0.949298261013331 0.966291829752811 0.952564547481362 0.9761299876223 0.975848256035706 0.969613658578985 0.965585830089555 0.963300185473801 0.964920333084582 0.965492304827977 0.951305286103949 0.966304678498862 0.966800493600253 0.965504242564106
-9999 -9999 -9999 -9999 -9999 -9999 -9999 -9999 -9999 -9999 -9999 -9999 -9999 -9999 -9999 0.966799970287417 0.953851231806042 0.953495965723758 0.964678016808819 0.965671558419903 0.95460152661684 0.964028709988653 0.958510440756335 0.965822025863488 0.984057704014625 0.988663732605543 0.988660183051593 0.988650955255502 0.965571378393491 0.984007505058671 0.98834511519937 0.964675032510484 0.968465189798209 0.951939860052419 0.966848633964397 0.963511383460948 0.965733943922371 0.962474059984751 0.971916387470617 0.970947301607043 0.969201004739042 0.963282771089803 0.962503797967203 0.964223088644704 0.963992740164555
-9999 -9999 -9999 -9999 -9999 -9999 -9999 -9999 -9999 -9999 -9999 -9999 -9999 -9999 -9999 -9999 0.966758782783979 0.95662219204123 0.967179916039646 0.94982423363323 0.984596813283468 0.984596384150589 0.989051243610213 0.988865467295421 0.966316643234165 0.966578406265938 0.966113364376056 0.959400685154392 0.970199176934978 0.969029896419917 0.966951039467666 0.983595944184636 0.988335289347796 0.988327530599412 0.96542621130221 0.966382593441289 0.974304408777679 0.965606751221121 0.955170746556669 0.96535266144619 0.96463286276148 0.948356660173356 0.962173183499911 0.961914850724626 0.94881748414782
-9999 -9999 -9999 -9999 -9999 -9999 -9999 -9999 -9999 -9999 -9999 -9999 -9999 -9999 -9999 -9999 -9999 0.953949741156999 0.989115688607126 0.989115699521113 0.989050637923556 0.989115699521113 0.989050637923556 0.970225449659931 0.968669015664981 0.959689915831459 0.968702476623265 0.958587019126507 0.96586635462925 0.966833650681392 0.964978313289216 0.964805891083178 0.957840105587959 0.988356043748578 0.965283034543283 0.955941242958676 0.964904929856563 0.967687110240608 0.965136740918081 0.965282713699483 0.963211747789035 0.947945446207638 0.966289253526586 0.968763298149989 0.963755967095378
-9999 -9999 -9999 -9999 -9999 -9999 -9999 -9999 -9999 -9999 -9999 -9999 -9999 -9999 -9999 0.96597227193998 0.964975951914154 0.98938168388074 0.984595973124758 0.984595973124758 0.989050054063796 0.9891157113446 0.989050054063796 0.989115699521113 0.966733657604121 0.974890337096995 0.974375413421244 0.968456284491447 0.954737688040782 0.963794780751335 0.950535508361703 0.950700285840687 0.96504202841552 0.970745203838934 0.983515350172357 0.975601657772616 0.964942386390013 0.949961649357875 0.950594409119705 0.957839762882152 0.96710173383467 0.962695656120467 0.971871159432706 0.969260296648773 0.947304887223897
-9999 -9999 -9999 -9999 -9999 -9999 -9999 -9999 -9999 -9999 -9999 -9999 -9999 -9999 -9999 0.967547607036739 0.984978177443013 0.989322070706674 0.98904382581629 0.98904382581629 0.984587243854968 0.989110089220614 0.98904382581629 0.984587243854968 0.96931040764127 0.96683695826303 0.952202559547343 0.960264363033334 0.952512844813708 0.968203459589927 0.965281320501365 0.965339189825878 0.965249132136327 0.983656933177968 0.974486784584427 0.973802281809796 0.973480599257205 0.972776259996856 0.971776472031387 0.966990651249318 0.96702205379231 0.964316999690531 0.963545782976422 0.967780827672622 0.949530839479404
-9999 -9999 -9999 -9999 -9999 -9999 -9999 -9999 -9999 -9999 -9999 -9999 -9999 -9999 -9999 0.984977806571038 0.98932154564842 0.98932154564842 0.989043287152003 0.984586877909353 0.989110100140219 0.989043287152003 0.984586877909353 0.96822871976469 0.961930977276973 0.965981568250247 0.966330463527995 0.971072160792841 0.96528041785951 0.959517763507998 0.967440955583377 0.954675754478323 0.951283640513925 0.988351721342236 0.983625422694959 0.955599454309975 0.965905176608032 0.96529085525044 0.965354551879969 0.96916631245707 0.968254313253643 0.965092564465595 0.963903056057212 0.969742066604576 0.967587949987889
-9999 -9999 -9999 -9999 -9999 -9999 -9999 -9999 -9999 -9999 -9999 -9999 -9999 -9999 -9999 0.989321043650418 0.989321043650418 0.989321043650418 0.984586528268373 0.989110110149857 0.989042772145545 0.984586528268373 0.989042772145545 0.964893409989113 0.971261694324681 0.953234346236844 0.95226705444172 0.965857897170288 0.951834169241493 0.951569416027582 0.961214905705298 0.988349148544212 0.988349148544212 0.988420724299383 0.96480715970823 0.950992690523495 0.965811564794394 0.969610435330597 0.971410652398084 0.9677927226186 0.976647626918824 0.973020082997529 0.964218465831462 0.958483210211343 0.988059142553662
-9999 -9999 -9999 -9999 -9999 -9999 -9999 -9999 -9999 -9999 -9999 -9999 -9999 -9999 0.989320563825711 0.984977108978891 0.989320563825711 0.984976785790798 0.989042279886972 0.984586196743621 0.984586196743621 0.989110119249528 0.960521845704239 0.970314627194049 0.970761025159766 0.969683262628152 0.951938001299183 0.970868239620594 0.965489445396607 0.950741100022901 0.967177992689831 0.98361280550932 0.983613158213792 0.988348625514457 0.969402956539537 0.966888330528886 0.964480475386739 0.965385212511045 0.968631450785008 0.965095712663926 0.965917455039059 0.972404271173205 0.971475860502711 0.964179705957019 0.9831027554261
-9999 -9999 -9999 -9999 -9999 -9999 -9999 -9999 -9999 -9999 -9999 0.989774335222285 0.984976785790798 0.984976476731245 0.984976785790798 0.989320106174266 0.984976476731245 0.989386698459041 0.984585879711858 0.9891101283492 0.984585879711858 0.953297452101997 0.967006965718793 0.966277559750161 0.952414696566355 0.968524342111668 0.965975814010474 0.971570055278793 0.965325535658187 0.963373393423042 0.954812711717502 0.98842074430744 0.988348126302344 0.983612467975051 0.988008257332165 0.969095952924192 0.977866516048427 0.97779723130338 0.988094564900215 0.983152361695589 0.983152361695589 0.988094564900215 0.988059163867658 0.988059163867658 0.983102391049995
-9999 -9999 -9999 -9999 -9999 -9999 -9999 -9999 -9999 -9999 0.970374976199525 0.989709750553814 0.989386698459041 0.989319669809132 0.989319669809132 0.984976183566273 0.98938670732885 0.989319669809132 0.984585578984681 0.984585578984681 0.955198621470487 0.965478970779939 0.965786624421948 0.955844789703892 0.966094985263447 0.965619023746528 0.968680707897351 0.973221356732198 0.967952082619168 0.961390869571214 0.974731411875678 0.969306666030262 0.96534319839229 0.970097517363067 0.98808299089868 0.983135320201733 0.988019435146684 0.988019435146684 0.988094574559846 0.983152015688276 0.988019435146684 0.983152015688276 0.983102044025258 0.98798381207555 0.988059184212837
-9999 -9999 -9999 -9999 -9999 -9999 -9999 -9999 -9999 -9999 0.989562306383336 0.985317054296662 0.989193898298204 0.989193898298204 0.984799960731663 0.989262143663002 0.989262143663002 0.984799960731663 0.965707553053159 0.973158705661446 0.952227065643102 0.952178475371755 0.953373587774474 0.966371485214338 0.971719611669839 0.96880481467307 0.973958484874594 0.973391516614206 0.981513474424576 0.974971707339106 0.977569287737944 0.966323394997326 0.952878527917763 0.966108227526532 0.957484556498189 0.954933376708004 0.988243245641279 0.983361227173119 0.988168562797858 0.988168562797858 0.988168562797858 0.988168562797858 0.988269795858649 0.988269795858649 0.988269795858649
-9999 -9999 -9999 -9999 -9999 -9999 -9999 -9999 -9999 0.96924130706326 0.989561924104989 0.989561924104989 0.989193502600801 0.984799694532003 0.989262151739018 0.989193502600801 0.984799694532003 0.971224102842165 0.952174162150428 0.972726340836745 0.970964368290806 0.96880246676913 0.966316330794565 0.952925290411801 0.978724858069241 0.970463674138635 0.9742933211494 0.973946185659256 0.950625285082545 0.964666720590508 0.965606492677569 0.968174445417865 0.966902464343277 0.967075685362431 0.966693165432341 0.966378613355075 0.988168130680417 0.988243254227044 0.983360934800709 0.965297320181815 0.983360934800709 0.988168130680417 0.988343851983693 0.983502958667168 0.988269367416537
-9999 -9999 -9999 -9999 -9999 -9999 -9999 -9999 -9999 0.96892287042068 0.98956156436473 0.98956156436473 0.984799444411582 0.989262158917699 0.98919313023264 0.984799444411582 0.967236680773821 0.969373361412741 0.95048897512037 0.96481690790333 0.951107686508877 0.964620339495544 0.978172671754676 0.96998112539832 0.97020110063095 0.965149183002966 0.971423444603035 0.964680302978456 0.970803873667252 0.973521657555111 0.966603757606811 0.965150570578518 0.968066385015877 0.969212116573437 0.953598355616799 0.952475990791366 0.962750317155421 0.966105044844454 0.964603475260939 0.969440759280888 0.988243261858836 0.988167723364592 0.936881576251467 0.988343859550568 0.988343859550568
-9999 -9999 -9999 -9999 -9999 -9999 0.97049857075352 0.972124600419683 0.969401074872342 0.952885907618946 0.982850454075947 0.985316329271339 0.989262165199045 0.984799210370389 0.984799210370389 0.967750499710299 0.95436213443194 0.952612563991915 0.965732113913946 0.964558224561965 0.973324319658088 0.96877641802988 0.967602005186743 0.966069417298352 0.951274794042333 0.956023214533417 0.969318923175047 0.952873483025226 0.978683411035747 0.952820562716426 0.961863845467325 0.966127500548141 0.970263688762155 0.966669459681379 0.965956127873921 0.966378025250111 0.96880874905191 0.959775667781445 0.952699511097203 0.978362815883728 0.966884009106454 0.982967102823093 0.974069914763641 0.967048196739158 0.988343866171584
-9999 -9999 -9999 -9999 -9999 -9999 0.961198654774191 0.96230467794294 0.966713409643793 0.975901676059852 0.966006079451631 0.985316118668845 0.984798992408411 0.989262172377726 0.98919245279213 0.977458732735195 0.977047689387909 0.976726285840583 0.975606749505021 0.97524225465997 0.972273813439998 0.951556048673096 0.967484123461632 0.97628201126192 0.964655284641141 0.96526713184587 0.966764417562016 0.95897441482576 0.978344182374985 0.949145851653888 0.972072498900986 0.966125865196685 0.968686354492516 0.965882707764451 0.965928430167668 0.966254680001275 0.966233625769283 0.970597637492368 0.96708771093848 0.978145331645187 0.96731947539231 0.987943519480048 0.95747335800234 0.962531314527203 0.966546873819553
-9999 -9999 -9999 -9999 -9999 0.969050222757395 0.956546330345123 0.972845327647139 0.975881233076938 0.948700195049467 0.947178997410884 0.989560614304336 0.989262177761737 0.989262177761737 0.967178458420294 0.960778538697923 0.965986602672593 0.969173620460446 0.954843506994868 0.975156158591826 0.964395658795998 0.959733000613163 0.969768147519362 0.97609306500163 0.966365013590456 0.951022927032531 0.950783575742406 0.968679373402493 0.970338914145969 0.969025700087421 0.966889487866537 0.957524690415626 0.96604241121769 0.966085495761286 0.974120330935727 0.960980214978434 0.966160727310597 0.966984622022477 0.969343147871327 0.97796947712508 0.967274909915148 0.987944475613994 0.96740795621668 0.972276263427325 0.966423059016638
-9999 -9999 0.965082035792395 0.957622738050677 0.967564529419629 0.966092533054917 0.964048614704377 0.969951601657964 0.982442424233509 0.961015291022081 0.971658494916878 0.972044537121347 0.979201524008025 0.952413312049579 0.953513568862233 0.969657974625322 0.966886160290884 0.966260641894009 0.96434072031708 0.974242977802474 0.963572702207515 0.969654665253435 0.965963107089248 0.971196476911474 0.964155222050943 0.966798379011542 0.964392532380261 0.964313049364173 0.968962599803017 0.977381324244146 0.976913943520947 0.963943580337079 0.951433422772646 0.951735544732614 0.972815885432733 0.963827305730042 0.956442629107373 0.965470157364451 0.953363624641353 0.976619456810655 0.952675202223246 0.987528793047593 0.965617108683024 0.965727453714542 0.954204332204734
-9999 0.956143502819057 0.961780205407772 0.9681075554428 0.963317659843124 0.967406540135279 0.982246322184443 0.975101539282449 0.962722120204921 0.945264686749892 0.971611249264881 0.954019140075452 0.972747451873499 0.969947348794252 0.978111587117667 0.967125331426283 0.956642205131711 0.96606658388751 0.957575711539727 0.972683598612511 0.968034699380256 0.96578099499013 0.952143301876072 0.97050362999053 0.964065346523723 0.960114681353023 0.962230440021695 0.961531182067265 0.965778113679178 0.951460286456947 0.957430463654482 0.967517655764625 0.969460273017393 0.96398591590816 0.972515937003201 0.964367718520703 0.967963369147382 0.964926434945358 0.952696257793683 0.976273541624018 0.949852603172556 0.987524349297894 0.951426115571742 0.951204456722716 0.94780953475507
-9999 0.95534017658936 0.957961565840872 0.982853368208204 0.982866084463925 0.976061087549697 0.966500480698772 0.968280395046478 0.968025344074804 0.959376384511184 0.967227539287366 0.960658279772878 0.967862457859723 0.972016411338712 0.96705177904605 0.968821459351159 0.97609002176948 0.966031657644797 0.966261777840173 0.952086734416519 0.959125392332533 0.95201897717997 0.965795158828575 0.969668774845508 0.964136267900442 0.971166279793805 0.970256586961368 0.968527934563695 0.961817326913801 0.96181616921743 0.967535363676395 0.951065321361336 0.966754237432461 0.949476756895035 0.964352916495964 0.960148964116775 0.964493163078218 0.963772415409698 0.963100168876303 0.974138453077854 0.963934709774625 0.964485520145584 0.982360186527471 0.973150812243064 0.964916090493414
