Archive - glowpa-model-master/Model input/Uganda/survival/Lsurvival/Lsurvival_restime_1aug.asc
NCOLS 67 
NROWS 67 
XLLCORNER 29.500000001 
YLLCORNER -1.499999999 
CELLSIZE 0.0833333332985075 
NODATA_value -9999 
[rows 0 to 19 of 67, columns 0 to 44 of 67]
-9999.000000000000000 -9999 -9999 -9999 -9999 -9999 -9999 -9999 -9999 -9999 -9999 -9999 -9999 -9999 -9999 -9999 -9999 -9999 -9999 -9999 -9999 -9999 -9999 -9999 -9999 -9999 -9999 -9999 -9999 -9999 -9999 0.942965417037852 0.959351677788316 -9999 -9999 -9999 -9999 -9999 -9999 -9999 -9999 -9999 -9999 -9999 -9999
-9999 -9999 -9999 -9999 -9999 -9999 -9999 -9999 -9999 -9999 -9999 -9999 -9999 -9999 -9999 -9999 -9999 -9999 -9999 -9999 -9999 -9999 -9999 -9999 -9999 -9999 -9999 -9999 -9999 0.960314306303415 0.946371391800991 0.958490947186626 0.948691183816088 0.941785922011389 0.942138598180996 0.95858827231681 0.959705136768248 0.942943890871472 0.956835360855161 0.95765233688093 -9999 -9999 -9999 -9999 -9999
-9999 -9999 -9999 -9999 -9999 -9999 -9999 -9999 -9999 -9999 -9999 -9999 -9999 -9999 -9999 -9999 -9999 -9999 -9999 -9999 -9999 -9999 -9999 -9999 -9999 -9999 -9999 -9999 -9999 0.966203629465119 0.957702970811482 0.964437242263125 0.960598138801812 0.971571783803361 0.958137919588114 0.958883052221496 0.969176823623248 0.968104121354742 0.965269655941641 0.962917512348167 0.957500562731464 0.942938597485772 0.959626424893197 -9999 -9999
-9999 -9999 -9999 -9999 -9999 -9999 -9999 -9999 -9999 -9999 -9999 -9999 -9999 -9999 -9999 -9999 -9999 -9999 -9999 -9999 -9999 -9999 -9999 -9999 -9999 0.961542231424797 -9999 -9999 -9999 0.953422560642049 0.957347288914195 0.961440266382622 0.957947978182729 0.941254696966284 0.959782497167009 0.961920516427242 0.95821352984912 0.958733255191574 0.948224965914724 0.960228037270726 0.959654687217699 0.944870286854987 0.963507915748857 -9999 -9999
-9999 -9999 -9999 -9999 -9999 -9999 -9999 -9999 -9999 -9999 -9999 -9999 -9999 -9999 -9999 -9999 -9999 -9999 -9999 -9999 -9999 -9999 0.961062998629442 -9999 -9999 0.949493254857756 -9999 -9999 -9999 0.986233536553249 0.981092533665064 0.98080044984034 0.964874914173893 0.963435059821669 0.960548147217294 0.941945995723682 0.959197330895264 0.949986082062407 0.962638465888802 0.959938762458926 0.950500934105777 0.959929758284155 0.965169630760904 0.956380103757223 -9999
-9999 -9999 -9999 -9999 -9999 -9999 -9999 -9999 -9999 -9999 -9999 -9999 -9999 -9999 -9999 -9999 -9999 -9999 -9999 -9999 -9999 0.949484553306335 0.965825404003185 0.96412725505102 0.965452732042344 0.944335398737439 0.987464434587395 0.987522094498025 0.982473123896277 0.987602985823725 0.958592198413005 0.980850456339157 0.973669216662821 0.973294520375877 0.960911484825562 0.95572822677529 0.966706779129166 0.961998329297522 0.944457450554045 0.960271918973022 0.942758703038872 0.966600612705397 0.966237604899276 0.956590708752012 -9999
-9999 -9999 -9999 -9999 -9999 -9999 -9999 -9999 -9999 -9999 -9999 -9999 -9999 -9999 -9999 -9999 -9999 -9999 -9999 0.962365255669812 0.969894409489601 0.970590948650466 0.972309980706803 0.973094266354979 0.955016129478272 0.959156633133635 0.987522118601414 0.987463294459536 0.98754454049855 0.987603007755078 0.966359717084986 0.959180170113558 0.972421216360006 0.950096854475319 0.962348148312432 0.970716558872635 0.969324757488024 0.966927351777254 0.960246850419701 0.962768917981728 0.964261574478222 0.967617793076825 0.969563119065999 0.938366188926561 -9999
-9999 -9999 -9999 -9999 -9999 -9999 -9999 -9999 -9999 -9999 -9999 -9999 -9999 -9999 -9999 -9999 -9999 0.966167641145565 0.966848508126898 0.956077203536676 0.96187855587802 0.949589351491444 0.950299092650405 0.973414305702422 0.94110562244095 0.968371567643138 0.982323287184535 0.944997512952267 0.966229829601574 0.967365077522774 0.973824054620579 0.96236454720008 0.980351655187174 0.960060748283869 0.947289770036487 0.951865195207818 0.964820459212522 0.961832370022041 0.959453701869662 0.958772550929476 0.952050716327457 0.957376847637689 0.957778803169942 0.956574270976333 0.938698780014294
-9999 -9999 -9999 -9999 -9999 -9999 -9999 -9999 -9999 -9999 -9999 -9999 -9999 -9999 -9999 -9999 -9999 0.966267197598684 0.9473985631231 0.962078528412629 0.961803088097084 0.951964662223664 0.966880411368869 0.974270858020132 0.973860996932548 0.982316556320671 0.962129915675655 0.962321095315473 0.9652184951489 0.966753145323496 0.973713765359087 0.97315131603476 0.962212822031012 0.972230170260582 0.950633367391829 0.962864262064571 0.946939219321604 0.962233442586884 0.947063381735631 0.959067887478247 0.958140030714764 0.97527724227897 0.956383205011839 0.961619543077868 0.956460822214695
-9999 -9999 -9999 -9999 -9999 -9999 -9999 -9999 -9999 -9999 -9999 -9999 -9999 -9999 -9999 -9999 -9999 0.967921801413521 0.968023743421439 0.970032139386174 0.964131822889188 0.953784223942835 0.95372150968703 0.960985168886234 0.982264210116988 0.962410209876175 0.954505739877609 0.96138058848585 0.9513793511853 0.970582599811978 0.973077562007053 0.962246977524159 0.961571889785454 0.980322439938805 0.980172342918869 0.961140490672871 0.946844279252125 0.954475242342103 0.961214902613536 0.962279145654655 0.965460303319185 0.975198369837714 0.961945383891653 0.962893104660142 0.955951325420136
-9999 -9999 -9999 -9999 -9999 -9999 -9999 -9999 -9999 -9999 -9999 -9999 -9999 -9999 -9999 -9999 0.963927543718535 0.966542395039039 0.970917046517685 0.973091963485895 0.974113616819012 0.974233939374615 0.964768140471125 0.968232783394484 0.98746029660999 0.970712169280247 0.963570263489187 0.948731375802336 0.953124687371202 0.968426630514457 0.970248101868674 0.947714955301211 0.972232987064279 0.962297365736361 0.961295376065827 0.972102220473453 0.968066070539197 0.96221648922013 0.966132427568672 0.975819813951552 0.96199419146606 0.958818001475699 0.957781654241019 0.961277865297299 0.971820294570774
-9999 -9999 -9999 -9999 -9999 -9999 -9999 -9999 -9999 -9999 -9999 -9999 -9999 -9999 -9999 -9999 0.963746003076921 0.958212679069266 0.962860359108663 0.95214693560525 0.965345380650249 0.946315850277308 0.960863990148396 0.982622646663935 0.963852778004743 0.970299567057177 0.969335938303401 0.963874598709798 0.964273901563513 0.967176894681101 0.968734377948167 0.957296535372923 0.971585376998278 0.96257504038711 0.963175861411252 0.978376186564528 0.96695268366676 0.976411239818411 0.968689716686848 0.959317502010475 0.9520133242025 0.964774983895675 0.957571092678052 0.964258820285193 0.957424776501208
-9999 -9999 -9999 -9999 -9999 -9999 -9999 -9999 -9999 -9999 -9999 -9999 -9999 -9999 -9999 0.963483411706346 0.955735673282935 0.964623026521127 0.966172294596929 0.958053301594445 0.96357670173744 0.951408588296856 0.987675710971728 0.987675730569518 0.963692404262239 0.949685490365253 0.964228511997646 0.94991927032111 0.964290200845206 0.965988405007764 0.963387175917671 0.952696554948482 0.970416906028265 0.94449793458567 0.96086198036786 0.966900167251115 0.968352722995063 0.958845933280057 0.961941741829839 0.954272666092032 0.943066620220771 0.962204094956975 0.957837943005393 0.962324598965422 0.938907927189474
-9999 -9999 -9999 -9999 -9999 -9999 -9999 -9999 -9999 -9999 -9999 -9999 -9999 -9999 -9999 -9999 0.965388663969295 0.964804460552914 0.953303633825299 0.96591112242786 0.958964251549984 0.943497951167634 0.982758150986943 0.987809788391451 0.953964527337742 0.950463144994348 0.954636615683942 0.965021172230453 0.950453651609395 0.961315883821848 0.961105772650067 0.964681081393615 0.970416129280621 0.966221262971601 0.945612643477518 0.961851512577131 0.977815533319487 0.960528757862715 0.960061658222609 0.967371422543326 0.962251217566523 0.95973631643759 0.958628507759436 0.961381331666304 0.95702076606208
-9999 -9999 -9999 -9999 -9999 -9999 -9999 -9999 -9999 -9999 -9999 -9999 -9999 -9999 -9999 -9999 -9999 0.964482385026373 0.967524351890567 0.97007256151476 0.970335052583345 0.973198082099073 0.987788394643913 0.956757270551076 0.967079739806714 0.969157126941724 0.950544252459025 0.955595145891382 0.962503914788856 0.962229192403893 0.946207762966024 0.962011775135279 0.968336117883905 0.964894267632108 0.961978446970003 0.961866066687946 0.967366386029711 0.968328968317666 0.961520532666354 0.961214578532868 0.963350803704989 0.958902357532071 0.94702449007484 0.959277157594565 0.961268717629427
-9999 -9999 -9999 -9999 -9999 -9999 -9999 -9999 -9999 -9999 -9999 -9999 -9999 -9999 -9999 -9999 0.965704824768357 0.954662822868061 0.96439315205703 0.967477852124526 0.96821349598699 0.955757224868964 0.987762054898118 0.963360857970582 0.96226753142383 0.972917293641695 0.970307074130548 0.964602012456617 0.961449574621043 0.966476322278205 0.951827338895997 0.961144567539192 0.962375668550603 0.952729242205471 0.963652948701012 0.964811048056958 0.965458881731109 0.965134863445443 0.968048460757587 0.974256323745201 0.964387703923071 0.963227875602035 0.972834700719865 0.972627163638211 0.958922200342776
-9999 -9999 -9999 -9999 -9999 -9999 -9999 -9999 -9999 -9999 -9999 -9999 -9999 -9999 -9999 -9999 0.965592851043859 0.971309924147713 0.960859019214403 0.964820587088425 0.974859068033959 0.975766674676743 0.975769906965629 0.982691584370993 0.962639726011019 0.948872317390425 0.949355396488211 0.949758246225128 0.970292368371178 0.969378092243776 0.96094912922482 0.945601683300297 0.948816508378378 0.962803010695096 0.951425254433929 0.962242934152911 0.944955010386317 0.960096774005982 0.966610797307872 0.965013368549217 0.960830175967221 0.946502946215865 0.957400824041791 0.939882779396535 0.956953026845729
-9999 -9999 -9999 -9999 -9999 -9999 -9999 -9999 -9999 -9999 -9999 -9999 -9999 -9999 -9999 0.951152633515323 0.957733102397694 0.963585093807907 0.97191382909098 0.964290666815716 0.959260047012868 0.961604855723787 0.946627866368051 0.987688864512868 0.962586444617307 0.972694912288573 0.972082546716006 0.97124721167445 0.970740085181854 0.960816339096003 0.964268620710652 0.946413751911012 0.961284408027041 0.956152989503591 0.961558178077544 0.950173425680022 0.960093975772376 0.964363221448461 0.965661579483392 0.975128421149464 0.974933756474543 0.957272831445908 0.93955150020015 0.957435198249523 0.959927975555441
-9999 -9999 -9999 -9999 -9999 -9999 -9999 -9999 -9999 -9999 -9999 -9999 -9999 -9999 -9999 0.963624768252143 0.968817633151752 0.948831735083062 0.970994885070998 0.965911165914908 0.97077013761415 0.96155471566567 0.965553995363892 0.98768979113045 0.96123966589756 0.947431297028975 0.963214957341691 0.951117640104098 0.960522221293808 0.960947348158887 0.953436741788176 0.961584543212704 0.961701239947489 0.96474652640237 0.970674422121633 0.961525833704853 0.960906888318527 0.960023798865519 0.943362161342827 0.962515832131672 0.966891305645008 0.964000624720381 0.955655461460427 0.949377764765256 0.961647008859995
-9999 -9999 -9999 -9999 -9999 -9999 -9999 -9999 -9999 -9999 -9999 -9999 -9999 -9999 -9999 0.963473414128591 0.969562608210242 0.960132655814876 0.948072745734567 0.955923590664929 0.963113347460678 0.945775343057611 0.961969179509111 0.962021551310906 0.982636717427181 0.946638576338857 0.957500406410693 0.963826096955521 0.946135545531825 0.971951636431364 0.968432084747897 0.967043658452727 0.963992101510021 0.967187570284773 0.961517585862956 0.965922520399489 0.951241221073141 0.949111409235238 0.960611276328779 0.960648625018376 0.964495650771328 0.96186874123227 0.964454362278774 0.973832387557968 0.962511674661235
