Archive - glowpa-model-master/Model input/Uganda/survival/Lsurvival/Lsurvival_restime_1jan.asc
NCOLS 67 
NROWS 67 
XLLCORNER 29.500000001 
YLLCORNER -1.499999999 
CELLSIZE 0.0833333332985075 
NODATA_value -9999 
[rows 0 to 19 of 67, columns 0 to 44 of 67]
-9999.000000000000000 -9999 -9999 -9999 -9999 -9999 -9999 -9999 -9999 -9999 -9999 -9999 -9999 -9999 -9999 -9999 -9999 -9999 -9999 -9999 -9999 -9999 -9999 -9999 -9999 -9999 -9999 -9999 -9999 -9999 -9999 0.943189293795091 0.959543898905847 -9999 -9999 -9999 -9999 -9999 -9999 -9999 -9999 -9999 -9999 -9999 -9999
-9999 -9999 -9999 -9999 -9999 -9999 -9999 -9999 -9999 -9999 -9999 -9999 -9999 -9999 -9999 -9999 -9999 -9999 -9999 -9999 -9999 -9999 -9999 -9999 -9999 -9999 -9999 -9999 -9999 0.961003095595351 0.947432343306085 0.959347257440985 0.949719068867252 0.943083603953751 0.943356126506645 0.959472969142782 0.960379517046846 0.943511519271315 0.957403445899793 0.958172531191048 -9999 -9999 -9999 -9999 -9999
-9999 -9999 -9999 -9999 -9999 -9999 -9999 -9999 -9999 -9999 -9999 -9999 -9999 -9999 -9999 -9999 -9999 -9999 -9999 -9999 -9999 -9999 -9999 -9999 -9999 -9999 -9999 -9999 -9999 0.966653225212092 0.958465319097863 0.965195302999812 0.961119085312597 0.971918699435005 0.958974117382006 0.959296220188373 0.969444313169065 0.968345986429718 0.965618217942882 0.963320455632153 0.957890654210246 0.943367746218852 0.957847650684925 -9999 -9999
-9999 -9999 -9999 -9999 -9999 -9999 -9999 -9999 -9999 -9999 -9999 -9999 -9999 -9999 -9999 -9999 -9999 -9999 -9999 -9999 -9999 -9999 -9999 -9999 -9999 0.960029483400292 -9999 -9999 -9999 0.953577553350654 0.957991334591516 0.961997975957769 0.959026894592399 0.942662961297648 0.960247008894265 0.962691203474673 0.958996093853791 0.959240540402278 0.948420824837956 0.960079214832523 0.959435096963041 0.943071888722792 0.962420886484197 -9999 -9999
-9999 -9999 -9999 -9999 -9999 -9999 -9999 -9999 -9999 -9999 -9999 -9999 -9999 -9999 -9999 -9999 -9999 -9999 -9999 -9999 -9999 -9999 0.962763681983943 -9999 -9999 0.947537988150243 -9999 -9999 -9999 0.986580513732899 0.980665404347208 0.980318017685923 0.965648378831598 0.964218836249439 0.961374659446803 0.943132038029889 0.958961020429484 0.946681926614763 0.959961695488269 0.956632759606397 0.948527718649889 0.95630363867543 0.96407901807755 0.956898521255503 -9999
-9999 -9999 -9999 -9999 -9999 -9999 -9999 -9999 -9999 -9999 -9999 -9999 -9999 -9999 -9999 -9999 -9999 -9999 -9999 -9999 -9999 0.950261423573889 0.965446711985872 0.962061658216569 0.964234555128812 0.941059620282773 0.987898176969313 0.987953854041659 0.98302808352827 0.987996509598299 0.955363998930586 0.980354796619162 0.97161499039349 0.971252625107422 0.961151497468244 0.953199668040458 0.964700364683359 0.958839854306827 0.939742925455365 0.957398041715558 0.941153025214899 0.964803019153184 0.965165631053096 0.957023296588185 -9999
-9999 -9999 -9999 -9999 -9999 -9999 -9999 -9999 -9999 -9999 -9999 -9999 -9999 -9999 -9999 -9999 -9999 -9999 -9999 0.963216928780683 0.97064627536187 0.971210234583605 0.972464667369349 0.972944517605424 0.952551575237737 0.956054408579693 0.987953876256972 0.987897075354477 0.987939908248286 0.98799653076394 0.964623372368788 0.956124188053521 0.971941866590786 0.946120824875439 0.959324574258216 0.968093809149434 0.966594953451601 0.964140454183189 0.957795870075335 0.961002509482834 0.962997796451377 0.966249609630086 0.968478436920966 0.937949987847133 -9999
-9999 -9999 -9999 -9999 -9999 -9999 -9999 -9999 -9999 -9999 -9999 -9999 -9999 -9999 -9999 -9999 -9999 0.967313777604404 0.968059421486448 0.957674821495427 0.963369540503429 0.9509941719728 0.947402764423445 0.973499303193717 0.933985914602738 0.967129077506442 0.983135253335108 0.945258562066087 0.964847219692424 0.966021974391657 0.972897099936011 0.962140224466265 0.980488794819402 0.957925918145066 0.94460797711227 0.94919950986816 0.962772485388672 0.95973734315542 0.959154209391772 0.959213904660905 0.952006629189563 0.959341181714034 0.957497960370312 0.957205088008366 0.939640503392481
-9999 -9999 -9999 -9999 -9999 -9999 -9999 -9999 -9999 -9999 -9999 -9999 -9999 -9999 -9999 -9999 -9999 0.967506238213504 0.949832475364278 0.963797936698072 0.963563310884169 0.953806275675695 0.966632625644477 0.974090616978268 0.973497258840927 0.983120662058308 0.960494117785905 0.960131322070731 0.963185368679999 0.964728562980729 0.972791437874468 0.973032889253193 0.96039698589245 0.972432527673912 0.947895326247476 0.96092646951847 0.943961071269129 0.960053344039544 0.946889615215749 0.959415089588234 0.959718494826805 0.975398369749824 0.958204471086975 0.962208790644657 0.957339565001797
-9999 -9999 -9999 -9999 -9999 -9999 -9999 -9999 -9999 -9999 -9999 -9999 -9999 -9999 -9999 -9999 -9999 0.969214620139234 0.969457224921318 0.971391113087597 0.965672271970615 0.954469197614265 0.954118184997564 0.949292445586512 0.98307250885871 0.961734845706319 0.95194234100891 0.958695902326175 0.948460081186274 0.969024497199588 0.972295694905956 0.960425443150215 0.961628001987246 0.980467378280807 0.980342747132742 0.958872682751429 0.943889144580726 0.953104026193918 0.961350663483697 0.96325468104328 0.965679257116934 0.975328399309398 0.96261954287691 0.963891782866499 0.958619749006528
-9999 -9999 -9999 -9999 -9999 -9999 -9999 -9999 -9999 -9999 -9999 -9999 -9999 -9999 -9999 -9999 0.965505520300191 0.968113211737869 0.972207580033725 0.97419176129672 0.97474812734683 0.974790920763748 0.965307629760057 0.96738694914696 0.988021916185073 0.968854161894683 0.961486221261346 0.945780889048362 0.950255783496863 0.967188252433483 0.970148306709901 0.945163990605096 0.97248593399376 0.963270807257765 0.959444110454405 0.972357968667752 0.966945357674669 0.960241152740043 0.966366405108431 0.975976140958959 0.962611200952095 0.959279418607342 0.958433964649043 0.961936110509981 0.972312249090896
-9999 -9999 -9999 -9999 -9999 -9999 -9999 -9999 -9999 -9999 -9999 -9999 -9999 -9999 -9999 -9999 0.965404367817829 0.959935591809015 0.963536960432771 0.951370736098506 0.963516939261896 0.946082927857316 0.94786176618834 0.983438610800607 0.961002718628012 0.968348708567652 0.967348424008598 0.961707163189906 0.962105635402479 0.966198982043726 0.969167680095436 0.957463303500808 0.9719717971629 0.963200274146812 0.962710830037951 0.978893688953645 0.967053285656176 0.976505890438795 0.968999911110102 0.960217471178064 0.952277636194774 0.964915808081763 0.957932137811398 0.964902087306968 0.958157438237771
-9999 -9999 -9999 -9999 -9999 -9999 -9999 -9999 -9999 -9999 -9999 -9999 -9999 -9999 -9999 0.964809381985068 0.957395795138321 0.965798155109187 0.966835188382403 0.958146634941611 0.95937153204798 0.945348646004118 0.988251716578666 0.988251735213706 0.962616694474647 0.946896250119587 0.962165715526101 0.946966301141739 0.962271935499818 0.965155996490806 0.964454529423531 0.95399687079124 0.971086112725429 0.945312348829021 0.961965763105621 0.967465463672961 0.969125512314051 0.959756265276303 0.962858686233688 0.954362555658094 0.943819868949502 0.962368332253385 0.958199273530952 0.96295362612582 0.940438772505702
-9999 -9999 -9999 -9999 -9999 -9999 -9999 -9999 -9999 -9999 -9999 -9999 -9999 -9999 -9999 -9999 0.966615656172539 0.966737188414026 0.954356703551016 0.964116807924117 0.95893628097873 0.940243642002646 0.983559990026269 0.988378089931754 0.95164469510103 0.948025742331122 0.952134016675981 0.963134432699221 0.950584739382324 0.962515005329907 0.96266815758217 0.96603145433522 0.971341426025008 0.967517167933255 0.947700125842784 0.963225431409 0.978771017102598 0.960058474988602 0.961400944531673 0.967916530511625 0.963274423609415 0.960662946880895 0.96010970458532 0.962949813088143 0.959695301679853
-9999 -9999 -9999 -9999 -9999 -9999 -9999 -9999 -9999 -9999 -9999 -9999 -9999 -9999 -9999 -9999 -9999 0.966565682668516 0.967976779804948 0.969234197783706 0.969608111592462 0.972779121507169 0.988369819626993 0.954717339665573 0.965456544124173 0.967435041996913 0.948039702027346 0.954839676925508 0.962512049941722 0.963450292977064 0.948220222811447 0.963464021553086 0.969198104790623 0.966248237219456 0.963448934841598 0.963249347872488 0.968815998187736 0.969734006903809 0.960158479111002 0.960099319326238 0.96520619498317 0.961823500695554 0.951184951437004 0.96252283959168 0.963610128513995
-9999 -9999 -9999 -9999 -9999 -9999 -9999 -9999 -9999 -9999 -9999 -9999 -9999 -9999 -9999 -9999 0.967656255260497 0.957233552529867 0.963422230428429 0.966082856877172 0.967227166148101 0.954591595008375 0.988346222916429 0.964453374298103 0.960367059583961 0.971595332214247 0.969341658234705 0.962850235033266 0.962350227106198 0.967489087554151 0.953716018887022 0.962651475662565 0.963581877385484 0.953822349171573 0.964733977979718 0.966087338301862 0.967022009109414 0.966693652141011 0.969520790454244 0.97542206466381 0.964952266795013 0.965121824790735 0.974519118045002 0.974332421140062 0.96236618117158
-9999 -9999 -9999 -9999 -9999 -9999 -9999 -9999 -9999 -9999 -9999 -9999 -9999 -9999 -9999 -9999 0.967454378286121 0.972916617252475 0.962956675384335 0.962881667513413 0.97588829853467 0.976422868592352 0.976425183004123 0.983498300649264 0.962185253636264 0.946961207026163 0.947268829461722 0.947577795270719 0.971161689333897 0.970288233833815 0.962515965206135 0.947505136731661 0.950597551531934 0.963693527290152 0.952677899507061 0.963629396178863 0.947474435863475 0.961858367722837 0.96803769263723 0.96681449546386 0.958940425100289 0.947924929093401 0.959455744625988 0.942713122821184 0.959139505657967
-9999 -9999 -9999 -9999 -9999 -9999 -9999 -9999 -9999 -9999 -9999 -9999 -9999 -9999 -9999 0.953771438479653 0.960068563806776 0.965553730565889 0.973340035950014 0.965992474763766 0.95828291060546 0.960903679575664 0.945940623177653 0.988274086136006 0.962459228111425 0.972748317163826 0.972362094328456 0.971886277811741 0.971616193629152 0.962079430503009 0.965582171085858 0.948421596605256 0.962633147462561 0.957475815758729 0.962800961836728 0.951926299658159 0.96184574301859 0.96588518674258 0.967134556464578 0.976436130423346 0.976252351839199 0.960562351732024 0.94378482954148 0.959818390117407 0.962040075839405
-9999 -9999 -9999 -9999 -9999 -9999 -9999 -9999 -9999 -9999 -9999 -9999 -9999 -9999 -9999 0.96563648046954 0.970548154994578 0.951632382016915 0.972623656987742 0.965210350628266 0.970199578751595 0.960079300764575 0.965451708493475 0.988267450945253 0.962469036976964 0.945940367151323 0.96197697484326 0.950341077736575 0.961267652561103 0.962177671683337 0.955148852075977 0.963090465663123 0.963205484117177 0.96605027014379 0.971548329947586 0.962404324853602 0.962291605236358 0.961693111011893 0.945795994716918 0.964221578374155 0.968500387533697 0.966015063570108 0.95973125958973 0.952591466053875 0.963903877453273
-9999 -9999 -9999 -9999 -9999 -9999 -9999 -9999 -9999 -9999 -9999 -9999 -9999 -9999 -9999 0.965480239195782 0.971276136636073 0.962370772169237 0.949280365132179 0.955917362802345 0.960936805707093 0.944301289561578 0.963705682180976 0.962677885224468 0.983553968116723 0.947254590134795 0.956335711124226 0.962699743649849 0.946947875994077 0.972759360600388 0.969917987314021 0.96854765019466 0.965477837419522 0.968643649032501 0.963060105091098 0.967192226505194 0.953972250846293 0.951901047257879 0.962970051404721 0.963229530290229 0.967056395998375 0.964744521556624 0.967706166754112 0.976246219198805 0.966421491999777
