Archive - glowpa-model-master/Model input/Uganda/survival/Lsurvival/Lsurvival_restime_1dec.asc
NCOLS 67 
NROWS 67 
XLLCORNER 29.500000001 
YLLCORNER -1.499999999 
CELLSIZE 0.0833333332985075 
NODATA_value -9999 
[rows 40 to 59 of 67, columns 0 to 44 of 67]
0.953325061925094 0.965101061972078 0.982744103463412 0.982889973022991 0.962493073233361 0.973756123630059 0.964445407996627 0.966543892266652 0.953882021903836 0.966990282061066 0.966323526630397 0.968668555470913 0.953620987682826 0.971210433215147 0.967081762807716 0.974502466907706 0.972833753391125 0.963863102383534 0.966576415461764 0.966407529388651 0.966123697369008 0.955853349390242 0.965932338312968 0.965613278109382 0.96463866332482 0.963819058939947 0.965803072320156 0.967423858704574 0.964311905710438 0.961090195694576 0.965724188571627 0.963399503222881 0.976076466398878 0.955522640771902 0.965619627176712 0.97062974060815 0.964029606711838 0.949680916689998 0.964286033933727 0.961798891771518 0.9629494472606 0.964229883524253 0.98751568142623 0.968393925428157 0.959232052534773
0.967295096808834 0.957804225784368 0.982795492043594 0.972267239695075 0.972019884623698 0.972780626536471 0.954018415618602 0.966850338108244 0.968087605957028 0.972145618858185 0.96232480410743 0.967436265129104 0.953969608845998 0.96769143768108 0.957231032557886 0.97253791536456 0.966652242206205 0.960623382166028 0.962364586717195 0.972057122556042 0.969777506192956 0.968804693621833 0.966012432679472 0.968652113395415 0.953432347398359 0.965619735161819 0.96073165648065 0.96344966933889 0.947861266476355 0.963196902988846 0.965372036493354 0.957108180510519 0.975529952705505 0.964054402188372 0.964543474619929 0.964655317191499 0.953113989958304 0.963898336232193 0.960362520613463 0.966805178853843 0.973261723759627 0.969310217980867 0.987516051392331 0.965992219276603 0.970277437872534
0.963601504794131 0.952058978807205 0.982706967450237 0.951254790375018 0.971754765485748 0.971424427572731 0.952447338864539 0.969408096470271 0.971227440391758 0.967394989732794 0.968050019465906 0.974240685317904 0.968943669494586 0.966195224271879 0.966860508165279 0.966436089757848 0.957245831293634 0.968291426433021 0.955624190322332 0.965519167424036 0.950998993166578 0.967025903468904 0.967339312718232 0.957904851044084 0.963313876388739 0.971161753753078 0.965123500743105 0.953465621747586 0.9634459714569 0.964224376633181 0.953829266305649 0.964360052955012 0.975263092420063 0.972409016056392 0.96840826812217 0.964189319933862 0.963918979463292 0.963662085867215 0.971055022539078 0.964095137676864 0.971537428139129 0.968489550132605 0.987516243828749 0.987432901167221 0.964899791424048
0.981901616397538 0.974782452398782 0.965382575463815 0.955529124244497 0.969055300043785 0.968211489343541 0.964630198794363 0.955221310105256 0.959149020937956 0.967488760171092 0.969025554567585 0.973473394296878 0.973698735815806 0.964270830328694 0.949490275144791 0.950348594152356 0.964487677867021 0.948683054396822 0.94836394129786 0.964077727217409 0.963144952614812 0.967555253786855 0.95965720080703 0.962540913551126 0.948416091468631 0.9589210774471 0.947518714556411 0.962390505056309 0.96934678063455 0.973449355157468 0.964286735416611 0.961149091450097 0.972092807836682 0.963278867687866 0.956122510887834 0.967673318948444 0.962715390167444 0.954676425898972 0.962734532719215 0.962688246383259 0.969907582935527 0.965942989650597 0.959083207458509 0.987001773009076 0.964031658380255
0.982011535077957 0.97320563139512 0.97267252348678 0.971108484970518 0.97025595424804 0.954868464308045 0.948298918728046 0.953212012862947 0.956410925010668 0.972368417415165 0.971598418560552 0.965684560667935 0.974457873010423 0.968084684532865 0.967999827284461 0.951328490363892 0.964419219308581 0.952412048064397 0.953697015013773 0.967427056754835 0.965782833200617 0.972649313231044 0.950174190030019 0.954900244733137 0.960727018440081 0.966130758743681 0.963992808833347 0.975598977766671 0.95854776301304 0.962536231344091 0.962682622310042 0.946916224254562 0.966527873166897 0.958440162658384 0.968971779978349 0.963202802898458 0.949712238187677 0.966594106393411 0.963360174867011 0.964944495567502 0.968561359102435 0.964087736407327 0.981603287263668 0.981603287263668 0.981603194171998
0.981980791269072 0.970065087651326 0.969316170670107 0.968626932310926 0.971930918768517 0.954488807611588 0.968322040462759 0.969897888707474 0.954362951816816 0.973514818768336 0.972135339971973 0.950686111618602 0.974625163470536 0.965830058916295 0.958438503953533 0.964865661092353 0.970222652174977 0.964647868945846 0.964309712139225 0.970588603200942 0.955699921164929 0.973341707771692 0.963933547526918 0.973267107145683 0.965019924272775 0.964211181783817 0.964836612062656 0.965553485346465 0.97327329634501 0.97327329634501 0.953239081112651 0.96230758222832 0.963997507378771 0.963736459774723 0.962089660115932 0.953539654395199 0.964559307450227 0.986991751032756 0.981592094689174 0.961076170661543 0.964107971585209 0.960951210010381 0.986912800797665 0.986912800797665 0.981603117629965
0.973203626592533 0.974434465343261 0.967054871651731 0.955282721934903 0.96170376713253 0.966768660041493 0.957179442546024 0.969782347132315 0.980292506566342 0.975769408032218 0.972820203094431 0.965555234921794 0.96440146170611 0.971774544997873 0.972269780194458 0.973025107236411 0.975643386351017 0.975885381665529 0.976773466412639 0.977608936752902 0.977766030245517 0.979710015984669 0.971714996794555 0.966246594819077 0.952060509738803 0.952422172345694 0.965934574874115 0.964276800487284 0.963565884624726 0.951451077768263 0.962152751362699 0.962485096286033 0.96226472118157 0.965301793768838 0.981701185810181 0.987069110157432 0.981592018101394 0.986991754154746 0.986904788711721 0.986904788711721 0.986991754154746 0.981592018101394 0.986912706162513 0.986999619372724 0.986999620412762
0.965384874770484 0.98174691739417 0.970475313277384 0.968329229837028 0.968463352551838 0.963660915123047 0.980422948991007 0.980422948991007 0.980422948991007 0.980422948991007 0.970130940667618 0.978665718079866 0.976256251786797 0.976171940783405 0.963562326847312 0.963404558962976 0.972040182750718 0.966840605907916 0.973318370253998 0.966877740812769 0.96269439207909 0.965948350647665 0.968583680431714 0.972147847381112 0.968554613741692 0.966191756942644 0.964578498641411 0.964514990325113 0.949523250901139 0.962858566320545 0.962150403008191 0.965216323985058 0.981701130250149 0.981701130250149 0.986982590181064 0.981701130250149 0.986991755195409 0.986991755195409 0.986904720033996 0.986991755195409 0.986991755195409 0.986904720033996 0.986912637526035 0.981603022469607 0.986999622492839
0.968788822578784 0.981736830571884 0.981686780762677 0.981564524020512 0.974665528114811 0.965492978782886 0.980292341476536 0.972334822364325 0.980292341476536 0.972334822364325 0.964943966266635 0.970258522285403 0.963883925002683 0.972123388622391 0.964894261744688 0.971274145672947 0.96904857268049 0.949352849574551 0.973102981825445 0.964094249557037 0.972525782003309 0.954651091429557 0.965920451294481 0.965402411136968 0.980826476237853 0.981306256974343 0.981370931917211 0.981449754670495 0.974084785807018 0.965369434150983 0.987069113260978 0.981701091152351 0.986982549838499 0.987069113260978 0.987069113260978 0.981701091152351 0.986904679451706 0.986904679451706 0.986904679451706 0.986904679451706 0.986904679451706 0.986904679451706 0.986912596968119 0.986912596968119 0.986999622492839
0.981154069123606 0.981154069123606 0.981154069123606 0.981154069123606 0.981154069123606 0.959937786050099 0.959934229199384 0.962018117781277 0.971263388381101 0.979661498110132 0.952961544507686 0.963383645601739 0.957119400114468 0.963073798851743 0.972644715012129 0.969425783601264 0.961970118651122 0.9525834236849 0.971778267416344 0.971036091446033 0.963413618930169 0.958691483062083 0.949496682454136 0.950374353450033 0.962048411708631 0.963005798238176 0.956842374401558 0.947359265887873 0.986504563409693 0.986504563409693 0.981001777683298 0.986483681486186 0.986573553533482 0.986573553533482 0.986573553533482 0.986483681486186 0.986578816182424 0.986668059948589 0.986668059948589 0.986668059948589 0.986668059948589 0.986578816182424 0.981035748411461 0.986597629511801 0.986597629511801
0.973363868128317 0.981154069123606 0.98102829054325 0.981154069123606 0.98102829054325 0.960400187305021 0.971711818158809 0.979560836920376 0.979661498110132 0.962032267890489 0.963988619830491 0.963046301790777 0.968944126021827 0.962762792886746 0.972420224422402 0.968294864560009 0.96163959773642 0.964310092443565 0.961725473478018 0.970738114277215 0.963376364380547 0.970123790865619 0.963478744824909 0.949879847335188 0.972513769744453 0.960489688046838 0.969168395416103 0.959996147367304 0.981031047066383 0.986504577347594 0.986483695445506 0.986483695445506 0.986483695445506 0.986483695445506 0.986483695445506 0.981001777683298 0.986668059948589 0.981135126355873 0.986668059948589 0.986668059948589 0.986578830044161 0.981135145443144 0.986597629511801 0.981035767598307 0.986507931450873
0.981028349459589 0.973363924336055 0.981028349459589 0.981028349459589 0.981028349459589 0.9810303905806 0.96064977290074 0.96086534167929 0.9621451169356 0.95478896660336 0.962443336260407 0.953197066117669 0.963811421960409 0.948603089016818 0.971581488268494 0.96001211625258 0.953410805920447 0.961383080403804 0.950661476081724 0.96816396200267 0.963747674881356 0.966780601044292 0.949865607737608 0.964467397331617 0.97219845807656 0.943361227892847 0.967140709028024 0.960295587743766 0.9865046191613 0.981031106773449 0.986573551385699 0.986483737323467 0.986483737323467 0.986573551385699 0.986573551385699 0.986573551385699 0.986578871629374 0.986578871629374 0.986578871629374 0.981135185738496 0.986578871629374 0.986578871629374 0.986597629511801 0.986597627367843 0.981035808103872
0.981028449164171 0.981154064590999 0.973364005275202 0.973364005275202 0.981028449164171 0.964152144776451 0.957171285939174 0.971697598252808 0.95073042722367 0.960348467093043 0.950324094637997 0.94332620733665 0.963514456518012 0.953931404282516 0.967794571673994 0.952670851412206 0.962028762445928 0.945552203120744 0.962130491396566 0.964041956744915 0.964354324906808 0.96421862533827 0.963756393494717 0.968733839631695 0.970939536059498 0.949639305697356 0.963778164558696 0.944545821750007 0.962632358708302 0.94953986192756 0.981001895144248 0.981001837481598 0.981001895144248 0.986573550311807 0.986483808193867 0.986483808193867 0.981135243000315 0.986578942004352 0.986668056749437 0.986578942004352 0.986578942004352 0.986578942004352 0.981035865664414 0.986508043998451 0.981035865664414
0.973364115442385 0.981154061191544 0.973364115442385 0.973364115442385 0.981028585124981 0.957012359735686 0.945410495880051 0.971433410381381 0.970634551210643 0.96500586635943 0.966637989303328 0.966061911730603 0.948100498774338 0.951556157636768 0.961991095208613 0.961904967888638 0.946275687045498 0.963095816273418 0.963008512810172 0.963503390571516 0.952608086394474 0.947605799284902 0.949400720706886 0.963233616320979 0.967541505069345 0.961490531309975 0.960658651185869 0.961286101272582 0.965890344275047 0.96878541179104 0.986573550311807 0.986483905909124 0.986483905909124 0.986573547090132 0.986573547090132 0.986483905909124 0.981135243000315 0.986668056749437 0.986579039036528 0.986579039036528 0.98113532147022 0.986668053550286 0.986597623079926 0.981035944543682 0.986508141539696
0.981154056658937 0.973364250340994 0.981154056658937 0.973364250340994 0.958945250565275 0.953723991035452 0.963597828199953 0.954485715547528 0.964447089345302 0.966278828177867 0.956330755123386 0.968268268237727 0.963501501087853 0.96262074239917 0.963088538203415 0.951927493119054 0.962792987447408 0.965663001470939 0.951883901423249 0.972232965563502 0.968096100027235 0.965634979995405 0.963738936296433 0.949431356901448 0.963662050931949 0.959099865353998 0.957169719370427 0.986504914001582 0.981031243246756 0.986594291121983 0.986573547090132 0.986484032616833 0.98100197416344 0.981002070267871 0.986573547090132 0.98100197416344 0.986579164858485 0.986579164858485 0.9811354169066 0.986579164858485 0.986579164858485 0.9811354169066 0.986597620935968 0.986508268021764 0.981036040477935
0.980595034333114 0.980595034333114 0.975858970218435 0.945588275697186 0.959795697782065 0.963719908160379 0.949771573283971 0.964352220045929 0.964423655647423 0.970844748143082 0.9504176859552 0.969092749553366 0.965862549694934 0.947216869201364 0.962063281175626 0.962792687576527 0.95428840389902 0.9688023807016 0.960782379746639 0.971406787815209 0.960177063920481 0.963255925385315 0.960411581632301 0.960432615224952 0.942868412109407 0.954840962129247 0.945422373738567 0.98046403895285 0.986192185324212 0.98046403895285 0.980345563225942 0.986108204805246 0.986015773220251 0.986015773220251 0.986015773220251 0.980345684705198 0.986017823272077 0.98021819399469 0.986017823272077 0.986017823272077 0.98021819399469 0.986017823272077 0.980143847337246 0.980143847337246 0.985965117303545
0.980595028500962 0.980595028500962 0.975818847406203 0.975350287528658 0.963001983468105 0.95882223672168 0.96414059586581 0.963725325221696 0.952949076527926 0.971505832945844 0.964298437529391 0.974876693720659 0.974588780020005 0.974823190158242 0.975013350295438 0.965303211010498 0.976751918827958 0.971104070547482 0.977013879515846 0.967753577126355 0.977349800081602 0.950990898751997 0.968260590720164 0.946930879262487 0.957803043623087 0.9461617316968 0.986192185324212 0.986100500703137 0.986100500703137 0.986100500703137 0.98601596315754 0.98601596315754 0.980345826062896 0.980345826062896 0.986108197029307 0.986108201472701 0.98021819399469 0.985924989159542 0.985924989159542 0.986017818799981 0.986017823272077 0.986017818799981 0.985871935764847 0.980143990131848 0.980143990131848
0.961924459229224 0.97293665437739 0.966530073022212 0.975416636602672 0.963957013406511 0.965604060992129 0.963567391102487 0.96965483909292 0.96291873040267 0.972038292220757 0.96303106515788 0.963736190766564 0.961908472990932 0.962396395621865 0.965967472580711 0.967258696657056 0.97659866306703 0.97659866306703 0.977014239942359 0.977014239942359 0.977200440840834 0.968260820798867 0.977377352619966 0.960564723753808 0.965943243737827 0.942981599007747 0.986192180907493 0.986192176490774 0.98046446049522 0.98046446049522 0.986108192585913 0.980345987299046 0.986108192585913 0.986108192585913 0.980345987299046 0.980345826062896 0.985925210507491 0.986017818799981 0.985925210507491 0.985925210507491 0.98021849853149 0.985925210507491 0.985872157941138 0.985965112814712 0.980144153006966
0.945506745460766 0.97259858477636 0.964921833850771 0.975289820100736 0.963616007599946 0.950760797444173 0.971051261928666 0.969983876677969 0.964201603679256 0.96236740690492 0.966487544864269 0.963512651258674 0.961319582159471 0.94590951532891 0.961391413258345 0.962602909718885 0.967174208243277 0.976599074592551 0.959652272511937 0.943115937699389 0.951636792269392 0.959377163864264 0.968329346620666 0.93659921602338 0.96690388207679 0.967331383910146 0.986192176490774 0.986100964415652 0.980464640528995 0.986100964415652 0.980346168413656 0.986108187031671 0.980346168413656 0.980346168413656 0.980345987299046 0.986016429670338 0.985925458685554 0.985925458685554 0.980218680809035 0.986017814327885 0.986017808737765 0.986017808737765 0.98014433596261 0.985872407047949 0.985965108325878
0.961294088123607 0.972464585473899 0.9630063272557 0.949213646345585 0.964812409739951 0.972935476831295 0.971361637021854 0.964390974834089 0.963642754338239 0.949887170657145 0.964738293304657 0.962888244656838 0.964734140226265 0.96124058029582 0.961430728076708 0.96471992690764 0.964199558923867 0.960986985700815 0.960734674381789 0.946768507200578 0.964675712332924 0.960698870495355 0.9420671186976 0.97746568342797 0.977501576764357 0.977544417320287 0.980464840322614 0.986192165448976 0.980464640528995 0.98610124043511 0.986016707356631 0.986016707356631 0.986016707356631 0.986016707356631 0.986016707356631 0.980346369406739 0.986017803147644 0.985925738165429 0.985925738165429 0.986017808737765 0.986017803147644 0.985925738165429 0.985965097103794 0.980144538998791 0.980144538998791
