Archive - glowpa-model-master/Model input/Uganda/survival/Lsurvival/Lsurvival_restime_1jan.asc
NCOLS 67 
NROWS 67 
XLLCORNER 29.500000001 
YLLCORNER -1.499999999 
CELLSIZE 0.0833333332985075 
NODATA_value -9999 
[rows 40 to 59 of 67, columns 0 to 44 of 67]
0.951451901923002 0.963697483193045 0.981683648530926 0.981846584848781 0.960805534185502 0.971988902173065 0.962882985381265 0.96518743936441 0.952465365120861 0.966347773234751 0.965583887977947 0.967898806867269 0.953852526269182 0.971235859173531 0.967233457520173 0.973966274008414 0.971760157360163 0.962117447108395 0.966587942671062 0.966351083720294 0.965970300353767 0.955488809215236 0.965805690221449 0.962390250004147 0.96125420030708 0.964529891674636 0.966197104516188 0.96867612959012 0.96564653508929 0.963383901223306 0.968156973861478 0.965915788769717 0.977591175659799 0.956914107470599 0.966702921919651 0.971958921915643 0.967584574548061 0.955072430729701 0.968058675311257 0.965803319910604 0.966850515034773 0.968045048611708 0.989203344212009 0.97214695235206 0.963959790987568
0.96600026976 0.956131840642511 0.981725031550885 0.970257851892682 0.969969561964864 0.970908823804992 0.952364187538827 0.965544029631578 0.96721257016947 0.97138429248877 0.961294428227254 0.966459845450195 0.954079700579025 0.967677422572129 0.956794963616053 0.971615803771684 0.966164439432548 0.958726078414165 0.961792486712961 0.971672287980209 0.969352600067419 0.968469507991118 0.96592786614786 0.965623707049753 0.948807165778268 0.963724493132687 0.961015594736017 0.965549883986384 0.95108430016017 0.965302119608446 0.967878544096852 0.960049925440385 0.977081970550779 0.965018563442306 0.965635538690034 0.965823904396241 0.957035123691271 0.967793084967845 0.964498187016113 0.970377199546347 0.976083544441621 0.972460445839647 0.989202736873681 0.96995248582889 0.973727146198744
0.962212897162963 0.950218415915971 0.981633187706688 0.948831939505826 0.969654316169433 0.969335590597554 0.950635407217382 0.968150947226566 0.970124773357492 0.966425264430108 0.967093942603801 0.973501860768783 0.96885510456615 0.966067963834819 0.965998037458598 0.965188911130577 0.955336190705933 0.967125770211548 0.954809891003537 0.965189342990723 0.950665868601927 0.964970885133484 0.96520546315047 0.953856900837077 0.959642227944902 0.969650430367738 0.965941158283874 0.954169086853236 0.962909322873431 0.960956828786442 0.956786148393895 0.967042058832147 0.976890122324671 0.974042057837444 0.9695875354422 0.965367333487088 0.966949695072645 0.967573067414003 0.974063535768804 0.967949197248766 0.974579827193587 0.971719521724078 0.989202111039695 0.989129251694406 0.968946168582737
0.981392117068622 0.974089809054013 0.965164020745382 0.954757884584179 0.967281531448241 0.966362815574696 0.964736136726965 0.95536952627319 0.95961010947582 0.968250567330991 0.969719840534359 0.974044878007733 0.974702690092649 0.9632052676157 0.947995922360732 0.943607929306903 0.964595676719779 0.948425617133255 0.950441918380476 0.96259718327902 0.9606227843571 0.966459544551242 0.957549786757426 0.960186164057817 0.94637986467318 0.958154383989509 0.945538079918816 0.961458448578691 0.969797719237608 0.973871606371284 0.966144191632026 0.965845400178498 0.9753747777779 0.967744335180142 0.961039983464893 0.971275159118037 0.967626028435252 0.960533239084793 0.96782773094223 0.967801708320943 0.974002185748349 0.970463628432349 0.964707064420939 0.988963655688654 0.968494499698466
0.981500114908186 0.972649231486268 0.972059327112726 0.970347181718122 0.96674052585049 0.950840287624965 0.948257424873352 0.953445557631892 0.956037225376839 0.972738177938384 0.971665958019958 0.965004537036509 0.97508708917528 0.966965993692689 0.963372786840864 0.945066435324131 0.960271346977312 0.949243095491753 0.952597494306959 0.966163307961386 0.964124286852574 0.971258856442016 0.949425107078881 0.953777382415468 0.95967708799919 0.965154197106682 0.963060523068244 0.975471190711389 0.958292889155783 0.963128726000114 0.965964526104075 0.953086990166563 0.970555143505296 0.963231656840718 0.972513524087479 0.967571900220767 0.955977222499467 0.970880057473251 0.968202488562639 0.969664593398662 0.972823210248262 0.968872466333427 0.984372962638907 0.984372962638907 0.984372882952565
0.981459760181213 0.969482596522772 0.968602780576458 0.967762486598848 0.968530809794571 0.951792727647313 0.967633410681039 0.969318682421915 0.954018099063254 0.973619586418165 0.972026221294767 0.947386155956609 0.975170813632605 0.960661594786838 0.952432366095967 0.960348012878753 0.967367724442637 0.961648425493027 0.962988658305056 0.969560080477995 0.954335641365096 0.972075043013152 0.962411374103767 0.972151060874116 0.965056284460458 0.963039862560565 0.964626942317198 0.965374031725987 0.973698308279945 0.973698308279945 0.958675832324146 0.966725622055391 0.968307786680153 0.968086364084937 0.966550240140108 0.958623423847713 0.968882991543816 0.988924067638097 0.984320113567753 0.966360365806952 0.969043160146182 0.966309880849896 0.988887640582235 0.988887640582235 0.984372817432689
0.973020951617091 0.973680131840896 0.966567013826496 0.954038356239225 0.958065242267197 0.965742996151779 0.956953532497807 0.969166248483386 0.979397195233037 0.975564167069268 0.972343396941119 0.963236877390362 0.965060381982523 0.967466859763964 0.968108932386108 0.969037522858224 0.973474114022701 0.973770856461723 0.975438428565399 0.97629967577387 0.976519705612928 0.978479000331711 0.970063856730262 0.965933008250899 0.953140609214704 0.953428021544091 0.965787327736133 0.963584011266122 0.964122818842678 0.955915360508368 0.966594421931236 0.966897883643928 0.966705484574671 0.969376482438364 0.98413752740273 0.988794837025077 0.984320047828397 0.988924070315672 0.988849949795297 0.988849949795297 0.988924070315672 0.984320047828397 0.988887560530423 0.988961432429584 0.988961433319115
0.965181473127124 0.981169741014068 0.969918845671855 0.967717875444497 0.967600067002839 0.961096865809354 0.979533501855878 0.979533501855878 0.979533501855878 0.979533501855878 0.969531288827082 0.978257603336712 0.976351189753944 0.976302003596716 0.963123416621499 0.96348796371541 0.97149325139259 0.96578276642849 0.972187420700174 0.965000461404898 0.961277804161041 0.965957621165916 0.968295367543497 0.970587976782916 0.969169471003654 0.966067493500761 0.964486862942937 0.963643891659979 0.950000302609089 0.966336640844074 0.966571225208934 0.96930402338917 0.98413747887687 0.98413747887687 0.988719797929989 0.98413747887687 0.988924071208197 0.988924071208197 0.98884989178553 0.988924071208197 0.988924071208197 0.98884989178553 0.988887502715231 0.984372737746359 0.988961434208646
0.968586286796804 0.981146820305631 0.981076633763745 0.980950343277712 0.972960189244633 0.964040736540952 0.979397023230471 0.971083356819209 0.979397023230471 0.971083356819209 0.964552351396282 0.968116721540902 0.962686179290986 0.971750506348201 0.9654967847568 0.971809248881226 0.968899836577944 0.945999638254558 0.972007422593038 0.962217149026025 0.971528651181694 0.95344339490539 0.965321890175971 0.964125246187083 0.980177957854466 0.980848387797595 0.980931838175083 0.981024902537911 0.973582447755622 0.968566844183618 0.988794838830836 0.984137446526299 0.988719761817543 0.988794838830836 0.988794838830836 0.984137446526299 0.988849856087214 0.988849856087214 0.988849856087214 0.988849856087214 0.988849856087214 0.988849856087214 0.988887467136652 0.988887467136652 0.988961434208646
0.981181119782695 0.981181119782695 0.981181119782695 0.981181119782695 0.981181119782695 0.960475231327109 0.961113097630038 0.959310481835069 0.97113598983124 0.979570937305712 0.951797005577789 0.962118416161455 0.958463162187317 0.965253368314841 0.974450658610441 0.971510852080757 0.964598300268407 0.954442247959191 0.971973084771089 0.971375862772684 0.963401500790044 0.959251949411176 0.950347019576439 0.95136015762466 0.964411950139148 0.968409034449219 0.962975874190082 0.954976657949792 0.988659551917331 0.988659551917331 0.984214261373426 0.988774513164645 0.98884923943487 0.98884923943487 0.98884923943487 0.988774513164645 0.988715357181365 0.988790475007153 0.988790475007153 0.988790475007153 0.988790475007153 0.988715357181365 0.983858195195182 0.988597114367985 0.988597114367985
0.973401948716019 0.981181119782695 0.981055519859889 0.981181119782695 0.981055519859889 0.958985886036544 0.971590305576619 0.979463299266751 0.979570937305712 0.962890819322434 0.962665634090937 0.962752290305687 0.970096616595398 0.965176347146889 0.97425403208045 0.970505260045393 0.964270993125734 0.966233471518563 0.960992902687928 0.971160303592835 0.963384780520005 0.970577671320029 0.963797517807958 0.951507007919929 0.974188095876143 0.966246665260382 0.973566312131918 0.965691481433118 0.984052976079092 0.988659563716149 0.988774524844535 0.988774524844535 0.988774524844535 0.988774524844535 0.988774524844535 0.984214261373426 0.988790475007153 0.984131267315382 0.988790475007153 0.988790475007153 0.988715368922454 0.984131283496901 0.988597114367985 0.983858211652866 0.988520720263026
0.981055579779683 0.97340200376448 0.981055579779683 0.981055579779683 0.981055579779683 0.980062324469848 0.960064416411484 0.961536196087474 0.96277335238919 0.953922938067764 0.961346403042204 0.952701833460925 0.96613528701756 0.952195956529401 0.973504812340037 0.962782325970711 0.956723494448416 0.964165833554551 0.953241029105193 0.968585556763193 0.964327714317523 0.967437985483075 0.951080933136102 0.965728830140378 0.973784026722024 0.951244147726874 0.971817934792827 0.965949270306788 0.988659600020206 0.984053024861208 0.988849238536349 0.988774560782661 0.988774560782661 0.988849238536349 0.988849238536349 0.988849238536349 0.988715405048883 0.988715405048883 0.988715405048883 0.984131315859941 0.988715405048883 0.988715405048883 0.988597114367985 0.988597113449265 0.983858244568234
0.981055677426762 0.981181115343624 0.973402083034268 0.973402083034268 0.981055677426762 0.963794911206123 0.957227190725674 0.97235960510722 0.950011918471636 0.957995341524623 0.94930492969903 0.942701014424256 0.965855754676927 0.956939302439139 0.970039949930249 0.956149529570186 0.964806855036516 0.949616789205335 0.964581725794581 0.96520480684043 0.964967330246638 0.965150190391703 0.964806416376884 0.969285897796248 0.972391970999388 0.954775097614919 0.968943963141038 0.952331979826896 0.968066276286465 0.955619982885396 0.984214357958848 0.984214309666136 0.984214357958848 0.988849237637829 0.988774619182117 0.988774619182117 0.984131364404501 0.988715463754333 0.988790473200695 0.988715463754333 0.988715463754333 0.988715463754333 0.983858293941289 0.988520816721146 0.983858293941289
0.973402193131207 0.981181110904553 0.973402193131207 0.973402193131207 0.981055815020389 0.957516025756165 0.94756867211063 0.972133439138653 0.971354904625103 0.965602001835187 0.964966663529421 0.965452481905718 0.951581044410937 0.954933034779618 0.964735087487612 0.964786557126107 0.950331550047057 0.965148194411603 0.965825564581969 0.965914549941131 0.953987430671391 0.949068114145004 0.951071265504306 0.963640742485043 0.969509270367204 0.96500726291665 0.966311609668193 0.966930129390447 0.970914037890388 0.972851806226082 0.988849237637829 0.988774700042909 0.988774700042909 0.988849234942266 0.988849234942266 0.988774700042909 0.984131364404501 0.988790473200695 0.988715545038808 0.988715545038808 0.984131430928533 0.988790470491007 0.988597109774386 0.983858361600664 0.988520899399543
0.981181108685017 0.973402329651429 0.981181108685017 0.973402329651429 0.959484522697968 0.953552151934363 0.965007396229316 0.956064097191395 0.965080787513174 0.966072604618231 0.955129335294602 0.967893561677219 0.96557287262141 0.965295614996745 0.965135537510403 0.95452458296373 0.964836309445927 0.967590047490887 0.955483401789771 0.973793482947166 0.969564842557803 0.96761275056793 0.965648783645415 0.951153805119304 0.966116570651934 0.96216211916525 0.963417158451898 0.988659847795427 0.984053140492899 0.988735034560224 0.988849234942266 0.988774806060402 0.984214424137754 0.984214504625619 0.988849234942266 0.984214424137754 0.988715651611797 0.988715651611797 0.984131511836144 0.988715651611797 0.988715651611797 0.984131511836144 0.988597107936947 0.988521007800118 0.9838584438891
0.981312204256433 0.981312204256433 0.976819384565043 0.948258829933315 0.961427595471992 0.964949738708533 0.953299443679267 0.966798387101129 0.966796185020791 0.971405719160214 0.952865776016423 0.969845500926927 0.968622304195256 0.951466297515269 0.965350873180191 0.966314443310642 0.958012142941443 0.971478431204914 0.965509241709042 0.974301516498249 0.964052778112021 0.966870632836931 0.963993787441566 0.964545423791935 0.950144505892608 0.961741485771118 0.95483717908032 0.984112001010275 0.988776650785949 0.984112001010275 0.983909773675656 0.988633456018843 0.988557728919999 0.988557728919999 0.988557728919999 0.983909872110352 0.988420503561875 0.983609163391166 0.988420503561875 0.988420503561875 0.983609163391166 0.988420503561875 0.983314156469883 0.983314156469883 0.988211572954611
0.98131219764377 0.98131219764377 0.976776084291211 0.976371726643685 0.964423022253945 0.960537473979189 0.96719842429088 0.966792328410732 0.95637264590078 0.972300270870255 0.966187698456309 0.975896207047455 0.976439461575504 0.976653541774724 0.976842515727266 0.967869018409428 0.978519386040136 0.973552976496897 0.979505377606037 0.971233947347214 0.979802737556843 0.956383255741108 0.971726975048821 0.9537810544088 0.965167082363537 0.953950373855456 0.988776650785949 0.988702028685806 0.988702028685806 0.988702028685806 0.988557884595455 0.988557884595455 0.983909988773708 0.983909988773708 0.988633449608187 0.988633453271419 0.983609163391166 0.988343527486657 0.988343527486657 0.988420499830416 0.988420503561875 0.988420499830416 0.988133216342782 0.983314277415814 0.983314277415814
0.964150572336691 0.97331902460429 0.966825087664478 0.976442890256725 0.96520243953517 0.967266650534698 0.966802638954739 0.972091938911544 0.966128855256443 0.973006867466429 0.964740134850211 0.96603789310463 0.965249426145435 0.965639705811098 0.969179748914252 0.970399991328223 0.978377654672824 0.978377654672824 0.979505698067784 0.979505698067784 0.979669383407292 0.97172717788165 0.979858427017983 0.967034106171625 0.971192348146227 0.952906101264171 0.988776647168605 0.98877664355126 0.984112344837027 0.984112344837027 0.988633445944955 0.983910121842866 0.988633445944955 0.988633445944955 0.983910121842866 0.983909988773708 0.988343710313941 0.988420499830416 0.988343710313941 0.988343710313941 0.983609417751952 0.988343710313941 0.988133402448872 0.988211569156227 0.983314415369785
0.947309979516009 0.972929905792611 0.964294206318087 0.976336056595087 0.965136767386107 0.952997423524946 0.973433606939772 0.972417271530547 0.96686761094975 0.96411038645698 0.96887688058743 0.966019968927554 0.964765503612823 0.950748630276801 0.965043548751211 0.966173172173348 0.969658454371687 0.978378034264506 0.965625658687487 0.950155118507225 0.958088599829918 0.964857736675784 0.971810006504954 0.947107458852686 0.972215960918132 0.972637393310682 0.98877664355126 0.9887024057656 0.984112490648408 0.9887024057656 0.983910269494966 0.988633441365914 0.983910269494966 0.983910269494966 0.983910121842866 0.988558266458293 0.988343916461072 0.988343916461072 0.983609568140477 0.988420496098956 0.988420491434632 0.988420491434632 0.983314568442022 0.988133612293027 0.988211565357843
0.961933807136044 0.972800625094263 0.961081116015363 0.947948733846369 0.966350381452322 0.974126804978178 0.973692572535848 0.966440410967946 0.966554768396726 0.953809708904858 0.967242773821242 0.965068608861286 0.968010385242212 0.96471873167719 0.965381637429125 0.968540645425368 0.967953349937855 0.964896558406747 0.965896889113502 0.954077258374689 0.969496254934547 0.965815806570877 0.95140730671069 0.979976795002694 0.980412918394813 0.980475359788375 0.98411265446122 0.988776634507898 0.984112490648408 0.988702630928422 0.988558494477181 0.988558494477181 0.988558494477181 0.988558494477181 0.988558494477181 0.983910435375747 0.988420486770308 0.988344148726443 0.988344148726443 0.988420491434632 0.988420486770308 0.988344148726443 0.988211555861882 0.983314740412095 0.983314740412095
