Archive - glowpa-model-master/Model input/Uganda/survival/Lsurvival/Lsurvival_restime_1jun.asc
NCOLS 67 
NROWS 67 
XLLCORNER 29.500000001 
YLLCORNER -1.499999999 
CELLSIZE 0.0833333332985075 
NODATA_value -9999 
[rows 0 to 19 of 67, columns 0 to 44 of 67]
-9999.000000000000000 -9999 -9999 -9999 -9999 -9999 -9999 -9999 -9999 -9999 -9999 -9999 -9999 -9999 -9999 -9999 -9999 -9999 -9999 -9999 -9999 -9999 -9999 -9999 -9999 -9999 -9999 -9999 -9999 -9999 -9999 0.954698536559024 0.967744492995379 -9999 -9999 -9999 -9999 -9999 -9999 -9999 -9999 -9999 -9999 -9999 -9999
-9999 -9999 -9999 -9999 -9999 -9999 -9999 -9999 -9999 -9999 -9999 -9999 -9999 -9999 -9999 -9999 -9999 -9999 -9999 -9999 -9999 -9999 -9999 -9999 -9999 -9999 -9999 -9999 -9999 0.967906291723362 0.956370758344549 0.966239809268436 0.958171324446245 0.952347971765344 0.952723219473799 0.966007236743125 0.967975659641271 0.954497820836437 0.966051398363226 0.966770668155546 -9999 -9999 -9999 -9999 -9999
-9999 -9999 -9999 -9999 -9999 -9999 -9999 -9999 -9999 -9999 -9999 -9999 -9999 -9999 -9999 -9999 -9999 -9999 -9999 -9999 -9999 -9999 -9999 -9999 -9999 -9999 -9999 -9999 -9999 0.972582850302407 0.965589355340691 0.971010231029862 0.967627098288177 0.976668135641788 0.965608122257497 0.966240986610725 0.975531315615227 0.974718191105959 0.972517760217068 0.970642418793772 0.966207714106863 0.954876654262542 0.96846094577455 -9999 -9999
-9999 -9999 -9999 -9999 -9999 -9999 -9999 -9999 -9999 -9999 -9999 -9999 -9999 -9999 -9999 -9999 -9999 -9999 -9999 -9999 -9999 -9999 -9999 -9999 -9999 0.968176271850164 -9999 -9999 -9999 0.962022377784135 0.965142926291747 0.96833379599553 0.965572359799347 0.951853440338099 0.966965485492327 0.968744562964447 0.966771049442301 0.967251308047399 0.9589256748662 0.968486990273594 0.967916833859037 0.956168256873771 0.971498022768292 -9999 -9999
-9999 -9999 -9999 -9999 -9999 -9999 -9999 -9999 -9999 -9999 -9999 -9999 -9999 -9999 -9999 -9999 -9999 -9999 -9999 -9999 -9999 -9999 0.968432109434861 -9999 -9999 0.958110610364337 -9999 -9999 -9999 0.988792855254602 0.984426680981401 0.984191855899005 0.971414272445171 0.970240830001312 0.96787131900089 0.95241726457867 0.967478008030497 0.959897068878495 0.970078480181846 0.967857415627726 0.960496613537369 0.967914434070463 0.972808598079756 0.966170645628038 -9999
-9999 -9999 -9999 -9999 -9999 -9999 -9999 -9999 -9999 -9999 -9999 -9999 -9999 -9999 -9999 -9999 -9999 -9999 -9999 -9999 -9999 0.958817374085061 0.972000801484337 0.970486652283493 0.971323526583692 0.953526213215202 0.989835950358941 0.989882757522796 0.985761187910505 0.989933612862521 0.965045630239375 0.984230782661285 0.978098212683166 0.977826365495038 0.968096032633137 0.963353024555438 0.97333840119273 0.96977405767605 0.95534280237156 0.968077221422084 0.954414882879442 0.973329124626621 0.97362959768896 0.96630045450029 -9999
-9999 -9999 -9999 -9999 -9999 -9999 -9999 -9999 -9999 -9999 -9999 -9999 -9999 -9999 -9999 -9999 -9999 -9999 -9999 0.968974083462877 0.975426686942848 0.975967041995862 0.977305831015629 0.977906896445036 0.962395908276522 0.965988937126797 0.989882776933408 0.98983502460132 0.989886098588674 0.989933630538134 0.971825773206259 0.965679689807331 0.977328912438057 0.958056269040325 0.968693430095044 0.975710722909986 0.975384913973212 0.973530936863875 0.968125182029738 0.970198516808451 0.971469337629946 0.974189286503315 0.976127068339507 0.951793121145722 -9999
-9999 -9999 -9999 -9999 -9999 -9999 -9999 -9999 -9999 -9999 -9999 -9999 -9999 -9999 -9999 -9999 -9999 0.972425696040274 0.972387032708874 0.963170600252882 0.968278506766898 0.957848641592852 0.957903460074793 0.977560608974846 0.945115511673297 0.973024181312681 0.98538453173022 0.954294626212689 0.971633572379295 0.972594135513117 0.978053302123655 0.968722333490304 0.983864245015001 0.966325732217472 0.955807580620541 0.959838410833807 0.971777788410204 0.969422553039305 0.967592644849747 0.967397883623285 0.961843884326936 0.966613158371503 0.967418892556545 0.966645669273384 0.952783496566517
-9999 -9999 -9999 -9999 -9999 -9999 -9999 -9999 -9999 -9999 -9999 -9999 -9999 -9999 -9999 -9999 -9999 0.972511151649642 0.956173804983042 0.968427980512994 0.968331854800756 0.960194144912863 0.972230160530739 0.978231685607211 0.977629347197075 0.985383007490938 0.967962293531962 0.96821749781492 0.970658455347386 0.971777621715991 0.97795777600038 0.977714748016677 0.968392623317916 0.977181510911158 0.958565397868765 0.968946448878118 0.957122890234975 0.9696536662686 0.957674904035161 0.967658045515429 0.967173998683804 0.980370948235837 0.966732095950465 0.970515678492982 0.966583848078309
-9999 -9999 -9999 -9999 -9999 -9999 -9999 -9999 -9999 -9999 -9999 -9999 -9999 -9999 -9999 -9999 -9999 0.97378006007479 0.973452878334194 0.975073407473173 0.970303928009468 0.961397579697983 0.961312904724456 0.965452025038611 0.985355778570784 0.967902182118286 0.961344015302562 0.967131590558469 0.958633720045506 0.9748947577716 0.97744342754831 0.968500193402267 0.968122260871152 0.983842955727559 0.983727951079892 0.967349354701972 0.956840606953758 0.96346503958586 0.969301766534822 0.97035221162207 0.972556702168751 0.980308330545914 0.970645018390519 0.971598559940556 0.966640281315837
-9999 -9999 -9999 -9999 -9999 -9999 -9999 -9999 -9999 -9999 -9999 -9999 -9999 -9999 -9999 -9999 0.969940526228158 0.972301505368707 0.975527814828712 0.977411957078164 0.978176202680359 0.978254319132111 0.970231532868326 0.9730244213505 0.989652576060558 0.974980861351677 0.969119439976287 0.956470119306981 0.959944307713056 0.973114047413152 0.975256059155468 0.956248877915454 0.977032129156318 0.968958278276778 0.967477024664703 0.977094180518362 0.974371636640284 0.969657609653334 0.973097973982104 0.980811748842574 0.97004232842905 0.967502114177466 0.967613822043658 0.970108373851416 0.97827223475167
-9999 -9999 -9999 -9999 -9999 -9999 -9999 -9999 -9999 -9999 -9999 -9999 -9999 -9999 -9999 -9999 0.970197864236256 0.965341586321971 0.968870631317967 0.95934945289556 0.970586674398304 0.954918593143705 0.965200016371535 0.985819345059563 0.969005476200881 0.974609868528477 0.973772311984261 0.969307335055873 0.96947872082028 0.972082149760092 0.974098251256318 0.964508477305995 0.976529380368186 0.969090711690307 0.969279274162882 0.982362966870621 0.973714126241699 0.981263661291202 0.975194240813303 0.967951547116023 0.961920495883668 0.972064773135366 0.967317631348756 0.972507203550652 0.967252244562378
-9999 -9999 -9999 -9999 -9999 -9999 -9999 -9999 -9999 -9999 -9999 -9999 -9999 -9999 -9999 0.970326057267993 0.963320750145671 0.970970283496449 0.971750068506601 0.964846046939766 0.968606786481821 0.957857348383515 0.989958695247124 0.989958711130205 0.969143782993641 0.956771126848075 0.969326628093511 0.957152932376439 0.969546985135804 0.971127183397939 0.969760268396965 0.960967882699833 0.975647767804322 0.953925741993936 0.96778909618862 0.972746485596556 0.975045295920814 0.967435603269068 0.969947205169496 0.963629804172455 0.954847966111807 0.969999332004174 0.967494527200144 0.970985512011893 0.95298407682452
-9999 -9999 -9999 -9999 -9999 -9999 -9999 -9999 -9999 -9999 -9999 -9999 -9999 -9999 -9999 -9999 0.970595367352032 0.971102048290774 0.960230967744473 0.970400868938662 0.964662436863264 0.94689164823774 0.985583939383862 0.989811951040054 0.959474775627573 0.956427572839003 0.960227991426711 0.969387439715917 0.957082043121249 0.966851226219356 0.967377286808254 0.970361350016444 0.975208426778735 0.971648834668574 0.954572953262358 0.968196647410214 0.982185626941586 0.967703941674392 0.967740066692286 0.973544583701213 0.969477302392282 0.96739633742173 0.968208020346081 0.97038260027822 0.967275898807028
-9999 -9999 -9999 -9999 -9999 -9999 -9999 -9999 -9999 -9999 -9999 -9999 -9999 -9999 -9999 -9999 -9999 0.970963254267333 0.972319558689746 0.973976651654793 0.974168784576844 0.976746786675384 0.989800931166927 0.962280655964522 0.97100777626314 0.97294007615949 0.956635029420879 0.961323370844986 0.967513092940933 0.9677667423163 0.954961089774528 0.968151019097565 0.973527353365473 0.970557696839807 0.96812438648779 0.968237052090302 0.973691415872273 0.974564976297978 0.968386797762176 0.968219618875479 0.970574258006002 0.967293549036712 0.959968864389245 0.969287879972138 0.970475649591492
-9999 -9999 -9999 -9999 -9999 -9999 -9999 -9999 -9999 -9999 -9999 -9999 -9999 -9999 -9999 -9999 0.971907666825833 0.962885900680396 0.9690202904136 0.97157813828931 0.972280898549715 0.96127396786487 0.989788183627633 0.969081259497829 0.966809582073115 0.976200619273367 0.974020843611376 0.968928956127407 0.966970361432657 0.971407237327446 0.959775675723577 0.967574309713601 0.968617937111907 0.960464534710653 0.969684426238976 0.970693993467975 0.972161259552152 0.971874480398357 0.974359380679694 0.979309173790969 0.971070716328176 0.970479628498394 0.979344354216058 0.979183482336355 0.969068857074878
-9999 -9999 -9999 -9999 -9999 -9999 -9999 -9999 -9999 -9999 -9999 -9999 -9999 -9999 -9999 -9999 0.971934678566851 0.976621533272027 0.967335416793543 0.969211884201858 0.978868590405658 0.979428239226005 0.979429242529178 0.9855536929832 0.967607700641361 0.954922127398336 0.955545398829176 0.955936692018789 0.974675748297564 0.97391536262936 0.967501459829818 0.954737838172282 0.957411135400721 0.968962862992606 0.959455061775137 0.968565298869421 0.955533543209423 0.967821305693813 0.973056216553129 0.972036585643358 0.967522082359649 0.956586077698134 0.967411918761771 0.95394262315272 0.967046518961721
-9999 -9999 -9999 -9999 -9999 -9999 -9999 -9999 -9999 -9999 -9999 -9999 -9999 -9999 -9999 0.960133178009382 0.965522280895955 0.970257208960559 0.976537061232868 0.970080088304529 0.96437135616404 0.966718619720526 0.95350838809689 0.989744970196122 0.967534381440714 0.976416247436929 0.975982683143964 0.975406910933911 0.975071368829564 0.96680833986496 0.970321259696781 0.955424415859777 0.967815373032427 0.963471629004735 0.968064258274838 0.95853871352958 0.967854548155931 0.971232251548847 0.972289757423593 0.980147031119219 0.979990660243377 0.966020615731294 0.954052222089102 0.967629218089661 0.969409486264814
-9999 -9999 -9999 -9999 -9999 -9999 -9999 -9999 -9999 -9999 -9999 -9999 -9999 -9999 -9999 0.970359410146671 0.974597301573364 0.958188367274708 0.975865283301767 0.970402983162004 0.974499066023586 0.96594244923526 0.969775396000323 0.989747189829386 0.966061280387189 0.953937113976167 0.96772404714711 0.957541501885881 0.966322568904836 0.966944655647333 0.961284069132791 0.968102198519983 0.968214197914842 0.970715771474427 0.975599946497759 0.967908975869913 0.968413574560121 0.967718534841605 0.954153587644886 0.969720213182336 0.973341165751686 0.971306795413564 0.966650934500887 0.961519470830615 0.970813637090025
-9999 -9999 -9999 -9999 -9999 -9999 -9999 -9999 -9999 -9999 -9999 -9999 -9999 -9999 -9999 0.969047470004004 0.974224014582865 0.966195189307151 0.95462049641317 0.960874178064003 0.966079113988705 0.95075552790798 0.967199957204403 0.966115921571778 0.984973252925607 0.951258248763823 0.961704846059273 0.967410694599052 0.952561197361111 0.975537820487006 0.973034764449318 0.971828240241 0.969164228613472 0.971929665826849 0.96701922389073 0.970791890265444 0.959520634563999 0.957686929166982 0.967289878219785 0.967331321744772 0.970697618921328 0.968581876052872 0.972048896872991 0.979467448514123 0.970557745263131
