Archive - glowpa-model-master/Model input/Uganda/survival/Lsurvival/Lsurvival_restime_1feb.asc
NCOLS 67 
NROWS 67 
XLLCORNER 29.500000001 
YLLCORNER -1.499999999 
CELLSIZE 0.0833333332985075 
NODATA_value -9999 
[rows 40 to 59 of 67, columns 0 to 44 of 67]
0.953868832442293 0.965519908251292 0.981871049988417 0.982042819781905 0.962799994626815 0.973573374383975 0.96390988837796 0.966172713855831 0.953752554009979 0.96721052808687 0.966462356034785 0.968795040347196 0.953686408915471 0.971097189388416 0.967085859390938 0.973783393976134 0.971404005676158 0.961617411544764 0.965255067647217 0.96493766092616 0.964547270582243 0.95354585674744 0.964314122418415 0.95897475860246 0.957143151932587 0.962170957589054 0.963850548469046 0.966629733953641 0.963381503403411 0.961147149648 0.965642057453737 0.96322685609972 0.975768820064277 0.953190934600996 0.963888370486005 0.969556933049813 0.96392391961885 0.950110547240191 0.96425198309768 0.961879992988028 0.962993389252588 0.964476549562165 0.987855613323157 0.968648890853159 0.959419022107445
0.967709544422817 0.958314390667465 0.981890696321555 0.972004798001148 0.971752707219106 0.972605983441481 0.953679701685722 0.966516073314334 0.967895215436782 0.972068846995581 0.962219720232348 0.967284023681624 0.953887371537571 0.967514075785193 0.956589087777684 0.971380099613937 0.965998078881444 0.958120108047333 0.959913401727946 0.970281330769719 0.96778502723091 0.966928279774794 0.964330803368562 0.962530141050459 0.942250775103688 0.959519924635727 0.957749814257391 0.96344106949417 0.948137252674058 0.963176814550467 0.965369253154713 0.956911515695828 0.975220877566477 0.962000306111246 0.962670876041334 0.962776679315362 0.951863774422141 0.964164750829043 0.960447578947972 0.967016528132692 0.973282198950891 0.969229067556357 0.987854696497547 0.966181720301099 0.97039735379027
0.9641100254109 0.952724367071461 0.981766657504027 0.951414091269029 0.971488440626363 0.971222881413211 0.952084996339847 0.969027287814879 0.970907240048854 0.96721669231669 0.96788685221589 0.974137396908376 0.968661111777321 0.96584795210784 0.965847827098624 0.964952296272134 0.954821687554573 0.96672681166877 0.95235804184148 0.963524369265643 0.948269848947691 0.960704879134898 0.960960781697947 0.949577147215994 0.95353009469036 0.966498717587695 0.963494800336829 0.950842754492512 0.959808591999579 0.954522592789465 0.953373475800191 0.964480548637911 0.975025123182411 0.971905245166692 0.966939128224527 0.962288054818411 0.962958854223509 0.963908101856646 0.971074803837758 0.964279227701441 0.971625110239977 0.968402025673418 0.987853801390033 0.987771767730964 0.965038767883638
0.980821264393475 0.973375190102328 0.965765547487119 0.955636478679056 0.968454067954582 0.967726291195738 0.964195676702991 0.954591672682719 0.958783448037392 0.967530887807322 0.969065933375107 0.973484540030593 0.973451999202202 0.961699351414032 0.945721022168059 0.939314070191264 0.962815419809217 0.945215726358267 0.946154621112288 0.955963781167984 0.95389143592352 0.960747378426399 0.951001502196609 0.953124904112966 0.937028813100938 0.951663305985262 0.934864345978637 0.954729048944159 0.965749533447276 0.969080995145921 0.961102433332786 0.961212509483268 0.97198865027656 0.963363640826508 0.955637374936324 0.967260641267309 0.962587065214723 0.954340231953974 0.962867039851383 0.962784704379937 0.96990484192831 0.965790119931444 0.959404894503819 0.987339011935203 0.963986201757599
0.980928266634903 0.973198566769919 0.972630768959431 0.970979815830281 0.968290400413419 0.953348760730765 0.947410724135639 0.952681754339801 0.955265545289214 0.972159067061549 0.971130006489951 0.964498363886928 0.973886559981278 0.965642803385769 0.960987162579644 0.941985675219678 0.956288156873314 0.943290336256106 0.945293390875365 0.960261210676803 0.95731095334447 0.9665187923705 0.940612767821818 0.946373142067921 0.952944098464327 0.958869254745165 0.956232909328671 0.970963164520028 0.952023540738363 0.956412945285141 0.961107310226534 0.946796697966742 0.966555292738794 0.958197974378232 0.968715152178531 0.963193618038234 0.949085837294468 0.96626435240568 0.963268947837378 0.964933464824291 0.968546903067596 0.963971003850891 0.98207835280951 0.98207835280951 0.982078261535287
0.980873198416414 0.970092325005969 0.969257808403324 0.96847841958471 0.970260827950348 0.953568206563902 0.96766808374671 0.969118062101296 0.953344017470404 0.973078080285295 0.971518151282977 0.947086397655298 0.973985934639053 0.959084497907996 0.949211425879241 0.957212879675301 0.963545651005831 0.95711956295503 0.956602447111927 0.964342526462209 0.946326499300938 0.9673186326767 0.95637475062774 0.967937546052577 0.958957982955454 0.956453119254108 0.959291092930618 0.959049620644454 0.968876434871879 0.968876434871879 0.953093500948016 0.9622077952137 0.964021536767018 0.963781865921713 0.962017555374415 0.952870962972697 0.963906464841811 0.987227397477259 0.981924655683419 0.961217569677156 0.964186865058705 0.961045201146766 0.987251647690808 0.987251647690808 0.982078186487599
0.973514514815308 0.972809064526943 0.967203617696402 0.955046260300475 0.959938391262402 0.966503652342173 0.956667581637279 0.968968561953204 0.978013144148081 0.97511895027956 0.971906641236281 0.963089585742473 0.963416385607759 0.965481187714887 0.965703848643666 0.966360859526998 0.971001508702852 0.971196977752324 0.972107322059539 0.972799415687181 0.97285902344362 0.974869086440932 0.964881341198247 0.960331343117969 0.945320332116986 0.945668620756373 0.959371984459505 0.95642514611665 0.9587916475198 0.951354873143343 0.962044142079751 0.962390032795383 0.96217429639195 0.965197056263966 0.981998857391975 0.987280027344142 0.981924579998441 0.987227399533846 0.98714199935239 0.98714199935239 0.987227399533846 0.981924579998441 0.98725155593578 0.987336233142246 0.987336235181422
0.965791000597904 0.980459202352156 0.970525859926526 0.968380660988668 0.968312392356146 0.962453181886105 0.978158504597264 0.978158504597264 0.978158504597264 0.978158504597264 0.968947223852212 0.977837855801069 0.975179301340946 0.975125043808513 0.961505051615121 0.961739581637271 0.969321335183955 0.962188007940779 0.968853378762755 0.961013995684769 0.955740962994461 0.960681551150192 0.963346353376015 0.965359384104378 0.963682836942102 0.959592043798327 0.957198028526567 0.956455659449236 0.942062506928505 0.962847145948422 0.96200745223471 0.965113056460066 0.981998802387268 0.981998802387268 0.987194910196149 0.981998802387268 0.987227401590432 0.987227401590432 0.987141932519107 0.987227401590432 0.987227401590432 0.987141932519107 0.987251489668265 0.982078095213391 0.987336236201009
0.96915461931161 0.980428355689256 0.980326418076582 0.980195171323697 0.973836753464936 0.964703578345437 0.978012960489058 0.969149658376916 0.978012960489058 0.969149658376916 0.964117849630726 0.968255912960634 0.961451509417151 0.970582761884012 0.963704141186614 0.970275133158144 0.967029270317094 0.942056197534772 0.968736926421187 0.95845370309243 0.967649146096114 0.946431824984708 0.960112729080331 0.958594727924745 0.976038540557841 0.977046795041248 0.977111655033776 0.977193139705055 0.968314107383048 0.965293778667021 0.987280030416394 0.981998765717465 0.987194869236331 0.987280030416394 0.987280030416394 0.981998765717465 0.987141891390935 0.987141891390935 0.987141891390935 0.987141891390935 0.987141891390935 0.987141891390935 0.987251448888257 0.987251448888257 0.987336236201009
0.979795747745655 0.979795747745655 0.979795747745655 0.979795747745655 0.979795747745655 0.959732100531015 0.958974344242086 0.959547829028987 0.968088176727906 0.977403396650405 0.950190777340113 0.961094123068598 0.955070029883494 0.961831427815986 0.972020762785513 0.968663842626777 0.961007300121121 0.949986030495642 0.967509070852513 0.967018270875163 0.958204131433303 0.95209447318322 0.940838674753592 0.943076301183414 0.95625124893007 0.963312565678701 0.956919685462454 0.947810815688734 0.986853870370677 0.986853870370677 0.981456038078898 0.986807747322514 0.986895479571311 0.986895479571311 0.986895479571311 0.986807747322514 0.986896048336647 0.98698319723982 0.98698319723982 0.98698319723982 0.98698319723982 0.986896048336647 0.981522343730002 0.986942465537673 0.986942465537673
0.9714522886111 0.979795747745655 0.979660997629992 0.979795747745655 0.979660997629992 0.957884804348733 0.968728672396112 0.9772852630894 0.977403396650405 0.960754730801446 0.961642707706329 0.961411252901256 0.967619064190753 0.961717237897914 0.971823149255994 0.967611859506487 0.960653638694477 0.963052732822687 0.95373501520739 0.966805925235419 0.957634693420617 0.965593001936633 0.9566527612036 0.94154414928715 0.968441296920611 0.960809550389513 0.969218034154996 0.960125137830135 0.981520695998156 0.986853884034733 0.986807761034189 0.986807761034189 0.986807761034189 0.986807761034189 0.986807761034189 0.981456038078898 0.98698319723982 0.981579824559435 0.98698319723982 0.98698319723982 0.986896061957154 0.981579843317009 0.986942465537673 0.981522362545557 0.986855059414205
0.979661061426665 0.97145234735449 0.979661061426665 0.979661061426665 0.979661061426665 0.978896010902643 0.958473436128476 0.959528779262817 0.960797247177495 0.952255067277883 0.960593937630511 0.950878361044855 0.963063380268871 0.947749490335103 0.971041193268545 0.959132969381196 0.95259629249483 0.960777224106182 0.946631570656076 0.963904933937885 0.958049673976532 0.962578628892482 0.943255900223406 0.958816564856691 0.968021504315732 0.943234717247102 0.96718138411132 0.960384356390754 0.986853926077982 0.981520752449808 0.986895478516473 0.986807803223959 0.986807803223959 0.986895478516473 0.986895478516473 0.986895478516473 0.98689610386641 0.98689610386641 0.98689610386641 0.981579880832157 0.98689610386641 0.98689610386641 0.986942465537673 0.986942464486592 0.981522400176668
0.979661166235496 0.979795743188123 0.971452433210221 0.971452433210221 0.979661166235496 0.96340517479657 0.955211790162833 0.970885510922433 0.947728433884689 0.958327127303907 0.947387693209831 0.941166499723187 0.962852464166776 0.9530938505645 0.967232475090407 0.952202375203846 0.961454755753613 0.944992269661677 0.959519243483867 0.960696905977529 0.959305788787609 0.960290212756354 0.959766632992447 0.964460013910177 0.966478397930758 0.946314455022436 0.96385978161967 0.944579627873215 0.962882435569363 0.948552238929051 0.981456151373503 0.981456094726199 0.981456151373503 0.986895476406797 0.986807871782338 0.986807871782338 0.981579937104883 0.986896171968954 0.986983194096348 0.986896171968954 0.986896171968954 0.986896171968954 0.981522456623337 0.986855169767937 0.981522456623337
0.971452550697024 0.979795738630591 0.971452550697024 0.971452550697024 0.979661312056496 0.956984574609022 0.944771355708412 0.970664574414155 0.969853298428788 0.96380409553255 0.963908056206951 0.964438375212798 0.947339566044369 0.950799715557525 0.961451230578332 0.961719593941422 0.945966286374081 0.961761612231198 0.960739568997122 0.960567422764628 0.945965669854869 0.940847297689046 0.944193983983994 0.957349553597169 0.962822180394976 0.95845471556371 0.960799993239318 0.961556411642247 0.966211098072941 0.96847441982548 0.986895476406797 0.986807966709333 0.986807966709333 0.986895474297121 0.986895474297121 0.986807966709333 0.981579937104883 0.986983194096348 0.986896266264793 0.986896266264793 0.981580014219364 0.986983192000701 0.986942460282268 0.981522533976184 0.98685526435686
0.979795734073059 0.971452695296184 0.979795734073059 0.971452695296184 0.958997070382182 0.953003267834282 0.96314537653973 0.953765510716127 0.963362533485858 0.964870169335728 0.95350325289918 0.966602579712903 0.962710691866533 0.962224495990182 0.961903115901084 0.950162845439442 0.961453853302865 0.964392459556188 0.948889454070169 0.969489115767808 0.964796854479069 0.963103112133848 0.961090341545147 0.94423000346299 0.958025697129765 0.954021697801981 0.957240998033856 0.986854213023208 0.981520886261143 0.986941292666088 0.986895474297121 0.986808091169185 0.981456229001295 0.981456323413483 0.986895474297121 0.981456229001295 0.986896389897128 0.986896389897128 0.981580108007255 0.986896389897128 0.986896389897128 0.981580108007255 0.986942457129025 0.986855388373462 0.98152262805398
0.979361702546386 0.979361702546386 0.975957989901821 0.946098703769105 0.959840067180306 0.963555868294368 0.949557860286446 0.964180748369071 0.964317540224187 0.969316684232383 0.948922578167177 0.967528439336799 0.964813194372092 0.945595016639456 0.961282277903569 0.962166445383653 0.952678887491638 0.967513100237442 0.95938182723313 0.968808756591142 0.956677784880315 0.959586808442177 0.95538365743231 0.95760312320723 0.939630996652501 0.952987305687436 0.946189439659168 0.981137854088496 0.986669775343855 0.981137854088496 0.980981999196583 0.986559319567588 0.986469869325349 0.986469869325349 0.986469869325349 0.980982115360987 0.986460999557801 0.980843399875434 0.986460999557801 0.986460999557801 0.980843399875434 0.986460999557801 0.980842255044347 0.980842255044347 0.986460188123825
0.979361695564783 0.979361695564783 0.975917921403406 0.975494978506489 0.962930288686788 0.958907055308458 0.964545563916665 0.964155340717435 0.95306881477995 0.970203814753554 0.96341943518478 0.973945184937419 0.973617338751961 0.973850022007023 0.974052815764444 0.963964828658062 0.975730806654175 0.969988208545437 0.975567664967956 0.965735024393582 0.975882184444278 0.947486033811099 0.966065714346298 0.945273683552807 0.958539322991316 0.943951343333022 0.986669775343855 0.98658124080834 0.98658124080834 0.98658124080834 0.986470053199651 0.986470053199651 0.980982253037337 0.980982253037337 0.986559311995608 0.986559316322454 0.980843399875434 0.98637108800801 0.98637108800801 0.986460995199522 0.986460999557801 0.986460995199522 0.986370271222672 0.98084239372327 0.98084239372327
0.962580568929571 0.972837882659791 0.965877699554903 0.975573051610194 0.963820656673883 0.965885395222979 0.96412911454735 0.96991609074913 0.96351627885729 0.97094279460612 0.961932089188284 0.963434645311206 0.961567072351072 0.962140824278581 0.965859415144381 0.967132347002779 0.97557090483905 0.97557090483905 0.975568045410409 0.975568045410409 0.975723265472744 0.966065957075811 0.975805026464373 0.961434951698064 0.965173813203749 0.943799745166627 0.986669771052327 0.986669767833681 0.981138261631637 0.981138261631637 0.986559308750473 0.980982410074446 0.986559308750473 0.986559308750473 0.980982410074446 0.980982253037337 0.986371301544224 0.986460995199522 0.986371301544224 0.986371301544224 0.980843696717462 0.986371301544224 0.986370484771595 0.986460183765287 0.98084255190394
0.945602539468197 0.972496493941309 0.963659405310337 0.975466504216433 0.963634198181789 0.951210844673095 0.971349745879622 0.970262127113038 0.964318814564186 0.961315670529959 0.966471499119714 0.963559056488684 0.961450067970439 0.945982117734596 0.961281681884055 0.962515670005872 0.96573985643256 0.975571334647511 0.960032519945234 0.941740608422738 0.950928549100469 0.958870249502231 0.966157304017849 0.937661620272519 0.96651121856196 0.966998572482895 0.986669767833681 0.986581688160058 0.981138436597855 0.986581688160058 0.980982586472325 0.986559302260204 0.980982586472325 0.980982586472325 0.980982410074446 0.986470504232644 0.986371542317256 0.986371542317256 0.980843874389375 0.986460991930813 0.986460985393395 0.986460985393395 0.980842729586367 0.986370725558956 0.986460180496384
0.961338331484156 0.972375949989462 0.962564315961436 0.947175252588781 0.965122814417676 0.973137270921782 0.971636733607303 0.963468810557094 0.963943381170512 0.950420227058803 0.964978126312472 0.962391348549551 0.964836455815386 0.961175650780125 0.961669789458117 0.964981391563154 0.964304310159092 0.96097725239643 0.960439565944027 0.946816498218093 0.964295794249697 0.9598458275273 0.943266305804983 0.975917025581749 0.976073128768201 0.976128637728048 0.981138628633983 0.98666975603198 0.981138436597855 0.986581955283843 0.986470773554602 0.986470773554602 0.986470773554602 0.986470773554602 0.986470773554602 0.98098278007979 0.986460979945547 0.986371813595538 0.986371813595538 0.986460985393395 0.986460979945547 0.986371813595538 0.986460168510404 0.980842924603702 0.980842924603702
