Archive - glowpa-model-master/Model input/Uganda/survival/Lsurvival/Lsurvival_restime_1aug.asc
NCOLS 67 
NROWS 67 
XLLCORNER 29.500000001 
YLLCORNER -1.499999999 
CELLSIZE 0.0833333332985075 
NODATA_value -9999 
[rows 40 to 59 of 67, columns 0 to 44 of 67]
0.949005687730828 0.96195079716322 0.978114687538386 0.978364938731539 0.959285954060464 0.971309635647805 0.962777218410902 0.964111661241512 0.950417967596011 0.964636237356795 0.963809381006437 0.966640389082755 0.951931240654346 0.97006853439439 0.966028298657315 0.97368138260727 0.971939931850395 0.96287743024817 0.967173757536838 0.967645057584291 0.967426992023917 0.956885936373161 0.966738508088313 0.965068619519113 0.965747225133454 0.964882783651533 0.966174595965187 0.966939280662036 0.963534088660639 0.960974926595456 0.965330842000112 0.962996418453219 0.975684703754023 0.954420873021641 0.964960634228658 0.969880841332964 0.963847501964455 0.949642501434156 0.963871913457363 0.961645515984473 0.962614346128644 0.964192181089442 0.987553375584365 0.968125720233937 0.958807101959588
0.964273526628267 0.953888818582559 0.978049823097984 0.969692752940271 0.969429019360436 0.970206460729177 0.950964139413045 0.964229357552956 0.964977816134467 0.969762257848508 0.959114479498883 0.96468680665714 0.952233172129342 0.966332340970878 0.955593813057356 0.971864045961806 0.965603663681922 0.959536172855179 0.962431051497713 0.972298206629638 0.969780749273914 0.968730736582051 0.966062221501075 0.967633856786469 0.954340015088248 0.964810410621968 0.959683561330418 0.963439705212262 0.948048278814823 0.96312123262062 0.964995140494806 0.956497980480753 0.975145344358478 0.9632011103419 0.963514196978641 0.963389309011442 0.95213241501363 0.963782827651517 0.960239470295782 0.966706461006556 0.972998853987678 0.968946083653929 0.98754980527358 0.965672693750252 0.969947289019391
0.960237066832756 0.94781994196866 0.977732826499582 0.946921036280523 0.96909912623846 0.968746717844322 0.948876463740221 0.966880311951327 0.968717158667245 0.964349856237586 0.965165361872958 0.971997214728466 0.96727992912841 0.964402843756872 0.965609241465947 0.966014440639337 0.956580816416063 0.968178602916588 0.955043713681729 0.966129287397429 0.951955971419592 0.963410818186844 0.963580107668405 0.956231842229106 0.963286241048742 0.970829414816537 0.964991598398681 0.952322791131951 0.962230649727885 0.959037146644217 0.95300672685113 0.964058102694571 0.974911650135951 0.971896327963598 0.967365009569529 0.962862210357555 0.963155299603356 0.96351201273296 0.970968664539092 0.96391355621205 0.971302786955492 0.968092162911121 0.987546488415118 0.987460252933187 0.964452256122362
0.976988985577848 0.968479874224572 0.963348060090048 0.95296199505993 0.967069261545177 0.966246555658963 0.963460279698513 0.953452935640428 0.957280591713622 0.966008081067765 0.967736533135748 0.972430099667679 0.973331034478821 0.963623157759857 0.94908272772177 0.950943715619486 0.965883370995584 0.949785058849431 0.952478516832862 0.966213851220222 0.965996435293714 0.966989560676479 0.959335857982638 0.964239113222834 0.947616300366787 0.959488780192103 0.948016891219063 0.961601219544926 0.969183542014523 0.968529214821869 0.964311306584051 0.962910132649598 0.973345001503792 0.964968927031009 0.957963348098732 0.969090231617146 0.964319604191727 0.956762963023752 0.964425994357854 0.964295230449833 0.971130627197967 0.967220161953666 0.960238205104031 0.98759742572197 0.965321130627425
0.97709621917301 0.971518182407447 0.970948361901799 0.969229577840789 0.965848927081464 0.951653118615663 0.946351985615903 0.951377335672976 0.954133324535417 0.971061354787129 0.970122521744761 0.963708762331379 0.974021755090118 0.967495965174812 0.967034433236897 0.948738874231927 0.96472239099327 0.951158657678572 0.954783823680103 0.96870967538023 0.967584719792451 0.972261753927871 0.947597423726424 0.952547938694422 0.960230408665384 0.964122299027765 0.963208849370664 0.972499691492359 0.956633748652515 0.955640313334284 0.963378285188555 0.949287370578095 0.968071013893815 0.960294107034826 0.970380405578478 0.96493734031021 0.952297569097705 0.968199825901936 0.965073144624714 0.966458988769133 0.969831219904983 0.965505074944987 0.982440043764766 0.982440043764766 0.982439954558922
0.976962090946398 0.9680859260667 0.967267335141566 0.966599232983723 0.967739982790547 0.951825149729365 0.967402665958085 0.968659438302669 0.952187616963909 0.972114910567812 0.970567797928591 0.946744320587218 0.97414371909158 0.962973361080483 0.956313833044179 0.96370725697868 0.969660778692188 0.964371794911583 0.965339231570253 0.971122440911601 0.956086459722037 0.972646580088076 0.961692393319564 0.972134652102429 0.960070266467917 0.961922685497668 0.962771517473089 0.961203868986286 0.968321063008014 0.968321063008014 0.955301579634085 0.964015208207838 0.965664634464381 0.965432264979394 0.963812010135393 0.95564618744478 0.966270391215057 0.987723785471941 0.98262530742447 0.962898745103889 0.965534341570291 0.962532104022158 0.98750959733093 0.98750959733093 0.982439881211901
0.971608199894931 0.967044581682645 0.965001949954411 0.95224247966107 0.956926092272884 0.964714082437242 0.95618405046019 0.968510533589236 0.976678454867341 0.974307809490118 0.97106299153068 0.962669546506235 0.963661378007378 0.969890286114673 0.970290991514116 0.971079412647192 0.973962042884652 0.974103639586489 0.975363606700329 0.976539198511294 0.976464497063625 0.978178056570412 0.969275387261362 0.962246795779877 0.945433031087159 0.946156458585513 0.961250652807492 0.960331497617662 0.961850467219921 0.953176433117613 0.963874177197625 0.964212861773366 0.963960311739296 0.966841962464294 0.982731883085164 0.987799335696207 0.982625234844789 0.987723788429627 0.98764168645733 0.98764168645733 0.987723788429627 0.982625234844789 0.98750950766477 0.987592482234338 0.987592483230712
0.96330351844111 0.975743051477463 0.96846238840399 0.96619749325721 0.966358591602397 0.959882821244883 0.976832535768571 0.976832535768571 0.976832535768571 0.976832535768571 0.967930749118161 0.977109729383442 0.97496941722549 0.974900933119857 0.962408969710075 0.962577016974601 0.970378340642432 0.964117168443393 0.971587809659054 0.967015426640065 0.959275304970933 0.963878605710628 0.966283803095643 0.969409242079226 0.963721970104869 0.961273444563279 0.958624339185988 0.959368002806688 0.945013878317623 0.964300674046533 0.963893342326212 0.966809373595961 0.982731830443848 0.982731830443848 0.987717671162172 0.982731830443848 0.987723789415523 0.987723789415523 0.987641621393631 0.987723789415523 0.987723789415523 0.987641621393631 0.98750944190959 0.982439792006072 0.987592485223461
0.966908832006522 0.975658382804698 0.975312114092704 0.975147842978951 0.972001600691778 0.962141818227179 0.976678260191703 0.967285986902963 0.976678260191703 0.967285986902963 0.962963442169001 0.967980199618373 0.961774460991063 0.970557969212693 0.963230796685171 0.970120011083591 0.967822218549138 0.947155930426483 0.971283142517239 0.963813103617008 0.969609261876353 0.951343190587811 0.963858987131972 0.961275116324483 0.978556884346683 0.97904660113143 0.979040664192017 0.979054702469407 0.970743681762718 0.966642533136015 0.987799338635805 0.982731795349638 0.987717632950559 0.987799338635805 0.987799338635805 0.982731795349638 0.987641582946903 0.987641582946903 0.987641582946903 0.987641582946903 0.987641582946903 0.987641582946903 0.987509403054259 0.987509403054259 0.987592485223461
0.975310694989596 0.975310694989596 0.975310694989596 0.975310694989596 0.975310694989596 0.957216606625534 0.957952154165384 0.961160757555716 0.966938476005722 0.976585231336211 0.950812232831258 0.962148692608708 0.956468767441256 0.962552494792452 0.972415203628888 0.969329619368244 0.962317344529157 0.953224015464028 0.970930953101054 0.97025642232908 0.962912079995183 0.955335039206471 0.944866277554093 0.944508686130201 0.958487105128922 0.966428346507725 0.960820002555856 0.952324359876233 0.987893615158751 0.987893615158751 0.98296257386994 0.987882190002033 0.987962820176526 0.987962820176526 0.987962820176526 0.987882190002033 0.987666874917528 0.987748928865788 0.987748928865788 0.987748928865788 0.987748928865788 0.987666874917528 0.982337036091607 0.987519701946482 0.987519701946482
0.965148317092302 0.975310694989596 0.97514641455407 0.975310694989596 0.97514641455407 0.954682619531458 0.967610095501338 0.976466927488979 0.976585231336211 0.959711954467807 0.962410315143799 0.962064648388197 0.968523834492555 0.9622821630929 0.972226273235969 0.96822366248837 0.961663439825671 0.965176061944876 0.961031940209687 0.969949269666664 0.961984018910857 0.967843555817353 0.960488959396976 0.943556312281472 0.970154554984861 0.964138194362059 0.972052649658612 0.96382342548061 0.982978597329958 0.987893627714564 0.987882202569622 0.987882202569622 0.987882202569622 0.987882202569622 0.987882202569622 0.98296257386994 0.987748928865788 0.982660614728735 0.987748928865788 0.987748928865788 0.987666887707028 0.982660632347512 0.987519701946482 0.982337054036213 0.987436135518624
0.97514649022372 0.965148387154258 0.97514649022372 0.97514649022372 0.97514649022372 0.977391238731052 0.957661521229847 0.958564800432929 0.960000734974445 0.951501701436708 0.959142855674643 0.950540820637672 0.963659333703585 0.948501630330525 0.971473716701842 0.959465437511273 0.9533784943592 0.961714784888752 0.95008595928634 0.967445647446418 0.962636478859568 0.964613200473127 0.9466819512329 0.961032526875793 0.9698005246521 0.948336669563111 0.970265395731023 0.964173194164957 0.987893665382003 0.982978649225389 0.987962818242893 0.98788224027239 0.98788224027239 0.987962818242893 0.987962818242893 0.987962818242893 0.987666926075526 0.987666926075526 0.987666926075526 0.982660667585067 0.987666926075526 0.987666926075526 0.987519701946482 0.987519699942118 0.982337089925425
0.975146619594426 0.97531069010686 0.965148493455167 0.965148493455167 0.975146619594426 0.961390529214247 0.954180200205187 0.970179044163204 0.946756238934666 0.955042755621054 0.947091125154823 0.939171131833147 0.963617229751507 0.953887884468792 0.967650539020152 0.953132659151602 0.961961553403335 0.946148138683067 0.961716878917362 0.963924180926871 0.963036790340865 0.961930044369043 0.960899935174696 0.965302983507147 0.967886366152744 0.95088602517281 0.967168808867907 0.949649887473051 0.966115043473018 0.953928489116345 0.982962677757662 0.9829626258138 0.982962677757662 0.987962817276076 0.987882304077078 0.987882304077078 0.982660720441401 0.987666991006835 0.98774892591412 0.987666991006835 0.987666991006835 0.987666991006835 0.982337143759245 0.987436240738849 0.982337143759245
0.96514863599504 0.975310685224125 0.96514863599504 0.96514863599504 0.975146797784294 0.954777293350777 0.943617778760523 0.96998185891455 0.969148731207061 0.962871697993937 0.963844859201252 0.96495785221981 0.948507503318575 0.951586023565843 0.961855008663034 0.962709108942448 0.947138812075709 0.962781591002985 0.962256423641432 0.962506991164514 0.949780590607935 0.943424136048304 0.945758313781291 0.958189279097277 0.96429973497823 0.961842580795115 0.964302753917959 0.96492279814697 0.969198197658053 0.971525306503156 0.987962817276076 0.987882391083478 0.987882391083478 0.987962814375626 0.987962814375626 0.987882391083478 0.982660720441401 0.98774892591412 0.987667079549536 0.987667079549536 0.982660792874161 0.987748922962452 0.98751969593339 0.982337217531522 0.987436330927623
0.97531068034139 0.965148812357962 0.97531068034139 0.965148812357962 0.956825838564116 0.950555200561706 0.962456783362139 0.952813626453673 0.962659191102833 0.964793426517715 0.953412964284957 0.966739720947852 0.963733273311296 0.963180604653616 0.962931344972142 0.951409970894766 0.962400363975865 0.96520188703836 0.95077841575008 0.970443604978816 0.966287048782576 0.964762525370561 0.962641211532669 0.945274013840545 0.959938371278532 0.957355460818243 0.961287188525013 0.987893930019948 0.982978772236793 0.987974163980066 0.987962814375626 0.987882505158547 0.982962748939997 0.982962835513113 0.987962814375626 0.982962748939997 0.987667195638867 0.987667195638867 0.982660880968064 0.987667195638867 0.987667195638867 0.982660880968064 0.987519693929025 0.987436449175138 0.98233730725457
0.975164129819658 0.975164129819658 0.974934424277342 0.944031909246911 0.958200751754888 0.96237104410049 0.949297719412403 0.964084828225001 0.96447238038841 0.969442773585146 0.948689144123858 0.967929720904441 0.966229710982413 0.947817069285383 0.962299228314578 0.963071809957426 0.95440604282476 0.968434290438607 0.962386554438641 0.97066765565479 0.959826693907156 0.96236249233722 0.958021134682123 0.960616734586668 0.945666128983311 0.958974971638832 0.952443145415595 0.983143701738707 0.988090918037899 0.983143701738707 0.982925805195565 0.987936582821784 0.987856241134284 0.987856241134284 0.987856241134284 0.982925911235141 0.987757387174659 0.982672944072221 0.987757387174659 0.987757387174659 0.982672944072221 0.987757387174659 0.982383683544403 0.982383683544403 0.987552468842121
0.97516412245264 0.97516412245264 0.974894081602195 0.974467928240138 0.961469518836418 0.957184530418511 0.964378950017462 0.9642177960514 0.953215283471427 0.970275314433117 0.963016806889892 0.973856982062505 0.974513193374683 0.974727904932427 0.974910895657335 0.965094303756251 0.976233040705564 0.970896281150952 0.976867105882965 0.967548661580466 0.977135956698705 0.95115216714574 0.96752388268345 0.949764002585014 0.963208633453931 0.950298805189566 0.988090918037899 0.988011764417823 0.988011764417823 0.988011764417823 0.987856406804497 0.987856406804497 0.982926034626662 0.982926034626662 0.987936576039411 0.987936579915053 0.982672944072221 0.987676030598433 0.987676030598433 0.987757383241805 0.987757387174659 0.987757383241805 0.987469759165573 0.982383810819288 0.982383810819288
0.961316252705754 0.971135071417529 0.964264538007132 0.974551389144891 0.962323394941557 0.964320849203531 0.964076054644176 0.969943387095645 0.963474986459077 0.970940858489136 0.961740037159157 0.963245229927353 0.962543267606013 0.963363594217414 0.966479504205513 0.967758585205505 0.976076406475715 0.976076406475715 0.976867465049688 0.976867465049688 0.976985201856744 0.967524115871865 0.976849717828672 0.964952895313769 0.969217288906245 0.950656873558926 0.988090914211543 0.988090910385187 0.983144067229821 0.983144067229821 0.98793657216377 0.982926175370134 0.98793657216377 0.98793657216377 0.982926175370134 0.982926034626662 0.987676224275542 0.987757383241805 0.987676224275542 0.987676224275542 0.982673212086005 0.987676224275542 0.98746995606373 0.987552464843855 0.982383955992225
0.9436772743121 0.970690096840467 0.961740392823683 0.974446346872487 0.961683921573332 0.949112332355692 0.971334461080825 0.970272122960673 0.964220704497654 0.961198316010098 0.966293209465977 0.963230571506712 0.96185778816888 0.946471739087429 0.961860737418972 0.963060482923614 0.966445262204398 0.976076825276654 0.963113810870866 0.945635423719956 0.954206068281575 0.961990988498105 0.967625314807235 0.944668426135848 0.970446971771491 0.970997829112481 0.988090910385187 0.988012164240113 0.983144223325025 0.988012164240113 0.982926333465565 0.987936567319218 0.982926333465565 0.982926333465565 0.982926175370134 0.987856811776246 0.987676441547876 0.987676441547876 0.982673372503049 0.987757379308951 0.987757374392884 0.987757374392884 0.98238411906322 0.987470176949526 0.987552460845588
0.960456187390572 0.970531409820194 0.960067544795667 0.944870530649491 0.963704715694553 0.972175320652867 0.971578589353738 0.962095888628028 0.963949359641008 0.950374838223148 0.964632652530673 0.961405545394696 0.965297301291191 0.961009724149666 0.96239488457018 0.965865977395659 0.965131046865674 0.961702827471515 0.962692698287376 0.950042074994189 0.966696534727829 0.962715324673116 0.94830834951853 0.976975197885432 0.977794284491389 0.977859243911034 0.983144394649059 0.988090900819296 0.983144223325025 0.988012403368353 0.987857053984309 0.987857053984309 0.987857053984309 0.987857053984309 0.987857053984309 0.98292650698497 0.987757369476817 0.987676687331117 0.987676687331117 0.987757374392884 0.987757369476817 0.987676687331117 0.987552450849922 0.982384298043612 0.982384298043612
