Archive - glowpa-model-master/Model input/Uganda/survival/Lsurvival/Lsurvival_restime_1jan.asc
NCOLS 67 
NROWS 67 
XLLCORNER 29.500000001 
YLLCORNER -1.499999999 
CELLSIZE 0.0833333332985075 
NODATA_value -9999 
[rows 20 to 39 of 67, columns 0 to 44 of 67]
-9999 -9999 -9999 -9999 -9999 -9999 -9999 -9999 -9999 -9999 -9999 -9999 -9999 -9999 -9999 0.956493097979558 0.951639106286883 0.966138010528466 0.953639621413069 0.962843388027907 0.960520266772335 0.963678742040425 0.967844652843035 0.955860714798362 0.970601665279378 0.969559650393264 0.947116275567554 0.951152537306823 0.983319724909011 0.973102800260346 0.962888492300345 0.948379654021547 0.965560871521411 0.951492212633913 0.975612478349935 0.975331138124943 0.969623367842477 0.965632868898383 0.963465225423508 0.965057335620773 0.965580018704609 0.951353333739086 0.967090155275704 0.967571079972833 0.966271542943846
-9999 -9999 -9999 -9999 -9999 -9999 -9999 -9999 -9999 -9999 -9999 -9999 -9999 -9999 -9999 0.965003477736067 0.951326364296487 0.951004765061353 0.963077147884957 0.96392302636314 0.952217287387005 0.962168038230853 0.954822569902876 0.962545315964166 0.983339211301991 0.988153310877195 0.988150904504434 0.988143403325121 0.963413675385084 0.983297468616007 0.988061396380956 0.963931226464499 0.967753831333701 0.950845030513918 0.9661170327919 0.962785135650557 0.965792881844914 0.962583781688028 0.97200545828794 0.971025237895146 0.969253360665562 0.963378062096632 0.963379321621061 0.964977672990488 0.964809147353579
-9999 -9999 -9999 -9999 -9999 -9999 -9999 -9999 -9999 -9999 -9999 -9999 -9999 -9999 -9999 -9999 0.964872148627817 0.954202390525011 0.965621761888533 0.9471601741965 0.98361965806022 0.98361920275724 0.988354997112185 0.988205636706318 0.964135405050089 0.964101616781248 0.963264371504942 0.95711659194144 0.968624083359152 0.967550040727225 0.966198200998743 0.983199182838505 0.988053609662409 0.98804705094839 0.964646028407738 0.965695215365098 0.974383041927019 0.965791079730429 0.955277525491672 0.965410634728554 0.964619336615327 0.948425182613222 0.962984261485688 0.962752749484134 0.949938220239447
-9999 -9999 -9999 -9999 -9999 -9999 -9999 -9999 -9999 -9999 -9999 -9999 -9999 -9999 -9999 -9999 -9999 0.951278518065908 0.988423516091906 0.988423528587384 0.988354353159343 0.988423528587384 0.988354353159343 0.96727312336649 0.966162711818036 0.956024075068686 0.965737229260818 0.955790987936216 0.963574397198168 0.965326973062928 0.964163854633734 0.963985770068094 0.956819275110635 0.988078289536751 0.964511768313975 0.955126956161113 0.964975364147247 0.967668116951014 0.965151742750408 0.965367668479511 0.963185038835205 0.947954135290812 0.967017534919714 0.969458858939799 0.964583969296946
-9999 -9999 -9999 -9999 -9999 -9999 -9999 -9999 -9999 -9999 -9999 -9999 -9999 -9999 -9999 0.964069580341904 0.963058633496644 0.988618012333496 0.983618764671798 0.983618764671798 0.988353732273865 0.988423541082862 0.988353732273865 0.988423528587384 0.964003761383279 0.973096197571825 0.972627569225495 0.966541994820809 0.952192649031572 0.962189120616219 0.949331669114785 0.949501303947165 0.964210715955333 0.970011961828387 0.983125025972644 0.975117020911364 0.964880200347358 0.949993339801722 0.950798933590148 0.957846564851377 0.96705878575797 0.962708490349593 0.972480948328965 0.969948860944471 0.948596236808547
-9999 -9999 -9999 -9999 -9999 -9999 -9999 -9999 -9999 -9999 -9999 -9999 -9999 -9999 -9999 0.966200240819674 0.98412688563478 0.988715538262738 0.98860225561735 0.98860225561735 0.983967518011757 0.988671174344535 0.98860225561735 0.983967518011757 0.966909261170732 0.964277152665288 0.950053063549067 0.958701057393949 0.950939043424641 0.967410094900992 0.965395152635925 0.965490713112127 0.965399270649641 0.983751672198565 0.974657086409984 0.974011352437302 0.974181138224848 0.97349496803716 0.972503490967654 0.967789704381542 0.967833991518687 0.9652094621067 0.965607768822071 0.969678061356514 0.9525160871214
-9999 -9999 -9999 -9999 -9999 -9999 -9999 -9999 -9999 -9999 -9999 -9999 -9999 -9999 -9999 0.984126494413648 0.988714984087587 0.988714984087587 0.988601695911066 0.983967139757533 0.988671185633519 0.988601695911066 0.983967139757533 0.965985018226257 0.96053536563183 0.964317128722846 0.964813467575624 0.970027393893004 0.964299609900124 0.958435374149163 0.967535928088768 0.954829875416405 0.951454373862294 0.988423766791711 0.983722707841025 0.955782278009064 0.966688650125653 0.966078896409756 0.966153937540766 0.96978770286741 0.968904847044297 0.965882450149068 0.965922742830435 0.971532717678722 0.969507222442382
-9999 -9999 -9999 -9999 -9999 -9999 -9999 -9999 -9999 -9999 -9999 -9999 -9999 -9999 -9999 0.988714453197398 0.988714453197398 0.988714453197398 0.983966776483811 0.988671195981754 0.98860115972215 0.983966776483811 0.98860115972215 0.962844169769873 0.970407198466246 0.951791708526414 0.950902848901641 0.964825923809571 0.950470334764454 0.950110196351296 0.961264130268603 0.988421684234836 0.988421684234836 0.988492816273752 0.96494442331026 0.951193905242785 0.966615261954897 0.970285495898591 0.97191733499156 0.968423013271871 0.977150575377154 0.973619276758004 0.966147109139846 0.960896811928557 0.988773642513017
-9999 -9999 -9999 -9999 -9999 -9999 -9999 -9999 -9999 -9999 -9999 -9999 -9999 -9999 0.988713946523518 0.984125760179146 0.988713946523518 0.984125417165741 0.988600647991245 0.983966430063118 0.983966430063118 0.988671205389241 0.959107683801319 0.969302130345426 0.969977137910873 0.968892521366997 0.950549241211123 0.969991551566625 0.964557506462899 0.949334744805027 0.967101444629199 0.983714583927432 0.983714935209033 0.988421164228827 0.969260851343492 0.966573562212401 0.965087828051542 0.96511173082581 0.969187546425178 0.96562763677997 0.966790476291475 0.97310558875243 0.973124601681829 0.966207706205153 0.984111436119935
-9999 -9999 -9999 -9999 -9999 -9999 -9999 -9999 -9999 -9999 -9999 0.988913170571491 0.984125417165741 0.984125090839585 0.984125417165741 0.988713463134526 0.984125090839585 0.98878381594925 0.983966100495438 0.988671214796728 0.983966100495438 0.951584232543774 0.965776757510139 0.965221743570604 0.951639993634489 0.967748051168719 0.965287630257549 0.970732622688186 0.964323375953546 0.9621891832551 0.954708902341012 0.988492836093925 0.988420667816812 0.983714249552549 0.988128406772665 0.968984762176762 0.978204793277817 0.978157140555637 0.988431200117632 0.983627578974336 0.983627578974336 0.988431200117632 0.988773663440264 0.988773663440264 0.984111093806944
-9999 -9999 -9999 -9999 -9999 -9999 -9999 -9999 -9999 -9999 0.968217292000446 0.98884317805653 0.98878381594925 0.988713002099001 0.988713002099001 0.984124781200663 0.988783826195215 0.988713002099001 0.983965787780752 0.983965787780752 0.953407101741281 0.964111267663444 0.964813122989439 0.954626152332233 0.965541994396847 0.965019623129459 0.968114967996733 0.972519596265345 0.966962856850276 0.959519415681139 0.974396174831843 0.969278509230341 0.965375775108174 0.970064137520406 0.988202394925072 0.983303879396909 0.988358182040576 0.988358182040576 0.98843120949237 0.983627243123966 0.988358182040576 0.983627243123966 0.984110767794681 0.98870279449252 0.98877368163787
-9999 -9999 -9999 -9999 -9999 -9999 -9999 -9999 -9999 -9999 0.988974812454249 0.984492492173563 0.988830181721529 0.988830181721529 0.984289530053917 0.988900711639599 0.988900711639599 0.984289530053917 0.96493163984873 0.97268552164237 0.951337436488962 0.951322768583941 0.953185068080198 0.966337396995233 0.972168162903644 0.969254170090186 0.974091180345518 0.97353710613383 0.981355152019513 0.974753793299188 0.977895851012466 0.966991653123765 0.953776423503552 0.966796251076376 0.958290761724674 0.955832592797321 0.989013196958836 0.984448378709898 0.988943378219039 0.988943378219039 0.988943378219039 0.988943378219039 0.989400710834864 0.989400710834864 0.989400710834864
-9999 -9999 -9999 -9999 -9999 -9999 -9999 -9999 -9999 0.967780979711078 0.988974409383793 0.988974409383793 0.988829773393427 0.984289254803504 0.988900719935797 0.988829773393427 0.984289254803504 0.970076823956045 0.951615014289127 0.972248755766506 0.970514414155602 0.968442537909099 0.965499880879143 0.951957804035861 0.978499253314087 0.970160751659817 0.974405940335247 0.973733548082519 0.950808955165138 0.964698633959933 0.96622952703876 0.96863949522739 0.967519276397502 0.967688606807455 0.967353936681865 0.967105282257269 0.988942973925895 0.989013205864602 0.984448107451307 0.96656433279875 0.984448107451307 0.988942973925895 0.989467665620793 0.985089970838037 0.989400323174638
-9999 -9999 -9999 -9999 -9999 -9999 -9999 -9999 -9999 0.967507276421968 0.988974029969992 0.988974029969992 0.984288997903189 0.988900727310196 0.98882938903056 0.984288997903189 0.9661341321301 0.968237243764501 0.949502374210467 0.964264444186329 0.949920127575026 0.962939532818795 0.97754111044577 0.969098499761903 0.970167994408528 0.965106429038521 0.971168007796523 0.964762733164263 0.9707316906594 0.973502530043135 0.967235785224327 0.965786330847608 0.968537516330642 0.969760874984017 0.95444609030148 0.953440982280648 0.964819501636993 0.968058524664924 0.966694902134256 0.971395806105746 0.989013212098638 0.988942592786254 0.940539996061025 0.989467671598338 0.989467671598338
-9999 -9999 -9999 -9999 -9999 -9999 0.969211549543213 0.9709110701674 0.968051023725818 0.95100326658737 0.981879753075781 0.984491727727613 0.988900734684594 0.984288755682952 0.984288755682952 0.966549889266557 0.952820435159356 0.95113318077809 0.965535641722138 0.964406127606303 0.972614381406433 0.967927804052955 0.967332555898095 0.965584776601982 0.951208071881659 0.955956341843937 0.969283181599875 0.952947961655715 0.978647349786827 0.952965459393283 0.962455675008703 0.966787472226766 0.970790528572616 0.967170997776674 0.966593010326716 0.967022159753679 0.970550347904245 0.962032103006714 0.955474987969025 0.979753039446456 0.969133542203831 0.984333967323105 0.976408340063246 0.970039806777047 0.989467678429819
-9999 -9999 -9999 -9999 -9999 -9999 0.959538391424124 0.960677407574991 0.965336675543057 0.97451617968706 0.96447301800182 0.984491503103797 0.984288528142785 0.988900741137193 0.988828688513489 0.975999244115555 0.975515824798125 0.975151085166966 0.974366934767324 0.973863851388512 0.971303578408973 0.951593350498208 0.966663107527022 0.975666859251435 0.964798920150445 0.965250419852456 0.966765041179514 0.958980761250005 0.978320315783051 0.949054528769427 0.972519459651848 0.966778649753465 0.969251846117602 0.966527542097524 0.966441520742245 0.966876769687709 0.968127405028672 0.972259885150561 0.969023002141599 0.979565131431638 0.969474241172092 0.988914234183367 0.961335375334262 0.965913999503329 0.969605957338628
-9999 -9999 -9999 -9999 -9999 0.9669099685785 0.954696019993751 0.971687670639005 0.974454969181106 0.94642542160587 0.944652759529045 0.988973026389347 0.988900747589792 0.988900747589792 0.965655060712005 0.957894364258163 0.964064843272021 0.967871839679993 0.953800574371348 0.973711444539428 0.964436730381295 0.957974515922969 0.969175996497391 0.975441163109045 0.966754364326727 0.951090637610891 0.950651339217785 0.968738953804698 0.970433274418174 0.969000469268505 0.967484340486245 0.958204459064254 0.96666259153298 0.966700616825328 0.974391983189946 0.9619291614089 0.968051158270367 0.96887500152549 0.971143621005393 0.979401004081738 0.969416347196085 0.98891372406348 0.970415230254843 0.974798404530316 0.969506485434736
-9999 -9999 0.963789187026858 0.955987084035333 0.966298532010287 0.964762830508791 0.96345588415674 0.969445306679111 0.981820291884373 0.959795696305417 0.970728452829629 0.971073166540482 0.978556636863241 0.9514045189694 0.951824904430621 0.968481862737424 0.965631335927743 0.965389587735492 0.964188272794855 0.973857805850848 0.96301655910362 0.969268166218652 0.965959189862495 0.971092280297556 0.965360668060883 0.96865822026053 0.966322028279843 0.966053212813309 0.970513663942528 0.978416622165663 0.978287717168442 0.966038916833395 0.954378195703261 0.954678189422664 0.974283527750627 0.966302426122233 0.960935197509863 0.96885432116689 0.957840950694015 0.979100967648567 0.95760609554002 0.989024724921019 0.969635081370495 0.969709914018897 0.959452749292539
-9999 0.954276399184107 0.960282255366638 0.966831188183711 0.961977437995582 0.966164539759671 0.98160465397693 0.974209700748527 0.961478904569509 0.943292009715401 0.970736644798206 0.952755175988655 0.972712992122392 0.968884075207709 0.977261772924069 0.966244299994851 0.954925321125746 0.964732787107781 0.957296038892841 0.972336496433748 0.967789983543143 0.965695834717156 0.951993089663582 0.970222852836462 0.9650647540625 0.961790319199136 0.964586947663969 0.963921649396351 0.967695145013297 0.953807226893525 0.960171552686981 0.969447896148636 0.971362235051161 0.96625872329997 0.973996595589463 0.966767970231697 0.971372624293754 0.968535884629956 0.957539115086346 0.978791922996799 0.955161154900185 0.989020109778399 0.957053213633645 0.956749911825333 0.953436647646532
-9999 0.953537283133132 0.956203456349228 0.98182293827128 0.981843719510388 0.974632633380152 0.965328198099741 0.96690419894634 0.967149175880187 0.95820672620385 0.966434438793722 0.959702416576001 0.967891081798942 0.972060031852934 0.967205644401498 0.967585254474675 0.974950537827437 0.964753610202623 0.96619490370359 0.951890116374639 0.958731604818417 0.951858099049104 0.965715917116684 0.969413474731324 0.965014245530787 0.972298888336304 0.971342663956163 0.969935028061802 0.964168570785529 0.963875884357118 0.969746446649847 0.954148376599985 0.968744873671294 0.952933212062847 0.966676711871145 0.962172739167017 0.968315969687742 0.967681431657996 0.96699145485619 0.976877917634672 0.96779502378113 0.96831605459369 0.984738351089574 0.976267946513258 0.968927632598098
