Archive - glowpa-model-master/Model input/Uganda/survival/Lsurvival/Lsurvival_restime_1sep.asc
NCOLS 67 
NROWS 67 
XLLCORNER 29.500000001 
YLLCORNER -1.499999999 
CELLSIZE 0.0833333332985075 
NODATA_value -9999 
[rows 20 to 39 of 67, columns 0 to 44 of 67]
-9999 -9999 -9999 -9999 -9999 -9999 -9999 -9999 -9999 -9999 -9999 -9999 -9999 -9999 -9999 0.957937705332523 0.953214717699303 0.967246147692128 0.955854981528356 0.967805386889436 0.966181532676467 0.968178459215676 0.970700687591533 0.961705344081421 0.974304419603995 0.973476818030592 0.954069334014366 0.957038887237428 0.984670463728753 0.975306044961169 0.966199233768035 0.952999170922831 0.968908556667639 0.956294425675926 0.978155678604069 0.977895451471923 0.973174335805142 0.969290663060651 0.967165565197828 0.968339357834443 0.969164353491934 0.9568354033016 0.971139568769477 0.97136440067626 0.970505847243766
-9999 -9999 -9999 -9999 -9999 -9999 -9999 -9999 -9999 -9999 -9999 -9999 -9999 -9999 -9999 0.966178393427052 0.953022541901626 0.952610641814802 0.964819020389809 0.966210763695279 0.955912537075786 0.965375145255808 0.960524031729357 0.966437246454973 0.984694850082617 0.989120061891647 0.989117549684734 0.989107131348775 0.96828117778667 0.984646985568716 0.98918432481695 0.967268267299367 0.970925932370284 0.955666839146343 0.96965779032491 0.966594809949832 0.96932492977811 0.966293772306395 0.974817024273495 0.97401633973535 0.972673889003078 0.967426448743468 0.968143376097542 0.969576222785994 0.969221645701678
-9999 -9999 -9999 -9999 -9999 -9999 -9999 -9999 -9999 -9999 -9999 -9999 -9999 -9999 -9999 -9999 0.966328871200987 0.956045580690719 0.96745810973575 0.950552770999285 0.984558910058786 0.984558482421146 0.989024241402447 0.989111908061451 0.966764281711625 0.96702116912481 0.967554184427156 0.961894579785961 0.971951363697087 0.97055828870771 0.969512631325861 0.984775193100575 0.989176823648683 0.989170134848879 0.968069517064788 0.968664086953668 0.976897020456974 0.968652418357582 0.959813594942577 0.969111194952588 0.968877611149423 0.954517269447744 0.968060774232094 0.968042787522701 0.956552553983846
-9999 -9999 -9999 -9999 -9999 -9999 -9999 -9999 -9999 -9999 -9999 -9999 -9999 -9999 -9999 -9999 -9999 0.953780257003098 0.989088843917878 0.989088854840047 0.989023633441646 0.989088854840047 0.989023633441646 0.97022096712407 0.969098061318664 0.960674123167361 0.969809508725035 0.961170652447506 0.96830378594362 0.96828982400088 0.967639760059666 0.967525534306504 0.961121330571265 0.989191047289762 0.967770200846836 0.958587846002783 0.968513564122131 0.971324052948451 0.969010226797588 0.96864597361094 0.967629310916789 0.954136859604594 0.971334780641537 0.973540878280616 0.969094847835506
-9999 -9999 -9999 -9999 -9999 -9999 -9999 -9999 -9999 -9999 -9999 -9999 -9999 -9999 -9999 0.965413832171395 0.964618288294289 0.989196713221504 0.98455806746785 0.98455806746785 0.989023048234221 0.989088866672396 0.989023048234221 0.989088854840047 0.968128961643146 0.976199841358244 0.975751644873325 0.970248346152671 0.957280468874651 0.965287554489863 0.954276448348108 0.954433413100342 0.967733445604165 0.973018564628264 0.984696418924079 0.977205967787051 0.968869979634419 0.955107824668267 0.954968437468691 0.962378631013766 0.970967009781818 0.967167173362349 0.976187750225541 0.973953365000842 0.95518316102649
-9999 -9999 -9999 -9999 -9999 -9999 -9999 -9999 -9999 -9999 -9999 -9999 -9999 -9999 -9999 0.967497155530953 0.984911164874679 0.989274330807303 0.989128556599367 0.989128556599367 0.984706173224623 0.989194311311486 0.989128556599367 0.984706173224623 0.970117636117415 0.967849889887941 0.955284196738273 0.962368339057829 0.954989575309719 0.969804292835297 0.968291372701445 0.968358003478323 0.968278780483554 0.985022746206106 0.976482339875178 0.975783623871604 0.976487788758691 0.97588488866609 0.975103842349228 0.971126357984361 0.971189399689111 0.968934158956731 0.969868809616475 0.973211461701695 0.958142776762219
-9999 -9999 -9999 -9999 -9999 -9999 -9999 -9999 -9999 -9999 -9999 -9999 -9999 -9999 -9999 0.984910792993854 0.989273804310367 0.989273804310367 0.989128022986124 0.984705810697742 0.989194321227258 0.989128022986124 0.984705810697742 0.968598970232591 0.963431722791638 0.968249244999313 0.968299741242119 0.972452283194267 0.966814586164381 0.961509527802523 0.970245929790599 0.958563140958099 0.955427625290714 0.989331426174999 0.984994575098377 0.959350601868461 0.97009535647158 0.969588341155841 0.969729586218431 0.973529645261765 0.972742860268227 0.96991225646381 0.970503225436061 0.97490699491881 0.973078614848222
-9999 -9999 -9999 -9999 -9999 -9999 -9999 -9999 -9999 -9999 -9999 -9999 -9999 -9999 -9999 0.989273300047518 0.989273300047518 0.989273300047518 0.984705464323173 0.989194331143031 0.989127511907493 0.984705464323173 0.989127511907493 0.965513433866959 0.972243514024901 0.954938117742752 0.95400062004682 0.967240502534942 0.9540146631355 0.953837108784191 0.96455653304197 0.989329451551004 0.989329451551004 0.989395036906821 0.967819422607109 0.955158130589183 0.970079871333838 0.973417080998088 0.975368263025859 0.972411507832391 0.979951164254948 0.976734709501671 0.971024102722645 0.96549147529878 0.990045113352533
-9999 -9999 -9999 -9999 -9999 -9999 -9999 -9999 -9999 -9999 -9999 -9999 -9999 -9999 0.989272817129368 0.984910093504112 0.989272817129368 0.984909767666022 0.989127022462068 0.984705134100899 0.984705134100899 0.989194341058804 0.961160563160523 0.970757556539992 0.97168626508807 0.970638451430802 0.953782177321895 0.972050791642231 0.96689148597857 0.952843253530301 0.969906508788799 0.984988587504145 0.984988910648887 0.989328971753772 0.97281302764263 0.970643230897006 0.969410906766476 0.97147130180395 0.97320502234797 0.970210855850614 0.9700217164481 0.975888015658468 0.976341915663645 0.970365789517084 0.985907163078229
-9999 -9999 -9999 -9999 -9999 -9999 -9999 -9999 -9999 -9999 -9999 0.989498309946149 0.984909767666022 0.984909457765765 0.984909767666022 0.989272358223942 0.984909457765765 0.989339246824867 0.984704820030904 0.989194350073143 0.984704820030904 0.954479138921478 0.967660541976447 0.966587014830783 0.953241308107186 0.969473036010438 0.966912911794041 0.972654423379175 0.966715793160409 0.964969668585537 0.958362041052831 0.989395054547599 0.989328514006263 0.984988278409273 0.989017986003155 0.972545089809957 0.981161055268514 0.981085838746735 0.989542164377232 0.985196376753377 0.985196376753377 0.989542164377232 0.990045131327707 0.990045131327707 0.985906860404772
-9999 -9999 -9999 -9999 -9999 -9999 -9999 -9999 -9999 -9999 0.969662259389707 0.989431990886758 0.989339246824867 0.989271919773801 0.989271919773801 0.984909162032467 0.989339255718983 0.989271919773801 0.984704520318489 0.984704520318489 0.955994377004479 0.966084662801405 0.965893010470966 0.955953686612817 0.966724988652453 0.966247687070096 0.969391894027733 0.974101573198622 0.96919031667871 0.963342802284868 0.976217831385238 0.971665576033544 0.968021481270996 0.972400841912406 0.989086461848515 0.984552141829309 0.989476120798141 0.989476120798141 0.989542172958396 0.985196072605626 0.989476120798141 0.985196072605626 0.985906570749616 0.989982247993915 0.990045148485828
-9999 -9999 -9999 -9999 -9999 -9999 -9999 -9999 -9999 -9999 0.989384793064972 0.98506788836974 0.989207961825163 0.989207961825163 0.984819698367756 0.989276119357728 0.989276119357728 0.984819698367756 0.965905033895318 0.97364496000312 0.953135432567269 0.953177541938913 0.953495320135184 0.966602333934508 0.972534893127686 0.969795930369424 0.975078364453166 0.974568339071169 0.982132336042196 0.975805840342757 0.979169529355033 0.969130775950252 0.956828508578443 0.968965820862574 0.961029829620584 0.958666007587873 0.989767104067751 0.985513217754019 0.989702050259847 0.989702050259847 0.989702050259847 0.989702050259847 0.990381192791664 0.990381192791664 0.990381192791664
-9999 -9999 -9999 -9999 -9999 -9999 -9999 -9999 -9999 0.968860496432029 0.989384404980643 0.989384404980643 0.989207567311336 0.984819432962783 0.989276126514936 0.989207567311336 0.984819432962783 0.971203870511014 0.95345321153959 0.973222962681469 0.971443663585469 0.969240422867153 0.967176021533052 0.954538407164623 0.979507594910775 0.971515955640769 0.975404932532494 0.974828549076749 0.952910416226209 0.966442410764157 0.968375428082214 0.970422162419315 0.969678907037031 0.969823751082495 0.96946426538439 0.96920102286971 0.989701674073677 0.989767110785804 0.985512965237517 0.969610319516589 0.985512965237517 0.989701674073677 0.990441983370959 0.986466480681464 0.990380841293963
-9999 -9999 -9999 -9999 -9999 -9999 -9999 -9999 -9999 0.968568380200464 0.989384038896699 0.989384038896699 0.984819183589049 0.989276133672144 0.989207195162383 0.984819183589049 0.967436334729999 0.969411522325952 0.951278907042245 0.965469946658947 0.952439226008627 0.965986491657349 0.978575225100585 0.970522067485944 0.971498348626392 0.966741149933502 0.972458457788636 0.966395645523846 0.971795461809986 0.974717876314452 0.969415431192466 0.967972643403984 0.970339905168208 0.971751663532259 0.957373334812182 0.956192797845921 0.967165492506178 0.970144072952794 0.968859630165735 0.972711736161209 0.989767117503857 0.98970131888017 0.926054850732981 0.99044198964809 0.99044198964809
-9999 -9999 -9999 -9999 -9999 -9999 0.969830478179999 0.97162378696221 0.968959202924311 0.952187451588113 0.980433126903221 0.985067150634615 0.989276140829352 0.9848189484653 0.9848189484653 0.967659336104198 0.954673364439233 0.952831560089447 0.966252213353673 0.964342337024024 0.973924962809752 0.969350874093493 0.967772451668009 0.966440170721631 0.952975142288918 0.957791268664311 0.970468754887347 0.954734641578828 0.979358426290744 0.9551660914659 0.964794329253893 0.968910153500195 0.972555633159851 0.968935494138829 0.968612562573773 0.969085603233652 0.972538267551814 0.964518109941724 0.958362414654436 0.98068832493418 0.97049379638634 0.984826782881964 0.97848465656781 0.972699745162576 0.990441995925221
-9999 -9999 -9999 -9999 -9999 -9999 0.960393947648222 0.961635411513541 0.966152732880743 0.97251946606941 0.965469510688656 0.985066936849243 0.984818731154006 0.98927614709191 0.989206517958998 0.977799515268697 0.977439708330823 0.977191896246492 0.976517536023187 0.976273177994556 0.973191550431966 0.952117513995224 0.968091906713616 0.97671042053841 0.966137433480922 0.966813813007367 0.967991526017441 0.960787878882507 0.979005342580164 0.951514833666923 0.974230193452277 0.968824596444311 0.971046784019606 0.968493833984921 0.968200301598132 0.968856650307578 0.970227513303726 0.974095093830764 0.971060396346039 0.980466432672981 0.970988351270596 0.989253091070237 0.964677712367373 0.968861278791989 0.972226093087939
-9999 -9999 -9999 -9999 -9999 0.967812560373012 0.955560702093394 0.972301716838127 0.972491434158381 0.948359726348435 0.946781609297526 0.98938307264694 0.989276153354467 0.989276153354467 0.968061226041701 0.962300767811421 0.966422502418805 0.969294313811434 0.955462943403906 0.976292780466319 0.964896727373743 0.96134796181113 0.970873622841943 0.976562608791535 0.967684207620123 0.953401383281603 0.952794600268397 0.970091066047653 0.971447360198967 0.969970215386394 0.9695467408488 0.960695038235606 0.968635896647588 0.968586216383796 0.975805180071987 0.963711280810759 0.970072369510965 0.970916131533264 0.973047467750533 0.980299329475687 0.970989496245585 0.989247666252104 0.97295291696413 0.976971772406704 0.972117952294101
-9999 -9999 0.964647052366237 0.957022431140021 0.967079932062539 0.965785476467213 0.964296240766218 0.970075763427599 0.980262274358051 0.962237842298656 0.972256815751002 0.97257890493178 0.980070641533937 0.954771568529034 0.9567554458997 0.97148016157947 0.968891838721444 0.967553076085319 0.966105511665551 0.976192963920091 0.965458587129713 0.971978832923406 0.968896766866643 0.973023967212422 0.966363484660637 0.968640341207733 0.966402348867698 0.966512416505763 0.970710809405062 0.978539341351676 0.978706085089491 0.967127422753983 0.955733682743388 0.955838668543966 0.974926264727455 0.966704812110542 0.962062162249582 0.97023078755997 0.959745860800561 0.97953152770613 0.959009092450998 0.989138499999808 0.971293418413129 0.971393610547646 0.961657223976457
-9999 0.955481508624215 0.961295455342122 0.967800704705037 0.962896870396343 0.967183968109124 0.979925684626803 0.971913674057971 0.963995558486008 0.947202881607958 0.972216980821914 0.954939564260213 0.973588065230073 0.971254209486178 0.979160955643942 0.968929156942097 0.959364172110163 0.968184599541104 0.960967605492466 0.974848577748928 0.970487200994824 0.968572521883619 0.956257092423152 0.972463531000946 0.966788156891343 0.962103533084701 0.96416221573175 0.963485776911697 0.967681256192058 0.954201462389916 0.960852351777145 0.970029159043328 0.971958507100827 0.966910404372986 0.974668322323904 0.967274241921769 0.972091057366918 0.969581249970596 0.958898177335958 0.979209650404825 0.95636020153278 0.989129798352679 0.959275417591962 0.959151400301248 0.955972030909149
-9999 0.954843774727886 0.957389198727789 0.980106007082302 0.980137773452846 0.972508510026722 0.967160995069923 0.968919647243275 0.968860573885381 0.960249735572793 0.968040137493442 0.961148396537429 0.968305041148922 0.972787283029838 0.968152126011729 0.970373882566265 0.977237276400884 0.96803791100311 0.969252544664368 0.955983764445795 0.962490453318882 0.956046692183402 0.968467579735078 0.971611175255175 0.967037062673899 0.972637013267869 0.971817523341976 0.969964988313889 0.963755895719177 0.963806211879499 0.970065550087414 0.955072036759691 0.969317601987838 0.953459413522847 0.967215412790558 0.963271710208327 0.969072073432489 0.968457099534161 0.967772657578849 0.977260798220909 0.968494557546815 0.969089159241888 0.985086566701699 0.977321557521533 0.970573498659505
