Archive - glowpa-model-master/Model input/Uganda/survival/Lsurvival/Lsurvival_restime_1feb.asc
NCOLS 67 
NROWS 67 
XLLCORNER 29.500000001 
YLLCORNER -1.499999999 
CELLSIZE 0.0833333332985075 
NODATA_value -9999 
[rows 20 to 39 of 67, columns 0 to 44 of 67]
-9999 -9999 -9999 -9999 -9999 -9999 -9999 -9999 -9999 -9999 -9999 -9999 -9999 -9999 -9999 0.960440323466607 0.956015536823192 0.969221561824637 0.957382823550517 0.965822147595588 0.963668735551436 0.966590457536996 0.970400294101232 0.956817762209871 0.972147791765799 0.971363571409157 0.95043576190247 0.954343643663028 0.984329935718034 0.974868168330941 0.965241303298036 0.95162595790628 0.967755351941067 0.954532755403384 0.977137363505496 0.976874144593774 0.971371573023666 0.967614906398931 0.965563581043612 0.967069674778427 0.967548903753701 0.954100167940879 0.969195211831515 0.969647183204198 0.968338332277588
-9999 -9999 -9999 -9999 -9999 -9999 -9999 -9999 -9999 -9999 -9999 -9999 -9999 -9999 -9999 0.968205112462653 0.95573203639651 0.955465739373284 0.966084156499755 0.966872423414267 0.956090778114645 0.965252727300683 0.957342815732546 0.964064878358272 0.984344382872105 0.988870787577843 0.988869244141817 0.988862742271815 0.965865915415896 0.984309740091738 0.988759080523056 0.966200538653487 0.969809397222473 0.953952187587081 0.968224706613025 0.965121216730153 0.967773060090674 0.964728938276139 0.973619149133776 0.97269719468576 0.97103045492667 0.965484808510507 0.965725626330852 0.967236050600119 0.967062367956547
-9999 -9999 -9999 -9999 -9999 -9999 -9999 -9999 -9999 -9999 -9999 -9999 -9999 -9999 -9999 -9999 0.968093124259896 0.958380925508523 0.968428845721666 0.951432448617781 0.984680547924401 0.984680121123703 0.989110896900543 0.989124394498505 0.965532269187103 0.965186475705757 0.964523270132937 0.959900585747118 0.970701016556571 0.969692898471551 0.968366525369776 0.984179395341062 0.98875275201699 0.988747084183384 0.966893275028675 0.967860563411104 0.975858856824723 0.967766529756688 0.957851212151956 0.967414199518451 0.966678985605222 0.951384712290624 0.96535419587993 0.965150097823305 0.95315432984471
-9999 -9999 -9999 -9999 -9999 -9999 -9999 -9999 -9999 -9999 -9999 -9999 -9999 -9999 -9999 -9999 -9999 0.955740548465864 0.989174991889849 0.989175003453615 0.989110294734389 0.989175003453615 0.989110294734389 0.968620919821797 0.96710111407736 0.956983276826614 0.966575390931964 0.958378502415825 0.965906084726129 0.96760096099944 0.966472191082074 0.966313954646686 0.959599853957062 0.988776960459972 0.966765849886683 0.957934663961699 0.966983493579975 0.969552013403698 0.96718244386735 0.967340793904594 0.965293546922428 0.950916080644399 0.969148178071947 0.971438927694604 0.966893100638334
-9999 -9999 -9999 -9999 -9999 -9999 -9999 -9999 -9999 -9999 -9999 -9999 -9999 -9999 -9999 0.967353843616195 0.966457929495534 0.989475555398555 0.984679712032752 0.984679712032752 0.989109713915684 0.989175015017382 0.989109713915684 0.989175003453615 0.965592259195635 0.974616912512694 0.974236268758198 0.968695689939726 0.955210327446067 0.964559541792173 0.952586916179436 0.95274650557195 0.966536958865652 0.971942739516442 0.984112388088682 0.976676461538703 0.966910050107651 0.952864188609033 0.953591519510404 0.96025126198917 0.968964034024876 0.96487413587859 0.974265485387739 0.971897282163372 0.951978434407891
-9999 -9999 -9999 -9999 -9999 -9999 -9999 -9999 -9999 -9999 -9999 -9999 -9999 -9999 -9999 0.968270741011267 0.984825130431006 0.989213037959142 0.98893652721747 0.98893652721747 0.984436643855461 0.989003436758987 0.98893652721747 0.984436643855461 0.966297658730635 0.963713456100277 0.951679596354141 0.960001592260015 0.952511715147213 0.968566490981909 0.965918782595635 0.96601927125007 0.965943036605455 0.983889223151735 0.974968816512248 0.974333669217334 0.974494542478344 0.97381934755107 0.972845220969807 0.96824233709559 0.968305294929367 0.965704170665384 0.965436112928938 0.969568984734867 0.952365168459161
-9999 -9999 -9999 -9999 -9999 -9999 -9999 -9999 -9999 -9999 -9999 -9999 -9999 -9999 -9999 0.984824755025663 0.989212508464184 0.989212508464184 0.988935984225597 0.984436276912627 0.989003447601491 0.988935984225597 0.984436276912627 0.966534845398619 0.961676016445918 0.965549916956295 0.965945856650915 0.97097506081312 0.965476030775102 0.959874228764058 0.968024728627719 0.955510531214543 0.952197782193355 0.988523770383944 0.983861240261459 0.956355523110943 0.967124999389098 0.966552474476679 0.966634356122526 0.970314218076884 0.969453249864279 0.966418389314481 0.965968719774501 0.971434968412365 0.969396613840067
-9999 -9999 -9999 -9999 -9999 -9999 -9999 -9999 -9999 -9999 -9999 -9999 -9999 -9999 -9999 0.989212000995073 0.989212000995073 0.989212000995073 0.984435922561098 0.989003457540454 0.988935463821021 0.984435922561098 0.988935463821021 0.96394500940958 0.971350559483225 0.953272554136776 0.952421504234859 0.965916799042542 0.952130517524973 0.951765697258857 0.961819169121685 0.988521882238796 0.988521882238796 0.988592403411512 0.965486034689858 0.951904692213767 0.967077606087574 0.970686752497194 0.972347890168876 0.96895390516094 0.977539783065052 0.974096937665969 0.9662430687043 0.960762595745775 0.988662916183466
-9999 -9999 -9999 -9999 -9999 -9999 -9999 -9999 -9999 -9999 -9999 -9999 -9999 -9999 0.989211516432797 0.984824051579587 0.989211516432797 0.98482372529305 0.988934966907185 0.984435587995812 0.984435587995812 0.989003466575874 0.960973067084526 0.970729386326879 0.970927732783355 0.969884338955646 0.952151906017702 0.970964493253706 0.965734659520114 0.950881665571602 0.967489644598157 0.983855183715736 0.983855530683166 0.988521366776199 0.969744225442704 0.967088028419107 0.965613432692603 0.965945739027407 0.969705343987395 0.966367452201803 0.967332845798916 0.973522208509719 0.973040114734848 0.966131418858814 0.983955100535034
-9999 -9999 -9999 -9999 -9999 -9999 -9999 -9999 -9999 -9999 -9999 0.989621581924765 0.98482372529305 0.984823413040443 0.98482372529305 0.9892110538963 0.984823413040443 0.989278323070714 0.984435267820537 0.989003476514837 0.984435267820537 0.95391495274296 0.967361681761437 0.966809556558141 0.953161577733015 0.968792006746488 0.966445331258775 0.971679433513107 0.965510655722351 0.963284976745834 0.955129843426584 0.988592422055255 0.988520874616863 0.983854851591947 0.988237584661456 0.969490882503294 0.978564066825181 0.978521830436713 0.988533051715581 0.983771374023215 0.983771374023215 0.988533051715581 0.988662936325353 0.988662936325353 0.983954754286422
-9999 -9999 -9999 -9999 -9999 -9999 -9999 -9999 -9999 -9999 0.970831621776908 0.989556037972784 0.989278323070714 0.989210613385552 0.989210613385552 0.984823116575981 0.98927833188153 0.989210613385552 0.984434963833996 0.984434963833996 0.955539218094023 0.96576008135503 0.966415349016068 0.956699121369708 0.966675763871338 0.966160950425919 0.969172557408019 0.973411727613091 0.968030388165847 0.960486858649543 0.974556260263659 0.969611337807485 0.965785352585734 0.970406904579957 0.988310897499056 0.983457053363767 0.988460672339908 0.988460672339908 0.988533060975265 0.983771040437335 0.988460672339908 0.983771040437335 0.983954424439174 0.98859137204149 0.988662955551701
-9999 -9999 -9999 -9999 -9999 -9999 -9999 -9999 -9999 -9999 0.989361844272724 0.985035678192824 0.988941703521215 0.988941703521215 0.98444602850498 0.989011533803429 0.989011533803429 0.98444602850498 0.964657130409165 0.972815775982474 0.951611130195267 0.951576107981004 0.953285141053903 0.966523517905285 0.971867666793303 0.968944630457587 0.973806786603189 0.973253120234801 0.98106739287186 0.974345708968574 0.977050367439557 0.965864531749697 0.952181548459187 0.965655950579789 0.956895013924691 0.954458263164803 0.988332516255514 0.983487256364566 0.988258397091835 0.988258397091835 0.988258397091835 0.988258397091835 0.988491337525505 0.988491337525505 0.988491337525505
-9999 -9999 -9999 -9999 -9999 -9999 -9999 -9999 -9999 0.969513528067099 0.989361455961639 0.989361455961639 0.98894129996014 0.984445757092422 0.989011541929396 0.98894129996014 0.984445757092422 0.970814893557115 0.952038974372214 0.97237633215916 0.970636294131178 0.968553575915889 0.965569898653855 0.952252642753157 0.978194933968852 0.969737249271548 0.974120842931148 0.97333560971322 0.950308258270192 0.964267914130492 0.96505573923342 0.967450742972569 0.966391808112549 0.966574188224701 0.96628366353938 0.966100120238769 0.988257968482944 0.98833252473413 0.983486967630019 0.964195526209185 0.983486967630019 0.988257968482944 0.988564003081974 0.983813790056752 0.988490917370134
-9999 -9999 -9999 -9999 -9999 -9999 -9999 -9999 -9999 0.969254078353703 0.989361089368316 0.989361089368316 0.984445501856839 0.989011548249592 0.988940918969745 0.984445501856839 0.967073366482759 0.969096270402542 0.949786175873235 0.96448527164808 0.950219688491933 0.963107265047699 0.977617437772182 0.969181798379101 0.969736384957896 0.964694765805223 0.970755832242251 0.964337651760435 0.970320351229032 0.973186328617859 0.966137332869913 0.964600257106604 0.967355387745727 0.96870765392366 0.952903539927496 0.951934335200537 0.962825717904047 0.966287099508688 0.964897208291837 0.969714324441438 0.988332532270677 0.988257563424163 0.899178638879627 0.988564010469865 0.988564010469865
-9999 -9999 -9999 -9999 -9999 -9999 0.970860308697587 0.972495225069477 0.969794992881657 0.953628061964269 0.982260831631042 0.985034939562961 0.989011555472673 0.984445261000787 0.984445261000787 0.96733776787218 0.954124029039162 0.952444495238363 0.965786890869594 0.964443978435123 0.972752743463412 0.968058466205446 0.967390450362188 0.965639483704178 0.950441399992481 0.955268948648649 0.968783673670341 0.952278964141159 0.978349164773903 0.952510032400435 0.961155667619643 0.965679271453218 0.969762545631194 0.965940153114397 0.965445171351538 0.965935793435961 0.968870162510689 0.95989644922826 0.953101232087783 0.978557397823402 0.967435826826131 0.98348904575953 0.974558213152162 0.967765252077539 0.988564017857757
-9999 -9999 -9999 -9999 -9999 -9999 0.961709041544108 0.962806705442474 0.967209292593219 0.975048986104049 0.966197173076132 0.985034725066336 0.984445038119119 0.989011562695754 0.988940224700897 0.976602360633853 0.976134074402223 0.975786495644289 0.974470545676657 0.973973976631254 0.971501263160681 0.951969676343475 0.966815955731794 0.975775193027888 0.964466166470926 0.964746186090292 0.966260295103236 0.958511006903846 0.978021118857227 0.94845712056564 0.971572954894109 0.96568645705687 0.968177462013796 0.965355374081127 0.965191924341327 0.965761842771106 0.966320416100826 0.970698305456084 0.967355602826303 0.978358810302477 0.967807704305113 0.988314006999925 0.958368895762162 0.963248699530868 0.967239944682536
-9999 -9999 -9999 -9999 -9999 0.969373605332161 0.957037925485945 0.973216805010611 0.974984351974584 0.949321938022752 0.947510981256249 0.989360120763388 0.989011568113065 0.989011568113065 0.966763689173009 0.959121421389755 0.965083300942196 0.968720580393127 0.954119081230702 0.973833110996341 0.964746812937697 0.95826700262323 0.969429785538866 0.975550964960812 0.966484693233291 0.950622294245076 0.949878062234106 0.968424889879732 0.970108028862264 0.968582098793711 0.96640276781575 0.956784535898142 0.965558902412427 0.965564964428136 0.973401376453928 0.960654760878826 0.96621122296967 0.967150632584133 0.969583649812283 0.97818160938119 0.967754476617821 0.988312671662747 0.968128275858836 0.972814547558359 0.967122787810827
-9999 -9999 0.965586942428585 0.958160661391577 0.967972002733769 0.966522282759615 0.964402470990079 0.970227656877948 0.981648935765807 0.960983872518175 0.971571812837599 0.971895207402358 0.9783529929719 0.951365918104503 0.95179680371486 0.968310668514904 0.965436218027415 0.965154226922836 0.962762163370221 0.972737578256537 0.961524350419461 0.968018200193665 0.964644459577027 0.969805240665472 0.96311022008029 0.966734825460579 0.964249734484956 0.963940117684322 0.968655574550907 0.976989898667194 0.976488961312789 0.963301834630938 0.950783930782258 0.95106906820814 0.972088343748007 0.963582604674062 0.956526226868303 0.965387834779953 0.953128507971542 0.976666241033427 0.952945225738604 0.987804971375096 0.965872446780048 0.96595352876373 0.954388792999679
-9999 0.956495001331131 0.962253526256643 0.968504203647604 0.963867858111251 0.967883367420057 0.981410105520757 0.973946303178797 0.962682767029517 0.9450415633643 0.971590195697789 0.954129677328261 0.972598787575349 0.968559768453314 0.977018551613575 0.966121138292191 0.954678991286978 0.964527616826971 0.955604813803505 0.971148454122641 0.966491030495476 0.964367304525568 0.950074107828785 0.968867138823023 0.962884240665457 0.959312566244868 0.962437459697505 0.961720827853062 0.965704063791284 0.950916956072756 0.957010908408767 0.966933546859532 0.969036795019737 0.963531697363916 0.971788961264557 0.964102213558 0.968148904727802 0.965031877646389 0.952797271776148 0.976315060367952 0.950191431257846 0.987799435342605 0.951716365579762 0.951386555930602 0.94748053500117
-9999 0.955865754041199 0.958347411429677 0.982043634613615 0.98206832224921 0.974984750233867 0.966272786117658 0.967835990487085 0.968154987772916 0.959418618801307 0.967404759441511 0.960808596462744 0.967713251876031 0.971920182055142 0.967067645175621 0.967234193752846 0.974623800933422 0.964572244601462 0.964885443533684 0.949953933789188 0.956957870340052 0.94994392021294 0.964284191736714 0.96802567789367 0.96274643446428 0.970480334653819 0.969454303501474 0.967996579307539 0.961989643990828 0.961621113717615 0.967341160999601 0.950545115411743 0.966186643917309 0.94923261009788 0.963983160017535 0.958973160611391 0.964791654898633 0.964091679886194 0.963208301653423 0.974163083187245 0.964122427389228 0.96478982086346 0.982838044560941 0.973255361089889 0.965037137683572
