Archive - glowpa-model-master/Model input/Uganda/survival/Lsurvival/Lsurvival_restime_1sep.asc
NCOLS 67 
NROWS 67 
XLLCORNER 29.500000001 
YLLCORNER -1.499999999 
CELLSIZE 0.0833333332985075 
NODATA_value -9999 
[rows 0 to 19 of 67, columns 0 to 44 of 67]
-9999.000000000000000 -9999 -9999 -9999 -9999 -9999 -9999 -9999 -9999 -9999 -9999 -9999 -9999 -9999 -9999 -9999 -9999 -9999 -9999 -9999 -9999 -9999 -9999 -9999 -9999 -9999 -9999 -9999 -9999 -9999 -9999 0.94924628277639 0.963872913381917 -9999 -9999 -9999 -9999 -9999 -9999 -9999 -9999 -9999 -9999 -9999 -9999
-9999 -9999 -9999 -9999 -9999 -9999 -9999 -9999 -9999 -9999 -9999 -9999 -9999 -9999 -9999 -9999 -9999 -9999 -9999 -9999 -9999 -9999 -9999 -9999 -9999 -9999 -9999 -9999 -9999 0.964831261782643 0.95253290931459 0.963290929222822 0.954610917236598 0.948577015610051 0.948802142484867 0.963460715750894 0.965251226967263 0.950652158096118 0.962461501319413 0.963153833929222 -9999 -9999 -9999 -9999 -9999
-9999 -9999 -9999 -9999 -9999 -9999 -9999 -9999 -9999 -9999 -9999 -9999 -9999 -9999 -9999 -9999 -9999 -9999 -9999 -9999 -9999 -9999 -9999 -9999 -9999 -9999 -9999 -9999 -9999 0.970067891771454 0.96257417559579 0.968608687916803 0.965206603507472 0.974900783412295 0.963080502731981 0.963635026816765 0.973359491097603 0.972404443021993 0.969929809864046 0.967863092537167 0.96310250853311 0.950143849704242 0.964537411300028 -9999 -9999
-9999 -9999 -9999 -9999 -9999 -9999 -9999 -9999 -9999 -9999 -9999 -9999 -9999 -9999 -9999 -9999 -9999 -9999 -9999 -9999 -9999 -9999 -9999 -9999 -9999 0.965712795611471 -9999 -9999 -9999 0.958673120040817 0.962337714370721 0.965966233537341 0.962988299483179 0.948155076364628 0.964455386114975 0.966417906029238 0.963940118520024 0.964338494270806 0.955085677343933 0.965438909644375 0.964693361572511 0.951439901967035 0.968133864946398 -9999 -9999
-9999 -9999 -9999 -9999 -9999 -9999 -9999 -9999 -9999 -9999 -9999 -9999 -9999 -9999 -9999 -9999 -9999 -9999 -9999 -9999 -9999 -9999 0.966095707394633 -9999 -9999 0.955016328814339 -9999 -9999 -9999 0.98789582607561 0.983256790519419 0.982983375629806 0.969030648983668 0.967744420918342 0.965180626869262 0.948667413198622 0.964511461197737 0.955855137381554 0.966964274324171 0.96450472776489 0.956315490278302 0.96424600387538 0.969641493947699 0.962358024520843 -9999
-9999 -9999 -9999 -9999 -9999 -9999 -9999 -9999 -9999 -9999 -9999 -9999 -9999 -9999 -9999 -9999 -9999 -9999 -9999 -9999 -9999 0.955859847200388 0.970068976543426 0.968441233618495 0.969326321085813 0.950505610235379 0.988988121262804 0.989038811980478 0.984596446291144 0.989108289418934 0.963208055498138 0.983018553566637 0.976393313462671 0.976033078915622 0.965372084903205 0.960205944544472 0.970737039665545 0.966555983854356 0.950700758939286 0.964785789204425 0.94962423652713 0.970463425637716 0.970569874502312 0.962521650153605 -9999
-9999 -9999 -9999 -9999 -9999 -9999 -9999 -9999 -9999 -9999 -9999 -9999 -9999 -9999 -9999 -9999 -9999 -9999 -9999 0.967239486946657 0.973797583569349 0.974402104869448 0.975855320114148 0.976511950803049 0.960026886243907 0.962876457932348 0.989038832303473 0.988987119021503 0.989056901061387 0.989108308752211 0.97021674676262 0.963634859722216 0.975562385812075 0.9554069540357 0.966152907004789 0.973628044393664 0.972976079651627 0.970810926829217 0.964847985729917 0.96719402917882 0.968592108117458 0.971458541846194 0.973421761752654 0.946354630443338 -9999
-9999 -9999 -9999 -9999 -9999 -9999 -9999 -9999 -9999 -9999 -9999 -9999 -9999 -9999 -9999 -9999 -9999 0.970098806334767 0.970971293815056 0.961568139701285 0.966512410735687 0.95581118261982 0.956068941220331 0.976680128507575 0.948537711601015 0.972151963932244 0.984537260255636 0.95153578034463 0.970191248075267 0.971251699056576 0.977300233260985 0.967413229521003 0.982957305489493 0.965105099668716 0.95395832492008 0.957770631582512 0.969596822890073 0.967016301201963 0.965101312026529 0.964535084392948 0.958615429410986 0.963659548199323 0.964126367468845 0.963207653131395 0.947908191740449
-9999 -9999 -9999 -9999 -9999 -9999 -9999 -9999 -9999 -9999 -9999 -9999 -9999 -9999 -9999 -9999 -9999 0.970231926249822 0.953952877082257 0.966795045920978 0.96649196793513 0.957789912483302 0.970846773646195 0.977419058959719 0.977204726905073 0.984528492860003 0.966658457865686 0.966686785000441 0.969254529272601 0.970582284195036 0.977181772022242 0.976752809920358 0.96713224669318 0.975890503031904 0.956740429326867 0.967503693261847 0.954194737580498 0.967409849866394 0.954466400447998 0.964716585302175 0.964189785349301 0.978692694562491 0.963347801247396 0.96748107661701 0.96315455318856
-9999 -9999 -9999 -9999 -9999 -9999 -9999 -9999 -9999 -9999 -9999 -9999 -9999 -9999 -9999 -9999 -9999 0.971746564991841 0.972043771511175 0.973814522959886 0.968588722469404 0.95935138362349 0.958958859245384 0.965577859131737 0.984475705541834 0.967273674972244 0.959887510458833 0.965734636190904 0.956892675592963 0.973964649217298 0.976626634554267 0.967168212529744 0.966702987537512 0.982918638629181 0.982786051981419 0.965872175300828 0.95423379051779 0.960795503699368 0.966709837589321 0.967669839017702 0.970240529382817 0.978631757373359 0.967799396977856 0.96868540524044 0.963228675365179
-9999 -9999 -9999 -9999 -9999 -9999 -9999 -9999 -9999 -9999 -9999 -9999 -9999 -9999 -9999 -9999 0.968380681097948 0.970660722035634 0.974651382662128 0.976526797639456 0.977365327031483 0.977449528615695 0.969157749917587 0.97198619214326 0.989025064833511 0.97406621702313 0.967698303369861 0.954471815342988 0.958438875328479 0.972050637144887 0.974207713218998 0.954394717871047 0.975964625375271 0.967423975397063 0.966065559824153 0.975761966840443 0.97249725070874 0.967391339484738 0.970845521736572 0.979191096847494 0.967336457757668 0.964536401274442 0.964243153637298 0.967210839299266 0.97613236179641
-9999 -9999 -9999 -9999 -9999 -9999 -9999 -9999 -9999 -9999 -9999 -9999 -9999 -9999 -9999 -9999 0.968125286495812 0.963271559571966 0.967374470440718 0.957762437548884 0.969350742860441 0.952391951521463 0.966081097661528 0.984692949441346 0.96864178771378 0.973681893844174 0.972826155637588 0.967936447069662 0.968287139870257 0.970942250054492 0.972940919415814 0.962965842268953 0.975412783754366 0.967596567112647 0.967984641413082 0.981339130730781 0.971562286263053 0.97971371341564 0.973153969004792 0.965118032141754 0.958699577845599 0.969682209986779 0.96405733148199 0.969864272260084 0.96401493072959
-9999 -9999 -9999 -9999 -9999 -9999 -9999 -9999 -9999 -9999 -9999 -9999 -9999 -9999 -9999 0.967623191449749 0.961026987353912 0.968666448313863 0.970190350430048 0.962948466331961 0.96732080056819 0.957220316069443 0.989141960559688 0.989141977873321 0.967963985044878 0.9555006846068 0.968345230472194 0.955536615714952 0.968250526377208 0.969904193046193 0.96836079702313 0.959108351406315 0.974430810090689 0.951839306179337 0.966090551575884 0.971237224506743 0.973153659237172 0.964731532330738 0.967405091452589 0.960700131285521 0.951016842388 0.967476756896924 0.964333048815036 0.968220234406957 0.948404864146611
-9999 -9999 -9999 -9999 -9999 -9999 -9999 -9999 -9999 -9999 -9999 -9999 -9999 -9999 -9999 -9999 0.969226152885216 0.968547784269958 0.958478698662146 0.969537116935282 0.963477254158953 0.951635792587686 0.984698160001195 0.989184530347545 0.959244930809356 0.956083411282489 0.959672224784116 0.968886676765693 0.956181539262248 0.965946598340721 0.966427236895022 0.96952246350942 0.974451542918468 0.970901334516502 0.952952175998675 0.96690582968845 0.98143839308883 0.966338494475255 0.966204497304318 0.972318823364359 0.968029144742647 0.965847919749849 0.965998522648169 0.968312456712813 0.964894644795203
-9999 -9999 -9999 -9999 -9999 -9999 -9999 -9999 -9999 -9999 -9999 -9999 -9999 -9999 -9999 -9999 -9999 0.968252851400633 0.971142689773508 0.973250635702385 0.973517327426115 0.9761784479629 0.989164538078992 0.961346993782321 0.970903496511426 0.972627924228968 0.956081336122205 0.960729837920003 0.966792200315707 0.966710263516017 0.95340748812673 0.967176830928379 0.972569748223815 0.969755509455001 0.967173967310006 0.966953490808222 0.97256674206662 0.973489597690965 0.967100450375804 0.966859144016667 0.969228396852024 0.965579749070164 0.956950366291941 0.966942534548635 0.968491182893522
-9999 -9999 -9999 -9999 -9999 -9999 -9999 -9999 -9999 -9999 -9999 -9999 -9999 -9999 -9999 -9999 0.969397117173725 0.959471103129584 0.968225208613471 0.970957447069826 0.971655939714837 0.960729143258828 0.989138959541133 0.96740881032285 0.966695223591525 0.976020265395879 0.973739826777949 0.968571769875754 0.965992016130253 0.970460962052201 0.958340618668363 0.966408165849252 0.967331886029593 0.958927515230848 0.968449779380642 0.969515224640142 0.970965300167372 0.970696533665109 0.973262523295202 0.978384964863057 0.969918428229268 0.969123027107165 0.977944658634355 0.97777058269432 0.966678985751262
-9999 -9999 -9999 -9999 -9999 -9999 -9999 -9999 -9999 -9999 -9999 -9999 -9999 -9999 -9999 -9999 0.969189002493438 0.974324213276604 0.96524122483316 0.968481848915131 0.977650254245431 0.978434385780891 0.978442726344506 0.984632808243699 0.967073995561335 0.954869694519798 0.955214994974268 0.955519848752023 0.973857404263241 0.97303444298943 0.966209421591769 0.952862810979838 0.955542867774615 0.967653356278739 0.957793199011674 0.967275139591258 0.953687543409715 0.966418225310267 0.9719745208614 0.970795223664817 0.96646951394752 0.954894692245081 0.965291700172253 0.950955828708939 0.964893005892316
-9999 -9999 -9999 -9999 -9999 -9999 -9999 -9999 -9999 -9999 -9999 -9999 -9999 -9999 -9999 0.95620206290569 0.962136701314678 0.967388147626852 0.975053481998007 0.968266859742393 0.96349951256239 0.965656993331895 0.952606861334812 0.989071432234 0.967100160051421 0.975981262068643 0.975441463642888 0.974715724551236 0.974269806665492 0.965450482723472 0.969079864223016 0.95348732808885 0.96648074291179 0.961990694705473 0.966709124043996 0.956853444100667 0.966447868866329 0.970063553826668 0.971173034043565 0.979257441955699 0.979093086835493 0.964288468882085 0.950997181948511 0.965473199816761 0.967472817631553
-9999 -9999 -9999 -9999 -9999 -9999 -9999 -9999 -9999 -9999 -9999 -9999 -9999 -9999 -9999 0.967417913862371 0.972080083991733 0.954142292891962 0.974240656300716 0.969483455704322 0.973837065120808 0.965775905332223 0.969582058202213 0.989071610662481 0.966577871188893 0.953759487607383 0.967613470742627 0.956925257065688 0.965213001817828 0.965559449378587 0.959679917246014 0.966709958135577 0.966805526136909 0.969481001677909 0.97463379265023 0.966658343054414 0.967118835466521 0.966393174715366 0.952357096698488 0.968564878991753 0.972289763160142 0.969972404556836 0.964224801627726 0.958973558633699 0.96891502991195
-9999 -9999 -9999 -9999 -9999 -9999 -9999 -9999 -9999 -9999 -9999 -9999 -9999 -9999 -9999 0.966679765976984 0.972259610089987 0.963660241332963 0.953161985923627 0.960081791947139 0.966352431394249 0.951170559546865 0.965822244148737 0.966584950041135 0.98457472941384 0.953302603097017 0.96219514720315 0.967827722258699 0.952039730525425 0.974999097766737 0.972771309357734 0.971554307906306 0.968878229326721 0.971681219571655 0.966782925076729 0.970596077682863 0.959490349448071 0.957916605255331 0.967418847238314 0.967423124338977 0.970662109001474 0.968461741848951 0.971741824416428 0.979213346972632 0.970189379142011
