Model input/Uganda/survival/Lsurvival/Lsurvival_restime_1mar.asc
NCOLS 67 
NROWS 67 
XLLCORNER 29.500000001 
YLLCORNER -1.499999999 
CELLSIZE 0.0833333332985075 
NODATA_value -9999 
[rows 0 to 19 of 67, columns 0 to 44 of 67]
-9999.000000000000000 -9999 -9999 -9999 -9999 -9999 -9999 -9999 -9999 -9999 -9999 -9999 -9999 -9999 -9999 -9999 -9999 -9999 -9999 -9999 -9999 -9999 -9999 -9999 -9999 -9999 -9999 -9999 -9999 -9999 -9999 0.946968322166651 0.962231308667642 -9999 -9999 -9999 -9999 -9999 -9999 -9999 -9999 -9999 -9999 -9999 -9999
-9999 -9999 -9999 -9999 -9999 -9999 -9999 -9999 -9999 -9999 -9999 -9999 -9999 -9999 -9999 -9999 -9999 -9999 -9999 -9999 -9999 -9999 -9999 -9999 -9999 -9999 -9999 -9999 -9999 0.962549456059664 0.949890021616464 0.961219422192727 0.95197392933534 0.945378447977145 0.94577536861298 0.96099193221064 0.961993521386439 0.945736221547945 0.959565116652792 0.960330970364343 -9999 -9999 -9999 -9999 -9999
-9999 -9999 -9999 -9999 -9999 -9999 -9999 -9999 -9999 -9999 -9999 -9999 -9999 -9999 -9999 -9999 -9999 -9999 -9999 -9999 -9999 -9999 -9999 -9999 -9999 -9999 -9999 -9999 -9999 0.967950126958518 0.960405179174205 0.966698523055801 0.962529683410748 0.97294759529876 0.960448532031975 0.960809578521003 0.970710792517413 0.969691316279054 0.967126037552377 0.964960288983041 0.959728248472978 0.946175772536674 0.960169729635867 -9999 -9999
-9999 -9999 -9999 -9999 -9999 -9999 -9999 -9999 -9999 -9999 -9999 -9999 -9999 -9999 -9999 -9999 -9999 -9999 -9999 -9999 -9999 -9999 -9999 -9999 -9999 0.961565926027904 -9999 -9999 -9999 0.955404553461106 0.959807741362811 0.963392740220255 0.960532687155245 0.944813786768537 0.961706565641334 0.964067588802129 0.960689863884023 0.960942196554453 0.950662546968513 0.961890679212174 0.961402840521503 0.946176736993198 0.964357793856081 -9999 -9999
-9999 -9999 -9999 -9999 -9999 -9999 -9999 -9999 -9999 -9999 -9999 -9999 -9999 -9999 -9999 -9999 -9999 -9999 -9999 -9999 -9999 -9999 0.963233023575743 -9999 -9999 0.949533881689928 -9999 -9999 -9999 0.986617570027271 0.981460485588203 0.981146227367075 0.967069814346314 0.965713468109099 0.962985196417451 0.945293037687801 0.960897970160983 0.949432563269516 0.962123339797785 0.95899809980094 0.951201438342662 0.958723769729299 0.965938607614346 0.958974522479843 -9999
-9999 -9999 -9999 -9999 -9999 -9999 -9999 -9999 -9999 -9999 -9999 -9999 -9999 -9999 -9999 -9999 -9999 -9999 -9999 -9999 -9999 0.950934731599678 0.966006741950674 0.962914943452032 0.965464013878062 0.943421579558998 0.987910237025202 0.987965859044706 0.983047914463681 0.988010571082637 0.957253672490112 0.981187375933273 0.973073441922788 0.972760157806039 0.962956841987658 0.95552793454476 0.966581525705302 0.961289905999143 0.942961466725878 0.959668842928201 0.944217262923218 0.966657240340026 0.966952971052066 0.959112506039713 -9999
-9999 -9999 -9999 -9999 -9999 -9999 -9999 -9999 -9999 -9999 -9999 -9999 -9999 -9999 -9999 -9999 -9999 -9999 -9999 0.963421997534175 0.970957622279485 0.971497727808604 0.972768908221073 0.973269593247365 0.954057831518492 0.957640825856724 0.987965881800709 0.987909136884502 0.987954034973901 0.988010591819918 0.96598119225964 0.958090246543256 0.973114092214567 0.948637174333318 0.961485744438544 0.969879497865613 0.968578318938814 0.96619693294434 0.959978463529108 0.963008369146093 0.964884076378178 0.968012280527274 0.970052664403909 0.940943930056833 -9999
-9999 -9999 -9999 -9999 -9999 -9999 -9999 -9999 -9999 -9999 -9999 -9999 -9999 -9999 -9999 -9999 -9999 0.967361304858754 0.96797183990868 0.957363579461712 0.963353728343836 0.950699642647012 0.947863315470388 0.973291827939814 0.926569673003406 0.967539317173358 0.982968181246325 0.946900572477345 0.96608226502743 0.967208895483954 0.973283355561767 0.962517002285039 0.980786390984209 0.95836985410008 0.945776947766159 0.950663000292829 0.963805163274572 0.960834454949292 0.959568349495413 0.959920004455359 0.952799121564374 0.959960658689804 0.958309563180927 0.958030493884718 0.940846556984167
-9999 -9999 -9999 -9999 -9999 -9999 -9999 -9999 -9999 -9999 -9999 -9999 -9999 -9999 -9999 -9999 -9999 0.967514596396353 0.949657086438446 0.963687793504006 0.963585193517539 0.953945233068296 0.966716885833767 0.973915487163736 0.973526761821414 0.982958910864047 0.961412855505022 0.961630622388433 0.964537999552695 0.965821293842477 0.973187812907405 0.973305328520699 0.961213117484844 0.972858208111208 0.948790311429544 0.961768426099204 0.94530090636527 0.960903159367281 0.94745908098979 0.960235894513483 0.960433158857499 0.975786641536494 0.958934980861236 0.962949854943932 0.958172801715622
-9999 -9999 -9999 -9999 -9999 -9999 -9999 -9999 -9999 -9999 -9999 -9999 -9999 -9999 -9999 -9999 -9999 0.969131533378259 0.969414010808 0.971296068188617 0.96567943828573 0.954667012899005 0.954256516650096 0.935067824481744 0.982921399623917 0.961034760417311 0.953225607257114 0.959916356039309 0.949965208374307 0.969785084906602 0.972667295996448 0.961281509937032 0.961991042687314 0.980774810107079 0.980656032682834 0.9593222689403 0.94475312048495 0.953907793301523 0.962248096962123 0.963963962356181 0.966210301081023 0.975714406875436 0.963230625196845 0.96457420002628 0.959308268839427
-9999 -9999 -9999 -9999 -9999 -9999 -9999 -9999 -9999 -9999 -9999 -9999 -9999 -9999 -9999 -9999 0.965206649070568 0.967861656273866 0.972089403002703 0.974071327781078 0.974697214330644 0.974738265790211 0.965218533269744 0.96736664821973 0.987920050726806 0.969793766601406 0.962833131527225 0.947662644455322 0.951649508095716 0.967929321713791 0.970454062655941 0.946301279007784 0.972724743678479 0.963560335092783 0.959827109259284 0.972802624658061 0.967520589264264 0.961449300953606 0.966891448366417 0.976355529821739 0.963350827400246 0.960106109406645 0.959293829463758 0.962559019225583 0.972768206390875
-9999 -9999 -9999 -9999 -9999 -9999 -9999 -9999 -9999 -9999 -9999 -9999 -9999 -9999 -9999 -9999 0.965198052526217 0.959724259116666 0.963806169112243 0.951839994565448 0.964330307989868 0.946093443191952 0.935659025127492 0.983176595418044 0.959591321580138 0.969347012543775 0.968350788187452 0.96311416911536 0.963269470375146 0.96691922238033 0.969416197629761 0.957858196653382 0.972207007920634 0.963554564412462 0.963113895941427 0.97921261584544 0.967578526204539 0.976884628553377 0.969592027488918 0.96099900223816 0.953205633538726 0.965615403227708 0.958809048708141 0.965569844644511 0.958998926372244
-9999 -9999 -9999 -9999 -9999 -9999 -9999 -9999 -9999 -9999 -9999 -9999 -9999 -9999 -9999 0.965092080643357 0.957299765604773 0.966027514192723 0.967271658812294 0.958901180566381 0.960333829411738 0.944715274516995 0.988073940003715 0.98807395857556 0.963709724424397 0.948278021285954 0.963146020915952 0.948571912981141 0.963517697619346 0.965952950050506 0.964706138039944 0.954301288558636 0.971317705575327 0.945666686769223 0.96241412628695 0.967944550006077 0.969495169556714 0.960470380936488 0.963534747226884 0.95524567650375 0.944940679769312 0.963128685189868 0.959090234792203 0.963669391198685 0.941572110747041
-9999 -9999 -9999 -9999 -9999 -9999 -9999 -9999 -9999 -9999 -9999 -9999 -9999 -9999 -9999 -9999 0.966915110146665 0.967380505908589 0.955169411345765 0.965507683616886 0.959750880285989 0.932974036753228 0.983350391207135 0.988229550364476 0.95239805116524 0.948790640883181 0.953041231686107 0.963872599352088 0.950811216441969 0.962628809929209 0.962565688568591 0.965837685314913 0.971240848826423 0.967278076731566 0.947758920301452 0.96341408358695 0.978635174630993 0.960039980863443 0.961410790594495 0.967965166764962 0.963305799840782 0.960731341195384 0.959639538108465 0.962482669005361 0.959120504620398
-9999 -9999 -9999 -9999 -9999 -9999 -9999 -9999 -9999 -9999 -9999 -9999 -9999 -9999 -9999 -9999 -9999 0.967233110303553 0.968699535064996 0.970061065653015 0.970335970892618 0.973263163809639 0.988221670312515 0.95580309532407 0.965997284478807 0.96806560340569 0.949032279348965 0.95519865732009 0.962770969751909 0.963710727154772 0.948340334810105 0.96334209741139 0.969232164187482 0.966021458004621 0.963282424045984 0.963428839418664 0.968645488174188 0.969546274846349 0.960313947954331 0.96035628241232 0.965102228031854 0.961639302930426 0.950433118653597 0.961959955931031 0.96306234038346
-9999 -9999 -9999 -9999 -9999 -9999 -9999 -9999 -9999 -9999 -9999 -9999 -9999 -9999 -9999 -9999 0.968252058064858 0.958081779044427 0.96449315299276 0.967234460587483 0.968164458241785 0.955507905304131 0.988202290972296 0.965139113796501 0.960907996877079 0.972040744947969 0.969720940951942 0.963646639663379 0.962685184151131 0.967736813538865 0.95386483138993 0.962735446790673 0.963763825475315 0.953975724573476 0.964895271187013 0.966269488969277 0.966852936035185 0.966530525241834 0.969335812320216 0.975352959171372 0.965027461914836 0.965023226376714 0.97411905112135 0.973933439288873 0.961780905426385
-9999 -9999 -9999 -9999 -9999 -9999 -9999 -9999 -9999 -9999 -9999 -9999 -9999 -9999 -9999 -9999 0.96821296583167 0.973536374871918 0.963611266136797 0.964498505058 0.976359247482266 0.976889536015115 0.976888467374134 0.983304415130821 0.963106665145564 0.94811041601669 0.948553532157064 0.94877249920843 0.971390109018953 0.970530634982706 0.962765320412029 0.948002791527644 0.951125151664403 0.964120670596732 0.95315015321367 0.963852792180532 0.947199462613927 0.96171620089231 0.967940519959672 0.966561092081419 0.959218596634408 0.947826763591346 0.958826810690565 0.941835612286255 0.95856061683161
-9999 -9999 -9999 -9999 -9999 -9999 -9999 -9999 -9999 -9999 -9999 -9999 -9999 -9999 -9999 0.954869080402709 0.960990224161576 0.966344891346105 0.973821727775082 0.966615920327684 0.959324132567768 0.961921947848191 0.946769851744465 0.988138088792213 0.962947003365369 0.973103094565965 0.972679853512888 0.972155805883166 0.971852283791687 0.962642503626519 0.965921039277674 0.948946375294858 0.96298336741879 0.957874008858708 0.963123432974787 0.952286427366347 0.961733128939925 0.965805629837863 0.967045822738217 0.976258664031488 0.976076480850511 0.960296630896658 0.942694557241468 0.959153772896279 0.961449283287566
-9999 -9999 -9999 -9999 -9999 -9999 -9999 -9999 -9999 -9999 -9999 -9999 -9999 -9999 -9999 0.966441962002171 0.971236845312204 0.95274494465718 0.973103846646626 0.966092753212084 0.970921502296764 0.960819160652337 0.965479564960857 0.988136398994772 0.960874368537095 0.947554533270788 0.963068100685229 0.951509911068518 0.961951116603434 0.962808869305798 0.955589041652854 0.963479373119384 0.96357049961999 0.966363576061753 0.971793711759505 0.962792719461847 0.962299061641004 0.961664580508694 0.945672199126226 0.964133376630712 0.968431187897379 0.965751151860093 0.95883701116875 0.951666713931562 0.963267181006094
-9999 -9999 -9999 -9999 -9999 -9999 -9999 -9999 -9999 -9999 -9999 -9999 -9999 -9999 -9999 0.966262638017317 0.971915169965525 0.963193280390949 0.950537262566718 0.95705541159808 0.96213495843662 0.94577749324039 0.964426020466342 0.96080497430758 0.983145330309062 0.945374827855937 0.957243660925483 0.963571231873682 0.947685774839244 0.973033462839165 0.969618540426749 0.968241753073735 0.965195964997281 0.968303156820947 0.962619091542013 0.966872722650226 0.952335003832118 0.950080459887823 0.961566002167402 0.961782063349446 0.965772386179093 0.963376166249742 0.9655733555814 0.974673604839944 0.96414870797359
