Model input/Uganda/survival/Lsurvival/Lsurvival_restime_1apr.asc
NCOLS 67 
NROWS 67 
XLLCORNER 29.500000001 
YLLCORNER -1.499999999 
CELLSIZE 0.0833333332985075 
NODATA_value -9999 
[rows 20 to 39 of 67, columns 0 to 44 of 67]
-9999 -9999 -9999 -9999 -9999 -9999 -9999 -9999 -9999 -9999 -9999 -9999 -9999 -9999 -9999 0.951979352087915 0.946590575523369 0.962564951945393 0.949008218028279 0.960274830940229 0.959509167463564 0.961895189266283 0.965373413619377 0.950345922976516 0.968238119562787 0.967386598773827 0.94410578919189 0.948122269335697 0.981806821141193 0.970691563151764 0.959088414771685 0.943139769655659 0.962238417156443 0.946851629963378 0.973175714454345 0.972863997847185 0.966220175638955 0.961730737217406 0.959042707875687 0.960835195476049 0.961580713016125 0.9459942790296 0.962683373721549 0.96317294667468 0.962081445912032
-9999 -9999 -9999 -9999 -9999 -9999 -9999 -9999 -9999 -9999 -9999 -9999 -9999 -9999 -9999 0.961401053185531 0.946311059685703 0.946005425568502 0.959396301985695 0.960575924109624 0.948307575153939 0.959599819496123 0.951402626214168 0.958937759785957 0.981799413390736 0.987064353298756 0.987066868342137 0.987061914183065 0.961777726148879 0.981790794492235 0.986826532090733 0.960337024391735 0.964671743423012 0.946342226835533 0.962757924948419 0.95908527348682 0.961870321699108 0.958127373685805 0.968675544944842 0.967653208784348 0.965852789486929 0.959225090719923 0.958585752613873 0.960642817590504 0.960430113005316
-9999 -9999 -9999 -9999 -9999 -9999 -9999 -9999 -9999 -9999 -9999 -9999 -9999 -9999 -9999 -9999 0.961427505177679 0.949708920114627 0.9622802164568 0.942504152311223 0.981510460340383 0.981509946382371 0.98685145745887 0.987147691685385 0.959574155172538 0.959387587008197 0.959802615196525 0.954597469665335 0.966661900946582 0.965220127181594 0.963031556388927 0.981473591785986 0.98682945326798 0.986828749468848 0.96137377251575 0.962229342065418 0.971287864724231 0.961455050625806 0.950115880508467 0.961510805732923 0.961076048729362 0.942873629225669 0.958418722130178 0.958182866851333 0.943944192529574
-9999 -9999 -9999 -9999 -9999 -9999 -9999 -9999 -9999 -9999 -9999 -9999 -9999 -9999 -9999 -9999 -9999 0.946637378065873 0.98692876445824 0.986928778339108 0.986850731439847 0.986928778339108 0.986850731439847 0.963941706945874 0.961880112797227 0.950916764620636 0.962277378476177 0.953231000770075 0.961938523234513 0.962653762315511 0.960838844872036 0.960685126567191 0.952931446544878 0.986869277507883 0.961122113631171 0.950349660210523 0.960830441117285 0.964140224229627 0.96132241458703 0.961160648846327 0.959190828099049 0.942180237670476 0.962882922128948 0.965737125773295 0.960192608318404
-9999 -9999 -9999 -9999 -9999 -9999 -9999 -9999 -9999 -9999 -9999 -9999 -9999 -9999 -9999 0.960506584060263 0.959402053211111 0.987136197738933 0.981509451538755 0.981509451538755 0.986850031045532 0.986928792219977 0.986850031045532 0.986928778339108 0.961304541990043 0.971445593614194 0.970977843138311 0.964658826688386 0.949167078654534 0.958879591913806 0.944746279062946 0.944963392986391 0.960987587023917 0.967264866081719 0.981428259909458 0.972451964352672 0.961087644580499 0.944320299612367 0.944632236205242 0.953081334272294 0.963558165985819 0.958626150050576 0.969091654692908 0.966286524666188 0.942331679207756
-9999 -9999 -9999 -9999 -9999 -9999 -9999 -9999 -9999 -9999 -9999 -9999 -9999 -9999 -9999 0.962971364856445 0.982107387624232 0.987276063268661 0.98708300511031 0.98708300511031 0.981836183759126 0.987161050458772 0.98708300511031 0.981836183759126 0.963574640955608 0.960815899637061 0.947405100130558 0.956017387168792 0.947239576201823 0.964728277576234 0.961538572228246 0.961608952744637 0.961523310950424 0.981748237289993 0.971393799034739 0.970605630387374 0.970029361172145 0.969255622476061 0.968195491974107 0.963233949744712 0.963311797654176 0.960307226618814 0.959309507924967 0.96407462258077 0.943815714661076
-9999 -9999 -9999 -9999 -9999 -9999 -9999 -9999 -9999 -9999 -9999 -9999 -9999 -9999 -9999 0.982106947706974 0.987275438150385 0.987275438150385 0.987082370569407 0.981835753938881 0.987161063045706 0.987082370569407 0.981835753938881 0.963054327823911 0.957483818134246 0.962830330052429 0.9628972847654 0.967901615220656 0.961536735596171 0.955155431513218 0.963957695731098 0.949799633311363 0.946188305827933 0.987016069277261 0.981725621360825 0.950584363809212 0.961798339446989 0.961212701156679 0.96144793872549 0.966612154294217 0.965592874570308 0.961695494201422 0.961106322484582 0.966269862622945 0.96385755540701
-9999 -9999 -9999 -9999 -9999 -9999 -9999 -9999 -9999 -9999 -9999 -9999 -9999 -9999 -9999 0.987274839897068 0.987274839897068 0.987274839897068 0.981835342897367 0.98716107458373 0.987081763298412 0.981835342897367 0.987081763298412 0.959682935076598 0.967958522120037 0.94777547237692 0.946813374570562 0.962130653398781 0.947128749633759 0.946693779685711 0.957031122977825 0.987016007492189 0.987016007492189 0.98709572048408 0.961101979173239 0.945884469805936 0.961999776754414 0.966123537778792 0.968708467693405 0.965019740017249 0.974552925950044 0.970672817754929 0.962000154443992 0.953704276227888 0.986568499695564
-9999 -9999 -9999 -9999 -9999 -9999 -9999 -9999 -9999 -9999 -9999 -9999 -9999 -9999 0.987274268508659 0.982106119265194 0.987274268508659 0.982105734852 0.987081183297275 0.981834952721063 0.981834952721063 0.987161085072842 0.955598556988836 0.966562515253084 0.967316801556016 0.966098747780485 0.946644549254863 0.967710360004037 0.961796689738423 0.945777051659479 0.963788807102213 0.981742736240708 0.981743129625367 0.987015424877645 0.967128833652093 0.964790444409847 0.96155295355155 0.964459239504697 0.966020960345504 0.962740192715972 0.962096196749603 0.969349179121821 0.968267728182443 0.960606808865925 0.980999353416641
-9999 -9999 -9999 -9999 -9999 -9999 -9999 -9999 -9999 -9999 -9999 0.987526878764 0.982105734852 0.982105366884431 0.982105734852 0.987273723985112 0.982105366884431 0.987352995101739 0.981834579236939 0.987161096610866 0.981834579236939 0.948169752732216 0.963019617285671 0.961910275126603 0.946372093838459 0.964796209939632 0.961918485391244 0.968404925505233 0.961587772000051 0.959981081616562 0.950427551845945 0.987095741749108 0.987014869905717 0.981742361890938 0.986617601334909 0.966838312313753 0.976089180069861 0.975999388219488 0.986612500267469 0.981060982137984 0.981060982137984 0.986612500267469 0.986568523685968 0.986568523685968 0.980998945713456
-9999 -9999 -9999 -9999 -9999 -9999 -9999 -9999 -9999 -9999 0.965505572582785 0.987448190279465 0.987352995101739 0.987273205293133 0.987273205293133 0.982105017418153 0.987353005435081 0.987273205293133 0.981834224531478 0.981834224531478 0.94981611424385 0.961258990414946 0.961208049700532 0.949939508299051 0.961815609715239 0.961246631261308 0.964832764739315 0.970120451096802 0.964473655585795 0.958049171609926 0.971738968649462 0.965953260872896 0.961445573814259 0.966959232395633 0.986700941911612 0.981184963331724 0.986528081185588 0.986528081185588 0.986612511136737 0.981060593046153 0.986528081185588 0.981060593046153 0.980998555359502 0.9864838291998 0.986568545495427
-9999 -9999 -9999 -9999 -9999 -9999 -9999 -9999 -9999 -9999 0.987602769114587 0.982567576450053 0.987442888887276 0.987442888887276 0.982343342835992 0.987522123254299 0.987522123254299 0.982343342835992 0.961651084183225 0.97038812668032 0.947433548313803 0.947456623198986 0.947907928059726 0.962607650582364 0.968817883150296 0.965672315047927 0.971547190816608 0.970965440692679 0.979781488954302 0.972660467463709 0.975511277762737 0.963288317660922 0.948749887690972 0.963150940927843 0.95381333106804 0.951049427795842 0.987020244348818 0.981635109259579 0.986937843759233 0.986937843759233 0.986937843759233 0.986937843759233 0.986835453604844 0.986835453604844 0.986835453604844
-9999 -9999 -9999 -9999 -9999 -9999 -9999 -9999 -9999 0.965365243607115 0.987602316134091 0.987602316134091 0.987442430102162 0.982343034501762 0.987522132430739 0.987442430102162 0.982343034501762 0.968000098692529 0.947898040082509 0.969913508450163 0.967921593559145 0.965447499143168 0.962940353615634 0.948668212080735 0.976645654191364 0.967543281282413 0.971919571621951 0.971540354130015 0.946587480188082 0.96240154445909 0.962816286625386 0.965269001338741 0.964055872355544 0.964204552876484 0.963814041267515 0.963507016943601 0.986937366317722 0.987020253835205 0.981634788482214 0.963121966275853 0.981634788482214 0.986937366317722 0.986918505377041 0.981491220694854 0.986834972445836
-9999 -9999 -9999 -9999 -9999 -9999 -9999 -9999 -9999 0.965098217810079 0.987601889325992 0.987601889325992 0.982342744424252 0.987522140587576 0.987441997824826 0.982342744424252 0.963903040688582 0.966075374163744 0.945539996174192 0.961294372388432 0.946525561496073 0.961569354930103 0.975943008720807 0.966882008510416 0.967476800069795 0.962054953063403 0.968591032124638 0.961903857502401 0.968418605757522 0.971488713735618 0.963820693954353 0.962742793936125 0.965168536029417 0.966509811341289 0.949594912603823 0.94823142149094 0.959493860608171 0.963075064785613 0.961712827422518 0.966472798637211 0.987020261213507 0.986936917333201 0.934108907014091 0.986918512812797 0.986918512812797
-9999 -9999 -9999 -9999 -9999 -9999 0.966442273820276 0.968389766060977 0.965410891905514 0.946798769954569 0.97930073645975 0.982566717170819 0.987522148744412 0.982342472603447 0.982342472603447 0.964399807746628 0.949819299127333 0.947778973240777 0.962300336299186 0.96019471370528 0.970724743703671 0.965660553760722 0.963820702396159 0.962227906249421 0.946347683243252 0.951847140682225 0.966388356549861 0.948757307932974 0.976907213303636 0.949237129126955 0.95867257865642 0.963419383087585 0.967736292582195 0.963546643460659 0.962927888858636 0.963534345594156 0.966006754299055 0.956332240783385 0.948950358986495 0.976250734765313 0.963414053676774 0.981634068374645 0.971638761516354 0.964051362824106 0.986918521310803
-9999 -9999 -9999 -9999 -9999 -9999 0.955916490112142 0.957334982020671 0.962382649942173 0.970947225117452 0.961303216793103 0.982566466798224 0.98234221903933 0.987522155881644 0.987441210754315 0.975344423023938 0.974918951296479 0.974626861614649 0.973701393821966 0.973421385622566 0.96987867693873 0.946495173028685 0.964291229273492 0.973934558329448 0.961413696765154 0.962183009213313 0.963585210457966 0.955611727871631 0.976536939171555 0.945828310760819 0.969696640631509 0.96316513976271 0.966030244664508 0.963151016817741 0.962704604810193 0.96335861785024 0.963288490245021 0.96808214940859 0.964497490048013 0.975964523066585 0.964265592463782 0.98700207875479 0.953467095157472 0.958957366570401 0.963287893832493
-9999 -9999 -9999 -9999 -9999 0.963617877882251 0.950440669304595 0.969135110044097 0.970932709945897 0.942823976438362 0.941196096655448 0.98760076190926 0.987522163018876 0.987522163018876 0.965014065202132 0.958954392864304 0.963085102075769 0.966171858337891 0.950489813919501 0.973438909730539 0.960749088839272 0.956560013015465 0.967373500700026 0.973780991441622 0.963299365817113 0.947020564318071 0.946459383999952 0.966147988046573 0.968012909082539 0.966440154003285 0.964166437036705 0.953717062307435 0.962917743735262 0.962928381829478 0.971648452104537 0.957287792499285 0.96303958390459 0.964146466904114 0.9669669588076 0.975752497369726 0.964231669844522 0.987008087911053 0.964339085844283 0.969628390074647 0.963085599512712
-9999 -9999 0.96014022045364 0.951563709244642 0.962896526013919 0.961249403574544 0.960310290830163 0.966790833955219 0.979409468027066 0.96033198747517 0.96992155087539 0.97028430504834 0.977940492833906 0.950666841814659 0.953040578541956 0.969068239996501 0.966206396094235 0.964542419906069 0.962790659973996 0.973596718572658 0.961611759327013 0.968773022548787 0.965513478180058 0.970053687174926 0.962539178327435 0.965016583862332 0.962522761344858 0.962732494532086 0.967645573815611 0.976402952206765 0.975675426271413 0.962210578875198 0.949072252494482 0.949064726470401 0.971262138554497 0.961637305971522 0.95412388323783 0.964147519287615 0.951904568448003 0.975327433211833 0.950706677185098 0.987173576387303 0.964248397834674 0.964499324771614 0.952253792022159
-9999 0.94972887397835 0.956318266693473 0.963581764783332 0.958142373778386 0.962843855630297 0.979105755835749 0.970743990043889 0.962397403175886 0.944432830875082 0.969696815451957 0.950478060369387 0.971043329363325 0.968133771172584 0.976866933862839 0.96607630481886 0.955578559340129 0.965118497914199 0.956860280853827 0.972051838445228 0.967276233398802 0.965001092626732 0.951266418074637 0.96937519106149 0.96294757684951 0.957990729276089 0.960106783425908 0.95935827216308 0.964094620825074 0.94951233262648 0.955201119101859 0.965781269848982 0.967661545996544 0.961841256108149 0.970972965556923 0.962288278679063 0.966151048011451 0.963324175330578 0.950684887537114 0.974937396214438 0.947294908383527 0.987172042720574 0.949324533280194 0.949950077436922 0.94609205224435
-9999 0.949039179511327 0.951862367552176 0.978993439230117 0.979014248250152 0.970846911319884 0.963603734372906 0.965803128001532 0.965902379139736 0.956557508152881 0.964859163002047 0.957128669242405 0.965539584585576 0.969831483202088 0.964762494705271 0.96707195942036 0.974727366157224 0.964825113659503 0.965938156592646 0.951142296253837 0.958241399696596 0.951073200736701 0.964824160942111 0.968408577026437 0.963051957370676 0.969679115938815 0.968820866016286 0.966718627507827 0.959685903369856 0.95988231385159 0.965671131159115 0.948575593355788 0.965000687296811 0.946304671359957 0.962225113296327 0.957999331564348 0.962482210747374 0.961736845851559 0.961106424761084 0.972641934130164 0.961866977211257 0.962559063118583 0.981673004462257 0.971886764112622 0.963476495255119
