Model input/Uganda/survival/Lsurvival/Lsurvival_restime_1jul.asc
NCOLS 67 
NROWS 67 
XLLCORNER 29.500000001 
YLLCORNER -1.499999999 
CELLSIZE 0.0833333332985075 
NODATA_value -9999 
[rows 40 to 59 of 67, columns 0 to 44 of 67]
0.954924523160633 0.966392888208172 0.981386357889597 0.981583935138463 0.963780052794885 0.974047320163174 0.965475122669592 0.967057687989117 0.954849669260502 0.968025693659019 0.967255883342167 0.969687108923719 0.954944464013073 0.971917353889282 0.968087343479083 0.9747406579267 0.972527034346841 0.96341740892037 0.967200795728505 0.967273156226438 0.967044693131864 0.956657415026184 0.966614386350566 0.962463279332717 0.962867337036982 0.964796043692061 0.96629705402099 0.968160341938249 0.964934472724956 0.962733210185635 0.967434572926435 0.965157779958727 0.97713325683223 0.956162747700375 0.966275349754967 0.971361041446956 0.966669734784343 0.953741137345309 0.966998611525993 0.964817417787466 0.965800442564056 0.967158958441149 0.98910926588381 0.971610635350647 0.963234789507683
0.968492376418661 0.959287876272973 0.981366138088335 0.972455633263417 0.972177076278246 0.972959729796085 0.954958392525511 0.967230264056666 0.968419580062216 0.97264682252319 0.962998108715414 0.967963205347929 0.955146025372501 0.968422790535634 0.957944728301438 0.972590407428724 0.967216845502737 0.959916635681203 0.962185295020775 0.97205972419617 0.969628512015642 0.968720112245499 0.966172359839721 0.965544519683908 0.950598103187715 0.9637662331503 0.960681764705603 0.965082892837396 0.950372486516274 0.964749783623385 0.967153403917971 0.959163774489573 0.976628776277115 0.964456695920819 0.964991790236155 0.965002490813813 0.955615964998833 0.966787750384232 0.963474657839215 0.96950899061869 0.975309504960931 0.97157459069876 0.989105858632167 0.969379273548014 0.973192108798706
0.964936182226358 0.953922934600353 0.981192856451405 0.952755037260842 0.971826459761258 0.971395718930779 0.953063340516408 0.969667355417195 0.971468504396777 0.967783516242226 0.96846385551171 0.974657764156687 0.969305978458273 0.966544970328035 0.967067582967147 0.966681895279497 0.956945354923492 0.968234069734543 0.954628995987686 0.96567998371771 0.951396141487735 0.961001432731364 0.961348521976858 0.953271264183874 0.96066872262665 0.969744964651665 0.96566393138865 0.953541783382201 0.962397084970991 0.957501972856874 0.955785189765576 0.966379262688962 0.976439351556037 0.973494562906888 0.968865210673305 0.964486395937791 0.965874145662127 0.96658193158383 0.973329774786733 0.966980691311555 0.973757231397927 0.970791241951636 0.98910272568591 0.989026994283836 0.968291415496015
0.980335226286511 0.972843979493025 0.967045984849872 0.957312240829053 0.968725476765603 0.967469362927267 0.965281163675652 0.95589283819163 0.959928539005745 0.96841885010645 0.969957706751889 0.974303899162399 0.974162672068673 0.96318550267227 0.94820280594287 0.94630264413951 0.965022156440531 0.947558324418111 0.949429983318849 0.96129078889536 0.961362108567441 0.963252796176465 0.954867823532695 0.960069035123701 0.943278205898802 0.956717928317096 0.943840927352677 0.959568449135731 0.968219558168541 0.970449655029639 0.963544247252602 0.963610155913576 0.973794099648456 0.965570615581772 0.958498535893186 0.969428664410385 0.965613132116795 0.958202927761889 0.965776090623382 0.965691647829028 0.972283473776846 0.968509582775551 0.963020244256669 0.988633404890429 0.967426497637424
0.980434665607017 0.974125996675253 0.973573480232078 0.971926296877134 0.966103147498981 0.952255620908239 0.949092453734887 0.953916051274997 0.95641551781711 0.972928498255431 0.971916413561134 0.965424289238199 0.974618281003486 0.966995520053453 0.96433037731968 0.945886884564301 0.960670758296682 0.945943730372165 0.949669313668229 0.964436953606757 0.963110448463073 0.96905026376162 0.943656185521665 0.949788045467602 0.957752953021847 0.962706690256244 0.960747985151335 0.972674678145794 0.955434786874174 0.958330202779333 0.963729314186586 0.950370832733162 0.968696516837722 0.960890825914626 0.970777140875526 0.96544468995788 0.953549235637105 0.969201179754456 0.966303470109073 0.967733600433812 0.971025982455452 0.966849139337445 0.983903324660424 0.983903324660424 0.983903242185011
0.98035088377352 0.971052216531411 0.970240663601553 0.969514969448875 0.96784307544383 0.954441147874512 0.967920817817007 0.96949716790491 0.95452462155993 0.973797707013247 0.972264101784561 0.948062469052992 0.974706435560806 0.96085121557908 0.952972206160406 0.960463988191686 0.966054855600828 0.959907357005081 0.960581003967257 0.967468458311075 0.951103763771248 0.969604649859012 0.959828804747436 0.970709068444544 0.96098388893682 0.96042043135381 0.962214013975155 0.961449295001617 0.970254008502558 0.970254008502558 0.956329558231376 0.964831108066567 0.966354710563564 0.96605470384881 0.964551772614878 0.956127914520592 0.967217560095622 0.98835285816883 0.983513453115094 0.964238708470928 0.966917655105082 0.964025903879674 0.98855289249954 0.98855289249954 0.983903176204686
0.974476615787111 0.971986545629795 0.968384482631252 0.956405651760569 0.958554497623702 0.967712369078492 0.957828546334505 0.969351017270813 0.978431490905157 0.975730915313425 0.972563697455612 0.963529202437286 0.964408779537522 0.967634204161954 0.967877295194741 0.968583003153161 0.972061237655031 0.972194371719616 0.972966289307039 0.973952161370606 0.973950559976976 0.976046440198843 0.966455418341077 0.96170791700348 0.947935326245073 0.948577732387054 0.961818673600226 0.958860748296261 0.961042486285134 0.954277779540398 0.964683911441748 0.965017649785081 0.964758786950968 0.967584129198069 0.983260686416201 0.988173891623069 0.983513385550455 0.988352860054861 0.988274939893297 0.988274939893297 0.988352860054861 0.983513385550455 0.988552809634379 0.988628893825564 0.988628895667154
0.967035159301882 0.979670595113116 0.971443007977945 0.969353701731112 0.969321975185743 0.962350965705866 0.978574115251085 0.978574115251085 0.978574115251085 0.978574115251085 0.96945101721198 0.978204098657969 0.975303576574444 0.97525079616471 0.962278043739428 0.962694949262647 0.969664765582397 0.962055669805124 0.969079734688676 0.963236948317456 0.955969796189447 0.962484966250293 0.965259635131856 0.966871246578236 0.965605568016384 0.962045814101716 0.959546313871433 0.957657530865979 0.944927223603445 0.964931730733774 0.964584230726123 0.967525204816952 0.983260634972654 0.983260634972654 0.988094719149072 0.983260634972654 0.988352861940891 0.988352861940891 0.988274878602143 0.988352861940891 0.988352861940891 0.988274878602143 0.988552749787322 0.983903093729286 0.988628896587949
0.970259771005413 0.97961422640485 0.979430721458561 0.979293562775151 0.973865526957256 0.965636126745407 0.978431311684917 0.969734025955367 0.978431311684917 0.969734025955367 0.96489096397028 0.96834167830096 0.961329705569881 0.970548323175407 0.963998606575775 0.970725618441476 0.967551815181636 0.942671558242359 0.968894383544832 0.960294161845267 0.96731764272813 0.948202873711587 0.962159647466377 0.960194976968392 0.977275739329421 0.978115082688861 0.978175700987276 0.978250042961408 0.969787396239884 0.967191117071908 0.988173894495325 0.983260600676957 0.988094681812739 0.988173894495325 0.988173894495325 0.983260600676957 0.988274841827452 0.988274841827452 0.988274841827452 0.988274841827452 0.988274841827452 0.988274841827452 0.98855271387909 0.98855271387909 0.988628896587949
0.979072215282671 0.979072215282671 0.979072215282671 0.979072215282671 0.979072215282671 0.960996931741294 0.96012302632358 0.959990484535476 0.969050819139599 0.978088225094273 0.95073417185669 0.961954933155558 0.955542907668231 0.962684413884513 0.972576239656657 0.969543002838766 0.962374490820462 0.951737020595602 0.967750092482466 0.967318591815089 0.959290119348246 0.951131878562845 0.94099848521658 0.942157157012306 0.956249656585484 0.965395031973466 0.959353246889467 0.950670384445728 0.987677976596379 0.987677976596379 0.982804692578961 0.987769612835874 0.987850987756931 0.987850987756931 0.987850987756931 0.987769612835874 0.988029357820604 0.988109014950003 0.988109014950003 0.988109014950003 0.988109014950003 0.988029357820604 0.983338283954345 0.988228925156739 0.988228925156739
0.970434505366962 0.979072215282671 0.978932691836079 0.979072215282671 0.978932691836079 0.957944543150087 0.969570392528006 0.977976518245181 0.978088225094273 0.961644624943107 0.961809306053708 0.962126428588113 0.967961933988998 0.962604350851431 0.972382713783683 0.968486948952855 0.961803579910568 0.964427207327042 0.953744881031883 0.966993382205135 0.957575590410839 0.964879759622761 0.956383673992339 0.942447781285165 0.968219737769516 0.962965586442667 0.970955515933576 0.962318974431607 0.982676184087691 0.987677989474698 0.987769625619014 0.987769625619014 0.987769625619014 0.987769625619014 0.987769625619014 0.982804692578961 0.988109014950003 0.983168979321914 0.988109014950003 0.988109014950003 0.988029370333908 0.983168996562796 0.988228925156739 0.983338301023273 0.988150078861678
0.978932758007448 0.970434566590764 0.978932758007448 0.978932758007448 0.978932758007448 0.979435478171745 0.958478076119835 0.959806094228641 0.961480402562245 0.95159512366816 0.959673034707428 0.95099939847222 0.963761493821971 0.94889511220208 0.971625804650591 0.959856643284962 0.953906881497982 0.96210973256154 0.947624667975919 0.963785487539274 0.958557159607295 0.961280060761036 0.942642115083209 0.959709251534973 0.967519517397873 0.946311979449878 0.969047933160525 0.962621633176914 0.987678028109656 0.982676237311342 0.987850986773532 0.987769663968436 0.987769663968436 0.987850986773532 0.987850986773532 0.987850986773532 0.988029407873822 0.988029407873822 0.988029407873822 0.98316903104456 0.988029407873822 0.988029407873822 0.988228925156739 0.988228924203749 0.983338335161129
0.978932866087361 0.979072210870617 0.970434656239909 0.970434656239909 0.978932866087361 0.964321060419116 0.955452633434353 0.971172429375238 0.946999606153053 0.954916309355413 0.946474067444259 0.940839149152096 0.963610911216331 0.954016941361527 0.967875996000916 0.953508200701108 0.962408197662539 0.946717072700506 0.96048665531243 0.960694347183385 0.958713481978751 0.958687016813907 0.957696475885898 0.962443161734594 0.965048590797969 0.948462286322465 0.965888835292376 0.947767707984615 0.964974951472568 0.951855858955465 0.982804798243566 0.982804745411262 0.982804798243566 0.987850984806733 0.987769727884141 0.987769727884141 0.983169082767209 0.988029470440347 0.988109012062084 0.988029470440347 0.988029470440347 0.988029470440347 0.983338386367917 0.988150177964736 0.983338386367917
0.970434778687536 0.979072206458564 0.970434778687536 0.970434778687536 0.978933018281544 0.958491047911778 0.946319920072021 0.970969809001929 0.970173941920693 0.963864999163406 0.961668894101778 0.964194577946428 0.948637244213583 0.95184018706933 0.962199724199501 0.962926741446389 0.947597042647848 0.962850388476075 0.961469917003072 0.961552996511151 0.945685519257617 0.941175033875535 0.941448173957973 0.95525575350287 0.96218968812838 0.959853136900399 0.962999496017446 0.963744384741007 0.968227671222389 0.970460304849301 0.987850984806733 0.987769816382817 0.987769816382817 0.987850982839934 0.987850982839934 0.987769816382817 0.983169082767209 0.988109012062084 0.988029557070928 0.988029557070928 0.983169151730745 0.988109010136806 0.988228920391788 0.983338454643637 0.988150263727007
0.979072202046511 0.970434927373961 0.979072202046511 0.970434927373961 0.960411074888289 0.954237044487653 0.964090721981747 0.954644687915277 0.963624257629719 0.964594513359511 0.952383436085445 0.966532401146541 0.963424287887567 0.96326797490742 0.962856825009912 0.951308884605745 0.962390492253055 0.965292608567248 0.949813527122895 0.969473854884877 0.96504951463903 0.963490128035743 0.960900488384668 0.941149296570343 0.959364604378326 0.957482468127316 0.960040980942537 0.987678297563768 0.982676361499872 0.987759952480493 0.987850982839934 0.987769931431107 0.982804868686642 0.982804956740494 0.987850982839934 0.982804868686642 0.988029669690694 0.988029669690694 0.983169237935172 0.988029669690694 0.988029669690694 0.983169237935172 0.988228917532818 0.988150375217969 0.983338539988294
0.978727173651665 0.978727173651665 0.976567757661963 0.948156374555131 0.960970455658033 0.964755804907991 0.951182516896185 0.965372988629803 0.965623861994273 0.96931026136075 0.95007190245529 0.967925307219809 0.96572559009625 0.946929400074386 0.961955401825641 0.963109644107089 0.954041711631486 0.968422674929154 0.96045175643928 0.968973558718453 0.957760480891788 0.960780898802128 0.956454689153367 0.95868407025227 0.941614159171293 0.956688179671093 0.949379626399461 0.982326930996452 0.987512340217353 0.982326930996452 0.982223547021932 0.987439097720899 0.987355464492399 0.987355464492399 0.987355464492399 0.982223656226954 0.987479386528116 0.982280525630784 0.987479386528116 0.987479386528116 0.982280525630784 0.987479386528116 0.982478038379115 0.982478038379115 0.987619315028089
0.978727166925667 0.978727166925667 0.976523481956468 0.976149079406662 0.964137923192049 0.960017989044061 0.965944837025602 0.965808936088497 0.954956374452263 0.970501114013352 0.964138443649231 0.974473446548126 0.974075405946714 0.974296759241639 0.974494977906254 0.964580618479244 0.976008517225318 0.970804057944061 0.97564119065979 0.965837619594499 0.975961412593956 0.949337107387729 0.966081851793834 0.947813869780408 0.960895459908093 0.947089859356402 0.987512340217353 0.987429365371115 0.987429365371115 0.987429365371115 0.987355637287324 0.987355637287324 0.982223785655143 0.982223785655143 0.987439091621739 0.987439095687846 0.982280525630784 0.987396194119841 0.987396194119841 0.987479382474969 0.987479386528116 0.987479382474969 0.987537046486345 0.982478165971736 0.982478165971736
0.964344002956661 0.972079465518494 0.965540816661505 0.97622574247765 0.964728478818819 0.966785579220988 0.965723774114045 0.971203840111871 0.965143601353887 0.971410872274997 0.962838120359755 0.964602027095566 0.962394273120129 0.963008782319641 0.966460213379103 0.967786298951569 0.975850422077126 0.975850422077126 0.975641569146038 0.975641569146038 0.975803011236084 0.966082096261657 0.97581659193033 0.963730684881194 0.967384479336526 0.947811537598099 0.987512336174806 0.987512332132259 0.982327313021904 0.982327313021904 0.987439087555632 0.982223931261876 0.987439087555632 0.987439087555632 0.982223931261876 0.982223785655143 0.98739639169414 0.987479382474969 0.98739639169414 0.98739639169414 0.982280799793785 0.98739639169414 0.987537241866639 0.987619311019955 0.982478309513453
0.946937815202402 0.971513285321729 0.961085451831051 0.976130734792233 0.964295997483144 0.952392652250967 0.972571843022427 0.97153713201345 0.965806834823205 0.962259799239201 0.967688204631905 0.964717739797556 0.961721641475115 0.946438845119908 0.961911417338454 0.96331074719295 0.966129894994011 0.975850848188381 0.961635450795375 0.943297095454857 0.952339555942289 0.960519780140892 0.966220967032265 0.943725329492332 0.968689048430735 0.969329738527779 0.987512332132259 0.987429784750224 0.982327475885431 0.987429784750224 0.982224095069477 0.987439082472998 0.982224095069477 0.982224095069477 0.982223931261876 0.987356059110354 0.987396614598526 0.987396614598526 0.98228096308208 0.987479378421822 0.987479373355387 0.987479373355387 0.982478470997911 0.987537462295735 0.98761930701182
0.961690166882728 0.971333161144583 0.957770389817654 0.942023258966548 0.96611279749276 0.974073120526886 0.972797123840093 0.963495523094475 0.965644022267523 0.952726112368995 0.966423132339733 0.963217206012341 0.965365980389325 0.961034390359877 0.96266134399792 0.966231930612914 0.965369540841107 0.961863333342733 0.961094921058867 0.947899908050851 0.965354135822034 0.96132570066599 0.946547109883391 0.976023152325972 0.976401652117194 0.97650411012122 0.982327656844937 0.987512321015254 0.982327475885431 0.987430034356671 0.987356310171375 0.987356310171375 0.987356310171375 0.987356310171375 0.987356310171375 0.982224277077954 0.987479367275667 0.987396864859418 0.987396864859418 0.987479373355387 0.987479367275667 0.987396864859418 0.987619295989451 0.982478650425117 0.982478650425117
