Model input/Uganda/survival/Lsurvival/Lsurvival_restime_1apr.asc
NCOLS 67 
NROWS 67 
XLLCORNER 29.500000001 
YLLCORNER -1.499999999 
CELLSIZE 0.0833333332985075 
NODATA_value -9999 
[rows 40 to 59 of 67, columns 0 to 44 of 67]
0.946765330563421 0.960147351917283 0.978797626491763 0.978993963273655 0.95734030457978 0.970992893526651 0.961534429043335 0.963711007114854 0.949638295890423 0.963510861407708 0.962896408383761 0.965791402920309 0.950227026789818 0.968921684883706 0.964662244691315 0.972953507853867 0.971105932952421 0.961913198666923 0.965933868906466 0.965944046019146 0.965498656088042 0.954764141468651 0.965086080271542 0.964740360743616 0.964831260430615 0.963499352856841 0.965031729466734 0.965596636690053 0.962079601544746 0.958985325475862 0.96364646562757 0.961293569821191 0.974788316417575 0.953737782646482 0.964366838437954 0.96913010620809 0.962329141294195 0.946866908995131 0.961861881804185 0.959800010040099 0.960849376915212 0.962388017703693 0.987030637022076 0.966740316373527 0.957207538000003
0.962642705797448 0.95182730692718 0.978822133131581 0.969392713229547 0.969192712469903 0.970064406144046 0.950208707340186 0.964032787023757 0.964456297852621 0.969237766579911 0.958414428672372 0.964121464042842 0.950480212606424 0.96493894235631 0.954008638959451 0.971208001944733 0.964690126701708 0.958309924218922 0.961068381285938 0.971157416600311 0.968620474857987 0.967591965932056 0.964800898101995 0.96763515582549 0.953584019259048 0.964756391374229 0.958765698353599 0.961528389503524 0.945112437332603 0.961309021214101 0.963183238774449 0.954422431724641 0.974233885934439 0.962905910486021 0.962865654967112 0.962553089942876 0.950823747478633 0.961780866491914 0.958394307451178 0.964887412119385 0.971729549527723 0.967699297096448 0.987033892962521 0.964436347742429 0.96882837290345
0.958478992254975 0.945352482641609 0.978606820696099 0.944439078280219 0.969011735060739 0.968829313971013 0.948844354406547 0.96683225348072 0.968647655483426 0.963970467269307 0.964642889697644 0.971540066649747 0.966232189469007 0.963224964834547 0.964536969559469 0.965214950994704 0.955514887123953 0.966743354527053 0.95343021690607 0.964495938532142 0.949631872247149 0.964154153167599 0.964701748598412 0.956566558797765 0.963479841653087 0.970784515799711 0.964136178003791 0.951967283488408 0.962465212785935 0.961562970283095 0.950993947905379 0.962070844230486 0.973924751354987 0.970946250866636 0.966795017192292 0.962432495618984 0.96221872358151 0.961487645044213 0.969672676228788 0.961921234012997 0.96984292930162 0.966807014478506 0.987036595962798 0.986952539632434 0.963223192052648
0.978280057090312 0.969939653760985 0.961863442018267 0.95156657696995 0.967828308922404 0.967342469932976 0.963321622530684 0.953311165844584 0.957074800988458 0.965352354006105 0.966994530138527 0.97182554198462 0.97263106890558 0.963179243926038 0.948420957358724 0.951159181422053 0.965005326647681 0.947720004746369 0.948956305880064 0.964914683300974 0.965104058275401 0.967185526428414 0.959802341926705 0.963836288549832 0.948786227085598 0.959643921088859 0.949226577824166 0.963778242186708 0.969938960222918 0.972480780957077 0.965273999550742 0.960709321316772 0.971998225073951 0.962811314247012 0.956146804876319 0.967811147333881 0.962484494739435 0.954919139519148 0.96229162011111 0.962156111382509 0.969516815982483 0.965627785503383 0.958281007257701 0.987092236344394 0.965026001421311
0.978406413972819 0.970803063109507 0.970259387238067 0.968630935335824 0.968535382875661 0.954082642435046 0.946412820479915 0.950937791866353 0.95433523502066 0.970849114361729 0.969843889109778 0.963771714391829 0.973508523224454 0.967218180827961 0.967539042712745 0.950181904862453 0.965144397967705 0.95096761752871 0.951584661906156 0.967654929887403 0.966997458346838 0.972638781941398 0.948083827954323 0.952747513630224 0.961299915843621 0.96688892164131 0.964961430881616 0.975343835719749 0.959109867100123 0.961177552523177 0.963567924595852 0.946454549395072 0.966186263256927 0.958462496990716 0.969144666523297 0.962922413640441 0.950541818937415 0.966947633727916 0.963358323644136 0.964632520262569 0.968187780238276 0.963734601423053 0.981733179187085 0.981733179187085 0.981733085421801
0.978346576869532 0.967342982581604 0.966607272263115 0.966043189217528 0.970451915921607 0.952999304136566 0.968325217209718 0.969461511079972 0.952273697254858 0.972115038601456 0.970450750468049 0.948071619916709 0.973684664112176 0.964386264156763 0.957487937309893 0.964707081401168 0.970000994542669 0.964477829536154 0.96476614316769 0.969980315572548 0.955311991751052 0.973099377950543 0.963177933492536 0.973129610153592 0.963652712617486 0.965181303488152 0.965517011255213 0.965195193018409 0.972298390384355 0.972298390384355 0.952879508312994 0.962057748689444 0.963658896004867 0.96338597033937 0.961927844452223 0.954274019206888 0.965553574149164 0.987231672678579 0.981930689970188 0.960795283129257 0.963642870241288 0.960475907944834 0.9870054524332 0.9870054524332 0.981733010409581
0.970556381370553 0.969216641277092 0.963819156732844 0.951575332300355 0.959664021087589 0.964082604440345 0.956409812010598 0.969346546316345 0.977952819766289 0.974452932398665 0.971230593817239 0.963714201107654 0.963093347188489 0.970952167743481 0.971502901124062 0.9723397622296 0.974878173656088 0.975029689881178 0.976574354641086 0.977365316577413 0.977373220577653 0.979368858295876 0.971046725345754 0.963850276926175 0.951503135716582 0.951811995479916 0.965411101287834 0.964257262385543 0.964145058187363 0.950809853937061 0.96184818794763 0.962236794744921 0.962055679689844 0.965140782613695 0.982017002290522 0.987292883069954 0.981930615761931 0.987231675787282 0.987146304128316 0.987146304128316 0.987231675787282 0.981930615761931 0.987005359211794 0.987091660864596 0.987091661912119
0.961901471839197 0.977843614691942 0.967717757928435 0.965458129815082 0.965839386787398 0.961405873967891 0.978098574585879 0.978098574585879 0.978098574585879 0.978098574585879 0.968254882254637 0.9773219472089 0.975177045557864 0.975075817219984 0.962538161042576 0.962297394550469 0.970826341435878 0.964416675705754 0.973647260907167 0.967422019746855 0.96319486130533 0.963727061300701 0.967570873396021 0.971349661510709 0.96828237786308 0.96559418219181 0.964529208390808 0.964875433986397 0.950170341637615 0.962347502246052 0.961826989680117 0.964977412867018 0.982016946897972 0.982016946897972 0.987207850969786 0.982016946897972 0.987231676823516 0.987231676823516 0.987146236778908 0.987231676823516 0.987231676823516 0.987146236778908 0.98700529112875 0.981732916644314 0.987091664007165
0.965681262568621 0.977830653339797 0.977725380023787 0.977576982514395 0.972945456053334 0.961584178967877 0.977952635500922 0.96906540319958 0.977952635500922 0.96906540319958 0.963238773630115 0.968900469927992 0.962548305757465 0.970851809134209 0.963289459063769 0.970095854203513 0.968370288280446 0.94907626485694 0.973452415249884 0.964443256676246 0.972897287198944 0.954781802512297 0.965740930774941 0.965794533316222 0.980313956180781 0.980889484258064 0.980915638841991 0.980966124226636 0.973341893608781 0.964936693376932 0.987292886163851 0.982016909969607 0.987207810752588 0.987292886163851 0.987292886163851 0.982016909969607 0.987146196369266 0.987146196369266 0.987146196369266 0.987146196369266 0.987146196369266 0.987146196369266 0.987005250278926 0.987005250278926 0.987091664007165
0.978062968909494 0.978062968909494 0.978062968909494 0.978062968909494 0.978062968909494 0.957270970889587 0.959015385089868 0.963744437228577 0.969315697019222 0.978276626433689 0.952776028202913 0.964119103745871 0.957168075852725 0.963011003462833 0.972643986929981 0.969585376234408 0.962290529081114 0.954440050521039 0.973394931525822 0.972733299243935 0.965656404260548 0.961046143590595 0.952049010985376 0.95280607224365 0.964907595529165 0.964650954276772 0.958948496423988 0.949643087664291 0.9874111118528 0.9874111118528 0.982131559061258 0.987289580061982 0.987374128377704 0.987374128377704 0.987374128377704 0.987289580061982 0.987251815557545 0.987336613464157 0.987336613464157 0.987336613464157 0.987336613464157 0.987251815557545 0.981761416459694 0.987111871462576 0.987111871462576
0.969015343475962 0.978062968909494 0.977916794984858 0.978062968909494 0.977916794984858 0.957233316202411 0.969813503019653 0.978170613658873 0.978276626433689 0.960996749240493 0.96387529374388 0.962854362804934 0.968755260902838 0.962570288965236 0.972442603211014 0.968497799346368 0.961768109859384 0.965571493753516 0.963763420210476 0.972478167673202 0.965642514451226 0.971854848485025 0.965769003538176 0.95147358264515 0.974739831825315 0.962226397264493 0.970702080719258 0.961786769041763 0.982301965986125 0.987411125046828 0.987289593382562 0.987289593382562 0.987289593382562 0.987289593382562 0.987289593382562 0.982131559061258 0.987336613464157 0.982078608961159 0.987336613464157 0.987336613464157 0.987251828917447 0.982078627362553 0.987111871462576 0.981761435183742 0.987025592120392
0.977916863303571 0.969015406337317 0.977916863303571 0.977916863303571 0.977916863303571 0.978900785102414 0.959671373244319 0.959454716682698 0.961352314716293 0.953090199707376 0.958691277869869 0.951274824888191 0.963846971443075 0.948610875715073 0.97165605325499 0.959836095454672 0.953817775651564 0.961825411723058 0.952386824738228 0.970208455666464 0.965801575184286 0.968745827691152 0.952687777387745 0.965899708246867 0.974480375374338 0.946221550395317 0.968850914544359 0.962139239060729 0.987411164628912 0.982302020508506 0.987374126328208 0.987289633344303 0.987289633344303 0.987374126328208 0.987374126328208 0.987374126328208 0.987251868997151 0.987251868997151 0.987251868997151 0.982078664165341 0.987251868997151 0.987251868997151 0.987111871462576 0.987111869370788 0.981761472631839
0.977916977981421 0.978062964028857 0.969015500629358 0.969015500629358 0.977916977981421 0.961538561926373 0.955693673107858 0.970696437679741 0.948795309167518 0.955234008069344 0.948650267669082 0.938359077421561 0.963674676480927 0.953970271103392 0.967801722181638 0.95331708765478 0.962385349082972 0.946402484742064 0.962823344346485 0.966436027204368 0.966673889394804 0.96632689416175 0.96594074039872 0.970676870838756 0.973398623197989 0.953671550782151 0.965756558323817 0.947621503680293 0.964631575832014 0.953712322095564 0.982131669146391 0.982131614103823 0.982131669146391 0.98737412530346 0.987289699947208 0.987289699947208 0.982078719369526 0.987251935796663 0.987336610380838 0.987251935796663 0.987251935796663 0.987251935796663 0.981761528803987 0.987025700883861 0.981761528803987
0.969015628769838 0.978062959148219 0.969015628769838 0.969015628769838 0.97791713657847 0.95437741614707 0.943755588448744 0.970464449083362 0.969642186053559 0.963670346759255 0.966157418810603 0.966293686551532 0.948253243574529 0.951592167726307 0.962110687237979 0.962537122964189 0.947207646488348 0.963420307395766 0.963478385915165 0.964130763028482 0.955172381867341 0.949262434622107 0.952803927378901 0.965342633689603 0.970619169835068 0.964994140302531 0.962855861326437 0.963489111835006 0.967605983377592 0.971155668298987 0.98737412530346 0.987289791141962 0.987289791141962 0.987374122229217 0.987374122229217 0.987289791141962 0.982078719369526 0.987336610380838 0.987252027260617 0.987252027260617 0.98207879297511 0.987336607297519 0.987111865187213 0.981761603700189 0.987025793960301
0.978062956707901 0.96901578592328 0.978062956707901 0.96901578592328 0.956457156707075 0.950495324036236 0.962503228380538 0.953214114947273 0.963273549748275 0.965876404585523 0.955783126393556 0.968086484564346 0.964014239192396 0.962873426963435 0.96308177252603 0.951908010207645 0.963182716011001 0.965945869147555 0.952420687690196 0.973179371869561 0.969381218601076 0.967556125112431 0.966192821149329 0.953479769522139 0.967408477067439 0.96374719287033 0.959619485357422 0.987411439673696 0.982302147727407 0.98749485079266 0.987374122229217 0.987289911027214 0.982131742536486 0.982131834274113 0.987374122229217 0.982131742536486 0.987252147499761 0.987252147499761 0.982078884982098 0.987252147499761 0.987252147499761 0.982078884982098 0.987111863095425 0.98702591631923 0.98176169732045
0.97822390452378 0.97822390452378 0.975507005557634 0.944495600595045 0.958778548177288 0.962852422296354 0.949777184482293 0.964462687844905 0.964760343915132 0.970969430222038 0.950410568353124 0.969328689469911 0.966575669137248 0.948396418003063 0.963369090696014 0.964037776484788 0.955490942641976 0.969669953392911 0.963160777548955 0.973229584522339 0.962668299317723 0.965852930676968 0.963357529636374 0.964715158969972 0.95013767727772 0.959890482174678 0.950058302885849 0.982460929016979 0.987607269663417 0.982460929016979 0.982302950256086 0.987495352947351 0.987412092328381 0.987412092328381 0.987412092328381 0.982303059296536 0.987487309448461 0.982291710265167 0.987487309448461 0.987487309448461 0.982291710265167 0.987487309448461 0.981982043737461 0.981982043737461 0.987267909261495
0.978223897255938 0.978223897255938 0.975470587379623 0.975013393699106 0.962085025945776 0.957777643744706 0.964458678846445 0.964060629187993 0.953349259556876 0.97156032581648 0.964080837131354 0.97477847795142 0.975001779517116 0.975235280710467 0.975435828340229 0.965865140389427 0.977146048028752 0.971929731155071 0.97796381432284 0.969080110183025 0.978307154676456 0.95448727168303 0.969482632706512 0.951892121765411 0.961170098772285 0.952355931923467 0.987607269663417 0.987524921533157 0.987524921533157 0.987524921533157 0.987412262829082 0.987412262829082 0.98230318651041 0.98230318651041 0.987495345842556 0.987495349902439 0.982291710265167 0.987404169291805 0.987404169291805 0.987487305385985 0.987487309448461 0.987487305385985 0.987183320788844 0.981982173237716 0.981982173237716
0.961141624538093 0.973238797012177 0.965923901901165 0.9750911820234 0.963007805103589 0.964831760024639 0.963978233094404 0.969939079874447 0.963326288573829 0.972055719658392 0.962870296152162 0.963862695043523 0.962898860553493 0.963959537310836 0.967262440209722 0.96850132354919 0.976995360510241 0.976995360510241 0.977964158067968 0.977964158067968 0.978164035025689 0.969482853274583 0.978252326003417 0.963068708386503 0.969564775824133 0.947552394490808 0.987607265639643 0.987607261615869 0.982461307282256 0.982461307282256 0.987495341782674 0.982303331897715 0.987495341782674 0.987495341782674 0.982303331897715 0.98230318651041 0.987404367320873 0.987487305385985 0.987404367320873 0.987404367320873 0.982291983039584 0.987404367320873 0.987183522267463 0.987267905128246 0.981982321238028
0.944489963370073 0.97298288875535 0.964379943140943 0.974981512166892 0.962603138501064 0.949844827607415 0.971331437592573 0.970270036977299 0.964308452277754 0.962341096839888 0.96671125991242 0.963974913696788 0.962593608541158 0.947855391655547 0.963000835292007 0.964236023682016 0.96772800921278 0.976995763319745 0.962296993690568 0.946980310487043 0.95576848061269 0.962969817251942 0.969548435172753 0.94046291059718 0.97022700273379 0.970583424232784 0.987607261615869 0.987525337959124 0.98246146939599 0.987525337959124 0.982303495458458 0.987495336707821 0.982303495458458 0.982303495458458 0.982303331897715 0.987412682991649 0.987404589722797 0.987404589722797 0.98229214670427 0.987487301323508 0.987487296245413 0.987487296245413 0.981982487738405 0.987183748543501 0.987267900994998
0.961172049715441 0.97288653657791 0.963040630185914 0.949109427380017 0.964424200299144 0.972403245014536 0.97164012494263 0.964161197818248 0.963994441896804 0.950616498155655 0.965310793976116 0.962557660330643 0.96591925167959 0.96217137984512 0.963134534155527 0.966200033534119 0.965997383295979 0.963009071847127 0.963773190917117 0.951417481181666 0.967747949180315 0.964203599648716 0.945628409848483 0.978307970306463 0.97892721200689 0.978944408859245 0.982461649522394 0.987607251556434 0.98246146939599 0.987525586406583 0.987412933668434 0.987412933668434 0.987412933668434 0.987412933668434 0.987412933668434 0.982303677192649 0.987487291167317 0.987404840559731 0.987404840559731 0.987487296245413 0.987487291167317 0.987404840559731 0.987267890661877 0.981982672738858 0.981982672738858
