Model input/Uganda/survival/Lsurvival/Lsurvival_restime_1may.asc
NCOLS 67 
NROWS 67 
XLLCORNER 29.500000001 
YLLCORNER -1.499999999 
CELLSIZE 0.0833333332985075 
NODATA_value -9999 
[rows 40 to 59 of 67, columns 0 to 44 of 67]
0.951210481831614 0.963534678892777 0.981115948726928 0.98128497429713 0.960847260324058 0.973064115018988 0.964454783780356 0.966390787001354 0.953438371769798 0.966430791874036 0.96582309852969 0.968413794091155 0.954319462455565 0.971529986719424 0.967591308952005 0.975066819810815 0.973341446023312 0.964674155587207 0.968134445030431 0.968086781897326 0.967711585621836 0.957694390727205 0.967322897302955 0.966768397329824 0.966802230027967 0.965800448180808 0.96746652400642 0.968363423638192 0.965216796552695 0.96207963845277 0.966099739973458 0.963950453738338 0.976519915651561 0.957187854151338 0.966995175531053 0.971491399680001 0.964799990064418 0.950214435022075 0.964631559586497 0.962373881166631 0.963428352111145 0.964672620137996 0.988148313810573 0.968761573106493 0.959721070037117
0.96583183741719 0.955897487761749 0.981151939484927 0.971479365137936 0.971257194411074 0.972120199536852 0.953839292929383 0.966712241654402 0.967292750902363 0.971641122508398 0.961651578437487 0.966943963958538 0.954590263777377 0.967903795178948 0.957785302331446 0.973335977641435 0.967471275011023 0.961419151769154 0.963595220456139 0.973026052212727 0.970676979401 0.969766498992613 0.967134503377713 0.969568611891173 0.956226717035215 0.967213659588609 0.962014699200852 0.964408340623378 0.949164647460884 0.964204058692788 0.965683694618179 0.95751790192096 0.975999901168443 0.965602481907097 0.965672683462004 0.965517940386841 0.954439828319913 0.964255959025219 0.960991285598485 0.967181772298284 0.973609144265136 0.969804394012894 0.988149551025966 0.966522834658906 0.970632121119015
0.96200455040134 0.949982647447547 0.981009181953453 0.949195373483816 0.971030422473978 0.970832666399536 0.952401027663505 0.969262787358673 0.970930798887743 0.966702616747951 0.967402686307367 0.973774622946467 0.969095913274491 0.966321903659082 0.967379328119635 0.967632856088343 0.958618249512412 0.969290403956275 0.956439600002357 0.966814523043368 0.952815239749331 0.966517416155739 0.967093730644015 0.959121721492228 0.96547278040216 0.972655192434566 0.966644690347461 0.955589904180628 0.965173269571185 0.965144880629183 0.95430529559069 0.964648846079535 0.975699401126753 0.972996293806632 0.969312542701969 0.965334765164937 0.965013182190155 0.96400268213573 0.971560845220371 0.964481911203368 0.971852491791054 0.968975360845876 0.988150452929067 0.988072086453234 0.965300943977096
0.980812312479366 0.973357288576358 0.965229900066745 0.955581145930791 0.969677799136041 0.969133068349599 0.966491014693294 0.95707063203601 0.960410124076287 0.968223867273608 0.969775230187729 0.974186508092028 0.974835210964338 0.9660005410309 0.952383523443478 0.954331219172132 0.967230448415796 0.95125030127899 0.952650253011043 0.967432532644313 0.967269684515505 0.969405796775208 0.962341824383376 0.966198527622612 0.952221423049743 0.962328073672635 0.952531818798297 0.966162305198717 0.972081903178805 0.974953395383458 0.96766828675065 0.963552247377928 0.973986464079102 0.965543161846883 0.959311918987571 0.970133483306944 0.965347068097542 0.958117821984575 0.965170455726042 0.965123076104984 0.971880432054453 0.968250528852516 0.961393119301371 0.988287426039447 0.966700693871413
0.980925574927425 0.973220027503051 0.97270467028758 0.971171843449186 0.970561967487939 0.957498825527093 0.95097636566044 0.954575941912939 0.957960439855615 0.973164610709386 0.972321770871717 0.966595487429686 0.975610074986446 0.96974028265535 0.969964813615468 0.954179385562519 0.967562892678942 0.954771362233705 0.955879288543756 0.970222300457955 0.969266480311693 0.97442703131866 0.952316480560909 0.956821245337741 0.963950708242996 0.969136692961674 0.96750081328259 0.977342646463699 0.961963667382336 0.964647167662105 0.965791289603136 0.950079870319953 0.968596743457868 0.961371535043832 0.971300866913955 0.965559187683604 0.954033416966083 0.969249074104808 0.96596987626533 0.967285609298463 0.970623552351204 0.966475339008021 0.983419433649489 0.983419433649489 0.983419347626982
0.980881516881903 0.970049749628292 0.969339833301572 0.968793875502758 0.972412170304464 0.956677346227014 0.970740166952554 0.971864869664397 0.955876535191171 0.974346225071042 0.97286541762006 0.95209782250119 0.975766844166863 0.96715580119487 0.960790265276253 0.967278197747314 0.972231915214131 0.967066767365085 0.967546237620477 0.972622735004715 0.958992189934416 0.974975609407915 0.966272246773168 0.975275520049003 0.967113684965592 0.967462848978094 0.967924100016731 0.968003139449917 0.974787179757445 0.974787179757445 0.955994147259749 0.964550856240209 0.966198818109177 0.965945996985098 0.964447096344221 0.957391252833327 0.967930129741262 0.988428827046723 0.983620724527528 0.963639504917073 0.966439751203219 0.963511621953725 0.988207935749515 0.988207935749515 0.983419278808982
0.973140911772739 0.972839638216423 0.966921369924937 0.955419974209837 0.962466478226003 0.967259544287132 0.959834963262344 0.971762912218357 0.980399780222793 0.976485840744576 0.97353667179328 0.966424748011185 0.965995225093279 0.973236819409617 0.973744429642459 0.974523783688255 0.976941580675421 0.977121125154683 0.978490533686935 0.979288929703584 0.979371399074457 0.981193241451715 0.973678964227745 0.967363510034483 0.955728182799884 0.9561446313836 0.968307869952573 0.967083091174241 0.966527558234466 0.954179489075801 0.964419751218322 0.964744042054914 0.96453061398698 0.967419223502649 0.983659196946002 0.988456122240307 0.983620656538363 0.988428828944543 0.988351414216904 0.988351414216904 0.988428828944543 0.983620656538363 0.988207850268604 0.988286213435273 0.988286215356345
0.965257527031767 0.980523741638965 0.970350033366079 0.968250624594729 0.968737362120302 0.964262361393853 0.980529518713348 0.980529518713348 0.980529518713348 0.980529518713348 0.970915386863987 0.979228155546127 0.977206923083448 0.977114216465352 0.965504547109645 0.965366922420927 0.973315591517271 0.967618442545705 0.975705995218983 0.9703686070963 0.966480419735742 0.967623901239546 0.970904078817032 0.974026680568051 0.971132472815561 0.968544795932498 0.967823751119209 0.967743112534587 0.95440756861719 0.965044601423644 0.964456809277975 0.967388152073801 0.983659147957297 0.983659147957297 0.988378828454673 0.983659147957297 0.988428830842363 0.988428830842363 0.988351353491431 0.988428830842363 0.988428830842363 0.988351353491431 0.988207788799189 0.9834191946981 0.988286216316881
0.968667919748792 0.980509727189521 0.980433050597393 0.980302510449699 0.974997111923193 0.964892578473308 0.980399614906967 0.972484796841113 0.980399614906967 0.972484796841113 0.966360431979062 0.971643212843186 0.965343427195039 0.973302688364976 0.966244383923795 0.972569339088452 0.970899231934143 0.953371061344068 0.975493689379764 0.967571061985552 0.975343880363743 0.958665068976351 0.968884463823396 0.96850841226096 0.982100253165195 0.982709167100888 0.982752519860412 0.982814533750674 0.97594826907408 0.967498601877874 0.988456125080361 0.98365911404204 0.988378792483467 0.988456125080361 0.988456125080361 0.98365911404204 0.988351317435684 0.988351317435684 0.988351317435684 0.988351317435684 0.988351317435684 0.988351317435684 0.988207752301726 0.988207752301726 0.988286216316881
0.980568709651164 0.980568709651164 0.980568709651164 0.980568709651164 0.980568709651164 0.960770687734606 0.962577066622583 0.965534638980118 0.972516013765238 0.980551721460603 0.95685189173211 0.966836927614426 0.9607936365264 0.966084130148655 0.974780068612598 0.972071153475583 0.965512405408449 0.957798484282686 0.975400183329204 0.974780055940676 0.968431332245626 0.964497302536316 0.955993325043591 0.956639395893324 0.968644593854236 0.9674284804384 0.962263791956337 0.953698239610231 0.988614070951513 0.988614070951513 0.983821983296911 0.988494895995289 0.988571472566915 0.988571472566915 0.988571472566915 0.988494895995289 0.988352760329374 0.988430277391496 0.988430277391496 0.988430277391496 0.988430277391496 0.988352760329374 0.983469113082449 0.988321581232657 0.988321581232657
0.972539952902304 0.980568709651164 0.98043906548948 0.980568709651164 0.98043906548948 0.960683946357197 0.972894607729394 0.980455614259098 0.980551721460603 0.964466213678168 0.967042905643438 0.965950805151849 0.971488551730739 0.965717570644562 0.974572570297722 0.97098341996695 0.964861075620189 0.967983843230361 0.966165632811869 0.974501390819433 0.968184867169577 0.974381518312569 0.968785026033441 0.956448077542488 0.977418975613221 0.965030681355666 0.973069581688322 0.964770512740073 0.983989168988604 0.988614083009735 0.988494908178987 0.988494908178987 0.988494908178987 0.988494908178987 0.988494908178987 0.983821983296911 0.988430277391496 0.983622597752861 0.988430277391496 0.988430277391496 0.988352772662703 0.983622614748049 0.988321581232657 0.98346913023557 0.988243352695275
0.980439125599753 0.972540008111546 0.980439125599753 0.980439125599753 0.980439125599753 0.981113303434888 0.962743709150679 0.962286108176235 0.964549897462736 0.957084033421763 0.964288001071255 0.955939363727645 0.966603466166627 0.952619799339114 0.973806308150753 0.962932612940297 0.957386983668654 0.964835862459418 0.955769169563148 0.972392666441757 0.968715392499836 0.971548502254052 0.956986730884055 0.969598498601333 0.977194053430357 0.950184301747541 0.971469307610451 0.965313376621177 0.988614118256847 0.983989218842285 0.988571471629635 0.988494943792875 0.988494943792875 0.988571471629635 0.988571471629635 0.988571471629635 0.988352808713973 0.988352808713973 0.988352808713973 0.983622648738427 0.988352808713973 0.988352808713973 0.988321581232657 0.988321580275004 0.983469164541812
0.980439228009856 0.980568707424563 0.9725400920296 0.9725400920296 0.980439228009856 0.964692499791169 0.959219015493434 0.972716867389645 0.952725260405622 0.960911054896308 0.952576156366851 0.945024837289169 0.966561925148152 0.957579403369566 0.970212712250291 0.95665577284608 0.965215932812289 0.950453793800029 0.965698977907208 0.968636397065927 0.969421273026605 0.969200725897593 0.969073809593911 0.973733609821092 0.976286184986378 0.95794915504767 0.968598320480368 0.952287392412982 0.967754911665669 0.957592874297297 0.983822082171288 0.983822033666875 0.983822082171288 0.988571469755075 0.988495003774163 0.988495003774163 0.983622697835641 0.988352869431904 0.98843027454512 0.988352869431904 0.988352869431904 0.988352869431904 0.983469214095275 0.988243450368157 0.983469214095275
0.972540204656473 0.980568702971362 0.972540204656473 0.972540204656473 0.980439368267187 0.958112184356632 0.948101463987036 0.972489798975789 0.971710624511151 0.966261588965777 0.968396396548885 0.968686724394785 0.952355424129275 0.955170508378952 0.964875865672744 0.965183966634442 0.950989415235028 0.966202241687906 0.966355284565347 0.96724407298309 0.959127889445223 0.954868544214941 0.957208316984315 0.9694495853165 0.973926418779611 0.968339870645205 0.966060859758834 0.966720194753643 0.970396185005706 0.973638732869738 0.988571469755075 0.988495087185648 0.988495087185648 0.988571467880514 0.988571467880514 0.988495087185648 0.983622697835641 0.98843027454512 0.988352953867783 0.988352953867783 0.983622765816403 0.988430272647536 0.988321576444392 0.983469282707766 0.988243535592543
0.980568698518161 0.972540343783805 0.980568698518161 0.972540343783805 0.96003837253598 0.954394746038686 0.965243207076536 0.956366212709856 0.965691504736122 0.967777550445752 0.958792211668201 0.970448011268954 0.966626521462718 0.965599096249401 0.965642708108914 0.955277172247604 0.965634945111638 0.968474311259302 0.956247458431765 0.975858234896266 0.972700852320953 0.970866562277477 0.96949837376088 0.958213352977869 0.971143202130504 0.968033837188812 0.963468749176051 0.988614367769335 0.983989333321118 0.988689854217348 0.988571467880514 0.988495195901751 0.983822149331247 0.983822233281203 0.988571467880514 0.983822149331247 0.988353063919052 0.988353063919052 0.983622850792362 0.988353063919052 0.988353063919052 0.983622850792362 0.988321573571432 0.988243646671528 0.983469368473387
0.980639868040837 0.980639868040837 0.977242449054904 0.948730553129403 0.961613140082814 0.965572823397722 0.952937872849342 0.966609834478504 0.966903486175383 0.972790823726392 0.953734832716727 0.971435243206651 0.968945428966782 0.951606993792141 0.965853743483602 0.966699413979698 0.958627222537675 0.972072308133196 0.966116877781591 0.975918685304723 0.966751805305586 0.970194172455422 0.968192950128175 0.968561684273947 0.954893615417936 0.965011771805438 0.954365769069728 0.984047303730473 0.988730839595067 0.984047303730473 0.98397826776223 0.988681956995182 0.988606551823052 0.988606551823052 0.988606551823052 0.983978365690774 0.988643529660429 0.983924101510838 0.988643529660429 0.988643529660429 0.983924101510838 0.988643529660429 0.983697650793965 0.983697650793965 0.988483168928522
0.98063986138526 0.98063986138526 0.977204661887507 0.976762945111509 0.965056927018397 0.960614095654276 0.966739614047287 0.966485097663489 0.956324413898107 0.973384782910561 0.966429310051439 0.976489231041654 0.976878453521967 0.977092703709254 0.977271942254669 0.968441829251183 0.978944659641941 0.974061004051356 0.979923368412657 0.971818191134636 0.980311294429401 0.959987558283521 0.972454489751803 0.956928110149219 0.964507884725082 0.957491726151149 0.988730839595067 0.988655914430241 0.988655914430241 0.988655914430241 0.988606706832401 0.988606706832401 0.983978482096415 0.983978482096415 0.98868195142556 0.988681955138641 0.983924101510838 0.988568027361284 0.988568027361284 0.988643525934814 0.988643529660429 0.988643525934814 0.988406606751396 0.983697769222205 0.983697769222205
0.964221375331685 0.975141269821392 0.968512367772382 0.976828461204964 0.965776305573478 0.967200811882396 0.966364492031685 0.971914716449135 0.965783693248432 0.973894171845967 0.965363346860165 0.966032680033357 0.965709551678988 0.966559594508748 0.96968754653137 0.970850408323925 0.978805702571128 0.978805702571128 0.979923681969595 0.979923681969595 0.980181263688938 0.972454689791161 0.980378822457738 0.966323962739996 0.972747712341973 0.95251534228484 0.988730835897931 0.988730832200795 0.984047647775268 0.984047647775268 0.988681947712478 0.98397861328374 0.988681947712478 0.988681947712478 0.98397861328374 0.983978482096415 0.98856820710851 0.988643525934814 0.98856820710851 0.98856820710851 0.983924349935516 0.98856820710851 0.98840678902176 0.988483165150606 0.983697902688969
0.949014524849983 0.974868996188005 0.966997665250032 0.976720483052639 0.965046282554048 0.953038438640606 0.973223009914762 0.972229087303383 0.966697956743452 0.96484705490742 0.968835869787689 0.966094625726362 0.965472459456722 0.951980201292223 0.965723894416333 0.967075457550573 0.970256473901005 0.97880607595428 0.965076825408923 0.951605149461792 0.959934997679662 0.966927464561513 0.97253782928094 0.947326011665695 0.97328083126324 0.973650504252976 0.988730832200795 0.988656293358022 0.984047796800056 0.988656293358022 0.983978762948176 0.988681943071126 0.983978762948176 0.983978762948176 0.98397861328374 0.988607087394381 0.988568409207762 0.988568409207762 0.983924500102703 0.988643522209199 0.988643517552179 0.988643517552179 0.983698054953891 0.988406993957908 0.988483161372689
0.964360771890314 0.974764097137872 0.965354315345419 0.952544707059116 0.966883838141267 0.974323269452957 0.973495609871035 0.966284947026924 0.966330858272405 0.9537894097812 0.967272482807872 0.96483896732518 0.968494118787474 0.965234265676566 0.966100699186969 0.968954044331318 0.968498957065275 0.965583681099885 0.966248746796869 0.954944466988249 0.970669566617617 0.967757262435704 0.950339062031594 0.980471089925259 0.980920618149601 0.98096099215716 0.984047958703555 0.988730822957956 0.984047796800056 0.988656518866332 0.988607313875238 0.988607313875238 0.988607313875238 0.988607313875238 0.988607313875238 0.9839789255466 0.988643512895161 0.988568636453052 0.988568636453052 0.988643517552179 0.988643512895161 0.988568636453052 0.988483151927899 0.983698220377537 0.983698220377537
