Model input/Uganda/survival/Lsurvival/Lsurvival_restime_1jul.asc
NCOLS 67 
NROWS 67 
XLLCORNER 29.500000001 
YLLCORNER -1.499999999 
CELLSIZE 0.0833333332985075 
NODATA_value -9999 
[rows 0 to 19 of 67, columns 0 to 44 of 67]
-9999.000000000000000 -9999 -9999 -9999 -9999 -9999 -9999 -9999 -9999 -9999 -9999 -9999 -9999 -9999 -9999 -9999 -9999 -9999 -9999 -9999 -9999 -9999 -9999 -9999 -9999 -9999 -9999 -9999 -9999 -9999 -9999 0.953889628656459 0.967181289164458 -9999 -9999 -9999 -9999 -9999 -9999 -9999 -9999 -9999 -9999 -9999 -9999
-9999 -9999 -9999 -9999 -9999 -9999 -9999 -9999 -9999 -9999 -9999 -9999 -9999 -9999 -9999 -9999 -9999 -9999 -9999 -9999 -9999 -9999 -9999 -9999 -9999 -9999 -9999 -9999 -9999 0.967770402191626 0.956253082900964 0.966169055306105 0.958117982076719 0.952350725492229 0.952692610571054 0.966082994003577 0.967681574515669 0.954179999602252 0.965574199328648 0.966295058895037 -9999 -9999 -9999 -9999 -9999
-9999 -9999 -9999 -9999 -9999 -9999 -9999 -9999 -9999 -9999 -9999 -9999 -9999 -9999 -9999 -9999 -9999 -9999 -9999 -9999 -9999 -9999 -9999 -9999 -9999 -9999 -9999 -9999 -9999 0.972494665594564 0.965502264342929 0.970978955528825 0.967716976028393 0.976739330619769 0.965680712346637 0.966354518466848 0.97531134295377 0.974474604646308 0.972227851025613 0.97033027480791 0.965914147324267 0.954345448926369 0.968459732510629 -9999 -9999
-9999 -9999 -9999 -9999 -9999 -9999 -9999 -9999 -9999 -9999 -9999 -9999 -9999 -9999 -9999 -9999 -9999 -9999 -9999 -9999 -9999 -9999 -9999 -9999 -9999 0.968541476217579 -9999 -9999 -9999 0.961967069918297 0.965109507798664 0.96840704117781 0.965547424576063 0.95183041278207 0.967067298420191 0.968782424656896 0.966406611534752 0.966910242433794 0.958517636822634 0.968195182976628 0.967637611285239 0.955822391856455 0.97144064002087 -9999 -9999
-9999 -9999 -9999 -9999 -9999 -9999 -9999 -9999 -9999 -9999 -9999 -9999 -9999 -9999 -9999 -9999 -9999 -9999 -9999 -9999 -9999 -9999 0.968277821023167 -9999 -9999 0.958528076460523 -9999 -9999 -9999 0.988772857481961 0.984351092641011 0.984102518068261 0.971333734495686 0.970160609316666 0.967794490486824 0.952376883302833 0.96716979447288 0.959658966665203 0.969908174920286 0.967683712365586 0.960211607306793 0.967744863755248 0.972716801964809 0.965868405320466 -9999
-9999 -9999 -9999 -9999 -9999 -9999 -9999 -9999 -9999 -9999 -9999 -9999 -9999 -9999 -9999 -9999 -9999 -9999 -9999 -9999 -9999 0.958795479506665 0.972103645472454 0.970686279700916 0.971606762013546 0.953929153685251 0.989818252342008 0.989865141160724 0.985739515994384 0.989918259144877 0.965428430390644 0.984144179372886 0.978205225659269 0.977929258346507 0.968026951140553 0.963553876926779 0.973171326138208 0.969478018655174 0.954977044130961 0.967874913729654 0.953924799268197 0.973143137557235 0.973525539326912 0.966009398631076 -9999
-9999 -9999 -9999 -9999 -9999 -9999 -9999 -9999 -9999 -9999 -9999 -9999 -9999 -9999 -9999 -9999 -9999 -9999 -9999 0.969120667052437 0.975423490029678 0.975982476037123 0.97736982837338 0.97799515867014 0.962795939294829 0.966264717460933 0.989865160681573 0.989817325570359 0.989870672456188 0.989918276918585 0.971839071428032 0.965918386142261 0.977173555339175 0.958337384774617 0.968850459695965 0.975818907380344 0.975182179457411 0.97330030921915 0.967821827288007 0.969922583519936 0.971163765551342 0.973968455717602 0.976067683280409 0.951469375263593 -9999
-9999 -9999 -9999 -9999 -9999 -9999 -9999 -9999 -9999 -9999 -9999 -9999 -9999 -9999 -9999 -9999 -9999 0.972157854734374 0.972494281690046 0.963407501007645 0.968396372508009 0.958072896046949 0.958432902925436 0.977821052711542 0.949286634466639 0.973556045266607 0.985483470570018 0.95442015189351 0.971804880983965 0.972739142013645 0.978297587300443 0.968965208161616 0.983914554063032 0.966871138761457 0.956475986249016 0.960379212258852 0.971690975573287 0.969324061080895 0.967451737172266 0.967128292643985 0.961604693226673 0.966224558663219 0.967084982005926 0.966179254704586 0.952176984278189
-9999 -9999 -9999 -9999 -9999 -9999 -9999 -9999 -9999 -9999 -9999 -9999 -9999 -9999 -9999 -9999 -9999 0.972217758930737 0.956252394146823 0.968492914603336 0.968350202283461 0.960193282948743 0.972413139279942 0.978498923577463 0.978110758785226 0.985478534627304 0.96823429399128 0.96846666832404 0.970879502485511 0.971996278205377 0.978207821825342 0.977888960353026 0.96877140790333 0.977255879946836 0.959143597581299 0.969382758325291 0.957047538416002 0.969549401239661 0.957419320545871 0.967333569639167 0.966789356719868 0.980262139890445 0.966168491762622 0.97010221355208 0.966100757672196
-9999 -9999 -9999 -9999 -9999 -9999 -9999 -9999 -9999 -9999 -9999 -9999 -9999 -9999 -9999 -9999 -9999 0.973520854693262 0.973470457491534 0.975111698304972 0.970271444591856 0.961475757125681 0.961407495962322 0.966728664897573 0.985442839490627 0.968390363809275 0.961600133682451 0.967376456195761 0.958952253231421 0.975128276116922 0.977693976354936 0.968822984170593 0.968351950570404 0.983899564885381 0.983785184509522 0.96775588183298 0.956807714855057 0.963298094870453 0.969032265137988 0.970014792224477 0.972383585973204 0.980194077422208 0.970281901479514 0.971161490009079 0.96600239758258
-9999 -9999 -9999 -9999 -9999 -9999 -9999 -9999 -9999 -9999 -9999 -9999 -9999 -9999 -9999 -9999 0.969872236909093 0.972144145765523 0.975661254399376 0.977521661325258 0.978308958506109 0.978391270246536 0.970410057181752 0.973337552879234 0.989712308177974 0.975214007693949 0.969342319931173 0.956774345162967 0.960351253105433 0.973339048809677 0.975480418528519 0.956669297897164 0.977188008965387 0.969206284819015 0.967828722969906 0.97717749869668 0.974246550642088 0.969489816946517 0.972907112105674 0.9806799613665 0.969725842301813 0.96717285966633 0.967122598432333 0.969764113417417 0.978045781021549
-9999 -9999 -9999 -9999 -9999 -9999 -9999 -9999 -9999 -9999 -9999 -9999 -9999 -9999 -9999 -9999 0.969967348116129 0.96516587604296 0.968981298783546 0.95968802753139 0.970767998170444 0.954840970580563 0.966362535207843 0.98576134554758 0.969474086773397 0.974852803468468 0.974032611077986 0.969559815568133 0.969825319299537 0.972311245394074 0.974317049515499 0.964814608639557 0.976677132846579 0.969349682329219 0.969632838923859 0.982355735473664 0.9735098142719 0.981121257467052 0.974918301896363 0.96759709949456 0.961553737469257 0.971816057921114 0.966870678123793 0.972082626697358 0.966786600452349
-9999 -9999 -9999 -9999 -9999 -9999 -9999 -9999 -9999 -9999 -9999 -9999 -9999 -9999 -9999 0.969983366461181 0.963125002096765 0.970698075805383 0.971819270236101 0.964948517189575 0.968819728884401 0.958311915832687 0.989912982414485 0.989912998419079 0.969421222816365 0.957236766582827 0.969661951613239 0.957589653604413 0.969834969110072 0.971363644777475 0.969998380479088 0.961240849849086 0.975778042688044 0.954254268254145 0.968006024793357 0.972910771862745 0.974622020163141 0.967083794385584 0.969604581168354 0.963240262567115 0.954428756330646 0.969739313884254 0.967042064771253 0.970553032160953 0.952283533112942
-9999 -9999 -9999 -9999 -9999 -9999 -9999 -9999 -9999 -9999 -9999 -9999 -9999 -9999 -9999 -9999 0.970548343233846 0.970643571321866 0.96044313847649 0.970800481833883 0.964984337376245 0.949614941687517 0.985607233975627 0.989828449690498 0.960105357172404 0.957068455328183 0.960752640170043 0.969813975939089 0.95750562162665 0.967134720402833 0.96782099568501 0.970766202466614 0.97551462783266 0.972022649583076 0.955051282003945 0.96857105552772 0.982215437607931 0.967953784865605 0.967986088721859 0.973757651347244 0.969721803260308 0.967697884933759 0.9682228673882 0.970367576700671 0.967189680326784
-9999 -9999 -9999 -9999 -9999 -9999 -9999 -9999 -9999 -9999 -9999 -9999 -9999 -9999 -9999 -9999 -9999 0.970467447533992 0.972471526011677 0.974318782008736 0.974505158644798 0.977017003306948 0.989815909545185 0.962581130197261 0.971461851406934 0.973316619777481 0.957207153343207 0.961742676329422 0.967849402312586 0.967987876715447 0.955512961326758 0.968576664160813 0.9738375167808 0.970935211760615 0.968550931866712 0.968575602043148 0.973838623094509 0.974602957041159 0.968671252549837 0.968495358388062 0.970716513401472 0.967442212229384 0.959748288220159 0.969121086866894 0.970374201458903
-9999 -9999 -9999 -9999 -9999 -9999 -9999 -9999 -9999 -9999 -9999 -9999 -9999 -9999 -9999 -9999 0.971431060528154 0.962239875725063 0.969517643834972 0.972065093438786 0.972692321667072 0.961864503398706 0.989799779496673 0.969072714817854 0.96721525483848 0.976534251510569 0.974355570601551 0.969408727177528 0.96721007776811 0.971587039710514 0.960221675615368 0.967929427109391 0.968970084164898 0.9609318517756 0.970045405258673 0.971007073111845 0.972314372585271 0.972033685886839 0.974396789032427 0.979404423333086 0.97124874533472 0.9706354444902 0.979243643044488 0.979092485504726 0.968888787072426
-9999 -9999 -9999 -9999 -9999 -9999 -9999 -9999 -9999 -9999 -9999 -9999 -9999 -9999 -9999 -9999 0.971428398914889 0.976195294752959 0.967266264149404 0.969813709678423 0.978900411659423 0.979548024850147 0.979545810545993 0.985568106764183 0.967991635735272 0.955695784748837 0.956241605036403 0.956570909426857 0.974816638196199 0.974059164185536 0.967847137467796 0.955152447482388 0.957884344838943 0.969317749617682 0.9598790809631 0.96890674070286 0.955782174713483 0.967979300860885 0.973182085285982 0.972020873028559 0.967759523064431 0.956820738590773 0.967251753318388 0.953701691448781 0.966961130102327
-9999 -9999 -9999 -9999 -9999 -9999 -9999 -9999 -9999 -9999 -9999 -9999 -9999 -9999 -9999 0.959425602798296 0.96489896866007 0.969779215874902 0.976511619856684 0.970072299207803 0.965114916504018 0.967197560545021 0.954097980822218 0.989750933681468 0.967876113958033 0.976636662444991 0.976177099751339 0.975564160293871 0.975203759370712 0.966942822879467 0.970608920378745 0.955879428091001 0.968103169636692 0.963831333162783 0.968318383416163 0.958915739162458 0.968006351275594 0.971385088342614 0.97242196405222 0.980141934721918 0.979989808122265 0.96615092266642 0.953705612150436 0.967354819933275 0.969255067400035
-9999 -9999 -9999 -9999 -9999 -9999 -9999 -9999 -9999 -9999 -9999 -9999 -9999 -9999 -9999 0.969821956628992 0.974133892568471 0.957426572719399 0.975803855584558 0.970939073054449 0.97502267499247 0.966641249746751 0.970204580331159 0.989752196177598 0.966541453088523 0.954679439248215 0.968276939980258 0.958020201423014 0.96651821541797 0.967071245295568 0.961657178748349 0.968423975340262 0.968526951961565 0.970995894170918 0.975820435943746 0.968181411791567 0.968583303168367 0.967904410966747 0.954412682698774 0.969905809097199 0.973488749842831 0.971290726422395 0.966410187338222 0.961220533566694 0.97062352060788
-9999 -9999 -9999 -9999 -9999 -9999 -9999 -9999 -9999 -9999 -9999 -9999 -9999 -9999 -9999 0.968819928605715 0.974034654388192 0.965950018158674 0.95486064185735 0.961467263940806 0.967293630246593 0.951700679196831 0.967136971609534 0.966157023068163 0.985118156443052 0.952228867012491 0.962313787897349 0.967938997028528 0.952954196453919 0.975656389386159 0.973432667372572 0.972249804363171 0.969650516432989 0.972346008143567 0.967493020830218 0.971211255275228 0.960188620902116 0.958326793828587 0.967832578616086 0.96791868968162 0.971200337129945 0.969121248868114 0.972452559068967 0.979757641325433 0.971085756375391
