Model input/Uganda/survival/Lsurvival/Lsurvival_restime_1mar.asc
NCOLS 67 
NROWS 67 
XLLCORNER 29.500000001 
YLLCORNER -1.499999999 
CELLSIZE 0.0833333332985075 
NODATA_value -9999 
[rows 20 to 39 of 67, columns 0 to 44 of 67]
-9999 -9999 -9999 -9999 -9999 -9999 -9999 -9999 -9999 -9999 -9999 -9999 -9999 -9999 -9999 0.957459950214103 0.952702035063678 0.966885188806415 0.954661414522159 0.964043168040386 0.9622418254569 0.964981863600037 0.968708714616578 0.952776200057447 0.970619405733784 0.969904998137042 0.948290142773384 0.952149735198365 0.983323870049923 0.973370741216102 0.962524567418914 0.947857867841751 0.965276894482955 0.951048181180011 0.97533247361542 0.975049415856642 0.968492999847649 0.964363801470726 0.962036280064517 0.963707243923221 0.964267500638623 0.949551545667979 0.965084723104137 0.965575323960418 0.964077318225111
-9999 -9999 -9999 -9999 -9999 -9999 -9999 -9999 -9999 -9999 -9999 -9999 -9999 -9999 -9999 0.96581603708017 0.952402271101868 0.952142488999557 0.963920281678021 0.964826164078471 0.953503502383269 0.963360839398074 0.954743986610821 0.961713984287067 0.983333588669343 0.988152364693005 0.988151808826476 0.988145325725634 0.964429282125268 0.983304105807708 0.987816634049556 0.96356067728905 0.967490238761611 0.950497155700637 0.965727010275279 0.96238829566246 0.964521996050598 0.961122832201088 0.970917705107737 0.969921746580057 0.968132277557127 0.962007476079164 0.961170479880211 0.962949048008359 0.96273694436089
-9999 -9999 -9999 -9999 -9999 -9999 -9999 -9999 -9999 -9999 -9999 -9999 -9999 -9999 -9999 -9999 0.965708584032737 0.955289485052233 0.966432450264282 0.948402602045769 0.983501295303349 0.983500837111156 0.988270647497867 0.988401865569249 0.96286974994026 0.962483227551968 0.962345464547801 0.957948988248737 0.969218627982198 0.968067766112866 0.965964298436031 0.982858310150771 0.987812966652376 0.98780875578854 0.96439309033951 0.965340163497394 0.973369633009958 0.964422070976601 0.953602025251742 0.964138107254863 0.963457681449199 0.946561256621044 0.960766221755915 0.960546608644611 0.947083691793595
-9999 -9999 -9999 -9999 -9999 -9999 -9999 -9999 -9999 -9999 -9999 -9999 -9999 -9999 -9999 -9999 -9999 0.95250228608031 0.988339659723428 0.98833967209079 0.988269998732561 0.98833967209079 0.988269998732561 0.966224249707913 0.964505108627177 0.953741029379414 0.964267821718394 0.956336256343817 0.964425768758247 0.965818913412835 0.963949891251882 0.963781823563619 0.956576259327788 0.987842891792844 0.964218326300906 0.954588348806318 0.96360529404484 0.966505884871631 0.963902579064338 0.963977538658798 0.961787983715459 0.945960324733922 0.965051033942122 0.967671058812256 0.962522967704129
-9999 -9999 -9999 -9999 -9999 -9999 -9999 -9999 -9999 -9999 -9999 -9999 -9999 -9999 -9999 0.964903248248213 0.963980571117063 0.988553360610784 0.98350039595937 0.98350039595937 0.988269373749378 0.988339683506816 0.988269373749378 0.98833967209079 0.963645708050793 0.973324779351995 0.97293702775123 0.96719202757037 0.952936140774016 0.962455314466642 0.949063642725555 0.949229770621698 0.964028715138588 0.96981045206512 0.982796698877595 0.974790162726606 0.963615301919616 0.948146514921051 0.948808402782029 0.956213253940849 0.965834059779622 0.961306662274677 0.97084569647996 0.968183013116605 0.94570824052695
-9999 -9999 -9999 -9999 -9999 -9999 -9999 -9999 -9999 -9999 -9999 -9999 -9999 -9999 -9999 0.967238362894683 0.984149318617625 0.988731522766122 0.988479913946976 0.988479913946976 0.983795837327159 0.988549568186938 0.988479913946976 0.983795837327159 0.9651750116452 0.962597501996435 0.951097373434136 0.95931519568798 0.951551281454431 0.967878052115812 0.964764846937799 0.964873520028013 0.964794615948974 0.983227030402494 0.973974064385069 0.973301649936758 0.972498511583255 0.971774367133595 0.97074120602744 0.965888201163561 0.965945143658796 0.963131750089639 0.96206876511711 0.966619831776344 0.947813840082536
-9999 -9999 -9999 -9999 -9999 -9999 -9999 -9999 -9999 -9999 -9999 -9999 -9999 -9999 -9999 0.984148927437148 0.988730968907794 0.988730968907794 0.988479347793984 0.983795454241785 0.988549579398681 0.988479347793984 0.983795454241785 0.965516574982391 0.960882701520558 0.965284333719146 0.965547167938403 0.970427225320112 0.964712464728049 0.958990064264342 0.966951928468049 0.954025406091841 0.950652543167578 0.988059233183235 0.983201301324265 0.954767435447658 0.96469754854854 0.964116623947792 0.964213861609155 0.968444640747237 0.967432011759712 0.964042265585431 0.963027092976322 0.96868573416979 0.966460915998566
-9999 -9999 -9999 -9999 -9999 -9999 -9999 -9999 -9999 -9999 -9999 -9999 -9999 -9999 -9999 0.988730439726613 0.988730439726613 0.988730439726613 0.983795087893291 0.988549590610425 0.988478806865933 0.983795087893291 0.988478806865933 0.96284999547811 0.970721196577563 0.952247056228385 0.951381641810039 0.965176822719948 0.951187908330046 0.9507785634203 0.960533500558197 0.988058133168343 0.988058133168343 0.988131486432878 0.964372618225901 0.950311060838254 0.964667687751557 0.968531380010415 0.970550919717364 0.966886786313791 0.976007740913278 0.972382931053363 0.963590174535757 0.956996338445805 0.98749770732704
-9999 -9999 -9999 -9999 -9999 -9999 -9999 -9999 -9999 -9999 -9999 -9999 -9999 -9999 0.988729933394625 0.984148194201602 0.988729933394625 0.984147852146498 0.988478289294292 0.983794738281657 0.983794738281657 0.988549599953545 0.959981776780307 0.969975040718304 0.970237256155092 0.969173374010875 0.951258398604845 0.970354375395522 0.965067362203702 0.949899591431981 0.966412484801284 0.983204493796851 0.983204856289632 0.988057596433577 0.968987821445654 0.966657291391563 0.96353122933827 0.965230654092587 0.967747367498688 0.964501006920625 0.964953295000377 0.971586552657967 0.970464321576408 0.963081103081233 0.982310374930501
-9999 -9999 -9999 -9999 -9999 -9999 -9999 -9999 -9999 -9999 -9999 0.989179468265358 0.984147852146498 0.984147526466482 0.984147852146498 0.988729449911796 0.984147526466482 0.988799704547688 0.983794405406866 0.988549609296665 0.983794405406866 0.952961884210404 0.966575266855941 0.965859241578437 0.951769137959455 0.968045487413069 0.965584991018568 0.971052953381447 0.964896687028962 0.962866529395305 0.953807527281561 0.988131505811029 0.988057085857636 0.983204148657572 0.98774469392587 0.968732153371413 0.977223212597282 0.977163621886727 0.987611698839132 0.982470832918311 0.982470832918311 0.987611698839132 0.987497729493465 0.987497729493465 0.982309994067217
-9999 -9999 -9999 -9999 -9999 -9999 -9999 -9999 -9999 -9999 0.970056498494856 0.98911114725387 0.988799704547688 0.988728990192047 0.988728990192047 0.984147215342098 0.988799714601918 0.988728990192047 0.983794087409265 0.983794087409265 0.954534819584736 0.964949126132858 0.965394827454939 0.955390082398909 0.965695474242797 0.965165613119829 0.968317411737141 0.972772086628547 0.96741844567346 0.960358661061201 0.973712431566199 0.968634248185048 0.964715407251751 0.969482696674005 0.987821059995887 0.982765592824952 0.987533541238095 0.987533541238095 0.987611708823509 0.982470473365344 0.987533541238095 0.982470473365344 0.982309631244963 0.987418857451247 0.987497750652325
-9999 -9999 -9999 -9999 -9999 -9999 -9999 -9999 -9999 -9999 0.98927958346089 0.984920221159567 0.988865853775094 0.988865853775094 0.984339588168271 0.988936160309439 0.988936160309439 0.984339588168271 0.964874671486487 0.973211304195302 0.952419003265967 0.95233541320911 0.953541480758792 0.966750359024752 0.972160192515099 0.969304113451769 0.974227000109593 0.973695248122185 0.981435934071311 0.974846473786685 0.977368844498523 0.966340325867554 0.952787927335754 0.966110049048043 0.95748473008277 0.955099968716814 0.98804725233964 0.983084545796152 0.987971332389812 0.987971332389812 0.987971332389812 0.987971332389812 0.987896174933482 0.987896174933482 0.987896174933482
-9999 -9999 -9999 -9999 -9999 -9999 -9999 -9999 -9999 0.969774875728503 0.989279192178274 0.989279192178274 0.988865447476975 0.984339314947645 0.988936168435981 0.988865447476975 0.984339314947645 0.971110625356112 0.952869570076832 0.972781959596803 0.971037939748041 0.968919547935725 0.966185138148712 0.953172007010469 0.978621140295772 0.97029866607727 0.974540491791877 0.973866892919504 0.951325436719902 0.965441194077041 0.965699979581683 0.967914126937116 0.966896496550745 0.967049663326379 0.966785627584531 0.966623945270059 0.987970892081717 0.988047261011584 0.983084250513628 0.964480584902203 0.983084250513628 0.987970892081717 0.987972575078494 0.982978821630509 0.987895731891143
-9999 -9999 -9999 -9999 -9999 -9999 -9999 -9999 -9999 0.969503161487512 0.989278822633723 0.989278822633723 0.984339056107123 0.988936174756625 0.988865063751128 0.984339056107123 0.967508995552761 0.969446143999045 0.950560373185086 0.965023821136847 0.951188429574063 0.964274816175431 0.978040204024192 0.969732978847745 0.970287646799198 0.965385025983807 0.971277779757904 0.965181963688958 0.971008970403859 0.973817711350836 0.966677188871526 0.965504064132174 0.967846295343894 0.969162314826276 0.953672816064011 0.952676981716607 0.962442807690566 0.965917943878224 0.964528986020321 0.969158045479306 0.988047268719978 0.987970478751102 0.91530685008939 0.98797258283476 0.98797258283476
-9999 -9999 -9999 -9999 -9999 -9999 0.970996104824191 0.972667411577243 0.970035533564791 0.953837169456523 0.981968922187158 0.984919476670336 0.988936181980218 0.984338815241697 0.984338815241697 0.967748254734081 0.954746800006976 0.95291178752868 0.966185179998277 0.964579910237639 0.973341334544295 0.968684269091626 0.967641764553539 0.965996631781459 0.951212153045598 0.956055149226549 0.96936506606556 0.953299543876555 0.978856304976873 0.953649624725794 0.961799641122735 0.966252272388614 0.970232799583381 0.966446798964454 0.965977600562611 0.96650270499293 0.968553138143516 0.959493978513123 0.952670903304335 0.978161712433012 0.966756320141436 0.983103875038165 0.973558446729303 0.966519606889637 0.987972590591027
-9999 -9999 -9999 -9999 -9999 -9999 0.961892405123487 0.963045243605166 0.967361115918169 0.974655115039383 0.966314774690099 0.984919260249153 0.984338590553854 0.98893618920381 0.988864364919025 0.977267395979412 0.976855878457429 0.976580489696554 0.975529339568299 0.975199115727391 0.972375465862022 0.952386628960176 0.967471392622358 0.976271261671191 0.965117076680702 0.965459784906811 0.966922416744063 0.959458464492718 0.978543616438414 0.950035385374653 0.972078415204737 0.966237729774667 0.968677989680767 0.965990315400846 0.96572627490454 0.966333212516145 0.965978129589604 0.970426615259394 0.967093558729048 0.977947580548216 0.967275650119259 0.988040217195222 0.95678187690555 0.961799209621946 0.965916269333721
-9999 -9999 -9999 -9999 -9999 0.968922768299678 0.957179534169932 0.973345059636696 0.974610045275291 0.949876621229752 0.948092942496397 0.989277847036772 0.988936194621505 0.988936194621505 0.967814666472156 0.961292500123717 0.966073786187913 0.969230837135882 0.954955292290063 0.975187984534276 0.965075708135192 0.95988697498786 0.97023838650399 0.97610040549662 0.967044781809151 0.951742903988397 0.950971380816467 0.969157877213853 0.970855736619421 0.969335469103255 0.966998933798418 0.957459616312767 0.96610567170778 0.966108562215371 0.973910065166625 0.961073588367409 0.965852506061888 0.966876801312628 0.96936776728992 0.977765293560277 0.967238265427741 0.988039717653188 0.966919577040748 0.971748456445859 0.965786156946727
-9999 -9999 0.965685596762921 0.958270673327664 0.968058200749971 0.966626346139568 0.965342856872244 0.971004815339178 0.981780501336496 0.963998612558541 0.972838026409763 0.973113820131064 0.979662552428748 0.954524254871383 0.956004976144089 0.970974953357542 0.968323908065211 0.967292000334519 0.965719958973251 0.9754941260388 0.964640121787453 0.971140184985397 0.968074535229532 0.972482958029337 0.965869450731637 0.968822995283479 0.966539185384254 0.966417702198851 0.970822311105421 0.978631896885939 0.977869094019909 0.965505838686573 0.953669252001161 0.953854353159117 0.973797586675272 0.965467398222469 0.958236890727842 0.967107173294701 0.955578099235952 0.97755143341294 0.95494916412573 0.988241326943147 0.967294901270199 0.967388104905807 0.956130446527816
-9999 0.956625184206653 0.962367271963094 0.968625720310357 0.96396531277037 0.968005112372961 0.981513804940633 0.974101791386117 0.966158516896964 0.948945975507313 0.972801602368812 0.955917404932105 0.973938571283346 0.970520245477239 0.978558821506515 0.968620531509484 0.958381709574596 0.967373284223847 0.960071637152749 0.974129475847952 0.969830687993802 0.967789253141451 0.955159747088707 0.971813331010841 0.966075413204857 0.962030517771215 0.964661413115054 0.964002932447557 0.967927745570888 0.954393305316163 0.95941127398068 0.968872660376462 0.970746847316208 0.965531685166539 0.973546264750964 0.965992562030718 0.969348770833568 0.966581843720048 0.954972671344108 0.977208393155063 0.95209246172082 0.988236549006115 0.953613290514324 0.953518324024719 0.949775697194816
-9999 0.956041440474493 0.958479090071625 0.981664143594714 0.981689846684311 0.97452060531161 0.967704115485855 0.969378746851954 0.969736019830735 0.961105246444761 0.968626992801856 0.962088181911024 0.969237415078136 0.973094948644392 0.968504980277621 0.969479123617411 0.976527028095091 0.967345727399481 0.968473356652432 0.95515568736159 0.961447952710743 0.955049267453614 0.967838941796837 0.970994778039306 0.966206639085918 0.972533239579855 0.97168717129668 0.970117517053164 0.964289368022321 0.96419083795245 0.969038909095222 0.953428288754546 0.968203858081132 0.951768326043747 0.965931299115355 0.96164010028007 0.966101900321338 0.965420977415865 0.964676897753127 0.975100163608613 0.965459857921965 0.966117938046238 0.983353304647319 0.974290356874851 0.966451683733299
