Model input/Uganda/survival/Lsurvival/Lsurvival_restime_1jul.asc
NCOLS 67 
NROWS 67 
XLLCORNER 29.500000001 
YLLCORNER -1.499999999 
CELLSIZE 0.0833333332985075 
NODATA_value -9999 
[rows 20 to 39 of 67, columns 0 to 44 of 67]
-9999 -9999 -9999 -9999 -9999 -9999 -9999 -9999 -9999 -9999 -9999 -9999 -9999 -9999 -9999 0.960636097692237 0.956145472611071 0.96929451440272 0.957929142885934 0.968535380646633 0.967434034555378 0.969172876903812 0.971748934238105 0.961399065141796 0.974183433651244 0.973487814940349 0.954241332223896 0.957465020705549 0.985436254678567 0.975951195068288 0.967073293141579 0.954182986565641 0.969671687088303 0.957245725229083 0.978575058760558 0.978330798547269 0.973612336512101 0.969978959268226 0.967867389006747 0.969205651624414 0.969857456620066 0.957639954705579 0.971929875463733 0.972229460419449 0.971278057416654
-9999 -9999 -9999 -9999 -9999 -9999 -9999 -9999 -9999 -9999 -9999 -9999 -9999 -9999 -9999 0.968391474130973 0.956018749167808 0.955738700395001 0.966497702781576 0.967790329491801 0.957703084294571 0.967007214771734 0.961158664768126 0.966911504368543 0.985453984169268 0.989660935834868 0.989659137814922 0.989651643661618 0.968588548930365 0.985417255171875 0.989700265703284 0.968097858290711 0.97159720303635 0.956698506717692 0.970206125570249 0.967136721345661 0.970049725242102 0.967093288175284 0.975421756310562 0.974624449156992 0.973239518456427 0.968090261767258 0.968931454359055 0.970359371693645 0.970101834240533
-9999 -9999 -9999 -9999 -9999 -9999 -9999 -9999 -9999 -9999 -9999 -9999 -9999 -9999 -9999 -9999 0.968580073616066 0.958970959949918 0.968958526522156 0.953046402670958 0.985321573916884 0.985321165292677 0.98956752302078 0.989805265134636 0.966929277180605 0.967007994674658 0.967360218625859 0.962416739711115 0.972415642769937 0.971182233952128 0.970179077275486 0.985500857242329 0.989693956713366 0.989688540504708 0.968798601105934 0.969490077200128 0.977461917774821 0.969648151700475 0.960754507666749 0.969785128175635 0.969459482112994 0.955287414331162 0.96880340881659 0.96865572204622 0.957624204334707
-9999 -9999 -9999 -9999 -9999 -9999 -9999 -9999 -9999 -9999 -9999 -9999 -9999 -9999 -9999 -9999 -9999 0.956413702913889 0.9896289447527 0.989628955099186 0.989566945378006 0.989628955099186 0.989566945378006 0.970646095038454 0.969062860281194 0.960343533535191 0.969535346643369 0.96131570548238 0.968520763555772 0.96903403560027 0.968376665940579 0.968247284246881 0.961905927079708 0.9897157606529 0.968547593630186 0.959832428693978 0.969211298618934 0.971828562176063 0.969610626167396 0.969457761095595 0.968080056228446 0.954713227636393 0.972051940818824 0.974181085688521 0.969951611139659
-9999 -9999 -9999 -9999 -9999 -9999 -9999 -9999 -9999 -9999 -9999 -9999 -9999 -9999 -9999 0.967649481897026 0.966720660924443 0.989888534536263 0.985320772120806 0.985320772120806 0.989566388427232 0.989628966307879 0.989566388427232 0.989628955099186 0.968153946866546 0.976348731528378 0.97593369588965 0.970613586484293 0.957728300026567 0.965922291493178 0.955206848949086 0.955361298193036 0.968424938372265 0.973540077515682 0.98543832957149 0.9777859959941 0.969369408844161 0.956081724109249 0.956342483042206 0.963102377108487 0.971407205347807 0.967599822965887 0.976724103275587 0.974585995770488 0.956331060720189
-9999 -9999 -9999 -9999 -9999 -9999 -9999 -9999 -9999 -9999 -9999 -9999 -9999 -9999 -9999 0.968691395292798 0.985480808969288 0.98968011726529 0.989419024989661 0.989419024989661 0.9851139087766 0.989483032158109 0.989419024989661 0.9851139087766 0.969858197016675 0.967564487784732 0.955235906258901 0.962457367006917 0.955102969429744 0.970083912157156 0.968235814104806 0.968311927223326 0.968248926938956 0.985439051473887 0.976502167235283 0.975868329298365 0.976297112073283 0.975689767196389 0.974856675300168 0.970804872562918 0.970880203105687 0.968568540975519 0.968950030781246 0.972527352517544 0.956986498163757
-9999 -9999 -9999 -9999 -9999 -9999 -9999 -9999 -9999 -9999 -9999 -9999 -9999 -9999 -9999 0.985480450631507 0.989679610725886 0.989679610725886 0.989418505703482 0.985113555387961 0.989483041775144 0.989418505703482 0.985113555387961 0.968785957000696 0.963719394175698 0.968194307944454 0.968320846817599 0.972616487215343 0.967206803598859 0.961821769996526 0.970200359067111 0.958483422468664 0.955421186664657 0.989631881423914 0.985416089851132 0.959223275372187 0.969680210480512 0.969179932733086 0.969318903566999 0.973323320684901 0.972486701966577 0.969505288401486 0.969892106030185 0.974222975183238 0.972372929241508
-9999 -9999 -9999 -9999 -9999 -9999 -9999 -9999 -9999 -9999 -9999 -9999 -9999 -9999 -9999 0.989679124652964 0.989679124652964 0.989679124652964 0.985113217666918 0.989483052266456 0.989418007398818 0.985113217666918 0.989418007398818 0.965637803319003 0.972632996585554 0.955393180760875 0.954616347672405 0.967623588680887 0.954625308012888 0.954325351209036 0.964428768160945 0.98963020285431 0.98963020285431 0.989693950326157 0.967795502512906 0.955102022199612 0.969720483526419 0.973041875866038 0.975029120411705 0.972004984546723 0.97968320008032 0.976501403567408 0.970446939874603 0.964548025234316 0.990109494147637
-9999 -9999 -9999 -9999 -9999 -9999 -9999 -9999 -9999 -9999 -9999 -9999 -9999 -9999 0.989678660752012 0.985479776413382 0.989678660752012 0.985479463929572 0.989417531824075 0.985112897354282 0.985112897354282 0.989483061009216 0.962055978232731 0.971490443117665 0.972130308904511 0.971103735659984 0.954362136805795 0.972340542478668 0.967222557923968 0.953000737966789 0.969735208789873 0.985410782017424 0.985411097559263 0.989629736987406 0.972600574568788 0.970526802625292 0.969025471268135 0.971149925650443 0.972776722576389 0.969923545397434 0.969768958666675 0.975617690318349 0.975691999491849 0.969634112134609 0.985998116209968
-9999 -9999 -9999 -9999 -9999 -9999 -9999 -9999 -9999 -9999 -9999 0.990065798464845 0.985479463929572 0.985479165032106 0.985479463929572 0.989678219022999 0.985479165032106 0.989742589887866 0.985112590968381 0.989483069751975 0.985112590968381 0.955493285527612 0.968342603856406 0.967633232594248 0.954549228033118 0.970022000535832 0.967607039479645 0.972951945548421 0.966976840712634 0.964972905800902 0.957985529729151 0.989693967549707 0.989629292648752 0.98541048362469 0.989389951573904 0.972366657823358 0.980823653791087 0.980764463001397 0.989776323952189 0.985527126792696 0.985527126792696 0.989776323952189 0.990109512139529 0.990109512139529 0.985997813246778
-9999 -9999 -9999 -9999 -9999 -9999 -9999 -9999 -9999 -9999 0.971307822528313 0.990003045081302 0.989742589887866 0.98967779690762 0.98967779690762 0.985478881419254 0.989742598416005 0.98967779690762 0.985112300250028 0.985112300250028 0.956959238747357 0.966846166839412 0.967215536224076 0.957613342947417 0.967769393851364 0.967331946275213 0.970167052579255 0.974480406099338 0.969344858680806 0.962548733325399 0.976057751619047 0.971521191087459 0.967905692509316 0.972294699050485 0.98945611944338 0.985074221226548 0.989711751171604 0.989711751171604 0.989776332404399 0.985526830552207 0.989711751171604 0.985526830552207 0.985997526572017 0.990047033178989 0.990109528495794
-9999 -9999 -9999 -9999 -9999 -9999 -9999 -9999 -9999 -9999 0.989815171291271 0.985672018222029 0.989455901156528 0.989455901156528 0.985167696820924 0.989522501214163 0.989522501214163 0.985167696820924 0.966179415807866 0.973739523059022 0.953346782027478 0.953416774162254 0.954354929982993 0.967308297010637 0.972955573316949 0.970201715944647 0.974979304691047 0.974467451874062 0.981910396658698 0.975495200448869 0.978493991257787 0.968105778100682 0.955331251522719 0.96791631180478 0.9597427818386 0.957431280811202 0.989696528317282 0.985413521602642 0.989631029021786 0.989631029021786 0.989631029021786 0.989631029021786 0.990057070400792 0.990057070400792 0.990057070400792
-9999 -9999 -9999 -9999 -9999 -9999 -9999 -9999 -9999 0.970065132357509 0.989814798535677 0.989814798535677 0.989455515322135 0.985167438400269 0.989522509053314 0.989455515322135 0.985167438400269 0.971635530003467 0.953687200486143 0.973310992107639 0.971612042845245 0.969476436709482 0.966838067865163 0.954023845956007 0.979174712185007 0.971077795064362 0.975287207422438 0.974523659998965 0.952546167930806 0.966062039798842 0.967318216911659 0.969482572241195 0.96863232827703 0.968836656456147 0.968529900584701 0.968320944636531 0.98963065000234 0.989696535983353 0.985413265476643 0.968618595943371 0.985413265476643 0.98963065000234 0.99011989926224 0.986011378298139 0.990056706876177
-9999 -9999 -9999 -9999 -9999 -9999 -9999 -9999 -9999 0.969872786415587 0.989814447657514 0.989814447657514 0.98516719385461 0.989522515150432 0.989455152132787 0.98516719385461 0.967917898280629 0.969887370810426 0.951431975122591 0.965640542128913 0.952173563455668 0.965201324255622 0.978342216075472 0.970173202902649 0.971178809604705 0.96645442081006 0.972051437125994 0.96618893736936 0.971644599326531 0.974436522665373 0.968384842028916 0.966931176400863 0.969398611843437 0.970810612590932 0.956053731197066 0.954962445042339 0.965828943368644 0.968999642429536 0.967685816769225 0.972069988420913 0.989696542797638 0.989630292276254 0.938696300397737 0.99011990579793 0.99011990579793
-9999 -9999 -9999 -9999 -9999 -9999 0.971293074174246 0.972937344398286 0.970300311332489 0.954425430929543 0.981847006767331 0.985671311023843 0.989522522118566 0.985166964918304 0.985166964918304 0.968136754149127 0.955294391332957 0.953698688924668 0.966715383083173 0.965081332962124 0.973686258973049 0.969075223026451 0.968050629113545 0.966367771161716 0.952442076909207 0.957294356656376 0.970118451848544 0.954302589784871 0.979302915277426 0.954756706706694 0.963570660829956 0.967865991390637 0.971677407266838 0.968020905839181 0.967671071905587 0.968158633455973 0.971416169266037 0.963103132850764 0.956805461064435 0.980232254476034 0.96985848883578 0.984919855273088 0.977182175824391 0.971046310980004 0.990119911516658
-9999 -9999 -9999 -9999 -9999 -9999 0.962304045929554 0.963407107944884 0.967766623360025 0.974457221561034 0.966940604430507 0.985671104897453 0.985166751591339 0.989522529086701 0.989454491076259 0.977441140447615 0.97701914236915 0.976722331531639 0.975614325627663 0.975219583859205 0.972665657944003 0.953024912545189 0.967854449308668 0.976525168371163 0.965984347944978 0.966495373009682 0.967629558048302 0.960450184302034 0.978977718978827 0.95095459353187 0.973345177345186 0.96781286819708 0.970160750188097 0.967538691050619 0.967288371582702 0.967936296851908 0.969022853199249 0.973053188721877 0.969952671372222 0.980032037546396 0.970271605305332 0.989320892907807 0.962544922879823 0.967018461891124 0.970620296256921
-9999 -9999 -9999 -9999 -9999 0.96990409445623 0.957646390025888 0.97364168527814 0.974371359763462 0.950584423055133 0.949026501893034 0.989813520397357 0.989522534312802 0.989522534312802 0.968032834186904 0.961038061682141 0.966216150739155 0.969543869183177 0.955495516906413 0.975141497923823 0.965674186067367 0.960196674907482 0.970671071777035 0.976333581465781 0.96779654404759 0.952980771175382 0.952290986820835 0.969894388939516 0.971394656631239 0.969940295613444 0.968546895578566 0.959398540940488 0.967661361396792 0.967672874859343 0.975014323313222 0.962974237359926 0.968902207081255 0.969774753755281 0.972011087700913 0.979867182559843 0.97019845860811 0.989314050992095 0.971330778099738 0.975611732954957 0.970499832734727
-9999 -9999 0.966368741045232 0.959111528408302 0.968700336033793 0.967379870794125 0.965404979543758 0.971030492025379 0.981329958513564 0.96299138118779 0.972585192931907 0.972922004674943 0.979156013776345 0.953363145339613 0.954423127039571 0.969995539436494 0.967237593403247 0.966598515419555 0.964688440898561 0.974543178914493 0.96363929936323 0.970272523230061 0.967280664923914 0.971544309003533 0.964974671281586 0.968130755470317 0.965753588635058 0.965703153712959 0.970080086124554 0.978075708261199 0.977819920169807 0.965379736120045 0.953607896034715 0.953838051605073 0.973674251157299 0.965544604631326 0.959777853787176 0.968088981886775 0.95680357135531 0.978462476530321 0.956498146860737 0.988848540785593 0.969244817015952 0.969362844437065 0.959004567324614
-9999 0.957536802628032 0.9631513646089 0.969322528869244 0.964671905700921 0.968738467453124 0.981037169721915 0.973448462265248 0.964165323094933 0.947580778960569 0.972518267807885 0.955608231531787 0.973360783518276 0.969774676184428 0.977968889719638 0.967742705740362 0.957181689280297 0.966508015530381 0.958391453532868 0.973144190063778 0.968753942886401 0.966776602645537 0.953733013240239 0.970704445845901 0.96500780556135 0.961181622421982 0.963935947234362 0.963279540886292 0.967193253833112 0.953130635336806 0.959302925873025 0.968797420337722 0.97075011963902 0.965535620942592 0.973392759395351 0.966046732451056 0.970504383450379 0.967663050630117 0.956368934192893 0.978140800873254 0.95388505795813 0.988839443535539 0.956389609445363 0.956212092640341 0.95278489787359
-9999 0.956981015308127 0.959368526816386 0.981627937022972 0.981662978448669 0.974467078969931 0.967565170874356 0.968927056447799 0.969124152097628 0.960671009882857 0.968398929085009 0.961912352518553 0.968352423702265 0.972690843055227 0.968078322167386 0.968603608627254 0.975750755616131 0.966441756644595 0.967174974933831 0.95312153353837 0.959934371381645 0.953494760020748 0.966552593137809 0.969801472150205 0.964772207108149 0.971884151397243 0.970960777108393 0.969415905317111 0.963495497091438 0.963235096237991 0.969065046512651 0.953188572060421 0.968096197783231 0.951877213870973 0.965929259783371 0.961323247865361 0.967379339792109 0.966723092494926 0.966021061035032 0.976152230815273 0.966918273620917 0.967417963641938 0.984610571283484 0.975820759344864 0.96847239084479
