Model input/Uganda/survival/Lsurvival/Lsurvival_restime_1may.asc
NCOLS 67 
NROWS 67 
XLLCORNER 29.500000001 
YLLCORNER -1.499999999 
CELLSIZE 0.0833333332985075 
NODATA_value -9999 
[rows 0 to 19 of 67, columns 0 to 44 of 67]
-9999.000000000000000 -9999 -9999 -9999 -9999 -9999 -9999 -9999 -9999 -9999 -9999 -9999 -9999 -9999 -9999 -9999 -9999 -9999 -9999 -9999 -9999 -9999 -9999 -9999 -9999 -9999 -9999 -9999 -9999 -9999 -9999 0.94375167957457 0.959882279763277 -9999 -9999 -9999 -9999 -9999 -9999 -9999 -9999 -9999 -9999 -9999 -9999
-9999 -9999 -9999 -9999 -9999 -9999 -9999 -9999 -9999 -9999 -9999 -9999 -9999 -9999 -9999 -9999 -9999 -9999 -9999 -9999 -9999 -9999 -9999 -9999 -9999 -9999 -9999 -9999 -9999 0.960483388018343 0.947230796754384 0.959111069115155 0.949374122399683 0.942326528711843 0.942765375043529 0.958712659842793 0.960360363888471 0.943583650626018 0.958036897747523 0.958957714072187 -9999 -9999 -9999 -9999 -9999
-9999 -9999 -9999 -9999 -9999 -9999 -9999 -9999 -9999 -9999 -9999 -9999 -9999 -9999 -9999 -9999 -9999 -9999 -9999 -9999 -9999 -9999 -9999 -9999 -9999 -9999 -9999 -9999 -9999 0.966204279305404 0.958320037549046 0.964862691191292 0.96057631872111 0.971545270020598 0.958204609483462 0.9588475473504 0.969616701244308 0.968607490221912 0.965915579914458 0.963609401872909 0.958096104900195 0.944120921233139 0.960137063108394 -9999 -9999
-9999 -9999 -9999 -9999 -9999 -9999 -9999 -9999 -9999 -9999 -9999 -9999 -9999 -9999 -9999 -9999 -9999 -9999 -9999 -9999 -9999 -9999 -9999 -9999 -9999 0.960216357677792 -9999 -9999 -9999 0.953155326696333 0.957716317974847 0.961461704892916 0.958277377777153 0.941713145848134 0.959749995981023 0.962035353879175 0.958951021489292 0.95944921301362 0.949041132944998 0.96074331336381 0.960013473055083 0.944956490807842 0.964091287141103 -9999 -9999
-9999 -9999 -9999 -9999 -9999 -9999 -9999 -9999 -9999 -9999 -9999 -9999 -9999 -9999 -9999 -9999 -9999 -9999 -9999 -9999 -9999 -9999 0.960718360373349 -9999 -9999 0.94775482789758 -9999 -9999 -9999 0.986015692086576 0.980996748000315 0.980717512787512 0.965353340631586 0.963928730592008 0.961053629130196 0.942336343834623 0.959624712917315 0.949563301085176 0.962214454466854 0.959181293058153 0.950215212577058 0.958812956485308 0.965755612850381 0.958060824266888 -9999
-9999 -9999 -9999 -9999 -9999 -9999 -9999 -9999 -9999 -9999 -9999 -9999 -9999 -9999 -9999 -9999 -9999 -9999 -9999 -9999 -9999 0.948477202649852 0.964698917731458 0.962509927194225 0.964179738325672 0.941911474689256 0.987320363019733 0.987378682477542 0.982240729400332 0.987438175419657 0.956747787185985 0.980766390142327 0.973034773461021 0.972706970745893 0.961289971036593 0.954930835545392 0.966552019515115 0.962228553204164 0.943615889693828 0.959567040817802 0.943046887497671 0.96618425027433 0.966803016355898 0.958271296519814 -9999
-9999 -9999 -9999 -9999 -9999 -9999 -9999 -9999 -9999 -9999 -9999 -9999 -9999 -9999 -9999 -9999 -9999 -9999 -9999 0.961140807468115 0.969260334639763 0.969896094583865 0.971459630125817 0.972149869198807 0.952720645141676 0.9556641566726 0.98737870648662 0.987319209608957 0.98737895711041 0.987438197287073 0.965489973118288 0.957646534278553 0.972420206416875 0.948468276657556 0.961482903285689 0.97007527099713 0.969151595700733 0.966749183841357 0.959827404312826 0.962524088693157 0.964236068711539 0.967439491196564 0.969908319346453 0.940144097313545 -9999
-9999 -9999 -9999 -9999 -9999 -9999 -9999 -9999 -9999 -9999 -9999 -9999 -9999 -9999 -9999 -9999 -9999 0.965760869349526 0.966428375326057 0.955226196141672 0.961473693149266 0.948653304534123 0.947948500610824 0.972421380409325 0.923375419605565 0.96706215690498 0.982346810619472 0.945398304139177 0.965826823880303 0.967005026374232 0.973279487355152 0.96211627670018 0.980513560844013 0.95874078254677 0.946247002515953 0.951206234511608 0.964834294774395 0.961928707866752 0.959611269235308 0.959593175213633 0.952453093348079 0.958885450755929 0.958418943015933 0.95788344255277 0.940555115581193
-9999 -9999 -9999 -9999 -9999 -9999 -9999 -9999 -9999 -9999 -9999 -9999 -9999 -9999 -9999 -9999 -9999 0.965896007944479 0.946952587689499 0.961713467144765 0.961621528083256 0.951749072576953 0.965918028918807 0.973196250996689 0.972861463466018 0.982348991045622 0.961202877684983 0.961581519839787 0.964551244224386 0.965863903644854 0.973166128170573 0.972993024566366 0.961546341779663 0.972469912901532 0.949474470381813 0.962192601020589 0.946680452125028 0.962279786166553 0.947375377649593 0.959877681507231 0.959519945786387 0.975677266913312 0.958294103692019 0.962806878629853 0.957952000906262
-9999 -9999 -9999 -9999 -9999 -9999 -9999 -9999 -9999 -9999 -9999 -9999 -9999 -9999 -9999 -9999 -9999 0.967494430484398 0.967829278235378 0.969773509779548 0.964001841049789 0.953027151431371 0.952707447310806 0.955223254562381 0.982325026313793 0.960988366978424 0.953169836864966 0.959995003301953 0.949972792807404 0.96967625129844 0.972569158356766 0.961711998417043 0.961442737946466 0.980496838492958 0.980365800496123 0.960020717265856 0.94635282700295 0.954656656629513 0.962150884510305 0.963388870167062 0.966033908300657 0.97560135877247 0.963330015082187 0.964267009861091 0.958355466108783
-9999 -9999 -9999 -9999 -9999 -9999 -9999 -9999 -9999 -9999 -9999 -9999 -9999 -9999 -9999 -9999 0.9629373273457 0.965810573878181 0.970427530838754 0.97262894101709 0.973480800829721 0.973563583246277 0.963824840167433 0.966705558084887 0.987508333916573 0.969771083623298 0.962735318386252 0.947547146225094 0.951652256644796 0.967593012521265 0.970017105834498 0.946939563526209 0.972223314812579 0.962553492963873 0.960274254012865 0.972387826928103 0.968127947654979 0.962447612859706 0.966710198076403 0.976230017552571 0.962945899859657 0.959779951775507 0.959239483173823 0.962702284439264 0.972888502362419
-9999 -9999 -9999 -9999 -9999 -9999 -9999 -9999 -9999 -9999 -9999 -9999 -9999 -9999 -9999 -9999 0.963182431140116 0.957234783399411 0.962181909787897 0.950381153443761 0.963990275869569 0.946028053593847 0.956337480576799 0.982630790106532 0.962232294583455 0.969327716433286 0.968320570107181 0.962973335408701 0.963166206367 0.966387454124595 0.968673902192486 0.957084471036897 0.971636576008624 0.962710278511658 0.962823030113303 0.97880377979241 0.967470799579518 0.976794601696919 0.969401664266399 0.96049783659308 0.953002740546579 0.96548410558273 0.958972740073956 0.965484662720786 0.958943972218321
-9999 -9999 -9999 -9999 -9999 -9999 -9999 -9999 -9999 -9999 -9999 -9999 -9999 -9999 -9999 0.963372565163002 0.95473657565087 0.964096059193051 0.965767793645488 0.957387488692833 0.962613674631914 0.94962054089734 0.987698840644542 0.987698859954002 0.963002539417774 0.947977636000372 0.963017806617959 0.948396990199661 0.963355209778196 0.965310206911421 0.963480648036525 0.95296307732978 0.970611522610049 0.944299852142834 0.961188407983883 0.9671182990078 0.969322202444247 0.959871977927533 0.962971156333909 0.955177352984432 0.944441429702462 0.962973717652525 0.959240360865978 0.963591546824644 0.941234740420778
-9999 -9999 -9999 -9999 -9999 -9999 -9999 -9999 -9999 -9999 -9999 -9999 -9999 -9999 -9999 -9999 0.964624312627119 0.965365778546524 0.953244739076894 0.965010853712912 0.958380872346227 0.9348479659344 0.982855334718452 0.987878674857676 0.952538598492755 0.949056429282209 0.953492608118537 0.964174164843274 0.949885376013231 0.961426549958738 0.961327878557657 0.964851516950178 0.970617574422071 0.966345448141228 0.946230879056456 0.962392495669285 0.978495546198561 0.960650184337391 0.960989658826257 0.967956978375149 0.96306924425156 0.960572297995357 0.959636045638463 0.962389879273974 0.958561367119157
-9999 -9999 -9999 -9999 -9999 -9999 -9999 -9999 -9999 -9999 -9999 -9999 -9999 -9999 -9999 -9999 -9999 0.965224575649182 0.967432285161709 0.969270863944816 0.96951774194155 0.972544908915557 0.987866520928218 0.955470837723142 0.9661257800635 0.968346429373391 0.949473102731261 0.954853435784449 0.96210879751317 0.962565248584754 0.946757374141554 0.962269799424979 0.968698202924401 0.965062979824055 0.962224149448279 0.962435877744794 0.96816182358464 0.969338925248158 0.961641182768923 0.961512734309239 0.964559954400445 0.96057133531997 0.949466673682009 0.961188550511577 0.962752920659113
-9999 -9999 -9999 -9999 -9999 -9999 -9999 -9999 -9999 -9999 -9999 -9999 -9999 -9999 -9999 -9999 0.966330477675708 0.955565360591345 0.96346824194403 0.96653164339329 0.967413039738656 0.954489335667647 0.987854315753725 0.96382490602351 0.96127920825516 0.972191779754529 0.969678199316267 0.963831328495078 0.961669827678332 0.966772001426865 0.952478921908382 0.961621601423816 0.962931968142617 0.953388850124952 0.964201801546033 0.96537988560167 0.966334842406577 0.966031086434292 0.969105476161612 0.975043171322571 0.965119309024081 0.964458525626474 0.973889045275212 0.973694832301255 0.960916014262388
-9999 -9999 -9999 -9999 -9999 -9999 -9999 -9999 -9999 -9999 -9999 -9999 -9999 -9999 -9999 -9999 0.966359312100609 0.971978507971742 0.961818558847395 0.964069426011188 0.975308460303621 0.975996743507025 0.975998146779435 0.982829625983852 0.962635806486362 0.947913915582526 0.948609511650935 0.948922761244683 0.970572957836139 0.969685441642617 0.96163136189073 0.946554565673388 0.949840736687609 0.963371267830563 0.952136770468371 0.962895558772142 0.94639111419699 0.961148820262485 0.967506533028675 0.966346729691209 0.960696711782683 0.94758507347371 0.958726910686067 0.941870459959831 0.958425897208213
-9999 -9999 -9999 -9999 -9999 -9999 -9999 -9999 -9999 -9999 -9999 -9999 -9999 -9999 -9999 0.952292659282686 0.958724427691649 0.964390603271311 0.972573624670925 0.965049583047883 0.958688706930874 0.961226138394706 0.945885004360718 0.987806526010157 0.962388102568454 0.972637778299616 0.972119909549681 0.971446274472688 0.971047097180131 0.961576490808641 0.964946161562607 0.947491054746048 0.961952295298526 0.956869597561498 0.962194096311169 0.95109710539289 0.961184658953297 0.965334580414555 0.966597348860888 0.976096544323865 0.975913992744616 0.959063442227954 0.942091694054721 0.959273000392376 0.961650686093699
-9999 -9999 -9999 -9999 -9999 -9999 -9999 -9999 -9999 -9999 -9999 -9999 -9999 -9999 -9999 0.964497483004542 0.969560157136333 0.949986109518506 0.971793619690347 0.965703732195798 0.97039517955779 0.960444125311639 0.964786712943756 0.98781151613961 0.960686001228004 0.94705261298443 0.962813343156483 0.951015216759255 0.961063561381319 0.96177080484335 0.954338799845057 0.962413753430088 0.962533811891993 0.965455042786868 0.971141256857396 0.962082253968583 0.961941444708221 0.96112345765341 0.944917119261817 0.963580633417354 0.967949867428851 0.965507173236505 0.957841402832807 0.951620958422327 0.963342826041626
-9999 -9999 -9999 -9999 -9999 -9999 -9999 -9999 -9999 -9999 -9999 -9999 -9999 -9999 -9999 0.964650701939321 0.970560018375007 0.961411537692582 0.948256781090017 0.955540255656506 0.961695948640359 0.944201557057532 0.962623584390945 0.961119641023364 0.982761741131636 0.945173825722968 0.956848060097157 0.963313178292469 0.946531198730335 0.97227825744368 0.968933939934034 0.967539555080818 0.964505041382198 0.967636367302822 0.961908515721693 0.966346487691076 0.952027956498688 0.949694433692037 0.961134985025405 0.961276003568221 0.965299202355872 0.962794257557619 0.965543389372654 0.974675255261616 0.963671219133791
