Model input/Uganda/survival/Lsurvival/Lsurvival_restime_1nov.asc
NCOLS 67 
NROWS 67 
XLLCORNER 29.500000001 
YLLCORNER -1.499999999 
CELLSIZE 0.0833333332985075 
NODATA_value -9999 
[rows 20 to 39 of 67, columns 0 to 44 of 67]
-9999 -9999 -9999 -9999 -9999 -9999 -9999 -9999 -9999 -9999 -9999 -9999 -9999 -9999 -9999 0.960922663665674 0.956554930730936 0.969607485470534 0.958097983932378 0.968581625892062 0.966735144720831 0.969003074595906 0.971861530286399 0.963650923681394 0.975109875429166 0.974166007695988 0.95550490284881 0.958003182493781 0.984963327980789 0.975761526531605 0.965352938031731 0.951747833983027 0.968017944228608 0.955031901918691 0.977417150374708 0.977142091422481 0.970778796862764 0.966773567936724 0.964411632527276 0.965891549915136 0.966642218124853 0.953171123584515 0.967005320968556 0.967391887158332 0.966414192597673
-9999 -9999 -9999 -9999 -9999 -9999 -9999 -9999 -9999 -9999 -9999 -9999 -9999 -9999 -9999 0.968573678199765 0.956316223682859 0.955943418282087 0.966589941270856 0.967757841009391 0.957769733129228 0.966782556425436 0.962147708417092 0.968693520886284 0.98499032966213 0.989329902011302 0.989326773430965 0.989315905843802 0.968967066999595 0.98494061226269 0.988888708455058 0.966435170298446 0.970105846733332 0.95439896119465 0.968652233688198 0.965443983733092 0.966888128798681 0.963675414328681 0.972821674000719 0.971934429135879 0.970392476311538 0.96466352580804 0.963414237667103 0.965138697228917 0.964769654345499
-9999 -9999 -9999 -9999 -9999 -9999 -9999 -9999 -9999 -9999 -9999 -9999 -9999 -9999 -9999 -9999 0.968571936739349 0.958985825042369 0.969060185870597 0.952870511020121 0.985472430681066 0.985472025975846 0.989674970503954 0.98957147498613 0.968580766421899 0.968931741764712 0.969187208356421 0.962896672838768 0.972624366854894 0.971260802404874 0.968730390184666 0.984359805332751 0.988880613618639 0.988873681871947 0.967190557382861 0.967928902360845 0.975111700672692 0.966409319522226 0.956676729279988 0.966623119594481 0.966214653161934 0.950533300860515 0.963259841562537 0.963035404306176 0.950149185138393
-9999 -9999 -9999 -9999 -9999 -9999 -9999 -9999 -9999 -9999 -9999 -9999 -9999 -9999 -9999 -9999 -9999 0.956745072462452 0.989735763107154 0.98973577430192 0.989674399606104 0.98973577430192 0.989674399606104 0.972601122043238 0.970932603032704 0.962996294915174 0.97148526356349 0.962407734958164 0.969150636110095 0.969064876538613 0.966813562091965 0.966631221087857 0.960058138511633 0.988897548061076 0.966971464411191 0.957737242379261 0.966088961171201 0.969021673672186 0.966523771002528 0.966327582447812 0.964877608924572 0.950153305082365 0.967170515327563 0.969590559760614 0.9645962037212
-9999 -9999 -9999 -9999 -9999 -9999 -9999 -9999 -9999 -9999 -9999 -9999 -9999 -9999 -9999 0.967809798924736 0.967077607691161 0.990014953075886 0.985471636704457 0.985471636704457 0.989673848513469 0.989735784635551 0.989673848513469 0.98973577430192 0.969691155139027 0.977156573581454 0.976664956947752 0.971185203747132 0.958435674868307 0.966223483036541 0.953102149119026 0.953234675894411 0.966834610859975 0.972308600603824 0.984281475469716 0.976702359294156 0.96643161080369 0.951731133590867 0.951803356480399 0.959439956898414 0.96856225144533 0.964277495354903 0.972659077040963 0.97007456283862 0.948583855227541
-9999 -9999 -9999 -9999 -9999 -9999 -9999 -9999 -9999 -9999 -9999 -9999 -9999 -9999 -9999 0.969896262766081 0.986123003537755 0.990137504407019 0.989858245074805 0.989858245074805 0.985730542070627 0.98991960801221 0.989858245074805 0.985730542070627 0.97218419489216 0.970001606450327 0.957282729505467 0.964027711663673 0.956679812746587 0.970679129830024 0.967947884853106 0.967981698801592 0.967884921731929 0.984816152628964 0.97634691983005 0.975636775729707 0.974897793429488 0.974235952378679 0.973357185060298 0.969005543051309 0.969035084957079 0.966508925431962 0.965352996193411 0.969253347281837 0.951929158688004
-9999 -9999 -9999 -9999 -9999 -9999 -9999 -9999 -9999 -9999 -9999 -9999 -9999 -9999 -9999 0.986122661098016 0.990137019091391 0.990137019091391 0.989857746087832 0.985730203500613 0.989919617315936 0.989857746087832 0.985730203500613 0.971441326177868 0.965383882166132 0.969794279760274 0.969745465747376 0.973678505150663 0.968044417875246 0.962696403147817 0.969954798013928 0.958129800560585 0.954949970911987 0.989181996484789 0.984786224098629 0.959045647018694 0.967991102508404 0.967443719585141 0.967521695326923 0.97143434042438 0.970565240253578 0.96750298749793 0.966148113216241 0.971211568558276 0.969141955123905
-9999 -9999 -9999 -9999 -9999 -9999 -9999 -9999 -9999 -9999 -9999 -9999 -9999 -9999 -9999 0.990136555162776 0.990136555162776 0.990136555162776 0.985729880090559 0.989919627465456 0.989857269090351 0.985729880090559 0.989857269090351 0.968665684547697 0.973653795914415 0.957095593320851 0.956050448514465 0.968619909956597 0.955659345825561 0.955416415070472 0.964269387717584 0.989179845281589 0.989179845281589 0.989246345621215 0.967501386057107 0.954750266701774 0.967928270523967 0.971536365934273 0.973500747574377 0.970198310531224 0.978339709743479 0.974928406047545 0.966684241185004 0.96048157494431 0.988519026357558
-9999 -9999 -9999 -9999 -9999 -9999 -9999 -9999 -9999 -9999 -9999 -9999 -9999 -9999 0.990136111798576 0.986122017180553 0.990136111798576 0.986121717341267 0.989856813236591 0.98572957184045 0.98572957184045 0.989919635923389 0.963893311433439 0.972758125023871 0.973031702705615 0.971980449833717 0.955819888097183 0.973235427492563 0.968255383718364 0.954784087633231 0.969844567395497 0.984778589608677 0.984778917975189 0.98917935944511 0.972343092185307 0.970166565339113 0.967072180709041 0.968907472753941 0.971049760984791 0.967761176403535 0.967815480981684 0.974091785400563 0.972891917885226 0.966091257760936 0.983751951717863
-9999 -9999 -9999 -9999 -9999 -9999 -9999 -9999 -9999 -9999 -9999 0.990415458582146 0.986121717341267 0.98612143224826 0.986121717341267 0.990135688998763 0.98612143224826 0.990197221431422 0.985729278750271 0.989919644381322 0.985729278750271 0.957555649490551 0.969931662152606 0.96883510430226 0.955126675350008 0.970816396731112 0.968313194234393 0.973853400542782 0.968212990306269 0.966651146567151 0.958641493889241 0.98924636345128 0.98917889589493 0.984778277216853 0.98881064984211 0.97204970030909 0.979638268324946 0.979555847477743 0.988693144714608 0.983997405695819 0.983997405695819 0.988693144714608 0.988519046957703 0.988519046957703 0.983751601340588
-9999 -9999 -9999 -9999 -9999 -9999 -9999 -9999 -9999 -9999 0.972232697160618 0.990354903316376 0.990197221431422 0.990135285940743 0.990135285940743 0.986121160263054 0.990197229657608 0.990135285940743 0.985728999135585 0.985728999135585 0.959225615502693 0.968558223341026 0.968126866858084 0.958770545954205 0.9680111500676 0.967581430695838 0.970633532149395 0.975245214217637 0.970689259539433 0.965553376170805 0.976780531884242 0.971765410966027 0.967994729119672 0.972490955832156 0.98888041069361 0.984261166380102 0.988621770486912 0.988621770486912 0.988693153937132 0.983997077097612 0.988621770486912 0.983997077097612 0.983751267736808 0.988446580176316 0.988519065685108
-9999 -9999 -9999 -9999 -9999 -9999 -9999 -9999 -9999 -9999 0.990333172661615 0.986399288996099 0.990090901206174 0.990090901206174 0.986059122013841 0.990153510647157 0.990153510647157 0.986059122013841 0.969232718148689 0.976024949477339 0.957349599876005 0.957312041192002 0.95718987656184 0.96904765906799 0.973976371066856 0.971363841436537 0.976540588520909 0.97603746667589 0.983440911847266 0.977577788313834 0.979685608482303 0.969529644571207 0.957361589664956 0.969309717694812 0.961489025480807 0.95907687864219 0.989131183697377 0.984615003944728 0.989062110444162 0.989062110444162 0.989062110444162 0.989062110444162 0.988955770603024 0.988955770603024 0.988955770603024
-9999 -9999 -9999 -9999 -9999 -9999 -9999 -9999 -9999 0.971671471025223 0.990332818776838 0.990332818776838 0.990090538496734 0.986058878449356 0.990153517257316 0.990090538496734 0.986058878449356 0.97416820914192 0.957221314482063 0.975639579778767 0.973975755585103 0.971880438846035 0.970234591533731 0.958428720638794 0.98103379281392 0.973616183202005 0.976865157186688 0.976660244472779 0.955829252773878 0.968627504306349 0.969034067818955 0.971133668650743 0.970047425961334 0.970164921532419 0.969756702883464 0.969414784178998 0.989061710560425 0.989131191677878 0.984614735611968 0.968573131836155 0.984614735611968 0.989061710560425 0.989025519722133 0.984465498412111 0.988955366853302
-9999 -9999 -9999 -9999 -9999 -9999 -9999 -9999 -9999 0.97130091676712 0.990332485851185 0.990332485851185 0.986058648050575 0.990153523867474 0.990090197269067 0.986058648050575 0.970593689593445 0.972477341903939 0.955882046202411 0.968525278742617 0.9567754166755 0.969519791830188 0.980605858058657 0.973317755904856 0.973357073534016 0.968926815289702 0.974455195369715 0.968527883811195 0.973712452025411 0.976336474004758 0.96987824031037 0.9686155455609 0.971027465109869 0.972123780567351 0.957859007493645 0.956691885479084 0.96591237121058 0.968898765974155 0.967561484501759 0.971654004933021 0.989131198771656 0.989061333729999 0.939045638592878 0.989025526884497 0.989025526884497
-9999 -9999 -9999 -9999 -9999 -9999 0.97240707245227 0.974044262377536 0.9716372692785 0.955970801914771 0.983471204132984 0.986398617760485 0.990153529651363 0.986058434108897 0.986058434108897 0.971044495629099 0.959022806077811 0.957192438117586 0.968888251102489 0.967320986660027 0.976403669956398 0.972200828407303 0.970440905798114 0.969377196027441 0.956233706247743 0.960612815330984 0.97249077122994 0.95772134629802 0.980751431371249 0.957745266853638 0.965586697589157 0.96941440608458 0.9730763879359 0.96965953303375 0.969065417038848 0.969460360655504 0.971431455908829 0.963168569318582 0.956662287566145 0.979936582590029 0.969081718622089 0.983975246576411 0.975823878170569 0.969237487578133 0.989025534046862
-9999 -9999 -9999 -9999 -9999 -9999 0.963700496866423 0.964871162358452 0.968880487082939 0.976798710753575 0.968386508077853 0.986398421849698 0.986058233332904 0.990153536261521 0.990089575127886 0.980275248988922 0.979937534528315 0.979698205354765 0.978944717051124 0.97875196403543 0.975827050671243 0.955380234768956 0.970975011060161 0.978849977607411 0.968158659525748 0.96900692429805 0.970148453203765 0.963249358831479 0.980408933706385 0.954791179610583 0.974783656164751 0.969299017706472 0.971608432122558 0.969061302372238 0.968944177021422 0.969329251511468 0.96907257440658 0.97308021388786 0.969839364309195 0.979698771123485 0.969685336329166 0.988654204055155 0.960334334212243 0.96502483820635 0.968710975232417
-9999 -9999 -9999 -9999 -9999 0.970675914988933 0.959318478458292 0.974609184027857 0.976818267325763 0.952573159260813 0.951199268655946 0.990331605573725 0.99015354121914 0.99015354121914 0.971352133589576 0.966551378317489 0.970353015287277 0.972524991707332 0.959774904502071 0.978778871154975 0.967230209253177 0.965285379757324 0.973304507798995 0.978744905639144 0.969392161940527 0.956185236726987 0.955999431857966 0.971878651896147 0.973307201289375 0.971939452382345 0.970101582778355 0.9614976096703 0.969120152770387 0.969090418069481 0.976454631746149 0.964211806697388 0.968939563406094 0.969714223936146 0.971935266704562 0.979525955556658 0.969694689916906 0.988654806053355 0.96960612735785 0.974132375514859 0.968598414734409
-9999 -9999 0.967140933314374 0.96010506486035 0.969473441464114 0.968146439895285 0.966493428053867 0.971983086422739 0.983174332499486 0.965123676639654 0.974455417544568 0.974786448837179 0.981994586128504 0.959158884775001 0.96067945650471 0.974259740976428 0.971868895438752 0.970862556581697 0.969407684498718 0.978295499736029 0.968955579489814 0.974512740542278 0.971260596985229 0.975386051899281 0.968647920572595 0.970120577614973 0.968054976899269 0.968214378241075 0.972342180233837 0.979771661633572 0.979080086274347 0.967673372987072 0.956261161038965 0.956269267080269 0.975450056601674 0.967003849595247 0.959942216950588 0.968594191959529 0.957727268444952 0.978428199085174 0.956646807725479 0.988387587061481 0.968287731066893 0.968443276115949 0.957659608051237
-9999 0.958735220984555 0.964045749874961 0.970041636971553 0.965488242269814 0.96939450007066 0.982962759245707 0.976117035976525 0.967068346038062 0.951609476791533 0.974376587550501 0.958507337249703 0.975739875732585 0.974041173412794 0.981191754911632 0.971729487042718 0.963102658876156 0.971131970787296 0.96409766398923 0.976984330964046 0.973021612504449 0.971097896173487 0.959748684843841 0.974952624194192 0.969165828337258 0.964374146962407 0.965603560375662 0.964985604101212 0.969192905840484 0.956792309847846 0.961398565524257 0.970542970875688 0.972294390013631 0.967278731686415 0.975190085528904 0.96749911334271 0.970426894882505 0.9678383722875 0.956657110039591 0.978095154640397 0.953750636343674 0.988382421823805 0.955070732345292 0.955183190103661 0.952046723246846
-9999 0.95800171090032 0.96045494421367 0.983364436086536 0.983373402351838 0.976845600911241 0.969605181204465 0.971653293204719 0.971174231849441 0.963232471700616 0.970265207795968 0.963991983197156 0.971041247706775 0.974785284788949 0.97032088772083 0.973234112832007 0.979552286586393 0.971028629687214 0.97138719372316 0.959508104220873 0.965450487416219 0.959506180221825 0.971125057721608 0.974183509819618 0.969407939492353 0.974364078023602 0.973694106650127 0.971743698762252 0.965257288246038 0.965659499342225 0.970371154319993 0.955682173835605 0.969830864339937 0.953710050986299 0.967509069845194 0.964090100919657 0.967161237688136 0.966498884651874 0.965952206015 0.976099895884299 0.966664081246535 0.967191836430919 0.983288450607057 0.975123496197695 0.967602987697291
