Model input/Uganda/survival/Lsurvival/Lsurvival_restime_1nov.asc
NCOLS 67 
NROWS 67 
XLLCORNER 29.500000001 
YLLCORNER -1.499999999 
CELLSIZE 0.0833333332985075 
NODATA_value -9999 
[rows 40 to 59 of 67, columns 0 to 44 of 67]
0.956106892617635 0.967200953445443 0.983246916275877 0.983390316908532 0.965090272206083 0.976363191777069 0.96803876205331 0.969989874424331 0.95811961317425 0.969229608472748 0.968903656926845 0.971310322864685 0.958072327288647 0.974054474035987 0.970265457062073 0.977813140315699 0.976618596365646 0.969065157620445 0.971540936895103 0.971452817002535 0.971254317719627 0.962617461724453 0.971177682049206 0.97180961452602 0.97133741650287 0.96944317273046 0.970812736811189 0.970929059715476 0.967969014544386 0.964734003830512 0.968561127081607 0.966592123749962 0.978245576173167 0.960553634927751 0.96958225328348 0.973676194809973 0.967062932724044 0.953433120812247 0.966905407838682 0.964784285425382 0.965752025994232 0.967003947681648 0.988171391022213 0.970579866174074 0.962164101478394
0.969211674778578 0.960284580826219 0.983289509009236 0.974975105370388 0.974794254416219 0.975536611764398 0.958490471435872 0.970130135931455 0.970391237066384 0.974369517128399 0.96535656488781 0.970318201046575 0.95849349435423 0.970827399416556 0.962166056970537 0.976468983373415 0.970766022200412 0.966375279852217 0.968034445151518 0.976295983078973 0.974221507458681 0.973352009229534 0.971004044419504 0.97427278175693 0.962151025107337 0.971210820157399 0.965891684891669 0.966996054292512 0.952582139040509 0.966764777414386 0.968229063027035 0.960694265224559 0.977751450737093 0.968373071727761 0.968565195531548 0.968428969146843 0.957570433527928 0.966583076098137 0.963509306624876 0.969294727492302 0.975296425671863 0.971767960440019 0.98817211813755 0.968498654729673 0.972464114212813
0.965707375770192 0.95487259711111 0.983154610590293 0.954744822040343 0.974600687502331 0.974457075313103 0.957118027713934 0.972493676471008 0.974021622003041 0.970124503794453 0.970742096647547 0.97638373526315 0.972090622359385 0.969680184663874 0.971307721300534 0.971471428067094 0.96369799823466 0.972967175613404 0.96214680611863 0.970734171213174 0.958256666641319 0.971544363150477 0.971940506379867 0.96532503348112 0.970050736164944 0.976172192506043 0.970015689560393 0.959704926792087 0.968770303455413 0.968788829840218 0.957868139207271 0.967150701555438 0.977457033839044 0.975037915549636 0.971830948799249 0.968175886894684 0.967440873106849 0.966343541643818 0.973407681686103 0.966754654532184 0.973644316453429 0.971009672233368 0.988172551392205 0.988093846249497 0.967564178275361
0.9824474909778 0.975612728749656 0.967677156664473 0.959137270892901 0.972743392759468 0.972258137845799 0.96847980354126 0.960149387614275 0.963397354393398 0.970290426925393 0.971763451867404 0.975902320443709 0.976464286571407 0.97001415328655 0.957794620369449 0.959922503039459 0.969965412658803 0.956465116745745 0.956249585124493 0.970179584387738 0.969905611240461 0.97251350817682 0.966583965657467 0.969432118224494 0.957190524605684 0.965951037892477 0.956808266750539 0.968945840881116 0.974098186212123 0.975905112826214 0.968863760820807 0.964287352022843 0.974480924372987 0.966246222465552 0.960184959077287 0.970795114474178 0.965514057441924 0.958316693023564 0.965305069355728 0.965221942280803 0.971974534054071 0.968427064280092 0.961608311821798 0.987715603706795 0.96763832148983
0.982556196200629 0.975460520881561 0.975021305603452 0.973693143493034 0.973842815604018 0.960940233445116 0.954137075290664 0.957965482913297 0.961366469032697 0.975157364238881 0.974645221156662 0.969865633962241 0.97761491645336 0.973335128046442 0.974033239592135 0.960313790279302 0.97096953082288 0.959822252189975 0.960737458286102 0.972691503202429 0.971606380768291 0.977267027409781 0.956594226605526 0.961203540904917 0.96738454041612 0.97177189919796 0.970106138801382 0.978709428245629 0.964762521799888 0.965983616392559 0.966933631953136 0.951321252282062 0.969241312381138 0.9620867241625 0.97183120967108 0.966333786901395 0.954232417401016 0.969421736783891 0.966185200033581 0.967461671205875 0.970740180997945 0.966680294014027 0.982609975058655 0.982609975058655 0.982609885411329
0.982523467447632 0.972501719014313 0.971918456768375 0.971488745716693 0.975339384180341 0.959863524542871 0.972468394289605 0.973665389842951 0.959301461338771 0.976368514660895 0.975242620680649 0.957465282128631 0.977815121974255 0.971669429485354 0.966162871492431 0.971048693813529 0.975361410867192 0.970542048089381 0.970001937434087 0.975165869316866 0.96232662144562 0.977690529654884 0.969314666981827 0.977451971504164 0.968921218576818 0.970067422191856 0.970114689356281 0.969924596037274 0.975745132287983 0.975745132287983 0.957022510889491 0.965404519061152 0.966912799674907 0.966679982509767 0.965249345990417 0.95810589024004 0.967928685891426 0.987813662848778 0.982752184613758 0.963876731733428 0.966477825673399 0.96354436048719 0.987630778286709 0.987630778286709 0.982609813303703
0.974980263027988 0.975179603355053 0.969513953146952 0.959249172351383 0.966157787308169 0.969815463196128 0.962122383863451 0.973576600192599 0.982222978408204 0.978557931224342 0.976060728695949 0.970236331348651 0.968914775745445 0.976963562775694 0.977290456678438 0.977886536280561 0.979704682543839 0.979856379391265 0.980516163712832 0.981236670424615 0.981290356943968 0.982932833229575 0.976088495626707 0.969941751437201 0.95685402866338 0.957078732157282 0.970088369316304 0.96903968309484 0.968549158295599 0.955638256905328 0.965226365931357 0.965553329596219 0.965364737375111 0.96814690820421 0.983087201281517 0.988051017673763 0.982752113090978 0.987813665763284 0.987732161081144 0.987732161081144 0.987813665763284 0.982752113090978 0.987630689160722 0.987712863796996 0.987712864776484
0.967652960809642 0.982247102846948 0.97281047795523 0.97086582142817 0.971236724653746 0.967654453516158 0.982340758036814 0.982340758036814 0.982340758036814 0.982340758036814 0.973655945145418 0.981186666974078 0.979007181472815 0.978900554457838 0.968523516782134 0.968129464088701 0.97555516019355 0.971043256172171 0.976973937755481 0.971991304056183 0.967704376516052 0.969901867679807 0.972475620258002 0.976346483802475 0.971601519087793 0.970216112077938 0.968740858755605 0.969166827542698 0.955824736887278 0.966165540161045 0.965192490348394 0.968022296313951 0.983087150094452 0.983087150094452 0.987971027891988 0.983087150094452 0.987813666734786 0.987813666734786 0.987732096967305 0.987813666734786 0.987813666734786 0.987732096967305 0.987630624519902 0.982609725605247 0.98771286673546
0.970858777113772 0.982248174465166 0.982197929529334 0.98207905452819 0.977394679135232 0.968424436730163 0.982222830119009 0.97503481990941 0.982222830119009 0.97503481990941 0.968933747069936 0.974332548570293 0.968829227742145 0.975660417855952 0.968514985513939 0.974274496234194 0.972733027151252 0.956663528394549 0.976741296219614 0.96942283970641 0.976071953020763 0.960801254678389 0.970477023677454 0.9701645941996 0.983632774045003 0.983902954301866 0.983927611770552 0.983969048071201 0.977528303887108 0.96845253768932 0.988051020531847 0.983087115969745 0.987970989787281 0.988051020531847 0.988051020531847 0.983087115969745 0.987732058110436 0.987732058110436 0.987732058110436 0.987732058110436 0.987732058110436 0.987732058110436 0.987630585343649 0.987630585343649 0.98771286673546
0.981857611243737 0.981857611243737 0.981857611243737 0.981857611243737 0.981857611243737 0.963087140354321 0.963819399793374 0.967483115652996 0.97423785861215 0.981774860412373 0.9595432561968 0.968741913314317 0.962656256863692 0.967274700766157 0.975489388963744 0.97254177300985 0.966060817431771 0.958500899877139 0.975663607078216 0.974972675796701 0.96862829165109 0.963907773938366 0.956121891147136 0.956314714387044 0.96570843732007 0.966408669664545 0.960670066325504 0.95218945201365 0.987679752407446 0.987679752407446 0.982507382070338 0.987557603937508 0.987640380480166 0.987640380480166 0.987640380480166 0.987557603937508 0.987477696481581 0.987561001276117 0.987561001276117 0.987561001276117 0.987561001276117 0.987477696481581 0.981874121265796 0.987191729542602 0.987191729542602
0.974354406850592 0.981857611243737 0.981736484929872 0.981857611243737 0.981736484929872 0.964160065559887 0.974652783701542 0.981681635328411 0.981774860412373 0.966078547764578 0.969209462384645 0.968080516940569 0.972855080822177 0.966745742183476 0.975274911411935 0.971427686505891 0.965519356542866 0.968493058192345 0.967220898054288 0.97467934712709 0.968400265846944 0.973855296865313 0.968311396476407 0.954857805993669 0.975286349510106 0.964088180591441 0.971957755945925 0.963607464837354 0.98267867274169 0.987679765089422 0.987557616744425 0.987557616744425 0.987557616744425 0.987557616744425 0.987557616744425 0.982507382070338 0.987561001276117 0.982395331314236 0.987561001276117 0.987561001276117 0.987477709370223 0.982395351040863 0.987191729542602 0.981874141571051 0.987105981160349
0.981736542062401 0.974354459353301 0.981736542062401 0.981736542062401 0.981736542062401 0.982897184516462 0.965138881245183 0.965159324094808 0.966490179379259 0.960713241781144 0.967611763853166 0.95915413893594 0.967599303100486 0.953715117481517 0.974495667284467 0.96386968184486 0.957872852104393 0.965191918299779 0.956363466549565 0.972446740822162 0.968497913742548 0.970760917324091 0.955767695049721 0.968019130279372 0.975051898902822 0.94859345869505 0.970127235683406 0.963865989876976 0.987679804110887 0.982678727095123 0.987640378509706 0.987557656150324 0.987557656150324 0.987640378509706 0.987640378509706 0.987640378509706 0.987477749027587 0.987477749027587 0.987477749027587 0.982395386548792 0.987477749027587 0.987477749027587 0.987191729542602 0.987191727501079 0.981874178120512
0.981736637283291 0.981857607011175 0.974354537057316 0.974354537057316 0.981736637283291 0.967513717196709 0.961875912099878 0.974733846882581 0.956644528834586 0.966081928567216 0.956723737666647 0.950596629332773 0.967435954566129 0.958769103563918 0.971033338367203 0.957267449477383 0.965598439622107 0.950688149338178 0.965849771017358 0.968671198574805 0.968795528992378 0.968314324603167 0.967772677037841 0.971938337552326 0.97390153637679 0.954772995887294 0.967132303204141 0.949560594225546 0.966022452184035 0.954775629544564 0.982507489882394 0.982507436956474 0.982507489882394 0.987640377524476 0.987557721170061 0.987557721170061 0.982395439810688 0.98747781446224 0.987560998301564 0.98747781446224 0.98747781446224 0.98747781446224 0.981874232944706 0.987106089351643 0.981874232944706
0.974354644162861 0.981857602778614 0.974354644162861 0.974354644162861 0.981736768476531 0.960687512100724 0.950518053173021 0.97450584818758 0.973787637877542 0.96890917902406 0.971104307103283 0.970556589800168 0.95368923816484 0.956531522708611 0.965627598476227 0.965703391807683 0.951463075751729 0.966554968919819 0.966597584269732 0.967047982448119 0.958015713520088 0.952147385876147 0.954991287716357 0.966469152855193 0.970848310655015 0.965634109652851 0.964298630657999 0.964828165669401 0.969014944418694 0.971839058660134 0.987640377524476 0.987557810818494 0.987557810818494 0.987640374568786 0.987640374568786 0.987557810818494 0.982395439810688 0.987560998301564 0.987477904682754 0.987477904682754 0.982395512799217 0.987560995327011 0.987191723418035 0.981874308074162 0.987106182232858
0.981857598546053 0.974354774369617 0.981857598546053 0.974354774369617 0.962428572611043 0.958005726774703 0.967156395764457 0.95906076655313 0.968411404749331 0.970457805314815 0.961951298680548 0.972270125996461 0.967768272808247 0.966647605768761 0.966871413806582 0.956678159998491 0.966401790074127 0.968885161586446 0.956555397090121 0.974825541180361 0.970947266120475 0.968999188677392 0.967577899839747 0.954940191660243 0.967415437766516 0.96346396041127 0.960971438762896 0.987680073359036 0.982678851331554 0.987761715514703 0.987640374568786 0.987557928051072 0.982507562410512 0.982507652580611 0.987640374568786 0.982507562410512 0.987478022663439 0.987478022663439 0.98239560354172 0.987478022663439 0.987478022663439 0.98239560354172 0.987191721376512 0.987106303692922 0.981874401478358
0.981473864249781 0.981473864249781 0.978327558961951 0.950365230654495 0.963664297672253 0.967428557020161 0.954608075415419 0.967886634839473 0.968108482810303 0.974370096712115 0.955475739051895 0.972741875856382 0.96959804556214 0.952978395812421 0.966277385216917 0.966655865098296 0.958708949329737 0.971716850943221 0.964587203913194 0.97407805337143 0.963232987082223 0.965914732237907 0.963213379523459 0.964668323028216 0.949051240328697 0.958717497014466 0.950170501212498 0.982137019179248 0.987377790385674 0.982137019179248 0.981955950019458 0.987249502384301 0.987164614862776 0.987164614862776 0.987164614862776 0.981956061200578 0.986983111361321 0.981580116714214 0.986983111361321 0.986983111361321 0.981580116714214 0.986983111361321 0.981174383678582 0.981174383678582 0.986695581917992
0.981473857767925 0.981473857767925 0.978299575168255 0.977834796510525 0.966569085312801 0.962742452875435 0.967343978432716 0.966995554990312 0.957607480694789 0.974832622302684 0.967945592261791 0.977583568211176 0.977447864234144 0.977651330504924 0.97781581159742 0.969124199917679 0.979165320895431 0.973846677318062 0.979339636868348 0.971002311181778 0.979599375956094 0.954749646953995 0.971261265772798 0.952262835615254 0.961689544710533 0.951357631315776 0.987377790385674 0.987293927504534 0.987293927504534 0.987293927504534 0.987164789631774 0.987164789631774 0.981956190574988 0.981956190574988 0.987249495270998 0.987249499335742 0.981580116714214 0.986896643643554 0.986896643643554 0.986983107212215 0.986983111361321 0.986983107212215 0.986607217207462 0.981174518603691 0.981174518603691
0.965070886735335 0.976593112727816 0.970732006599649 0.9778954331935 0.967561775969789 0.968798174667678 0.966761155755779 0.972523481781649 0.966254009547387 0.975204782439269 0.966872149368593 0.967377854478977 0.966009452525031 0.966762014453562 0.969562463878839 0.970705897738466 0.979027802755312 0.979027802755312 0.979339960779376 0.979339960779376 0.979464692772257 0.971261472257805 0.979525244664416 0.964264310107624 0.969185701525028 0.948088133828411 0.987377786361565 0.987377782337457 0.982137405444636 0.982137405444636 0.987249491206253 0.981956340164171 0.987249491206253 0.987249491206253 0.981956340164171 0.981956190574988 0.986896849006299 0.986983107212215 0.986896849006299 0.986896849006299 0.981580401435313 0.986896849006299 0.986607427075403 0.986695577677857 0.981174674610872
0.951330822813248 0.976369636351982 0.969782522408294 0.977778660011464 0.967106008353415 0.955595418340881 0.973743994364611 0.972797835151013 0.967315973701549 0.966344355168185 0.969654184623997 0.967255362741131 0.965673077034691 0.951620398801249 0.965402950411991 0.966413133445098 0.970566809457508 0.979028171937437 0.963563411307771 0.948045294679864 0.955991708817272 0.963087049061118 0.971304665357574 0.942052098892008 0.969995569897756 0.970332161974461 0.987377782337457 0.987294352012001 0.982137569557438 0.987294352012001 0.981956505925185 0.987249486125323 0.981956505925185 0.981956505925185 0.981956340164171 0.987165218425607 0.986897081335922 0.986897081335922 0.981580570617455 0.98698310306311 0.986983097876728 0.986983097876728 0.981174847483723 0.986607664501815 0.986695573437721
0.96634441965226 0.97627040740161 0.968604386485599 0.956489676748428 0.968314497200699 0.975543727957193 0.974044995356511 0.967572560637095 0.966871702039097 0.954627010118174 0.968347422432628 0.966293225999017 0.968607890656496 0.965296784108832 0.965340610964138 0.968118164674061 0.967590435130931 0.964713720703656 0.964693143756397 0.952185580160525 0.967944006285563 0.963967251168614 0.947328634284446 0.97956542985061 0.979504155345362 0.979518236542832 0.982137751682652 0.987377772277186 0.982137569557438 0.987294604503496 0.987165473466578 0.987165473466578 0.987165473466578 0.987165473466578 0.987165473466578 0.981956689879513 0.986983092690347 0.986897341669626 0.986897341669626 0.986983097876728 0.986983092690347 0.986897341669626 0.986695562837382 0.981175039330459 0.981175039330459
