Model input/Uganda/survival/Lsurvival/Lsurvival_restime_1oct.asc
NCOLS 67 
NROWS 67 
XLLCORNER 29.500000001 
YLLCORNER -1.499999999 
CELLSIZE 0.0833333332985075 
NODATA_value -9999 
[rows 20 to 39 of 67, columns 0 to 44 of 67]
-9999 -9999 -9999 -9999 -9999 -9999 -9999 -9999 -9999 -9999 -9999 -9999 -9999 -9999 -9999 0.960336686660741 0.955855800733481 0.969099221131463 0.957523218742593 0.96888876156003 0.967399443331857 0.969339183950603 0.97180964395956 0.963165829977335 0.975026559460921 0.974187995856293 0.955469011760708 0.95804791618379 0.984750860682498 0.975649965761895 0.965311332579495 0.951702581346938 0.96802882322751 0.95504978447082 0.977468650907423 0.977202276486539 0.97115121874669 0.967067869802289 0.964678634066416 0.966028197755018 0.966896961695087 0.953641501009683 0.967451824145454 0.967741264969065 0.966619781852955
-9999 -9999 -9999 -9999 -9999 -9999 -9999 -9999 -9999 -9999 -9999 -9999 -9999 -9999 -9999 0.968094699075719 0.955705789282361 0.95528062845115 0.966127846944214 0.967514632798886 0.957607122501472 0.966673093835192 0.96183756201701 0.968106133205242 0.984776514415624 0.989178741043464 0.989176149882504 0.989164614478285 0.969059983096059 0.984726954586452 0.988777829877242 0.966359856365227 0.970102099459283 0.954426541152012 0.968705189442428 0.965557216023681 0.967137444333366 0.963831154402428 0.972958658109241 0.972102472310779 0.970651901550009 0.964978713635481 0.963998673880068 0.965668258755149 0.965242730656072
-9999 -9999 -9999 -9999 -9999 -9999 -9999 -9999 -9999 -9999 -9999 -9999 -9999 -9999 -9999 -9999 0.968281323769313 0.958581987101706 0.968711285389027 0.952618825958001 0.985162374935955 0.98516196289893 0.989454127919793 0.989445792832995 0.967782064984087 0.968073281439042 0.968715199783 0.962786735214595 0.972532336934227 0.97107919399449 0.968701881718822 0.984204630134815 0.988770829637515 0.988764255469928 0.967185111748549 0.967754461712709 0.975207959960313 0.966386261698999 0.956925694000092 0.966874089040537 0.966629097402416 0.95107189870767 0.963871174743547 0.963742359240165 0.950948154635902
-9999 -9999 -9999 -9999 -9999 -9999 -9999 -9999 -9999 -9999 -9999 -9999 -9999 -9999 -9999 -9999 -9999 0.956403075864175 0.989516213451106 0.989516224849739 0.98945354399585 0.989516224849739 0.98945354399585 0.971864177840862 0.970089701000759 0.962033285609219 0.970875328585819 0.962228051741715 0.969124944632556 0.968824980467045 0.96675220590705 0.966608617400037 0.960032961861181 0.988785433567599 0.966857452961746 0.957362870871433 0.966239684832122 0.969278392976473 0.96679261833142 0.966407036672522 0.965227317783998 0.950617116413219 0.967644565726348 0.970090223879251 0.96512676226527
-9999 -9999 -9999 -9999 -9999 -9999 -9999 -9999 -9999 -9999 -9999 -9999 -9999 -9999 -9999 0.967461613673496 0.966691425055128 0.989810480985682 0.985161564829426 0.985161564829426 0.989452981991298 0.989516236248373 0.989452981991298 0.989516224849739 0.969154299069089 0.976901135513282 0.976441024909082 0.971007716597347 0.958199979335251 0.965925371060258 0.953002272391088 0.953148786887816 0.966818544676409 0.972248040098489 0.984124268975322 0.976504012857965 0.966722732389563 0.952001940414958 0.951767601430245 0.959654839994347 0.968820751129248 0.964587523505783 0.97309007603365 0.970558403709929 0.949347039144613
-9999 -9999 -9999 -9999 -9999 -9999 -9999 -9999 -9999 -9999 -9999 -9999 -9999 -9999 -9999 0.97006344189686 0.9860573332454 0.990090735927741 0.989771638043671 0.989771638043671 0.985608943057599 0.989833522790412 0.989771638043671 0.985608943057599 0.971668332109666 0.969511421106958 0.957400620075922 0.964025737944471 0.956760801232766 0.970797265086289 0.968068157323412 0.968146210619423 0.968064025290866 0.984779428894309 0.976298880768227 0.975569949905822 0.974796170194558 0.974139158300492 0.973293968328667 0.969035762775519 0.969043659793834 0.96653159182555 0.965885350588528 0.969676178755576 0.95255959960856
-9999 -9999 -9999 -9999 -9999 -9999 -9999 -9999 -9999 -9999 -9999 -9999 -9999 -9999 -9999 0.986056988588051 0.990090248961861 0.990090248961861 0.989771135477674 0.985608602648359 0.989833532995438 0.989771135477674 0.985608602648359 0.971010737344306 0.965110720578961 0.969803384772497 0.969765180843902 0.973634382000189 0.968052155681686 0.962783420529692 0.970063970576157 0.958304865071862 0.955179389070167 0.989158868058445 0.984750289232013 0.959122767725281 0.968039141746532 0.967488977235584 0.967581136833689 0.971593130224292 0.970659971046899 0.967551254571804 0.966584137289506 0.971554621492501 0.969500315581132
-9999 -9999 -9999 -9999 -9999 -9999 -9999 -9999 -9999 -9999 -9999 -9999 -9999 -9999 -9999 0.99008978259544 0.99008978259544 0.99008978259544 0.985608275787857 0.989833542350046 0.989770654171053 0.985608275787857 0.989770654171053 0.968286288953703 0.973431540624794 0.95681195261799 0.95583612980503 0.968548037782085 0.955716584407759 0.955454315751192 0.964357860881285 0.989156998079337 0.989156998079337 0.989223637988057 0.967646743403937 0.954896433265215 0.967983222018587 0.971547364070711 0.973611989371905 0.970267815332191 0.978381019451408 0.974933876322405 0.967208606859644 0.960918976974453 0.988664679976447
-9999 -9999 -9999 -9999 -9999 -9999 -9999 -9999 -9999 -9999 -9999 -9999 -9999 -9999 0.990089337652415 0.98605634194554 0.990089337652415 0.986056041601574 0.989770194974142 0.985607965863232 0.985607965863232 0.989833550854235 0.963700939159244 0.972621050432837 0.97281373280585 0.971766408781176 0.955623127532465 0.973138858663183 0.968176025716164 0.95469127959894 0.969825624406917 0.984746521533231 0.984746849299224 0.989156510491158 0.972503866317139 0.970551492250641 0.967336343520408 0.96955754822377 0.971158821049613 0.968089538896031 0.967825187984295 0.974030850906803 0.973210566682207 0.966520504520142 0.983957591821658
-9999 -9999 -9999 -9999 -9999 -9999 -9999 -9999 -9999 -9999 -9999 0.990458912947663 0.986056041601574 0.986055754387484 0.986056041601574 0.990088912484823 0.986055754387484 0.990150735087848 0.985607669487316 0.989833559358424 0.985607669487316 0.957482822854852 0.969807052979652 0.968647442789978 0.954672604919818 0.970596273702162 0.968067647881868 0.973715713466762 0.968099212922793 0.966503715588329 0.958474390163917 0.989223655882411 0.989156046164289 0.984746208018036 0.988806222568002 0.972217208841027 0.979735226173064 0.979650194258931 0.988671677390108 0.983967095973603 0.983967095973603 0.988671677390108 0.988664700364877 0.988664700364877 0.983957245023952
-9999 -9999 -9999 -9999 -9999 -9999 -9999 -9999 -9999 -9999 0.972462427188009 0.990398630609513 0.990150735087848 0.990088507092638 0.990088507092638 0.986055481944482 0.990150743328042 0.990088507092638 0.985607388353672 0.985607388353672 0.958971815321478 0.96838063151295 0.967915996518638 0.958492277135367 0.96771390496334 0.967263809971119 0.970371128199714 0.975067656709742 0.970542574077485 0.965397965513657 0.976327443877611 0.971738755355782 0.96800405766957 0.972472509773859 0.988876011370051 0.98425495171241 0.988600168719358 0.988600168719358 0.988671686651905 0.983966767822671 0.988600168719358 0.983966767822671 0.983956916673045 0.988593147907051 0.98866471982656
-9999 -9999 -9999 -9999 -9999 -9999 -9999 -9999 -9999 -9999 0.990468049258296 0.986588680355943 0.990190430493696 0.990190430493696 0.986198864239514 0.990252414067749 0.990252414067749 0.986198864239514 0.969126572338153 0.976007485894229 0.957292903349065 0.95734537043846 0.957259197679818 0.969197812422449 0.974075616474228 0.971486889903918 0.976651616482508 0.976180474675101 0.983345183133434 0.977468850953947 0.979748798204566 0.969862405545081 0.957893595667684 0.969700988023398 0.961952903897469 0.959499865696519 0.989243856657724 0.984774131665173 0.989175494751124 0.989175494751124 0.989175494751124 0.989175494751124 0.98915430214312 0.98915430214312 0.98915430214312
-9999 -9999 -9999 -9999 -9999 -9999 -9999 -9999 -9999 0.972200699681717 0.990467700542207 0.990467700542207 0.990190071671607 0.986198623823162 0.990252421407753 0.990190071671607 0.986198623823162 0.974239655287868 0.957481023667973 0.975622156130424 0.97396651727903 0.971894283543453 0.97020837648135 0.958578280626923 0.980908996346918 0.973433106583261 0.976963398334553 0.976535438366039 0.956140336040134 0.968866997490916 0.96927527754274 0.971233111661387 0.970474033847071 0.970556033578062 0.970136986075658 0.969780953085618 0.989175098933107 0.989243864574633 0.984773865457885 0.968856444682946 0.984773865457885 0.989175098933107 0.989222805093038 0.984744121855095 0.989153905554413
-9999 -9999 -9999 -9999 -9999 -9999 -9999 -9999 -9999 0.971828387656097 0.990467372432182 0.990467372432182 0.986198396402342 0.990252427116645 0.99018973405276 0.986198396402342 0.970797049622836 0.972590699005242 0.955767107019475 0.968536383181619 0.956758455595866 0.969420618388773 0.980529888408138 0.973193722792408 0.973384669037079 0.9689568510939 0.974302007284758 0.968751144004037 0.973697392487561 0.976507248024777 0.970234536881698 0.968977781502635 0.971150412683805 0.972479035406078 0.958402591482141 0.95710581810697 0.966199252007687 0.969180301408006 0.967852143035788 0.971671072799661 0.989243870732229 0.98917472598472 0.930645655507284 0.989222811262624 0.989222811262624
-9999 -9999 -9999 -9999 -9999 -9999 0.972866052515806 0.974484055216233 0.972139788889754 0.956820101829622 0.982979800156004 0.986588018811668 0.990252433641092 0.986198183601479 0.986198183601479 0.9711562812972 0.959346530679603 0.957606945681347 0.969036011933827 0.967241690906911 0.976362592077795 0.972127020743565 0.970450104693691 0.969335285238626 0.95610139717119 0.96060932479237 0.972467645431079 0.957810663709041 0.980718883947571 0.958205707989534 0.965788128019536 0.969755908256919 0.973319425025353 0.969727781892858 0.969403614324523 0.969834058092289 0.971733998284091 0.963469937364172 0.957058008328866 0.979948712755394 0.969229349455574 0.984030183198914 0.976028646162576 0.969602045219497 0.98922281831358
-9999 -9999 -9999 -9999 -9999 -9999 0.964317393475005 0.965486115046456 0.969521049598835 0.976105422726028 0.968869455107759 0.986587824611404 0.98619798379613 0.99025244016554 0.990189118347188 0.980338213239127 0.980022387174875 0.979818393446612 0.978980869394133 0.978812035367016 0.975815379802029 0.955704767293496 0.970945130209231 0.978823660703766 0.968209562715728 0.969062546308373 0.970119504978688 0.963407715976062 0.980371901416975 0.955207292446286 0.974942389347247 0.969584929085685 0.971840309181876 0.969384702745508 0.968989605627231 0.969684086040378 0.969384583622139 0.973328298623965 0.970118259698346 0.979706434198983 0.969836500201962 0.988688907251888 0.960747135391703 0.965317225451899 0.969041770375172
-9999 -9999 -9999 -9999 -9999 0.971264746480334 0.959942696710329 0.975051732289023 0.976113535637654 0.953394660259059 0.951995129193194 0.990466503812928 0.990252445058876 0.990252445058876 0.971674287072918 0.96709595194429 0.970362399564324 0.972680830808424 0.959581354180452 0.978868606821991 0.967530574239314 0.96527350638344 0.97351261826067 0.978727670447276 0.96954193857867 0.95638901573401 0.956086558868917 0.972050182099841 0.973356717302048 0.97189972005277 0.970355878423939 0.961723161908033 0.96937471992073 0.969346573221886 0.976432648237082 0.964426466383981 0.969207908067062 0.970005795466919 0.972186506776453 0.979531343685972 0.969845671222553 0.988685576687648 0.969933881637194 0.974338790397992 0.968906911044136
-9999 -9999 0.968279599814643 0.961448950398389 0.970493578036292 0.969294234679162 0.967493185216699 0.972784742261928 0.982805234731282 0.965904372406577 0.975259855968043 0.975539774800312 0.982212213010837 0.959755850692673 0.961720571039454 0.974806465498529 0.972471609149908 0.971137233611666 0.969905682648461 0.978982565402962 0.969330037070248 0.975180043555118 0.972256067370566 0.976050088521288 0.96945774381116 0.971074579784985 0.969063155971207 0.969299954588032 0.97318751557566 0.980323795020876 0.979702273512143 0.968916701602345 0.957990902694347 0.957934464112805 0.976191552271652 0.968198723282781 0.961473771478389 0.969896555784844 0.959409841088345 0.979157601852197 0.958308438692717 0.988817339955929 0.969588001492463 0.969686721109032 0.959265220294026
-9999 0.96011159118789 0.965283813637241 0.971114968552086 0.966698981687459 0.970527229021857 0.982548056207889 0.975558822678592 0.967988955986541 0.952629069555727 0.975227552848812 0.959750410082366 0.976202967447737 0.974343567202905 0.981434609185395 0.972298376541355 0.963837922411704 0.971688775035711 0.965390492422303 0.977783134088565 0.973903216984002 0.972059391376917 0.961176660219212 0.975631243858287 0.97003144276981 0.965257982968018 0.966758280589531 0.966143215878628 0.970220106019902 0.958115383244601 0.96263990347518 0.971415952404202 0.973276632680826 0.968444584327976 0.975940229116867 0.968690869490899 0.971560211286078 0.969113022043351 0.95833156111579 0.978827204737883 0.955506016165816 0.988809647900998 0.956840162001014 0.956837727299986 0.953486182933244
-9999 0.959473738187871 0.961801023142253 0.982999258397222 0.983015328755182 0.97643144589559 0.970476121539345 0.972398906738496 0.972190183005931 0.964504713981035 0.971419170045974 0.965128499771155 0.971404384143467 0.975242161832387 0.971003167578711 0.973599073621608 0.979765298113628 0.971522261733038 0.972594474585984 0.961036371680296 0.966770301135087 0.961024552339323 0.972113557310537 0.974863345621952 0.970276149883487 0.974991148365244 0.974334841674063 0.97242372886795 0.966403573376949 0.966695312283657 0.971318773931075 0.957106618720841 0.970706668248016 0.955311163915237 0.968645829432967 0.965142572573556 0.968437994180954 0.967801639733524 0.967175088767065 0.97685095026395 0.967894786550682 0.968455471572958 0.983977618104881 0.975996847474343 0.968820069483825
