Model input/Uganda/survival/Lsurvival/Lsurvival_restime_1mar.asc
NCOLS 67 
NROWS 67 
XLLCORNER 29.500000001 
YLLCORNER -1.499999999 
CELLSIZE 0.0833333332985075 
NODATA_value -9999 
[rows 40 to 59 of 67, columns 0 to 44 of 67]
0.954069060447695 0.965659806805891 0.981465569102988 0.981647117783332 0.96312785871021 0.974289691828991 0.965652661506439 0.967705752844037 0.955460370189085 0.968102677378084 0.967432933703403 0.969818145261314 0.955631025903372 0.972298227211667 0.968462089273481 0.975310799899151 0.973359595516045 0.964646294186019 0.96864898335831 0.96853153020126 0.968231616912227 0.958397454885224 0.968071264610973 0.966813263077749 0.966415814730996 0.966200173385864 0.967471945669499 0.96895694748764 0.965858138113485 0.96357408732341 0.967367469301295 0.965235799735743 0.977189775781535 0.95714970109457 0.967095306176611 0.97173231219761 0.965592261198152 0.951946778200155 0.96541500368185 0.963469709776918 0.964350367972457 0.96588458238621 0.988221296242299 0.969799061141532 0.960973321090295
0.967826728732363 0.958471381776854 0.981470948034809 0.972765721226075 0.9725714115457 0.973403469789878 0.955624336524861 0.967960949367047 0.968760369673319 0.972921085794975 0.963360757302225 0.968284175447904 0.955772832696097 0.968864209575277 0.958690322190988 0.973407787008568 0.96799287733141 0.961317537676691 0.963849660535635 0.97326184082549 0.970979521722814 0.970198889726235 0.967954654415202 0.969523354058695 0.955267852063372 0.965785874014544 0.961791521752829 0.965752467432516 0.951257393539989 0.965536830525908 0.967070668213257 0.959093483879859 0.976692613550606 0.965712261728504 0.965879390333052 0.965690625661271 0.954531727938035 0.965476163964243 0.962170052799876 0.968277949416232 0.974275154122757 0.970437876444596 0.988221456362563 0.967523565266704 0.971572215308669
0.964240468516267 0.952892811391768 0.981299169264874 0.951636087677254 0.97236426377383 0.972197337815781 0.954222798049298 0.970344977838675 0.972045722702916 0.968177440414742 0.968852051575596 0.974923096956047 0.970016666300838 0.967345581854313 0.967855383666404 0.967820615538571 0.958452344222715 0.969169263118718 0.956868934717869 0.967162142650837 0.953407957458491 0.96595013986277 0.966392096548168 0.958948714704888 0.964785575143881 0.971849374019276 0.966966700231312 0.955383283145098 0.964831523314022 0.963137826114579 0.955852901822537 0.966178310154304 0.976471026887835 0.973675819419671 0.969512502075915 0.965397499019249 0.965112371154396 0.965270720896963 0.972410013388131 0.9656156119401 0.972660186053321 0.96964791314201 0.988221562777944 0.9881429679446 0.966500041156872
0.98110441149992 0.973838819383888 0.967307168929884 0.957860732996818 0.971125409164056 0.97069993570893 0.96697443184758 0.958033797183933 0.961788567495437 0.96958519660349 0.971063586782417 0.975247855353636 0.97577705386478 0.966401444539165 0.952681907860578 0.952635618939231 0.967497204298107 0.951459370035395 0.952648776820801 0.964926386587557 0.965749246506543 0.968183424909254 0.961483682443017 0.965154271163894 0.951484343402539 0.96101861297332 0.951766887393742 0.965997949566371 0.971793510382931 0.973082654803921 0.967857349831071 0.965162224887517 0.974993721285122 0.967014963408513 0.960625230497947 0.971105769502935 0.966643048670692 0.959605521618226 0.966640779216007 0.966482245676731 0.972941509670253 0.969315732698093 0.962803362261058 0.988383745157385 0.967940179085435
0.981208128570167 0.974568724702313 0.974049230228005 0.972523840985622 0.970977926411447 0.957858413288171 0.951282302510836 0.956430511364144 0.958821610502371 0.974134650651882 0.973274384895119 0.967605611309337 0.976351534124726 0.970002731441289 0.968679571746484 0.952648079659042 0.965603540206743 0.952093795969903 0.952631842132178 0.967626011642735 0.967100609256256 0.973532805236307 0.949624248004928 0.955058580846579 0.962816773122941 0.969291828211156 0.967152431080298 0.976199283143816 0.960873432835042 0.962021771227889 0.966615527684901 0.952452781866166 0.96998245929117 0.962778600845482 0.97231437718848 0.967101035207309 0.955550891365137 0.970348758181958 0.967359188209662 0.96858157734357 0.971747676270599 0.96768915455378 0.983554237875141 0.983554237875141 0.983554154109999
0.98114432681717 0.971661499412873 0.970932565278692 0.970198128410444 0.972622369448594 0.957176105625007 0.970824580756866 0.971943921849636 0.957191368972729 0.975068701441844 0.973706989444968 0.95260938406706 0.976474706453094 0.966092478005644 0.958877032656929 0.96557972209233 0.970263754326549 0.965038170359994 0.964706378381682 0.969975953814169 0.955668930172901 0.973866150428451 0.964354035788862 0.974209416863622 0.966236588472157 0.967763868047982 0.968682126428831 0.966396639992245 0.972904196591483 0.972904196591483 0.958038622861191 0.966239383630897 0.967726620725288 0.967504578113022 0.966082051380385 0.958677121369147 0.968844824825494 0.988517069918501 0.983745332739965 0.965245422259976 0.967737075316309 0.964917567209422 0.988304040001659 0.988304040001659 0.983554085236442
0.97473576007154 0.973155959105505 0.968764010273106 0.95764062222136 0.962981842421361 0.968455084891716 0.960305913952315 0.971810165324129 0.979582111620967 0.977088810356146 0.974217368318912 0.966849024278221 0.966934525667928 0.971879553679868 0.972047359143819 0.972631578279799 0.975222044460014 0.975303240424172 0.976580772518867 0.977229826652496 0.977110385495684 0.97924114901428 0.97071268926644 0.965519398132924 0.955120995126137 0.955381761497539 0.966508065782427 0.965956613684585 0.966441031017432 0.956175880158549 0.966062816399892 0.966384483266158 0.966198445619703 0.968920564545884 0.983797252579944 0.988553886784255 0.983745264660413 0.988517071767414 0.988440244098144 0.988440244098144 0.988517071767414 0.983745264660413 0.988303955831996 0.988381683957304 0.988381685827888
0.967347652252486 0.980636852044932 0.972056712431461 0.970077320205943 0.970086101931824 0.965034800339518 0.979717207295544 0.979717207295544 0.979717207295544 0.979717207295544 0.971309596987789 0.979523982767817 0.977431612863431 0.977369794809462 0.96556081102698 0.965673377063015 0.972428910099054 0.965934951445198 0.974116618986926 0.968509015528751 0.963979518634583 0.965250869967333 0.968808400446846 0.970987905425327 0.970452963114529 0.966622225450253 0.966178107079069 0.966184359725929 0.952576443140678 0.966601430714182 0.966015035323798 0.968796427985795 0.983797203057853 0.983797203057853 0.988477244097636 0.983797203057853 0.988517073616327 0.988517073616327 0.988440184013144 0.988517073616327 0.988517073616327 0.988440184013144 0.9883038950428 0.983554001471313 0.98838168676318
0.970579122675647 0.980607394135299 0.980485784528087 0.980355590075396 0.975586642758105 0.966536627823056 0.979581942224042 0.971341795973425 0.979581942224042 0.971341795973425 0.966708844169186 0.9709907537963 0.965506777476161 0.97329991414479 0.966875963271639 0.972933660424185 0.970406290661039 0.950416614331569 0.974001601704325 0.965954211110293 0.973568363717642 0.956179764305625 0.967093130512418 0.967248120805658 0.980131212190846 0.980797104068489 0.980799418273322 0.980825886348058 0.973164077669881 0.96881176581526 0.988553889548785 0.983797170043127 0.988477207240102 0.988553889548785 0.988553889548785 0.983797170043127 0.988440147037761 0.988440147037761 0.988440147037761 0.988440147037761 0.988440147037761 0.988440147037761 0.988303857634065 0.988303857634065 0.98838168676318
0.980552924808567 0.980552924808567 0.980552924808567 0.980552924808567 0.980552924808567 0.962638632315631 0.963076883634032 0.965491015429559 0.971385673574613 0.979748417854046 0.955622586890178 0.965876687748373 0.960898597316005 0.966466920701868 0.975537693679277 0.972610403180892 0.965793385166843 0.95733307902731 0.974202649288493 0.973785424721503 0.967643618413422 0.962465284481116 0.954128400133758 0.955749019807431 0.965926780556236 0.968854757567392 0.963531031044142 0.95559400078953 0.988794929464764 0.988794929464764 0.98405405092544 0.988660318326857 0.988735800728444 0.988735800728444 0.988735800728444 0.988660318326857 0.988486252530365 0.988562886883163 0.988562886883163 0.988562886883163 0.988562886883163 0.988486252530365 0.983580880660413 0.988400734051182 0.988400734051182
0.972517735788105 0.980552924808567 0.980423173813994 0.980552924808567 0.980423173813994 0.961344276314734 0.971929212837071 0.97963940298485 0.979748417854046 0.964491492365823 0.965849714032979 0.965612382457023 0.971769660579986 0.966254408223917 0.975378450980956 0.971754008340657 0.965545007931881 0.968297669748812 0.963812195748367 0.973547755297518 0.967087809041674 0.973037621950819 0.966813334017962 0.953295360487855 0.975558089401371 0.966753514773091 0.973994705041426 0.966226380650782 0.984242904936961 0.988794941115032 0.988660330116282 0.988660330116282 0.988660330116282 0.988660330116282 0.988660330116282 0.98405405092544 0.988562886883163 0.983809859225589 0.988562886883163 0.988562886883163 0.988486264499703 0.983809875720114 0.988400734051182 0.983580897386269 0.988323031761453
0.980423235515044 0.972517792770708 0.980423235515044 0.980423235515044 0.980423235515044 0.980590274392934 0.963012739270386 0.963577227720789 0.964457053001905 0.956857308779204 0.963380182035485 0.955809436922377 0.967811545016961 0.954307453917714 0.974721560402622 0.964162134531357 0.958711584293288 0.965857721636796 0.955446174434619 0.9713373930897 0.966731089778853 0.970454795140461 0.955221559578747 0.966979352633223 0.975271259821156 0.952126311304101 0.972292319826682 0.966470240043767 0.988794976962014 0.984242953107601 0.988735799821497 0.988660366391434 0.988660366391434 0.988735799821497 0.988735799821497 0.988735799821497 0.988486301328435 0.988486301328435 0.988486301328435 0.983809908709164 0.988486301328435 0.988486301328435 0.988400734051182 0.988400733117415 0.983580930837983
0.980423337640927 0.980552920552759 0.972517875078917 0.972517875078917 0.980423337640927 0.966130955869477 0.959700835236427 0.973778296793805 0.953371474567714 0.960586407424245 0.95270215625278 0.945592323143078 0.96764654930899 0.958967823478211 0.971322115816632 0.958446064685193 0.966451823207242 0.952244708892058 0.965946911680343 0.968225111386624 0.967768561083188 0.968472531756387 0.968153138606969 0.972123736689663 0.974268111828821 0.956524549637317 0.969513669572944 0.953192409893476 0.968475525802185 0.957912225818853 0.984054148412026 0.984054099668732 0.984054148412026 0.9887357980076 0.988660425338558 0.988660425338558 0.983809958192742 0.988486361175128 0.988562884120794 0.988486361175128 0.988486361175128 0.988486361175128 0.983580981015555 0.988323129799355 0.983580981015555
0.972517989044141 0.980552916296951 0.972517989044141 0.972517989044141 0.980423478064034 0.960132490681071 0.950086738419284 0.973582579599917 0.972839753117386 0.967437323384476 0.967941468040393 0.968064226801299 0.953727213634514 0.956811805071648 0.966355170466927 0.966749345156162 0.953031501481451 0.967143325875572 0.966496620849768 0.966595100609008 0.956377069071218 0.951856136061683 0.955811373449545 0.966611518110482 0.971484573034621 0.967000533485627 0.966907645213617 0.967437126623225 0.97127459265924 0.973915578445119 0.9887357980076 0.98866050695766 0.98866050695766 0.988735796193704 0.988735796193704 0.98866050695766 0.983809958192742 0.988562884120794 0.988486444039786 0.988486444039786 0.983810026003575 0.988562882279215 0.988400729382344 0.983581049777417 0.98832321383185
0.980552912041143 0.972518128334989 0.980552912041143 0.972518128334989 0.961955603744311 0.956450986731521 0.966727710525766 0.958271676541568 0.966799894861933 0.968250095888425 0.958253094433376 0.969952587271507 0.967314375729989 0.966837116660504 0.966936748390662 0.956779244834208 0.966779756604787 0.969353322935138 0.956334969519782 0.974689407690927 0.971164799508882 0.969795145721743 0.968585725984666 0.956068126234097 0.968192459827625 0.965145827074165 0.963958882213312 0.988795221617697 0.98424306728987 0.988869516401435 0.988735796193704 0.988660613969382 0.984054215208397 0.984054296447232 0.988735796193704 0.984054215208397 0.98848655268457 0.98848655268457 0.983810108476217 0.98848655268457 0.98848655268457 0.983810108476217 0.988400726581041 0.9883233240078 0.983581133406716
0.980585262738135 0.980585262738135 0.978260898299645 0.951152901020557 0.963689320998926 0.96705107581792 0.955528431982498 0.968377248388367 0.96845994257038 0.972920367839183 0.954900249052066 0.97149788966046 0.969679203061591 0.953145652058489 0.966412059156763 0.967178167858976 0.959608140171672 0.972308674369783 0.966857422300665 0.974951142668747 0.965176807916058 0.96764438351753 0.964693798590964 0.966746502751144 0.953134277214581 0.962611796047787 0.955891084240846 0.98447413787219 0.989033059463872 0.98447413787219 0.984278528818431 0.988894565346739 0.988820568276011 0.988820568276011 0.988820568276011 0.98427862494514 0.988789431161712 0.984130146457551 0.988789431161712 0.988789431161712 0.984130146457551 0.988789431161712 0.983814193830503 0.983814193830503 0.988565700627992
0.980585256364939 0.980585256364939 0.978225993032859 0.977852434008601 0.966352091672695 0.962856073011603 0.968765336825251 0.968341515965971 0.958466581036846 0.97368093648734 0.967598661160851 0.976975220576791 0.977131914290148 0.977333186149554 0.977514371858164 0.968736290484309 0.979048313731774 0.974429427079582 0.979797961853864 0.971642894414075 0.980081364334571 0.957432881264246 0.97193956315863 0.955625979972059 0.965972622268333 0.955483646023459 0.989033059463872 0.988960131940087 0.988960131940087 0.988960131940087 0.988820720284812 0.988820720284812 0.984278738873105 0.984278738873105 0.988894559981321 0.988894563558267 0.984130146457551 0.988714892828831 0.988714892828831 0.988789427551097 0.988789431161712 0.988789427551097 0.98848968340095 0.983814311096307 0.983814311096307
0.966074213226955 0.975374143527137 0.968973793333229 0.977925310297476 0.967184160542224 0.969157290124653 0.968369494242616 0.973425533035083 0.967732550672477 0.974286524336338 0.966279351332191 0.967745215185598 0.96645698990422 0.966969987492017 0.970288834140598 0.971409726759253 0.978910033200127 0.978910033200127 0.979798277488099 0.979798277488099 0.979949831874518 0.971939766249412 0.980010505199974 0.967742525349604 0.971971472362394 0.953616545831869 0.989033055931287 0.989033052398702 0.984474473679033 0.984474473679033 0.988894556404377 0.984278868822205 0.988894556404377 0.988894556404377 0.984278868822205 0.984278738873105 0.988715070638221 0.988789427551097 0.988715070638221 0.988715070638221 0.984130392619262 0.988715070638221 0.98848986473807 0.988565696945737 0.983814444852631
0.950479412664748 0.975075376167005 0.966919104866734 0.977831137090558 0.967054690772482 0.955723632361693 0.97469911192392 0.973734921216794 0.968443462873284 0.965746656374877 0.970374660060113 0.967787881772398 0.965771711339035 0.952352679535263 0.966368064196129 0.967259109266683 0.970402247815425 0.978910405501085 0.966814622523003 0.952189555204488 0.959735836984391 0.966315131381555 0.972008465362568 0.94732048821054 0.972836754354921 0.973139882917095 0.989033052398702 0.988960501068044 0.98447461784745 0.988960501068044 0.984279014792447 0.988894551038959 0.984279014792447 0.984279014792447 0.984278868822205 0.988821094047729 0.988715270109706 0.988715270109706 0.984130539956959 0.988789423940483 0.988789418524561 0.988789418524561 0.983814595099483 0.98849006816706 0.988565693263482
0.964577650955694 0.974975115255841 0.964822163450328 0.951925480065728 0.968477987496558 0.975687970329444 0.974961290742438 0.967874952252789 0.968252841804244 0.956248770759112 0.96905645154141 0.966763387570123 0.969030170738612 0.965643699618307 0.966611263958075 0.969527455847314 0.969354249729572 0.966673061622711 0.967437637752683 0.956292430492105 0.970711066401983 0.967132773079308 0.95246336975131 0.980079350225069 0.980505817625007 0.980532916463578 0.984474776081104 0.989033042684094 0.98447461784745 0.988960720072256 0.988821315801871 0.988821315801871 0.988821315801871 0.988821315801871 0.988821315801871 0.984279175003714 0.988789414011292 0.988715493951059 0.988715493951059 0.988789418524561 0.988789414011292 0.988715493951059 0.988565683137282 0.983814760004591 0.983814760004591
