Model input/Uganda/survival/Lsurvival/Lsurvival_restime_1oct.asc
NCOLS 67 
NROWS 67 
XLLCORNER 29.500000001 
YLLCORNER -1.499999999 
CELLSIZE 0.0833333332985075 
NODATA_value -9999 
[rows 0 to 19 of 67, columns 0 to 44 of 67]
-9999.000000000000000 -9999 -9999 -9999 -9999 -9999 -9999 -9999 -9999 -9999 -9999 -9999 -9999 -9999 -9999 -9999 -9999 -9999 -9999 -9999 -9999 -9999 -9999 -9999 -9999 -9999 -9999 -9999 -9999 -9999 -9999 0.948502804308176 0.963346820917049 -9999 -9999 -9999 -9999 -9999 -9999 -9999 -9999 -9999 -9999 -9999 -9999
-9999 -9999 -9999 -9999 -9999 -9999 -9999 -9999 -9999 -9999 -9999 -9999 -9999 -9999 -9999 -9999 -9999 -9999 -9999 -9999 -9999 -9999 -9999 -9999 -9999 -9999 -9999 -9999 -9999 0.964199393159292 0.951095732021681 0.962204678919183 0.953276543554678 0.947162381236042 0.947335106304001 0.962452601523171 0.963526839945027 0.947994504250058 0.960287071731605 0.960927333151521 -9999 -9999 -9999 -9999 -9999
-9999 -9999 -9999 -9999 -9999 -9999 -9999 -9999 -9999 -9999 -9999 -9999 -9999 -9999 -9999 -9999 -9999 -9999 -9999 -9999 -9999 -9999 -9999 -9999 -9999 -9999 -9999 -9999 -9999 0.969526958501362 0.961458661667654 0.967704194950547 0.964122838591205 0.974103870683073 0.962060648660268 0.962446406139359 0.971902910106993 0.970869298976734 0.968227208220532 0.966032056721407 0.960967808005702 0.947266811712785 0.961666347630677 -9999 -9999
-9999 -9999 -9999 -9999 -9999 -9999 -9999 -9999 -9999 -9999 -9999 -9999 -9999 -9999 -9999 -9999 -9999 -9999 -9999 -9999 -9999 -9999 -9999 -9999 -9999 0.965224227041749 -9999 -9999 -9999 0.957948597288168 0.961335121534244 0.964924724024094 0.962046356020048 0.946801602706697 0.963322433114464 0.965461963526848 0.96212553360867 0.96242243329261 0.952615499264289 0.963474055228498 0.962540354913036 0.948267602627161 0.965626802799399 -9999 -9999
-9999 -9999 -9999 -9999 -9999 -9999 -9999 -9999 -9999 -9999 -9999 -9999 -9999 -9999 -9999 -9999 -9999 -9999 -9999 -9999 -9999 -9999 0.966313475950361 -9999 -9999 0.954409104837749 -9999 -9999 -9999 0.987715907094435 0.982621057507484 0.982329491453514 0.968200797640379 0.966871396033072 0.964230828065544 0.947240255477092 0.962578433034245 0.952946628260274 0.964722039735107 0.962070229845822 0.953417884769465 0.961578330089369 0.967265241702477 0.959762175207093 -9999
-9999 -9999 -9999 -9999 -9999 -9999 -9999 -9999 -9999 -9999 -9999 -9999 -9999 -9999 -9999 -9999 -9999 -9999 -9999 -9999 -9999 0.956221848476515 0.970321941878888 0.968747852362993 0.968944229816375 0.950022899260073 0.988838280320803 0.988889656272867 0.984391477547345 0.988963021371363 0.962287329714014 0.982367014824764 0.975557702669517 0.975169264539647 0.964407977781652 0.958687788066947 0.96894716325926 0.964561689848107 0.94742494571177 0.962369044579207 0.946477655695962 0.968422798054387 0.968279055950736 0.959941430769289 -9999
-9999 -9999 -9999 -9999 -9999 -9999 -9999 -9999 -9999 -9999 -9999 -9999 -9999 -9999 -9999 -9999 -9999 -9999 -9999 0.967501087330491 0.974044922631473 0.974653085771124 0.976097957053213 0.976756192198152 0.95958887984568 0.962259662319012 0.988889677854837 0.988837264144847 0.988910951813352 0.988963041006657 0.969566545207605 0.962715433314896 0.974631447539458 0.95422072406508 0.964936141209683 0.972658723272876 0.971388564210987 0.969005884775432 0.962611743843954 0.965033927171485 0.96656922437322 0.969551033956447 0.971317048877658 0.942562308415916 -9999
-9999 -9999 -9999 -9999 -9999 -9999 -9999 -9999 -9999 -9999 -9999 -9999 -9999 -9999 -9999 -9999 -9999 0.970947958449284 0.971463554351924 0.962248943631019 0.967120100158486 0.95671207550438 0.95698906676626 0.977125106447416 0.947456816392634 0.972069384777581 0.984445361038082 0.951452796256268 0.970184068848974 0.971201845870645 0.976659472170812 0.966401763066649 0.98218410677552 0.963874479497124 0.952449170263822 0.956179126770799 0.967555024404265 0.964745938993445 0.962623297018496 0.962016808587269 0.955529627709418 0.961278189073204 0.96038258822152 0.959628576763901 0.942903437578323
-9999 -9999 -9999 -9999 -9999 -9999 -9999 -9999 -9999 -9999 -9999 -9999 -9999 -9999 -9999 -9999 -9999 0.971118703991995 0.954869402803624 0.967473723686585 0.967123317699979 0.958605570335192 0.971482728959616 0.977867101586106 0.977251594257334 0.984438207127026 0.966776731875243 0.966720036429861 0.969280167163494 0.970578660151521 0.976548218050935 0.976036983408212 0.966135559237056 0.974804197582087 0.955228192031864 0.96639091287644 0.951218973950149 0.965190961479236 0.951253427275979 0.962223444891662 0.961800551992799 0.977078379888723 0.959955695341472 0.964323876856139 0.959601425621783
-9999 -9999 -9999 -9999 -9999 -9999 -9999 -9999 -9999 -9999 -9999 -9999 -9999 -9999 -9999 -9999 -9999 0.972645089471221 0.972584159762122 0.974347183126628 0.969202317454189 0.960165920137971 0.959617525710436 0.965060670776308 0.984384434141035 0.967313901444134 0.959794985757236 0.965686145161075 0.956880233376017 0.973954983231108 0.975971794043979 0.966200352260483 0.965678916010409 0.982149165385823 0.982010836534511 0.964572095444126 0.95140636854836 0.958144041077218 0.964516176940431 0.965471317604692 0.967997713338922 0.97701075022696 0.964563826576843 0.965699174795326 0.959905026083872
-9999 -9999 -9999 -9999 -9999 -9999 -9999 -9999 -9999 -9999 -9999 -9999 -9999 -9999 -9999 -9999 0.969583379283897 0.971766385064103 0.975237813752813 0.977059218403445 0.977867604418859 0.977939507797071 0.969801278303924 0.9721442746105 0.988962502907563 0.974109638515176 0.967728375474049 0.954507503089507 0.958438194026282 0.972017158174382 0.973459949714829 0.953086075386437 0.975220554897363 0.966416859582214 0.964839943019631 0.974676681180073 0.97063389660402 0.965265500120894 0.968657934560104 0.977623378124992 0.965125622277325 0.962136423660518 0.9608949060337 0.963907473540232 0.973713028664236
-9999 -9999 -9999 -9999 -9999 -9999 -9999 -9999 -9999 -9999 -9999 -9999 -9999 -9999 -9999 -9999 0.969251429606362 0.964551500194023 0.968011039029338 0.95855054670334 0.969852938567058 0.952659215077485 0.965275434284441 0.984876344292296 0.968536667860507 0.973725490202184 0.972867232023859 0.967926573750323 0.968280306828199 0.970890406656987 0.972137737489467 0.961889205925805 0.974643907168692 0.966631530225398 0.967008816093067 0.9805527751769 0.969442562276991 0.978197052378487 0.971318236868757 0.962826933739574 0.955786042733427 0.967523838088469 0.960534656782679 0.966939009632025 0.96062946415799
-9999 -9999 -9999 -9999 -9999 -9999 -9999 -9999 -9999 -9999 -9999 -9999 -9999 -9999 -9999 0.968525091573631 0.962301606245513 0.969668644256736 0.970714189627753 0.963563030792375 0.967450250451035 0.957146992166976 0.989271689806394 0.98927170605234 0.968046606049059 0.955606914755107 0.968401272126359 0.955554668154069 0.968205152187062 0.969847976740349 0.967340626435372 0.957887080287918 0.973613810619896 0.950249208739696 0.964948557787411 0.970241522129269 0.971300866965927 0.962416164916853 0.965251905905344 0.957989230779856 0.947744705283631 0.965166172234112 0.960848544823988 0.96512518452687 0.943566501312792
-9999 -9999 -9999 -9999 -9999 -9999 -9999 -9999 -9999 -9999 -9999 -9999 -9999 -9999 -9999 -9999 0.970542765764991 0.969764641047919 0.959621779515784 0.970406621149842 0.964490494922783 0.95233418752209 0.985069360196532 0.989447481410924 0.959549108215446 0.956368003473417 0.959827123823021 0.968987453460619 0.95617044412946 0.965951001708 0.965169304888704 0.968437283912564 0.973524568638985 0.969844162449866 0.95108863357223 0.965617615789872 0.98004001362026 0.963916629963284 0.963764992127593 0.970228643456781 0.965593332243153 0.963246592949261 0.961530369434484 0.964138909873662 0.960391472152675
-9999 -9999 -9999 -9999 -9999 -9999 -9999 -9999 -9999 -9999 -9999 -9999 -9999 -9999 -9999 -9999 -9999 0.969452157115687 0.971916690850348 0.974007049966501 0.974254255355078 0.976858557762122 0.989427339467823 0.962637702567618 0.971127656479726 0.972770710485995 0.956323011729103 0.96076595922704 0.966873059303739 0.966710384281249 0.951674285284775 0.966001957059691 0.971573381540329 0.968645179325074 0.96597828192275 0.965667433577514 0.970716491025138 0.971487966547848 0.964738755715965 0.964334848470619 0.966902136892482 0.963148249951777 0.951633698632833 0.962848156607257 0.964382611267311
-9999 -9999 -9999 -9999 -9999 -9999 -9999 -9999 -9999 -9999 -9999 -9999 -9999 -9999 -9999 -9999 0.970544637316498 0.960964653216955 0.96900408967972 0.971710000034235 0.972355688687347 0.961716873594655 0.989402610700507 0.968377609776618 0.966830980224 0.976152630117873 0.973829633953927 0.968738762595516 0.966035403002837 0.970438514110097 0.95676884216496 0.965130641903697 0.966118125341479 0.95746724949742 0.967292899685937 0.968339564259881 0.969009672185612 0.96865483767341 0.97123753358082 0.976730328037175 0.9675920770661 0.966796349995221 0.975053304253172 0.974859641903867 0.962560984023634
-9999 -9999 -9999 -9999 -9999 -9999 -9999 -9999 -9999 -9999 -9999 -9999 -9999 -9999 -9999 -9999 0.970277793681126 0.975250966703961 0.966077866983283 0.969253761756019 0.978205877487847 0.978966540424032 0.978975675499297 0.98500736671953 0.967360337492074 0.955380236375968 0.955649447513605 0.955829388363534 0.973833787865583 0.973001693916168 0.964913367678968 0.950919820945147 0.953849209444011 0.966467070018353 0.956176915879944 0.966015059790559 0.950533759902709 0.964036636948149 0.9699381588256 0.968612218785405 0.963684094142704 0.951302931690314 0.960663879189209 0.944407011032526 0.96026219238311
-9999 -9999 -9999 -9999 -9999 -9999 -9999 -9999 -9999 -9999 -9999 -9999 -9999 -9999 -9999 0.957749355555314 0.963494308507908 0.96856881782244 0.975660251113001 0.969043679187814 0.96433101973476 0.966615516924602 0.953959112927392 0.989337436567387 0.967301909591646 0.976082786369108 0.975504161006561 0.974727573365842 0.974247659668799 0.965423257015851 0.967849717965119 0.951728877411399 0.965118142610777 0.960492086951705 0.965321545944654 0.955084448527346 0.964101846600092 0.967918694000382 0.969086184122374 0.977701680806571 0.977525258382235 0.961813399985988 0.94466292590082 0.960813638393201 0.963052246475365
-9999 -9999 -9999 -9999 -9999 -9999 -9999 -9999 -9999 -9999 -9999 -9999 -9999 -9999 -9999 0.968593351489925 0.973085068680458 0.955753055533664 0.974868518022718 0.970145839367934 0.97442235484762 0.966729336597066 0.970485835814283 0.989338442360541 0.9670197343399 0.954301227042628 0.967980960599062 0.957195201072251 0.965282691115286 0.965529730962056 0.958113246060743 0.965478822021289 0.965544870179612 0.968297361698345 0.973598065299912 0.965281617742741 0.96482658899712 0.964001002881639 0.948937094965961 0.966278963881682 0.970300666127278 0.967732778987013 0.959788857985072 0.953547442285717 0.964745390539773
-9999 -9999 -9999 -9999 -9999 -9999 -9999 -9999 -9999 -9999 -9999 -9999 -9999 -9999 -9999 0.968538981674493 0.973835217833176 0.965711976422463 0.954831436383946 0.961528950537048 0.967634313210109 0.953157030230062 0.967200784779105 0.968081538325138 0.984790669268952 0.954903428345331 0.96316147489487 0.96863766856388 0.95296876822516 0.975344123092129 0.972015742480896 0.970753660018406 0.968007898290119 0.970850384469048 0.965759178058928 0.969696917263074 0.956540300585664 0.954546414507086 0.964824093906088 0.964888037801977 0.968444100625815 0.966123653688527 0.968028702452189 0.97646400511546 0.966291802598923
