Model input/Uganda/survival/Lsurvival/Lsurvival_restime_1oct.asc
NCOLS 67 
NROWS 67 
XLLCORNER 29.500000001 
YLLCORNER -1.499999999 
CELLSIZE 0.0833333332985075 
NODATA_value -9999 
[rows 40 to 59 of 67, columns 0 to 44 of 67]
0.95759962591829 0.9683655886981 0.982822052100572 0.982986541206624 0.966280870637136 0.977153440666673 0.968965545524722 0.970749172467197 0.959139530701724 0.970019953784759 0.969636989746798 0.972198443173804 0.958879351717356 0.974536136182302 0.970935857794083 0.978310270170553 0.976879764652539 0.969452112083889 0.972643869817715 0.972711747414875 0.972487407102515 0.964010275077161 0.972264784790699 0.972652881367403 0.972234666910811 0.970392216706614 0.971567303432661 0.971541761295023 0.968568234909887 0.965837367286906 0.969581788600185 0.967649116438848 0.978897930978042 0.961633260056314 0.970506690041284 0.974422705761102 0.968285814717583 0.955222424677555 0.967999382659073 0.966041102506396 0.966817411272502 0.968227306884636 0.988658766845295 0.971709697663853 0.963449306414956
0.970277423602484 0.96163938797045 0.982831203056521 0.975786409032383 0.975618317461379 0.976349784984759 0.95962139349479 0.970814925151863 0.970828946311923 0.974926886691836 0.966096544783659 0.971091597500342 0.959373483988841 0.971224080158303 0.962835304448964 0.977077299362385 0.971338586161691 0.966794243282475 0.96899534926123 0.977070628171737 0.975024525677289 0.974173253713429 0.971962051543775 0.974850083332682 0.963291958515077 0.971724736996402 0.966408104313643 0.967988190055376 0.95416299479329 0.967755366332067 0.969282957591721 0.961907791804481 0.978428286932394 0.96915371595483 0.96938178915114 0.969174943838105 0.95876258944436 0.967839213598025 0.964817688391866 0.970442727167873 0.976055211754998 0.972557075867641 0.988657358689559 0.969649663541295 0.973377797438441
0.966878900032577 0.956473887403049 0.9826244719668 0.956215246596793 0.975426567256457 0.975322113156311 0.95811442286847 0.973118370005735 0.974611690799358 0.970779628030958 0.971367634728831 0.976905577828257 0.972410914744624 0.970058259660342 0.971855665799182 0.972449698221311 0.964737660616132 0.973595600582048 0.963065317608101 0.97178497190058 0.959858761266143 0.971560338580693 0.972016631272611 0.966094259488633 0.970920955289381 0.976687867958621 0.97057015682725 0.960170141085453 0.969025047210776 0.967881198304077 0.959034395619027 0.968324888686057 0.978163606714932 0.97575186450464 0.972481045870338 0.96883619157117 0.968326255126747 0.967601648445571 0.974351742014403 0.967958627300124 0.974499045988235 0.97179524111101 0.988655914018503 0.988578763324445 0.968593998472003
0.981915167388834 0.975025195853461 0.969038498643147 0.96080844426135 0.973790878700593 0.973372910909336 0.970137679636652 0.962198092276202 0.965264625976442 0.971786928349804 0.973216246743683 0.97717061829315 0.977611061994383 0.971789767432632 0.960411013239919 0.962481661378198 0.972124228508691 0.959020615111489 0.958974032335106 0.971945251842715 0.971814873802686 0.973507034889056 0.967877888680867 0.970936285051684 0.959067368493751 0.967819814539405 0.958611407225273 0.969646439308245 0.975039451866962 0.975662993295696 0.970268897460515 0.966933084808427 0.976337784955167 0.968768200621874 0.962938982498321 0.972804644527226 0.967931928590222 0.961211088706651 0.967828460424234 0.967694417231743 0.97388624179884 0.970445731611685 0.964209165903194 0.988620555990375 0.969477388896022
0.982020987789823 0.976437640025694 0.976012403151509 0.974718629305299 0.974452625258714 0.962462340031194 0.956316014277796 0.960101911261156 0.963196962766186 0.976410511907889 0.975952891808208 0.971459996266848 0.978782138083029 0.97494052337317 0.975397963001954 0.9620537402592 0.972815504181361 0.96172710430045 0.962261010213761 0.974078525412533 0.97323056611857 0.978110757179943 0.957478771807374 0.96179969927812 0.968835448824782 0.972444937616535 0.971140454641669 0.978702095761528 0.965343559223619 0.965643569672656 0.968665006708352 0.954843598470241 0.971538116441864 0.964796926334121 0.973820527571941 0.968821724597109 0.957294944800128 0.971530299090496 0.968585402728058 0.969723608333395 0.972720200038549 0.968855558653794 0.98388633063545 0.98388633063545 0.98388624949959
0.981965141928563 0.97357428937867 0.973003231987498 0.972599949617607 0.975943427241844 0.961395573987308 0.973947515358514 0.974981709911545 0.961257848015872 0.97750538569058 0.976498148556418 0.959708045044125 0.978965838110384 0.972943889067303 0.96776724076272 0.972682565272766 0.976690596111218 0.972134356024505 0.971489610704463 0.976172775415642 0.963833789930108 0.978426153451693 0.969695478735198 0.977875934736923 0.968784694490458 0.97081433243101 0.970522991684331 0.969914284809533 0.975501427269504 0.975501427269504 0.960147021377285 0.96793391566938 0.969390920151251 0.969179555249568 0.967807747551598 0.960933693903787 0.969966019631264 0.988686490592366 0.983984584439677 0.966471932678587 0.968731207306511 0.965998168215475 0.988540779348828 0.988540779348828 0.983886182787888
0.976017769704879 0.974313988832683 0.970768992275897 0.96078804419242 0.967059669893558 0.970966701920029 0.964148726924925 0.974891804653753 0.982568706177001 0.979581530416357 0.977243922771401 0.971732608654092 0.97050795220028 0.978015935799848 0.978326080433953 0.978901441812284 0.980567469474778 0.980680395328135 0.981132383158738 0.981820665280946 0.98181480102819 0.983266944596096 0.976477335022458 0.969771040443063 0.957011904293175 0.956962774964375 0.969960715935897 0.969255032441189 0.969443019577314 0.95868083957521 0.967733984609727 0.968047081354458 0.967903956705325 0.970486722612445 0.984322491893546 0.988925800477541 0.983984518131764 0.98868649329337 0.988610792453769 0.988610792453769 0.98868649329337 0.983984518131764 0.988540696923366 0.988616860980726 0.98861686188657
0.96898727653503 0.981477092902927 0.973881635625971 0.972000486322311 0.972329963472891 0.968622360302176 0.982684216548891 0.982684216548891 0.982684216548891 0.982684216548891 0.974852391051303 0.982049894784683 0.979797028304223 0.979687426867002 0.97019393241251 0.969775929708732 0.976439028623596 0.972087347800475 0.97747050613222 0.973115612492003 0.968436443845111 0.970365575759578 0.972976735830657 0.976640470220589 0.971473758278018 0.970021178586294 0.968552442876126 0.969256981601636 0.956198209708067 0.968487064978225 0.967698328483122 0.970356777215671 0.984322444519643 0.984322444519643 0.988851632794568 0.984322444519643 0.988686494193705 0.988686494193705 0.988610732135969 0.988686494193705 0.988686494193705 0.988610732135969 0.988540636236492 0.983886099849022 0.988616862792414
0.972079833055895 0.981473975670835 0.981376577899456 0.98125227004027 0.978072916397816 0.969458531855042 0.982568560326367 0.975518591964664 0.982568560326367 0.975518591964664 0.970445491962493 0.975369758356208 0.970192421001212 0.976544087738427 0.969702778430725 0.975318688504589 0.97377299249861 0.958272481203716 0.977236436702796 0.970570561983705 0.976562640479585 0.961836673560884 0.971289062546675 0.970834934342691 0.983953125690279 0.98418306768459 0.984180855541835 0.984193568178387 0.977818030736068 0.970604563173502 0.988925802240336 0.984322411182454 0.988851598422652 0.988925802240336 0.988925802240336 0.984322411182454 0.988610697025609 0.988610697025609 0.988610697025609 0.988610697025609 0.988610697025609 0.988610697025609 0.988540600911299 0.988540600911299 0.988616862792414
0.981464015479522 0.981464015479522 0.981464015479522 0.981464015479522 0.981464015479522 0.965018437435622 0.965835252825873 0.969618133418738 0.975110178676765 0.98239428324672 0.961575664667981 0.970549980233684 0.965060321343117 0.969492812841649 0.977144381977937 0.974416847593937 0.968491074031503 0.961384724267627 0.977170421051745 0.976577811628855 0.970892385686858 0.966068177026081 0.958899800364169 0.958833988521313 0.967640165255899 0.970090415351421 0.964977812463799 0.95738483492056 0.989044783964401 0.989044783964401 0.984390473922932 0.988900108041545 0.988974002986276 0.988974002986276 0.988974002986276 0.988900108041545 0.98864165433113 0.988717260036892 0.988717260036892 0.988717260036892 0.988717260036892 0.98864165433113 0.983490023346301 0.988336389207045 0.988336389207045
0.973800214291023 0.981464015479522 0.981340285683864 0.981464015479522 0.981340285683864 0.965737701789558 0.975526706794046 0.98230214198831 0.98239428324672 0.967778042008292 0.970709268579295 0.969846128752178 0.974615781382554 0.968949657866748 0.976951062234549 0.973382921086356 0.967908568268339 0.970801172711596 0.969103136713974 0.97629774421567 0.970458648172224 0.975449196570844 0.970442292368516 0.956837818277272 0.97677982576829 0.968069037066859 0.975031750992744 0.967558888637507 0.984593468997393 0.9890447960904 0.988900120326781 0.988900120326781 0.988900120326781 0.988900120326781 0.988900120326781 0.984390473922932 0.988717260036892 0.984027867276133 0.988717260036892 0.988717260036892 0.988641666900773 0.984027883361684 0.988336389207045 0.983490039968958 0.988258259460805
0.981340344158383 0.973800268314516 0.981340344158383 0.981340344158383 0.981340344158383 0.983340599830594 0.966903953802718 0.967032027091807 0.96819106546604 0.962643560882332 0.969322356554775 0.961340920891767 0.969792409315579 0.956910177305725 0.976245594107821 0.9662926088909 0.960731438932183 0.967614070628933 0.959173595847734 0.974263369453866 0.970383145434641 0.972577942030887 0.958576085193184 0.969556877114126 0.976596606876444 0.954061444345105 0.973399199753009 0.96780327552728 0.989044829869969 0.984593517283091 0.988974002108694 0.988900154549939 0.988900154549939 0.988974002108694 0.988974002108694 0.988974002108694 0.98864170191621 0.98864170191621 0.98864170191621 0.984027917320069 0.98864170191621 0.98864170191621 0.988336389207045 0.988336388279013 0.983490075061234
0.981340440943801 0.981464011446288 0.973800348349326 0.973800348349326 0.981340440943801 0.969135587951382 0.963836739297031 0.97613142044955 0.958866319961124 0.967747447312763 0.958911125106876 0.953350917899897 0.969716128954772 0.961580657247882 0.973020661439238 0.960355238835614 0.967978719465004 0.954211899589042 0.968134878608991 0.970968708899748 0.970756604675798 0.970278293852722 0.969657851037303 0.973298577643117 0.975476182060143 0.958524359549846 0.970736177172278 0.955003947659178 0.96977499342509 0.959125746491806 0.984390570009603 0.984390522839781 0.984390570009603 0.988974001231112 0.988900213343573 0.988900213343573 0.984027965576724 0.988641762070938 0.988717258241091 0.988641762070938 0.988641762070938 0.988641762070938 0.983490124929207 0.988258357824381 0.983490124929207
0.973800456396329 0.981464007413054 0.973800456396329 0.973800456396329 0.981340576040129 0.96293997247224 0.953347766435503 0.975944971750357 0.975278525494829 0.970657643017145 0.972699749783642 0.972414059099691 0.956938109424863 0.95956905481704 0.967993576966938 0.968310635531815 0.955052914283327 0.968787827733721 0.968776694595306 0.9690393934941 0.960372704632444 0.954203310996918 0.957593214037645 0.967766706469549 0.972604886113772 0.968362162546843 0.968213836615534 0.968723932015525 0.972504340895527 0.974720363540519 0.988974001231112 0.988900293197618 0.988900293197618 0.988973998598364 0.988973998598364 0.988900293197618 0.984027965576724 0.988717258241091 0.988641843773634 0.988641843773634 0.984028031706218 0.98871725554739 0.988336384566887 0.983490193266805 0.98825844226859
0.981464003379821 0.973800588453794 0.981464003379821 0.973800588453794 0.964578879031395 0.960237500193699 0.969149483135135 0.961545009623618 0.970142655880951 0.972344385857224 0.964128240546355 0.973899047239038 0.970079784170873 0.969117118974614 0.969182028167086 0.959610219624028 0.968674291279086 0.970925532771266 0.959385038740657 0.976240699309319 0.972453575047021 0.970939031737173 0.969642208545513 0.957415522963549 0.969282446374515 0.965833506457042 0.965302642639115 0.989045069791556 0.98459362765041 0.989117716740754 0.988973998598364 0.988900397622149 0.984390634649733 0.984390713266113 0.988973998598364 0.984390634649733 0.98864195061563 0.98864195061563 0.984028112133987 0.98864195061563 0.98864195061563 0.984028112133987 0.988336381782792 0.988258552695644 0.983490276380105
0.981166550592781 0.981166550592781 0.979579020214184 0.95336632113156 0.965819750924189 0.969351956885735 0.958053725874616 0.970341998307186 0.970556039593917 0.976194651479021 0.958504708461957 0.974627788202298 0.97205382755597 0.95681840698869 0.968891717798797 0.969268358534258 0.96191963477274 0.973784172848857 0.968197894037637 0.976101395284593 0.966255976687953 0.968525759117052 0.965715977462826 0.96771443848317 0.954478508982981 0.963196833600526 0.956924757782656 0.984540546820618 0.989080077118868 0.984540546820618 0.984239508273823 0.988866937256032 0.988792757709169 0.988792757709169 0.988792757709169 0.984239605283825 0.988604488108815 0.983868967540496 0.988604488108815 0.988604488108815 0.983868967540496 0.988604488108815 0.983344035147785 0.983344035147785 0.988232735241413
0.981166544446783 0.981166544446783 0.979551771052294 0.979132766596743 0.968485876291489 0.964964784903557 0.969928267978535 0.969637509025531 0.960877113399557 0.976629774633828 0.970049727075138 0.979145671992467 0.979259672396081 0.979449597030731 0.979597899567389 0.971586133241159 0.980761191693658 0.975805583695733 0.981171255591996 0.973563032417296 0.98139573099762 0.958539029732212 0.973740463697677 0.956819472667008 0.966867304634978 0.956747594203203 0.989080077118868 0.989007461052934 0.989007461052934 0.989007461052934 0.988792910099275 0.988792910099275 0.984239719932022 0.984239719932022 0.9888669319397 0.988866935483921 0.983868967540496 0.988528727814643 0.988528727814643 0.988604484481526 0.988604488108815 0.988604484481526 0.988154518275918 0.983344156255476 0.983344156255476
0.967355663491553 0.977916105179102 0.972217576565979 0.979192589859043 0.96943615715205 0.970679370311413 0.969432029766925 0.974692388279225 0.968969270358238 0.976994453186024 0.969244337680653 0.969787466234957 0.96886234665857 0.969659736718517 0.972136762974445 0.973158779238085 0.980634103311125 0.980634103311125 0.981171550437544 0.981171550437544 0.981272794425093 0.973740652065785 0.981298407846312 0.968434948916198 0.972860983919023 0.955071335128428 0.989080073642125 0.989080070165382 0.984540882516918 0.984540882516918 0.988866928395478 0.984239850454601 0.988866928395478 0.988866928395478 0.984239850454601 0.984239719932022 0.988528908258487 0.988604484481526 0.988528908258487 0.988528908258487 0.983869218429583 0.988528908258487 0.988154704570762 0.988232731496496 0.983344294131942
0.954383734484169 0.977696337035759 0.971218554979669 0.979086285069889 0.968914619796646 0.958234938023245 0.975817751562225 0.974946655532592 0.969826897099921 0.968785799325796 0.971962698852424 0.969718019919893 0.968481166448843 0.955684750188926 0.968287070370886 0.969138630522161 0.972812101691795 0.980634446307536 0.967455422105237 0.953095550909812 0.960187808735521 0.966730797753922 0.973783316091861 0.948710704433539 0.973705827460197 0.974036716574612 0.989080070165382 0.989007827822462 0.984541026139596 0.989007827822462 0.984239996851568 0.988866923965201 0.984239996851568 0.984239996851568 0.984239850454601 0.988793283986728 0.988529110464441 0.988529110464441 0.983869368241083 0.988604480854236 0.988604476320124 0.988604476320124 0.983344448777191 0.988154913333367 0.98823272775158
0.96856687439079 0.977599924164373 0.970585548502322 0.958475850758741 0.970190481298026 0.977027870038347 0.976062160066479 0.96949066119974 0.969417566862956 0.95804529643853 0.970622152398232 0.968441058664712 0.97115944058954 0.96791140010642 0.968235574433126 0.97085544261321 0.970210792693474 0.967474243346558 0.968071503279972 0.956835925829519 0.971032542347624 0.967353073556304 0.953377415970606 0.981339403267174 0.981704850443969 0.981722439038389 0.984541183605449 0.989080060604339 0.984541026139596 0.989008046841298 0.988793507256081 0.988793507256081 0.988793507256081 0.988793507256081 0.988793507256081 0.984240157359112 0.98860447087919 0.988529338966286 0.988529338966286 0.988604476320124 0.98860447087919 0.988529338966286 0.988232717453062 0.983344618328033 0.983344618328033
