Model input/Uganda/survival/Lsurvival/Lsurvival_restime_1may.asc
NCOLS 67 
NROWS 67 
XLLCORNER 29.500000001 
YLLCORNER -1.499999999 
CELLSIZE 0.0833333332985075 
NODATA_value -9999 
[rows 20 to 39 of 67, columns 0 to 44 of 67]
-9999 -9999 -9999 -9999 -9999 -9999 -9999 -9999 -9999 -9999 -9999 -9999 -9999 -9999 -9999 0.955425613462028 0.950375467823935 0.965229210250847 0.952133555845309 0.963147845344366 0.962066905199241 0.964350018873339 0.96758765902594 0.9557942820964 0.970465334737037 0.969644471551599 0.947828144502164 0.951598963210837 0.983350611774889 0.972627787896807 0.961574732665647 0.946598845364703 0.964572766672468 0.950142859577903 0.97491310024776 0.974619226721064 0.96816891172383 0.963837347659901 0.96124047266407 0.962893362021475 0.963696235173675 0.949070272238248 0.964682225577633 0.965087748049067 0.964119179237309
-9999 -9999 -9999 -9999 -9999 -9999 -9999 -9999 -9999 -9999 -9999 -9999 -9999 -9999 -9999 0.964189680112033 0.950171124857577 0.949851007004001 0.961904992941971 0.963063639660677 0.951551544729112 0.962138093834032 0.955555979796004 0.962135110836136 0.9833459327918 0.988165657661647 0.988167629102703 0.988162826208916 0.964466958584112 0.98333589587955 0.987896477470812 0.962826220052041 0.966866935793536 0.949629393161322 0.965163401823372 0.961684313016698 0.963950624177779 0.960422726044367 0.970404104762014 0.969461425920155 0.967826753681159 0.961589225090342 0.960898116859796 0.962781177566279 0.962490253142048
-9999 -9999 -9999 -9999 -9999 -9999 -9999 -9999 -9999 -9999 -9999 -9999 -9999 -9999 -9999 -9999 0.964263117543488 0.953368344605015 0.964646604533649 0.94613354517 0.982952318903139 0.982951844977738 0.987879385942859 0.988286245161583 0.962559827589958 0.962570024346068 0.963013812152509 0.957707197697148 0.968925444936001 0.967498533789822 0.965355625164431 0.982973848876755 0.987898005737824 0.987896773510984 0.963740772089031 0.964489120107143 0.972858735452634 0.963411283813875 0.952846982576991 0.963679965135163 0.963375512145046 0.946311936109885 0.960871576604391 0.960661318360616 0.946956396173969
-9999 -9999 -9999 -9999 -9999 -9999 -9999 -9999 -9999 -9999 -9999 -9999 -9999 -9999 -9999 -9999 -9999 0.950553464775663 0.98795068681767 0.987950699718422 0.987878716144698 0.987950699718422 0.987878716144698 0.96706063243402 0.965138831183344 0.955338109990679 0.96568842708534 0.956694916649129 0.964700478851404 0.96503711828244 0.963235582041051 0.963111595165815 0.955835647233119 0.987934236073806 0.963475510791225 0.953229837611491 0.96299486907487 0.966196914617646 0.963513594686916 0.963257638802195 0.961742776012505 0.945698174197458 0.964987429815526 0.967651947720244 0.962375856648141
-9999 -9999 -9999 -9999 -9999 -9999 -9999 -9999 -9999 -9999 -9999 -9999 -9999 -9999 -9999 0.963342418103802 0.962328607587657 0.988281386985363 0.982951388824756 0.982951388824756 0.987878070162014 0.987950711626808 0.987878070162014 0.987950699718422 0.964479500138444 0.97361996087705 0.973142609031506 0.967139808105876 0.952657898193293 0.96163998390141 0.948043860583974 0.948276690240141 0.963385151297829 0.969324908310243 0.982929604813066 0.974125636054675 0.963320161575476 0.947357613107735 0.947474740539742 0.955797339972963 0.965786331994176 0.961198095318883 0.970876406503351 0.968188994295012 0.945568858932867
-9999 -9999 -9999 -9999 -9999 -9999 -9999 -9999 -9999 -9999 -9999 -9999 -9999 -9999 -9999 0.965908146065034 0.983822699990831 0.988498772231913 0.988218769091813 0.988218769091813 0.983429404256083 0.988289992793263 0.988218769091813 0.983429404256083 0.967342496199668 0.964813362262489 0.951504265953582 0.959376381875221 0.951115781339582 0.967208030991593 0.964047323753864 0.964116333365495 0.964058862188293 0.983314143320689 0.973331288192918 0.972564982158528 0.971806701592346 0.971086345715933 0.970121074207376 0.965519472957318 0.965627701570201 0.962917630267639 0.961988529425616 0.966366518777238 0.947507838933764
-9999 -9999 -9999 -9999 -9999 -9999 -9999 -9999 -9999 -9999 -9999 -9999 -9999 -9999 -9999 0.983822300711609 0.988498207193958 0.988498207193958 0.988218190379872 0.983429012639126 0.98829000436834 0.988218190379872 0.983429012639126 0.966761381070398 0.960751454714456 0.965790290224729 0.965793303447348 0.970302291948106 0.964229159835496 0.958316427394435 0.96629358734532 0.953068861709216 0.949654646317161 0.988130437764676 0.983293291914237 0.953914769598893 0.964082563425039 0.963550136111104 0.963781644503617 0.968533354965283 0.967675680727137 0.964085444108348 0.963573922721455 0.968486823939578 0.96619059338202
-9999 -9999 -9999 -9999 -9999 -9999 -9999 -9999 -9999 -9999 -9999 -9999 -9999 -9999 -9999 0.988497665699555 0.988497665699555 0.988497665699555 0.983428636379844 0.988290014978827 0.988217635781246 0.983428636379844 0.988217635781246 0.963496109367285 0.97029866707585 0.951537823885561 0.950589749817532 0.9647803151468 0.950643908034467 0.950374191841248 0.959858881856142 0.988130050411924 0.988130050411924 0.988202963865294 0.963634493699238 0.949437372268755 0.964320615100174 0.968225097615341 0.97059496433152 0.967199182427047 0.976129330702419 0.972424192192281 0.964253511338591 0.956737818776731 0.98768026395451
-9999 -9999 -9999 -9999 -9999 -9999 -9999 -9999 -9999 -9999 -9999 -9999 -9999 -9999 0.988497149632122 0.983821550891913 0.988497149632122 0.983821202225948 0.988217107224933 0.983428279317597 0.983428279317597 0.988290024624724 0.959063224618692 0.969143796611546 0.969660323922624 0.96852143522349 0.950416272708306 0.969977742345048 0.964407996979509 0.949406489759841 0.966172353805459 0.983305392007298 0.983305752659434 0.98812951761287 0.969464989068094 0.967043471006743 0.963733520712837 0.96635248141126 0.968143899076992 0.964836891926923 0.964320515004905 0.971251570805723 0.970344141449661 0.963082453937883 0.982568005519276
-9999 -9999 -9999 -9999 -9999 -9999 -9999 -9999 -9999 -9999 -9999 0.988795512880521 0.983821202225948 0.983820870431032 0.983821202225948 0.988496657108162 0.983820870431032 0.98856835441612 0.983427939532675 0.988290035235211 0.983427939532675 0.952142686140211 0.965945451515858 0.964813547518297 0.949940649864358 0.967273442703245 0.964524710360009 0.970641878071482 0.964195051029527 0.96255590462158 0.95345282653717 0.988202983563576 0.988129009435112 0.983305050955943 0.987782435992546 0.969171637575822 0.977602138664089 0.977510731760047 0.987683515043885 0.982572186944724 0.982572186944724 0.987683515043885 0.98768028627192 0.98768028627192 0.982567630105511
-9999 -9999 -9999 -9999 -9999 -9999 -9999 -9999 -9999 -9999 0.968456466126167 0.988724781712365 0.98856835441612 0.988496187185913 0.988496187185913 0.983820553632601 0.988568363834085 0.988496187185913 0.983427615105374 0.983427615105374 0.95379754928285 0.964366822333805 0.964102497653743 0.953632450526688 0.964369465275905 0.963849993001654 0.967210712583059 0.97221868966268 0.966892776749125 0.960917767911121 0.973667414782883 0.968231341750525 0.963982909247047 0.969221273780086 0.987858566862264 0.982818534303456 0.987605807822201 0.987605807822201 0.98768352518552 0.982571829788828 0.987605807822201 0.982571829788828 0.982567272857061 0.98760255880737 0.987680306560474
-9999 -9999 -9999 -9999 -9999 -9999 -9999 -9999 -9999 -9999 0.988873971175771 0.984350978625344 0.988713111197876 0.988713111197876 0.984125251987585 0.988784376308404 0.988784376308404 0.984125251987585 0.965312902310946 0.972976361042317 0.9520198267489 0.952039425450163 0.952245157140444 0.96568806945804 0.971201454816755 0.968302658004118 0.97382832123213 0.973279840455789 0.98142346426242 0.974907974398392 0.977341878493715 0.965891329826176 0.952444929561558 0.965856867077963 0.957194906715034 0.954643280146918 0.988150253944714 0.983229949052474 0.988074984562647 0.988074984562647 0.988074984562647 0.988074984562647 0.987982566499768 0.987982566499768 0.987982566499768
-9999 -9999 -9999 -9999 -9999 -9999 -9999 -9999 -9999 0.968274353546625 0.988873564896415 0.988873564896415 0.988712699078126 0.984124974223799 0.988784384625323 0.988712699078126 0.984124974223799 0.9708608766398 0.952174036721496 0.972525985536602 0.970701084043948 0.968393644561702 0.96619818124219 0.953066886417466 0.978496908900397 0.970123771361526 0.974174990207266 0.973833618983015 0.950670356097693 0.965019327242405 0.965312995198384 0.967858045536848 0.96665353957535 0.966825298470864 0.966411667422197 0.96612946408269 0.988074548339779 0.988150262728396 0.983229655778804 0.965471067232649 0.983229655778804 0.988074548339779 0.988058424533738 0.983100009061091 0.987982126916804
-9999 -9999 -9999 -9999 -9999 -9999 -9999 -9999 -9999 0.968007844629931 0.988873181390718 0.988873181390718 0.984124713015542 0.988784391094037 0.988712310059417 0.984124713015542 0.966943087303008 0.969028062402657 0.95006109301133 0.964535279162096 0.951132434132328 0.965075508742195 0.977968063819495 0.969685547941862 0.969979928596956 0.965024149559868 0.97111461085466 0.964742807394864 0.970910803906229 0.973764346621365 0.966354746811875 0.965104369144178 0.967759751391754 0.968974945534839 0.953191026386186 0.951903464492871 0.962141692612255 0.965461727828144 0.964152986496409 0.968598145694048 0.988150270536113 0.988074138466119 0.944400500762888 0.9880584324016 0.9880584324016
-9999 -9999 -9999 -9999 -9999 -9999 0.969343308680981 0.971108301829504 0.968332423589676 0.95134465313946 0.981499979742145 0.984350206054272 0.988784398486855 0.9841244683628 0.9841244683628 0.967359701986662 0.953987806377915 0.952121748497327 0.965355065756911 0.963569944412369 0.97309089683071 0.968480590665862 0.96688271127028 0.965456377857246 0.950553259640144 0.955578492079065 0.969013966716338 0.952596786348135 0.978728099109751 0.953123532279303 0.961605966201335 0.965973056739242 0.970075735420564 0.966264855437838 0.965586383601383 0.966120655807835 0.96822392451183 0.959150278789784 0.952142444046269 0.977763386549742 0.965634075950039 0.983124394501388 0.973553058243329 0.966414500515338 0.988058440269463
-9999 -9999 -9999 -9999 -9999 -9999 0.959727704575066 0.960948850427899 0.965575536147613 0.974011736678902 0.9648751500798 0.984349981174543 0.984124240265562 0.988784405879672 0.988711602249046 0.977352239461542 0.976945552040999 0.976646599467243 0.975616916452367 0.975313818406359 0.972237989713068 0.950829890342243 0.967209892134112 0.976076606456955 0.964354003202214 0.965089461747095 0.966429648882325 0.959052319945947 0.9783857576692 0.949755667709414 0.971865963680148 0.965793520675353 0.968460724108335 0.965756582530522 0.96548433736036 0.965964442918972 0.965682644404094 0.970145040316049 0.966673233498368 0.977490852806639 0.96640143901397 0.988056145848049 0.95652861655635 0.961681201329781 0.965737654201582
-9999 -9999 -9999 -9999 -9999 0.966755605978155 0.954782448816173 0.971822087650436 0.973986190128514 0.94778559691807 0.946607199775449 0.988872168426267 0.988784411424284 0.988784411424284 0.967744159590009 0.961678463563353 0.966134797898193 0.968963459939175 0.954621500136944 0.975288352851631 0.96392630941415 0.959867973329444 0.969879407691903 0.975921068879738 0.966052000456638 0.9510633475647 0.950711042207169 0.968784385637516 0.970466372726688 0.969075248757611 0.966692351187029 0.957053834951195 0.965569976099739 0.965572192854574 0.973794526283451 0.960346998446557 0.965520021851593 0.966427495509559 0.968996817780551 0.97729682698748 0.96642843830484 0.988058661459505 0.966634789446707 0.971611007313059 0.965523372550514
-9999 -9999 0.963512172208614 0.955658026043966 0.966051633164407 0.964561773124648 0.963498367148828 0.969461750806177 0.981435944057721 0.962669520381483 0.972024346635858 0.972439063548381 0.979658422951029 0.954303953037629 0.955989065580674 0.971083410404115 0.968373505475773 0.967290199825382 0.965817384447078 0.975338534354747 0.964638036270071 0.971016271241614 0.967897463195526 0.972230511448247 0.965289033617483 0.967700272925524 0.965416464372924 0.965607622175247 0.970139888400804 0.978242596075464 0.977393280664948 0.964977662853282 0.952734557671936 0.952731458147606 0.973451253789515 0.964419343497504 0.957174471735621 0.966543739676409 0.955184553794506 0.976960191382275 0.95384741911891 0.988242795004733 0.966707786049036 0.966879478630237 0.955616676784103
-9999 0.953998249880972 0.960022715880999 0.966685026123815 0.961683481753559 0.966014025973879 0.981187414261198 0.973640407534375 0.963861264842699 0.947560160629287 0.971787443207856 0.954179953315521 0.973317452841601 0.970594674891624 0.978624486448221 0.968351519555868 0.958550357482317 0.96754999529361 0.959546470940937 0.973872924420296 0.969432144378897 0.9674455950247 0.954554708831919 0.971552349803301 0.965612690428355 0.961202754080741 0.963076510496206 0.962398841261577 0.966825761388712 0.953390343785967 0.958289124119457 0.968182468427059 0.970029010189857 0.964629827899149 0.973173179481266 0.964998008749169 0.968351324901153 0.965683113403765 0.953926167154036 0.976596140964503 0.950700348251281 0.988239376357953 0.952758697650275 0.953006007587867 0.950014710091292
-9999 0.953347662603036 0.955956435466061 0.981268081051845 0.981285845095685 0.973928939563382 0.966399427890796 0.968329249262092 0.968114514280549 0.959472888165602 0.967271303799823 0.960359637854724 0.968165329202582 0.97233882437924 0.967599329009926 0.969549226841009 0.976614646693423 0.967271155907327 0.968018021557572 0.953923343386948 0.960924411960946 0.954264440688657 0.967174572601386 0.97066335499985 0.965526674146415 0.972007938745968 0.971203010401714 0.969356516166589 0.962694904645364 0.962935002653935 0.968017510459145 0.952158150709993 0.967427203458745 0.950068560058906 0.964951299271 0.961169645764865 0.964869743515138 0.964169716172096 0.963616120409109 0.974476091732306 0.9643982486673 0.964917989703536 0.983248553743059 0.973626924820841 0.965840941933164
