Model input/Uganda/survival/Lsurvival/Lsurvival_restime_1nov.asc
NCOLS 67 
NROWS 67 
XLLCORNER 29.500000001 
YLLCORNER -1.499999999 
CELLSIZE 0.0833333332985075 
NODATA_value -9999 
[rows 0 to 19 of 67, columns 0 to 44 of 67]
-9999.000000000000000 -9999 -9999 -9999 -9999 -9999 -9999 -9999 -9999 -9999 -9999 -9999 -9999 -9999 -9999 -9999 -9999 -9999 -9999 -9999 -9999 -9999 -9999 -9999 -9999 -9999 -9999 -9999 -9999 -9999 -9999 0.947132945565549 0.962367590663922 -9999 -9999 -9999 -9999 -9999 -9999 -9999 -9999 -9999 -9999 -9999 -9999
-9999 -9999 -9999 -9999 -9999 -9999 -9999 -9999 -9999 -9999 -9999 -9999 -9999 -9999 -9999 -9999 -9999 -9999 -9999 -9999 -9999 -9999 -9999 -9999 -9999 -9999 -9999 -9999 -9999 0.964484458844175 0.950588191294535 0.961783804505344 0.952781382855972 0.946666725241547 0.946814719121276 0.962091414641536 0.962333927785795 0.946304980080594 0.959027875130602 0.959744830952221 -9999 -9999 -9999 -9999 -9999
-9999 -9999 -9999 -9999 -9999 -9999 -9999 -9999 -9999 -9999 -9999 -9999 -9999 -9999 -9999 -9999 -9999 -9999 -9999 -9999 -9999 -9999 -9999 -9999 -9999 -9999 -9999 -9999 -9999 0.969732800742021 0.960998445585482 0.967377992709369 0.963778470753963 0.973850856402499 0.96172035387125 0.962078773014388 0.97097233455527 0.969908555419228 0.967207388746126 0.964938119923557 0.959682846757239 0.945548765579563 0.959496629441752 -9999 -9999
-9999 -9999 -9999 -9999 -9999 -9999 -9999 -9999 -9999 -9999 -9999 -9999 -9999 -9999 -9999 -9999 -9999 -9999 -9999 -9999 -9999 -9999 -9999 -9999 -9999 0.964685533970767 -9999 -9999 -9999 0.958033799575723 0.960744120466768 0.964585568300436 0.961706956267323 0.94631820697683 0.962963616554031 0.965139084316497 0.960892294384653 0.961208299763032 0.951017249001203 0.962162679006715 0.961188818945514 0.946051423793428 0.963811021174467 -9999 -9999
-9999 -9999 -9999 -9999 -9999 -9999 -9999 -9999 -9999 -9999 -9999 -9999 -9999 -9999 -9999 -9999 -9999 -9999 -9999 -9999 -9999 -9999 0.967155840473247 -9999 -9999 0.953725687824616 -9999 -9999 -9999 0.987955199713065 0.982329174072294 0.982026577522376 0.967913721070941 0.966568680892765 0.963902921825108 0.946738851285092 0.961096555030794 0.950712331434775 0.963046692686999 0.960160790372094 0.951367601903068 0.959562430530219 0.965539289002977 0.958047301407994 -9999
-9999 -9999 -9999 -9999 -9999 -9999 -9999 -9999 -9999 -9999 -9999 -9999 -9999 -9999 -9999 -9999 -9999 -9999 -9999 -9999 -9999 0.956840990220454 0.970388910434382 0.968325778361198 0.968526452244621 0.948777478229091 0.989091547400114 0.989141764724061 0.984723391670042 0.989198255675122 0.960574988822422 0.982060039941141 0.974745666674672 0.9743652197184 0.963877811304838 0.957585158816208 0.967391233396634 0.962631661805745 0.944722471822506 0.960455671816634 0.944293214801016 0.966964538146023 0.966621141073266 0.958212824775179 -9999
-9999 -9999 -9999 -9999 -9999 -9999 -9999 -9999 -9999 -9999 -9999 -9999 -9999 -9999 -9999 -9999 -9999 -9999 -9999 0.968044708364935 0.974490118196521 0.9750540542265 0.976319344309252 0.976864088068813 0.958761155051525 0.96033910650771 0.989141784941628 0.989090554033318 0.989147290291274 0.989198274919596 0.96852603094919 0.961095255658142 0.97425563525435 0.952427920947689 0.96376600707154 0.971716141757793 0.969746654886625 0.967331076278586 0.960798324087581 0.963458007483217 0.965155987004094 0.968226271973444 0.969800255886873 0.939939753550906 -9999
-9999 -9999 -9999 -9999 -9999 -9999 -9999 -9999 -9999 -9999 -9999 -9999 -9999 -9999 -9999 -9999 -9999 0.971557181550194 0.971719351480354 0.962594341868307 0.967339192664774 0.956977468455612 0.955804889278329 0.977025949764949 0.945591608148081 0.971419040557232 0.984657134961954 0.950673557196446 0.969243666490324 0.970402939649628 0.975850800890359 0.965650021927126 0.981975081242573 0.962582166654573 0.950828781995113 0.954749980090135 0.966053831312099 0.963183770491749 0.961501429587182 0.96105209076986 0.954306463468995 0.960598904872732 0.958807323630285 0.95822405861799 0.940947678479166
-9999 -9999 -9999 -9999 -9999 -9999 -9999 -9999 -9999 -9999 -9999 -9999 -9999 -9999 -9999 -9999 -9999 0.971748277026712 0.955349290222467 0.967779148637001 0.967443348862906 0.958904221365035 0.971192828283315 0.977677740645981 0.97690437537007 0.984649368984906 0.965709105707055 0.965462005483477 0.968129266797175 0.969595084362664 0.975724419612152 0.975501744972665 0.964906380860597 0.974512272187616 0.953729284659899 0.965272915896281 0.948967653481501 0.963653972039024 0.949856649201003 0.961226268684237 0.961056497795346 0.976520699303787 0.958780651736586 0.963081131638409 0.95822956017455
-9999 -9999 -9999 -9999 -9999 -9999 -9999 -9999 -9999 -9999 -9999 -9999 -9999 -9999 -9999 -9999 -9999 0.973267512736099 0.972876090190617 0.974610943477086 0.969549076230036 0.960122803825992 0.95937953849909 0.963444057696283 0.984602383406432 0.967074314617222 0.958713388830489 0.964384208641443 0.955491756581795 0.973235523919262 0.975191219289216 0.964974181902865 0.964991032032804 0.9819409111132 0.981808980787718 0.963447109108148 0.949211548529043 0.956572614769823 0.963450116186494 0.964697284507041 0.967228419610241 0.976452674351082 0.963441971857736 0.964585610505231 0.95889090950436
-9999 -9999 -9999 -9999 -9999 -9999 -9999 -9999 -9999 -9999 -9999 -9999 -9999 -9999 -9999 -9999 0.970226870780379 0.972412005080374 0.97545070505817 0.977228223163431 0.977883962074714 0.977930253346291 0.96977340271235 0.971778281033208 0.989114416842073 0.973326645127821 0.966683069675511 0.95303936619436 0.957215153015145 0.971367955798783 0.972841101526039 0.951427594274827 0.974785514349255 0.966038920834665 0.963755667255191 0.974398352393203 0.969486726897421 0.963727170409318 0.967901316821232 0.977079006097747 0.964279408440953 0.961183765328429 0.959526243527886 0.96277527530376 0.972896844196467
-9999 -9999 -9999 -9999 -9999 -9999 -9999 -9999 -9999 -9999 -9999 -9999 -9999 -9999 -9999 -9999 0.969948617891187 0.965306949360685 0.967902164914165 0.957878968252539 0.969155615945701 0.952075688569814 0.96382099731477 0.98518812755575 0.968324622597513 0.972922522385191 0.972049750066298 0.966942404116051 0.967341501546026 0.970306703013767 0.971652961316088 0.961108076580977 0.974236353165489 0.966150782281835 0.966265357445901 0.980400726396652 0.968656583185698 0.977639886580615 0.970554688191628 0.961936766817011 0.954682281203195 0.966703151708571 0.959134947535358 0.965846629961175 0.959244833006992
-9999 -9999 -9999 -9999 -9999 -9999 -9999 -9999 -9999 -9999 -9999 -9999 -9999 -9999 -9999 0.969085407762677 0.963068468702784 0.970163853738286 0.970618964956583 0.963234214973568 0.965808178585556 0.955671413624125 0.989495890118284 0.98949590694898 0.967386535372898 0.954497835272234 0.967584886268054 0.954341005088356 0.967332749847833 0.969301696220909 0.966917267582 0.957402783204325 0.973271236187577 0.949425409872222 0.96452931612627 0.969775232541182 0.97069255663056 0.961450808541758 0.96440147920231 0.956820373635909 0.94642047606984 0.964292051274507 0.959472435827931 0.963975617574442 0.941736217289433
-9999 -9999 -9999 -9999 -9999 -9999 -9999 -9999 -9999 -9999 -9999 -9999 -9999 -9999 -9999 -9999 0.970910703346174 0.97042579887373 0.959519753158982 0.96964311680319 0.964058941300247 0.951671270921492 0.985355839593855 0.989650397516323 0.958644308641763 0.955479519637054 0.958961272234582 0.968314729010536 0.955752405890465 0.96593982429929 0.96517928592719 0.968482551091337 0.973518221462837 0.969916711405423 0.951135349538864 0.965622541805424 0.979746098159532 0.962717208036391 0.963023120087829 0.969555180649373 0.964943595525376 0.962541629237932 0.96092748441622 0.963620106999101 0.959968134201925
-9999 -9999 -9999 -9999 -9999 -9999 -9999 -9999 -9999 -9999 -9999 -9999 -9999 -9999 -9999 -9999 -9999 0.970170572287074 0.971825642049816 0.973452264360894 0.973731443182066 0.976513955583479 0.989635427758588 0.962017213899235 0.97055170168342 0.972162568981895 0.955391151998311 0.96029043929739 0.966544403340283 0.966762079809866 0.951648464158678 0.966034244354458 0.971522379731427 0.968726254023125 0.966044302565263 0.965668217340448 0.970097458222008 0.971097430432311 0.963449879738481 0.963205467801393 0.966511044631819 0.962821165311429 0.951266910179708 0.962569770119326 0.964028010528128
-9999 -9999 -9999 -9999 -9999 -9999 -9999 -9999 -9999 -9999 -9999 -9999 -9999 -9999 -9999 -9999 0.971221228195679 0.961853883741777 0.96850860336102 0.971157862537851 0.971893403254373 0.961205538506739 0.989614991944504 0.968543411426834 0.966268973892099 0.975653128139642 0.973398969218538 0.968090119388124 0.965907832942587 0.970451227274771 0.956776113685433 0.965112762224293 0.966057239423378 0.957363355114101 0.967261369166618 0.968294164033663 0.968351384326175 0.968038234536891 0.970867441934913 0.976421254832717 0.966935353167757 0.966410870084272 0.974807609747525 0.974614428314712 0.962316633801401
-9999 -9999 -9999 -9999 -9999 -9999 -9999 -9999 -9999 -9999 -9999 -9999 -9999 -9999 -9999 -9999 0.970933944437685 0.975802545947988 0.96649861860979 0.968604551394608 0.978357601347936 0.97903008654155 0.979039960314439 0.985304221115798 0.967090737968545 0.954760509109857 0.954902313146356 0.955074757130549 0.973837394491429 0.973010338966426 0.964897828051188 0.950838628918319 0.953829444465933 0.96626042266777 0.955960301420733 0.965951055191729 0.949569619241958 0.963311746285192 0.969333222289475 0.968268944212601 0.962519882237199 0.950466155887759 0.960149650108173 0.943713862965301 0.959756492623986
-9999 -9999 -9999 -9999 -9999 -9999 -9999 -9999 -9999 -9999 -9999 -9999 -9999 -9999 -9999 0.958661346335669 0.964297247138784 0.969217087077261 0.975924665825413 0.969347071074468 0.964003955650601 0.966304842462747 0.953696686678151 0.989556376472567 0.967068109383758 0.975918840526088 0.975383146952103 0.974687512625848 0.974262655886524 0.965405482541879 0.967814997771047 0.95166785141735 0.965015278429457 0.960390229001489 0.965201739269773 0.955000866939342 0.963296777139673 0.967229498696122 0.968444857066155 0.977464079791763 0.977288328516515 0.961492505579064 0.944106304372779 0.960388167959749 0.96271755363399
-9999 -9999 -9999 -9999 -9999 -9999 -9999 -9999 -9999 -9999 -9999 -9999 -9999 -9999 -9999 0.969266579635221 0.973677585686383 0.956697675084837 0.975197439111475 0.969883689706688 0.974225444346158 0.966450461221504 0.970554994490387 0.989556074876042 0.967542635727306 0.953934279998265 0.967627063329178 0.956771054254681 0.965131511017482 0.965530641000909 0.958072500833551 0.96543745692692 0.965519526130132 0.96825850045041 0.97352067173622 0.964983613102505 0.96393365839373 0.963177058873527 0.947906431952427 0.965620353885961 0.969753461333953 0.967454916581186 0.959540170874408 0.953131898325963 0.964425900536848
-9999 -9999 -9999 -9999 -9999 -9999 -9999 -9999 -9999 -9999 -9999 -9999 -9999 -9999 -9999 0.969021947258163 0.97423532191047 0.96624479306613 0.955017823765991 0.961473080838498 0.967171969762268 0.952997155097376 0.967661858170418 0.968502834930032 0.985142706132448 0.955559310554574 0.962959855725165 0.968486917296417 0.953004913364055 0.975440915538078 0.972005393312746 0.970742188736548 0.967959994939459 0.970832658578062 0.96570452621823 0.969572848170438 0.955857063692198 0.953801649837287 0.964289645722964 0.9644608142389 0.96814296815907 0.965873484173346 0.967787664491991 0.976319493887519 0.966074152792564
