Model input/Uganda/survival/Lsurvival/Lsurvival_restime_1apr.asc
NCOLS 67 
NROWS 67 
XLLCORNER 29.500000001 
YLLCORNER -1.499999999 
CELLSIZE 0.0833333332985075 
NODATA_value -9999 
[rows 0 to 19 of 67, columns 0 to 44 of 67]
-9999.000000000000000 -9999 -9999 -9999 -9999 -9999 -9999 -9999 -9999 -9999 -9999 -9999 -9999 -9999 -9999 -9999 -9999 -9999 -9999 -9999 -9999 -9999 -9999 -9999 -9999 -9999 -9999 -9999 -9999 -9999 -9999 0.940900040921702 0.957849586642953 -9999 -9999 -9999 -9999 -9999 -9999 -9999 -9999 -9999 -9999 -9999 -9999
-9999 -9999 -9999 -9999 -9999 -9999 -9999 -9999 -9999 -9999 -9999 -9999 -9999 -9999 -9999 -9999 -9999 -9999 -9999 -9999 -9999 -9999 -9999 -9999 -9999 -9999 -9999 -9999 -9999 0.95829821030536 0.944168267846413 0.956746769589575 0.946451712067426 0.93904451064225 0.939512690702819 0.956368396159537 0.958193369213885 0.940365141836422 0.955644319920922 0.95654957603382 -9999 -9999 -9999 -9999 -9999
-9999 -9999 -9999 -9999 -9999 -9999 -9999 -9999 -9999 -9999 -9999 -9999 -9999 -9999 -9999 -9999 -9999 -9999 -9999 -9999 -9999 -9999 -9999 -9999 -9999 -9999 -9999 -9999 -9999 0.964307952218617 0.955871664869475 0.96281736139382 0.958150051308756 0.969773879396875 0.955759886287077 0.956270071202152 0.967822551005861 0.966731408806928 0.963909517314552 0.961530175304495 0.955750566071564 0.941041033614463 0.95754530206499 -9999 -9999
-9999 -9999 -9999 -9999 -9999 -9999 -9999 -9999 -9999 -9999 -9999 -9999 -9999 -9999 -9999 -9999 -9999 -9999 -9999 -9999 -9999 -9999 -9999 -9999 -9999 0.957608868257235 -9999 -9999 -9999 0.950458434329607 0.955214953938758 0.959108000388066 0.955876782172701 0.938390109932395 0.957252477031249 0.959822134368178 0.956738500296992 0.957069130317055 0.946018649692299 0.958400297057734 0.957703036076939 0.941572897509324 0.961840677802022 -9999 -9999
-9999 -9999 -9999 -9999 -9999 -9999 -9999 -9999 -9999 -9999 -9999 -9999 -9999 -9999 -9999 -9999 -9999 -9999 -9999 -9999 -9999 -9999 0.958658902644716 -9999 -9999 0.944325298958875 -9999 -9999 -9999 0.985037805797773 0.979564101736121 0.979249789892037 0.963297020428247 0.961790592147651 0.958750097306552 0.939001393335627 0.957229871042589 0.945823824160795 0.959460818856958 0.956145369001988 0.947003846391131 0.955673179131064 0.963596276605773 0.955735034123747 -9999
-9999 -9999 -9999 -9999 -9999 -9999 -9999 -9999 -9999 -9999 -9999 -9999 -9999 -9999 -9999 -9999 -9999 -9999 -9999 -9999 -9999 0.945405798245937 0.96237875461946 0.95968775951637 0.961814616628145 0.93783631877771 0.986452740902997 0.986515022677116 0.981020874322531 0.986572879858622 0.953256368414476 0.979303701793897 0.970825796985012 0.970494423393676 0.958940411678156 0.951568170849013 0.964143830215916 0.959199892379003 0.939165338827283 0.956566972795883 0.939494218191262 0.963870605813454 0.964680843184099 0.955926571090402 -9999
-9999 -9999 -9999 -9999 -9999 -9999 -9999 -9999 -9999 -9999 -9999 -9999 -9999 -9999 -9999 -9999 -9999 -9999 -9999 0.958961661325591 0.967509553643216 0.968146533302505 0.969693407333223 0.970350451503619 0.949401083990045 0.952903413520489 0.986515048141077 0.986451509854356 0.986509611479431 0.986572904161529 0.962790577797295 0.954196002356394 0.970379770232018 0.944312335693232 0.95836398485342 0.967572749337116 0.966710468421723 0.964111964214787 0.956867197475345 0.959922443312414 0.961849043356278 0.965280947337928 0.967937783984899 0.936560685690582 -9999
-9999 -9999 -9999 -9999 -9999 -9999 -9999 -9999 -9999 -9999 -9999 -9999 -9999 -9999 -9999 -9999 -9999 0.963822214609125 0.964433507900608 0.95257829126052 0.959229205759437 0.945446283348159 0.943816173065759 0.970522042088953 0.915368137484804 0.964391418618271 0.981012456379047 0.94169634404777 0.963195019757654 0.964411634484986 0.971171546115174 0.959269021695878 0.979071022333482 0.955137563840042 0.941988455367689 0.947317731470945 0.961953453655952 0.958810897436966 0.956549931126644 0.956787966527452 0.949093122032691 0.956407500968057 0.955513488546681 0.955081578488176 0.936699266948619
-9999 -9999 -9999 -9999 -9999 -9999 -9999 -9999 -9999 -9999 -9999 -9999 -9999 -9999 -9999 -9999 -9999 0.963978132899793 0.943961055260712 0.95953252497635 0.959444926805251 0.948920983771674 0.963532337189003 0.971292592924331 0.970815343687621 0.981011653565698 0.958110315909109 0.958530701799545 0.961724858486175 0.963046906988691 0.971062840222413 0.970965585013373 0.958463604755583 0.970450576196677 0.945201656674643 0.959136683044431 0.942369931507981 0.959079717722784 0.943454292500455 0.957131848109314 0.95701915994295 0.973955661647693 0.955765191036903 0.960310657425016 0.95516340397677
-9999 -9999 -9999 -9999 -9999 -9999 -9999 -9999 -9999 -9999 -9999 -9999 -9999 -9999 -9999 -9999 -9999 0.965695981144371 0.965987137370304 0.968041610205052 0.961892788746835 0.950067730674327 0.949537572782694 0.943913325773839 0.980982911297119 0.957505127863362 0.949202705167066 0.956504336990621 0.945858301585178 0.967230409072289 0.970451222718026 0.958578406508842 0.958610215296033 0.979065813609229 0.978934836380317 0.956371181417774 0.941923113266303 0.951059651663859 0.959535116987643 0.961012017675239 0.963635334190097 0.973870870004713 0.96082886719503 0.961953904852989 0.955971205229054
-9999 -9999 -9999 -9999 -9999 -9999 -9999 -9999 -9999 -9999 -9999 -9999 -9999 -9999 -9999 -9999 0.961040846287086 0.964059154664407 0.968805351200224 0.971079303250455 0.971904528958265 0.971966580486401 0.961532435696855 0.964032533842505 0.986554217923667 0.967320155046711 0.959753757714039 0.943422523859053 0.947747737435669 0.96505803262186 0.9678290341038 0.94261922016016 0.970213735961497 0.960079720116026 0.956697253139415 0.970394707598922 0.965523484920499 0.959384719414327 0.96434548879161 0.974534520828657 0.960409983408907 0.956975565954816 0.956438808469706 0.960162807606691 0.971052147569587
-9999 -9999 -9999 -9999 -9999 -9999 -9999 -9999 -9999 -9999 -9999 -9999 -9999 -9999 -9999 -9999 0.961207011524181 0.954995812938017 0.959948329805239 0.947137549647233 0.961470792958525 0.941860864407687 0.944818303927805 0.98134844837948 0.957892768056414 0.966846033892083 0.965764964336786 0.960034676042112 0.960242458376615 0.963814074754174 0.966507709300417 0.954032691011951 0.969602131294781 0.960183292460495 0.960034912000807 0.977328780812332 0.965108222456062 0.975112456521017 0.967217365633475 0.957840962586431 0.94959894999251 0.962963720165109 0.956049286658573 0.963089722700375 0.956104705447729
-9999 -9999 -9999 -9999 -9999 -9999 -9999 -9999 -9999 -9999 -9999 -9999 -9999 -9999 -9999 0.961284814910018 0.952334463468894 0.9621736495116 0.963774191747307 0.954861334579095 0.960522130022734 0.945067673010804 0.986784910489428 0.986784931072519 0.960372810675106 0.943942401074804 0.960083850539377 0.944368020634267 0.960493193001676 0.962742582530484 0.96111115313843 0.949833013816483 0.968549828277675 0.940428456993843 0.958658290467736 0.964845426070417 0.967171516732534 0.957194966819673 0.960501863380403 0.951893032464801 0.940615870083465 0.960280498134029 0.956331642295195 0.961060477890847 0.937345073905077
-9999 -9999 -9999 -9999 -9999 -9999 -9999 -9999 -9999 -9999 -9999 -9999 -9999 -9999 -9999 -9999 0.962432581880149 0.963181748687976 0.950234298823977 0.96257376009921 0.955602573453231 0.922766528068409 0.981481631750642 0.986904777574092 0.948886386090376 0.945078411443437 0.949752137315032 0.961305448750731 0.946229570597098 0.958881399047365 0.958804919047252 0.962452166958545 0.968518435621984 0.964015133594267 0.942654780688595 0.959877673400822 0.976974127314632 0.957295816524661 0.958290648511296 0.965546904608881 0.960416699818609 0.957707327910813 0.956853814427518 0.959825598157586 0.955988115362117
-9999 -9999 -9999 -9999 -9999 -9999 -9999 -9999 -9999 -9999 -9999 -9999 -9999 -9999 -9999 -9999 -9999 0.963018931824538 0.965338136804484 0.967135693178629 0.967390283193564 0.970593955480275 0.986893576774536 0.952018219419997 0.963502473799751 0.965804939228024 0.945384210743196 0.9513861920965 0.95935046759037 0.960110859242038 0.943306752376233 0.959724957908628 0.966442083160962 0.962641162780608 0.959641364349165 0.959905682807504 0.965973425500846 0.967196843312521 0.958016172194893 0.958122976000573 0.962199393373793 0.958173417961547 0.946550524673956 0.958943874543709 0.960398920084768
-9999 -9999 -9999 -9999 -9999 -9999 -9999 -9999 -9999 -9999 -9999 -9999 -9999 -9999 -9999 -9999 0.964170277150474 0.952736912887266 0.960992365932556 0.964234717108659 0.965173098044195 0.951319513256572 0.986878148683277 0.961439293513991 0.958099876492452 0.969954871027034 0.967296235246038 0.961008655858558 0.959083137324295 0.964552652216062 0.949372023159563 0.959070037039907 0.960387250088281 0.950004381620474 0.961683111082308 0.963036237578698 0.964030434300787 0.963708470387776 0.966969616299559 0.973334063291902 0.96262400056151 0.962105303984631 0.972227956877482 0.972025921679607 0.958694401701833
-9999 -9999 -9999 -9999 -9999 -9999 -9999 -9999 -9999 -9999 -9999 -9999 -9999 -9999 -9999 -9999 0.964179664772826 0.970162435295386 0.95947159452319 0.961637690303022 0.973747266057782 0.974419811360836 0.974419736208363 0.981449381508858 0.960098697029179 0.944191629921773 0.944767654899007 0.945048862474032 0.968579810882002 0.967634198716549 0.959149560137853 0.943051120030471 0.946566964218001 0.960889371177005 0.948880385915369 0.960401143482346 0.942778111444439 0.95851262479144 0.965299191949655 0.964059243478816 0.957127049424175 0.943881633503041 0.956052430530094 0.938086548832714 0.95568852715292
-9999 -9999 -9999 -9999 -9999 -9999 -9999 -9999 -9999 -9999 -9999 -9999 -9999 -9999 -9999 0.949210333396448 0.956062330386821 0.962085419317542 0.970838758419664 0.962865331713565 0.955636193504408 0.958318364604188 0.941767930687341 0.986821017059296 0.959724379307016 0.970698381418531 0.970168039144937 0.969490450605685 0.969091323387026 0.959044658510353 0.962646666382548 0.944097080872012 0.959436237329987 0.953958746125722 0.959628836587653 0.947813211509758 0.958548546237988 0.963001066524014 0.964338915568131 0.974475180131329 0.974284921945045 0.956626360250666 0.938675291113903 0.956732046820443 0.959227963366465
-9999 -9999 -9999 -9999 -9999 -9999 -9999 -9999 -9999 -9999 -9999 -9999 -9999 -9999 -9999 0.962187845419422 0.967582728560447 0.946792834112381 0.970017115427597 0.963071010476437 0.968205969705331 0.957376658570526 0.962117235785633 0.986825110759837 0.957623557914011 0.943441640357036 0.960196203062712 0.947608219582453 0.958452993720213 0.959257317113912 0.95135963049839 0.959984496886867 0.960091478306048 0.963166918057833 0.96915516148605 0.959435510660442 0.959302673106181 0.958537458178465 0.941283186633009 0.961179165575021 0.965839942821281 0.963216609007698 0.955440679163414 0.948616465005085 0.961043866878222
-9999 -9999 -9999 -9999 -9999 -9999 -9999 -9999 -9999 -9999 -9999 -9999 -9999 -9999 -9999 0.961897653331281 0.968264465167974 0.958426198870612 0.9446722168089 0.952267798418647 0.958830599903759 0.940126248399595 0.96011369324609 0.957222625373568 0.981372436471684 0.940971330047559 0.953686721642097 0.960598906052238 0.942774741354199 0.970316829417297 0.966875943098881 0.965390687457099 0.962156019615857 0.965464915081278 0.959295130835616 0.964045316077826 0.949049504930744 0.946512208874109 0.95874610648592 0.9589389623693 0.963224651528666 0.960646032949269 0.96356963746649 0.973228549383736 0.961713300071049
