Model input/Uganda/SWradiation/SWdown_mean_aug_1.asc
NCOLS 67 
NROWS 67 
XLLCORNER 29.5000000014144 
YLLCORNER -1.49999999936061 
CELLSIZE 0.0833333332926796 
NODATA_value -9999 
[rows 20 to 39 of 67, columns 0 to 45 of 67]
-9999 -9999 -9999 -9999 -9999 -9999 -9999 -9999 -9999 -9999 -9999 -9999 -9999 -9999 -9999 16.961721777916 16.961721777916 16.961721777916 17.4487520456314 17.4487520456314 17.4487520456314 17.4487520456314 17.4487520456314 17.4487520456314 17.8552114367485 17.8552114367485 17.8552114367485 17.8552114367485 17.8552114367485 17.8552114367485 17.9963486790657 17.9963486790657 17.9963486790657 17.9963486790657 17.9963486790657 17.9963486790657 18.0933079123497 18.0933079123497 18.0933079123497 18.0933079123497 18.0933079123497 18.0933079123497 17.84991979599 17.84991979599 17.84991979599 17.84991979599
-9999 -9999 -9999 -9999 -9999 -9999 -9999 -9999 -9999 -9999 -9999 -9999 -9999 -9999 -9999 16.961721777916 16.961721777916 16.961721777916 17.4487520456314 17.4487520456314 17.4487520456314 17.4487520456314 17.4487520456314 17.4487520456314 17.8552114367485 17.8552114367485 17.8552114367485 17.8552114367485 17.8552114367485 17.8552114367485 17.9963486790657 17.9963486790657 17.9963486790657 17.9963486790657 17.9963486790657 17.9963486790657 18.0933079123497 18.0933079123497 18.0933079123497 18.0933079123497 18.0933079123497 18.0933079123497 17.84991979599 17.84991979599 17.84991979599 17.84991979599
-9999 -9999 -9999 -9999 -9999 -9999 -9999 -9999 -9999 -9999 -9999 -9999 -9999 -9999 -9999 -9999 16.961721777916 16.961721777916 17.4487520456314 17.4487520456314 17.4487520456314 17.4487520456314 17.4487520456314 17.4487520456314 17.8552114367485 17.8552114367485 17.8552114367485 17.8552114367485 17.8552114367485 17.8552114367485 17.9963486790657 17.9963486790657 17.9963486790657 17.9963486790657 17.9963486790657 17.9963486790657 18.0933079123497 18.0933079123497 18.0933079123497 18.0933079123497 18.0933079123497 18.0933079123497 17.84991979599 17.84991979599 17.84991979599 17.84991979599
-9999 -9999 -9999 -9999 -9999 -9999 -9999 -9999 -9999 -9999 -9999 -9999 -9999 -9999 -9999 -9999 -9999 16.961721777916 17.4487520456314 17.4487520456314 17.4487520456314 17.4487520456314 17.4487520456314 17.4487520456314 17.8552114367485 17.8552114367485 17.8552114367485 17.8552114367485 17.8552114367485 17.8552114367485 17.9963486790657 17.9963486790657 17.9963486790657 17.9963486790657 17.9963486790657 17.9963486790657 18.0933079123497 18.0933079123497 18.0933079123497 18.0933079123497 18.0933079123497 18.0933079123497 17.84991979599 17.84991979599 17.84991979599 17.84991979599
-9999 -9999 -9999 -9999 -9999 -9999 -9999 -9999 -9999 -9999 -9999 -9999 -9999 -9999 -9999 16.961721777916 16.961721777916 16.961721777916 17.4487520456314 17.4487520456314 17.4487520456314 17.4487520456314 17.4487520456314 17.4487520456314 17.8552114367485 17.8552114367485 17.8552114367485 17.8552114367485 17.8552114367485 17.8552114367485 17.9963486790657 17.9963486790657 17.9963486790657 17.9963486790657 17.9963486790657 17.9963486790657 18.0933079123497 18.0933079123497 18.0933079123497 18.0933079123497 18.0933079123497 18.0933079123497 17.84991979599 17.84991979599 17.84991979599 17.84991979599
-9999 -9999 -9999 -9999 -9999 -9999 -9999 -9999 -9999 -9999 -9999 -9999 -9999 -9999 -9999 17.2814093828201 17.2814093828201 17.2814093828201 17.7268711924553 17.7268711924553 17.7268711924553 17.7268711924553 17.7268711924553 17.7268711924553 18.0956075787544 18.0956075787544 18.0956075787544 18.0956075787544 18.0956075787544 18.0956075787544 18.1909599304199 18.1909599304199 18.1909599304199 18.1909599304199 18.1909599304199 18.1909599304199 17.8432050347328 17.8432050347328 17.8432050347328 17.8432050347328 17.8432050347328 17.8432050347328 17.6399410367012 17.6399410367012 17.6399410367012 17.6399410367012
-9999 -9999 -9999 -9999 -9999 -9999 -9999 -9999 -9999 -9999 -9999 -9999 -9999 -9999 -9999 17.2814093828201 17.2814093828201 17.2814093828201 17.7268711924553 17.7268711924553 17.7268711924553 17.7268711924553 17.7268711924553 17.7268711924553 18.0956075787544 18.0956075787544 18.0956075787544 18.0956075787544 18.0956075787544 18.0956075787544 18.1909599304199 18.1909599304199 18.1909599304199 18.1909599304199 18.1909599304199 18.1909599304199 17.8432050347328 17.8432050347328 17.8432050347328 17.8432050347328 17.8432050347328 17.8432050347328 17.6399410367012 17.6399410367012 17.6399410367012 17.6399410367012
-9999 -9999 -9999 -9999 -9999 -9999 -9999 -9999 -9999 -9999 -9999 -9999 -9999 -9999 -9999 17.2814093828201 17.2814093828201 17.2814093828201 17.7268711924553 17.7268711924553 17.7268711924553 17.7268711924553 17.7268711924553 17.7268711924553 18.0956075787544 18.0956075787544 18.0956075787544 18.0956075787544 18.0956075787544 18.0956075787544 18.1909599304199 18.1909599304199 18.1909599304199 18.1909599304199 18.1909599304199 18.1909599304199 17.8432050347328 17.8432050347328 17.8432050347328 17.8432050347328 17.8432050347328 17.8432050347328 17.6399410367012 17.6399410367012 17.6399410367012 17.6399410367012
-9999 -9999 -9999 -9999 -9999 -9999 -9999 -9999 -9999 -9999 -9999 -9999 -9999 -9999 17.2814093828201 17.2814093828201 17.2814093828201 17.2814093828201 17.7268711924553 17.7268711924553 17.7268711924553 17.7268711924553 17.7268711924553 17.7268711924553 18.0956075787544 18.0956075787544 18.0956075787544 18.0956075787544 18.0956075787544 18.0956075787544 18.1909599304199 18.1909599304199 18.1909599304199 18.1909599304199 18.1909599304199 18.1909599304199 17.8432050347328 17.8432050347328 17.8432050347328 17.8432050347328 17.8432050347328 17.8432050347328 17.6399410367012 17.6399410367012 17.6399410367012 17.6399410367012
-9999 -9999 -9999 -9999 -9999 -9999 -9999 -9999 -9999 -9999 -9999 16.7252268195152 17.2814093828201 17.2814093828201 17.2814093828201 17.2814093828201 17.2814093828201 17.2814093828201 17.7268711924553 17.7268711924553 17.7268711924553 17.7268711924553 17.7268711924553 17.7268711924553 18.0956075787544 18.0956075787544 18.0956075787544 18.0956075787544 18.0956075787544 18.0956075787544 18.1909599304199 18.1909599304199 18.1909599304199 18.1909599304199 18.1909599304199 18.1909599304199 17.8432050347328 17.8432050347328 17.8432050347328 17.8432050347328 17.8432050347328 17.8432050347328 17.6399410367012 17.6399410367012 17.6399410367012 17.6399410367012
-9999 -9999 -9999 -9999 -9999 -9999 -9999 -9999 -9999 -9999 16.7252268195152 16.7252268195152 17.2814093828201 17.2814093828201 17.2814093828201 17.2814093828201 17.2814093828201 17.2814093828201 17.7268711924553 17.7268711924553 17.7268711924553 17.7268711924553 17.7268711924553 17.7268711924553 18.0956075787544 18.0956075787544 18.0956075787544 18.0956075787544 18.0956075787544 18.0956075787544 18.1909599304199 18.1909599304199 18.1909599304199 18.1909599304199 18.1909599304199 18.1909599304199 17.8432050347328 17.8432050347328 17.8432050347328 17.8432050347328 17.8432050347328 17.8432050347328 17.6399410367012 17.6399410367012 17.6399410367012 17.6399410367012
-9999 -9999 -9999 -9999 -9999 -9999 -9999 -9999 -9999 -9999 17.0372195243835 17.0372195243835 17.7138392925262 17.7138392925262 17.7138392925262 17.7138392925262 17.7138392925262 17.7138392925262 18.090341925621 18.090341925621 18.090341925621 18.090341925621 18.090341925621 18.090341925621 18.3268634676933 18.3268634676933 18.3268634676933 18.3268634676933 18.3268634676933 18.3268634676933 18.4329935908318 18.4329935908318 18.4329935908318 18.4329935908318 18.4329935908318 18.4329935908318 18.157130420208 18.157130420208 18.157130420208 18.157130420208 18.157130420208 18.157130420208 17.7948216795921 17.7948216795921 17.7948216795921 17.7948216795921
-9999 -9999 -9999 -9999 -9999 -9999 -9999 -9999 -9999 17.0372195243835 17.0372195243835 17.0372195243835 17.7138392925262 17.7138392925262 17.7138392925262 17.7138392925262 17.7138392925262 17.7138392925262 18.090341925621 18.090341925621 18.090341925621 18.090341925621 18.090341925621 18.090341925621 18.3268634676933 18.3268634676933 18.3268634676933 18.3268634676933 18.3268634676933 18.3268634676933 18.4329935908318 18.4329935908318 18.4329935908318 18.4329935908318 18.4329935908318 18.4329935908318 18.157130420208 18.157130420208 18.157130420208 18.157130420208 18.157130420208 18.157130420208 17.7948216795921 17.7948216795921 17.7948216795921 17.7948216795921
-9999 -9999 -9999 -9999 -9999 -9999 -9999 -9999 -9999 17.0372195243835 17.0372195243835 17.0372195243835 17.7138392925262 17.7138392925262 17.7138392925262 17.7138392925262 17.7138392925262 17.7138392925262 18.090341925621 18.090341925621 18.090341925621 18.090341925621 18.090341925621 18.090341925621 18.3268634676933 18.3268634676933 18.3268634676933 18.3268634676933 18.3268634676933 18.3268634676933 18.4329935908318 18.4329935908318 18.4329935908318 18.4329935908318 18.4329935908318 18.4329935908318 18.157130420208 18.157130420208 18.157130420208 18.157130420208 18.157130420208 18.157130420208 17.7948216795921 17.7948216795921 17.7948216795921 17.7948216795921
-9999 -9999 -9999 -9999 -9999 -9999 17.0372195243835 17.0372195243835 17.0372195243835 17.0372195243835 17.0372195243835 17.0372195243835 17.7138392925262 17.7138392925262 17.7138392925262 17.7138392925262 17.7138392925262 17.7138392925262 18.090341925621 18.090341925621 18.090341925621 18.090341925621 18.090341925621 18.090341925621 18.3268634676933 18.3268634676933 18.3268634676933 18.3268634676933 18.3268634676933 18.3268634676933 18.4329935908318 18.4329935908318 18.4329935908318 18.4329935908318 18.4329935908318 18.4329935908318 18.157130420208 18.157130420208 18.157130420208 18.157130420208 18.157130420208 18.157130420208 17.7948216795921 17.7948216795921 17.7948216795921 17.7948216795921
-9999 -9999 -9999 -9999 -9999 -9999 17.0372195243835 17.0372195243835 17.0372195243835 17.0372195243835 17.0372195243835 17.0372195243835 17.7138392925262 17.7138392925262 17.7138392925262 17.7138392925262 17.7138392925262 17.7138392925262 18.090341925621 18.090341925621 18.090341925621 18.090341925621 18.090341925621 18.090341925621 18.3268634676933 18.3268634676933 18.3268634676933 18.3268634676933 18.3268634676933 18.3268634676933 18.4329935908318 18.4329935908318 18.4329935908318 18.4329935908318 18.4329935908318 18.4329935908318 18.157130420208 18.157130420208 18.157130420208 18.157130420208 18.157130420208 18.157130420208 17.7948216795921 17.7948216795921 17.7948216795921 17.7948216795921
-9999 -9999 -9999 -9999 -9999 16.2501417398453 17.0372195243835 17.0372195243835 17.0372195243835 17.0372195243835 17.0372195243835 17.0372195243835 17.7138392925262 17.7138392925262 17.7138392925262 17.7138392925262 17.7138392925262 17.7138392925262 18.090341925621 18.090341925621 18.090341925621 18.090341925621 18.090341925621 18.090341925621 18.3268634676933 18.3268634676933 18.3268634676933 18.3268634676933 18.3268634676933 18.3268634676933 18.4329935908318 18.4329935908318 18.4329935908318 18.4329935908318 18.4329935908318 18.4329935908318 18.157130420208 18.157130420208 18.157130420208 18.157130420208 18.157130420208 18.157130420208 17.7948216795921 17.7948216795921 17.7948216795921 17.7948216795921
-9999 -9999 16.6195273995399 16.6195273995399 16.6195273995399 16.6195273995399 17.4014880657196 17.4014880657196 17.4014880657196 17.4014880657196 17.4014880657196 17.4014880657196 18.1401101946831 18.1401101946831 18.1401101946831 18.1401101946831 18.1401101946831 18.1401101946831 18.7125286459923 18.7125286459923 18.7125286459923 18.7125286459923 18.7125286459923 18.7125286459923 18.9211020469666 18.9211020469666 18.9211020469666 18.9211020469666 18.9211020469666 18.9211020469666 18.8989686369896 18.8989686369896 18.8989686369896 18.8989686369896 18.8989686369896 18.8989686369896 18.9437944889069 18.9437944889069 18.9437944889069 18.9437944889069 18.9437944889069 18.9437944889069 18.8231111764908 18.8231111764908 18.8231111764908 18.8231111764908
-9999 16.6195273995399 16.6195273995399 16.6195273995399 16.6195273995399 16.6195273995399 17.4014880657196 17.4014880657196 17.4014880657196 17.4014880657196 17.4014880657196 17.4014880657196 18.1401101946831 18.1401101946831 18.1401101946831 18.1401101946831 18.1401101946831 18.1401101946831 18.7125286459923 18.7125286459923 18.7125286459923 18.7125286459923 18.7125286459923 18.7125286459923 18.9211020469666 18.9211020469666 18.9211020469666 18.9211020469666 18.9211020469666 18.9211020469666 18.8989686369896 18.8989686369896 18.8989686369896 18.8989686369896 18.8989686369896 18.8989686369896 18.9437944889069 18.9437944889069 18.9437944889069 18.9437944889069 18.9437944889069 18.9437944889069 18.8231111764908 18.8231111764908 18.8231111764908 18.8231111764908
-9999 16.6195273995399 16.6195273995399 16.6195273995399 16.6195273995399 16.6195273995399 17.4014880657196 17.4014880657196 17.4014880657196 17.4014880657196 17.4014880657196 17.4014880657196 18.1401101946831 18.1401101946831 18.1401101946831 18.1401101946831 18.1401101946831 18.1401101946831 18.7125286459923 18.7125286459923 18.7125286459923 18.7125286459923 18.7125286459923 18.7125286459923 18.9211020469666 18.9211020469666 18.9211020469666 18.9211020469666 18.9211020469666 18.9211020469666 18.8989686369896 18.8989686369896 18.8989686369896 18.8989686369896 18.8989686369896 18.8989686369896 18.9437944889069 18.9437944889069 18.9437944889069 18.9437944889069 18.9437944889069 18.9437944889069 18.8231111764908 18.8231111764908 18.8231111764908 18.8231111764908
