Model input/Uganda/SWradiation/SWdown_mean_jul_1.asc
NCOLS 67 
NROWS 67 
XLLCORNER 29.5000000014144 
YLLCORNER -1.49999999936061 
CELLSIZE 0.0833333332926796 
NODATA_value -9999 
[rows 40 to 59 of 67, columns 0 to 45 of 67]
16.2203687131405 16.2203687131405 16.2203687131405 16.2203687131405 16.2203687131405 16.2203687131405 16.9846647083759 16.9846647083759 16.9846647083759 16.9846647083759 16.9846647083759 16.9846647083759 17.7866259813309 17.7866259813309 17.7866259813309 17.7866259813309 17.7866259813309 17.7866259813309 18.3307978510857 18.3307978510857 18.3307978510857 18.3307978510857 18.3307978510857 18.3307978510857 18.5023435354233 18.5023435354233 18.5023435354233 18.5023435354233 18.5023435354233 18.5023435354233 18.447747528553 18.447747528553 18.447747528553 18.447747528553 18.447747528553 18.447747528553 18.3089936673641 18.3089936673641 18.3089936673641 18.3089936673641 18.3089936673641 18.3089936673641 18.0257403254509 18.0257403254509 18.0257403254509 18.0257403254509
16.2203687131405 16.2203687131405 16.2203687131405 16.2203687131405 16.2203687131405 16.2203687131405 16.9846647083759 16.9846647083759 16.9846647083759 16.9846647083759 16.9846647083759 16.9846647083759 17.7866259813309 17.7866259813309 17.7866259813309 17.7866259813309 17.7866259813309 17.7866259813309 18.3307978510857 18.3307978510857 18.3307978510857 18.3307978510857 18.3307978510857 18.3307978510857 18.5023435354233 18.5023435354233 18.5023435354233 18.5023435354233 18.5023435354233 18.5023435354233 18.447747528553 18.447747528553 18.447747528553 18.447747528553 18.447747528553 18.447747528553 18.3089936673641 18.3089936673641 18.3089936673641 18.3089936673641 18.3089936673641 18.3089936673641 18.0257403254509 18.0257403254509 18.0257403254509 18.0257403254509
16.2203687131405 16.2203687131405 16.2203687131405 16.2203687131405 16.2203687131405 16.2203687131405 16.9846647083759 16.9846647083759 16.9846647083759 16.9846647083759 16.9846647083759 16.9846647083759 17.7866259813309 17.7866259813309 17.7866259813309 17.7866259813309 17.7866259813309 17.7866259813309 18.3307978510857 18.3307978510857 18.3307978510857 18.3307978510857 18.3307978510857 18.3307978510857 18.5023435354233 18.5023435354233 18.5023435354233 18.5023435354233 18.5023435354233 18.5023435354233 18.447747528553 18.447747528553 18.447747528553 18.447747528553 18.447747528553 18.447747528553 18.3089936673641 18.3089936673641 18.3089936673641 18.3089936673641 18.3089936673641 18.3089936673641 18.0257403254509 18.0257403254509 18.0257403254509 18.0257403254509
16.6757042706013 16.6757042706013 16.6757042706013 16.6757042706013 16.6757042706013 16.6757042706013 17.6408614516258 17.6408614516258 17.6408614516258 17.6408614516258 17.6408614516258 17.6408614516258 18.4282488226891 18.4282488226891 18.4282488226891 18.4282488226891 18.4282488226891 18.4282488226891 18.9049432277679 18.9049432277679 18.9049432277679 18.9049432277679 18.9049432277679 18.9049432277679 19.0229907631874 19.0229907631874 19.0229907631874 19.0229907631874 19.0229907631874 19.0229907631874 19.132198870182 19.132198870182 19.132198870182 19.132198870182 19.132198870182 19.132198870182 19.1028430461884 19.1028430461884 19.1028430461884 19.1028430461884 19.1028430461884 19.1028430461884 18.8023359775543 18.8023359775543 18.8023359775543 18.8023359775543
16.6757042706013 16.6757042706013 16.6757042706013 16.6757042706013 16.6757042706013 16.6757042706013 17.6408614516258 17.6408614516258 17.6408614516258 17.6408614516258 17.6408614516258 17.6408614516258 18.4282488226891 18.4282488226891 18.4282488226891 18.4282488226891 18.4282488226891 18.4282488226891 18.9049432277679 18.9049432277679 18.9049432277679 18.9049432277679 18.9049432277679 18.9049432277679 19.0229907631874 19.0229907631874 19.0229907631874 19.0229907631874 19.0229907631874 19.0229907631874 19.132198870182 19.132198870182 19.132198870182 19.132198870182 19.132198870182 19.132198870182 19.1028430461884 19.1028430461884 19.1028430461884 19.1028430461884 19.1028430461884 19.1028430461884 18.8023359775543 18.8023359775543 18.8023359775543 18.8023359775543
16.6757042706013 16.6757042706013 16.6757042706013 16.6757042706013 16.6757042706013 16.6757042706013 17.6408614516258 17.6408614516258 17.6408614516258 17.6408614516258 17.6408614516258 17.6408614516258 18.4282488226891 18.4282488226891 18.4282488226891 18.4282488226891 18.4282488226891 18.4282488226891 18.9049432277679 18.9049432277679 18.9049432277679 18.9049432277679 18.9049432277679 18.9049432277679 19.0229907631874 19.0229907631874 19.0229907631874 19.0229907631874 19.0229907631874 19.0229907631874 19.132198870182 19.132198870182 19.132198870182 19.132198870182 19.132198870182 19.132198870182 19.1028430461884 19.1028430461884 19.1028430461884 19.1028430461884 19.1028430461884 19.1028430461884 18.8023359775543 18.8023359775543 18.8023359775543 18.8023359775543
16.6757042706013 16.6757042706013 16.6757042706013 16.6757042706013 16.6757042706013 16.6757042706013 17.6408614516258 17.6408614516258 17.6408614516258 17.6408614516258 17.6408614516258 17.6408614516258 18.4282488226891 18.4282488226891 18.4282488226891 18.4282488226891 18.4282488226891 18.4282488226891 18.9049432277679 18.9049432277679 18.9049432277679 18.9049432277679 18.9049432277679 18.9049432277679 19.0229907631874 19.0229907631874 19.0229907631874 19.0229907631874 19.0229907631874 19.0229907631874 19.132198870182 19.132198870182 19.132198870182 19.132198870182 19.132198870182 19.132198870182 19.1028430461884 19.1028430461884 19.1028430461884 19.1028430461884 19.1028430461884 19.1028430461884 18.8023359775543 18.8023359775543 18.8023359775543 18.8023359775543
16.6757042706013 16.6757042706013 16.6757042706013 16.6757042706013 16.6757042706013 16.6757042706013 17.6408614516258 17.6408614516258 17.6408614516258 17.6408614516258 17.6408614516258 17.6408614516258 18.4282488226891 18.4282488226891 18.4282488226891 18.4282488226891 18.4282488226891 18.4282488226891 18.9049432277679 18.9049432277679 18.9049432277679 18.9049432277679 18.9049432277679 18.9049432277679 19.0229907631874 19.0229907631874 19.0229907631874 19.0229907631874 19.0229907631874 19.0229907631874 19.132198870182 19.132198870182 19.132198870182 19.132198870182 19.132198870182 19.132198870182 19.1028430461884 19.1028430461884 19.1028430461884 19.1028430461884 19.1028430461884 19.1028430461884 18.8023359775543 18.8023359775543 18.8023359775543 18.8023359775543
16.6757042706013 16.6757042706013 16.6757042706013 16.6757042706013 16.6757042706013 16.6757042706013 17.6408614516258 17.6408614516258 17.6408614516258 17.6408614516258 17.6408614516258 17.6408614516258 18.4282488226891 18.4282488226891 18.4282488226891 18.4282488226891 18.4282488226891 18.4282488226891 18.9049432277679 18.9049432277679 18.9049432277679 18.9049432277679 18.9049432277679 18.9049432277679 19.0229907631874 19.0229907631874 19.0229907631874 19.0229907631874 19.0229907631874 19.0229907631874 19.132198870182 19.132198870182 19.132198870182 19.132198870182 19.132198870182 19.132198870182 19.1028430461884 19.1028430461884 19.1028430461884 19.1028430461884 19.1028430461884 19.1028430461884 18.8023359775543 18.8023359775543 18.8023359775543 18.8023359775543
17.2075301706791 17.2075301706791 17.2075301706791 17.2075301706791 17.2075301706791 17.2075301706791 18.2381731569767 18.2381731569767 18.2381731569767 18.2381731569767 18.2381731569767 18.2381731569767 19.0517144799232 19.0517144799232 19.0517144799232 19.0517144799232 19.0517144799232 19.0517144799232 19.4952799081802 19.4952799081802 19.4952799081802 19.4952799081802 19.4952799081802 19.4952799081802 19.747517645359 19.747517645359 19.747517645359 19.747517645359 19.747517645359 19.747517645359 19.698609650135 19.698609650135 19.698609650135 19.698609650135 19.698609650135 19.698609650135 19.4691290259361 19.4691290259361 19.4691290259361 19.4691290259361 19.4691290259361 19.4691290259361 19.3915464282036 19.3915464282036 19.3915464282036 19.3915464282036
17.2075301706791 17.2075301706791 17.2075301706791 17.2075301706791 17.2075301706791 17.2075301706791 18.2381731569767 18.2381731569767 18.2381731569767 18.2381731569767 18.2381731569767 18.2381731569767 19.0517144799232 19.0517144799232 19.0517144799232 19.0517144799232 19.0517144799232 19.0517144799232 19.4952799081802 19.4952799081802 19.4952799081802 19.4952799081802 19.4952799081802 19.4952799081802 19.747517645359 19.747517645359 19.747517645359 19.747517645359 19.747517645359 19.747517645359 19.698609650135 19.698609650135 19.698609650135 19.698609650135 19.698609650135 19.698609650135 19.4691290259361 19.4691290259361 19.4691290259361 19.4691290259361 19.4691290259361 19.4691290259361 19.3915464282036 19.3915464282036 19.3915464282036 19.3915464282036
17.2075301706791 17.2075301706791 17.2075301706791 17.2075301706791 17.2075301706791 17.2075301706791 18.2381731569767 18.2381731569767 18.2381731569767 18.2381731569767 18.2381731569767 18.2381731569767 19.0517144799232 19.0517144799232 19.0517144799232 19.0517144799232 19.0517144799232 19.0517144799232 19.4952799081802 19.4952799081802 19.4952799081802 19.4952799081802 19.4952799081802 19.4952799081802 19.747517645359 19.747517645359 19.747517645359 19.747517645359 19.747517645359 19.747517645359 19.698609650135 19.698609650135 19.698609650135 19.698609650135 19.698609650135 19.698609650135 19.4691290259361 19.4691290259361 19.4691290259361 19.4691290259361 19.4691290259361 19.4691290259361 19.3915464282036 19.3915464282036 19.3915464282036 19.3915464282036
17.2075301706791 17.2075301706791 17.2075301706791 17.2075301706791 17.2075301706791 17.2075301706791 18.2381731569767 18.2381731569767 18.2381731569767 18.2381731569767 18.2381731569767 18.2381731569767 19.0517144799232 19.0517144799232 19.0517144799232 19.0517144799232 19.0517144799232 19.0517144799232 19.4952799081802 19.4952799081802 19.4952799081802 19.4952799081802 19.4952799081802 19.4952799081802 19.747517645359 19.747517645359 19.747517645359 19.747517645359 19.747517645359 19.747517645359 19.698609650135 19.698609650135 19.698609650135 19.698609650135 19.698609650135 19.698609650135 19.4691290259361 19.4691290259361 19.4691290259361 19.4691290259361 19.4691290259361 19.4691290259361 19.3915464282036 19.3915464282036 19.3915464282036 19.3915464282036
17.2075301706791 17.2075301706791 17.2075301706791 17.2075301706791 17.2075301706791 17.2075301706791 18.2381731569767 18.2381731569767 18.2381731569767 18.2381731569767 18.2381731569767 18.2381731569767 19.0517144799232 19.0517144799232 19.0517144799232 19.0517144799232 19.0517144799232 19.0517144799232 19.4952799081802 19.4952799081802 19.4952799081802 19.4952799081802 19.4952799081802 19.4952799081802 19.747517645359 19.747517645359 19.747517645359 19.747517645359 19.747517645359 19.747517645359 19.698609650135 19.698609650135 19.698609650135 19.698609650135 19.698609650135 19.698609650135 19.4691290259361 19.4691290259361 19.4691290259361 19.4691290259361 19.4691290259361 19.4691290259361 19.3915464282036 19.3915464282036 19.3915464282036 19.3915464282036
17.2075301706791 17.2075301706791 17.2075301706791 17.2075301706791 17.2075301706791 17.2075301706791 18.2381731569767 18.2381731569767 18.2381731569767 18.2381731569767 18.2381731569767 18.2381731569767 19.0517144799232 19.0517144799232 19.0517144799232 19.0517144799232 19.0517144799232 19.0517144799232 19.4952799081802 19.4952799081802 19.4952799081802 19.4952799081802 19.4952799081802 19.4952799081802 19.747517645359 19.747517645359 19.747517645359 19.747517645359 19.747517645359 19.747517645359 19.698609650135 19.698609650135 19.698609650135 19.698609650135 19.698609650135 19.698609650135 19.4691290259361 19.4691290259361 19.4691290259361 19.4691290259361 19.4691290259361 19.4691290259361 19.3915464282036 19.3915464282036 19.3915464282036 19.3915464282036
17.6569940447807 17.6569940447807 17.6569940447807 17.6569940447807 17.6569940447807 17.6569940447807 18.5290877819061 18.5290877819061 18.5290877819061 18.5290877819061 18.5290877819061 18.5290877819061 19.3260892629623 19.3260892629623 19.3260892629623 19.3260892629623 19.3260892629623 19.3260892629623 19.9111930727959 19.9111930727959 19.9111930727959 19.9111930727959 19.9111930727959 19.9111930727959 20.2574701905251 20.2574701905251 20.2574701905251 20.2574701905251 20.2574701905251 20.2574701905251 20.241741001606 20.241741001606 20.241741001606 20.241741001606 20.241741001606 20.241741001606 20.2697535157204 20.2697535157204 20.2697535157204 20.2697535157204 20.2697535157204 20.2697535157204 20.1906024813652 20.1906024813652 20.1906024813652 20.1906024813652
17.6569940447807 17.6569940447807 17.6569940447807 17.6569940447807 17.6569940447807 17.6569940447807 18.5290877819061 18.5290877819061 18.5290877819061 18.5290877819061 18.5290877819061 18.5290877819061 19.3260892629623 19.3260892629623 19.3260892629623 19.3260892629623 19.3260892629623 19.3260892629623 19.9111930727959 19.9111930727959 19.9111930727959 19.9111930727959 19.9111930727959 19.9111930727959 20.2574701905251 20.2574701905251 20.2574701905251 20.2574701905251 20.2574701905251 20.2574701905251 20.241741001606 20.241741001606 20.241741001606 20.241741001606 20.241741001606 20.241741001606 20.2697535157204 20.2697535157204 20.2697535157204 20.2697535157204 20.2697535157204 20.2697535157204 20.1906024813652 20.1906024813652 20.1906024813652 20.1906024813652
17.6569940447807 17.6569940447807 17.6569940447807 17.6569940447807 17.6569940447807 17.6569940447807 18.5290877819061 18.5290877819061 18.5290877819061 18.5290877819061 18.5290877819061 18.5290877819061 19.3260892629623 19.3260892629623 19.3260892629623 19.3260892629623 19.3260892629623 19.3260892629623 19.9111930727959 19.9111930727959 19.9111930727959 19.9111930727959 19.9111930727959 19.9111930727959 20.2574701905251 20.2574701905251 20.2574701905251 20.2574701905251 20.2574701905251 20.2574701905251 20.241741001606 20.241741001606 20.241741001606 20.241741001606 20.241741001606 20.241741001606 20.2697535157204 20.2697535157204 20.2697535157204 20.2697535157204 20.2697535157204 20.2697535157204 20.1906024813652 20.1906024813652 20.1906024813652 20.1906024813652
17.6569940447807 17.6569940447807 17.6569940447807 17.6569940447807 17.6569940447807 17.6569940447807 18.5290877819061 18.5290877819061 18.5290877819061 18.5290877819061 18.5290877819061 18.5290877819061 19.3260892629623 19.3260892629623 19.3260892629623 19.3260892629623 19.3260892629623 19.3260892629623 19.9111930727959 19.9111930727959 19.9111930727959 19.9111930727959 19.9111930727959 19.9111930727959 20.2574701905251 20.2574701905251 20.2574701905251 20.2574701905251 20.2574701905251 20.2574701905251 20.241741001606 20.241741001606 20.241741001606 20.241741001606 20.241741001606 20.241741001606 20.2697535157204 20.2697535157204 20.2697535157204 20.2697535157204 20.2697535157204 20.2697535157204 20.1906024813652 20.1906024813652 20.1906024813652 20.1906024813652
17.6569940447807 17.6569940447807 17.6569940447807 17.6569940447807 17.6569940447807 17.6569940447807 18.5290877819061 18.5290877819061 18.5290877819061 18.5290877819061 18.5290877819061 18.5290877819061 19.3260892629623 19.3260892629623 19.3260892629623 19.3260892629623 19.3260892629623 19.3260892629623 19.9111930727959 19.9111930727959 19.9111930727959 19.9111930727959 19.9111930727959 19.9111930727959 20.2574701905251 20.2574701905251 20.2574701905251 20.2574701905251 20.2574701905251 20.2574701905251 20.241741001606 20.241741001606 20.241741001606 20.241741001606 20.241741001606 20.241741001606 20.2697535157204 20.2697535157204 20.2697535157204 20.2697535157204 20.2697535157204 20.2697535157204 20.1906024813652 20.1906024813652 20.1906024813652 20.1906024813652
