Model input/Uganda/SWradiation/SWdown_mean_aug_1.asc
NCOLS 67 
NROWS 67 
XLLCORNER 29.5000000014144 
YLLCORNER -1.49999999936061 
CELLSIZE 0.0833333332926796 
NODATA_value -9999 
[rows 40 to 59 of 67, columns 0 to 45 of 67]
16.6195273995399 16.6195273995399 16.6195273995399 16.6195273995399 16.6195273995399 16.6195273995399 17.4014880657196 17.4014880657196 17.4014880657196 17.4014880657196 17.4014880657196 17.4014880657196 18.1401101946831 18.1401101946831 18.1401101946831 18.1401101946831 18.1401101946831 18.1401101946831 18.7125286459923 18.7125286459923 18.7125286459923 18.7125286459923 18.7125286459923 18.7125286459923 18.9211020469666 18.9211020469666 18.9211020469666 18.9211020469666 18.9211020469666 18.9211020469666 18.8989686369896 18.8989686369896 18.8989686369896 18.8989686369896 18.8989686369896 18.8989686369896 18.9437944889069 18.9437944889069 18.9437944889069 18.9437944889069 18.9437944889069 18.9437944889069 18.8231111764908 18.8231111764908 18.8231111764908 18.8231111764908
16.6195273995399 16.6195273995399 16.6195273995399 16.6195273995399 16.6195273995399 16.6195273995399 17.4014880657196 17.4014880657196 17.4014880657196 17.4014880657196 17.4014880657196 17.4014880657196 18.1401101946831 18.1401101946831 18.1401101946831 18.1401101946831 18.1401101946831 18.1401101946831 18.7125286459923 18.7125286459923 18.7125286459923 18.7125286459923 18.7125286459923 18.7125286459923 18.9211020469666 18.9211020469666 18.9211020469666 18.9211020469666 18.9211020469666 18.9211020469666 18.8989686369896 18.8989686369896 18.8989686369896 18.8989686369896 18.8989686369896 18.8989686369896 18.9437944889069 18.9437944889069 18.9437944889069 18.9437944889069 18.9437944889069 18.9437944889069 18.8231111764908 18.8231111764908 18.8231111764908 18.8231111764908
16.6195273995399 16.6195273995399 16.6195273995399 16.6195273995399 16.6195273995399 16.6195273995399 17.4014880657196 17.4014880657196 17.4014880657196 17.4014880657196 17.4014880657196 17.4014880657196 18.1401101946831 18.1401101946831 18.1401101946831 18.1401101946831 18.1401101946831 18.1401101946831 18.7125286459923 18.7125286459923 18.7125286459923 18.7125286459923 18.7125286459923 18.7125286459923 18.9211020469666 18.9211020469666 18.9211020469666 18.9211020469666 18.9211020469666 18.9211020469666 18.8989686369896 18.8989686369896 18.8989686369896 18.8989686369896 18.8989686369896 18.8989686369896 18.9437944889069 18.9437944889069 18.9437944889069 18.9437944889069 18.9437944889069 18.9437944889069 18.8231111764908 18.8231111764908 18.8231111764908 18.8231111764908
17.1635456681252 17.1635456681252 17.1635456681252 17.1635456681252 17.1635456681252 17.1635456681252 17.9894934892654 17.9894934892654 17.9894934892654 17.9894934892654 17.9894934892654 17.9894934892654 18.7356299757957 18.7356299757957 18.7356299757957 18.7356299757957 18.7356299757957 18.7356299757957 19.2722461819649 19.2722461819649 19.2722461819649 19.2722461819649 19.2722461819649 19.2722461819649 19.5115018486977 19.5115018486977 19.5115018486977 19.5115018486977 19.5115018486977 19.5115018486977 19.7100645899773 19.7100645899773 19.7100645899773 19.7100645899773 19.7100645899773 19.7100645899773 19.7921397089958 19.7921397089958 19.7921397089958 19.7921397089958 19.7921397089958 19.7921397089958 19.6224130988121 19.6224130988121 19.6224130988121 19.6224130988121
17.1635456681252 17.1635456681252 17.1635456681252 17.1635456681252 17.1635456681252 17.1635456681252 17.9894934892654 17.9894934892654 17.9894934892654 17.9894934892654 17.9894934892654 17.9894934892654 18.7356299757957 18.7356299757957 18.7356299757957 18.7356299757957 18.7356299757957 18.7356299757957 19.2722461819649 19.2722461819649 19.2722461819649 19.2722461819649 19.2722461819649 19.2722461819649 19.5115018486977 19.5115018486977 19.5115018486977 19.5115018486977 19.5115018486977 19.5115018486977 19.7100645899773 19.7100645899773 19.7100645899773 19.7100645899773 19.7100645899773 19.7100645899773 19.7921397089958 19.7921397089958 19.7921397089958 19.7921397089958 19.7921397089958 19.7921397089958 19.6224130988121 19.6224130988121 19.6224130988121 19.6224130988121
17.1635456681252 17.1635456681252 17.1635456681252 17.1635456681252 17.1635456681252 17.1635456681252 17.9894934892654 17.9894934892654 17.9894934892654 17.9894934892654 17.9894934892654 17.9894934892654 18.7356299757957 18.7356299757957 18.7356299757957 18.7356299757957 18.7356299757957 18.7356299757957 19.2722461819649 19.2722461819649 19.2722461819649 19.2722461819649 19.2722461819649 19.2722461819649 19.5115018486977 19.5115018486977 19.5115018486977 19.5115018486977 19.5115018486977 19.5115018486977 19.7100645899773 19.7100645899773 19.7100645899773 19.7100645899773 19.7100645899773 19.7100645899773 19.7921397089958 19.7921397089958 19.7921397089958 19.7921397089958 19.7921397089958 19.7921397089958 19.6224130988121 19.6224130988121 19.6224130988121 19.6224130988121
17.1635456681252 17.1635456681252 17.1635456681252 17.1635456681252 17.1635456681252 17.1635456681252 17.9894934892654 17.9894934892654 17.9894934892654 17.9894934892654 17.9894934892654 17.9894934892654 18.7356299757957 18.7356299757957 18.7356299757957 18.7356299757957 18.7356299757957 18.7356299757957 19.2722461819649 19.2722461819649 19.2722461819649 19.2722461819649 19.2722461819649 19.2722461819649 19.5115018486977 19.5115018486977 19.5115018486977 19.5115018486977 19.5115018486977 19.5115018486977 19.7100645899773 19.7100645899773 19.7100645899773 19.7100645899773 19.7100645899773 19.7100645899773 19.7921397089958 19.7921397089958 19.7921397089958 19.7921397089958 19.7921397089958 19.7921397089958 19.6224130988121 19.6224130988121 19.6224130988121 19.6224130988121
17.1635456681252 17.1635456681252 17.1635456681252 17.1635456681252 17.1635456681252 17.1635456681252 17.9894934892654 17.9894934892654 17.9894934892654 17.9894934892654 17.9894934892654 17.9894934892654 18.7356299757957 18.7356299757957 18.7356299757957 18.7356299757957 18.7356299757957 18.7356299757957 19.2722461819649 19.2722461819649 19.2722461819649 19.2722461819649 19.2722461819649 19.2722461819649 19.5115018486977 19.5115018486977 19.5115018486977 19.5115018486977 19.5115018486977 19.5115018486977 19.7100645899773 19.7100645899773 19.7100645899773 19.7100645899773 19.7100645899773 19.7100645899773 19.7921397089958 19.7921397089958 19.7921397089958 19.7921397089958 19.7921397089958 19.7921397089958 19.6224130988121 19.6224130988121 19.6224130988121 19.6224130988121
17.1635456681252 17.1635456681252 17.1635456681252 17.1635456681252 17.1635456681252 17.1635456681252 17.9894934892654 17.9894934892654 17.9894934892654 17.9894934892654 17.9894934892654 17.9894934892654 18.7356299757957 18.7356299757957 18.7356299757957 18.7356299757957 18.7356299757957 18.7356299757957 19.2722461819649 19.2722461819649 19.2722461819649 19.2722461819649 19.2722461819649 19.2722461819649 19.5115018486977 19.5115018486977 19.5115018486977 19.5115018486977 19.5115018486977 19.5115018486977 19.7100645899773 19.7100645899773 19.7100645899773 19.7100645899773 19.7100645899773 19.7100645899773 19.7921397089958 19.7921397089958 19.7921397089958 19.7921397089958 19.7921397089958 19.7921397089958 19.6224130988121 19.6224130988121 19.6224130988121 19.6224130988121
17.631267786026 17.631267786026 17.631267786026 17.631267786026 17.631267786026 17.631267786026 18.6185939311981 18.6185939311981 18.6185939311981 18.6185939311981 18.6185939311981 18.6185939311981 19.3465930819511 19.3465930819511 19.3465930819511 19.3465930819511 19.3465930819511 19.3465930819511 19.8541303873062 19.8541303873062 19.8541303873062 19.8541303873062 19.8541303873062 19.8541303873062 20.2384074926376 20.2384074926376 20.2384074926376 20.2384074926376 20.2384074926376 20.2384074926376 20.309886276722 20.309886276722 20.309886276722 20.309886276722 20.309886276722 20.309886276722 20.1730442643166 20.1730442643166 20.1730442643166 20.1730442643166 20.1730442643166 20.1730442643166 20.2365865111351 20.2365865111351 20.2365865111351 20.2365865111351
17.631267786026 17.631267786026 17.631267786026 17.631267786026 17.631267786026 17.631267786026 18.6185939311981 18.6185939311981 18.6185939311981 18.6185939311981 18.6185939311981 18.6185939311981 19.3465930819511 19.3465930819511 19.3465930819511 19.3465930819511 19.3465930819511 19.3465930819511 19.8541303873062 19.8541303873062 19.8541303873062 19.8541303873062 19.8541303873062 19.8541303873062 20.2384074926376 20.2384074926376 20.2384074926376 20.2384074926376 20.2384074926376 20.2384074926376 20.309886276722 20.309886276722 20.309886276722 20.309886276722 20.309886276722 20.309886276722 20.1730442643166 20.1730442643166 20.1730442643166 20.1730442643166 20.1730442643166 20.1730442643166 20.2365865111351 20.2365865111351 20.2365865111351 20.2365865111351
17.631267786026 17.631267786026 17.631267786026 17.631267786026 17.631267786026 17.631267786026 18.6185939311981 18.6185939311981 18.6185939311981 18.6185939311981 18.6185939311981 18.6185939311981 19.3465930819511 19.3465930819511 19.3465930819511 19.3465930819511 19.3465930819511 19.3465930819511 19.8541303873062 19.8541303873062 19.8541303873062 19.8541303873062 19.8541303873062 19.8541303873062 20.2384074926376 20.2384074926376 20.2384074926376 20.2384074926376 20.2384074926376 20.2384074926376 20.309886276722 20.309886276722 20.309886276722 20.309886276722 20.309886276722 20.309886276722 20.1730442643166 20.1730442643166 20.1730442643166 20.1730442643166 20.1730442643166 20.1730442643166 20.2365865111351 20.2365865111351 20.2365865111351 20.2365865111351
17.631267786026 17.631267786026 17.631267786026 17.631267786026 17.631267786026 17.631267786026 18.6185939311981 18.6185939311981 18.6185939311981 18.6185939311981 18.6185939311981 18.6185939311981 19.3465930819511 19.3465930819511 19.3465930819511 19.3465930819511 19.3465930819511 19.3465930819511 19.8541303873062 19.8541303873062 19.8541303873062 19.8541303873062 19.8541303873062 19.8541303873062 20.2384074926376 20.2384074926376 20.2384074926376 20.2384074926376 20.2384074926376 20.2384074926376 20.309886276722 20.309886276722 20.309886276722 20.309886276722 20.309886276722 20.309886276722 20.1730442643166 20.1730442643166 20.1730442643166 20.1730442643166 20.1730442643166 20.1730442643166 20.2365865111351 20.2365865111351 20.2365865111351 20.2365865111351
17.631267786026 17.631267786026 17.631267786026 17.631267786026 17.631267786026 17.631267786026 18.6185939311981 18.6185939311981 18.6185939311981 18.6185939311981 18.6185939311981 18.6185939311981 19.3465930819511 19.3465930819511 19.3465930819511 19.3465930819511 19.3465930819511 19.3465930819511 19.8541303873062 19.8541303873062 19.8541303873062 19.8541303873062 19.8541303873062 19.8541303873062 20.2384074926376 20.2384074926376 20.2384074926376 20.2384074926376 20.2384074926376 20.2384074926376 20.309886276722 20.309886276722 20.309886276722 20.309886276722 20.309886276722 20.309886276722 20.1730442643166 20.1730442643166 20.1730442643166 20.1730442643166 20.1730442643166 20.1730442643166 20.2365865111351 20.2365865111351 20.2365865111351 20.2365865111351
17.631267786026 17.631267786026 17.631267786026 17.631267786026 17.631267786026 17.631267786026 18.6185939311981 18.6185939311981 18.6185939311981 18.6185939311981 18.6185939311981 18.6185939311981 19.3465930819511 19.3465930819511 19.3465930819511 19.3465930819511 19.3465930819511 19.3465930819511 19.8541303873062 19.8541303873062 19.8541303873062 19.8541303873062 19.8541303873062 19.8541303873062 20.2384074926376 20.2384074926376 20.2384074926376 20.2384074926376 20.2384074926376 20.2384074926376 20.309886276722 20.309886276722 20.309886276722 20.309886276722 20.309886276722 20.309886276722 20.1730442643166 20.1730442643166 20.1730442643166 20.1730442643166 20.1730442643166 20.1730442643166 20.2365865111351 20.2365865111351 20.2365865111351 20.2365865111351
18.0139973163605 18.0139973163605 18.0139973163605 18.0139973163605 18.0139973163605 18.0139973163605 18.8971774578094 18.8971774578094 18.8971774578094 18.8971774578094 18.8971774578094 18.8971774578094 19.6241915225983 19.6241915225983 19.6241915225983 19.6241915225983 19.6241915225983 19.6241915225983 20.3039391636848 20.3039391636848 20.3039391636848 20.3039391636848 20.3039391636848 20.3039391636848 20.6620320677757 20.6620320677757 20.6620320677757 20.6620320677757 20.6620320677757 20.6620320677757 20.8344078063965 20.8344078063965 20.8344078063965 20.8344078063965 20.8344078063965 20.8344078063965 20.9878524541855 20.9878524541855 20.9878524541855 20.9878524541855 20.9878524541855 20.9878524541855 20.9891186356544 20.9891186356544 20.9891186356544 20.9891186356544
18.0139973163605 18.0139973163605 18.0139973163605 18.0139973163605 18.0139973163605 18.0139973163605 18.8971774578094 18.8971774578094 18.8971774578094 18.8971774578094 18.8971774578094 18.8971774578094 19.6241915225983 19.6241915225983 19.6241915225983 19.6241915225983 19.6241915225983 19.6241915225983 20.3039391636848 20.3039391636848 20.3039391636848 20.3039391636848 20.3039391636848 20.3039391636848 20.6620320677757 20.6620320677757 20.6620320677757 20.6620320677757 20.6620320677757 20.6620320677757 20.8344078063965 20.8344078063965 20.8344078063965 20.8344078063965 20.8344078063965 20.8344078063965 20.9878524541855 20.9878524541855 20.9878524541855 20.9878524541855 20.9878524541855 20.9878524541855 20.9891186356544 20.9891186356544 20.9891186356544 20.9891186356544
18.0139973163605 18.0139973163605 18.0139973163605 18.0139973163605 18.0139973163605 18.0139973163605 18.8971774578094 18.8971774578094 18.8971774578094 18.8971774578094 18.8971774578094 18.8971774578094 19.6241915225983 19.6241915225983 19.6241915225983 19.6241915225983 19.6241915225983 19.6241915225983 20.3039391636848 20.3039391636848 20.3039391636848 20.3039391636848 20.3039391636848 20.3039391636848 20.6620320677757 20.6620320677757 20.6620320677757 20.6620320677757 20.6620320677757 20.6620320677757 20.8344078063965 20.8344078063965 20.8344078063965 20.8344078063965 20.8344078063965 20.8344078063965 20.9878524541855 20.9878524541855 20.9878524541855 20.9878524541855 20.9878524541855 20.9878524541855 20.9891186356544 20.9891186356544 20.9891186356544 20.9891186356544
18.0139973163605 18.0139973163605 18.0139973163605 18.0139973163605 18.0139973163605 18.0139973163605 18.8971774578094 18.8971774578094 18.8971774578094 18.8971774578094 18.8971774578094 18.8971774578094 19.6241915225983 19.6241915225983 19.6241915225983 19.6241915225983 19.6241915225983 19.6241915225983 20.3039391636848 20.3039391636848 20.3039391636848 20.3039391636848 20.3039391636848 20.3039391636848 20.6620320677757 20.6620320677757 20.6620320677757 20.6620320677757 20.6620320677757 20.6620320677757 20.8344078063965 20.8344078063965 20.8344078063965 20.8344078063965 20.8344078063965 20.8344078063965 20.9878524541855 20.9878524541855 20.9878524541855 20.9878524541855 20.9878524541855 20.9878524541855 20.9891186356544 20.9891186356544 20.9891186356544 20.9891186356544
18.0139973163605 18.0139973163605 18.0139973163605 18.0139973163605 18.0139973163605 18.0139973163605 18.8971774578094 18.8971774578094 18.8971774578094 18.8971774578094 18.8971774578094 18.8971774578094 19.6241915225983 19.6241915225983 19.6241915225983 19.6241915225983 19.6241915225983 19.6241915225983 20.3039391636848 20.3039391636848 20.3039391636848 20.3039391636848 20.3039391636848 20.3039391636848 20.6620320677757 20.6620320677757 20.6620320677757 20.6620320677757 20.6620320677757 20.6620320677757 20.8344078063965 20.8344078063965 20.8344078063965 20.8344078063965 20.8344078063965 20.8344078063965 20.9878524541855 20.9878524541855 20.9878524541855 20.9878524541855 20.9878524541855 20.9878524541855 20.9891186356544 20.9891186356544 20.9891186356544 20.9891186356544
