Model input/Uganda/SWradiation/SWdown_mean_apr_1.asc
NCOLS 67 
NROWS 67 
XLLCORNER 29.5000000014144 
YLLCORNER -1.49999999936061 
CELLSIZE 0.0833333332926796 
NODATA_value -9999 
[rows 40 to 59 of 67, columns 0 to 45 of 67]
17.5784168839455 17.5784168839455 17.5784168839455 17.5784168839455 17.5784168839455 17.5784168839455 17.9459793567657 17.9459793567657 17.9459793567657 17.9459793567657 17.9459793567657 17.9459793567657 18.1141406297684 18.1141406297684 18.1141406297684 18.1141406297684 18.1141406297684 18.1141406297684 18.0313860177994 18.0313860177994 18.0313860177994 18.0313860177994 18.0313860177994 18.0313860177994 17.859454959631 17.859454959631 17.859454959631 17.859454959631 17.859454959631 17.859454959631 17.5554845929146 17.5554845929146 17.5554845929146 17.5554845929146 17.5554845929146 17.5554845929146 17.0386216342449 17.0386216342449 17.0386216342449 17.0386216342449 17.0386216342449 17.0386216342449 16.7238252460957 16.7238252460957 16.7238252460957 16.7238252460957
17.5784168839455 17.5784168839455 17.5784168839455 17.5784168839455 17.5784168839455 17.5784168839455 17.9459793567657 17.9459793567657 17.9459793567657 17.9459793567657 17.9459793567657 17.9459793567657 18.1141406297684 18.1141406297684 18.1141406297684 18.1141406297684 18.1141406297684 18.1141406297684 18.0313860177994 18.0313860177994 18.0313860177994 18.0313860177994 18.0313860177994 18.0313860177994 17.859454959631 17.859454959631 17.859454959631 17.859454959631 17.859454959631 17.859454959631 17.5554845929146 17.5554845929146 17.5554845929146 17.5554845929146 17.5554845929146 17.5554845929146 17.0386216342449 17.0386216342449 17.0386216342449 17.0386216342449 17.0386216342449 17.0386216342449 16.7238252460957 16.7238252460957 16.7238252460957 16.7238252460957
17.5784168839455 17.5784168839455 17.5784168839455 17.5784168839455 17.5784168839455 17.5784168839455 17.9459793567657 17.9459793567657 17.9459793567657 17.9459793567657 17.9459793567657 17.9459793567657 18.1141406297684 18.1141406297684 18.1141406297684 18.1141406297684 18.1141406297684 18.1141406297684 18.0313860177994 18.0313860177994 18.0313860177994 18.0313860177994 18.0313860177994 18.0313860177994 17.859454959631 17.859454959631 17.859454959631 17.859454959631 17.859454959631 17.859454959631 17.5554845929146 17.5554845929146 17.5554845929146 17.5554845929146 17.5554845929146 17.5554845929146 17.0386216342449 17.0386216342449 17.0386216342449 17.0386216342449 17.0386216342449 17.0386216342449 16.7238252460957 16.7238252460957 16.7238252460957 16.7238252460957
17.5329858064651 17.5329858064651 17.5329858064651 17.5329858064651 17.5329858064651 17.5329858064651 17.7130759954453 17.7130759954453 17.7130759954453 17.7130759954453 17.7130759954453 17.7130759954453 17.9447373747826 17.9447373747826 17.9447373747826 17.9447373747826 17.9447373747826 17.9447373747826 17.879292011261 17.879292011261 17.879292011261 17.879292011261 17.879292011261 17.879292011261 17.6905156373978 17.6905156373978 17.6905156373978 17.6905156373978 17.6905156373978 17.6905156373978 17.3518848121166 17.3518848121166 17.3518848121166 17.3518848121166 17.3518848121166 17.3518848121166 17.1506407260895 17.1506407260895 17.1506407260895 17.1506407260895 17.1506407260895 17.1506407260895 17.0924645662308 17.0924645662308 17.0924645662308 17.0924645662308
17.5329858064651 17.5329858064651 17.5329858064651 17.5329858064651 17.5329858064651 17.5329858064651 17.7130759954453 17.7130759954453 17.7130759954453 17.7130759954453 17.7130759954453 17.7130759954453 17.9447373747826 17.9447373747826 17.9447373747826 17.9447373747826 17.9447373747826 17.9447373747826 17.879292011261 17.879292011261 17.879292011261 17.879292011261 17.879292011261 17.879292011261 17.6905156373978 17.6905156373978 17.6905156373978 17.6905156373978 17.6905156373978 17.6905156373978 17.3518848121166 17.3518848121166 17.3518848121166 17.3518848121166 17.3518848121166 17.3518848121166 17.1506407260895 17.1506407260895 17.1506407260895 17.1506407260895 17.1506407260895 17.1506407260895 17.0924645662308 17.0924645662308 17.0924645662308 17.0924645662308
17.5329858064651 17.5329858064651 17.5329858064651 17.5329858064651 17.5329858064651 17.5329858064651 17.7130759954453 17.7130759954453 17.7130759954453 17.7130759954453 17.7130759954453 17.7130759954453 17.9447373747826 17.9447373747826 17.9447373747826 17.9447373747826 17.9447373747826 17.9447373747826 17.879292011261 17.879292011261 17.879292011261 17.879292011261 17.879292011261 17.879292011261 17.6905156373978 17.6905156373978 17.6905156373978 17.6905156373978 17.6905156373978 17.6905156373978 17.3518848121166 17.3518848121166 17.3518848121166 17.3518848121166 17.3518848121166 17.3518848121166 17.1506407260895 17.1506407260895 17.1506407260895 17.1506407260895 17.1506407260895 17.1506407260895 17.0924645662308 17.0924645662308 17.0924645662308 17.0924645662308
17.5329858064651 17.5329858064651 17.5329858064651 17.5329858064651 17.5329858064651 17.5329858064651 17.7130759954453 17.7130759954453 17.7130759954453 17.7130759954453 17.7130759954453 17.7130759954453 17.9447373747826 17.9447373747826 17.9447373747826 17.9447373747826 17.9447373747826 17.9447373747826 17.879292011261 17.879292011261 17.879292011261 17.879292011261 17.879292011261 17.879292011261 17.6905156373978 17.6905156373978 17.6905156373978 17.6905156373978 17.6905156373978 17.6905156373978 17.3518848121166 17.3518848121166 17.3518848121166 17.3518848121166 17.3518848121166 17.3518848121166 17.1506407260895 17.1506407260895 17.1506407260895 17.1506407260895 17.1506407260895 17.1506407260895 17.0924645662308 17.0924645662308 17.0924645662308 17.0924645662308
17.5329858064651 17.5329858064651 17.5329858064651 17.5329858064651 17.5329858064651 17.5329858064651 17.7130759954453 17.7130759954453 17.7130759954453 17.7130759954453 17.7130759954453 17.7130759954453 17.9447373747826 17.9447373747826 17.9447373747826 17.9447373747826 17.9447373747826 17.9447373747826 17.879292011261 17.879292011261 17.879292011261 17.879292011261 17.879292011261 17.879292011261 17.6905156373978 17.6905156373978 17.6905156373978 17.6905156373978 17.6905156373978 17.6905156373978 17.3518848121166 17.3518848121166 17.3518848121166 17.3518848121166 17.3518848121166 17.3518848121166 17.1506407260895 17.1506407260895 17.1506407260895 17.1506407260895 17.1506407260895 17.1506407260895 17.0924645662308 17.0924645662308 17.0924645662308 17.0924645662308
17.5329858064651 17.5329858064651 17.5329858064651 17.5329858064651 17.5329858064651 17.5329858064651 17.7130759954453 17.7130759954453 17.7130759954453 17.7130759954453 17.7130759954453 17.7130759954453 17.9447373747826 17.9447373747826 17.9447373747826 17.9447373747826 17.9447373747826 17.9447373747826 17.879292011261 17.879292011261 17.879292011261 17.879292011261 17.879292011261 17.879292011261 17.6905156373978 17.6905156373978 17.6905156373978 17.6905156373978 17.6905156373978 17.6905156373978 17.3518848121166 17.3518848121166 17.3518848121166 17.3518848121166 17.3518848121166 17.3518848121166 17.1506407260895 17.1506407260895 17.1506407260895 17.1506407260895 17.1506407260895 17.1506407260895 17.0924645662308 17.0924645662308 17.0924645662308 17.0924645662308
17.4352508187294 17.4352508187294 17.4352508187294 17.4352508187294 17.4352508187294 17.4352508187294 17.6803401112556 17.6803401112556 17.6803401112556 17.6803401112556 17.6803401112556 17.6803401112556 17.7568683028221 17.7568683028221 17.7568683028221 17.7568683028221 17.7568683028221 17.7568683028221 17.712226331234 17.712226331234 17.712226331234 17.712226331234 17.712226331234 17.712226331234 17.4450153708458 17.4450153708458 17.4450153708458 17.4450153708458 17.4450153708458 17.4450153708458 17.2671682238579 17.2671682238579 17.2671682238579 17.2671682238579 17.2671682238579 17.2671682238579 17.3586799502373 17.3586799502373 17.3586799502373 17.3586799502373 17.3586799502373 17.3586799502373 17.65983492136 17.65983492136 17.65983492136 17.65983492136
17.4352508187294 17.4352508187294 17.4352508187294 17.4352508187294 17.4352508187294 17.4352508187294 17.6803401112556 17.6803401112556 17.6803401112556 17.6803401112556 17.6803401112556 17.6803401112556 17.7568683028221 17.7568683028221 17.7568683028221 17.7568683028221 17.7568683028221 17.7568683028221 17.712226331234 17.712226331234 17.712226331234 17.712226331234 17.712226331234 17.712226331234 17.4450153708458 17.4450153708458 17.4450153708458 17.4450153708458 17.4450153708458 17.4450153708458 17.2671682238579 17.2671682238579 17.2671682238579 17.2671682238579 17.2671682238579 17.2671682238579 17.3586799502373 17.3586799502373 17.3586799502373 17.3586799502373 17.3586799502373 17.3586799502373 17.65983492136 17.65983492136 17.65983492136 17.65983492136
17.4352508187294 17.4352508187294 17.4352508187294 17.4352508187294 17.4352508187294 17.4352508187294 17.6803401112556 17.6803401112556 17.6803401112556 17.6803401112556 17.6803401112556 17.6803401112556 17.7568683028221 17.7568683028221 17.7568683028221 17.7568683028221 17.7568683028221 17.7568683028221 17.712226331234 17.712226331234 17.712226331234 17.712226331234 17.712226331234 17.712226331234 17.4450153708458 17.4450153708458 17.4450153708458 17.4450153708458 17.4450153708458 17.4450153708458 17.2671682238579 17.2671682238579 17.2671682238579 17.2671682238579 17.2671682238579 17.2671682238579 17.3586799502373 17.3586799502373 17.3586799502373 17.3586799502373 17.3586799502373 17.3586799502373 17.65983492136 17.65983492136 17.65983492136 17.65983492136
17.4352508187294 17.4352508187294 17.4352508187294 17.4352508187294 17.4352508187294 17.4352508187294 17.6803401112556 17.6803401112556 17.6803401112556 17.6803401112556 17.6803401112556 17.6803401112556 17.7568683028221 17.7568683028221 17.7568683028221 17.7568683028221 17.7568683028221 17.7568683028221 17.712226331234 17.712226331234 17.712226331234 17.712226331234 17.712226331234 17.712226331234 17.4450153708458 17.4450153708458 17.4450153708458 17.4450153708458 17.4450153708458 17.4450153708458 17.2671682238579 17.2671682238579 17.2671682238579 17.2671682238579 17.2671682238579 17.2671682238579 17.3586799502373 17.3586799502373 17.3586799502373 17.3586799502373 17.3586799502373 17.3586799502373 17.65983492136 17.65983492136 17.65983492136 17.65983492136
17.4352508187294 17.4352508187294 17.4352508187294 17.4352508187294 17.4352508187294 17.4352508187294 17.6803401112556 17.6803401112556 17.6803401112556 17.6803401112556 17.6803401112556 17.6803401112556 17.7568683028221 17.7568683028221 17.7568683028221 17.7568683028221 17.7568683028221 17.7568683028221 17.712226331234 17.712226331234 17.712226331234 17.712226331234 17.712226331234 17.712226331234 17.4450153708458 17.4450153708458 17.4450153708458 17.4450153708458 17.4450153708458 17.4450153708458 17.2671682238579 17.2671682238579 17.2671682238579 17.2671682238579 17.2671682238579 17.2671682238579 17.3586799502373 17.3586799502373 17.3586799502373 17.3586799502373 17.3586799502373 17.3586799502373 17.65983492136 17.65983492136 17.65983492136 17.65983492136
17.4352508187294 17.4352508187294 17.4352508187294 17.4352508187294 17.4352508187294 17.4352508187294 17.6803401112556 17.6803401112556 17.6803401112556 17.6803401112556 17.6803401112556 17.6803401112556 17.7568683028221 17.7568683028221 17.7568683028221 17.7568683028221 17.7568683028221 17.7568683028221 17.712226331234 17.712226331234 17.712226331234 17.712226331234 17.712226331234 17.712226331234 17.4450153708458 17.4450153708458 17.4450153708458 17.4450153708458 17.4450153708458 17.4450153708458 17.2671682238579 17.2671682238579 17.2671682238579 17.2671682238579 17.2671682238579 17.2671682238579 17.3586799502373 17.3586799502373 17.3586799502373 17.3586799502373 17.3586799502373 17.3586799502373 17.65983492136 17.65983492136 17.65983492136 17.65983492136
17.3126376867294 17.3126376867294 17.3126376867294 17.3126376867294 17.3126376867294 17.3126376867294 17.4773787260056 17.4773787260056 17.4773787260056 17.4773787260056 17.4773787260056 17.4773787260056 17.5343805551529 17.5343805551529 17.5343805551529 17.5343805551529 17.5343805551529 17.5343805551529 17.3643496632576 17.3643496632576 17.3643496632576 17.3643496632576 17.3643496632576 17.3643496632576 17.3801952302456 17.3801952302456 17.3801952302456 17.3801952302456 17.3801952302456 17.3801952302456 17.6032190322876 17.6032190322876 17.6032190322876 17.6032190322876 17.6032190322876 17.6032190322876 17.9349402785301 17.9349402785301 17.9349402785301 17.9349402785301 17.9349402785301 17.9349402785301 18.2604689002037 18.2604689002037 18.2604689002037 18.2604689002037
17.3126376867294 17.3126376867294 17.3126376867294 17.3126376867294 17.3126376867294 17.3126376867294 17.4773787260056 17.4773787260056 17.4773787260056 17.4773787260056 17.4773787260056 17.4773787260056 17.5343805551529 17.5343805551529 17.5343805551529 17.5343805551529 17.5343805551529 17.5343805551529 17.3643496632576 17.3643496632576 17.3643496632576 17.3643496632576 17.3643496632576 17.3643496632576 17.3801952302456 17.3801952302456 17.3801952302456 17.3801952302456 17.3801952302456 17.3801952302456 17.6032190322876 17.6032190322876 17.6032190322876 17.6032190322876 17.6032190322876 17.6032190322876 17.9349402785301 17.9349402785301 17.9349402785301 17.9349402785301 17.9349402785301 17.9349402785301 18.2604689002037 18.2604689002037 18.2604689002037 18.2604689002037
17.3126376867294 17.3126376867294 17.3126376867294 17.3126376867294 17.3126376867294 17.3126376867294 17.4773787260056 17.4773787260056 17.4773787260056 17.4773787260056 17.4773787260056 17.4773787260056 17.5343805551529 17.5343805551529 17.5343805551529 17.5343805551529 17.5343805551529 17.5343805551529 17.3643496632576 17.3643496632576 17.3643496632576 17.3643496632576 17.3643496632576 17.3643496632576 17.3801952302456 17.3801952302456 17.3801952302456 17.3801952302456 17.3801952302456 17.3801952302456 17.6032190322876 17.6032190322876 17.6032190322876 17.6032190322876 17.6032190322876 17.6032190322876 17.9349402785301 17.9349402785301 17.9349402785301 17.9349402785301 17.9349402785301 17.9349402785301 18.2604689002037 18.2604689002037 18.2604689002037 18.2604689002037
17.3126376867294 17.3126376867294 17.3126376867294 17.3126376867294 17.3126376867294 17.3126376867294 17.4773787260056 17.4773787260056 17.4773787260056 17.4773787260056 17.4773787260056 17.4773787260056 17.5343805551529 17.5343805551529 17.5343805551529 17.5343805551529 17.5343805551529 17.5343805551529 17.3643496632576 17.3643496632576 17.3643496632576 17.3643496632576 17.3643496632576 17.3643496632576 17.3801952302456 17.3801952302456 17.3801952302456 17.3801952302456 17.3801952302456 17.3801952302456 17.6032190322876 17.6032190322876 17.6032190322876 17.6032190322876 17.6032190322876 17.6032190322876 17.9349402785301 17.9349402785301 17.9349402785301 17.9349402785301 17.9349402785301 17.9349402785301 18.2604689002037 18.2604689002037 18.2604689002037 18.2604689002037
17.3126376867294 17.3126376867294 17.3126376867294 17.3126376867294 17.3126376867294 17.3126376867294 17.4773787260056 17.4773787260056 17.4773787260056 17.4773787260056 17.4773787260056 17.4773787260056 17.5343805551529 17.5343805551529 17.5343805551529 17.5343805551529 17.5343805551529 17.5343805551529 17.3643496632576 17.3643496632576 17.3643496632576 17.3643496632576 17.3643496632576 17.3643496632576 17.3801952302456 17.3801952302456 17.3801952302456 17.3801952302456 17.3801952302456 17.3801952302456 17.6032190322876 17.6032190322876 17.6032190322876 17.6032190322876 17.6032190322876 17.6032190322876 17.9349402785301 17.9349402785301 17.9349402785301 17.9349402785301 17.9349402785301 17.9349402785301 18.2604689002037 18.2604689002037 18.2604689002037 18.2604689002037
