Model input/Uganda/SWradiation/SWdown_mean_apr_1.asc
NCOLS 67 
NROWS 67 
XLLCORNER 29.5000000014144 
YLLCORNER -1.49999999936061 
CELLSIZE 0.0833333332926796 
NODATA_value -9999 
[rows 20 to 39 of 67, columns 0 to 45 of 67]
-9999 -9999 -9999 -9999 -9999 -9999 -9999 -9999 -9999 -9999 -9999 -9999 -9999 -9999 -9999 18.775135576725 18.775135576725 18.775135576725 19.0978208780289 19.0978208780289 19.0978208780289 19.0978208780289 19.0978208780289 19.0978208780289 19.1761772632599 19.1761772632599 19.1761772632599 19.1761772632599 19.1761772632599 19.1761772632599 19.2792389392853 19.2792389392853 19.2792389392853 19.2792389392853 19.2792389392853 19.2792389392853 19.2774032354355 19.2774032354355 19.2774032354355 19.2774032354355 19.2774032354355 19.2774032354355 19.1634346246719 19.1634346246719 19.1634346246719 19.1634346246719
-9999 -9999 -9999 -9999 -9999 -9999 -9999 -9999 -9999 -9999 -9999 -9999 -9999 -9999 -9999 18.775135576725 18.775135576725 18.775135576725 19.0978208780289 19.0978208780289 19.0978208780289 19.0978208780289 19.0978208780289 19.0978208780289 19.1761772632599 19.1761772632599 19.1761772632599 19.1761772632599 19.1761772632599 19.1761772632599 19.2792389392853 19.2792389392853 19.2792389392853 19.2792389392853 19.2792389392853 19.2792389392853 19.2774032354355 19.2774032354355 19.2774032354355 19.2774032354355 19.2774032354355 19.2774032354355 19.1634346246719 19.1634346246719 19.1634346246719 19.1634346246719
-9999 -9999 -9999 -9999 -9999 -9999 -9999 -9999 -9999 -9999 -9999 -9999 -9999 -9999 -9999 -9999 18.775135576725 18.775135576725 19.0978208780289 19.0978208780289 19.0978208780289 19.0978208780289 19.0978208780289 19.0978208780289 19.1761772632599 19.1761772632599 19.1761772632599 19.1761772632599 19.1761772632599 19.1761772632599 19.2792389392853 19.2792389392853 19.2792389392853 19.2792389392853 19.2792389392853 19.2792389392853 19.2774032354355 19.2774032354355 19.2774032354355 19.2774032354355 19.2774032354355 19.2774032354355 19.1634346246719 19.1634346246719 19.1634346246719 19.1634346246719
-9999 -9999 -9999 -9999 -9999 -9999 -9999 -9999 -9999 -9999 -9999 -9999 -9999 -9999 -9999 -9999 -9999 18.775135576725 19.0978208780289 19.0978208780289 19.0978208780289 19.0978208780289 19.0978208780289 19.0978208780289 19.1761772632599 19.1761772632599 19.1761772632599 19.1761772632599 19.1761772632599 19.1761772632599 19.2792389392853 19.2792389392853 19.2792389392853 19.2792389392853 19.2792389392853 19.2792389392853 19.2774032354355 19.2774032354355 19.2774032354355 19.2774032354355 19.2774032354355 19.2774032354355 19.1634346246719 19.1634346246719 19.1634346246719 19.1634346246719
-9999 -9999 -9999 -9999 -9999 -9999 -9999 -9999 -9999 -9999 -9999 -9999 -9999 -9999 -9999 18.775135576725 18.775135576725 18.775135576725 19.0978208780289 19.0978208780289 19.0978208780289 19.0978208780289 19.0978208780289 19.0978208780289 19.1761772632599 19.1761772632599 19.1761772632599 19.1761772632599 19.1761772632599 19.1761772632599 19.2792389392853 19.2792389392853 19.2792389392853 19.2792389392853 19.2792389392853 19.2792389392853 19.2774032354355 19.2774032354355 19.2774032354355 19.2774032354355 19.2774032354355 19.2774032354355 19.1634346246719 19.1634346246719 19.1634346246719 19.1634346246719
-9999 -9999 -9999 -9999 -9999 -9999 -9999 -9999 -9999 -9999 -9999 -9999 -9999 -9999 -9999 18.5001900792122 18.5001900792122 18.5001900792122 18.6869794726372 18.6869794726372 18.6869794726372 18.6869794726372 18.6869794726372 18.6869794726372 18.7925837635994 18.7925837635994 18.7925837635994 18.7925837635994 18.7925837635994 18.7925837635994 18.4955973029137 18.4955973029137 18.4955973029137 18.4955973029137 18.4955973029137 18.4955973029137 18.1347659230232 18.1347659230232 18.1347659230232 18.1347659230232 18.1347659230232 18.1347659230232 17.5948929786682 17.5948929786682 17.5948929786682 17.5948929786682
-9999 -9999 -9999 -9999 -9999 -9999 -9999 -9999 -9999 -9999 -9999 -9999 -9999 -9999 -9999 18.5001900792122 18.5001900792122 18.5001900792122 18.6869794726372 18.6869794726372 18.6869794726372 18.6869794726372 18.6869794726372 18.6869794726372 18.7925837635994 18.7925837635994 18.7925837635994 18.7925837635994 18.7925837635994 18.7925837635994 18.4955973029137 18.4955973029137 18.4955973029137 18.4955973029137 18.4955973029137 18.4955973029137 18.1347659230232 18.1347659230232 18.1347659230232 18.1347659230232 18.1347659230232 18.1347659230232 17.5948929786682 17.5948929786682 17.5948929786682 17.5948929786682
-9999 -9999 -9999 -9999 -9999 -9999 -9999 -9999 -9999 -9999 -9999 -9999 -9999 -9999 -9999 18.5001900792122 18.5001900792122 18.5001900792122 18.6869794726372 18.6869794726372 18.6869794726372 18.6869794726372 18.6869794726372 18.6869794726372 18.7925837635994 18.7925837635994 18.7925837635994 18.7925837635994 18.7925837635994 18.7925837635994 18.4955973029137 18.4955973029137 18.4955973029137 18.4955973029137 18.4955973029137 18.4955973029137 18.1347659230232 18.1347659230232 18.1347659230232 18.1347659230232 18.1347659230232 18.1347659230232 17.5948929786682 17.5948929786682 17.5948929786682 17.5948929786682
-9999 -9999 -9999 -9999 -9999 -9999 -9999 -9999 -9999 -9999 -9999 -9999 -9999 -9999 18.5001900792122 18.5001900792122 18.5001900792122 18.5001900792122 18.6869794726372 18.6869794726372 18.6869794726372 18.6869794726372 18.6869794726372 18.6869794726372 18.7925837635994 18.7925837635994 18.7925837635994 18.7925837635994 18.7925837635994 18.7925837635994 18.4955973029137 18.4955973029137 18.4955973029137 18.4955973029137 18.4955973029137 18.4955973029137 18.1347659230232 18.1347659230232 18.1347659230232 18.1347659230232 18.1347659230232 18.1347659230232 17.5948929786682 17.5948929786682 17.5948929786682 17.5948929786682
-9999 -9999 -9999 -9999 -9999 -9999 -9999 -9999 -9999 -9999 -9999 18.2856209874153 18.5001900792122 18.5001900792122 18.5001900792122 18.5001900792122 18.5001900792122 18.5001900792122 18.6869794726372 18.6869794726372 18.6869794726372 18.6869794726372 18.6869794726372 18.6869794726372 18.7925837635994 18.7925837635994 18.7925837635994 18.7925837635994 18.7925837635994 18.7925837635994 18.4955973029137 18.4955973029137 18.4955973029137 18.4955973029137 18.4955973029137 18.4955973029137 18.1347659230232 18.1347659230232 18.1347659230232 18.1347659230232 18.1347659230232 18.1347659230232 17.5948929786682 17.5948929786682 17.5948929786682 17.5948929786682
-9999 -9999 -9999 -9999 -9999 -9999 -9999 -9999 -9999 -9999 18.2856209874153 18.2856209874153 18.5001900792122 18.5001900792122 18.5001900792122 18.5001900792122 18.5001900792122 18.5001900792122 18.6869794726372 18.6869794726372 18.6869794726372 18.6869794726372 18.6869794726372 18.6869794726372 18.7925837635994 18.7925837635994 18.7925837635994 18.7925837635994 18.7925837635994 18.7925837635994 18.4955973029137 18.4955973029137 18.4955973029137 18.4955973029137 18.4955973029137 18.4955973029137 18.1347659230232 18.1347659230232 18.1347659230232 18.1347659230232 18.1347659230232 18.1347659230232 17.5948929786682 17.5948929786682 17.5948929786682 17.5948929786682
-9999 -9999 -9999 -9999 -9999 -9999 -9999 -9999 -9999 -9999 18.0679740905762 18.0679740905762 18.3063296675682 18.3063296675682 18.3063296675682 18.3063296675682 18.3063296675682 18.3063296675682 18.2838295102119 18.2838295102119 18.2838295102119 18.2838295102119 18.2838295102119 18.2838295102119 18.2112892270088 18.2112892270088 18.2112892270088 18.2112892270088 18.2112892270088 18.2112892270088 17.899608194828 17.899608194828 17.899608194828 17.899608194828 17.899608194828 17.899608194828 17.2174331843853 17.2174331843853 17.2174331843853 17.2174331843853 17.2174331843853 17.2174331843853 16.5014654099941 16.5014654099941 16.5014654099941 16.5014654099941
-9999 -9999 -9999 -9999 -9999 -9999 -9999 -9999 -9999 18.0679740905762 18.0679740905762 18.0679740905762 18.3063296675682 18.3063296675682 18.3063296675682 18.3063296675682 18.3063296675682 18.3063296675682 18.2838295102119 18.2838295102119 18.2838295102119 18.2838295102119 18.2838295102119 18.2838295102119 18.2112892270088 18.2112892270088 18.2112892270088 18.2112892270088 18.2112892270088 18.2112892270088 17.899608194828 17.899608194828 17.899608194828 17.899608194828 17.899608194828 17.899608194828 17.2174331843853 17.2174331843853 17.2174331843853 17.2174331843853 17.2174331843853 17.2174331843853 16.5014654099941 16.5014654099941 16.5014654099941 16.5014654099941
-9999 -9999 -9999 -9999 -9999 -9999 -9999 -9999 -9999 18.0679740905762 18.0679740905762 18.0679740905762 18.3063296675682 18.3063296675682 18.3063296675682 18.3063296675682 18.3063296675682 18.3063296675682 18.2838295102119 18.2838295102119 18.2838295102119 18.2838295102119 18.2838295102119 18.2838295102119 18.2112892270088 18.2112892270088 18.2112892270088 18.2112892270088 18.2112892270088 18.2112892270088 17.899608194828 17.899608194828 17.899608194828 17.899608194828 17.899608194828 17.899608194828 17.2174331843853 17.2174331843853 17.2174331843853 17.2174331843853 17.2174331843853 17.2174331843853 16.5014654099941 16.5014654099941 16.5014654099941 16.5014654099941
-9999 -9999 -9999 -9999 -9999 -9999 18.0679740905762 18.0679740905762 18.0679740905762 18.0679740905762 18.0679740905762 18.0679740905762 18.3063296675682 18.3063296675682 18.3063296675682 18.3063296675682 18.3063296675682 18.3063296675682 18.2838295102119 18.2838295102119 18.2838295102119 18.2838295102119 18.2838295102119 18.2838295102119 18.2112892270088 18.2112892270088 18.2112892270088 18.2112892270088 18.2112892270088 18.2112892270088 17.899608194828 17.899608194828 17.899608194828 17.899608194828 17.899608194828 17.899608194828 17.2174331843853 17.2174331843853 17.2174331843853 17.2174331843853 17.2174331843853 17.2174331843853 16.5014654099941 16.5014654099941 16.5014654099941 16.5014654099941
-9999 -9999 -9999 -9999 -9999 -9999 18.0679740905762 18.0679740905762 18.0679740905762 18.0679740905762 18.0679740905762 18.0679740905762 18.3063296675682 18.3063296675682 18.3063296675682 18.3063296675682 18.3063296675682 18.3063296675682 18.2838295102119 18.2838295102119 18.2838295102119 18.2838295102119 18.2838295102119 18.2838295102119 18.2112892270088 18.2112892270088 18.2112892270088 18.2112892270088 18.2112892270088 18.2112892270088 17.899608194828 17.899608194828 17.899608194828 17.899608194828 17.899608194828 17.899608194828 17.2174331843853 17.2174331843853 17.2174331843853 17.2174331843853 17.2174331843853 17.2174331843853 16.5014654099941 16.5014654099941 16.5014654099941 16.5014654099941
-9999 -9999 -9999 -9999 -9999 17.6591680645943 18.0679740905762 18.0679740905762 18.0679740905762 18.0679740905762 18.0679740905762 18.0679740905762 18.3063296675682 18.3063296675682 18.3063296675682 18.3063296675682 18.3063296675682 18.3063296675682 18.2838295102119 18.2838295102119 18.2838295102119 18.2838295102119 18.2838295102119 18.2838295102119 18.2112892270088 18.2112892270088 18.2112892270088 18.2112892270088 18.2112892270088 18.2112892270088 17.899608194828 17.899608194828 17.899608194828 17.899608194828 17.899608194828 17.899608194828 17.2174331843853 17.2174331843853 17.2174331843853 17.2174331843853 17.2174331843853 17.2174331843853 16.5014654099941 16.5014654099941 16.5014654099941 16.5014654099941
-9999 -9999 17.5784168839455 17.5784168839455 17.5784168839455 17.5784168839455 17.9459793567657 17.9459793567657 17.9459793567657 17.9459793567657 17.9459793567657 17.9459793567657 18.1141406297684 18.1141406297684 18.1141406297684 18.1141406297684 18.1141406297684 18.1141406297684 18.0313860177994 18.0313860177994 18.0313860177994 18.0313860177994 18.0313860177994 18.0313860177994 17.859454959631 17.859454959631 17.859454959631 17.859454959631 17.859454959631 17.859454959631 17.5554845929146 17.5554845929146 17.5554845929146 17.5554845929146 17.5554845929146 17.5554845929146 17.0386216342449 17.0386216342449 17.0386216342449 17.0386216342449 17.0386216342449 17.0386216342449 16.7238252460957 16.7238252460957 16.7238252460957 16.7238252460957
-9999 17.5784168839455 17.5784168839455 17.5784168839455 17.5784168839455 17.5784168839455 17.9459793567657 17.9459793567657 17.9459793567657 17.9459793567657 17.9459793567657 17.9459793567657 18.1141406297684 18.1141406297684 18.1141406297684 18.1141406297684 18.1141406297684 18.1141406297684 18.0313860177994 18.0313860177994 18.0313860177994 18.0313860177994 18.0313860177994 18.0313860177994 17.859454959631 17.859454959631 17.859454959631 17.859454959631 17.859454959631 17.859454959631 17.5554845929146 17.5554845929146 17.5554845929146 17.5554845929146 17.5554845929146 17.5554845929146 17.0386216342449 17.0386216342449 17.0386216342449 17.0386216342449 17.0386216342449 17.0386216342449 16.7238252460957 16.7238252460957 16.7238252460957 16.7238252460957
-9999 17.5784168839455 17.5784168839455 17.5784168839455 17.5784168839455 17.5784168839455 17.9459793567657 17.9459793567657 17.9459793567657 17.9459793567657 17.9459793567657 17.9459793567657 18.1141406297684 18.1141406297684 18.1141406297684 18.1141406297684 18.1141406297684 18.1141406297684 18.0313860177994 18.0313860177994 18.0313860177994 18.0313860177994 18.0313860177994 18.0313860177994 17.859454959631 17.859454959631 17.859454959631 17.859454959631 17.859454959631 17.859454959631 17.5554845929146 17.5554845929146 17.5554845929146 17.5554845929146 17.5554845929146 17.5554845929146 17.0386216342449 17.0386216342449 17.0386216342449 17.0386216342449 17.0386216342449 17.0386216342449 16.7238252460957 16.7238252460957 16.7238252460957 16.7238252460957
