Model input/Uganda/SWradiation/SWdown_mean_jul_1.asc
NCOLS 67 
NROWS 67 
XLLCORNER 29.5000000014144 
YLLCORNER -1.49999999936061 
CELLSIZE 0.0833333332926796 
NODATA_value -9999 
[rows 20 to 39 of 67, columns 0 to 45 of 67]
-9999 -9999 -9999 -9999 -9999 -9999 -9999 -9999 -9999 -9999 -9999 -9999 -9999 -9999 -9999 16.5773024857044 16.5773024857044 16.5773024857044 17.0354608595371 17.0354608595371 17.0354608595371 17.0354608595371 17.0354608595371 17.0354608595371 17.4410635232925 17.4410635232925 17.4410635232925 17.4410635232925 17.4410635232925 17.4410635232925 17.5094282031059 17.5094282031059 17.5094282031059 17.5094282031059 17.5094282031059 17.5094282031059 17.2495027780533 17.2495027780533 17.2495027780533 17.2495027780533 17.2495027780533 17.2495027780533 16.7596454024315 16.7596454024315 16.7596454024315 16.7596454024315
-9999 -9999 -9999 -9999 -9999 -9999 -9999 -9999 -9999 -9999 -9999 -9999 -9999 -9999 -9999 16.5773024857044 16.5773024857044 16.5773024857044 17.0354608595371 17.0354608595371 17.0354608595371 17.0354608595371 17.0354608595371 17.0354608595371 17.4410635232925 17.4410635232925 17.4410635232925 17.4410635232925 17.4410635232925 17.4410635232925 17.5094282031059 17.5094282031059 17.5094282031059 17.5094282031059 17.5094282031059 17.5094282031059 17.2495027780533 17.2495027780533 17.2495027780533 17.2495027780533 17.2495027780533 17.2495027780533 16.7596454024315 16.7596454024315 16.7596454024315 16.7596454024315
-9999 -9999 -9999 -9999 -9999 -9999 -9999 -9999 -9999 -9999 -9999 -9999 -9999 -9999 -9999 -9999 16.5773024857044 16.5773024857044 17.0354608595371 17.0354608595371 17.0354608595371 17.0354608595371 17.0354608595371 17.0354608595371 17.4410635232925 17.4410635232925 17.4410635232925 17.4410635232925 17.4410635232925 17.4410635232925 17.5094282031059 17.5094282031059 17.5094282031059 17.5094282031059 17.5094282031059 17.5094282031059 17.2495027780533 17.2495027780533 17.2495027780533 17.2495027780533 17.2495027780533 17.2495027780533 16.7596454024315 16.7596454024315 16.7596454024315 16.7596454024315
-9999 -9999 -9999 -9999 -9999 -9999 -9999 -9999 -9999 -9999 -9999 -9999 -9999 -9999 -9999 -9999 -9999 16.5773024857044 17.0354608595371 17.0354608595371 17.0354608595371 17.0354608595371 17.0354608595371 17.0354608595371 17.4410635232925 17.4410635232925 17.4410635232925 17.4410635232925 17.4410635232925 17.4410635232925 17.5094282031059 17.5094282031059 17.5094282031059 17.5094282031059 17.5094282031059 17.5094282031059 17.2495027780533 17.2495027780533 17.2495027780533 17.2495027780533 17.2495027780533 17.2495027780533 16.7596454024315 16.7596454024315 16.7596454024315 16.7596454024315
-9999 -9999 -9999 -9999 -9999 -9999 -9999 -9999 -9999 -9999 -9999 -9999 -9999 -9999 -9999 16.5773024857044 16.5773024857044 16.5773024857044 17.0354608595371 17.0354608595371 17.0354608595371 17.0354608595371 17.0354608595371 17.0354608595371 17.4410635232925 17.4410635232925 17.4410635232925 17.4410635232925 17.4410635232925 17.4410635232925 17.5094282031059 17.5094282031059 17.5094282031059 17.5094282031059 17.5094282031059 17.5094282031059 17.2495027780533 17.2495027780533 17.2495027780533 17.2495027780533 17.2495027780533 17.2495027780533 16.7596454024315 16.7596454024315 16.7596454024315 16.7596454024315
-9999 -9999 -9999 -9999 -9999 -9999 -9999 -9999 -9999 -9999 -9999 -9999 -9999 -9999 -9999 16.9262885451317 16.9262885451317 16.9262885451317 17.4481488466263 17.4481488466263 17.4481488466263 17.4481488466263 17.4481488466263 17.4481488466263 17.6896452903748 17.6896452903748 17.6896452903748 17.6896452903748 17.6896452903748 17.6896452903748 17.6734387874603 17.6734387874603 17.6734387874603 17.6734387874603 17.6734387874603 17.6734387874603 17.2652479112148 17.2652479112148 17.2652479112148 17.2652479112148 17.2652479112148 17.2652479112148 16.7757620513439 16.7757620513439 16.7757620513439 16.7757620513439
-9999 -9999 -9999 -9999 -9999 -9999 -9999 -9999 -9999 -9999 -9999 -9999 -9999 -9999 -9999 16.9262885451317 16.9262885451317 16.9262885451317 17.4481488466263 17.4481488466263 17.4481488466263 17.4481488466263 17.4481488466263 17.4481488466263 17.6896452903748 17.6896452903748 17.6896452903748 17.6896452903748 17.6896452903748 17.6896452903748 17.6734387874603 17.6734387874603 17.6734387874603 17.6734387874603 17.6734387874603 17.6734387874603 17.2652479112148 17.2652479112148 17.2652479112148 17.2652479112148 17.2652479112148 17.2652479112148 16.7757620513439 16.7757620513439 16.7757620513439 16.7757620513439
-9999 -9999 -9999 -9999 -9999 -9999 -9999 -9999 -9999 -9999 -9999 -9999 -9999 -9999 -9999 16.9262885451317 16.9262885451317 16.9262885451317 17.4481488466263 17.4481488466263 17.4481488466263 17.4481488466263 17.4481488466263 17.4481488466263 17.6896452903748 17.6896452903748 17.6896452903748 17.6896452903748 17.6896452903748 17.6896452903748 17.6734387874603 17.6734387874603 17.6734387874603 17.6734387874603 17.6734387874603 17.6734387874603 17.2652479112148 17.2652479112148 17.2652479112148 17.2652479112148 17.2652479112148 17.2652479112148 16.7757620513439 16.7757620513439 16.7757620513439 16.7757620513439
-9999 -9999 -9999 -9999 -9999 -9999 -9999 -9999 -9999 -9999 -9999 -9999 -9999 -9999 16.9262885451317 16.9262885451317 16.9262885451317 16.9262885451317 17.4481488466263 17.4481488466263 17.4481488466263 17.4481488466263 17.4481488466263 17.4481488466263 17.6896452903748 17.6896452903748 17.6896452903748 17.6896452903748 17.6896452903748 17.6896452903748 17.6734387874603 17.6734387874603 17.6734387874603 17.6734387874603 17.6734387874603 17.6734387874603 17.2652479112148 17.2652479112148 17.2652479112148 17.2652479112148 17.2652479112148 17.2652479112148 16.7757620513439 16.7757620513439 16.7757620513439 16.7757620513439
-9999 -9999 -9999 -9999 -9999 -9999 -9999 -9999 -9999 -9999 -9999 16.1219636201859 16.9262885451317 16.9262885451317 16.9262885451317 16.9262885451317 16.9262885451317 16.9262885451317 17.4481488466263 17.4481488466263 17.4481488466263 17.4481488466263 17.4481488466263 17.4481488466263 17.6896452903748 17.6896452903748 17.6896452903748 17.6896452903748 17.6896452903748 17.6896452903748 17.6734387874603 17.6734387874603 17.6734387874603 17.6734387874603 17.6734387874603 17.6734387874603 17.2652479112148 17.2652479112148 17.2652479112148 17.2652479112148 17.2652479112148 17.2652479112148 16.7757620513439 16.7757620513439 16.7757620513439 16.7757620513439
-9999 -9999 -9999 -9999 -9999 -9999 -9999 -9999 -9999 -9999 16.1219636201859 16.1219636201859 16.9262885451317 16.9262885451317 16.9262885451317 16.9262885451317 16.9262885451317 16.9262885451317 17.4481488466263 17.4481488466263 17.4481488466263 17.4481488466263 17.4481488466263 17.4481488466263 17.6896452903748 17.6896452903748 17.6896452903748 17.6896452903748 17.6896452903748 17.6896452903748 17.6734387874603 17.6734387874603 17.6734387874603 17.6734387874603 17.6734387874603 17.6734387874603 17.2652479112148 17.2652479112148 17.2652479112148 17.2652479112148 17.2652479112148 17.2652479112148 16.7757620513439 16.7757620513439 16.7757620513439 16.7757620513439
-9999 -9999 -9999 -9999 -9999 -9999 -9999 -9999 -9999 -9999 16.6751706302166 16.6751706302166 17.3713999986649 17.3713999986649 17.3713999986649 17.3713999986649 17.3713999986649 17.3713999986649 17.8657872080803 17.8657872080803 17.8657872080803 17.8657872080803 17.8657872080803 17.8657872080803 17.9791406393051 17.9791406393051 17.9791406393051 17.9791406393051 17.9791406393051 17.9791406393051 17.8853907585144 17.8853907585144 17.8853907585144 17.8853907585144 17.8853907585144 17.8853907585144 17.5014977753162 17.5014977753162 17.5014977753162 17.5014977753162 17.5014977753162 17.5014977753162 17.0097625553608 17.0097625553608 17.0097625553608 17.0097625553608
-9999 -9999 -9999 -9999 -9999 -9999 -9999 -9999 -9999 16.6751706302166 16.6751706302166 16.6751706302166 17.3713999986649 17.3713999986649 17.3713999986649 17.3713999986649 17.3713999986649 17.3713999986649 17.8657872080803 17.8657872080803 17.8657872080803 17.8657872080803 17.8657872080803 17.8657872080803 17.9791406393051 17.9791406393051 17.9791406393051 17.9791406393051 17.9791406393051 17.9791406393051 17.8853907585144 17.8853907585144 17.8853907585144 17.8853907585144 17.8853907585144 17.8853907585144 17.5014977753162 17.5014977753162 17.5014977753162 17.5014977753162 17.5014977753162 17.5014977753162 17.0097625553608 17.0097625553608 17.0097625553608 17.0097625553608
-9999 -9999 -9999 -9999 -9999 -9999 -9999 -9999 -9999 16.6751706302166 16.6751706302166 16.6751706302166 17.3713999986649 17.3713999986649 17.3713999986649 17.3713999986649 17.3713999986649 17.3713999986649 17.8657872080803 17.8657872080803 17.8657872080803 17.8657872080803 17.8657872080803 17.8657872080803 17.9791406393051 17.9791406393051 17.9791406393051 17.9791406393051 17.9791406393051 17.9791406393051 17.8853907585144 17.8853907585144 17.8853907585144 17.8853907585144 17.8853907585144 17.8853907585144 17.5014977753162 17.5014977753162 17.5014977753162 17.5014977753162 17.5014977753162 17.5014977753162 17.0097625553608 17.0097625553608 17.0097625553608 17.0097625553608
-9999 -9999 -9999 -9999 -9999 -9999 16.6751706302166 16.6751706302166 16.6751706302166 16.6751706302166 16.6751706302166 16.6751706302166 17.3713999986649 17.3713999986649 17.3713999986649 17.3713999986649 17.3713999986649 17.3713999986649 17.8657872080803 17.8657872080803 17.8657872080803 17.8657872080803 17.8657872080803 17.8657872080803 17.9791406393051 17.9791406393051 17.9791406393051 17.9791406393051 17.9791406393051 17.9791406393051 17.8853907585144 17.8853907585144 17.8853907585144 17.8853907585144 17.8853907585144 17.8853907585144 17.5014977753162 17.5014977753162 17.5014977753162 17.5014977753162 17.5014977753162 17.5014977753162 17.0097625553608 17.0097625553608 17.0097625553608 17.0097625553608
-9999 -9999 -9999 -9999 -9999 -9999 16.6751706302166 16.6751706302166 16.6751706302166 16.6751706302166 16.6751706302166 16.6751706302166 17.3713999986649 17.3713999986649 17.3713999986649 17.3713999986649 17.3713999986649 17.3713999986649 17.8657872080803 17.8657872080803 17.8657872080803 17.8657872080803 17.8657872080803 17.8657872080803 17.9791406393051 17.9791406393051 17.9791406393051 17.9791406393051 17.9791406393051 17.9791406393051 17.8853907585144 17.8853907585144 17.8853907585144 17.8853907585144 17.8853907585144 17.8853907585144 17.5014977753162 17.5014977753162 17.5014977753162 17.5014977753162 17.5014977753162 17.5014977753162 17.0097625553608 17.0097625553608 17.0097625553608 17.0097625553608
-9999 -9999 -9999 -9999 -9999 15.7548196613789 16.6751706302166 16.6751706302166 16.6751706302166 16.6751706302166 16.6751706302166 16.6751706302166 17.3713999986649 17.3713999986649 17.3713999986649 17.3713999986649 17.3713999986649 17.3713999986649 17.8657872080803 17.8657872080803 17.8657872080803 17.8657872080803 17.8657872080803 17.8657872080803 17.9791406393051 17.9791406393051 17.9791406393051 17.9791406393051 17.9791406393051 17.9791406393051 17.8853907585144 17.8853907585144 17.8853907585144 17.8853907585144 17.8853907585144 17.8853907585144 17.5014977753162 17.5014977753162 17.5014977753162 17.5014977753162 17.5014977753162 17.5014977753162 17.0097625553608 17.0097625553608 17.0097625553608 17.0097625553608
-9999 -9999 16.2203687131405 16.2203687131405 16.2203687131405 16.2203687131405 16.9846647083759 16.9846647083759 16.9846647083759 16.9846647083759 16.9846647083759 16.9846647083759 17.7866259813309 17.7866259813309 17.7866259813309 17.7866259813309 17.7866259813309 17.7866259813309 18.3307978510857 18.3307978510857 18.3307978510857 18.3307978510857 18.3307978510857 18.3307978510857 18.5023435354233 18.5023435354233 18.5023435354233 18.5023435354233 18.5023435354233 18.5023435354233 18.447747528553 18.447747528553 18.447747528553 18.447747528553 18.447747528553 18.447747528553 18.3089936673641 18.3089936673641 18.3089936673641 18.3089936673641 18.3089936673641 18.3089936673641 18.0257403254509 18.0257403254509 18.0257403254509 18.0257403254509
-9999 16.2203687131405 16.2203687131405 16.2203687131405 16.2203687131405 16.2203687131405 16.9846647083759 16.9846647083759 16.9846647083759 16.9846647083759 16.9846647083759 16.9846647083759 17.7866259813309 17.7866259813309 17.7866259813309 17.7866259813309 17.7866259813309 17.7866259813309 18.3307978510857 18.3307978510857 18.3307978510857 18.3307978510857 18.3307978510857 18.3307978510857 18.5023435354233 18.5023435354233 18.5023435354233 18.5023435354233 18.5023435354233 18.5023435354233 18.447747528553 18.447747528553 18.447747528553 18.447747528553 18.447747528553 18.447747528553 18.3089936673641 18.3089936673641 18.3089936673641 18.3089936673641 18.3089936673641 18.3089936673641 18.0257403254509 18.0257403254509 18.0257403254509 18.0257403254509
-9999 16.2203687131405 16.2203687131405 16.2203687131405 16.2203687131405 16.2203687131405 16.9846647083759 16.9846647083759 16.9846647083759 16.9846647083759 16.9846647083759 16.9846647083759 17.7866259813309 17.7866259813309 17.7866259813309 17.7866259813309 17.7866259813309 17.7866259813309 18.3307978510857 18.3307978510857 18.3307978510857 18.3307978510857 18.3307978510857 18.3307978510857 18.5023435354233 18.5023435354233 18.5023435354233 18.5023435354233 18.5023435354233 18.5023435354233 18.447747528553 18.447747528553 18.447747528553 18.447747528553 18.447747528553 18.447747528553 18.3089936673641 18.3089936673641 18.3089936673641 18.3089936673641 18.3089936673641 18.3089936673641 18.0257403254509 18.0257403254509 18.0257403254509 18.0257403254509
