Archive - glowpa-model-master/Model input/Uganda/survival/Tsurvival/Tsurvival_restime_1oct.asc
NCOLS 67 
NROWS 67 
XLLCORNER 29.500000001 
YLLCORNER -1.499999999 
CELLSIZE 0.0833333332985075 
NODATA_value -9999 
[rows 0 to 19 of 67, columns 0 to 44 of 67]
-9999.000000000000000 -9999 -9999 -9999 -9999 -9999 -9999 -9999 -9999 -9999 -9999 -9999 -9999 -9999 -9999 -9999 -9999 -9999 -9999 -9999 -9999 -9999 -9999 -9999 -9999 -9999 -9999 -9999 -9999 -9999 -9999 0.990204665801097 0.993168273320792 -9999 -9999 -9999 -9999 -9999 -9999 -9999 -9999 -9999 -9999 -9999 -9999
-9999 -9999 -9999 -9999 -9999 -9999 -9999 -9999 -9999 -9999 -9999 -9999 -9999 -9999 -9999 -9999 -9999 -9999 -9999 -9999 -9999 -9999 -9999 -9999 -9999 -9999 -9999 -9999 -9999 0.9931305028413 0.990875922621729 0.993046483539805 0.991144113540795 0.990260483858611 0.990533689692486 0.993355909659163 0.993880615022471 0.99287495801196 0.995927203854801 0.996308376141706 -9999 -9999 -9999 -9999 -9999
-9999 -9999 -9999 -9999 -9999 -9999 -9999 -9999 -9999 -9999 -9999 -9999 -9999 -9999 -9999 -9999 -9999 -9999 -9999 -9999 -9999 -9999 -9999 -9999 -9999 -9999 -9999 -9999 -9999 0.993911847136852 0.992705654653871 0.993736209869406 0.99279064581026 0.994948273593569 0.993104112869467 0.992906245791701 0.994939590231274 0.99492285729941 0.995010956221321 0.995630177503953 0.996473097348507 0.996207413984434 0.996228394992397 -9999 -9999
-9999 -9999 -9999 -9999 -9999 -9999 -9999 -9999 -9999 -9999 -9999 -9999 -9999 -9999 -9999 -9999 -9999 -9999 -9999 -9999 -9999 -9999 -9999 -9999 -9999 0.993375224498546 -9999 -9999 -9999 0.991277177328378 0.992453842183 0.992799780446579 0.992816075477953 0.990010359808182 0.992933867779219 0.993680710268096 0.993444303255434 0.993715179779773 0.992259783260012 0.994892377782557 0.996499943734872 0.994007342433573 0.994761649731932 -9999 -9999
-9999 -9999 -9999 -9999 -9999 -9999 -9999 -9999 -9999 -9999 -9999 -9999 -9999 -9999 -9999 -9999 -9999 -9999 -9999 -9999 -9999 -9999 0.993031572219807 -9999 -9999 0.990980717233152 -9999 -9999 -9999 0.996361441529986 0.995926487506757 0.995925609675012 0.993762763044995 0.993702945476992 0.993447917732331 0.990515756187234 0.993594930989344 0.991884525452347 0.994115509820107 0.993863705807601 0.992847460596986 0.994420920563754 0.994917469585817 0.993853477763598 -9999
-9999 -9999 -9999 -9999 -9999 -9999 -9999 -9999 -9999 -9999 -9999 -9999 -9999 -9999 -9999 -9999 -9999 -9999 -9999 -9999 -9999 0.990856230612572 0.993721894536442 0.993434179971378 0.993736078224609 0.990062178564355 0.996988131772751 0.997013419384085 0.99578276032338 0.996781167526181 0.99243493956737 0.995900006383721 0.994890757404251 0.99499858550631 0.993374899377377 0.992295477815213 0.994528268660842 0.993947039516735 0.991260981934471 0.994064172088322 0.991586846837241 0.994990435979856 0.995084615417471 0.99392406506637 -9999
-9999 -9999 -9999 -9999 -9999 -9999 -9999 -9999 -9999 -9999 -9999 -9999 -9999 -9999 -9999 -9999 -9999 -9999 -9999 0.993417941425223 0.994485440872915 0.994543574618015 0.99482558690104 0.99494251239565 0.991690665461757 0.992527775110729 0.996862131129006 0.996740951191518 0.996727415881406 0.996751093690891 0.993307667856603 0.992627273258465 0.994214188219809 0.991151456683528 0.993052170894427 0.994769624905472 0.994812908809442 0.99459876682808 0.993793369346428 0.994300989499733 0.994520095538419 0.994965926623708 0.995241755110665 0.991030617032101 -9999
-9999 -9999 -9999 -9999 -9999 -9999 -9999 -9999 -9999 -9999 -9999 -9999 -9999 -9999 -9999 -9999 -9999 0.99441225893122 0.99410695825261 0.991986545337668 0.993039998394101 0.991020999323032 0.990988044748976 0.994888874330725 0.989147788035121 0.99407464431348 0.995424016266062 0.989854129006151 0.99367745627386 0.99385398394529 0.99499953309483 0.992996846001995 0.995999988314171 0.993075664829624 0.99102357110351 0.991741381868591 0.994248043996326 0.993963733979213 0.993807322156812 0.993771726240182 0.99243218001797 0.993670700419659 0.993225269183593 0.993487230436142 0.990812631414605
-9999 -9999 -9999 -9999 -9999 -9999 -9999 -9999 -9999 -9999 -9999 -9999 -9999 -9999 -9999 -9999 -9999 0.994223673146286 0.990709276821178 0.993190136953619 0.993007281378916 0.991357419617243 0.99392742522733 0.99495448808962 0.994979213832821 0.99543645402831 0.993236174751468 0.993207289939627 0.993581399060586 0.993849046159732 0.995120352242661 0.995101169947262 0.993492134182411 0.994391427485259 0.991425125328508 0.99381213809675 0.991494658472097 0.994061680951355 0.991695547574586 0.993654138495802 0.993577773828686 0.995788560916526 0.993435933736022 0.994163678038263 0.993523534953144
-9999 -9999 -9999 -9999 -9999 -9999 -9999 -9999 -9999 -9999 -9999 -9999 -9999 -9999 -9999 -9999 -9999 0.994311528822436 0.994242991211866 0.994518737918842 0.993715385312557 0.991574136343809 0.99127872938398 0.992582144399261 0.99542484212347 0.993233651969252 0.991718375205291 0.993127924482359 0.991133301206557 0.994619728225334 0.995087068608975 0.993468337652333 0.993091690687557 0.996158267148527 0.996030511924408 0.993402708974945 0.991350262011889 0.992575866632558 0.993908077893191 0.994047127869762 0.994034678819372 0.995793766779356 0.993801234709441 0.994336854681286 0.993582371089976
-9999 -9999 -9999 -9999 -9999 -9999 -9999 -9999 -9999 -9999 -9999 -9999 -9999 -9999 -9999 -9999 0.994211666780433 0.994112948471155 0.994928999852935 0.995163770297737 0.995169070348344 0.995050983785512 0.993111790937219 0.993933806311337 0.996763975329105 0.994550976179158 0.993564826656003 0.990967148719953 0.991770601436441 0.994388190323991 0.994762010973465 0.990994880417362 0.995119311405159 0.99389647466324 0.993528697232093 0.994455179028576 0.994525422545892 0.99386001961285 0.994009206739617 0.995803056292077 0.994088632910812 0.993701582474655 0.993723911597598 0.993786921689506 0.995567333816726
-9999 -9999 -9999 -9999 -9999 -9999 -9999 -9999 -9999 -9999 -9999 -9999 -9999 -9999 -9999 -9999 0.994136416672819 0.992672256434775 0.993708250412091 0.99154133635035 0.993736689650581 0.990014935316648 0.992639642503083 0.995440050501209 0.993561311586976 0.994816905288974 0.994775173788322 0.994018354154944 0.994167544352618 0.99439356269093 0.994750387888807 0.992737502546802 0.995166855736323 0.993990027878435 0.994190879082666 0.996087240927538 0.994019252715999 0.995772935033506 0.994823864602636 0.993619716463475 0.992439008974596 0.99455106750933 0.993893764663274 0.994648854882395 0.993811908521082
-9999 -9999 -9999 -9999 -9999 -9999 -9999 -9999 -9999 -9999 -9999 -9999 -9999 -9999 -9999 0.994598028406662 0.992782367026127 0.993962530912373 0.99418464708917 0.992451394441105 0.993300477016319 0.990924550088322 0.996810896455678 0.996779562686583 0.993795426011473 0.99167443488122 0.994163591605484 0.991832245177036 0.994236402577098 0.994509705765884 0.994200915950133 0.992346461503358 0.995133478519529 0.991206057457173 0.99395098688663 0.994689642884833 0.994520555666632 0.993707247608903 0.994019681087812 0.992592910060301 0.991283156813273 0.994286201171112 0.993926875959411 0.994442500693618 0.99116103191442
-9999 -9999 -9999 -9999 -9999 -9999 -9999 -9999 -9999 -9999 -9999 -9999 -9999 -9999 -9999 -9999 0.994839644035402 0.994137738911901 0.991777871132478 0.99395325173012 0.992354650839206 0.989872269798643 0.995490504212076 0.996844867440581 0.991958049295719 0.991644186167743 0.992287221562875 0.994262282828792 0.991978134892674 0.99394697172669 0.994000417785497 0.994399013776526 0.995141060066375 0.994626254356616 0.991461025726435 0.994000646655842 0.996166758670398 0.993819394894885 0.993843180660828 0.994773493695551 0.99412322439525 0.993943966158586 0.993986527869507 0.994328004905226 0.993827681048741
-9999 -9999 -9999 -9999 -9999 -9999 -9999 -9999 -9999 -9999 -9999 -9999 -9999 -9999 -9999 -9999 -9999 0.994204146667143 0.994312546356103 0.994596074295911 0.994507402665115 0.994883214883921 0.996826937160476 0.991983274042242 0.994175629774077 0.994528765338438 0.99141070787093 0.992465854685857 0.994010966072594 0.99407340093441 0.991681268395795 0.994155985652331 0.994927482240116 0.994489501648063 0.994174073354321 0.994072901573736 0.994883466667187 0.994527584475565 0.994020541533511 0.994004212700297 0.994071093111814 0.993877427358261 0.9922296032221 0.994166896761723 0.994101287135116
-9999 -9999 -9999 -9999 -9999 -9999 -9999 -9999 -9999 -9999 -9999 -9999 -9999 -9999 -9999 -9999 0.995444017011639 0.992873696308982 0.993935623152738 0.994193155904509 0.994151444189309 0.991758455294876 0.996824517568217 0.993266416332639 0.992938174872788 0.995059782684762 0.994788571781918 0.994139048948407 0.993852800314285 0.994577190303486 0.992435300611128 0.994100270617381 0.994218264717242 0.992587683652643 0.994435067544164 0.994504075432982 0.994696546816657 0.99462661391918 0.994548111152764 0.995805370852371 0.994524715097375 0.994004990119501 0.995758638549086 0.995799873976192 0.9941407677984
-9999 -9999 -9999 -9999 -9999 -9999 -9999 -9999 -9999 -9999 -9999 -9999 -9999 -9999 -9999 -9999 0.995464314657496 0.995586987958023 0.993046854988901 0.993810020144828 0.995237846923619 0.995277186076242 0.995208402652321 0.99548392946309 0.993311103446207 0.991155082536969 0.991314088047703 0.991510908424814 0.994987740597539 0.994909374055499 0.993947226053743 0.991548386085278 0.99211399022833 0.994307220354975 0.992489300639939 0.994216127194987 0.991685156966678 0.994002059100073 0.994839331095083 0.994244569600061 0.99395747350606 0.991882214493653 0.993769447827746 0.991142027948216 0.993800487843696
-9999 -9999 -9999 -9999 -9999 -9999 -9999 -9999 -9999 -9999 -9999 -9999 -9999 -9999 -9999 0.99407614071961 0.994506359025759 0.994695155295225 0.995079467762035 0.993370206317528 0.992464176462568 0.993110370872293 0.99016174265029 0.996794005397854 0.99295839757266 0.995026655557014 0.995002547113997 0.994960965956564 0.994981134001395 0.993646239525381 0.994330054678407 0.991678931367395 0.994142508200377 0.993169681693886 0.994133716918448 0.992324193755145 0.994053775062252 0.994590138354502 0.994741741430677 0.995953568576204 0.995914074140573 0.993667541060351 0.991107098858306 0.993653721794621 0.993978561946216
-9999 -9999 -9999 -9999 -9999 -9999 -9999 -9999 -9999 -9999 -9999 -9999 -9999 -9999 -9999 0.995754887817166 0.996273315622389 0.99305855734543 0.995274783429148 0.99404893379427 0.994755552064662 0.99319247125929 0.993706946804795 0.996832159551089 0.993320125034461 0.990884669185124 0.993766591411298 0.991672409847778 0.993460019997065 0.993618358421179 0.992387319356776 0.993972566385075 0.99418484413146 0.99462790875369 0.995342516146866 0.99406548102875 0.994121418960971 0.994041732606193 0.991522361599621 0.994352361911392 0.994977073746856 0.994211780750763 0.9935453845742 0.992256343574165 0.99420038295638
-9999 -9999 -9999 -9999 -9999 -9999 -9999 -9999 -9999 -9999 -9999 -9999 -9999 -9999 -9999 0.995904374771256 0.996369802842889 0.994850283516907 0.992378741237833 0.99251705964446 0.993555649283513 0.990228129448578 0.993055307222503 0.993118630636029 0.99547341369707 0.990546180380737 0.992304487910824 0.993736306015445 0.99058169886874 0.995045030776584 0.994681102423579 0.994567210598329 0.994280414610459 0.994781996571411 0.993598578072921 0.994533124836454 0.992302536762308 0.992072910311492 0.99399131757764 0.994006754656756 0.994545456682104 0.99420676389641 0.994169430731895 0.995712268418781 0.994143846804439
