Archive - glowpa-model-master/Model input/Uganda/survival/Tsurvival/Tsurvival_restime_1jun.asc
NCOLS 67 
NROWS 67 
XLLCORNER 29.500000001 
YLLCORNER -1.499999999 
CELLSIZE 0.0833333332985075 
NODATA_value -9999 
[rows 0 to 19 of 67, columns 0 to 44 of 67]
-9999.000000000000000 -9999 -9999 -9999 -9999 -9999 -9999 -9999 -9999 -9999 -9999 -9999 -9999 -9999 -9999 -9999 -9999 -9999 -9999 -9999 -9999 -9999 -9999 -9999 -9999 -9999 -9999 -9999 -9999 -9999 -9999 0.991423407770326 0.993995291221433 -9999 -9999 -9999 -9999 -9999 -9999 -9999 -9999 -9999 -9999 -9999 -9999
-9999 -9999 -9999 -9999 -9999 -9999 -9999 -9999 -9999 -9999 -9999 -9999 -9999 -9999 -9999 -9999 -9999 -9999 -9999 -9999 -9999 -9999 -9999 -9999 -9999 -9999 -9999 -9999 -9999 0.993994821761641 0.991991716892866 0.993894173513937 0.992082003098723 0.991303493937173 0.991665361057334 0.994052618398839 0.994481902672498 0.993948856052398 0.996799307471199 0.997145990020085 -9999 -9999 -9999 -9999 -9999
-9999 -9999 -9999 -9999 -9999 -9999 -9999 -9999 -9999 -9999 -9999 -9999 -9999 -9999 -9999 -9999 -9999 -9999 -9999 -9999 -9999 -9999 -9999 -9999 -9999 -9999 -9999 -9999 -9999 0.994516854817862 0.993435081661265 0.994307066576527 0.993461270049172 0.995432747456941 0.993813079361735 0.99373567334942 0.995515822319201 0.995457661573515 0.995623694429329 0.99630146845954 0.997147151962561 0.996930057987176 0.997093697688753 -9999 -9999
-9999 -9999 -9999 -9999 -9999 -9999 -9999 -9999 -9999 -9999 -9999 -9999 -9999 -9999 -9999 -9999 -9999 -9999 -9999 -9999 -9999 -9999 -9999 -9999 -9999 0.994127768178531 -9999 -9999 -9999 0.991984042832782 0.993043023245673 0.99337213930781 0.993365712400573 0.990830559579017 0.993648306382904 0.994341207927053 0.994149972401942 0.994363344276451 0.993139009305912 0.995641204263046 0.997249459660333 0.995257801892794 0.995540785773794 -9999 -9999
-9999 -9999 -9999 -9999 -9999 -9999 -9999 -9999 -9999 -9999 -9999 -9999 -9999 -9999 -9999 -9999 -9999 -9999 -9999 -9999 -9999 -9999 0.993842359510817 -9999 -9999 0.991990964493799 -9999 -9999 -9999 0.996681588016895 0.996283648039149 0.996285075075402 0.994215938641939 0.994159328289629 0.994056011717492 0.991528428214949 0.994354265157877 0.992896338979269 0.994860897464665 0.994674483874872 0.993930529631108 0.995265240525653 0.995578543832674 0.994854379410778 -9999
-9999 -9999 -9999 -9999 -9999 -9999 -9999 -9999 -9999 -9999 -9999 -9999 -9999 -9999 -9999 -9999 -9999 -9999 -9999 -9999 -9999 0.992000486750779 0.994329062910119 0.99398827957139 0.994229446519663 0.990853695494462 0.997374774309596 0.997393029013781 0.996336858937031 0.997108319660645 0.992940149259399 0.996298380871596 0.99532010972036 0.995388880834254 0.993909795856318 0.993145915813749 0.995181273408049 0.994736514474685 0.992450505149461 0.994860915230406 0.992662209666454 0.995579839046305 0.995714777670969 0.994758070458124 -9999
-9999 -9999 -9999 -9999 -9999 -9999 -9999 -9999 -9999 -9999 -9999 -9999 -9999 -9999 -9999 -9999 -9999 -9999 -9999 0.994218050383498 0.995181292776784 0.994948770485938 0.995027689753574 0.995095592059614 0.992065228027588 0.993127549619229 0.997156675586984 0.997020198495726 0.997021061384269 0.997032148970072 0.993769870636534 0.993077185942028 0.994751630334423 0.991744627929877 0.993660274708658 0.995297651335257 0.995377433827176 0.995254330134409 0.994581432483112 0.995069489322786 0.995188328924877 0.995543209874114 0.99584091051371 0.992098336060547 -9999
-9999 -9999 -9999 -9999 -9999 -9999 -9999 -9999 -9999 -9999 -9999 -9999 -9999 -9999 -9999 -9999 -9999 0.995146805070934 0.994931777808743 0.992951034230836 0.993770243157774 0.99144150539295 0.991160048666232 0.99503368146789 0.988701235881868 0.994289797848493 0.995764353197116 0.990679392097618 0.994156296256096 0.994310104567232 0.995329355072239 0.993449766721593 0.996353248509566 0.993513708705404 0.991678791565698 0.99247534879737 0.99481033300382 0.99462799685644 0.994515945224852 0.994577566333832 0.993345919671385 0.994310370565204 0.994032501958367 0.994254352066865 0.991856482326429
-9999 -9999 -9999 -9999 -9999 -9999 -9999 -9999 -9999 -9999 -9999 -9999 -9999 -9999 -9999 -9999 -9999 0.99508530064667 0.99180131931688 0.993937289363769 0.993650549329125 0.991841468688656 0.994075134676446 0.995105332656307 0.995130198654962 0.995735778329758 0.993536026394606 0.99371994658743 0.994062483943468 0.994219744656149 0.995394855184042 0.995417695879787 0.993910946475361 0.994858896635905 0.992034260966304 0.994310072547436 0.992276742232616 0.994670395673996 0.992591942071321 0.994387417364905 0.994278865411025 0.99622270769091 0.994134237543411 0.994841185977175 0.994262657958455
-9999 -9999 -9999 -9999 -9999 -9999 -9999 -9999 -9999 -9999 -9999 -9999 -9999 -9999 -9999 -9999 -9999 0.995159481583852 0.994719186863689 0.994898248092361 0.994109453117367 0.991962214432967 0.99164876647137 0.992615832771751 0.995723199934046 0.993334084557868 0.992052485229962 0.993487425742548 0.991643307281909 0.994920193595016 0.995371175297648 0.993884362122583 0.993593626797955 0.996531093759771 0.996375666581152 0.993915309821081 0.992000874509564 0.993265771208462 0.994522114597497 0.99465119199211 0.994615839788651 0.996224658537204 0.99443298763885 0.994946771748496 0.994244989226923
-9999 -9999 -9999 -9999 -9999 -9999 -9999 -9999 -9999 -9999 -9999 -9999 -9999 -9999 -9999 -9999 0.994850578983596 0.994760562137146 0.995138476627346 0.995385842031937 0.995381548422764 0.995240810234625 0.993271126197028 0.994122086838626 0.996990016894439 0.994841052777742 0.994012131969451 0.991629071513508 0.992401435184928 0.994793449959816 0.995129231815149 0.991559225910779 0.995478564571089 0.99440243978405 0.994025683280964 0.994974250949125 0.995006837684218 0.994384164459908 0.99459297358169 0.996216874586341 0.994688624001459 0.994363206367173 0.994411174622834 0.994447242315083 0.996061747253767
-9999 -9999 -9999 -9999 -9999 -9999 -9999 -9999 -9999 -9999 -9999 -9999 -9999 -9999 -9999 -9999 0.994893897058103 0.993508405991525 0.994061392832303 0.991928654654841 0.994028919574174 0.990604063655905 0.99267795516576 0.995745676771063 0.993877096048434 0.995218984321484 0.995125577762271 0.994464482333283 0.994607535368649 0.994845703709744 0.995171383807928 0.993284569731047 0.995543427995753 0.994453064736228 0.994639487510054 0.996456216018567 0.994597545737055 0.996187115771493 0.995296759526353 0.99424785334307 0.993230333062299 0.995139037277464 0.994630368242512 0.995236355564149 0.994529565742292
-9999 -9999 -9999 -9999 -9999 -9999 -9999 -9999 -9999 -9999 -9999 -9999 -9999 -9999 -9999 0.99529729345474 0.993669873230383 0.994736408043913 0.994583604605428 0.992942783886796 0.993668736640847 0.991194408004458 0.997052506941113 0.997028902053314 0.994320707507968 0.992197193997836 0.994485401677711 0.992353601159296 0.994622641365781 0.994935858696971 0.994681973815346 0.992927152864135 0.995513917883727 0.991882974565791 0.994491853379739 0.995149499212073 0.995047527058522 0.994333869738794 0.99460501307667 0.99333830666131 0.992203315302242 0.994917089539227 0.994639322489281 0.995068289024182 0.992209365632207
-9999 -9999 -9999 -9999 -9999 -9999 -9999 -9999 -9999 -9999 -9999 -9999 -9999 -9999 -9999 -9999 0.995382346965809 0.995014622847613 0.992547868250589 0.994319620385728 0.992776587365863 0.989156995016733 0.995800149681943 0.997136521543285 0.992596856999343 0.992198080351946 0.992834846988081 0.994675816784329 0.992505105065944 0.994364603222421 0.994486815215324 0.994832626573927 0.995516838983763 0.995033850257717 0.992251141807925 0.99457511654501 0.996541288867815 0.994400564308258 0.994469459957577 0.995311200258833 0.994746037776028 0.994597529809848 0.994675316564354 0.994971559331751 0.994553118287962
-9999 -9999 -9999 -9999 -9999 -9999 -9999 -9999 -9999 -9999 -9999 -9999 -9999 -9999 -9999 -9999 -9999 0.994993160399903 0.994937211706695 0.994950758304549 0.994759937593631 0.995062707643271 0.997036210471386 0.992400215722026 0.994586367343743 0.994952851036918 0.992078490785928 0.993060043804959 0.994389851442423 0.994515670880864 0.992307498389874 0.994623424958817 0.995352264691045 0.994913520061529 0.994663132097579 0.994640184273581 0.995381589162635 0.995089622816432 0.994657701218082 0.994652014152728 0.994723772088738 0.994574322708874 0.99311134331393 0.994818560891962 0.994754539066292
-9999 -9999 -9999 -9999 -9999 -9999 -9999 -9999 -9999 -9999 -9999 -9999 -9999 -9999 -9999 -9999 0.996171412039208 0.993832530068499 0.994538524186981 0.994518004914587 0.994412469200469 0.991980840088033 0.997044033868662 0.993637790199553 0.993292939969928 0.995378644802362 0.995188709813675 0.99456902996477 0.994347571156409 0.995018145442406 0.993032182876361 0.994601775160479 0.99474781696637 0.993227953328965 0.994981374324598 0.99506065021469 0.995223723309388 0.995180083154467 0.995176752026028 0.996284378873732 0.995121580310134 0.994772872965276 0.996279763758992 0.996274781062378 0.994787368861357
-9999 -9999 -9999 -9999 -9999 -9999 -9999 -9999 -9999 -9999 -9999 -9999 -9999 -9999 -9999 -9999 0.996217510334255 0.996175536629187 0.993798959776174 0.994159255778203 0.995584835344612 0.995553225288145 0.995458879292406 0.995782319940345 0.993534642710561 0.991521398803505 0.991804830982848 0.992083654521532 0.995437619268353 0.995357512421695 0.994466573872812 0.992267175180945 0.992829220984481 0.994835704343786 0.993254533928669 0.994834433843036 0.992536790253792 0.994644031346204 0.995408840156323 0.994929568924186 0.99462124117534 0.99280189302139 0.994529589654375 0.992226709530293 0.994525504419154
-9999 -9999 -9999 -9999 -9999 -9999 -9999 -9999 -9999 -9999 -9999 -9999 -9999 -9999 -9999 0.994983674897715 0.995408026127613 0.995383977097637 0.995557050670197 0.993971071723536 0.992867335568142 0.99339996468499 0.990344285078897 0.997013538501979 0.993220173429328 0.995293791045713 0.995340435312534 0.995378676423639 0.995409832452945 0.994205211589888 0.994859604592489 0.992420104564976 0.994645220543611 0.993738960394296 0.99472392197905 0.993155505314052 0.994716985042688 0.995189697448287 0.995329644275602 0.996441086637583 0.996389081982946 0.994358776073152 0.992186094488398 0.994554968733028 0.994824175069879
-9999 -9999 -9999 -9999 -9999 -9999 -9999 -9999 -9999 -9999 -9999 -9999 -9999 -9999 -9999 0.996476655976373 0.99684285471136 0.994012768404523 0.995710329481617 0.994482407367538 0.995107111828321 0.993339886807299 0.993746321102623 0.99702482808162 0.993305428730205 0.99110796937777 0.994007448686721 0.992199345887018 0.993970575557863 0.994200644883592 0.993137132105158 0.994528450204385 0.994701743045787 0.99508913436838 0.995815119090847 0.994698128232612 0.994766099752953 0.99472940110811 0.99253811275089 0.995031023630454 0.995543979160534 0.994893823487163 0.994291911877303 0.993315664771574 0.995006811928408
-9999 -9999 -9999 -9999 -9999 -9999 -9999 -9999 -9999 -9999 -9999 -9999 -9999 -9999 -9999 0.996628862337777 0.996935461744197 0.995596614339584 0.993067477486027 0.993010826594238 0.99386776751806 0.990404179518224 0.993394730790426 0.993012834462283 0.995777610367975 0.99037511046697 0.992578054927964 0.994021241620505 0.991301606612706 0.995535663506637 0.995195974449634 0.995077252721995 0.994800219815428 0.995291257355904 0.994266448329777 0.995120086172598 0.993149080977657 0.99298096413327 0.994708066997691 0.994735296675328 0.995191737515997 0.994902296518325 0.994871319026938 0.996252431729331 0.994920417879288
