Archive - glowpa-model-master/Model input/Uganda/survival/Tsurvival/Tsurvival_restime_1feb.asc
NCOLS 67 
NROWS 67 
XLLCORNER 29.500000001 
YLLCORNER -1.499999999 
CELLSIZE 0.0833333332985075 
NODATA_value -9999 
[rows 20 to 39 of 67, columns 0 to 44 of 67]
-9999 -9999 -9999 -9999 -9999 -9999 -9999 -9999 -9999 -9999 -9999 -9999 -9999 -9999 -9999 0.995498585603923 0.994968127672177 0.996447205859781 0.994223160848585 0.994952806983688 0.993353257853539 0.993580063561263 0.993876273880118 0.990941209440363 0.994304864073324 0.994243329186307 0.990493213491728 0.991241414441808 0.995946191115304 0.99527959816313 0.993860888659475 0.991486137396407 0.994436695407418 0.992205477855041 0.995909846757078 0.995869378388975 0.995141394084779 0.994634559753369 0.9943186577526 0.994597848089182 0.994706862303264 0.992584849659677 0.994846485369348 0.994815638376049 0.994245822998889
-9999 -9999 -9999 -9999 -9999 -9999 -9999 -9999 -9999 -9999 -9999 -9999 -9999 -9999 -9999 0.996697829528363 0.99554377337337 0.995375934402225 0.99599204677855 0.995142361100718 0.9919654009796 0.993254792585491 0.991070908541092 0.992654566151707 0.995688726291091 0.996963018038978 0.997042525369846 0.997095440454079 0.993817363012367 0.996160030972267 0.997289284260753 0.99412187612151 0.994784517736322 0.99213380206106 0.994269355507183 0.994120246417366 0.994606642718932 0.99387380810028 0.995482782868813 0.995415711027895 0.995197730699363 0.99446049871424 0.994390524965781 0.994564803904662 0.994489599252657
-9999 -9999 -9999 -9999 -9999 -9999 -9999 -9999 -9999 -9999 -9999 -9999 -9999 -9999 -9999 -9999 0.997209870014555 0.995815181258005 0.996161676390673 0.99232432403405 0.99619263231435 0.995755053064259 0.996923165769215 0.996936845758782 0.993255580356329 0.99330845063704 0.993323024011547 0.992432127654633 0.994700402029038 0.994707077294633 0.994556714901352 0.996255787853565 0.997353945486176 0.997393204417791 0.994404110092971 0.994599060269128 0.995781322532507 0.994604187276808 0.992885347361182 0.994620021624331 0.994600941051547 0.992137022570399 0.994285133582061 0.994272723922288 0.99231443584459
-9999 -9999 -9999 -9999 -9999 -9999 -9999 -9999 -9999 -9999 -9999 -9999 -9999 -9999 -9999 -9999 -9999 0.995857205099698 0.998114695910848 0.997694993092784 0.997115240353979 0.996960124277738 0.9969391623743 0.993571977130987 0.993563927804296 0.991648166175039 0.993656422132849 0.992215493817574 0.994100933510992 0.994653558329545 0.994526188623186 0.994476092376002 0.99313095360813 0.997423984603273 0.994424395941064 0.99282910243757 0.994187015998179 0.994889263615284 0.994573715712989 0.994588558558316 0.994350184277711 0.991909208405395 0.994797489057613 0.995169571187369 0.994568883313879
-9999 -9999 -9999 -9999 -9999 -9999 -9999 -9999 -9999 -9999 -9999 -9999 -9999 -9999 -9999 0.997583136147809 0.997523415559831 0.998399048725856 0.996513452126121 0.996228623078755 0.996979399929739 0.996979975693978 0.996950815781857 0.996979176291405 0.992960084930955 0.994956194963184 0.995060945907278 0.994426868068936 0.9923906267096 0.994294071707959 0.99243961259127 0.992372473651847 0.994548639632874 0.995277144710832 0.996366802795047 0.995917646134456 0.994506187705342 0.992153103968353 0.992263922136438 0.993259025662167 0.994890160480302 0.994192126385633 0.995520593733784 0.995185508254324 0.992042825704127
-9999 -9999 -9999 -9999 -9999 -9999 -9999 -9999 -9999 -9999 -9999 -9999 -9999 -9999 -9999 0.997743268986826 0.998033678659158 0.997454159075465 0.997086012971985 0.997006703274288 0.995753925946448 0.996992368708513 0.996963935218807 0.995734892453506 0.993521623240771 0.99349256497548 0.991860738998092 0.993248198634927 0.992289559385564 0.995016632921474 0.994617144688381 0.994631230019531 0.994598361156187 0.996442015825409 0.995746808010465 0.995655743645249 0.995605391220311 0.995491410240926 0.995335644525246 0.99455458288592 0.994644543890451 0.994206804445274 0.993826672012796 0.994765893406106 0.991970201995266
-9999 -9999 -9999 -9999 -9999 -9999 -9999 -9999 -9999 -9999 -9999 -9999 -9999 -9999 -9999 0.998376038628339 0.997686365184288 0.997090704226848 0.997052710032088 0.995805183025066 0.997018862932035 0.996986884754135 0.995754158521233 0.993501614757483 0.993080511026413 0.994351419912001 0.994522798517592 0.995123455111489 0.994488781222778 0.993454619844584 0.99487997641925 0.99280447463866 0.992377110351582 0.99748721260502 0.996422318565951 0.992827417235626 0.994567002375865 0.994402065186008 0.994334887069817 0.99484937963771 0.994753237208249 0.99399467974579 0.994156700172932 0.995067072030663 0.994810669103148
-9999 -9999 -9999 -9999 -9999 -9999 -9999 -9999 -9999 -9999 -9999 -9999 -9999 -9999 -9999 0.997886027169765 0.997142361189583 0.997078182709283 0.995840974762571 0.997039110551594 0.996999826832347 0.995762266014476 0.997111041091403 0.993937876412933 0.99534742573891 0.992583058328856 0.992424332625131 0.994474109623659 0.992291118786475 0.992325395312128 0.993688861263174 0.997494913755709 0.997507262252001 0.997516701159749 0.994467770616268 0.992201253855058 0.994541548282503 0.995012251094691 0.995192942402168 0.99433005805939 0.995924626884622 0.995419956943355 0.994159645820248 0.993119497345062 0.997392175325314
-9999 -9999 -9999 -9999 -9999 -9999 -9999 -9999 -9999 -9999 -9999 -9999 -9999 -9999 0.997840712325178 0.996058115950434 0.997086793673304 0.995835414072918 0.997022777750107 0.995776169749044 0.995754011639493 0.997156034275946 0.993248119708936 0.995253657977177 0.995414723637903 0.995254350273459 0.992411132113113 0.995363000725123 0.994630190397398 0.992171162341757 0.99472311304486 0.996430024478531 0.996493755472846 0.997566472563717 0.994833560906824 0.994604237110119 0.994240892470133 0.994223411503974 0.99442987288721 0.994194822614741 0.994377697006559 0.995310945159893 0.995187364169658 0.994088561091948 0.996197567416786
-9999 -9999 -9999 -9999 -9999 -9999 -9999 -9999 -9999 -9999 -9999 0.998455464005707 0.997597357707323 0.996719445590232 0.9960092967312 0.997093309484542 0.995841196529795 0.997038462526165 0.995770976761273 0.997012138893121 0.996076243696958 0.992485714631297 0.994779934386012 0.994751533960691 0.992557303403905 0.995038892716804 0.994778493921894 0.995457448485966 0.994569438324216 0.994167450862247 0.992685884234614 0.997492901959248 0.99748633759987 0.996439664131308 0.997417408544653 0.994625755888775 0.9961251437173 0.996094293119848 0.997349930566979 0.996199471024035 0.996202156484616 0.99732362886019 0.997306654743283 0.997290254150998 0.996159483101945
-9999 -9999 -9999 -9999 -9999 -9999 -9999 -9999 -9999 -9999 0.996112346974383 0.997692359229973 0.9972528251513 0.997116347050364 0.997079586412918 0.995843706765001 0.997028152303379 0.996998996965458 0.995834015985269 0.996303910220407 0.992812309797326 0.994604933769108 0.994950873189903 0.993295431861698 0.994825263693451 0.994692674406709 0.995132281077717 0.99570074821758 0.994912180794792 0.993710542622538 0.995402274581071 0.995095794988839 0.994535346496832 0.995186041925738 0.997418885544327 0.996294319514866 0.997366560663242 0.997357917022726 0.997334647336603 0.996174927927879 0.997281315067851 0.996159580400863 0.996147657218889 0.997261588537294 0.997288668069219
-9999 -9999 -9999 -9999 -9999 -9999 -9999 -9999 -9999 -9999 0.997352389678877 0.995849200087556 0.997037754644759 0.997037616477338 0.995821576485285 0.997025308488461 0.996995143368315 0.995846419216847 0.99407877779382 0.995670616881359 0.992435256969104 0.992443396394115 0.993076831706771 0.995030193590634 0.995593853040959 0.995118265651669 0.99582048603666 0.995676230903331 0.996661913311306 0.995408664483229 0.996183320291437 0.994660314655594 0.992496363269712 0.994606643017139 0.993021364646131 0.992512600563951 0.997362673004169 0.996235093114841 0.997298643128051 0.997275959809771 0.997274726550998 0.997266871149285 0.997264490529259 0.997268070960498 0.997261585395805
-9999 -9999 -9999 -9999 -9999 -9999 -9999 -9999 -9999 0.995259709823741 0.997040259465777 0.996996143941344 0.996978554653291 0.995721270712673 0.996984401029917 0.997011041811968 0.996262960811151 0.995127303958857 0.99244025973697 0.99557365583324 0.995292475344761 0.995085540296485 0.99478894111041 0.99267267160633 0.996373249455732 0.994919171447726 0.995829809410188 0.995339654638283 0.992181636812223 0.994425581562016 0.994557636534549 0.994579594227111 0.994729569713857 0.994779994435783 0.994742238793028 0.994648247136247 0.997385064833049 0.99734389210254 0.996191269744301 0.993922547258054 0.996207897519966 0.997281259711381 0.99727701200206 0.99613894344129 0.997264843807662
-9999 -9999 -9999 -9999 -9999 -9999 -9999 -9999 -9999 0.99473309270536 0.997015567845859 0.997022366410049 0.995712057361917 0.996941058865767 0.996938121680909 0.996285439096061 0.994833105343883 0.995101732240652 0.992157728462527 0.994458153231271 0.992162290429081 0.994304107426348 0.996284271440825 0.994797334952981 0.995264063619981 0.994527183949347 0.995059597807447 0.994480532779118 0.994974873040827 0.995698414183082 0.994756843862098 0.99450869223347 0.994562397346178 0.995055271929038 0.992630478093408 0.992434612242244 0.993716418717659 0.994427863831146 0.994113129296671 0.994554742045737 0.997352338662803 0.997309686858797 0.982336756886056 0.997283374547019 0.997288677866825
-9999 -9999 -9999 -9999 -9999 -9999 0.99655280153836 0.996612479787257 0.995904472218907 0.990767990543845 0.995942108131354 0.995777416443412 0.996981126320899 0.995695940377532 0.995845468493175 0.994840585669653 0.992739268891545 0.992436725138317 0.994671217612495 0.994455269829177 0.995601473384611 0.994625885700518 0.99482738180074 0.994610040535808 0.992273923343826 0.992965727144002 0.995124144511207 0.992599019340992 0.996387738677538 0.992585436717724 0.993816931980247 0.994726319134755 0.995287552964599 0.994426441228719 0.994600806317469 0.994678506015692 0.994975867726147 0.993352736349315 0.992238865764315 0.996174164457334 0.994536246308366 0.996243405607399 0.995449869269966 0.994387229682482 0.997322448438456
-9999 -9999 -9999 -9999 -9999 -9999 0.99431629882255 0.994368800112257 0.994105578530839 0.994149525128815 0.992803964412613 0.995607495621845 0.995712991194415 0.997022455062455 0.997418205586966 0.996124474688018 0.995945267847463 0.995894556623305 0.995787966599512 0.99574349089354 0.995419856060624 0.992344281413091 0.994438475454787 0.995981753359395 0.994472194088884 0.994540674904835 0.994772566516395 0.993441181293933 0.996353902875799 0.992006670238969 0.995545651331155 0.994748917876817 0.995153945345091 0.994674194735264 0.994349418929753 0.994688792376697 0.994668516327605 0.995203739267594 0.994678059677669 0.996177849142515 0.994637702034276 0.997354838820857 0.992772998562703 0.993513940081264 0.994389326671381
-9999 -9999 -9999 -9999 -9999 0.995107824979991 0.99282249845628 0.994770682582287 0.994228585473765 0.989176763299508 0.988796574899539 0.996868876707611 0.99696323069843 0.997325887705888 0.99476428123781 0.993291222625391 0.994479161629309 0.994965682317838 0.992671974936851 0.995720329930221 0.994454281331243 0.993331363308158 0.995145143763601 0.995965259163094 0.994705681186758 0.992274880771405 0.992244316055365 0.995116583229303 0.995313266179756 0.994774966202848 0.994845172803052 0.993296389304933 0.99477654380049 0.994779027956648 0.995772968489593 0.993732746819391 0.994603652896253 0.994781585585383 0.995008963829823 0.996169485985479 0.994685383920243 0.997377876287673 0.994603460215115 0.995308558110198 0.994423015000487
-9999 -9999 0.994684905053701 0.993592844316659 0.995536858244727 0.994229639579274 0.993816688811473 0.994203500065993 0.995824733193061 0.99203327549978 0.994138890804605 0.994269034008422 0.996036040996374 0.992741871714575 0.992837155245271 0.995193511942021 0.994724776345831 0.994622288582891 0.994349241955949 0.9956687990637 0.994271922763823 0.995183125654274 0.99476040250557 0.995335069928414 0.99413476402242 0.99503809679389 0.99487162526454 0.994680568489615 0.995235443562885 0.996320828200245 0.996266334873126 0.994556315094869 0.99262036157718 0.992720602286112 0.995668027074722 0.994462573023861 0.993258624504262 0.994800242755852 0.992683250389376 0.996123038909938 0.992547988639963 0.997388025715069 0.994544439974941 0.994615008081968 0.992669228836254
-9999 0.993071387453973 0.99388424577172 0.994703928873761 0.993742014211104 0.994401629246341 0.996375029765897 0.994744888762805 0.993416351304508 0.989505114232854 0.994849702095427 0.993125436124737 0.996070408367934 0.995067018325583 0.996355689762092 0.994832127414973 0.993050922004348 0.994585130242625 0.993203093210203 0.995515109197097 0.994819400173852 0.994687608545437 0.992728641905346 0.995478333354739 0.994750381014878 0.993873749248377 0.99474069620736 0.994591031466088 0.994922728779639 0.992591009087132 0.993371523423853 0.99469793485533 0.995313895769461 0.994582637552765 0.995659804102056 0.994620581880043 0.995260178392543 0.994789822317211 0.992686357046966 0.996107009234303 0.992178595515911 0.997399127624815 0.992261664380029 0.992254036005704 0.991723982124123
-9999 0.99253472676869 0.992355556621259 0.996391252145378 0.996450849541559 0.994995192295148 0.994190311255961 0.994597431938943 0.995551741660477 0.993485780565737 0.995376730546224 0.99469133091072 0.995713185471669 0.995966704302238 0.995335300856321 0.99478102247737 0.995923364423532 0.994538019465897 0.994913231613936 0.992632528061304 0.993319592859581 0.992458293745289 0.994793696716833 0.995375656422866 0.994945822310788 0.995563227588045 0.995425221254923 0.995390219558206 0.994951230010822 0.994639101765202 0.995170138178477 0.992679604222787 0.994648915949843 0.992383229264863 0.994657181671932 0.993692134004812 0.994865558789661 0.994635942756381 0.994133919580524 0.995852208759824 0.994451462689916 0.994510943667319 0.996333863602066 0.995606514588869 0.994463879511096
