Archive - glowpa-model-master/Model input/Uganda/survival/Tsurvival/Tsurvival_restime_1oct.asc
NCOLS 67 
NROWS 67 
XLLCORNER 29.500000001 
YLLCORNER -1.499999999 
CELLSIZE 0.0833333332985075 
NODATA_value -9999 
[rows 20 to 39 of 67, columns 0 to 44 of 67]
-9999 -9999 -9999 -9999 -9999 -9999 -9999 -9999 -9999 -9999 -9999 -9999 -9999 -9999 -9999 0.994869719685563 0.994181642206024 0.995888687650783 0.99349605702923 0.994880246689314 0.993497352861676 0.99370983568649 0.993880152220903 0.991795793097492 0.994581929042753 0.994433138737415 0.990832277049423 0.991341377663882 0.995699092496198 0.995062224286942 0.993567952061575 0.991098915999418 0.994227637222051 0.991894494619879 0.995724374921726 0.995666968511556 0.994878497301872 0.994287173891087 0.993911279827504 0.99416263013318 0.99432434738379 0.992126833227554 0.994513916144857 0.994474686192286 0.99383984228997
-9999 -9999 -9999 -9999 -9999 -9999 -9999 -9999 -9999 -9999 -9999 -9999 -9999 -9999 -9999 0.996210633461083 0.994913157063219 0.994631405706273 0.99542946381746 0.994748470609404 0.991551224128624 0.993178046007989 0.991554099673063 0.993143188733621 0.995511317661849 0.996810988835457 0.996884266828488 0.996928601827573 0.993929968930127 0.995914991933482 0.997113855701073 0.993858130210189 0.994572758112425 0.991794364572276 0.99400628299484 0.993865062334252 0.994260990329173 0.993418278554155 0.995154994941691 0.99508018625832 0.994880012135051 0.994082648891311 0.994048023712852 0.99424982681649 0.994111086358517
-9999 -9999 -9999 -9999 -9999 -9999 -9999 -9999 -9999 -9999 -9999 -9999 -9999 -9999 -9999 -9999 0.996846878770606 0.995308860556487 0.995710661128695 0.991878533754201 0.995926578101772 0.995608491618486 0.996787809733592 0.996818974084327 0.993289774708029 0.99342556192239 0.993688597699142 0.992441683557398 0.994640769733758 0.994513887726785 0.994315824787002 0.996009335858033 0.997181991027966 0.997213711926093 0.994148404885299 0.994263665248164 0.995471732238815 0.994129854440027 0.992394651309666 0.994281848595908 0.994311106041577 0.991661069373281 0.993966991682913 0.993941295784775 0.991837325678592
-9999 -9999 -9999 -9999 -9999 -9999 -9999 -9999 -9999 -9999 -9999 -9999 -9999 -9999 -9999 -9999 -9999 0.995391219662325 0.997916368042091 0.997509277793176 0.996951734701717 0.996822870938578 0.996813153995642 0.993935294027643 0.993746520646667 0.992065042120519 0.994068827221802 0.99243481985311 0.994206617242988 0.994381229250062 0.994246453642613 0.994209014951758 0.992820071914372 0.997244149562695 0.994139385412898 0.992317096574989 0.993776094706544 0.994604555114115 0.994258451395872 0.99419049473546 0.9940673717308 0.991480251834051 0.99446987711907 0.994797245388422 0.994138655923589
-9999 -9999 -9999 -9999 -9999 -9999 -9999 -9999 -9999 -9999 -9999 -9999 -9999 -9999 -9999 0.997221485958995 0.997193690780725 0.998207249498146 0.996248886525347 0.995935744126775 0.996816800599374 0.996829517931608 0.996807613926155 0.996845424437747 0.993146887291995 0.995042567163877 0.995140890789732 0.994435926938849 0.992252198867385 0.994010395904594 0.992049122410337 0.992005871873053 0.994292224201945 0.995057495685766 0.996105195584834 0.995628931492351 0.994216787605565 0.991651654014002 0.991580631202767 0.992824371232275 0.994605481457788 0.993872368111588 0.995225654264471 0.994828966597853 0.991383512703217
-9999 -9999 -9999 -9999 -9999 -9999 -9999 -9999 -9999 -9999 -9999 -9999 -9999 -9999 -9999 0.997437515287991 0.997761365184294 0.997260534291602 0.996925224433791 0.996846619997355 0.995533604834446 0.996844723852267 0.996812499162366 0.995515451225133 0.993922230983191 0.993887307103716 0.991882913630115 0.993079114035609 0.992038251016444 0.994747004235082 0.994354169332462 0.994347535368285 0.994331470616613 0.99617815114211 0.995475174448377 0.995353887194707 0.99530038524285 0.995170446052108 0.995014896884609 0.994333330938592 0.994328470018759 0.993847493596571 0.993396520167629 0.994347671963625 0.991312111210158
-9999 -9999 -9999 -9999 -9999 -9999 -9999 -9999 -9999 -9999 -9999 -9999 -9999 -9999 -9999 0.998184331743132 0.997453427278437 0.996942875457838 0.996913519963958 0.995602185442674 0.99686650530154 0.996840749143063 0.995543175377291 0.993674964377584 0.9929668835984 0.994371660762036 0.994474861490585 0.995064781599533 0.994303245360018 0.993156169201439 0.994643323393728 0.99246813857325 0.99198402136173 0.997300973705388 0.996168841620578 0.992474303217853 0.994300131111584 0.994120110152198 0.994060384568165 0.994662381546796 0.994511972568493 0.993638303781067 0.993806466133967 0.994673664525432 0.994406319115564
-9999 -9999 -9999 -9999 -9999 -9999 -9999 -9999 -9999 -9999 -9999 -9999 -9999 -9999 -9999 0.997678789508119 0.996979064537071 0.996938564643286 0.995651683730393 0.996908784984209 0.9968597546206 0.995556274644123 0.996971945853288 0.993966591123671 0.995092432314714 0.992217817450729 0.992098682198322 0.994389308307024 0.992065054189445 0.992021666416082 0.993428097276311 0.997317300087778 0.997325817291167 0.997341517532186 0.994209054508237 0.991809054238652 0.994256670035038 0.994739420653518 0.994993824380303 0.994043376701887 0.995698503241707 0.995146832537472 0.993881759142666 0.992548945881575 0.997163286390221
-9999 -9999 -9999 -9999 -9999 -9999 -9999 -9999 -9999 -9999 -9999 -9999 -9999 -9999 0.997646668033114 0.995766338197994 0.996951266512391 0.995669956413472 0.996906971531799 0.995603436409258 0.995578332411059 0.997007147580028 0.992962696939276 0.994935645192168 0.995124644450752 0.994954603650113 0.992155608554113 0.995155349553213 0.994342200024336 0.991842276595104 0.994590672291014 0.996207381697696 0.996252049851582 0.997390243009836 0.994638636367677 0.994546907775174 0.994066296519698 0.994345432825411 0.99419361533283 0.994034978774417 0.993989531020955 0.99499138721265 0.994830271562649 0.993698011058818 0.995882491478296
-9999 -9999 -9999 -9999 -9999 -9999 -9999 -9999 -9999 -9999 -9999 0.998320142965007 0.997401328166939 0.996462310076747 0.995736467167969 0.996942058740932 0.995657635847907 0.996928156027138 0.995630842790411 0.996899868568747 0.995906206423896 0.992200470393698 0.994519590379465 0.994374974007518 0.992017980330456 0.994828139845711 0.994451642267356 0.995245161310989 0.994303370767633 0.994004763469396 0.992474442881641 0.997304238044485 0.997305204366507 0.996195375790718 0.99720442315176 0.994379855090393 0.995962538400996 0.995955009265291 0.997172917257635 0.995935214904667 0.995914818353578 0.997093908016782 0.997065862033326 0.997058934306446 0.995834112906589
-9999 -9999 -9999 -9999 -9999 -9999 -9999 -9999 -9999 -9999 0.995830723575019 0.997523764795099 0.997061743218077 0.99693420509541 0.996921411204321 0.995641109630687 0.996907158102562 0.996903858287823 0.995715360077475 0.996126036458037 0.992586571085362 0.994362694257906 0.994518486660267 0.992692074067925 0.994383442686625 0.994271449868482 0.994713352536937 0.995420140126548 0.994687741638235 0.993809437695651 0.995121538204989 0.994885049621834 0.994325701009963 0.994986468520502 0.997209850825981 0.995982928530009 0.997148268339683 0.997178603871726 0.997131788569147 0.995868216769724 0.997064711185057 0.995834954129593 0.995837213145576 0.997033323419448 0.99703671014499
-9999 -9999 -9999 -9999 -9999 -9999 -9999 -9999 -9999 -9999 0.997195662794877 0.995699443836909 0.996904597980488 0.996886959654854 0.995599417886113 0.996887338392833 0.99689595978579 0.995719379276307 0.99404622535817 0.995536420060881 0.99217117219968 0.992179865502505 0.992524598377243 0.994579419843567 0.995219888135569 0.994749419525914 0.995563988451868 0.995469528247543 0.996519222795603 0.995211865312186 0.996010038109899 0.994467726329424 0.992237324245833 0.994378381962196 0.992698660734034 0.992130775066234 0.997153909858961 0.995923832252139 0.997067200939176 0.997045568414805 0.997050625359946 0.997045977342261 0.997052045929278 0.997040046812129 0.997036909021732
-9999 -9999 -9999 -9999 -9999 -9999 -9999 -9999 -9999 0.994937931920714 0.996970722767194 0.996894060100535 0.996860678485738 0.995546801115229 0.996854073505555 0.996870863448282 0.996135669583076 0.995046455687299 0.992199133408254 0.995435161287902 0.995116525569064 0.994852693439179 0.994694052041706 0.992490017387887 0.996209945826687 0.994679372485494 0.995627291432778 0.995129173103157 0.991901632650358 0.994284013766974 0.994376955512142 0.994324344655254 0.994545624495962 0.994568024772361 0.994522107750423 0.994350663609369 0.997178948523706 0.997140932543526 0.995905508990215 0.993920380626973 0.995904957290112 0.997069333250388 0.997079062779015 0.995862796604457 0.997072706316963
-9999 -9999 -9999 -9999 -9999 -9999 -9999 -9999 -9999 0.994365541651542 0.996900557089735 0.996868351621712 0.995538671093409 0.99682437689241 0.996801052823565 0.996107825634062 0.994689977131088 0.994954230401134 0.99194678585438 0.994288089033906 0.992079092129592 0.994467516914096 0.996192929133531 0.994643993540693 0.995102062834248 0.994376048221684 0.994857507545634 0.994328480526911 0.994758425900218 0.995564138315525 0.994596899393928 0.994328477273835 0.994318375636327 0.994909721490505 0.99237323964862 0.992051066079797 0.993398636286101 0.994138232086528 0.99380565659887 0.994175001008496 0.997174719077876 0.997110380547628 0.986431615783204 0.997079067973665 0.99709522608548
-9999 -9999 -9999 -9999 -9999 -9999 0.996257708438199 0.996380492460985 0.995643409311738 0.990244440398251 0.995640613306903 0.995581019917371 0.996849715514932 0.99548872297072 0.995632139044976 0.994760363504207 0.992579380816793 0.992203223616452 0.994377614901729 0.994051463395824 0.995528989888243 0.994512379553822 0.994557180758381 0.994363608574855 0.991993106685029 0.992733734871711 0.994950211416239 0.992357167519965 0.996220686202595 0.992364018405149 0.993614493562734 0.994560072623804 0.995119953563942 0.994164470043428 0.994404093525382 0.994487036978707 0.994765110616275 0.993046444228974 0.991842887243563 0.99590175683214 0.994136623764453 0.995904843688014 0.995154364266395 0.994010675523392 0.99710756433626
-9999 -9999 -9999 -9999 -9999 -9999 0.994033816357892 0.993965530250944 0.99368864602274 0.99379973452011 0.992532095168802 0.995488604452035 0.995518203376433 0.996861904566965 0.997335051572263 0.996186707828959 0.996036406355003 0.995983341906077 0.995909756154232 0.99588428329285 0.995456703468139 0.991826831319876 0.994306453821847 0.995876821307737 0.994230061940083 0.994400274880539 0.994593691633727 0.993248071891812 0.996192747655732 0.991899283423316 0.995410140190463 0.99458133079718 0.994993830205028 0.994486998769816 0.994096004645977 0.99449214902255 0.994465672675887 0.995029893083958 0.994433048251329 0.995901417945547 0.994249563005076 0.997105621780202 0.992366847307258 0.993171487917907 0.99403663736
-9999 -9999 -9999 -9999 -9999 0.994893809762146 0.99172383275133 0.994324593304737 0.993877253753121 0.988853052740263 0.988489487401281 0.996802324216564 0.996853739435748 0.997237466608286 0.994938074391823 0.993771738303915 0.9946182665531 0.994946523042487 0.992634649393742 0.995904336412425 0.994063570822061 0.993477335677851 0.995105779543653 0.995880575594864 0.994425292516554 0.992047493330457 0.992044306450072 0.994955764986792 0.995141014219406 0.994551532551889 0.99472101705317 0.993106938977523 0.994633590637748 0.994592487537882 0.995637887053902 0.993407511643184 0.994420279437136 0.994598875583134 0.994810770663258 0.995925023009032 0.994322921666408 0.997128140288685 0.994270979008249 0.995036082106724 0.994031367082439
-9999 -9999 0.994267745517939 0.993072261987207 0.995177256580318 0.993915821017394 0.993043656291324 0.993769509588551 0.995611520078154 0.9921205914892 0.994154622175282 0.994267088384342 0.996193531407603 0.993078705380575 0.993334321667282 0.995519709381055 0.995070877135801 0.99478663887081 0.994525199357735 0.995905686062143 0.994496263136517 0.995462684829976 0.995013877951553 0.995470179120037 0.99408051511663 0.994737637180648 0.994567943457434 0.994475045466712 0.995057604430824 0.996170513858389 0.996110836130366 0.994471219510227 0.992445845062672 0.99246623991269 0.995548696765134 0.994172234665182 0.992848242685629 0.994555098901187 0.992369981146508 0.995843409074755 0.992054106234192 0.997144622297419 0.994198911716557 0.99426069744753 0.992157894082581
-9999 0.992665887158581 0.993536508218877 0.99454153852688 0.993498758452639 0.993618065352183 0.995869741821663 0.994211053819433 0.993542003747581 0.989690415768898 0.994819705953805 0.993122656400366 0.996070337832553 0.995274436530931 0.996524217113894 0.995069468728317 0.993501841591491 0.994939542112172 0.993572371269599 0.995786424373999 0.99513119702798 0.994956850154717 0.99314911651861 0.995682344073973 0.994835207918677 0.993615238632633 0.994308167165588 0.994176839071831 0.994643734899546 0.992348784079599 0.993092558029126 0.994477105875659 0.99513681386059 0.994343700433158 0.995512591958469 0.99434266531389 0.994919846863296 0.994467752223763 0.992261303174262 0.995817965662454 0.991592197836937 0.997165789039368 0.991786699931295 0.991822681622151 0.991283946868
-9999 0.992322163116437 0.992255297981016 0.996203808168199 0.996086848361877 0.9945026001629 0.994118213174691 0.994726567760385 0.995581080290159 0.993514193339713 0.995393996104312 0.994563253095204 0.995669332963061 0.995971228139669 0.995291430555378 0.995001241308316 0.996187206801004 0.99491886331737 0.995209187887369 0.993098101837496 0.993763682955281 0.992949983262767 0.995100252316721 0.995598623870246 0.995123394811269 0.995430211674377 0.995315857958053 0.995172846722396 0.994534137534849 0.994328885170532 0.994903477574667 0.992351370556168 0.994409430269821 0.991936889491493 0.994438756011289 0.993561766290444 0.994491963174551 0.994269996129131 0.993786795204803 0.995551704756112 0.994024381810101 0.994092152416581 0.995992762575589 0.995311317102711 0.994129029357303
