Archive - glowpa-model-master/Model input/Uganda/survival/Tsurvival/Tsurvival_restime_1jul.asc
NCOLS 67 
NROWS 67 
XLLCORNER 29.500000001 
YLLCORNER -1.499999999 
CELLSIZE 0.0833333332985075 
NODATA_value -9999 
[rows 20 to 39 of 67, columns 0 to 44 of 67]
-9999 -9999 -9999 -9999 -9999 -9999 -9999 -9999 -9999 -9999 -9999 -9999 -9999 -9999 -9999 0.995346823848919 0.994720867568307 0.996269413675776 0.99394226414466 0.995054949693667 0.993727885324443 0.993726951442928 0.993901565650726 0.991546316881399 0.994454054154922 0.994380606661341 0.990757184702332 0.99145018979855 0.995991366369793 0.995288951882961 0.993881394015266 0.991518315426944 0.994489769468692 0.992315129801959 0.995964122044529 0.995920775418958 0.99517967627834 0.994661235610669 0.994309809299171 0.99457047751892 0.99471324649185 0.992648759070988 0.994873793918481 0.994828193846409 0.994290116468688
-9999 -9999 -9999 -9999 -9999 -9999 -9999 -9999 -9999 -9999 -9999 -9999 -9999 -9999 -9999 0.996538420351453 0.995298605039798 0.99512127600749 0.995808005645292 0.995023335454797 0.991854979470424 0.993269592265337 0.991502044820953 0.99296555180814 0.995697649901792 0.996966537135442 0.997052113495845 0.997111528957132 0.994041481438575 0.996190238204966 0.997320693084012 0.994155080203808 0.994828079857848 0.992224337279077 0.994347164359912 0.994180471189045 0.994608245809127 0.993847162814919 0.995469543157419 0.99541607097524 0.995217577920438 0.994488615294565 0.994452619593678 0.994626431688268 0.99452731058877
-9999 -9999 -9999 -9999 -9999 -9999 -9999 -9999 -9999 -9999 -9999 -9999 -9999 -9999 -9999 -9999 0.997065402253107 0.99561584417663 0.996028012544936 0.992243283739941 0.99612222924014 0.995719414338553 0.996889143896298 0.996940116433129 0.99318776959455 0.993315105360121 0.993542859815273 0.992543241303038 0.994758944161195 0.994741988051916 0.994577671026797 0.996297190599558 0.99739394525378 0.997426171313398 0.994463031143683 0.994595091249236 0.995755908864854 0.994532968440323 0.992872520029786 0.994639759916317 0.994669796750924 0.99220109941355 0.994358853213513 0.994356821682333 0.992413296205181
-9999 -9999 -9999 -9999 -9999 -9999 -9999 -9999 -9999 -9999 -9999 -9999 -9999 -9999 -9999 -9999 -9999 0.995703096836601 0.998084015760421 0.997675741128799 0.997073172733879 0.996917764078102 0.996895079512342 0.993715258310632 0.993609277625826 0.99182680115096 0.993884919621114 0.992367047619643 0.994263173696767 0.994645312909794 0.994523786842682 0.994489082325228 0.993183482845671 0.99745771064402 0.994465302338612 0.992791891899444 0.994150667408323 0.994897699621371 0.9945859963386 0.994549425096175 0.994400859692016 0.991961615088371 0.99482424428296 0.995205381848923 0.994609547699406
-9999 -9999 -9999 -9999 -9999 -9999 -9999 -9999 -9999 -9999 -9999 -9999 -9999 -9999 -9999 0.997508947747861 0.997536425257856 0.998368377848599 0.996477652047125 0.99615969272338 0.996925964512534 0.996922665010431 0.996899579265729 0.996938921112685 0.993051277163101 0.994998331451259 0.995103868993631 0.99447527287432 0.992451033942506 0.994238670724054 0.992437630074459 0.992397833422538 0.994598828819771 0.99532529896448 0.996429273866107 0.995902215346782 0.994510755090804 0.992112452528241 0.992139320151149 0.993235829318523 0.994907635629269 0.994219584432203 0.995538561582287 0.995227092448828 0.992069343596814
-9999 -9999 -9999 -9999 -9999 -9999 -9999 -9999 -9999 -9999 -9999 -9999 -9999 -9999 -9999 0.997712230952067 0.997994165079266 0.997411484920099 0.99704512970804 0.996963355134202 0.995691828498802 0.996949967174166 0.996918505889299 0.99565909303645 0.993785961418045 0.993777106341586 0.991979335382865 0.993265916564823 0.992283165297906 0.994980926993205 0.994593183064422 0.994594746938071 0.994631867605919 0.996493958319338 0.995754796529418 0.995634982013481 0.995581483866236 0.995460327311699 0.995316579659309 0.994588319632974 0.994644624236643 0.994224634268293 0.99384418854684 0.994776566314986 0.992000611971529
-9999 -9999 -9999 -9999 -9999 -9999 -9999 -9999 -9999 -9999 -9999 -9999 -9999 -9999 -9999 0.998374393921096 0.997620693113796 0.99704964525207 0.997002968736149 0.995735373311488 0.996970147841787 0.996937385507796 0.995675793534078 0.99359317320838 0.9929752713831 0.994418224217626 0.994565433767825 0.995165657952941 0.994470908667421 0.993359019920431 0.994812467684429 0.99281084237003 0.99242995421334 0.997525093374201 0.996478721038283 0.992840487909823 0.994579111673359 0.9944046654153 0.994284406935124 0.994913824041102 0.994838349295193 0.994061142975573 0.994286576109469 0.995084675056687 0.994826380592203
-9999 -9999 -9999 -9999 -9999 -9999 -9999 -9999 -9999 -9999 -9999 -9999 -9999 -9999 -9999 0.997843077658743 0.997082617709949 0.997043238014205 0.995791741671742 0.996993055095251 0.996948583733176 0.995683897579856 0.997060387615489 0.99388231093009 0.995249753725803 0.992439192795895 0.992334916513144 0.994552861141199 0.992255740531466 0.992235363680947 0.993631429920121 0.997508567186347 0.997533628329829 0.997549693391619 0.994476077056254 0.992191781933959 0.99454901097724 0.995002304498377 0.995272911595473 0.994436238014846 0.995990704108119 0.995498944180876 0.994359604318954 0.993150613478019 0.997428618270058
-9999 -9999 -9999 -9999 -9999 -9999 -9999 -9999 -9999 -9999 -9999 -9999 -9999 -9999 0.99781251200285 0.995946098370027 0.997045858080895 0.995788672985433 0.99699157864691 0.995735013208029 0.99570760081699 0.997115222485638 0.993104140321886 0.995146868921331 0.995312905984921 0.995143009331018 0.992248805706235 0.995298040022719 0.994553720598686 0.992088071220744 0.994704474808101 0.996449935927454 0.996519189889779 0.99759491924551 0.994919040443517 0.994794334164661 0.99434767048845 0.994661499355139 0.99455193079282 0.994374531900262 0.994375748053439 0.995320297814408 0.995220443364143 0.994184486993175 0.996256209817257
-9999 -9999 -9999 -9999 -9999 -9999 -9999 -9999 -9999 -9999 -9999 0.998429551422668 0.997578570704351 0.996681898156942 0.995901585656528 0.997032652052713 0.995789711595195 0.997012274643978 0.995732864634932 0.996983928517519 0.996063177931253 0.992394285352328 0.994690370142724 0.994649093301192 0.992380061220208 0.994909704535681 0.994630920393525 0.995377390907533 0.994497175012317 0.994107515512579 0.992601422801581 0.997501950487631 0.997507665833462 0.996476661509138 0.997450082754034 0.994752095572027 0.996221214439666 0.99619248045465 0.99737607359713 0.99622811170868 0.996226695520135 0.997349538885906 0.99735989890536 0.997353700340474 0.996238462790852
-9999 -9999 -9999 -9999 -9999 -9999 -9999 -9999 -9999 -9999 0.996026062509927 0.997661007461052 0.99719241365716 0.997043425671238 0.997009372873161 0.995770868333378 0.9969992081477 0.996981091008276 0.995783849990439 0.996276135133846 0.992758570217821 0.994542824978008 0.994853184205787 0.993147025589115 0.994704026250818 0.9945598309696 0.995005516953216 0.995618820079251 0.994811881157496 0.993670994646725 0.995336543239293 0.995056638397497 0.994504765909838 0.995178683357305 0.997457915336751 0.996347701569136 0.997400005571339 0.997372186601408 0.997345378691537 0.996205240037021 0.997312946804155 0.996219470819735 0.996219864252532 0.997320790907589 0.997338260844507
-9999 -9999 -9999 -9999 -9999 -9999 -9999 -9999 -9999 -9999 0.997318040204286 0.995794084552739 0.996992246544567 0.996971764608384 0.995732364870528 0.996978483069918 0.996977510989088 0.995800141262146 0.994040636778329 0.99561853651004 0.992359563921604 0.99237279420281 0.992923669942024 0.994911320253209 0.995500291230766 0.995020819467978 0.995738873528273 0.995557965368148 0.996563741103324 0.995303292672399 0.996118393689275 0.994601634588464 0.992475854658485 0.994606799060902 0.993040838454616 0.992536498307417 0.997399501117801 0.99626907811205 0.997327372301091 0.997320836238439 0.997320828981611 0.997311215840586 0.997312967198638 0.997317166618757 0.99732526246753
-9999 -9999 -9999 -9999 -9999 -9999 -9999 -9999 -9999 0.995112219984804 0.997012875945171 0.99696968627823 0.99694884805621 0.99567730908515 0.99694501892295 0.996965688905207 0.99625305825329 0.995080445187545 0.992364261829033 0.995524726941471 0.995243337597838 0.995028196462381 0.994773269052776 0.992620819134907 0.996324426464098 0.994850481644574 0.995737004985285 0.995184938199346 0.991976760350875 0.994344186374369 0.994493225215191 0.994535089742032 0.994724410746173 0.994795651088104 0.9947672398585 0.994636008511024 0.997425589660134 0.99739478634512 0.996276136373821 0.994259713923805 0.996296805891392 0.997341654737642 0.997335405854158 0.996217387904554 0.99732653007506
-9999 -9999 -9999 -9999 -9999 -9999 -9999 -9999 -9999 0.994598557180753 0.996991978666371 0.996979449136669 0.995668558470614 0.996914332376951 0.996896690877605 0.996244727774048 0.994745397623003 0.995024773771544 0.992061670435561 0.994390996822919 0.992147525846571 0.994392012461211 0.996250513751323 0.99474924408825 0.995236071966055 0.994490586502718 0.994981866049295 0.994361491531766 0.994873182658558 0.995627511019304 0.994700238659143 0.994516011554829 0.994551429558789 0.995078156940173 0.99270264757253 0.992461178493299 0.993750766565514 0.994469604724508 0.994142079652223 0.994559942994511 0.997418395284509 0.997382728585712 0.988345804174726 0.997349978920509 0.997352497198259
-9999 -9999 -9999 -9999 -9999 -9999 0.996405200169813 0.996503423282015 0.995829311387035 0.990535968065957 0.995750306628111 0.995736227337949 0.996951032366826 0.995646054934542 0.995777250329272 0.994799197392828 0.992630927840879 0.992350441180424 0.994582015039045 0.9943168442523 0.995564551256241 0.994580003535846 0.994729697073363 0.994511616379907 0.992215665103654 0.992935194466449 0.995059369566186 0.992435559214929 0.996343389617466 0.99256483570813 0.993744490815085 0.994712558326556 0.995280611737213 0.994417565140974 0.99463735591783 0.994745998397904 0.995024332968015 0.993407654979708 0.992294761077433 0.996188420349594 0.994577968468681 0.996305188902078 0.995528597951931 0.994455435292676 0.997385131422405
-9999 -9999 -9999 -9999 -9999 -9999 0.994347096707472 0.994294695497525 0.99399087856267 0.993803977472316 0.992550086918285 0.995542735763685 0.995662335006497 0.996983139879502 0.997438845275346 0.99614931855046 0.995959388906899 0.995909999845806 0.995800572785002 0.995771514397717 0.995432335865841 0.992221763759467 0.994401748885046 0.995957494085539 0.994462295935923 0.994554532192472 0.994738079619727 0.9934135327533 0.996306934052673 0.992046564248381 0.995537009748667 0.994773695476051 0.99518434864673 0.994697514911148 0.994378495111136 0.994749586100936 0.994736963435382 0.995272798011032 0.994741721537918 0.996198295357757 0.994697299331317 0.997391852968496 0.992877693769443 0.993621149824246 0.994473796913637
-9999 -9999 -9999 -9999 -9999 0.995117222368091 0.992386649501856 0.994558084373962 0.993967733677272 0.988919051635208 0.988548075938862 0.996844590494163 0.996951185467243 0.99735069350971 0.994926636582713 0.993509491043615 0.99451500833641 0.994968068901488 0.99264376049033 0.995770468297423 0.994392973584703 0.993383417827834 0.995163984927353 0.995954089820114 0.994676117844427 0.992312002694917 0.992285580990864 0.99513647280323 0.995304214595814 0.994791771375327 0.994891891616111 0.993352454266948 0.99485289433743 0.994842353480811 0.995814616693154 0.993787336951399 0.994664386319061 0.994873945653567 0.995074339695612 0.996204752539321 0.994738515677901 0.997419143587544 0.994671267895204 0.995374406614501 0.994507501112174
-9999 -9999 0.994372443152408 0.993209408525735 0.995313415169907 0.994216962810442 0.993505558700649 0.994012107308854 0.995654512215222 0.992096825875765 0.994092957340694 0.994214699559007 0.99602619304856 0.992880611585334 0.993036968683489 0.995366454428851 0.994827215368222 0.994666405918099 0.994390165765126 0.995763396361914 0.994352974863875 0.995312349578598 0.994918230179574 0.995387210539183 0.994161503286334 0.995029686130311 0.994871309727002 0.994698822189271 0.995252866939056 0.996340895336839 0.996301069107535 0.994631382086633 0.992719056662865 0.992800883552729 0.995694803653208 0.994462792927919 0.993286506546354 0.994880001033665 0.992794096663698 0.996169320269325 0.992656273622056 0.997434232950032 0.994623710255894 0.994699603601779 0.992803811387326
-9999 0.992775207332006 0.993626250114382 0.994608952244826 0.993738056644206 0.994116033810958 0.996062385549952 0.994413289314879 0.993473573733807 0.989619808347554 0.994819520764775 0.993156970574801 0.996105025506903 0.995145623149077 0.996414157565654 0.994933909837726 0.99324397972295 0.994735509625058 0.99333972227772 0.995631643153956 0.994955249233214 0.9948020334753 0.99291694667504 0.995547275986789 0.994780367918045 0.993845278383527 0.994690929745384 0.994577080045781 0.994949846600983 0.992637463784489 0.993412348705473 0.994737300159553 0.995351923482744 0.99462117346212 0.995683013692342 0.994626004442677 0.995298957379109 0.994862219267752 0.99279168136295 0.996161278787832 0.992275419963555 0.997448847406377 0.992399370528066 0.992413313534064 0.991921900932716
-9999 0.99245039746585 0.992436267462505 0.996328597568385 0.996279908177224 0.994761338922062 0.99427682440906 0.99468056480126 0.995602650001315 0.993562721218459 0.995441113891497 0.994751985235129 0.995759946336792 0.996043460535698 0.995402119967294 0.994879883781459 0.996023538986158 0.994702868176385 0.995049788260422 0.992813857104962 0.993520106556711 0.992698637509882 0.994889158629724 0.995394254642936 0.99496059905943 0.995509692941482 0.995370377595132 0.99533908116296 0.994881098339476 0.994620318992046 0.995153294402318 0.992722037428923 0.994681891470324 0.992427209396818 0.994707917902413 0.99376652749198 0.99492586967593 0.994703973164788 0.994229319350664 0.995919996482426 0.994540897273212 0.994598417935558 0.996407616893378 0.995680672947962 0.994570507462148
