Archive - glowpa-model-master/Model input/Uganda/survival/Tsurvival/Tsurvival_restime_1oct.asc
NCOLS 67 
NROWS 67 
XLLCORNER 29.500000001 
YLLCORNER -1.499999999 
CELLSIZE 0.0833333332985075 
NODATA_value -9999 
[rows 40 to 59 of 67, columns 0 to 44 of 67]
0.991872759180121 0.993576358300482 0.996129349183917 0.996243961381353 0.993343649147215 0.995398317870504 0.994165211441492 0.996313897716041 0.994537359436006 0.995686972643278 0.99563436557312 0.995816321709311 0.993815427274158 0.995894119815347 0.995273013952811 0.996075355052312 0.995897672810988 0.99438073365143 0.995302318430869 0.995343879805892 0.995210602803392 0.993488811591354 0.995174552919591 0.995362960600964 0.99534607325746 0.995010933818441 0.994941456418016 0.995021380815799 0.994646845230678 0.994464974635433 0.994748843697012 0.99438333860213 0.99604660933809 0.993131698738552 0.99489488416895 0.995494530742396 0.994544170791976 0.992101584821185 0.994213984780156 0.993544378204498 0.993622670638032 0.994140518841672 0.997213713284222 0.994715517948393 0.993038163615756
0.994231617618849 0.992112608755447 0.996149079502629 0.994951884317462 0.995145131319217 0.995430587529135 0.994783955702292 0.997575126529123 0.99591918684433 0.996237984431766 0.994852550772723 0.995589714894773 0.993788354769296 0.995406022954569 0.993858066552512 0.996013987515341 0.995100961080684 0.994024399457035 0.994444150628885 0.995919793605141 0.995643834689178 0.995518929467794 0.995181359766169 0.995549074766436 0.993542890560518 0.995162151393472 0.994339985922924 0.994529600396839 0.992208144479849 0.994692479813496 0.994838319361452 0.993336634012417 0.99605943762735 0.994584429057637 0.994622247972391 0.994580582463701 0.992884766401518 0.994385836878973 0.993487068260855 0.994598361033936 0.995479246547027 0.994906179056991 0.997246357687689 0.994492894711166 0.995045353235517
0.993729195681967 0.991314490799405 0.996141973711061 0.991505353036992 0.997531346126969 0.997822137268542 0.997748131794072 0.997258598454655 0.996205350073776 0.995549054710537 0.995646525672564 0.996214169264968 0.995541868581973 0.995242047070749 0.995482686152449 0.995432057870429 0.99396051488921 0.995506067292598 0.993677644995775 0.995198222472279 0.99311186129033 0.995108298283314 0.995188529599875 0.993901127777117 0.994958169652329 0.995845588312941 0.995003917744567 0.99312076504954 0.994799490770966 0.994695221145515 0.993387101322807 0.994710829383138 0.996054105417219 0.995639137495547 0.995107917966238 0.994548003078717 0.994655728532351 0.994378609491357 0.995353812806127 0.994284061566295 0.995306600440403 0.994927402623754 0.99731629238949 0.997283559254735 0.994338398711256
0.996337904186867 0.994835467124881 0.994139754822497 0.996046856018777 0.999281878479371 0.999302402367785 0.998715692422243 0.995002777255549 0.994243137532334 0.995284560085921 0.995467110248437 0.996006575278261 0.99614611722469 0.995331694929705 0.993413809231489 0.993726383663242 0.995320686595328 0.993133712890957 0.993238995824945 0.995306612158573 0.995194137937876 0.995395612325468 0.994195259442552 0.994980419348111 0.992898767720228 0.994193649243368 0.992824420165001 0.994796212938617 0.995609979692439 0.995764979628362 0.995096986038138 0.994566562660102 0.995872668709905 0.994718103692526 0.99343470978654 0.995228931694265 0.994590862165642 0.993170896566575 0.994454525786189 0.994355094106833 0.995326511181442 0.994946281431921 0.993877337780229 0.997399554702846 0.994573152399739
0.996275455246989 0.995485550479697 0.995610627198836 0.997905437103802 0.999534376299549 0.998935175633779 0.996361404275196 0.993980468413235 0.993164815909255 0.995498160250276 0.99567296384256 0.995006109565889 0.996214703678926 0.995633398180984 0.995730985673561 0.993402888104227 0.995324772684991 0.993395464659668 0.993599977383337 0.995514850193185 0.995325357463921 0.996059509333248 0.992563865548516 0.993240422191309 0.994244594099192 0.995143900718 0.995010785471607 0.99611442310927 0.99374613114829 0.993835241537829 0.994793952698812 0.99262458410689 0.99523281610449 0.993914560471368 0.995466223786836 0.994702689958625 0.992698938877015 0.99503508242264 0.994593264303912 0.994706470637168 0.995248664694974 0.99474360416011 0.996432873424101 0.996357302983663 0.996277041829118
0.996333081598399 0.995040008507403 0.995267979487661 0.998020746827154 0.99950667904981 0.998652557689273 0.997422379878936 0.995471105884348 0.992444618668537 0.995499394913375 0.995677310571143 0.992853718334301 0.9961646636724 0.995252533668382 0.994153557533788 0.995220723363815 0.99578418937667 0.99513180597517 0.995084374981803 0.995717948265024 0.993518206146946 0.996055456721361 0.994423642539729 0.99596664318019 0.994515067915983 0.994936100958888 0.994886635124963 0.994450454589454 0.995612951625506 0.995710874299633 0.993338993614117 0.994763216259439 0.994996391233348 0.994960849818287 0.994618959780143 0.993237064653109 0.99485472434145 0.997376181388362 0.996323964352283 0.994355864025314 0.994784284779879 0.994358345255294 0.997487391909896 0.997378100175589 0.996227733857831
0.995544600435231 0.994910521438601 0.995547640924553 0.997059872546764 0.998492130219067 0.99766219134139 0.994452305331754 0.994989966037924 0.996260713151279 0.995778028547078 0.995755010123117 0.995102775053378 0.994616483607981 0.995992281718061 0.996029576583935 0.996108876148112 0.996343382120273 0.996373401485649 0.996464540145856 0.99656843477821 0.996563857484513 0.996756400007043 0.995460187386963 0.994826667514543 0.992526350544191 0.992535835069665 0.994504159540247 0.99474554307459 0.994846550556085 0.993035126774418 0.994757662203741 0.994771832313869 0.99481407908907 0.995130550383666 0.996503210833618 0.997513822993184 0.996410884557666 0.997427945927197 0.997389855851781 0.997461945575336 0.997399005873838 0.996373827190585 0.997485718523458 0.997331274153457 0.99732779354679
0.994389287719666 0.996380825696439 0.996087043724228 0.997442992126991 0.997425641345298 0.995206467927434 0.99664563843009 0.996272787788412 0.996310965691412 0.996352042378757 0.995124344565158 0.996568339574751 0.996336022198943 0.996333324766977 0.994984746344406 0.994923056648896 0.99589724702539 0.995249749564146 0.996072661544196 0.995467392123589 0.994478403414983 0.99498579209485 0.995417123730952 0.995541502888504 0.995061941703233 0.994569082833891 0.994630799693599 0.994799559540359 0.992567064448312 0.994785761968359 0.994749761574682 0.995118626529732 0.996571740440045 0.996498196690803 0.99750272960446 0.996443971264462 0.997451920565185 0.99741793594567 0.997444170651023 0.99741405905795 0.997455979670021 0.997534217282645 0.997399515629035 0.996230904808416 0.997327824320638
0.994958898091314 0.996246584157145 0.99647004026836 0.996876940111807 0.995983785910955 0.994576399114483 0.996184022664977 0.994562009366334 0.996223891863738 0.994894269232239 0.995007282474509 0.99575440664461 0.995144726867749 0.996008473137866 0.994771285380892 0.995881977545546 0.995679245369227 0.993146343307216 0.99616154813538 0.995219885247389 0.996063451846664 0.993615536752845 0.995270653746163 0.995148464821466 0.996905274184903 0.996936145052755 0.996914465343288 0.996924419802198 0.995725907450829 0.995047884870943 0.997575663412976 0.99656808732928 0.99754996823652 0.997536906411586 0.99749294316186 0.996396313796558 0.997417837007202 0.997396115637177 0.997392305705373 0.997425093232172 0.997404910976643 0.997389644554404 0.997359148920486 0.997332825402984 0.997340221405935
0.996441897564913 0.996142213862199 0.996251168881171 0.996086413273497 0.996188095425109 0.993435499408381 0.993177918487405 0.993748439302298 0.994617539965107 0.996570232037878 0.993857206410058 0.995326134539913 0.994414759801061 0.995251071773584 0.996284808026278 0.995908324494496 0.995068188842369 0.993834914298065 0.99624209670589 0.996134537807851 0.995313682177968 0.994303807786343 0.993235028526381 0.993163586616095 0.994350136814224 0.994974904171757 0.993875980952801 0.992745617518668 0.997506580306636 0.997540539190798 0.996542804273856 0.99754265768223 0.9975527626997 0.997523272960829 0.997482844713022 0.99744631825761 0.997438304633287 0.997446977835577 0.997458136681573 0.997475716839833 0.997426936689076 0.997400532909185 0.996318465168687 0.997368093972266 0.997350132956344
0.994608851733129 0.995980172501227 0.995925359072944 0.995977134394638 0.99596031964588 0.993181397967549 0.994728807494869 0.996247353355963 0.996417594623969 0.994530556301973 0.995792728952878 0.995526746573879 0.996085174585397 0.995345662066037 0.996351134172374 0.995888928177771 0.995129590544011 0.995560776153915 0.995253300595278 0.996206261243868 0.99538930572652 0.996022229193542 0.995279021159686 0.992963950727222 0.996032823613118 0.994748509726849 0.995706807890084 0.994606909303759 0.996480594194608 0.997504455308248 0.99749557332853 0.99750214905462 0.99750695603964 0.997494450682716 0.997478867439864 0.996426423500747 0.997467900526348 0.99640547175408 0.99748399148437 0.997486497565935 0.997423047257023 0.996358803968111 0.997420833215512 0.996298676124051 0.997352231504708
0.995859635943615 0.994101571945594 0.995856136820188 0.995898059305364 0.995944601288433 0.996357235109374 0.993913955246692 0.994117820386629 0.994858529321613 0.994308190464958 0.996366721241871 0.994623766868504 0.995851931191668 0.993671524303059 0.996403231360413 0.994964761520473 0.994061115705201 0.995233642290013 0.993844314105182 0.996051531896341 0.995531625167771 0.995754607692822 0.99349167122934 0.995133069567734 0.996039627744447 0.99245222648895 0.995529980490172 0.99475589189161 0.997519143914285 0.996520897614498 0.997531805540636 0.997530126745161 0.997514195803163 0.997518560685583 0.997504538163394 0.997486974683318 0.99745754195247 0.997443254319335 0.997428736370064 0.996374356075445 0.997431894190993 0.997422648795641 0.997434542661344 0.997405657789123 0.99628311778287
0.9957733574197 0.995791656745691 0.994125167781344 0.994214852951371 0.996098756877974 0.994168937110278 0.993966537737989 0.99635411192759 0.994086111459763 0.996096661415588 0.995724535267385 0.995127319403423 0.996075765276398 0.994470279483836 0.996059840594785 0.994114185301878 0.995363301355747 0.993321837158329 0.995354381307907 0.995769563229125 0.995744183897333 0.995546172657027 0.995375542744797 0.9957315375753 0.995970117728422 0.99324129684194 0.995187178012738 0.992624829338337 0.994859697415458 0.993039076704453 0.996511751718734 0.99656511265049 0.996549625121159 0.997551654213001 0.99750571083901 0.997484492284646 0.996440879556027 0.997470400068999 0.997456116521984 0.99743048217725 0.997431937996381 0.997433439340248 0.996360931783218 0.997403565643198 0.996318693942321
0.994026891314579 0.99580383060952 0.994187653280515 0.994373709112707 0.996213420531678 0.993319203491907 0.992863910230463 0.99661884855621 0.996449773670726 0.996618198211188 0.997111561828128 0.996705308598891 0.994260000112554 0.994382872016055 0.995509646485782 0.995474080260217 0.993521392117052 0.995462051081285 0.995514426027373 0.995483284119189 0.99409378277487 0.993344003665117 0.99358723297711 0.995033001391558 0.9956365382437 0.994993956578358 0.994828191240464 0.994852839534017 0.995269625182225 0.995645182922829 0.997530058170179 0.997518174263298 0.997535776603034 0.997570000562158 0.997537216781174 0.997507025049505 0.996472356654816 0.997482041108374 0.997446939717408 0.9974374754079 0.996393884778803 0.997453938233713 0.997437673056742 0.996348503428701 0.997400421547654
0.995800903575134 0.99413209546151 0.995986274214892 0.99449838951934 0.993501208859103 0.99299265381223 0.99572997186411 0.994968904223643 0.996012253834524 0.996668234397125 0.995567409625562 0.996432693637422 0.995969982787743 0.995817723418899 0.99576321328096 0.994204584032006 0.995482015015132 0.995733300406424 0.994081517473129 0.996403004811248 0.995935393009353 0.995795733072807 0.995610206850341 0.993502293611666 0.99523023598168 0.994601390298238 0.994367105359477 0.997577828083281 0.996508239599062 0.997534692198621 0.99754345927447 0.997527860611212 0.996556590269879 0.996537636812303 0.997526285541743 0.996495427066545 0.997496517923456 0.997458879267528 0.996405541262066 0.997444517612619 0.997437261293158 0.996375597890974 0.997445648833344 0.997409902791899 0.996345924387165
0.995860402135265 0.995893224835342 0.995751613043859 0.991334156829998 0.993895077352359 0.995237564067889 0.994564222917791 0.996416039431338 0.996468204768783 0.996967545924962 0.994608512103311 0.996547281377616 0.996271528847066 0.99420099247767 0.99578911868649 0.995773713149352 0.994666509518816 0.996158812332591 0.995484628993383 0.996453219877797 0.995253613690489 0.995466695292098 0.995149887386981 0.995241645133335 0.992925164946905 0.994197965868795 0.9928730313513 0.996543430627758 0.99753164700817 0.996517900634847 0.9965231134856 0.997550611531887 0.997527674222894 0.997517091561161 0.99750106385986 0.996471844349838 0.997494612000885 0.996420419775256 0.997470626149715 0.997467272732874 0.996383425866537 0.997452647195796 0.996368616268598 0.996362917293516 0.997422551544441
0.995879781223207 0.995957683336698 0.995867230192444 0.996027912165936 0.994677611607123 0.9951195291001 0.996320405722028 0.996348832111547 0.995073149183573 0.99699409695124 0.996091453688408 0.99708233363502 0.997135111296038 0.997123751570144 0.997005694079687 0.995793241913208 0.997183420008399 0.996419392700121 0.997121724261828 0.996033567069634 0.997178528702893 0.994075738926375 0.996055002431693 0.993616105411948 0.994859380372487 0.993081530926197 0.997625232993738 0.997551711110125 0.997541496879372 0.997551651419278 0.997543806030853 0.997531858243864 0.996516585639911 0.996512619049009 0.997519578137548 0.997510947750029 0.996442611780891 0.997462150514327 0.997457653646312 0.997455478511223 0.997456418840984 0.997440605477523 0.997427363111187 0.996362469056025 0.996358628530674
0.99337663397544 0.995559752981802 0.99491379218609 0.996258281802892 0.995381883435794 0.996230864786158 0.996267279695279 0.996908992323928 0.996412674326032 0.997237742234426 0.995981786224721 0.996403851862706 0.996470885329555 0.996362140467193 0.996195948194669 0.996289439735035 0.997075107488039 0.996953365725682 0.997106386039551 0.997212687083339 0.997211750675788 0.995940984147944 0.997142579196439 0.995404936015014 0.995711620245082 0.99276562399031 0.997618110638789 0.997587735764561 0.996587041112366 0.996570191406302 0.997566143341728 0.996533678112785 0.997546323907645 0.997537695261243 0.996482824158296 0.996468200199225 0.997478121988571 0.997482030356656 0.997454213709889 0.997440284155808 0.996390167997626 0.997430427106161 0.997432224571433 0.997438830830125 0.996372274988945
0.991314897532841 0.995851108862324 0.99521679578645 0.996746037614072 0.995886009755849 0.994821252882291 0.997010073505048 0.996898357282372 0.99641840091689 0.996063054478067 0.996713888131519 0.996451544687769 0.99642362455981 0.99508029694831 0.99608906280744 0.996025592489575 0.995919362884323 0.997146033030023 0.995883094361038 0.993792206161575 0.99467263922217 0.995564404614586 0.996004457208973 0.992512329313936 0.995825734247659 0.995786242190255 0.997641129835592 0.997609527443041 0.996608331551889 0.997574903668175 0.996560020087979 0.997557401742463 0.996530731020324 0.99650071301529 0.996485022149653 0.997491893326494 0.997476988364747 0.997468276987444 0.996411302783593 0.997464088808769 0.997452761083779 0.997445814900886 0.996373014870839 0.997427785323698 0.997443784083246
0.994701022944699 0.996311969837126 0.995841231168263 0.994673832706935 0.996058094348452 0.996970846954929 0.996883059791943 0.996161283362428 0.996291806429192 0.994697285389746 0.996461318864262 0.996197418196957 0.996546200710843 0.99614960181266 0.996211877397408 0.996192840772387 0.996099483336215 0.99594393642829 0.99589692374738 0.994198333902617 0.996139650212015 0.995736742588805 0.993104145246184 0.996991484261957 0.996917889247667 0.996779377388674 0.99667427236319 0.997633190482466 0.996627400805529 0.997587920381825 0.997569421811853 0.997551993933193 0.997536140827762 0.997517980858444 0.997506418769573 0.996465651315182 0.997491021487228 0.997466543984882 0.997447946213338 0.997461402770526 0.997450964478194 0.997423379242743 0.997441683702858 0.996356645196937 0.996348249248203
