Archive - glowpa-model-master/Model input/Uganda/survival/Tsurvival/Tsurvival_restime_1jun.asc
NCOLS 67 
NROWS 67 
XLLCORNER 29.500000001 
YLLCORNER -1.499999999 
CELLSIZE 0.0833333332985075 
NODATA_value -9999 
[rows 20 to 39 of 67, columns 0 to 44 of 67]
-9999 -9999 -9999 -9999 -9999 -9999 -9999 -9999 -9999 -9999 -9999 -9999 -9999 -9999 -9999 0.99577401191817 0.995106043191744 0.99651808479985 0.994287806641339 0.995202852216033 0.993782960277073 0.99389325306429 0.994069957269906 0.991841266628955 0.994620183198029 0.994551956886472 0.991049956940043 0.991760625294797 0.996163839064289 0.995505962395425 0.994198585255122 0.991959566155058 0.994783214404492 0.992696892441406 0.996171708066396 0.996139207484588 0.99546402379479 0.994982364855576 0.994663578603821 0.994924397001685 0.995050013714389 0.993109454672964 0.995189291738713 0.995135617935847 0.994659568302642
-9999 -9999 -9999 -9999 -9999 -9999 -9999 -9999 -9999 -9999 -9999 -9999 -9999 -9999 -9999 0.996846722934134 0.995698366815585 0.995502111685521 0.996071298096808 0.995298963390485 0.992216607221162 0.993503221309694 0.99173776323173 0.993135475381889 0.995877642326695 0.997098858300626 0.997186822237921 0.997242917682401 0.994274681388496 0.996401295868332 0.997470149671761 0.994461563881282 0.995097264190444 0.992601448045596 0.994628000987312 0.994499298893222 0.994917810168696 0.994221375469503 0.995751142426284 0.995709745658474 0.995533489412965 0.994840574947956 0.99478259928799 0.994945311310146 0.994863540899909
-9999 -9999 -9999 -9999 -9999 -9999 -9999 -9999 -9999 -9999 -9999 -9999 -9999 -9999 -9999 -9999 0.997335625464506 0.995940410487515 0.996293274750152 0.992619113552359 0.996330553350684 0.995890024783276 0.997000587728473 0.997070949322361 0.993445948838229 0.993593339829481 0.993770334158859 0.992860166019779 0.995031117314037 0.995032395088794 0.994864177267922 0.996498307593341 0.997534327336966 0.997557960703013 0.994732917701931 0.994885845989868 0.996000045588946 0.99486098421307 0.993307241580151 0.994970092267177 0.995003979201903 0.992693236696253 0.994699628098494 0.994693152007172 0.992850641807488
-9999 -9999 -9999 -9999 -9999 -9999 -9999 -9999 -9999 -9999 -9999 -9999 -9999 -9999 -9999 -9999 -9999 0.996049930539683 0.998204637997391 0.997810474665295 0.997195705561138 0.997023006605327 0.99700704077323 0.994004123155337 0.9939010223785 0.992220651356639 0.994169068036303 0.992771828978001 0.994591985183794 0.994947132833425 0.994818139818269 0.994773828351272 0.99353143441485 0.997592013998979 0.994742346960078 0.993157463999594 0.994478395129164 0.995198064734519 0.994919070602678 0.994894898204727 0.994766521573094 0.992474521381126 0.995145303864802 0.99549496339579 0.994921616771873
-9999 -9999 -9999 -9999 -9999 -9999 -9999 -9999 -9999 -9999 -9999 -9999 -9999 -9999 -9999 0.997711659466705 0.997687268127076 0.998484963919547 0.996653405207989 0.996361241960099 0.997053239090968 0.997032613557821 0.997007527151867 0.997055889287563 0.993360792447714 0.995225150942631 0.995363983557012 0.994800222692181 0.992871121666105 0.994563966837803 0.99284916712055 0.99280304906889 0.994879377198306 0.995570172756396 0.996621669701801 0.996114055629766 0.994810935859496 0.992566905928 0.992624036402947 0.993664727051111 0.995238889243177 0.994598260789774 0.995814870028025 0.995515863210643 0.992573637887811
-9999 -9999 -9999 -9999 -9999 -9999 -9999 -9999 -9999 -9999 -9999 -9999 -9999 -9999 -9999 0.997876660072937 0.998152285412465 0.997561338373386 0.997173565514618 0.997077504313863 0.995853488560717 0.997052868651823 0.997020238966437 0.995818871767608 0.99408485361074 0.994153059871742 0.992449729693668 0.993656418947443 0.992713792144128 0.995271937334818 0.994908498197905 0.994876049823428 0.99490863700146 0.996676656187104 0.995980153467744 0.995871440137627 0.995822402867257 0.995722473851552 0.995593916632464 0.994953590842592 0.995003403319429 0.994639526717226 0.99422314343425 0.995096655920724 0.992489151898694
-9999 -9999 -9999 -9999 -9999 -9999 -9999 -9999 -9999 -9999 -9999 -9999 -9999 -9999 -9999 0.998500215295764 0.997773463552209 0.997175984476754 0.997123943677261 0.99590643750674 0.997088059011736 0.997036924557328 0.995831579559877 0.993927263062039 0.993375838340982 0.994762531567466 0.994901961814961 0.995464960549731 0.994820643901235 0.993760790362524 0.995119111688258 0.993212423642782 0.992805235043647 0.997656648218928 0.996670258582235 0.993243199467438 0.994880906566049 0.994724690526838 0.99465221743562 0.995242106232032 0.995166237678892 0.994440516700987 0.994636769891162 0.995390652948329 0.99514854949372
-9999 -9999 -9999 -9999 -9999 -9999 -9999 -9999 -9999 -9999 -9999 -9999 -9999 -9999 -9999 0.997981160175772 0.997218355855036 0.997162424244924 0.995943528341081 0.997110577826191 0.997053217045965 0.995825550456851 0.997188345597934 0.994285122929372 0.995556950451504 0.992934946022347 0.992823463438969 0.994883447122691 0.992729301029813 0.992641946449021 0.993998527607474 0.9976605890441 0.997667736830543 0.997686416724252 0.994775008792807 0.992617419864291 0.994853777113895 0.995298560416848 0.995544942856452 0.994779145486328 0.996233294925497 0.995775521003922 0.994676335665242 0.993575428952395 0.997595212625929
-9999 -9999 -9999 -9999 -9999 -9999 -9999 -9999 -9999 -9999 -9999 -9999 -9999 -9999 0.997942865850773 0.99612644651364 0.997157060987642 0.995960653442361 0.997092542925907 0.995876043555945 0.995845067300846 0.997217892271218 0.993482751786509 0.995440687687296 0.995617001437539 0.995459043450581 0.992802179577841 0.995572014087093 0.994865699663265 0.992563388543349 0.99502655962643 0.996671554152443 0.996728622332674 0.997730884298284 0.995201140680676 0.995035869939793 0.994632687340049 0.994867538983023 0.994861158385585 0.994679925090976 0.994713540712378 0.995598952345419 0.99550983428629 0.994520245625194 0.996495823428573
-9999 -9999 -9999 -9999 -9999 -9999 -9999 -9999 -9999 -9999 -9999 0.998554702360621 0.997731113170482 0.996852933265692 0.996075098013537 0.997145177770615 0.995932864217075 0.997115692511186 0.995871342089393 0.99708529908908 0.996187502962178 0.992771525784607 0.995008087295467 0.994965456430344 0.992794454489901 0.995264753934687 0.994985431636898 0.995673742875453 0.994805900706312 0.994480789201848 0.993064919328477 0.997635704283676 0.997633084139014 0.996672112246601 0.997596808837629 0.995060476305334 0.996432080434381 0.996397456682883 0.997525469990218 0.996458859495005 0.996466647646055 0.99751069538633 0.997516753898819 0.99749366481771 0.996439411002363
-9999 -9999 -9999 -9999 -9999 -9999 -9999 -9999 -9999 -9999 0.996273159470326 0.997752822851702 0.997296499121953 0.997165997262856 0.997124017158855 0.995916474827551 0.997102520534242 0.997087341885895 0.99596579167211 0.996428832569229 0.993108970840943 0.99484933204445 0.995150795985069 0.99354356931924 0.995003000367885 0.994899863386252 0.995299767269972 0.995874735312306 0.995127488227275 0.994119227254757 0.995596801348713 0.995316718165436 0.994809508627673 0.995439456706697 0.997577493075517 0.996530769736829 0.997542992366058 0.997517660923373 0.997499952677743 0.996433414550333 0.997472473822742 0.996438150456939 0.996434914165174 0.997463635424893 0.997491750121719
-9999 -9999 -9999 -9999 -9999 -9999 -9999 -9999 -9999 -9999 0.997402521744994 0.995951435977182 0.997104835588783 0.99708843735626 0.995878480189344 0.997084594043142 0.997083564779562 0.995976519944861 0.994354658484915 0.995854879490876 0.992810324060716 0.992821399625079 0.993339811924789 0.995204674621698 0.995746756752206 0.995303813904487 0.99599093153714 0.995863285235147 0.996818124143326 0.995632616111856 0.996362336600409 0.994902077318457 0.992863149852602 0.994885862915628 0.993389450663735 0.99290661363806 0.997527416365831 0.996485456877269 0.997481428567353 0.997476127315882 0.99747685646159 0.997465166368896 0.997463526300053 0.997469753538603 0.997464774191957
-9999 -9999 -9999 -9999 -9999 -9999 -9999 -9999 -9999 0.995355209436328 0.997134832420983 0.997081896522474 0.997064216786032 0.995827704894322 0.997055002186897 0.997076345059934 0.996382727744889 0.99530113564342 0.992737298518786 0.995772364369838 0.995515377148438 0.995308973736139 0.99508850786181 0.993049106018398 0.996525627609873 0.995134303188876 0.99599549424314 0.995540554315261 0.992487406494045 0.994666316274603 0.994797009537105 0.994849625928318 0.995006484168691 0.99509515156827 0.995070187770837 0.994935563525853 0.997555501701108 0.997535128730515 0.996476675245436 0.994592165126406 0.996504714757303 0.997486910987244 0.997478401177228 0.996416098803793 0.997455486354488
-9999 -9999 -9999 -9999 -9999 -9999 -9999 -9999 -9999 0.994803771799573 0.997102089990485 0.997094526448542 0.995824589000213 0.997029249294517 0.997002973810804 0.996364017757221 0.995023720618053 0.995260644903194 0.992444914139423 0.994684010360807 0.992572500063523 0.994703687916809 0.996451162233096 0.995026345376879 0.995478056922835 0.994772127530564 0.995267370275546 0.994732949467019 0.995215747413952 0.995913655888332 0.99501228882334 0.994803534788211 0.994877949873844 0.99538029571498 0.993113272961611 0.992895412363229 0.994118732136935 0.994791492470363 0.994485455247776 0.994845311419362 0.997561365203868 0.997530206211399 0.991359627453055 0.997482006824053 0.997483391828006
-9999 -9999 -9999 -9999 -9999 -9999 0.99673468303948 0.996787227797901 0.996053765340418 0.990895180765383 0.996004377117443 0.9958835350849 0.997059128234405 0.995787518333824 0.995901089400201 0.994967130452523 0.993003979940137 0.992694104615383 0.994846387555006 0.99460578656131 0.995769801786706 0.994855703815806 0.995006505306303 0.994795474834377 0.992610440333066 0.993291795795357 0.995340747689327 0.992909717788619 0.996570759184075 0.992965178927388 0.994145571192381 0.995021460233433 0.995573178319597 0.99478224757539 0.994958436637338 0.995043772807124 0.995299562494268 0.993783891613 0.99275313437287 0.996406602570033 0.994864327569963 0.996517693528502 0.995772241495961 0.994755371411775 0.99752026725165
-9999 -9999 -9999 -9999 -9999 -9999 0.994623880611202 0.994578909602255 0.994225650101968 0.99425233773763 0.992964857016499 0.995742510147069 0.99581061209389 0.997075430117701 0.997450342526437 0.996271490697817 0.996146588214951 0.996088083099099 0.995971102806593 0.995938238725956 0.995618052765499 0.992580103200403 0.994654773190215 0.996143658743854 0.994704538488585 0.994796649813767 0.995002156368043 0.99376672870448 0.996553224337019 0.992463222845641 0.995800070052959 0.99506537109263 0.995479704943956 0.995027195530224 0.994748060104311 0.995068930456066 0.995027981753553 0.995505571635081 0.995010936130773 0.996399952160634 0.994983896574049 0.99754637858656 0.993254205073157 0.993958815371887 0.994775702059982
-9999 -9999 -9999 -9999 -9999 0.995373862494106 0.992852566401426 0.994816163643058 0.994354378061414 0.989473243805567 0.989197490405816 0.996974242146369 0.997045416593954 0.997398002230848 0.994958307310252 0.993558919878335 0.994804641491837 0.995192448791457 0.992956199494023 0.995915948797643 0.99462157303122 0.99362811169252 0.995325420182657 0.996119217437091 0.994899160071239 0.992624080800408 0.992621469508763 0.995370975874436 0.995562918443465 0.995085262991072 0.995170242796128 0.993737510125138 0.995139513428575 0.995141360039897 0.996067210201261 0.994147870197971 0.994944785257913 0.995124930892062 0.995313076095024 0.996393754225952 0.99503549612877 0.997574568679152 0.994969106285526 0.995626172703198 0.994792278112343
-9999 -9999 0.994809214939606 0.993764237753619 0.995733563541625 0.994469303848406 0.99380627184903 0.994237266861205 0.995938517993032 0.992458361745033 0.994356454101597 0.994439872364551 0.996141372821412 0.993095828298545 0.993334604089117 0.995521502158044 0.995038540816414 0.994869528254867 0.994633710779745 0.995883157293274 0.994555975182478 0.995422546545612 0.995008842662138 0.995519123433277 0.994368842994648 0.995241533646801 0.995100498434906 0.994944556496957 0.995489143847785 0.996551009096346 0.996514624098832 0.99496642172071 0.993129865725642 0.993237181745215 0.995987475457203 0.994802594948085 0.99367376422997 0.995189407773424 0.993241095141984 0.996387220912333 0.993082710470075 0.997582567386378 0.994911739302218 0.994982609896978 0.993188335883847
-9999 0.993288043831305 0.994074210170874 0.99492190447821 0.994036830681183 0.994456226604807 0.996375446410909 0.99475718423575 0.993722097079534 0.989909860357406 0.994956160322427 0.993365777143462 0.996278017910968 0.99533927753077 0.996551464711191 0.995138207882164 0.993467549941001 0.994893844445663 0.993516677199554 0.995727106369547 0.995060681533397 0.994919830521298 0.99304406320822 0.995658439168322 0.994942120229408 0.994115990113902 0.994914006974022 0.994808235183302 0.995178719651356 0.993039744287934 0.993781516325815 0.99505338057591 0.995619081137652 0.994949878875372 0.995960698345345 0.994951494647127 0.995570702715744 0.995192341311382 0.993238852548909 0.996378266207053 0.992705174404524 0.997598727790905 0.992813795658428 0.992842184879644 0.992405563761283
-9999 0.992851618827367 0.992710014914962 0.996583454714318 0.996622713840956 0.995270444726415 0.994496374913525 0.994949534809494 0.995885212079023 0.993812782100434 0.995668311066179 0.995032677273806 0.995938606751589 0.996164438380828 0.995545015705303 0.995059302587336 0.996144888500445 0.994854513644852 0.995167383660885 0.992914258108418 0.9936363534523 0.992803339778306 0.994984061622855 0.995559591203537 0.995124254962247 0.995723631619109 0.995598743654462 0.995583674107214 0.995143091747086 0.994938497435168 0.995443398731105 0.99317223183227 0.995037764526346 0.992986412083142 0.995088059230327 0.994215653887128 0.995251177435773 0.995005319543836 0.994555265837667 0.996168215341612 0.994854921439026 0.994882144950631 0.996614936893421 0.995917271975496 0.994872327645122
