Archive - glowpa-model-master/Model input/Uganda/survival/Tsurvival/Tsurvival_restime_1jun.asc
NCOLS 67 
NROWS 67 
XLLCORNER 29.500000001 
YLLCORNER -1.499999999 
CELLSIZE 0.0833333332985075 
NODATA_value -9999 
[rows 40 to 59 of 67, columns 0 to 44 of 67]
0.99246384223943 0.993982325359419 0.996472053872704 0.996536479887286 0.993718537771778 0.995553523983897 0.994518003086516 0.996596767770991 0.995042109747283 0.996089985027347 0.996068932525493 0.996095609398137 0.994246963028989 0.996103159784146 0.995518838830774 0.996137611831771 0.995836194664947 0.994244323653494 0.995266808115802 0.995275048030169 0.995100750764115 0.99331648986223 0.99503474759109 0.994612478999676 0.994763517551933 0.995011338196367 0.995031822567975 0.995433580239244 0.995101122338265 0.995093776722218 0.995388490660533 0.995087145575432 0.996576480055007 0.993913837782438 0.99541052945635 0.996030962664918 0.995265889275699 0.993221901904837 0.995045613188374 0.994414386966013 0.994514206323094 0.994924239891453 0.997652297163223 0.99539060157695 0.993902352618864
0.994639797505838 0.992618044755152 0.996464240135209 0.994972503780505 0.99518979713004 0.995575369666613 0.995133790257414 0.997631047017089 0.996352432853527 0.996583164265017 0.995375080997551 0.995887310119964 0.994151405905391 0.995667874767186 0.994005172809807 0.995916213698643 0.995154135318609 0.99381137927412 0.99433683330748 0.995803799896299 0.995535933832401 0.995418660970943 0.995049928978664 0.994915153424837 0.992761514349359 0.994919712620511 0.994470858636923 0.995066735546372 0.993027495962127 0.995266084931457 0.995462308176895 0.994143393094311 0.996516536918594 0.995104461195124 0.995155714841665 0.995115976699912 0.993683530433747 0.995166398681403 0.99435562154626 0.995342236720297 0.996097320512146 0.995592708770546 0.997674368061943 0.995163377149227 0.995657137242252
0.994145344643741 0.991884212894879 0.996474788016561 0.992027362422776 0.997664241170475 0.997909246009973 0.997855572970242 0.99737918459623 0.996414477166342 0.995837074122037 0.996060443152338 0.996549695032337 0.995789036534415 0.995484526506114 0.995436103890297 0.995255202427432 0.993669821217796 0.995351099438383 0.993455123553709 0.995035339069661 0.992884085699988 0.994553948994376 0.994656874213842 0.993088394377795 0.99427590499796 0.995610302295677 0.995213303931407 0.993533361317673 0.994904421837915 0.994686367579524 0.994143126435449 0.995392176421285 0.996547793158604 0.99613852314216 0.995572317753863 0.995034945452951 0.995273210886329 0.995168845187305 0.995972176786251 0.995073213199496 0.995941589514622 0.995559364982274 0.997721222171905 0.997704424723383 0.995037249958836
0.996624333981007 0.995277673970256 0.994555310013209 0.996406613823748 0.999357740557883 0.999368746624629 0.99885697483214 0.995260891717064 0.994385475405142 0.995561017874158 0.995706324877349 0.996288167996589 0.996376696217639 0.995051193447431 0.993008020918601 0.992645575767522 0.995044334857316 0.992652754403511 0.993010575030758 0.994671416967555 0.994514314530769 0.994901945454673 0.993487439381761 0.994164013987001 0.992126684032348 0.993889497805705 0.992411881459006 0.994668172761594 0.995736072243145 0.996238345663051 0.995430667451292 0.995293485007952 0.996410791811901 0.995468979141433 0.994295186142452 0.995841607493017 0.995344958297692 0.994074351318989 0.995208656882321 0.995154593947875 0.995958511862813 0.995596287336799 0.994682542683668 0.997798710271679 0.995123780165829
0.996562992277106 0.99566156730207 0.995830156977357 0.998097136728485 0.999561216045455 0.999028210261718 0.996577512503576 0.994329716958742 0.9929715770801 0.995675036769978 0.995799863333589 0.994989686489086 0.996311183936625 0.995359273764288 0.995144602162666 0.992419970062711 0.994554933394875 0.992534858205926 0.993102456099934 0.995030054282474 0.99484020213431 0.995653672549733 0.992201902269893 0.992937380965477 0.993994168125998 0.994907912056995 0.994814920979748 0.996341652209732 0.993938270359954 0.994604276329608 0.995336786720728 0.993630930993162 0.995874345286656 0.994706179565525 0.99605144101279 0.995436840299753 0.993633705642042 0.995647650119829 0.995316018111391 0.995433701264459 0.99593441252107 0.995493145900362 0.996987833417725 0.996920687427188 0.99682616116754
0.996589195249374 0.995191188319565 0.995478682554132 0.998167687254197 0.999539164734852 0.998808167709397 0.997517502094474 0.995328618495839 0.992081546410245 0.995695251001199 0.995800988942818 0.992402975321867 0.996217221820259 0.994614774392886 0.993425207755687 0.994530946342385 0.995177773072783 0.994389350063683 0.994588729826607 0.995378306525744 0.993092387398527 0.995695369866242 0.99430524154316 0.995848598306426 0.994828292437458 0.994698011690001 0.994976740645242 0.994805330164921 0.996150700129648 0.996251761559067 0.99420783512395 0.99546764325901 0.995671669418054 0.99565359228908 0.995356531240865 0.994090107885856 0.99547409939565 0.997779190376558 0.996924267477942 0.995129597691056 0.995535697779482 0.995184299516377 0.997882562958486 0.997784072521314 0.996803158685951
0.99563970521997 0.995149188176903 0.995767279607964 0.997147009021427 0.998510445392171 0.997902359941947 0.994561130337411 0.994819062445164 0.996271833282006 0.995864506226852 0.995640378176494 0.994624202674144 0.994520674000943 0.995402938212641 0.995542965039045 0.995660166405667 0.996055223034602 0.996093514473996 0.996247344038279 0.996357313116457 0.996384836767005 0.996626089235753 0.995343183699343 0.99495508342692 0.993225127594351 0.993302219662799 0.994868125761389 0.994779728140355 0.994977002116329 0.993867124933548 0.995440366688193 0.995466623847093 0.995474596540004 0.995754594937752 0.997010139272918 0.997880730105022 0.996970368962746 0.997817519964816 0.997842714563466 0.997871438559089 0.997829743878419 0.996971569339909 0.99787620001156 0.997739616663095 0.997721826396541
0.994678167561907 0.996567820426957 0.996051738344192 0.997691692669055 0.997621122077869 0.995032611381957 0.996630849063122 0.996183472679451 0.996373853998057 0.996353960335382 0.994953344296878 0.996463064763267 0.996255054093676 0.996352424076752 0.994784315448877 0.994837161756717 0.995820557367538 0.994970067371985 0.995919838801188 0.995187152158599 0.994344366259996 0.9950811655055 0.995493348212317 0.995486858117558 0.99557244704616 0.994944084787994 0.994958711992226 0.994838925942628 0.992977066217121 0.995331569954565 0.995375748921841 0.995727826910551 0.99703943042744 0.996992425129596 0.997863892434124 0.996972344378394 0.997827887180222 0.997790612774783 0.997809360218494 0.997796846482856 0.997840889112511 0.997943856104528 0.997791980493517 0.996798770255112 0.997721356284023
0.995209224292536 0.996477904908299 0.996708700215762 0.997062579399746 0.99582742287233 0.994563697432842 0.996207237222524 0.994597908427457 0.996293120736174 0.994851849619478 0.994827463094087 0.995438696539313 0.994746246500161 0.99599020912818 0.994951735561351 0.996024032504572 0.995714115113194 0.992670787378324 0.996036675632939 0.994954516333658 0.995989920595342 0.993450983861268 0.995222490510946 0.994983134483813 0.996930323645169 0.997014110381862 0.997014386067667 0.997036559013795 0.995902948085841 0.995565511796504 0.997908102122641 0.997016693173232 0.99787349196784 0.997873405390631 0.997817452831061 0.996872039723148 0.997790733674436 0.997774550597243 0.997762149543468 0.997785494192602 0.997759940917994 0.99775098036511 0.997733483937083 0.997721787845714 0.997720408843442
0.996720316949402 0.996437415868562 0.996535320333702 0.996323187632508 0.996413051358209 0.993567008312584 0.99316085969521 0.993276975005244 0.994689706942768 0.996502533917315 0.993638272938254 0.995042786824761 0.994209783350588 0.995228712715734 0.996372994900596 0.996014535433065 0.99523224316906 0.993857174915653 0.996105483485993 0.99604307155031 0.995079690180392 0.994278475660117 0.99312621708185 0.993205027317253 0.994811852370151 0.995544155689115 0.994546061021852 0.99356068368098 0.99783895866252 0.997847033788444 0.996995797642483 0.997859239514477 0.997871688346663 0.99783790470082 0.997801589677808 0.99777157718177 0.997755371511503 0.997773271198124 0.997795665346687 0.997830226510231 0.997758862950302 0.99774434576778 0.996811293602158 0.99773936136743 0.997720219445364
0.994996410033996 0.996351344622233 0.996290117725981 0.996283372250959 0.99622296149379 0.992984566133667 0.994727621125075 0.996260915796116 0.996373209280653 0.994522519954101 0.995688587295736 0.995440324414096 0.996030944610381 0.995286164660725 0.996389447608559 0.996030490182677 0.995330517195375 0.995647704760561 0.994869852683942 0.996133591244139 0.995197222849584 0.996014130214428 0.995195508965162 0.993408012440174 0.996330220228101 0.995319660461004 0.996168420599604 0.995209156324877 0.996962717358596 0.997840827874877 0.997864084504356 0.997849272223923 0.997835724658401 0.997807424999922 0.997781138849664 0.996857131566391 0.997773977584203 0.996850055850416 0.997840417538303 0.997833456018855 0.997750269398403 0.996829486330498 0.997750659957294 0.996796357544447 0.997706977830743
0.996203458482647 0.994645441063447 0.996243128389939 0.996265525661948 0.996270912598537 0.996339888345699 0.993543152064386 0.993896870662227 0.994702012556305 0.994120788836781 0.99616100773904 0.994603912623648 0.995954217268496 0.993747009117073 0.996414533750018 0.995231341372712 0.994498940375615 0.995522151292998 0.993981392986846 0.995944779162475 0.995458770551604 0.995752795108563 0.993535739049273 0.99548899861398 0.99632482515237 0.993240950779519 0.995992024307059 0.99530536025625 0.997849914591563 0.996972284249492 0.997872604011551 0.997852117366884 0.997841202430878 0.997837466268019 0.997811605098456 0.997798718600844 0.99777773397792 0.997769050030357 0.997761635021745 0.996838943947104 0.997755520038865 0.997754780092065 0.997748321392541 0.997742110577775 0.996762951259364
0.996173391985308 0.996215877031762 0.99468225968066 0.994732302413975 0.996387377665813 0.994178298578284 0.993792703435902 0.9963503841882 0.99389517870896 0.995591374573008 0.995462851221984 0.994948486981822 0.996313918804038 0.994706645568746 0.996134913800207 0.994372640690263 0.995622480427172 0.993804469772196 0.995506133894391 0.995684966961132 0.995702806378874 0.995546845618605 0.995439329548753 0.995893771321509 0.996216439592991 0.993783873495562 0.995664451683766 0.993383388473616 0.995493811481679 0.993750325683538 0.996992430908556 0.996995283577714 0.996998541596331 0.997871976120945 0.997826540234738 0.997804670227852 0.996887961654943 0.997778511588236 0.997783110350521 0.997763919805692 0.997762969840927 0.997757511359613 0.99681032230361 0.997734788681262 0.996779771622648
0.99463772497677 0.996232770690469 0.994725399151976 0.994823082433931 0.996500144726645 0.993498860114519 0.993042719658822 0.996648894180727 0.99649473922993 0.996546877605544 0.996873726350157 0.996776598631722 0.994634163211374 0.994646529767081 0.995753842599235 0.995704941448543 0.993729663082202 0.995683252361075 0.99562530058547 0.995657752946776 0.994178110091983 0.993723467973654 0.993725285941181 0.9953461558625 0.996005847922569 0.995340164582144 0.99538563837009 0.995470945878643 0.995875404559069 0.996117652935349 0.997877629132035 0.997851786122157 0.997860259161548 0.99790194563329 0.997871796855727 0.997844687980531 0.996948185835089 0.997796894715869 0.997773283455895 0.997770373134571 0.99686062438267 0.997771862021709 0.997764193209041 0.996830837943981 0.997729989448831
0.996235177025951 0.994711148556048 0.996316994030959 0.994869662158624 0.993658462746635 0.992979576700628 0.99579698367471 0.995106340753881 0.996004100534538 0.996575776903101 0.995546719720642 0.99656851051284 0.996135337038368 0.995770672563948 0.995658085966391 0.994241039773923 0.995464828549536 0.995794951381156 0.994195659438505 0.996606689995952 0.996226269786205 0.99605704177136 0.995807402421156 0.993761087628282 0.995821372679264 0.995381705071644 0.995153891246762 0.997965900156306 0.996995371489025 0.997886620866439 0.997884708170989 0.99786986073564 0.997015582640166 0.997010688721723 0.997857226366633 0.996972420205693 0.997832730472182 0.997783709244642 0.996870072137693 0.997776867635124 0.997769615550824 0.996842553410674 0.997776350323837 0.997754723449095 0.996825525034014
0.996281779923568 0.996254022446732 0.995739975091874 0.991494718695864 0.993916326693554 0.995218683644384 0.994629097083763 0.996539449683824 0.996600515043946 0.996954934242103 0.994865123039122 0.996669499120194 0.996386156582759 0.994045002460908 0.995466872845953 0.995859276548324 0.99488589353569 0.996210039385391 0.995561367477264 0.996600243590231 0.995501936286294 0.996049767936488 0.995878517146157 0.995594881994456 0.993512090604027 0.995176880287057 0.993893357673897 0.997102113291728 0.997910730335001 0.99702503566856 0.996999987911275 0.997889563518157 0.99786443022515 0.9978543795191 0.997832241245973 0.996924578142168 0.997828832185346 0.996884451549206 0.997798289522341 0.997791149131773 0.996853418952556 0.997784731946807 0.996866323358413 0.99684055655511 0.99777243986769
0.996243099682462 0.996224209918688 0.99584514215988 0.996042319033473 0.994717435979164 0.995135957160241 0.996455660942007 0.996594094004257 0.995383180709602 0.9970449914969 0.996256771648898 0.997218882309357 0.99728001370388 0.997163879511272 0.996888913448818 0.995837079893019 0.997164219479775 0.99657041556412 0.997174260191099 0.996139938132682 0.997285147821126 0.994823038766403 0.99641500607022 0.99432251628546 0.99548525514838 0.994081060920223 0.998006039820914 0.997944387735354 0.997901852239789 0.997886484162641 0.997868100892681 0.997869260926561 0.996988352734013 0.99697027030224 0.997854049400313 0.997833785355711 0.99691517392512 0.997790554941677 0.99778874644832 0.997788160205177 0.997787683484367 0.997792464567945 0.997766441442291 0.996858951931455 0.996844170898872
0.993631159764774 0.995342482406697 0.994677382345558 0.996290334040832 0.99536705951654 0.996300362546406 0.99643279715769 0.997066966713178 0.996681567862972 0.997230296212588 0.996082250780001 0.996533589986866 0.996594087984997 0.996499024910251 0.996081800916903 0.996493557120321 0.997246875620055 0.997301827858443 0.997302479124463 0.997290717773228 0.997376584585552 0.996310827650403 0.99742673243007 0.995967842461963 0.996352225526097 0.993886116290408 0.997959424535545 0.997944594164085 0.997047211353982 0.997019813238179 0.997880175561067 0.996995653777833 0.997873340786505 0.997862793528564 0.996948553211393 0.996930750042335 0.99780590942776 0.997809383540524 0.997793225931937 0.997775478628736 0.99687370082132 0.997772494733598 0.997773785810513 0.99777982507679 0.996854814688546
0.991216141820808 0.995627221468155 0.994806825929558 0.996780318578709 0.995911875165699 0.994970549335926 0.997095996069138 0.997026526680797 0.99660674699546 0.99610295245252 0.996846875201482 0.996572558402642 0.996543087574882 0.995372590230028 0.996015063955792 0.996128862973939 0.995992574291691 0.997253256432783 0.996188822631506 0.993862205360843 0.994883596953065 0.995825235419547 0.996331190894168 0.993836800985739 0.996516298421052 0.996286002802203 0.997927702991895 0.997943853245064 0.99705736425989 0.997885485906632 0.997002529349635 0.997880136864631 0.99697656648087 0.996968611970695 0.996950182551459 0.997823806727102 0.997807228091431 0.997798935585923 0.996873773400669 0.997792979639465 0.997793351235026 0.997792486194216 0.996860165650727 0.997775869060279 0.997784477253139
0.994411049529656 0.996046034145818 0.995302796902106 0.994167237914028 0.996087278086492 0.997027246835782 0.997007279588949 0.996248599291156 0.996484773919206 0.994954400402646 0.996590592012534 0.996189542429107 0.996638686536114 0.996217854915711 0.996249386758846 0.996395755858875 0.996341447841543 0.996245384377742 0.996134456999849 0.994317639952577 0.996280986987279 0.995975897087521 0.993787963701718 0.997335278622464 0.997204330732433 0.997083567836354 0.997086361449511 0.997966898298352 0.997063024181844 0.997892997567534 0.997879218913206 0.997865437643971 0.997854156916714 0.997846558420975 0.997825285729487 0.996935710668339 0.997819260248788 0.99779382871695 0.997782852180708 0.997791154086945 0.997789663911828 0.997771778165418 0.997788970484978 0.99685790808706 0.996856220068676
