Archive - glowpa-model-master/Model input/Uganda/survival/Tsurvival/Tsurvival_restime_1aug.asc
NCOLS 67 
NROWS 67 
XLLCORNER 29.500000001 
YLLCORNER -1.499999999 
CELLSIZE 0.0833333332985075 
NODATA_value -9999 
[rows 0 to 19 of 67, columns 0 to 44 of 67]
-9999.000000000000000 -9999 -9999 -9999 -9999 -9999 -9999 -9999 -9999 -9999 -9999 -9999 -9999 -9999 -9999 -9999 -9999 -9999 -9999 -9999 -9999 -9999 -9999 -9999 -9999 -9999 -9999 -9999 -9999 -9999 -9999 0.989201853465985 0.992395699627358 -9999 -9999 -9999 -9999 -9999 -9999 -9999 -9999 -9999 -9999 -9999 -9999
-9999 -9999 -9999 -9999 -9999 -9999 -9999 -9999 -9999 -9999 -9999 -9999 -9999 -9999 -9999 -9999 -9999 -9999 -9999 -9999 -9999 -9999 -9999 -9999 -9999 -9999 -9999 -9999 -9999 0.992456392682506 0.989896814916747 0.992283633098867 0.990161229836773 0.989051874910647 0.989247702264784 0.992406235298413 0.993106377315544 0.992049844245182 0.995319979869298 0.995722787140508 -9999 -9999 -9999 -9999 -9999
-9999 -9999 -9999 -9999 -9999 -9999 -9999 -9999 -9999 -9999 -9999 -9999 -9999 -9999 -9999 -9999 -9999 -9999 -9999 -9999 -9999 -9999 -9999 -9999 -9999 -9999 -9999 -9999 -9999 0.993317148254182 0.991937549752188 0.993037127475767 0.992031341645702 0.994401630044302 0.992205403825698 0.991963216374213 0.994268603274507 0.994309907054061 0.994378041114177 0.994932031045709 0.995887250187201 0.995710692035723 0.995669415224511 -9999 -9999
-9999 -9999 -9999 -9999 -9999 -9999 -9999 -9999 -9999 -9999 -9999 -9999 -9999 -9999 -9999 -9999 -9999 -9999 -9999 -9999 -9999 -9999 -9999 -9999 -9999 0.992623520055879 -9999 -9999 -9999 0.99050787183981 0.991646676385923 0.991985147128113 0.991912761109005 0.988873421802695 0.992141863713616 0.992881021686318 0.992557610399069 0.992957398008972 0.991295807672404 0.994154415088393 0.995930547271719 0.993033047720245 0.994073661484854 -9999 -9999
-9999 -9999 -9999 -9999 -9999 -9999 -9999 -9999 -9999 -9999 -9999 -9999 -9999 -9999 -9999 -9999 -9999 -9999 -9999 -9999 -9999 -9999 0.99221829681661 -9999 -9999 0.990005739506752 -9999 -9999 -9999 0.996051487732668 0.995625055954287 0.995598271963702 0.993037770735182 0.992865493339019 0.992632872651182 0.989366647911135 0.992805475080576 0.991145206472681 0.993560329077544 0.993242072525422 0.991864251035266 0.993614421446245 0.994315867664568 0.993149289085641 -9999
-9999 -9999 -9999 -9999 -9999 -9999 -9999 -9999 -9999 -9999 -9999 -9999 -9999 -9999 -9999 -9999 -9999 -9999 -9999 -9999 -9999 0.989928469819347 0.993165517569802 0.992854470367208 0.993154643596901 0.989076467889435 0.996620602569227 0.996661920020471 0.995351724399773 0.996540518999684 0.991936927981902 0.995622481786731 0.994463028167032 0.994422759751866 0.992484866820243 0.991609496087644 0.993969235636499 0.993280741271576 0.990305984766356 0.993398065258654 0.990319125301502 0.99431059357005 0.994472996618166 0.992973699615876 -9999
-9999 -9999 -9999 -9999 -9999 -9999 -9999 -9999 -9999 -9999 -9999 -9999 -9999 -9999 -9999 -9999 -9999 -9999 -9999 0.992799134932024 0.993978957007674 0.993930046890804 0.994343542403509 0.994436284806898 0.990933636820993 0.992000637527075 0.996549927693879 0.996471656569874 0.996481088946747 0.996506070757393 0.992726075688148 0.991949675351461 0.993698148720549 0.990216942678505 0.992428790715439 0.994352874303923 0.994358295743549 0.994038353039505 0.99316596027929 0.993619402978652 0.993787290360863 0.994286068158306 0.994752202187992 0.989755126772192 -9999
-9999 -9999 -9999 -9999 -9999 -9999 -9999 -9999 -9999 -9999 -9999 -9999 -9999 -9999 -9999 -9999 -9999 0.993885100341288 0.993638872369655 0.991337221622888 0.992446076183725 0.989779408852376 0.990045951908524 0.994388806589485 0.988186812566983 0.993495984116066 0.994999657187187 0.988940279863819 0.993147392555056 0.993324327915379 0.994553531972946 0.992228246770587 0.995614837450802 0.992414524305063 0.990133495462098 0.99100943133517 0.99371782153807 0.993276589193582 0.993091805962181 0.992943525019207 0.991516125567626 0.992659321784902 0.992438220796956 0.992690519768448 0.989725392909086
-9999 -9999 -9999 -9999 -9999 -9999 -9999 -9999 -9999 -9999 -9999 -9999 -9999 -9999 -9999 -9999 -9999 0.993748961621277 0.989892529976838 0.992702956841096 0.992366639442474 0.990367631250064 0.993317474628162 0.994438893128359 0.994479265884008 0.994972975505108 0.992468381635584 0.99255718624665 0.992989408664885 0.993257967763894 0.994602516271359 0.994556191996234 0.992809027988894 0.993867720375942 0.990625958763331 0.993212166212638 0.990555765187455 0.993356133965841 0.990702147789829 0.992865973962776 0.992736460665023 0.995313810850559 0.992522892862155 0.993397193296112 0.992659852675622
-9999 -9999 -9999 -9999 -9999 -9999 -9999 -9999 -9999 -9999 -9999 -9999 -9999 -9999 -9999 -9999 -9999 0.993920453559773 0.993781181674054 0.993981974800789 0.992912045620754 0.990771768359878 0.990540786827381 0.991958058681769 0.994988488055909 0.99246606766992 0.990884412825683 0.992518615642305 0.99035958902212 0.994083308358065 0.994573784487127 0.992821172999127 0.992350952093585 0.995790001241727 0.995675025496695 0.992828583729514 0.990404312807672 0.99169964086628 0.993149558757598 0.993349348824678 0.993356215862598 0.995272474307472 0.993019622507478 0.993615227132004 0.992647520955957
-9999 -9999 -9999 -9999 -9999 -9999 -9999 -9999 -9999 -9999 -9999 -9999 -9999 -9999 -9999 -9999 0.993564714908107 0.993626782651454 0.994178650472295 0.994423109179899 0.994669338049825 0.994587713961549 0.99244212486955 0.993402431652446 0.996482572488939 0.994044982347608 0.992934962610604 0.99005138144698 0.990926792238621 0.993784238813824 0.994199075208871 0.990052643178172 0.994565655730444 0.99308922688763 0.992863152239848 0.993962195823525 0.994054868392663 0.993223875280322 0.993392320713027 0.99534163982631 0.993342242579988 0.992938945937193 0.992905517936139 0.993028277689891 0.995019882174876
-9999 -9999 -9999 -9999 -9999 -9999 -9999 -9999 -9999 -9999 -9999 -9999 -9999 -9999 -9999 -9999 0.993472841843471 0.992023843907794 0.992792383116569 0.990635829378948 0.993153573084894 0.989199598723243 0.992095018065778 0.995065180370041 0.993016598250375 0.994377363049253 0.994287433183186 0.993444384986188 0.993618271146594 0.993873449555564 0.994113180599357 0.991824327646222 0.99453270606317 0.99318746862765 0.993470242168603 0.995675486185063 0.993457467719114 0.995350332819572 0.99421954328347 0.992832250469577 0.991610600075087 0.993966372450008 0.993167133269849 0.993936868344912 0.992973024902191
-9999 -9999 -9999 -9999 -9999 -9999 -9999 -9999 -9999 -9999 -9999 -9999 -9999 -9999 -9999 0.994068221563423 0.991952883547488 0.993490146784212 0.993453396707318 0.991760401382954 0.992878745384912 0.990193857027005 0.996525180073301 0.996556082106694 0.993274667494828 0.990899685803532 0.993580664465981 0.990984034708086 0.993644153665297 0.993949147709884 0.993596651836799 0.991422579923704 0.994487459249937 0.99012336912059 0.99332731471432 0.994166716288318 0.993954266525436 0.993062972835656 0.993365556423114 0.991786806444072 0.990324788076575 0.993665358916524 0.993211799144195 0.993757730699689 0.990018305001213
-9999 -9999 -9999 -9999 -9999 -9999 -9999 -9999 -9999 -9999 -9999 -9999 -9999 -9999 -9999 -9999 0.994135575209477 0.993569338580193 0.990912840133715 0.993463301411104 0.991702148112386 0.988624225965782 0.995099788171813 0.996637995118983 0.991306205875336 0.990814811079936 0.991543609645736 0.993704056082297 0.991129634108319 0.993235973253946 0.993320069234807 0.993788197295188 0.994637923657366 0.994046685624896 0.990571524219439 0.993392908693256 0.99577727196709 0.993255540106915 0.993218009292794 0.994275123013564 0.993497047828774 0.993222074907566 0.99327972228634 0.993641064801635 0.993007208397673
-9999 -9999 -9999 -9999 -9999 -9999 -9999 -9999 -9999 -9999 -9999 -9999 -9999 -9999 -9999 -9999 -9999 0.993540116552581 0.993743751337174 0.994139992550515 0.994038999041229 0.994362084963101 0.996575633924567 0.991391258106396 0.993757062003699 0.994129613149364 0.990742644616111 0.991741271666887 0.993307938417332 0.993340624482167 0.990637970203562 0.993497757714859 0.994400617704064 0.993888744465312 0.993524309023758 0.993456328575628 0.994351861361705 0.993959652068309 0.99349275485185 0.993455225877571 0.993379219062839 0.993110142684636 0.991231709308252 0.993362204397091 0.993287794357171
-9999 -9999 -9999 -9999 -9999 -9999 -9999 -9999 -9999 -9999 -9999 -9999 -9999 -9999 -9999 -9999 0.994814015247767 0.991884067766268 0.993397910557164 0.993762842202714 0.993758311139289 0.991128985518242 0.996561747073532 0.992707043647457 0.992452390937454 0.994712233848764 0.994389865819146 0.993584103699146 0.993126462067195 0.99395319946136 0.991485324601874 0.993399611482371 0.99363122668398 0.991826088437229 0.993866083830606 0.993957197276763 0.994147095615985 0.994070615544588 0.993998829856955 0.995360097582966 0.993961014270415 0.993435578218941 0.995293442969436 0.995272681420613 0.993314003492836
-9999 -9999 -9999 -9999 -9999 -9999 -9999 -9999 -9999 -9999 -9999 -9999 -9999 -9999 -9999 -9999 0.994873918343064 0.994957794142287 0.992379597375609 0.993356284496365 0.994877865403005 0.994958141997762 0.99480826581827 0.995155764733143 0.992776479281191 0.990450642958531 0.990641449589804 0.990786608006696 0.994467789554604 0.994347122713287 0.993222618090084 0.990546463873681 0.991246457495781 0.993735019020274 0.991747824331628 0.993654657483757 0.990833821895022 0.993392434991743 0.994317029252946 0.993641768139323 0.993452065536296 0.99102339826268 0.993095099862401 0.990170521019825 0.993066598653872
-9999 -9999 -9999 -9999 -9999 -9999 -9999 -9999 -9999 -9999 -9999 -9999 -9999 -9999 -9999 0.993285326459164 0.993780044953915 0.99393438704834 0.99457211565104 0.992906493365259 0.991899541044514 0.992596751452587 0.989398226033796 0.996593975978513 0.992386866321078 0.994644395437735 0.994648862458692 0.994605881756406 0.994560484915564 0.993017868221772 0.993707559003006 0.990699219454797 0.993434656454255 0.992333973388812 0.993494808612702 0.991528359994016 0.993477116647825 0.994066063416571 0.994211456565415 0.995531803917538 0.995470272358367 0.992883521878302 0.990124321358486 0.993086439888895 0.99346898634085
-9999 -9999 -9999 -9999 -9999 -9999 -9999 -9999 -9999 -9999 -9999 -9999 -9999 -9999 -9999 0.995152068291212 0.99574173608949 0.992069837944208 0.994702235088897 0.993597671219687 0.994415098231657 0.992725937740114 0.993218675999105 0.996582771104327 0.992573577804161 0.990059383744973 0.993223843077573 0.991092501361787 0.992996093355119 0.993072280315339 0.991616054326297 0.99330016748462 0.993530031359219 0.993992104308982 0.994843114190287 0.993509194437037 0.99357977860698 0.993466374551255 0.99067576531844 0.993769154969144 0.994393758630543 0.993532722147337 0.992764051596679 0.991530493109481 0.993685535117987
-9999 -9999 -9999 -9999 -9999 -9999 -9999 -9999 -9999 -9999 -9999 -9999 -9999 -9999 -9999 0.995221535337362 0.995793742205843 0.994135375393215 0.991380042055343 0.991814231917089 0.993109186240275 0.989395048913381 0.992480438330455 0.992372999882512 0.995159238827157 0.989386966023039 0.991530935480796 0.993153202510608 0.98988671418514 0.994674339176736 0.994145669535115 0.993987160001223 0.993666246229254 0.994204375235329 0.992958548919534 0.994017807722721 0.991594273665315 0.991320524152857 0.993388940574865 0.993362977787687 0.99391348179721 0.993513107950019 0.993507217583455 0.995252787878483 0.993543343275602
