Archive - glowpa-model-master/Model input/Uganda/survival/Tsurvival/Tsurvival_restime_1aug.asc
NCOLS 67 
NROWS 67 
XLLCORNER 29.500000001 
YLLCORNER -1.499999999 
CELLSIZE 0.0833333332985075 
NODATA_value -9999 
[rows 40 to 59 of 67, columns 0 to 44 of 67]
0.991421146942762 0.993228038594224 0.995703238455689 0.995791427117033 0.992954991407684 0.994982698720207 0.993738464435156 0.995932140425582 0.993968231139729 0.995357523319259 0.995286793934322 0.995434391603013 0.993302835532158 0.995528640102754 0.994774418439263 0.99557874969147 0.995418040722001 0.993769514743431 0.994855230701845 0.994928767543404 0.994754538475717 0.992773319625637 0.994605987024577 0.994489930141992 0.994613812872289 0.994428381231424 0.99435025373578 0.994548441411868 0.994125256280492 0.994030486826071 0.994436288783661 0.994034526605564 0.99580348138863 0.992542591311031 0.994410537312017 0.995123016470276 0.994185536599903 0.991742208387786 0.993934419172267 0.993218906162564 0.993320231327986 0.993851812917742 0.997099760233596 0.994383946923513 0.992573600144018
0.993911601403405 0.991668375266347 0.99563850492977 0.994298048252812 0.994547452172328 0.994911904621736 0.99422983369791 0.997390095249033 0.99551725453523 0.995908685800587 0.994444180090073 0.995152519880617 0.993217648032054 0.995047789182951 0.993109424328408 0.995484242840166 0.99457873092238 0.993353810031812 0.993859763874909 0.995479082651487 0.995170113374266 0.995062747905425 0.994602318579418 0.994743127926173 0.99254569316593 0.994379231815729 0.993596923066565 0.994090696002923 0.991618460628744 0.994243852743332 0.994455539335974 0.992832444959808 0.995734227907938 0.994001406175255 0.994098988638606 0.994072004284943 0.992230288221224 0.994115108463484 0.993155803813512 0.994346621753153 0.99524564251728 0.994626906665126 0.997133949422827 0.994082022946129 0.994723791187946
0.993402797927231 0.99080536402389 0.995640165782553 0.990657343710405 0.997238325753665 0.997599571873891 0.997703735341167 0.996989628341765 0.995725076124955 0.995068192027351 0.995301004004958 0.995954592607783 0.995124369407422 0.994788706992615 0.994877974395518 0.994748861937326 0.993103900005465 0.99499071201084 0.992958828778783 0.994698132412876 0.992383319422297 0.994205748284589 0.994237183871373 0.992799992211772 0.994108203778788 0.995199050053677 0.994423051974816 0.992259021346174 0.994012869190939 0.993620789714081 0.99283291974946 0.994334104063682 0.995757802719325 0.995284555350932 0.994627166584241 0.993908379189322 0.994138789587902 0.994101378596987 0.995086606398904 0.993976872844858 0.995048678046701 0.994621513902743 0.997202238321042 0.997167584210485 0.993947066252794
0.995970561608398 0.994266419711706 0.993618186248307 0.995663812800068 0.999324495876491 0.999354682764714 0.998743740037949 0.994354732914828 0.993530815877297 0.994800884598887 0.994995602940468 0.995716369264487 0.995809837175354 0.994469294146243 0.992254632269496 0.992386609262272 0.994620791993783 0.992197723197942 0.992659252351028 0.99469190815371 0.994564364587227 0.994648467374422 0.993196289210644 0.994202468263912 0.991596066316506 0.993285524275477 0.991576104108115 0.993840994547062 0.994947225813103 0.994930552633923 0.994496809475491 0.994233775528379 0.995585482934316 0.994368062787859 0.993007051214549 0.994830489975592 0.99422053420697 0.992773644787511 0.994110179834298 0.994037877296352 0.995049309063804 0.99465639976965 0.993634963889874 0.997268405213546 0.994115244777493
0.995929389220848 0.995186527697283 0.995078997456538 0.99769433047442 0.99956330079728 0.998994170456663 0.996039989872386 0.993240202502369 0.992269485952682 0.995047556564248 0.995111111349048 0.994217650678165 0.995730709593534 0.994842400465484 0.994829164053931 0.991808355104639 0.994401069736686 0.992219828017614 0.992797743638606 0.994976168334458 0.994750917572568 0.995415714504337 0.99143481726846 0.992186635822262 0.993387597354244 0.9942349270336 0.994154002671586 0.99540240247356 0.992825633365132 0.992776183358883 0.994312864184223 0.992195196564522 0.9949373036459 0.993527688086353 0.995186693567386 0.994329886852932 0.992226341485682 0.994746582437141 0.994271401451365 0.994412206421176 0.995003720202935 0.994435594067581 0.996292713958251 0.996165516159373 0.996090119421411
0.995936715223344 0.99466352551412 0.994656012676613 0.997822407930135 0.999526734493523 0.998706582541819 0.997069459155206 0.994785215285648 0.991193218339522 0.994990961905404 0.99511079767899 0.991366815420281 0.995661138933851 0.994080794546218 0.992865305983833 0.994185162720584 0.994998499547112 0.994270308092717 0.994407364859733 0.995197109556049 0.992690758364073 0.995419483750658 0.993531425914502 0.995344579684237 0.993625988216468 0.993968287449255 0.994085671987392 0.993533363110846 0.994891702081577 0.994961177921017 0.992983389597899 0.994466527089253 0.994707423035103 0.99465888017231 0.99430512048254 0.992752896483128 0.99451166266161 0.997273593479063 0.996190681264879 0.994047499165019 0.994524472969715 0.99406553458619 0.997369868127146 0.997250371397072 0.996071535008254
0.995165437247341 0.994122854740406 0.994964910967465 0.996750909181814 0.99840499479665 0.997476616088732 0.993714548246947 0.994281181471285 0.99556563439581 0.995228185450461 0.995169647293143 0.994145797794754 0.993956239042591 0.995036144659105 0.995110220310304 0.995232124691294 0.995626056282976 0.995646051649871 0.995810968852921 0.995993725418596 0.995974552169009 0.99620612313398 0.994676279481712 0.99399126544765 0.991320873921494 0.991420859736297 0.993603414740745 0.993740461815503 0.994047536892853 0.992683921212257 0.99448759786061 0.994499620344736 0.994490784055939 0.994825420882018 0.996337933777603 0.997379602364071 0.996243565546426 0.997320275488805 0.997303879799616 0.997354000096439 0.997301896017926 0.996275572468256 0.99737918510436 0.997262774001817 0.997234452907818
0.993850860584829 0.995643217757145 0.995574350603717 0.997180040572639 0.99715693420275 0.994392662959493 0.995991160563989 0.995568920836832 0.995620369265245 0.995706781959365 0.994538949619636 0.996155074504508 0.99591628517149 0.995855948019117 0.994154714568918 0.9942165034633 0.995324730898319 0.994427802546386 0.995423368736459 0.994824602732156 0.993460776283533 0.994307067919633 0.9946919208304 0.994779713623305 0.994274196469231 0.99368817654404 0.993513443786909 0.993684846672522 0.991417710814638 0.994500083860483 0.994453914476605 0.994850275638869 0.996407533641354 0.996337668061932 0.99738758504607 0.9962828549468 0.997336321683527 0.997307509474994 0.997326140564681 0.997330329777694 0.997370481001175 0.997432309436156 0.99731916665576 0.996140478833643 0.997238122916497
0.994558797634241 0.995519585742027 0.995803438329391 0.996275724726171 0.995382661543115 0.993866302386675 0.995558696716702 0.993736958846519 0.995660715050999 0.994025687902946 0.99432651878143 0.995030580776291 0.994309166705628 0.99540673024303 0.994154695936181 0.995385160882834 0.995128562888916 0.992045224502525 0.995525414607798 0.994550848118017 0.995309119540622 0.992449130176685 0.994464259257959 0.994021500583262 0.996376618659323 0.996442756718485 0.996412757370321 0.996405652531132 0.995015133676656 0.994766311512886 0.997474587136979 0.996397025114732 0.997423010941593 0.997418034387781 0.997351360364731 0.996204334106141 0.99729442010982 0.997288290006437 0.997314882775247 0.99732964572621 0.997335226173345 0.997326050122765 0.997295175630763 0.997262463421093 0.997251139922497
0.995795643169864 0.995443115014925 0.995581719409352 0.995417880306576 0.995523136735268 0.992703439646981 0.992184495936625 0.992718020260367 0.993886933758292 0.995972361526022 0.992727658769665 0.994400434813309 0.993519420087715 0.994573480665589 0.995854794290122 0.995446274928761 0.99450189149778 0.9930953260061 0.995608753755505 0.995511304023975 0.994512809761085 0.993178246471844 0.991620054335658 0.991508797741581 0.993386938516895 0.99474223887637 0.993673699231233 0.992407865952151 0.997418404825742 0.997432842734038 0.99639287119168 0.997426153736343 0.997436190189341 0.997397901037923 0.997344173205247 0.997289250818692 0.997287717486148 0.9973291456466 0.997348533001301 0.997353244131798 0.997345588387252 0.997319555633356 0.996194275760158 0.9972938686498 0.997272076431071
0.993674633862488 0.99537180208164 0.995380119123066 0.995381797761694 0.99531067426639 0.991983632214062 0.993892559852195 0.995649281593945 0.995793314548425 0.993781720268386 0.995128081080537 0.994813536981725 0.995457782382991 0.994725615041629 0.995915547445973 0.995413656207634 0.994592969084779 0.995083432273712 0.994443020936856 0.995603914411971 0.994578946837347 0.995311845672711 0.994188679350215 0.991490816403051 0.995341200472918 0.994513311410451 0.995589985400564 0.994383839446296 0.996363266647032 0.997423589476345 0.997417374694841 0.997418520176641 0.997417174144474 0.997385866218563 0.997341149489838 0.996236502150252 0.997354830429734 0.996245583700346 0.997367265621303 0.997365983273691 0.997330759374522 0.996220884493994 0.99731899594614 0.996169970106334 0.997261453186624
0.99530440922504 0.993371715247134 0.995329593414623 0.995371307390175 0.995414490615404 0.995770358756283 0.992889684587653 0.993282894522427 0.994089482786061 0.993248215643914 0.995449610925904 0.993785730291039 0.995398950088583 0.992863034249901 0.995938017700425 0.994489276605455 0.993622111571986 0.99481229796628 0.993098620555102 0.995466703299029 0.994790315347236 0.994960872791272 0.992247676640261 0.99424784436052 0.995362938837297 0.992116355931556 0.995364480934686 0.994542893211566 0.997445617399737 0.996411672435323 0.997452156104191 0.997433177152763 0.997429351746671 0.99742183352018 0.997401705514056 0.997385133850602 0.997354924827416 0.997340838500928 0.997350359430076 0.996251428073999 0.997326548526091 0.997321133756352 0.997320030955984 0.997306065100635 0.996154545822267
0.995258915524679 0.995286021928446 0.993407550220137 0.993484027332429 0.995509397364618 0.993497435919388 0.993042426948547 0.995862961404068 0.993003007494631 0.994895451348474 0.994799950571114 0.993862480234821 0.995647835073227 0.993740598860431 0.99558624871446 0.993686927125895 0.995037847609884 0.993065301452281 0.994995276656588 0.995123437949652 0.995016185706731 0.994709768686788 0.994477059509234 0.994950181719229 0.995282779803892 0.992616929085585 0.994990694888633 0.992300002171373 0.994685855636939 0.992735382036358 0.996403992886091 0.996436710948313 0.996412728192864 0.997456337125579 0.99741278532706 0.997389184246718 0.99629918405021 0.997355752273266 0.997358866102513 0.997331023630398 0.997323467225349 0.997313952461359 0.996207707459846 0.997288329967498 0.996161951832036
0.993326074122495 0.99531763014563 0.993491855191051 0.993575539438258 0.99559657832556 0.992695443243373 0.992080396634781 0.996158061380857 0.995936097338688 0.996009620677107 0.996427336741197 0.996189681601854 0.993527420247234 0.993614819833875 0.99515021953771 0.995234379844417 0.993237285439946 0.995251024024706 0.995016856042369 0.994944874316197 0.993102529233059 0.992315373659791 0.992402263988615 0.994104089665186 0.994962935766003 0.994525658126589 0.994692028678768 0.994639454067315 0.995140366032906 0.995482269476269 0.99747700628402 0.99744730479858 0.997443188007047 0.997471811549434 0.997438276932062 0.997406609280632 0.996326586504787 0.997373524304943 0.997345333636899 0.997338935945796 0.996224195447747 0.997335425220053 0.997325615686242 0.996191304524359 0.997279579708855
0.995335915692148 0.993451908342664 0.995431466385763 0.993638760099099 0.99291801179712 0.992181789887625 0.995227096506142 0.994342303509646 0.995388687463721 0.996079365963163 0.994701228598626 0.995897313290626 0.995486558493176 0.995263382435375 0.995313117361269 0.993783117305199 0.995148149270633 0.995375811928546 0.993291773927164 0.995936027032998 0.995457321714729 0.995276706063408 0.99492071123069 0.99229952549262 0.994346114445947 0.993776702322972 0.994232861223148 0.997510854570249 0.996493062715902 0.997504881441584 0.997489361479756 0.997459235789168 0.996435867448168 0.996416464320905 0.997433204820049 0.996359394537767 0.997394545867206 0.997360086254384 0.996269442722616 0.997345631971844 0.997326478509301 0.996233988647617 0.997327285657672 0.997305125351125 0.996174576524217
0.995393356698233 0.995382993143173 0.995362818126751 0.990615729203451 0.993240293106504 0.994661611925023 0.993897557820964 0.995955938188408 0.996046530518058 0.996411264818669 0.993756908316702 0.995936113949207 0.995888359978127 0.99361219710698 0.995215203948082 0.995250752273689 0.994018263513817 0.995718010993525 0.994914701835636 0.995915561010548 0.994615987342417 0.995126389287669 0.99456720054834 0.994502013368747 0.992043744784211 0.994017676071199 0.992756065558528 0.996557585812221 0.997543980337541 0.996485029229361 0.996460855622166 0.997492037701464 0.997459425702725 0.997444277275063 0.997420286147859 0.996341338040922 0.997412746310068 0.996288023751584 0.99737594983603 0.997363479433815 0.99624259683407 0.997350552780295 0.996215943100193 0.99621115619606 0.997313093736489
0.995376055435437 0.995337613566639 0.995478265562375 0.995687029504566 0.994073613114126 0.994519444176225 0.996003444893115 0.996065318012616 0.994611664158523 0.996481773653892 0.995488888953443 0.996667827266686 0.996701114515611 0.996793279060256 0.996610167605748 0.995259911146578 0.99688713670852 0.996183366656581 0.996711492622605 0.995503588774449 0.996746828317803 0.993679856973698 0.995588973293811 0.993081920844341 0.994686732656844 0.992778696893285 0.997661254141935 0.997595128064872 0.99754342762771 0.997521349567679 0.997501613290282 0.997484198871194 0.996433082979229 0.996407684037205 0.997452994518998 0.997425256001289 0.996336291809655 0.997377359482055 0.997364971110753 0.997366424777486 0.997359035291808 0.997352186054448 0.997323640651612 0.996225731757941 0.996204932275295
0.992909522097979 0.994878899712565 0.99423023847946 0.995916475058673 0.994759553680286 0.995890928481305 0.996176121074387 0.996752146636126 0.99614106432183 0.996760547529413 0.995331192356556 0.995841581563236 0.995874037191598 0.995971833845028 0.995729802562642 0.995858155890064 0.996778055142996 0.9966534990316 0.996851773566135 0.996882948044871 0.996870910328645 0.99546704138358 0.996887899712658 0.995280811935755 0.995668436811755 0.992779854524492 0.997636000799182 0.997606103835077 0.996556164195641 0.996523601796842 0.997528339406163 0.99646942921688 0.997495495605798 0.997477721290967 0.996387548148491 0.996368573341163 0.997402329066349 0.997403976653711 0.997371586715558 0.997359655890229 0.996266839073753 0.997343236208858 0.997333460207574 0.99735064123032 0.996220373574207
0.990371320769718 0.995200901510043 0.99427697741057 0.996337674192048 0.995395394324084 0.994711838501077 0.996737023894036 0.996716908895036 0.996158293958037 0.995528946218696 0.996258152872218 0.995830361600644 0.995767903019293 0.994374627406083 0.995677368379719 0.995570116327327 0.99544481646564 0.996758559769843 0.99547276890934 0.99315401198829 0.994200134195589 0.995203549148331 0.995670119785674 0.99269903945652 0.995879164863995 0.995691043855918 0.997594890224304 0.997589469027962 0.99656927114566 0.997539774725913 0.99650659602581 0.997518956680948 0.996456329542634 0.996428391470287 0.99640439479303 0.997431310174089 0.997407054671092 0.997389414973376 0.996305984616385 0.997393227635828 0.99737575279766 0.997372056270914 0.996256717930583 0.997340236784913 0.997345243175735
0.993869318529303 0.995534663227109 0.994867136106026 0.993563593787956 0.995641627287034 0.99664324951612 0.996536562247256 0.995632369815362 0.995921749392923 0.994094594849563 0.996053770579164 0.995759920231972 0.996002995582182 0.99566943286043 0.996024486269716 0.995879073585359 0.995843843153764 0.99554241837398 0.995395822067998 0.993621102341114 0.995880826153845 0.995406784793824 0.992977719406625 0.996785237991434 0.996645347312812 0.996460539252189 0.996595675917511 0.99762133786352 0.996584947134717 0.997550608531097 0.997529816051977 0.997508555599932 0.997489383395933 0.997469939723981 0.997451782571353 0.996377027924601 0.997424819814415 0.997397324884254 0.997378352212105 0.997396797004424 0.997377415336758 0.997355914804065 0.997362765328167 0.996248730863645 0.996237786759788
