Archive - glowpa-model-master/Model input/Uganda/survival/Tsurvival/Tsurvival_restime_1jul.asc
NCOLS 67 
NROWS 67 
XLLCORNER 29.500000001 
YLLCORNER -1.499999999 
CELLSIZE 0.0833333332985075 
NODATA_value -9999 
[rows 40 to 59 of 67, columns 0 to 44 of 67]
0.992066483882567 0.993737617989438 0.996221549217173 0.996314359244296 0.993586175889077 0.99534637097284 0.994181525115748 0.996306436548002 0.994671137541674 0.99589549369658 0.995872783654871 0.995942912747038 0.994012586324513 0.995968779990155 0.995369797610102 0.99600203120134 0.995701691500406 0.994092452563985 0.99512802352852 0.995180262112532 0.995021637124878 0.993201812426367 0.994947071623439 0.994493247618037 0.994643943367268 0.99482513115668 0.994778525004111 0.995161384465816 0.994805394845929 0.994802374805673 0.995096317241364 0.994751847205679 0.996317652404219 0.993328229152751 0.994980650341142 0.995679984362699 0.994904532099619 0.992745326842203 0.994694080991866 0.994064386923452 0.99417433149863 0.994649738839467 0.997503712820725 0.995136839402458 0.993567312130663
0.994374710042281 0.992330902930555 0.996200710694233 0.994741574730626 0.994973279831201 0.99530440897361 0.994741993950929 0.997472211855917 0.996072618447903 0.996381237781609 0.99507843116657 0.995703295986501 0.993884787471225 0.99549618172844 0.993788390881443 0.995787172602563 0.995011726962706 0.993633797697004 0.994169746470348 0.99569624047706 0.995411337688497 0.995306950007757 0.994931055159907 0.994775504024582 0.992520150077551 0.994636399722508 0.994220978223938 0.994789434905842 0.992634898818963 0.994980567690052 0.995170329796752 0.993751873396981 0.996266433940202 0.994632266470647 0.994735286306261 0.994721314436537 0.993176071860324 0.994832223486647 0.993991726776396 0.995064188443515 0.995863325865393 0.995327448168619 0.997528509601006 0.994891204188301 0.995421401435495
0.993877147365813 0.991560525695059 0.996191055561166 0.991529816852569 0.997438368719345 0.997738393142612 0.997751339570175 0.997190093112307 0.996172353779194 0.995602495218349 0.995819231235961 0.996393308130363 0.995626871702879 0.995283144599628 0.995259151110622 0.995079842790867 0.993487969555822 0.995209865725026 0.993250776598084 0.99491313578117 0.992726671624386 0.994196781082869 0.994252538262005 0.992843998939142 0.994112444720697 0.995385569375763 0.994938232901088 0.993078270678118 0.994519139221071 0.993931992503738 0.993728819701818 0.995076330431967 0.996293242168801 0.995865802032034 0.995231879086926 0.994626427509419 0.994877951117734 0.994850366025398 0.995715198009205 0.994785786385733 0.995711680823064 0.995298379807122 0.997579309269785 0.997564538584942 0.994756384254155
0.996375158793779 0.994910823062162 0.994239474763541 0.996089551951359 0.9993426324269 0.999348795026398 0.998814854745108 0.994880115857707 0.994061771530707 0.995302449884864 0.995509290330659 0.996115292898622 0.996228441317498 0.994772077182924 0.992650463904075 0.992298540961049 0.994908431448238 0.992458822185571 0.992856170913161 0.994478394914134 0.994370919372502 0.994570048746402 0.993154761117642 0.994120445606453 0.991752265691698 0.993554851117983 0.991863164307485 0.994256914620953 0.995395475450543 0.995705338674517 0.994985440221931 0.994963304353599 0.9961461149593 0.995123228801365 0.993884508234312 0.995555267069699 0.995018441554934 0.993678663652119 0.994923487905456 0.99487309814864 0.995734474586553 0.995323271856258 0.994316592772999 0.997655695418881 0.994809876157175
0.996363722697425 0.995545250764757 0.995537855404457 0.99795299968479 0.999549733280387 0.998996738479486 0.996350822660576 0.993908752350951 0.992973673239435 0.995473935954116 0.995564968049769 0.994621921311286 0.996100177442616 0.9951062102388 0.994789521748575 0.9919968633558 0.994218252212717 0.992072380313175 0.992754550690887 0.994777793051501 0.994561491830497 0.995399241259118 0.991596431330824 0.99247541591035 0.993659250402919 0.994560531536559 0.994370583358931 0.99592267862956 0.993390727383479 0.993836080252188 0.994937931661253 0.993159593208605 0.995565203095667 0.994321229864136 0.995792675828188 0.995125529345193 0.993182183299837 0.995398753198788 0.99505367993493 0.995200135394787 0.995713710006944 0.995234177056497 0.996771799597441 0.996722719098395 0.996628610343116
0.996340505380199 0.995060634462964 0.9952011822708 0.998028302388941 0.999519233190078 0.998773811643536 0.997276267412642 0.995092882490205 0.992011021258298 0.99541617333666 0.995491189375147 0.991809617730488 0.996016898811489 0.994127921840069 0.992868891565184 0.994130132816657 0.994847082395541 0.994056692121586 0.994231321326894 0.995090767447595 0.992594927560485 0.995408656653308 0.993843040798867 0.995558481439864 0.994312691583069 0.99430624867036 0.994558836174644 0.994182419581507 0.995618567566956 0.99570781491907 0.993832271712189 0.995147972204866 0.99534627563142 0.995322606596421 0.995050271000776 0.993707041074025 0.995176200655404 0.997638446170784 0.996737887323143 0.994879084522313 0.995266733765741 0.994883760740559 0.997744890763829 0.997646517143054 0.996608887175227
0.995439491995857 0.994783638668927 0.995542668181259 0.996916266877019 0.998408367615017 0.997738629792799 0.994257729558542 0.994542682476653 0.996014197566173 0.995670952775402 0.995525529146053 0.994424777011554 0.994389482564457 0.995049784222993 0.995115002507288 0.995229456912916 0.995698079684759 0.995736218019088 0.995881379976718 0.996021757136045 0.996016788199639 0.996289637034529 0.994821982261024 0.994466303177129 0.992472024716036 0.992560546416115 0.994263497962345 0.994126010334958 0.994491733781229 0.993504247626478 0.995127788108471 0.995141220808956 0.995149765828482 0.995442826245735 0.996810664208015 0.997749279218849 0.996744083622838 0.997661449705856 0.997723784009045 0.997743877605948 0.997692982379522 0.996733597737139 0.997730462262133 0.997605770157655 0.997585596199777
0.994299693824216 0.996173675393045 0.995913904491369 0.997497185335153 0.997462429017301 0.994758010951195 0.996343244390388 0.995952886224725 0.996066627769277 0.996146339527867 0.994879451420685 0.996368053957893 0.996151941260537 0.99619752295489 0.994552141064418 0.994627983821393 0.995555150585238 0.994553246363299 0.995524025931507 0.994806000035755 0.993636351869706 0.994649053693321 0.995052422274835 0.99496601455598 0.995060093753957 0.994377078435083 0.994217021991182 0.994021858293478 0.992136212531832 0.995054487383758 0.995084774833838 0.99544090679854 0.99682279236152 0.996789402481515 0.997711891598955 0.996759566394989 0.997667284663285 0.997637241048502 0.997661490827064 0.997657182538629 0.99770109069136 0.997792056471196 0.997652850605602 0.996608949264373 0.997587396558064
0.994924456184985 0.996077906916125 0.996321812474465 0.996772553948838 0.995592807145482 0.994270409346929 0.995868733730739 0.99416387510431 0.99603213644009 0.994588521222222 0.994671401382795 0.995160367255895 0.994507234754301 0.99576906865645 0.99471874450093 0.995842363100261 0.99547562906739 0.991986043470474 0.995669822723693 0.994604738257428 0.995449941794938 0.992731423680015 0.994756225353731 0.994436305882262 0.996575313695348 0.996667816264271 0.99664815878926 0.996658119971831 0.995385569892113 0.995329865835979 0.997756813990231 0.99681914531979 0.99771834340576 0.997732419356552 0.997655347770372 0.996628019108754 0.997623946609309 0.997612983893619 0.997607118102456 0.99765358069079 0.997614517387222 0.997620423795651 0.99759562845307 0.997591915844233 0.997587716059222
0.996349400204843 0.996034571613247 0.996166015955773 0.995985881411433 0.996069311118091 0.993236817100865 0.992719431661946 0.992493557023374 0.994282514781389 0.996336458186796 0.993121195610783 0.994674476241572 0.99391211434886 0.995037875922535 0.99623814050573 0.995868207887632 0.995050450621131 0.99354870021041 0.995778275233573 0.995721054520151 0.994725121400845 0.993441742333768 0.992126895980199 0.992226387225735 0.993991795454762 0.995348033558643 0.994284252343098 0.993249796238576 0.99771438082051 0.997722010475368 0.996794673177535 0.997725891743711 0.997729554788493 0.997672504552961 0.997627481968857 0.997589069584037 0.997592285848205 0.997605537235712 0.997668283123934 0.997702329925309 0.997633038577147 0.997608356273481 0.996613367481471 0.997613570014194 0.99759157505087
0.994532463465244 0.995954855094037 0.99592122286886 0.995950156372757 0.995871439296579 0.992385834139364 0.99429435447417 0.995960002290052 0.996165639285705 0.994294096665415 0.995338152238264 0.995152463760767 0.995858255562985 0.995147906718304 0.996265989692917 0.995862538934299 0.99508991861164 0.995426784041188 0.994254636180616 0.995809669683555 0.994695148831574 0.99547984133343 0.994395224934712 0.992409354111696 0.995741751648147 0.99512031164956 0.996002223907065 0.99499323245721 0.996795406046235 0.997706618288147 0.997686368046147 0.997692061329171 0.997684048465255 0.997641266157087 0.997611918128674 0.996620116879327 0.997612753146668 0.996639457685142 0.997701630578819 0.997689446219231 0.997608543069122 0.996622282495144 0.997618912630177 0.996621854651449 0.997581043622568
0.995875273532837 0.994144331860307 0.995864102964276 0.995919754931372 0.995937824647636 0.996095989296371 0.993273890391631 0.993743510692226 0.99450615790158 0.993677318393084 0.995922346880954 0.994243027814318 0.995810959470419 0.993526639237112 0.996265500648566 0.99497550677647 0.994189048214491 0.995261958869924 0.993579949451313 0.995542340746108 0.994939597049912 0.995186958062559 0.99280112518352 0.994835404462209 0.995719723810437 0.992969730697161 0.995824282266357 0.995116301657943 0.997728997442646 0.996804991463207 0.997717669945068 0.997713398104435 0.997691206296958 0.997687026492443 0.997668175545844 0.997645796941726 0.997623454121926 0.997619758635304 0.997613276639972 0.996631387347085 0.997609142230019 0.997609423596429 0.997624429935884 0.997609102737354 0.996597731944925
0.995785798297265 0.995800167196067 0.994189566149463 0.994276620219137 0.996112369370927 0.994001497506143 0.993426373916405 0.996181797420274 0.993420699424897 0.995204974785913 0.995287223591461 0.994786802753243 0.996143329563974 0.994342210174414 0.995899334987451 0.994059253695188 0.995402134202094 0.993485850970989 0.995265616557488 0.995406384518489 0.995153691745254 0.995051340857574 0.994831379938762 0.995230517859033 0.995498260001487 0.993291508100724 0.995492741595042 0.993110834097594 0.995216944883838 0.993381127648041 0.99678654504234 0.996825120238113 0.996822967569934 0.997753072143807 0.997702706180822 0.997666680246224 0.996690700713332 0.99763406861741 0.997637347341977 0.997620140081627 0.997618396581355 0.997618699796919 0.996626346993307 0.997593960382759 0.99660944110664
0.994013790919248 0.995811968922789 0.994260875633525 0.994413242744742 0.996210438980135 0.993293362284454 0.992777068171382 0.996483849694869 0.996347779174739 0.996383276843514 0.996626886528137 0.99655448350986 0.994415186396626 0.994361093171464 0.995516015173873 0.995553139258972 0.993583259556908 0.995408481036119 0.995436054558918 0.995388774335003 0.993403264419666 0.993034273034073 0.992822616058209 0.994440601197809 0.995200822646668 0.994907458954813 0.995176336069614 0.995220972060015 0.99562306589435 0.995900451704454 0.997727617889156 0.997717536992736 0.997740262479018 0.997786809491217 0.997747518656758 0.997722306387974 0.996769734135093 0.997650328841783 0.997628307519897 0.997626557851021 0.996659191880694 0.997645519085232 0.997625405532422 0.996632323648201 0.997603561046711
0.995787399841196 0.994174746803305 0.99602836005105 0.994501162192103 0.993508175988084 0.992765547734166 0.995643797299991 0.994905533164909 0.995851255741124 0.996408824781557 0.99523463500432 0.99631762784868 0.996001166438197 0.995650001020049 0.995491421881072 0.994134368661513 0.995330701467566 0.995631353245715 0.99398018868289 0.996223039129983 0.995774378676308 0.995652534118028 0.995340148729081 0.992689590542775 0.994949525774792 0.994607435191043 0.994910672809146 0.997816739763804 0.996830374621744 0.997717206791044 0.997721962475207 0.997717329084271 0.996845217322296 0.99684057612517 0.997729313279005 0.996795002295947 0.997698506605708 0.997660227681275 0.996672696440667 0.997635048744635 0.997638914549109 0.996667663370114 0.997637123774318 0.997620873194214 0.996628017073466
0.995846527315289 0.995858065393883 0.995620933048114 0.991356461724245 0.993758889233878 0.995049647237271 0.994510240558907 0.996446673219166 0.996510956529849 0.996784041241757 0.99464417668804 0.996431758110421 0.996287759562452 0.99406905582648 0.995400646625006 0.995773063655425 0.994794774769561 0.996063270076067 0.99542715607876 0.996294490168936 0.995169955143448 0.995483022563603 0.994992364004538 0.995058075599141 0.992848860763793 0.994680841750567 0.993657192165156 0.99687588245636 0.997724731584054 0.996778134883093 0.996766815025281 0.997735100903376 0.997719558661791 0.997727468643666 0.997702405319229 0.996751368086186 0.997685569212766 0.99671445328487 0.997664346744661 0.997659246874167 0.99668816824909 0.997657367695783 0.996668369669083 0.996659217721526 0.997636991096098
0.995819055630801 0.995834506139322 0.995728198474855 0.99597894459176 0.994557545710381 0.994988511578389 0.996456021872726 0.996509290133398 0.995231867620436 0.996874428923707 0.996088889074481 0.997080167265678 0.99716978930909 0.997090366796104 0.996858927341691 0.99581383277533 0.997066556466124 0.996361393341711 0.997002378443004 0.995879056856441 0.997086411937144 0.994097125827194 0.996003383907876 0.993955865681131 0.995316257127157 0.993630742822704 0.997899181906365 0.997780578815359 0.997716555957205 0.997712198791536 0.997718016806779 0.997707329582381 0.996782121361939 0.996789048989986 0.997727280656602 0.997711739854213 0.996721509584253 0.997671033282528 0.997649065647632 0.997667730839826 0.997658205970053 0.997658547763878 0.997649109521317 0.996672028620661 0.996673285953937
0.993254811979924 0.995025086485784 0.994401326282343 0.99621568694909 0.995167371387359 0.996266399271126 0.996534935934763 0.997068188478504 0.996601573161494 0.997125886381904 0.995960102989332 0.996465066860535 0.996536191470037 0.996419778004773 0.996002879096801 0.996447464702014 0.997086601429083 0.997121178172688 0.997047301143377 0.997034101334102 0.997054874687352 0.995779697678172 0.997205099278786 0.995821078004139 0.996190936606405 0.993724936372324 0.997894828703023 0.997752990940995 0.996783940473488 0.996790525263818 0.99773032704448 0.996783332741377 0.997728552727781 0.99773425213268 0.99676635717655 0.996755787297074 0.997677104344374 0.997691365864797 0.997656061885217 0.99766051245955 0.996684791520367 0.997653824247007 0.997652154865689 0.99766125121027 0.99668151239042
0.990881218051242 0.995372853622435 0.994284012159583 0.996658885718291 0.995779617439145 0.995032397731704 0.997059520885092 0.997018763708601 0.996567480615775 0.996009465179008 0.996793965158466 0.996518637879666 0.996463950346371 0.995253137323815 0.99595911310612 0.996072759423666 0.995799794218925 0.997131502809911 0.996115573899747 0.993609443135905 0.994551751413265 0.995585902667902 0.996157891376179 0.993727686472384 0.996390854242538 0.996202193076587 0.997851427884201 0.997729180266913 0.996785385654803 0.997722213031567 0.996781678175296 0.997736161466651 0.996777302299221 0.996785367277934 0.996760466652696 0.997694178501669 0.997680081841269 0.9976764246488 0.996707634085946 0.997670890608302 0.997670644969414 0.997670153405334 0.996691146810774 0.9976547541921 0.997663478199876
0.9942070483492 0.995827225292925 0.994832017978937 0.993467744062418 0.996032205263638 0.996964280302356 0.996921612739483 0.996097173652549 0.996460825708504 0.99492928055987 0.996605350505607 0.996258192344053 0.996635385475519 0.996207059819546 0.99623137506066 0.996287595358419 0.996292528800663 0.996178329924464 0.995982538470061 0.994044488233627 0.996044664560632 0.995705795083872 0.993597061902199 0.997162568159891 0.997049434665837 0.996826992008455 0.997003445962102 0.997775732129203 0.996805036994938 0.997725994914695 0.997722719886172 0.997725045291807 0.997714421906289 0.997714328336844 0.997699685933059 0.996744581580889 0.997700144133867 0.997668513582196 0.997664836065793 0.99766772070789 0.997665046785324 0.997649697292457 0.997661501777037 0.996686960330155 0.996689685364331
