Archive - glowpa-model-master/Model input/Uganda/survival/Tsurvival/Tsurvival_restime_1dec.asc
NCOLS 67 
NROWS 67 
XLLCORNER 29.500000001 
YLLCORNER -1.499999999 
CELLSIZE 0.0833333332985075 
NODATA_value -9999 
[rows 20 to 39 of 67, columns 0 to 44 of 67]
-9999 -9999 -9999 -9999 -9999 -9999 -9999 -9999 -9999 -9999 -9999 -9999 -9999 -9999 -9999 0.995385679120392 0.994804316511225 0.996339967054681 0.994053422311806 0.994911085268675 0.993368099081359 0.993600145323046 0.993880765761661 0.991781407757668 0.994461445739057 0.99431256047654 0.990617985430634 0.991265067259255 0.995894295890643 0.995168403529846 0.993749752861372 0.991369428388376 0.99436977206641 0.992054688035038 0.995821440239665 0.995777517558896 0.995034677161491 0.994516544667642 0.994190734528494 0.994472104610134 0.994575356938488 0.992399764581221 0.994710251409917 0.994674134084646 0.994108521213959
-9999 -9999 -9999 -9999 -9999 -9999 -9999 -9999 -9999 -9999 -9999 -9999 -9999 -9999 -9999 0.996589639227916 0.995509065538457 0.995293921195515 0.995876662170705 0.995050331701508 0.991876432354976 0.993224638542857 0.991503156724308 0.99317057164125 0.995649064605299 0.99692802591201 0.997012097249542 0.997070491993293 0.993813533832516 0.996072906476794 0.997244443619922 0.994062208815522 0.994737348063547 0.991963392117368 0.994149532262795 0.993997030976255 0.994487954007628 0.99373526171157 0.995396680162713 0.995328145297465 0.995077283308801 0.994306155210148 0.994255354168312 0.994426567397438 0.99434017243403
-9999 -9999 -9999 -9999 -9999 -9999 -9999 -9999 -9999 -9999 -9999 -9999 -9999 -9999 -9999 -9999 0.997202200639095 0.995801881491327 0.996074200981681 0.992252540390382 0.996191531175103 0.99578107539997 0.996911479104754 0.996918831352579 0.993498599666704 0.993679720633498 0.993694157768435 0.992400020960841 0.994641179798691 0.994663296123021 0.994512358293468 0.996219546026411 0.997316482679314 0.997332988473892 0.994286771177957 0.994484750212955 0.995686087447419 0.99447882277381 0.992753258918282 0.994523583958727 0.994479305889721 0.991927091221666 0.994146114289013 0.994115038030211 0.992095766136949
-9999 -9999 -9999 -9999 -9999 -9999 -9999 -9999 -9999 -9999 -9999 -9999 -9999 -9999 -9999 -9999 -9999 0.995870720083074 0.998110611974569 0.99769129108845 0.997109715379085 0.996946576446159 0.996923521373727 0.994044531041607 0.993950363137683 0.992250238677774 0.994096439911935 0.992295268977276 0.994172901099699 0.99462590890677 0.994506973972748 0.994460802864006 0.993032826949163 0.997365940918873 0.994322777733485 0.992668542456313 0.994060977988608 0.994802121436909 0.994471682808527 0.994479290754854 0.994239117735854 0.991728164716634 0.994667577298931 0.995030227360035 0.994400517282182
-9999 -9999 -9999 -9999 -9999 -9999 -9999 -9999 -9999 -9999 -9999 -9999 -9999 -9999 -9999 0.997532759570577 0.997420600194563 0.99839288545711 0.996496416484706 0.996203671227031 0.996945620745091 0.996945785850894 0.996927428218061 0.996978516962792 0.993238090977656 0.995067457797208 0.995129130009951 0.994437685207013 0.992453797343837 0.994302241849457 0.992387811000241 0.992277597860033 0.994433529291433 0.99518858892754 0.996301805603617 0.995832749885365 0.994414528630598 0.992012818925638 0.992072100769778 0.993114919975029 0.994771039346205 0.994042980874304 0.995403308349729 0.995055342728631 0.991776287553271
-9999 -9999 -9999 -9999 -9999 -9999 -9999 -9999 -9999 -9999 -9999 -9999 -9999 -9999 -9999 0.997706237251678 0.99802377576838 0.997443256611963 0.997066226723847 0.996986272313588 0.995712573669997 0.996960349928281 0.996936172011825 0.995706894466915 0.994098136631501 0.9940473370758 0.992016016324669 0.99329214296828 0.992346474191696 0.994983919675813 0.994543079018256 0.994558159004774 0.99447304546316 0.996365655444764 0.995663732119727 0.995571930713359 0.995520652362888 0.995398193228241 0.995236314091906 0.994524428919379 0.994537418517652 0.994069192869614 0.993646898731888 0.994592491683928 0.991677240130828
-9999 -9999 -9999 -9999 -9999 -9999 -9999 -9999 -9999 -9999 -9999 -9999 -9999 -9999 -9999 0.998373461981533 0.997658722090094 0.997071310896824 0.997033323601167 0.99577566729746 0.997001047002949 0.996975436868939 0.995715390617509 0.993832903311028 0.993166560198244 0.994494649140092 0.994610934532511 0.99508907509052 0.994421760490969 0.993399809610087 0.994829013715519 0.992669171432166 0.992251013622139 0.997430163281814 0.996345777991482 0.992708343060163 0.994475473641727 0.994308605029526 0.994251181448291 0.994784491770468 0.994640062833175 0.993833915519652 0.993977115411505 0.99491537350712 0.994637948184571
-9999 -9999 -9999 -9999 -9999 -9999 -9999 -9999 -9999 -9999 -9999 -9999 -9999 -9999 -9999 0.99787660073215 0.997118727884386 0.997066978908645 0.995813983556732 0.99701593053019 0.996978686177472 0.995729586550699 0.997110566951297 0.994167985451691 0.995396834479393 0.992703396161255 0.992438833817729 0.994436715981028 0.992224833317019 0.992337277006806 0.99362929698506 0.997454615793353 0.997468779831729 0.997472803958964 0.994360102519291 0.992065950691786 0.99444967778735 0.994924064195657 0.995122405887122 0.994208593177063 0.995837286065594 0.995311098827877 0.993990991155319 0.992919851489655 0.997327115350386
-9999 -9999 -9999 -9999 -9999 -9999 -9999 -9999 -9999 -9999 -9999 -9999 -9999 -9999 0.99784488573289 0.99603176140575 0.997074987374927 0.995843821486378 0.997011454406087 0.995752625600933 0.995734571510052 0.997138997416165 0.993252137270553 0.995281910490866 0.995453479816158 0.995296221456254 0.992390708682606 0.99534293443566 0.994626828692925 0.992184577635192 0.994663707547318 0.996354965642012 0.996440459104622 0.997539161460603 0.994782573380157 0.994594253401112 0.994191646168996 0.994229691107352 0.994346541211134 0.994091419154209 0.994262213416244 0.995229182198235 0.995073033644715 0.993928038457345 0.996108217668348
-9999 -9999 -9999 -9999 -9999 -9999 -9999 -9999 -9999 -9999 -9999 0.998477967599191 0.99761796501027 0.996735109148565 0.99601605636351 0.997084589521002 0.995840291784152 0.997044417124577 0.995760325959135 0.996998223514543 0.996071353304424 0.992464316901272 0.994806748833831 0.99476301105984 0.99247902218126 0.995022916991146 0.994706982793078 0.995432408602378 0.99461581781813 0.994206290754899 0.992710475659831 0.997465152415002 0.99746196218792 0.996385544639458 0.997383333054343 0.994572543704564 0.996080314501711 0.996045110363712 0.997296634706817 0.996129109405864 0.996129934789071 0.997271110879675 0.997246055107018 0.997232012127866 0.996076491368438
-9999 -9999 -9999 -9999 -9999 -9999 -9999 -9999 -9999 -9999 0.996097710652893 0.997685756800692 0.997229730537064 0.997093690281156 0.997061920638237 0.995828574782444 0.997033827756887 0.997008452646172 0.995851322863089 0.996306430646058 0.992881419135967 0.994651027378256 0.99496479305413 0.993277983084979 0.994741694051727 0.994594912498181 0.995087484128125 0.995716925488215 0.99495089901896 0.993889045965814 0.9954626046016 0.995124933457748 0.994514620189373 0.995191842598672 0.997364802441061 0.996213058479697 0.997314160765532 0.997314075890648 0.997288656091892 0.996101447327182 0.997231988597916 0.996086649564751 0.996081227992649 0.997216787856445 0.997231563673146
-9999 -9999 -9999 -9999 -9999 -9999 -9999 -9999 -9999 -9999 0.997364948872108 0.995879658492995 0.997034619699297 0.997028196955249 0.995815310116308 0.997025469235553 0.997008868772969 0.99586996317886 0.994231956997497 0.995728320726388 0.992575555182441 0.992600049076582 0.993168489671758 0.995034076654645 0.995554227074298 0.99507760572631 0.995787893278199 0.995678312676429 0.996693037693583 0.995452861399381 0.996230938972573 0.994676973839824 0.99255605354737 0.994630904203574 0.992991686472746 0.992444451819841 0.997321196352224 0.99617873670104 0.997255330878502 0.997231212188074 0.997228595386371 0.99722334685099 0.997219847613045 0.997225890961777 0.997212259625226
-9999 -9999 -9999 -9999 -9999 -9999 -9999 -9999 -9999 0.99523283987207 0.997085496255625 0.997016058557816 0.996995382330659 0.995748295129607 0.99700223925689 0.997023156103314 0.996292993101793 0.99521745367343 0.992458667702331 0.995631366374406 0.995363351977213 0.995155355076594 0.994970911946899 0.992870348580241 0.996484889605528 0.995034210468404 0.995845453319894 0.995436911477063 0.992264923020218 0.994527960325966 0.994648841610358 0.994670710503943 0.994791966338863 0.994819447959393 0.994735980325748 0.994614642242951 0.9973529374459 0.997311784720419 0.996140715339875 0.994071643301769 0.996139171179514 0.997245508816545 0.997251437436431 0.996093109675621 0.997224937473106
-9999 -9999 -9999 -9999 -9999 -9999 -9999 -9999 -9999 0.994676284541098 0.99703805036949 0.99702683994604 0.995716522371351 0.996980594631377 0.99697431181444 0.99631596031942 0.994868389837617 0.995129573414864 0.992256740565421 0.994529692602682 0.992367757794741 0.994592411589535 0.996415447910757 0.994975623037489 0.995347069428466 0.994583828793943 0.995140465761323 0.994571533325381 0.995057288421472 0.9957364508588 0.994832420408443 0.994604611231224 0.994668141583789 0.99508852958953 0.992641260112575 0.992431186775241 0.993716391540349 0.994411324752054 0.994068496927543 0.99449765767679 0.997312601046481 0.997268709294884 0.989231213089171 0.99725961274157 0.997266063478916
-9999 -9999 -9999 -9999 -9999 -9999 0.996553836283963 0.99662876717422 0.995914264631608 0.99070166158852 0.996065883876247 0.99580297916318 0.996984277446808 0.995730042258213 0.995886286249976 0.994928392300506 0.992781177524528 0.992471704404111 0.994668399702503 0.994484945391776 0.995700865022352 0.994799469093288 0.9949355568218 0.994721973817925 0.992465313587382 0.993087053523744 0.995208581741182 0.992741665700621 0.996432000648813 0.992615530100628 0.993934105996838 0.994807009781203 0.99536630001611 0.994522316683883 0.994619371174623 0.994685719410448 0.994967983254655 0.993333208743019 0.992177057207562 0.996138555976577 0.994449161470324 0.996143696845107 0.995399809190145 0.994331911997234 0.997292177976803
-9999 -9999 -9999 -9999 -9999 -9999 0.994384534131093 0.994351938010949 0.994087516165349 0.994369879216808 0.992851520568462 0.995657807536733 0.995723061691594 0.997051448398238 0.99748148484871 0.996244193958607 0.996092977805117 0.996048469291425 0.995953957260475 0.995927045894938 0.995566564918367 0.99239366031161 0.994614826062414 0.996084540923657 0.99454648154941 0.99463205893137 0.994848683675313 0.993503125660267 0.996400862510294 0.992092651268098 0.995608585338788 0.994770849215753 0.995193450605217 0.994757848251461 0.994393627039305 0.99469330854746 0.994675895819288 0.995222605708727 0.994661058306959 0.996153084102608 0.994564941089971 0.997289773978277 0.992676730675798 0.993442895320003 0.994333173392544
-9999 -9999 -9999 -9999 -9999 0.995180281951692 0.992695041286095 0.994668987803992 0.994436938329107 0.989256626073348 0.98886341669912 0.996906215552055 0.996990611059621 0.997376589521019 0.994931998527042 0.993640386080123 0.994670629957587 0.99509234259929 0.992837918148903 0.995931694835593 0.994435853312183 0.993619619386471 0.995264973238522 0.99607607079248 0.994761880363361 0.992376236172282 0.992449256861033 0.995166139165471 0.995337687012577 0.994814752827737 0.994877068286786 0.993334322868298 0.99481508503816 0.994793113889119 0.995826151134679 0.993698711672472 0.994667328202449 0.994811920150528 0.995012644767917 0.996163739683853 0.994618517050928 0.997318266782866 0.994533892474278 0.99525613213164 0.994369084423289
-9999 -9999 0.994584344151852 0.993490713467803 0.995482411149803 0.99429327779626 0.993695891325335 0.994159790920655 0.996010240532346 0.992188986328471 0.994224165123816 0.99439720405565 0.996219168295567 0.992985905031663 0.993131900513264 0.995441411192627 0.994992677088321 0.994835317246304 0.994612254986905 0.995913557534443 0.99462863027715 0.995470226101514 0.995001619654652 0.995555506588621 0.994355890534389 0.995058923102242 0.994890218858543 0.994726546131859 0.995259306906705 0.996354750571539 0.996312226657835 0.994617697878203 0.992713298103598 0.992766492961287 0.995773301014844 0.994521451953374 0.993251878329413 0.994800709250115 0.992707959020797 0.996109601346818 0.992462663216411 0.997328771315761 0.994488073769632 0.994567738298918 0.992636869076415
-9999 0.993046846544569 0.993825886303285 0.99472891696529 0.993821631614975 0.99431785475385 0.996461203664597 0.994928360132143 0.99352321501179 0.989690811247272 0.994938086198187 0.993258907486303 0.996133896745328 0.995295709256504 0.996533119337645 0.995024521308705 0.993397216662911 0.994867901687641 0.993524368075814 0.995770923685928 0.995103687015077 0.994938937827442 0.993097630599512 0.995750523518565 0.994966009389888 0.994001619760753 0.994709945173754 0.994543890300478 0.994907308968514 0.99263858397657 0.993486925507561 0.994838438715159 0.995411589598211 0.994660290161007 0.995758250690317 0.994646728721047 0.99523143739491 0.994781447449173 0.992679814604967 0.996093592527118 0.992039752550375 0.997329960829095 0.992199671324166 0.99224186946109 0.991799137573697
-9999 0.992622118440305 0.992572099506931 0.996606846518736 0.99665409930465 0.995254232560777 0.994362996842858 0.994772694962016 0.995627306034472 0.993594353440046 0.995440879486117 0.994790225102063 0.995807038190091 0.996065961618891 0.995402029424978 0.995021691695017 0.996168607276554 0.994814331641168 0.995140815382437 0.993013068770697 0.993717845610296 0.992879681909333 0.995072931490614 0.995628417271205 0.995202796279831 0.99567412116435 0.995541350387799 0.995458008165929 0.994918863868498 0.994635760881367 0.995193511420997 0.992697679552629 0.994818549561934 0.992438834558634 0.994722422956807 0.993862703225837 0.994851094036877 0.99462070524901 0.994152613055665 0.995857936479158 0.994393661010427 0.994416265276284 0.996248537333842 0.995604283644082 0.994471372001364
