Archive - glowpa-model-master/Model input/Uganda/survival/Tsurvival/Tsurvival_restime_1dec.asc
NCOLS 67 
NROWS 67 
XLLCORNER 29.500000001 
YLLCORNER -1.499999999 
CELLSIZE 0.0833333332985075 
NODATA_value -9999 
[rows 40 to 59 of 67, columns 0 to 44 of 67]
0.992235163917623 0.993811743138447 0.996532704517295 0.996565679098792 0.993551364766294 0.995474205265198 0.994223773196024 0.996321537937023 0.994699123202135 0.995924904337153 0.995892230401136 0.995941626268099 0.993990124281612 0.995990335034538 0.995388648418106 0.996077486031224 0.995868898115469 0.994315556367722 0.995236274677576 0.995246886804836 0.995139969180023 0.993429820571805 0.995119099626533 0.995195146734583 0.995166555867593 0.995013217249215 0.994974623542563 0.995272977044613 0.995011510606161 0.994851978891361 0.995047984032878 0.994664246408142 0.99627255648521 0.99337035237143 0.99505225516718 0.995729876268464 0.994872064345724 0.992600050767557 0.994612880944479 0.993928355763767 0.994056005138226 0.994461538463422 0.997375374369719 0.994981246504077 0.993426085111385
0.99445395455508 0.992389359174233 0.996508308135781 0.994871869149901 0.995083992711885 0.995416935327999 0.994811430004175 0.997571215161307 0.996141238016359 0.996435340514124 0.99516795397558 0.995749081211783 0.993900530739975 0.99550669845942 0.993866447966573 0.995888884046957 0.995061446151213 0.993902799148761 0.994410040790651 0.995867389313377 0.995620478205251 0.995520836060468 0.995169409990411 0.995446400057348 0.993342946839413 0.995181241220761 0.994532569323164 0.994793274522226 0.992637017557302 0.99502260477567 0.995141086448247 0.993737288863441 0.996285607830876 0.994769273105687 0.994869724235779 0.994864544823923 0.99328559406784 0.994740313486916 0.9938631947333 0.994915248969105 0.995765123630732 0.995217747367711 0.997384305362898 0.994691940905968 0.995297237382067
0.993949592125134 0.991582434464166 0.996520705810135 0.991668544276417 0.997559432679185 0.997849585363087 0.99790471613733 0.997286770816192 0.996253396708915 0.995703377610269 0.995913442578568 0.996400253753904 0.995619234165091 0.995325673017127 0.995415615142244 0.995229812258129 0.993741130826112 0.995385697010497 0.993634195057461 0.995106931068692 0.993014804827205 0.995287095394052 0.995349427865229 0.993781005959835 0.994783035291368 0.995781915841017 0.9950869875507 0.993306594875002 0.994869140604949 0.995048126802762 0.993782693476032 0.995031247394038 0.996268352068644 0.995871545271589 0.995335229247814 0.994775929336995 0.994949115607642 0.994754281667117 0.995627244058833 0.994647377991732 0.995598106970135 0.995245915186189 0.997468184190754 0.997439908767801 0.994599233162387
0.996717709804555 0.995333843845922 0.994274335172514 0.996187381968745 0.999386368488064 0.999400656092359 0.998871369980287 0.995013612760785 0.99423881509875 0.995389516302537 0.995537628215756 0.996138867604469 0.996232681555753 0.995085576260812 0.993054084685433 0.993139511811709 0.995063471895517 0.992938930879 0.993048385147857 0.995117948459245 0.994907626835874 0.995422659504387 0.994124226915111 0.994764347435985 0.99286420909327 0.994130163127415 0.992690618542131 0.994888842175557 0.995765256133557 0.996224862881757 0.995302670663 0.99486405583114 0.996094757176884 0.99503335603251 0.993789537317894 0.995483007424501 0.994949573561621 0.99356808152177 0.994792205467692 0.994694823095278 0.995591031077114 0.995297638948547 0.994355624668881 0.997538824677133 0.994696703552671
0.996695939491163 0.995552209945379 0.995616622373816 0.998028640712813 0.999615958342984 0.999077075516866 0.996470747478345 0.994053711956461 0.993154922394905 0.995584672678184 0.995649070420707 0.994873978817572 0.996160507726885 0.995385521671173 0.995436210690873 0.992987278197388 0.994932851071764 0.993230705356661 0.993568292035731 0.995409012074445 0.995146845001339 0.996021019645398 0.992862756602731 0.993489312409293 0.994258129224366 0.995222072467044 0.994987649047648 0.996429773636017 0.994061817720185 0.994543626481606 0.995016938744912 0.993007150133534 0.995493295710824 0.994261940640873 0.995729022899266 0.995032771142811 0.993073061962173 0.995244612545105 0.994904391309573 0.995018311955012 0.995534956913779 0.995056121155716 0.996678013405788 0.996537784451028 0.996449089073345
0.996712012892485 0.995090080808294 0.995250434254639 0.998084234247568 0.999591624460039 0.998827642667731 0.997402854180022 0.995304028079982 0.992079669398422 0.995563233609909 0.995632540800795 0.992547952345684 0.996115448177927 0.994986343231123 0.99376689934979 0.994893107071966 0.995559814927587 0.994899566268144 0.994936522224747 0.995673916477356 0.993486639569127 0.996037054669131 0.994568456285557 0.996037926782379 0.995061125356998 0.995007505615313 0.995083950660335 0.99488705203138 0.996173349653685 0.996206686297963 0.993714306001403 0.995038102037168 0.995265102330564 0.99525236570205 0.994917983677546 0.99355269609134 0.995105431167204 0.997539953110151 0.996578294313621 0.994650140630867 0.995101633102684 0.994704344765911 0.997608100876505 0.997507464400053 0.996429675157878
0.995550023275459 0.995328005342269 0.995524862896365 0.99703443295188 0.998596299306914 0.997748747334387 0.994312126481848 0.994772504289922 0.996394061766529 0.995814131981096 0.995777511444971 0.995024184619284 0.994675586850066 0.995764702823871 0.995796436256652 0.995909430365273 0.996236612204186 0.996290005274617 0.99644444785556 0.996558498691536 0.996580922694657 0.996805910219382 0.995543054448198 0.995226221978713 0.993231305649182 0.993316226611405 0.994941309070371 0.995092042867313 0.995108764697765 0.993417374024756 0.994985681690254 0.995009751935746 0.995069871358127 0.995314919548275 0.996648590239792 0.997624957470769 0.996652084162289 0.997578826062443 0.997607686031603 0.997621933619179 0.997564678260624 0.996708931974141 0.997625457059279 0.997470743061469 0.997476356617545
0.994345331169945 0.996653463718577 0.995970803452203 0.997474205736606 0.997458533483332 0.995043865576338 0.996667520679122 0.996315885150033 0.996477881786128 0.99653099099241 0.995193866564234 0.996618908340409 0.996440674586881 0.996389692986894 0.994829767126781 0.994881475825032 0.995973204808758 0.995319036143161 0.99616011608401 0.995406944568957 0.994628675177315 0.995241685744775 0.995608174308557 0.995649015299916 0.995560295559946 0.994991356710497 0.995105479055681 0.995142170216107 0.993117516388901 0.995055182290248 0.995075680028772 0.99531970233055 0.996707446223329 0.996693871741076 0.997605045804848 0.996607627417111 0.997592360823958 0.997533940045323 0.997561216247013 0.997563323465169 0.997609939107762 0.997695797344841 0.99753122494702 0.996440130255504 0.997470810661237
0.994971141419432 0.996567969845784 0.996739221225477 0.997119334380336 0.995815181803891 0.994426389941583 0.996258918959501 0.994671448173844 0.996407517559313 0.99514710781537 0.994967634287866 0.995650635003474 0.995014705014846 0.996000335891939 0.99491398932813 0.995956306437271 0.995750328835425 0.993072423720703 0.996246778053313 0.995197378123666 0.996185020536241 0.993730798539819 0.995384901775483 0.99526663936671 0.997021161329822 0.997066720709835 0.997052402376236 0.997060694843876 0.995915083495941 0.995261040601582 0.99772257954169 0.996698183739737 0.997639238070534 0.997663636091133 0.997577404412173 0.996526797065457 0.997516052303295 0.997501893068839 0.99751739544004 0.997550137492586 0.997557927400333 0.997538606481487 0.997501931414991 0.997491385940121 0.997474658820105
0.996770822558616 0.996524337414228 0.996592297976056 0.996400355317669 0.996482759316458 0.993432558227598 0.993338723016603 0.993605922011583 0.994818851314402 0.996707120787243 0.993620612318302 0.995036660792923 0.994338596605326 0.995306404851048 0.996384464925539 0.996022144246274 0.995167631187439 0.993884521238603 0.996327155615207 0.996233787834202 0.995357376733062 0.994526292605258 0.993449143497891 0.993515113461838 0.994834231003919 0.995177952040502 0.994174368554391 0.993055838684315 0.997618713676621 0.997635498453303 0.996700170537921 0.997640499441715 0.997643291250416 0.997607690280224 0.997564356299575 0.99751387090763 0.997512292262696 0.997539815088858 0.997569556586673 0.997592103930978 0.997555402514137 0.997526374759088 0.9965044054795 0.997506617071929 0.997502356017524
0.995144499915769 0.996431395859024 0.996431264037388 0.996409747513831 0.996319207987015 0.993165349822002 0.994839610706441 0.996344989852537 0.996482212080856 0.994638077298139 0.995695593267613 0.995350241636502 0.996078239397685 0.995424060151333 0.996430639349779 0.99600867497141 0.995267291263069 0.99559923859924 0.995330746403284 0.996293666357848 0.995479312490516 0.996169206178413 0.995411014895441 0.993534379760985 0.996334408305173 0.994937870394777 0.995893475018035 0.994843863348729 0.996634317165133 0.997622514158909 0.99762437335306 0.997607827978741 0.997592083804414 0.997573774141234 0.997558659396852 0.99656466615523 0.997583428058699 0.996548544215746 0.997593972393083 0.997589206728058 0.997535095295317 0.99652650135513 0.99753519157067 0.996487874863755 0.997485634949005
0.996383059612463 0.994877313756877 0.996390179214887 0.996443948534062 0.996399959640273 0.996404510720931 0.993986138404925 0.994155762191446 0.99486769050358 0.994283821346332 0.99628145018213 0.994443722693333 0.995883363505586 0.993839746405293 0.996462332477247 0.995157132201096 0.994279190024929 0.995377222728693 0.994045699724213 0.996115266302704 0.995639799666321 0.995920759466449 0.993798215078692 0.995519492851754 0.996344457639831 0.992762025700025 0.995722668431717 0.994962658025263 0.997627855590619 0.996664864628454 0.997625519502641 0.997616464677801 0.997600364164365 0.997592195587927 0.997581830543533 0.997583945509253 0.997576250982279 0.997560735391952 0.997536289742157 0.996508265372889 0.997525373758825 0.997517846241996 0.997518350792464 0.997509417357988 0.996440414198042
0.996325363336943 0.996333189736909 0.994931309885596 0.995001118527345 0.996571730496316 0.994285932404084 0.994074457375685 0.996414799960954 0.994100122682244 0.995938199119417 0.995598030600327 0.994977927869805 0.996051977596314 0.994600736655579 0.996173080744617 0.994318161237764 0.995554572913478 0.993597207137895 0.995597631983177 0.995833175860058 0.995906291629102 0.995797538773309 0.995663973776839 0.996049379388734 0.99627830229224 0.993598224027975 0.99536521905523 0.992889309525845 0.995100459348923 0.99331582927229 0.99664258554959 0.996694656458156 0.996667013393761 0.997631475510135 0.997586989669734 0.997569978727598 0.9965606235527 0.997549348263939 0.997547863785468 0.997518163377097 0.997506697445968 0.997492467594516 0.99645899466947 0.997480470602212 0.996421386916264
0.994792886125946 0.996338292438466 0.994977600276061 0.995084940651355 0.996653787685619 0.993395637593563 0.992988248957675 0.996664690033318 0.996476464436209 0.996559305559463 0.996966912740339 0.996548669652636 0.994304858312427 0.994462219095755 0.995612748450354 0.99556461435732 0.993714364091302 0.995656343101783 0.995699562759572 0.995690939194956 0.994379322150142 0.993998094573962 0.993984593828551 0.995518952403498 0.995937440437133 0.99523168898482 0.995051973009267 0.995051616929646 0.995485799827402 0.995823655850813 0.997644560844575 0.997625111207501 0.997631520463844 0.99766254323955 0.997630991519221 0.997588222013803 0.996583960671332 0.997562461343577 0.997533912424143 0.997518554888991 0.996478989915839 0.997516346230582 0.997503222183972 0.996440097335598 0.997470891543697
0.996341844284906 0.994895316727292 0.996457395678376 0.995107960361371 0.993652879906503 0.993045079155709 0.995774828261754 0.995058964251452 0.995985811017139 0.996570651789392 0.995441842681819 0.996353564306933 0.995957914739646 0.995801787709148 0.995816620569547 0.994330959584898 0.995598284511583 0.995843635607398 0.994411555218259 0.996563806463279 0.996193500300322 0.995979687422271 0.995805805486124 0.993910465181234 0.995595279313616 0.994970691986793 0.994689772435399 0.997706914478026 0.996685708328745 0.997651486244604 0.99764647451118 0.997627462839266 0.996686226801857 0.996673676955324 0.997612312652411 0.99661499127631 0.997572365999404 0.997549551451975 0.996502763134552 0.997509533628801 0.997508723185707 0.996479169924529 0.997502241645121 0.997473819230773 0.996426250447715
0.99641891399887 0.996384194869056 0.995712524540549 0.991467095136237 0.99396257281206 0.995242331767902 0.994527785426379 0.996462541095226 0.996474019182098 0.996910433490201 0.99460910384259 0.996488911670766 0.996280552899565 0.994223877935458 0.995748975202096 0.99580773979043 0.994782446393864 0.996339845910802 0.995686128573165 0.996651465565639 0.995656850805232 0.995807405312376 0.995520963947854 0.995517869862093 0.993313112432836 0.994659715998292 0.993246950867915 0.996738670216756 0.997655877523168 0.996668109109789 0.996660846650956 0.99764789197433 0.997620891152631 0.997607721287474 0.997582686061459 0.996578353671067 0.997578599306034 0.996540100870149 0.997542758307722 0.99753394419834 0.99649886373904 0.997512480405688 0.996470705177163 0.996445928629954 0.997493263673036
0.996379751097211 0.996361885345845 0.995792093122775 0.996023048490873 0.994777548722183 0.995062270835615 0.99635287177082 0.996384840910715 0.995090787063167 0.996958973344279 0.996099750335011 0.997059987770236 0.997126588085783 0.997100192738076 0.996951923454665 0.9958322553151 0.997191689732771 0.996515785440624 0.997271669702757 0.996207962825432 0.997329974693034 0.994361354707319 0.996176649106664 0.993963593264045 0.995099865270466 0.993432319946604 0.997748493509722 0.99767127754243 0.997642649490711 0.997640951575181 0.997629534285685 0.997623531722978 0.996644254518909 0.996618281868151 0.997598970761966 0.997589549251215 0.996558339810079 0.99753508210339 0.997528731322852 0.997541561282454 0.99753279417584 0.99752280007671 0.997491629974655 0.996448211720386 0.996445712765905
0.993540473116121 0.995431447297634 0.994789191566693 0.996260477568509 0.995406349660324 0.996214019217699 0.996322601615908 0.996970208872616 0.996470521893428 0.997184722867814 0.995962778602384 0.99640240534466 0.996462722180798 0.99626630414953 0.996137551864943 0.996412450940543 0.99712222723895 0.997027177657745 0.997171060309296 0.997306250585527 0.997372983796093 0.996140556839125 0.997303358774395 0.995555027125251 0.9959806460487 0.993143396288104 0.997716047247377 0.997668404938846 0.996705091058684 0.996702908442681 0.997649017467538 0.996650297038504 0.99763231642816 0.997609269572585 0.996591924495224 0.99658343928075 0.997548198705092 0.99755291716835 0.997534523791673 0.997515252785325 0.996495256163122 0.997495769534086 0.997494385300412 0.997483261907211 0.996425362672475
0.991310231918016 0.995744442954026 0.995118292480554 0.996766214255057 0.995853473682875 0.994825988674571 0.996999816218328 0.996883467146199 0.996453295291356 0.996022311330547 0.996727328400089 0.996449226402033 0.996417419816314 0.994983025137159 0.995956474761159 0.996114643034877 0.995977640426231 0.997191294012117 0.995967026326015 0.994129813841919 0.994981059747817 0.995803969625198 0.99625109395123 0.992839320445579 0.996120245592855 0.995934531076327 0.997707351608253 0.997669791354891 0.996711587598443 0.997659514795532 0.996663994815194 0.997636860878259 0.996639286057112 0.996602789681357 0.996592398155206 0.997560640936218 0.997545652808616 0.997519949434969 0.996504456790636 0.997528948118053 0.997523065942008 0.997518242921731 0.996467150349921 0.997470448237141 0.997485974486839
0.9946063437356 0.996221622683451 0.995615306298273 0.994458371825523 0.996012181999314 0.996954078562515 0.996878580472991 0.996248518092564 0.996287154804142 0.99464857670737 0.996410616536543 0.996166374462461 0.996513399651692 0.996098566711631 0.996235297512544 0.996307818909232 0.996246514232371 0.996083358456478 0.996012014389625 0.994412484531357 0.99635764710379 0.996059209142144 0.993352575918879 0.997214189260562 0.997058538242061 0.997007653325701 0.996769246159252 0.997677070708599 0.996719126847971 0.997660750426136 0.997629187379867 0.997618672472503 0.997597669755739 0.997580066171143 0.997561957321985 0.996550874568334 0.997556337728659 0.997522386456747 0.997507717991467 0.997514037626292 0.997512514239779 0.997490193482421 0.997502715517761 0.996438109632274 0.99641926915199
