Archive - glowpa-model-master/Model input/Uganda/survival/Tsurvival/Tsurvival_restime_1aug.asc
NCOLS 67 
NROWS 67 
XLLCORNER 29.500000001 
YLLCORNER -1.499999999 
CELLSIZE 0.0833333332985075 
NODATA_value -9999 
[rows 20 to 39 of 67, columns 0 to 44 of 67]
-9999 -9999 -9999 -9999 -9999 -9999 -9999 -9999 -9999 -9999 -9999 -9999 -9999 -9999 -9999 0.993902102762936 0.993222164270565 0.995276890681815 0.992650244506227 0.994312780604066 0.993128771735523 0.99316501534037 0.993468328560749 0.991068323292867 0.994123179804486 0.993981736430355 0.989926474750311 0.99059092053425 0.995445596470865 0.994695568179019 0.992922863508143 0.990178184314147 0.993656034489086 0.991060272610919 0.99530061304418 0.9952745639552 0.994406892659227 0.993735855499013 0.993290562784039 0.993526181414554 0.993700303323644 0.991208362973709 0.993894012069914 0.993860873835382 0.993223452361638
-9999 -9999 -9999 -9999 -9999 -9999 -9999 -9999 -9999 -9999 -9999 -9999 -9999 -9999 -9999 0.995450817070884 0.993981999126207 0.993696491821405 0.994821354174826 0.994168398060873 0.990874423596089 0.992625956275744 0.990995336488845 0.992454683871236 0.995268122264514 0.996655058635864 0.996709156236213 0.996720994933414 0.9933579083789 0.995619350874354 0.99685901894138 0.993230771549728 0.994019197639527 0.99101238789761 0.993439945881427 0.993260752433661 0.993700383114086 0.99275185333906 0.99464781386269 0.994541899250065 0.99430076048459 0.993398539138638 0.993379019860801 0.993608119067504 0.993490265222192
-9999 -9999 -9999 -9999 -9999 -9999 -9999 -9999 -9999 -9999 -9999 -9999 -9999 -9999 -9999 -9999 0.996212659500114 0.994403263208524 0.995120067072858 0.990982667613626 0.995596094499946 0.995285873866976 0.996606068790703 0.996641352492483 0.992624268788618 0.992775971210205 0.993032276822448 0.991774454562854 0.994165468574867 0.993946725698883 0.993786546201976 0.995683106136401 0.996931421012034 0.996988679409003 0.993582035462503 0.993726333706028 0.995029834767785 0.993519845770031 0.991580065536904 0.993658385912881 0.993666030965868 0.990679748747501 0.993276508495953 0.993306445742682 0.990934674083699
-9999 -9999 -9999 -9999 -9999 -9999 -9999 -9999 -9999 -9999 -9999 -9999 -9999 -9999 -9999 -9999 -9999 0.994504598013035 0.997652301588839 0.997266162268588 0.99675626849564 0.996639646516462 0.996624419848522 0.993300415296998 0.993124430684855 0.991220290258009 0.993441453840903 0.991666976204342 0.993573981944436 0.993804531581748 0.993727184051628 0.993698750041166 0.992122595047362 0.99702700109777 0.993540032734227 0.99157490288826 0.9931398385799 0.994015606531857 0.993611386366394 0.993517870638928 0.993357662854673 0.990458405231935 0.993837497344152 0.994302603739187 0.993541306058337
-9999 -9999 -9999 -9999 -9999 -9999 -9999 -9999 -9999 -9999 -9999 -9999 -9999 -9999 -9999 0.996802732427506 0.996919482935844 0.997934492814793 0.995867481917117 0.995628283255853 0.996658491490978 0.996682880234478 0.996647338065942 0.996663700253793 0.992575300770172 0.994615683294821 0.994645806402795 0.99382426758817 0.991454476149759 0.993410762116595 0.991305710096875 0.991205937671094 0.993731487333718 0.994559611098748 0.995740974704095 0.995184326793012 0.993593250831394 0.990708868621763 0.99065269614729 0.99199551686621 0.993954858580747 0.993157892669672 0.99470902271947 0.994339730556606 0.990554694917332
-9999 -9999 -9999 -9999 -9999 -9999 -9999 -9999 -9999 -9999 -9999 -9999 -9999 -9999 -9999 0.997134789235122 0.997430526842923 0.997061286165694 0.996796018796593 0.996725157761496 0.995354010359638 0.996712570362717 0.996662716223475 0.995289809242588 0.993339140099887 0.993161437697427 0.991003335624949 0.992361574697522 0.991197237442785 0.994218767409806 0.99381240895489 0.99383767382493 0.993795312201059 0.995816715867784 0.995012852651693 0.994865316931765 0.994794326804848 0.994643266483668 0.994480425322002 0.993727881113079 0.99373293299208 0.993211096462156 0.992722494537341 0.99379100449558 0.990464097531523
-9999 -9999 -9999 -9999 -9999 -9999 -9999 -9999 -9999 -9999 -9999 -9999 -9999 -9999 -9999 0.997960356703576 0.997273588170925 0.996820754089127 0.996781501117757 0.995415199825575 0.996743966546002 0.996704984428075 0.995325518709587 0.993104507778493 0.992213614715588 0.993725651427268 0.993868247454621 0.994502353235134 0.993667918822347 0.992519250319165 0.99415933431356 0.991705072607831 0.991127982388459 0.997050778313257 0.995817035659909 0.991619962369097 0.993631724636538 0.993456499963765 0.993445537528478 0.994179851641147 0.993995672198676 0.993076736704539 0.993278614632668 0.994172287718583 0.993849816539778
-9999 -9999 -9999 -9999 -9999 -9999 -9999 -9999 -9999 -9999 -9999 -9999 -9999 -9999 -9999 0.997428784943855 0.996865089927021 0.996829851641678 0.995485690856153 0.99678111792215 0.99673417002538 0.995375325417915 0.996799277778761 0.993139587764614 0.99455186304172 0.991375867954929 0.991264590086926 0.993743633495802 0.991218043566303 0.99130132631248 0.992805152087086 0.997078238729848 0.997086546948198 0.997089306778432 0.99356952279146 0.990906470975189 0.993627799158417 0.994191042674723 0.99458992179152 0.993651536721011 0.995358326527051 0.994781493527218 0.993405339742913 0.991896335332336 0.996911435111907
-9999 -9999 -9999 -9999 -9999 -9999 -9999 -9999 -9999 -9999 -9999 -9999 -9999 -9999 0.997384821131318 0.995611039974686 0.99685235287789 0.995524487880741 0.996795092674538 0.995446065164289 0.995417476454271 0.996865170992332 0.992303071244281 0.994363136514605 0.99459408807565 0.994425481569804 0.991317667191518 0.994610500484815 0.993760607067337 0.990941380382693 0.993992110021301 0.995883744755089 0.995929956922963 0.997154888692191 0.994149562771794 0.994064669536353 0.993507370533699 0.993976091505077 0.993879685039282 0.993545105015216 0.993430907960746 0.994556023847875 0.994400743400382 0.993183020432225 0.995550678566705
-9999 -9999 -9999 -9999 -9999 -9999 -9999 -9999 -9999 -9999 -9999 0.998099771210116 0.997035359199216 0.996095878622958 0.995591819321656 0.99685960105819 0.99554543672236 0.996837234113218 0.995481242458031 0.996798326861204 0.995698247440856 0.991377259864053 0.993914136761523 0.993789309323678 0.991343602966222 0.994344763122465 0.993886003005472 0.994756680385398 0.99373010611654 0.993325752859747 0.991668645597524 0.997114243491336 0.997092424830612 0.995919181952955 0.997065983847418 0.99413633466855 0.99579007269365 0.995707618004184 0.996915676254725 0.995581099056286 0.995577597776723 0.99688322815931 0.996871585178029 0.996872090618706 0.995611339729831
-9999 -9999 -9999 -9999 -9999 -9999 -9999 -9999 -9999 -9999 0.995258526047221 0.997199413405311 0.996848329624193 0.996839293619467 0.996845084703846 0.99554758358248 0.996835521465124 0.996770381360723 0.99543964111759 0.995849722027805 0.99173898628838 0.993715948162848 0.993977460221456 0.992070431589328 0.993895906221556 0.993829187119381 0.994284895767961 0.995003232563971 0.99412636527746 0.992947232979245 0.994704511213474 0.994365335835399 0.993700494183054 0.994432975745501 0.997042515643504 0.995801293321047 0.99702997385047 0.996940036723634 0.996908454031883 0.995639579887977 0.996888990214126 0.995611993555579 0.995616254693632 0.996904691597573 0.99686670802373
-9999 -9999 -9999 -9999 -9999 -9999 -9999 -9999 -9999 -9999 0.996927886281239 0.995356683100966 0.996806990700332 0.996831023396606 0.995526081945924 0.996833065421286 0.996767184201209 0.995434289180362 0.993356003944263 0.995015907969581 0.991299081841015 0.991196615727395 0.991706459058162 0.994072223752197 0.994844296754349 0.994340012163851 0.995194033638298 0.995047942974107 0.996163244411554 0.994708791840169 0.995593329020257 0.993839640890737 0.991341410348546 0.99376255582641 0.991915766110998 0.991351940363728 0.996993483244525 0.995765629347789 0.996976140057795 0.996991067273804 0.996983855218263 0.996959626105218 0.997000302757618 0.996876628205523 0.996828863215296
-9999 -9999 -9999 -9999 -9999 -9999 -9999 -9999 -9999 0.994400113402706 0.99673190234298 0.996787090597074 0.996843895335552 0.995507479953481 0.996822372824613 0.99679672274016 0.995775946896082 0.994419496939644 0.991340898325065 0.994934935522503 0.994602501266655 0.994268433283401 0.993983598187989 0.991592862092893 0.995802906077802 0.994152879823853 0.995255090984499 0.994640054837631 0.991022759162629 0.993635623356534 0.993757573078273 0.993758105325171 0.993987508004435 0.994014208074263 0.993945281763929 0.99374524322677 0.996979991051369 0.996996467647255 0.995732372438982 0.993429115841003 0.99569261285886 0.996872332334399 0.996886704280746 0.995706701883165 0.996933546912559
-9999 -9999 -9999 -9999 -9999 -9999 -9999 -9999 -9999 0.993856194057246 0.99679853018885 0.996881338549375 0.995539290789725 0.99681272679828 0.996786463032488 0.995898837702994 0.994088092117757 0.994362881176081 0.991086561536467 0.993705003100447 0.991224955369105 0.993732580435354 0.995763806881275 0.994060250048404 0.994627592803052 0.993845488913245 0.99441786110407 0.993735574309341 0.994234209589784 0.995091709459549 0.994004462192722 0.993736530201941 0.993790480906385 0.994392820921788 0.99160097151929 0.991246569242702 0.992719556708164 0.993562491431191 0.99320580298297 0.993755851764125 0.997009467495795 0.996957765806102 0.981862914440223 0.996896449094619 0.996911671522537
-9999 -9999 -9999 -9999 -9999 -9999 0.995921053201316 0.996015503310413 0.995196754338831 0.989580304172387 0.995315829903982 0.995540917051858 0.996878218646627 0.99551911233811 0.995587523672733 0.994080436507219 0.991649989882551 0.991325663504549 0.993886563291081 0.993573052329338 0.995076974088116 0.993953241888489 0.994046657874225 0.993840653169682 0.991222609560136 0.99208027938446 0.994503318469301 0.991602172964929 0.995883394959284 0.991637788072225 0.99295707484515 0.99400763587378 0.994659404450613 0.993652800810264 0.993893087644327 0.99397116356675 0.994272698905238 0.992391415517636 0.991093554298618 0.995609686080976 0.993688364198434 0.995719809375793 0.994835461869683 0.993532382771643 0.996915960067806
-9999 -9999 -9999 -9999 -9999 -9999 0.993603665023503 0.993479141032782 0.993224823563285 0.9932074678652 0.992015681218005 0.995216480959 0.995547451084502 0.996882497316355 0.997132890282378 0.995682871441134 0.995530228152482 0.995505292293208 0.995424667557267 0.995418881324464 0.994963375003957 0.991214417283731 0.993786689944019 0.995506328856585 0.99379027044964 0.993918098295117 0.994094420884928 0.992639191283427 0.995869281693107 0.991050583889065 0.994983018289174 0.994088036266255 0.994527712359119 0.993980087553561 0.993601352875524 0.99403530532944 0.99400985452164 0.994622842314663 0.993979732986548 0.99564701975133 0.99385169851469 0.996951999910124 0.991716488983534 0.992530403945874 0.993534596418936
-9999 -9999 -9999 -9999 -9999 0.994539331067437 0.991163874473189 0.993959270951219 0.993319983057295 0.988183832065121 0.987730997006391 0.996580571596029 0.996777345796285 0.99710770941368 0.994100208728114 0.992711713141197 0.993888205159957 0.994366520952317 0.991775932222499 0.995434701370872 0.993680706648113 0.992756661389027 0.994681185015601 0.995511581134534 0.994020048920929 0.991421023054952 0.991383420513957 0.994534408350862 0.994716627230796 0.994096882324691 0.994242963996804 0.992482892569803 0.994145509773741 0.994146132515506 0.995260818617263 0.992930786676154 0.994024121311138 0.994201006724304 0.99443094344369 0.995679243412117 0.993951571605864 0.996987155691163 0.993800041969274 0.994611956233996 0.993596319237617
-9999 -9999 0.993768812405457 0.992461879159725 0.994780108698283 0.993544783042048 0.992679668836827 0.993423088944113 0.995178766877225 0.991509804200398 0.99352147323134 0.99363997313272 0.99564433613519 0.99206707538676 0.992379307167744 0.994892857160251 0.994343921972618 0.994086408854013 0.993806863049845 0.995449614735754 0.993813228466434 0.994915723373288 0.994498032747767 0.994991812270516 0.993509459256952 0.994384737576423 0.994176686980138 0.994053051475495 0.994651038663309 0.995856155012264 0.99576786956854 0.99392446329729 0.991719291109824 0.991848859149312 0.995162323095451 0.993761130327952 0.992443319514406 0.994170519638772 0.991807637659201 0.99563345186671 0.991530914436534 0.997001968583208 0.993781824773224 0.993874632783859 0.991624110436638
-9999 0.992017403152873 0.992972985413575 0.994077463037179 0.993199055916498 0.993408544414665 0.995494509433722 0.993678263203294 0.992835924337801 0.988569431436886 0.994120617154529 0.992167909436062 0.995620570923516 0.994629254452027 0.996051991436233 0.994421722362961 0.992647742670014 0.994283372055691 0.99283502579113 0.995324778108103 0.994573557201442 0.994399005191655 0.992382085000408 0.995184582899754 0.994294219790932 0.993122125304923 0.993964325562596 0.993811939951918 0.994284534856091 0.991722089995698 0.992522818875952 0.994021552246919 0.994697732661039 0.99392561355611 0.995139346284292 0.993949174578876 0.994657350276916 0.994139630780277 0.991790194333534 0.99561640752226 0.991141855486185 0.997033792646909 0.991261232111403 0.991263637053365 0.990594096976579
-9999 0.991757509318033 0.991755134296867 0.995882997962418 0.995932191639208 0.994233868818286 0.993748619930942 0.994192488096049 0.995099030586148 0.992736455997651 0.994933325378912 0.994130218720734 0.995227341504255 0.995551372260239 0.994748064134223 0.994387752494268 0.99577150022474 0.994359912368792 0.994708050007791 0.992316933154535 0.993090068603753 0.992156757805725 0.994492899581533 0.995035944431548 0.994528451250898 0.995028272135443 0.994863359404008 0.994723836726825 0.994097397924528 0.993897420576601 0.994571632875557 0.991804862267746 0.993958138862339 0.991486742786344 0.994059487053447 0.993039275883008 0.994219522536555 0.993989334584049 0.993417108123782 0.995327536682181 0.993756174932339 0.993800941912543 0.995844131923441 0.995049609852656 0.993759634606676
