Archive - glowpa-model-master/Model input/Uganda/survival/Tsurvival/Tsurvival_restime_1feb.asc
NCOLS 67 
NROWS 67 
XLLCORNER 29.500000001 
YLLCORNER -1.499999999 
CELLSIZE 0.0833333332985075 
NODATA_value -9999 
[rows 40 to 59 of 67, columns 0 to 44 of 67]
0.992129873603037 0.99368088200105 0.996298198861747 0.996338599734853 0.993335704718985 0.995231107978424 0.994019792613263 0.996231636380298 0.994572251425844 0.99583366763231 0.995779424484523 0.995836839375155 0.993851851963388 0.995860828185709 0.995284378118126 0.995928551041231 0.995608745738553 0.993928480427144 0.995013372570368 0.995011008373 0.994851586790891 0.99300979915165 0.994826574701342 0.994235409680353 0.994094433591898 0.994760792851596 0.994700946136 0.995167499630227 0.994850371637743 0.994827798354137 0.995069379919286 0.994702160343534 0.996259745225672 0.993069953744076 0.994721940275085 0.99555914372536 0.994817697285735 0.99262781757618 0.994591567581983 0.993950367577096 0.994073381420313 0.994548898885385 0.997439979335134 0.99501895777792 0.99342348254679
0.994365900178236 0.992204011065269 0.996249503786861 0.99464587751987 0.994905097923875 0.995257762796493 0.994664457129572 0.997403098154441 0.996035159433737 0.996317310069626 0.995000114048142 0.99560376232487 0.993771480677284 0.995392003761449 0.993656393842192 0.995664762824065 0.994886732053529 0.993476893047468 0.994024834198104 0.995582282863879 0.995296099569639 0.995198395100585 0.994858961406932 0.994533437096006 0.991746893890458 0.994332902247258 0.994104207626828 0.994788876454802 0.992635662188006 0.995004346207334 0.995172246294564 0.993713872426667 0.996220156606811 0.99448956881151 0.994579996173008 0.994608725709813 0.993046215543633 0.994744374581598 0.993858858300168 0.994956114909435 0.995789618552256 0.995244835725427 0.997458314092583 0.9947479848546 0.995317411804827
0.993865467551623 0.991420844818003 0.996264457444559 0.991562701624253 0.997466286314618 0.99773479326971 0.997684918740028 0.997111617334597 0.996103852914689 0.995530397292403 0.995810002752759 0.996321454540031 0.995487287066717 0.995193513371889 0.995176861244878 0.994889092766526 0.993228316594747 0.99507753123764 0.993119382804817 0.994767450590795 0.992509423675504 0.994358545052354 0.994427505468375 0.992555643237058 0.993378515888502 0.995134166296961 0.994854274253719 0.992958639387843 0.994388865585539 0.993777986784724 0.99373036020136 0.995039750996478 0.996268700873415 0.995820499208573 0.995144405574794 0.994526800706584 0.99478963763243 0.994736747652882 0.995618143421639 0.994652651899878 0.995631628131123 0.995218029648431 0.997526774139699 0.997493575335195 0.994636489730379
0.996459058942947 0.994973736795823 0.994219721828366 0.996095648201625 0.999332475406542 0.999351786605805 0.998755828594392 0.994814734443672 0.99400031673839 0.995258253449255 0.995419329610839 0.996036326654098 0.996126808301779 0.994664936761084 0.992448514932682 0.991297297971494 0.994645810694186 0.992261960791 0.992626243855881 0.993927301017639 0.99354644159753 0.994460989560967 0.992913110720993 0.993402954456918 0.991267972595332 0.993150285216809 0.991005328032307 0.993875128377888 0.995260368320131 0.995707543594473 0.99492954742401 0.99491479783963 0.996101139852035 0.995084970675132 0.993785618105726 0.995471066185928 0.994914754780748 0.99351429181774 0.994834350432229 0.994745901336626 0.995657929648116 0.995250046747906 0.994286672249428 0.997591416537 0.994729755474695
0.996465917289754 0.995415726814336 0.995590447939932 0.9979297796164 0.999569119283183 0.998992917593665 0.996205946626597 0.993865397050949 0.992586140317157 0.995413240358919 0.995499004513319 0.994568357640391 0.996002323715281 0.994998201832859 0.994329529021042 0.991374040824008 0.993663867481062 0.991741982879179 0.992275352190731 0.994354303040616 0.993918122367749 0.995179583679572 0.991459931766373 0.992246899913031 0.993202342088024 0.994230082690727 0.993991955231681 0.995843429028636 0.993194485053613 0.993802723969164 0.994835124478212 0.993009916356163 0.995493520967218 0.994208960293345 0.995692367620408 0.995048583519549 0.993027481056303 0.995310722008167 0.994936025480715 0.995059147464874 0.995603081779606 0.995120785033267 0.996740689601381 0.996633281382663 0.99654180839168
0.996485242735523 0.994892353557731 0.995152121157141 0.998000112209422 0.99954475925265 0.99872950622402 0.997284972457364 0.995071075545718 0.991587717878541 0.995419925015518 0.995471979457439 0.99177456110247 0.99593822877584 0.99388396867938 0.992253752208507 0.993639108322942 0.994503936132273 0.993655913963321 0.993736699906983 0.994735586080851 0.992068024731018 0.995209578386566 0.99354028465035 0.995297664168008 0.994199457845484 0.993954397583796 0.994339800419261 0.994076334652423 0.99559826947239 0.995655568059226 0.993654831211864 0.995011479800133 0.99524638031768 0.995240740823172 0.994927653713703 0.99354655669803 0.995069488900275 0.997612249323784 0.996657215621283 0.994794848362109 0.995246643204457 0.994849972982061 0.997706659916045 0.997578545910226 0.996502800554285
0.995459193425911 0.995016056197251 0.99545888164276 0.996883550395267 0.998440865599033 0.997671286358644 0.994139798854767 0.994507832327772 0.995965612383493 0.995658322335524 0.995482540276924 0.99445224212725 0.994261320853826 0.994779450558372 0.994787468666087 0.99488426275655 0.995510320034366 0.995560462454765 0.995771958914256 0.9958967939402 0.9959199104674 0.996190581638749 0.994705833271893 0.994393362741223 0.992340717390041 0.992410429388253 0.994129472745794 0.994028274869233 0.994444204137698 0.993399350696906 0.994979062169909 0.994992730143828 0.995020602588166 0.995320980446606 0.996729579776671 0.997687455144149 0.996707856924663 0.997635734762571 0.997619302061141 0.997685581825581 0.997637217386247 0.996681534180535 0.997694433456559 0.997528807466915 0.997516490473449
0.994515601525097 0.996511682396714 0.995857997684657 0.997451187201001 0.997393048010558 0.994790077517632 0.996312848915659 0.995867729264202 0.996061726279663 0.996075192362787 0.99481563836361 0.996358982061357 0.996107541549918 0.996136072288631 0.994387409677965 0.994447609043999 0.995453190303138 0.994522432143899 0.995495084701608 0.994519242673498 0.993616342619096 0.994461886270608 0.994864322870578 0.994836386995402 0.994941096090454 0.994204882359808 0.994109409100329 0.994065632835085 0.992083124411519 0.995036989741689 0.99505399544062 0.995299347917775 0.996739346545616 0.996694174498007 0.997670035062357 0.996707147428454 0.997649753627403 0.997605045642952 0.997638159253915 0.997630282583091 0.997677193843702 0.997712902082834 0.997615944342648 0.996512594224424 0.997516263423159
0.995051483663181 0.996396934024052 0.996529569097591 0.996893039992358 0.995620767341129 0.994203608268696 0.99587228573196 0.994096609899735 0.99601350854056 0.994500223353638 0.994597579597941 0.995166802088248 0.994499950122345 0.995665488423086 0.994541934473948 0.995662815547109 0.995298742470741 0.991812309320536 0.995589690315277 0.994307767459472 0.995495964530592 0.992548905115006 0.994535457174701 0.994281065389817 0.996467684949255 0.996592049084733 0.996581671366295 0.996592527783641 0.995287067519052 0.995249211262629 0.997746896543846 0.996728130024458 0.997666212647238 0.997671947695887 0.997635386600244 0.996616387660167 0.997593780991141 0.997574355003548 0.997583432219216 0.997636103299932 0.997623090520862 0.997603219217228 0.997548782159695 0.997533555714835 0.997527899720201
0.996605465009232 0.996327866151367 0.996366873525608 0.996128386154918 0.996224276403254 0.993161117458921 0.992932364811301 0.992934242387344 0.994183127960322 0.99623859987839 0.992933462074725 0.994456938290544 0.993729201509284 0.994860800375339 0.996090462337481 0.995707038875471 0.994791554743743 0.993267802850355 0.995690651730126 0.995615367247256 0.994548043688632 0.993599116093892 0.992194585017498 0.992449031300771 0.994073643364781 0.995191444445903 0.994140652568875 0.993081310583179 0.997654356597538 0.997654288815189 0.996720038712977 0.997660895440062 0.997674808572151 0.997650240485845 0.997618596012858 0.997577099042726 0.997571742389498 0.997597583945074 0.997635787286805 0.997682663643109 0.997605858852702 0.997575882294003 0.996559710803793 0.997555271262296 0.997528721784554
0.994852209320179 0.996246999217979 0.9962097013192 0.996135392392326 0.996037396066788 0.992570558653403 0.994288139141407 0.995903693745816 0.995991307800958 0.994146273675434 0.995150393908411 0.994832686827181 0.995629990885537 0.994969107662485 0.996135182396783 0.995697152816537 0.99488038047494 0.995229855322073 0.994185085550813 0.995710877676245 0.994622952225606 0.995532938903499 0.994471755482547 0.992380990579783 0.995819482504354 0.994965277420606 0.995896979871928 0.994853709683457 0.996718772366259 0.997640543432275 0.997656001464769 0.997640171253504 0.997634308105957 0.997624063342184 0.99760478060535 0.996620342769006 0.997615645243243 0.996630652380381 0.997686451705442 0.99767951627883 0.997595376024508 0.996603801680504 0.997585473769108 0.996549485974953 0.997521312689269
0.996074368465416 0.994486553840631 0.996136784297158 0.996189153560613 0.996134902608642 0.995992990726951 0.993302360450757 0.993596474516315 0.994351581035122 0.993614063933634 0.995799345139719 0.993874345181837 0.995481626368213 0.99329039496362 0.996173971663775 0.994777606362923 0.993894495599086 0.995077412068857 0.993356635946482 0.99550081190872 0.994860334945038 0.995331951991385 0.99285179328006 0.994759829710113 0.995836963944695 0.992723957258266 0.995717268931997 0.994970873076993 0.997676624665294 0.996701844896338 0.997674436003674 0.997657940733183 0.997639303567296 0.997652965332693 0.997642742377886 0.99763026403738 0.997616289485452 0.997618519153013 0.997615417562833 0.99663016398757 0.997605604293385 0.997599662590351 0.997592366013284 0.99756805524406 0.996515402487655
0.996077135396385 0.996108319423059 0.994532734790363 0.994615376670552 0.996244114880331 0.993884895754297 0.99346961814402 0.996127185428327 0.99336238631773 0.99537520951773 0.994909403499873 0.994333046659939 0.995656295774573 0.994134190080756 0.995855860255541 0.99392110354068 0.995233538752203 0.993238850507194 0.995152074451488 0.995270978434844 0.995163077708926 0.995175434630945 0.995073374086398 0.995508711360954 0.9957217227084 0.993156100362995 0.995370113643812 0.992921930696131 0.995150510494421 0.993148138458241 0.996708060959065 0.996748315540188 0.99674489370757 0.997705186983188 0.997660853556622 0.997649778674266 0.996686315049335 0.997632006989465 0.997634835772136 0.9976040314409 0.997598440793293 0.997592870445594 0.99659385281802 0.997553556243646 0.996512816689693
0.994525654759781 0.996149587542502 0.99457698303721 0.994641853685801 0.996302812742771 0.993044406574195 0.992529530995778 0.99637002931331 0.996176396397853 0.996175406428495 0.996484951492106 0.996162851568503 0.99380013380999 0.994044339246815 0.995317956465491 0.995300576629245 0.993264407782848 0.99533532974617 0.995265816844718 0.995212032033772 0.993384866663932 0.992960716142268 0.993219927707527 0.994758162509823 0.995351751757638 0.994838771824226 0.995069535032685 0.995116060916985 0.995533421717461 0.995761357016923 0.99767668859783 0.997660612062871 0.997683838132548 0.997724958700801 0.997704593851754 0.997681677225237 0.996722245967546 0.997631412501024 0.997601926845227 0.997605265820127 0.996609991962359 0.997607622074104 0.997594148573879 0.996564155763123 0.997539494286661
0.996166048974568 0.994594753582079 0.996185213088147 0.994679536482725 0.993315891302594 0.992567103222137 0.995470819040814 0.994672359024009 0.995586514852156 0.996167204634879 0.994911510564576 0.995963099205077 0.995606379640444 0.995475707029076 0.995416899192772 0.993821051958826 0.99517732247019 0.995482899223478 0.993709027405684 0.996179779095404 0.99574023753509 0.995645676596217 0.995427919966916 0.993196124851172 0.994926320132957 0.994361238736374 0.994694696910266 0.997759511312945 0.996717996807103 0.997676523171247 0.997675475246947 0.997667007447447 0.996761967173141 0.996765889072793 0.99768289637133 0.996732898010845 0.997664847725714 0.997629599832076 0.996658273503875 0.997618263884431 0.997601468818505 0.996608412871219 0.997595265105371 0.997574890547568 0.996558181316594
0.996206724340866 0.996141998390575 0.995568313470656 0.991116900190863 0.993571615737859 0.99492934717001 0.994109410201425 0.996219111302843 0.996206091070117 0.996551997885359 0.994100433628938 0.996114938017151 0.995894275211006 0.993645083778611 0.995272155296508 0.995423231222041 0.994229706951585 0.995882521917581 0.995181303519881 0.996190559806861 0.994985652964838 0.995368922554219 0.995045593028673 0.995060233470605 0.992791511411811 0.994385866224696 0.993281466138933 0.996805081258741 0.997685571310164 0.996703039708031 0.996701497879933 0.997686365244311 0.997660657816 0.997667608820794 0.99765092585784 0.996683575810458 0.997657218206557 0.996666090720229 0.997631753160967 0.997621764374843 0.996631917216895 0.997613952350286 0.996607277497864 0.996586050366648 0.997587979113566
0.996159309743531 0.996111965743951 0.995666435236718 0.995882717731928 0.994535851022211 0.994689422656007 0.996094475146228 0.996222883408958 0.994840522849036 0.996643289621225 0.99573915603808 0.996764794190688 0.996829870936348 0.996810274215418 0.996649887629806 0.995452108099378 0.99691439152073 0.99619615271709 0.996920599282772 0.995771408378919 0.997016943860177 0.993963564523213 0.996012440263056 0.99362750027434 0.995077931984679 0.993159418704504 0.997794160227336 0.99771140887435 0.997669781005213 0.997663541273658 0.997658328280968 0.997656194398517 0.996696399687558 0.996706693681435 0.997670704180328 0.997661492024558 0.996664601886224 0.997626080290865 0.99760945468916 0.997619802070672 0.997621071326614 0.997616030590301 0.997598116504755 0.996598683859808 0.996596294689052
0.993472142021337 0.99528019337486 0.994489412328673 0.996136356231877 0.995150452008014 0.995899538348504 0.99605623660626 0.996728020624213 0.996240331986773 0.996830295786182 0.995549326886708 0.996046003734057 0.996087905233542 0.996013972010558 0.995812180604125 0.996075179699923 0.996869999443487 0.996827254147621 0.9969564832297 0.997000832913746 0.997065544790189 0.995872910433769 0.997146593139592 0.995521942600183 0.995850106729205 0.993174518471195 0.997741167691891 0.997708629954768 0.996738889050474 0.99673649314181 0.997694201663464 0.996702725630164 0.997669407545977 0.997669949766264 0.99668810058075 0.996684700374134 0.997622544427565 0.99763289197054 0.997601783724594 0.997590816774983 0.996618217983202 0.997592862305263 0.997591751323575 0.997607872882193 0.99659625850615
0.990950647342454 0.995591350069026 0.99479051891173 0.996627004346735 0.995575856524848 0.99447901610818 0.996816680504699 0.996667091771692 0.996124751624927 0.995585455713292 0.996417975438 0.996108981562556 0.996071024609456 0.994705197272511 0.995769490901747 0.995710309567256 0.995557326610302 0.996911783306707 0.995720109640572 0.99339217985878 0.994444750656981 0.995430040443329 0.995925660275477 0.99279177425013 0.996038777029803 0.995820025370849 0.997720049707482 0.997687448694794 0.996738843010092 0.997683113466264 0.996732783506554 0.997685559121646 0.996690964136271 0.99668899930853 0.996687463805344 0.99764037285873 0.997621508003483 0.99762022470801 0.996624672471968 0.997612319400862 0.997614179654192 0.997612257151619 0.996623184475589 0.997592341321761 0.997608908922035
0.994240862617181 0.995968236508715 0.9953497845309 0.993980513629942 0.995790260849688 0.996744324696899 0.996736902707536 0.99597957815801 0.996118184017316 0.994408823915839 0.996171673046748 0.995797480325126 0.996240457417447 0.995794814386552 0.995911397885611 0.995968185312548 0.99589525516926 0.995771976990567 0.995716644535764 0.993916884861336 0.995956900321917 0.995629855062159 0.993216241591467 0.997011276827966 0.996867663661322 0.996828422214342 0.996808604893965 0.997718792767224 0.996749849960604 0.997687944622573 0.997682257242556 0.997656985052548 0.997647006949974 0.997646049180202 0.997635498653885 0.996651374077358 0.997638993325647 0.997606227383622 0.997600827453287 0.997615521471542 0.997604993358033 0.997587972138941 0.99760094427041 0.996587502446978 0.996593122767128
