Archive - glowpa-model-master/Model input/Uganda/survival/Tsurvival/Tsurvival_restime_1dec.asc
NCOLS 67 
NROWS 67 
XLLCORNER 29.500000001 
YLLCORNER -1.499999999 
CELLSIZE 0.0833333332985075 
NODATA_value -9999 
[rows 0 to 19 of 67, columns 0 to 44 of 67]
-9999.000000000000000 -9999 -9999 -9999 -9999 -9999 -9999 -9999 -9999 -9999 -9999 -9999 -9999 -9999 -9999 -9999 -9999 -9999 -9999 -9999 -9999 -9999 -9999 -9999 -9999 -9999 -9999 -9999 -9999 -9999 -9999 0.990528783649082 0.993360869439074 -9999 -9999 -9999 -9999 -9999 -9999 -9999 -9999 -9999 -9999 -9999 -9999
-9999 -9999 -9999 -9999 -9999 -9999 -9999 -9999 -9999 -9999 -9999 -9999 -9999 -9999 -9999 -9999 -9999 -9999 -9999 -9999 -9999 -9999 -9999 -9999 -9999 -9999 -9999 -9999 -9999 0.993324427278815 0.991229730015353 0.99329012536872 0.991388427673176 0.990502400987129 0.990817085340306 0.993572851058566 0.994109099335964 0.993309318793627 0.996292519210877 0.996654506439777 -9999 -9999 -9999 -9999 -9999
-9999 -9999 -9999 -9999 -9999 -9999 -9999 -9999 -9999 -9999 -9999 -9999 -9999 -9999 -9999 -9999 -9999 -9999 -9999 -9999 -9999 -9999 -9999 -9999 -9999 -9999 -9999 -9999 -9999 0.994116452918854 0.993007577016902 0.993979076936168 0.993038590860643 0.995093933619978 0.993294754523542 0.993152838566759 0.995135143104173 0.995116420224857 0.995264821448696 0.995877886022033 0.996753136509249 0.996496418328544 0.996484693041575 -9999 -9999
-9999 -9999 -9999 -9999 -9999 -9999 -9999 -9999 -9999 -9999 -9999 -9999 -9999 -9999 -9999 -9999 -9999 -9999 -9999 -9999 -9999 -9999 -9999 -9999 -9999 0.993347843500907 -9999 -9999 -9999 0.991559889616428 0.992721202461468 0.993078176429286 0.993050451420606 0.990321647099418 0.993135606660609 0.993895588552166 0.993699462677404 0.993968658622126 0.992617440934741 0.995184411189684 0.996796619352774 0.994398925937714 0.995013677028809 -9999 -9999
-9999 -9999 -9999 -9999 -9999 -9999 -9999 -9999 -9999 -9999 -9999 -9999 -9999 -9999 -9999 -9999 -9999 -9999 -9999 -9999 -9999 -9999 0.993492818642967 -9999 -9999 0.990868458672166 -9999 -9999 -9999 0.996558291136085 0.996068251818374 0.996047268694572 0.993948913577554 0.993854038806637 0.993643923200695 0.99082435899114 0.993782162230982 0.991900048588131 0.994121846538891 0.993855913374496 0.993129817888446 0.994438506091148 0.995104325057699 0.994231172113953 -9999
-9999 -9999 -9999 -9999 -9999 -9999 -9999 -9999 -9999 -9999 -9999 -9999 -9999 -9999 -9999 -9999 -9999 -9999 -9999 -9999 -9999 0.991332333850862 0.993830272017344 0.99330460031656 0.993721763569203 0.989763704563401 0.997155025167628 0.997207834061424 0.996073237774287 0.996976610538034 0.992221063324402 0.996051741026328 0.994870890305902 0.994911845867364 0.9934799013507 0.992236257075811 0.994508131447459 0.993849963684642 0.991198280844723 0.994072807457661 0.991806638160836 0.995051520941888 0.995210538186453 0.994066209879714 -9999
-9999 -9999 -9999 -9999 -9999 -9999 -9999 -9999 -9999 -9999 -9999 -9999 -9999 -9999 -9999 -9999 -9999 -9999 -9999 0.993845198330389 0.99482080560231 0.994756082348518 0.994932045986596 0.995010353126558 0.991537862696089 0.992266619401212 0.997022984263777 0.996906526756861 0.996888673518586 0.996902254179314 0.993337374647325 0.992443559727062 0.994416977344284 0.990869633592279 0.992894499971528 0.994625515671345 0.994693314575257 0.99451927210214 0.993817591266517 0.994397922525137 0.99464970490306 0.995038450406552 0.995416140963289 0.991309059398017 -9999
-9999 -9999 -9999 -9999 -9999 -9999 -9999 -9999 -9999 -9999 -9999 -9999 -9999 -9999 -9999 -9999 -9999 0.994748628405569 0.994453867036892 0.992406926607087 0.993435444766938 0.991403855231848 0.990594832250228 0.994927395093413 0.988434900913652 0.993949725791307 0.995619321672669 0.989996113843511 0.993560107108054 0.993733543697664 0.994974298264985 0.993036344136516 0.996098488836637 0.992815484691966 0.990710870057332 0.991455706100044 0.994065596593063 0.993830291909493 0.993915563698193 0.993975732604402 0.992624245854924 0.993870373633105 0.99339365374505 0.993693168077946 0.991042699010855
-9999 -9999 -9999 -9999 -9999 -9999 -9999 -9999 -9999 -9999 -9999 -9999 -9999 -9999 -9999 -9999 -9999 0.994604191883767 0.991173654111143 0.993526539325748 0.99336973719642 0.991673575845313 0.993852763833582 0.994907190822492 0.994905286378594 0.995609597492296 0.993008752360608 0.992998272223416 0.993384359823322 0.993632062161708 0.995048339906963 0.995106917236666 0.993270883681043 0.994491328230854 0.991103155268282 0.993582328206135 0.991216075573459 0.993902810256027 0.991805200809058 0.993779488198834 0.993782136430039 0.995869557595843 0.993631152252315 0.994328683696881 0.993688449857618
-9999 -9999 -9999 -9999 -9999 -9999 -9999 -9999 -9999 -9999 -9999 -9999 -9999 -9999 -9999 -9999 -9999 0.994693462190674 0.994549268983588 0.994788718651891 0.993974668105142 0.991664810605008 0.991328804785472 0.991436007156114 0.995585936461567 0.993120944342218 0.991398779156526 0.992794162583799 0.990799181252582 0.994468031936669 0.994990666415146 0.993246546652582 0.993073694418618 0.996231790248558 0.996097451738074 0.993149609030461 0.991018481664642 0.992490176134336 0.993952988486952 0.994141985684141 0.994087625344268 0.995841257666339 0.993930676321299 0.994476049881059 0.993802491827157
-9999 -9999 -9999 -9999 -9999 -9999 -9999 -9999 -9999 -9999 -9999 -9999 -9999 -9999 -9999 -9999 0.994539940508545 0.994449115783566 0.995114998571926 0.995337287810839 0.995261482236181 0.995138295087821 0.993158132215477 0.993837049156951 0.996888961080815 0.994312776243745 0.993275675108008 0.99057035206317 0.991436238230353 0.994222844045876 0.994699520442691 0.990584710759364 0.995095560086903 0.993953999505431 0.993302868618889 0.994554480699885 0.99442893266535 0.99362027101593 0.994103249538427 0.995873417739188 0.994170013404103 0.993789278016356 0.99383505958324 0.99393571870884 0.995667777978452
-9999 -9999 -9999 -9999 -9999 -9999 -9999 -9999 -9999 -9999 -9999 -9999 -9999 -9999 -9999 -9999 0.994493848246173 0.993114037910765 0.99385488754609 0.991507982186739 0.993582272327753 0.990032161102287 0.991555733322475 0.995600925079235 0.993391404942388 0.994643137015058 0.994561936829741 0.993767413559752 0.993953039591103 0.994286916782061 0.994751853083283 0.992674656653704 0.995166426660114 0.993989754331664 0.994079445696914 0.996136743756393 0.994071072554586 0.995817968534234 0.994842129112407 0.99370038972871 0.992553223026023 0.994636700985847 0.994025627745291 0.99477688573484 0.993961945585109
-9999 -9999 -9999 -9999 -9999 -9999 -9999 -9999 -9999 -9999 -9999 -9999 -9999 -9999 -9999 0.994930174110998 0.993144318679059 0.994314363737432 0.994326168144018 0.992546358974104 0.992825537704946 0.990274158535505 0.996954235444677 0.996890235062238 0.993699157245416 0.991423066296767 0.993962878410548 0.99154633415516 0.994021734676982 0.994430627964975 0.994249050782949 0.992358828129613 0.995141308424024 0.991163559305976 0.994012348019017 0.994699068238043 0.994597954091824 0.993761368615472 0.994074345283913 0.99262361901694 0.991422294365827 0.994385086894408 0.994056297963747 0.994581366858008 0.991455002409375
-9999 -9999 -9999 -9999 -9999 -9999 -9999 -9999 -9999 -9999 -9999 -9999 -9999 -9999 -9999 -9999 0.995128448400913 0.994655199111514 0.992059507505265 0.993786886022304 0.992385405058066 0.989420176868532 0.995662644750005 0.996972695003985 0.991777232978817 0.991371778139854 0.992032072762092 0.994071522760992 0.991984332738935 0.99404273086114 0.994063467756482 0.994428302540084 0.995150732414778 0.99465693884764 0.991557979990887 0.994067469291098 0.996223178095803 0.993659987079131 0.993882672301136 0.994793156049415 0.994195264410119 0.994002993950667 0.994109741680653 0.994465437086933 0.994059801326299
-9999 -9999 -9999 -9999 -9999 -9999 -9999 -9999 -9999 -9999 -9999 -9999 -9999 -9999 -9999 -9999 -9999 0.994650283205436 0.994534006788793 0.994547725397084 0.994411260310233 0.994798256238098 0.996931723686017 0.991740000708826 0.994042159377707 0.994393431487409 0.991182101997537 0.992425456184135 0.993958821825503 0.994117920262605 0.991706413963616 0.994185002684687 0.994927475440038 0.99452795946582 0.994225629450063 0.994132797025438 0.994951657079558 0.994635739532993 0.993865006184386 0.993875279481527 0.994234775435331 0.994109462513744 0.992507784721273 0.994372770767953 0.994278356007426
-9999 -9999 -9999 -9999 -9999 -9999 -9999 -9999 -9999 -9999 -9999 -9999 -9999 -9999 -9999 -9999 0.995899757834175 0.993405233178729 0.994034017247902 0.994081298130406 0.994041407187191 0.99157675128528 0.996941847091181 0.993347836420755 0.992763734113787 0.994961382389443 0.99474479303395 0.993980388932219 0.993901499267107 0.994615999816717 0.99247870028429 0.994149710391371 0.99423501193499 0.992546408308548 0.994473113682767 0.99459432572724 0.994792805597315 0.994745852832745 0.994735273724593 0.995935324347011 0.994566192607815 0.994270621860901 0.995918791554138 0.995918595798331 0.994344687628395
-9999 -9999 -9999 -9999 -9999 -9999 -9999 -9999 -9999 -9999 -9999 -9999 -9999 -9999 -9999 -9999 0.995940424219769 0.99593399491759 0.993483868607409 0.993658001940969 0.995407449576612 0.995379882310203 0.99528922453968 0.995635860274645 0.993139078543451 0.990898987407595 0.991086069965073 0.991308190618698 0.995094131190841 0.994988027678426 0.994016046405927 0.991640537012463 0.992184527116961 0.994289478797222 0.992551063991468 0.994346790622154 0.991884589396545 0.994154298473904 0.994989070242175 0.994468775396567 0.993820929045664 0.99201639806454 0.993937492452523 0.991375191725066 0.993954063123757
-9999 -9999 -9999 -9999 -9999 -9999 -9999 -9999 -9999 -9999 -9999 -9999 -9999 -9999 -9999 0.994687427724259 0.995100085225185 0.995123881348644 0.995338907824648 0.993712397447453 0.992465790775882 0.993015181393385 0.989911648635139 0.99691211176815 0.992882552892251 0.995032022705534 0.995061999822253 0.995074161612645 0.995087330284551 0.993729181197978 0.994419012615749 0.991823142443665 0.994191418649478 0.99319886192923 0.994209748954271 0.992513508622194 0.994214580244168 0.994734602975419 0.994886381162172 0.996097841940496 0.996039850707618 0.993884618276278 0.991433064633657 0.993968561372444 0.994275347085139
-9999 -9999 -9999 -9999 -9999 -9999 -9999 -9999 -9999 -9999 -9999 -9999 -9999 -9999 -9999 0.996240276075711 0.996657368399018 0.99368037669452 0.995534582087894 0.9941190576757 0.994830636864464 0.993030050619243 0.993650960504011 0.996934098601864 0.993425185894621 0.990624874034555 0.99362056509891 0.991615726836078 0.993539857952751 0.993727296482635 0.99254574662311 0.99409521274363 0.994295620793041 0.99469729741556 0.995429201548023 0.994153431189239 0.994229250782765 0.994186943172882 0.991771531316604 0.994527032332289 0.995101905892291 0.994383848584317 0.993820366006231 0.992647776903755 0.994494849517766
-9999 -9999 -9999 -9999 -9999 -9999 -9999 -9999 -9999 -9999 -9999 -9999 -9999 -9999 -9999 0.996394293409053 0.996754174008295 0.995382924848168 0.992703129074623 0.992655186316504 0.993469074679087 0.990041176575584 0.993230731080763 0.993111067853615 0.995646543851682 0.990525705311216 0.992137804522531 0.99360137893689 0.990669522400156 0.995172091631444 0.994804810113644 0.994694283629491 0.994378461944219 0.994872404393578 0.993734237566428 0.99463725046627 0.992470382426471 0.992253447561488 0.994177898749001 0.994218489535733 0.9947171708217 0.994405463173542 0.994361868183301 0.995874700642816 0.994452187283901
