Archive - glowpa-model-master/Model input/Uganda/survival/Tsurvival/Tsurvival_restime_1jul.asc
NCOLS 67 
NROWS 67 
XLLCORNER 29.500000001 
YLLCORNER -1.499999999 
CELLSIZE 0.0833333332985075 
NODATA_value -9999 
[rows 0 to 19 of 67, columns 0 to 44 of 67]
-9999.000000000000000 -9999 -9999 -9999 -9999 -9999 -9999 -9999 -9999 -9999 -9999 -9999 -9999 -9999 -9999 -9999 -9999 -9999 -9999 -9999 -9999 -9999 -9999 -9999 -9999 -9999 -9999 -9999 -9999 -9999 -9999 0.99103599717102 0.993726967177068 -9999 -9999 -9999 -9999 -9999 -9999 -9999 -9999 -9999 -9999 -9999 -9999
-9999 -9999 -9999 -9999 -9999 -9999 -9999 -9999 -9999 -9999 -9999 -9999 -9999 -9999 -9999 -9999 -9999 -9999 -9999 -9999 -9999 -9999 -9999 -9999 -9999 -9999 -9999 -9999 -9999 0.993724630759719 0.99160072632973 0.993602902292393 0.991731850625481 0.990921477153619 0.991211243180222 0.993747136709651 0.994241624380226 0.993817663797455 0.996583220768549 0.996909239359608 -9999 -9999 -9999 -9999 -9999
-9999 -9999 -9999 -9999 -9999 -9999 -9999 -9999 -9999 -9999 -9999 -9999 -9999 -9999 -9999 -9999 -9999 -9999 -9999 -9999 -9999 -9999 -9999 -9999 -9999 -9999 -9999 -9999 -9999 0.994256504157941 0.993114841209915 0.99404982984315 0.993163671805987 0.995240413694819 0.993543365563372 0.993417771694133 0.995279037921082 0.995217540676515 0.995480727668629 0.996164923877314 0.996961348589643 0.996757985425361 0.996931678050028 -9999 -9999
-9999 -9999 -9999 -9999 -9999 -9999 -9999 -9999 -9999 -9999 -9999 -9999 -9999 -9999 -9999 -9999 -9999 -9999 -9999 -9999 -9999 -9999 -9999 -9999 -9999 0.993896107534528 -9999 -9999 -9999 0.991711204019254 0.992771644084853 0.993103170570629 0.993045020689397 0.990364574263706 0.993373333377923 0.994080187184424 0.993855055605592 0.994073814577665 0.992746846354084 0.995423679586515 0.99704590462631 0.994969141675692 0.99529812849318 -9999 -9999
-9999 -9999 -9999 -9999 -9999 -9999 -9999 -9999 -9999 -9999 -9999 -9999 -9999 -9999 -9999 -9999 -9999 -9999 -9999 -9999 -9999 -9999 0.993584117195852 -9999 -9999 0.991701352223906 -9999 -9999 -9999 0.996548132724416 0.996123414901657 0.996119657403927 0.994000587936792 0.993904692946724 0.993779355299413 0.991131744118356 0.994069553362923 0.992567704010472 0.994604247443271 0.994413297891753 0.993608314227955 0.995004625179505 0.995330042744203 0.994506022296409 -9999
-9999 -9999 -9999 -9999 -9999 -9999 -9999 -9999 -9999 -9999 -9999 -9999 -9999 -9999 -9999 -9999 -9999 -9999 -9999 -9999 -9999 0.991606713308987 0.994077804377526 0.993773508837287 0.994020452824298 0.990486572949566 0.997227977627113 0.99723415901464 0.99613518565946 0.99697533279971 0.992733840746983 0.996135402437671 0.995167995150731 0.9952160666185 0.993633840728927 0.992879880337783 0.994955983277216 0.994456863695579 0.9920560774606 0.994583597498037 0.992222011240902 0.995348415118634 0.995517747246989 0.99433703107614 -9999
-9999 -9999 -9999 -9999 -9999 -9999 -9999 -9999 -9999 -9999 -9999 -9999 -9999 -9999 -9999 -9999 -9999 -9999 -9999 0.99401567818427 0.994956009942112 0.994731961534068 0.994907089690401 0.994976961442496 0.991871587721554 0.992928072418366 0.997028540657473 0.996915884662373 0.996915816737358 0.996921420789753 0.993531851482958 0.992842598423693 0.99449403318748 0.99139592856541 0.993418765357345 0.995127124095235 0.995177022449387 0.995029763884024 0.994309428493321 0.994808743074159 0.994925511398796 0.995318996586029 0.995658067914861 0.991568387561745 -9999
-9999 -9999 -9999 -9999 -9999 -9999 -9999 -9999 -9999 -9999 -9999 -9999 -9999 -9999 -9999 -9999 -9999 0.994907698713447 0.994693470289422 0.992676211493561 0.993516310105563 0.991266209761302 0.991008758047331 0.99492884272694 0.989147657159164 0.994187665521967 0.995615898140685 0.990338527706587 0.993953086570151 0.994097061140103 0.99514855225784 0.993142335001484 0.996157609650964 0.993235599544825 0.991363919416201 0.992185713776713 0.994595685278463 0.99437511028927 0.99424355799784 0.994271827382296 0.99307368457938 0.993994974797879 0.993716507741415 0.993942452681015 0.991432004196457
-9999 -9999 -9999 -9999 -9999 -9999 -9999 -9999 -9999 -9999 -9999 -9999 -9999 -9999 -9999 -9999 -9999 0.994792457473664 0.991396579235987 0.993697274361738 0.993394893901331 0.991563762642925 0.993929364670507 0.995005104725576 0.995007274808496 0.995581276019015 0.993312594295446 0.993483498791585 0.993850956741529 0.994011821945332 0.995199601220612 0.995179872287335 0.99362672932975 0.994598125297637 0.991718682074158 0.994085803849049 0.991952674855003 0.994418425548794 0.992217416512486 0.994087826139377 0.994015729315793 0.996108766630059 0.993864785960204 0.994566530134443 0.993963678783455
-9999 -9999 -9999 -9999 -9999 -9999 -9999 -9999 -9999 -9999 -9999 -9999 -9999 -9999 -9999 -9999 -9999 0.994868032040247 0.99447504977309 0.994714979539166 0.993884951538741 0.991690946445615 0.991381435458211 0.99270565764645 0.99555578618813 0.993179151236958 0.991767862528474 0.993241233484472 0.991339123464452 0.994727033986337 0.995177970455861 0.993602288959467 0.993294597851901 0.996352251801127 0.996191084717065 0.993672966742034 0.991704662705853 0.99296635552669 0.994246669440485 0.994405318206153 0.994378503017384 0.996075112191248 0.994171610589126 0.994686226363849 0.993912986945015
-9999 -9999 -9999 -9999 -9999 -9999 -9999 -9999 -9999 -9999 -9999 -9999 -9999 -9999 -9999 -9999 0.994583267076027 0.994471127677132 0.994950066671097 0.995250654663348 0.995239899163485 0.995089349302218 0.993050541003745 0.993983114703295 0.996872289270783 0.994684930964938 0.993812169174835 0.991313317225368 0.992106818565696 0.994585458612844 0.994918966465689 0.991200327215216 0.995279625495674 0.994146619417831 0.993782563229379 0.994746854515887 0.994821445045381 0.994154186733705 0.994360072572922 0.99605430182364 0.994446312704116 0.994088270248077 0.99412861191424 0.994190641826957 0.995878111541844
-9999 -9999 -9999 -9999 -9999 -9999 -9999 -9999 -9999 -9999 -9999 -9999 -9999 -9999 -9999 -9999 0.994569271856214 0.993105296862518 0.993787461252283 0.991672029871494 0.993846131885383 0.990263040825562 0.992671130803601 0.995599707518571 0.993748905125482 0.995048859676171 0.994962743353525 0.994274045507486 0.994427103330744 0.994639145032003 0.994965809066594 0.992994999446497 0.995343234990239 0.994216854257185 0.994417317878502 0.996283602227086 0.994376059291299 0.996035237664634 0.995091145508015 0.993990508432538 0.992930287124281 0.994903254865116 0.994342710395085 0.994988684763346 0.994250410458724
-9999 -9999 -9999 -9999 -9999 -9999 -9999 -9999 -9999 -9999 -9999 -9999 -9999 -9999 -9999 0.995015750366283 0.993229504042419 0.994372168776382 0.994319245321259 0.992672375757283 0.993476450684285 0.990978008289795 0.9969253991286 0.996929664109252 0.994104460523459 0.991949644706344 0.994312280089932 0.992089826006847 0.994432078756888 0.994736862317014 0.994451065385359 0.992608391031636 0.99530963999605 0.991520210440127 0.99424346135209 0.994935946039004 0.994799666341221 0.994077443241046 0.994359155099138 0.993039266237906 0.991836199825612 0.994673447301687 0.994357732586896 0.994807901786666 0.991791616472875
-9999 -9999 -9999 -9999 -9999 -9999 -9999 -9999 -9999 -9999 -9999 -9999 -9999 -9999 -9999 -9999 0.995092932010511 0.994680037249273 0.992155083800777 0.994119091522402 0.992520708271747 0.989255289178 0.995614729182837 0.997049432813655 0.992329418462082 0.991910991990401 0.992558534364408 0.99447557352758 0.99220814079071 0.99413018663904 0.994245565325317 0.994606866326753 0.995327798042447 0.994828320337423 0.991907811973649 0.994328749240537 0.996366132114605 0.994143193967041 0.994205419280393 0.995095895471475 0.994497257589727 0.994323837486597 0.99440298292043 0.994706173598644 0.994246285977606
-9999 -9999 -9999 -9999 -9999 -9999 -9999 -9999 -9999 -9999 -9999 -9999 -9999 -9999 -9999 -9999 -9999 0.994670006770823 0.994645440903694 0.994734143183328 0.994559839393351 0.99488089641559 0.996905368822891 0.992208044802671 0.994420072039411 0.994788967161928 0.991778212860001 0.992767399295203 0.994149613267631 0.994263703952573 0.99196160056621 0.994402281934454 0.995157936261735 0.994711952453062 0.994449414742343 0.994406261366042 0.995170502226877 0.994837067071584 0.994393830833862 0.994383852503735 0.994444003015872 0.994279055960429 0.992734007216767 0.994522876312238 0.994457675898743
-9999 -9999 -9999 -9999 -9999 -9999 -9999 -9999 -9999 -9999 -9999 -9999 -9999 -9999 -9999 -9999 0.995839224558671 0.993427766181702 0.994262967529524 0.994318401421487 0.994242297057216 0.991768726441665 0.996910985537931 0.993407440296512 0.993135323550488 0.995247896832383 0.995014497837674 0.994369575298536 0.994085017021574 0.994793254260382 0.992696964463609 0.994346508918355 0.994507923094389 0.992946214762487 0.994743176672774 0.994834321720387 0.99499055910109 0.994922252793988 0.994897588267751 0.996071415785848 0.994856199114628 0.994480781765846 0.996075007258837 0.996062034229141 0.994463218091284
-9999 -9999 -9999 -9999 -9999 -9999 -9999 -9999 -9999 -9999 -9999 -9999 -9999 -9999 -9999 -9999 0.99591233849906 0.995920646776744 0.993418167289895 0.993980485638156 0.995395486140574 0.995392920052403 0.995295013029266 0.995615045730451 0.993360643596339 0.991310928962658 0.991568347376651 0.991808718847267 0.995221801519317 0.995141246665213 0.994201540640644 0.991889524519786 0.992495134150125 0.994604837723528 0.992923963054874 0.994571207988903 0.992116447709428 0.994334227310971 0.99514762010143 0.994622013975469 0.994323324540572 0.992387879196509 0.994212208789388 0.991779720201745 0.994215793633224
-9999 -9999 -9999 -9999 -9999 -9999 -9999 -9999 -9999 -9999 -9999 -9999 -9999 -9999 -9999 0.994673254644025 0.995073371619295 0.995100175513906 0.99529798033358 0.993678245615969 0.99266496980138 0.993205944313579 0.990083691179898 0.996892766162034 0.992955902731195 0.995124659636278 0.995174346929704 0.995202570235229 0.995213633670016 0.993944834729321 0.994606778598948 0.99203916613842 0.994363572913468 0.993412976583887 0.994416167362955 0.992771177144526 0.994433998905886 0.994925052974732 0.995063501006999 0.99621540667658 0.996162231852489 0.994022566761772 0.991709050693531 0.994220614763767 0.994514886269184
-9999 -9999 -9999 -9999 -9999 -9999 -9999 -9999 -9999 -9999 -9999 -9999 -9999 -9999 -9999 0.996238854744352 0.996632904993389 0.993686293254817 0.995486900199657 0.994295209551727 0.994962786102283 0.993178588898867 0.993592369655829 0.996907265964621 0.993086906610721 0.990828113463487 0.993841383136113 0.991950853516158 0.993756578056582 0.993941747013931 0.99278961463066 0.994243626635747 0.994426045126109 0.994822617070355 0.995593058223594 0.994419784601594 0.994473729741917 0.994416710635094 0.992079335461166 0.994716328203401 0.995260213143516 0.994556525607929 0.993949335834106 0.992907869789373 0.994711413334718
-9999 -9999 -9999 -9999 -9999 -9999 -9999 -9999 -9999 -9999 -9999 -9999 -9999 -9999 -9999 0.996379244064929 0.996698200411512 0.995310486148504 0.99271521599176 0.992724675842197 0.993769921589968 0.990122544407091 0.993107553378196 0.992766081725885 0.995617062601367 0.990091261968929 0.992297426784117 0.993832135068372 0.990961417182582 0.995323798824312 0.994941809596027 0.994813975148988 0.994518916149098 0.995023824507171 0.993965522456437 0.994850887068998 0.992744757157366 0.992536505005724 0.994367616768312 0.994389698512654 0.994876249646199 0.994564980188149 0.994532517649563 0.99600789427665 0.994590850529587
