Archive - glowpa-model-master/Model input/Uganda/survival/Tsurvival/Tsurvival_restime_1feb.asc
NCOLS 67 
NROWS 67 
XLLCORNER 29.500000001 
YLLCORNER -1.499999999 
CELLSIZE 0.0833333332985075 
NODATA_value -9999 
[rows 0 to 19 of 67, columns 0 to 44 of 67]
-9999.000000000000000 -9999 -9999 -9999 -9999 -9999 -9999 -9999 -9999 -9999 -9999 -9999 -9999 -9999 -9999 -9999 -9999 -9999 -9999 -9999 -9999 -9999 -9999 -9999 -9999 -9999 -9999 -9999 -9999 -9999 -9999 0.990958341155915 0.993656973410558 -9999 -9999 -9999 -9999 -9999 -9999 -9999 -9999 -9999 -9999 -9999 -9999
-9999 -9999 -9999 -9999 -9999 -9999 -9999 -9999 -9999 -9999 -9999 -9999 -9999 -9999 -9999 -9999 -9999 -9999 -9999 -9999 -9999 -9999 -9999 -9999 -9999 -9999 -9999 -9999 -9999 0.993653570187031 0.991607979941632 0.993585260186315 0.991739155099066 0.990890875905067 0.991215472449255 0.993763759409052 0.9942238596142 0.993578038969953 0.99655499564933 0.996911680488645 -9999 -9999 -9999 -9999 -9999
-9999 -9999 -9999 -9999 -9999 -9999 -9999 -9999 -9999 -9999 -9999 -9999 -9999 -9999 -9999 -9999 -9999 -9999 -9999 -9999 -9999 -9999 -9999 -9999 -9999 -9999 -9999 -9999 -9999 0.994332000519052 0.993256565185679 0.994159244252725 0.993232728870267 0.995246462084688 0.993529223668132 0.993395029311514 0.995273865076861 0.995213435576618 0.995346575422745 0.996001394943794 0.996927788585764 0.996662875763153 0.996704720725134 -9999 -9999
-9999 -9999 -9999 -9999 -9999 -9999 -9999 -9999 -9999 -9999 -9999 -9999 -9999 -9999 -9999 -9999 -9999 -9999 -9999 -9999 -9999 -9999 -9999 -9999 -9999 0.99357723375299 -9999 -9999 -9999 0.991716508745697 0.992870068852504 0.993209010329203 0.993227419078482 0.99061394164793 0.993343747539831 0.994101393072643 0.993879863589558 0.99408814201553 0.992764414065402 0.995286608778122 0.996999179928485 0.994719669114487 0.995192984592372 -9999 -9999
-9999 -9999 -9999 -9999 -9999 -9999 -9999 -9999 -9999 -9999 -9999 -9999 -9999 -9999 -9999 -9999 -9999 -9999 -9999 -9999 -9999 -9999 0.993697344372138 -9999 -9999 0.991272053811743 -9999 -9999 -9999 0.996584143462666 0.996101733084133 0.996108798886818 0.994087024967338 0.994015445941829 0.993835116498772 0.991151777910262 0.994002676821039 0.992068787870771 0.994257997378161 0.993970973220911 0.993338920687031 0.994595452207977 0.995248388934001 0.994587175949501 -9999
-9999 -9999 -9999 -9999 -9999 -9999 -9999 -9999 -9999 -9999 -9999 -9999 -9999 -9999 -9999 -9999 -9999 -9999 -9999 -9999 -9999 0.991599010812868 0.993958183718643 0.993336084112925 0.993832950546769 0.990016933720321 0.997231780432228 0.997269228742593 0.996172605785972 0.997018793996687 0.992266388920239 0.996117843340391 0.99490923910369 0.994978576038936 0.993650038063074 0.992436806589899 0.994684322869469 0.994010888672009 0.991488043354729 0.994239612495663 0.992095111303915 0.995244001256063 0.995393450253591 0.994454590817122 -9999
-9999 -9999 -9999 -9999 -9999 -9999 -9999 -9999 -9999 -9999 -9999 -9999 -9999 -9999 -9999 -9999 -9999 -9999 -9999 0.994074979024539 0.994995108653083 0.994815905053616 0.99489479860275 0.994946858068194 0.991554074869428 0.992490412825306 0.997062253896375 0.996939918882032 0.996931166161502 0.996939040249062 0.993362424169907 0.992461693894498 0.994473434607052 0.990865939387664 0.992983071764188 0.994711364201086 0.994825484295972 0.994650970738799 0.994006186153093 0.994621780305341 0.99486325478057 0.99526296454041 0.995604363903998 0.991683020408063 -9999
-9999 -9999 -9999 -9999 -9999 -9999 -9999 -9999 -9999 -9999 -9999 -9999 -9999 -9999 -9999 -9999 -9999 0.994970048877398 0.994679537354895 0.992745036322044 0.993629366276522 0.991332800282421 0.990390276431405 0.994870271761181 0.987292684529541 0.993901143984917 0.995652826012364 0.990189536227863 0.993660679768804 0.993814670823315 0.994977445790966 0.993054770811732 0.996151281778203 0.992785750596953 0.990714438925305 0.991565946544106 0.994189108953651 0.993970532796505 0.994048630122285 0.994220152411874 0.992893245460489 0.994161991739289 0.993666736299864 0.993902611025839 0.991307380832434
-9999 -9999 -9999 -9999 -9999 -9999 -9999 -9999 -9999 -9999 -9999 -9999 -9999 -9999 -9999 -9999 -9999 0.994883855509228 0.991571661459464 0.99381982341069 0.993563726611054 0.991684964403813 0.993781358028754 0.99488128560414 0.994876642810964 0.995627455725518 0.993000472829004 0.993090931588922 0.993471056181522 0.993656418069144 0.995050552314504 0.995127221192895 0.993252856817029 0.994575573973651 0.991097341236598 0.993626841752252 0.99138636500976 0.994032530649412 0.992039571718897 0.994026414355957 0.994031431336884 0.996016264450527 0.993861682282075 0.994548587726062 0.993920259302182
-9999 -9999 -9999 -9999 -9999 -9999 -9999 -9999 -9999 -9999 -9999 -9999 -9999 -9999 -9999 -9999 -9999 0.994972799668241 0.994629837582836 0.994828523532086 0.993995465873581 0.991653689921503 0.991335121555258 0.989123759439986 0.995602874751791 0.992818403913794 0.991355845451763 0.992806126105692 0.990830545490042 0.994475425493885 0.99501262052736 0.993225027656326 0.993140018223974 0.996312948282106 0.996164926924898 0.99316665133027 0.991086895705206 0.9926790275721 0.994156366341386 0.994336794105137 0.994274249169742 0.995979188662346 0.994139429130387 0.994720370225574 0.994087933870765
-9999 -9999 -9999 -9999 -9999 -9999 -9999 -9999 -9999 -9999 -9999 -9999 -9999 -9999 -9999 -9999 0.994780777028951 0.994650062083454 0.995106870939221 0.99533101523741 0.99527472502258 0.995146666237336 0.993099609306691 0.993771810104665 0.996901404808766 0.994349852387706 0.993386912700619 0.990736832059598 0.991554092877403 0.994312035926787 0.994772656162071 0.990620625068272 0.995182244578303 0.99407419248434 0.9933530138163 0.994683562791612 0.994523828532986 0.993771861878139 0.994288530758518 0.996007686614937 0.994375561407666 0.994009268655207 0.994065983691165 0.994184206257771 0.995854060059321
-9999 -9999 -9999 -9999 -9999 -9999 -9999 -9999 -9999 -9999 -9999 -9999 -9999 -9999 -9999 -9999 0.994776383782328 0.993401119289135 0.993844547275912 0.991494430437334 0.993547901658811 0.990134125143829 0.988962433860157 0.995610282059086 0.992773533396603 0.994710927911038 0.994613813794006 0.99387462496981 0.994032187498061 0.994407945164772 0.994868953777246 0.992831348036061 0.995270598893781 0.994106910151229 0.994200326024571 0.996264849054246 0.994270492944697 0.995964832900373 0.995025239992243 0.993949278372002 0.992817956614393 0.994819300842468 0.994235960532158 0.99494340418977 0.994178089671578
-9999 -9999 -9999 -9999 -9999 -9999 -9999 -9999 -9999 -9999 -9999 -9999 -9999 -9999 -9999 0.995146125887618 0.993458859028868 0.994539622269058 0.99436429474192 0.992607838349205 0.992830875083323 0.989833676201223 0.996965832972405 0.99691693211486 0.993854589620338 0.991443304217384 0.993944697033266 0.991562796878983 0.994082809030586 0.994533498224542 0.994404658004303 0.992558065958701 0.995260108274267 0.991376509257177 0.994202204605682 0.994864605988276 0.994778268975161 0.994014237516157 0.994309580029216 0.992890543255891 0.991727344304558 0.994566365626295 0.994248945559118 0.994744337653138 0.991733438811828
-9999 -9999 -9999 -9999 -9999 -9999 -9999 -9999 -9999 -9999 -9999 -9999 -9999 -9999 -9999 -9999 0.995335952895095 0.994955214637276 0.992248672278186 0.993787583253193 0.992467001038099 0.988293143666641 0.99566847955612 0.99702066247511 0.991872691870595 0.991439028389176 0.992105239942775 0.994125579919856 0.992062815843119 0.994128596097334 0.994216462040801 0.994582582712957 0.995279002184829 0.994789569064666 0.991846109481663 0.99428037903596 0.996349216897993 0.993845848730452 0.994112599468425 0.994967450648914 0.99438986026136 0.994202037923747 0.994288486125974 0.994635829318108 0.994259730960946
-9999 -9999 -9999 -9999 -9999 -9999 -9999 -9999 -9999 -9999 -9999 -9999 -9999 -9999 -9999 -9999 -9999 0.994920885707141 0.994720817925213 0.994625608424532 0.994443789447986 0.994794760860771 0.996933487646856 0.991747780684967 0.994067238501871 0.994457868748647 0.991304914731823 0.99253620858329 0.994026447066828 0.994259566787502 0.991924779259674 0.994357074622193 0.995082664985155 0.994673331442895 0.994395223147937 0.994339334061371 0.995121174094721 0.994801773731179 0.993996964346077 0.994017943687716 0.994443703098707 0.994339629892803 0.99280143635746 0.994579972516143 0.994474839203002
-9999 -9999 -9999 -9999 -9999 -9999 -9999 -9999 -9999 -9999 -9999 -9999 -9999 -9999 -9999 -9999 0.99611088034832 0.993772456065016 0.99421991484461 0.994101081221915 0.994074207977837 0.991552745627408 0.996944056872239 0.993407977729531 0.992742845259708 0.995009756490928 0.994833363831893 0.994042034949411 0.994048982606109 0.99478209389442 0.992672654424747 0.994312197496996 0.994444303602347 0.992763273423796 0.994667409245514 0.99476863089542 0.994936677670087 0.994877909006721 0.994867758521362 0.996048817681878 0.99471443694384 0.994479947968423 0.996067647485993 0.996065981709936 0.994558264425607
-9999 -9999 -9999 -9999 -9999 -9999 -9999 -9999 -9999 -9999 -9999 -9999 -9999 -9999 -9999 -9999 0.996192815510872 0.996156285572064 0.993662926917632 0.993662967911529 0.995479508313891 0.995435958924616 0.995340482740439 0.995635867148302 0.993167241261624 0.990945681823982 0.991156419945299 0.991374981503183 0.995207368799993 0.995119966637596 0.994176188110609 0.991835584514324 0.992417100292703 0.994496637198618 0.992799635840693 0.994501707686948 0.992052205305156 0.994288130743613 0.995103199806196 0.994592188931066 0.993903707779938 0.992219274153648 0.994117051795481 0.99163497235873 0.994150320794363
-9999 -9999 -9999 -9999 -9999 -9999 -9999 -9999 -9999 -9999 -9999 -9999 -9999 -9999 -9999 0.994862017030681 0.995337652063375 0.995357376921092 0.9954738496765 0.993795414460114 0.992512816271564 0.993061942841982 0.989868816037491 0.99691608530695 0.992894441268562 0.995075800695389 0.99512394796988 0.995182430281076 0.995213464265544 0.993930684422665 0.994566024979195 0.99199302193212 0.994326554437627 0.993352012311506 0.994357100289514 0.992697855012876 0.994364895103579 0.994873831124721 0.995014081806441 0.996194601501209 0.996144875523205 0.99408340582639 0.991691362675176 0.994147767137295 0.994443421427829
-9999 -9999 -9999 -9999 -9999 -9999 -9999 -9999 -9999 -9999 -9999 -9999 -9999 -9999 -9999 0.996368439859882 0.996765873318091 0.993964746097428 0.995689737473802 0.994151272564612 0.994864197080718 0.992947735256637 0.993497376560043 0.996926764768949 0.99302289533935 0.99052443338645 0.993584014067305 0.991690601012926 0.99368415436804 0.993925449547172 0.99273569349099 0.994216687660399 0.994408489301306 0.994796374711164 0.995537199062292 0.994309113573273 0.994388740666459 0.99435783833765 0.992001881831868 0.994686971475886 0.995238356236756 0.994543376871301 0.99402375751353 0.992855880511598 0.994648747476732
-9999 -9999 -9999 -9999 -9999 -9999 -9999 -9999 -9999 -9999 -9999 -9999 -9999 -9999 -9999 0.99646749928068 0.996876707220922 0.99553139123834 0.992965842712838 0.992748569355827 0.993463682819314 0.989957537401004 0.993250076475457 0.99260012657423 0.995647072982043 0.989911766805378 0.992082690640445 0.993581032940643 0.990842003367302 0.995301620308207 0.994906308102348 0.994778579983843 0.994462964324191 0.994979872725728 0.993887660296604 0.994763668855457 0.992648178747382 0.992438897394326 0.994319651470386 0.994366891973221 0.994860014983972 0.994552000839145 0.994506189169686 0.995986090960788 0.994604227646788
