Model input/Uganda/rivergeometry/river_width_1oct.asc
NCOLS 67 
NROWS 67 
XLLCORNER 29.500000001 
YLLCORNER -1.499999999 
CELLSIZE 0.0833333332985075 
NODATA_value -9999 
[rows 40 to 59 of 67, columns 0 to 45 of 67]
0.657541768647975 0.523258576362344 9.19660559390933 9.30989833428313 0.3618923960659 2.56300215952735 0.695227954217468 0.940491262617021 0.98687300900376 0.829870050133534 0.777780003177914 1.21423678830897 1.1478997155867 2.22847888468377 1.20553930595216 4.66480614586564 3.49965571561816 4.72476020890593 1.58632767856088 1.60575704058905 1.54254379251511 2.22832847673208 1.53105640831216 1.58889180446547 1.54230299550969 1.15830015309249 1.37178061422635 1.36569283075655 0.856365067151464 0.557659455658638 1.02006690682771 0.770904805943446 5.71196268099258 1.77735151642763 1.23068777414476 2.38641024624149 0.894348538300623 0.857433070262839 0.826378266696864 3.31990859806429 3.692230950163 0.886004358979716 53.8243272675762 1.61820648023575 2.47544314037542 1.03639689750094
0.72227644108776 1.09785486160384 8.97553611208569 2.00528312865898 1.93955967408306 2.17529225901464 1.04818455626069 0.951268275781401 0.985695638320341 2.07937527477675 2.47483230468319 0.998188276934567 1.21992806367043 1.2263711352787 1.89488118714187 3.63937131380793 1.29245908614283 3.23597354163576 4.4509480836368 3.76931352191643 2.53757982210059 2.16392283303237 1.4514816803999 2.38025158774601 2.11663039886247 1.40999255681532 0.608668012597305 0.75437526680653 0.694978924693792 0.751647895102764 0.970902209869164 1.84086607175007 5.1913768543336 0.982493212751041 0.986856995242733 0.953799602559996 1.30164677570213 0.832931790160931 2.81509604549385 1.23399746411031 3.39035473155321 1.83636039438434 53.8060075594605 1.142138007161 2.17196370017976 0.984247202635418
0.397668045785969 0.573806764184343 8.55067163224788 0.556323484826877 1.80907147096424 1.77221182932673 0.869815006156968 1.4821280386928 1.89701093017941 0.945463888330399 1.04764915246583 2.97245567756373 1.51092986134875 1.03856838853674 1.36939540804905 1.52141685309989 2.44021786858544 1.87188045325902 1.96655603864721 1.40715169295897 1.30496404957055 1.30959044393997 1.41884757122534 2.95620528995874 1.26756299110642 3.53673069766505 1.19396052316716 1.41920350633847 0.892465015992124 0.741573837062268 1.28507371456602 0.830597888576152 4.92117647836521 3.16014627426369 1.73231431625963 0.932907252109234 0.87078195334096 0.802261356264928 2.46088706073149 0.821022712922357 2.5288189410955 1.55600883814648 53.7872194000884 53.7649212104342 0.96136761184371 1.46361305795151
7.96817486405514 8.53479758576143 0.635803452685699 1.06800432764012 1.42788337795461 1.32037940617742 0.863318014802437 1.43904543606297 2.17554335098608 1.11274249207757 1.44118517250609 3.19186341631823 3.88818177667615 1.29476382393963 1.32814263031972 1.73231186447323 1.37367851952134 1.11686369293394 1.24470872154606 1.48976469334319 1.45610439090246 1.96962481970232 4.01362232596048 1.29216844243022 1.18402190127238 3.76487266344762 1.11973424421793 0.977108229496759 2.46855122230021 2.78056996908161 1.15804602347641 0.674383745824851 3.36564812563793 0.873624121264349 2.06120472636803 1.798000887308 0.879439490542996 1.83013360310126 0.836635439727924 0.846991304461473 2.34445457472796 1.28325821872383 0.497658058327088 53.7484200222952 1.16372049758694 1.23525936838825
7.9436478915889 2.39038450856381 2.26567739829676 1.75955825689499 1.61902571364075 1.32624478271139 0.690731450556783 1.09836212144332 1.64254958000869 2.65752407719386 2.42731475772828 1.08555869664682 4.94019892258055 2.37797759104938 2.51479319832449 1.63857212938175 1.55470944980631 1.570831844453 1.88093030620418 2.18708232464673 1.87324511239361 4.76394896714064 1.03906181366135 1.7726560812552 4.35239423188998 1.58229102403399 1.25891815165837 5.08963221155912 2.6689498248274 2.78056996908161 0.888348055485326 0.766785157783361 1.39259233165101 2.63584764542866 2.16050106549843 0.911272503573067 1.13507595946666 1.54390055710204 0.97635706568369 1.17563527511436 1.90125356517645 0.986546603892386 53.7006157386888 53.7006157386888 53.7006157386888 53.7006157386888
7.84283918306048 1.41651546288634 1.27413316471945 1.14491326028759 2.1654637606556 1.15256252317592 1.70510224492807 2.00927675480275 1.27331915220821 3.31423759788985 2.70434401669135 1.04517605684183 5.13213981995395 1.59122726071316 3.56192144885245 1.51789014538224 3.23501299993751 1.42184404466479 1.37582217054675 3.24858351159204 2.31007088759563 5.07791230084949 5.20367159484216 4.67952499968794 0.847736101995252 1.15166176207532 1.13259213551075 5.08963221155912 2.78056996908161 2.78056996908161 1.44400381512901 0.789791418946844 0.967637300831742 0.934487695201046 0.748361492167573 1.59372256524191 1.22389427191276 53.7006157386888 53.7006157386888 0.676899042812605 0.966854511908719 0.651378701671081 53.7006157386888 53.7006157386888 53.7006157386888 53.7006157386888
2.26827172892481 7.60267129576821 0.853989497279834 1.06529621730144 2.50579365008169 0.883974476767025 1.86718585123579 2.03881912117187 10.1712143380271 5.11757026985804 3.23996275572536 1.13919459700021 5.30435495058604 4.34786519451315 4.63137381886254 5.21301909739853 7.40270582455697 7.58404454574505 9.17471762445618 10.6358917192576 10.6224212580769 14.596719770211 14.553737958868 1.02682802482479 0.923711089019649 0.918338843000829 5.12440168186244 0.88561438692713 0.913641360150378 1.12936648789637 0.765078484627422 0.777534013255812 0.78605498436032 1.16254621240808 53.7006157386888 53.7006157386888 53.7006157386888 53.7006157386888 53.7006157386888 53.7006157386888 53.7006157386888 53.7006157386888 53.7006157386888 53.7006157386888 53.7006157386888 53.7006157386888
0.60933621160707 7.01905696019939 1.45251513144759 1.0617925172953 1.12679047039448 3.14779764434651 10.1712143380271 10.1712143380271 10.1712143380271 10.1712143380271 9.13400231098529 9.04703849036068 6.28525523702179 6.14188531060346 1.01598227334169 0.915706172399489 3.07846406336467 1.41013745487401 4.1904697177944 1.83474162159783 4.34412998349452 1.13469044394928 1.84785619101272 14.9350848193663 1.29078182977856 5.17001528190703 0.789227168919412 0.88589987825132 0.83917400220641 0.780885542079519 0.735441596131015 1.1372392383282 53.7006157386888 53.7006157386888 53.7006157386888 53.7006157386888 53.7006157386888 53.7006157386888 53.7006157386888 53.7006157386888 53.7006157386888 53.7006157386888 53.7006157386888 53.7006157386888 53.7006157386888 53.7006157386888
1.07706260845917 7.01411023842615 6.86143468211113 6.86143468211113 3.34380270844006 0.682313018120797 10.1712143380271 10.1712143380271 10.1712143380271 10.1712143380271 0.910155293430981 2.16573628683688 1.01573821201648 3.14278791490607 4.71073301326824 2.55564138267961 1.85181687046679 1.01920439400331 4.00025867166918 1.17482900078232 3.5041376307645 1.7812030187576 1.32882794937564 1.22900381635471 16.2659736674371 17.136563319925 17.1279502671262 17.1774975178914 17.2464285111828 1.14851952789823 53.7006157386888 53.7006157386888 53.7006157386888 53.7006157386888 53.7006157386888 53.7006157386888 53.7006157386888 53.7006157386888 53.7006157386888 53.7006157386888 53.7006157386888 53.7006157386888 53.7006157386888 53.7006157386888 53.7006157386888 53.7006157386888
6.86143468211113 6.86143468211113 6.86143468211113 6.86143468211113 6.86143468211113 0.327615859277076 0.453273899838577 0.831685647338849 10.1712143380271 10.1712143380271 1.43989477510791 0.97421465013678 2.50048011262929 0.895152443196913 3.619871054511 2.13687484771258 0.785226276204107 1.53966995727587 3.71164702107493 3.40349846045745 1.15957001010621 2.92979534369532 1.15245555822312 1.1431988050886 3.59973012334137 0.996467388592322 2.48886475351473 0.945028599134813 53.7006157386888 53.7006157386888 53.7006157386888 53.7006157386888 53.7006157386888 53.7006157386888 53.7006157386888 53.7006157386888 53.7006157386888 53.7006157386888 53.7006157386888 53.7006157386888 53.7006157386888 53.7006157386888 53.7006157386888 53.7006157386888 53.7006157386888 53.7006157386888
6.86143468211113 6.86143468211113 6.86143468211113 6.86143468211113 6.86143468211113 0.353124867027193 10.8720926616706 10.2291427685381 10.1712143380271 0.636207222684216 1.00127525272153 0.893774413133738 2.21815422836529 0.846265761423444 3.48333947686249 1.76492388756729 0.714816664535104 1.11691674609415 0.857943496824134 3.12517094519627 1.11301592575214 2.65242853652759 1.10992818315957 0.898857495990647 3.38867965492014 0.738679392151704 2.41540589904206 0.680862156263181 53.7006157386888 53.7006157386888 53.7006157386888 53.7006157386888 53.7006157386888 53.7006157386888 53.7006157386888 53.7006157386888 53.7006157386888 53.7006157386888 53.7006157386888 53.7006157386888 53.7006157386888 53.7006157386888 53.7006157386888 53.7006157386888 53.7006157386888 53.7006157386888
6.86143468211113 6.86143468211113 6.86143468211113 6.86143468211113 6.86143468211113 10.8705282498504 0.535106788651448 3.01221855299444 0.657218517166569 1.65490597784241 0.818723212550912 1.39695608659177 0.941118732034122 0.886790836602459 3.03163455348323 0.554465227241793 1.41681554935553 0.681981675163322 1.19187097685609 2.12031516916453 1.09882566215492 1.55862822988526 1.10771258414921 0.956447506157609 3.26846105227385 0.641841296116061 1.78213742795025 0.707874651144288 53.7006157386888 53.7006157386888 53.7006157386888 53.7006157386888 53.7006157386888 53.7006157386888 53.7006157386888 53.7006157386888 53.7006157386888 53.7006157386888 53.7006157386888 53.7006157386888 53.7006157386888 53.7006157386888 53.7006157386888 53.7006157386888 53.7006157386888 53.7006157386888
6.86143468211113 6.86143468211113 6.86143468211113 6.86143468211113 6.86143468211113 0.630872363634469 0.335968902717983 2.7179256783821 1.022802853028 0.611832288679812 1.02847284242827 0.534250767402721 0.960780216612915 1.5787774539442 1.65235530019502 1.35111328190252 0.698757648149802 0.64823772393903 0.732710986464479 1.17490575411294 1.13284967920582 1.04415428793626 0.972639485968909 1.83314116666892 2.62916270860901 1.08445134279587 1.11221612888337 0.714714479125659 0.944968649410826 1.1673996436405 53.7006157386888 53.7006157386888 53.7006157386888 53.7006157386888 53.7006157386888 53.7006157386888 53.7006157386888 53.7006157386888 53.7006157386888 53.7006157386888 53.7006157386888 53.7006157386888 53.7006157386888 53.7006157386888 53.7006157386888 53.7006157386888
6.86143468211113 6.86143468211113 6.86143468211113 6.86143468211113 6.86143468211113 0.240962915875375 0.534050148068274 2.62041769685324 2.37615354369735 1.0260228425484 1.42297098837751 1.35154568601117 0.889705797432792 1.22466404558121 0.700428759157679 0.737190327822036 0.71365500723169 0.79676526430803 0.813168844879726 0.848983895989249 1.38358716980665 0.662281878888673 0.983516579713422 0.690691014737499 1.54350224741057 0.748655213529659 0.730901690335892 0.821272073766483 1.56596787167802 2.35006624700233 53.7006157386888 53.7006157386888 53.7006157386888 53.7006157386888 53.7006157386888 53.7006157386888 53.7006157386888 53.7006157386888 53.7006157386888 53.7006157386888 53.7006157386888 53.7006157386888 53.7006157386888 53.7006157386888 53.7006157386888 53.7006157386888
6.86143468211113 6.86143468211113 6.86143468211113 6.86143468211113 0.296077267955166 0.969366974538474 0.795470547498661 1.43409829193669 0.90873487262067 1.33475132695608 2.01667075411125 1.77333922944084 0.987760107459431 0.841095673678867 0.879148127064441 1.23094035856998 0.782106816352497 1.14107796284539 1.22333008684285 3.09060003713178 1.57456102410711 1.20807443184888 0.970025960750801 0.962778426916295 0.870511332382381 0.520421588003887 0.463928866527674 53.7006157386888 53.7006157386888 53.7006157386888 53.7006157386888 53.7006157386888 53.7006157386888 53.7006157386888 53.7006157386888 53.7006157386888 53.7006157386888 53.7006157386888 53.7006157386888 53.7006157386888 53.7006157386888 53.7006157386888 53.7006157386888 53.7006157386888 53.7006157386888 53.7006157386888
6.86143468211113 6.86143468211113 4.84315863748602 0.460393599484356 2.2152089948665 0.709600273849755 0.947769557829126 0.962362291115326 0.998245432953167 2.81216400576423 1.00135838217534 2.07920977619148 1.42832213321678 0.902202109923086 0.833713427065403 0.887066006659402 1.69447291484009 1.95153800456933 0.788718152623038 3.09060003713178 0.581111846644292 0.804157942553978 0.535072326087247 0.705782388984518 0.68489205109751 0.34635435547955 0.910196300924315 53.7006157386888 53.7006157386888 53.7006157386888 53.7006157386888 53.7006157386888 53.7006157386888 53.7006157386888 53.7006157386888 53.7006157386888 53.7006157386888 53.7006157386888 53.7006157386888 53.7006157386888 53.7006157386888 53.7006157386888 53.7006157386888 53.7006157386888 53.7006157386888 53.7006157386888
6.86143468211113 6.86143468211113 4.81480317195276 4.53197139200692 0.61460081993593 1.96639699670954 0.927477452993001 0.854249484474092 1.3467476764998 3.06423010429757 0.946695905342661 5.26925303173154 5.87329042045395 6.10952995251938 6.30125323106919 6.51478334099954 7.83933488765817 2.85647816269278 8.96261858914874 8.96261858914874 9.15965344623738 1.13533923082625 9.21024294175632 0.92373211128339 0.600575662550353 0.891266138557949 53.7006157386888 53.7006157386888 53.7006157386888 53.7006157386888 53.7006157386888 53.7006157386888 53.7006157386888 53.7006157386888 53.7006157386888 53.7006157386888 53.7006157386888 53.7006157386888 53.7006157386888 53.7006157386888 53.7006157386888 53.7006157386888 53.7006157386888 53.7006157386888 53.7006157386888 53.7006157386888
0.494639204283614 3.40680944455136 1.12956691401599 4.45762609542564 0.719590939803401 0.860466779678807 0.825382472108904 2.10479922794711 0.790395363651874 3.29500675160163 4.22880278008175 0.905682276340454 0.829713149886579 0.946686588688333 1.49702210704969 1.79720930703747 7.83933488765817 7.83933488765817 8.96261858914874 8.96261858914874 9.15965344623738 9.21024294175632 9.21024294175632 0.819342069620341 1.64355926775029 0.732939772563865 53.7006157386888 53.7006157386888 53.7006157386888 53.7006157386888 53.7006157386888 53.7006157386888 53.7006157386888 53.7006157386888 53.7006157386888 53.7006157386888 53.7006157386888 53.7006157386888 53.7006157386888 53.7006157386888 53.7006157386888 53.7006157386888 53.7006157386888 53.7006157386888 53.7006157386888 53.7006157386888
0.516935708367974 3.25534231042953 0.945459919697321 4.35761812586585 0.659537195117208 0.817209089501677 2.61248586965845 2.2790612154576 0.911625276716228 3.95535044434843 1.31797917895977 0.89510347895954 0.779696721086581 0.789747143642855 0.755561965266533 0.868264113824866 7.83933488765817 7.83933488765817 0.677339763824422 0.602524394523605 1.39120594384182 0.625237191640286 9.2705800716135 0.37621626767099 1.97819365371549 2.10240944982748 53.7006157386888 53.7006157386888 53.7006157386888 53.7006157386888 53.7006157386888 53.7006157386888 53.7006157386888 53.7006157386888 53.7006157386888 53.7006157386888 53.7006157386888 53.7006157386888 53.7006157386888 53.7006157386888 53.7006157386888 53.7006157386888 53.7006157386888 53.7006157386888 53.7006157386888 53.7006157386888
0.602061459400469 3.19127813784808 0.875108052993889 0.841741513036159 4.18606686632443 2.92664534144864 2.82508688075906 0.833507420229719 0.823396178230502 0.946652443517982 1.00964258226142 0.700936913759679 1.22154468303703 0.711236778510923 0.749302427039952 1.15917769908585 1.03854909882462 0.685968431500764 0.747277567615876 0.925415790043163 1.22301707329727 0.689170120234161 0.621762564323336 9.29045173724059 9.83993178650924 9.87765173595013 53.7006157386888 53.7006157386888 53.7006157386888 53.7006157386888 53.7006157386888 53.7006157386888 53.7006157386888 53.7006157386888 53.7006157386888 53.7006157386888 53.7006157386888 53.7006157386888 53.7006157386888 53.7006157386888 53.7006157386888 53.7006157386888 53.7006157386888 53.7006157386888 53.7006157386888 53.7006157386888
