Model input/Uganda/rivergeometry/river_depth_1mar.asc
NCOLS 67 
NROWS 67 
XLLCORNER 29.500000001 
YLLCORNER -1.499999999 
CELLSIZE 0.0833333332985075 
NODATA_value -9999 
[rows 0 to 19 of 67, columns 0 to 44 of 67]
-9999.000000000000000 -9999 -9999 -9999 -9999 -9999 -9999 -9999 -9999 -9999 -9999 -9999 -9999 -9999 -9999 -9999 -9999 -9999 -9999 -9999 -9999 -9999 -9999 -9999 -9999 -9999 -9999 -9999 -9999 -9999 -9999 0.247151727312245 0.246134258982732 -9999 -9999 -9999 -9999 -9999 -9999 -9999 -9999 -9999 -9999 -9999 -9999
-9999 -9999 -9999 -9999 -9999 -9999 -9999 -9999 -9999 -9999 -9999 -9999 -9999 -9999 -9999 -9999 -9999 -9999 -9999 -9999 -9999 -9999 -9999 -9999 -9999 -9999 -9999 -9999 -9999 0.250091476736024 0.304411422988421 0.23641066032136 0.347263106884759 0.23181444024602 0.237278059108511 0.229027449517394 0.270834828354911 0.257914561844218 0.222724488865609 0.236663878012761 -9999 -9999 -9999 -9999 -9999
-9999 -9999 -9999 -9999 -9999 -9999 -9999 -9999 -9999 -9999 -9999 -9999 -9999 -9999 -9999 -9999 -9999 -9999 -9999 -9999 -9999 -9999 -9999 -9999 -9999 -9999 -9999 -9999 -9999 0.404100279845682 0.221391001578827 0.374337676109789 0.71922990189708 0.693716298600563 0.222163921480796 0.634264155145553 0.599230065169861 0.543248344193827 0.427885712061272 0.352893460825825 0.22867782855756 0.264687030702607 0.250078996839311 -9999 -9999
-9999 -9999 -9999 -9999 -9999 -9999 -9999 -9999 -9999 -9999 -9999 -9999 -9999 -9999 -9999 -9999 -9999 -9999 -9999 -9999 -9999 -9999 -9999 -9999 -9999 0.230411723296975 -9999 -9999 -9999 0.41860642291812 0.208219236447686 0.766957487156496 0.22374214568705 0.224408683725945 0.677182700522425 0.300454449968929 0.246939965881377 0.248566198737652 0.347495675802767 0.272241747644061 0.25803329857526 0.264741671190279 0.353142464126562 -9999 -9999
-9999 -9999 -9999 -9999 -9999 -9999 -9999 -9999 -9999 -9999 -9999 -9999 -9999 -9999 -9999 -9999 -9999 -9999 -9999 -9999 -9999 -9999 0.251982099227034 -9999 -9999 0.286133927819141 -9999 -9999 -9999 4.00399911966424 1.77261429577721 1.70848324190487 0.392509322192133 0.347230823116569 0.274004102156861 0.230797299836391 0.247680166608489 0.322005843922859 0.277589371400773 0.216098057713818 0.359433702315161 0.208561340434535 0.405190637605025 0.230967083292001 -9999
-9999 -9999 -9999 -9999 -9999 -9999 -9999 -9999 -9999 -9999 -9999 -9999 -9999 -9999 -9999 -9999 -9999 -9999 -9999 -9999 -9999 0.297353818609857 0.321711621010334 0.245232191545274 0.321917981065152 0.198779588912646 3.85123829764609 3.85123829764609 3.87414223688486 3.87414223688486 0.17331318415446 1.69975637178517 0.703280482732186 0.681079475200246 0.269558414761151 0.438874897266386 0.407689731638448 0.255668995880117 0.220086477268662 0.224546153621136 0.236356978990262 0.404890540624299 0.443521267381499 0.233517803164071 -9999
-9999 -9999 -9999 -9999 -9999 -9999 -9999 -9999 -9999 -9999 -9999 -9999 -9999 -9999 -9999 -9999 -9999 -9999 -9999 0.25609721509894 0.522722567928135 0.551875015320557 0.628496210019062 0.653508753928708 0.382696544997963 0.171247477645679 3.85123829764609 3.85123829764609 3.87414223688486 3.87414223688486 0.933870899123441 0.184783436925754 1.65470160729312 0.281992048474899 0.666602897571615 0.511622904013572 0.489643215696197 0.3939950416238 0.233520559795751 0.298977817580988 0.346005047917996 0.464576652391153 0.590933128276195 0.210779778725371 -9999
-9999 -9999 -9999 -9999 -9999 -9999 -9999 -9999 -9999 -9999 -9999 -9999 -9999 -9999 -9999 -9999 -9999 0.346763299188497 0.392043519389349 0.457619130832014 0.255066906980023 0.293555532464717 0.246061256798829 0.656110818105176 0.084044973032305 0.395433484560368 3.85093723398055 0.244378536537163 0.346092209281481 0.378062634582703 0.726963603825355 0.736636929471152 1.65402948401122 0.19421998186032 0.244178833628643 0.328543453754929 0.328399984525217 0.260746715056167 0.232324512735499 0.24244494495558 0.414212175434654 0.23961488566758 0.626661225530283 0.221083858220481 0.215620488686017
-9999 -9999 -9999 -9999 -9999 -9999 -9999 -9999 -9999 -9999 -9999 -9999 -9999 -9999 -9999 -9999 -9999 0.346722248845015 0.274925365559386 0.262510681080286 0.264163735009151 0.362529169233301 0.348974547285814 0.710130664573882 0.713131331824662 3.84784457314473 0.228089754085697 0.235791798711449 0.29734995955428 0.338154609300109 0.719857467924433 0.728605224381896 0.243388536938654 1.65241842228742 0.292530887475427 0.254712643179831 0.262436675466052 0.258319064836207 0.297877260293992 0.244897829602784 0.248773941845579 1.02688800323797 0.23699648346169 0.322081844808257 0.223549093977935
-9999 -9999 -9999 -9999 -9999 -9999 -9999 -9999 -9999 -9999 -9999 -9999 -9999 -9999 -9999 -9999 -9999 0.410724475752 0.450165754205151 0.534426754488946 0.31768349906877 0.38049661177047 0.370175822775895 0.0384975517657882 3.83456788932092 0.221129247519802 0.363338493355315 0.205227705733188 0.294899975758521 0.489603201938766 0.68256211360343 0.244813683950055 0.708939917478186 1.65179624546431 1.6473572760951 0.20602921708974 0.254270379848333 0.445002062290841 0.292676410783619 0.332868462534397 1.05539695526978 1.03203037465371 0.885596773363477 0.375025281978474 0.240260700411433
-9999 -9999 -9999 -9999 -9999 -9999 -9999 -9999 -9999 -9999 -9999 -9999 -9999 -9999 -9999 -9999 0.284914427889896 0.363756202481735 0.587622516395764 0.722279404982362 0.772151411584324 0.775561124520804 0.816573757014009 0.370746508318786 3.83277576328848 0.490133264188106 0.256773394276572 0.255959547724336 0.328119314691886 0.404256632221397 0.547447406198768 0.251939609966132 0.686561135601478 0.296126150210218 0.214410999757746 1.64515817464179 0.46232332531729 0.269982427201135 1.11134599388089 1.10447081182414 0.316005333462771 0.24623241975415 0.239988453611242 0.843905046589724 0.799470595514107
-9999 -9999 -9999 -9999 -9999 -9999 -9999 -9999 -9999 -9999 -9999 -9999 -9999 -9999 -9999 -9999 0.284765812145623 0.508464038668457 0.269456745715859 0.315982477362567 0.277590731512348 0.221326698426558 0.0404011095516097 3.82679414118325 0.196871926361372 0.462544628976148 0.427044426048453 0.267184029787042 0.266470155361932 0.368105254361918 0.502615061096727 0.528443870746119 0.651463973897511 0.296053577135234 0.285185160534343 1.38079914693215 1.17133786753413 1.16868539877548 0.560430433530131 0.260315357631786 0.425414575986994 0.389994376026333 0.234888665683892 0.402738557678001 0.23456031748412
-9999 -9999 -9999 -9999 -9999 -9999 -9999 -9999 -9999 -9999 -9999 -9999 -9999 -9999 -9999 0.282149277345532 0.42755586062511 0.306977297141816 0.367665382839058 0.510300375269087 0.201648626522342 0.204069796970387 3.81061129786025 3.81061129786025 0.281204059008765 0.265755224570339 0.263679936578169 0.270611784019893 0.276608397036998 0.337143274229094 0.321878845179678 0.415522912930407 0.596007199059098 0.242755771321513 0.268981785232387 0.430986742175885 1.3584379059634 0.253587554166433 0.320947527258017 0.485972388300359 0.257126961796077 0.310153216769283 0.240101598502204 0.342091574755734 0.224521423354546
-9999 -9999 -9999 -9999 -9999 -9999 -9999 -9999 -9999 -9999 -9999 -9999 -9999 -9999 -9999 -9999 0.310867303058488 0.330007189918603 0.378680865657572 0.295964427434646 0.522371779121289 0.103823569849578 3.81061129786025 3.81061129786025 0.341635155028977 0.27199289186747 0.356197663308174 0.28287925471433 0.308578233429434 0.25441993072649 0.263706865878795 0.35007711654076 0.582723721070815 0.405265897470005 0.270516973876735 0.283313598225018 1.35624141213502 0.235974739477791 0.263443290393411 0.457832203966768 0.308235793917487 0.24936115243546 0.244637457161307 0.302543495115234 0.231082322328637
-9999 -9999 -9999 -9999 -9999 -9999 -9999 -9999 -9999 -9999 -9999 -9999 -9999 -9999 -9999 -9999 -9999 0.325541609969831 0.404678243401095 0.461988295421688 0.474721929812637 0.640144061848737 3.80651447195042 0.395464717609828 0.341236633934547 0.406178012022086 0.27610866244903 0.411078387227209 0.257547279552495 0.274439739039547 0.280228121838543 0.281580437071752 0.479146615571365 0.355885887207058 0.284828312257122 0.288396149446172 0.487726819848558 1.32531236131153 0.241226250190494 0.238020192125877 0.941681425427699 0.264035478731219 0.367496798528951 0.294625228170395 0.857478919614444
-9999 -9999 -9999 -9999 -9999 -9999 -9999 -9999 -9999 -9999 -9999 -9999 -9999 -9999 -9999 -9999 0.358646253879426 0.429352133933358 0.274982751261706 0.35242868450036 0.384620001687421 0.387596639239289 3.79647392825827 0.291176125242439 0.613469403043578 0.608471813073758 0.483411660767881 0.277553154971416 0.251458697260918 0.39385218087725 0.397555718874741 0.272031530761931 0.291914157281175 0.400507951156279 0.327413870709378 0.369918131062975 0.413567151166211 0.401716931034338 1.30367375659743 0.96425016474364 0.357445547799203 0.936291931390184 0.897843204671816 0.881071996867107 0.290414490534145
-9999 -9999 -9999 -9999 -9999 -9999 -9999 -9999 -9999 -9999 -9999 -9999 -9999 -9999 -9999 -9999 0.357380905824553 0.61281305644311 0.696693410458003 0.275171859180859 0.895291619548457 0.949998813858213 0.949884897310005 3.79438185678387 0.265093713729756 0.260975266684271 0.268146879365614 0.271780097534283 0.561094496905041 0.523326812502439 0.268162371703844 0.274599456359154 0.333194638517393 0.306150521383806 0.379440058382672 0.294152388684514 0.282809014220328 0.26570000684475 0.456785365922564 1.05181824806546 0.217558526078267 0.293625046340481 0.229816434103995 0.222406584154855 0.22515645442094
-9999 -9999 -9999 -9999 -9999 -9999 -9999 -9999 -9999 -9999 -9999 -9999 -9999 -9999 -9999 0.343107116196777 0.531184661814645 0.299939637158749 0.679457471435358 0.88085440854312 0.506750214996291 0.220679982729693 0.2213172874989 3.76344455419132 0.713282878168121 0.678678314272925 0.649717505678212 0.61585931741779 0.597206127184109 0.254938415216444 0.352693464919194 0.290903476885223 0.277888061721664 0.521330443145379 0.27639670603058 0.358855044265571 0.270704511838282 0.382891692982291 0.420855867458219 1.04680512097926 1.04125332604595 0.241051433142889 0.233272969196525 0.231676113451046 0.277988884553328
-9999 -9999 -9999 -9999 -9999 -9999 -9999 -9999 -9999 -9999 -9999 -9999 -9999 -9999 -9999 0.302696064706585 0.474247442505953 0.297561885214926 0.620123352450179 0.317482656520197 0.495504014026316 0.201510457220183 0.300370599909668 3.76257221364582 0.216404238365254 0.252386530401297 0.259746909413533 0.322785532902276 0.240662926778654 0.254097348803629 0.445996204195957 0.284890737245958 0.292148155636877 0.367014661349137 0.615776769086927 0.268780467178874 0.278773838012668 0.264576685642336 0.258502897645409 0.331062646914747 0.478054960578398 0.989264913118941 0.230093616060289 0.397025462395966 0.328570247553918
-9999 -9999 -9999 -9999 -9999 -9999 -9999 -9999 -9999 -9999 -9999 -9999 -9999 -9999 -9999 0.287384039501146 0.499993396558591 0.607763268529183 0.263375042974459 0.407657879480403 0.207832393913805 0.196362964592049 0.253285956453375 0.186071404007446 3.75103677121879 0.205144858275343 0.440093911289899 0.255762215591913 0.235643641330281 0.619505677793918 0.481238440544298 0.422003291459207 0.31953803400769 0.424450520880318 0.699207768933572 0.365304977992588 0.369628729896286 0.320542964202147 0.253861262363518 0.253858612758234 0.357324954895504 0.2952209756205 0.972517696626814 0.895379106944242 0.330101797958706
