Model input/Uganda/rivergeometry/river_depth_1dec.asc
NCOLS 67 
NROWS 67 
XLLCORNER 29.500000001 
YLLCORNER -1.499999999 
CELLSIZE 0.0833333332985075 
NODATA_value -9999 
[rows 0 to 19 of 67, columns 0 to 44 of 67]
-9999.000000000000000 -9999 -9999 -9999 -9999 -9999 -9999 -9999 -9999 -9999 -9999 -9999 -9999 -9999 -9999 -9999 -9999 -9999 -9999 -9999 -9999 -9999 -9999 -9999 -9999 -9999 -9999 -9999 -9999 -9999 -9999 0.248152103267846 0.247509778677945 -9999 -9999 -9999 -9999 -9999 -9999 -9999 -9999 -9999 -9999 -9999 -9999
-9999 -9999 -9999 -9999 -9999 -9999 -9999 -9999 -9999 -9999 -9999 -9999 -9999 -9999 -9999 -9999 -9999 -9999 -9999 -9999 -9999 -9999 -9999 -9999 -9999 -9999 -9999 -9999 -9999 0.251154103547786 0.307610833333688 0.239437480909324 0.353485407603205 0.240615492256911 0.243464261776454 0.240679857045883 0.288091619564094 0.275424332892337 0.224262688115623 0.237683560216614 -9999 -9999 -9999 -9999 -9999
-9999 -9999 -9999 -9999 -9999 -9999 -9999 -9999 -9999 -9999 -9999 -9999 -9999 -9999 -9999 -9999 -9999 -9999 -9999 -9999 -9999 -9999 -9999 -9999 -9999 -9999 -9999 -9999 -9999 0.407790132265643 0.224202826082642 0.384075765293243 0.758096083347915 0.731294660566889 0.235985369907315 0.668071967042621 0.63166565329539 0.57065950758059 0.446447384063813 0.366267069315248 0.237533612225955 0.267893771512472 0.24947311675175 -9999 -9999
-9999 -9999 -9999 -9999 -9999 -9999 -9999 -9999 -9999 -9999 -9999 -9999 -9999 -9999 -9999 -9999 -9999 -9999 -9999 -9999 -9999 -9999 -9999 -9999 -9999 0.236216246638443 -9999 -9999 -9999 0.422359058840602 0.213361619162214 0.806191357783975 0.235936234039891 0.235249167224313 0.713453210966982 0.316841470983462 0.260155903792697 0.262693491053605 0.364866887909911 0.284657313167804 0.263615203202467 0.266137673628257 0.355157251492842 -9999 -9999
-9999 -9999 -9999 -9999 -9999 -9999 -9999 -9999 -9999 -9999 -9999 -9999 -9999 -9999 -9999 -9999 -9999 -9999 -9999 -9999 -9999 -9999 0.284392839684236 -9999 -9999 0.293948850743838 -9999 -9999 -9999 4.3354144588477 1.85201915657811 1.78276775630693 0.408379188412579 0.360959451887984 0.285117004399477 0.241232554760528 0.255938576299817 0.332173695749859 0.283852794854885 0.221571016744257 0.364692378373258 0.211429017940291 0.408196053539752 0.233620406019381 -9999
-9999 -9999 -9999 -9999 -9999 -9999 -9999 -9999 -9999 -9999 -9999 -9999 -9999 -9999 -9999 -9999 -9999 -9999 -9999 -9999 -9999 0.342365225423798 0.368371486582359 0.284086245884017 0.336837391488604 0.205992726322452 4.1834202369617 4.1834202369617 4.20822419453431 4.20822419453431 0.187883589413651 1.7717300628759 0.731802502669736 0.704533049697279 0.276077175237919 0.451085662705583 0.419845672684319 0.262972400449566 0.22787051119674 0.229695960796007 0.238745228948333 0.411785833058702 0.448047940459289 0.236153779662207 -9999
-9999 -9999 -9999 -9999 -9999 -9999 -9999 -9999 -9999 -9999 -9999 -9999 -9999 -9999 -9999 -9999 -9999 -9999 -9999 0.30131883234286 0.598567154632089 0.634702101937266 0.722538952371626 0.751734031571493 0.40931209496566 0.169929859853795 4.1834202369617 4.1834202369617 4.20822419453431 4.20822419453431 1.01083687721575 0.197926671130595 1.72282356812834 0.303775466207864 0.68802590952936 0.526585395772408 0.503913520899983 0.405861970926849 0.240680786695447 0.306186138557639 0.353846531719369 0.472549176494296 0.599975673658552 0.213628342805511 -9999
-9999 -9999 -9999 -9999 -9999 -9999 -9999 -9999 -9999 -9999 -9999 -9999 -9999 -9999 -9999 -9999 -9999 0.380300205321725 0.440952141446721 0.521635038045003 0.280834484544273 0.33959012026601 0.282829383686213 0.755414326971513 0.156086647758373 0.443904897564516 4.18281834196156 0.248435025247682 0.354756743651947 0.390441364586818 0.786788014286878 0.797396692675054 1.71995137097735 0.21614739086771 0.264296261812737 0.341192710097039 0.33633357479361 0.267132399384485 0.245944642687413 0.246895379610683 0.423307364649567 0.243249787686786 0.637271554456684 0.224427585366375 0.217684707439682
-9999 -9999 -9999 -9999 -9999 -9999 -9999 -9999 -9999 -9999 -9999 -9999 -9999 -9999 -9999 -9999 -9999 0.382381539607452 0.308152444612516 0.292647631263645 0.289431715654986 0.396474075107936 0.395537032824527 0.817445556814757 0.824368050458825 4.17861014828961 0.248180491453399 0.242275036489662 0.306198905986739 0.3574538789591 0.777036569555511 0.787183286594248 0.263900285541469 1.71606179080581 0.318860880785947 0.27381212992555 0.273549239167732 0.27275456521578 0.314395135044352 0.247160546031368 0.251035213165116 1.04874390862897 0.240288329552748 0.326244719131935 0.226248898164245
-9999 -9999 -9999 -9999 -9999 -9999 -9999 -9999 -9999 -9999 -9999 -9999 -9999 -9999 -9999 -9999 -9999 0.455848193903499 0.50021222006548 0.594986226234047 0.354568473436929 0.422548535212151 0.403756102678334 0.139804391631278 4.16073223399584 0.289767295920787 0.393143448057911 0.217834986287772 0.313259244080157 0.526970409893058 0.737922710124758 0.264867879182941 0.765160796461109 1.71341560779124 1.70664187447371 0.229390827003229 0.2775715046793 0.467199664255285 0.295433114472103 0.335920270415766 1.07902531130015 1.05464372318114 0.905298215779203 0.380056733794987 0.243523037418371
-9999 -9999 -9999 -9999 -9999 -9999 -9999 -9999 -9999 -9999 -9999 -9999 -9999 -9999 -9999 -9999 0.322215106107026 0.408948325412642 0.653275188649761 0.803345824062101 0.85607814409323 0.859674964189124 0.911488878572332 0.417196392738779 4.15766615351012 0.523566887482698 0.267379243794605 0.265853543455502 0.35266272738122 0.434403447868999 0.592058524220552 0.273045607819348 0.740009127458212 0.322127368877405 0.238680940519834 1.70247678465229 0.485819754326015 0.275307015704829 1.13655139279682 1.12890900342662 0.320145741554397 0.249585944853681 0.243758300116366 0.862516897149508 0.815900709308556
-9999 -9999 -9999 -9999 -9999 -9999 -9999 -9999 -9999 -9999 -9999 -9999 -9999 -9999 -9999 -9999 0.318895573350541 0.563070017322946 0.292055371052041 0.344047366331969 0.300971307365283 0.239020128761722 0.140390368102256 4.14983675172364 0.307200919465959 0.491864347317015 0.455383826806827 0.275969226940965 0.282718160487614 0.39453740181198 0.542822441567224 0.571169648179493 0.701084679604786 0.321552911348869 0.313630032041362 1.43352408207047 1.19925353476754 1.19544806144598 0.570459853252222 0.263241657878031 0.433737267537874 0.397330155965058 0.238599020631461 0.411751764723008 0.238719977503479
-9999 -9999 -9999 -9999 -9999 -9999 -9999 -9999 -9999 -9999 -9999 -9999 -9999 -9999 -9999 0.296002965982266 0.469352578221143 0.323182153295247 0.384257386607171 0.529730247171926 0.208907859015522 0.258209791617636 4.12912426060585 4.12912426060585 0.297271503936877 0.291034234984797 0.288128583869103 0.288384151932383 0.289447138252228 0.358922398147162 0.345027714908854 0.450276142982767 0.639466428602656 0.263378880358196 0.2840642310254 0.450119436713548 1.4077634015869 0.257035461744362 0.324859900473548 0.49617783206714 0.260947599771035 0.316133558158659 0.244343504810618 0.3497846703589 0.2283959579473
-9999 -9999 -9999 -9999 -9999 -9999 -9999 -9999 -9999 -9999 -9999 -9999 -9999 -9999 -9999 -9999 0.339071245003072 0.342627247566487 0.392776054596465 0.300810142852359 0.541637779527724 0.195033283213101 4.12912426060585 4.12912426060585 0.371883709096586 0.296959183650637 0.381464741358519 0.3005730549657 0.329530278317804 0.270459549372514 0.280010346105065 0.378396671667313 0.624232085795947 0.441256115089959 0.283348611742071 0.292789047963876 1.40417249828858 0.245284572824623 0.268404153775808 0.467497224058659 0.314228721841036 0.254412487474812 0.250015809446495 0.309265333103288 0.235570081411451
-9999 -9999 -9999 -9999 -9999 -9999 -9999 -9999 -9999 -9999 -9999 -9999 -9999 -9999 -9999 -9999 -9999 0.336345055970819 0.417226713096571 0.475488704144207 0.491013119745903 0.679077452997191 4.12334476253645 0.426302641618958 0.372235930896079 0.434565164698613 0.295567791627313 0.442108347133493 0.274239049008134 0.287714667777545 0.292132562689365 0.301607587483707 0.506065442861622 0.386960401799048 0.307044602032303 0.298419729985021 0.503869697211987 1.37144056589674 0.252459202995022 0.246082459040296 0.96335971411712 0.270328506197472 0.374840786667563 0.30025492461353 0.873420043485545
-9999 -9999 -9999 -9999 -9999 -9999 -9999 -9999 -9999 -9999 -9999 -9999 -9999 -9999 -9999 -9999 0.375142162535341 0.444474252871399 0.281531314606149 0.360159266357773 0.394964187994967 0.412743073592335 4.11120016619776 0.302601673964211 0.670143304969344 0.65183844632621 0.517831532832517 0.29271725778563 0.261462828113386 0.411032012120146 0.411670986967091 0.28280585743919 0.301976166313298 0.421736666098677 0.341664292542833 0.381379785832274 0.42683782666157 0.415339199454104 1.34781203911763 0.98809210499741 0.36706815089525 0.956757847521183 0.916707142849945 0.898719983471342 0.29586854489161
-9999 -9999 -9999 -9999 -9999 -9999 -9999 -9999 -9999 -9999 -9999 -9999 -9999 -9999 -9999 -9999 0.365870671395855 0.625952215122364 0.712683699449972 0.273138771519985 0.911921716623168 0.971691738277243 0.972038617800135 4.10735963664771 0.27320587001366 0.278486647161579 0.282105748506613 0.286482167010858 0.58363278884646 0.544006263044525 0.273659081583784 0.277345847068049 0.337846527707186 0.309898788953712 0.385749010082123 0.302454990643694 0.293265911583532 0.273194585433199 0.469211186456094 1.09387190574573 0.227042450137288 0.303398089839057 0.236602453904227 0.229040283637668 0.230576896095093
-9999 -9999 -9999 -9999 -9999 -9999 -9999 -9999 -9999 -9999 -9999 -9999 -9999 -9999 -9999 0.350428811878702 0.542499492068276 0.30596219016755 0.692430225119144 0.898402578936044 0.522989459535575 0.226870273059766 0.236357348757762 4.07493020020944 0.751516708471272 0.709390363522391 0.677818608937362 0.640737707973478 0.620326085898057 0.258011138081944 0.356495103361974 0.293864343741185 0.280766863450987 0.530342801721179 0.280484126365952 0.36711004270551 0.277293573622624 0.392090366064773 0.431540617544676 1.08738539281701 1.08100697788612 0.247163400145478 0.240297614485537 0.237998880984322 0.284980646191722
-9999 -9999 -9999 -9999 -9999 -9999 -9999 -9999 -9999 -9999 -9999 -9999 -9999 -9999 -9999 0.308684001556193 0.484051177456013 0.302484722918174 0.632113589240438 0.327784631155597 0.511515351684125 0.219649469241626 0.34647621572444 4.07226353492296 0.295908183140539 0.261995143036515 0.270414773953307 0.332824136438883 0.243741918716799 0.25588074711286 0.450964670743006 0.287618678806497 0.295599701274949 0.372797083187448 0.627798738699898 0.27297332063018 0.284520138764557 0.269512754065203 0.265114163225301 0.33972205190073 0.490174189476327 1.02750397172504 0.236731239254153 0.410416503331499 0.338425999119752
-9999 -9999 -9999 -9999 -9999 -9999 -9999 -9999 -9999 -9999 -9999 -9999 -9999 -9999 -9999 0.292218429017855 0.508490948331372 0.618812704634427 0.269032932988223 0.419117148108126 0.216496686699476 0.207844603601172 0.262398867985448 0.268882978927224 4.05768265841812 0.273513875858985 0.457881877396952 0.266021010801229 0.239853899831522 0.627397388045317 0.487711541263756 0.42809156568609 0.324339043032905 0.4323088770866 0.713566546587516 0.372688314464097 0.377659794698071 0.32883918457935 0.259500164006155 0.260307130918564 0.365634189545265 0.302476987179398 1.00817117646762 0.92823559389319 0.34204004821174
