Model input/Uganda/rivergeometry/river_width_1feb.asc
NCOLS 67 
NROWS 67 
XLLCORNER 29.500000001 
YLLCORNER -1.499999999 
CELLSIZE 0.0833333332985075 
NODATA_value -9999 
[rows 20 to 39 of 67, columns 0 to 44 of 67]
-9999 -9999 -9999 -9999 -9999 -9999 -9999 -9999 -9999 -9999 -9999 -9999 -9999 -9999 -9999 1.60106076563995 0.940287346814762 1.00986305335325 1.26909614542811 0.681950058406652 0.511568906050289 0.789310065924884 1.41114989472663 1.18781899677465 2.12044032529151 1.90680725889418 0.657627122238109 1.00384815813696 63.9189123895305 3.52678744720654 0.752862569804359 0.776385298877255 1.07140841521899 1.06611486993627 5.42853213350065 5.29546858799505 2.03361395612837 1.10791817500081 0.78795200180245 0.989474946027828 1.06549787120418 1.04366906112309 1.29363490428737 1.43215987087283 5.6960213636381
-9999 -9999 -9999 -9999 -9999 -9999 -9999 -9999 -9999 -9999 -9999 -9999 -9999 -9999 -9999 0.856405856216587 0.910058700148861 0.88255088432516 0.709528408389688 0.824525201686654 1.09179751053035 0.645129237903651 1.26331854772102 0.525788351819822 64.0782688702033 64.064280155486 64.0411118884041 63.9436105679031 0.794329830407286 63.7135727249978 63.70442129419 0.869017501992397 1.4874853229584 0.999676288470713 5.80711644515632 0.739864549798401 1.10332983393174 3.73609113486409 2.99592939521873 2.55039085554785 1.92114232310313 0.80215026830044 0.753981172125333 0.948945774427398 0.923821451659619
-9999 -9999 -9999 -9999 -9999 -9999 -9999 -9999 -9999 -9999 -9999 -9999 -9999 -9999 -9999 -9999 0.866601658143047 1.24403130337743 1.02234128388502 0.650539023508597 63.8920486420019 63.8920486420019 63.8920486420019 64.0991141928457 0.733600994991841 0.696861945380273 0.632144380190915 1.91741581834172 1.70711129867199 1.44577948948328 1.17946586046589 63.6412000324188 63.6203498136081 63.5366298410606 0.965748599476585 1.08916921820933 4.37235747503577 1.13500985520121 1.600319030226 1.07462807728228 0.932033319382919 0.77767625455101 0.713341440110798 0.692081594759409 0.87919248822055
-9999 -9999 -9999 -9999 -9999 -9999 -9999 -9999 -9999 -9999 -9999 -9999 -9999 -9999 -9999 -9999 -9999 0.911081694211023 63.8920486420019 63.8920486420019 63.8920486420019 63.8920486420019 63.8920486420019 1.08605976735473 0.958970010983914 1.35610626439473 0.884760977275784 1.59734921925047 0.799589138133994 1.00578565220418 0.879219503502678 0.88452954210654 1.91966868003334 62.9992558082827 0.947382411499428 1.57462530202566 5.02768803610244 1.50740857909823 1.03719184242637 1.03167976305602 0.756998264258307 0.74003590914593 1.28383153679754 1.87574411146269 0.927415544821439
-9999 -9999 -9999 -9999 -9999 -9999 -9999 -9999 -9999 -9999 -9999 -9999 -9999 -9999 -9999 0.748169033158692 0.650831263024676 63.8920486420019 63.8920486420019 63.8920486420019 63.8920486420019 63.8920486420019 63.8920486420019 63.8920486420019 3.94330562198788 3.3730441745604 3.14931398920416 1.23166884178078 1.10717373176348 0.655312634201204 0.861274689166524 0.876425021327063 0.887914629045048 2.18632847602161 62.9481426770921 5.10708022110173 0.965510835528636 0.911767386999532 0.987160262691477 2.13098557990029 1.37176762637605 0.733740441173793 3.0754183742257 2.08721962009112 0.774084444659655
-9999 -9999 -9999 -9999 -9999 -9999 -9999 -9999 -9999 -9999 -9999 -9999 -9999 -9999 -9999 0.979449991248038 63.8920486420019 63.8920486420019 63.8920486420019 63.8920486420019 63.8920486420019 63.8920486420019 63.8920486420019 63.8920486420019 0.880172237255272 0.620934749904928 0.803307611735731 2.06921633366162 0.878387087511024 1.25082315878499 0.853601658391625 0.866555190065084 0.883287494605769 62.4114988994062 3.91002835692852 3.48859782117415 3.28993910148067 2.9147159790454 2.45479335870516 1.10872301552969 1.11983258758074 0.750124773569255 3.65886620317593 1.3365055376192 0.760471021423487
-9999 -9999 -9999 -9999 -9999 -9999 -9999 -9999 -9999 -9999 -9999 -9999 -9999 -9999 -9999 63.8920486420019 63.8920486420019 63.8920486420019 63.8920486420019 63.8920486420019 63.8920486420019 63.8920486420019 63.8920486420019 0.848751491686275 2.54046174567337 0.811549586859099 0.860913780579272 1.85185465294054 0.802700246073928 2.03761204707001 1.21470134086048 1.25562160737232 0.871826043043081 62.095548855416 62.1305771167289 1.38229240580414 0.960024105141017 0.852709942115827 0.863434794149897 1.55060005459258 1.38739307380237 4.38826895151593 0.759915641988289 1.7712321277 1.29981766912782
-9999 -9999 -9999 -9999 -9999 -9999 -9999 -9999 -9999 -9999 -9999 -9999 -9999 -9999 -9999 63.8920486420019 63.8920486420019 63.8920486420019 63.8920486420019 63.8920486420019 63.8920486420019 63.8920486420019 63.8920486420019 0.560261517401565 1.97231234640972 0.954323987964543 0.870075888946363 0.831130174973579 0.843142705619578 0.810823906233187 2.64993248466174 62.0763527640307 62.0763527640307 62.0763527640307 0.825605091726877 0.844970079191968 0.953263110193651 1.6996611146275 2.18795213605315 6.19389832820027 5.80337335408856 3.06422948121892 0.792294643110434 2.01230600452583 58.1854515995703
-9999 -9999 -9999 -9999 -9999 -9999 -9999 -9999 -9999 -9999 -9999 -9999 -9999 -9999 63.8920486420019 63.8920486420019 63.8920486420019 63.8920486420019 63.8920486420019 63.8920486420019 63.8920486420019 63.8920486420019 2.11449774493638 1.65907916774979 1.83725235915034 1.59387988399205 0.845179392730155 1.84857785367475 0.834555512067135 0.738291723607897 1.11825431834347 62.0763527640307 62.0763527640307 62.0763527640307 7.48783970879204 1.0512234103296 0.763683032288936 0.777813492425993 6.87586253742167 0.855408657369332 0.96144740427348 2.68790581095868 2.40915470482132 0.779183945692871 58.1854515995703
-9999 -9999 -9999 -9999 -9999 -9999 -9999 -9999 -9999 -9999 -9999 63.8920486420019 63.8920486420019 63.8920486420019 63.8920486420019 63.8920486420019 63.8920486420019 63.8920486420019 63.8920486420019 63.8920486420019 63.8920486420019 0.924475630224925 0.934759147172396 0.85830068390211 0.943027979254634 1.29649039259273 0.900056938425881 2.08509978590152 0.782238821410175 0.584785974688808 1.20348070713494 62.0763527640307 62.0763527640307 62.0763527640307 58.1854515995703 7.23218675367648 7.07941844570738 7.02122156815205 58.1854515995703 58.1854515995703 58.1854515995703 58.1854515995703 58.1854515995703 58.1854515995703 58.1854515995703
-9999 -9999 -9999 -9999 -9999 -9999 -9999 -9999 -9999 -9999 1.23371077270097 63.8920486420019 63.8920486420019 63.8920486420019 63.8920486420019 63.8920486420019 63.8920486420019 63.8920486420019 63.8920486420019 63.8920486420019 1.1097000470277 0.755609456915672 0.834187193344395 1.26764809153426 0.932135723181818 0.862183855061168 1.42115094924871 2.8128992444641 1.14932864097818 0.398118503107001 14.8362999130539 1.51741613355596 0.863711761596944 1.72814111859475 58.1854515995703 58.1854515995703 58.1854515995703 58.1854515995703 58.1854515995703 58.1854515995703 58.1854515995703 58.1854515995703 58.1854515995703 58.1854515995703 58.1854515995703
-9999 -9999 -9999 -9999 -9999 -9999 -9999 -9999 -9999 -9999 63.8920486420019 63.8920486420019 63.8920486420019 63.8920486420019 63.8920486420019 63.8920486420019 63.8920486420019 63.8920486420019 0.688827491157746 2.53101112749558 0.796807296695219 0.793764384830405 0.954547965177036 0.938863090585201 2.2856948734471 1.41345229275993 3.19662857796868 2.98690494440489 12.9291681280096 14.7881188478608 6.07786249432541 0.933867556151664 0.930374747171717 0.905390101606197 1.56873069389017 1.19198588765918 58.1854515995703 58.1854515995703 58.1854515995703 58.1854515995703 58.1854515995703 58.1854515995703 58.1854515995703 58.1854515995703 58.1854515995703
-9999 -9999 -9999 -9999 -9999 -9999 -9999 -9999 -9999 1.11797916884585 63.8920486420019 63.8920486420019 63.8920486420019 63.8920486420019 63.8920486420019 63.8920486420019 63.8920486420019 1.6272722101626 0.834185932882765 2.34568060503183 1.80231174169743 1.28624293820983 0.787994895070806 0.853485639952587 7.36603454575793 7.7152120960697 3.37933403374613 12.7859408390667 0.74162327340248 0.69526197207863 0.80270377766888 5.80192148064212 0.979007800344343 1.00634540037444 0.963194615235594 0.937024143202389 58.1854515995703 58.1854515995703 58.1854515995703 0.656335314179369 58.1854515995703 58.1854515995703 58.1854515995703 58.1854515995703 58.1854515995703
-9999 -9999 -9999 -9999 -9999 -9999 -9999 -9999 -9999 1.07154188500171 63.8920486420019 63.8920486420019 63.8920486420019 63.8920486420019 63.8920486420019 63.8920486420019 0.919763070933739 1.2261137682302 0.65779247388898 0.671794077056727 0.688144891665049 0.569880271601438 6.25019677815348 6.77539192689014 1.65595922393358 0.739636684910081 8.88306537602455 0.70229697245033 8.36229361841535 2.95339034709599 0.973015320861548 0.775916442342531 5.72921861736105 1.44470099390503 1.00560948449463 0.906284306996839 2.98117420898373 0.923049704086782 0.750894536515355 7.4035841026095 58.1854515995703 58.1854515995703 0.00192652410194214 58.1854515995703 58.1854515995703
-9999 -9999 -9999 -9999 -9999 -9999 1.35725051355482 1.80201819919361 1.17157736460238 0.733942092538235 12.5853863014661 63.8920486420019 63.8920486420019 63.8920486420019 63.8920486420019 0.927863385655963 0.943086635271138 0.784110078329189 0.813909264615843 0.690054013559424 2.58010909902681 5.81250318766272 1.0387345721066 0.796194739656542 0.752118510070654 1.26850073087526 1.37769365683546 0.913637027078148 7.38939020639844 0.936617675087169 2.59872066242338 0.908997068499635 1.65762862091364 4.75538231312404 0.878072349534137 0.944320473185072 1.33472606174023 2.07798034819041 0.953258477417565 7.4035841026095 1.10006680158084 58.2100870793272 3.29271747041298 1.04783585770603 58.1854515995703
-9999 -9999 -9999 -9999 -9999 -9999 1.92146724384564 2.21151796962387 0.772886497148357 12.5169249595021 0.661019631772011 63.8920486420019 63.8920486420019 63.8920486420019 63.8920486420019 4.71043979057232 4.31303905702916 4.04206149515007 3.49285675450628 3.19666879231801 2.02027300747358 0.828203808965886 4.91877170853928 4.42720617089385 0.739390245800809 0.745193694834134 0.932556533448146 1.8416358015644 6.93865846957272 0.613240949022441 2.23462345793947 0.910104108699898 1.28795833600335 0.866662691005806 4.31547232404479 0.920339670779563 0.927990574945601 1.79732526409559 1.05221716266549 7.12396591019066 1.16554996879459 57.9383482611287 1.57165257898622 2.8673388591676 0.965764793439646
-9999 -9999 -9999 -9999 -9999 0.863773703070496 1.08509852364386 2.11354579128154 12.3939748266742 0.461397582405558 0.383038553492566 63.8920486420019 63.8920486420019 63.8920486420019 0.849119099581865 1.6821913267985 0.659157522099016 1.15417100385513 1.04676976420642 3.02630607390438 0.697898574163533 1.68141066225247 1.43426040961044 4.12782184100619 0.996577858833469 0.76653715714405 0.70942178378655 1.30164839143246 1.70533828934395 6.59250955654253 0.980610867130091 1.5495666634376 0.89320648235075 0.894007573392524 3.05666972624633 2.445389009795 0.912979230062124 1.01948671442662 1.54521388275682 6.88419035051415 1.15609784127948 57.9205129086443 1.07432028181004 2.34284266506471 0.948579246698676
-9999 -9999 0.513437965357962 1.09727325205175 0.76961957953833 0.592557944939716 0.563230444072557 1.39698823501366 11.6833793788493 0.347986850484873 1.75276750754106 1.79568619321377 7.08831722189304 0.78745862435499 0.824429174231943 1.21573067413575 0.809542021716595 0.751266808930334 0.624248046738878 2.92035260810692 0.544556898612812 1.35239561068488 0.815457779166801 1.85155458507102 3.72574004762817 1.21199427322326 0.841844345047973 0.779339773340688 1.57653067072143 6.53192492647355 6.09589637979115 0.707904063386798 0.909720073485182 0.937203296438418 2.73825660257349 0.736463081854201 1.71690942582197 0.998399878966762 1.1800239962928 6.18587626480558 1.15699230542578 57.8638442643098 1.03867100133265 1.01752254630212 1.31158200277575
-9999 0.899761712198664 1.83028544751361 0.838543127376178 0.397646238374257 0.758889827002506 11.3970413839095 11.4828838921053 0.425472080165875 0.334549772538463 1.70371462491993 0.863648323895832 2.46897805714533 6.29639081556833 5.6488771186598 0.896709741967295 1.12930037638629 0.70865440260672 1.45858553538288 2.23472437373735 1.10635845121625 0.783481690147125 0.804238005237323 1.54477730287484 0.671716343450639 2.35460865759283 0.652870329091674 0.572351486630496 1.00627237094702 0.927944856876358 1.79361090665933 6.02857699022745 1.718233225113 0.755908463411207 2.60418640729397 0.819570189437174 1.46524516451745 0.948041742753698 1.13883671664736 5.80163272136288 0.865818613689181 57.7933310472402 0.983415569654095 0.949750167511732 0.636966170651668
-9999 0.835975140460346 1.12248565673354 10.9248787091837 10.9837773044219 11.2743894028365 0.720179662697608 0.917877660247222 0.997769433461618 1.60062015659399 0.886614748507876 1.89876842370611 1.1070649123419 2.19753119823637 1.00187869336565 5.26475011972271 3.63669301346058 0.713343457269185 0.844472583881206 0.794360370513843 1.69999121586419 0.793539992965296 0.800367512275102 1.35396146510867 0.681429806588528 2.11011695759361 1.84620954649316 1.46924991131091 0.59371719513619 0.564648201356537 1.27910399864691 0.887557980556979 5.47198047483056 0.775498614136362 0.805883613035013 2.25029598347065 0.885946791310588 0.828229272849529 3.79204466009776 3.95122710591607 0.831866034068869 0.88571173598766 57.7592324195201 3.37908948366016 0.919077509331597
