Model input/Uganda/rivergeometry/river_width_1nov.asc
NCOLS 67 
NROWS 67 
XLLCORNER 29.500000001 
YLLCORNER -1.499999999 
CELLSIZE 0.0833333332985075 
NODATA_value -9999 
[rows 40 to 59 of 67, columns 0 to 45 of 67]
0.676108958367916 0.534391528434234 11.9035170251761 11.9964665502362 0.3724589364196 2.64110799419601 0.708088819981668 0.97635426107081 1.02865576975646 0.85995198133765 0.814966553328863 1.22396949712039 1.15088051320399 2.24316225261551 1.18921889549442 4.61329050683483 3.64481779497552 4.88386359196402 1.56507685744415 1.54148821839709 1.48980829953152 2.21381711268535 1.51847989114183 1.63956058362121 1.58365433691304 1.19126099749051 1.44839031876486 1.47721016976394 0.939572691311375 0.573181576561246 1.05248248669177 0.799106105015924 5.93640106562535 1.87809826542248 1.28307635444072 2.50856851819262 0.90589354420114 0.861377211432999 0.855282196444706 3.38133256267365 3.84216498296243 0.897688262807997 54.3694685133857 1.66807215498764 2.6033319583677 1.07771890373917
0.741083604434886 1.12787049467052 11.7200498473135 2.07786525523776 2.00718734145326 2.24451240551163 1.07616909216283 0.999743152285566 1.08001776729228 2.19300091802663 2.61166922269558 1.0321140419883 1.2109267636069 1.26605699112682 1.91474881691301 3.5403207430031 1.29439723893093 3.35013692722243 4.57563072473089 3.83199191435028 2.60030554996516 2.2216414602406 1.47433892710656 2.54486187520179 2.18300524795748 1.54975144585508 0.681357486855146 0.780280692219763 0.705615746523193 0.778499566835565 0.998120284964009 1.9111245334177 5.38723874157979 1.0555543496375 1.05316896616682 1.03045045367566 1.37969079742864 0.841619733954331 2.86539300158828 1.24822920570033 3.53831338642955 1.94716981657107 54.3785453169904 1.18937331643452 2.29633570238604 1.02506532887262
0.409139553613101 0.585350766859667 11.3608936154665 0.576772861138594 1.87412515903859 1.82363515032866 0.912148082216764 1.55751076044657 1.99189416189722 0.998790303684446 1.10955394869188 3.12484981934363 1.57575432217458 1.0786488338339 1.37486489502849 1.41434638842746 2.33713480083712 1.84114580138465 2.08447271751631 1.40851113032241 1.28805182832404 1.56599656450889 1.67728749846851 3.15881196743214 1.31693434128567 3.79356411113138 1.30930122057297 1.60900839378608 1.03335961856373 1.03645712080939 1.35716567041177 0.842469011677963 5.08676430837169 3.31414671369383 1.87165199173542 1.02305596288988 0.929293139841152 0.811525416090053 2.51193631889045 0.835673538944323 2.6201392198842 1.65808246155263 54.383935364016 54.3827978828925 1.02682091714255 1.54573640091572
10.8821403203738 11.3504068722153 0.650521658798418 1.09810036728095 1.48820325449374 1.36400812275361 0.911356633510215 1.52441201195463 2.30613018809751 1.18793450880265 1.52868206170225 3.355472688621 4.07630524999445 1.28961743013459 1.30103129722911 1.68166133467901 1.279232798063 1.11311487161023 1.20020070871902 1.46366821604733 1.3989730243221 2.17554488508206 4.34982792347908 1.33768072034177 1.37853970164459 4.10565761593104 1.3186538468373 1.27380507328289 2.96190832829639 4.12356809924285 1.36830597622911 0.683191563559448 3.43342592640917 0.882161900203418 2.13866691741606 1.87329671954338 0.902841031649628 1.88085567118468 0.846659195376679 0.864861953467266 2.42889934522141 1.3613644391938 0.523325816224409 54.3832208985452 1.29565714509944 1.53453384681569
10.8648107292527 2.47112789460171 2.3440919189083 1.82787082591739 1.8199461681116 1.37708998987188 0.748522222931085 1.16792135020494 1.77578103807556 2.82624621823197 2.56808822024614 1.1435366230652 5.09237465524999 2.35824471046556 2.59151390601843 1.76463199291947 1.51377407383659 1.66117990406579 2.04857903522531 2.244179168401 1.86046724628439 5.19743400125204 1.2488830255327 2.17017324136049 4.97580337867469 2.03341463752414 1.53819152168895 7.05996457561929 3.51116998611806 4.12356809924285 1.01247354740132 0.782198388271642 1.40698926556998 2.70180784447808 2.22921936809116 0.924304468026838 1.18270791139826 1.59440467081021 0.997592616166705 1.21071291920496 1.97606114395384 1.03966568359676 54.3500699918562 54.3500699918562 54.3500699918562 54.3500699918562
10.7853641158741 1.47201441962893 1.3268911008627 1.19044985195682 2.41418871942645 1.20200210502963 1.7866037107634 2.14457912096338 1.37314755525264 3.56028061557543 2.87197652737849 1.10028333354831 5.29625046373343 1.70610632453368 3.75502190120319 1.53424621248706 3.30948715714004 1.4551153567756 1.42133963670489 3.49943007044104 2.49789905101058 5.64017414901997 6.3215793386369 5.54304426714794 1.26891533815494 1.47960538026777 1.54042816605991 7.05996457561929 4.12356809924285 4.12356809924285 1.4709069201334 0.804505399126966 0.976211797649447 0.94211834014341 0.760176127837045 1.66884660222017 1.30134737642118 54.3500699918562 54.3500699918562 0.688285196657448 1.00832366394151 0.679172592578854 54.3500699918562 54.3500699918562 54.3500699918562 54.3500699918562
2.32605313371613 10.5939421033434 0.878077558196599 1.11351611664042 2.75943758101055 0.923541027151163 1.95536621330093 2.17822476238918 12.1436344694443 5.48916656379459 3.45897208678329 1.21668970213226 5.48313138900291 4.62075404685262 4.92182128259114 5.52809372942455 7.94518007238793 8.19392606321677 10.1622507125822 11.7757833983359 11.9066572799429 16.7771163182295 16.9305186123973 1.40731446698043 1.32576594560706 1.36081614079191 7.22403907947184 1.25147391593911 1.15687218802938 1.15300597905106 0.783644267577059 0.795200797158353 0.799815182528712 1.18218724805813 54.3500699918562 54.3500699918562 54.3500699918562 54.3500699918562 54.3500699918562 54.3500699918562 54.3500699918562 54.3500699918562 54.3500699918562 54.3500699918562 54.3500699918562 54.3500699918562
0.626386990724083 10.1391446244001 1.50635778881647 1.10430237237991 1.17751787353506 3.40640852717964 12.1436344694443 12.1436344694443 12.1436344694443 12.1436344694443 9.83376088414185 9.72904122877928 6.90297455458354 6.75724678765625 1.04541742980603 0.949451772639721 3.43168702073551 1.5834513116616 4.9134712437271 1.98741454723822 5.06274824228466 1.39810608139824 2.23076571649104 17.6055173411975 1.91331418977385 7.35489762429206 1.1928404073822 1.27740906393166 1.17776832258003 0.798976065947169 0.753821813274212 1.15928514063114 54.3500699918562 54.3500699918562 54.3500699918562 54.3500699918562 54.3500699918562 54.3500699918562 54.3500699918562 54.3500699918562 54.3500699918562 54.3500699918562 54.3500699918562 54.3500699918562 54.3500699918562 54.3500699918562
1.10298015175313 10.1415682836324 10.0286313476165 10.0286313476165 3.61791239279614 0.733892063079747 12.1436344694443 12.1436344694443 12.1436344694443 12.1436344694443 0.981069680234592 2.42350840539705 1.09808371972901 3.50017647733633 5.18509777166398 2.79325741259781 2.05360506838348 1.13918869436807 4.70025695197214 1.29270380250211 4.14175916511889 2.06491327017778 1.53776582340046 1.46003602565919 19.8838839992961 21.0645099991645 21.1759491259487 21.364648637294 21.5265242088043 1.17758157292627 54.3500699918562 54.3500699918562 54.3500699918562 54.3500699918562 54.3500699918562 54.3500699918562 54.3500699918562 54.3500699918562 54.3500699918562 54.3500699918562 54.3500699918562 54.3500699918562 54.3500699918562 54.3500699918562 54.3500699918562 54.3500699918562
10.0286313476165 10.0286313476165 10.0286313476165 10.0286313476165 10.0286313476165 0.358534852645475 0.508597167964308 0.882237013799295 12.1436344694443 12.1436344694443 1.65053873027553 1.0773950882714 2.81213298530241 0.997809689185258 4.00072766427079 2.36338730450809 0.857566838033749 1.69229071321841 4.40684054198511 4.00412145435135 1.32537965218634 3.52270407645386 1.37806618214372 1.40867269559954 4.77241468554667 1.01932397424721 2.539453734578 0.967944958554573 54.3500699918562 54.3500699918562 54.3500699918562 54.3500699918562 54.3500699918562 54.3500699918562 54.3500699918562 54.3500699918562 54.3500699918562 54.3500699918562 54.3500699918562 54.3500699918562 54.3500699918562 54.3500699918562 54.3500699918562 54.3500699918562 54.3500699918562 54.3500699918562
10.0286313476165 10.0286313476165 10.0286313476165 10.0286313476165 10.0286313476165 0.404584360298097 12.9232982080469 12.2161671576138 12.1436344694443 0.735058206299577 1.16208809824734 1.00227419645178 2.4955901442685 0.951268868184508 3.84623128462023 1.95317836145338 0.790911039670442 1.20758376074897 1.06396864896752 3.68571925173427 1.32121269771654 3.1820580473946 1.30288149794171 1.1951000201341 4.42008450250389 0.749961244368376 2.47094989198114 0.700343613095097 54.3500699918562 54.3500699918562 54.3500699918562 54.3500699918562 54.3500699918562 54.3500699918562 54.3500699918562 54.3500699918562 54.3500699918562 54.3500699918562 54.3500699918562 54.3500699918562 54.3500699918562 54.3500699918562 54.3500699918562 54.3500699918562 54.3500699918562 54.3500699918562
10.0286313476165 10.0286313476165 10.0286313476165 10.0286313476165 10.0286313476165 12.938695096477 0.617029997143976 3.36941579611458 0.756531071945859 1.90548413804542 0.930915728427546 1.57442254174673 1.04933179022245 0.979418108257298 3.33821886958763 0.621638487872695 1.5714822996342 0.753474581906993 1.41651028357728 2.48930443557458 1.34167317431144 1.87280997768882 1.32376586706154 1.24458043730907 4.23735789844883 0.665840766559785 1.82411900486334 0.726532068923331 54.3500699918562 54.3500699918562 54.3500699918562 54.3500699918562 54.3500699918562 54.3500699918562 54.3500699918562 54.3500699918562 54.3500699918562 54.3500699918562 54.3500699918562 54.3500699918562 54.3500699918562 54.3500699918562 54.3500699918562 54.3500699918562 54.3500699918562 54.3500699918562
10.0286313476165 10.0286313476165 10.0286313476165 10.0286313476165 10.0286313476165 0.698406677616679 0.386408646180214 3.02408154562275 1.16914597597801 0.71089217922375 1.17996976021022 0.597712611895378 1.05766214299886 1.74698204192056 1.82770343307829 1.46416946919144 0.773662484102442 0.706983298845262 0.864364155271527 1.33442714913688 1.36103803568319 1.26126512376122 1.19769903219986 2.35519356436209 3.45403536608466 1.28227464653129 1.13752360848385 0.734892198099434 0.962005118889787 1.28264927798352 54.3500699918562 54.3500699918562 54.3500699918562 54.3500699918562 54.3500699918562 54.3500699918562 54.3500699918562 54.3500699918562 54.3500699918562 54.3500699918562 54.3500699918562 54.3500699918562 54.3500699918562 54.3500699918562 54.3500699918562 54.3500699918562
10.0286313476165 10.0286313476165 10.0286313476165 10.0286313476165 10.0286313476165 0.256504383191634 0.592754550654853 2.90026453101229 2.62638830804367 1.14411436756816 1.59224138195261 1.45170122836084 0.976594660828656 1.34470475365349 0.777034222615728 0.785874960746041 0.767403665287395 0.893538558239934 0.967346079193414 1.03610491794665 1.71456364566097 0.888440162348139 1.21300276936215 0.94870481578175 2.0529670410649 0.908048588777537 0.747205967380232 0.834350328136943 1.57566945978769 2.49896992683874 54.3500699918562 54.3500699918562 54.3500699918562 54.3500699918562 54.3500699918562 54.3500699918562 54.3500699918562 54.3500699918562 54.3500699918562 54.3500699918562 54.3500699918562 54.3500699918562 54.3500699918562 54.3500699918562 54.3500699918562 54.3500699918562
10.0286313476165 10.0286313476165 10.0286313476165 10.0286313476165 0.315268205157037 1.05133237987216 0.867015636339415 1.55666401470646 1.02176636289528 1.42788044731793 2.22458182660961 1.94570963666824 1.07734858625327 0.906237412275534 0.969582494543383 1.36759552994778 0.87298712122018 1.28545741073991 1.44788656395348 3.78403172795381 1.99420807397855 1.45249129784831 1.16199290462068 1.20606244003856 1.18796259938168 0.686180819477832 0.470361277805387 54.3500699918562 54.3500699918562 54.3500699918562 54.3500699918562 54.3500699918562 54.3500699918562 54.3500699918562 54.3500699918562 54.3500699918562 54.3500699918562 54.3500699918562 54.3500699918562 54.3500699918562 54.3500699918562 54.3500699918562 54.3500699918562 54.3500699918562 54.3500699918562 54.3500699918562
10.0286313476165 10.0286313476165 5.21455360625894 0.492753594845251 2.37573981607022 0.766568691901634 1.01839605852702 1.03366672497041 1.07042827362815 3.08844012605351 1.12310418347892 2.31215835311966 1.58929062364046 0.99836833570847 0.946991225317619 1.0027212259913 1.90907483878532 2.25509914488719 0.861623887571959 3.78403172795381 0.710759948008051 1.01192716551016 0.708809372724056 0.843059509061808 0.815916113165145 0.410885108524443 0.914666819124298 54.3500699918562 54.3500699918562 54.3500699918562 54.3500699918562 54.3500699918562 54.3500699918562 54.3500699918562 54.3500699918562 54.3500699918562 54.3500699918562 54.3500699918562 54.3500699918562 54.3500699918562 54.3500699918562 54.3500699918562 54.3500699918562 54.3500699918562 54.3500699918562 54.3500699918562
10.0286313476165 10.0286313476165 5.18525564767903 4.86353344124804 0.670442485107872 2.10650478698086 0.981719618232455 0.899823374512163 1.43639585430363 3.35928012907094 1.07833935992714 5.79390284926187 6.46798655896636 6.72108360395277 6.93361476428038 7.17407032468498 8.74527623852787 3.2569608565527 10.2233405984368 10.2233405984368 10.4708974506857 1.3654258387284 10.5934077787592 1.04257608197963 0.607596875056025 1.0345393522169 54.3500699918562 54.3500699918562 54.3500699918562 54.3500699918562 54.3500699918562 54.3500699918562 54.3500699918562 54.3500699918562 54.3500699918562 54.3500699918562 54.3500699918562 54.3500699918562 54.3500699918562 54.3500699918562 54.3500699918562 54.3500699918562 54.3500699918562 54.3500699918562 54.3500699918562 54.3500699918562
0.516211394765033 3.69990273385176 1.27306646507406 4.78167086614452 0.782715213184868 0.922894463631907 0.867981824245126 2.22579450926065 0.830691039032253 3.59646792011688 4.61118948659122 0.986812596728639 0.909677463151592 1.01902067943907 1.63176420158106 1.96595705669449 8.74527623852787 8.74527623852787 10.2233405984368 10.2233405984368 10.4708974506857 10.5934077787592 10.5934077787592 0.82245152503781 1.82035844371729 0.740538351157141 54.3500699918562 54.3500699918562 54.3500699918562 54.3500699918562 54.3500699918562 54.3500699918562 54.3500699918562 54.3500699918562 54.3500699918562 54.3500699918562 54.3500699918562 54.3500699918562 54.3500699918562 54.3500699918562 54.3500699918562 54.3500699918562 54.3500699918562 54.3500699918562 54.3500699918562 54.3500699918562
0.546256722019938 3.54312816237885 1.08512502158604 4.6716169665874 0.728596744771984 0.878848484953556 2.75983424114977 2.40860033454606 0.977304803008883 4.29599075386509 1.41719267168609 0.968177281597499 0.865180720742926 0.862880380420173 0.83124487625776 0.966566953531245 8.74527623852787 8.74527623852787 0.719878062835795 0.674159091542589 1.56796016663351 0.69622178178887 10.6561887809759 0.379048737301271 2.13672524711946 2.25535785311591 54.3500699918562 54.3500699918562 54.3500699918562 54.3500699918562 54.3500699918562 54.3500699918562 54.3500699918562 54.3500699918562 54.3500699918562 54.3500699918562 54.3500699918562 54.3500699918562 54.3500699918562 54.3500699918562 54.3500699918562 54.3500699918562 54.3500699918562 54.3500699918562 54.3500699918562 54.3500699918562
0.626091461954913 3.47590097132704 0.924366844895433 0.974992638442618 4.47573579610784 3.11762414162567 3.00249269024348 0.984060334577208 0.882839311172069 1.02040090870706 1.11170670697148 0.808192319322616 1.35671734576708 0.818325115734784 0.823630601415767 1.25612507573197 1.15709314905953 0.776794134834356 0.846096978474137 1.03390736803392 1.37629910087318 0.788158652290172 0.627662144536094 10.6740020344046 11.2977803006525 11.3280376666352 54.3500699918562 54.3500699918562 54.3500699918562 54.3500699918562 54.3500699918562 54.3500699918562 54.3500699918562 54.3500699918562 54.3500699918562 54.3500699918562 54.3500699918562 54.3500699918562 54.3500699918562 54.3500699918562 54.3500699918562 54.3500699918562 54.3500699918562 54.3500699918562 54.3500699918562 54.3500699918562
