Model input/Uganda/rivergeometry/river_depth_1apr.asc
NCOLS 67 
NROWS 67 
XLLCORNER 29.500000001 
YLLCORNER -1.499999999 
CELLSIZE 0.0833333332985075 
NODATA_value -9999 
[rows 0 to 19 of 67, columns 0 to 44 of 67]
-9999.000000000000000 -9999 -9999 -9999 -9999 -9999 -9999 -9999 -9999 -9999 -9999 -9999 -9999 -9999 -9999 -9999 -9999 -9999 -9999 -9999 -9999 -9999 -9999 -9999 -9999 -9999 -9999 -9999 -9999 -9999 -9999 0.248850852055391 0.247439059448735 -9999 -9999 -9999 -9999 -9999 -9999 -9999 -9999 -9999 -9999 -9999 -9999
-9999 -9999 -9999 -9999 -9999 -9999 -9999 -9999 -9999 -9999 -9999 -9999 -9999 -9999 -9999 -9999 -9999 -9999 -9999 -9999 -9999 -9999 -9999 -9999 -9999 -9999 -9999 -9999 -9999 0.252776980698356 0.305994740732157 0.237405770690913 0.348410446213108 0.23165476244178 0.237450503737472 0.227900031134667 0.270565080075944 0.257704984688332 0.224367792907327 0.239567654212122 -9999 -9999 -9999 -9999 -9999
-9999 -9999 -9999 -9999 -9999 -9999 -9999 -9999 -9999 -9999 -9999 -9999 -9999 -9999 -9999 -9999 -9999 -9999 -9999 -9999 -9999 -9999 -9999 -9999 -9999 -9999 -9999 -9999 -9999 0.408503729953205 0.222823415987499 0.374987598602894 0.719259659018562 0.694219783383018 0.221033042748127 0.635797884855125 0.601602637603839 0.546718644410013 0.430323110936699 0.354779913780099 0.229166060076408 0.267245760536287 0.264631297259555 -9999 -9999
-9999 -9999 -9999 -9999 -9999 -9999 -9999 -9999 -9999 -9999 -9999 -9999 -9999 -9999 -9999 -9999 -9999 -9999 -9999 -9999 -9999 -9999 -9999 -9999 -9999 0.240003416859472 -9999 -9999 -9999 0.425336379989972 0.209684583548645 0.766792176561342 0.222973853675734 0.223944633056593 0.678082540338948 0.299497549600011 0.246262816068996 0.248862971299477 0.352282567982795 0.27857866290007 0.2608228727309 0.275066668335893 0.368217270276627 -9999 -9999
-9999 -9999 -9999 -9999 -9999 -9999 -9999 -9999 -9999 -9999 -9999 -9999 -9999 -9999 -9999 -9999 -9999 -9999 -9999 -9999 -9999 -9999 0.244821773170634 -9999 -9999 0.297019934394657 -9999 -9999 -9999 4.00895912309704 1.82855316107536 1.76896614432821 0.395324017719208 0.349815806901037 0.275946015826846 0.231268315073775 0.251830138336353 0.348387043768726 0.30203799668957 0.235930017153499 0.372810177581922 0.224829459491221 0.424494113906058 0.235186287363269 -9999
-9999 -9999 -9999 -9999 -9999 -9999 -9999 -9999 -9999 -9999 -9999 -9999 -9999 -9999 -9999 -9999 -9999 -9999 -9999 -9999 -9999 0.297929015272218 0.328616301757052 0.265061415313396 0.332641916724541 0.209065850692304 3.84278878252747 3.84278878252747 3.86924140291709 3.86924140291709 0.185402337941137 1.76164478610299 0.765853376291214 0.74257628414481 0.276096014662546 0.472674548443147 0.439140557295183 0.291991578730944 0.24198562980353 0.239866166994416 0.246213995387586 0.423490506785677 0.464482767097189 0.238515654745083 -9999
-9999 -9999 -9999 -9999 -9999 -9999 -9999 -9999 -9999 -9999 -9999 -9999 -9999 -9999 -9999 -9999 -9999 -9999 -9999 0.250570650974651 0.51727595082633 0.547845171181914 0.631505706331134 0.662879930954245 0.399169586563008 0.173814542396836 3.84278878252747 3.84278878252747 3.86924140291709 3.86924140291709 0.986797011157231 0.19799530073688 1.70849171823424 0.308743070904616 0.73000885723412 0.569818770290498 0.546313101816338 0.438096472714408 0.248810450546746 0.313138602992989 0.359200978697624 0.483254713474553 0.61486769200816 0.217198667474733 -9999
-9999 -9999 -9999 -9999 -9999 -9999 -9999 -9999 -9999 -9999 -9999 -9999 -9999 -9999 -9999 -9999 -9999 0.347213411623854 0.390241228510151 0.452577968951645 0.25214624120327 0.294502405649609 0.268404688539274 0.665154221474521 0.0738797401294486 0.412430576591707 3.84313400182431 0.253762960253006 0.373246480605462 0.407293227213121 0.775588531428077 0.769912377271532 1.70867181126054 0.209885942568393 0.269236110458434 0.363709921056807 0.367239151991572 0.2917597803886 0.243012646543967 0.250991233280294 0.42726021847186 0.240505451957991 0.649864604687213 0.22810626981602 0.222125555742366
-9999 -9999 -9999 -9999 -9999 -9999 -9999 -9999 -9999 -9999 -9999 -9999 -9999 -9999 -9999 -9999 -9999 0.346768940381741 0.270642481739132 0.258150264816005 0.260312381946933 0.361332779437457 0.361797731260015 0.725539711368265 0.731792348479403 3.84313256679633 0.246172991932178 0.258022162842392 0.326316579432735 0.368812532093036 0.76768506812609 0.760696923909697 0.268052111043425 1.70764270521477 0.321999940757504 0.282132905999011 0.291568635371985 0.293422040885405 0.30942880086661 0.253596091644449 0.251502550257804 1.06422835480767 0.239564758576387 0.331262370181556 0.229496507730323
-9999 -9999 -9999 -9999 -9999 -9999 -9999 -9999 -9999 -9999 -9999 -9999 -9999 -9999 -9999 -9999 -9999 0.408195539028629 0.446368303751186 0.528340055038498 0.316189482737711 0.387376843220672 0.375085422980684 0.0891532889318887 3.83407256875102 0.235235599641079 0.390046723756352 0.221874367833645 0.320489838718032 0.527459758075739 0.724950697831405 0.270462313083398 0.736843838755141 1.70772043016796 1.70286628547183 0.225997777488773 0.284562128189224 0.480812745860877 0.308470777145164 0.340787051333699 1.09097526759759 1.06877005626103 0.920656839567972 0.382653235757353 0.239460940021342
-9999 -9999 -9999 -9999 -9999 -9999 -9999 -9999 -9999 -9999 -9999 -9999 -9999 -9999 -9999 -9999 0.276288503568278 0.354530005866721 0.57474836328702 0.711208263780691 0.769947373601204 0.774589441402836 0.821834044963333 0.377504620178985 3.83646809158576 0.531801821765364 0.279193498010402 0.2792271103932 0.357781896082237 0.430288464093202 0.570755698418696 0.278813267235621 0.709111310248747 0.303580646346338 0.231453641404323 1.7008018489591 0.500404506620095 0.300332698043708 1.14656168346281 1.14028216692688 0.325083520067136 0.254664271355688 0.247695646929238 0.880514875705545 0.837378264019128
-9999 -9999 -9999 -9999 -9999 -9999 -9999 -9999 -9999 -9999 -9999 -9999 -9999 -9999 -9999 -9999 0.280075536278678 0.49653122511559 0.270936004284499 0.325140260009759 0.300970852530827 0.240893198052208 0.0957211146778902 3.83270009449666 0.242166249463692 0.502570498754317 0.464192561605457 0.289916338775563 0.290050024869312 0.387334066961521 0.515545003346848 0.547303112522349 0.67016274516186 0.306114075093102 0.302599284901433 1.42469143452086 1.20997859715607 1.20704902029983 0.579170266169588 0.267269573665543 0.440559152102144 0.404587257852277 0.244696172307295 0.41314223644872 0.241773981594749
-9999 -9999 -9999 -9999 -9999 -9999 -9999 -9999 -9999 -9999 -9999 -9999 -9999 -9999 -9999 0.281905926159248 0.418373875669548 0.303043232072144 0.369563778658479 0.523928573173032 0.283519931575427 0.288355925948343 3.82137733073016 3.82137733073016 0.297761562869778 0.287503651068229 0.286468753528319 0.294508945913158 0.300591364007822 0.354446236432687 0.324158880597619 0.422394001269528 0.608897523801124 0.247610223747268 0.272308552205399 0.440309468042116 1.40175425858807 0.258931184861226 0.327418419728306 0.506087486246775 0.265313574588121 0.321820074152109 0.24979851046393 0.351233822000912 0.229751393090998
-9999 -9999 -9999 -9999 -9999 -9999 -9999 -9999 -9999 -9999 -9999 -9999 -9999 -9999 -9999 -9999 0.301404999527398 0.326001125936971 0.381045208487068 0.320245221838451 0.535743337283943 0.0917717576658309 3.82137733073016 3.82137733073016 0.369278906617345 0.295462106224438 0.389023760683143 0.309032879522828 0.315698886805458 0.255577833881406 0.265062555781614 0.353352271792334 0.595132102105025 0.408400128236876 0.273395358563188 0.28789543355707 1.3995946467226 0.252113437950258 0.271531565002282 0.478464054420885 0.319584938557822 0.259931008325024 0.253195119957227 0.311412321063093 0.233864210309632
-9999 -9999 -9999 -9999 -9999 -9999 -9999 -9999 -9999 -9999 -9999 -9999 -9999 -9999 -9999 -9999 -9999 0.321670113688769 0.411134173369448 0.481645217932446 0.492771573962537 0.662778011217499 3.81613489470484 0.425689104237591 0.369865188570355 0.442847438421239 0.300713588281369 0.430025649372465 0.265035360858437 0.276576309060603 0.283444723227069 0.28449996359328 0.494763977600888 0.358839266729161 0.287374752962219 0.293323194190057 0.496302839230424 1.36858656325774 0.266056342498542 0.263772328951301 0.960722621516387 0.26477523270132 0.36954686089777 0.295927017881516 0.876329731245368
-9999 -9999 -9999 -9999 -9999 -9999 -9999 -9999 -9999 -9999 -9999 -9999 -9999 -9999 -9999 -9999 0.354535844075469 0.424859215647925 0.28637963948474 0.374095896992269 0.405393877634777 0.407548340641134 3.8089307178373 0.296844572287682 0.663278037613405 0.653965531003256 0.513086359859734 0.301929481900435 0.25533611212717 0.397614473644865 0.402374509454167 0.275077034803199 0.29958424648088 0.41802809957398 0.337574579864856 0.376753302795389 0.420974564370567 0.409864950613373 1.34636339199384 0.987750211516067 0.381135373540396 0.954679050601921 0.916225499931261 0.898926388047383 0.290455898248563
-9999 -9999 -9999 -9999 -9999 -9999 -9999 -9999 -9999 -9999 -9999 -9999 -9999 -9999 -9999 -9999 0.354894664649919 0.60851101923479 0.695197554425007 0.301705209258041 0.902212823580657 0.965463430786181 0.96545616268025 3.81134254692898 0.281049171180778 0.281040054993705 0.290369584143231 0.295061782459806 0.567204862542502 0.528936343216804 0.272143006151713 0.279512651837872 0.341111820469221 0.316969209118102 0.390763162572088 0.299909820434091 0.288459873038157 0.271630779073169 0.468450083165675 1.09399413135159 0.244918197833917 0.30664093471727 0.239030451224108 0.232939047253742 0.232852603529396
-9999 -9999 -9999 -9999 -9999 -9999 -9999 -9999 -9999 -9999 -9999 -9999 -9999 -9999 -9999 0.341182084377459 0.5276938610521 0.297969061931942 0.678820764344939 0.882445655469222 0.537197373544417 0.232535276974522 0.233097165933565 3.78240884940613 0.740686667952918 0.701538675694905 0.667388206065455 0.626567783517999 0.603906026886934 0.259029251126949 0.358997529281951 0.29633566900058 0.283043392519748 0.534044880307327 0.282386356925043 0.366878598644369 0.277106208198093 0.393177068863452 0.43195869653809 1.08908931544939 1.08394560619211 0.240218677207097 0.240181469135925 0.246847352140198 0.297450021963707
-9999 -9999 -9999 -9999 -9999 -9999 -9999 -9999 -9999 -9999 -9999 -9999 -9999 -9999 -9999 0.300543850739772 0.471138392867404 0.295268832838082 0.618175675950821 0.339472708267644 0.522418076687285 0.216617823292396 0.313826048851812 3.7842933147238 0.228515882348148 0.269518881997174 0.278431360703228 0.342388734385753 0.247622333078378 0.258786995615728 0.454103035573964 0.29029417570693 0.297847025419376 0.374657857186338 0.630637587688551 0.27819721275497 0.288472548034612 0.272139255244576 0.265938399716767 0.339681854193497 0.490627048568842 1.03145046400757 0.228853588592817 0.41687337206855 0.348332698826594
-9999 -9999 -9999 -9999 -9999 -9999 -9999 -9999 -9999 -9999 -9999 -9999 -9999 -9999 -9999 0.285260794462678 0.496286363224807 0.603090585787679 0.266529805487604 0.420852618714363 0.230814823707825 0.207041291912025 0.255127645182576 0.204262449651772 3.77551606393294 0.221908821824414 0.470890375778148 0.27621337699877 0.245085338562838 0.632741252224179 0.493171814706447 0.433152406602461 0.330355846619683 0.435935214780106 0.717363995256349 0.379700640516491 0.384108043335122 0.330745441456039 0.261013940160828 0.260237539802916 0.366157969485764 0.302470992368601 1.0166892147418 0.940150976790152 0.338276521946693
