Model input/Uganda/rivergeometry/river_flowvelocity_1feb.asc
NCOLS 67 
NROWS 67 
XLLCORNER 29.500000001 
YLLCORNER -1.499999999 
CELLSIZE 0.0833333332985075 
NODATA_value -9999 
[rows 20 to 39 of 67, columns 0 to 45 of 67]
-9999 -9999 -9999 -9999 -9999 -9999 -9999 -9999 -9999 -9999 -9999 -9999 -9999 -9999 -9999 2.53383690317585 2.29852949532643 2.32877359245141 2.42828145969571 2.16721915861737 2.05608044390666 2.22602631889231 2.47592291916671 2.3990277076771 2.66761475067122 2.61623994836253 2.15285333918541 2.32622736686661 4.97737725325208 2.92809338056287 2.20683776419117 2.21930624225288 2.35413947990314 2.35200522204438 3.16872534590182 3.15435730242487 2.64726873694764 2.36862945380833 2.22532445432821 2.32009204364443 2.3517558968247 2.34285817205339 2.4368124332001 2.48263271319645 3.1967590870688 2.19578276749459
-9999 -9999 -9999 -9999 -9999 -9999 -9999 -9999 -9999 -9999 -9999 -9999 -9999 -9999 -9999 2.25953325592534 2.2848165508644 2.27201062814352 2.18300994879041 2.24389042158389 2.36228033367122 2.14530218603657 2.42625328298024 2.06642917886096 4.97964734859549 4.9794482586469 4.97911844550328 4.9777293909752 2.22861206419374 4.97444528283246 4.97431443330577 2.26559027557027 2.49992460143846 2.32445400136698 3.20808687802111 2.1998109124483 2.36683006114511 2.95917064775024 2.84191454659535 2.75934566780673 2.61983070415912 2.23261400008317 2.20743784812097 2.30239090708564 2.29110532179899 3.13325980516686
-9999 -9999 -9999 -9999 -9999 -9999 -9999 -9999 -9999 -9999 -9999 -9999 -9999 -9999 -9999 -9999 2.26443559899824 2.41942733006593 2.33401661539642 2.1485852875264 4.97699411340773 4.97699411340773 4.97699411340773 4.97994395718158 2.19638870914331 2.17582082743791 2.13732915635417 2.61889937181037 2.56377196053968 2.48693947071472 2.39592935757608 4.97341005965116 4.97311163848459 4.97191258168553 2.30980309058767 2.36123793126632 3.04562929950301 2.37913152211207 2.53362189893524 2.35543337777658 2.29482129672157 2.21998154962046 2.18515358019829 2.17307987635371 2.27042491900193 2.26478079345034
-9999 -9999 -9999 -9999 -9999 -9999 -9999 -9999 -9999 -9999 -9999 -9999 -9999 -9999 -9999 -9999 -9999 2.28528666219065 4.97699411340773 4.97699411340773 4.97699411340773 4.97699411340773 4.97699411340773 2.36000204059752 2.30682564600528 2.45794887069445 2.27305146428284 2.53276023395262 2.23130692174288 2.32704890437622 2.27043769433434 2.27294257025908 2.61946258613981 4.96418530738989 2.30169582694986 2.52612340910676 3.12452491588462 2.50602300759661 2.34018873090899 2.33790630371387 2.20905277500988 2.19990420453993 2.43342025252897 2.60838270933641 2.29273500164186 2.18907079855327
-9999 -9999 -9999 -9999 -9999 -9999 -9999 -9999 -9999 -9999 -9999 -9999 -9999 -9999 -9999 2.20431190861108 2.14876200662604 4.97699411340773 4.97699411340773 4.97699411340773 4.97699411340773 4.97699411340773 4.97699411340773 4.97699411340773 2.98856688067093 2.90429111853369 2.86801847262447 2.41500652870171 2.36833792248442 2.15146383513062 2.26188020032202 2.26911450161534 2.27453299500187 2.68260487020211 4.96344751530596 3.13350240628758 2.30969894388457 2.28560152724497 2.31909720575847 2.67003923125078 2.46312272876158 2.19646515732849 2.85557528982981 2.65991196970876 2.21810037273244 2.36607234247867
-9999 -9999 -9999 -9999 -9999 -9999 -9999 -9999 -9999 -9999 -9999 -9999 -9999 -9999 -9999 2.31576957024077 4.97699411340773 4.97699411340773 4.97699411340773 4.97699411340773 4.97699411340773 4.97699411340773 4.97699411340773 4.97699411340773 2.27088803034121 2.1303378313939 2.23320353476636 2.65569567250048 2.27004390343953 2.42184083598726 2.25817658562988 2.26441336335714 2.27235776870066 4.95567164506932 2.98393244181481 2.92226127741508 2.8910536532623 2.82764816514418 2.74010845887394 2.36894445734664 2.37327361927801 2.20536597097346 2.94787392830279 2.45140439130658 2.2109051049506 2.22476984294301
-9999 -9999 -9999 -9999 -9999 -9999 -9999 -9999 -9999 -9999 -9999 -9999 -9999 -9999 -9999 4.97699411340773 4.97699411340773 4.97699411340773 4.97699411340773 4.97699411340773 4.97699411340773 4.97699411340773 4.97699411340773 2.25582145779082 2.75737530445513 2.23738193655873 2.26170660242915 2.60226738098986 2.23289423770619 2.64822104773278 2.40887957696735 2.4235395335833 2.2669293541684 4.95106800764213 4.95157933842652 2.46657263031442 2.30728977557245 2.25774441057031 2.26291797558945 2.51902087437821 2.46823685685679 3.04765591922778 2.21060933654091 2.58114185992004 2.43894102275706 2.33820075869691
-9999 -9999 -9999 -9999 -9999 -9999 -9999 -9999 -9999 -9999 -9999 -9999 -9999 -9999 -9999 4.97699411340773 4.97699411340773 4.97699411340773 4.97699411340773 4.97699411340773 4.97699411340773 4.97699411340773 4.97699411340773 2.09060050766036 2.63247222727847 2.3047749695838 2.2660953162637 2.24717135452479 2.25308421488821 2.23701543633645 2.77876042281246 4.95078768960108 4.95078768960108 4.95078768960108 2.2444283073166 2.25397765313697 2.30430557260471 2.56171935721764 2.68296958189026 3.24619225517582 3.20770810824159 2.85366997038505 2.22756532638388 2.64216741596083 4.89244963623081 4.89244963623081
-9999 -9999 -9999 -9999 -9999 -9999 -9999 -9999 -9999 -9999 -9999 -9999 -9999 -9999 4.97699411340773 4.97699411340773 4.97699411340773 4.97699411340773 4.97699411340773 4.97699411340773 4.97699411340773 4.97699411340773 2.66624413790342 2.55040777117651 2.59849761642797 2.53175197740637 2.25407988979265 2.60142355299217 2.24886446616149 2.19895380306586 2.37266074567106 4.95078768960108 4.95078768960108 4.95078768960108 3.36095165347796 2.34595448606002 2.21261221480846 2.22005328579066 3.30888220354039 2.25905122767219 2.30791581017754 2.78600999764632 2.73070790744198 2.2207690744586 4.89244963623081 4.89244963623081
-9999 -9999 -9999 -9999 -9999 -9999 -9999 -9999 -9999 -9999 -9999 4.97699411340773 4.97699411340773 4.97699411340773 4.97699411340773 4.97699411340773 4.97699411340773 4.97699411340773 4.97699411340773 4.97699411340773 4.97699411340773 2.29140233292987 2.29604885652664 2.26044792014595 2.29975486986321 2.4377965452353 2.28019740643956 2.65941705972842 2.22236094436663 2.10706669602196 2.404789301146 4.95078768960108 4.95078768960108 4.95078768960108 4.89244963623081 3.33963875668282 3.32660747322974 3.32158275565523 4.89244963623081 4.89244963623081 4.89244963623081 4.89244963623081 4.89244963623081 4.89244963623081 4.89244963623081 4.89244963623081
-9999 -9999 -9999 -9999 -9999 -9999 -9999 -9999 -9999 -9999 2.41573921234647 4.97699411340773 4.97699411340773 4.97699411340773 4.97699411340773 4.97699411340773 4.97699411340773 4.97699411340773 4.97699411340773 4.97699411340773 2.36932660315367 2.20831005716562 2.24868268238401 2.42777384207461 2.29486746662749 2.26231724804341 2.47912698305191 2.80929638123982 2.38459971036645 1.96380977710437 3.80929311792736 2.50906146050461 2.26305088510617 2.56952667328876 4.89244963623081 4.89244963623081 4.89244963623081 4.89244963623081 4.89244963623081 4.89244963623081 4.89244963623081 4.89244963623081 4.89244963623081 4.89244963623081 4.89244963623081 4.89244963623081
-9999 -9999 -9999 -9999 -9999 -9999 -9999 -9999 -9999 -9999 4.97699411340773 4.97699411340773 4.97699411340773 4.97699411340773 4.97699411340773 4.97699411340773 4.97699411340773 4.97699411340773 2.17120518249561 2.75549404250001 2.22988332243503 2.22832146413436 2.30487401625245 2.29789153828016 2.70452823722677 2.47666218414249 2.87586101739221 2.84034497849078 3.71451247227211 3.80702473188788 3.23496960052842 2.29564765616168 2.29407293308645 2.28266562576428 2.52438903698416 2.40056664423155 4.89244963623081 4.89244963623081 4.89244963623081 4.89244963623081 4.89244963623081 4.89244963623081 4.89244963623081 4.89244963623081 4.89244963623081 4.89244963623081
-9999 -9999 -9999 -9999 -9999 -9999 -9999 -9999 -9999 2.37255382728075 4.97699411340773 4.97699411340773 4.97699411340773 4.97699411340773 4.97699411340773 4.97699411340773 4.97699411340773 2.54138298824551 2.24868206017036 2.71738877955879 2.58937690871966 2.43425660749937 2.22534663721371 2.25812037754931 3.35087257298239 3.37941313803693 2.90528211816299 3.70694282234428 2.2007675654759 2.17490515164485 2.23289603670071 3.20756113697019 2.31557807942276 2.3272860084617 2.30868328234798 2.29706666117216 4.89244963623081 4.89244963623081 4.89244963623081 2.15207829509277 4.89244963623081 4.89244963623081 4.89244963623081 4.89244963623081 4.89244963623081 4.89244963623081
-9999 -9999 -9999 -9999 -9999 -9999 -9999 -9999 -9999 2.35419318097714 4.97699411340773 4.97699411340773 4.97699411340773 4.97699411340773 4.97699411340773 4.97699411340773 2.28925888094908 2.41300822898563 2.15295245515746 2.16127247627393 2.1708110182912 2.09712759585725 3.25157551252292 3.29997491753661 2.54952881324928 2.19968683005628 3.46777741877687 2.17891856002082 3.4296240141576 2.83448186884304 2.31297604378825 2.21906075325783 3.20016280868472 2.48659964294807 2.32697425908266 2.2830783060241 2.83934625419271 2.29075471083496 2.20578022542825 3.35399413209301 4.89244963623081 4.89244963623081 0.739816601124595 4.89244963623081 4.89244963623081 4.89244963623081
-9999 -9999 -9999 -9999 -9999 -9999 2.45832853090227 2.58929967441841 2.39298685143248 2.19657568709674 3.69622613186984 4.97699411340773 4.97699411340773 4.97699411340773 4.97699411340773 2.2929377057345 2.29978106396303 2.22333353414837 2.23857182866152 2.17191263165707 2.76520583688121 3.20863162182413 2.34082576536012 2.22956930283547 2.20643820340557 2.42807279347135 2.46506786216802 2.28645907045803 3.35281569278744 2.29688415765546 2.76884784888071 2.28432822718204 2.54999928780033 3.0928262925538 2.26989493097353 2.30033175250975 2.45080636873049 2.65775189665908 2.30430352184663 3.35399413209301 2.36554668697887 4.89282890131695 2.8915005975939 2.34456827953657 4.89244963623081 4.89244963623081
-9999 -9999 -9999 -9999 -9999 -9999 2.61991183875982 2.68823828086287 2.21747137322912 3.69253593618741 2.15488283241282 4.97699411340773 4.97699411340773 4.97699411340773 4.97699411340773 3.0874528163983 3.03802050913647 3.00213476441529 2.92291425385452 2.87586764260006 2.64407993204116 2.24572035857967 3.11201857766852 3.05259009101301 2.19955259803556 2.20270400060078 2.2950571501892 2.59963181993255 3.31439556564649 2.12547938592327 2.69335971847493 2.28483742726877 2.43485078573299 2.26446480261789 3.03833430123654 2.28952162159586 2.29299526025276 2.58806351323204 2.34636044309899 3.33043095097978 2.39072763158342 4.88863818696881 2.52524940817368 2.81917501292696 2.30981018319665 2.49604822781281
-9999 -9999 -9999 -9999 -9999 2.26308060445396 2.35961939722722 2.66602428442458 3.68586709543965 2.01758051087856 1.94997235143568 4.97699411340773 4.97699411340773 4.97699411340773 2.25600034412581 2.5568772701716 2.15376992305831 2.38643636490839 2.34413127046981 2.84716955536752 2.17641318087101 2.55665993687876 2.48329911571893 3.01369926570464 2.32313301404346 2.21412420218973 2.18294987085654 2.43956971285389 2.56328414249587 3.28348062558341 2.31627195181437 2.5187133638881 2.27700938560815 2.27738322130971 2.85237942521971 2.73818312023909 2.28615752390858 2.33282183117871 2.51741624710331 3.30961572923555 2.3871654426079 4.88836257182887 2.35530981983718 2.71678643388772 2.30222803074572 2.3189364947982
-9999 -9999 2.05745403317456 2.36444549071627 2.21575197484472 2.11216719257683 2.09262486286286 2.4713540318609 3.64622937086537 1.91600180318135 2.57619330155313 2.58763114598669 3.32737281669834 2.22506922596 2.24384256311899 2.40925325391404 2.23636737378238 2.2059804425455 2.1324149598155 2.82864874278906 2.07974421111213 2.45671587822791 2.23935115272329 2.6021901594893 2.95766759060868 2.40789559910342 2.25244845963991 2.220850398214 2.52668289198881 3.27793401976604 3.23672521003602 2.1820939062547 2.28466084173691 2.29714708014831 2.79549465900829 2.19795541012414 2.56646033548284 2.32391022143869 2.39613693952659 3.24542193532658 2.38750355309809 4.88748639366038 2.34079953055551 2.33199813765835 2.4429684854754 2.29214676418543
-9999 2.28006042536557 2.59669039048205 2.25082837058536 1.96338297351251 2.21006257216429 3.6296987118678 3.63468978352218 1.98785240565161 1.90223475222838 2.56283705099842 2.26302044606786 2.74300110486154 3.25596308116978 3.19189742237975 2.27864219553604 2.37693541073981 2.1825172700538 2.4909588368842 2.69338199185519 2.36801846680866 2.22300713969615 2.23367696143655 2.51728598285195 2.1612266781519 2.71927986215575 2.14999324215588 2.09878997041849 2.32725507999161 2.29297457307776 2.58708324753576 3.23014982719359 2.56682259313374 2.20847005646585 2.76991336754247 2.24141496117203 2.49303767779576 2.30198908357849 2.38059845170388 3.20753190266005 2.26406077085634 4.8863951793595 2.31748371531801 2.30274818046613 2.14030533878267 2.57366571252785
-9999 2.24956451150908 2.37430227111913 3.60168381509158 3.60523182338522 3.62251390269962 2.18897459577365 2.28839881096032 2.32364142754817 2.53370919519209 2.27392285530367 2.61421665915042 2.36829529431136 2.6851167728266 2.32539094455112 3.15099851588956 2.9445943869542 2.18515471173589 2.25373457454833 2.2286277548934 2.56181045900372 2.22820609530914 2.23170452798538 2.45723652389179 2.16691629702041 2.66523172507402 2.60081291516888 2.49428406878642 2.1129232814941 2.09358848344764 2.43177685264547 2.27436566352108 3.17335453783299 2.21884188009747 2.23451322741494 2.69680903768295 2.27360904437618 2.24573300252521 2.9672371311741 2.98966537549988 2.24753556277991 2.27349856778053 4.88586710215545 2.90524361620444 2.28894631428652 2.47000604324221
