Model input/Uganda/rivergeometry/river_depth_1oct.asc
NCOLS 67 
NROWS 67 
XLLCORNER 29.500000001 
YLLCORNER -1.499999999 
CELLSIZE 0.0833333332985075 
NODATA_value -9999 
[rows 40 to 59 of 67, columns 0 to 44 of 67]
0.232884124409913 0.202490449854754 1.17097997144651 1.1797902665909 0.16157248859918 0.535609426601523 0.240967071461073 0.289932087667315 0.298603860579241 0.26855053661083 0.258101382421137 0.339015804614114 0.327553622940698 0.491657204598127 0.337527081061845 0.772812555736035 0.648135053758497 0.778878258823096 0.399292272175559 0.402279228940459 0.392508683430765 0.491636889003027 0.390716588913515 0.399687275272471 0.39247117100249 0.32936733695632 0.365304917838805 0.364311564970546 0.273767546858008 0.210539586589952 0.30471318833853 0.256702231130399 0.87482052449562 0.428077114251169 0.341820414092193 0.512704805957345 0.281138794907079 0.273976519653337 0.267858200029188 0.627547255014354 0.669742161781189 0.279530057594189 3.45404599249444 0.404185768148304 0.524331930188605
0.246664017290178 0.318735660920499 1.15366618271893 0.460896249929272 0.451588587019953 0.484439766819935 0.30982815360106 0.291961536943492 0.298385714679125 0.471248355419809 0.524252716958897 0.300695258569892 0.339987726412858 0.341085915869773 0.445191330590121 0.663855703712005 0.35222404725925 0.617785861812295 0.750925251723289 0.678267849575128 0.532350667900782 0.482888091470632 0.378156080662585 0.511894358036769 0.476399494165628 0.371501425938325 0.222128694380243 0.2533183998057 0.240914225638516 0.252757316098171 0.295636086271952 0.437378560649335 0.825107631111402 0.297791850227373 0.29860089419066 0.292436922700022 0.353754819709488 0.269156676923789 0.567273080459626 0.342382898345219 0.635666273409346 0.436722867173453 3.45332621891005 0.326546105978834 0.483985818390402
0.171171705423134 0.214251101047529 1.1199198760908 0.210230654681591 0.432738202186305 0.427318836500731 0.276391931540387 0.383024334399096 0.445497594977188 0.290869611035534 0.309731257395186 0.58648088654618 0.387564115514489 0.308084904405794 0.364915924219181 0.389208738577245 0.519751445462344 0.441875194817142 0.455426349795084 0.371043006464796 0.354306484573409 0.355074949831554 0.37292803339632 0.584515886022868 0.348054717712159 0.652330050887066 0.33553869375485 0.372985304847077 0.280776166843859 0.250677968471639 0.350990499629973 0.26869470706823 0.798544339942532 0.608882624941877 0.42140331586291 0.288498511801618 0.276579996042446 0.263045031435595 0.522442228791736 0.266794114209213 0.531224725567482 0.394602728643578 3.45258794135602 3.45171160796599 0.293855293176965
1.07257594132736 1.11864657828454 0.228139959224295 0.313401701308715 0.374380213159898 0.356862967202805 0.275126202791008 0.376169200285581 0.484473999780734 0.321374872436348 0.37651152878215 0.612616652770104 0.691283880849242 0.352608437934384 0.358146036186236 0.421402950728142 0.365614252177718 0.322103035684237 0.344199287128874 0.38423134174345 0.378892944993465 0.455861306055024 0.70485331635822 0.352175554013503 0.333825994570947 0.677778516762654 0.322609609702712 0.296791552559898 0.523437745304307 0.563003523518935 0.329323095200401 0.236518015079297 0.632826317532756 0.277132309649452 0.468723000630581 0.431115063311761 0.278260233673729 0.43581567896393 0.269888744153279 0.271929055428505 0.507167452844692 0.350686844382762 0.196366498349347 3.45106300976972 0.330310077323981
1.07055351916253 0.513227367980442 0.496665403057235 0.425448362979234 0.404311027827411 0.357832638096793 0.240011747809816 0.318825813153657 0.407897377791149 0.547617310207576 0.518067194346539 0.316545370919026 0.800432638054277 0.511594906208045 0.529418992312727 0.407292398514691 0.394400958680089 0.39689985080613 0.443181834437739 0.486045532140418 0.442072384191876 0.782826958964648 0.308174506005318 0.427384412332008 0.740701817752656 0.398669924246333 0.346599560790869 0.815169582671027 0.549057508513381 0.563003523518935 0.279982507681724 0.255861534934663 0.368687960281243 0.544878412284174 0.48242047732067 0.284383929503633 0.325308513647962 0.392720003822738 0.296651849004032 0.332376405541696 0.446107303419774 0.29854339361896 3.44918357133472 3.44918357133472 3.44918357133472
1.06221556957736 0.372552649456336 0.349158080550719 0.327031644036434 0.483098578918072 0.328367546443097 0.41733829777406 0.46145797846003 0.349021499216188 0.626890772619766 0.553503793198991 0.309283432516808 0.819330856264415 0.40004683679333 0.655170633809974 0.388656154489287 0.617673589308463 0.37341000472528 0.365963440688965 0.619258576313812 0.50260074898788 0.814019896991982 0.826303400250945 0.774304485402305 0.272075421377234 0.328210412369134 0.324872525268364 0.815169582671027 0.563003523518935 0.563003523518935 0.376962172288886 0.260534335782053 0.295027060397232 0.288797628449816 0.252080176748055 0.400430782126204 0.340664012204661 3.44918357133472 3.44918357133472 0.237057689628162 0.294880923040494 0.231545358638687 3.44918357133472 3.44918357133472 3.44918357133472
0.497013494991801 1.04218185410695 0.273302363847492 0.312914949472828 0.5282582952688 0.279137814086691 0.44119641196433 0.465599933292728 1.24546253200974 0.817906083971443 0.618252001165156 0.326030648184154 0.836054837578511 0.740229854775646 0.769416995349883 0.827211792186889 1.02531368542602 1.04061791420609 1.16927299647681 1.27999472880141 1.2790020182866 1.55372948399898 1.5509269411468 0.305948064766606 0.286754119960188 0.285731958791496 0.818574330840409 0.279454728561013 0.284836281013777 0.32430576992448 0.255512741402505 0.258051404672095 0.259779055416698 0.330105983009441 3.44918357133472 3.44918357133472 3.44918357133472 3.44918357133472 3.44918357133472 3.44918357133472 3.44918357133472 3.44918357133472 3.44918357133472 3.44918357133472 3.44918357133472
0.222277952095636 0.992447553596963 0.378320892606878 0.312284486894672 0.323852705454242 0.607424905728544 1.24546253200974 1.24546253200974 1.24546253200974 1.24546253200974 1.16609352829246 1.15928403803191 0.927574069223942 0.914562790642379 0.303965617146895 0.285230202033589 0.599198720348784 0.37152479798594 0.7237075167907 0.436487141248923 0.739840471568815 0.32524086795424 0.438394574799618 1.57568123371673 0.351944142577973 0.823027419712661 0.260420367630329 0.279509876813564 0.270389793304376 0.258731808220184 0.249406871717674 0.325687935044933 3.44918357133472 3.44918357133472 3.44918357133472 3.44918357133472 3.44918357133472 3.44918357133472 3.44918357133472 3.44918357133472 3.44918357133472 3.44918357133472 3.44918357133472 3.44918357133472 3.44918357133472
0.315026356851536 0.992019296244116 0.978743397299223 0.978743397299223 0.63030850599073 0.238216664583731 1.24546253200974 1.24546253200974 1.24546253200974 1.24546253200974 0.284170431350598 0.483135799371307 0.303920912083999 0.606832889871244 0.777461779884853 0.53466718089041 0.438969598217575 0.304555427734049 0.703415619319757 0.332236833843676 0.648643090603083 0.428644783928751 0.358259162589912 0.341533999081767 1.66021515763683 1.71406392013325 1.71353644509969 1.71656938190324 1.72078321924692 0.3276618890131 3.44918357133472 3.44918357133472 3.44918357133472 3.44918357133472 3.44918357133472 3.44918357133472 3.44918357133472 3.44918357133472 3.44918357133472 3.44918357133472 3.44918357133472 3.44918357133472 3.44918357133472 3.44918357133472 3.44918357133472
0.978743397299223 0.978743397299223 0.978743397299223 0.978743397299223 0.978743397299223 0.152023635936927 0.185451310109892 0.268910079363466 1.24546253200974 1.24546253200974 0.376305106498556 0.296253167391122 0.527572234394287 0.281293477757959 0.661675791633334 0.479183876067031 0.259611352422771 0.392060836289072 0.671896120349748 0.637173837590594 0.329588351645763 0.581313429880066 0.328348889338902 0.326731749410335 0.659419473351086 0.300377782307727 0.526070537838962 0.290787619456299 3.44918357133472 3.44918357133472 3.44918357133472 3.44918357133472 3.44918357133472 3.44918357133472 3.44918357133472 3.44918357133472 3.44918357133472 3.44918357133472 3.44918357133472 3.44918357133472 3.44918357133472 3.44918357133472 3.44918357133472 3.44918357133472 3.44918357133472
0.978743397299223 0.978743397299223 0.978743397299223 0.978743397299223 0.978743397299223 0.15916467555191 1.29732319034006 1.24980033886033 1.24546253200974 0.228228645872874 0.301264224676698 0.281028291971456 0.490261416553576 0.271786425330204 0.646283430222097 0.42624215488654 0.245101228208912 0.322112402696466 0.274076357555464 0.604748123331908 0.321423217010239 0.546974250958168 0.320877019161579 0.28200568803113 0.635473982166961 0.250078515134963 0.516509640016906 0.237906428058556 3.44918357133472 3.44918357133472 3.44918357133472 3.44918357133472 3.44918357133472 3.44918357133472 3.44918357133472 3.44918357133472 3.44918357133472 3.44918357133472 3.44918357133472 3.44918357133472 3.44918357133472 3.44918357133472 3.44918357133472 3.44918357133472 3.44918357133472
0.978743397299223 0.978743397299223 0.978743397299223 0.978743397299223 0.978743397299223 1.29720890318389 0.205285239111021 0.591271536661116 0.232814027697347 0.409773200362959 0.266336404811106 0.369394816244139 0.290050494590749 0.279681938607241 0.593601869438305 0.20980046957928 0.372600965803837 0.238145836366549 0.335179067580549 0.476907056475638 0.318908181332344 0.395009271180653 0.320484733623865 0.292933678428029 0.621575574660664 0.229463881833818 0.428782433936576 0.243641217091788 3.44918357133472 3.44918357133472 3.44918357133472 3.44918357133472 3.44918357133472 3.44918357133472 3.44918357133472 3.44918357133472 3.44918357133472 3.44918357133472 3.44918357133472 3.44918357133472 3.44918357133472 3.44918357133472 3.44918357133472 3.44918357133472 3.44918357133472
0.978743397299223 0.978743397299223 0.978743397299223 0.978743397299223 0.978743397299223 0.227055094827684 0.154384999522316 0.555203948622427 0.305213273185397 0.222834948178626 0.306248003199105 0.205084128132501 0.29374536093285 0.398127721073029 0.409386428521302 0.361925591036823 0.241715309823559 0.230861173968452 0.248839546469053 0.332250121978734 0.324917749417238 0.30909829202127 0.295959828540237 0.436254003471716 0.544031985199431 0.316347649285096 0.321281795563831 0.245079777041585 0.290776326109254 0.330949007548567 3.44918357133472 3.44918357133472 3.44918357133472 3.44918357133472 3.44918357133472 3.44918357133472 3.44918357133472 3.44918357133472 3.44918357133472 3.44918357133472 3.44918357133472 3.44918357133472 3.44918357133472 3.44918357133472 3.44918357133472
0.978743397299223 0.978743397299223 0.978743397299223 0.978743397299223 0.978743397299223 0.125960254610604 0.20503697717777 0.542923456396984 0.511354625802289 0.30580116894659 0.373591167378265 0.361996498113098 0.280244407701908 0.340795169254411 0.242069047123795 0.249769768012628 0.244857298353385 0.261940327905885 0.265228761467869 0.272320523361141 0.367226552272704 0.233910482044948 0.29798170702347 0.240003145924875 0.392657973293923 0.252140742753891 0.248463186296116 0.266843718922423 0.396147010959194 0.507910300322639 3.44918357133472 3.44918357133472 3.44918357133472 3.44918357133472 3.44918357133472 3.44918357133472 3.44918357133472 3.44918357133472 3.44918357133472 3.44918357133472 3.44918357133472 3.44918357133472 3.44918357133472 3.44918357133472 3.44918357133472
0.978743397299223 0.978743397299223 0.978743397299223 0.978743397299223 0.142888912420377 0.295349807381468 0.261679662822051 0.375376968380911 0.28389884302948 0.359236000259636 0.462496849226598 0.427485239100683 0.298768157522957 0.270768692714046 0.278203791025607 0.341863361660572 0.258979461002399 0.326360527627362 0.340567863828877 0.600643757835244 0.397476436670697 0.337961440256909 0.295472711589621 0.294119223808121 0.2765273703127 0.201817624434659 0.18810810375642 3.44918357133472 3.44918357133472 3.44918357133472 3.44918357133472 3.44918357133472 3.44918357133472 3.44918357133472 3.44918357133472 3.44918357133472 3.44918357133472 3.44918357133472 3.44918357133472 3.44918357133472 3.44918357133472 3.44918357133472 3.44918357133472 3.44918357133472 3.44918357133472
0.978743397299223 0.978743397299223 0.790769955674889 0.187229241120753 0.48986278951246 0.244004658439955 0.291303665742981 0.294041390098894 0.300705799293996 0.566911291148042 0.301279537003854 0.471225393026904 0.374450636366981 0.282647635207574 0.269311281008777 0.279735065871801 0.415743634357902 0.453293948330299 0.260317528566615 0.600643757835244 0.215916869443839 0.263425559875099 0.205277144994399 0.243200094961095 0.238767506154318 0.157289400301633 0.284178269652738 3.44918357133472 3.44918357133472 3.44918357133472 3.44918357133472 3.44918357133472 3.44918357133472 3.44918357133472 3.44918357133472 3.44918357133472 3.44918357133472 3.44918357133472 3.44918357133472 3.44918357133472 3.44918357133472 3.44918357133472 3.44918357133472 3.44918357133472 3.44918357133472
0.978743397299223 0.978743397299223 0.787932353513326 0.759264570051394 0.22345171231984 0.455403800681194 0.287469360527737 0.273353298854022 0.361209210795863 0.597501056505372 0.291101595881084 0.832663345300734 0.889865367894986 0.911610210579714 0.929018764518756 0.94816736475896 1.06192498211184 0.572363804870166 1.1526494203971 1.1526494203971 1.16809727029815 0.325354704266102 1.17204270943643 0.286758115268114 0.220316006333221 0.280545196519568 3.44918357133472 3.44918357133472 3.44918357133472 3.44918357133472 3.44918357133472 3.44918357133472 3.44918357133472 3.44918357133472 3.44918357133472 3.44918357133472 3.44918357133472 3.44918357133472 3.44918357133472 3.44918357133472 3.44918357133472 3.44918357133472 3.44918357133472 3.44918357133472 3.44918357133472
0.195636386146651 0.637553245836306 0.32434100363143 0.751614799357346 0.246102141370818 0.274569566122089 0.267660550164783 0.474767476594503 0.260656286551034 0.624661334236629 0.727753325384869 0.283314620636006 0.268519451339236 0.29109984202448 0.385376186719961 0.430998855714991 1.06192498211184 1.06192498211184 1.1526494203971 1.1526494203971 1.16809727029815 1.17204270943643 1.17204270943643 0.266459635630433 0.40805086314569 0.248887111657845 3.44918357133472 3.44918357133472 3.44918357133472 3.44918357133472 3.44918357133472 3.44918357133472 3.44918357133472 3.44918357133472 3.44918357133472 3.44918357133472 3.44918357133472 3.44918357133472 3.44918357133472 3.44918357133472 3.44918357133472 3.44918357133472 3.44918357133472 3.44918357133472 3.44918357133472
0.200988956023351 0.620047021732951 0.290868863565323 0.741245954050171 0.23331653486935 0.266034750441329 0.541916766561647 0.498459511347772 0.284451323139795 0.698570569147971 0.356465677363839 0.281284057876322 0.258490592081765 0.260525394124929 0.253562285579034 0.276090124379835 1.06192498211184 1.06192498211184 0.237152169277774 0.220753384101315 0.368463208711196 0.22581129425818 1.17673738782949 0.165458121739922 0.457074427756513 0.474437393944018 3.44918357133472 3.44918357133472 3.44918357133472 3.44918357133472 3.44918357133472 3.44918357133472 3.44918357133472 3.44918357133472 3.44918357133472 3.44918357133472 3.44918357133472 3.44918357133472 3.44918357133472 3.44918357133472 3.44918357133472 3.44918357133472 3.44918357133472 3.44918357133472 3.44918357133472
0.220649531646107 0.612547879183579 0.277420402647602 0.270895958627457 0.723241906998638 0.580930716459339 0.568504770618907 0.269270539287426 0.267266025065011 0.291093414152036 0.302803011928262 0.24217654732126 0.34026348207708 0.244349013710264 0.252274167122991 0.329520081148731 0.308081401230948 0.238997166385727 0.251856589242469 0.287077986151952 0.340514512668171 0.239679465096641 0.225042204210047 1.17828095572679 1.22046877379084 1.22333085876081 3.44918357133472 3.44918357133472 3.44918357133472 3.44918357133472 3.44918357133472 3.44918357133472 3.44918357133472 3.44918357133472 3.44918357133472 3.44918357133472 3.44918357133472 3.44918357133472 3.44918357133472 3.44918357133472 3.44918357133472 3.44918357133472 3.44918357133472 3.44918357133472 3.44918357133472
