Model input/Uganda/rivergeometry/river_restime_1aug.asc
NCOLS 67 
NROWS 67 
XLLCORNER 29.5 
YLLCORNER -1.5 
CELLSIZE 0.0833333333283582 
NODATA_value -9999 
[rows 0 to 18 of 67, columns 0 to 41 of 67]
-9999.000000000000000 -9999 -9999 -9999 -9999 -9999 -9999 -9999 -9999 -9999 -9999 -9999 -9999 -9999 -9999 -9999 -9999 -9999 -9999 -9999 -9999 -9999 -9999 -9999 -9999 -9999 -9999 -9999 -9999 -9999 -9999 0.00222738663114422 0.00157377004855232 -9999 -9999 -9999 -9999 -9999 -9999 -9999 -9999 -9999
-9999 -9999 -9999 -9999 -9999 -9999 -9999 -9999 -9999 -9999 -9999 -9999 -9999 -9999 -9999 -9999 -9999 -9999 -9999 -9999 -9999 -9999 -9999 -9999 -9999 -9999 -9999 -9999 -9999 0.0015603190856279 0.00209272680137009 0.00159840763387891 0.00200898599571686 0.0022608723329786 0.0022478273898252 0.00159435693642066 0.00150905886438532 0.00215402819799663 0.00160975466743769 0.00158094031709846 -9999 -9999
-9999 -9999 -9999 -9999 -9999 -9999 -9999 -9999 -9999 -9999 -9999 -9999 -9999 -9999 -9999 -9999 -9999 -9999 -9999 -9999 -9999 -9999 -9999 -9999 -9999 -9999 -9999 -9999 -9999 0.00134690084628617 0.00162712008508148 0.00138512735278759 0.00159763788643178 0.0011433693522239 0.00161126467255147 0.00165462008346985 0.00119087540853481 0.00122568555325791 0.00131943540543364 0.00139894717766929 0.00158681575495926 0.00215422556500146
-9999 -9999 -9999 -9999 -9999 -9999 -9999 -9999 -9999 -9999 -9999 -9999 -9999 -9999 -9999 -9999 -9999 -9999 -9999 -9999 -9999 -9999 -9999 -9999 -9999 0.00151516776822564 -9999 -9999 -9999 0.00187371317128518 0.00163961358782743 0.00157000597688963 0.00161819628050834 0.00228057918730831 0.00162465694032041 0.00147487998000924 0.0015617746166385 0.00154299354287352 0.00196887632256818 0.00149149195526965 0.00151081543501778 0.00208596069349091
-9999 -9999 -9999 -9999 -9999 -9999 -9999 -9999 -9999 -9999 -9999 -9999 -9999 -9999 -9999 -9999 -9999 -9999 -9999 -9999 -9999 -9999 0.00154976240524998 -9999 -9999 0.00201600591801703 -9999 -9999 -9999 0.000774029455157544 0.00085335870232925 0.000861550988504325 0.0013705308480725 0.00142112784185216 0.00152405130133732 0.0022549823546776 0.00152676700130629 0.00190822971197148 0.00140850225825813 0.00150154916268332 0.00189061593062584 0.00150124070585982
-9999 -9999 -9999 -9999 -9999 -9999 -9999 -9999 -9999 -9999 -9999 -9999 -9999 -9999 -9999 -9999 -9999 -9999 -9999 -9999 -9999 0.00203819516610904 0.00137485029059518 0.00143659110621888 0.00137363078651973 0.002207238818341 0.000691921780297393 0.000688719069932373 0.000973318439007544 0.000686656459075373 0.00159477472873264 0.000858662327983085 0.00107574172624767 0.00108769405694805 0.00151038411109607 0.00176166631438741 0.00127165200988098 0.00142973534171323 0.00210052134279822 0.00148935145608378 0.00216063978489999 0.00127429709431409
-9999 -9999 -9999 -9999 -9999 -9999 -9999 -9999 -9999 -9999 -9999 -9999 -9999 -9999 -9999 -9999 -9999 -9999 -9999 0.00150141016362063 0.00123131517526235 0.00120718206050205 0.00114843958662221 0.00112095146520457 0.00181702376314681 0.00160372143421269 0.000688717756149635 0.000691985133820566 0.000689914057651787 0.0006866552219942 0.00141332683186486 0.00157345417492746 0.00123265997001394 0.00195879383338568 0.00154051769350735 0.00117158133978716 0.00118618686394978 0.00126438209419491 0.00149087854996037 0.00140407643573486 0.00135260773895883 0.00124166892129389
-9999 -9999 -9999 -9999 -9999 -9999 -9999 -9999 -9999 -9999 -9999 -9999 -9999 -9999 -9999 -9999 -9999 0.00140731649874631 0.00134846502233129 0.00181054826817618 0.00153085295978807 0.00204933387939611 0.00202277092860991 0.00111745576890192 0.00232526658332712 0.00126963140968218 0.000976423898616603 0.00217888368380034 0.00134467770047913 0.0013038542382221 0.0010652110220803 0.00153352037082574 0.000869772927919664 0.00153398905721452 0.00204947662118134 0.00188717831844816 0.00133321479178173 0.00143555777978725 0.00151717187237614 0.0015415826337872 0.00183722458573807 0.00158995525636519
-9999 -9999 -9999 -9999 -9999 -9999 -9999 -9999 -9999 -9999 -9999 -9999 -9999 -9999 -9999 -9999 -9999 0.00140281885341227 0.00213193163969024 0.00152336748850874 0.00153432408085714 0.00196084235597401 0.00134732639221073 0.00108991495229715 0.00108485066005119 0.000976618574626074 0.0014912379660204 0.00148496308843103 0.00137981047082752 0.00132622561840793 0.00106869436446611 0.00108654599369591 0.00145737400340495 0.00123391513526178 0.00193046333440329 0.00143437865648327 0.00201272825368997 0.00142107173944604 0.00200839740053601 0.00153063290754824 0.00156311947239804 0.000999842137740648
-9999 -9999 -9999 -9999 -9999 -9999 -9999 -9999 -9999 -9999 -9999 -9999 -9999 -9999 -9999 -9999 -9999 0.00134182073151382 0.00130621447629386 0.00123403012996902 0.00144776226037779 0.00189386783901008 0.00189616410532164 0.00156439679553278 0.000977980700797288 0.00148103219670567 0.0018323405520111 0.00151927256878593 0.00194428694375081 0.00119380701250798 0.00108889689633103 0.00145617836320741 0.00155914211662577 0.000870596301682022 0.000876442120528431 0.00149475493309829 0.00201603458442996 0.00175594667935243 0.00145682200660114 0.00141950537357567 0.00140764125748283 0.00100355908453153
-9999 -9999 -9999 -9999 -9999 -9999 -9999 -9999 -9999 -9999 -9999 -9999 -9999 -9999 -9999 -9999 0.00149227979305416 0.00139328195936728 0.00120413403151253 0.00112952589785319 0.00109519630474982 0.00109118543152698 0.00150839068457089 0.00129875532633332 0.000689722043286367 0.0011894352057412 0.00143898559168848 0.00204073075266401 0.00188152940472195 0.0012668078898237 0.00118081736707421 0.00203425216517119 0.00111598970194702 0.00145440891875511 0.00148923681867405 0.00123759686646511 0.00122659377098772 0.00142165221199033 0.0013876009058439 0.000985188721659608 0.00142927718022662 0.00154002769766543
-9999 -9999 -9999 -9999 -9999 -9999 -9999 -9999 -9999 -9999 -9999 -9999 -9999 -9999 -9999 -9999 0.00149922904075471 0.00177525047636132 0.0014948984546738 0.00195413671064683 0.00140238682238707 0.00217309200553797 0.00156960552061588 0.000978666794946529 0.00142879374139779 0.0012023806085366 0.00123639545293727 0.00142878855277696 0.00141363841888165 0.00131045749535993 0.00123228618813466 0.00170054016656697 0.00113696768578985 0.00144461301905555 0.00142345279802028 0.000926569612462006 0.00136337624049288 0.000967880427580914 0.00120633333003986 0.00152191957861759 0.00183854181532742 0.00133563207107673
-9999 -9999 -9999 -9999 -9999 -9999 -9999 -9999 -9999 -9999 -9999 -9999 -9999 -9999 -9999 0.00150928901103014 0.00186712533372349 0.00146579804148896 0.00137305138557244 0.00173988109762206 0.00146831949511292 0.00198149379537167 0.000691182799645028 0.000691181700896232 0.00143536284842416 0.00200583293499246 0.00141526951831537 0.00199731534839209 0.00141386237078202 0.00135241382317256 0.00141523578923944 0.00185820030930258 0.00117524357895772 0.00215042416199289 0.00150540355974934 0.00129342002509909 0.00132255951807126 0.00153907267450036 0.00143107741627195 0.00176273082557476 0.00214884880932986 0.00142207636300894
-9999 -9999 -9999 -9999 -9999 -9999 -9999 -9999 -9999 -9999 -9999 -9999 -9999 -9999 -9999 -9999 0.00144892874090934 0.00147211949488158 0.00193007827387878 0.0013952444314125 0.00172335744199552 0.00230443902924592 0.000980109929452207 0.000691180675397356 0.00186702568057051 0.00199444471884101 0.00184287280153008 0.00139953830634105 0.00199479384894676 0.00153505868866575 0.00151027665885907 0.0013826760690773 0.00118537805104475 0.00132962016859334 0.00213010212742851 0.0014834214395331 0.000933654877336251 0.00149722535975586 0.00151365101650739 0.00126148511528818 0.00143705191685941 0.00152511742891284
-9999 -9999 -9999 -9999 -9999 -9999 -9999 -9999 -9999 -9999 -9999 -9999 -9999 -9999 -9999 -9999 -9999 0.00148452118272947 0.00133691800475981 0.00124513669069981 0.00123581290421027 0.00113591114087299 0.000691743728775223 0.00180297672742624 0.0013257895861824 0.00125162881042577 0.00199147169853399 0.00180863937468327 0.00149126961770231 0.00150063000553679 0.00210832501779759 0.00147766545728407 0.00125571002563879 0.00137516563282474 0.00147962441983915 0.00148365663636252 0.00126165312483191 0.00133450512903726 0.00146251026387555 0.00147243145870976 0.00148543851677199 0.00155392284392031
-9999 -9999 -9999 -9999 -9999 -9999 -9999 -9999 -9999 -9999 -9999 -9999 -9999 -9999 -9999 -9999 0.00143764419985423 0.0019242112735378 0.00145246238844426 0.00133862537509749 0.0013118933877526 0.00183948764519383 0.000692437317308147 0.00149112066497272 0.00157729802968008 0.00112435459673992 0.00121285422494312 0.00141472417822195 0.00152941203751002 0.00134636950155647 0.00190586990445326 0.0015096188109771 0.00146461735557339 0.00187397713685951 0.00141989731538826 0.00137898271063018 0.00132593416363717 0.00133695746179309 0.00134278370308515 0.0010414667232619 0.00136339075188147 0.00148930245951788
-9999 -9999 -9999 -9999 -9999 -9999 -9999 -9999 -9999 -9999 -9999 -9999 -9999 -9999 -9999 -9999 0.0014419331967196 0.00122847600399214 0.00165618650329271 0.00143654367281715 0.00107965296997585 0.00104946629117006 0.00104935954324676 0.000981928635363695 0.00148630258452451 0.00205320136120922 0.00203531459488275 0.00202043260983645 0.00121224058713894 0.00124501007402191 0.00151593189681261 0.00213051749587441 0.00201360509059898 0.00145014724732485 0.00192015739276228 0.00146937306741373 0.00210562423112394 0.00151169470906019 0.00128698606177282 0.00143407883166796 0.00148590473098744 0.0020506016038298
-9999 -9999 -9999 -9999 -9999 -9999 -9999 -9999 -9999 -9999 -9999 -9999 -9999 -9999 -9999 0.00205950517078946 0.00180831376569663 0.00151920514556444 0.0011803463831372 0.00153747208767189 0.00171284549413617 0.00155746514641201 0.00218312421907013 0.000694366603424673 0.00156660695879339 0.00113181509083032 0.00115238085309319 0.00118068887331549 0.00119801202481251 0.00155360167245565 0.00139723922304666 0.00210082211269059 0.00150459928956101 0.00175460740522375 0.00149397012527769 0.00196483695443253 0.00151255207851804 0.00136425167482439 0.00131905266598132 0.00101340198270061 0.00102082120016117 0.00161261781178697
-9999 -9999 -9999 -9999 -9999 -9999 -9999 -9999 -9999 -9999 -9999 -9999 -9999 -9999 -9999 0.00151767778851004 0.00131920976721418 0.00215035782497678 0.00121138448488711 0.00139614095835376 0.00121932138792486 0.00155937727403637 0.00140934427166122 0.00069434166989653 0.00153718278995918 0.00210683291066923 0.00146442820581695 0.00197046556484687 0.00156452919429625 0.00154802026634446 0.00184909632672397 0.00149302104606055 0.00148961444921255 0.00138036832995822 0.00117675330791311 0.00149513433483818 0.00148321306092492 0.00151426645594557 0.00216266162628789 0.00142791969872801 0.00127756026889874 0.0014652982974425
