Model input/Uganda/rivergeometry/river_depth_1feb.asc
NCOLS 67 
NROWS 67 
XLLCORNER 29.500000001 
YLLCORNER -1.499999999 
CELLSIZE 0.0833333332985075 
NODATA_value -9999 
[rows 40 to 59 of 67, columns 0 to 44 of 67]
0.234540462418911 0.203094714223504 1.27168984534751 1.28074991826171 0.155780075168803 0.452006966273626 0.198608721588636 0.243938138660878 0.268203395632013 0.268998684434824 0.25063083994694 0.313707055918242 0.303219364532498 0.447692113704017 0.308041004648354 0.594332112330714 0.462045238551991 0.534429326691895 0.280552710762507 0.272699593156436 0.26340859095586 0.330042479203267 0.263372394097872 0.165344913171779 0.148616111624512 0.226759099591879 0.256410824651708 0.328797437484871 0.251313399026303 0.208278230427754 0.299427059956152 0.247102771724142 0.826100300929602 0.33215917996075 0.261621853165274 0.432590470492494 0.264352783699546 0.274226035110691 0.266536912876028 0.61598935869829 0.669777074551315 0.277434131808586 3.59752508404841 0.391453284164363 0.50487534666819
0.250018281706086 0.322331429943684 1.25496466307267 0.388073438065321 0.37772019918694 0.406144616778602 0.266891683921359 0.251896514634639 0.293178346024341 0.447394227411235 0.496848797391126 0.270891070044319 0.307361366770726 0.314356396380253 0.370231153098761 0.460906767549338 0.27847923823842 0.412815363050155 0.514574210141977 0.460209774840477 0.36133792789474 0.333498637069816 0.263773158539547 0.221184715633986 0.170854610829185 0.178815350552757 0.159000629977382 0.247479747885379 0.241637051327347 0.246951952920592 0.292166655699308 0.42753277239723 0.777807107179002 0.222739685059621 0.230859436249483 0.232944328633605 0.306754152069553 0.269972650573106 0.554131996006805 0.341996063931608 0.635779413934674 0.430232695198818 3.59707593405159 0.310639193824765 0.464532451625165
0.174915208033035 0.216922654553271 1.2343766480626 0.198702740340706 0.35999742286219 0.349988177646463 0.239790591763188 0.3275406920237 0.388431436254389 0.269156155898627 0.287052195234696 0.549485121530179 0.35099209825132 0.274690164284492 0.269121959360406 0.24812493464048 0.327519930676461 0.29190471111523 0.305175367008411 0.245879644243593 0.235393332344543 0.189998153991775 0.194024493222314 0.255337446198865 0.116432267375558 0.324860458912488 0.253802587834178 0.286223517457773 0.182986948392524 0.122362747608686 0.336208213441045 0.269969769250867 0.761359699852314 0.55779075152919 0.343967931359586 0.228191800760916 0.238334886712032 0.264017002521362 0.506436805581039 0.267173707451202 0.535485723932085 0.389622632591352 3.59663824207273 3.59600213009789 0.280186535389954
1.19869273535535 1.23220569230074 0.229781059388741 0.29296340807964 0.290887623944992 0.270948521564975 0.230751662883972 0.314371111405222 0.422628992774593 0.306988132158296 0.35615731132971 0.57274611208888 0.627728207664502 0.207054709204207 0.202523886407091 0.140723127669406 0.227489856113421 0.196559076911535 0.226983046365811 0.144238366300206 0.124056037822331 0.209136452814782 0.305816401512244 0.120050941794468 0.1418095116871 0.331161268783695 0.126797751630434 0.140025861840217 0.333030318616262 0.453491827992212 0.235738412661353 0.237862852981832 0.621293007540535 0.278798239157715 0.443134029532063 0.401648433540666 0.269922656058496 0.411356282325551 0.270734620408778 0.274434898533675 0.511635214079187 0.34892073400789 0.198708686829184 3.59556500150506 0.296088184308539
1.19570296337424 0.476192817508857 0.45646702660532 0.383222954761414 0.286250031072562 0.250122011438271 0.197425945928661 0.276411317248967 0.329278040586357 0.487926663892063 0.438385187336153 0.237041116118263 0.657501000645123 0.297635921064145 0.195200776563228 0.163153785842616 0.135011311887696 0.175724288519774 0.215722435713006 0.201065035885368 0.159597015132391 0.344013375367115 0.16530457947765 0.229954921867458 0.359729341420292 0.191134689012046 0.156347508769032 0.544908609931043 0.338912638445206 0.453491827992212 0.235840537335041 0.252843140878889 0.369189320304291 0.528244894335959 0.459962341236954 0.280488125673859 0.294194074556059 0.364089940915825 0.285899612438078 0.330031983214687 0.449383211805711 0.297448930301708 3.59426354098094 3.59426354098094 3.59426354098094
1.18727647126485 0.349772292749754 0.321510894772146 0.291585104973262 0.348762263685857 0.253885677540976 0.317413668180332 0.357989572308929 0.288908804036326 0.537961001008311 0.456324609814005 0.193550536748159 0.664541960668425 0.167438088865743 0.250521313814211 0.144784554467284 0.242224444202036 0.146865755093683 0.151277048492459 0.28320783848403 0.229320241984136 0.370312390183859 0.436296088812083 0.400222561411965 0.192471253042444 0.155587419728992 0.197571857210821 0.544908609931043 0.453491827992212 0.453491827992212 0.374412003706362 0.258205645600018 0.294986711076054 0.288958465414508 0.248951869826325 0.369035185877234 0.301900452477645 3.59426354098094 3.59426354098094 0.236105019121619 0.303045441746413 0.237704891519803 3.59426354098094 3.59426354098094 3.59426354098094
0.502641163731697 1.17015044294991 0.263043454146614 0.281113607225925 0.40081728557949 0.246168122741521 0.363150003285173 0.359924960290162 0.955128829390329 0.672766969142195 0.48448771954117 0.20950493364634 0.671060721586445 0.293346827308718 0.299297107518762 0.317739764126494 0.496467248590149 0.506367762429626 0.60173748758723 0.64597570708388 0.649963030054248 0.803086792221335 0.810531986180554 0.202204835784883 0.224547332222055 0.229188505592091 0.55754037092926 0.155262684920531 0.186018468870649 0.324718956070465 0.254725521223425 0.256798263846968 0.257493150187862 0.326892019345518 3.59426354098094 3.59426354098094 3.59426354098094 3.59426354098094 3.59426354098094 3.59426354098094 3.59426354098094 3.59426354098094 3.59426354098094 3.59426354098094 3.59426354098094
0.225585008991494 1.1260610577775 0.358396862936011 0.294775471362852 0.292810652177415 0.486334877828489 0.955128829390329 0.955128829390329 0.955128829390329 0.955128829390329 0.938962076000063 0.935635933976135 0.770204670830661 0.76564852311432 0.208062793509064 0.20775021304579 0.412087475760166 0.220275273314433 0.427980764966616 0.213733455741544 0.41780880482942 0.208019751693953 0.2652408776465 0.841006317078253 0.27776564904383 0.566363686083005 0.164555754172761 0.155616923839713 0.186305714007449 0.258657492147617 0.248742960091735 0.324475972487342 3.59426354098094 3.59426354098094 3.59426354098094 3.59426354098094 3.59426354098094 3.59426354098094 3.59426354098094 3.59426354098094 3.59426354098094 3.59426354098094 3.59426354098094 3.59426354098094 3.59426354098094
0.318229053456167 1.1216466542422 1.10719797399682 1.10719797399682 0.510937166681055 0.208557941864334 0.955128829390329 0.955128829390329 0.955128829390329 0.955128829390329 0.229196339417287 0.329098689094466 0.207143433690955 0.466857407251385 0.686055056957806 0.461669156819637 0.331186898702535 0.163812142231389 0.423239720647742 0.174260163577318 0.381891555255518 0.230772357304152 0.198677126020449 0.176184528182251 0.941048007485685 1.05098083816935 1.05854439042598 1.06813521555511 1.09471608306157 0.326322624390513 3.59426354098094 3.59426354098094 3.59426354098094 3.59426354098094 3.59426354098094 3.59426354098094 3.59426354098094 3.59426354098094 3.59426354098094 3.59426354098094 3.59426354098094 3.59426354098094 3.59426354098094 3.59426354098094 3.59426354098094
1.10719797399682 1.10719797399682 1.10719797399682 1.10719797399682 1.10719797399682 0.148503800981058 0.162719281515273 0.170306740232385 0.955128829390329 0.955128829390329 0.261360550638116 0.193085196772681 0.403820739177965 0.23138796768246 0.59169889144403 0.425082156402902 0.220781109373325 0.290225091540235 0.411675408575167 0.401434754597741 0.187753762278073 0.358746803591978 0.183892475059384 0.208345209431214 0.498710094686696 0.300955606061189 0.521760730609526 0.29143007447071 3.59426354098094 3.59426354098094 3.59426354098094 3.59426354098094 3.59426354098094 3.59426354098094 3.59426354098094 3.59426354098094 3.59426354098094 3.59426354098094 3.59426354098094 3.59426354098094 3.59426354098094 3.59426354098094 3.59426354098094 3.59426354098094 3.59426354098094
1.10719797399682 1.10719797399682 1.10719797399682 1.10719797399682 1.10719797399682 0.125527139739793 1.00661595345488 0.958662750975705 0.955128829390329 0.191786677471064 0.202071089015019 0.202439051507635 0.385204716015002 0.234041405180817 0.579938240034734 0.384945884824991 0.214522356879304 0.256407391197209 0.134964429215461 0.38597935138106 0.183591943798225 0.346080990887253 0.170492557613468 0.191197523721534 0.474762764250058 0.249904270786435 0.510725249623981 0.236596020131953 3.59426354098094 3.59426354098094 3.59426354098094 3.59426354098094 3.59426354098094 3.59426354098094 3.59426354098094 3.59426354098094 3.59426354098094 3.59426354098094 3.59426354098094 3.59426354098094 3.59426354098094 3.59426354098094 3.59426354098094 3.59426354098094 3.59426354098094
1.10719797399682 1.10719797399682 1.10719797399682 1.10719797399682 1.10719797399682 1.00845189005527 0.156435349719844 0.493203013730028 0.188429862696271 0.29853507722762 0.189283059493724 0.273074396229026 0.256639908285936 0.252818592005179 0.536051160010643 0.189997004985249 0.342844945773855 0.216681734467346 0.256071436890781 0.29859397535645 0.189502431039757 0.266802692953929 0.210475705398587 0.201066328046949 0.456595333160815 0.223190246584757 0.422691081561356 0.241528464249663 3.59426354098094 3.59426354098094 3.59426354098094 3.59426354098094 3.59426354098094 3.59426354098094 3.59426354098094 3.59426354098094 3.59426354098094 3.59426354098094 3.59426354098094 3.59426354098094 3.59426354098094 3.59426354098094 3.59426354098094 3.59426354098094 3.59426354098094
1.10719797399682 1.10719797399682 1.10719797399682 1.10719797399682 1.10719797399682 0.202177600046333 0.122170464030857 0.472628976717058 0.224167411841091 0.154657524441118 0.219550381963015 0.152758570045348 0.257356952199253 0.354155117565729 0.371610773816805 0.334195868886315 0.224288129781854 0.214521406085687 0.208027689966766 0.228540833922403 0.204558089245158 0.221184263556945 0.216633445352709 0.319707453945351 0.396638730481164 0.266598375123163 0.315287435976802 0.240983839496352 0.290248923726705 0.304772934306435 3.59426354098094 3.59426354098094 3.59426354098094 3.59426354098094 3.59426354098094 3.59426354098094 3.59426354098094 3.59426354098094 3.59426354098094 3.59426354098094 3.59426354098094 3.59426354098094 3.59426354098094 3.59426354098094 3.59426354098094
1.10719797399682 1.10719797399682 1.10719797399682 1.10719797399682 1.10719797399682 0.119650696605072 0.187751835431404 0.462214642865304 0.434734758920842 0.248053441873671 0.24517651923372 0.256869434995696 0.246614855130939 0.305488161231685 0.224223136290657 0.22925155394749 0.227170575816702 0.230051340388587 0.229330027015135 0.226166165318106 0.246176925844324 0.183976052223612 0.222058711513133 0.175890522807944 0.288786856880357 0.203299868089176 0.244577545781734 0.265486382249938 0.395020452506139 0.485554209139803 3.59426354098094 3.59426354098094 3.59426354098094 3.59426354098094 3.59426354098094 3.59426354098094 3.59426354098094 3.59426354098094 3.59426354098094 3.59426354098094 3.59426354098094 3.59426354098094 3.59426354098094 3.59426354098094 3.59426354098094
1.10719797399682 1.10719797399682 1.10719797399682 1.10719797399682 0.137025459199999 0.265484844018115 0.234314194052544 0.329886202338467 0.233828321336092 0.26690276652625 0.324166913144135 0.312354345904975 0.249076812385499 0.239096973573449 0.237656785610042 0.293453539570201 0.224271575959777 0.287816669348152 0.293454357034374 0.495985363673536 0.32920451916302 0.284622931671063 0.240896278105891 0.222515576808621 0.196712739358889 0.149599022465383 0.185337274413066 3.59426354098094 3.59426354098094 3.59426354098094 3.59426354098094 3.59426354098094 3.59426354098094 3.59426354098094 3.59426354098094 3.59426354098094 3.59426354098094 3.59426354098094 3.59426354098094 3.59426354098094 3.59426354098094 3.59426354098094 3.59426354098094 3.59426354098094 3.59426354098094
1.10719797399682 1.10719797399682 0.742293284860364 0.183079727210538 0.458546226072671 0.219069312144718 0.26287770857971 0.262877469992217 0.266049210278379 0.422448189607452 0.25266549249281 0.35608056260272 0.311870217289244 0.232314522768296 0.231156926018581 0.248673726655644 0.359730047861172 0.39789346253338 0.225354313916915 0.495985363673536 0.183322424897901 0.224294854097674 0.16667353275414 0.192429588717518 0.19524453059203 0.145477148626545 0.282012670990472 3.59426354098094 3.59426354098094 3.59426354098094 3.59426354098094 3.59426354098094 3.59426354098094 3.59426354098094 3.59426354098094 3.59426354098094 3.59426354098094 3.59426354098094 3.59426354098094 3.59426354098094 3.59426354098094 3.59426354098094 3.59426354098094 3.59426354098094 3.59426354098094
1.10719797399682 1.10719797399682 0.738921412880469 0.717292600812226 0.207501650689507 0.428154894710424 0.277051537758086 0.262293455328669 0.329415225633061 0.460914536471571 0.251176982770122 0.689947315648595 0.738649771662991 0.756750716509503 0.772951532175401 0.793138892973499 0.907929284074505 0.503320378337576 0.990579963501115 0.990579963501115 1.00693269215064 0.288628130175588 1.01567116520456 0.253357198003883 0.218327363743199 0.247868938388443 3.59426354098094 3.59426354098094 3.59426354098094 3.59426354098094 3.59426354098094 3.59426354098094 3.59426354098094 3.59426354098094 3.59426354098094 3.59426354098094 3.59426354098094 3.59426354098094 3.59426354098094 3.59426354098094 3.59426354098094 3.59426354098094 3.59426354098094 3.59426354098094 3.59426354098094
0.197202051596838 0.526357858254872 0.264131362796165 0.710626448121224 0.2241816159273 0.264318022356759 0.261692602842522 0.447992374977613 0.253269072480264 0.496219144009748 0.614154002629985 0.251493769702091 0.236627941966836 0.248144095534555 0.349120330387937 0.391810163833314 0.907929284074505 0.907929284074505 0.990579963501115 0.990579963501115 1.00693269215064 1.01567116520456 1.01567116520456 0.265457838556183 0.375835299443044 0.245739834860761 3.59426354098094 3.59426354098094 3.59426354098094 3.59426354098094 3.59426354098094 3.59426354098094 3.59426354098094 3.59426354098094 3.59426354098094 3.59426354098094 3.59426354098094 3.59426354098094 3.59426354098094 3.59426354098094 3.59426354098094 3.59426354098094 3.59426354098094 3.59426354098094 3.59426354098094
0.177696110516778 0.507603905878069 0.21650064623972 0.702144274567628 0.220539889893912 0.251997683167487 0.517048112671854 0.472599356392036 0.27155830635574 0.586592167492312 0.329347018041084 0.254191533856699 0.234361308425241 0.237649764852981 0.231146576079955 0.25604347196283 0.907929284074505 0.907929284074505 0.232337047707678 0.207343804412943 0.356286055568684 0.21651735908258 1.02270861499992 0.166395559034938 0.431202118177457 0.450427398782051 3.59426354098094 3.59426354098094 3.59426354098094 3.59426354098094 3.59426354098094 3.59426354098094 3.59426354098094 3.59426354098094 3.59426354098094 3.59426354098094 3.59426354098094 3.59426354098094 3.59426354098094 3.59426354098094 3.59426354098094 3.59426354098094 3.59426354098094 3.59426354098094 3.59426354098094
0.177561866194943 0.501174514007183 0.201057168134573 0.195407487396102 0.688439448647362 0.553791719052366 0.54248856679434 0.247103988159584 0.257484298947087 0.277539212126499 0.282049663198111 0.225394714295906 0.312509330123587 0.229150099033854 0.238640583173326 0.316520288856723 0.298307419879175 0.230157324594931 0.239994990516828 0.277330275629934 0.330522570007159 0.233678575331315 0.225821420964294 1.02768546494551 1.09147125681936 1.09785892626968 3.59426354098094 3.59426354098094 3.59426354098094 3.59426354098094 3.59426354098094 3.59426354098094 3.59426354098094 3.59426354098094 3.59426354098094 3.59426354098094 3.59426354098094 3.59426354098094 3.59426354098094 3.59426354098094 3.59426354098094 3.59426354098094 3.59426354098094 3.59426354098094 3.59426354098094
