Model input/Uganda/rivergeometry/river_flowvelocity_1nov.asc
NCOLS 67 
NROWS 67 
XLLCORNER 29.500000001 
YLLCORNER -1.499999999 
CELLSIZE 0.0833333332985075 
NODATA_value -9999 
[rows 20 to 39 of 67, columns 0 to 45 of 67]
-9999 -9999 -9999 -9999 -9999 -9999 -9999 -9999 -9999 -9999 -9999 -9999 -9999 -9999 -9999 2.54145346982178 2.30588120807453 2.33661217364972 2.44485214579162 2.32387393363558 2.215170093397 2.3654865178322 2.56904787955371 2.77540722003758 2.91333680910496 2.83677341210694 2.36092051991252 2.48966370555339 5.05162558407077 2.99273319313559 2.25368706654043 2.26491932057894 2.41411843273513 2.41843795126796 3.24875635742784 3.23261615857275 2.70861981633629 2.41442273027791 2.2537500903293 2.34456449590309 2.39312737718057 2.40032161396528 2.4854135602846 2.52503444997754 3.27677687415029 2.2170603902373
-9999 -9999 -9999 -9999 -9999 -9999 -9999 -9999 -9999 -9999 -9999 -9999 -9999 -9999 -9999 2.26519407132355 2.29416800231386 2.27598992676566 2.19429635366806 2.28091550225445 2.42742162010374 2.21826004243788 2.67888596457133 2.33155405261369 5.05594661647819 5.05550862249671 5.05481692953399 5.05241560762675 2.41197659200378 5.04819292779447 5.04784312907834 2.32139654392292 2.56614668870395 2.38751399402464 3.29168766188356 2.25936172214097 2.40942137036768 3.00140014696638 2.88289190286979 2.80506525527317 2.67778544198372 2.2810102599307 2.25975333494784 2.36342642209389 2.34054255480798 3.21755807086113
-9999 -9999 -9999 -9999 -9999 -9999 -9999 -9999 -9999 -9999 -9999 -9999 -9999 -9999 -9999 -9999 2.27743530718766 2.4321391881704 2.35704579427391 2.19103698400621 5.07996982367956 5.07996982367956 5.07996982367956 5.05647419883871 2.37214220560165 2.39673667085166 2.41492063498055 2.77965484065803 2.69859593910933 2.58528702308189 2.46419811385229 5.04670198690205 5.04625903449665 5.04478690345632 2.3708503442157 2.40797769679611 3.08613547889181 2.39065751188824 2.57687949777735 2.40470621004159 2.36524652126213 2.28096349391568 2.25086380597855 2.23805221371014 2.32955876889189 2.32537266109628
-9999 -9999 -9999 -9999 -9999 -9999 -9999 -9999 -9999 -9999 -9999 -9999 -9999 -9999 -9999 -9999 -9999 2.31545631437061 5.07996982367956 5.07996982367956 5.07996982367956 5.07996982367956 5.07996982367956 2.64430600717407 2.55934022479864 2.78613158227099 2.60350680303303 2.74822286564537 2.42533615376741 2.40617829123072 2.33337498535898 2.33426541866672 2.69131173915982 5.03590842955209 2.35647241102264 2.55924377276719 3.17453200574238 2.57280318593515 2.39828046411173 2.37255362480746 2.28165591280668 2.26460751685992 2.49672927649359 2.67324697383451 2.34264876333051 2.2384220251267
-9999 -9999 -9999 -9999 -9999 -9999 -9999 -9999 -9999 -9999 -9999 -9999 -9999 -9999 -9999 2.21487534742513 2.16849749691374 5.07996982367956 5.07996982367956 5.07996982367956 5.07996982367956 5.07996982367956 5.07996982367956 5.07996982367956 3.28374567368858 3.14120020460298 3.08778777456367 2.57948890354562 2.51349387139067 2.23027195568731 2.32631099205874 2.33251218771591 2.33474285154216 2.75932032838179 5.03499200096125 3.18493938632061 2.37931525845636 2.33396044067067 2.33722123023533 2.73208386061841 2.53921197666176 2.25833057333114 2.92904096656312 2.72520558685402 2.26307201126074 2.4183331332457
-9999 -9999 -9999 -9999 -9999 -9999 -9999 -9999 -9999 -9999 -9999 -9999 -9999 -9999 -9999 2.33083859891244 5.07996982367956 5.07996982367956 5.07996982367956 5.07996982367956 5.07996982367956 5.07996982367956 5.07996982367956 5.07996982367956 2.61544634113803 2.45722304251727 2.42118315281707 2.82155740729552 2.3901230514301 2.49498752310174 2.32684959647531 2.32912355336542 2.33555598079575 5.0266789321361 3.05174457884401 2.97837660483396 2.94561975811785 2.88193606833319 2.80077511649561 2.43640409393181 2.43852253337242 2.26835114623147 3.02306959147873 2.50172594689396 2.26013074395918 2.27730189024311
-9999 -9999 -9999 -9999 -9999 -9999 -9999 -9999 -9999 -9999 -9999 -9999 -9999 -9999 -9999 5.07996982367956 5.07996982367956 5.07996982367956 5.07996982367956 5.07996982367956 5.07996982367956 5.07996982367956 5.07996982367956 2.50831726530806 2.91546455559383 2.44198681583861 2.43839816257954 2.74513764053768 2.31887093221584 2.73412095100875 2.48248127910943 2.49473670672352 2.33218966190903 5.02133765328926 5.02206362411861 2.54526064392322 2.37875960142375 2.32881312928415 2.33398552780154 2.62183392444907 2.56664960121799 3.14617852378461 2.29051260368454 2.63899578567705 2.49367405470221 2.39890448047566
-9999 -9999 -9999 -9999 -9999 -9999 -9999 -9999 -9999 -9999 -9999 -9999 -9999 -9999 -9999 5.07996982367956 5.07996982367956 5.07996982367956 5.07996982367956 5.07996982367956 5.07996982367956 5.07996982367956 5.07996982367956 2.29133688198989 2.74290394612225 2.41156937753686 2.35853168391075 2.34500950942611 2.33915592886948 2.32729022660868 2.86904770472524 5.02097822303358 5.02097822303358 5.02097822303358 2.3102219733488 2.32264772971557 2.37457558192157 2.64437647954268 2.79929466583965 3.36717814997098 3.31604193957087 2.94885487139014 2.32481727227849 2.70224648945279 4.94140863213854 4.94140863213854
-9999 -9999 -9999 -9999 -9999 -9999 -9999 -9999 -9999 -9999 -9999 -9999 -9999 -9999 5.07996982367956 5.07996982367956 5.07996982367956 5.07996982367956 5.07996982367956 5.07996982367956 5.07996982367956 5.07996982367956 2.74916477772139 2.61659041260663 2.68769987772059 2.61279492725059 2.34710459525077 2.70557368843296 2.33332652980185 2.29694214900522 2.47446456368796 5.02097822303358 5.02097822303358 5.02097822303358 3.5171788034913 2.49861325134338 2.31760346756445 2.42938756042613 3.44188888518695 2.3633407035439 2.35365086868962 2.85373863372114 2.79593854402041 2.28713107659984 4.94140863213854 4.94140863213854
-9999 -9999 -9999 -9999 -9999 -9999 -9999 -9999 -9999 -9999 -9999 5.07996982367956 5.07996982367956 5.07996982367956 5.07996982367956 5.07996982367956 5.07996982367956 5.07996982367956 5.07996982367956 5.07996982367956 5.07996982367956 2.37737829140626 2.38031366324281 2.30289774858229 2.31341316334735 2.50556605858705 2.32401614032843 2.76101540461251 2.31723079750413 2.22873346612181 2.52292153889914 5.02097822303358 5.02097822303358 5.02097822303358 4.94140863213854 3.49001213056664 3.47470090121196 3.46431298019511 4.94140863213854 4.94140863213854 4.94140863213854 4.94140863213854 4.94140863213854 4.94140863213854 4.94140863213854 4.94140863213854
-9999 -9999 -9999 -9999 -9999 -9999 -9999 -9999 -9999 -9999 2.44570442117065 5.07996982367956 5.07996982367956 5.07996982367956 5.07996982367956 5.07996982367956 5.07996982367956 5.07996982367956 5.07996982367956 5.07996982367956 2.46670593055777 2.2973128408408 2.26837171648232 2.44176403475269 2.30366709842581 2.27525764531672 2.50554225862058 2.89299139660455 2.49575603967709 2.1619044916794 3.97007655585885 2.61047289158903 2.34344059037711 2.67114326314097 4.94140863213854 4.94140863213854 4.94140863213854 4.94140863213854 4.94140863213854 4.94140863213854 4.94140863213854 4.94140863213854 4.94140863213854 4.94140863213854 4.94140863213854 4.94140863213854
-9999 -9999 -9999 -9999 -9999 -9999 -9999 -9999 -9999 -9999 5.07996982367956 5.07996982367956 5.07996982367956 5.07996982367956 5.07996982367956 5.07996982367956 5.07996982367956 5.07996982367956 2.30952029821297 2.88245307622783 2.34567959321024 2.34372328961395 2.33750896330293 2.31010666212143 2.71691110280771 2.49584574979659 2.96762406650201 2.93093708883871 3.87174888980295 3.96699480338159 3.3629212709699 2.38696055010432 2.38940051066463 2.37124434379899 2.62060177239883 2.48107065777099 4.94140863213854 4.94140863213854 4.94140863213854 4.94140863213854 4.94140863213854 4.94140863213854 4.94140863213854 4.94140863213854 4.94140863213854 4.94140863213854
-9999 -9999 -9999 -9999 -9999 -9999 -9999 -9999 -9999 2.4202153530092 5.07996982367956 5.07996982367956 5.07996982367956 5.07996982367956 5.07996982367956 5.07996982367956 5.07996982367956 2.67185276918955 2.33918268956343 2.8437636493629 2.70103676595012 2.5218736664384 2.38113628949625 2.40193172289416 3.52173024706825 3.54596230527367 3.00202718571554 3.86345550579655 2.297864863242 2.29564481464129 2.33823045480165 3.33185032149398 2.41083573584046 2.41950972421257 2.38960404448533 2.36505145823428 4.94140863213854 4.94140863213854 4.94140863213854 2.32066422325619 4.94140863213854 4.94140863213854 4.94140863213854 4.94140863213854 4.94140863213854 4.94140863213854
-9999 -9999 -9999 -9999 -9999 -9999 -9999 -9999 -9999 2.39170462874762 5.07996982367956 5.07996982367956 5.07996982367956 5.07996982367956 5.07996982367956 5.07996982367956 2.39206933529765 2.52558772810667 2.27286280854874 2.26120962982819 2.31675148888687 2.34333513816084 3.43088079576443 3.48335265171272 2.67647018727058 2.31614717100768 3.62970011805937 2.28889044932947 3.55550501328106 2.96196136770378 2.41240369017139 2.3229636704315 3.32247972227573 2.58710302696801 2.41541181500577 2.35526348663969 2.92959891997622 2.35686273929564 2.26664300716875 3.3956438489234 4.94140863213854 4.94140863213854 1.22092545154431 4.94140863213854 4.94140863213854 4.94140863213854
-9999 -9999 -9999 -9999 -9999 -9999 2.46461959309483 2.60359654717151 2.41769815259809 2.19776094104047 3.74435386800208 5.07996982367956 5.07996982367956 5.07996982367956 5.07996982367956 2.41207365458664 2.40419145621721 2.3087739139325 2.28576859652608 2.19612942614093 2.93699011203886 3.37776174997863 2.39636649233404 2.31960760813675 2.3177504645096 2.5529315153936 2.58730247914944 2.39328764800407 3.46739066406418 2.39453716387267 2.8900327769139 2.37892660145632 2.6530093993837 3.20478681342455 2.35422062362715 2.38221373271432 2.53160868373072 2.74163872186988 2.36820285007241 3.3956438489234 2.36976955314474 4.84354686879687 2.9661127664207 2.40180140992938 4.94140863213854 4.94140863213854
-9999 -9999 -9999 -9999 -9999 -9999 2.624401708172 2.70147371553757 2.21888984710093 3.74658509557085 2.1863125618928 5.07996982367956 5.07996982367956 5.07996982367956 5.07996982367956 3.35303940247637 3.30971778036832 3.27952862619152 3.22143419690061 3.19838130097836 2.86247287819259 2.24891109467254 3.26727403981602 3.21007172027363 2.2777127604673 2.32168733945608 2.40328616375959 2.7150040870378 3.42210797213754 2.2484393353597 2.80834730225832 2.37077290519469 2.53066030878847 2.35399702585837 3.14577144422577 2.37292168928228 2.36919038615388 2.66886569842754 2.41017655302224 3.36547747230301 2.41307222322187 4.83832710323057 2.58955411774589 2.8900001965155 2.36472906061421 2.55200998907297
-9999 -9999 -9999 -9999 -9999 2.26988897825443 2.36657903087497 2.66977598916416 3.7488027230643 2.04726901730747 1.99157959820019 5.07996982367956 5.07996982367956 5.07996982367956 2.43568513484282 2.87839923401283 2.36042717611501 2.52951692650049 2.47563435886774 3.18532148591061 2.17730376613157 2.82074781533398 2.62664143935512 3.18128562108254 2.3626385801456 2.31539031819799 2.30629338698943 2.53691956640099 2.65719905142131 3.38721149805819 2.41482015572318 2.62129962184057 2.35819139988172 2.35610122815238 2.97542900779034 2.79484882375224 2.3599104102104 2.40105908296707 2.58706345102252 3.34380712024172 2.41381481188814 4.83845379711363 2.41431306809447 2.78612544838593 2.35698093377896 2.37240115298258
-9999 -9999 2.05614473394786 2.36639195940123 2.21799849553352 2.11785091459669 2.09963020281188 2.47938182927428 3.72174551422145 2.02081597950777 2.69180024662371 2.70726986060583 3.60782411045423 2.44339779917222 2.52918318906692 2.71398490285491 2.52318397903953 2.42988896587234 2.36267084264296 3.17648676898924 2.34485998189524 2.78063716107667 2.50113481733653 2.88044101001932 3.14372316839869 2.44977007243347 2.30381170519248 2.30070270991759 2.61061741290696 3.37992077443474 3.33708173879394 2.28669963573096 2.37497441131005 2.37538160152891 2.9195452170781 2.24338309488595 2.59723725442836 2.38549388502996 2.47398315504036 3.26899071562418 2.41744236385507 4.83774876075383 2.39913195804959 2.39574522181293 2.5062435640267 2.34710780494851
-9999 2.29333106024653 2.60097794455011 2.25734867061205 1.9615831381931 2.21268483434237 3.706351619824 3.71159734794854 2.12138256977921 2.03766977255388 2.66935824707799 2.35687914192078 2.85577710040755 3.55672044228183 3.51223913049727 2.51204049542851 2.67693591714493 2.46500402259733 2.7851639447238 3.02961438687364 2.66143129864268 2.48841578015676 2.51691644109633 2.82245862328896 2.36624951486404 2.82680219928252 2.14959393218075 2.10064344890925 2.36816304743353 2.37935993086485 2.65962080496013 3.32881790208103 2.64570934941073 2.27469053695393 2.89380389180289 2.28904704451929 2.50491250707517 2.33383885043603 2.41799588174064 3.23009043337481 2.27647007712234 4.83667460937655 2.37349249332207 2.3789811742909 2.23319061179046 2.63682063958251
-9999 2.25583461158378 2.38576792741933 3.67682246575838 3.67821318456652 3.70068753439406 2.28724241190874 2.43883338835735 2.41616400138654 2.63036748848139 2.34830436702456 2.67937801864565 2.44353733748838 2.76296851278779 2.38931187353586 3.47763670162059 3.29818713369147 2.45707197686137 2.51110649633041 2.50338056034508 2.87841550860811 2.50327255540917 2.50521629112347 2.7499985095748 2.39772350744279 2.78956843421526 2.74354123873095 2.5762725281538 2.11625373395398 2.13975575899607 2.47721835483269 2.34626226426704 3.26771642114561 2.25265278494216 2.28974548312483 2.83252348950824 2.27540319005012 2.24696741797485 2.9889097382066 3.01137844185207 2.25737385372641 2.27738039051796 4.83648034603391 2.96804016296579 2.35255744262643 2.52839445745777
