Model input/Uganda/rivergeometry/river_flowvelocity_1nov.asc
NCOLS 67 
NROWS 67 
XLLCORNER 29.500000001 
YLLCORNER -1.499999999 
CELLSIZE 0.0833333332985075 
NODATA_value -9999 
[rows 0 to 19 of 67, columns 0 to 45 of 67]
-9999.000000000000000 -9999 -9999 -9999 -9999 -9999 -9999 -9999 -9999 -9999 -9999 -9999 -9999 -9999 -9999 -9999 -9999 -9999 -9999 -9999 -9999 -9999 -9999 -9999 -9999 -9999 -9999 -9999 -9999 -9999 -9999 2.21161627133619 2.20989507215478 -9999 -9999 -9999 -9999 -9999 -9999 -9999 -9999 -9999 -9999 -9999 -9999 -9999
-9999 -9999 -9999 -9999 -9999 -9999 -9999 -9999 -9999 -9999 -9999 -9999 -9999 -9999 -9999 -9999 -9999 -9999 -9999 -9999 -9999 -9999 -9999 -9999 -9999 -9999 -9999 -9999 -9999 2.22329674912613 2.36028873574419 2.19005230924599 2.46131628998739 2.1966881124511 2.20249685830977 2.19816420140425 2.32011071726252 2.29018622684598 2.14372414526846 2.17990262763513 -9999 -9999 -9999 -9999 -9999 -9999
-9999 -9999 -9999 -9999 -9999 -9999 -9999 -9999 -9999 -9999 -9999 -9999 -9999 -9999 -9999 -9999 -9999 -9999 -9999 -9999 -9999 -9999 -9999 -9999 -9999 -9999 -9999 -9999 -9999 2.57445900606132 2.14849951659792 2.5249458622444 3.09830239149467 3.06526943980614 2.18682746096956 2.98342912947185 2.93410932300982 2.84617102976487 2.64129972307267 2.48759661753055 2.1855108548275 2.26030551338519 2.24208002638669 -9999 -9999 -9999
-9999 -9999 -9999 -9999 -9999 -9999 -9999 -9999 -9999 -9999 -9999 -9999 -9999 -9999 -9999 -9999 -9999 -9999 -9999 -9999 -9999 -9999 -9999 -9999 -9999 2.23516376487307 -9999 -9999 -9999 2.61070270211881 2.12665103097295 3.15539848627274 2.18630315302698 2.18341110191784 3.04261934072884 2.38634689792637 2.24930219562662 2.25722808165805 2.4940478909317 2.31972518496398 2.2561706198113 2.28026091694067 2.48796328328883 -9999 -9999 -9999
-9999 -9999 -9999 -9999 -9999 -9999 -9999 -9999 -9999 -9999 -9999 -9999 -9999 -9999 -9999 -9999 -9999 -9999 -9999 -9999 -9999 -9999 2.31250239964611 -9999 -9999 2.38876415521642 -9999 -9999 -9999 5.18970862302158 4.07066333441649 4.02710859472248 2.57303797008799 2.47961065980666 2.31089161080919 2.19990743672863 2.25115142611479 2.47994602729845 2.37126594357404 2.21064695342027 2.51042074754926 2.1705832167162 2.59991573918944 2.17806403807531 -9999 -9999
-9999 -9999 -9999 -9999 -9999 -9999 -9999 -9999 -9999 -9999 -9999 -9999 -9999 -9999 -9999 -9999 -9999 -9999 -9999 -9999 -9999 2.46438625171466 2.54192171856289 2.39119473384682 2.48553316150166 2.17149805647325 5.12631669832894 5.12631669832894 5.13852040016818 5.13852040016818 2.12714469188194 4.02032129908222 3.15338730272159 3.11575403261574 2.29983277849853 2.71074627503519 2.65511759096984 2.33724256447694 2.22861528437933 2.21685104318415 2.21231145546011 2.61413590923747 2.67442104736638 2.18641875512359 -9999 -9999
-9999 -9999 -9999 -9999 -9999 -9999 -9999 -9999 -9999 -9999 -9999 -9999 -9999 -9999 -9999 -9999 -9999 -9999 -9999 2.37185861683564 2.90580749194122 2.96066486168948 3.08994160113132 3.13658923991695 2.65197885956692 2.01054872944845 5.12631669832894 5.12631669832894 5.13852040016818 5.13852040016818 3.4582601818439 2.15432737539472 3.97908170705846 2.4451546710095 3.09801185673676 2.87250137895495 2.83406612547945 2.65101081965022 2.24482350435491 2.39623630373994 2.49201176071774 2.71650065176189 2.91522492425805 2.13024776642139 -9999 -9999
-9999 -9999 -9999 -9999 -9999 -9999 -9999 -9999 -9999 -9999 -9999 -9999 -9999 -9999 -9999 -9999 -9999 2.52733379189162 2.64774299629795 2.78744862763895 2.31407377759024 2.46083681636982 2.40081248827548 3.14196169137906 2.04746251482831 2.71686766887794 5.12617230577546 2.2485655713056 2.54615535941143 2.62373497406163 3.22451262176546 3.20307211201378 3.97711897912722 2.21019121028371 2.34564403870902 2.53181771235143 2.51732617218801 2.34745998750503 2.24180454551891 2.22737553387541 2.62066430961089 2.19343788784855 2.96471644920749 2.16220302204631 2.14025290704294 -9999
-9999 -9999 -9999 -9999 -9999 -9999 -9999 -9999 -9999 -9999 -9999 -9999 -9999 -9999 -9999 -9999 -9999 2.53184254714467 2.37826379599712 2.34330169703915 2.3313418499798 2.56533772577323 2.60507202975414 3.22691294696748 3.24217484852099 5.125083215501 2.2951260569014 2.29010685500323 2.45502596838082 2.57268088463865 3.2112739426915 3.18815855680706 2.34667492632456 3.97409736504089 2.48097023512053 2.36953091037756 2.36955486607425 2.36513656315997 2.4083811028237 2.22685472627172 2.21772154771777 3.42072842807204 2.19001818703268 2.41591336734993 2.16264848881662 2.14527929882493
-9999 -9999 -9999 -9999 -9999 -9999 -9999 -9999 -9999 -9999 -9999 -9999 -9999 -9999 -9999 -9999 -9999 2.67087060544295 2.74661292589902 2.89406968504652 2.47874779223983 2.63541507371682 2.59235354182197 2.08123863796506 5.11800250809089 2.38299145855572 2.64717313136451 2.22542449915263 2.47393966381455 2.87501772573882 3.1563448889491 2.35105533538916 3.15501133860173 3.97223871128794 3.9662627349728 2.2492359604361 2.38012333670137 2.74145343039419 2.36363735470985 2.42927940262967 3.44831630662092 3.42598767355182 3.26669526151849 2.5203586269938 2.18560397693094 3.1252535235554
-9999 -9999 -9999 -9999 -9999 -9999 -9999 -9999 -9999 -9999 -9999 -9999 -9999 -9999 -9999 -9999 2.42540648566089 2.59777909725286 2.98902260456841 3.17689933074144 3.25088532285238 3.25620803784944 3.3200122939277 2.65320414910786 5.1178884568987 2.88352413736957 2.35720714434302 2.35473035674279 2.56422778591286 2.70138484703493 2.93092518323389 2.37278813875489 3.11551775119973 2.41894195033278 2.26713745476164 3.96278829509968 2.77820866922692 2.36953299208252 3.50211582083398 3.49559708124858 2.40321938621319 2.23500147585037 2.21796551970535 3.22057284137953 3.16676006279868 2.19318045461272
-9999 -9999 -9999 -9999 -9999 -9999 -9999 -9999 -9999 -9999 -9999 -9999 -9999 -9999 -9999 -9999 2.40505289748944 2.8579230993277 2.3626271831872 2.50922597365033 2.43905866860179 2.22630859099767 2.11205992462519 5.11478940080139 2.46876990334281 2.83482769612202 2.7707774110098 2.38536104830745 2.40087596653871 2.61618152599504 2.83891972782887 2.89245003811307 3.06155540234292 2.42642963049491 2.4339584325745 3.76111201946622 3.56404736896687 3.55971885329932 2.86448755733724 2.26580097937166 2.64052234387708 2.57309778881755 2.20845191734485 2.59226124027504 2.20352036403873 2.20610309220508
-9999 -9999 -9999 -9999 -9999 -9999 -9999 -9999 -9999 -9999 -9999 -9999 -9999 -9999 -9999 2.34342920994562 2.70753196661025 2.42107858609235 2.56041178906034 2.82959280901162 2.22797141380187 2.39458834115211 5.10698448148299 5.10698448148299 2.41530398942851 2.4245321502951 2.41737543165829 2.41694818651262 2.41166395456107 2.53960411609274 2.46616673210956 2.67302479485768 2.97022769526586 2.28511590078383 2.32425846828319 2.67367927142641 3.73854903175938 2.24985820137543 2.41077259487366 2.75556818748139 2.26413688558814 2.40399354129239 2.22593670451747 2.47062413186452 2.16848647279613 2.0932940129834
-9999 -9999 -9999 -9999 -9999 -9999 -9999 -9999 -9999 -9999 -9999 -9999 -9999 -9999 -9999 -9999 2.45507512169514 2.42999540889391 2.56704553998618 2.44187454417676 2.84930593339509 2.17853568207786 5.10698448148299 5.10698448148299 2.61094125366756 2.4422320425506 2.62882963147198 2.44842912309438 2.45603076389749 2.29078926934077 2.31292139225711 2.53358650357377 2.94704370064988 2.65324147500966 2.31956333346952 2.34054633901893 3.73525815205798 2.26635871491527 2.2838653180489 2.71018723804122 2.39944790784428 2.25641790801718 2.24137928832971 2.3836441521864 2.17998120707705 2.51805850726732
-9999 -9999 -9999 -9999 -9999 -9999 -9999 -9999 -9999 -9999 -9999 -9999 -9999 -9999 -9999 -9999 -9999 2.41116790942423 2.62362759461456 2.76370225434812 2.78899844231102 3.0632142624148 5.10358919757163 2.71641263713904 2.61516235453591 2.73475209128425 2.43787373852596 2.70658979685871 2.32935192250187 2.3319759059085 2.34252374487911 2.36672614601143 2.77062971261405 2.55130281725109 2.37897932901277 2.35494878441734 2.7529086165657 3.70788421722662 2.30884860513324 2.28325556959042 3.32664485043133 2.26120254533055 2.49414116428784 2.33317025890218 3.23337711578181 2.53411025100859
-9999 -9999 -9999 -9999 -9999 -9999 -9999 -9999 -9999 -9999 -9999 -9999 -9999 -9999 -9999 -9999 2.4912069376465 2.62013697147286 2.37291043341202 2.56971494644578 2.62938904395787 2.66641562297817 5.09896176514505 2.37532479320612 3.10723414309135 3.07508281952862 2.85684220640112 2.43303761357668 2.27764854910137 2.59496025962738 2.59547862702693 2.32038163369884 2.36820058657317 2.62748407407296 2.45992200774457 2.53228392095652 2.61919930906622 2.59637249699546 3.68739454889983 3.35738014941347 2.53086526965943 3.31915371342263 3.27845348437798 3.25899304778251 2.31877118470939 3.18183885154797
-9999 -9999 -9999 -9999 -9999 -9999 -9999 -9999 -9999 -9999 -9999 -9999 -9999 -9999 -9999 -9999 2.46906835599296 2.89898570623593 3.02294271127885 2.37972800371682 3.26961208309973 3.35010083462631 3.35130493418438 5.09895437674229 2.36535317628583 2.40674366568346 2.41371798705053 2.42224646224551 2.88411223343439 2.82191185395968 2.29566833518294 2.30661560121444 2.44483447557115 2.39329300853356 2.55227900819359 2.36138808912457 2.34029930151231 2.28941650175628 2.69300690670342 3.46593581872546 2.24416809070745 2.37967953035155 2.20062355718618 2.18023757238828 2.18030784438862 2.32334048242606
-9999 -9999 -9999 -9999 -9999 -9999 -9999 -9999 -9999 -9999 -9999 -9999 -9999 -9999 -9999 2.43673192869914 2.77722472193666 2.34291877252072 3.00213867387428 3.2474399473346 2.84600478916353 2.22870502325512 2.26882409713498 5.08572959697554 3.1680179712954 3.1028915370174 3.04790741380666 2.9787736427981 2.93777233328787 2.2583635791391 2.48610498691737 2.34362407733173 2.31467383466146 2.8029987565192 2.31429768110101 2.50299938268713 2.30033102154101 2.55158561917446 2.62607251367441 3.45961227656305 3.45391827322235 2.1991837129378 2.19482490031246 2.20179719641437 2.33025388526651 2.16946487632374
-9999 -9999 -9999 -9999 -9999 -9999 -9999 -9999 -9999 -9999 -9999 -9999 -9999 -9999 -9999 2.3465415584576 2.68410477285073 2.33465692959904 2.91520841282178 2.47212013215008 2.82181588935454 2.23790366990267 2.52296459831086 5.08565870297003 2.38363348010059 2.36700609768503 2.38934282846675 2.50913395694707 2.24189404871932 2.25436233180956 2.6670777817768 2.32892872421915 2.34615665746222 2.51746821204824 2.94725729936122 2.30089697622857 2.32609925882897 2.28160055114895 2.27031985890394 2.44341595171527 2.72566425895135 3.40067658461427 2.16954328660131 2.58421662483378 2.44556379718828 2.15973304668614
-9999 -9999 -9999 -9999 -9999 -9999 -9999 -9999 -9999 -9999 -9999 -9999 -9999 -9999 -9999 2.30777762907722 2.72402913405453 2.88894186994616 2.28933476897192 2.6372037839297 2.23080761307402 2.19651241205247 2.26239054707532 2.31849366649076 5.07996982367956 2.36353416866464 2.78348040108705 2.37799651132734 2.24321107108638 2.94617530248443 2.73271216942168 2.62894849999767 2.42262981651227 2.63615841855476 3.06360194330349 2.52580244728753 2.53341949989041 2.43036737719989 2.25844942124208 2.25666760624636 2.49566087530433 2.35568750931517 3.38395359978676 3.30391784490981 2.43578165910256 2.16692549886246
