Model input/Uganda/rivergeometry/river_depth_1dec.asc
NCOLS 67 
NROWS 67 
XLLCORNER 29.500000001 
YLLCORNER -1.499999999 
CELLSIZE 0.0833333332985075 
NODATA_value -9999 
[rows 20 to 39 of 67, columns 0 to 44 of 67]
-9999 -9999 -9999 -9999 -9999 -9999 -9999 -9999 -9999 -9999 -9999 -9999 -9999 -9999 -9999 0.40292716253774 0.291058499202948 0.304454825576369 0.350477134593337 0.255315011571286 0.212856045122657 0.273665683084905 0.384348456795267 0.482399248601905 0.546924793891935 0.495596483610078 0.258497082424753 0.322400987743585 3.93887275374654 0.661213294449884 0.256412147938575 0.261338891955841 0.32120255901034 0.321922343436246 0.868199218285611 0.854507580880573 0.476376000866122 0.327484381641743 0.263466442955635 0.303291099700754 0.319095716899643 0.31694503873667 0.360568684041629 0.383756611965283 0.900164446277513
-9999 -9999 -9999 -9999 -9999 -9999 -9999 -9999 -9999 -9999 -9999 -9999 -9999 -9999 -9999 0.274373076095915 0.285975798879002 0.27918195838274 0.243911545878935 0.271647382586503 0.324574892326721 0.234510163730686 0.427137155370035 0.270476098561515 3.94970246196818 3.94765093258337 3.94570186095319 3.94063869740891 0.283937476320151 3.93027723390368 3.92904022617256 0.282815475544382 0.393518129571926 0.30912524030436 0.905842206719281 0.255526747780791 0.326075734776384 0.685399039503588 0.598479119002204 0.543045974991 0.457873464439579 0.267873105668512 0.259006869197309 0.299891651085676 0.293974913162838
-9999 -9999 -9999 -9999 -9999 -9999 -9999 -9999 -9999 -9999 -9999 -9999 -9999 -9999 -9999 -9999 0.278334520168684 0.346551399836614 0.306808606620536 0.237057155481309 4.05768265841812 4.05768265841812 4.05768265841812 3.95209073823865 0.298511129561638 0.305810066096506 0.292990239014726 0.479384809596918 0.440781282574186 0.392846025767806 0.341277047938473 3.9258315462418 3.92416346871171 3.92003648735595 0.302403794926931 0.323877073704573 0.75433239721371 0.328214067096997 0.408473890884804 0.320862210589053 0.295707101732806 0.263639281279421 0.251951184744681 0.246602784984826 0.285114644584792
-9999 -9999 -9999 -9999 -9999 -9999 -9999 -9999 -9999 -9999 -9999 -9999 -9999 -9999 -9999 -9999 -9999 0.287920182963286 4.05768265841812 4.05768265841812 4.05768265841812 4.05768265841812 4.05768265841812 0.420015289516785 0.379408730391798 0.489605497197105 0.380636648884895 0.451975428018647 0.291741146825122 0.31313729047877 0.28533610845266 0.286203650821346 0.460758879467952 3.89862085715898 0.29860537039587 0.403741665783509 0.823791600081266 0.396910621988362 0.31482580065784 0.313187020855664 0.261481052042155 0.257103416688401 0.360064018015134 0.452733988727845 0.293360338173791
-9999 -9999 -9999 -9999 -9999 -9999 -9999 -9999 -9999 -9999 -9999 -9999 -9999 -9999 -9999 0.254008632376563 0.2319162388941 4.05768265841812 4.05768265841812 4.05768265841812 4.05768265841812 4.05768265841812 4.05768265841812 4.05768265841812 0.841225656315423 0.720168275365667 0.680864134307567 0.371773213823009 0.345355163915991 0.242621939802028 0.282572026886755 0.285569817251734 0.286957369608053 0.500449835305982 3.89571203050261 0.832172559138148 0.303877198860442 0.291209465450972 0.303033503956143 0.490658180091874 0.376019820172119 0.254989657028692 0.613442630206535 0.483073243409647 0.260134926197479
-9999 -9999 -9999 -9999 -9999 -9999 -9999 -9999 -9999 -9999 -9999 -9999 -9999 -9999 -9999 0.299618290501904 4.05768265841812 4.05768265841812 4.05768265841812 4.05768265841812 4.05768265841812 4.05768265841812 4.05768265841812 4.05768265841812 0.396807375770355 0.319156827846676 0.291714288525324 0.510923754625106 0.297714611055766 0.356450136322734 0.282440038484533 0.28391179698561 0.286930435376568 3.87449941526012 0.713530865719752 0.663001257816407 0.638983359862933 0.593326008745483 0.535002918479853 0.329211329942129 0.330174897218764 0.258462819715648 0.681252129456732 0.364317986899491 0.257070870026613
-9999 -9999 -9999 -9999 -9999 -9999 -9999 -9999 -9999 -9999 -9999 -9999 -9999 -9999 -9999 4.05768265841812 4.05768265841812 4.05768265841812 4.05768265841812 4.05768265841812 4.05768265841812 4.05768265841812 4.05768265841812 0.34590815216578 0.57858418615533 0.295033132783164 0.304610934951208 0.473135783944591 0.276880649324191 0.483714169949007 0.350796650234963 0.35728433373111 0.285617180544297 3.85934173092793 3.86275097738511 0.38050945469131 0.303555887563806 0.281834659934624 0.283452433390193 0.404957558452559 0.377723187906602 0.761868857443674 0.256388905047999 0.432219957855715 0.357815921817079
-9999 -9999 -9999 -9999 -9999 -9999 -9999 -9999 -9999 -9999 -9999 -9999 -9999 -9999 -9999 4.05768265841812 4.05768265841812 4.05768265841812 4.05768265841812 4.05768265841812 4.05768265841812 4.05768265841812 4.05768265841812 0.249052537293978 0.482362058845621 0.312305995840791 0.292991012913547 0.286296049983545 0.284802408388992 0.279944271417455 0.568237884474026 3.85827246855917 3.85827246855917 3.85827246855917 0.275926432393762 0.280348535752971 0.301032330605173 0.430702890789352 0.506447747903254 0.944966818526631 0.903334932977766 0.608843733985935 0.263589046951152 0.468367576407306 3.68362548363868
-9999 -9999 -9999 -9999 -9999 -9999 -9999 -9999 -9999 -9999 -9999 -9999 -9999 -9999 4.05768265841812 4.05768265841812 4.05768265841812 4.05768265841812 4.05768265841812 4.05768265841812 4.05768265841812 4.05768265841812 0.496074902737261 0.424750663069781 0.458441949825827 0.419278743873523 0.286755954357713 0.463442677343741 0.282224658967945 0.265406823042481 0.342375425750975 3.85827246855917 3.85827246855917 3.85827246855917 1.08088927879815 0.333282658058406 0.267299317810927 0.284233565701242 1.01190148067733 0.282296546824917 0.29825507072121 0.561017321626363 0.523489251099752 0.262732172023005 3.68362548363868
-9999 -9999 -9999 -9999 -9999 -9999 -9999 -9999 -9999 -9999 -9999 4.05768265841812 4.05768265841812 4.05768265841812 4.05768265841812 4.05768265841812 4.05768265841812 4.05768265841812 4.05768265841812 4.05768265841812 4.05768265841812 0.297894026134693 0.302331799695361 0.282485356206033 0.295880866842173 0.367607473348116 0.289391835926551 0.497840815950056 0.272808638099106 0.234140751651444 0.360709457187102 3.85827246855917 3.85827246855917 3.85827246855917 3.68362548363868 1.05396702305675 1.03782620442656 1.0296025393717 3.68362548363868 3.68362548363868 3.68362548363868 3.68362548363868 3.68362548363868 3.68362548363868 3.68362548363868
-9999 -9999 -9999 -9999 -9999 -9999 -9999 -9999 -9999 -9999 0.347599598078034 4.05768265841812 4.05768265841812 4.05768265841812 4.05768265841812 4.05768265841812 4.05768265841812 4.05768265841812 4.05768265841812 4.05768265841812 0.338902075799165 0.267728330994651 0.275325853206799 0.354359927932475 0.292563384877472 0.28014332949121 0.38030447953154 0.591627065806908 0.347988670451201 0.197988015905607 1.70216383247684 0.411719285434794 0.289560122828758 0.445042218630888 3.68362548363868 3.68362548363868 3.68362548363868 3.68362548363868 3.68362548363868 3.68362548363868 3.68362548363868 3.68362548363868 3.68362548363868 3.68362548363868 3.68362548363868
-9999 -9999 -9999 -9999 -9999 -9999 -9999 -9999 -9999 -9999 4.05768265841812 4.05768265841812 4.05768265841812 4.05768265841812 4.05768265841812 4.05768265841812 4.05768265841812 4.05768265841812 0.272477571799033 0.568691596298239 0.282053242911482 0.281138685144554 0.304295812635742 0.295281756799308 0.507396443334533 0.379135287143204 0.642456574807294 0.615428413290918 1.5619462403268 1.6960219917258 0.974100022842096 0.304638441986228 0.305125543840907 0.298688014789256 0.418170238043623 0.350261675306537 3.68362548363868 3.68362548363868 3.68362548363868 3.68362548363868 3.68362548363868 3.68362548363868 3.68362548363868 3.68362548363868 3.68362548363868
-9999 -9999 -9999 -9999 -9999 -9999 -9999 -9999 -9999 0.329786446319615 4.05768265841812 4.05768265841812 4.05768265841812 4.05768265841812 4.05768265841812 4.05768265841812 4.05768265841812 0.438936815097536 0.281090341669635 0.543163733985343 0.460875351500431 0.371751174609936 0.288123978106434 0.295361726724469 1.11765531570007 1.14851877808784 0.666148618238152 1.54950951419764 0.264551610626473 0.258186789888371 0.279846930123136 0.946516020333296 0.315247933257948 0.320386668271736 0.309172347358472 0.300310493584033 3.68362548363868 3.68362548363868 3.68362548363868 0.271271109593468 3.68362548363868 3.68362548363868 3.68362548363868 3.68362548363868 3.68362548363868
-9999 -9999 -9999 -9999 -9999 -9999 -9999 -9999 -9999 0.319549105023839 4.05768265841812 4.05768265841812 4.05768265841812 4.05768265841812 4.05768265841812 4.05768265841812 0.301791119898249 0.363982968583531 0.252017000229882 0.251428227870078 0.26224573494933 0.252027095245887 1.01438055254607 1.06805823907674 0.443245177978048 0.26955485380762 1.24595403767464 0.258498150425702 1.18209286973361 0.624135444194605 0.312679579629231 0.273935954185538 0.938208183950561 0.400602919968989 0.320098188141775 0.297165713593296 0.614213014958211 0.297723695298437 0.260064248391761 1.04830314983281 3.68362548363868 3.68362548363868 0.0366554011543308 3.68362548363868 3.68362548363868
-9999 -9999 -9999 -9999 -9999 -9999 0.367409309267412 0.435583233155105 0.335159964040249 0.249374506983444 1.5924350526411 4.05768265841812 4.05768265841812 4.05768265841812 4.05768265841812 0.310755821407543 0.306684446589883 0.272625148338088 0.273087125866645 0.250665239790336 0.589486364402159 0.965483910386376 0.324963119783755 0.281646120074418 0.275851953575286 0.37894448597677 0.398616622809391 0.30621662131139 1.09471758337833 0.305147919368741 0.575955905133774 0.299310024565611 0.43611391289167 0.837633904056632 0.294661326647721 0.306269197259939 0.376720691352264 0.491731283821645 0.300634681564192 1.04830314983281 0.319934445641537 3.54465321534538 0.642284187166092 0.316474137666172 3.68362548363868
-9999 -9999 -9999 -9999 -9999 -9999 0.453111802265032 0.493558569378882 0.258187978006152 1.59123422143641 0.241666910282343 4.05768265841812 4.05768265841812 4.05768265841812 4.05768265841812 0.887833939501295 0.846340077798464 0.815462805195842 0.756437635028187 0.726367360632632 0.517896758444288 0.27000365070425 0.867839564945469 0.816088586733536 0.263147079493942 0.272426553163066 0.312390155363535 0.466966915769907 1.0519894792188 0.240953157992648 0.524395662212978 0.299292969592143 0.373431232520935 0.292724078392389 0.789399430678548 0.302846359800537 0.301309301819881 0.449614618677087 0.319739696962799 1.0219653724781 0.333249084895345 3.53434804598321 0.406154419278747 0.589626410423581 0.302078161161668
-9999 -9999 -9999 -9999 -9999 0.279870305248724 0.321286251739096 0.479656652067224 1.58823122545069 0.189919793961404 0.172752380025821 4.05768265841812 4.05768265841812 4.05768265841812 0.294298102313179 0.485680057890886 0.263323459860647 0.356858586935595 0.336165575082393 0.706846047911944 0.242173245708608 0.475358760039231 0.401041716404458 0.785115279389564 0.307107394777315 0.271423373845388 0.26729529692162 0.374553821673047 0.440997645423405 1.01867677053348 0.31486398689955 0.419455905314566 0.297043980352008 0.298215810552267 0.651550088741173 0.539105024906525 0.299328571596212 0.316672658120105 0.404634932694148 1.00122487029183 0.33188731743598 3.53480996575172 0.320997896134662 0.521025007224296 0.298666487819969
-9999 -9999 0.201509436436849 0.322437007605894 0.259721355704186 0.221252919152961 0.214550885313645 0.374720139462432 1.55185912024219 0.165431220454192 0.446462569872744 0.456137182324496 1.13481584230566 0.287906422152886 0.309716287155495 0.399769098304693 0.312375796715281 0.288949541400729 0.263790798793975 0.692880659196167 0.251754983777534 0.43225847764022 0.304969789782755 0.513674998519267 0.744138387918113 0.348248029967835 0.280593270939124 0.273094260717566 0.418707372222693 1.01145213021606 0.969495823870367 0.262372243105043 0.301622822590994 0.307549782653847 0.611630635759308 0.259734444229177 0.428343207744647 0.311724017591084 0.348031704993037 0.9361680235723 0.332654459966968 3.53343920188496 0.314897708098682 0.311768742817241 0.366901421715047
-9999 0.289828161454439 0.441317839791853 0.273820656348725 0.17202321315445 0.255813300681222 1.53576819165712 1.54079213404253 0.187189453182661 0.163233357704407 0.435813300945607 0.285234131958399 0.548441937271457 1.07218763624031 1.01421815996959 0.31945912862905 0.383740795066961 0.289614119404214 0.443250244705575 0.587358346785913 0.377023426789646 0.299970812669202 0.306794986305114 0.470158177725892 0.267245986142009 0.550347687414386 0.233142800999228 0.215477754652136 0.311098765104377 0.304506041161384 0.451132348798682 0.962192645410519 0.444618597818989 0.26873186139671 0.5928685838165 0.277837782021321 0.384302343340272 0.297024304219596 0.333123828197879 0.900866752111582 0.277671527665504 3.531348941712 0.30589092326003 0.301566334602356 0.243951560931869
-9999 0.273817779263287 0.330554943630242 1.50801723723562 1.51058312531745 1.52911109554727 0.26276257558121 0.311376949209516 0.309933975128922 0.417321387945949 0.287151979599973 0.459286227014942 0.335756756221711 0.507961939987359 0.310990358498209 0.975770893789797 0.804389468817284 0.288708789535307 0.313390320013153 0.305677345711788 0.494979905918317 0.30433374245954 0.30645745977378 0.432856473416712 0.274418933103943 0.520246134154397 0.484262852237396 0.409527097506897 0.220659045494232 0.22063772986689 0.362874292529848 0.294619923407258 0.905394271842519 0.266474128413104 0.277496474960489 0.547779172381593 0.280192742480293 0.268526822590321 0.692790589711981 0.714322344822506 0.272326837523852 0.280004644089063 3.53075375501955 0.653661618182397 0.295867396720982
