Model input/Uganda/rivergeometry/river_width_1oct.asc
NCOLS 67 
NROWS 67 
XLLCORNER 29.500000001 
YLLCORNER -1.499999999 
CELLSIZE 0.0833333332985075 
NODATA_value -9999 
[rows 0 to 19 of 67, columns 0 to 45 of 67]
-9999.000000000000000 -9999 -9999 -9999 -9999 -9999 -9999 -9999 -9999 -9999 -9999 -9999 -9999 -9999 -9999 -9999 -9999 -9999 -9999 -9999 -9999 -9999 -9999 -9999 -9999 -9999 -9999 -9999 -9999 -9999 -9999 0.793657055924176 0.789905174816519 -9999 -9999 -9999 -9999 -9999 -9999 -9999 -9999 -9999 -9999 -9999 -9999 -9999
-9999 -9999 -9999 -9999 -9999 -9999 -9999 -9999 -9999 -9999 -9999 -9999 -9999 -9999 -9999 -9999 -9999 -9999 -9999 -9999 -9999 -9999 -9999 -9999 -9999 -9999 -9999 -9999 -9999 0.827001916301663 1.12618568378671 0.751521339970147 1.41657603091043 0.757515109240208 0.77047413475571 0.760922580698025 1.02098745453122 0.951494009486951 0.660284271976607 0.718145991656042 -9999 -9999 -9999 -9999 -9999 -9999
-9999 -9999 -9999 -9999 -9999 -9999 -9999 -9999 -9999 -9999 -9999 -9999 -9999 -9999 -9999 -9999 -9999 -9999 -9999 -9999 -9999 -9999 -9999 -9999 -9999 -9999 -9999 -9999 -9999 1.84850742051202 0.679813563373954 1.62332169558351 4.93601155517143 4.65876773747308 0.737326543575525 4.0220969412756 3.67342368070098 3.11089366652851 2.06294988106014 1.48895907470287 0.738015508005772 0.886213970010375 0.905736893557298 -9999 -9999 -9999
-9999 -9999 -9999 -9999 -9999 -9999 -9999 -9999 -9999 -9999 -9999 -9999 -9999 -9999 -9999 -9999 -9999 -9999 -9999 -9999 -9999 -9999 -9999 -9999 -9999 0.958871119415686 -9999 -9999 -9999 2.0406027319341 0.654065040532325 5.45332599437743 0.736261798239509 0.731781102496809 4.47579526144222 1.18906218492343 0.861734707957019 0.877307777521785 1.52296391141647 1.03615191765283 0.891499768442455 0.977963249814468 1.56491478130222 -9999 -9999 -9999
-9999 -9999 -9999 -9999 -9999 -9999 -9999 -9999 -9999 -9999 -9999 -9999 -9999 -9999 -9999 -9999 -9999 -9999 -9999 -9999 -9999 -9999 0.965953008030213 -9999 -9999 1.37091161470148 -9999 -9999 -9999 80.0936030038721 22.3082481227841 21.0725476268102 1.78975168468958 1.46384082847849 0.997129968913587 0.764068646087757 0.896126777220821 1.57688468091003 1.23475371878073 0.855742520120887 1.65737537931683 0.782985958556953 1.98614233961466 0.722632687587377 -9999 -9999
-9999 -9999 -9999 -9999 -9999 -9999 -9999 -9999 -9999 -9999 -9999 -9999 -9999 -9999 -9999 -9999 -9999 -9999 -9999 -9999 -9999 1.44399035481301 1.8128642432201 1.40676903186787 1.68545018745729 0.86050757443012 74.2815612606416 74.2815612606416 75.5201657512365 75.5201657512365 0.761514557062396 20.9001479664103 6.00271260173021 5.60803794491556 0.999664566768404 2.5835807391089 2.30577905425783 1.18031710301863 0.900646231849888 0.87096296560809 0.821487507229141 2.08183955092117 2.31024171530142 0.739812759003435 -9999 -9999
-9999 -9999 -9999 -9999 -9999 -9999 -9999 -9999 -9999 -9999 -9999 -9999 -9999 -9999 -9999 -9999 -9999 -9999 -9999 1.1575685451068 3.49143658629386 3.88945068120709 5.05263390994556 5.59160239142132 2.47250850115395 0.64553430847746 74.2815612606416 74.2815612606416 75.5201657512365 75.5201657512365 9.89001411895222 0.807842132917334 19.595437325465 1.57005776281715 5.46541664248916 3.65507893208176 3.38631327055884 2.32769773897286 0.921735875753234 1.29193928009993 1.5770630823173 2.53246839307795 3.69644455126044 0.651403520449129 -9999 -9999
-9999 -9999 -9999 -9999 -9999 -9999 -9999 -9999 -9999 -9999 -9999 -9999 -9999 -9999 -9999 -9999 -9999 1.63520454588724 2.10501666937452 2.78217937794649 1.0222902368297 1.43247873683762 1.47893390071821 5.66223040249223 0.630120874105341 2.73009022522576 74.2607132493732 0.948708575723817 2.00034447723546 2.30966396127077 6.89621193488429 6.32851418470786 19.5466671106246 0.907739854451116 1.24331249673364 1.8647251378894 1.79627024042454 1.22005200592098 0.886386361591547 0.83638095120615 2.04775561272514 0.739458617186248 4.02924225548606 0.707425259821052 0.668426579908685 -9999
-9999 -9999 -9999 -9999 -9999 -9999 -9999 -9999 -9999 -9999 -9999 -9999 -9999 -9999 -9999 -9999 -9999 1.64434869750227 1.16259856878995 1.07959098322065 1.04804804050097 1.78684705882401 2.11269493872621 6.65650474921537 6.8259044225141 74.1829383813078 1.14672975446459 1.16485543394363 1.6907258951502 2.13368380982731 6.75926095245945 6.16728101505854 1.2581537093293 19.4595145908524 1.6782623617468 1.30655861561526 1.29699902542201 1.2696112121527 1.30133929626743 0.839475857170355 0.792928653272814 8.57105884517445 0.738077335979664 1.29433672591978 0.70528437181632 0.659655402725049
-9999 -9999 -9999 -9999 -9999 -9999 -9999 -9999 -9999 -9999 -9999 -9999 -9999 -9999 -9999 -9999 -9999 2.19021193248146 2.54965624050212 3.39604783150983 1.45288056452972 2.15411476103653 2.01629486291397 0.750148656478794 73.5504317287331 1.24422718272886 2.41538030102927 0.998865097484022 1.72050261186727 3.7736860751039 6.09592955022347 1.27077119120148 5.77570202425869 19.4126877282745 19.2253294925812 0.978435553070839 1.32230453848793 2.73868278255604 1.18197330758226 1.32184645554488 8.94683268951956 8.64099112873327 6.58946238509832 1.61126056822079 0.71529245759566 5.15331963228773
-9999 -9999 -9999 -9999 -9999 -9999 -9999 -9999 -9999 -9999 -9999 -9999 -9999 -9999 -9999 -9999 1.30535498703814 1.88168823494623 4.08001117094935 5.7149493053362 6.66183256155284 6.75404120839938 7.51716735117678 2.36531496730039 73.5837098637608 3.87845959101367 1.32592054405608 1.3191402173056 2.05932015122354 2.64628055671945 3.93374836749219 1.33123625906491 5.33636590973299 1.31267539555174 1.01675790915481 19.1217504076032 2.96001800028184 1.2832480249054 9.73475997884898 9.63954241368377 1.25774276674763 0.851076552669399 0.813451485259334 6.09183155457529 5.5467320991983 0.761303235790849
-9999 -9999 -9999 -9999 -9999 -9999 -9999 -9999 -9999 -9999 -9999 -9999 -9999 -9999 -9999 -9999 1.23713019629948 3.1874306078632 1.20402649144132 1.77665397608313 1.57531377810494 0.912442514879152 0.794662929214477 73.288930875596 1.50337941392659 3.54505650040777 3.13009848514907 1.40203609466673 1.44433101180011 2.19389893392566 3.22385205556168 3.61895494300903 4.82391511599339 1.35576224398975 1.4344206610008 14.238293095692 10.771364369416 10.6888948034416 3.30331436657103 0.911380078457726 2.10804009955188 1.83263494281697 0.796495322627249 1.88296245903014 0.785685506929474 0.783056644445103
-9999 -9999 -9999 -9999 -9999 -9999 -9999 -9999 -9999 -9999 -9999 -9999 -9999 -9999 -9999 1.10101961408895 2.38566207424383 1.32473494790897 1.86112121638401 3.2855388983642 1.10394929524584 1.50769658180083 72.633919114698 72.633919114698 1.42886065720756 1.49064463702847 1.47184836138007 1.48223524367248 1.46443857453492 1.85154412094494 1.4705049744095 2.26327357239494 4.03836367392339 0.989533076080849 1.06002634431519 2.31041077803657 13.7250051495443 0.884641369224569 1.28071430292942 2.69324391285187 0.915003530658708 1.2650540617952 0.830120843409367 1.44900747054107 0.711300077501432 0.584113544455269
-9999 -9999 -9999 -9999 -9999 -9999 -9999 -9999 -9999 -9999 -9999 -9999 -9999 -9999 -9999 -9999 1.40263918170101 1.26484162432313 1.86562051456988 1.59225226254664 3.4332711071067 0.810723815309164 72.633919114698 72.633919114698 2.22297244237979 1.53554997795827 2.29745940520034 1.56568457394669 1.50153093641559 0.982095574564362 1.0309851698566 1.68328822578027 3.85867518173511 2.15357352942668 1.04363590528092 1.10061162880919 13.6492451205385 0.98601511872251 0.965259752301192 2.47231173151139 1.25286194956571 0.897976795457857 0.858889736071591 1.19367292766855 0.719807415231424 1.58012003074345
-9999 -9999 -9999 -9999 -9999 -9999 -9999 -9999 -9999 -9999 -9999 -9999 -9999 -9999 -9999 -9999 -9999 1.20201308906438 2.10699560470198 3.03640364662347 3.17387878780207 5.13038227752041 72.2855196119495 2.70876677595847 2.21570807981461 2.85055837116966 1.52800340899645 2.57242538713001 1.12841194390792 1.071901002164 1.10948047881468 1.16457747733316 2.77977592755005 1.73852130099893 1.19183870947343 1.13866921023611 2.67302425557391 13.0668408599975 1.1082004248619 1.01863185236338 7.18479310928 0.862499673638235 1.47765747672628 1.02591717939778 6.15410998345151 1.6239138178915
-9999 -9999 -9999 -9999 -9999 -9999 -9999 -9999 -9999 -9999 -9999 -9999 -9999 -9999 -9999 -9999 1.44099770318453 1.89936289229149 1.30077096896601 2.03469941405433 2.27279564318728 2.41348639063187 71.8603755059609 1.17711274125339 5.5328172954506 5.32047338755706 3.51143920004143 1.50639142258605 0.968475750657069 1.92796405192217 1.93130189793857 1.05346018204654 1.1847302042888 2.09062498371815 1.45069046781503 1.70229882062614 2.04063447861584 1.93141612724474 12.6391141682898 7.59771176902898 1.68567150527342 7.0909781212355 6.63185649273113 6.41758425355855 0.98701232959332 5.63937539649148
-9999 -9999 -9999 -9999 -9999 -9999 -9999 -9999 -9999 -9999 -9999 -9999 -9999 -9999 -9999 -9999 1.37859424254637 3.31171200632846 4.23099467099566 1.35458188788735 6.6457349225638 7.71076245154946 7.72463599489602 71.8964011350805 1.21627898418991 1.37444710375241 1.41657696603005 1.44555108647929 3.42800437011849 3.04258364184167 0.993471080870436 1.02585274526544 1.39925619605531 1.28215099593266 1.80745948427712 1.16681564417727 1.0978194900366 0.976542059273068 2.36079182019765 8.95216032928877 0.929340565340684 1.18847335036382 0.76702246129893 0.727235236985834 0.727923725837901 1.02531218069068
-9999 -9999 -9999 -9999 -9999 -9999 -9999 -9999 -9999 -9999 -9999 -9999 -9999 -9999 -9999 1.28509027048459 2.62146303246063 1.04280829696885 4.10434240657297 6.32556900561404 3.36568224378488 0.895814365368185 0.969355302692363 70.7533698349012 5.88891327944606 5.25615597621325 4.73188334148659 4.11683091090458 3.78129106933875 0.909626103568932 1.53754316702536 1.1164381957878 1.05227994503049 2.97172455739032 1.05402827160654 1.60143896897394 1.01349918911675 1.77236068555714 2.06505835912416 8.85164141485418 8.76852648266298 0.739230833783235 0.744884136724029 0.76063773454541 1.02697207471011 0.691135036957826
-9999 -9999 -9999 -9999 -9999 -9999 -9999 -9999 -9999 -9999 -9999 -9999 -9999 -9999 -9999 1.04726615018247 2.17667323533264 1.01833690453995 3.46087965588233 1.56758517613419 3.19169587946255 0.911811757747694 1.65813050574979 70.7700717959504 1.12343114245748 1.21984380962546 1.30256809864171 1.68919181791773 0.891328787753931 0.898413382648103 2.25157685367821 1.07846870689826 1.11998672307947 1.64717677031521 3.90747106880358 1.04791567023728 1.0925822449606 0.971635561773042 0.93390718232177 1.38734027089995 2.50077325604657 7.9945278793889 0.685212661593478 1.80526370374388 1.33660957789942 0.668572943661539
-9999 -9999 -9999 -9999 -9999 -9999 -9999 -9999 -9999 -9999 -9999 -9999 -9999 -9999 -9999 0.952293187986329 2.35773782726133 3.2460998084912 0.969564941203022 2.15117988546947 0.924436440397425 0.804549224673531 0.863943677485793 0.991970181058123 70.2887917178104 1.10637740749252 2.96934603064211 1.26131372075147 0.893252986151982 3.86816810091067 2.57370175486367 2.08581363816717 1.34493145881438 2.11927997891153 4.81200157365525 1.70860604199542 1.72661731308097 1.38251485500835 0.921932976600961 0.904137742048451 1.54358643065107 1.11529404616843 7.78183567247925 6.78766253983653 1.28574374400903 0.675220434208274
