Model input/Uganda/rivergeometry/river_depth_1sep.asc
NCOLS 67 
NROWS 67 
XLLCORNER 29.500000001 
YLLCORNER -1.499999999 
CELLSIZE 0.0833333332985075 
NODATA_value -9999 
[rows 0 to 19 of 67, columns 0 to 44 of 67]
-9999.000000000000000 -9999 -9999 -9999 -9999 -9999 -9999 -9999 -9999 -9999 -9999 -9999 -9999 -9999 -9999 -9999 -9999 -9999 -9999 -9999 -9999 -9999 -9999 -9999 -9999 -9999 -9999 -9999 -9999 -9999 -9999 0.26116818978337 0.260249280794267 -9999 -9999 -9999 -9999 -9999 -9999 -9999 -9999 -9999 -9999 -9999 -9999
-9999 -9999 -9999 -9999 -9999 -9999 -9999 -9999 -9999 -9999 -9999 -9999 -9999 -9999 -9999 -9999 -9999 -9999 -9999 -9999 -9999 -9999 -9999 -9999 -9999 -9999 -9999 -9999 -9999 0.267729745712824 0.323211016750659 0.251639268562876 0.37094875245163 0.251429874711964 0.254952530847623 0.25201199557324 0.302785384109483 0.29401991456248 0.237753371796838 0.252137085202341 -9999 -9999 -9999 -9999 -9999
-9999 -9999 -9999 -9999 -9999 -9999 -9999 -9999 -9999 -9999 -9999 -9999 -9999 -9999 -9999 -9999 -9999 -9999 -9999 -9999 -9999 -9999 -9999 -9999 -9999 -9999 -9999 -9999 -9999 0.438167238247355 0.23681539917608 0.402279298839467 0.800247149535297 0.773318722264153 0.247224703425878 0.708948762930507 0.672054977004111 0.608707819998001 0.474935278629262 0.389579099216263 0.254425642985453 0.284769170424342 0.296784462108693 -9999 -9999
-9999 -9999 -9999 -9999 -9999 -9999 -9999 -9999 -9999 -9999 -9999 -9999 -9999 -9999 -9999 -9999 -9999 -9999 -9999 -9999 -9999 -9999 -9999 -9999 -9999 0.28979217021156 -9999 -9999 -9999 0.464924304450914 0.229022748515519 0.849359969397366 0.245361942458105 0.245098451079096 0.755188828956865 0.3321172956159 0.273507772400506 0.279328628126538 0.393205664617117 0.312085786746478 0.28817297840936 0.309261449055903 0.411357439582512 -9999 -9999
-9999 -9999 -9999 -9999 -9999 -9999 -9999 -9999 -9999 -9999 -9999 -9999 -9999 -9999 -9999 -9999 -9999 -9999 -9999 -9999 -9999 -9999 0.286803679139655 -9999 -9999 0.360049777908887 -9999 -9999 -9999 4.38204266280093 2.04143949945277 1.9736167206049 0.424565448105078 0.375657898480411 0.297111575995234 0.252987657988546 0.283596288643014 0.414302592147301 0.358535883107092 0.287395601435811 0.427578697935686 0.277079055184441 0.475060740020578 0.249725983684515 -9999
-9999 -9999 -9999 -9999 -9999 -9999 -9999 -9999 -9999 -9999 -9999 -9999 -9999 -9999 -9999 -9999 -9999 -9999 -9999 -9999 -9999 0.365034465446018 0.419556450829093 0.357617715757794 0.407280786644562 0.267515816657846 4.17603609765736 4.17603609765736 4.21695145970465 4.21695145970465 0.250157878322464 1.96352987387842 0.91143020713346 0.875800086691906 0.298079043076869 0.549220827421286 0.514723721791724 0.340656246255588 0.295101230592549 0.290529099862556 0.275757549628418 0.494298366245074 0.520222975417431 0.253249542713751 -9999
-9999 -9999 -9999 -9999 -9999 -9999 -9999 -9999 -9999 -9999 -9999 -9999 -9999 -9999 -9999 -9999 -9999 -9999 -9999 0.318945952583769 0.626073937466961 0.668417877350463 0.784811382918026 0.834623846004948 0.513091414090123 0.229097986641277 4.17603609765736 4.17603609765736 4.21695145970465 4.21695145970465 1.19734281059298 0.259581680908719 1.88745171690261 0.391808766314724 0.862347968729197 0.675694531194654 0.646405753416042 0.51865756408197 0.296377376227655 0.366431151532995 0.412064828035768 0.553429604818335 0.694814844637548 0.236021348339048 -9999
-9999 -9999 -9999 -9999 -9999 -9999 -9999 -9999 -9999 -9999 -9999 -9999 -9999 -9999 -9999 -9999 -9999 0.396647401536056 0.460634726426704 0.545442578347487 0.294437316099445 0.359604792413548 0.366098424197642 0.841910617303503 0.234418619709056 0.544457508437671 4.17511504203352 0.283485528467497 0.446187650186806 0.489551320820833 0.956930869073688 0.914528548874128 1.88390044623143 0.281198204192587 0.338664662189247 0.44035546935432 0.43380492568546 0.344136879044381 0.284919630374535 0.2750030166654 0.480288477327566 0.250996004025992 0.730559885802219 0.247952554927074 0.239263330976763
-9999 -9999 -9999 -9999 -9999 -9999 -9999 -9999 -9999 -9999 -9999 -9999 -9999 -9999 -9999 -9999 -9999 0.39630018069158 0.316756769324879 0.302275003682057 0.298316166740643 0.413351862063142 0.454960693277159 0.928354001552768 0.943853043900828 4.17173985477104 0.313320817728709 0.318856937809665 0.401084866130093 0.464079178187577 0.944082657478321 0.899212986111361 0.338425392484174 1.87823954860975 0.40960167391739 0.350391169378034 0.353793591109059 0.351850059761016 0.360261337430257 0.275339483646136 0.262858881604001 1.14984096933006 0.251019389326413 0.358284594965349 0.246894539541668
-9999 -9999 -9999 -9999 -9999 -9999 -9999 -9999 -9999 -9999 -9999 -9999 -9999 -9999 -9999 -9999 -9999 0.469775165297151 0.514612591690347 0.612171832680793 0.363857217804532 0.46273923327924 0.449698814985253 0.270240332655964 4.15013072071523 0.331798740436869 0.504059413235068 0.292309975309993 0.406782570286405 0.659465853403328 0.88648498881841 0.339648994201983 0.863957034506691 1.87479566783621 1.86370836554357 0.296911869569206 0.354721078855143 0.562697848941148 0.334700910481164 0.360539181482625 1.18012924392695 1.15580464336928 0.975849817528717 0.407592087066458 0.244716442515806
-9999 -9999 -9999 -9999 -9999 -9999 -9999 -9999 -9999 -9999 -9999 -9999 -9999 -9999 -9999 -9999 0.335018671760695 0.420170637049983 0.680061563713711 0.838473776034661 0.923011128122382 0.932033911687762 0.99777625864482 0.511663885152544 4.15005931266752 0.666855396000161 0.345334846689634 0.344398110075933 0.45392605503465 0.531411254968838 0.678847776977336 0.348872191031103 0.823053456573395 0.347955987982796 0.302184663430751 1.85724234043257 0.589574227467074 0.351237521144692 1.24129712551215 1.23377544224415 0.349437829266573 0.275250696148925 0.267210368895693 0.930927910142973 0.879478511645575
-9999 -9999 -9999 -9999 -9999 -9999 -9999 -9999 -9999 -9999 -9999 -9999 -9999 -9999 -9999 -9999 0.326932187970047 0.586220930713043 0.324185932074412 0.412741477228851 0.386141933565834 0.285616696630735 0.287456532993155 4.13930007928305 0.377908861306061 0.630975927643302 0.584660821012681 0.358735215983246 0.365241697661673 0.474397391160431 0.601840356278137 0.645357246442548 0.774194742789903 0.353727704290478 0.366935024975191 1.5423375201423 1.318559832007 1.3120769031361 0.631494644963102 0.285337747183852 0.483474874087399 0.444106914876152 0.267118675018243 0.45033498705447 0.261932514158463
-9999 -9999 -9999 -9999 -9999 -9999 -9999 -9999 -9999 -9999 -9999 -9999 -9999 -9999 -9999 0.311647891635155 0.493523054921462 0.34462015603482 0.426256405357944 0.606203755170708 0.322628110502299 0.397145705018384 4.11691658569497 4.11691658569497 0.359759542473567 0.369443674862627 0.367278993997797 0.370398500687571 0.369714701666197 0.427554839858563 0.374502734671632 0.484828436986494 0.695403153137207 0.294676252023377 0.307745994161895 0.497388470131236 1.50978926830981 0.280170022030516 0.351684640664661 0.559015194778352 0.287414563357742 0.354053246349045 0.273699915552137 0.384151865817773 0.246856249616884
-9999 -9999 -9999 -9999 -9999 -9999 -9999 -9999 -9999 -9999 -9999 -9999 -9999 -9999 -9999 -9999 0.357518119171817 0.339903702601636 0.429592641831821 0.388727000299905 0.624642648239702 0.268576415709611 4.11691658569497 4.11691658569497 0.470717800180735 0.375997622294551 0.485562066989115 0.384331465427521 0.37856846829121 0.291425745881585 0.301874748372334 0.405467717314341 0.675843709462659 0.472600073173122 0.30635383529376 0.315569937379632 1.5044683439522 0.299605646200382 0.295937645292579 0.530574768906589 0.351046533957805 0.286442394519833 0.279211923094776 0.34154615181304 0.248503582985761
-9999 -9999 -9999 -9999 -9999 -9999 -9999 -9999 -9999 -9999 -9999 -9999 -9999 -9999 -9999 -9999 -9999 0.330396330248596 0.464170903979475 0.5785358204583 0.595292798561324 0.798269646612033 4.10515231472484 0.53084651896005 0.46949802128463 0.552277857488298 0.375985173990929 0.52498218883502 0.31508836167728 0.307613416085584 0.315760437380748 0.323661546099833 0.552694336225115 0.414900610259323 0.328903388618653 0.322203805081384 0.544543065504751 1.46651443169124 0.3216311887678 0.309354067864532 1.01856470768548 0.275017781724801 0.381496385580863 0.30479725485807 0.926972912492427
-9999 -9999 -9999 -9999 -9999 -9999 -9999 -9999 -9999 -9999 -9999 -9999 -9999 -9999 -9999 -9999 0.369620768027887 0.438490287838441 0.347682864768334 0.455578276145756 0.489411447114811 0.506869632270633 4.09016159301991 0.321671998162406 0.83338278880281 0.810416029693528 0.631114521309821 0.372963253594279 0.287911320537186 0.44198777159735 0.444140036620015 0.30640581653971 0.328405061422604 0.463351751759789 0.371279908378026 0.41178094603335 0.461454547107554 0.449050322907368 1.4377794271022 1.05532278133396 0.422096498434054 1.0098438640398 0.970220303315547 0.950670148314307 0.297459130775926
-9999 -9999 -9999 -9999 -9999 -9999 -9999 -9999 -9999 -9999 -9999 -9999 -9999 -9999 -9999 -9999 0.362171263103837 0.618629268371777 0.717766921756515 0.356461678698343 0.945444105830748 1.03636669907477 1.03738652595009 4.09042296804786 0.323608660550415 0.346000865777513 0.35426125993634 0.361754213291439 0.629484572737885 0.585562930157876 0.295880107484312 0.304614208018717 0.364959138438922 0.344216670561486 0.427162997013696 0.326657332829381 0.31687272792657 0.296951696965572 0.511871316010718 1.16246317318442 0.298363460612538 0.343824591198668 0.261990334374738 0.254546975986642 0.252761207582774
-9999 -9999 -9999 -9999 -9999 -9999 -9999 -9999 -9999 -9999 -9999 -9999 -9999 -9999 -9999 0.346666959082657 0.536027571096447 0.30434101058582 0.704236377736638 0.917850472080063 0.626030117254285 0.273581806420188 0.286407521056503 4.05090310526456 0.861269286691692 0.8071803722311 0.760069868539801 0.701715786708852 0.66847578235104 0.27883830041592 0.388250939458552 0.317547743963675 0.308591668715412 0.581126303552448 0.30984653683626 0.39977803278634 0.302904642274153 0.428405359629223 0.471322155822533 1.15421830084247 1.14757114899138 0.249295365989228 0.255227610611053 0.261818122188365 0.315186677131644
-9999 -9999 -9999 -9999 -9999 -9999 -9999 -9999 -9999 -9999 -9999 -9999 -9999 -9999 -9999 0.305263162304978 0.478313444390017 0.300755041213813 0.634143381084059 0.393240516780133 0.606910155378028 0.276617015078509 0.397089447643965 4.05099831441135 0.30385503714295 0.321082695449478 0.334788159281142 0.39896961917545 0.272993357761147 0.276790274849184 0.489491419552181 0.309869225606713 0.318068712750616 0.403809746436054 0.689405895705873 0.308389469854127 0.316951077708665 0.296263276247314 0.290153741262334 0.369951382922994 0.52895488753894 1.0845190686013 0.23827680636418 0.441255129630669 0.368334110474865
-9999 -9999 -9999 -9999 -9999 -9999 -9999 -9999 -9999 -9999 -9999 -9999 -9999 -9999 -9999 0.287957008796872 0.500731229958566 0.609472608280254 0.293449589962199 0.477441934388257 0.2829729055762 0.257434615840786 0.269498894851381 0.289143856526502 4.03468112102919 0.295313072904557 0.558093514444849 0.329809468732409 0.271604648827807 0.679666092790027 0.52847166615015 0.465084883581473 0.355199004506235 0.471250914835108 0.782463088859827 0.414464017049989 0.418525453836541 0.372928854156722 0.290379445765583 0.28543463271446 0.393315272272719 0.321097785391227 1.06719362334265 0.982360908118254 0.35459448354829
