Model input/Uganda/rivergeometry/river_restime_1feb.asc
NCOLS 67 
NROWS 67 
XLLCORNER 29.5 
YLLCORNER -1.5 
CELLSIZE 0.0833333333283582 
NODATA_value -9999 
[rows 38 to 56 of 67, columns 0 to 41 of 67]
-9999 0.00218197516708328 0.00191591390557481 0.00156807571075534 0.00178584472111227 0.00159699971459973 0.00097238629902086 0.0013687803852801 0.00176386115106125 0.00261539332957462 0.00136813053760346 0.00219843001900741 0.00127826985784226 0.00152799400921822 0.00110575899847135 0.00154893528431463 0.00209304603108612 0.00161715526627054 0.00199725985375422 0.00130181891873325 0.00149047372157976 0.00157727592042362 0.00222731046975722 0.0013928872826758 0.00162236366403307 0.00182956236005773 0.00164161878641757 0.00167062791808076 0.00150662282897892 0.00216971096874628 0.00192305063511273 0.00154020474232478 0.00137503437379555 0.00159815130237356 0.00126585028739848 0.00157466125556169 0.00140643507460852 0.00153322590544491 0.0020898493312479 0.00109314442966716 0.0021974198512266 0.000717562846161805
-9999 0.00221158008886159 0.00209539119882917 0.000979971352960436 0.000979006936063502 0.0013733952433515 0.00160179755066403 0.00153220414605295 0.00151897229898128 0.00196358105041537 0.00155218412664208 0.00190311057254115 0.00148051391834377 0.0013058255720793 0.00150782996476012 0.00157891009400803 0.00119865302224591 0.00161523893125495 0.00155577066863729 0.00223237970182253 0.00194204194360155 0.00223280215120859 0.00158154760943969 0.00142692578100814 0.00162883400990812 0.00131556821607271 0.00135709375350507 0.00141505412530189 0.00165945170687723 0.00167477714636737 0.00144186508813981 0.0021874861385482 0.00156778680214527 0.00224222528318412 0.00157955966333404 0.00184482597522622 0.00154217109342036 0.00157166811782265 0.00167669220321928 0.00117280488134555 0.00157040761430507 0.00154224603246572
0.0023061142402313 0.00170806193579072 0.000986733183083675 0.00097813323662344 0.00183687160687734 0.00133565976662595 0.0017081487300259 0.00160627467487099 0.00221543040791811 0.00155996992360467 0.00159332326135738 0.00148985000713293 0.00213560659688935 0.00133949742946097 0.00150795992359049 0.00123065186392974 0.00132691292756454 0.00180259345025428 0.00154046912914774 0.00155360691584665 0.0015697991286626 0.00208213923633522 0.00158030686153788 0.00180442183535872 0.00186292255989959 0.00165266905176729 0.0015824932637022 0.00146905906392188 0.00160261757372509 0.00169523404722458 0.00151075736159619 0.00161073780946592 0.00111521845632519 0.00207816145357633 0.00158346237314883 0.00135331695412366 0.0015785514971554 0.00220078353441382 0.00156426513688384 0.00172761583830455 0.00168489189835449 0.00155590977001651
0.00160512484524593 0.00209693269803097 0.000984101648475905 0.00140732420007918 0.00141875346926826 0.00137909491243525 0.00221872084420193 0.00159092366647744 0.00153045873524138 0.00134870065107082 0.00184233983171136 0.00155670155688262 0.00212697475116019 0.00148892833542719 0.0020118070981892 0.00132789204393882 0.001554188502356 0.00194734574730876 0.00182313825380551 0.00133735504112869 0.00143769576437707 0.00147259121803741 0.00157961638276277 0.00165401627408113 0.00253536882825942 0.00176264001872465 0.001837840236115 0.00159936354821884 0.00228566478070753 0.00161106065868873 0.00152189068717423 0.00192704733653536 0.00113549455661975 0.00166156342996041 0.00163297065355842 0.0016285846001833 0.00212823326768615 0.00156867781369008 0.00178319294875177 0.00145186538645342 0.00120608426967582 0.00136457280590625
0.00177430424843781 0.00236067214923629 0.000988982578210406 0.00242344111966256 0.00142975731716882 0.00144186752181077 0.00229095100520102 0.00148057638185043 0.00139761327699538 0.00155969571246804 0.00152995094738125 0.00125987389378379 0.00144063314470674 0.00156059506639749 0.00155975449534788 0.00159811794030139 0.00208695578644122 0.0015222980959542 0.00213153627136368 0.00161318455286766 0.00230366924623069 0.00173094508591642 0.00172012159990495 0.00224828784902476 0.00201740552532557 0.0014743615204126 0.00159795347752606 0.00217279273431533 0.00175052252817222 0.00197444579371494 0.00207067564846168 0.0015582877189274 0.00114277665307227 0.00126261926138797 0.0014590618661289 0.00164961384399349 0.0016174776326838 0.00157920478668425 0.00129099622140027 0.00156314798694219 0.0012696367669228 0.00139633334024396
0.00100438374381265 0.00140406933504511 0.00164621528819422 0.00215773423656486 0.00152388795559709 0.00155660149597732 0.00164414099252026 0.00211269168822233 0.00193372268161755 0.00149952879293988 0.00143435115876934 0.0012526830787302 0.00121069037819624 0.00168700076461913 0.00240967255554891 0.00268690408206699 0.00164016701027736 0.00243133188866782 0.00232889086226378 0.00187965631347378 0.00196634501867619 0.00168196019687491 0.00213019881865357 0.00199904779955139 0.0026807303835751 0.00208006511981632 0.00277197001551993 0.00190910220709169 0.00146344789296228 0.00133434926239751 0.00163365961037619 0.00162928147326503 0.00121442756263649 0.00154336050792641 0.00190652384288906 0.00139296577726682 0.00156881096058564 0.00194943563192275 0.00155696926264563 0.00156105048856281 0.00128705833331841 0.00144318524283521
0.000998443772016633 0.00131499465031386 0.00134068070319155 0.00141268684893267 0.00153123133023353 0.0022622400087697 0.00242813366592414 0.00219561248496894 0.00208362939422337 0.00130545487788672 0.00134794000127513 0.00163098778391721 0.00119402459290831 0.00152362884147664 0.00171701359424983 0.00257064355268619 0.00191719500285007 0.00251420003886054 0.0023646078514161 0.00170187844835494 0.00182361781050533 0.00144931271466626 0.00256059295491553 0.00231984687836834 0.00202922564327687 0.00173945707003307 0.00184718979720385 0.00126302902632578 0.00206573208878156 0.0018933929678014 0.00163346689213474 0.0022549298404561 0.00141901457304064 0.00180892909268105 0.00133762511268892 0.00155091419823774 0.00215505481912678 0.00142493047939233 0.0015420744700179 0.00147726175747668 0.00133798623304045 0.00151375404527524
0.00100055796008991 0.00145182728307756 0.00148887993127199 0.00152279604489352 0.00144338105477098 0.0022521677569647 0.00149460281790037 0.00143215067280262 0.00216677261910697 0.00126788598037205 0.0013318655552605 0.00244259815469999 0.00119022605345377 0.00179764201523975 0.00226117250526035 0.00187753168982906 0.00160966380860771 0.00188210071306119 0.00185305706497312 0.00153613262888508 0.00232177749776803 0.00141772592801119 0.0019154228851323 0.00139447773674558 0.00173585156057812 0.00183754932335914 0.00172232384809741 0.00179220176834878 0.00134331838466726 0.00134331838466726 0.00200510680556221 0.00158980875443216 0.00151752214243444 0.00152692342098426 0.00159652755719514 0.00201380113202957 0.00151717336382084 0.000718369929601561 0.00101934643164819 0.00162203094537113 0.00150533702409396 0.00162963956754175
0.00130261133391437 0.00142595771906325 0.00158101722563381 0.00218458882194013 0.00196464707302436 0.0016126865867326 0.00202350813874492 0.00143946487562204 0.00107502599043824 0.00118585444199986 0.00131702306791007 0.00169238678273104 0.00168397964424349 0.00153028419580763 0.0015211198309844 0.0014941546827579 0.0013074357772828 0.00129973638232965 0.00123435164612835 0.00120843492984233 0.00120621265515992 0.00113225059974955 0.00159149941746487 0.00169900250728442 0.00233644049895927 0.00232218631970538 0.00177996588674406 0.00183869788634461 0.00174193817416336 0.00209236318913106 0.00159628648367381 0.00158177670819152 0.00159113489021242 0.00147161333994239 0.00101935069511761 0.000718369777334796 0.00101935069511761 0.000718369777334796 0.000723204170987119 0.000723204170987119 0.000718369777334796 0.00101935069511761
0.00164429646685905 0.00101652698052023 0.00143166319654194 0.0015280700058906 0.00153112989848746 0.00185422773949965 0.00106783966480833 0.00106783966480833 0.00106783966480833 0.00106783966480833 0.0015230025951808 0.00108168271540961 0.00114650452375176 0.00114854103284819 0.00169589601843948 0.00168530818061435 0.00137311397088073 0.00166720735070445 0.0013576586601572 0.00167105530052456 0.00194040910241953 0.0016846545121467 0.00157709617706853 0.00157403065358864 0.00154507363720039 0.00177163105395288 0.00180700266474603 0.00183744491143549 0.00247063870029062 0.00157836700168797 0.001596928010629 0.00147488231500831 0.00101935381658629 0.00101935381658629 0.000723207977656241 0.00101935381658629 0.000718369701201414 0.000718369701201414 0.000723207977656241 0.000718369701201414 0.000718369701201414 0.000723207977656241
0.00149347971496217 0.00101772202097662 0.00102167661441592 0.001028561044144 0.00128758323350323 0.00169469601465344 0.00107503504407683 0.0015152486419667 0.00107503504407683 0.0015152486419667 0.00164753093670148 0.00146865451293744 0.00169814932318429 0.00132280495553827 0.00167289555745339 0.0013361775794243 0.00146587845595754 0.00256758876382603 0.00136218999931725 0.00177629513668913 0.00140472825642527 0.00231742186247046 0.00170797025761316 0.00177046941141712 0.00107982157211945 0.00104471855363724 0.00104248007807855 0.00103967131773908 0.00145466890999221 0.00148230207559025 0.000718369625068031 0.001019355948321 0.000723210261657715 0.000718369625068031 0.000718369625068031 0.001019355948321 0.000723210261657715 0.000723210261657715 0.000723210261657715 0.000723210261657715 0.000723210261657715 0.000723210261657715
0.00102167661441592 0.00102167661441592 0.00102167661441592 0.00102167661441592 0.00102167661441592 0.00187589816379036 0.00181307878222152 0.00178853005703879 0.00151525022635346 0.00106783955163785 0.00223272780862564 0.00172261832368211 0.00196027696720174 0.00163185162063475 0.00123228568945417 0.00136042126037834 0.00166607087649344 0.00216385088929969 0.00137352494379977 0.00139324017522848 0.00173710657270452 0.00203091800762831 0.00248030041487255 0.0023893849184785 0.00184034910395603 0.00150845584722285 0.00181564320544483 0.00216117079575351 0.000723211022991539 0.000723211022991539 0.00101935701418835 0.000723211022991539 0.000718369625068031 0.000718369625068031 0.000718369625068031 0.000723211022991539 0.000723211022991539 0.000718369625068031 0.000718369625068031 0.000718369625068031 0.000718369625068031 0.000723211022991539
0.00144974411197676 0.00102167661441592 0.001028561044144 0.00102167661441592 0.001028561044144 0.0019594218209386 0.00149163945166932 0.00107384812443871 0.00106783955163785 0.00173772987060856 0.00169933844039742 0.00170985846270411 0.00140110330255167 0.00163725401864866 0.00123970809533867 0.00140138503091448 0.00168046253049488 0.00158249725420015 0.00191739296660305 0.00140026160728972 0.00176057701027423 0.0014467163526985 0.00179999459869106 0.00245156393835671 0.0013161776446471 0.00160545015828627 0.0012877430187031 0.00163194602783088 0.00101935701418835 0.000723210261657715 0.000723210261657715 0.000723210261657715 0.000723210261657715 0.000723210261657715 0.000723210261657715 0.00101935701418835 0.000718369625068031 0.00101935701418835 0.000718369625068031 0.000718369625068031 0.000723210261657715 0.001019355948321
0.00102855779580107 0.00144974108019002 0.00102855779580107 0.00102855779580107 0.00102855779580107 0.0010577037338517 0.00183456418213133 0.00184646610709091 0.00173524003058186 0.00214564876576017 0.00174456791466428 0.00220363107013826 0.00158206842178149 0.00225502329041409 0.00126923508488879 0.00174260444266391 0.00205864182428286 0.00167543030060052 0.00224641648399434 0.00151201485452869 0.00174396358286551 0.00156379670960252 0.00238211709948408 0.00171333653211672 0.00133162887161705 0.00234068809132855 0.00136271877117303 0.00162189986613595 0.000723207977656241 0.00101935381658629 0.000718369701201414 0.000723207977656241 0.000723207977656241 0.000718369701201414 0.000718369701201414 0.000718369701201414 0.000723207977656241 0.000723207977656241 0.000723207977656241 0.00101935381658629 0.000723207977656241 0.000723207977656241
0.00102855238189619 0.00102167683097212 0.00144973664078802 0.00144973664078802 0.00102855238189619 0.00171050515737891 0.0019753729349529 0.00131795254342278 0.00233762425678812 0.00184084720340478 0.00235222162206463 0.00262179199639378 0.00159138671997368 0.00203874604630863 0.00141624213552437 0.00207442960495808 0.00164713500376026 0.00236858215428529 0.00168463563975425 0.00163790654324917 0.00169313215813749 0.00165401518177045 0.00167553318350019 0.00149139801644795 0.00138889804870816 0.0022195014452576 0.00148761038570793 0.00228758747903956 0.00152488959283723 0.00213241089943326 0.00101935069511761 0.00101935381658629 0.00101935069511761 0.000718369777334796 0.000723204170987119 0.000723204170987119 0.00101935069511761 0.000723204170987119 0.000718369777334796 0.000723204170987119 0.000723204170987119 0.000723204170987119
0.00144973057721455 0.00102167704752831 0.00144973057721455 0.00144973057721455 0.00102854491070745 0.0020010878209859 0.00246491327053411 0.00132676603425311 0.00136039914150524 0.00160899872921021 0.0016038414887423 0.00158164560155156 0.00227182735948432 0.00213090739426127 0.00164727815032721 0.00163638636505779 0.00232832763596347 0.00163468224942868 0.0016362185072011 0.00164303183784277 0.00227304497860907 0.00247994795162865 0.00234423246526363 0.0017713548558021 0.00152719509735408 0.00169626033836063 0.00160501571477147 0.00157664004841286 0.00139994567020707 0.00131614755795626 0.000718369777334796 0.000723198917783729 0.000723198917783729 0.000718369929601561 0.000718369929601561 0.000723198917783729 0.00101935069511761 0.000718369777334796 0.000723198917783729 0.000723198917783729 0.00101934643164819 0.000718369929601561
0.00102167726408451 0.00144972310602581 0.00102167726408451 0.00144972310602581 0.00190872171129564 0.00222226122130158 0.00163664245610537 0.00208247964797616 0.00162673964053059 0.00156362179870708 0.00209341321512199 0.00149177545181715 0.00159628796334354 0.00161593345768226 0.00162972278956138 0.00215668009339067 0.00164717171824995 0.00152873313764428 0.00215667829634087 0.00129907354749743 0.00147837145451588 0.00154414024063342 0.00162313614935637 0.00234277964723736 0.00171305536021429 0.00187173053698238 0.00174385134682442 0.000723192065779309 0.00101934643164819 0.000718369929601561 0.000718369929601561 0.000723192065779309 0.00101934643164819 0.0010193411784448 0.000718369929601561 0.00101934643164819 0.000723192065779309 0.000723192065779309 0.0010193411784448 0.000723192065779309 0.000723192065779309 0.0010193411784448
0.0010216774806407 0.0010216774806407 0.00115147887581315 0.00248355028180775 0.00188711429729957 0.00166989127488756 0.00222883094572189 0.00157074616120616 0.00156512098680952 0.0013629538106347 0.00225540395926258 0.00143444332270764 0.00149246807717687 0.00231277362333761 0.00163234036427275 0.00159706183337168 0.00202922445127883 0.0013875870989399 0.00165582220931139 0.00129907382285101 0.00176128613809716 0.00164712093106537 0.00181216703309136 0.00172437285428929 0.00243621689411628 0.00187485388700898 0.00218247620050049 0.0010193411784448 0.000718370234135091 0.0010193411784448 0.0010193411784448 0.000718370081868326 0.000723183691107239 0.000723183691107239 0.000723183691107239 0.00101933485937406 0.000718370234135091 0.00101933485937406 0.000718370234135091 0.000718370234135091 0.00101933485937406 0.000718370234135091
0.001021677805475 0.001021677805475 0.00115304845338047 0.00117111890074043 0.0016971863148045 0.00192620935527001 0.00155660443444792 0.00157179148183595 0.00208335688618261 0.00132788492673419 0.00160293170853189 0.00118481424158887 0.00116088589696418 0.00115250947213325 0.0011452301428436 0.00160183479197398 0.00108415152805064 0.0012933820716076 0.00106332584711519 0.00149878924288896 0.00105110234523521 0.00216737806261525 0.00148761671564776 0.00225354635772867 0.00166046076001997 0.00226835733938164 0.000718370234135091 0.00072317379376752 0.00072317379376752 0.00072317379376752 0.00072317379376752 0.00072317379376752 0.00101932739830258 0.00101932739830258 0.000718370462535238 0.000718370234135091 0.00101933485937406 0.00072317379376752 0.00072317379376752 0.000718370462535238 0.000718370234135091 0.000718370462535238
