Model input/Uganda/rivergeometry/river_depth_1jul.asc
NCOLS 67 
NROWS 67 
XLLCORNER 29.500000001 
YLLCORNER -1.499999999 
CELLSIZE 0.0833333332985075 
NODATA_value -9999 
[rows 0 to 19 of 67, columns 0 to 44 of 67]
-9999.000000000000000 -9999 -9999 -9999 -9999 -9999 -9999 -9999 -9999 -9999 -9999 -9999 -9999 -9999 -9999 -9999 -9999 -9999 -9999 -9999 -9999 -9999 -9999 -9999 -9999 -9999 -9999 -9999 -9999 -9999 -9999 0.25782833125649 0.256429921620872 -9999 -9999 -9999 -9999 -9999 -9999 -9999 -9999 -9999 -9999 -9999 -9999
-9999 -9999 -9999 -9999 -9999 -9999 -9999 -9999 -9999 -9999 -9999 -9999 -9999 -9999 -9999 -9999 -9999 -9999 -9999 -9999 -9999 -9999 -9999 -9999 -9999 -9999 -9999 -9999 -9999 0.263871025850917 0.316282544602037 0.245813590736493 0.361678983027997 0.241876244072577 0.247465850276555 0.24066830321319 0.290344420949682 0.283860483612313 0.238231197756995 0.254646754081809 -9999 -9999 -9999 -9999 -9999
-9999 -9999 -9999 -9999 -9999 -9999 -9999 -9999 -9999 -9999 -9999 -9999 -9999 -9999 -9999 -9999 -9999 -9999 -9999 -9999 -9999 -9999 -9999 -9999 -9999 -9999 -9999 -9999 -9999 0.428376956576136 0.231198273135747 0.389404095392432 0.769782321652385 0.745361726147871 0.235020802278164 0.686884012792356 0.653008025579383 0.594425170139566 0.465602161595248 0.382270916241305 0.249129785565398 0.287137965542399 0.313371163335359 -9999 -9999
-9999 -9999 -9999 -9999 -9999 -9999 -9999 -9999 -9999 -9999 -9999 -9999 -9999 -9999 -9999 -9999 -9999 -9999 -9999 -9999 -9999 -9999 -9999 -9999 -9999 0.284571271268456 -9999 -9999 -9999 0.453247929475885 0.220049539201149 0.816311829392469 0.232228957334978 0.233771399923653 0.729061150791419 0.315970757495976 0.260858701180421 0.269770101061278 0.385979567711816 0.309265391197298 0.289117598164889 0.318154610738665 0.423532907866347 -9999 -9999
-9999 -9999 -9999 -9999 -9999 -9999 -9999 -9999 -9999 -9999 -9999 -9999 -9999 -9999 -9999 -9999 -9999 -9999 -9999 -9999 -9999 -9999 0.258862252294248 -9999 -9999 0.348998938057302 -9999 -9999 -9999 4.26596471020496 1.94817381005488 1.88418828030592 0.409525052362369 0.362868491437854 0.287015451497087 0.242443071853617 0.276484804406665 0.4199047264233 0.366482916715549 0.294454800128382 0.437622745269441 0.292111259919626 0.484826362371177 0.248459784490285 -9999
-9999 -9999 -9999 -9999 -9999 -9999 -9999 -9999 -9999 -9999 -9999 -9999 -9999 -9999 -9999 -9999 -9999 -9999 -9999 -9999 -9999 0.33290076385894 0.384399945515867 0.330640963762933 0.38949720167602 0.251489506061432 4.08271597309006 4.08271597309006 4.11608736223757 4.11608736223757 0.229844493604788 1.87661867616609 0.888240100276526 0.859184002148112 0.28949799798625 0.547517467073683 0.51557926439055 0.346242895006428 0.300038723844972 0.295792982326225 0.279124276767081 0.507210485130257 0.529225284798956 0.251788686138843 -9999
-9999 -9999 -9999 -9999 -9999 -9999 -9999 -9999 -9999 -9999 -9999 -9999 -9999 -9999 -9999 -9999 -9999 -9999 -9999 0.281564548955313 0.565720210842381 0.604028140540294 0.713219171303121 0.76023736161205 0.483985175750263 0.231928925090598 4.08271597309006 4.08271597309006 4.11608736223757 4.11608736223757 1.10193886970938 0.2405168590229 1.80228226376025 0.367837640454691 0.848278161288481 0.670411245262859 0.644207906640541 0.522977744933015 0.298558301584495 0.367218882469555 0.411126695849624 0.562621912761673 0.704104009689079 0.237138769730291 -9999
-9999 -9999 -9999 -9999 -9999 -9999 -9999 -9999 -9999 -9999 -9999 -9999 -9999 -9999 -9999 -9999 -9999 0.368731470415831 0.420750684207332 0.492535565608958 0.271283190759322 0.326690219308448 0.335493848579503 0.767335651649661 0.192373486365877 0.505706233104094 4.08211059286033 0.270391331862543 0.418553322454687 0.456118962494509 0.876640774924347 0.846283011821723 1.80140029391923 0.259236589948616 0.317110203234711 0.422395464276693 0.42543107580002 0.338628804399075 0.277898327805805 0.273474830227176 0.476738104925626 0.247479511696082 0.736971277687063 0.249011971924294 0.241768819529563
-9999 -9999 -9999 -9999 -9999 -9999 -9999 -9999 -9999 -9999 -9999 -9999 -9999 -9999 -9999 -9999 -9999 0.365833819683972 0.286301329296207 0.273885343845707 0.274154924441422 0.382999609514714 0.417174668906385 0.845054870819082 0.856771801878191 4.08021822697955 0.286783160324598 0.297823970465473 0.374439212546212 0.427252805685782 0.867121221708018 0.834278613756588 0.311602732095323 1.7986207790461 0.385007871507226 0.331133947795463 0.339939128145864 0.341354158817656 0.349098976716106 0.274773899490208 0.260938172597434 1.14485320175989 0.248830008582377 0.359375710137563 0.247268746620254
-9999 -9999 -9999 -9999 -9999 -9999 -9999 -9999 -9999 -9999 -9999 -9999 -9999 -9999 -9999 -9999 -9999 0.42891489075593 0.468536577952964 0.556078394451562 0.332802811782085 0.422824429819974 0.420584966259731 0.230803867024007 4.0649031518374 0.29120014286944 0.457142621302049 0.268002253622054 0.374062870797038 0.603417094427805 0.814905904089796 0.313275831685435 0.803096557656117 1.79775798978842 1.78952356282914 0.277970649252698 0.334158406830287 0.544133457795153 0.329119736740856 0.357763121017714 1.17082516747033 1.14913415460255 0.968738257892988 0.406720023308803 0.241321080217815
-9999 -9999 -9999 -9999 -9999 -9999 -9999 -9999 -9999 -9999 -9999 -9999 -9999 -9999 -9999 -9999 0.289725292954291 0.368463303369307 0.601205637822352 0.750031629539193 0.825823587854453 0.834252937514199 0.892151847074335 0.461802838230203 4.06608938082371 0.609488731920505 0.320051188075015 0.319188444509139 0.415493496301456 0.486956632623298 0.628218700673839 0.321632912118951 0.767043169008972 0.325511197591529 0.279933224177131 1.78552288462384 0.569223590745982 0.339316732816056 1.22736948479229 1.22168419757718 0.347460054198427 0.274850757667391 0.268091494051759 0.926165285905722 0.879872652973562
-9999 -9999 -9999 -9999 -9999 -9999 -9999 -9999 -9999 -9999 -9999 -9999 -9999 -9999 -9999 -9999 0.292652257407186 0.518862997299808 0.292101714860073 0.368765720871933 0.345146329483805 0.259251032907664 0.22655782046102 4.05883387744739 0.324314885671022 0.576637176764561 0.533616462151683 0.332273205774728 0.336029206264233 0.435543720925809 0.558698661493457 0.598355400551523 0.722024114122729 0.330287984723295 0.339809102730554 1.46447058236418 1.29643584840813 1.29213534920092 0.613807694898631 0.281792954333666 0.475158836602907 0.437650594110028 0.265960201286536 0.441517779383561 0.259690405662483
-9999 -9999 -9999 -9999 -9999 -9999 -9999 -9999 -9999 -9999 -9999 -9999 -9999 -9999 -9999 0.293207208962377 0.438708872824806 0.315859711477017 0.391750976265136 0.558522480921023 0.287498777476624 0.332711188701363 4.04390896606143 4.04390896606143 0.327754901624915 0.330019048985857 0.33051554858868 0.338595029107489 0.34171627081484 0.393855478472585 0.34717144192954 0.451345670403817 0.650125012758577 0.271627355754293 0.2893943930009 0.471482665907926 1.43536869583477 0.272669966029516 0.343242609117091 0.541901865962072 0.282959937406359 0.347928825170324 0.270374213104926 0.376308537303227 0.243672313486317
-9999 -9999 -9999 -9999 -9999 -9999 -9999 -9999 -9999 -9999 -9999 -9999 -9999 -9999 -9999 -9999 0.315913260654713 0.324262879899886 0.400491987854914 0.355149489239082 0.573677410536846 0.187574358175353 4.04390896606143 4.04390896606143 0.419993359638732 0.335921133402164 0.441026371302826 0.351319428153551 0.34666536162874 0.270207575090516 0.2810004084099 0.377287525726426 0.633301816769497 0.437206488363325 0.288366909160354 0.30233812065153 1.43146134570716 0.286316597782152 0.287215500444167 0.514498634563345 0.341058152796744 0.279317119494673 0.27394216511576 0.334516254771001 0.243764307849273
-9999 -9999 -9999 -9999 -9999 -9999 -9999 -9999 -9999 -9999 -9999 -9999 -9999 -9999 -9999 -9999 -9999 0.318429732629336 0.430907524735839 0.52834444191713 0.539579089330601 0.722638373744651 4.03613391579931 0.472868966507548 0.416281504716449 0.499752564718681 0.339323545289424 0.475840925898199 0.289428961115727 0.288532680261659 0.29781585622912 0.302503675161765 0.52415428461949 0.383950370619396 0.306740029611683 0.307484436926729 0.519133089314263 1.39583768922377 0.307195017457334 0.296995283383401 0.981682543180803 0.268108195634606 0.374335989122953 0.299536044375039 0.897617619965885
-9999 -9999 -9999 -9999 -9999 -9999 -9999 -9999 -9999 -9999 -9999 -9999 -9999 -9999 -9999 -9999 0.352522765571482 0.42151893242197 0.316539388390593 0.412562913284236 0.441432827692455 0.44703677509087 4.02616114527235 0.302699974793572 0.739388683527121 0.730181373481442 0.569347483230162 0.337449771531464 0.267731401682411 0.415125890004515 0.419567976655222 0.288762175026954 0.314499132234778 0.442858302562249 0.356200442392899 0.393165671187417 0.439635843144094 0.426645000748175 1.36954769895318 1.0135732831196 0.399135525268235 0.974861920658107 0.936843885378611 0.919285713599174 0.292726505679017
-9999 -9999 -9999 -9999 -9999 -9999 -9999 -9999 -9999 -9999 -9999 -9999 -9999 -9999 -9999 -9999 0.352497335724244 0.60322860916584 0.694256294012438 0.32624965896319 0.909336744148761 0.985974103644092 0.985699769819886 4.02743268193897 0.293567620528127 0.304829295236902 0.316793382099167 0.324289725310657 0.590415107814624 0.550993276523972 0.281708533264831 0.290469033139392 0.35285665929223 0.33109319455912 0.408925011562246 0.312527320345776 0.300466068833701 0.282381677277228 0.482928794579696 1.10290547732602 0.276429927119501 0.323471576016531 0.249464273054165 0.24228186704598 0.242623054106633
-9999 -9999 -9999 -9999 -9999 -9999 -9999 -9999 -9999 -9999 -9999 -9999 -9999 -9999 -9999 0.338908271608776 0.523223705257148 0.296770801507927 0.680913395577133 0.885582378796928 0.58014876580709 0.252064732043738 0.252852125056245 3.99614962752864 0.781848907132558 0.739255197136591 0.700717645686411 0.652940438131813 0.626647335600904 0.26556648583243 0.371206755003215 0.305685689621662 0.293796588838846 0.555446989883863 0.294930269594917 0.380632359656392 0.288032747073747 0.405036055539221 0.444738489858486 1.09640826821208 1.09073587287565 0.241434943316333 0.242346954817027 0.247661937073586 0.298634160664145
-9999 -9999 -9999 -9999 -9999 -9999 -9999 -9999 -9999 -9999 -9999 -9999 -9999 -9999 -9999 0.298133946348845 0.467091383435732 0.292055574995927 0.616937060372485 0.36649384431005 0.563624507629824 0.23911638368605 0.339675387921312 3.99691344910258 0.251309941254021 0.2840778550029 0.296762334920393 0.360043455497192 0.25520451969354 0.264212278958593 0.468313360248595 0.297995670708075 0.306277028027383 0.386373377030685 0.656001686584517 0.291008678669647 0.299573364583318 0.28033332517463 0.273169081072166 0.347833293196336 0.499442969462623 1.03338668966241 0.230376796278267 0.419138069020679 0.349418951587983
-9999 -9999 -9999 -9999 -9999 -9999 -9999 -9999 -9999 -9999 -9999 -9999 -9999 -9999 -9999 0.281952809041867 0.490254003418289 0.595789756180607 0.275135888703291 0.446754906191395 0.258032921706836 0.222042614304007 0.25419414038987 0.231714606732103 3.98569339804633 0.240112122305656 0.496716136870573 0.291677704869226 0.252049729153901 0.648557116942179 0.504346541234898 0.443733288413454 0.338822359109034 0.448322247821847 0.743002711321534 0.390921373723773 0.394795405000977 0.343442435701481 0.269364584032438 0.266868732543759 0.372019392881546 0.305847845846288 1.01779841267833 0.938371647298767 0.340284002149941
