Model input/Uganda/rivergeometry/river_width_1feb.asc
NCOLS 67 
NROWS 67 
XLLCORNER 29.500000001 
YLLCORNER -1.499999999 
CELLSIZE 0.0833333332985075 
NODATA_value -9999 
[rows 40 to 59 of 67, columns 0 to 44 of 67]
0.665197903572861 0.525811570010471 10.5234037657687 10.64614360132 0.340942061704144 1.94249569094293 0.50697361690027 0.709284315548428 0.828118539003605 0.83213331615083 0.741346119234131 1.06970457041784 1.01191118590092 1.91229859675078 1.03832667107956 3.03772878423988 2.01345519209777 2.55378457542058 0.891305132245006 0.850915110286141 0.804073331017334 1.16218092816411 0.803892855410523 0.375795894041658 0.315706429757372 0.629529547929564 0.769475862842625 1.15502824163048 0.744646787517447 0.547909037311791 0.991320863839071 0.724376176270724 5.20158255935171 1.17438050463078 0.795183519044939 1.80806278025629 0.808786573080671 0.858708951914403 0.819730243369987 3.22061692736652 3.69254534363078 0.875178794597961 57.5242112056378 1.53577461798036 2.32717219401488
0.738388799336523 1.11815755764273 10.2982750076739 1.51417456592146 1.44874986654285 1.63103629304917 0.821513219759043 0.747471076290512 0.957752726888008 1.91022064212974 2.26704409352414 0.841716701276848 1.03458728586189 1.07332364381104 1.40212602333837 2.00535787569204 0.880570371872291 1.67502153477477 2.40063952057705 2.00040679774964 1.34753167185186 1.18212594735377 0.805891921384382 0.604448584279478 0.396465439602629 0.427082218778855 0.352530567832789 0.726182148203836 0.6983881517652 0.72365414021924 0.952360169022797 1.77366132500436 4.71415125090527 0.611405103780992 0.648229753858236 0.657819450050464 1.03125080171483 0.837060343171303 2.70935933019837 1.23172093783426 3.39134046492245 1.7919937764999 57.5124805608266 1.05267014945023 2.03118935073756
0.411972046787526 0.585539963389686 10.0237503755741 0.507365690361271 1.33937554663403 1.27908480657292 0.689692129824172 1.14782569606897 1.51645685435805 0.832929156477768 0.925279992391051 2.6723459321639 1.28508327504673 0.861084203845557 0.832756306538417 0.729277075789877 1.14770685725458 0.950965865055979 1.02259537016449 0.718528581218499 0.669153540049201 0.471567157716723 0.4879996337045 0.764221308842727 0.2119102277837 1.13252342354161 0.756731934422577 0.92092084649183 0.443476712167601 0.229823591732579 1.1978544324473 0.837045750722574 4.55241629405561 2.73864088230598 1.24334242036075 0.636039463258111 0.682866214539991 0.80710918932084 2.33894014269679 0.822931659785772 2.56203533228665 1.52406049015078 57.5010500626097 57.4844393189136 0.889405706614362
9.55477838627464 9.99497027519052 0.643291091242226 0.956606067177024 0.945559528380667 0.842008311516744 0.647735523553871 1.07340571234073 1.74055200365768 1.03253596544539 1.31611735264366 2.85959535731229 3.32147241213183 0.542661354769162 0.523399718544843 0.288782207547862 0.632846718275681 0.498455515297517 0.63054540551168 0.300658275214487 0.235041226541662 0.551601629609296 1.02610632565749 0.222773658948747 0.292432676969231 1.16862290196503 0.243585404461987 0.286448633052308 1.17941563999044 1.95292974776083 0.670756616320048 0.680658467626515 3.26603439033406 0.882218615894104 1.88059890872726 1.60164624594285 0.836807160081158 1.66536195931562 0.840922798765202 0.859777527515813 2.37828363447938 1.27271872992651 0.507390492135696 57.4730256920691 0.973328606172254
9.51588208389712 2.11513069226625 1.97390149816221 1.48338365011806 0.921060194090457 0.738889265208633 0.502051298225246 0.869914659914359 1.15778724693607 2.20092563568132 1.84779155878446 0.676821743515629 3.58263925551846 0.981653031700574 0.492841448537658 0.367695613753251 0.269883487748966 0.415089271660025 0.580257327717056 0.517255367364024 0.354692992333597 1.24361074985226 0.37564616830666 0.644086341915445 1.3377467453958 0.476183512910211 0.342972945384118 2.63608626290239 1.21363328493804 1.95292974776083 0.671231323377595 0.752064832575483 1.39568691749459 2.50568981805372 1.99865029831304 0.890970002213254 0.963178680198512 1.36433603619438 0.919219159109527 1.16212055781396 1.92411172446992 0.9806458514378 57.4390491684928 57.4390491684928 57.4390491684928
9.40658662534506 1.27779630728396 1.11351189177349 0.949265707736019 1.2717746865789 0.757136639902147 1.09042684271641 1.32719499906942 0.935075378237318 2.58140833074751 1.97289564366972 0.486053978021889 3.64551858539364 0.383597837857145 0.740817010461189 0.302520172723009 0.701163368855927 0.309655536492673 0.324991889245687 0.905124763955899 0.641185146376543 1.40262859664443 1.83343003598546 1.59236912688539 0.481634628441078 0.340253598712013 0.502657525110809 2.63608626290239 1.95292974776083 1.95292974776083 1.42808143502001 0.778293282511615 0.967421143990248 0.935337938544256 0.733251300530866 1.3947352572775 1.00473153885257 57.4390491684928 57.4390491684928 0.672461321784268 1.01096328299406 0.67992028600507 57.4390491684928 57.4390491684928 57.4390491684928
2.3103743143573 9.18596630109187 0.802253498536208 0.894217661490192 1.59623602646214 0.719906098516296 1.35858750131115 1.33893520490127 6.59309460181074 3.71950817529771 2.17564398585989 0.553190007187151 3.70411193704832 0.958651920099706 0.990618198157727 1.09225729492961 2.26420106653441 2.33841931206762 3.09979790182835 3.48063073107985 3.51579256760977 4.96698457816204 5.04242064279468 0.522053545596385 0.619530783056803 0.640583600694651 2.73663316057537 0.339094365923178 0.455540404229033 1.13171775501565 0.76123197948041 0.771375937931052 0.77478834248092 1.14411492170947 57.4390491684928 57.4390491684928 57.4390491684928 57.4390491684928 57.4390491684928 57.4390491684928 57.4390491684928 57.4390491684928 57.4390491684928 57.4390491684928 57.4390491684928
0.624214090984984 8.62739349464854 1.32966232221379 0.966289809594686 0.955791462615876 2.1892094244904 6.59309460181074 6.59309460181074 6.59309460181074 6.59309460181074 6.41178880837043 6.37473054751382 4.63912087986164 4.59437911252658 0.546983608081199 0.545641968683904 1.6701999828559 0.600394301651118 1.77669813066246 0.571543979935265 1.70824336229892 0.546798790694851 0.813229523106532 5.3557648652408 0.876887661077063 2.80772831857708 0.372870602522249 0.340358997999733 0.456689977465358 0.780519204380461 0.73224649621565 1.13033480880588 57.4390491684928 57.4390491684928 57.4390491684928 57.4390491684928 57.4390491684928 57.4390491684928 57.4390491684928 57.4390491684928 57.4390491684928 57.4390491684928 57.4390491684928 57.4390491684928 57.4390491684928
1.09500602229026 8.57221743241146 8.39258372758532 8.39258372758532 2.37298576549846 0.549111468625554 6.59309460181074 6.59309460181074 6.59309460181074 6.59309460181074 0.640619366036259 1.15675734263611 0.54304123529226 2.04782107554181 3.84025785557764 2.01077893062372 1.16877064041817 0.370122266135922 1.74466231727385 0.409454971990144 1.4749748729643 0.647830413301258 0.507258862838225 0.416866546370134 6.43507172533029 7.70779837735042 7.79861180500284 7.91435836621236 8.23859247879586 1.14086150225842 57.4390491684928 57.4390491684928 57.4390491684928 57.4390491684928 57.4390491684928 57.4390491684928 57.4390491684928 57.4390491684928 57.4390491684928 57.4390491684928 57.4390491684928 57.4390491684928 57.4390491684928 57.4390491684928 57.4390491684928
8.39258372758532 8.39258372758532 8.39258372758532 8.39258372758532 8.39258372758532 0.315316815091709 0.366097456058312 0.394390927482485 6.59309460181074 6.59309460181074 0.793886637349855 0.484146628078341 1.61582000564765 0.650655624667529 3.01577558920987 1.75708502222851 0.602648006676796 0.942044263223341 1.66747282468737 1.60025466049584 0.462502249307465 1.33178364446002 0.447067026635375 0.548196875433292 2.28093296721111 0.99960035647575 2.45564575567211 0.948441441926842 57.4390491684928 57.4390491684928 57.4390491684928 57.4390491684928 57.4390491684928 57.4390491684928 57.4390491684928 57.4390491684928 57.4390491684928 57.4390491684928 57.4390491684928 57.4390491684928 57.4390491684928 57.4390491684928 57.4390491684928 57.4390491684928 57.4390491684928
8.39258372758532 8.39258372758532 8.39258372758532 8.39258372758532 8.39258372758532 0.2396110077573 7.18347469693284 6.63298730536775 6.59309460181074 0.47883961223926 0.521489626718296 0.523041642742593 1.4959342473722 0.662887480997601 2.91848268216367 1.4942927284456 0.574993889547366 0.769459032656591 0.269730424276199 1.50085119401063 0.445874208434554 1.25584296323615 0.395094052028814 0.476439242205626 2.10476510345521 0.737838881421841 2.37137831609459 0.674747084626147 57.4390491684928 57.4390491684928 57.4390491684928 57.4390491684928 57.4390491684928 57.4390491684928 57.4390491684928 57.4390491684928 57.4390491684928 57.4390491684928 57.4390491684928 57.4390491684928 57.4390491684928 57.4390491684928 57.4390491684928 57.4390491684928 57.4390491684928
8.39258372758532 8.39258372758532 8.39258372758532 8.39258372758532 8.39258372758532 7.20488781907812 0.343287752114113 2.23993493416609 0.465225778476977 0.98650171467408 0.468671546919434 0.852826259867967 0.770599112730806 0.751945564795015 2.56645578498555 0.471562499532616 1.23671875600595 0.584478090227626 0.7678129345916 0.986819644978969 0.469559106086598 0.821065835817534 0.557383100618252 0.517260797203299 1.97480786579363 0.613426560532127 1.74096970119336 0.697875584958892 57.4390491684928 57.4390491684928 57.4390491684928 57.4390491684928 57.4390491684928 57.4390491684928 57.4390491684928 57.4390491684928 57.4390491684928 57.4390491684928 57.4390491684928 57.4390491684928 57.4390491684928 57.4390491684928 57.4390491684928 57.4390491684928 57.4390491684928
8.39258372758532 8.39258372758532 8.39258372758532 8.39258372758532 8.39258372758532 0.5219386919052 0.22923397179991 2.08933531419271 0.617819524763695 0.336938170324336 0.597170328023011 0.330206857256774 0.774119049697664 1.30405352280223 1.41067052294123 1.18616551696788 0.618363070191337 0.574989726827997 0.546832875048052 0.637629334052605 0.532014216908732 0.604446566297707 0.584265342301103 1.1033276401911 1.56914412698437 0.820039027208545 1.07852102301481 0.695306978778687 0.942170624018873 1.02039362537717 57.4390491684928 57.4390491684928 57.4390491684928 57.4390491684928 57.4390491684928 57.4390491684928 57.4390491684928 57.4390491684928 57.4390491684928 57.4390491684928 57.4390491684928 57.4390491684928 57.4390491684928 57.4390491684928 57.4390491684928
8.39258372758532 8.39258372758532 8.39258372758532 8.39258372758532 8.39258372758532 0.22156176059666 0.462494496272151 2.01466115285432 1.8227250577466 0.728933877244666 0.715175367903214 0.771725172249406 0.722041314360724 1.02430796578008 0.618070407018779 0.640871470025225 0.63139655698753 0.644527526499276 0.64122983633518 0.626842973731229 0.719948150408969 0.447398966670237 0.608354810239312 0.41573086703477 0.934430763437517 0.526679432547321 0.712323655010777 0.814459396529056 1.55870029635505 2.18347224314785 57.4390491684928 57.4390491684928 57.4390491684928 57.4390491684928 57.4390491684928 57.4390491684928 57.4390491684928 57.4390491684928 57.4390491684928 57.4390491684928 57.4390491684928 57.4390491684928 57.4390491684928 57.4390491684928 57.4390491684928
8.39258372758532 8.39258372758532 8.39258372758532 8.39258372758532 0.276491055961452 0.814451688399605 0.664149991075573 1.16128218775003 0.661901943398125 0.821568941912603 1.1285767386358 1.0621805276026 0.733852498749197 0.686436415976971 0.679695540357181 0.959221618135706 0.618288523872527 0.929308479158185 0.959225982786808 2.26061238440841 1.15736501604734 0.912523803565102 0.69489435699558 0.610400599738381 0.499092177943595 0.319124181381015 0.452818714935414 57.4390491684928 57.4390491684928 57.4390491684928 57.4390491684928 57.4390491684928 57.4390491684928 57.4390491684928 57.4390491684928 57.4390491684928 57.4390491684928 57.4390491684928 57.4390491684928 57.4390491684928 57.4390491684928 57.4390491684928 57.4390491684928 57.4390491684928 57.4390491684928
8.39258372758532 8.39258372758532 4.36767969689976 0.443844053744692 1.98860899506437 0.595034474940782 0.801427954635153 0.801426766518475 0.817281644361949 1.73933588565971 0.751201914579215 1.31565412432025 1.05949271448228 0.654916831817792 0.649594749811862 0.731913618348971 1.33775103655819 1.57726035537416 0.62317172131304 2.26061238440841 0.444805530688856 0.618393352591763 0.380740884200968 0.481464339196349 0.493021906221133 0.304887557450787 0.898893852042314 57.4390491684928 57.4390491684928 57.4390491684928 57.4390491684928 57.4390491684928 57.4390491684928 57.4390491684928 57.4390491684928 57.4390491684928 57.4390491684928 57.4390491684928 57.4390491684928 57.4390491684928 57.4390491684928 57.4390491684928 57.4390491684928 57.4390491684928 57.4390491684928
8.39258372758532 8.39258372758532 4.3353187266474 4.12996779872777 0.544576016217771 1.77787904699411 0.873208250460675 0.798520541249349 1.15857525540202 2.00541308886579 0.743986661355752 3.87590978621028 4.33271575945779 4.5074875830716 4.66617647901056 4.86688027291675 6.06928600675342 2.31547604969246 6.99749468398932 6.99749468398932 7.18716715841853 0.933591989537969 7.28932799916139 0.754564002544793 0.591746194792468 0.728048464156564 57.4390491684928 57.4390491684928 57.4390491684928 57.4390491684928 57.4390491684928 57.4390491684928 57.4390491684928 57.4390491684928 57.4390491684928 57.4390491684928 57.4390491684928 57.4390491684928 57.4390491684928 57.4390491684928 57.4390491684928 57.4390491684928 57.4390491684928 57.4390491684928 57.4390491684928
0.501121621959101 2.49108550382732 0.807680320637932 4.06745848326905 0.617883470557435 0.808612861281795 0.795534800987514 1.91439400493059 0.754135338049458 2.26235311219019 3.20495746528455 0.745519960168739 0.674895794841423 0.729369067641441 1.27390815695959 1.53806229935089 6.06928600675342 6.06928600675342 6.99749468398932 6.99749468398932 7.18716715841853 7.28932799916139 7.28932799916139 0.814316367763885 1.43695956489491 0.717861343815704 57.4390491684928 57.4390491684928 57.4390491684928 57.4390491684928 57.4390491684928 57.4390491684928 57.4390491684928 57.4390491684928 57.4390491684928 57.4390491684928 57.4390491684928 57.4390491684928 57.4390491684928 57.4390491684928 57.4390491684928 57.4390491684928 57.4390491684928 57.4390491684928 57.4390491684928
0.422724408783515 2.34775102949279 0.583680422564282 3.98845569658715 0.601572867522807 0.747961502575292 2.41952042224316 2.08912143436988 0.845105847504552 2.97337699490918 1.1581834362757 0.75862709871288 0.664368138182845 0.679662742543093 0.64954724167186 0.767675974579799 6.06928600675342 6.06928600675342 0.655020557804679 0.543899516752234 1.31689454959367 0.583754022543806 7.372008233423 0.379704220429347 1.79859397422453 1.93141994978609 57.4390491684928 57.4390491684928 57.4390491684928 57.4390491684928 57.4390491684928 57.4390491684928 57.4390491684928 57.4390491684928 57.4390491684928 57.4390491684928 57.4390491684928 57.4390491684928 57.4390491684928 57.4390491684928 57.4390491684928 57.4390491684928 57.4390491684928 57.4390491684928 57.4390491684928
0.422202887292668 2.29937286664936 0.517222306478675 0.493694225289811 3.86208301453362 2.70664225126958 2.61699000670098 0.724382001018176 0.774744839637915 0.875720310459902 0.899086457636219 0.623354217071173 1.06304153585885 0.640408266695406 0.68429746485779 1.08541819852993 0.985273200835671 0.645012616173186 0.690652678568627 0.874643714798478 1.16494359240806 0.661209690947344 0.625282992574325 7.4306973676432 8.1987417982778 8.27726207392942 57.4390491684928 57.4390491684928 57.4390491684928 57.4390491684928 57.4390491684928 57.4390491684928 57.4390491684928 57.4390491684928 57.4390491684928 57.4390491684928 57.4390491684928 57.4390491684928 57.4390491684928 57.4390491684928 57.4390491684928 57.4390491684928 57.4390491684928 57.4390491684928 57.4390491684928
