Model input/Uganda/rivergeometry/river_restime_1jun.asc
NCOLS 67 
NROWS 67 
XLLCORNER 29.5 
YLLCORNER -1.5 
CELLSIZE 0.0833333333283582 
NODATA_value -9999 
[rows 38 to 56 of 67, columns 0 to 41 of 67]
-9999 0.00219001053456447 0.00192408901631865 0.00157250462163322 0.00179656266059917 0.00160141387308933 0.000976770825680314 0.00137467134095102 0.00173529958880726 0.00256639730774904 0.001357749273614 0.00218311680237612 0.00127406739334092 0.00151008561838464 0.00109172468021469 0.0015201224032798 0.00204322841515694 0.00158050440361911 0.0019683921621924 0.00128322499852903 0.00147146789934701 0.00155378698362374 0.00219168002538129 0.00137525188213902 0.00160362770120323 0.00181390821216134 0.001644205278734 0.00167270666844006 0.00150040425111935 0.00214622561746257 0.00190437468241874 0.00151932388069267 0.0013603946446058 0.00158216180214648 0.00124364855768634 0.00156106337584229 0.0014025013923036 0.00152414412319099 0.00207216185191661 0.00108580621677313 0.00218979740268608 0.000706578077202232
-9999 0.0022181379952319 0.00210242796612688 0.000984704000959814 0.000983740375577763 0.00137977043120758 0.00158383778156831 0.00151239819002572 0.00151129812957611 0.00195209575533228 0.00154564565442657 0.00189880306408573 0.00148679430888384 0.00130533209452313 0.00150556219140971 0.00155931099344913 0.0011820646447111 0.00158482085179282 0.00152914314140857 0.00221949736809526 0.00191551445595001 0.00220498855446621 0.0015672963667968 0.00141105769673106 0.00161560152603499 0.00130235826244453 0.00134191021643779 0.00140481120189587 0.00166122139540299 0.00166364540225643 0.00143006615863507 0.00216561807548939 0.00154667832588696 0.00223093728007753 0.0015653020885131 0.0018089461130274 0.00153982089715111 0.00157005455303917 0.00166668634390033 0.00116394946713848 0.00155943410370116 0.00153937065910681
0.00231635808588753 0.00171341644121583 0.000991526832060639 0.000982867633408183 0.00184157417199434 0.00133577553181059 0.00167912341578251 0.00159540133760884 0.00221172765320725 0.00156183339100889 0.00159518390069032 0.00148611819868549 0.00213306657801553 0.00133805776120156 0.0015055273916598 0.00122081505490635 0.00131389910608084 0.00177623286259455 0.00151938117882672 0.00153068492942907 0.00154803684710686 0.00205642752167869 0.00156587804249449 0.00174134900008271 0.00170581293364849 0.00162086222492854 0.00154223709830254 0.00145404211482558 0.00158859456423726 0.00169383164469503 0.00150076426439291 0.00159779135804516 0.00110237123004051 0.00200642286855796 0.00152822198832029 0.0013220627472257 0.00156423288174049 0.00219809497781649 0.00154786752705611 0.00171620996559868 0.0016734154611972 0.00155213132512722
0.00161121375017976 0.00210560583381369 0.00098891463477869 0.00140905843924001 0.00142091853397391 0.00138345500734585 0.00220282401796391 0.00158411113835854 0.00153534344872129 0.0013502976157901 0.00184471429921597 0.00155873014740026 0.00212493285235255 0.00148863451203937 0.00200320391639233 0.00131142001950799 0.00154225124817173 0.00192587678433145 0.00179942257879673 0.00131962177392666 0.00141925116863193 0.00145480544464891 0.00156973796360051 0.00159005899468156 0.00228061869471736 0.00162767722055513 0.00178563330857634 0.00159265840218741 0.00228073393359042 0.00160568551581645 0.00151750500233093 0.00191731462166363 0.00112176474624556 0.00159861207052785 0.00158375556308392 0.00158267320678242 0.0020848865074993 0.00156530419559426 0.00177269662518376 0.00144580934250297 0.0011977331870138 0.00135238352614764
0.00178273593696713 0.00236830447998716 0.000993970800666896 0.00242105547652895 0.00143402905199433 0.00145252211824273 0.00228336290416189 0.00147435356878374 0.00139575198766389 0.00156605243671347 0.00153546536976245 0.0012618822099321 0.0014447209445584 0.00156600250578334 0.00154504035668369 0.00156787441389035 0.00205783035822379 0.00150816775445322 0.00211866084376608 0.00159477728905178 0.00227978040287355 0.00173144840581439 0.0017017265051689 0.00215807422409305 0.00180476011589018 0.0013855157177627 0.00156293563458175 0.0021110419154001 0.00168102062999687 0.00178124729624825 0.00205881216238261 0.00155133890359579 0.0011302332353988 0.00124508525147904 0.00142153967641089 0.00159969751462359 0.00158507717938611 0.00157409153545315 0.00128192139913654 0.00155474765646905 0.00126254155384334 0.00138426107145998
0.00100985837390181 0.001411152168156 0.0016491548991946 0.00215288801052597 0.00153765023583607 0.00158832123080176 0.00162942515745644 0.002103397214753 0.00193406171052691 0.00150705472218259 0.00144024884526489 0.00125500327593156 0.0012126546525207 0.0016632573030524 0.00236462408920436 0.00242556095755308 0.00161086151598369 0.00243972782247691 0.0023174633055942 0.00172634914490899 0.0017450019639876 0.00161294163687495 0.002031011686853 0.00183786188814968 0.00251706588608421 0.00194210832911596 0.00247873998100026 0.00175525718132588 0.0013958735255762 0.00124407797861165 0.00157495360316957 0.00162110000537734 0.00120356480713968 0.00153915234822879 0.00188369102706523 0.00137438582520674 0.00155590820013792 0.00192921278779408 0.00155280978438683 0.0015550233604699 0.00128058630137233 0.00143233305224406
0.00100387917619501 0.00131424281625934 0.00133937174523364 0.00141129608596331 0.00159600735163551 0.00228480289101478 0.0024023390622907 0.00219375281314484 0.00207224082607016 0.0013070548057049 0.00134979614476136 0.00162842455094919 0.00119344925140074 0.00150229406222276 0.00158513064614918 0.00242839132380437 0.00174496181255062 0.00241726244303227 0.00224223945314275 0.00157484025163811 0.00162687003913077 0.00137815826745326 0.00245162604882976 0.00221361722575837 0.00188696245795632 0.00162136937985395 0.00169225258078488 0.00117647427644894 0.00194916360089158 0.00176530130639677 0.00159024306313443 0.00222581790197058 0.00140785732544817 0.00179090277727579 0.0013227956840796 0.00154387550869084 0.00211765104175283 0.00140774192086321 0.00153259100325769 0.00147013852013321 0.00133154331342185 0.00150286962208495
0.00100598922796199 0.00145347650715859 0.001488916953683 0.00151937269024073 0.00151033606653791 0.00223824149051023 0.00149450650820793 0.00142744087993892 0.00215694334404925 0.00126653747169141 0.00133276170048526 0.00241874442227149 0.00118934093468419 0.00170561363139535 0.00209765166898222 0.00173865490478591 0.0015092768894252 0.00178520958017989 0.00171467487513451 0.0014313521342473 0.00214118812417098 0.0013458816807282 0.00178366082112432 0.00129980023704918 0.00163960850171316 0.00171295790122927 0.0016349735253708 0.00166938307411851 0.0012524403225779 0.0012524403225779 0.00197962348837356 0.00156718889313537 0.00150397762547659 0.00151514452628055 0.00157756839917141 0.00198217489670587 0.00148663456317721 0.000707749598428792 0.00100427648476179 0.001620028427074 0.00150065901786126 0.00162392557186542
0.00130483055049489 0.00143383845278539 0.00158215168955315 0.00218230960853188 0.00201709803628473 0.00159875202931282 0.00201011605050434 0.00143388407455704 0.00103968711727746 0.00118424800195458 0.00131645732041522 0.00168483197188202 0.00168239717272159 0.00143003220780853 0.00140555358591381 0.00137166360896986 0.00124598226371824 0.00123704878713457 0.00117816607281677 0.00114390717710162 0.00113426753527248 0.00106208459394643 0.00148551597753612 0.00162702510661272 0.00219438133400113 0.00217560225229459 0.00165129818142899 0.00170834239364253 0.00167200689212088 0.00207303797413349 0.00157865367760973 0.00155952352515376 0.00156754112990903 0.00144886484414053 0.00100428068520037 0.000707749448413128 0.00100428068520037 0.000707749448413128 0.000712512370725279 0.000712512370725279 0.000707749448413128 0.00100428068520037
0.00164804145254017 0.00102255265697392 0.00143551771414258 0.00153162137171767 0.00152634422175558 0.00187719337543283 0.00103273702468023 0.00103273702468023 0.00103273702468023 0.00103273702468023 0.00152498271813244 0.00108331962756388 0.00115153609443031 0.00115398947142923 0.00169950869316122 0.00168640609403884 0.0013591661487092 0.00164414319639514 0.00131701670959802 0.00157109180759587 0.00184164201046558 0.00159589659177337 0.00147541630060996 0.0014654848797247 0.00143478531445004 0.00163925523350738 0.00163996167158289 0.00169905812065031 0.00231578247113271 0.00156829295285669 0.0015821810525991 0.00145508584558936 0.00100428376052147 0.00100428376052147 0.00071251612111687 0.00100428376052147 0.000707749373405296 0.000707749373405296 0.00071251612111687 0.000707749373405296 0.000707749373405296 0.00071251612111687
0.00149774350501384 0.00102372736613468 0.00102775976357239 0.00103468518377857 0.001301730838518 0.00170161509765587 0.00103969587329963 0.0014654385164053 0.00103969587329963 0.0014654385164053 0.00164707445931304 0.00145553168236818 0.00170559561574103 0.00132666368097643 0.00168217922108379 0.0013384494077136 0.00145320228592594 0.00247380939532455 0.00132681076550433 0.00170419718400965 0.00134472115595768 0.00218371579378878 0.00160188844311456 0.00166258038971149 0.00100228542592543 0.000976138302433878 0.000972625806297622 0.000968781222064067 0.00135662537057555 0.00147318920233491 0.000707749298397465 0.00100428586074076 0.000712518371351824 0.000707749298397465 0.000707749298397465 0.00100428586074076 0.000712518371351824 0.000712518371351824 0.000712518371351824 0.000712518371351824 0.000712518371351824 0.000712518371351824
0.00102775976357239 0.00102775976357239 0.00102775976357239 0.00102775976357239 0.00102775976357239 0.00188589255031972 0.00181356025044869 0.00174690853080304 0.00146544004870918 0.00103273691522995 0.00221558887342725 0.00169418674265897 0.00196383287394217 0.00163674936207836 0.00124156564407681 0.00136240874753672 0.00166066454816952 0.00213702615525558 0.00134524576218428 0.00137439787909939 0.00170852423125274 0.00195862449511501 0.00235003465206442 0.00231123937692972 0.00172310903957887 0.00149707720567953 0.00180222086130611 0.00214608468741698 0.000712519121430142 0.000712519121430142 0.00100428691085041 0.000712519121430142 0.000707749298397465 0.000707749298397465 0.000707749298397465 0.000712519121430142 0.000712519121430142 0.000707749298397465 0.000707749298397465 0.000707749298397465 0.000707749298397465 0.000712519121430142
0.00145837601129541 0.00102775976357239 0.00103468518377857 0.00102775976357239 0.00103468518377857 0.00195563457326866 0.00144956417564365 0.00103832355660485 0.00103273691522995 0.00173743694672508 0.00168333607581781 0.00169837204703171 0.00140593498406036 0.00164227162432955 0.00124951468376781 0.00140599332618002 0.00168113812784857 0.00157276686088237 0.00184696596896435 0.00138509133379213 0.00172779267590153 0.0014081343267092 0.00168865360325656 0.00228645062903548 0.00123987302871531 0.00159838265215837 0.00127916282221846 0.0016209965426411 0.00100428691085041 0.000712518371351824 0.000712518371351824 0.000712518371351824 0.000712518371351824 0.000712518371351824 0.000712518371351824 0.00100428691085041 0.000707749298397465 0.00100428691085041 0.000707749298397465 0.000707749298397465 0.000712518371351824 0.00100428586074076
0.00103468191609473 0.00145837296145716 0.00103468191609473 0.00103468191609473 0.00103468191609473 0.00102758834000505 0.00185580629584154 0.00188027112508362 0.00174806006545325 0.0021808559175526 0.00179857263596768 0.0022161536756682 0.00159228243051774 0.00226911552643687 0.00128051689146484 0.00176137716909184 0.00206658983199976 0.00167843469716371 0.00224547098385344 0.00149664428014166 0.00167930397685985 0.00154944609957447 0.00233095652361763 0.001591448560912 0.00126069360769286 0.00232478269615878 0.00135275571763748 0.00161079498064718 0.00071251612111687 0.00100428376052147 0.000707749373405296 0.00071251612111687 0.00071251612111687 0.000707749373405296 0.000707749373405296 0.000707749373405296 0.00071251612111687 0.00071251612111687 0.00071251612111687 0.00100428376052147 0.00071251612111687 0.00071251612111687
0.001034676469955 0.00102775998141798 0.00145836849562258 0.00145836849562258 0.001034676469955 0.00172945813785285 0.00200719445224863 0.00134270024527347 0.002373499772514 0.00197403846745905 0.00240077063617912 0.00272000526731952 0.00160120692887016 0.00205587907132274 0.00143132095739302 0.0020903983176392 0.00165596390116972 0.00237762310030653 0.00169200974814543 0.00164929582630934 0.00164708814704005 0.00166720572411596 0.00167793533834337 0.00147217421303169 0.0013198831623371 0.00215564374307532 0.00147714940541087 0.00226333187304514 0.00150919635700324 0.00207830192036024 0.00100428068520037 0.00100428376052147 0.00100428068520037 0.000707749448413128 0.000712512370725279 0.000712512370725279 0.00100428068520037 0.000712512370725279 0.000707749448413128 0.000712512370725279 0.000712512370725279 0.000712512370725279
0.00145836239594608 0.00102776019926357 0.00145836239594608 0.00145836239594608 0.00103466895428217 0.00201596481762739 0.00249105985562529 0.00135175218100714 0.00138658003519195 0.00164578410436746 0.00164905050863704 0.00158756519761998 0.00229028318504974 0.00215508848881847 0.00166608570842402 0.00165087538212047 0.00234544069532242 0.00164668001747796 0.00164175008637362 0.00162402556170763 0.00218144758516419 0.00241134940302631 0.0023554231388155 0.00170363166815997 0.00141208243415483 0.00164381438692542 0.00159015489586036 0.00155983875924676 0.00138391742547407 0.00128888158827849 0.000707749448413128 0.000712507195184884 0.000712507195184884 0.000707749598428792 0.000707749598428792 0.000712507195184884 0.00100428068520037 0.000707749448413128 0.000712507195184884 0.000712507195184884 0.00100427648476179 0.000707749598428792
0.00102776041710916 0.00145835488027325 0.00102776041710916 0.00145835488027325 0.00192417811280768 0.00224746987864544 0.00165806700233396 0.00211674425607696 0.00166452742921672 0.00160324494525469 0.00212973266506462 0.00149794406537431 0.00161254796938137 0.00163367785884221 0.00164952809420463 0.00217732379544073 0.00166312534869998 0.00154089731219097 0.0021587370563309 0.00126462452328189 0.00143855144679202 0.00152247738625221 0.00161708719672946 0.00232171878941284 0.0015150702535375 0.00163086740209245 0.00170151748033997 0.000712500444480021 0.00100427648476179 0.000707749598428792 0.000707749598428792 0.000712500444480021 0.00100427648476179 0.00100427130922139 0.000707749598428792 0.00100427648476179 0.000712500444480021 0.000712500444480021 0.00100427130922139 0.000712500444480021 0.000712500444480021 0.00100427130922139
0.00102776063495474 0.00102776063495474 0.0011680820726814 0.00249823558929134 0.00191350096479419 0.00168621151783562 0.00226258895122514 0.00159560102565284 0.0015892662657778 0.00138461654721694 0.00229098837975916 0.00144443399594005 0.00151316047111364 0.00235867725508598 0.00166707324418799 0.00161932763016223 0.00205021000131029 0.00139278975642643 0.00167211173846561 0.00126462479133359 0.00172160149678563 0.00154708305095631 0.00165627117908184 0.00166586984056721 0.0023682892125018 0.00172000883692088 0.00215176562877981 0.00100427130922139 0.000707749898460119 0.00100427130922139 0.00100427130922139 0.000707749748444455 0.000712492193618522 0.000712492193618522 0.000712492193618522 0.00100426508357135 0.000707749898460119 0.00100426508357135 0.000707749898460119 0.000707749898460119 0.00100426508357135 0.000707749898460119
0.00102776096172313 0.00102776096172313 0.00116997908041204 0.00118818122095862 0.0017110713039743 0.00195559636635258 0.00157580078125692 0.00158583807308695 0.00211015404537848 0.00134707706900784 0.00164286539776654 0.00120133961948433 0.00117738427368032 0.00116897024715758 0.00116148616998444 0.00162280659139366 0.00109573800493966 0.00130125172167257 0.00106369819488927 0.00149931407809346 0.00104871988539189 0.00206996994969329 0.00147493496413501 0.00219925373334096 0.00164961632875142 0.00215725388867669 0.000707749898460119 0.000712482442600387 0.000712482442600387 0.000712482442600387 0.000712482442600387 0.000712482442600387 0.00100425773280383 0.00100425773280383 0.000707750123483614 0.000707749898460119 0.00100426508357135 0.000712482442600387 0.000712482442600387 0.000707750123483614 0.000707749898460119 0.000707750123483614
