Model input/Uganda/rivergeometry/river_restime_1jan.asc
NCOLS 67 
NROWS 67 
XLLCORNER 29.5 
YLLCORNER -1.5 
CELLSIZE 0.0833333333283582 
NODATA_value -9999 
[rows 0 to 18 of 67, columns 0 to 41 of 67]
-9999.000000000000000 -9999 -9999 -9999 -9999 -9999 -9999 -9999 -9999 -9999 -9999 -9999 -9999 -9999 -9999 -9999 -9999 -9999 -9999 -9999 -9999 -9999 -9999 -9999 -9999 -9999 -9999 -9999 -9999 -9999 -9999 0.00226420589997132 0.00159862606586203 -9999 -9999 -9999 -9999 -9999 -9999 -9999 -9999 -9999
-9999 -9999 -9999 -9999 -9999 -9999 -9999 -9999 -9999 -9999 -9999 -9999 -9999 -9999 -9999 -9999 -9999 -9999 -9999 -9999 -9999 -9999 -9999 -9999 -9999 -9999 -9999 -9999 -9999 0.00159256038565544 0.0021242797934123 0.00162188393845354 0.00203843774075986 0.00228997854007418 0.00227950861201469 0.00161663676613697 0.00153681496711484 0.00220773440443586 0.00164550687757785 0.00161726753489825 -9999 -9999
-9999 -9999 -9999 -9999 -9999 -9999 -9999 -9999 -9999 -9999 -9999 -9999 -9999 -9999 -9999 -9999 -9999 -9999 -9999 -9999 -9999 -9999 -9999 -9999 -9999 -9999 -9999 -9999 -9999 0.00137856914475643 0.00165528752983182 0.00140380927764895 0.00162796400527239 0.00116627382926036 0.00163600668950487 0.00169127365310354 0.00121912670545161 0.00125641652158523 0.00135071535454527 0.00143178495292271 0.00162810937004004 0.00221306232426371
-9999 -9999 -9999 -9999 -9999 -9999 -9999 -9999 -9999 -9999 -9999 -9999 -9999 -9999 -9999 -9999 -9999 -9999 -9999 -9999 -9999 -9999 -9999 -9999 -9999 0.00163014505967708 -9999 -9999 -9999 0.0019347039287192 0.00167281353982354 0.00159783098516543 0.00163402062449246 0.00230618401278473 0.00165815330965829 0.00149666016526813 0.00158768355171799 0.00157822185378226 0.00202814026200406 0.00154827942757132 0.00157113147800997 0.00222402594609618
-9999 -9999 -9999 -9999 -9999 -9999 -9999 -9999 -9999 -9999 -9999 -9999 -9999 -9999 -9999 -9999 -9999 -9999 -9999 -9999 -9999 -9999 0.0015465831956404 -9999 -9999 0.0021653836078439 -9999 -9999 -9999 0.00077905430707782 0.000885864743522142 0.000896203227103424 0.00138801560078861 0.00144026868424447 0.00154571049098971 0.0022881490799013 0.00158842094419993 0.00209129710058371 0.00155255632074916 0.00167439881727877 0.00202427572793075 0.00168605718390125
-9999 -9999 -9999 -9999 -9999 -9999 -9999 -9999 -9999 -9999 -9999 -9999 -9999 -9999 -9999 -9999 -9999 -9999 -9999 -9999 -9999 0.00208911789469583 0.00144324090829535 0.00157389610467948 0.00146922618513896 0.00241984974423152 0.00069339243211351 0.000690182914516879 0.000976710978006667 0.000689049826675383 0.00177375793590941 0.000893679754029994 0.0011767438755168 0.00118921037153526 0.00155347902733383 0.00190980177267107 0.00138298008938536 0.0015928462008658 0.00234816581257931 0.00164570467755101 0.00229540192516425 0.00137861585955035
-9999 -9999 -9999 -9999 -9999 -9999 -9999 -9999 -9999 -9999 -9999 -9999 -9999 -9999 -9999 -9999 -9999 -9999 -9999 0.00152900562357127 0.00124969309175423 0.00122918894904974 0.00118404515056966 0.0011659222506624 0.00197339330554058 0.00178576441014381 0.000690181597941749 0.000693455920292039 0.000692318779737411 0.000689048585282315 0.00150940064273625 0.00174459801825043 0.00127666224473711 0.00217398346373954 0.00169035011343677 0.00130000625094877 0.00131675705884509 0.00140275713582249 0.00163163053237317 0.00151490840848463 0.00144263109918296 0.00132875466024447
-9999 -9999 -9999 -9999 -9999 -9999 -9999 -9999 -9999 -9999 -9999 -9999 -9999 -9999 -9999 -9999 -9999 0.00142709704654663 0.00136796120316677 0.00183608546998785 0.00154996559450034 0.00209647352784387 0.00224033394400566 0.00116411753231897 0.00273064606017583 0.0013740146440453 0.000978505711405109 0.00227563236915197 0.00146018118785176 0.00141489722709051 0.00114952384822952 0.00161757238168231 0.000900834248375402 0.00170609122987537 0.00227137080928505 0.00209373585470314 0.00148002831143715 0.00159296203558777 0.00161416969410325 0.00161250674729942 0.0019370930693635 0.00160717536932166
-9999 -9999 -9999 -9999 -9999 -9999 -9999 -9999 -9999 -9999 -9999 -9999 -9999 -9999 -9999 -9999 -9999 0.0014187325908125 0.00214275506864397 0.00153303467556115 0.00154293881741822 0.00198561077831529 0.00142289205667207 0.00114389820174343 0.00114277556811975 0.000978921498810471 0.00162755412391104 0.00164229869983099 0.00152314920821894 0.00146471301496801 0.00115319198930277 0.00114481630621732 0.00161059882803785 0.00127772623549964 0.00214382400560109 0.00159028198099938 0.00223636817949752 0.00158059322027964 0.00212610139430046 0.00160441204573668 0.00159307991708676 0.00104123928758774
-9999 -9999 -9999 -9999 -9999 -9999 -9999 -9999 -9999 -9999 -9999 -9999 -9999 -9999 -9999 -9999 -9999 0.00135231545172495 0.00131481980069744 0.00124143092217888 0.0014602012873582 0.00195973695446324 0.00197342922388944 0.00212387712516658 0.000980242180168617 0.00157923470682645 0.00201478151000635 0.00169862611655891 0.00214968641974612 0.00130365752372422 0.00117046869534912 0.00160951570353826 0.00163556065562032 0.000901488712723614 0.000906856003687078 0.00166884152791676 0.00223909307522811 0.00189727315420258 0.00153307758260173 0.00146236174288341 0.00146392654430579 0.00104478905998919
-9999 -9999 -9999 -9999 -9999 -9999 -9999 -9999 -9999 -9999 -9999 -9999 -9999 -9999 -9999 -9999 0.00149930199447775 0.00139553439500454 0.00121230126351408 0.00114031108719893 0.00112045961809636 0.00111893917206229 0.00155396333588199 0.00139380864301934 0.000691620428731284 0.0013099494933042 0.00158889243520486 0.00225498796166767 0.00207983355484744 0.00137101062901089 0.00124647961630419 0.00224969662611231 0.00116382575654376 0.00150104773786636 0.00164673950967941 0.00128006438774064 0.00132997456149592 0.00157359858978661 0.00144175471126609 0.00102405926700977 0.00148594839827605 0.00161008822414333
-9999 -9999 -9999 -9999 -9999 -9999 -9999 -9999 -9999 -9999 -9999 -9999 -9999 -9999 -9999 -9999 0.00150337632626349 0.00178691499954854 0.00154401205583348 0.00208157263057756 0.00154413454195434 0.00229380220260086 0.00218393213949333 0.000981245656616277 0.00160770970842808 0.00132774991390827 0.00136586650601192 0.00158094651848379 0.00156485449988947 0.00140821056136961 0.00128273343110764 0.00178466555175471 0.00118181314183878 0.00150372657801988 0.00152226950159048 0.000950413966677899 0.00141978800419293 0.00100727055263321 0.00125761596953776 0.00157447970183049 0.00192727817467573 0.00140274113844084
-9999 -9999 -9999 -9999 -9999 -9999 -9999 -9999 -9999 -9999 -9999 -9999 -9999 -9999 -9999 0.00152733917972253 0.00188609094434014 0.00148758481044544 0.00141510938916936 0.00181815829650824 0.00171036550633139 0.00232364959202352 0.000693121051488127 0.000693119949658161 0.00154576026201141 0.00221101387852074 0.00156252703480545 0.00220826535749072 0.00155908055987057 0.00144772729861895 0.00145571364532237 0.0019124284128021 0.00121305753685744 0.00224392928904091 0.00155060939064187 0.00134382648049376 0.00135457179688994 0.00159230733328062 0.00147686499211526 0.00185195984219184 0.00224173950072345 0.00149487498243214
-9999 -9999 -9999 -9999 -9999 -9999 -9999 -9999 -9999 -9999 -9999 -9999 -9999 -9999 -9999 -9999 0.00146366167984763 0.00145954548152147 0.00198319936362898 0.00153565162388888 0.00180487677459903 0.00255957998532341 0.000982858406234582 0.000693118921283526 0.00205460355980279 0.0021976504593488 0.002035450607137 0.00154757397363813 0.00209623533577742 0.00157189083557977 0.00154761563988104 0.00141857048321669 0.00122155867961171 0.00136340245703529 0.00218583656767051 0.00152604656753834 0.000955848227994032 0.00162719690646028 0.00157556724179063 0.00133000116490335 0.00150414088859573 0.00160390603151371
-9999 -9999 -9999 -9999 -9999 -9999 -9999 -9999 -9999 -9999 -9999 -9999 -9999 -9999 -9999 -9999 -9999 0.00146644894231337 0.00138442649567189 0.00133588887709635 0.00132155875913294 0.00120217260779626 0.000693348438534697 0.00196897320525663 0.00145722820940582 0.00138049487595697 0.0021971007509188 0.00193054260557603 0.00157201638654224 0.00153450947831888 0.00216539463063692 0.00151683316864744 0.00129992949155144 0.00141035238981219 0.0015181394742513 0.00152583897764639 0.00129712955225251 0.00136495679748616 0.00162334760052481 0.00162500040388934 0.00151476895955342 0.00155871529243481
-9999 -9999 -9999 -9999 -9999 -9999 -9999 -9999 -9999 -9999 -9999 -9999 -9999 -9999 -9999 -9999 0.00142277681408472 0.00190449944059775 0.00156411396902091 0.00145847239460928 0.00141361401970225 0.0019739407603274 0.000694004463670729 0.00152296376386117 0.0017219585386124 0.00122600118028702 0.00130940868113359 0.00155873902006498 0.00157771399357962 0.00137843595640983 0.00195255956959506 0.00154896676340814 0.00151228680355853 0.0019485124076217 0.00146880438034666 0.00141729164186507 0.00136294679010884 0.0013751013429298 0.00137183572538008 0.00106668873534429 0.00144088538595765 0.00151766321580124
-9999 -9999 -9999 -9999 -9999 -9999 -9999 -9999 -9999 -9999 -9999 -9999 -9999 -9999 -9999 -9999 0.00143084723356074 0.00121776756630478 0.00165337697998679 0.00158579267641916 0.00108950186928468 0.00107062711987344 0.00107054575381249 0.000984639082660666 0.00158489676818997 0.00224020164529623 0.00222789142256094 0.0022155434777285 0.00124082203562667 0.00127415519811767 0.00155351748539386 0.00219352557103882 0.00207259730729437 0.00150873603885728 0.00199229333110832 0.00151045456716834 0.00216474663578168 0.00155738039406933 0.00132555714346991 0.0014606399850392 0.00166986883351407 0.00214732993604106
-9999 -9999 -9999 -9999 -9999 -9999 -9999 -9999 -9999 -9999 -9999 -9999 -9999 -9999 -9999 0.0020438099668634 0.0017928191450342 0.00150731107495636 0.00118153978209107 0.00154270163617714 0.00183001869516836 0.00166561895179773 0.00232298069706757 0.000696012199772222 0.00164539226429571 0.00118414769648204 0.00119811338990094 0.00121540753401635 0.00122526643945899 0.00158907515124424 0.0014356426423934 0.00215751246797911 0.0015496947286866 0.00181085711026044 0.00154246866365807 0.00202120939590911 0.00155857735099208 0.00140603690763056 0.0013587876814875 0.00103151405481981 0.0010390659846927 0.00160781153327482
-9999 -9999 -9999 -9999 -9999 -9999 -9999 -9999 -9999 -9999 -9999 -9999 -9999 -9999 -9999 0.00150397108487698 0.00130780210722289 0.00213125710789399 0.00120681454857069 0.00149294752137466 0.0012980135129661 0.00169911874719583 0.0014833990003986 0.000696196631900007 0.00157303457159575 0.00228118109586898 0.00159243207653244 0.00210587356324965 0.00162114779679348 0.00158451431473828 0.00189816119263023 0.00153126325919791 0.00152756939788292 0.00141785589803792 0.00121408565715127 0.00155785026404507 0.00154082265818142 0.00156370630522523 0.00222995235626976 0.00146838574224776 0.00130863226331292 0.00148746208799255
