Model input/Uganda/rivergeometry/river_width_1jun.asc
NCOLS 67 
NROWS 67 
XLLCORNER 29.500000001 
YLLCORNER -1.499999999 
CELLSIZE 0.0833333332985075 
NODATA_value -9999 
[rows 0 to 19 of 67, columns 0 to 45 of 67]
-9999.000000000000000 -9999 -9999 -9999 -9999 -9999 -9999 -9999 -9999 -9999 -9999 -9999 -9999 -9999 -9999 -9999 -9999 -9999 -9999 -9999 -9999 -9999 -9999 -9999 -9999 -9999 -9999 -9999 -9999 -9999 -9999 0.754847436297403 0.746203439577002 -9999 -9999 -9999 -9999 -9999 -9999 -9999 -9999 -9999 -9999 -9999 -9999 -9999
-9999 -9999 -9999 -9999 -9999 -9999 -9999 -9999 -9999 -9999 -9999 -9999 -9999 -9999 -9999 -9999 -9999 -9999 -9999 -9999 -9999 -9999 -9999 -9999 -9999 -9999 -9999 -9999 -9999 0.782640121038716 1.05647900987639 0.697337250640373 1.30635747114125 0.671666014612114 0.69980590691894 0.658754895900408 0.890716183051112 0.849087758946691 0.660472420863798 0.737473891611272 -9999 -9999 -9999 -9999 -9999 -9999
-9999 -9999 -9999 -9999 -9999 -9999 -9999 -9999 -9999 -9999 -9999 -9999 -9999 -9999 -9999 -9999 -9999 -9999 -9999 -9999 -9999 -9999 -9999 -9999 -9999 -9999 -9999 -9999 -9999 1.72076815523086 0.632237061374064 1.47275473255441 4.42046673394131 4.18756065227784 0.634023904474653 3.65621361372635 3.36190806293711 2.88975009490879 1.94418819187818 1.40786515547743 0.691443290281449 0.886506095639284 0.99993148127425 -9999 -9999 -9999
-9999 -9999 -9999 -9999 -9999 -9999 -9999 -9999 -9999 -9999 -9999 -9999 -9999 -9999 -9999 -9999 -9999 -9999 -9999 -9999 -9999 -9999 -9999 -9999 -9999 0.817169676556915 -9999 -9999 -9999 1.87146189761006 0.578418028343597 4.87787201366159 0.630937958068837 0.637008888708553 4.03736280648299 1.03411928001757 0.754238922757863 0.794641426701804 1.42586682669223 0.988144771883704 0.882420818851781 1.02830557326326 1.65475627882397 -9999 -9999 -9999
-9999 -9999 -9999 -9999 -9999 -9999 -9999 -9999 -9999 -9999 -9999 -9999 -9999 -9999 -9999 -9999 -9999 -9999 -9999 -9999 -9999 -9999 0.729814839768863 -9999 -9999 1.15123850892823 -9999 -9999 -9999 74.4140785392814 20.9011926416785 19.8440633518472 1.61303691898282 1.32262849441458 0.899857274452798 0.677424582506134 0.823366691632329 1.60528561259775 1.28223080927445 0.894251211791794 1.72869996024843 0.88207666396088 2.07893272019614 0.715452227451777 -9999 -9999
-9999 -9999 -9999 -9999 -9999 -9999 -9999 -9999 -9999 -9999 -9999 -9999 -9999 -9999 -9999 -9999 -9999 -9999 -9999 -9999 -9999 1.07845972672994 1.33759489142553 1.02786077792313 1.38000817883673 0.676671363486262 69.2267917414122 69.2267917414122 70.1206198929993 70.1206198929993 0.583748235275686 19.7028698252776 5.54162669687293 5.25221810216399 0.911577783545352 2.49425787054517 2.25186464124328 1.19215458633742 0.935531556103127 0.905181359447621 0.841997812765996 2.19951065249507 2.40662677134028 0.730081912749066 -9999 -9999
-9999 -9999 -9999 -9999 -9999 -9999 -9999 -9999 -9999 -9999 -9999 -9999 -9999 -9999 -9999 -9999 -9999 -9999 -9999 0.797501102061281 2.57341640123953 2.85623585889662 3.71897406716365 4.11052421076961 1.96489152096402 0.594429942558981 69.2267917414122 69.2267917414122 70.1206198929993 70.1206198929993 8.04717578243087 0.642126321309575 18.5320130894749 1.29030642364175 5.13400393330341 3.49603222082799 3.27654215794164 2.33198880789492 0.933932580440588 1.30931523494951 1.58674784560471 2.62717675498731 3.81872155593252 0.655607826322671 -9999 -9999
-9999 -9999 -9999 -9999 -9999 -9999 -9999 -9999 -9999 -9999 -9999 -9999 -9999 -9999 -9999 -9999 -9999 1.31355114676093 1.6060626286 2.05454211942591 0.782363311585272 1.05238955644527 1.05935219280474 4.1655118341355 0.313558683940572 2.10610738672444 69.2244095531051 0.820945675519276 1.65082579687709 1.90733341851355 5.50464420372268 5.2719073375164 18.5032745033558 0.727288075027714 1.01717726177151 1.6417413591189 1.6663359828492 1.1471490982167 0.834608541067684 0.829312619805955 2.03978385464728 0.716516882960959 4.12714041462318 0.71026330714218 0.673197780234306 -9999
-9999 -9999 -9999 -9999 -9999 -9999 -9999 -9999 -9999 -9999 -9999 -9999 -9999 -9999 -9999 -9999 -9999 1.30280184668816 0.863006755137489 0.80149327060859 0.808878065278806 1.40328627200803 1.56272161973829 4.87131760435608 4.98709266708395 69.2134199048051 0.877805833146372 0.936944749524505 1.36536080636531 1.69312300228364 5.40176447915915 5.14954117677092 1.00491496512257 18.446630336151 1.40671651889731 1.09855290121646 1.14607975824699 1.16356253387469 1.2230908053641 0.843247901063665 0.781593105627468 8.55437721666488 0.720122714193353 1.29460550087187 0.70383791662162 0.646128794171235
-9999 -9999 -9999 -9999 -9999 -9999 -9999 -9999 -9999 -9999 -9999 -9999 -9999 -9999 -9999 -9999 -9999 1.68450376642095 1.94655458678532 2.56781841613519 1.1206849558511 1.63382829046568 1.61629896261722 0.503181498723406 68.8918199379917 0.869453473030683 1.90160121964181 0.789861448315735 1.36165218101896 2.96051736811265 4.88314684682647 1.02279987058248 4.85032386383145 18.4168820168392 18.278228033243 0.831430613978545 1.10871895096315 2.51296422490468 1.12564675123824 1.30692816014815 8.90371917927813 8.61600127349879 6.5244216922607 1.59573239527172 0.692544193608915 5.15125147248381
-9999 -9999 -9999 -9999 -9999 -9999 -9999 -9999 -9999 -9999 -9999 -9999 -9999 -9999 -9999 -9999 0.85209351664229 1.2861630899212 2.86592400331245 4.13606929845295 4.82052633162159 4.8972586264001 5.47689070340774 1.80206120536976 68.9576496477529 3.00933600436225 1.05751620921973 1.05382787752599 1.59776734091367 2.09171744496607 3.21645996992564 1.0709892377143 4.50787880504462 1.10157566411788 0.848204925920081 18.2028523934377 2.70941086672098 1.16430064499759 9.65070173646198 9.56775969380386 1.24096174171986 0.844059174583757 0.806207813437476 6.03872784136653 5.52408894315869 0.763993187176652
-9999 -9999 -9999 -9999 -9999 -9999 -9999 -9999 -9999 -9999 -9999 -9999 -9999 -9999 -9999 -9999 0.890544510436281 2.25047767776308 0.883925805736295 1.26463419689194 1.14704139164598 0.746911433831944 0.497448144312763 68.8005143042391 1.03805672337857 2.74447407925778 2.41237988597199 1.11873133938566 1.12160120537921 1.74338316609026 2.66182880939518 2.97521001876316 4.09184835927368 1.12593599481411 1.16101977184944 13.3664059689497 10.5859166143273 10.5200402470221 3.15532000352731 0.883306765003387 2.06173569704266 1.79544004526555 0.789793307829934 1.82555561135636 0.761653752580338 0.771076052384641
-9999 -9999 -9999 -9999 -9999 -9999 -9999 -9999 -9999 -9999 -9999 -9999 -9999 -9999 -9999 0.910610230713063 1.71028130848796 1.01754486631551 1.43855990011499 2.56940473811196 0.847080636201971 1.05457528783379 68.4648091713244 68.4648091713244 1.08967955840732 1.09174357729445 1.09393503825736 1.14201771602879 1.16403347275311 1.47844629715841 1.22477783505732 1.88969274059859 3.46125462225793 0.822659176727195 0.914580028123196 2.03955874674584 12.9514149215477 0.835970435440922 1.22146432141771 2.56937284190522 0.88166380976965 1.23209456311161 0.81234533411058 1.40192831926357 0.689099755151405 0.56697901410556
-9999 -9999 -9999 -9999 -9999 -9999 -9999 -9999 -9999 -9999 -9999 -9999 -9999 -9999 -9999 -9999 0.995428672735053 1.11552653456873 1.51511419761452 1.19430631480922 2.68309114919963 0.340164993465017 68.4648091713244 68.4648091713244 1.61650847889422 1.12540141564998 1.77225553016507 1.21657904607815 1.21460996996944 0.813562126821367 0.87208512473712 1.41185605203758 3.31610708951602 1.80119522209323 0.923934330069146 0.992259936322494 12.882638390219 0.903963215690344 0.909119801776252 2.35410307290481 1.20173362711862 0.861385171328023 0.826601031800007 1.15187770922259 0.693885408664166 1.54245465674045
-9999 -9999 -9999 -9999 -9999 -9999 -9999 -9999 -9999 -9999 -9999 -9999 -9999 -9999 -9999 -9999 -9999 1.08941658964404 1.70726192359855 2.29903353870923 2.38148273376388 3.87799566661158 68.2753227368281 1.96410310575078 1.59305811422769 2.1688006624684 1.1530604165578 2.03075261678582 0.90200369918884 0.913649312569829 0.965315233186114 0.985083318642647 2.44081374495054 1.45898369663481 1.00765671079857 1.02583777525877 2.41712423697011 12.3721814070318 1.00773475306669 0.955150265890729 6.87078056743744 0.825302138275972 1.41947362483373 0.985608292305444 5.87414416428307 1.55780524419146
-9999 -9999 -9999 -9999 -9999 -9999 -9999 -9999 -9999 -9999 -9999 -9999 -9999 -9999 -9999 -9999 1.28565423631709 1.72613354355772 0.97570167588089 1.50034947280937 1.69626754222554 1.72762310534565 68.0568691984842 0.985472125826033 4.15703049785367 4.04026255342762 2.69951581320491 1.13013173611386 0.806769434650992 1.66116735614094 1.7008196356759 0.924338207509905 1.06132656596565 1.85120052267674 1.29644246133681 1.53293764708935 1.84293060327897 1.75338147402812 11.9960528235617 7.24696755264947 1.56857064270484 6.78011424808317 6.33818283725492 6.13193903493008 0.951135323228407 5.36383466363105
-9999 -9999 -9999 -9999 -9999 -9999 -9999 -9999 -9999 -9999 -9999 -9999 -9999 -9999 -9999 -9999 1.29226385915746 3.11033555468556 3.86529421358145 1.00713622747819 5.91762742637364 6.63468525926534 6.63605159655653 68.1158406013368 0.916126870068136 0.947588677408065 1.0172389499614 1.06393771339864 2.96578682708794 2.6494619387692 0.889161221221141 0.941597663816502 1.28127808616432 1.15314874077056 1.63596638930997 1.05239520533282 0.988711779035638 0.896618570106728 2.15730521105758 8.49731767028203 0.855351875352657 1.11647222813576 0.729069244508142 0.696341747280068 0.688429086229257 0.967561811031228
-9999 -9999 -9999 -9999 -9999 -9999 -9999 -9999 -9999 -9999 -9999 -9999 -9999 -9999 -9999 1.21081454793873 2.46472530779338 0.96616074668506 3.72686105098117 5.70974264466768 2.58310114067437 0.677045500712023 0.686308803199426 67.3224912097915 4.59117202917422 4.21150668652086 3.87978718867226 3.48324170973877 3.27306546098206 0.809364621691238 1.40241535947317 1.01803669684369 0.960658794473123 2.70687589183967 0.971599931330372 1.46502604176482 0.927006334272592 1.6133318099997 1.88469551461902 8.40538131673897 8.32736361015905 0.697999397449441 0.704992563127914 0.733695286589555 0.978874619879983 0.655509285801244
-9999 -9999 -9999 -9999 -9999 -9999 -9999 -9999 -9999 -9999 -9999 -9999 -9999 -9999 -9999 0.983447589918833 2.04840555253231 0.951879035703994 3.19261294877987 1.22857974075493 2.4680004585015 0.601179469740217 1.10606987239533 67.3597513487969 0.701826226670228 0.848723221384999 0.907499100542767 1.28314094701289 0.751558584842556 0.803548773305646 2.05018713678991 0.977457236972002 1.0235303631198 1.49820104780045 3.56701427930329 0.948006992883486 0.985195523092517 0.882180089377592 0.845925404700162 1.25280666744485 2.26972390344852 7.64228992728298 0.647773520987427 1.72632003285378 1.27448622623795 0.627043118334647
-9999 -9999 -9999 -9999 -9999 -9999 -9999 -9999 -9999 -9999 -9999 -9999 -9999 -9999 -9999 0.900892668331249 2.22321260728182 3.05584789823521 0.818746574501111 1.72572282950867 0.627824468297555 0.53535727669418 0.746517620879907 0.631360616124586 67.0893197216002 0.636799996792712 2.14256469248051 0.893813475388788 0.733025719736218 3.4961360151156 2.31927270223341 1.87951528450388 1.20456786471813 1.91262108607389 4.37443022902827 1.53261376211069 1.55004529350757 1.24303557625971 0.829881496159022 0.811478529327258 1.40266963150953 1.01832460577892 7.43409138589242 6.52228411829247 1.22364020815376 0.649255545976546
