Model input/Uganda/rivergeometry/river_width_1jun.asc
NCOLS 67 
NROWS 67 
XLLCORNER 29.500000001 
YLLCORNER -1.499999999 
CELLSIZE 0.0833333332985075 
NODATA_value -9999 
[rows 40 to 59 of 67, columns 0 to 45 of 67]
0.649291198432458 0.516900806919343 10.2485568467783 10.3690975589044 0.336214818356959 1.94157656372994 0.556711673997849 0.736086592615023 0.835717646456446 0.826726029862887 0.736636370996315 1.08445543505714 1.01850874749398 1.92356124565416 1.04752108589765 3.17381547104278 2.12479166747168 2.76771740916053 0.960983800292708 0.922863463620319 0.867767231072269 1.24377580985329 0.845183785757307 0.456387195704098 0.510777309742515 0.700009625013388 0.885737704750034 1.22168742986575 0.781255698051019 0.550390843968171 1.02790631335997 0.757012472737746 5.54133731375277 1.42273172098923 0.965338849609443 2.05412357700336 0.850049335447983 0.864460153362131 0.868285719216561 3.33924606548954 3.83296532851672 0.886876338667464 62.522863962513 1.57002601375631 2.40003752216973 1.01108359076074
0.723278742239496 1.09323642260716 10.0275291072926 1.50402566949656 1.43673623561976 1.6031624313518 0.854412952674619 0.765194125767828 0.941230803808909 1.89791628763927 2.25115477204048 0.835752066541386 1.0400278257065 1.07448102172146 1.43532592078087 2.14681479589616 0.918437992018522 1.77955622942954 2.57857259857599 2.15167083449434 1.44597771747992 1.26322840892108 0.833977881151035 0.749693435364605 0.706868179194444 0.659825633033318 0.412611283474642 0.743034669197223 0.706673163802313 0.736981944886891 0.967487534236265 1.82338741776835 5.03795526449524 0.754965953684306 0.766132740849551 0.768996906280687 1.15389498209528 0.846959468066531 2.7981282933023 1.26015921855265 3.52248936613016 1.88198562292195 62.4808482454784 1.08301166139114 2.09729468489306 0.958792137684413
0.401443466439545 0.575309155104098 9.75210815048656 0.510101786612344 1.31773248874505 1.22868075621684 0.702301339926582 1.17453146567541 1.52753284318322 0.814633037490836 0.907278441718714 2.64920294405462 1.26535216628227 0.844971977789779 0.876994364120779 0.809475510854857 1.23925833353969 1.00064814514659 1.05699446479812 0.76499864303788 0.708349093763082 0.470819071688269 0.517509118826652 0.955745182367095 0.389323282308903 1.59018473969931 0.854065929505444 1.0779514684248 0.55328827605331 0.403279667705636 1.2360345706262 0.857725622158025 4.83522920666431 2.95597111340223 1.43343499621209 0.752237666791439 0.762648271925621 0.82153038882661 2.43079661945005 0.847506456130577 2.64165211572777 1.5980684575024 62.4408918174883 62.3981028433978 0.916814796080192 1.42315310546588
9.27531825411822 9.72407038067263 0.637054252926277 0.968424258771901 0.900258269287278 0.75417999160134 0.680330769898627 1.09956364282689 1.73888652667211 1.00469046397698 1.28695464105048 2.83084462040985 3.29219843383358 0.586333369354198 0.580215926916529 0.504949005352941 0.698322029908971 0.489159944542984 0.64771220149976 0.47846274233 0.451191679837878 0.69341904616413 1.33129021969115 0.352564636605402 0.412501048712601 1.69990547533608 0.448552833218816 0.453212784379893 1.52680404131928 2.86295254173847 0.819139031627557 0.699629687067389 3.43027921503389 0.895470891925295 2.00849209234809 1.72350556125957 0.875409556807227 1.76294703493969 0.85329727161701 0.8781331683439 2.44466510959846 1.32627396640407 0.514368989186213 62.3656845020263 1.02788069117089 0.99797126941131
9.23790374688429 2.1217466504962 1.98445877115072 1.49138379924953 0.734558212462854 0.699911363542977 0.53220234246997 0.87394926892716 1.19296250078876 2.1862539049717 1.83395846182714 0.682659884272807 3.59208088234027 1.06023255386864 0.762506925199775 0.501760477669821 0.451247853678041 0.514505467704877 0.775603755777577 0.790114308530393 0.661612281676244 1.63709407194571 0.47633564146133 0.831970934089772 1.98955032894852 0.699039383309865 0.553379030423881 3.88436908657996 1.66663156543388 2.86295254173847 0.777093046720717 0.807370145843015 1.45716498492906 2.6465443295147 2.12410503544026 0.913378593483515 1.05981548209835 1.4578174288343 0.95071187970626 1.19320331852699 1.97550431993552 1.02006148961192 62.3060755647572 62.3060755647572 62.3060755647572 62.3060755647572
9.13257661380806 1.26989881425408 1.11336070283426 0.961004220433464 0.992826075433789 0.783221308763409 1.09081062609763 1.3512846137228 0.958582492130055 2.59645286731543 1.96566238944107 0.512812501314801 3.66035846646845 0.511099178960716 1.11618012289582 0.460258621478629 0.996636800855976 0.413260392422127 0.496522839859812 1.33124336322438 0.997737161411469 1.86327384601641 2.70575654080057 2.33769932471949 0.65764960141138 0.499246105889667 0.667895090321847 3.88436908657996 2.86295254173847 2.86295254173847 1.53139475316365 0.841644493571061 1.01596329923378 0.975740283447457 0.782680651331051 1.52066144944544 1.12272691223752 62.3060755647572 62.3060755647572 0.67701302139091 1.02829290539652 0.693087550904784 62.3060755647572 62.3060755647572 62.3060755647572 62.3060755647572
2.28899786324291 8.91361871338315 0.799117219654879 0.899329517266888 1.38233179304896 0.754843312397243 1.40875527895558 1.36764087533514 7.9133376820177 3.74714425559577 2.18075462236222 0.566871721164295 3.72317785177882 1.38787861006322 1.52510129612998 1.74253641002255 2.94504425562899 3.0630702246485 3.99777260819203 4.69679939896713 4.91894468478575 7.04388473168756 7.34641979919247 0.661266485976389 0.872627691158639 0.914559399016845 4.12251900507458 0.506656040593579 0.569770259349412 1.19054021661532 0.808834538709474 0.833427134043026 0.840645595420165 1.24570856364253 62.3060755647572 62.3060755647572 62.3060755647572 62.3060755647572 62.3060755647572 62.3060755647572 62.3060755647572 62.3060755647572 62.3060755647572 62.3060755647572 62.3060755647572 62.3060755647572
0.616507369275263 8.35339506916618 1.31028216860502 0.954117846688179 0.972271055680034 2.04688898572234 7.9133376820177 7.9133376820177 7.9133376820177 7.9133376820177 6.36645692259268 6.32230752429858 4.52950208730539 4.47716509503759 0.540664207213974 0.543704930805056 1.7659637785996 0.647849577544028 2.09745294072249 0.800460703423539 2.27218928548641 0.734834097275544 1.17022104154457 7.91188030100344 1.31393875256078 4.29071180941526 0.633277710365715 0.521959937573763 0.650327616478808 0.808293249528676 0.770299599762962 1.2169005597247 62.3060755647572 62.3060755647572 62.3060755647572 62.3060755647572 62.3060755647572 62.3060755647572 62.3060755647572 62.3060755647572 62.3060755647572 62.3060755647572 62.3060755647572 62.3060755647572 62.3060755647572 62.3060755647572
1.07809099702117 8.301185196806 8.12487925042399 8.12487925042399 2.23552176139878 0.537028749560694 7.9133376820177 7.9133376820177 7.9133376820177 7.9133376820177 0.641589495247194 1.21486577843483 0.530220183318137 2.01550541860802 3.72593898930273 1.99221162612796 1.22553796565795 0.45351044347007 2.01428561582997 0.513422042883948 1.87206763224719 0.896186981878868 0.71994904379795 0.587635450135515 9.66646229033504 11.1675446813557 11.3895592081628 11.6385769172171 12.0597371678093 1.17993461383728 62.3060755647572 62.3060755647572 62.3060755647572 62.3060755647572 62.3060755647572 62.3060755647572 62.3060755647572 62.3060755647572 62.3060755647572 62.3060755647572 62.3060755647572 62.3060755647572 62.3060755647572 62.3060755647572 62.3060755647572 62.3060755647572
8.12487925042399 8.12487925042399 8.12487925042399 8.12487925042399 8.12487925042399 0.30629884003044 0.36556702343993 0.448507096447085 7.9133376820177 7.9133376820177 0.828006194675897 0.530208002839928 1.59990744625595 0.640094219955966 2.8947179166692 1.74313317469029 0.613439786796597 1.00845162111357 1.86808444586864 1.72377873631366 0.506361354373891 1.62327844940433 0.600231694635789 0.657350171052648 3.26755148103454 1.04179836701011 2.55719045101302 0.985424845631812 62.3060755647572 62.3060755647572 62.3060755647572 62.3060755647572 62.3060755647572 62.3060755647572 62.3060755647572 62.3060755647572 62.3060755647572 62.3060755647572 62.3060755647572 62.3060755647572 62.3060755647572 62.3060755647572 62.3060755647572 62.3060755647572 62.3060755647572 62.3060755647572
8.12487925042399 8.12487925042399 8.12487925042399 8.12487925042399 8.12487925042399 0.242155925752319 8.39832220680318 7.97061948164432 7.9133376820177 0.479280628025095 0.549141560368305 0.542652463549423 1.4680748220612 0.651902805256841 2.7955722157818 1.46774219164129 0.573733184384202 0.7958163237499 0.330887143812377 1.59283704025555 0.494072755119094 1.45559698812749 0.559927097541604 0.697216568125516 2.91636327387499 0.75583114214226 2.45954941354933 0.700014003836083 62.3060755647572 62.3060755647572 62.3060755647572 62.3060755647572 62.3060755647572 62.3060755647572 62.3060755647572 62.3060755647572 62.3060755647572 62.3060755647572 62.3060755647572 62.3060755647572 62.3060755647572 62.3060755647572 62.3060755647572 62.3060755647572 62.3060755647572 62.3060755647572
8.12487925042399 8.12487925042399 8.12487925042399 8.12487925042399 8.12487925042399 8.43591220536535 0.32237090763186 2.02865940488563 0.446896312864594 0.902607937936786 0.396795970875525 0.826840333767447 0.743988942282352 0.726794841937173 2.44538174088358 0.444761566267942 1.21096710055171 0.578787696591669 0.769580080756279 1.04344566718804 0.577153504402933 0.863459534828198 0.627542536080737 0.773977044887502 2.6628557081817 0.636697211883966 1.81214926976182 0.724555622701915 62.3060755647572 62.3060755647572 62.3060755647572 62.3060755647572 62.3060755647572 62.3060755647572 62.3060755647572 62.3060755647572 62.3060755647572 62.3060755647572 62.3060755647572 62.3060755647572 62.3060755647572 62.3060755647572 62.3060755647572 62.3060755647572 62.3060755647572 62.3060755647572
8.12487925042399 8.12487925042399 8.12487925042399 8.12487925042399 8.12487925042399 0.491457539020517 0.210077350344872 1.88750822850067 0.568514217092142 0.230081474755574 0.534130992838105 0.270127691568108 0.748545160894531 1.24580066524163 1.33140017608762 1.13751988291514 0.600572459929594 0.563151048290741 0.533944580108879 0.613951937679574 0.61845878080078 0.578788429510195 0.579712272844055 1.18432935777317 2.07270090205106 0.961764563822741 1.12089441454747 0.736982428708855 0.996926095106349 1.17414681020903 62.3060755647572 62.3060755647572 62.3060755647572 62.3060755647572 62.3060755647572 62.3060755647572 62.3060755647572 62.3060755647572 62.3060755647572 62.3060755647572 62.3060755647572 62.3060755647572 62.3060755647572 62.3060755647572 62.3060755647572 62.3060755647572
8.12487925042399 8.12487925042399 8.12487925042399 8.12487925042399 8.12487925042399 0.212778899104185 0.436598677279896 1.81951118279143 1.6425309082206 0.644286050523617 0.614450854762942 0.756141604229702 0.690833868929156 0.963096508780178 0.580917009753809 0.610751661991684 0.606645432000955 0.619296658277568 0.629520087507776 0.66796353135794 0.901256811546652 0.521459467081268 0.5927377942604 0.514354599106201 1.43351430531399 0.625215858315429 0.749442230030694 0.863530394556286 1.65986215032037 2.4479060021284 62.3060755647572 62.3060755647572 62.3060755647572 62.3060755647572 62.3060755647572 62.3060755647572 62.3060755647572 62.3060755647572 62.3060755647572 62.3060755647572 62.3060755647572 62.3060755647572 62.3060755647572 62.3060755647572 62.3060755647572 62.3060755647572
8.12487925042399 8.12487925042399 8.12487925042399 8.12487925042399 0.26457806381364 0.765797934184474 0.618617530834359 1.06226721411266 0.583893667500167 0.716630551705482 1.02739706990283 1.03851277446431 0.694342358808906 0.646695870558795 0.636307827468429 0.910596788142463 0.586586094210073 0.889946259800972 0.95424106295625 2.61797287610077 1.3434616081248 0.985714114573123 0.709207810440039 0.641255642560211 0.976003779094136 0.67709460553966 0.517854279890721 62.3060755647572 62.3060755647572 62.3060755647572 62.3060755647572 62.3060755647572 62.3060755647572 62.3060755647572 62.3060755647572 62.3060755647572 62.3060755647572 62.3060755647572 62.3060755647572 62.3060755647572 62.3060755647572 62.3060755647572 62.3060755647572 62.3060755647572 62.3060755647572 62.3060755647572
8.12487925042399 8.12487925042399 4.03923380047911 0.429782204482138 1.84339432394792 0.564256489170084 0.738267203964243 0.735581128138903 0.751734279864365 1.59582746550067 0.689654036403227 1.26672180041175 0.98274949473489 0.588269333886785 0.57904098593009 0.678616098857646 1.2646637973 1.54535377165391 0.590732288062529 2.61797287610077 0.503752390463138 0.870688681681576 0.622249817002333 0.581328871687352 0.575348885018095 0.488172953668411 0.9712188050456 62.3060755647572 62.3060755647572 62.3060755647572 62.3060755647572 62.3060755647572 62.3060755647572 62.3060755647572 62.3060755647572 62.3060755647572 62.3060755647572 62.3060755647572 62.3060755647572 62.3060755647572 62.3060755647572 62.3060755647572 62.3060755647572 62.3060755647572 62.3060755647572 62.3060755647572
8.12487925042399 8.12487925042399 4.00360593310615 3.81631038749708 0.520876845059696 1.63679220293378 0.816676037156133 0.760652183809988 1.08047377186143 1.85426681217627 0.650438069275247 3.59355358198934 4.01136993199711 4.17159193189894 4.32050199888053 4.53317484147706 5.72699215662727 2.2400306633875 6.98412907136499 6.98412907136499 7.27678192894456 1.20008617772257 7.63821123903925 0.862049322673901 0.613302964473855 0.957769813887914 62.3060755647572 62.3060755647572 62.3060755647572 62.3060755647572 62.3060755647572 62.3060755647572 62.3060755647572 62.3060755647572 62.3060755647572 62.3060755647572 62.3060755647572 62.3060755647572 62.3060755647572 62.3060755647572 62.3060755647572 62.3060755647572 62.3060755647572 62.3060755647572 62.3060755647572 62.3060755647572
0.497213907220851 2.07235256988738 0.701967652788689 3.75412058676066 0.575515071589529 0.737305172387668 0.75234279785881 1.80111238499359 0.706697488353114 2.09858109386318 2.9551790352835 0.653843665064033 0.57357965371339 0.641139609388309 1.11860362592916 1.37345847152456 5.72699215662727 5.72699215662727 6.98412907136499 6.98412907136499 7.27678192894456 7.63821123903925 7.63821123903925 0.838111997103725 1.78412453159237 0.831723111454785 62.3060755647572 62.3060755647572 62.3060755647572 62.3060755647572 62.3060755647572 62.3060755647572 62.3060755647572 62.3060755647572 62.3060755647572 62.3060755647572 62.3060755647572 62.3060755647572 62.3060755647572 62.3060755647572 62.3060755647572 62.3060755647572 62.3060755647572 62.3060755647572 62.3060755647572 62.3060755647572
0.400302612070329 1.91347752380976 0.458329236985033 3.6798049565594 0.53517137926324 0.668264893327841 2.27731339325682 1.96629879567299 0.77472798430682 2.75462325502617 1.04277622070625 0.654721367649469 0.538735843447651 0.571509999491255 0.571321375109147 0.699239211642128 5.72699215662727 5.72699215662727 0.62478203553068 0.51502845597641 1.35406988019729 0.620249384056571 7.75957421871428 0.527100502621773 2.17077131843835 2.39830746787831 62.3060755647572 62.3060755647572 62.3060755647572 62.3060755647572 62.3060755647572 62.3060755647572 62.3060755647572 62.3060755647572 62.3060755647572 62.3060755647572 62.3060755647572 62.3060755647572 62.3060755647572 62.3060755647572 62.3060755647572 62.3060755647572 62.3060755647572 62.3060755647572 62.3060755647572 62.3060755647572
0.386605815621095 1.86261561690781 0.326529327580382 0.385128293609899 3.57340924208612 2.52659182762648 2.44758576351922 0.60850234191682 0.723531561411984 0.8058851338905 0.766880994418383 0.515042248040466 0.887296654589622 0.514790446333564 0.631477836839427 1.0406876010743 0.924364875150773 0.58303295609343 0.611424223449128 0.787721906207781 1.18855643222648 0.702998916262838 0.65098240001473 7.90754234741931 9.00972845306398 9.17178754490882 62.3060755647572 62.3060755647572 62.3060755647572 62.3060755647572 62.3060755647572 62.3060755647572 62.3060755647572 62.3060755647572 62.3060755647572 62.3060755647572 62.3060755647572 62.3060755647572 62.3060755647572 62.3060755647572 62.3060755647572 62.3060755647572 62.3060755647572 62.3060755647572 62.3060755647572 62.3060755647572
