Model input/Uganda/rivergeometry/river_depth_1dec.asc
NCOLS 67 
NROWS 67 
XLLCORNER 29.500000001 
YLLCORNER -1.499999999 
CELLSIZE 0.0833333332985075 
NODATA_value -9999 
[rows 40 to 59 of 67, columns 0 to 44 of 67]
0.238188844066801 0.206098233780496 1.48623837128795 1.49280559819847 0.16009740425786 0.48463584234831 0.217749527256536 0.263831555653213 0.282593990321653 0.275145553151226 0.258458687408394 0.323409389662279 0.31198161623188 0.46741225499818 0.318199003920953 0.662418905316879 0.553469881511283 0.654627300798717 0.322572548399462 0.317603448495647 0.309461636862989 0.393226242723786 0.3103076028828 0.295455715456871 0.281022939381489 0.266976537791363 0.31179984622014 0.361843150777682 0.278676476317905 0.212138890177897 0.307212571506274 0.255484748204152 0.868297313069038 0.395440193978327 0.310525240038755 0.489424750264281 0.274596427935174 0.274716878105265 0.275149974235401 0.628492179570373 0.684974919014464 0.279426823445779 3.52144850910226 0.399113696729333 0.519682042370783
0.253133861210873 0.32679313765107 1.47398686546933 0.419730488258268 0.408735454920285 0.43516714231616 0.285244349273219 0.271535022670451 0.311839592984288 0.47003177135619 0.52170448374494 0.287052195234696 0.31938429543614 0.330335761954688 0.400033038462054 0.536454979547336 0.305733410365636 0.511615136205653 0.628387167934963 0.56088564579268 0.446095872089768 0.405853440713917 0.31258874203506 0.392147702838311 0.346286016277659 0.306688807242315 0.206027838847402 0.253365634588627 0.243073768105462 0.253073356348819 0.297637717434876 0.441122504799098 0.817546792043604 0.270387501574479 0.276517881407253 0.279258147376326 0.34239814255101 0.271500954524988 0.565528960232182 0.34497708633084 0.651114821387628 0.445700660759239 3.5216199592291 0.319316824518901 0.47912859577706
0.176382886644733 0.218725292449238 1.45659741183811 0.207370543757971 0.389581000943645 0.376151669556376 0.256631131003904 0.354980251599982 0.418717824998641 0.285923615061664 0.304494290760354 0.578545597133537 0.372658577527019 0.293119453015581 0.305476271249805 0.293665730466701 0.400460591453456 0.349837455415437 0.387112229532625 0.29897264333492 0.284976796991526 0.336268462827256 0.346241000207604 0.453706398604803 0.255632839613624 0.520007902543834 0.299383607311097 0.347057176811442 0.253285010373579 0.270981545531953 0.352841658706526 0.272094183417063 0.794026256550188 0.597418762081573 0.401929850124162 0.273599896101341 0.266485521249548 0.26602465263335 0.519213818832703 0.270600880306194 0.545100197413748 0.403959937152296 3.52170853547472 3.52152512304449 0.289538810971587
1.42909482806115 1.45535356334274 0.232956304166263 0.305044941809881 0.323822365446606 0.298030574388503 0.254516237496327 0.347817170068092 0.459112902504806 0.324095842065043 0.375702323725714 0.603783665042887 0.668560945568 0.2688443310125 0.265602585987142 0.280338402233651 0.274012543637746 0.252608562340693 0.267468688535758 0.285343215953952 0.26336521130804 0.389968250087162 0.56521279504906 0.255457043266802 0.275471450696122 0.549582941873231 0.260868018594339 0.259013071511431 0.473687321076989 0.713767028999601 0.311734527867189 0.239541835805088 0.634763086665053 0.280150673694609 0.463188655745774 0.422090156051113 0.277725329075195 0.427835860985007 0.272529790587181 0.277094448680576 0.520320821479909 0.35990589302252 0.202311262640333 3.52145870388521 0.309985025576264
1.42734348747949 0.498718163337599 0.479958440394082 0.406919504673779 0.365415664618964 0.29134041473007 0.221455094583357 0.303635311754573 0.377691369793397 0.527058551452213 0.486490782111976 0.279820480071365 0.725023405888278 0.388237774005989 0.377548468428517 0.298413549983213 0.272367793121539 0.320084661069151 0.375284384299009 0.385352577279741 0.331667840952301 0.64187955039625 0.299206888025843 0.406531116160667 0.625283362258572 0.358261623537055 0.296764554973106 0.896160348191017 0.535333501227011 0.713767028999601 0.271917604364154 0.257764456635571 0.372620754407656 0.543315924647572 0.476687770945429 0.284108228112658 0.311222725987886 0.381627201624668 0.293256420627339 0.336163625489 0.457644956298119 0.305793085592135 3.52048669920309 3.52048669920309 3.52048669920309
1.42166890149661 0.365639738005167 0.339124737159681 0.310400188066331 0.434907454692776 0.283807663039092 0.358038143774285 0.409461797487007 0.328051488819763 0.595226154739382 0.514364062143106 0.257424867474449 0.738209178185152 0.308881044678577 0.482535952422771 0.2833175207053 0.468167175207336 0.283671252644752 0.291155862054072 0.521555986467733 0.42905117432568 0.689517039826239 0.774331550174786 0.696846498005966 0.3245534830357 0.296317308096659 0.31936893944883 0.896160348191017 0.713767028999601 0.713767028999601 0.382432208932437 0.263534322405053 0.297928051883679 0.291314043931247 0.253510027687806 0.390010522795029 0.325069524286399 3.52048669920309 3.52048669920309 0.237626525151803 0.306327005592604 0.240167961378717 3.52048669920309 3.52048669920309 3.52048669920309
0.508317835167798 1.4095070852294 0.272206246491087 0.299857966549618 0.48016467795954 0.264943347913658 0.398659031345028 0.412878094156854 1.31532127862634 0.762421013766737 0.563351613437726 0.276570108949596 0.750553416307668 0.557742685275682 0.586735227097187 0.634483598945591 0.839544672206181 0.862151732399193 1.01372698512866 1.112158601587 1.13186735916341 1.41181470827231 1.43466701894272 0.345830357041662 0.346143604581191 0.354301915387695 0.922852832576483 0.298010257217171 0.28028212323663 0.332909775761999 0.260169286242579 0.262006926681535 0.262601729741138 0.333875625560479 3.52048669920309 3.52048669920309 3.52048669920309 3.52048669920309 3.52048669920309 3.52048669920309 3.52048669920309 3.52048669920309 3.52048669920309 3.52048669920309 3.52048669920309
0.228216335583415 1.37933147235242 0.37370446043428 0.307691926836382 0.31174868214911 0.559601998445089 1.31532127862634 1.31532127862634 1.31532127862634 1.31532127862634 1.08920136914302 1.08283039512512 0.898198309923509 0.889855274713032 0.258066288105888 0.249359957189498 0.562316694337947 0.34568554774368 0.68784397626281 0.366311591583677 0.705574278948619 0.336639116728082 0.438063224422217 1.48710333324825 0.439237355132985 0.941385366438642 0.305949005369363 0.304256546071848 0.294914268284713 0.263915146995514 0.25479267435164 0.331362598539733 3.52048669920309 3.52048669920309 3.52048669920309 3.52048669920309 3.52048669920309 3.52048669920309 3.52048669920309 3.52048669920309 3.52048669920309 3.52048669920309 3.52048669920309 3.52048669920309 3.52048669920309
0.32187251497922 1.37753780961862 1.36867729103735 1.36867729103735 0.586167504184935 0.23534746766468 1.31532127862634 1.31532127862634 1.31532127862634 1.31532127862634 0.261766923838062 0.424487687561406 0.265348932331952 0.567144526434317 0.779721844488455 0.530179910853314 0.417372615631787 0.263350153955749 0.672634440320673 0.285751763147871 0.633793850365904 0.399828277005013 0.335794695597107 0.320576237384406 1.63859349791038 1.73322786074373 1.74644796381823 1.76271317601979 1.78232930445921 0.334743091088471 3.52048669920309 3.52048669920309 3.52048669920309 3.52048669920309 3.52048669920309 3.52048669920309 3.52048669920309 3.52048669920309 3.52048669920309 3.52048669920309 3.52048669920309 3.52048669920309 3.52048669920309 3.52048669920309 3.52048669920309
1.36867729103735 1.36867729103735 1.36867729103735 1.36867729103735 1.36867729103735 0.159793979032751 0.189116186982791 0.224312492959973 1.31532127862634 1.31532127862634 0.335642484512868 0.251847449907391 0.493272631995532 0.273818083775094 0.668022657919025 0.48573865106243 0.254864455240374 0.3645729698798 0.64974788579753 0.615281556515642 0.301031438778124 0.584775544298038 0.320227524784323 0.338106157154484 0.775989873128343 0.30584620085532 0.539861809600383 0.295849024819747 3.52048669920309 3.52048669920309 3.52048669920309 3.52048669920309 3.52048669920309 3.52048669920309 3.52048669920309 3.52048669920309 3.52048669920309 3.52048669920309 3.52048669920309 3.52048669920309 3.52048669920309 3.52048669920309 3.52048669920309 3.52048669920309 3.52048669920309
1.36867729103735 1.36867729103735 1.36867729103735 1.36867729103735 1.36867729103735 0.162419493185367 1.36563408975915 1.32070261546836 1.31532127862634 0.229322135446896 0.265377654841775 0.249809563069026 0.463893953456799 0.272282526290581 0.652928814547785 0.436290420979997 0.248008383456051 0.304439307081012 0.261484627662009 0.586498485296826 0.306277755271247 0.552579692563519 0.308944099423711 0.327886397541544 0.731479068524379 0.254178051800148 0.528794760147881 0.244413767814285 3.52048669920309 3.52048669920309 3.52048669920309 3.52048669920309 3.52048669920309 3.52048669920309 3.52048669920309 3.52048669920309 3.52048669920309 3.52048669920309 3.52048669920309 3.52048669920309 3.52048669920309 3.52048669920309 3.52048669920309 3.52048669920309 3.52048669920309
1.36867729103735 1.36867729103735 1.36867729103735 1.36867729103735 1.36867729103735 1.36902495325609 0.200370695500106 0.58127160136201 0.226710653497262 0.379021357527906 0.237364425861066 0.340878156994389 0.291605375645023 0.283876339791459 0.59999399118846 0.217394659077673 0.384702807047452 0.242842207356875 0.344214079349941 0.459008364195591 0.316081608794197 0.404321371282151 0.327595714004649 0.336209816501634 0.708858320816053 0.234639146296198 0.438510135629176 0.250278961932148 3.52048669920309 3.52048669920309 3.52048669920309 3.52048669920309 3.52048669920309 3.52048669920309 3.52048669920309 3.52048669920309 3.52048669920309 3.52048669920309 3.52048669920309 3.52048669920309 3.52048669920309 3.52048669920309 3.52048669920309 3.52048669920309 3.52048669920309
1.36867729103735 1.36867729103735 1.36867729103735 1.36867729103735 1.36867729103735 0.228233162061208 0.152418480290482 0.548835878625636 0.290578442831853 0.195532627790424 0.283188525207209 0.185863768054396 0.290167606631431 0.398058880929533 0.416366224844363 0.366632214003911 0.250847929842535 0.236478662835893 0.270358738786231 0.317608493691927 0.326265360678953 0.322469643890558 0.316311429360431 0.49357374223221 0.626379986934774 0.339552566662105 0.326442207220832 0.25099806632535 0.296460765677137 0.337488395523251 3.52048669920309 3.52048669920309 3.52048669920309 3.52048669920309 3.52048669920309 3.52048669920309 3.52048669920309 3.52048669920309 3.52048669920309 3.52048669920309 3.52048669920309 3.52048669920309 3.52048669920309 3.52048669920309 3.52048669920309
1.36867729103735 1.36867729103735 1.36867729103735 1.36867729103735 1.36867729103735 0.126961359294694 0.209790512599235 0.534309757403128 0.502707395527175 0.296208070706873 0.336331817619759 0.319091576408571 0.275308979576163 0.341314420944699 0.250065533465863 0.24828740353233 0.24677421153934 0.274329547912162 0.290905569311237 0.303333873491446 0.389378701102495 0.285469513390487 0.318333438079587 0.296479865811807 0.454787193324425 0.269879252527326 0.252345980100251 0.270958958922142 0.399928284482998 0.520036721802262 3.52048669920309 3.52048669920309 3.52048669920309 3.52048669920309 3.52048669920309 3.52048669920309 3.52048669920309 3.52048669920309 3.52048669920309 3.52048669920309 3.52048669920309 3.52048669920309 3.52048669920309 3.52048669920309 3.52048669920309
1.36867729103735 1.36867729103735 1.36867729103735 1.36867729103735 0.144447654965557 0.294296001445563 0.261884134402328 0.371356775117227 0.276233179231415 0.325453416987539 0.420997493030722 0.391671131846564 0.283963875440214 0.26355444676988 0.279843205056042 0.349503833209924 0.267399692148441 0.342915789406936 0.371775935112706 0.679914748339856 0.465090405875114 0.3722825868962 0.315825335800514 0.318928467836873 0.323240187635019 0.22782164443747 0.19252311579267 3.52048669920309 3.52048669920309 3.52048669920309 3.52048669920309 3.52048669920309 3.52048669920309 3.52048669920309 3.52048669920309 3.52048669920309 3.52048669920309 3.52048669920309 3.52048669920309 3.52048669920309 3.52048669920309 3.52048669920309 3.52048669920309 3.52048669920309 3.52048669920309
1.36867729103735 1.36867729103735 0.786780322993414 0.192629542021119 0.492577456402402 0.240815027984984 0.289853157347279 0.290322226215245 0.292138659232291 0.531675469135277 0.30183621037713 0.448080063753032 0.372362729491283 0.27889685643004 0.268861769045175 0.285682861946 0.434236049896631 0.487239858993364 0.270978331340836 0.679914748339856 0.258251227082878 0.325111169051283 0.263092732954884 0.258164931341303 0.250275707603772 0.17827193170043 0.289235752857405 3.52048669920309 3.52048669920309 3.52048669920309 3.52048669920309 3.52048669920309 3.52048669920309 3.52048669920309 3.52048669920309 3.52048669920309 3.52048669920309 3.52048669920309 3.52048669920309 3.52048669920309 3.52048669920309 3.52048669920309 3.52048669920309 3.52048669920309 3.52048669920309
1.36867729103735 1.36867729103735 0.783255352051478 0.756894082452307 0.226322870766987 0.458909663559897 0.290887128805652 0.274961753842345 0.355020188703496 0.567999200178561 0.294903405722975 0.820540398377036 0.880463683094289 0.902241836579011 0.920368419399167 0.944329453918342 1.08895865513339 0.607884518824327 1.22438643580469 1.22438643580469 1.24886016289223 0.384014732801286 1.27262935440134 0.300282997114911 0.221648572780073 0.301871626374607 3.52048669920309 3.52048669920309 3.52048669920309 3.52048669920309 3.52048669920309 3.52048669920309 3.52048669920309 3.52048669920309 3.52048669920309 3.52048669920309 3.52048669920309 3.52048669920309 3.52048669920309 3.52048669920309 3.52048669920309 3.52048669920309 3.52048669920309 3.52048669920309 3.52048669920309
0.202288460944959 0.572400294068826 0.303575476401742 0.748915768297804 0.245826460153198 0.278894454651343 0.271251221516002 0.473055345821301 0.261957509701679 0.599421837564705 0.719240089755859 0.280886381715268 0.265450836892797 0.276388775958306 0.383368230557163 0.430611569770648 1.08895865513339 1.08895865513339 1.22438643580469 1.22438643580469 1.24886016289223 1.27262935440134 1.27262935440134 0.26629063995705 0.430044196416962 0.25184989370865 3.52048669920309 3.52048669920309 3.52048669920309 3.52048669920309 3.52048669920309 3.52048669920309 3.52048669920309 3.52048669920309 3.52048669920309 3.52048669920309 3.52048669920309 3.52048669920309 3.52048669920309 3.52048669920309 3.52048669920309 3.52048669920309 3.52048669920309 3.52048669920309 3.52048669920309
0.191679831107128 0.552371174984411 0.262279825092006 0.73845744808142 0.238614447254955 0.26508322232984 0.542717650794083 0.497881451624026 0.292401466228094 0.684501519430004 0.35825647674737 0.27553215457888 0.252951265239358 0.258119797066651 0.25443677028675 0.281185236980784 1.08895865513339 1.08895865513339 0.242739875189311 0.24108746901046 0.399796284611699 0.242508454458297 1.27928814425876 0.169763186032031 0.477265583732092 0.495845057186893 3.52048669920309 3.52048669920309 3.52048669920309 3.52048669920309 3.52048669920309 3.52048669920309 3.52048669920309 3.52048669920309 3.52048669920309 3.52048669920309 3.52048669920309 3.52048669920309 3.52048669920309 3.52048669920309 3.52048669920309 3.52048669920309 3.52048669920309 3.52048669920309 3.52048669920309
0.191923503971229 0.544664825485791 0.226369467651892 0.240308986569903 0.720734629746219 0.583090869937952 0.570393610804526 0.291306982369161 0.273014817682198 0.291925931684515 0.300309492200563 0.255981646074418 0.337186762475114 0.251330519221558 0.25525417911736 0.336770144728053 0.321943139930732 0.251297367324916 0.264460782557684 0.297401337049492 0.366799048400445 0.26912156849429 0.227398476695684 1.28457351712927 1.34090384977677 1.34699392984458 3.52048669920309 3.52048669920309 3.52048669920309 3.52048669920309 3.52048669920309 3.52048669920309 3.52048669920309 3.52048669920309 3.52048669920309 3.52048669920309 3.52048669920309 3.52048669920309 3.52048669920309 3.52048669920309 3.52048669920309 3.52048669920309 3.52048669920309 3.52048669920309 3.52048669920309
