Model input/Uganda/rivergeometry/river_restime_1aug.asc
NCOLS 67 
NROWS 67 
XLLCORNER 29.5 
YLLCORNER -1.5 
CELLSIZE 0.0833333333283582 
NODATA_value -9999 
[rows 19 to 37 of 67, columns 0 to 41 of 67]
-9999 -9999 -9999 -9999 -9999 -9999 -9999 -9999 -9999 -9999 -9999 -9999 -9999 -9999 -9999 0.00154402560881221 0.0013089163755234 0.00174064783160509 0.00216157292803695 0.00186108257655785 0.00152357638107898 0.00225175768932516 0.00156771038602045 0.00156568402128632 0.00098592323997473 0.0021936273962498 0.00178426856029979 0.00148096337402129 0.00221314708849093 0.00118308762001726 0.00128269565349284 0.00133199285152292 0.00144233657967651 0.00132685478550113 0.00160806982164677 0.0013712915374965 0.00193882502494024 0.00201575782866187 0.00153888135163168 0.00153676815377213 0.00139801504594607 0.00149320039258827
-9999 -9999 -9999 -9999 -9999 -9999 -9999 -9999 -9999 -9999 -9999 -9999 -9999 -9999 -9999 0.00197961924897273 0.00218545797478305 0.00152120425737052 0.00204874256481759 0.00146979662436211 0.00152233179471031 0.00144977114277579 0.00135179802962892 0.00182797198582285 0.00121950021599732 0.00125040599495292 0.00213000406582789 0.00200000307915079 0.000979947055858865 0.00117284507256239 0.00156106258824345 0.00218620888143046 0.00144131971046225 0.00204152922497621 0.00106958035442412 0.00108054153349728 0.00129046505642632 0.00145393825422057 0.00154977679536969 0.00149592760590851 0.00146139820418842 0.00206061477580839
-9999 -9999 -9999 -9999 -9999 -9999 -9999 -9999 -9999 -9999 -9999 -9999 -9999 -9999 -9999 0.00156463978286186 0.00219297347205696 0.00220837693865601 0.00160831216825561 0.00154512211294556 0.00204070893219894 0.00157440680302169 0.00185218444233129 0.00155318788835351 0.000979348033454396 0.000694564168025826 0.000694621534589302 0.000694902395637112 0.00146093646586683 0.000980641690794983 0.000695474359297579 0.00151550621167965 0.00135860003875412 0.00206945363656991 0.00149900601886422 0.00154934682367477 0.00145217607725726 0.00165901336774318 0.00122347276034012 0.00125630676827759 0.00131244821909345 0.0015384898591659
-9999 -9999 -9999 -9999 -9999 -9999 -9999 -9999 -9999 -9999 -9999 -9999 -9999 -9999 -9999 -9999 0.0015584936021495 0.00205863938091137 0.00149638496056208 0.00227385239838031 0.000985981438878253 0.000986009064940052 0.000699270065885871 0.000694558309120219 0.00154547961148294 0.00153576245072374 0.00150903835526911 0.0017985227871003 0.00130981911336051 0.00136665153274972 0.00142014407850846 0.000980906267639943 0.000695692653051496 0.000695875310246628 0.00148081895733954 0.00145502266692327 0.00113807903090568 0.00148305946407065 0.00193055678436431 0.00146473461976128 0.00147306325592732 0.00216453132373978
-9999 -9999 -9999 -9999 -9999 -9999 -9999 -9999 -9999 -9999 -9999 -9999 -9999 -9999 -9999 -9999 -9999 0.00216269739372595 0.00069513153448942 0.000695130797794438 0.000699308963380883 0.000695130797794438 0.000699308963380883 0.00139845312887553 0.00144898866230815 0.00187298407712534 0.00141622431980516 0.00183620068186583 0.00146432655297554 0.00146055906991558 0.00149904352705492 0.00150491147097549 0.0018429964563751 0.000692983216094273 0.00149556181670387 0.00194685418493909 0.00156994727250419 0.00137057335711112 0.00146953910398871 0.00148455417890201 0.00153223078851169 0.00218772126618451
-9999 -9999 -9999 -9999 -9999 -9999 -9999 -9999 -9999 -9999 -9999 -9999 -9999 -9999 -9999 0.00160073510475647 0.00163772472912216 0.000695130797794438 0.000986035659628876 0.000986035659628876 0.000699346461155432 0.000695130061099457 0.000699346461155432 0.000695130797794438 0.00156226684616372 0.00114749741407569 0.00116437599723246 0.00138593979238658 0.00199743059221783 0.00159609221073406 0.00213521843582583 0.00212823404542981 0.00149660501531527 0.00127745703785389 0.0009831625164744 0.00111023843485384 0.00147639139080974 0.00213817708936493 0.00214154475643632 0.00182404989936436 0.00138748175620021 0.00155495911596337
-9999 -9999 -9999 -9999 -9999 -9999 -9999 -9999 -9999 -9999 -9999 -9999 -9999 -9999 -9999 0.00153060481919725 0.000986061149275229 0.000699382485540017 0.000699382485540017 0.000699382485540017 0.000986085681218107 0.000695129324404476 0.000699382485540017 0.000986085681218107 0.00141011445129106 0.00150903704894044 0.00209732208082147 0.001796407742272 0.00210924994829066 0.00140856193011311 0.00150891753003996 0.0015054877928994 0.0015097606351816 0.00098468058927361 0.00116368337071595 0.00119112811118425 0.00120383202786223 0.00122959886984518 0.00126366248132654 0.0014388072690901 0.0014352866811456 0.00154094278145316
-9999 -9999 -9999 -9999 -9999 -9999 -9999 -9999 -9999 -9999 -9999 -9999 -9999 -9999 -9999 0.000986085681218107 0.00069941703653464 0.00069941703653464 0.00069941703653464 0.00098610918178801 0.000695128661378992 0.00069941703653464 0.00098610918178801 0.00147338656418189 0.00175392815095959 0.00148264363564153 0.00147758241325483 0.00130138017058049 0.00153943946724232 0.00182862341046104 0.00142487742958041 0.00199768273221134 0.00213528586682536 0.000699030078490117 0.000985493048599635 0.00196599743624389 0.00148860129047596 0.00151088728106326 0.0015034632329638 0.00132276499068956 0.00136072617933275 0.00156961057934979
-9999 -9999 -9999 -9999 -9999 -9999 -9999 -9999 -9999 -9999 -9999 -9999 -9999 -9999 -9999 0.000699450114139301 0.000699450114139301 0.000699450114139301 0.000986131724654438 0.000695127998353509 0.000699450114139301 0.000986131724654438 0.000699450114139301 0.00161114699746447 0.00130970610339846 0.0021116734781626 0.00214880823872538 0.00152291772920707 0.00215218355224524 0.00216054781047674 0.00174263705721904 0.000699103342892205 0.000699103342892205 0.000694783369911813 0.00153199301800162 0.0021499974709472 0.00148924629739459 0.00133944389799356 0.00124702392646198 0.00146513082248711 0.00105545688584088 0.00118732636931881
-9999 -9999 -9999 -9999 -9999 -9999 -9999 -9999 -9999 -9999 -9999 -9999 -9999 -9999 0.000699481718353998 0.000986131724654438 0.000699481718353998 0.000986153162478394 0.000699481718353998 0.000986153162478394 0.000986153162478394 0.000695127408997524 0.00184590985267554 0.00137211610400619 0.00133210564953268 0.00137644887564992 0.00216050893285342 0.00131905953661699 0.00153891378842375 0.00221177245445994 0.00144716976126484 0.000985664250467277 0.0009856428232717 0.000699134931438262 0.00140601697826052 0.00140113729810528 0.00151283749120159 0.00140572336753769 0.00143345125989001 0.00146939739862405 0.00148844985699575 0.00122803806376597
-9999 -9999 -9999 -9999 -9999 -9999 -9999 -9999 -9999 -9999 -9999 0.000695127408997524 0.000986153162478394 0.000986173568929376 0.000986153162478394 0.000699511849178734 0.000986173568929376 0.000695126819641539 0.000986173568929376 0.000695126819641539 0.000986173568929376 0.0021304232582578 0.00150464563798027 0.001546872284908 0.00217254868021885 0.00142317799133974 0.00153086422502662 0.00129372766311787 0.00154695169105703 0.00163083672944901 0.00202204163769116 0.000694782191784221 0.000699165047324828 0.000985684646801211 0.000707876432545362 0.00141544494719967 0.0010074582612593 0.00101017231096471 0.000703439564352454 0.000997945329186505 0.000997945329186505 0.000703439564352454
-9999 -9999 -9999 -9999 -9999 -9999 -9999 -9999 -9999 -9999 0.00145287981513698 0.000699540580283004 0.000695126819641539 0.000699540580283004 0.000699540580283004 0.000986193017676882 0.000695126230285554 0.000699540580283004 0.000986193017676882 0.000986193017676882 0.00206711767547867 0.00157483354138052 0.00157245256891464 0.00205538383391473 0.00153406251108324 0.00155518102040017 0.00142374599992518 0.00123282845152322 0.0014433345328306 0.00171996911062645 0.00129029676779793 0.00137223207973268 0.0015304594226533 0.00133990355456765 0.000703438371545749 0.000997985660963239 0.000707905507208812 0.000707905507208812 0.000703438967949102 0.000997965979652596 0.000707905507208812 0.000997965979652596
-9999 -9999 -9999 -9999 -9999 -9999 -9999 -9999 -9999 -9999 0.000699567764327814 0.000986211435051415 0.000699567764327814 0.000699567764327814 0.000986211435051415 0.000695125714599067 0.000695125714599067 0.000986211435051415 0.00158614746373651 0.0012562403657784 0.00219388414116291 0.00219499291108417 0.00216866644408839 0.00154303967396166 0.00130089934534125 0.00141806775010092 0.00120438237157236 0.00122652405798452 0.000938374444133017 0.00129096473512989 0.00107733598593369 0.00150837310096196 0.00212704323979354 0.00151686578713312 0.00193447029753184 0.00203623997110327 0.000703437849692815 0.000998004298568015 0.000707933016313461 0.000707933016313461 0.000707933016313461 0.000707933016313461
-9999 -9999 -9999 -9999 -9999 -9999 -9999 -9999 -9999 0.00148428607585231 0.000699593474982662 0.000699593474982662 0.000699593474982662 0.000986228821052973 0.00069512519891258 0.000699593474982662 0.000986228821052973 0.00136770211089309 0.00218171062304407 0.00127390353047873 0.00134763527628238 0.00143947851888024 0.00153942601547174 0.0021477974812794 0.00103699915894747 0.0014510074383922 0.00119159031605171 0.001325453197909 0.00222604360971273 0.00157727694795339 0.00154121774282779 0.00153231904038724 0.00148493801361947 0.00147751147538537 0.00149141918850462 0.00150087195543216 0.000707959034409728 0.000703437327839881 0.000998021892466923 0.00153594594649692 0.000998021892466923 0.000707959034409728
-9999 -9999 -9999 -9999 -9999 -9999 -9999 -9999 -9999 0.00149461331272652 0.000699617712247546 0.000699617712247546 0.000986245175681558 0.000695124756895592 0.000699617712247546 0.000986245175681558 0.00153078286027503 0.00144306336637622 0.00228502857995903 0.0016039938602871 0.00223687412710342 0.00160084147874057 0.00106588654798537 0.00148082915227757 0.00135642863579177 0.00156214138079455 0.00141471740400314 0.00157359557804668 0.00143441057082054 0.00122368072212745 0.00149358938041446 0.00155954491578437 0.00153573491686049 0.00139309297472548 0.00209983356256553 0.00214786272391851 0.00172918396972971 0.00151991531916539 0.00158061307642849 0.00147874905749765 0.000703436880537367 0.000707983561497613
-9999 -9999 -9999 -9999 -9999 -9999 0.00143398753800381 0.0013583383856298 0.00147701502791204 0.0022676870894633 0.00100293443662489 0.000986260498937169 0.000695124314878603 0.000986260498937169 0.000986260498937169 0.00152245117353149 0.00214687115517648 0.00222743290226402 0.00156357196248695 0.00164412210074493 0.00124806554981736 0.00152278897096374 0.00150094312825971 0.00156640630878653 0.00222854398433808 0.00200913219267867 0.00139940140559438 0.00214378983747419 0.00103567406913331 0.00212365048614403 0.00176629464754172 0.00151677291285515 0.00135344741815816 0.00159209098365977 0.00153165105081606 0.0015101482048233 0.00140998878169838 0.00184825969137419 0.00213293485606262 0.0010422503965711 0.00149143277231824 0.00101767720999352
-9999 -9999 -9999 -9999 -9999 -9999 0.00190706075801918 0.00185632043784479 0.00159500286250548 0.00141513170960442 0.00162765070618302 0.000986274790819806 0.000986274790819806 0.000695123872861614 0.000699661840276926 0.00110730126612408 0.00112138999512413 0.00113066523297882 0.00115155887097088 0.00116173813270266 0.00127852506618478 0.0022238582102803 0.00157038199824464 0.00113560542802295 0.00158486240834276 0.0015513431342993 0.0015066849154529 0.00187584754445921 0.00104886558247331 0.00229117636848875 0.00127965348978594 0.00151983618089198 0.00141896169408909 0.00153449672016668 0.00162197708985491 0.00152000084567129 0.00151906624030869 0.00133750147865957 0.00147575868279431 0.00105088616156925 0.00147096130664916 0.000718184847607908
-9999 -9999 -9999 -9999 -9999 0.00156968836728247 0.00211963688971119 0.00132902088705153 0.00141777233321269 0.00243824298629708 0.00251202979912915 0.000699681731041421 0.000695123504514123 0.000695123504514123 0.00151515441080877 0.00185407983263122 0.00158972210962626 0.00145317470941594 0.00209973672886051 0.00115930598591328 0.00161313163990233 0.0018514678669143 0.00136470413767389 0.00113977467419672 0.00151212648787401 0.00219446365127489 0.00222250337359051 0.00140975891697373 0.00135195607115962 0.00150265713913369 0.00148338817339037 0.0019439898003768 0.00152732832550608 0.00152928708630415 0.0012151177801432 0.00180622223806547 0.00152473577768292 0.00148345646218341 0.00138482935742882 0.00105766007367767 0.00147193407744612 0.000718392413220717
-9999 -9999 0.00171992779799456 0.00212294662293986 0.00160780206497667 0.00166861653867565 0.00169021117647544 0.00143351487979681 0.00101575671090706 0.00177057770430521 0.0013535439919807 0.00133752402136848 0.0010249682703381 0.00218144266984117 0.00211077106411669 0.00138393548924313 0.00149800563825624 0.00154372586982643 0.00159525044094423 0.00116190989334031 0.00162750242337179 0.00133157080478661 0.0014503126932393 0.00128777677509348 0.00164081373226175 0.00146079195378428 0.00155904159961581 0.00155193441347898 0.00137325963873438 0.00106094922977392 0.00108158568639629 0.00157393835140526 0.00213965261689565 0.00213910848320549 0.00124003248380417 0.00158925422781147 0.00193359671464975 0.00150222600364456 0.00205182968859421 0.00108031046259535 0.00207381251156569 0.000718660192955692
