Model input/Uganda/rivergeometry/river_depth_1jul.asc
NCOLS 67 
NROWS 67 
XLLCORNER 29.500000001 
YLLCORNER -1.499999999 
CELLSIZE 0.0833333332985075 
NODATA_value -9999 
[rows 40 to 59 of 67, columns 0 to 44 of 67]
0.228656602581126 0.199445901247876 1.10301108120266 1.11437189984084 0.153482868975069 0.434472437412943 0.207352282477147 0.24060574569202 0.262629186104531 0.264233422932239 0.245223608671604 0.311863259957354 0.300316220670768 0.444893552571247 0.308097528573953 0.60497046167008 0.474669615272585 0.561838338353156 0.295363178026951 0.297392636578846 0.291042410596528 0.360265143771962 0.285261774324684 0.192943695070362 0.20501070272918 0.247866049039601 0.278392213317174 0.331936605269502 0.250959187714651 0.206917217250306 0.299619014010646 0.247592207484862 0.835666739237356 0.34525910946474 0.274242116470642 0.442482651718995 0.266810161658582 0.274122478176667 0.269659468975489 0.623124846324592 0.67487737088232 0.279417311861141 3.66512303517328 0.394478027693157 0.508603547925405
0.244716181574615 0.314862992871933 1.08204875049022 0.370677642686009 0.359542635510007 0.384256851996172 0.264646236495874 0.244620314538553 0.280320180184368 0.434243096213842 0.482456941515004 0.262623506325247 0.304547280357689 0.311965972614689 0.371420702395506 0.477900150000271 0.28344897614424 0.429438745357632 0.541285059161411 0.488830705180727 0.381356758755031 0.348713678065202 0.273817233240477 0.253249878511133 0.245639946211308 0.221651226852102 0.174228484654555 0.249171655783634 0.242109772602445 0.246856493374646 0.291737198740975 0.428235798136858 0.788105123671428 0.232513919747139 0.2389512288387 0.239181748467661 0.311955763051683 0.269800746410419 0.559834468217447 0.344353465389184 0.639984504949763 0.433930934035848 3.66325194711952 0.313299378474498 0.467837637587907
0.1704567822332 0.213181017563545 1.05709921947138 0.19672398525077 0.339248454736248 0.323848446340177 0.232269842669323 0.31759206470255 0.375216822244381 0.258061878590567 0.275867997176751 0.532833242367251 0.340363286240583 0.266071810098653 0.27382655734117 0.264038503409274 0.345667583915479 0.306279573366306 0.312893164329788 0.261725371437864 0.252123168328173 0.170620113127648 0.17561500808642 0.285388684230737 0.174050787143931 0.387695283379878 0.268098166176069 0.298070318411061 0.196923742141844 0.132462861076958 0.33627872001971 0.271317942369175 0.771068272302601 0.565344599660425 0.350982740267926 0.233141153307018 0.2427382384162 0.264649735540882 0.51338652660696 0.269201749077181 0.537984824935905 0.392266248870145 3.66153200759406 3.65975415600179 0.281190234481583
1.01091802664661 1.05421866826045 0.226443409642886 0.289313271892412 0.261515914609391 0.231047510778434 0.222523478998868 0.301956437310002 0.40525542335599 0.293436096224017 0.342214975304111 0.554882383907459 0.608391536512538 0.208109694938368 0.208564059213638 0.185666940730312 0.244779646203268 0.200428295538874 0.240123470771923 0.189069430340154 0.190192382417141 0.223238629456075 0.342910011475239 0.174711069052287 0.16929848650819 0.397380468311036 0.174889676816355 0.171345849699311 0.357940062090706 0.445432687662462 0.238115482705419 0.23948091894716 0.629452929953521 0.279147030474455 0.450037016374472 0.409761097618513 0.27287919152441 0.421215802601701 0.271338045417161 0.274834630382716 0.513398032109123 0.350889498020586 0.19701748575883 3.65841174357575 0.300000063179949
1.00693749385149 0.46555211015777 0.446007444137178 0.372158764773593 0.202749766759807 0.202889309024776 0.191539394813254 0.263200973646281 0.313360338164499 0.467743103081546 0.419516206904819 0.225465683191392 0.639697496532515 0.299587705934677 0.23009270485154 0.181083727722644 0.168311968200334 0.181702524021204 0.243773654103387 0.247606110522919 0.220513502114285 0.380351367305891 0.1694701314598 0.245609854182621 0.427465056111954 0.222008334296367 0.188507490256269 0.559805849422871 0.363576557210225 0.445432687662462 0.241982896491383 0.259601359826043 0.374072317277928 0.53601929099217 0.46857138138889 0.281702062543125 0.304886719479684 0.375382025039 0.290689204225144 0.332337491719288 0.45071565294327 0.299616040544609 3.65604000765206 3.65604000765206 3.65604000765206
0.995977354086846 0.339038103776111 0.311455151642761 0.283228368962729 0.239629533956773 0.235669519599209 0.285299702597425 0.326637515729822 0.274450381299513 0.514584361377326 0.435373998188328 0.179520121423286 0.645972956280533 0.170832172913984 0.283472919828935 0.165480995604616 0.268930988331885 0.161553376428478 0.178332261959197 0.32673681681748 0.267148848103566 0.401643295318506 0.487176800159501 0.457386107292352 0.192197726993106 0.179701833421194 0.212933722711905 0.559805849422871 0.445432687662462 0.445432687662462 0.386073411527283 0.26663761037585 0.299872149476179 0.291725660453836 0.254786205576948 0.380703053336983 0.316522534575956 3.65604000765206 3.65604000765206 0.236328950150462 0.301541873942946 0.236811430273804 3.65604000765206 3.65604000765206 3.65604000765206
0.494050890799546 0.973466466663929 0.258062744020946 0.27089741659293 0.317153938676087 0.241556255364055 0.346923724594135 0.328470345526723 0.898720659360144 0.640521183759286 0.458499436941929 0.190200621563153 0.651543246294481 0.318244413829147 0.325711798387882 0.348639089738496 0.495113707488941 0.50206814756166 0.577498550748349 0.641587356075674 0.641476511225263 0.807857497229319 0.811205756200427 0.19575616266179 0.223327760149036 0.232367550263888 0.575561997519485 0.158585073304019 0.189097747916334 0.336055254482877 0.263176642295292 0.265585216547177 0.264933186346324 0.336320102673992 3.65604000765206 3.65604000765206 3.65604000765206 3.65604000765206 3.65604000765206 3.65604000765206 3.65604000765206 3.65604000765206 3.65604000765206 3.65604000765206 3.65604000765206
0.221549498786323 0.911913962691201 0.346348851752998 0.284403974211835 0.283490722832808 0.425014671167235 0.898720659360144 0.898720659360144 0.898720659360144 0.898720659360144 0.876855249152851 0.874239083109 0.703231761556014 0.699095464827484 0.19662165209188 0.19949252146176 0.380086365213735 0.192952787794279 0.381447500867717 0.222932585472927 0.369930295902139 0.209017889944507 0.272047321476408 0.838900602327641 0.280558481437036 0.58551315844856 0.167462058890356 0.144383928470832 0.186359027234718 0.264049384937428 0.255520512905312 0.334453239459202 3.65604000765206 3.65604000765206 3.65604000765206 3.65604000765206 3.65604000765206 3.65604000765206 3.65604000765206 3.65604000765206 3.65604000765206 3.65604000765206 3.65604000765206 3.65604000765206 3.65604000765206
0.312087091510759 0.905325072146006 0.884254500653268 0.884254500653268 0.451998388544428 0.198215134534509 0.898720659360144 0.898720659360144 0.898720659360144 0.898720659360144 0.214786555371268 0.291221975449086 0.181556525427106 0.415413255492763 0.630818606182196 0.431399333178326 0.309399208713202 0.149990385881728 0.374612836992764 0.174209640539832 0.322122513262224 0.222443734507899 0.203333631147769 0.172811927178966 0.944739031638206 1.04069707943741 1.04805118776417 1.05715213931786 1.08455321752807 0.33136193761391 3.65604000765206 3.65604000765206 3.65604000765206 3.65604000765206 3.65604000765206 3.65604000765206 3.65604000765206 3.65604000765206 3.65604000765206 3.65604000765206 3.65604000765206 3.65604000765206 3.65604000765206 3.65604000765206 3.65604000765206
0.884254500653268 0.884254500653268 0.884254500653268 0.884254500653268 0.884254500653268 0.139167163325085 0.149939129287791 0.148329104272876 0.898720659360144 0.898720659360144 0.228456330234674 0.174609039405235 0.356384715879814 0.210875932899247 0.53979095836216 0.396137290033091 0.2097479908048 0.276134553852967 0.359891529375922 0.352636853358192 0.173001718634933 0.287455978574024 0.156951544004856 0.16747574531268 0.425298764660101 0.305392795226293 0.528828676606082 0.294239596016811 3.65604000765206 3.65604000765206 3.65604000765206 3.65604000765206 3.65604000765206 3.65604000765206 3.65604000765206 3.65604000765206 3.65604000765206 3.65604000765206 3.65604000765206 3.65604000765206 3.65604000765206 3.65604000765206 3.65604000765206 3.65604000765206 3.65604000765206
0.884254500653268 0.884254500653268 0.884254500653268 0.884254500653268 0.884254500653268 0.106354589656029 0.939584909646822 0.902401426143884 0.898720659360144 0.173745326497652 0.172470249728144 0.180968548982428 0.339735728239414 0.213884506673501 0.528926588116654 0.357308155013952 0.19989424887883 0.245405745081769 0.1139848387151 0.33527880659932 0.154606487053686 0.276686023067158 0.141253111012534 0.17025168927015 0.396097599182913 0.252230696099923 0.51704730116335 0.238825294587274 3.65604000765206 3.65604000765206 3.65604000765206 3.65604000765206 3.65604000765206 3.65604000765206 3.65604000765206 3.65604000765206 3.65604000765206 3.65604000765206 3.65604000765206 3.65604000765206 3.65604000765206 3.65604000765206 3.65604000765206 3.65604000765206 3.65604000765206
0.884254500653268 0.884254500653268 0.884254500653268 0.884254500653268 0.884254500653268 0.941947215590922 0.131408114033006 0.429304821862791 0.167759042412104 0.241645848662091 0.147689744576287 0.232420972383989 0.231443011928048 0.230342621666594 0.488874732523852 0.170350768078075 0.318797625329166 0.205102552256388 0.230828890616153 0.251310876968497 0.166807823246713 0.203244400353801 0.172139117703526 0.182708873994438 0.370848071870367 0.22503886748086 0.428712193568504 0.244984868354631 3.65604000765206 3.65604000765206 3.65604000765206 3.65604000765206 3.65604000765206 3.65604000765206 3.65604000765206 3.65604000765206 3.65604000765206 3.65604000765206 3.65604000765206 3.65604000765206 3.65604000765206 3.65604000765206 3.65604000765206 3.65604000765206 3.65604000765206
0.884254500653268 0.884254500653268 0.884254500653268 0.884254500653268 0.884254500653268 0.185672074193115 0.104253440659137 0.414778653208756 0.180576617117227 0.100204254727109 0.17488177253963 0.12591561389701 0.233235701594917 0.321166386824272 0.33696104934569 0.31038046708236 0.20597184804047 0.201470682009465 0.190452765673601 0.193701966035799 0.165305867387329 0.164963076440292 0.156043397629153 0.22871819500442 0.296107348967301 0.256331922173011 0.31925473473707 0.24566790093113 0.294178516822564 0.317418174651234 3.65604000765206 3.65604000765206 3.65604000765206 3.65604000765206 3.65604000765206 3.65604000765206 3.65604000765206 3.65604000765206 3.65604000765206 3.65604000765206 3.65604000765206 3.65604000765206 3.65604000765206 3.65604000765206 3.65604000765206
0.884254500653268 0.884254500653268 0.884254500653268 0.884254500653268 0.884254500653268 0.113468293328787 0.173251642620337 0.406170906052806 0.381935451038306 0.210350295070234 0.170439085964206 0.212089373348668 0.226663541503747 0.277989414851864 0.202364235378685 0.215298856252576 0.212559543839527 0.213892867433072 0.206462688044252 0.207890853669529 0.205413810238967 0.15849763304492 0.160930066311038 0.12715463925401 0.231374511642413 0.191079533159836 0.247762670630288 0.269621804002143 0.4043323569346 0.501752825776203 3.65604000765206 3.65604000765206 3.65604000765206 3.65604000765206 3.65604000765206 3.65604000765206 3.65604000765206 3.65604000765206 3.65604000765206 3.65604000765206 3.65604000765206 3.65604000765206 3.65604000765206 3.65604000765206 3.65604000765206
0.884254500653268 0.884254500653268 0.884254500653268 0.884254500653268 0.129729958170581 0.245270148044585 0.214583459841673 0.296599905377619 0.201663186718282 0.219803112413663 0.254552833866157 0.262518467300951 0.224746513468947 0.221723984536327 0.21852915791223 0.268553719978122 0.205662476899046 0.265152522257782 0.264348147490976 0.42469910923383 0.286711624740155 0.250083181961361 0.201176498511142 0.158265917942304 0.183789438858106 0.162162255425785 0.193978401758924 3.65604000765206 3.65604000765206 3.65604000765206 3.65604000765206 3.65604000765206 3.65604000765206 3.65604000765206 3.65604000765206 3.65604000765206 3.65604000765206 3.65604000765206 3.65604000765206 3.65604000765206 3.65604000765206 3.65604000765206 3.65604000765206 3.65604000765206 3.65604000765206
0.884254500653268 0.884254500653268 0.680648907465263 0.173038580968252 0.421587266031784 0.20338329238518 0.239666758370581 0.240321148076107 0.245893773792583 0.34957439775297 0.223077380945538 0.305265775069782 0.281431785123052 0.208357979787307 0.202404674641893 0.223284063939526 0.328210449360701 0.362221532919102 0.204264359744953 0.42469910923383 0.165241726807911 0.20545136890814 0.149672810040797 0.173781992088726 0.182856611833826 0.159375012028305 0.288575104707389 3.65604000765206 3.65604000765206 3.65604000765206 3.65604000765206 3.65604000765206 3.65604000765206 3.65604000765206 3.65604000765206 3.65604000765206 3.65604000765206 3.65604000765206 3.65604000765206 3.65604000765206 3.65604000765206 3.65604000765206 3.65604000765206 3.65604000765206 3.65604000765206
0.884254500653268 0.884254500653268 0.677090552237001 0.659893488370326 0.192380081563503 0.392028888080786 0.258521485878135 0.250107852037903 0.308677229629113 0.394102168278901 0.219592895286593 0.613048003549746 0.657376127106419 0.673295237175295 0.687938190415497 0.706574355526981 0.798713423509139 0.45821933118613 0.857938147684872 0.857938147684872 0.87320016608383 0.26993847016168 0.87449827064959 0.245765412635618 0.22138770810729 0.250957839366086 3.65604000765206 3.65604000765206 3.65604000765206 3.65604000765206 3.65604000765206 3.65604000765206 3.65604000765206 3.65604000765206 3.65604000765206 3.65604000765206 3.65604000765206 3.65604000765206 3.65604000765206 3.65604000765206 3.65604000765206 3.65604000765206 3.65604000765206 3.65604000765206 3.65604000765206
0.191899769923158 0.410255283476648 0.213996740353211 0.653720137661853 0.202862020954607 0.240440875409537 0.248158034129835 0.42362428187811 0.240267446056974 0.432828441448338 0.550381557754993 0.228835713891445 0.210045605426961 0.221356510435399 0.307180513727454 0.347720043628218 0.798713423509139 0.798713423509139 0.857938147684872 0.857938147684872 0.87320016608383 0.87449827064959 0.87449827064959 0.268629227256953 0.388860172812878 0.26211884597032 3.65604000765206 3.65604000765206 3.65604000765206 3.65604000765206 3.65604000765206 3.65604000765206 3.65604000765206 3.65604000765206 3.65604000765206 3.65604000765206 3.65604000765206 3.65604000765206 3.65604000765206 3.65604000765206 3.65604000765206 3.65604000765206 3.65604000765206 3.65604000765206 3.65604000765206
0.160410823141417 0.386249603723439 0.144666476289605 0.646464973910621 0.195100198672748 0.227687131922587 0.489159991446493 0.447145551901111 0.255233901419365 0.526237179010906 0.304472369729772 0.231207774108259 0.19847678736376 0.202254633286091 0.201658962526784 0.227191732016754 0.798713423509139 0.798713423509139 0.220403434054001 0.188227352349403 0.326720121413047 0.205361436489173 0.884060297674965 0.192914314903248 0.448051427049244 0.476272407749131 3.65604000765206 3.65604000765206 3.65604000765206 3.65604000765206 3.65604000765206 3.65604000765206 3.65604000765206 3.65604000765206 3.65604000765206 3.65604000765206 3.65604000765206 3.65604000765206 3.65604000765206 3.65604000765206 3.65604000765206 3.65604000765206 3.65604000765206 3.65604000765206 3.65604000765206
0.152225342681415 0.378973299530333 0.113049641990661 0.119848961636082 0.63634359533162 0.520269971235187 0.510700229253171 0.203227788422531 0.246349472790101 0.265308222985792 0.264748944482637 0.198352789802871 0.272412947195643 0.187465027775145 0.214871269681704 0.29476591931134 0.272500488127756 0.205052641403865 0.210795325064479 0.247038828549086 0.30357342902224 0.219311867687802 0.227648991985007 0.894434492916767 0.983853401299103 0.994932506822414 3.65604000765206 3.65604000765206 3.65604000765206 3.65604000765206 3.65604000765206 3.65604000765206 3.65604000765206 3.65604000765206 3.65604000765206 3.65604000765206 3.65604000765206 3.65604000765206 3.65604000765206 3.65604000765206 3.65604000765206 3.65604000765206 3.65604000765206 3.65604000765206 3.65604000765206
