Model input/Uganda/rivergeometry/river_depth_1nov.asc
NCOLS 67 
NROWS 67 
XLLCORNER 29.500000001 
YLLCORNER -1.499999999 
CELLSIZE 0.0833333332985075 
NODATA_value -9999 
[rows 20 to 39 of 67, columns 0 to 44 of 67]
-9999 -9999 -9999 -9999 -9999 -9999 -9999 -9999 -9999 -9999 -9999 -9999 -9999 -9999 -9999 0.405608144591385 0.293005016114528 0.306264816597069 0.356322402938086 0.300718582140138 0.25621507127897 0.319101521224593 0.420519461296825 0.544456829662654 0.640299605072042 0.585755462330618 0.317046974955494 0.37862918794101 4.03207214837361 0.700522462411906 0.271414583791178 0.275963362456843 0.341566947897056 0.343614415240999 0.921726427807921 0.90650629481261 0.501877273464265 0.34171090531653 0.271439959168671 0.309763377867048 0.331738695026874 0.335084481277554 0.376472622764171 0.396913819414219 0.948573594420283
-9999 -9999 -9999 -9999 -9999 -9999 -9999 -9999 -9999 -9999 -9999 -9999 -9999 -9999 -9999 0.27607529425934 0.288058701816853 0.280498699754107 0.248232343533759 0.282533269135973 0.347900230395586 0.257411846850562 0.483694463482673 0.304054002909804 4.0436139615281 4.04244299230758 4.04059424737284 4.03418063552526 0.340554885771883 4.02291972941036 4.02198788675844 0.299648163310607 0.418933948577753 0.329144423934039 0.96308110152465 0.273706052767904 0.339350244584589 0.707327768555174 0.618202437114859 0.564152119919164 0.483030474273937 0.282572511046611 0.273864687367513 0.318173395441261 0.307990475695881
-9999 -9999 -9999 -9999 -9999 -9999 -9999 -9999 -9999 -9999 -9999 -9999 -9999 -9999 -9999 -9999 0.281094663695334 0.350165763722079 0.315310765276174 0.24700180565782 4.10820442378438 4.10820442378438 4.10820442378438 4.04502475932908 0.322113047090731 0.333414308950918 0.34194654633265 0.547247542825972 0.495694896118578 0.429471967227442 0.365836267090351 4.01894900469568 4.01776984819791 4.01385272028048 0.321526962092478 0.338670956915196 0.776323753040096 0.330595467704157 0.42482046714594 0.337135161122977 0.318993299109691 0.282553143401773 0.270279554080661 0.265170706223584 0.303184985195092
-9999 -9999 -9999 -9999 -9999 -9999 -9999 -9999 -9999 -9999 -9999 -9999 -9999 -9999 -9999 -9999 -9999 0.297092419738753 4.10820442378438 4.10820442378438 4.10820442378438 4.10820442378438 4.10820442378438 0.463134798137801 0.415230641065794 0.551522077949874 0.439674445971164 0.526832215127046 0.34690200248076 0.337825622582932 0.304848606791355 0.30523769622307 0.491235883081159 3.99028511496554 0.315054407668374 0.415178328287877 0.853189546457688 0.422577990727163 0.33413282250587 0.32229985471972 0.282839996386185 0.275836374030118 0.382233465896256 0.480298983748312 0.308918018852058
-9999 -9999 -9999 -9999 -9999 -9999 -9999 -9999 -9999 -9999 -9999 -9999 -9999 -9999 -9999 0.256101116648536 0.238609001575565 4.10820442378438 4.10820442378438 4.10820442378438 4.10820442378438 4.10820442378438 4.10820442378438 4.10820442378438 0.955334706132556 0.823607464068817 0.777714161016408 0.426260333897435 0.390881507942792 0.262101444653845 0.301774186944638 0.30447192494846 0.305446461623645 0.533978029241469 3.98785802236323 0.86257658868681 0.32538090943639 0.305104391920658 0.306531781975679 0.516560074766909 0.404413421323785 0.273288662845897 0.651911471408062 0.512225174956547 0.275211605455287
-9999 -9999 -9999 -9999 -9999 -9999 -9999 -9999 -9999 -9999 -9999 -9999 -9999 -9999 -9999 0.303742196641331 4.10820442378438 4.10820442378438 4.10820442378438 4.10820442378438 4.10820442378438 4.10820442378438 4.10820442378438 4.10820442378438 0.446451580672115 0.36238583704505 0.344920112011383 0.575317508521262 0.3303484457427 0.381342741920331 0.302007831804947 0.302995664736735 0.305802246130537 3.96588872200036 0.747777641075778 0.689350818451811 0.664329364485718 0.617517468652553 0.56127273013898 0.352222795066691 0.353247693312453 0.277363752133451 0.724545209110702 0.384796829119179 0.274017629256301
-9999 -9999 -9999 -9999 -9999 -9999 -9999 -9999 -9999 -9999 -9999 -9999 -9999 -9999 -9999 4.10820442378438 4.10820442378438 4.10820442378438 4.10820442378438 4.10820442378438 4.10820442378438 4.10820442378438 4.10820442378438 0.388196667857446 0.641864330697029 0.354928209718618 0.353187465204355 0.524857565023503 0.298559660820873 0.517848830627897 0.374989783180478 0.381214595624714 0.304331199820263 3.95181794412938 3.95372834470749 0.407643046586801 0.325126939521791 0.30286067968275 0.305115355835162 0.45010720491565 0.419208491618359 0.827979339752229 0.286527142392932 0.460032807428243 0.380672003681855
-9999 -9999 -9999 -9999 -9999 -9999 -9999 -9999 -9999 -9999 -9999 -9999 -9999 -9999 -9999 4.10820442378438 4.10820442378438 4.10820442378438 4.10820442378438 4.10820442378438 4.10820442378438 4.10820442378438 4.10820442378438 0.286872003527268 0.523431165303716 0.340362706949158 0.315975781536226 0.309959981652325 0.307380892745489 0.302199070003175 0.608333295812924 3.95087233877852 3.95087233877852 3.95087233877852 0.294853076680575 0.300188435376734 0.323219041537268 0.463176063184179 0.56028149913025 1.03892529700435 0.987110027661241 0.666771721737186 0.301126879021518 0.497940211218865 3.74541335076047
-9999 -9999 -9999 -9999 -9999 -9999 -9999 -9999 -9999 -9999 -9999 -9999 -9999 -9999 4.10820442378438 4.10820442378438 4.10820442378438 4.10820442378438 4.10820442378438 4.10820442378438 4.10820442378438 4.10820442378438 0.527436107193823 0.447104799156581 0.489035347480809 0.444940302501255 0.310886750798215 0.499992845561753 0.304827443319777 0.289224852212493 0.370956671008801 3.95087233877852 3.95087233877852 3.95087233877852 1.20188911501011 0.383198561763561 0.29801444746283 0.348843087912859 1.11801319917838 0.318134818095326 0.313795033866885 0.597549046823994 0.558038962879792 0.285115421482683 3.74541335076047
-9999 -9999 -9999 -9999 -9999 -9999 -9999 -9999 -9999 -9999 -9999 4.10820442378438 4.10820442378438 4.10820442378438 4.10820442378438 4.10820442378438 4.10820442378438 4.10820442378438 4.10820442378438 4.10820442378438 4.10820442378438 0.324496196737664 0.325837592002338 0.291739539735095 0.29621691070244 0.386775031221147 0.300780107346607 0.535075460298724 0.29785427233471 0.261497483042707 0.395804546191385 3.95087233877852 3.95087233877852 3.95087233877852 3.74541335076047 1.17113335821201 1.15404461504153 1.14255074529205 3.74541335076047 3.74541335076047 3.74541335076047 3.74541335076047 3.74541335076047 3.74541335076047 3.74541335076047
-9999 -9999 -9999 -9999 -9999 -9999 -9999 -9999 -9999 -9999 0.356737836940114 4.10820442378438 4.10820442378438 4.10820442378438 4.10820442378438 4.10820442378438 4.10820442378438 4.10820442378438 4.10820442378438 4.10820442378438 0.367082441629247 0.289380927768424 0.277372161007114 0.354819970833896 0.292065503022257 0.28019710134607 0.386762748960996 0.625472493469723 0.381735577911605 0.236192328374315 1.80188987892425 0.4436197147215 0.309267233596399 0.47903653906516 3.74541335076047 3.74541335076047 3.74541335076047 3.74541335076047 3.74541335076047 3.74541335076047 3.74541335076047 3.74541335076047 3.74541335076047 3.74541335076047 3.74541335076047
-9999 -9999 -9999 -9999 -9999 -9999 -9999 -9999 -9999 -9999 4.10820442378438 4.10820442378438 4.10820442378438 4.10820442378438 4.10820442378438 4.10820442378438 4.10820442378438 4.10820442378438 0.294553789783242 0.617887899856164 0.310256184833674 0.309391977745021 0.306657959588884 0.294803878124244 0.50703172475628 0.381781452738544 0.681065902933332 0.653323401102967 1.65697441023145 1.79721805651924 1.03454079390787 0.328889417900771 0.330014700756822 0.321705630505553 0.449400415292783 0.374277899613346 3.74541335076047 3.74541335076047 3.74541335076047 3.74541335076047 3.74541335076047 3.74541335076047 3.74541335076047 3.74541335076047 3.74541335076047
-9999 -9999 -9999 -9999 -9999 -9999 -9999 -9999 -9999 0.34445940245383 4.10820442378438 4.10820442378438 4.10820442378438 4.10820442378438 4.10820442378438 4.10820442378438 4.10820442378438 0.479462056062216 0.307392649165519 0.590594858433227 0.497195368167576 0.395255222502602 0.326214208728261 0.335836512054199 1.20709664324432 1.23508826672112 0.707821910465636 1.64513842529072 0.289613459877566 0.288679088974002 0.30697451039416 1.0029301988773 0.340016667487256 0.344123768272034 0.330108690068064 0.318905357916404 3.74541335076047 3.74541335076047 3.74541335076047 0.299332257752877 3.74541335076047 3.74541335076047 3.74541335076047 3.74541335076047 3.74541335076047
-9999 -9999 -9999 -9999 -9999 -9999 -9999 -9999 -9999 0.331079809264916 4.10820442378438 4.10820442378438 4.10820442378438 4.10820442378438 4.10820442378438 4.10820442378438 0.331248620173719 0.397204648680263 0.279212347794592 0.274455169010988 0.297648352235376 0.309220710674332 1.10610384462856 1.16367912919993 0.482237766895493 0.297388868012444 1.33532243156683 0.285849315036935 1.24623527917359 0.676730926060703 0.340756530111787 0.300324969003163 0.993531337172924 0.430481346554889 0.342179116362494 0.314514380639718 0.652326723895883 0.315228906167041 0.276666108454244 1.06857979908355 3.74541335076047 3.74541335076047 0.03496834793112 3.74541335076047 3.74541335076047
-9999 -9999 -9999 -9999 -9999 -9999 0.366045499308366 0.439725115906136 0.343263139200374 0.24954506320316 1.48162748412777 4.10820442378438 4.10820442378438 4.10820442378438 4.10820442378438 0.340600704238713 0.336893955796142 0.294235666774766 0.284547993314115 0.248926283541078 0.657845070007775 1.0498826188523 0.33324218125895 0.298876870819514 0.298077643955312 0.411764776052841 0.430592308187269 0.331812975227409 1.14594769062861 0.332392484077368 0.623336578290328 0.325203254341932 0.468250584161816 0.880678435521378 0.314049054791829 0.326707947729699 0.400379212643341 0.522624420864708 0.320328196668596 1.06857979908355 0.321037208929346 3.50313635220856 0.67990705611502 0.335775603052574 3.74541335076047
-9999 -9999 -9999 -9999 -9999 -9999 0.451582645360333 0.497464313757624 0.257656257771181 1.48458116371899 0.245225752820106 4.10820442378438 4.10820442378438 4.10820442378438 4.10820442378438 1.02441268233659 0.980830428384076 0.951239316676191 0.896065632769731 0.874807476399033 0.603685190543779 0.269496458519109 0.939408111109293 0.885543052204934 0.281209165572609 0.299773670314037 0.336470043826349 0.505842918646253 1.09667665172955 0.269307507721979 0.566361892015652 0.321491853719913 0.399878003936351 0.313949348244469 0.82762124017726 0.322467041183967 0.320774978606752 0.4776723878779 0.339705958692242 1.03717207287286 0.341072330230773 3.49053113504974 0.431846357739117 0.62331308603533 0.318760047115837
-9999 -9999 -9999 -9999 -9999 0.27799289233805 0.319594495451825 0.478217280944795 1.48752092651928 0.196861978251509 0.179523071453831 4.10820442378438 4.10820442378438 4.10820442378438 0.351875437811464 0.614987534051225 0.316825543251419 0.399274320262717 0.37154327701058 0.862922598419447 0.241863912925659 0.574765821080961 0.452872352820665 0.859272835864622 0.31781895320542 0.297064111461912 0.293180149543753 0.403194112422846 0.470727293468622 1.05973427111091 0.341898983817472 0.449800621544321 0.315823399264246 0.31488853104494 0.687072683816706 0.557312174760689 0.316593715060874 0.335428782983195 0.430459331572802 1.01501332657985 0.341423352979483 3.4908367112087 0.341659021308967 0.551518018660618 0.315281759049087
-9999 -9999 0.199729779957016 0.319510045416959 0.25731039502339 0.220482639496261 0.214204717551965 0.373426862622177 1.45193062167096 0.188486094408759 0.491534039278353 0.501041536502248 1.30860660729362 0.355614277871571 0.399098233874067 0.505208375644162 0.395942208303565 0.349083846387551 0.31783346234433 0.854947176493642 0.309893911707577 0.547894357894545 0.384492944719687 0.616447149557688 0.82582106078638 0.358724275619974 0.292126799469825 0.290810932675504 0.443701826590881 1.05212778608532 1.0082044100152 0.284935654818462 0.323400567085249 0.323585971734188 0.644872707768917 0.267288189947654 0.436144749847335 0.32821430383779 0.370715452265723 0.941059230785168 0.343141742496649 3.48913645442584 0.334529589535776 0.332953439386019 0.387124780753363
-9999 0.287707529916863 0.438248323055265 0.272891621683264 0.170641956801841 0.255255333625708 1.43195058980475 1.43873733258532 0.221714211442049 0.19379302007948 0.477967169671943 0.31523624053767 0.598977219107031 1.24766008759052 1.19625523445786 0.390126406596294 0.482518359130236 0.366236412286723 0.55088197256758 0.729802582655603 0.473238490261217 0.377995082938393 0.392663749241336 0.575932068542818 0.319445751895414 0.578900507759118 0.231725886279014 0.214550498365352 0.320310198273069 0.325401333549505 0.472163090679812 0.999881843730964 0.463957009569359 0.279963687566857 0.62605995438271 0.285914700256054 0.386437857373542 0.305051256837409 0.343404478619232 0.904140596265313 0.280696578576027 3.48654716042871 0.322726438549365 0.325228195477999 0.263249900904024
-9999 0.272280190940841 0.328340373212593 1.39416480642675 1.39592851745489 1.42464781866837 0.28516182400059 0.353398260197152 0.342535485780768 0.455023645160764 0.311418347999935 0.483991546197052 0.355682176617515 0.536341906066283 0.32997377512941 1.15730760509078 0.969453176557372 0.362311361223288 0.38964168743595 0.385648318031632 0.614999158772892 0.385592696822582 0.386594557007283 0.527971045854001 0.333873478257608 0.553799816351836 0.5238378522942 0.424486031442119 0.219927242529981 0.22819928270473 0.372338624119106 0.310513909386693 0.939833404496721 0.270998386688995 0.28620645602475 0.582826832374833 0.280257027486157 0.268718566688874 0.697534919907285 0.715219969272561 0.272901799646498 0.281072004072203 3.48607902306891 0.681385203599938 0.313307941566891
