Model input/Uganda/rivergeometry/river_width_1aug.asc
NCOLS 67 
NROWS 67 
XLLCORNER 29.500000001 
YLLCORNER -1.499999999 
CELLSIZE 0.0833333332985075 
NODATA_value -9999 
[rows 0 to 19 of 67, columns 0 to 45 of 67]
-9999.000000000000000 -9999 -9999 -9999 -9999 -9999 -9999 -9999 -9999 -9999 -9999 -9999 -9999 -9999 -9999 -9999 -9999 -9999 -9999 -9999 -9999 -9999 -9999 -9999 -9999 -9999 -9999 -9999 -9999 -9999 -9999 0.799003742483831 0.793265813456355 -9999 -9999 -9999 -9999 -9999 -9999 -9999 -9999 -9999 -9999 -9999 -9999 -9999
-9999 -9999 -9999 -9999 -9999 -9999 -9999 -9999 -9999 -9999 -9999 -9999 -9999 -9999 -9999 -9999 -9999 -9999 -9999 -9999 -9999 -9999 -9999 -9999 -9999 -9999 -9999 -9999 -9999 0.831334397167044 1.12316517773376 0.745838533916477 1.40376388072951 0.736479359344138 0.760123168918263 0.738918506051442 0.997692387913994 0.959338085154113 0.701136343300182 0.773816635666865 -9999 -9999 -9999 -9999 -9999 -9999
-9999 -9999 -9999 -9999 -9999 -9999 -9999 -9999 -9999 -9999 -9999 -9999 -9999 -9999 -9999 -9999 -9999 -9999 -9999 -9999 -9999 -9999 -9999 -9999 -9999 -9999 -9999 -9999 -9999 1.85606779665516 0.677109161762487 1.59302659924582 4.90627810967017 4.64976898082798 0.714302025236934 4.05171929577868 3.72293889989575 3.18094774086189 2.12697275261039 1.54520468625288 0.776503775950113 0.959118627402328 1.0959241336448 -9999 -9999 -9999
-9999 -9999 -9999 -9999 -9999 -9999 -9999 -9999 -9999 -9999 -9999 -9999 -9999 -9999 -9999 -9999 -9999 -9999 -9999 -9999 -9999 -9999 -9999 -9999 -9999 0.975901377098876 -9999 -9999 -9999 2.05516231527166 0.634170381039855 5.39814087416422 0.698125465518336 0.702950220012113 4.47927703681906 1.15841437033172 0.847421868616182 0.883573583752927 1.56844222092416 1.08968607215968 0.99135258531332 1.1438185535177 1.81076764508706 -9999 -9999 -9999
-9999 -9999 -9999 -9999 -9999 -9999 -9999 -9999 -9999 -9999 -9999 -9999 -9999 -9999 -9999 -9999 -9999 -9999 -9999 -9999 -9999 -9999 0.862703783237633 -9999 -9999 1.37837658323431 -9999 -9999 -9999 78.4266604110081 22.9990589212539 21.8298769321664 1.73027212518589 1.41950852682012 0.968976928434751 0.747831970719001 0.936084516460406 1.8606662244831 1.49039650379151 1.05096987319578 1.95731585119659 1.02636371340211 2.26837550846177 0.755317265600344 -9999 -9999
-9999 -9999 -9999 -9999 -9999 -9999 -9999 -9999 -9999 -9999 -9999 -9999 -9999 -9999 -9999 -9999 -9999 -9999 -9999 -9999 -9999 1.29872785459633 1.65909401195016 1.30524321238339 1.66715334771625 0.840534584777894 72.322109183303 72.322109183303 73.5156446467674 73.5156446467674 0.756762254072922 21.6885737126049 6.49690083312026 6.11647701235259 0.992878848543982 2.87943035991882 2.60569865552457 1.3397887794112 1.10175194534012 1.07189835336299 0.944409700941663 2.51184837954364 2.6306089194799 0.774764368208547 -9999 -9999
-9999 -9999 -9999 -9999 -9999 -9999 -9999 -9999 -9999 -9999 -9999 -9999 -9999 -9999 -9999 -9999 -9999 -9999 -9999 1.02570991874391 3.10875945146559 3.4636223006829 4.54816631534752 5.05902209676718 2.43241814740664 0.734360213336733 72.322109183303 72.322109183303 73.5156446467674 73.5156446467674 9.59431081612442 0.814884817652435 20.2479290967388 1.61424248406187 5.9930640375367 4.07870700808708 3.81188562740774 2.68991389936088 1.09381328878314 1.51776629127944 1.81362780856317 2.96980917736392 4.24383953182216 0.715425384383856 -9999 -9999
-9999 -9999 -9999 -9999 -9999 -9999 -9999 -9999 -9999 -9999 -9999 -9999 -9999 -9999 -9999 -9999 -9999 1.49951345538939 1.89347400612899 2.48149858638559 0.922484468299321 1.26126512376122 1.35440104777611 5.14599876619112 0.632743354675928 2.63102235814296 72.3005968027168 0.902685040691852 1.92278002961941 2.21615406574332 6.6837581071822 6.14538142948546 20.2177251063947 0.936592284914744 1.26108508102302 1.97881163374914 1.96240329682086 1.34533306616193 0.968842701130701 0.911674197731485 2.29046245002267 0.750111206853172 4.57663483122017 0.779871489295955 0.74170977317044 -9999
-9999 -9999 -9999 -9999 -9999 -9999 -9999 -9999 -9999 -9999 -9999 -9999 -9999 -9999 -9999 -9999 -9999 1.48626722516161 1.0167155823835 0.947510335235541 0.935922246334721 1.60543610385451 1.90313603239271 6.05759144560833 6.21362802673062 72.2386775366185 1.06448225552599 1.11889874231835 1.62672107703186 2.074463108503 6.56559414410628 5.99771601273431 1.23955816214397 20.1451651385079 1.74832943924846 1.35202792204489 1.39237101801744 1.38496189763479 1.40851929564754 0.923208917758116 0.823173692875568 9.44529036660605 0.762762646580722 1.42275652370908 0.769797771455256 0.684978945638915
-9999 -9999 -9999 -9999 -9999 -9999 -9999 -9999 -9999 -9999 -9999 -9999 -9999 -9999 -9999 -9999 -9999 1.94707609534145 2.25509536794992 2.99313690266254 1.28576619785209 1.94139271915228 1.92858883397846 0.819502492481026 71.7071953829128 1.1051390154377 2.3256181727954 0.988147262473178 1.68228845042794 3.68616157487549 5.92728948523307 1.24570569533969 5.6163127569149 20.1131565326083 19.9283371257185 1.05086707647756 1.37994677840059 2.93384060984956 1.24270320691073 1.39331499748334 9.81244879601739 9.51194510479489 7.19690957009019 1.7215987769336 0.707140841382835 5.73278096258273
-9999 -9999 -9999 -9999 -9999 -9999 -9999 -9999 -9999 -9999 -9999 -9999 -9999 -9999 -9999 -9999 1.09026815252287 1.58608370179129 3.51839212065462 4.98927438875845 5.90520474752593 6.02471118786206 6.7287271863519 2.32778981109207 71.7455131736015 3.7624634625128 1.29335181727817 1.291758388521 2.01283796166219 2.59386596719867 3.807627940683 1.31438383332856 5.18282844534433 1.25457330809183 1.07228695315235 19.8289255576474 3.18065378459438 1.38185109027658 10.614079808206 10.5264292677795 1.34205806078839 0.91799269389347 0.879730199394113 6.68648062568108 6.12592825805871 0.842840047490067
-9999 -9999 -9999 -9999 -9999 -9999 -9999 -9999 -9999 -9999 -9999 -9999 -9999 -9999 -9999 -9999 1.06342529824647 2.76563286500128 1.08035710816213 1.63721402501513 1.48871500511106 0.916720134002484 0.827778878074993 71.4642258135313 1.34452795651026 3.44931745963554 3.0467193273291 1.38304882227497 1.42514751168655 2.15577643946176 3.10261401587002 3.49753727864169 4.68162471959054 1.30231339831805 1.41159689341696 14.31188617979 11.6906922643088 11.6013552011162 3.48504688454451 0.952408602165664 2.28409857713029 1.99864384315637 0.880097403671571 2.01756158926928 0.842596238595 0.847714676246039
-9999 -9999 -9999 -9999 -9999 -9999 -9999 -9999 -9999 -9999 -9999 -9999 -9999 -9999 -9999 1.02573181797746 2.09999731314412 1.20330676150502 1.7194657624226 3.08689710542713 1.19206592803959 1.51752019335894 70.920782846171 70.920782846171 1.34938974126125 1.4196496359183 1.4161889930987 1.45333015209061 1.46531322802498 1.8149306817585 1.41637331416067 2.15567022557929 3.90722148095959 0.970948108873838 1.04027226322105 2.31545074477286 13.8043582388659 0.921912478459619 1.33284156181136 2.87521242296672 0.9746374574535 1.37956518032448 0.90930694721397 1.55947112848647 0.755967583710009 0.634821021112018
-9999 -9999 -9999 -9999 -9999 -9999 -9999 -9999 -9999 -9999 -9999 -9999 -9999 -9999 -9999 -9999 1.24558880753017 1.17585171719038 1.75252398651597 1.53079564476779 3.2526976791194 0.665500064450706 70.920782846171 70.920782846171 2.10103731905984 1.46478973253831 2.25541092364976 1.54975111099884 1.4633903061529 0.935545713449331 0.993181892875484 1.60832484618642 3.72821781558271 2.05023527642143 1.02282922872948 1.09541579963857 13.728515500646 1.07213124837865 1.01011676194106 2.6541301846941 1.34131344198302 0.969334584890231 0.936412738781262 1.29123719666911 0.749795569077305 1.6684954429108
-9999 -9999 -9999 -9999 -9999 -9999 -9999 -9999 -9999 -9999 -9999 -9999 -9999 -9999 -9999 -9999 -9999 1.12365783687446 1.99067076942965 2.93542327202036 3.05841488402573 4.84626092527388 70.605548668819 2.54276456452479 2.08364154399835 2.7702873261608 1.47707171234201 2.4990984367223 1.09616918933848 1.02855027538886 1.08186698388701 1.11891123816129 2.72145265312545 1.65686600958476 1.14411534797187 1.12723804646114 2.65217920762191 13.1481953154271 1.21916024910577 1.14080361156486 7.3226062265936 0.850085938515672 1.46384272060789 1.01516228792858 6.31402524882269 1.64295469066894
-9999 -9999 -9999 -9999 -9999 -9999 -9999 -9999 -9999 -9999 -9999 -9999 -9999 -9999 -9999 -9999 1.3393744184713 1.78225566236555 1.26643386055764 1.97762803929886 2.20792271429162 2.27952362628877 70.2196388661444 1.09720168493554 5.27774772223919 5.12661190072407 3.38954703348584 1.46223209486679 0.92718359922382 1.8598420573762 1.87795053851282 1.0257620857327 1.17442897582968 2.05963231264383 1.43337585058493 1.68151893077991 2.02183047586695 1.93245676062994 12.7140275528273 7.78833582503305 1.78924462262623 7.22227961825135 6.7765752383283 6.56143092432089 0.971722934481832 5.7802703257422
-9999 -9999 -9999 -9999 -9999 -9999 -9999 -9999 -9999 -9999 -9999 -9999 -9999 -9999 -9999 -9999 1.31827031454145 3.16196785176005 4.04378759049614 1.34550520793764 6.40046981074483 7.47248722323408 7.47663918992428 70.2469472051038 1.11719536177329 1.25076399291121 1.31197733467579 1.36562299468773 3.29875619814947 2.93934870436987 0.973093673951752 1.02213988098322 1.39110063969592 1.27800609344371 1.80324747388119 1.15381254639636 1.09009526870044 0.988081499657347 2.3792952986292 8.87904210053328 1.08543837852258 1.25968269881112 0.807108823630867 0.76829487700231 0.76482111851934 1.06876670163361
-9999 -9999 -9999 -9999 -9999 -9999 -9999 -9999 -9999 -9999 -9999 -9999 -9999 -9999 -9999 1.23022963845743 2.50345422295049 0.991661493065768 3.93462509854895 6.07214699141045 3.36644636038298 0.865718159445202 0.89499797839993 69.1597581925138 5.47952415133437 4.94851923721814 4.48506670364921 3.9283965041087 3.6280394095417 0.87753983140684 1.51885088218195 1.10377184577927 1.04538088319929 2.95096155440183 1.05381381604054 1.59068720912588 1.01571571985649 1.78443945041713 2.0800732009692 8.77468059722189 8.69479376490322 0.71589126264373 0.74663647044405 0.788149306930527 1.0723281093511 0.720401293496641
-9999 -9999 -9999 -9999 -9999 -9999 -9999 -9999 -9999 -9999 -9999 -9999 -9999 -9999 -9999 0.997484517189047 2.07870643071209 0.972216812589619 3.31143405672854 1.57348022088275 3.19542271363628 0.860248397342577 1.49464670549841 69.1728407431082 0.901854443428156 1.08707219023657 1.17523989139416 1.56631594327874 0.844892505008557 0.867910404080815 2.21639864737659 1.05746914942129 1.1045100022475 1.62301217475255 3.8797731152687 1.04933274910711 1.09622219961441 0.97893822017475 0.942393264812201 1.39150496429961 2.47671094787851 7.89670986305732 0.656346090640295 1.83460318823191 1.37412199506846 0.688474990493761
-9999 -9999 -9999 -9999 -9999 -9999 -9999 -9999 -9999 -9999 -9999 -9999 -9999 -9999 -9999 0.908320621804554 2.23877283367691 3.08415264850132 0.945148539130727 2.14029803121588 0.94670799706188 0.756069161280675 0.810021557077586 0.815757305256132 68.7428806576426 0.87199847118484 2.69378223052885 1.14060420189624 0.830817829077438 3.76765902942734 2.50035065208869 2.03499203449246 1.31768684931496 2.07839761045048 4.75276076772646 1.68253826604623 1.71137884049032 1.38375859382743 0.925025764429407 0.903171470228214 1.51422136409801 1.09048410486013 7.70768020240956 6.7352635349454 1.26846947391278 0.656335844716123
