Model input/Uganda/rivergeometry/river_width_1jun.asc
NCOLS 67 
NROWS 67 
XLLCORNER 29.500000001 
YLLCORNER -1.499999999 
CELLSIZE 0.0833333332985075 
NODATA_value -9999 
[rows 20 to 39 of 67, columns 0 to 45 of 67]
-9999 -9999 -9999 -9999 -9999 -9999 -9999 -9999 -9999 -9999 -9999 -9999 -9999 -9999 -9999 1.52175065013523 0.885709227906109 0.949225158252789 1.22215814145308 0.790946830252412 0.634610024023356 0.908445680958898 1.48112375935448 1.85528240221026 2.53380069742075 2.29266288857 0.802119087978076 1.19803007584007 73.1739563676746 3.79547240167669 0.802433702128585 0.832880322402485 1.17674701445211 1.17704381231057 6.00299911612748 5.85505153333611 2.21859851416692 1.177158247599 0.81287188906764 1.00759884795931 1.11564413422852 1.12716519286714 1.36115639756215 1.48420006183946 6.23515715440163 0.738304375732273
-9999 -9999 -9999 -9999 -9999 -9999 -9999 -9999 -9999 -9999 -9999 -9999 -9999 -9999 -9999 0.817804918181881 0.86619129881813 0.838912270144373 0.684225707080348 0.820337638640137 1.11951116837611 0.690452150278864 1.72301955808232 0.676116665948251 73.3206149283405 73.3252939873466 73.3105634044235 73.2018353844032 1.01590951430479 72.9696819030626 72.9644624355216 0.947545545281664 1.63539872277993 1.10625836830223 6.41966785118579 0.816903411559357 1.15844378847304 3.85877619761201 3.10301747380919 2.66765922348991 2.06203860263611 0.86010528059549 0.810853362653655 1.03138514802151 0.991189239760212 5.64058413398297
-9999 -9999 -9999 -9999 -9999 -9999 -9999 -9999 -9999 -9999 -9999 -9999 -9999 -9999 -9999 -9999 0.84176218905792 1.20580817264889 0.998120665083098 0.656162937992436 67.0893197216002 67.0893197216002 67.0893197216002 73.3187987766589 0.774793195383039 0.789779083879536 0.804317441014672 2.2613034280704 1.9805012235312 1.61224453565553 1.29060057679873 72.9057526072383 72.8934686933595 72.8154365312785 1.05413569110704 1.14868810040394 4.49407068012848 1.12148514221413 1.66663068051831 1.13825620074079 1.03669148564944 0.857597556705648 0.800306257968648 0.778594833802889 0.96247576576457 0.979167742618525
-9999 -9999 -9999 -9999 -9999 -9999 -9999 -9999 -9999 -9999 -9999 -9999 -9999 -9999 -9999 -9999 -9999 0.890919034947476 67.0893197216002 67.0893197216002 67.0893197216002 67.0893197216002 67.0893197216002 1.41429395529534 1.15601565737045 1.79255026747632 1.23023446672735 1.97723301476499 1.02292974035771 1.09411463881497 0.954979258363895 0.968727484457728 2.10095351536947 72.2514341996661 1.01850421207149 1.6157686312293 5.21069654317824 1.62405886973495 1.11024220237689 1.05478475461602 0.846515933568151 0.818519969025817 1.40373584082137 2.05475018791463 1.00435741983975 0.796656978026401
-9999 -9999 -9999 -9999 -9999 -9999 -9999 -9999 -9999 -9999 -9999 -9999 -9999 -9999 -9999 0.717964469561758 0.624513603223334 67.0893197216002 67.0893197216002 67.0893197216002 67.0893197216002 67.0893197216002 67.0893197216002 67.0893197216002 4.99263894376325 4.1091273505889 3.78581850419094 1.45537072659281 1.28619307232841 0.701318899141128 0.935031837699246 0.955608150902669 0.969811588653033 2.39837239240116 72.2092884095138 5.29962974018525 1.04244325119799 0.954836725281623 0.983953601946367 2.27165098333592 1.5184054936911 0.817780783222979 3.3797952828992 2.29086649182832 0.852730083222527 1.21108879756518
-9999 -9999 -9999 -9999 -9999 -9999 -9999 -9999 -9999 -9999 -9999 -9999 -9999 -9999 -9999 0.944194043301636 67.0893197216002 67.0893197216002 67.0893197216002 67.0893197216002 67.0893197216002 67.0893197216002 67.0893197216002 67.0893197216002 1.36312005494414 0.96491109667752 0.985199363886496 2.37728611483193 0.980113751388889 1.35299064101051 0.928470305253287 0.940821996768111 0.96284741856757 71.6989560841864 4.11949182771245 3.63629553088169 3.42578391762298 3.04509564648531 2.5990865490458 1.22457415483361 1.24532169370867 0.859289485045404 4.03546534462966 1.45630354096228 0.842961360246322 0.871311030919542
-9999 -9999 -9999 -9999 -9999 -9999 -9999 -9999 -9999 -9999 -9999 -9999 -9999 -9999 -9999 67.0893197216002 67.0893197216002 67.0893197216002 67.0893197216002 67.0893197216002 67.0893197216002 67.0893197216002 67.0893197216002 1.13658402952843 2.83327057967674 1.02056776033941 1.03430515387659 2.07301730504372 0.868701446842785 2.21380047002328 1.31641659341601 1.36174229454542 0.948717183967606 71.4247549634393 71.4320776374945 1.49520252516703 1.03580830560957 0.927929650689802 0.953320082018413 1.86646448656307 1.68723304032507 5.07555176374769 0.917370105615094 1.94599005254227 1.42103787071574 1.13902358190215
-9999 -9999 -9999 -9999 -9999 -9999 -9999 -9999 -9999 -9999 -9999 -9999 -9999 -9999 -9999 67.0893197216002 67.0893197216002 67.0893197216002 67.0893197216002 67.0893197216002 67.0893197216002 67.0893197216002 67.0893197216002 0.66548743833145 2.10679301439442 1.0236874486852 0.927704455083997 0.897584089673918 0.917721317997623 0.891405937636333 2.88174145840028 71.4081390451696 71.4081390451696 71.4081390451696 0.894082776062951 0.918440022631406 1.0474154136014 1.87220754573457 2.58297650128854 7.39749500138609 6.80840499301946 3.61276000487027 0.991184461855243 2.21639139186454 67.1689197314959 67.1689197314959
-9999 -9999 -9999 -9999 -9999 -9999 -9999 -9999 -9999 -9999 -9999 -9999 -9999 -9999 67.0893197216002 67.0893197216002 67.0893197216002 67.0893197216002 67.0893197216002 67.0893197216002 67.0893197216002 67.0893197216002 2.22888872795339 1.72742204558744 1.92911791536978 1.66684696805053 0.904185185966528 1.98910447233604 0.883393791819237 0.794607648310357 1.22969352627923 71.4081390451696 71.4081390451696 71.4081390451696 9.19523130241915 1.33880903863272 0.905537507509283 1.19843380539511 8.28555109886735 1.06822542778444 1.03440528563995 2.98844058387716 2.66558664946214 0.882303998465854 67.1689197314959 67.1689197314959
-9999 -9999 -9999 -9999 -9999 -9999 -9999 -9999 -9999 -9999 -9999 67.0893197216002 67.0893197216002 67.0893197216002 67.0893197216002 67.0893197216002 67.0893197216002 67.0893197216002 67.0893197216002 67.0893197216002 67.0893197216002 1.01139644112414 1.00493835821008 0.887827798397341 0.932500310422168 1.34743077300954 0.912830383076888 2.22718605590721 0.826667658825143 0.647734116207472 1.31254172278492 71.4081390451696 71.4081390451696 71.4081390451696 67.1689197314959 8.85773509086784 8.67536469795212 8.554073744971 67.1689197314959 67.1689197314959 67.1689197314959 67.1689197314959 67.1689197314959 67.1689197314959 67.1689197314959 67.1689197314959
-9999 -9999 -9999 -9999 -9999 -9999 -9999 -9999 -9999 -9999 1.23053049135728 67.0893197216002 67.0893197216002 67.0893197216002 67.0893197216002 67.0893197216002 67.0893197216002 67.0893197216002 67.0893197216002 67.0893197216002 1.20070633037023 0.817318518649937 0.845493909276383 1.27489599931246 0.930487193804843 0.865645047614768 1.42417852089085 2.93998931038323 1.21652651615446 0.471675881415244 16.0648380207453 1.6258921648288 0.915573759982015 1.87570602175548 67.1689197314959 67.1689197314959 67.1689197314959 67.1689197314959 67.1689197314959 67.1689197314959 67.1689197314959 67.1689197314959 67.1689197314959 67.1689197314959 67.1689197314959 67.1689197314959
-9999 -9999 -9999 -9999 -9999 -9999 -9999 -9999 -9999 -9999 67.0893197216002 67.0893197216002 67.0893197216002 67.0893197216002 67.0893197216002 67.0893197216002 67.0893197216002 67.0893197216002 0.773135670961768 2.67818257142133 0.860062652104012 0.862861068170609 0.951736676307228 0.933403013658388 2.28602692620132 1.4297511504376 3.35317062459204 3.1293658673485 13.8844675354404 15.979385620257 6.63939066547199 0.99361314623935 0.998868089143356 0.975530733295608 1.69574055323319 1.29272577333497 67.1689197314959 67.1689197314959 67.1689197314959 67.1689197314959 67.1689197314959 67.1689197314959 67.1689197314959 67.1689197314959 67.1689197314959 67.1689197314959
-9999 -9999 -9999 -9999 -9999 -9999 -9999 -9999 -9999 1.13375376411341 67.0893197216002 67.0893197216002 67.0893197216002 67.0893197216002 67.0893197216002 67.0893197216002 67.0893197216002 1.70363108322638 0.876475604018075 2.4775282900632 1.89985799889744 1.33021218887743 0.867570549978607 0.936309607339159 7.7716743193279 8.14659050021397 3.55926272304288 13.7130243480281 0.780902522645451 0.754073846904356 0.863070657052861 6.33500135429015 1.05783641668227 1.09228905037689 1.03591847061092 1.00259851107523 67.1689197314959 67.1689197314959 67.1689197314959 0.913928224151538 67.1689197314959 67.1689197314959 67.1689197314959 67.1689197314959 67.1689197314959 67.1689197314959
-9999 -9999 -9999 -9999 -9999 -9999 -9999 -9999 -9999 1.09154264738303 67.0893197216002 67.0893197216002 67.0893197216002 67.0893197216002 67.0893197216002 67.0893197216002 0.948566580210042 1.27007103682323 0.689104731292437 0.699161076825252 0.750488288893981 0.688067736576024 6.58332838836639 7.16712107812941 1.76847048398176 0.803564496779935 9.39397911975968 0.761054021820623 9.05486778563992 3.20491372631928 1.04569369477594 0.84202212836683 6.24206247282074 1.57068965513397 1.08716572910128 0.966423441325915 3.20611660032412 0.986213349033621 0.804962992027318 7.75669851439727 67.1689197314959 67.1689197314959 0.0748172231038577 67.1689197314959 67.1689197314959 67.1689197314959
-9999 -9999 -9999 -9999 -9999 -9999 1.34321444505892 1.79394655749379 1.17216089797714 0.731178641490766 12.306634459596 67.0893197216002 67.0893197216002 67.0893197216002 67.0893197216002 0.960590755513969 0.973063079994482 0.801760204585038 0.821543008880081 0.674278468854985 2.6754972573037 6.06964816562291 1.03931871678278 0.806252184752105 0.780678401738911 1.34287545619191 1.45751711408744 0.955674602785525 7.98904258256809 0.996745305917318 2.81342010585 0.974463944909715 1.79709215341249 5.17002124174813 0.943857791483062 1.01904755360336 1.4306226466662 2.23468893348317 1.01683024535952 7.75669851439727 1.11226312430994 63.5444306784305 3.63729039578065 1.14464939817373 67.1689197314959 67.1689197314959
-9999 -9999 -9999 -9999 -9999 -9999 1.90564573291813 2.20311165947747 0.769055984958342 12.2454807409329 0.687297213330112 67.0893197216002 67.0893197216002 67.0893197216002 67.0893197216002 5.02681070058118 4.60491970785756 4.31209279499039 3.75443694771878 3.46225804982143 2.13554952388708 0.820490410275132 5.13702807109309 4.62164767031114 0.76019604199161 0.791578784974031 0.974940307033058 1.96213640583494 7.50058841212102 0.660196485372659 2.41425132698773 0.966534635515213 1.3943363398043 0.942904543599548 4.67785113750316 0.994303738162408 0.998097144997611 1.92751850085136 1.11916811595093 7.42143938990641 1.19942340149346 63.1694072278408 1.70375686037261 3.15097982037304 1.0649272970502 1.63366658943724
-9999 -9999 -9999 -9999 -9999 0.850147372705592 1.07083491052214 2.09737660426588 12.1340134506728 0.484020472809604 0.420257407918755 67.0893197216002 67.0893197216002 67.0893197216002 0.936381295396792 1.96076774729236 0.721960814563762 1.19221733294546 1.09113343994323 3.28705456992748 0.693459482371664 1.80989657068681 1.50530908825971 4.31859886900929 1.00520543403859 0.805343790441056 0.762462512775684 1.38528080769544 1.79746311905747 7.12333554262928 1.06081581876436 1.66663409376202 0.948158954217783 0.948458711691981 3.35766385298376 2.57133915612185 0.981524566837889 1.08662722694844 1.64548528168944 7.17104298622725 1.18798162951796 63.0933878165743 1.1556976159692 2.56732993266031 1.03985803521578 1.08952250999653
-9999 -9999 0.497943059170042 1.06653872566293 0.748043922649975 0.581651696821733 0.561485992365532 1.38706899090024 11.4283051533431 0.39689128335736 1.86532417418266 1.92847638508935 7.50794569256758 0.862919377312649 0.969923154345243 1.40668194339057 0.923030590910734 0.806058017749891 0.690619722120491 3.1722007056323 0.593867970817938 1.49467020969549 0.916807323040897 1.98235397816314 3.91625147143952 1.22220991254288 0.851507683493233 0.820158432165285 1.64988954708778 7.04408174391469 6.57418082440979 0.769481794244666 0.978512547091912 0.997875321780708 3.0183802079899 0.770948276814766 1.77239691998062 1.05574571306284 1.27734533436162 6.413790454431 1.19345110481772 62.9894168704626 1.11145155561566 1.10042363907245 1.45117227894235 1.01588013778192
-9999 0.88188084741239 1.78821981604569 0.825726977637276 0.384862924807135 0.747536885877098 11.1204555765071 11.2167240226965 0.465144244347013 0.370946108924632 1.77607333725651 0.897251291604278 2.51377819498122 6.71508214021318 6.05696453514225 0.993534652232149 1.28806990546958 0.803160068808494 1.57928366555298 2.41736190903499 1.18667477135356 0.850378717944845 0.878273522844619 1.6560916204518 0.715704457436105 2.46773142378578 0.647281595241214 0.568478048149488 1.02925864831845 0.984765038646158 1.89178941072391 6.49511498850967 1.82166007780945 0.798576344202748 2.86837821250055 0.859319726538013 1.48782799703627 0.979302579765043 1.19294073004821 6.01899856006711 0.88240472991934 62.8729457765904 1.05130839822498 1.03248092565095 0.727801871996105 1.86678343910194
-9999 0.822567215503284 1.10212244495274 10.6412073073615 10.6982529580106 10.9928368844685 0.76591736005858 0.985464253918881 1.02575190357175 1.65272579206355 0.907290180510298 1.92240969580012 1.08176768798126 2.20207168759151 1.01014726004314 5.63638517274794 3.924250403148 0.791382017293417 0.927956135509235 0.819865991860124 1.83258817098233 0.84976100197003 0.840923670016729 1.43922010903336 0.712469634003163 2.22967012345373 1.96319991240862 1.52870941406082 0.590271537537509 0.585590213949537 1.33780448696171 0.937615005852058 5.8923997302485 0.79716906040659 0.846790903400696 2.50506446848173 0.893356055794484 0.832888059188692 3.91803739373631 4.11819515559715 0.86433773033547 0.894783837815144 62.8032297787922 3.51877546104222 0.976572469822193 1.47907360956368
