Model input/Uganda/rivergeometry/river_width_1aug.asc
NCOLS 67 
NROWS 67 
XLLCORNER 29.500000001 
YLLCORNER -1.499999999 
CELLSIZE 0.0833333332985075 
NODATA_value -9999 
[rows 20 to 39 of 67, columns 0 to 45 of 67]
-9999 -9999 -9999 -9999 -9999 -9999 -9999 -9999 -9999 -9999 -9999 -9999 -9999 -9999 -9999 1.52794936108913 0.890244592448277 0.954791048117084 1.26681158422435 1.15196534243935 0.981621061185445 1.28164095376818 1.81935320017073 2.36112157843187 3.19282039873586 2.8748358513614 1.02421594067702 1.44458371830302 71.0635470691729 4.07830447685337 0.855778284985658 0.888576093407061 1.28186495917944 1.29123580288373 6.53536730424379 6.38085836952608 2.42006208994752 1.26170969916328 0.86254023180622 1.04628316818493 1.18858306376233 1.22746361989693 1.46197101444562 1.56078054845284 6.45502846638735 0.743543485839738
-9999 -9999 -9999 -9999 -9999 -9999 -9999 -9999 -9999 -9999 -9999 -9999 -9999 -9999 -9999 0.818723880042561 0.873849241866405 0.841078795798382 0.70445166279856 0.90540925364348 1.29428494416207 0.817178394886228 2.1977605861185 0.852235062439604 71.3129277091552 71.3024820337426 71.2703313461549 71.113172073962 1.22945853127754 70.8119196357867 70.7943886061522 1.00633666727761 1.77015180092227 1.19910613289075 6.97674998877964 0.892009176831246 1.23039008988994 4.00981813910344 3.23889196441607 2.80278526060975 2.20754091484343 0.926929282629477 0.892152364046545 1.12422195001966 1.06144665481619 5.86600525952447
-9999 -9999 -9999 -9999 -9999 -9999 -9999 -9999 -9999 -9999 -9999 -9999 -9999 -9999 -9999 -9999 0.864065505433981 1.23410462861742 1.04452417410287 0.71704172356514 68.7428806576426 68.7428806576426 68.7428806576426 71.3282921598296 0.875706549088007 0.906393891512687 0.997582253519828 2.58090305642046 2.23255148009791 1.77039140343021 1.3897452771606 70.7185013212559 70.6954944757018 70.5942204991362 1.14233314933963 1.21729479966801 4.65636389740106 1.13294084384141 1.75291852564054 1.2125324894836 1.13806970615124 0.938561846378079 0.879411429653303 0.872711968751335 1.05081339462224 1.04421970166147
-9999 -9999 -9999 -9999 -9999 -9999 -9999 -9999 -9999 -9999 -9999 -9999 -9999 -9999 -9999 -9999 -9999 0.942916226541988 68.7428806576426 68.7428806576426 68.7428806576426 68.7428806576426 68.7428806576426 1.56187871881818 1.28664281940411 2.06805852941482 1.45780568717783 2.30463259324957 1.2147477558297 1.19229480343778 1.03443558229269 1.04628531923099 2.25860694041759 69.9142988239304 1.08250572716987 1.67426907246275 5.42158891388688 1.74343317314574 1.19140377473415 1.09078862134595 0.917855312425172 0.885502448502704 1.50833972343328 2.22780434377119 1.07548338859915 0.852053371777146
-9999 -9999 -9999 -9999 -9999 -9999 -9999 -9999 -9999 -9999 -9999 -9999 -9999 -9999 -9999 0.722840638277648 0.638063248338096 68.7428806576426 68.7428806576426 68.7428806576426 68.7428806576426 68.7428806576426 68.7428806576426 68.7428806576426 5.5695640538613 4.60081838503043 4.24820406051463 1.64093326961599 1.4558841746799 0.75905019988515 1.0112609745633 1.02966235822679 1.04366704336411 2.56089690914677 69.856936077443 5.50957287808721 1.12411742796115 1.00364319432157 0.995054775436563 2.39007457338925 1.63099944714239 0.875367363903663 3.62394833845457 2.46852282622069 0.895674336975033 1.28233709115152
-9999 -9999 -9999 -9999 -9999 -9999 -9999 -9999 -9999 -9999 -9999 -9999 -9999 -9999 -9999 0.954445410564596 68.7428806576426 68.7428806576426 68.7428806576426 68.7428806576426 68.7428806576426 68.7428806576426 68.7428806576426 68.7428806576426 1.44456204698246 1.03135186365539 1.11545759675222 2.59864270312383 1.08144292013323 1.45328652340041 0.998000636758916 1.01047953835903 1.02865549141853 69.2802518806531 4.26322922731351 3.75366608725917 3.54238299374334 3.15551037921857 2.71808486712924 1.29409557892819 1.31152464501549 0.889862606207607 4.28571852932487 1.52309734291961 0.872429290740954 0.912295792846722
-9999 -9999 -9999 -9999 -9999 -9999 -9999 -9999 -9999 -9999 -9999 -9999 -9999 -9999 -9999 68.7428806576426 68.7428806576426 68.7428806576426 68.7428806576426 68.7428806576426 68.7428806576426 68.7428806576426 68.7428806576426 1.1755048272842 2.96181326654855 1.13598000659816 1.15739154105723 2.23894407548292 0.925164165814851 2.35826619640828 1.41130162430354 1.4550786712796 1.01136672529404 68.9509398875321 68.9779031371643 1.58803592908701 1.11137369246404 0.990910513928489 1.01792653911562 2.04828935443543 1.81498265836121 5.43024628051968 0.982543058878123 2.01811774099568 1.48272268835721 1.21751851559532
-9999 -9999 -9999 -9999 -9999 -9999 -9999 -9999 -9999 -9999 -9999 -9999 -9999 -9999 -9999 68.7428806576426 68.7428806576426 68.7428806576426 68.7428806576426 68.7428806576426 68.7428806576426 68.7428806576426 68.7428806576426 0.697681321077652 2.16230241361672 1.07495663172834 0.977345051277482 0.94890595604118 0.968883082773917 0.948576327480802 3.06813436179469 68.9292888230947 68.9292888230947 68.9292888230947 0.950233739090163 0.974274956321817 1.10903407268109 1.97865613297123 2.82636532047337 7.91112427741386 7.26899375952273 3.82178712832221 1.09245237146124 2.27623240009451 64.4224288063885 64.4224288063885
-9999 -9999 -9999 -9999 -9999 -9999 -9999 -9999 -9999 -9999 -9999 -9999 -9999 -9999 68.7428806576426 68.7428806576426 68.7428806576426 68.7428806576426 68.7428806576426 68.7428806576426 68.7428806576426 68.7428806576426 2.24099656705924 1.73509433759359 1.97104588910979 1.70547774381715 0.948787976995733 2.079886441284 0.927359426681936 0.834746250564008 1.29724707202924 68.9292888230947 68.9292888230947 68.9292888230947 9.90747843169261 1.54769534841903 1.01807107534005 1.46936030835011 8.91526458795959 1.19364028689837 1.07525456433085 3.07332861659807 2.74736965344471 0.929777413035741 64.4224288063885 64.4224288063885
-9999 -9999 -9999 -9999 -9999 -9999 -9999 -9999 -9999 -9999 -9999 68.7428806576426 68.7428806576426 68.7428806576426 68.7428806576426 68.7428806576426 68.7428806576426 68.7428806576426 68.7428806576426 68.7428806576426 68.7428806576426 1.02453527730652 1.01354603494217 0.871372013028187 0.920641340942397 1.37359278891198 0.92230861045107 2.31220210211336 0.871131823394733 0.675708327045004 1.36255666415618 68.9292888230947 68.9292888230947 68.9292888230947 64.4224288063885 9.55463917625583 9.3770194735599 9.24026549573778 64.4224288063885 64.4224288063885 64.4224288063885 64.4224288063885 64.4224288063885 64.4224288063885 64.4224288063885 64.4224288063885
-9999 -9999 -9999 -9999 -9999 -9999 -9999 -9999 -9999 -9999 1.22707806850583 68.7428806576426 68.7428806576426 68.7428806576426 68.7428806576426 68.7428806576426 68.7428806576426 68.7428806576426 68.7428806576426 68.7428806576426 1.20813023370742 0.817953473499304 0.824739682508615 1.24614185606914 0.911852705982355 0.846250916099934 1.41880475366009 3.00866465312238 1.27205155609827 0.505425395716952 15.8417447170944 1.67613588142273 0.956120045398534 1.90919523056737 64.4224288063885 64.4224288063885 64.4224288063885 64.4224288063885 64.4224288063885 64.4224288063885 64.4224288063885 64.4224288063885 64.4224288063885 64.4224288063885 64.4224288063885 64.4224288063885
-9999 -9999 -9999 -9999 -9999 -9999 -9999 -9999 -9999 -9999 68.7428806576426 68.7428806576426 68.7428806576426 68.7428806576426 68.7428806576426 68.7428806576426 68.7428806576426 68.7428806576426 0.759865619870347 2.71490654233295 0.872981465562197 0.870487333988688 0.92977731249106 0.914513249601892 2.24342395135368 1.40083517972225 3.41770532949427 3.2035814895465 13.8268879378318 15.7986465056346 6.50450018930313 1.0353298470275 1.03367402624099 1.00406836372351 1.7355844430943 1.31174993482675 64.4224288063885 64.4224288063885 64.4224288063885 64.4224288063885 64.4224288063885 64.4224288063885 64.4224288063885 64.4224288063885 64.4224288063885 64.4224288063885
-9999 -9999 -9999 -9999 -9999 -9999 -9999 -9999 -9999 1.13068893293589 68.7428806576426 68.7428806576426 68.7428806576426 68.7428806576426 68.7428806576426 68.7428806576426 68.7428806576426 1.70666258582369 0.900001118609767 2.51559102564167 1.91600687984464 1.33671685092257 0.894630410980123 0.980291914809604 8.01311493217607 8.34557674167984 3.6229040679968 13.6815597002843 0.806370789652319 0.783493412747713 0.888962062055039 6.19710989382795 1.08920002572422 1.11943349117629 1.06359760077879 1.0275274059415 64.4224288063885 64.4224288063885 64.4224288063885 0.905751882034679 64.4224288063885 64.4224288063885 64.4224288063885 64.4224288063885 64.4224288063885 64.4224288063885
-9999 -9999 -9999 -9999 -9999 -9999 -9999 -9999 -9999 1.08888398306443 68.7428806576426 68.7428806576426 68.7428806576426 68.7428806576426 68.7428806576426 68.7428806576426 0.955592558033625 1.27333676912969 0.699118348836908 0.714823480613589 0.785350360842536 0.748417352282131 6.89798592547617 7.46946905166635 1.84950201844494 0.825850672233389 9.58530209253835 0.793552395560976 8.8883357800624 3.24570698978161 1.09296661979833 0.863229275427699 6.12276535934306 1.59882787873689 1.10907033922818 0.980312448223996 3.20317761241243 0.993503749228594 0.802236539200849 7.52702577042937 64.4224288063885 64.4224288063885 0.00392151604102303 64.4224288063885 64.4224288063885 64.4224288063885
-9999 -9999 -9999 -9999 -9999 -9999 1.31797133236898 1.77189771185465 1.1618469655057 0.728877595425345 9.61998344115314 68.7428806576426 68.7428806576426 68.7428806576426 68.7428806576426 0.950465843219706 0.982787497111041 0.803700888357805 0.821732873537252 0.647074137827884 2.91468582981195 6.41299989823936 1.02725422841777 0.813643157604289 0.801583189832373 1.41173516895083 1.5059326229128 0.990610119785855 7.79174830979709 1.0430074826301 2.85271756434 1.00497493562435 1.8071405294717 5.0293784811626 0.952808224135823 1.02928619064005 1.44520839274754 2.22680507845369 1.01845464867569 7.52702577042937 1.10182125685541 57.9242647393149 3.55386701279594 1.1312648793891 64.4224288063885 64.4224288063885
-9999 -9999 -9999 -9999 -9999 -9999 1.87675309212083 2.17451081148531 0.763763571092559 9.57155701671949 0.683762746390698 68.7428806576426 68.7428806576426 68.7428806576426 68.7428806576426 5.60363204754204 5.22980018284944 4.99976852815658 4.52402667492226 4.31174924154269 2.46630796403076 0.810913926416199 5.42136964745901 4.88214115513262 0.790832993439207 0.857726747822911 1.00605410726804 2.05389811402603 7.27138164178398 0.689048524755747 2.45445497284773 0.994128623460225 1.39599681824695 0.943355868929246 4.54404730850516 0.993540661060731 0.996883290235493 1.92795864769933 1.12670089506344 7.19536129795724 1.18839634353701 57.5209941785458 1.68236185486328 3.09724803609375 1.05236513839583 1.620885895175
-9999 -9999 -9999 -9999 -9999 0.833619832492064 1.05392138943424 2.06862823436316 9.47530583467103 0.490613729826188 0.416902535592947 68.7428806576426 68.7428806576426 68.7428806576426 0.975721899043476 2.18923354268976 0.750568789459136 1.22568696057632 1.10971354233529 4.20911093388678 0.692982380690095 2.20615216543117 1.72721365604063 4.61834010455309 1.02228268449046 0.872029155155001 0.813676781119099 1.44648645801169 1.8180416410322 6.89747056435575 1.0954098425215 1.69039441822459 0.967938580242925 0.961187790328237 3.25596353378213 2.52529174483349 0.976960150408925 1.09513450734228 1.65245069766633 6.94725714809051 1.18429767356769 57.4301305166158 1.14906979108573 2.53089560555955 1.03014911835772 1.08637455331425
-9999 -9999 0.488305638358 1.04505668221475 0.731363908709864 0.576130814670662 0.556658321385215 1.36850524195223 8.66331060220704 0.431939302613955 1.87233212397439 1.92777005529333 8.24657615182735 0.900961743413896 1.0784751850922 1.60013923375355 1.07617795327121 0.88108920733633 0.736472007279097 4.15784488863478 0.684307183935609 1.97530675708673 1.23894988506037 2.45758989341194 4.26698235339556 1.234649247076 0.865308265376353 0.855938782631666 1.66925786569932 6.83043394030882 6.37273376780739 0.792599027459391 1.00126785895811 1.0026594912766 2.91435984564754 0.751774076114213 1.7407274939579 1.05977081398224 1.2588582614155 6.18812963207741 1.18769064879269 57.3132063004413 1.10929604451183 1.09553793692236 1.41975942759666 1.00901867180334
-9999 0.865703633249739 1.75861619657793 0.816177141736574 0.378105363612269 0.741603986621122 8.28076086195337 8.39974893520826 0.49783842727423 0.417159763995132 1.78684119820728 0.896122998145305 2.493304313639 7.53533365094837 6.99899691163645 1.12114755197466 1.56126982444355 0.997655693367851 2.08116635738034 3.28539786710768 1.58193659279924 1.12554596193691 1.24217449499848 2.13526013194665 0.863582696626052 2.5046783735709 0.639020272779571 0.56086942723116 1.03813469251324 0.994056740209651 1.88330063747853 6.29502907107801 1.81348348487721 0.795044286973114 2.77632923130865 0.843048803348005 1.46653122375017 0.97123070186802 1.16676864223326 5.79536044899727 0.873123588169572 57.1861417788119 1.03926561932933 1.02531143653163 0.696831372640117 1.85432034865712
-9999 0.809840621575478 1.08371346745242 7.6496400286439 7.71604642007769 8.12049569939403 0.817242234200134 1.02346734653355 1.04294673443954 1.65908881014838 0.9050062740797 1.89770845068541 1.04874843086164 2.20451468371898 1.03019137624421 6.63625143917371 4.87215810625183 0.985596773690183 1.26148861025872 1.17615649265789 2.57627265057031 1.19229987724407 1.14152504899701 1.82077630083743 0.907085939060353 2.28897429021579 2.05144340473685 1.52081428081267 0.58295902865924 0.580807640119823 1.31036765711702 0.942964050833789 5.69361100285213 0.78786781549692 0.835017727463628 2.42805645231123 0.882339114006818 0.82477150794797 3.81314968153476 3.92471944099837 0.836670267165754 0.886272098355484 57.110837071586 3.48536705487632 0.980214019686094 1.46761246561103
