Model input/Uganda/rivergeometry/river_depth_1oct.asc
NCOLS 67 
NROWS 67 
XLLCORNER 29.500000001 
YLLCORNER -1.499999999 
CELLSIZE 0.0833333332985075 
NODATA_value -9999 
[rows 0 to 19 of 67, columns 0 to 44 of 67]
-9999.000000000000000 -9999 -9999 -9999 -9999 -9999 -9999 -9999 -9999 -9999 -9999 -9999 -9999 -9999 -9999 -9999 -9999 -9999 -9999 -9999 -9999 -9999 -9999 -9999 -9999 -9999 -9999 -9999 -9999 -9999 -9999 0.261314276127858 0.260557308555356 -9999 -9999 -9999 -9999 -9999 -9999 -9999 -9999 -9999 -9999 -9999 -9999
-9999 -9999 -9999 -9999 -9999 -9999 -9999 -9999 -9999 -9999 -9999 -9999 -9999 -9999 -9999 -9999 -9999 -9999 -9999 -9999 -9999 -9999 -9999 -9999 -9999 -9999 -9999 -9999 -9999 0.267981937821185 0.323746278674926 0.252731261617826 0.372562401717561 0.253963365146786 0.256614425787139 0.254662133164962 0.304881506937819 0.29200394987017 0.233478296437293 0.245799484618747 -9999 -9999 -9999 -9999 -9999
-9999 -9999 -9999 -9999 -9999 -9999 -9999 -9999 -9999 -9999 -9999 -9999 -9999 -9999 -9999 -9999 -9999 -9999 -9999 -9999 -9999 -9999 -9999 -9999 -9999 -9999 -9999 -9999 -9999 0.438489155075697 0.23768204873514 0.404967475704197 0.800017213653271 0.772199963779481 0.249798021444255 0.705764075955225 0.667651549745187 0.60305522562111 0.468965917107977 0.384104123514287 0.249940893223217 0.27957054183994 0.283325080277272 -9999 -9999
-9999 -9999 -9999 -9999 -9999 -9999 -9999 -9999 -9999 -9999 -9999 -9999 -9999 -9999 -9999 -9999 -9999 -9999 -9999 -9999 -9999 -9999 -9999 -9999 -9999 0.293387889259166 -9999 -9999 -9999 0.465849254852836 0.232129497024911 0.850352406577792 0.249577121441447 0.248646162014711 0.753488857858727 0.334695268526843 0.274817187504924 0.277847112551385 0.38945098347198 0.307645856240869 0.280590216047508 0.296950520966303 0.395983895543993 -9999 -9999
-9999 -9999 -9999 -9999 -9999 -9999 -9999 -9999 -9999 -9999 -9999 -9999 -9999 -9999 -9999 -9999 -9999 -9999 -9999 -9999 -9999 -9999 0.294712566157929 -9999 -9999 0.365163226619654 -9999 -9999 -9999 4.40561993310614 2.01442178878259 1.9453565959441 0.429903066590363 0.380124114010832 0.300500042888565 0.25530621817738 0.28148088142867 0.397835440314345 0.342511342236756 0.273645688421012 0.410147427717745 0.259157642640952 0.458197932150388 0.246738492307747 -9999
-9999 -9999 -9999 -9999 -9999 -9999 -9999 -9999 -9999 -9999 -9999 -9999 -9999 -9999 -9999 -9999 -9999 -9999 -9999 -9999 -9999 0.376960021069736 0.433293401667567 0.370981230473388 0.414386954859737 0.274577535377958 4.20704859619811 4.20704859619811 4.24985736156198 4.24985736156198 0.25478340556112 1.93559751852797 0.901819276202617 0.8650415320927 0.300967441230067 0.538238118469194 0.502028880176347 0.333186130166689 0.282349123359554 0.276615192668548 0.266886569846103 0.47159018195798 0.502623502533948 0.250313349126551 -9999
-9999 -9999 -9999 -9999 -9999 -9999 -9999 -9999 -9999 -9999 -9999 -9999 -9999 -9999 -9999 -9999 -9999 -9999 -9999 0.329239960185239 0.647202737789416 0.691421986205926 0.81153665871003 0.863488585257859 0.523951296587576 0.230271271390746 4.20704859619811 4.20704859619811 4.24985736156198 4.24985736156198 1.22426795944981 0.264163757518454 1.8607012678175 0.39678009993237 0.851506124669583 0.665608348777771 0.635202269085069 0.504945145103628 0.286378570715132 0.352137315814886 0.397862994746646 0.53169393412318 0.670209978054355 0.231550759697375 -9999
-9999 -9999 -9999 -9999 -9999 -9999 -9999 -9999 -9999 -9999 -9999 -9999 -9999 -9999 -9999 -9999 -9999 0.406779736085625 0.474797502980264 0.563203001116095 0.305119615114858 0.375117383883487 0.382518771589141 0.870149558986807 0.226889475042324 0.556723914423667 4.20632568665363 0.291480323554897 0.460200997350296 0.502546545450641 0.981777444604798 0.931477286237993 1.85786475129252 0.283708494790337 0.34396286328908 0.440840358134544 0.430860970706459 0.340008872938521 0.279603834743574 0.269838481950799 0.466848270563088 0.250239985818525 0.70653139862723 0.243546512347041 0.235236740305678
-9999 -9999 -9999 -9999 -9999 -9999 -9999 -9999 -9999 -9999 -9999 -9999 -9999 -9999 -9999 -9999 -9999 0.408170841020704 0.330115084409161 0.315478888612661 0.309803449101306 0.429475795123797 0.475857021776004 0.960742197763131 0.975637490965941 4.20362813062742 0.327349197505242 0.330507256812703 0.415180564217535 0.478745668299759 0.96979483703688 0.916876046192024 0.34647069858313 1.85278904386499 0.41330415908568 0.354571468419561 0.352980977775549 0.348398923360991 0.353703658079786 0.27044933284683 0.26116742466836 1.12155384265654 0.249953712070513 0.352537225363205 0.243095020818335
-9999 -9999 -9999 -9999 -9999 -9999 -9999 -9999 -9999 -9999 -9999 -9999 -9999 -9999 -9999 -9999 -9999 0.486471209443417 0.533900252793363 0.63631954038833 0.378379159991035 0.481546964597532 0.462444071483569 0.252448551628292 4.18164929045174 0.344117759408053 0.516506288860971 0.300820062928326 0.419641913348813 0.678749437524117 0.910367299873579 0.348593763519133 0.880784069652081 1.85005823672301 1.83910639132859 0.297038310151769 0.35718141613433 0.557795976101357 0.333472273265584 0.357105657899571 1.15140611089314 1.12714726384207 0.954806655765624 0.403122757630559 0.245201092924567
-9999 -9999 -9999 -9999 -9999 -9999 -9999 -9999 -9999 -9999 -9999 -9999 -9999 -9999 -9999 -9999 0.354371461895476 0.443291155257662 0.711968269052089 0.875100531802964 0.961212894668951 0.969336279227957 1.03499045161831 0.509925390077901 4.18280748748872 0.690225154518796 0.357779078065248 0.356657889480304 0.468460587963048 0.546197735411319 0.696232373603504 0.358656525708479 0.83914010627772 0.355586789430607 0.304107663830583 1.83303401199009 0.584977295137065 0.350685138920295 1.21246607112324 1.20519183796159 0.346401413355882 0.272731266872753 0.265285195880929 0.909992582344356 0.859239884681263
-9999 -9999 -9999 -9999 -9999 -9999 -9999 -9999 -9999 -9999 -9999 -9999 -9999 -9999 -9999 -9999 0.342914769785602 0.612095650453554 0.337267712201351 0.427974253367833 0.397592759215551 0.284607409142268 0.261516981864813 4.17254105064916 0.386377274072991 0.653269758254204 0.605331699291763 0.370216615634067 0.377014462261219 0.4869723987834 0.616368097901128 0.661573268710761 0.788844913392981 0.362687482899951 0.375428624564724 1.53025985575517 1.28995147560427 1.2838960860318 0.625625056171635 0.284404481637369 0.475214882495373 0.436180245568957 0.261885994161048 0.443474906117834 0.259704293936002
-9999 -9999 -9999 -9999 -9999 -9999 -9999 -9999 -9999 -9999 -9999 -9999 -9999 -9999 -9999 0.31929784969815 0.512606393671341 0.357583189662659 0.440318558355957 0.623561869679331 0.319817721941112 0.387056164264483 4.1496710812299 4.1496710812299 0.37453706166813 0.384370266436288 0.381395770357811 0.383041295291347 0.380219133586766 0.438930014918094 0.381182618067559 0.496342733934813 0.707510165309395 0.29909635256104 0.311966372496502 0.502646020350839 1.49624692890885 0.27926671928341 0.350261075038039 0.55211181945008 0.285096192057344 0.347632795509704 0.26860021935319 0.377761315447737 0.244362326983882
-9999 -9999 -9999 -9999 -9999 -9999 -9999 -9999 -9999 -9999 -9999 -9999 -9999 -9999 -9999 -9999 0.370314101054944 0.347597055381519 0.440969936070415 0.400204579114053 0.64058038726831 0.264740247866011 4.1496710812299 4.1496710812299 0.490913102683225 0.39141822907406 0.500919144773852 0.396103134552707 0.386086363226258 0.297718059022154 0.306705776377907 0.414061459055666 0.688067488909205 0.48147288931624 0.309004336265919 0.31922541013487 1.49118523558896 0.298444918714412 0.294583058408317 0.523925768568944 0.345577831453341 0.281836497130243 0.274261378200956 0.335489210962938 0.246147463694409
-9999 -9999 -9999 -9999 -9999 -9999 -9999 -9999 -9999 -9999 -9999 -9999 -9999 -9999 -9999 -9999 -9999 0.336922322498592 0.475070717977771 0.594173375719106 0.610501115862805 0.819159067531882 4.13747401077028 0.554057797984083 0.489930353368928 0.571637328495067 0.39023942830137 0.536814154362402 0.324137933544251 0.314101244968742 0.320797774831221 0.330458972588726 0.562905089835553 0.422327055944103 0.335173512212368 0.325938586765131 0.549570505801778 1.45190291072146 0.320571134948919 0.304450676624516 1.00672905387917 0.274966513945622 0.382316622945776 0.305781888658283 0.915676779305546
-9999 -9999 -9999 -9999 -9999 -9999 -9999 -9999 -9999 -9999 -9999 -9999 -9999 -9999 -9999 -9999 0.376481544142125 0.445835660342748 0.353609081524522 0.465023737588284 0.497620117926573 0.516258309947627 4.12255927198443 0.332632068917853 0.857919608011316 0.83760925872242 0.649470203331784 0.386851002873516 0.295183538139305 0.449933817204182 0.45041054391985 0.310781900719419 0.333948238789115 0.472807558787813 0.378029869487272 0.416918089727451 0.465853691788724 0.450426853024655 1.42261944035344 1.04176558741817 0.414420266395579 0.998660892549567 0.95856269088765 0.939481567853075 0.298629667533211
-9999 -9999 -9999 -9999 -9999 -9999 -9999 -9999 -9999 -9999 -9999 -9999 -9999 -9999 -9999 -9999 0.366414682721949 0.626598266654646 0.7279842345913 0.362494137162379 0.959790268142023 1.05122824992381 1.05238578688592 4.12382443350806 0.339364761359561 0.365739474443588 0.372562552283048 0.377209404415201 0.639978610242354 0.594913440513938 0.299824503800386 0.305770131024908 0.369767051208904 0.350501571312026 0.432502097175153 0.330847640852428 0.318729373942703 0.296686258498712 0.509328191596414 1.15182581490168 0.287822753084282 0.334593788823583 0.25591000890597 0.247699400418248 0.24784293827069
-9999 -9999 -9999 -9999 -9999 -9999 -9999 -9999 -9999 -9999 -9999 -9999 -9999 -9999 -9999 0.350993267965343 0.543056039879458 0.308854296497183 0.714564608968922 0.931211874210412 0.632830244882591 0.28142080065806 0.295347630232114 4.08356228591399 0.891313735329547 0.83139568543806 0.779596934815709 0.715894915095179 0.679586527631782 0.284069268034271 0.391729196944292 0.322027904096678 0.310568694244855 0.586392568970195 0.310884491464581 0.401616610578048 0.303510592463811 0.427340809813322 0.469259300037283 1.14389066089221 1.13730298289329 0.250192791465638 0.251362436202629 0.254603766487849 0.305974340224032
-9999 -9999 -9999 -9999 -9999 -9999 -9999 -9999 -9999 -9999 -9999 -9999 -9999 -9999 -9999 0.309661930698751 0.48462802512323 0.304396704631444 0.643729100641249 0.396397435892724 0.612596966725571 0.284486944313251 0.410261820758864 4.08415240386936 0.323261270109519 0.339973350852676 0.353908090959389 0.414949896589376 0.280557269213675 0.281920377697226 0.494770765352867 0.315278072938134 0.322654141226987 0.40860046952971 0.693381411635213 0.309779493597323 0.31779763197449 0.295772774141684 0.28868778266369 0.367836073451709 0.52761009852447 1.07474624512441 0.238835927341413 0.432180353435086 0.359542102044195
-9999 -9999 -9999 -9999 -9999 -9999 -9999 -9999 -9999 -9999 -9999 -9999 -9999 -9999 -9999 0.292154075532609 0.508924716976538 0.618968680958773 0.295386732553402 0.481145198324978 0.286891953537295 0.263504022851058 0.275248253294882 0.299547114267252 4.06712597895725 0.320248185386569 0.586105190289253 0.347003185989394 0.280927908098406 0.689103310132777 0.53697720195771 0.472141108182995 0.360910910774917 0.47676449774957 0.787651639267589 0.417863108901445 0.420554342303028 0.367052285610049 0.286416059701364 0.283018728411182 0.392671084039355 0.321825822318878 1.05714974408312 0.97228753215309 0.351102525027827
