Model input/Uganda/rivergeometry/river_depth_1jun.asc
NCOLS 67 
NROWS 67 
XLLCORNER 29.500000001 
YLLCORNER -1.499999999 
CELLSIZE 0.0833333332985075 
NODATA_value -9999 
[rows 0 to 19 of 67, columns 0 to 44 of 67]
-9999.000000000000000 -9999 -9999 -9999 -9999 -9999 -9999 -9999 -9999 -9999 -9999 -9999 -9999 -9999 -9999 -9999 -9999 -9999 -9999 -9999 -9999 -9999 -9999 -9999 -9999 -9999 -9999 -9999 -9999 -9999 -9999 0.253415456100151 0.25163489842101 -9999 -9999 -9999 -9999 -9999 -9999 -9999 -9999 -9999 -9999 -9999 -9999
-9999 -9999 -9999 -9999 -9999 -9999 -9999 -9999 -9999 -9999 -9999 -9999 -9999 -9999 -9999 -9999 -9999 -9999 -9999 -9999 -9999 -9999 -9999 -9999 -9999 -9999 -9999 -9999 -9999 0.25908755869651 0.311326822373067 0.241414385030194 0.354538049289382 0.235934028761694 0.241937241357501 0.233147070566507 0.280439204262269 0.272340918679457 0.233519024373947 0.249828581618992 -9999 -9999 -9999 -9999 -9999
-9999 -9999 -9999 -9999 -9999 -9999 -9999 -9999 -9999 -9999 -9999 -9999 -9999 -9999 -9999 -9999 -9999 -9999 -9999 -9999 -9999 -9999 -9999 -9999 -9999 -9999 -9999 -9999 -9999 0.41968156352872 0.227355663276917 0.381539539681139 0.747772747432604 0.723399898938336 0.227748827222651 0.665734842530006 0.632395704169146 0.57643612365119 0.452248034414201 0.371158168940198 0.240163145038109 0.279626956750785 0.301016635452013 -9999 -9999
-9999 -9999 -9999 -9999 -9999 -9999 -9999 -9999 -9999 -9999 -9999 -9999 -9999 -9999 -9999 -9999 -9999 -9999 -9999 -9999 -9999 -9999 -9999 -9999 -9999 0.266026895421046 -9999 -9999 -9999 0.441814703542561 0.215303551955673 0.79423505365363 0.22706954746714 0.228404664310205 0.707402809914328 0.307276239109754 0.25329036936762 0.261512649673608 0.374056434974244 0.298839382323902 0.278837357568038 0.306217509563489 0.409750507150402 -9999 -9999
-9999 -9999 -9999 -9999 -9999 -9999 -9999 -9999 -9999 -9999 -9999 -9999 -9999 -9999 -9999 -9999 -9999 -9999 -9999 -9999 -9999 -9999 0.248236931710814 -9999 -9999 0.328136561138106 -9999 -9999 -9999 4.2116418249012 1.93565674856225 1.87511923267696 0.403394781271567 0.357234986159588 0.282197677036898 0.237170349562783 0.26726016554855 0.402206920824085 0.350514928659766 0.281120064230258 0.420864826419041 0.278770774900724 0.471186950817999 0.245234621413149 -9999
-9999 -9999 -9999 -9999 -9999 -9999 -9999 -9999 -9999 -9999 -9999 -9999 -9999 -9999 -9999 -9999 -9999 -9999 -9999 -9999 -9999 0.315276465735702 0.359704341601901 0.306136412771825 0.366644709871887 0.237008871485029 4.02939443031697 4.02939443031697 4.06116585052082 4.06116585052082 0.216516044958247 1.86693999233511 0.858755618738448 0.831014300416728 0.284442250653163 0.526768126456346 0.494809480213562 0.335227893174793 0.288995083308752 0.283218679564756 0.270946453290053 0.487734596430651 0.51535951425363 0.248292541600006 -9999
-9999 -9999 -9999 -9999 -9999 -9999 -9999 -9999 -9999 -9999 -9999 -9999 -9999 -9999 -9999 -9999 -9999 -9999 -9999 0.262088400771783 0.536940752628339 0.572334080832767 0.672707823927644 0.715223305817594 0.455190317884701 0.218933028495942 4.02939443031697 4.02939443031697 4.06116585052082 4.06116585052082 1.07907377581907 0.229526259873826 1.79821411095134 0.351864779978503 0.819513036705501 0.647724136639793 0.622515974580749 0.505514820100895 0.288692589099358 0.355029265840734 0.399357015779436 0.543780368836391 0.683697066382959 0.232464551753832 -9999
-9999 -9999 -9999 -9999 -9999 -9999 -9999 -9999 -9999 -9999 -9999 -9999 -9999 -9999 -9999 -9999 -9999 0.355732004617049 0.402326095950228 0.467794865893842 0.259031454630116 0.310588499141421 0.311844893446564 0.7210656559136 0.147996329811109 0.474948101487848 4.0293095428163 0.266778788174941 0.40915439133837 0.446980119244909 0.855242514479254 0.832920105745717 1.79650640125396 0.247710418089816 0.30418444480531 0.407774491588765 0.411503557276842 0.327422478063671 0.269488261302007 0.268440087483871 0.465734798804541 0.245457970505163 0.716991929948842 0.244144211771268 0.236263287137528
-9999 -9999 -9999 -9999 -9999 -9999 -9999 -9999 -9999 -9999 -9999 -9999 -9999 -9999 -9999 -9999 -9999 0.35394697058886 0.275065471355806 0.262890824567339 0.264371090973286 0.370418681267406 0.395644055371644 0.793581525053783 0.805075629506938 4.02891792024085 0.2779436694139 0.289262264370579 0.364257338720089 0.415540836715371 0.845421108012646 0.821030500242764 0.301934193565072 1.7931374662507 0.370972752382825 0.318859715114277 0.327235589756589 0.330282627403807 0.340527080304985 0.271192652937962 0.258875307856564 1.12021697847144 0.246213466727531 0.352582040858446 0.242789677231806
-9999 -9999 -9999 -9999 -9999 -9999 -9999 -9999 -9999 -9999 -9999 -9999 -9999 -9999 -9999 -9999 -9999 0.414244485649579 0.452584950963102 0.536225382915055 0.322777273329705 0.40657010468032 0.403894015955398 0.197697916179131 4.01744681594552 0.276321595040771 0.446157241390542 0.260548478226653 0.36365129775753 0.585037710890818 0.794760750699952 0.305212728327269 0.791485977152447 1.79136656625 1.78309789706613 0.268859593489821 0.320662954785342 0.529183235051705 0.323651421827998 0.354632861162659 1.14800611584351 1.12515051328528 0.949025908536149 0.40073985942172 0.240397171069262
-9999 -9999 -9999 -9999 -9999 -9999 -9999 -9999 -9999 -9999 -9999 -9999 -9999 -9999 -9999 -9999 0.272930733607497 0.351172625940039 0.573521789852725 0.717941177188697 0.788505605265313 0.796166068345434 0.852600091580957 0.431710824942741 4.01979657410078 0.590925073605053 0.311513905423025 0.310848304939449 0.401052645302547 0.47295879977541 0.615502483511307 0.313937650555143 0.756790926448675 0.319396562043292 0.27216752803465 1.77859264522455 0.554138448971865 0.330410879221938 1.20604580153059 1.19968949518568 0.343564575368391 0.271352354126766 0.263836451976445 0.905127945244128 0.857090779589917
-9999 -9999 -9999 -9999 -9999 -9999 -9999 -9999 -9999 -9999 -9999 -9999 -9999 -9999 -9999 -9999 0.280406112810537 0.494622880137381 0.279128404873441 0.347562155888118 0.327403657270936 0.251781036257777 0.196315786143981 4.01418626570594 0.307991973142313 0.558517799097378 0.516113394979644 0.322432681651536 0.322938807173785 0.423049718786581 0.548160196606208 0.586813528785145 0.713232140714782 0.323702333418755 0.329840563482718 1.47219107973317 1.27630933820379 1.27144099117678 0.608313161384176 0.279008712736838 0.46879691743193 0.430739048226813 0.26053471724874 0.435147942521045 0.254811915873292
-9999 -9999 -9999 -9999 -9999 -9999 -9999 -9999 -9999 -9999 -9999 -9999 -9999 -9999 -9999 0.284257381837136 0.418113888754787 0.304251740919016 0.376091493719747 0.536428161260034 0.271946613336173 0.310983256334913 4.00218368540003 4.00218368540003 0.317280478106204 0.317648266487985 0.318038468819184 0.32652505038032 0.330364459872654 0.382441557277105 0.340814554438079 0.444444654836506 0.643771797805304 0.267119545223178 0.285015401086499 0.465703331919361 1.44403760085926 0.269757391425354 0.340249777697235 0.536424084470276 0.278690887882507 0.342059570504604 0.26506428882791 0.370199192670633 0.23966448311117
-9999 -9999 -9999 -9999 -9999 -9999 -9999 -9999 -9999 -9999 -9999 -9999 -9999 -9999 -9999 -9999 0.30018605301348 0.321866891346911 0.388220853367802 0.335598183475857 0.550836694639747 0.155562613982201 4.00218368540003 4.00218368540003 0.403926067706501 0.323608234783241 0.42732528744488 0.339416014772578 0.339079588380067 0.265307285457341 0.276833325746774 0.371801936606455 0.627107235511298 0.431583804809613 0.286796545404473 0.299600678198897 1.4393381319397 0.282985281421007 0.283972458781868 0.508444251516263 0.336874364391758 0.274748938496785 0.267902402821386 0.32824808780399 0.24068208684588
-9999 -9999 -9999 -9999 -9999 -9999 -9999 -9999 -9999 -9999 -9999 -9999 -9999 -9999 -9999 -9999 -9999 0.317233600198619 0.417661831477358 0.501129233549511 0.512056435518773 0.690174608380042 3.99539883592715 0.455078491982577 0.400328567746079 0.48355419365527 0.328454381461433 0.464471301141818 0.282609579098227 0.28483779882334 0.294593424171721 0.298272222766536 0.519829142039296 0.379351450525785 0.302438250759288 0.305767399328441 0.516734564213715 1.40414949994054 0.302452590677052 0.292690378466902 0.97955933857283 0.267644601108408 0.373028764327049 0.298369526987076 0.889944555525941
-9999 -9999 -9999 -9999 -9999 -9999 -9999 -9999 -9999 -9999 -9999 -9999 -9999 -9999 -9999 -9999 0.351087561122994 0.420482200446398 0.296529923716305 0.385900353357197 0.416013144616543 0.420704305421416 3.98756770668495 0.298344290369648 0.720166486578721 0.707713815236762 0.552898600259582 0.324440282920242 0.26394895697969 0.410721665105806 0.416696265080682 0.286873289467339 0.312200581970604 0.438880146339203 0.352888238829778 0.391010428526706 0.437678795844067 0.424533405924323 1.37785944171712 1.01205360519846 0.396549977333373 0.971625443692922 0.932348264003792 0.913655789257963 0.29193655476756
-9999 -9999 -9999 -9999 -9999 -9999 -9999 -9999 -9999 -9999 -9999 -9999 -9999 -9999 -9999 -9999 0.352191474544853 0.602988987584826 0.68878982965624 0.302342603259904 0.8939718926305 0.958812982201544 0.958933861893738 3.9896826746984 0.285310419691233 0.291269628842028 0.304195738510905 0.312670593231407 0.585674992923425 0.546599644501013 0.280139380948992 0.290140851046971 0.350355462410057 0.328469784113493 0.406895750754507 0.310589519776527 0.298944350261526 0.281575442997686 0.481983476700792 1.11563656891576 0.273569205381073 0.322033913721348 0.248081642212043 0.241203336433026 0.239521655907281
-9999 -9999 -9999 -9999 -9999 -9999 -9999 -9999 -9999 -9999 -9999 -9999 -9999 -9999 -9999 0.338430524415398 0.522940938056558 0.294751366990564 0.673580865687117 0.874612350920874 0.538176947552759 0.23708908921358 0.239069760175978 3.96116993893693 0.765321279751092 0.7259296022419 0.690369787837842 0.646272325144295 0.622111501010531 0.264468435748684 0.370277923424397 0.304341763917768 0.293722633275504 0.553820984540531 0.295766133985677 0.380312504554915 0.287379955790792 0.403439928521495 0.443724745897452 1.10823127919188 1.10192243763748 0.241554696709701 0.243033440199155 0.249044143984304 0.297119906787115
-9999 -9999 -9999 -9999 -9999 -9999 -9999 -9999 -9999 -9999 -9999 -9999 -9999 -9999 -9999 0.297968910327233 0.466938978069176 0.292076283137661 0.612704720004207 0.341461846439326 0.523366245269507 0.220451584936485 0.320193684865015 3.96251196316008 0.242364608928344 0.272269331056015 0.2836624261068 0.350667224086513 0.252738929565659 0.263303374980511 0.467187563984706 0.29685644777909 0.305346162423292 0.385561959263809 0.655743968407492 0.291348340903564 0.298293021625943 0.278790785380418 0.271719500329986 0.34556849611095 0.497208271779908 1.04550338243999 0.230759949851406 0.420510011485788 0.34921730942987
-9999 -9999 -9999 -9999 -9999 -9999 -9999 -9999 -9999 -9999 -9999 -9999 -9999 -9999 -9999 0.282396418155017 0.490945571777252 0.596499892099083 0.266341057449542 0.420420946791875 0.226382897888 0.205344064395155 0.251699755546425 0.227162659150256 3.95276508928974 0.228358807070438 0.479964602186099 0.281035811228671 0.248904978797065 0.647735909575993 0.503825465426019 0.442977691247376 0.337360544021489 0.447738333078376 0.742995438040091 0.390959849364214 0.393676165821245 0.343915959895765 0.2685528042224 0.264891099589796 0.370319022653712 0.304394453970745 1.02797281120029 0.948835544907894 0.340620716806312
