Model input/Uganda/rivergeometry/river_width_1nov.asc
NCOLS 67 
NROWS 67 
XLLCORNER 29.500000001 
YLLCORNER -1.499999999 
CELLSIZE 0.0833333332985075 
NODATA_value -9999 
[rows 20 to 39 of 67, columns 0 to 45 of 67]
-9999 -9999 -9999 -9999 -9999 -9999 -9999 -9999 -9999 -9999 -9999 -9999 -9999 -9999 -9999 1.62751867081001 0.956827997838368 1.02856507480983 1.31711400182849 0.998314748356232 0.76851654243345 1.09991401269209 1.72638340114582 2.63251723489074 3.43081331839106 2.96645245843579 1.0883699309726 1.45444905886511 69.3019525556766 3.97341867348536 0.844375379864359 0.867613044171082 1.22919749118195 1.24125580967896 6.22066197787125 6.05375597490657 2.30464177611565 1.23004381908507 0.844504332008984 1.0478266236418 1.17195311415513 1.19132163510882 1.44094192696268 1.57092214857011 6.51934314677573 0.772104586649783
-9999 -9999 -9999 -9999 -9999 -9999 -9999 -9999 -9999 -9999 -9999 -9999 -9999 -9999 -9999 0.868187934154938 0.930585311996428 0.891024867443407 0.729792806205548 0.901605897747867 1.26664411996474 0.774388781425562 2.16982839347335 1.01646487053569 69.6262813046462 69.5933499213509 69.5413696265828 69.3611578941837 1.22325394116742 69.0451842204753 69.0190623925649 0.992516835518007 1.71576393845019 1.1570199356713 6.68299506752565 0.856050885891713 1.2161940012922 4.03666325784825 3.2395384967242 2.78984192666283 2.1649651365012 0.90181045609866 0.856861461665341 1.09469321191344 1.03804847947069 5.90135620254115
-9999 -9999 -9999 -9999 -9999 -9999 -9999 -9999 -9999 -9999 -9999 -9999 -9999 -9999 -9999 -9999 0.894119234581383 1.28014509854877 1.07865138009974 0.723892776337871 71.4521101007736 71.4521101007736 71.4521101007736 69.6659654551779 1.11692039586933 1.18163773571022 1.23142964373029 2.6545936120479 2.25845028767573 1.78682104474531 1.37504130803155 68.9339017342176 68.900868410746 68.7911766338516 1.11360278893208 1.21221994742563 4.69947501068466 1.1653633018458 1.75531848855606 1.20325364841385 1.09930475637622 0.901709495118921 0.838615219953589 0.812878126641945 1.01172378650521 1.0018356778796
-9999 -9999 -9999 -9999 -9999 -9999 -9999 -9999 -9999 -9999 -9999 -9999 -9999 -9999 -9999 -9999 -9999 0.97872670511909 71.4521101007736 71.4521101007736 71.4521101007736 71.4521101007736 71.4521101007736 2.0212164731858 1.69105900738409 2.68854644104432 1.85667624628807 2.49475357255107 1.2607130173409 1.20728151369307 1.0208074957151 1.02293654336444 2.22536040677098 68.1326419963723 1.07721926647954 1.69071102229322 5.48307706295602 1.74020892038501 1.1858000238178 1.11797864784274 0.903205270186007 0.866961001074825 1.47713252355627 2.14500342226034 1.04315975368007 0.813611880873998
-9999 -9999 -9999 -9999 -9999 -9999 -9999 -9999 -9999 -9999 -9999 -9999 -9999 -9999 -9999 0.767958303455229 0.684149548113341 71.4521101007736 71.4521101007736 71.4521101007736 71.4521101007736 71.4521101007736 71.4521101007736 71.4521101007736 6.59541608264972 5.17596828988371 4.71323112459673 1.76504684265807 1.53211215317795 0.797565935344639 1.00404523826676 1.01874797995075 1.02407958992919 2.55026296350732 68.0649628633324 5.58195903131057 1.13548860222058 1.02220692554598 1.03002998261721 2.41579116071865 1.61969551524032 0.853919568591997 3.53302452985506 2.38276474651471 0.86375579264604 1.24096206138904
-9999 -9999 -9999 -9999 -9999 -9999 -9999 -9999 -9999 -9999 -9999 -9999 -9999 -9999 -9999 1.01476276606982 71.4521101007736 71.4521101007736 71.4521101007736 71.4521101007736 71.4521101007736 71.4521101007736 71.4521101007736 71.4521101007736 1.90365082982017 1.35392090087974 1.24896937524577 2.88059582873052 1.16394130698526 1.47151410652984 1.00531532889644 1.01069205491256 1.02602874604152 67.4535394919422 4.42051398728106 3.87043776203327 3.64361378628476 3.23367750141126 2.76662088988179 1.29245158082226 1.29860020996764 0.874816175999722 4.19839553648425 1.49334772768643 0.857643231018687 0.893833239438803
-9999 -9999 -9999 -9999 -9999 -9999 -9999 -9999 -9999 -9999 -9999 -9999 -9999 -9999 -9999 71.4521101007736 71.4521101007736 71.4521101007736 71.4521101007736 71.4521101007736 71.4521101007736 71.4521101007736 71.4521101007736 1.51496002259534 3.44451862529974 1.30870653347061 1.29823857308347 2.47949794054205 0.986634411331004 2.42564380825025 1.4316828925863 1.47070648183206 1.01797897631206 67.0630632246968 67.1160269103927 1.64087701787758 1.13404127604765 1.00995668195978 1.02226692699781 1.929177782872 1.71760095622973 5.22092235808888 0.922517097216988 1.99915046783336 1.46728877513347 1.18748585671683
-9999 -9999 -9999 -9999 -9999 -9999 -9999 -9999 -9999 -9999 -9999 -9999 -9999 -9999 -9999 71.4521101007736 71.4521101007736 71.4521101007736 71.4521101007736 71.4521101007736 71.4521101007736 71.4521101007736 71.4521101007736 0.924331439488543 2.46850053465376 1.22212659258994 1.08236985893025 1.04891314766628 1.03469464527682 1.00635536075186 3.15549059639859 67.03685339012 67.03685339012 67.03685339012 0.966705379954134 0.995441576888695 1.12319143473302 2.02151064484132 2.75864446334196 7.56390520207447 6.95750085329822 3.66551983538539 1.0005297333266 2.27518416003721 61.4368665531886 61.4368665531886
-9999 -9999 -9999 -9999 -9999 -9999 -9999 -9999 -9999 -9999 -9999 -9999 -9999 -9999 71.4521101007736 71.4521101007736 71.4521101007736 71.4521101007736 71.4521101007736 71.4521101007736 71.4521101007736 71.4521101007736 2.49942632836388 1.908202527174 2.20910033136043 1.89313624572616 1.05404078385574 2.29052390415632 1.0206917412341 0.936746816625008 1.40661691356664 67.03685339012 67.03685339012 67.03685339012 9.59643063217922 1.48322942354408 0.983693099142246 1.27225614073347 8.52690558744344 1.09447641901767 1.07019463439892 3.06463212479288 2.74063177306845 0.915104341619177 61.4368665531886 61.4368665531886
-9999 -9999 -9999 -9999 -9999 -9999 -9999 -9999 -9999 -9999 -9999 71.4521101007736 71.4521101007736 71.4521101007736 71.4521101007736 71.4521101007736 71.4521101007736 71.4521101007736 71.4521101007736 71.4521101007736 71.4521101007736 1.1304498905355 1.13809294974514 0.950087082160221 0.974019906277033 1.50590823086804 0.998648396918582 2.5588298332515 0.982829635088283 0.79456615002162 1.56375720002927 67.03685339012 67.03685339012 67.03685339012 61.4368665531886 9.19857341140355 8.98034577224029 8.83471143717395 61.4368665531886 61.4368665531886 61.4368665531886 61.4368665531886 61.4368665531886 61.4368665531886 61.4368665531886 61.4368665531886
-9999 -9999 -9999 -9999 -9999 -9999 -9999 -9999 -9999 -9999 1.31962324879264 71.4521101007736 71.4521101007736 71.4521101007736 71.4521101007736 71.4521101007736 71.4521101007736 71.4521101007736 71.4521101007736 71.4521101007736 1.38270039092802 0.937572657812882 0.874859498141059 1.3080546890887 0.951821649880494 0.889460492344798 1.50583011939689 3.30199868310853 1.47399097351345 0.672867553695604 18.5939302605724 1.88396687290331 1.04508664140983 2.13580173030631 61.4368665531886 61.4368665531886 61.4368665531886 61.4368665531886 61.4368665531886 61.4368665531886 61.4368665531886 61.4368665531886 61.4368665531886 61.4368665531886 61.4368665531886 61.4368665531886
-9999 -9999 -9999 -9999 -9999 -9999 -9999 -9999 -9999 -9999 71.4521101007736 71.4521101007736 71.4521101007736 71.4521101007736 71.4521101007736 71.4521101007736 71.4521101007736 71.4521101007736 0.965103103923189 3.23684661885139 1.05055092872988 1.04577528555674 1.03072263302304 0.966441917522992 2.34342980996708 1.47428032383543 3.7947457616348 3.54553200482031 16.2141422545735 18.5152486559139 7.51183349905536 1.15555607742738 1.16202115600803 1.11461375814598 1.92423204396737 1.4272460305626 61.4368665531886 61.4368665531886 61.4368665531886 61.4368665531886 61.4368665531886 61.4368665531886 61.4368665531886 61.4368665531886 61.4368665531886 61.4368665531886
-9999 -9999 -9999 -9999 -9999 -9999 -9999 -9999 -9999 1.24624556080635 71.4521101007736 71.4521101007736 71.4521101007736 71.4521101007736 71.4521101007736 71.4521101007736 71.4521101007736 2.13890151958423 1.03475928753283 3.00658963321835 2.26962768834761 1.56021374671052 1.14024244206211 1.19569201962833 9.66444067024343 10.0331912011095 4.04127059922732 16.0253870649181 0.938803576252513 0.933861243894896 1.03246112925513 7.14056120714192 1.22009769191082 1.24426267127353 1.16256178483978 1.0988097716538 61.4368665531886 61.4368665531886 61.4368665531886 0.990808239887071 61.4368665531886 61.4368665531886 61.4368665531886 61.4368665531886 61.4368665531886 61.4368665531886
-9999 -9999 -9999 -9999 -9999 -9999 -9999 -9999 -9999 1.16815339323162 71.4521101007736 71.4521101007736 71.4521101007736 71.4521101007736 71.4521101007736 71.4521101007736 1.16912645100285 1.57280275592603 0.884360053944723 0.859881261653883 0.981720003393557 1.04482985886679 8.37904106900386 9.10313117229371 2.15916465217949 0.980322425604684 11.3970654952546 0.918955023068961 10.1815245050781 3.75537225549029 1.22443724913794 0.996181224421564 7.03158158553575 1.79368579152981 1.23279800092616 1.07420487964077 3.53670123402699 1.07819400299286 0.871224845553716 7.91973983599854 61.4368665531886 61.4368665531886 0.0297064252675444 61.4368665531886 61.4368665531886 61.4368665531886
-9999 -9999 -9999 -9999 -9999 -9999 1.37632611244026 1.85702576623874 1.23918376741604 0.736107326052252 13.5066349874547 71.4521101007736 71.4521101007736 71.4521101007736 71.4521101007736 1.22352277837917 1.20184778729602 0.963401116307428 0.912131390842221 0.733128208095039 3.58570210355148 7.69464668412194 1.18064145743851 0.98834725966907 0.984033856516753 1.66806413303991 1.79444105961899 1.17238177990579 8.8776566591179 1.17572817097983 3.28360014407877 1.13447610443691 2.05781244365903 5.77457060410574 1.07161009678694 1.14306277692241 1.59338732114132 2.4622890079562 1.1068289545633 7.91973983599854 1.11083341643578 55.0794744702192 3.78420465411395 1.19533781945499 61.4368665531886 61.4368665531886
-9999 -9999 -9999 -9999 -9999 -9999 1.93951799031568 2.2716333939257 0.77559016727212 13.5506444829089 0.715409965512053 71.4521101007736 71.4521101007736 71.4521101007736 71.4521101007736 7.39208300187179 6.88534960295628 6.54929576301746 5.94028269853441 5.71182352166384 3.11620359791471 0.834650009193729 6.41676464770904 5.82676337749058 0.894714228165316 0.993195965093141 1.19937856830863 2.33446159625733 8.26270710933296 0.833694346951833 2.80771379081207 1.11340417513803 1.59013047673165 1.07105442272289 5.21723451138598 1.11892607683062 1.10935170063424 2.12587597403823 1.21827705627996 7.5430666382209 1.22629134802055 54.7561128588295 1.80298540330175 3.28339800606596 1.09799206651633 1.66477874477608
-9999 -9999 -9999 -9999 -9999 0.878059774985103 1.10269095779628 2.12983854213538 13.5945017264036 0.499710814303177 0.429846697919409 71.4521101007736 71.4521101007736 71.4521101007736 1.29037026335872 3.2120655792905 1.08712857180889 1.58621118354094 1.41025202208569 5.58561694351957 0.699459484172421 2.87608520380192 1.94857408835689 5.54707955524106 1.09270198125132 0.978574380180656 0.95776235063042 1.6117264511212 2.07562104308937 7.81293589443051 1.23114987583321 1.92703187045693 1.08151736595082 1.07629300815279 3.8495666777431 2.73480382606922 1.08582951807357 1.19332175484382 1.79353595967746 7.28161780258534 1.22835351949197 54.7639430689936 1.22973876616361 2.68851411858158 1.07848930298008 1.11758636452137
-9999 -9999 0.511656262113238 1.10221505437869 0.773890313756598 0.601317806144837 0.573603866489736 1.42194889659572 13.0672482289013 0.465452575426814 2.2275670819055 2.2983763996465 11.0269742610158 1.31284115308884 1.58506868523961 2.32968013842704 1.56464568814676 1.27369071073489 1.09278346493829 5.50153955411446 1.04854796568421 2.65972054560921 1.49142184409482 3.22452746073529 5.19871088701031 1.33164704156195 0.952147967333694 0.945152359941145 1.88453650524317 7.72154291458875 7.20199993819812 0.914162076437587 1.12422199324472 1.12527495253089 3.47092824901403 0.823507721341099 1.83239134376009 1.15168406637422 1.40512317340567 6.43519708695754 1.23846800711443 54.7203804978795 1.18810089330756 1.17897094606443 1.50813319177452 1.05404865513744
-9999 0.928732940770555 1.84684935445118 0.851894070745668 0.395659723948836 0.763819914845567 12.7748093408886 12.8738559573713 0.606813941021098 0.487049028446995 2.12801932914059 1.0782349797651 3.07660544877947 10.2005452387372 9.52306238058172 1.5272806125521 2.16121714206723 1.37749883228864 2.68345140520418 4.24827061004667 2.09373832040141 1.45047242180459 1.54353933417242 2.88562373002988 1.10185279288624 2.90995727233301 0.652208455401632 0.575117102554257 1.10672737362455 1.13560502644876 2.08597226911782 7.10514438502164 2.02708101128607 0.888250519225698 3.30706599489797 0.919298398296694 1.5037644774117 1.02191615622276 1.24001731288006 6.02797169032118 0.892051833570062 54.6540655795342 1.12039667174627 1.13461822864784 0.80328222741608 1.99016890574405
-9999 0.848778518042732 1.15240673482782 12.2288014500276 12.2540811532045 12.6685633824834 0.915347626239773 1.29950445271869 1.2348958917118 1.96371645961245 1.05698638397875 2.17200568678093 1.31325062283837 2.56872992283708 1.16178578126826 9.02185796031091 6.75537169722546 1.35346642595449 1.52418224071494 1.49874921617667 3.21216475471551 1.49839614771157 1.50476062737333 2.50356837275858 1.18429701001691 2.70670689515152 2.47163412045721 1.7530618830681 0.59884558534793 0.63607352789747 1.41518647617645 1.05197675793661 6.42151049232447 0.842261446766137 0.920831181046028 2.94226458481618 0.889771241217274 0.830718366722097 3.94577664794756 4.11049288853645 0.851945970131359 0.894001505095616 54.6420793503335 3.79765218358736 1.06748247518811 1.58237125639186
