Model input/Uganda/rivergeometry/river_restime_1dec.asc
NCOLS 67 
NROWS 67 
XLLCORNER 29.5 
YLLCORNER -1.5 
CELLSIZE 0.0833333333283582 
NODATA_value -9999 
[rows 19 to 37 of 67, columns 0 to 41 of 67]
-9999 -9999 -9999 -9999 -9999 -9999 -9999 -9999 -9999 -9999 -9999 -9999 -9999 -9999 -9999 0.00153061540142939 0.00129689567419544 0.00172454106812305 0.00221249050297662 0.0019377234774797 0.00166467752051112 0.00239002712968449 0.00157163222912297 0.0015601964825187 0.000982599196923891 0.00220151704080335 0.00188706427495596 0.00157422820983721 0.0022897161642945 0.00121090413908816 0.00131318271676747 0.00136541053298576 0.00148360550521803 0.00136141254977481 0.00165253969011652 0.00141504366899478 0.00199898211614088 0.00208348883130601 0.00158595806225515 0.00157539725145958 0.00142315329375726 0.00151489956526944
-9999 -9999 -9999 -9999 -9999 -9999 -9999 -9999 -9999 -9999 -9999 -9999 -9999 -9999 -9999 0.00196075106683342 0.00216108612174325 0.00150327470071038 0.00204427459793197 0.00158454671363307 0.00168290050652489 0.00156104041831342 0.00140206210473271 0.00185796366682877 0.00126165536883449 0.00130697922372045 0.00223908763486599 0.00209591314546035 0.000991372548258231 0.00119898799330422 0.00159174608385822 0.00223184378940444 0.00147938946075554 0.002096844799554 0.0010987789240646 0.00111045385080708 0.00132253469378001 0.00147942062203991 0.0015697226321448 0.0015049996416549 0.00148230256551329 0.00210670403567707
-9999 -9999 -9999 -9999 -9999 -9999 -9999 -9999 -9999 -9999 -9999 -9999 -9999 -9999 -9999 0.00155078825855811 0.00217256728151804 0.00218824844311219 0.00160635225212722 0.00156459450573907 0.0020917670948388 0.00163492859486804 0.0019268819243274 0.00155743818423787 0.000990588436820093 0.000702626322504612 0.000702730122796962 0.000703000079584349 0.00154402223262313 0.000992079143007412 0.000703620186657879 0.00154585196036541 0.00139220704243008 0.00212250552544882 0.00153880710291769 0.00159348937996928 0.00147273929913803 0.00167267032826288 0.0012353515239891 0.00127179507637084 0.00133837955480042 0.00157115625452114
-9999 -9999 -9999 -9999 -9999 -9999 -9999 -9999 -9999 -9999 -9999 -9999 -9999 -9999 -9999 -9999 0.00155334437017201 0.00205123363101794 0.00149981392652429 0.00229797033931046 0.000982657199609642 0.000982684732530094 0.000696912474839303 0.000702430750727283 0.00151216440066633 0.00150127711670595 0.00152063187517579 0.00186155677833276 0.00135377527111528 0.00140120868943783 0.00145279953658073 0.000992442862576421 0.000703922344546824 0.000704143935884306 0.00151528173292728 0.00147572103251209 0.00114596811849218 0.00147861018980348 0.00195286002495324 0.00148866379062728 0.00151643754826242 0.00222612772936847
-9999 -9999 -9999 -9999 -9999 -9999 -9999 -9999 -9999 -9999 -9999 -9999 -9999 -9999 -9999 -9999 -9999 0.00216822897496136 0.000692787896513406 0.000692787162302194 0.000696951241191299 0.000692787162302194 0.000696951241191299 0.00137353493275189 0.00141595090271837 0.00184984671317248 0.001414583033678 0.00189463093865546 0.00153172462796087 0.00149067868348707 0.00153271685965656 0.00154052988730914 0.00188375454059908 0.000701123744838235 0.00152110643042096 0.00195967874740081 0.00158322712385294 0.00139697876568252 0.00149722821319661 0.00149060945690766 0.00157327264058409 0.00224290649842163
-9999 -9999 -9999 -9999 -9999 -9999 -9999 -9999 -9999 -9999 -9999 -9999 -9999 -9999 -9999 0.00158697460249169 0.00163076133397422 0.000692787162302194 0.000982711237554848 0.000982711237554848 0.000696988612541992 0.000692786428090982 0.000696988612541992 0.000692787162302194 0.00157338277656701 0.00116901031650045 0.00118880044607723 0.00142466410134879 0.00205352231598945 0.00161865325840128 0.00218048235398124 0.00217366640942378 0.00153011983324955 0.00130347080069881 0.000994784373512399 0.00111954035689476 0.00150412217546146 0.00216093241615756 0.00213535872154942 0.00184870854679827 0.00141983222279429 0.00159475904467682
-9999 -9999 -9999 -9999 -9999 -9999 -9999 -9999 -9999 -9999 -9999 -9999 -9999 -9999 -9999 0.00151972616677639 0.000982736641262785 0.000697024515470261 0.000697024515470261 0.000697024515470261 0.000982761090496146 0.00069278569387977 0.000697024515470261 0.000982761090496146 0.00138873735015568 0.00149127841858905 0.00215992272078371 0.00182655531360764 0.00214680826214723 0.00143401561793509 0.00153739943849322 0.00153501120829786 0.00153952349199185 0.000996435167987119 0.00117231289787783 0.00119835365182094 0.00121165323654027 0.00123882188888116 0.00127776358399315 0.00146852286135004 0.00146723961759075 0.00157874241696111
-9999 -9999 -9999 -9999 -9999 -9999 -9999 -9999 -9999 -9999 -9999 -9999 -9999 -9999 -9999 0.000982761090496146 0.000697058949976105 0.000697058949976105 0.000697058949976105 0.00098278451183381 0.000692785033089679 0.000697058949976105 0.00098278451183381 0.00145587451524939 0.00175989823522144 0.0015268281655922 0.00151230699058689 0.00131754392646349 0.00155610664157116 0.0018567015690259 0.00144977602537327 0.00203281941680989 0.00217361265928628 0.000707586947032802 0.000997364494035838 0.00199493049730401 0.00151387732015036 0.00153838485663876 0.00153575326265984 0.0013803173667283 0.00141805706358064 0.00162079560762957
-9999 -9999 -9999 -9999 -9999 -9999 -9999 -9999 -9999 -9999 -9999 -9999 -9999 -9999 -9999 0.000697091916059526 0.000697091916059526 0.000697091916059526 0.000982806978696899 0.000692784372299589 0.000697091916059526 0.000982806978696899 0.000697091916059526 0.0015963493897175 0.00130995345493421 0.00211640006365903 0.0021572038187547 0.00153117312004574 0.00217552267596478 0.00218674762009385 0.00176942261619297 0.000707679064710576 0.000707679064710576 0.000703306099727043 0.00155778804159326 0.00218580392612093 0.00151773408541909 0.0013635251546987 0.0012910006021297 0.00151970744095603 0.00109255886140411 0.001229410708219
-9999 -9999 -9999 -9999 -9999 -9999 -9999 -9999 -9999 -9999 -9999 -9999 -9999 -9999 0.000697123413720523 0.000982806978696899 0.000697123413720523 0.000982828344243169 0.000697123413720523 0.000982828344243169 0.000982828344243169 0.000692783784930619 0.00184286673464031 0.00136927467701722 0.00133003386876273 0.00137459572316014 0.00217112844936094 0.00132572581035068 0.00154737692534324 0.00222195912825027 0.0014604868359632 0.000997755141612713 0.000997733451575212 0.000707711040745244 0.00145986222190793 0.00147229325749636 0.00157273114901044 0.00153448666101009 0.00148894811523358 0.00154725904791797 0.00151254187010365 0.00125208056009351
-9999 -9999 -9999 -9999 -9999 -9999 -9999 -9999 -9999 -9999 -9999 0.000692783784930619 0.000982828344243169 0.000982848681893743 0.000982828344243169 0.000697153442959095 0.000982848681893743 0.000692783197561649 0.000982848681893743 0.000692783197561649 0.000982848681893743 0.00214661273121678 0.00150641082030912 0.0015373184914269 0.00215097114018064 0.00142084913833379 0.00152625235685369 0.00129763441954253 0.0015534320032018 0.00163635995689617 0.00202720694350475 0.000703304907147661 0.000707741526055685 0.000997775788143257 0.000717616155172811 0.00147098050435295 0.00104822244417602 0.00105071981614918 0.00071311823979208 0.00101167613057607 0.00101167613057607 0.00071311823979208
-9999 -9999 -9999 -9999 -9999 -9999 -9999 -9999 -9999 -9999 0.00144483450703061 0.000697182077196365 0.000692783197561649 0.000697182077196365 0.000697182077196365 0.000982868065069741 0.00069278261019268 0.000697182077196365 0.000982868065069741 0.000982868065069741 0.00206541731224989 0.00157210917287625 0.00155900530952298 0.00203800467909808 0.00152128307941823 0.00154115161650957 0.00141542113936719 0.00123234036295335 0.00144435111506904 0.00172061629611838 0.0012745190334456 0.00137349105629834 0.00153567504283525 0.00134188584391477 0.000713117030573461 0.00101171701728062 0.000717645629876642 0.000717645629876642 0.00071311763518277 0.00101169706517341 0.000717645629876642 0.00101169706517341
-9999 -9999 -9999 -9999 -9999 -9999 -9999 -9999 -9999 -9999 0.00069720916959009 0.000982886420350042 0.00069720916959009 0.00069720916959009 0.000982886420350042 0.000692782096244831 0.000692782096244831 0.000982886420350042 0.00155399255084868 0.00124699939606303 0.00218207014641232 0.00218415020992244 0.00213304557564912 0.0015267724673249 0.00129027359201943 0.00140778532897303 0.0012023283114074 0.00122566739919684 0.000927645256178004 0.00127592168510007 0.00106836654417002 0.00151259204448948 0.00213134870117082 0.00152154341134677 0.00193960171786655 0.00204518690215116 0.000713116501540315 0.00101173591132153 0.000717673517481035 0.000717673517481035 0.000717673517481035 0.000717673517481035
-9999 -9999 -9999 -9999 -9999 -9999 -9999 -9999 -9999 0.00147718078555751 0.00069723479356139 0.00069723479356139 0.00069723479356139 0.000982903747734646 0.000692781582296983 0.00069723479356139 0.000982903747734646 0.00134743992129812 0.00218434186420352 0.00126424774229259 0.00133646109491908 0.00142519257458891 0.00152825446447334 0.00215218394355206 0.00102536258479635 0.00143371587442076 0.0011893738392768 0.00131089626121307 0.00222432423821658 0.00157923605107175 0.00154163609730304 0.00151914727927099 0.00148767544376281 0.00148049762776018 0.00149635940701178 0.00150943302361049 0.000717699893562156 0.00071311597250717 0.00101175374729616 0.0015560554892054 0.00101175374729616 0.000717699893562156
-9999 -9999 -9999 -9999 -9999 -9999 -9999 -9999 -9999 0.00149123197189266 0.000697258949110266 0.000697258949110266 0.000982920047223554 0.000692781141770256 0.000697258949110266 0.000982920047223554 0.00151695502675427 0.00142506237678294 0.00225689275220122 0.00159181514938818 0.0022301934921522 0.00160096420713675 0.00105557126610245 0.00146525479402108 0.00135219181392635 0.00155901141475451 0.00139926472980001 0.00157866582431301 0.00142146087861359 0.00122061476244838 0.00150095727060928 0.00156153934233981 0.00152318389524802 0.00139372993205523 0.00210106299198845 0.00214834105051685 0.00172895838615272 0.00152312461830057 0.00158600149010003 0.00147346027275382 0.000713115519050188 0.000717724758120003
-9999 -9999 -9999 -9999 -9999 -9999 0.00142107410652065 0.0013505338065792 0.00147015541466894 0.00226405502204615 0.000922392585683143 0.000982935318816764 0.000692780701243528 0.000982935318816764 0.000982935318816764 0.00149407364504466 0.00212817510333386 0.00220444937869391 0.00155295205656212 0.00160361335620732 0.00124168803633232 0.00151020633972648 0.00147422702609132 0.00153868173782917 0.00219673833565723 0.00199769779318759 0.00138683892787156 0.00212918020492948 0.00102515140491523 0.0021314079839386 0.00176256706295348 0.00152075511515959 0.00135004117010873 0.00157575703097272 0.00152789229917412 0.00151033556957433 0.00141047442872018 0.00184792211636357 0.0021409291479607 0.00103852276072329 0.00149074315757665 0.00102349232919693
-9999 -9999 -9999 -9999 -9999 -9999 0.00189369115690455 0.00184587302433871 0.0015895405353411 0.00130057907089213 0.00162129479949355 0.000982949562514278 0.000982949562514278 0.000692780260716801 0.000697302928361867 0.00109856255521202 0.00111440372507687 0.00112686160103077 0.00115247411847408 0.00116654292642334 0.00128238795380029 0.00221089625062565 0.00155917018981492 0.00112660306650235 0.00158052043432809 0.00155407547867204 0.00149172935829785 0.0018767340392298 0.00103743222125118 0.00228747298782918 0.00127761330291109 0.00152082731439752 0.00141417853441144 0.00153095647926345 0.00160398431838291 0.00151546761732129 0.00151777593368013 0.0013377847489094 0.00148139008019638 0.00104645663022223 0.00147271676153524 0.000721993646394853
-9999 -9999 -9999 -9999 -9999 0.00155170272372595 0.0020988338195187 0.0013207550176313 0.0013013316495169 0.00245628975243221 0.00252689534109081 0.000697322752064593 0.000692779893611195 0.000692779893611195 0.00151858804120626 0.00185483095340372 0.00156995374586433 0.00143351094306699 0.00207063171242698 0.00116845918654604 0.00160977019899137 0.00186678696043216 0.0013843234992763 0.00113232499401164 0.00150919018015661 0.00220743073162522 0.00221760323272702 0.00141290863462334 0.0013455500681071 0.00148621453302374 0.00148821310758629 0.0019379720669216 0.00152430577977944 0.00152251166230716 0.00119727945907953 0.00179782442347174 0.00152081643955832 0.00148566550791345 0.00138968833831303 0.00105289372032619 0.0014745635838114 0.000721965041060503
-9999 -9999 0.00170075941213917 0.00209661861148614 0.0015868143115608 0.00165386672555687 0.0016801432565936 0.00142202212867591 0.000923539645920356 0.00181602083809392 0.00134942850414405 0.00133203233565547 0.00101417763883833 0.00216890052578403 0.0021220407828568 0.00138563946967473 0.00150157048992253 0.00152694141057128 0.00156912043250476 0.00117545392767869 0.0016016701479175 0.00135362949899946 0.00150249331081564 0.00129399455293536 0.00163260733882363 0.00145352957233706 0.00155054639258808 0.00155293629965288 0.00136658772050726 0.00104969729247164 0.00107008403271562 0.00157165328237544 0.00213888849850884 0.00212647466486286 0.00122013733905994 0.00157641074227871 0.00192588020613869 0.00150250892393247 0.00204928264023844 0.0010742663778016 0.00207717091502364 0.00072204842447911
