Model input/Uganda/rivergeometry/river_restime_1dec.asc
NCOLS 67 
NROWS 67 
XLLCORNER 29.5 
YLLCORNER -1.5 
CELLSIZE 0.0833333333283582 
NODATA_value -9999 
[rows 0 to 18 of 67, columns 0 to 41 of 67]
-9999.000000000000000 -9999 -9999 -9999 -9999 -9999 -9999 -9999 -9999 -9999 -9999 -9999 -9999 -9999 -9999 -9999 -9999 -9999 -9999 -9999 -9999 -9999 -9999 -9999 -9999 -9999 -9999 -9999 -9999 -9999 -9999 0.00226487058711762 0.00159938329882222 -9999 -9999 -9999 -9999 -9999 -9999 -9999 -9999 -9999
-9999 -9999 -9999 -9999 -9999 -9999 -9999 -9999 -9999 -9999 -9999 -9999 -9999 -9999 -9999 -9999 -9999 -9999 -9999 -9999 -9999 -9999 -9999 -9999 -9999 -9999 -9999 -9999 -9999 0.0015924058574044 0.00212393078530614 0.00162219583170694 0.00203742913381415 0.00228586153756031 0.00227782799970174 0.00161282649889302 0.00152837205338122 0.00219532047389164 0.001647272594345 0.00161888144029413 -9999 -9999
-9999 -9999 -9999 -9999 -9999 -9999 -9999 -9999 -9999 -9999 -9999 -9999 -9999 -9999 -9999 -9999 -9999 -9999 -9999 -9999 -9999 -9999 -9999 -9999 -9999 -9999 -9999 -9999 -9999 0.00137749220261817 0.00165457659641476 0.00140240095949597 0.00162177197694497 0.00116172463197476 0.00162942076850578 0.00168427031017906 0.00121374871203854 0.00125118934435028 0.00134651526294257 0.00142865500750238 0.00162623666304492 0.00221371056895458
-9999 -9999 -9999 -9999 -9999 -9999 -9999 -9999 -9999 -9999 -9999 -9999 -9999 -9999 -9999 -9999 -9999 -9999 -9999 -9999 -9999 -9999 -9999 -9999 -9999 0.00162187635746363 -9999 -9999 -9999 0.00193196905651653 0.00167200242484784 0.00159228303701903 0.00162968182619051 0.00230167166271898 0.00165164251715282 0.0014921114420843 0.00158273587347263 0.00157114273755085 0.00201850185306627 0.00154069345215103 0.00156950052973859 0.00221817774673339
-9999 -9999 -9999 -9999 -9999 -9999 -9999 -9999 -9999 -9999 -9999 -9999 -9999 -9999 -9999 -9999 -9999 -9999 -9999 -9999 -9999 -9999 0.001534281906517 -9999 -9999 0.00215330416815355 -9999 -9999 -9999 0.000774767864263048 0.00087998726880293 0.000890075894624268 0.00138316284065225 0.00143518440920371 0.00154009736762341 0.00228455112995146 0.00158343324043723 0.00207598422606669 0.0015421459017652 0.00166075238939093 0.00201879071785755 0.00167655617554451
-9999 -9999 -9999 -9999 -9999 -9999 -9999 -9999 -9999 -9999 -9999 -9999 -9999 -9999 -9999 -9999 -9999 -9999 -9999 -9999 -9999 0.00205739904985137 0.00142001518083952 0.00153477408681081 0.00145854055057381 0.00239505644867295 0.000689703775054502 0.000686511331208883 0.000971391655870819 0.000685297152569869 0.001744896964119 0.00088768481887059 0.00116181714310203 0.00117508971940607 0.00154795896245152 0.00189449337394208 0.00137188198139216 0.00157064111431825 0.00232382514651012 0.00163550664592746 0.00229164471002205 0.00137347240016641
-9999 -9999 -9999 -9999 -9999 -9999 -9999 -9999 -9999 -9999 -9999 -9999 -9999 -9999 -9999 -9999 -9999 -9999 -9999 0.00150797211242168 0.00123391447517344 0.0012124681494713 0.00116635958713193 0.00114717910891288 0.00195046008860604 0.00179827836826136 0.00068651002163757 0.000689766925493381 0.000688548302397598 0.000685295917937625 0.00148838021389354 0.00171808562707142 0.00126896512981588 0.00213251970047999 0.00166989738782249 0.00128212192458784 0.00129911127391963 0.00138598001737335 0.00162046031197294 0.00150788125407202 0.00143720297480638 0.00132432475904974
-9999 -9999 -9999 -9999 -9999 -9999 -9999 -9999 -9999 -9999 -9999 -9999 -9999 -9999 -9999 -9999 -9999 0.00141333935193165 0.00135214579055541 0.00181415466859319 0.00154005984656046 0.00206259960109108 0.0021785834749407 0.00114550242092045 0.00260252384930032 0.00134944915681631 0.000973282767526076 0.00226483761950287 0.00144304095169266 0.00139550655534982 0.00113164190515591 0.00159787998122503 0.000895592217731394 0.00167356870518289 0.00222329585215436 0.00205978653372309 0.00145918569817474 0.00157083834376474 0.00160240250311052 0.00160829412134514 0.00193102941957753 0.00160769208714748
-9999 -9999 -9999 -9999 -9999 -9999 -9999 -9999 -9999 -9999 -9999 -9999 -9999 -9999 -9999 -9999 -9999 0.00140424078480674 0.00212350621645516 0.00152119527368575 0.0015337486177306 0.00196931447510644 0.00139695110944499 0.00112428668199303 0.00112145433458206 0.000973617192273697 0.00159806782631637 0.00161754908707958 0.00150073475223489 0.00143990111256912 0.00113586940753564 0.0011314699854801 0.00157670620910427 0.00127056791951417 0.00210191863903142 0.00155941252605689 0.00220062224217058 0.00155356692200883 0.00211080512376442 0.00160003757921673 0.00159261013944082 0.0010384254213782
-9999 -9999 -9999 -9999 -9999 -9999 -9999 -9999 -9999 -9999 -9999 -9999 -9999 -9999 -9999 -9999 -9999 0.00133900595341582 0.00130232019390503 0.00123028795331796 0.00144351913146395 0.00193223216441889 0.00195870564745684 0.00189735781628696 0.000974907113433189 0.00152569741003959 0.00197445587539091 0.00166996802370914 0.00211326903905866 0.00128217736533658 0.00115355181646641 0.00157511530166329 0.0016178615802533 0.000896609670058395 0.000902173880312617 0.00163614529930719 0.00219103474600366 0.00187503729914058 0.00152449187503218 0.00145972001125763 0.00145972484052476 0.0010418791177679
-9999 -9999 -9999 -9999 -9999 -9999 -9999 -9999 -9999 -9999 -9999 -9999 -9999 -9999 -9999 -9999 0.00148555363988428 0.00138331998801602 0.00120246737472947 0.00113034338626567 0.0011090507706217 0.00110766075566535 0.00153535435001827 0.00137508216264571 0.000687773299228195 0.00128477161486995 0.00156283616640384 0.00221966819498458 0.00203976853826268 0.00135166542627109 0.001232100393111 0.00220201582418567 0.00115257604683482 0.00148567465760635 0.00161682515252833 0.00127369637421745 0.00131385199198482 0.00154923919805248 0.00143728081015133 0.00102097114867632 0.00148086768627581 0.00160349821500221
-9999 -9999 -9999 -9999 -9999 -9999 -9999 -9999 -9999 -9999 -9999 -9999 -9999 -9999 -9999 -9999 0.00149028307696657 0.00177343760941269 0.00152999554212318 0.0020549958211781 0.00150847722976079 0.00229153717445528 0.00190479680076718 0.000975749865645445 0.00149926140644676 0.00130235792156945 0.00133963400068418 0.00155614435402918 0.00153697311569206 0.00139114776143879 0.00127106925146526 0.00176587742948949 0.00117135418657029 0.00148658844869397 0.00149772356460172 0.000945738708305146 0.00141449104599998 0.00100371169652827 0.00125232773651508 0.00157014125902672 0.00191741846121367 0.00139541015431375
-9999 -9999 -9999 -9999 -9999 -9999 -9999 -9999 -9999 -9999 -9999 -9999 -9999 -9999 -9999 0.00152398372706625 0.00187275932118384 0.00148446000673195 0.00140955550330874 0.0018061128524326 0.00169141263392413 0.00223921061067089 0.000689190825822633 0.000689189730240407 0.00152203555707329 0.00216047504603207 0.00152828035971546 0.00216647767344125 0.00153422767755701 0.00143107603563414 0.00144807680761171 0.00189614783665155 0.00120403250863806 0.00222605913100881 0.00154286686921641 0.0013373683848035 0.00134831853115913 0.00158970779160709 0.00147440212326194 0.00184188180796034 0.00223215728667107 0.00148645989451797
-9999 -9999 -9999 -9999 -9999 -9999 -9999 -9999 -9999 -9999 -9999 -9999 -9999 -9999 -9999 -9999 0.00145563740236185 0.00145885388747828 0.00197531504605465 0.00150871653325246 0.00179421207429415 0.00243536228455959 0.000977285273914569 0.000689188707696997 0.00200787578839741 0.00214757234109968 0.00199258194425678 0.00151713182515187 0.00208174723629399 0.00156580364992596 0.00154139926508096 0.00140863420061868 0.00121274600997534 0.00135253279387515 0.00217800450778188 0.00152096063299012 0.000951606247898873 0.00161223964625922 0.00156938071866734 0.00132229848487911 0.00149710253070566 0.00159471507562315
-9999 -9999 -9999 -9999 -9999 -9999 -9999 -9999 -9999 -9999 -9999 -9999 -9999 -9999 -9999 -9999 -9999 0.00146706107076479 0.00137548041244719 0.00132273828398686 0.00131008758495828 0.00118898495906975 0.00068947649405157 0.00192757596854027 0.0014232361256268 0.00135150864651201 0.00215067160096612 0.00190663018374898 0.00155943372761676 0.00152893541647995 0.00215820540165795 0.00150751775683416 0.00129131099977707 0.00139923406447446 0.00150760803429084 0.00152051159794185 0.00129299165386762 0.00135900250674008 0.00159851505952085 0.0016021131323842 0.00151037964232796 0.0015577091571477
-9999 -9999 -9999 -9999 -9999 -9999 -9999 -9999 -9999 -9999 -9999 -9999 -9999 -9999 -9999 -9999 0.00142003205660393 0.00190365777394924 0.001547352353046 0.00143745070732177 0.00139832869277606 0.00194637241542306 0.000690084068362381 0.00151430518793198 0.00168364077475612 0.00120372149167243 0.00128950646725208 0.00152942301356862 0.00157332178067975 0.0013742023626997 0.00194781850783724 0.00154526311384353 0.00150696490118901 0.00193386301225239 0.00146029742266766 0.00141304473534833 0.00135877731489517 0.00136992202191933 0.00136613379468947 0.00106288851348056 0.00142930392889976 0.00151359781172053
-9999 -9999 -9999 -9999 -9999 -9999 -9999 -9999 -9999 -9999 -9999 -9999 -9999 -9999 -9999 -9999 0.00143080250885732 0.00121848669467056 0.0016529873378496 0.0015615334274067 0.00108877877514832 0.00106829849465133 0.00106818444659915 0.000978934861209429 0.00156141870263433 0.00218946615372431 0.00218102629449247 0.00217100631199284 0.00123738484437886 0.00127071561004976 0.00155200729526269 0.00219215612039834 0.00206651012073747 0.0015036562735971 0.00198615249433892 0.00150624881405608 0.00215593499684038 0.00155279613901185 0.00132084609067155 0.00145421012285702 0.00164117104185538 0.0021341417541599
-9999 -9999 -9999 -9999 -9999 -9999 -9999 -9999 -9999 -9999 -9999 -9999 -9999 -9999 -9999 0.00204410045755559 0.00179367504114604 0.00150952037761104 0.00118232960268279 0.00154246387126829 0.00181343373699984 0.00165078972648925 0.00229972224901662 0.000691913737329861 0.00162701698055976 0.00117380249628395 0.00118989646217424 0.00121008990839713 0.00122186532736511 0.00158848326455106 0.00143397533948042 0.0021546208022855 0.00154882631494394 0.00180581598702161 0.00154061330289951 0.00201586324209172 0.00155460398429761 0.00140158107226719 0.0013543273343659 0.00102723120388988 0.00103483953485001 0.00160902399358932
-9999 -9999 -9999 -9999 -9999 -9999 -9999 -9999 -9999 -9999 -9999 -9999 -9999 -9999 -9999 0.00150562647564114 0.00130859749467575 0.00213620680359516 0.00120819462379046 0.00147882860575351 0.00128717309306889 0.00166694939877784 0.00145449951130803 0.000692048354552447 0.00151613855681543 0.00223003381809534 0.00155755158192248 0.00207592877601331 0.00161585416500174 0.00158350402558273 0.00189561528815478 0.00152907927769883 0.00152525948254323 0.00141492196141226 0.00121067406922967 0.00155317038134647 0.0015340414228948 0.00155910705704126 0.00222215354365622 0.00146308973922591 0.0013036864141713 0.0014817894575892
