Model input/Uganda/rivergeometry/river_depth_1jun.asc
NCOLS 67 
NROWS 67 
XLLCORNER 29.500000001 
YLLCORNER -1.499999999 
CELLSIZE 0.0833333332985075 
NODATA_value -9999 
[rows 20 to 39 of 67, columns 0 to 44 of 67]
-9999 -9999 -9999 -9999 -9999 -9999 -9999 -9999 -9999 -9999 -9999 -9999 -9999 -9999 -9999 0.389261013998972 0.279473049722134 0.291577479520277 0.340368086010526 0.260767609186783 0.22787769908011 0.283843528632783 0.382865424325907 0.439472343485147 0.531865162605317 0.500278642225937 0.263016472866135 0.336238393697721 4.1685324281939 0.681145740784636 0.263079625069856 0.269146494870607 0.332568794494773 0.332620144099041 0.901845628202382 0.888172581560606 0.490321531259836 0.332639941440993 0.265169460517258 0.30242761844329 0.321887664038473 0.323918635789861 0.363570231367224 0.383352064828289 0.92304072045419
-9999 -9999 -9999 -9999 -9999 -9999 -9999 -9999 -9999 -9999 -9999 -9999 -9999 -9999 -9999 0.266153481513385 0.275686423259319 0.270338161102001 0.238625262552511 0.266657804055782 0.322570260961715 0.239952328462747 0.420017641312 0.236889908657916 4.17364529641942 4.17380835429154 4.17329500292055 4.1695046630902 0.303952290205523 4.16140430446581 4.16122207069261 0.291261512147049 0.406809307626598 0.320227090286624 0.939668292817908 0.265973824819785 0.329392340961839 0.688078516469317 0.602120033514786 0.548894950101686 0.468839081825927 0.274498940862614 0.264766145571296 0.306778616780931 0.299402719847673
-9999 -9999 -9999 -9999 -9999 -9999 -9999 -9999 -9999 -9999 -9999 -9999 -9999 -9999 -9999 -9999 0.270900032316508 0.337573164477924 0.300682789276848 0.232585033394013 3.95276508928974 3.95276508928974 3.95276508928974 4.17358200529297 0.257494137564372 0.260531844662453 0.263457545551201 0.496078179426402 0.457400770504589 0.403273453043778 0.351913886191246 4.15917191295458 4.15874287549741 4.15601680893016 0.310903887837647 0.327691330593187 0.755370902059747 0.322918348189103 0.411548109770231 0.325866205200244 0.307743924656445 0.274008695223701 0.262652397885237 0.258266887718611 0.294062615601062
-9999 -9999 -9999 -9999 -9999 -9999 -9999 -9999 -9999 -9999 -9999 -9999 -9999 -9999 -9999 -9999 -9999 0.280478302615257 3.95276508928974 3.95276508928974 3.95276508928974 3.95276508928974 3.95276508928974 0.372194845234826 0.328969490815823 0.430314484797516 0.341743328512985 0.456938528088642 0.305236453454911 0.318070434294107 0.292658296112457 0.295230508318136 0.47423622499376 4.13627949628402 0.304427320691773 0.403812878782115 0.826986144976222 0.405080051908249 0.320932593630931 0.311021070719512 0.271835610506917 0.266295925767963 0.370491327816767 0.467823868523099 0.301831626236462
-9999 -9999 -9999 -9999 -9999 -9999 -9999 -9999 -9999 -9999 -9999 -9999 -9999 -9999 -9999 0.245761446573452 0.225651268777097 3.95276508928974 3.95276508928974 3.95276508928974 3.95276508928974 3.95276508928974 3.95276508928974 3.95276508928974 0.805623649427084 0.715074498191706 0.680084557357493 0.37877605885263 0.351177637677725 0.242257336500622 0.288900568136578 0.29277627032463 0.295432733680802 0.514276649234128 4.13480220573356 0.835598803225233 0.30878810150181 0.292631554085004 0.298062760793967 0.497466671918863 0.388736933152252 0.266148672780362 0.634453479450563 0.500038626773357 0.273055542436508
-9999 -9999 -9999 -9999 -9999 -9999 -9999 -9999 -9999 -9999 -9999 -9999 -9999 -9999 -9999 0.290630380580751 3.95276508928974 3.95276508928974 3.95276508928974 3.95276508928974 3.95276508928974 3.95276508928974 3.95276508928974 3.95276508928974 0.363891245216034 0.294517912094454 0.29829373356125 0.511503826973026 0.297350111769443 0.362233382889756 0.287657717589299 0.289994502833944 0.294132126690851 4.11688746153526 0.716178160135203 0.663512166822864 0.639724794052841 0.59521409062881 0.540213458070963 0.340779854966082 0.344303049696037 0.274339518415044 0.707199255360535 0.378924669298411 0.271136232435718
-9999 -9999 -9999 -9999 -9999 -9999 -9999 -9999 -9999 -9999 -9999 -9999 -9999 -9999 -9999 3.95276508928974 3.95276508928974 3.95276508928974 3.95276508928974 3.95276508928974 3.95276508928974 3.95276508928974 3.95276508928974 0.325573046357981 0.569512415393006 0.304804774774977 0.307310050319382 0.470365697591555 0.276175251524227 0.489672077962541 0.356206884655423 0.36366603114303 0.291481942713509 4.1072414658552 4.10749925328175 0.385089353236923 0.307583393199823 0.28755515803758 0.292346905850085 0.441092052698527 0.414655251850292 0.813788211419143 0.285547393525825 0.452504589576772 0.373280373482246
-9999 -9999 -9999 -9999 -9999 -9999 -9999 -9999 -9999 -9999 -9999 -9999 -9999 -9999 -9999 3.95276508928974 3.95276508928974 3.95276508928974 3.95276508928974 3.95276508928974 3.95276508928974 3.95276508928974 3.95276508928974 0.234602955242925 0.475042752607271 0.305374851348345 0.287512432686146 0.281761033892996 0.285614315752933 0.280572135782853 0.575457575323862 4.10665648103148 4.10665648103148 4.10665648103148 0.281087646577053 0.285751231327258 0.309688949826109 0.441922463830489 0.538161049562472 1.02487177823152 0.974105460377099 0.66087972287517 0.299401836287239 0.490022847484124 3.95563560583913
-9999 -9999 -9999 -9999 -9999 -9999 -9999 -9999 -9999 -9999 -9999 -9999 -9999 -9999 3.95276508928974 3.95276508928974 3.95276508928974 3.95276508928974 3.95276508928974 3.95276508928974 3.95276508928974 3.95276508928974 0.491712559411356 0.420674330221166 0.450098653526921 0.411580806248746 0.283027820337116 0.458616167689261 0.279025541422182 0.261505844123648 0.341651326394502 4.10665648103148 4.10665648103148 4.10665648103148 1.17087284109483 0.35990419668402 0.283286895043813 0.336307758784541 1.09853186909105 0.313441420382773 0.3073282637171 0.588409724750269 0.548633834054876 0.278814757789593 3.95563560583913
-9999 -9999 -9999 -9999 -9999 -9999 -9999 -9999 -9999 -9999 -9999 3.95276508928974 3.95276508928974 3.95276508928974 3.95276508928974 3.95276508928974 3.95276508928974 3.95276508928974 3.95276508928974 3.95276508928974 3.95276508928974 0.303124926156079 0.301938496529485 0.279882112178928 0.288421461700833 0.361321363855875 0.284681469917682 0.491482564912465 0.267915622578775 0.230751355948206 0.35556462079476 4.10665648103148 4.10665648103148 4.10665648103148 3.95563560583913 1.1443726989079 1.12989014142825 1.12019264891935 3.95563560583913 3.95563560583913 3.95563560583913 3.95563560583913 3.95563560583913 3.95563560583913 3.95563560583913
-9999 -9999 -9999 -9999 -9999 -9999 -9999 -9999 -9999 -9999 0.341793669175265 3.95276508928974 3.95276508928974 3.95276508928974 3.95276508928974 3.95276508928974 3.95276508928974 3.95276508928974 3.95276508928974 3.95276508928974 0.33669803412934 0.266056558957034 0.271634639538352 0.349286044146474 0.28804010740682 0.275579973111359 0.373785223404751 0.582550866157361 0.339407042518004 0.190024970968719 1.64761666617346 0.405359934335488 0.285204950983487 0.442427837866207 3.95563560583913 3.95563560583913 3.95563560583913 3.95563560583913 3.95563560583913 3.95563560583913 3.95563560583913 3.95563560583913 3.95563560583913 3.95563560583913 3.95563560583913
-9999 -9999 -9999 -9999 -9999 -9999 -9999 -9999 -9999 -9999 3.95276508928974 3.95276508928974 3.95276508928974 3.95276508928974 3.95276508928974 3.95276508928974 3.95276508928974 3.95276508928974 0.257156756304516 0.55021953650909 0.274490611871845 0.275037042722353 0.292049539994531 0.288592361394156 0.499391651962862 0.374679945226898 0.631388991701894 0.605244956823429 1.50686569288805 1.64224570428799 0.959229228303342 0.299850751259034 0.300820614511525 0.296498117231034 0.41593401490309 0.352268539693516 3.95563560583913 3.95563560583913 3.95563560583913 3.95563560583913 3.95563560583913 3.95563560583913 3.95563560583913 3.95563560583913 3.95563560583913
-9999 -9999 -9999 -9999 -9999 -9999 -9999 -9999 -9999 0.325076473333322 3.95276508928974 3.95276508928974 3.95276508928974 3.95276508928974 3.95276508928974 3.95276508928974 3.95276508928974 0.417117817324394 0.277685733603618 0.524602275512629 0.445906805084975 0.358487591616275 0.275955087642776 0.289142202518059 1.0563044356692 1.08721560304741 0.654871196651245 1.4954471879424 0.258735252607291 0.253256429440645 0.27507794027202 0.932061724525563 0.311571647917702 0.3177454195038 0.307603420267566 0.30150790848579 3.95563560583913 3.95563560583913 3.95563560583913 0.284891029025812 3.95563560583913 3.95563560583913 3.95563560583913 3.95563560583913 3.95563560583913
-9999 -9999 -9999 -9999 -9999 -9999 -9999 -9999 -9999 0.317612474557799 3.95276508928974 3.95276508928974 3.95276508928974 3.95276508928974 3.95276508928974 3.95276508928974 0.291453614235093 0.348476167762598 0.239665542640149 0.241800736778312 0.252518519029904 0.239444679682297 0.954262420609372 1.00521238318319 0.426766325031573 0.263306529187824 1.18630201786989 0.254689063378606 1.15989812859609 0.614148871371954 0.309377199681885 0.270951243496871 0.923666416094548 0.396877855752788 0.316832172734155 0.294800427713371 0.614289977227901 0.29848164972973 0.263586978647301 1.05505783817416 3.95563560583913 3.95563560583913 0.0615549788957833 3.95563560583913 3.95563560583913
-9999 -9999 -9999 -9999 -9999 -9999 0.360628760568519 0.430519659524676 0.331774701607462 0.248520819603758 1.39959054059236 3.95276508928974 3.95276508928974 3.95276508928974 3.95276508928974 0.29370989733389 0.296038731485179 0.262944422809492 0.266897608729681 0.236495410166402 0.549881724900801 0.907962451190177 0.308221150787654 0.263845341626 0.258689788935882 0.36057303931491 0.379117953322033 0.29278873430188 1.07429473216062 0.300429067978233 0.567066301350702 0.296299576064748 0.43098165534209 0.823028000552298 0.29056701205952 0.304526734788082 0.374819747222978 0.492495531995366 0.304120909036591 1.05505783817416 0.321290106465639 3.82355769233204 0.66362329648 0.326985500293207 3.95563560583913
-9999 -9999 -9999 -9999 -9999 -9999 0.446737945615203 0.488223297015288 0.25632515845289 1.39532864351267 0.239280487201603 3.95276508928974 3.95276508928974 3.95276508928974 3.95276508928974 0.808994920077023 0.766723437595002 0.736495352711898 0.676627736032345 0.643886048592091 0.479001907432113 0.26668820505719 0.81980853218225 0.768427374131519 0.254513244282058 0.260895142675738 0.296388242756376 0.454799466632913 1.03359239772975 0.233459292036016 0.516358475871601 0.29482119272803 0.368970563589693 0.290387319600096 0.774134911501654 0.299978321677056 0.300678451516175 0.449870157320347 0.322509743405886 1.02690140201892 0.336477743738101 3.80972693970256 0.417136670212491 0.607800763968892 0.312848603163046
-9999 -9999 -9999 -9999 -9999 0.272548937223429 0.313909954872735 0.473741767382048 1.3875390215189 0.193054393377406 0.177060513913436 3.95276508928974 3.95276508928974 3.95276508928974 0.289155755396885 0.454605224338189 0.246598022168954 0.335238694886433 0.317539573954792 0.623737961175608 0.24059163001925 0.432859021603514 0.386680815620686 0.737175453242544 0.301987620159948 0.263663309923491 0.254977527841337 0.367501686272435 0.431036118639425 1.00144830586355 0.312108594138599 0.411548625767673 0.291376931274705 0.291433323158133 0.631906820558363 0.536675370773289 0.29761207471528 0.316736086346239 0.408343540353895 1.00554909907582 0.334509030750186 3.80691948915325 0.328914079569587 0.536162930657917 0.30831905794661
-9999 -9999 0.196435337177532 0.313138335629843 0.252014682826546 0.216039647591164 0.211422856409151 0.367792037767122 1.33756201873882 0.170966936862437 0.4409270526836 0.450007011794596 1.03421296361484 0.275048421103047 0.295453539815471 0.370967170184881 0.286624771379329 0.263806439492763 0.239987979418177 0.610303485775402 0.218806291354964 0.385005415018757 0.285440136657329 0.457662685352336 0.694334868329343 0.34037691283217 0.272815839907061 0.266622139818719 0.409012314051792 0.994612257411887 0.953450443086004 0.25641203468481 0.297052619827737 0.300637539169469 0.592011695503871 0.25671109292482 0.427346158425128 0.311194512238601 0.349696713400429 0.939141520035541 0.335451041651117 3.80307764385019 0.321146565539994 0.319192028233935 0.378106729314571
-9999 0.278732886333714 0.429677761724789 0.267728939654241 0.167775936037826 0.251910091787232 1.3153871596867 1.32234681103307 0.188409644642629 0.164035271798274 0.427888619103412 0.281697072635299 0.529288165160199 0.965909348963797 0.906800405408937 0.299836249183944 0.351491271378386 0.263225391309741 0.39820586689968 0.516765669742067 0.334283701053168 0.272594340491482 0.27803431996637 0.409952906494344 0.245287547203931 0.523331316992639 0.230652649795682 0.213030808849483 0.306391232073808 0.298213219563947 0.444746484827282 0.946413861003268 0.43457923649463 0.262304676852754 0.573822414044568 0.27434542924298 0.383925465786867 0.297199425642188 0.335363210431901 0.90331639488002 0.278834245112473 3.79877098220028 0.31039311746963 0.306978113792742 0.247817537717131
-9999 0.26710126426058 0.319493610041494 1.28038632881747 1.2845841245777 1.30612494283311 0.255684220400874 0.298342831376657 0.305751729338415 0.409442622397246 0.283622445050335 0.449139808133746 0.315868148907179 0.488082191974032 0.302895665852236 0.867715837044116 0.695202744393923 0.260855437627174 0.287560182619215 0.266563934201741 0.436173430413477 0.272473098334611 0.27073479213251 0.37619715296193 0.244608229748644 0.491818086385559 0.454950364979263 0.390349804370317 0.217994111551939 0.216934051308771 0.359738847163243 0.289388929678335 0.89163675451817 0.262021590486265 0.271889664539006 0.528164179929309 0.280947752620569 0.269148025482644 0.694528698667153 0.716040142910086 0.275325105157137 0.281222559477465 3.79619166742837 0.650300574456828 0.29669191473186
