Model input/Uganda/rivergeometry/river_restime_1jan.asc
NCOLS 67 
NROWS 67 
XLLCORNER 29.5 
YLLCORNER -1.5 
CELLSIZE 0.0833333333283582 
NODATA_value -9999 
[rows 38 to 56 of 67, columns 0 to 41 of 67]
-9999 0.00217161047571168 0.0019089329514408 0.00156307366663696 0.00177889089428566 0.0015924736771883 0.000944799833378091 0.00133029300898865 0.00176646672532875 0.00261899446743204 0.00136720130178238 0.00219727910247677 0.00127521111971155 0.00151732672841047 0.00109773203331551 0.00154571487335378 0.00208521633004014 0.00161047033181657 0.00199257700795197 0.00129557605156871 0.0014862643529386 0.00157494859869777 0.0022209306562331 0.0013828820757765 0.00161646462266297 0.00181959814590583 0.00163812744430493 0.00166656777453607 0.00150239381988034 0.00216090421126182 0.00191587822657535 0.00153230644094086 0.00136836917177927 0.00159022659103635 0.00125634022095449 0.00156773602242685 0.00140347457053324 0.0015312705645811 0.00208543790563679 0.00108828040978672 0.00219398381479064 0.000717549066822917
-9999 0.00220454158940761 0.00208633379921635 0.000950434973370097 0.000949679575921015 0.00133389624112597 0.00159779646623519 0.00152972093116339 0.0015200832225532 0.00196226667038693 0.00155079467649407 0.00189911804493525 0.00147492077527585 0.00130173804966673 0.00150394008625603 0.00156711268768527 0.00118718829689837 0.00160957704535785 0.00155348724179055 0.0022254270755073 0.00193194570587965 0.00222682511484339 0.00157490707867355 0.00141675309850821 0.00161944931623255 0.0013078809010544 0.00134876636716411 0.0014078602700224 0.0016557200121764 0.00166857967685349 0.00143670395938946 0.00217991315741921 0.00156012125769952 0.00223422779687865 0.00157176409550011 0.00183041944084855 0.00154034992983202 0.00156996250786244 0.00167057364232585 0.0011666912593766 0.00156480689599285 0.00154034608263907
0.00229805760727924 0.00170222800907383 0.000955512850298741 0.000947631185676487 0.00183192129261805 0.00133909848129332 0.00170458525179635 0.00160390681630861 0.00220996187792882 0.00155368236275468 0.00158670905988719 0.00148710352746883 0.0021312444751238 0.00133547248238884 0.00150366733193703 0.00122482609995613 0.00131398059314206 0.00178437784086487 0.00153663098160534 0.00154678431223927 0.00156313786272298 0.00206967396593077 0.00157104913425018 0.00171856572464884 0.00178454939819911 0.00164062995348038 0.00156713741672939 0.00146034495366534 0.00159188957311046 0.00169094938159894 0.00150585714619734 0.00160541505960347 0.00111049477313353 0.00205752620269117 0.00157061030486513 0.00134189799170378 0.00157436388921644 0.00219806300698922 0.00155200733394083 0.00172094696533353 0.00167652003056123 0.00155347474245478
0.00159974321873707 0.0020894929177608 0.000952064994952793 0.00141401252943693 0.00142640752837427 0.00138506664599668 0.00221439605002894 0.00158843633169915 0.00151737116471107 0.00134137013913523 0.00183263692821453 0.00154884946593291 0.0021214789057476 0.00148395167303286 0.00200566354815153 0.00131988685064206 0.00154912944581792 0.00192442479351448 0.00180467191890426 0.00132398641989413 0.00142032815685376 0.00145750113776795 0.00156580070700117 0.00157805537167646 0.00238215636572504 0.00167523849917376 0.0017957972051878 0.00159529272393867 0.00228080658598817 0.00160689308277105 0.00151805087089439 0.00192111940822125 0.0011307060408362 0.00164527941744632 0.00161706362061345 0.00160869841168473 0.00210833413322634 0.0015648996593332 0.00177694652561976 0.0014477000343601 0.0011999010100057 0.0013566894206726
0.00176826600916996 0.00235376797915179 0.000955422751331594 0.00241670632964998 0.00143900291124439 0.00145279282413919 0.00229041955174486 0.00147729029501895 0.00139282241497743 0.00155034031933064 0.00152156906688015 0.00125325564709876 0.00143434554185608 0.00155324930482693 0.00155538461561389 0.00159006564212693 0.00206766945956859 0.0015073303178977 0.00209884276806955 0.00159759869601932 0.00227902486408672 0.00160623340681485 0.0015960962960153 0.00213995803054994 0.00185707005777619 0.00141888184202508 0.00157908467329534 0.00214509151657858 0.00171117630590352 0.00179778597971578 0.00206315145452084 0.00155481810271107 0.00113836202343413 0.00125573782503624 0.00144456869720551 0.00162976279763042 0.00160246570635201 0.00157489088478977 0.00128590898866572 0.00155697322984009 0.00126372636339293 0.00138814923642914
0.00096794448315527 0.00135627238578727 0.00164076169658938 0.00215531496907241 0.00154608946025229 0.00158669216176522 0.0016441356191213 0.00210848446983409 0.00192490105382754 0.00148962009762647 0.00142638959076167 0.00124619458630236 0.00120490520579205 0.0016905460257308 0.0024076957738684 0.00260486987037659 0.00162975199382835 0.00238854764860127 0.0023069262280299 0.00172317273301111 0.00181076416789836 0.0015541655329308 0.00199680880016127 0.00183083373228281 0.00251362606518931 0.00198963749982802 0.00255204310151985 0.00179215010287497 0.00142468014307485 0.00125335814587341 0.00161260204960329 0.0016260172647657 0.00121125486630435 0.00154028774304501 0.00189782908511764 0.00138627436214604 0.00156304557118348 0.00193963124267277 0.0015531049654797 0.001555131581246 0.0012813336319159 0.0014353800126079
0.000962043242807025 0.00131416776356933 0.00134028385765287 0.00141343285402269 0.00156997205514269 0.00233125912594293 0.00242542313837629 0.00219322478480358 0.00207927510960657 0.00129890350352487 0.00134378427627354 0.00163229597272683 0.00118955608615132 0.0015280480622746 0.00168319939349603 0.00253902028824859 0.0018200973025639 0.00235220224008594 0.00221173668973009 0.00156700266602706 0.00165594836115412 0.00134983704748789 0.00235212827802179 0.00216002677678602 0.00192419316937266 0.00162762407156805 0.00172048195909122 0.00118812122250535 0.00198365913848752 0.00177846952548947 0.00162066744327875 0.00225143393371566 0.00141648345501781 0.0018035608300017 0.00133302763097611 0.00154882412317292 0.0021437398808026 0.00141699308667371 0.00153711236891412 0.00147178623148398 0.0013320752576881 0.00150618307050214
0.000963530089186947 0.00145078278151849 0.00148904607127744 0.00152492557228294 0.00149125573949383 0.00228820362553211 0.00151727882699895 0.00144358416557402 0.0021679236932851 0.00126238254628254 0.00132865120456727 0.00246488130363415 0.00118622310304423 0.00180277483061139 0.00221155428330934 0.00181669218111585 0.0015099197228061 0.00175975198194442 0.00170589361069653 0.00142130291006155 0.00213566499719085 0.00131588940893645 0.00179214609072145 0.00131393159080201 0.00163194565921924 0.00172071075599395 0.00165091726705337 0.00168590975472765 0.00126178286852656 0.00126178286852656 0.00200121710391211 0.00158656484091682 0.00151527200263835 0.00152509149125927 0.00159359632538462 0.00200352724614862 0.00150662548404632 0.000718322279885717 0.00101927881806108 0.00161952629205197 0.00149854810801953 0.00162260643416839
0.00129972481435086 0.00137147654797772 0.0015784799901228 0.00218739483962587 0.00200944392784582 0.00161500215540302 0.0020393668640463 0.00145111736558178 0.00103498580048253 0.00118313100446007 0.00131655930670085 0.0017105788839083 0.00167887206991202 0.00150658648515152 0.00147917797595677 0.00143976253595788 0.00125574955859905 0.00124373697946049 0.00118055577879101 0.0011465244551777 0.00113789761358977 0.00106237455977135 0.00148735091891149 0.00157699798092164 0.00220931693249215 0.00219656917593495 0.00166908664059571 0.00169646139107144 0.00167251118690358 0.00208700317935983 0.00159243389574301 0.00157803659493705 0.00158746614796273 0.00146808859030382 0.0010192830812477 0.000718322127629052 0.0010192830812477 0.000718322127629052 0.000723156200614439 0.000723156200614439 0.000718322127629052 0.0010192830812477
0.00163921877665418 0.000974253230731163 0.00143089471400171 0.00152777564799783 0.00153294898359218 0.00187830839043963 0.00102806713521234 0.00102806713521234 0.00102806713521234 0.00102806713521234 0.00151855578793935 0.00107848243314194 0.00114116120523615 0.0011430827277138 0.00169485543233182 0.00167815166978455 0.00133579331309064 0.00157902881980807 0.00131123642837303 0.00161760707117522 0.00183921760153078 0.00157592911123786 0.00147610223509537 0.00146743403750709 0.00145165700000919 0.00165772225717235 0.00165636516584453 0.00169379654217927 0.00234966459751565 0.00157480121238948 0.00159265607749445 0.00147127629755241 0.00101928620250933 0.00101928620250933 0.000723160007031064 0.00101928620250933 0.00071832205150072 0.00071832205150072 0.000723160007031064 0.00071832205150072 0.00071832205150072 0.000723160007031064
0.00148976786799661 0.000975103488407898 0.000977709551453105 0.000984297715072075 0.00130106459247673 0.00169097299345913 0.00103499451691122 0.00145881201253253 0.00103499451691122 0.00145881201253253 0.00165225739620901 0.00149541362809744 0.00171404848057039 0.00132513680837409 0.00166138357133593 0.0013238837287213 0.00144459653081033 0.00249704773498445 0.00131869160564841 0.0017399756297591 0.0013385859651265 0.00217463728468599 0.00160358609610562 0.00165590618980304 0.00100664158379956 0.000981811150470284 0.000978743911098701 0.000975329423120861 0.0013664787331594 0.0014786050438308 0.000718321975372387 0.00101928833410264 0.000723162290881039 0.000718321975372387 0.000718321975372387 0.00101928833410264 0.000723162290881039 0.000723162290881039 0.000723162290881039 0.000723162290881039 0.000723162290881039 0.000723162290881039
0.000977709551453105 0.000977709551453105 0.000977709551453105 0.000977709551453105 0.000977709551453105 0.00186194753096665 0.00180802744842918 0.00188944294487238 0.00145881353790755 0.00102806702625698 0.00227034306542451 0.00176286726485427 0.00196977121562026 0.0016168391576881 0.00122574060030469 0.001347398097187 0.00164643982912979 0.00214439456733386 0.00133093541770588 0.00135718765858825 0.00170262664589163 0.00194030519734046 0.00233141380474347 0.00228605825382262 0.00174562665491296 0.00150344101215208 0.00180619986192667 0.00215545487855267 0.000723163052164364 0.000723163052164364 0.00101928939989929 0.000723163052164364 0.000718321975372387 0.000718321975372387 0.000718321975372387 0.000723163052164364 0.000723163052164364 0.000718321975372387 0.000718321975372387 0.000718321975372387 0.000718321975372387 0.000723163052164364
0.00138735549531286 0.000977709551453105 0.000984297715072075 0.000977709551453105 0.000984297715072075 0.00192978553531796 0.00144152679191307 0.00103391270379405 0.00102806702625698 0.00172898734151524 0.00173836489357752 0.001735173264087 0.00140719144282612 0.00162101290785139 0.0012337535420912 0.00138983832077183 0.00166087126519933 0.00157388609669044 0.00181033936509239 0.00136516897430956 0.00170408043540702 0.00138986535948087 0.00168575300216003 0.00227949989480998 0.00125508644371758 0.00160007313543072 0.00128114832983402 0.00162484997050547 0.00101928939989929 0.000723162290881039 0.000723162290881039 0.000723162290881039 0.000723162290881039 0.000723162290881039 0.000723162290881039 0.00101928939989929 0.000718321975372387 0.00101928939989929 0.000718321975372387 0.000718321975372387 0.000723162290881039 0.00101928833410264
0.000984294606519071 0.00138735259399673 0.000984294606519071 0.000984294606519071 0.000984294606519071 0.00102178345575335 0.00185532576759674 0.00184614132505839 0.00173354856784096 0.00217580458578225 0.00179816344246787 0.00222999321665159 0.00157817821519894 0.00224356875326787 0.00126445726613234 0.0017268043738286 0.00204482761200296 0.00166551281338169 0.00220237956561754 0.00147520744681577 0.0016622637253874 0.00152494114718587 0.00229853879283816 0.00160050233303429 0.0012720020427547 0.00232382989107301 0.00135536287487493 0.00161333535667906 0.000723160007031064 0.00101928620250933 0.00071832205150072 0.000723160007031064 0.000723160007031064 0.00071832205150072 0.00071832205150072 0.00071832205150072 0.000723160007031064 0.000723160007031064 0.000723160007031064 0.00101928620250933 0.000723160007031064 0.000723160007031064
0.000984289425597397 0.000977709758689972 0.00138734834564096 0.00138734834564096 0.000984289425597397 0.00171094110067013 0.00198416865790485 0.00131680423891764 0.00235040290562545 0.00194916722954773 0.00238227030412287 0.00268373162323571 0.00159122943995172 0.00203547335067604 0.00140960242335096 0.00206976097846542 0.00163648472906218 0.00235866716529132 0.00165027440980003 0.00162276122488697 0.00163323676312543 0.00162516934640617 0.00164110980738074 0.00144604625197544 0.00133085212516261 0.00216447096376938 0.00147994512649901 0.00227446536464771 0.00151854177618456 0.00212673482046021 0.0010192830812477 0.00101928620250933 0.0010192830812477 0.000718322127629052 0.000723156200614439 0.000723156200614439 0.0010192830812477 0.000723156200614439 0.000718322127629052 0.000723156200614439 0.000723156200614439 0.000723156200614439
0.00138734254300868 0.000977709965926838 0.00138734254300868 0.00138734254300868 0.000984282275925487 0.0019981486884218 0.00246088859637907 0.00132628907924331 0.00136021369007419 0.00160875102385159 0.00163600603321513 0.00161454561327222 0.00227089526975332 0.00212286932005718 0.00163964670442327 0.00163737895671161 0.00232664668818846 0.00162146239503744 0.00159544228732228 0.00159153391061757 0.00216937291144152 0.00238892949740102 0.00229897004751368 0.00169199032476446 0.00145521316685315 0.00165473497125369 0.00159636709955925 0.00156967865224281 0.0013952862854763 0.00131250995426285 0.000718322127629052 0.000723150947759497 0.000723150947759497 0.000718322279885717 0.000718322279885717 0.000723150947759497 0.0010192830812477 0.000718322127629052 0.000723150947759497 0.000723150947759497 0.00101927881806108 0.000718322279885717
0.000977710173163705 0.00138733539333677 0.000977710173163705 0.00138733539333677 0.00190683758768279 0.00222051584438595 0.00163497606649867 0.0020815750672159 0.00163095976263558 0.00158723551105897 0.00212258359627442 0.00150762212815154 0.00160281094918546 0.00161498295280385 0.00162280246201301 0.00214077808482646 0.00163518738619573 0.00151484649791038 0.00210358875169285 0.00125527033747619 0.00143409429931492 0.00151824039669383 0.00160401541405528 0.0022952779241776 0.00160506829034262 0.00178400577597088 0.00172641761602862 0.000723144096209572 0.00101927881806108 0.000718322279885717 0.000718322279885717 0.000723144096209572 0.00101927881806108 0.00101927356520613 0.000718322279885717 0.00101927881806108 0.000723144096209572 0.000723144096209572 0.00101927356520613 0.000723144096209572 0.000723144096209572 0.00101927356520613
0.000977710380400572 0.000977710380400572 0.00115407550815033 0.00247812457144451 0.00188474846753646 0.00166988602448866 0.00222695199670243 0.00157200612659814 0.00157210376487661 0.0013708035599549 0.00224647811404237 0.00143815897200305 0.00148715083247113 0.00230277016180831 0.00163154522136052 0.00158871948615891 0.0020116191712879 0.0013637721279209 0.00164004154827447 0.00125527060354517 0.00170580158763165 0.00157820960129756 0.00170847505803709 0.00168278020679483 0.0023822326558077 0.00180889584103075 0.00216905736299856 0.00101927356520613 0.000718322584399047 0.00101927356520613 0.00101927356520613 0.000718322432142382 0.000723135722092997 0.000723135722092997 0.000723135722092997 0.00101926724655454 0.000718322584399047 0.00101926724655454 0.000718322584399047 0.000718322584399047 0.00101926724655454 0.000718322584399047
0.000977710691255873 0.000977710691255873 0.00115584047040888 0.00117381897392217 0.00169375894122302 0.00192347836426553 0.00155513177749803 0.00157227491450179 0.00208974957623764 0.00133260358271033 0.0015999521868081 0.0011841117955005 0.00115903428357375 0.00115043963244293 0.00114287546474984 0.00159663101877496 0.00107507169778342 0.00127611852440649 0.0010463040678911 0.00147479654143709 0.00103306593345124 0.00210158254831792 0.00145560272502616 0.00221850409013447 0.00165328887644952 0.00220899791780137 0.000718322584399047 0.000723125825409772 0.000723125825409772 0.000723125825409772 0.000723125825409772 0.000723125825409772 0.00101925978597795 0.00101925978597795 0.000718322812784045 0.000718322584399047 0.00101926724655454 0.000723125825409772 0.000723125825409772 0.000718322812784045 0.000718322584399047 0.000718322812784045
