Model input/Uganda/rivergeometry/river_depth_1mar.asc
NCOLS 67 
NROWS 67 
XLLCORNER 29.500000001 
YLLCORNER -1.499999999 
CELLSIZE 0.0833333332985075 
NODATA_value -9999 
[rows 40 to 59 of 67, columns 0 to 44 of 67]
0.233583859322651 0.202057945797883 1.18847147517139 1.19804840817068 0.157399551069872 0.481937830171093 0.211934607515463 0.257496053172182 0.275591992645405 0.267660725720371 0.250786012318601 0.317722804704817 0.306435167301636 0.451128924082128 0.310843809813995 0.629126486870974 0.505951377150156 0.604015958636029 0.320444212659163 0.316776966389384 0.30764342492571 0.38560691513504 0.30906098557917 0.268592470537668 0.265491063719072 0.265587923183331 0.293290482309327 0.338714213114014 0.257336715294752 0.209664968408974 0.302589546496684 0.253488632377604 0.853087113474583 0.376130953520725 0.300922002575453 0.467090096580059 0.2723360694878 0.274164781523462 0.262582380600719 0.62443616005005 0.668905933924654 0.279686645470526 3.58742812246892 0.397875551652224 0.515685209628822
0.248420197829863 0.320468309493084 1.17026752102614 0.414386285370222 0.405664519111992 0.436089359903374 0.278814189961324 0.263975066899628 0.291479458135407 0.449695755591656 0.499129475254577 0.272473066532223 0.309507493195332 0.316945402822539 0.381730793145859 0.50862494769877 0.296985123898399 0.464964704590884 0.583913153001893 0.525994744060245 0.413243098153463 0.381549040944677 0.305616480423488 0.349444357338451 0.316470533913174 0.250452759160357 0.179915084234081 0.249684857688067 0.241668795027504 0.249886134236987 0.294218395182827 0.432753446920103 0.805296724682788 0.264720555161388 0.263358441366021 0.258841914448185 0.325806737723175 0.269497714589063 0.565042632086229 0.343142204135032 0.635514324458846 0.4329746475771 3.58750628374539 0.318944810970776 0.476300968641255
0.173778458935327 0.215496139165779 1.14388612349595 0.198033524102568 0.388867956081154 0.381874164264701 0.25281347095084 0.342162460710876 0.401108486202394 0.269629701292172 0.288236683267812 0.551965321814214 0.355735854516223 0.279084628796426 0.28717220808893 0.286208933428246 0.375127979201512 0.326686180700699 0.345383657784092 0.283327626261227 0.2716687286025 0.247805797014296 0.258190495369312 0.401511270561069 0.233463557569735 0.454631539342688 0.285327381175458 0.319023876371008 0.229624059332968 0.197689836661059 0.343338386836525 0.270710534070113 0.78500740746703 0.585278111597499 0.380108037117861 0.257255097219052 0.255500204015418 0.264551279553924 0.520293040895257 0.26741008007384 0.534204647401929 0.392332989683803 3.5875576940396 3.5874062903709 0.289750795486329
1.10247273415698 1.1417704541886 0.228157080428106 0.296055653966697 0.329165510070729 0.314703894349005 0.241229965901152 0.326699863800206 0.434387058018687 0.305594459910627 0.356018892762468 0.575670319593678 0.635022583578184 0.238029586855285 0.238333273356949 0.237593611987904 0.264173098559102 0.219720227445541 0.250796141095384 0.219155757629779 0.236271979547449 0.297572221262531 0.472619220690177 0.228438082439347 0.238792864165488 0.4682832696615 0.243266318974633 0.253834964487115 0.440681036673696 0.505674466876976 0.307709468047333 0.239278048137476 0.634386044152223 0.278240648219872 0.462050403414647 0.425275187913575 0.276968049941232 0.43220384224112 0.271291283489775 0.272841809895848 0.51086169299034 0.351158849441098 0.199421871121353 3.58735681326673 0.324614513483109
1.09941147569541 0.481775175537791 0.462879703679704 0.390477763401864 0.324062111229674 0.296010426849719 0.204089320340044 0.29079588325598 0.34633312827849 0.497448720203898 0.451867259999697 0.256329566242626 0.679065894347074 0.345500415076075 0.296484485147799 0.237797040811856 0.220989363101336 0.229147773208407 0.250512329500592 0.281947817783504 0.26813663401112 0.517457364850862 0.205827905067463 0.295559801851399 0.537857504968066 0.34805473092183 0.282803756168996 0.716688450745045 0.463160367181128 0.505674466876976 0.273541874732171 0.259025831826177 0.371788878155977 0.544923085433966 0.48257643196099 0.286318399070728 0.322972444544204 0.389564394751977 0.296316442727347 0.333317660853865 0.450061422393508 0.2996217139037 3.58630600757385 3.58630600757385 3.58630600757385
1.09011291506555 0.355641926923071 0.329109993328635 0.298636469336739 0.386961176777478 0.281532588397572 0.354263557816057 0.390900687140115 0.307204971715372 0.553350544258801 0.474128978873133 0.222976711600438 0.688973243334099 0.231243834534737 0.369090681997296 0.22050423941828 0.347774362040463 0.214268078730024 0.214842403919641 0.355575052681112 0.308424230327795 0.536798166842823 0.592066454486841 0.568297156534759 0.259525934518442 0.293739594535567 0.327740168444297 0.716688450745045 0.505674466876976 0.505674466876976 0.381677103000584 0.264131841231347 0.297755499325601 0.291490754726063 0.25498787357181 0.399834642557588 0.342023434123785 3.58630600757385 3.58630600757385 0.238525868636188 0.301001454679573 0.236419823412891 3.58630600757385 3.58630600757385 3.58630600757385
0.500738097721204 1.07030883415106 0.263366971664288 0.291301429774036 0.43965890470562 0.255372217451754 0.387378948496463 0.393089075183521 0.972191006446539 0.702081431894182 0.511883940481087 0.238384917704719 0.697764763704733 0.419937215681676 0.427498708201 0.455142214712007 0.606945425579664 0.612608785586637 0.744373147360966 0.803304034660104 0.792060547436274 1.02360639447632 1.00997091236195 0.231328374513353 0.305161486235594 0.310741225999737 0.723303019177297 0.247701006291686 0.259109272924071 0.328521935919464 0.259854931345803 0.262253302399421 0.263137010236715 0.33442714932596 3.58630600757385 3.58630600757385 3.58630600757385 3.58630600757385 3.58630600757385 3.58630600757385 3.58630600757385 3.58630600757385 3.58630600757385 3.58630600757385 3.58630600757385
0.224339961018694 1.01928890179605 0.363767458732924 0.301015411251018 0.301288693999664 0.520210265211337 0.972191006446539 0.972191006446539 0.972191006446539 0.972191006446539 0.969360659415836 0.96509385926154 0.786015471899101 0.78022391715332 0.224773886814144 0.222418652469419 0.436662011484686 0.23268292408384 0.551901204108705 0.307191351712028 0.574609626589954 0.225714669238732 0.322873413604255 1.03470042547918 0.383498702779223 0.730151561800767 0.252838523004407 0.252985461739289 0.256683286318536 0.263029354186714 0.253411455953061 0.330365482621958 3.58630600757385 3.58630600757385 3.58630600757385 3.58630600757385 3.58630600757385 3.58630600757385 3.58630600757385 3.58630600757385 3.58630600757385 3.58630600757385 3.58630600757385 3.58630600757385 3.58630600757385
0.317135029192541 1.01534317642183 0.999239446531504 0.999239446531504 0.542484992176495 0.211928147019355 0.972191006446539 0.972191006446539 0.972191006446539 0.972191006446539 0.235237043072881 0.353305643006968 0.223661624351781 0.480062843661211 0.694353925020046 0.470293186922252 0.352903235589447 0.205255062830125 0.544903143930055 0.240790241469172 0.519479233045519 0.319727198967108 0.267945666278635 0.2719277784043 1.16854677263639 1.2698425908072 1.2702117921844 1.27444152762958 1.28401440396862 0.331953202703115 3.58630600757385 3.58630600757385 3.58630600757385 3.58630600757385 3.58630600757385 3.58630600757385 3.58630600757385 3.58630600757385 3.58630600757385 3.58630600757385 3.58630600757385 3.58630600757385 3.58630600757385 3.58630600757385 3.58630600757385
0.999239446531504 0.999239446531504 0.999239446531504 0.999239446531504 0.999239446531504 0.147044287993577 0.16460987788843 0.204537443670262 0.972191006446539 0.972191006446539 0.273242860247339 0.211993199756117 0.415111267767265 0.230846030139135 0.597543506284172 0.430115043657263 0.221332750163402 0.318033790615755 0.527774998122896 0.513560626486952 0.26636781261062 0.482675404261562 0.261430328900257 0.292672967131696 0.648225758446123 0.305132341158036 0.533711168533214 0.294524424330822 3.58630600757385 3.58630600757385 3.58630600757385 3.58630600757385 3.58630600757385 3.58630600757385 3.58630600757385 3.58630600757385 3.58630600757385 3.58630600757385 3.58630600757385 3.58630600757385 3.58630600757385 3.58630600757385 3.58630600757385 3.58630600757385 3.58630600757385
0.999239446531504 0.999239446531504 0.999239446531504 0.999239446531504 0.999239446531504 0.128786767395183 1.02141788289719 0.975401333152968 0.972191006446539 0.190671859318042 0.211460858525928 0.211241455012857 0.392916997013483 0.231053532093916 0.586623208638611 0.392262369743858 0.21630506454511 0.275359978795774 0.186812312490367 0.490653418086966 0.257810147682782 0.463897441003196 0.251174836463302 0.246968726477603 0.625618505876585 0.254150119419627 0.524032107479073 0.24187685125676 3.58630600757385 3.58630600757385 3.58630600757385 3.58630600757385 3.58630600757385 3.58630600757385 3.58630600757385 3.58630600757385 3.58630600757385 3.58630600757385 3.58630600757385 3.58630600757385 3.58630600757385 3.58630600757385 3.58630600757385 3.58630600757385 3.58630600757385
0.999239446531504 0.999239446531504 0.999239446531504 0.999239446531504 0.999239446531504 1.02136470476408 0.163688705645749 0.498414980528705 0.186102038242565 0.298455106846325 0.172686484893762 0.27688306442202 0.262574524029044 0.256679520826803 0.544017318955436 0.190771713723325 0.35189201829678 0.222655556560252 0.286497060905087 0.386592691487064 0.249225433864859 0.352654163215336 0.282021607500691 0.255160149018583 0.605333984049836 0.232341439687348 0.435042511789864 0.24745882109986 3.58630600757385 3.58630600757385 3.58630600757385 3.58630600757385 3.58630600757385 3.58630600757385 3.58630600757385 3.58630600757385 3.58630600757385 3.58630600757385 3.58630600757385 3.58630600757385 3.58630600757385 3.58630600757385 3.58630600757385 3.58630600757385 3.58630600757385
0.999239446531504 0.999239446531504 0.999239446531504 0.999239446531504 0.999239446531504 0.201729907208948 0.123791519549477 0.475775391098892 0.233668311772429 0.133134114749451 0.22329103370493 0.141812769715737 0.263797908424682 0.358658956458622 0.374711640834555 0.345036971076667 0.230517761036054 0.223088365121231 0.226784546946047 0.281872620632203 0.26960869134976 0.288806286826659 0.285700525533763 0.428597683052057 0.540289352365962 0.314578090340477 0.325905276054322 0.249566752376608 0.293913443739584 0.347693295213161 3.58630600757385 3.58630600757385 3.58630600757385 3.58630600757385 3.58630600757385 3.58630600757385 3.58630600757385 3.58630600757385 3.58630600757385 3.58630600757385 3.58630600757385 3.58630600757385 3.58630600757385 3.58630600757385 3.58630600757385
0.999239446531504 0.999239446531504 0.999239446531504 0.999239446531504 0.999239446531504 0.118925700616325 0.18783171852693 0.465485795563303 0.437303384351726 0.250992363863478 0.258193000921992 0.261315092130472 0.24662892909918 0.306265028021803 0.22842912516121 0.237098326527773 0.235216368679898 0.246174552613502 0.238757517486241 0.240984558556061 0.305997654875901 0.224233757368532 0.293954856389816 0.241358498948614 0.399253702004921 0.254833066843049 0.25259360954107 0.27122328790919 0.398374524997496 0.529482297973835 3.58630600757385 3.58630600757385 3.58630600757385 3.58630600757385 3.58630600757385 3.58630600757385 3.58630600757385 3.58630600757385 3.58630600757385 3.58630600757385 3.58630600757385 3.58630600757385 3.58630600757385 3.58630600757385 3.58630600757385
0.999239446531504 0.999239446531504 0.999239446531504 0.999239446531504 0.135674034635052 0.26423462656102 0.234504532355418 0.330928679302627 0.231262180854833 0.266131782646974 0.33047977283203 0.315767397140781 0.250249076504502 0.239084125064771 0.24641589269484 0.30554838780078 0.237783966560526 0.305875163763535 0.305077238685262 0.557560160262839 0.387280589168999 0.336365031555003 0.298069507410926 0.299340999869626 0.285869258273241 0.218916306150338 0.192654454267825 3.58630600757385 3.58630600757385 3.58630600757385 3.58630600757385 3.58630600757385 3.58630600757385 3.58630600757385 3.58630600757385 3.58630600757385 3.58630600757385 3.58630600757385 3.58630600757385 3.58630600757385 3.58630600757385 3.58630600757385 3.58630600757385 3.58630600757385 3.58630600757385
0.999239446531504 0.999239446531504 0.740672745323668 0.182173311491138 0.458643372835581 0.219033997774929 0.263726163165433 0.261850196476189 0.26400443952478 0.420891188700043 0.252307446569123 0.360786150755568 0.316402412826994 0.237251736217958 0.229861745806321 0.247218383803081 0.376594955314148 0.41664714395363 0.244117170770125 0.557560160262839 0.208708895094226 0.257887872044784 0.199734093011189 0.236609047473703 0.237378305881429 0.163321598731893 0.287386353872683 3.58630600757385 3.58630600757385 3.58630600757385 3.58630600757385 3.58630600757385 3.58630600757385 3.58630600757385 3.58630600757385 3.58630600757385 3.58630600757385 3.58630600757385 3.58630600757385 3.58630600757385 3.58630600757385 3.58630600757385 3.58630600757385 3.58630600757385 3.58630600757385
0.999239446531504 0.999239446531504 0.737433360807967 0.716667620277146 0.204878906301321 0.428663146320534 0.277775637903364 0.260926041922209 0.326391333168206 0.458010320618886 0.247652891457184 0.684563386379919 0.735016975200298 0.75297546813799 0.769583521362901 0.788729174494091 0.912876152485595 0.52669762811939 1.01800985256052 1.01800985256052 1.03771705440305 0.31976570937713 1.04572942444236 0.280931465523211 0.220876786692149 0.279224936543589 3.58630600757385 3.58630600757385 3.58630600757385 3.58630600757385 3.58630600757385 3.58630600757385 3.58630600757385 3.58630600757385 3.58630600757385 3.58630600757385 3.58630600757385 3.58630600757385 3.58630600757385 3.58630600757385 3.58630600757385 3.58630600757385 3.58630600757385 3.58630600757385 3.58630600757385
0.195439235303925 0.521338756491793 0.259323889245398 0.710203590024995 0.221843247096229 0.26418255711911 0.26164961175982 0.445120243867574 0.250885107217116 0.490420678502414 0.60641826908673 0.251194648134182 0.230837690721048 0.242346343259599 0.343559861526819 0.386078082019708 0.912876152485595 0.912876152485595 1.01800985256052 1.01800985256052 1.03771705440305 1.04572942444236 1.04572942444236 0.265740138563165 0.4023214636352 0.245291956690404 3.58630600757385 3.58630600757385 3.58630600757385 3.58630600757385 3.58630600757385 3.58630600757385 3.58630600757385 3.58630600757385 3.58630600757385 3.58630600757385 3.58630600757385 3.58630600757385 3.58630600757385 3.58630600757385 3.58630600757385 3.58630600757385 3.58630600757385 3.58630600757385 3.58630600757385
0.174249802185168 0.503394569145072 0.211806394568681 0.701920436443893 0.219077924919277 0.249464889052732 0.514088832380305 0.469756503501887 0.269005182745908 0.579857621809915 0.327097592916299 0.252227330275349 0.216502365578961 0.224879890044833 0.228912570074663 0.249146258030729 0.912876152485595 0.912876152485595 0.238146180157675 0.221838641740524 0.379221910900711 0.23189499573908 1.05224956374388 0.162185707415411 0.450406321987279 0.465575902450583 3.58630600757385 3.58630600757385 3.58630600757385 3.58630600757385 3.58630600757385 3.58630600757385 3.58630600757385 3.58630600757385 3.58630600757385 3.58630600757385 3.58630600757385 3.58630600757385 3.58630600757385 3.58630600757385 3.58630600757385 3.58630600757385 3.58630600757385 3.58630600757385 3.58630600757385
0.170140496370356 0.497540082067177 0.177655181868529 0.191775967708419 0.688814495573655 0.551280981959009 0.539921142028764 0.249222026947504 0.258650810293111 0.277587561307499 0.280212426640235 0.223852481527816 0.296372321137221 0.213948710924308 0.234226343045239 0.311574789327865 0.306173217785744 0.240481993696046 0.252785828497637 0.294521213851312 0.350877507743458 0.250557450526862 0.225944387733335 1.05480739814496 1.11731003560345 1.12119113167293 3.58630600757385 3.58630600757385 3.58630600757385 3.58630600757385 3.58630600757385 3.58630600757385 3.58630600757385 3.58630600757385 3.58630600757385 3.58630600757385 3.58630600757385 3.58630600757385 3.58630600757385 3.58630600757385 3.58630600757385 3.58630600757385 3.58630600757385 3.58630600757385 3.58630600757385
