Model input/Uganda/rivergeometry/river_depth_1nov.asc
NCOLS 67 
NROWS 67 
XLLCORNER 29.500000001 
YLLCORNER -1.499999999 
CELLSIZE 0.0833333332985075 
NODATA_value -9999 
[rows 40 to 59 of 67, columns 0 to 44 of 67]
0.236888255390437 0.20511720667277 1.37134275392909 1.37788853390269 0.164444506168841 0.545543877087045 0.243686342837128 0.296651327316166 0.306281349159949 0.274468987657199 0.265587577895266 0.340676830779939 0.328074088114418 0.493637934411121 0.334722272731114 0.767576399828464 0.664463749888013 0.79483216549703 0.396009002634266 0.392344224553139 0.384238226997271 0.489674331621576 0.388748593759028 0.407442797777264 0.398880180682651 0.335074039585255 0.377662806904779 0.382245766438432 0.289758692954489 0.214108159414554 0.310605289411336 0.262411192339994 0.895707122673544 0.442773200162036 0.350656417045162 0.528616349935517 0.283355078792992 0.274747384157104 0.273555561756003 0.634630133334379 0.686263619186254 0.281781053287033 3.4754210849615 0.411765988366659 0.540753498092094
0.250576502867855 0.324042706670328 1.35836398370581 0.47103881882117 0.461164143444724 0.493819812047252 0.314866335666516 0.300981925622974 0.315555234413575 0.486850357880401 0.541813052295477 0.30691132818852 0.338449725987003 0.347801495256913 0.448043205099664 0.652735353184126 0.352547315608383 0.631039216511354 0.763734223661972 0.685150634211861 0.540368556852855 0.490733135886771 0.381790743524433 0.533285405515302 0.485490629267552 0.393630474669286 0.238012372962181 0.258609099775049 0.243164939106288 0.258247540923186 0.300682719172587 0.447523820663068 0.844028587875814 0.311159978309936 0.310729302007282 0.306608381586961 0.366593084428163 0.270871964340837 0.573456732562339 0.344794957347254 0.65250875000955 0.452672518563159 3.47577628287759 0.334748881038717 0.500769137737662
0.174177969025518 0.216879741646619 1.3327262746887 0.214928442199843 0.442199518890894 0.43486763472994 0.284551181090657 0.394835866834319 0.459009834487821 0.300806272713073 0.3208107799584 0.604710079534647 0.39766082618135 0.315310309595278 0.365807532064465 0.372203292819083 0.506197457580226 0.43741924807048 0.471955262394751 0.371262418474245 0.351488251389593 0.396151454657594 0.4131571643638 0.608725220548551 0.356292646349527 0.68093605922622 0.355026939390322 0.402777700895174 0.307138029101405 0.307701330439653 0.362917283272919 0.271039270573848 0.814888345516451 0.626880248201484 0.441842177327986 0.305259511170368 0.287813760891196 0.264900469488587 0.529050707305725 0.26969873486369 0.542888132753078 0.410254543212884 3.47598719795246 3.47594268845606 0.305946768250942
1.29805706399693 1.33197301272038 0.231358800110895 0.318779295181044 0.383984744869181 0.364036365447877 0.284400002570777 0.389677646690162 0.502075682784801 0.334500907823743 0.39034552850027 0.631654330121681 0.711572290982262 0.35174974173929 0.353652405293126 0.413816414303963 0.350012967857189 0.321440710045928 0.336611225261443 0.380096672201144 0.3697212373265 0.48447420892906 0.740434410687315 0.359718471807716 0.366405807867538 0.714704782176448 0.356577377908146 0.34910303489598 0.585205974644473 0.716611927049165 0.364738165791682 0.238404398836843 0.640598071493317 0.278787266252403 0.479429859915608 0.442079840185287 0.282770161344004 0.44317106843657 0.271863774003624 0.275427322984517 0.518274218226857 0.363604249999843 0.202506379399612 3.47595924104866 0.352757357192705
1.29679115892278 0.523772166198261 0.50711942242138 0.435485716003216 0.434328874728735 0.36616986192691 0.252113320934968 0.331039545233592 0.427845505881209 0.568647586601144 0.536259875199406 0.32679085473884 0.815438459330545 0.508991697265228 0.539249325101074 0.426198996056724 0.388010595577859 0.410723564454405 0.466963187935507 0.493774925980957 0.440223830218225 0.825696877771287 0.344905512691195 0.483741524260334 0.803959419854614 0.464843952021045 0.391830316451398 0.995984613534448 0.649439718961004 0.716611927049165 0.303322517686853 0.258998024119005 0.371016785328967 0.553185948050484 0.491757213906067 0.286866878849462 0.333599141267789 0.400535695167624 0.300585392761089 0.338413133811513 0.456772711198758 0.308284140946365 3.47466189543602 3.47466189543602 3.47466189543602
1.29097762977829 0.381422113218866 0.357939386347969 0.334934341910929 0.516350278077877 0.336920437624085 0.429439986316766 0.480240817121407 0.365527728485671 0.654985846338807 0.574263003250404 0.319167112320313 0.835272569471161 0.417488735086897 0.676692273568011 0.39121473710708 0.626340520037575 0.37873536841022 0.373328900220127 0.648109469616472 0.527238774938362 0.868072897155424 0.930852259158455 0.858890097768429 0.348282005190387 0.382625087370663 0.392179024010804 0.995984613534448 0.716611927049165 0.716611927049165 0.381246401835678 0.263495235342901 0.296624826837927 0.290239062914517 0.254509162516599 0.41188301576907 0.353705002599868 3.47466189543602 3.47466189543602 0.239491005822497 0.302560786533964 0.237544826841971 3.47466189543602 3.47466189543602 3.47466189543602
0.504726702177466 1.27690162812687 0.277996339147556 0.321511641586634 0.560380109628121 0.286721798189585 0.453838115872765 0.484839478106908 1.38821245426517 0.853769520519519 0.643511859272708 0.339434914637588 0.853194721663543 0.768336408775943 0.798608393922878 0.857471129795573 1.07067992914071 1.09107872367245 1.24479046128294 1.36231494567852 1.37156422273972 1.6919626448333 1.70141711283147 0.371069282381069 0.357753538613141 0.3635145887821 1.01009210547723 0.345343389593643 0.329118691779223 0.328444888004563 0.2592910157451 0.261625333334175 0.2625537189993 0.333509224500871 3.47466189543602 3.47466189543602 3.47466189543602 3.47466189543602 3.47466189543602 3.47466189543602 3.47466189543602 3.47466189543602 3.47466189543602 3.47466189543602 3.47466189543602
0.226065430875895 1.24305696233998 0.38684571498243 0.319880339372178 0.332702151986839 0.637507312013884 1.38821245426517 1.38821245426517 1.38821245426517 1.38821245426517 1.22000013820364 1.21202996305033 0.982366741363834 0.969617907664819 0.309327158095584 0.291620093421762 0.640399427329897 0.398848873636009 0.797778660352416 0.458377589921236 0.812530823253141 0.369580953713397 0.491966021393276 1.74263002619663 0.447837658914149 1.02125474233316 0.335345944028546 0.349707394579488 0.332745472017641 0.262385048784876 0.253204605261995 0.32953877916329 3.47466189543602 3.47466189543602 3.47466189543602 3.47466189543602 3.47466189543602 3.47466189543602 3.47466189543602 3.47466189543602 3.47466189543602 3.47466189543602 3.47466189543602 3.47466189543602 3.47466189543602
0.319645806607009 1.24323886553481 1.23474459226253 1.23474459226253 0.66145658366544 0.249085033354061 1.38821245426517 1.38821245426517 1.38821245426517 1.38821245426517 0.297527626449271 0.517569686092342 0.318776336494828 0.648194096415584 0.824496512755808 0.564574852057758 0.467664236399238 0.326029613981021 0.776402830525055 0.352264874350812 0.718545663604044 0.469239115444771 0.391763925022358 0.379518937609895 1.87742193039171 1.94490229737575 1.95119502132568 1.96182126590391 1.97090800201715 0.332713170373589 3.47466189543602 3.47466189543602 3.47466189543602 3.47466189543602 3.47466189543602 3.47466189543602 3.47466189543602 3.47466189543602 3.47466189543602 3.47466189543602 3.47466189543602 3.47466189543602 3.47466189543602 3.47466189543602 3.47466189543602
1.23474459226253 1.23474459226253 1.23474459226253 1.23474459226253 1.23474459226253 0.160653113576844 0.198997864154392 0.278801798580803 1.38821245426517 1.38821245426517 0.409110831880531 0.31508588802109 0.566907462699329 0.300625433432681 0.703466106281453 0.509670931818076 0.274002686455576 0.415415770509701 0.746360746254724 0.703831378747926 0.357689718420224 0.650744967555051 0.366328751407748 0.371288489508553 0.783678316788974 0.30457730302287 0.532591306011926 0.295084483874183 3.47466189543602 3.47466189543602 3.47466189543602 3.47466189543602 3.47466189543602 3.47466189543602 3.47466189543602 3.47466189543602 3.47466189543602 3.47466189543602 3.47466189543602 3.47466189543602 3.47466189543602 3.47466189543602 3.47466189543602 3.47466189543602 3.47466189543602
1.23474459226253 1.23474459226253 1.23474459226253 1.23474459226253 1.23474459226253 0.172988182275669 1.44211757101322 1.39328280890933 1.38821245426517 0.249327266065317 0.330026339707296 0.301448196074313 0.526940363203174 0.291961648254749 0.686708173325476 0.453527170417857 0.260760385180586 0.337877398073015 0.312676159006797 0.669018791185844 0.35700082958061 0.611463819243515 0.353960218471885 0.335734706657779 0.747733162092954 0.252409937750081 0.523749067960975 0.242051031500945 3.47466189543602 3.47466189543602 3.47466189543602 3.47466189543602 3.47466189543602 3.47466189543602 3.47466189543602 3.47466189543602 3.47466189543602 3.47466189543602 3.47466189543602 3.47466189543602 3.47466189543602 3.47466189543602 3.47466189543602 3.47466189543602 3.47466189543602
1.23474459226253 1.23474459226253 1.23474459226253 1.23474459226253 1.23474459226253 1.44316919181223 0.223991989451945 0.633259921943121 0.253761342546674 0.44671475327476 0.288121313550666 0.397455034740747 0.310035712889291 0.297220889581065 0.629663913431373 0.225014709777957 0.397000458903551 0.253133195131104 0.372551815510864 0.526127431743148 0.360375370382598 0.442009514512401 0.357423024185631 0.344177568950673 0.728654319059664 0.234679202888179 0.43493826824037 0.247552747802899 3.47466189543602 3.47466189543602 3.47466189543602 3.47466189543602 3.47466189543602 3.47466189543602 3.47466189543602 3.47466189543602 3.47466189543602 3.47466189543602 3.47466189543602 3.47466189543602 3.47466189543602 3.47466189543602 3.47466189543602 3.47466189543602 3.47466189543602
1.23474459226253 1.23474459226253 1.23474459226253 1.23474459226253 1.23474459226253 0.241640975442946 0.168188143910957 0.592696037730034 0.331252006905936 0.244276528275301 0.333126099869595 0.21967241724416 0.311540222266531 0.423584148885256 0.435461300134311 0.380176357624484 0.257264017009277 0.243453350716751 0.275330258308473 0.359182582899074 0.363550876123464 0.346995000924188 0.336181510070057 0.508588429954825 0.642949430558975 0.350522265008825 0.325737790419079 0.249292791738961 0.293974574480727 0.350584957189125 3.47466189543602 3.47466189543602 3.47466189543602 3.47466189543602 3.47466189543602 3.47466189543602 3.47466189543602 3.47466189543602 3.47466189543602 3.47466189543602 3.47466189543602 3.47466189543602 3.47466189543602 3.47466189543602 3.47466189543602
1.23474459226253 1.23474459226253 1.23474459226253 1.23474459226253 1.23474459226253 0.13087348473807 0.21855505287674 0.577719251959083 0.543680453727855 0.326891922416366 0.400202904855429 0.378191097376229 0.29669604212183 0.360873665203185 0.257949843366748 0.259742630450708 0.255987865242903 0.280982888566269 0.294972698147488 0.307637312938426 0.418754502766776 0.280000279431365 0.338804833410016 0.291479616330739 0.467575279045467 0.283767564712973 0.251841815413186 0.269437215473888 0.397647714956504 0.527377142619782 3.47466189543602 3.47466189543602 3.47466189543602 3.47466189543602 3.47466189543602 3.47466189543602 3.47466189543602 3.47466189543602 3.47466189543602 3.47466189543602 3.47466189543602 3.47466189543602 3.47466189543602 3.47466189543602 3.47466189543602
1.23474459226253 1.23474459226253 1.23474459226253 1.23474459226253 0.148489784866384 0.310397452161402 0.275847015923443 0.394704440155136 0.305023881369604 0.374379742744547 0.491130657408967 0.452464669047904 0.31507756217112 0.283420922294307 0.295390006499424 0.364622215419877 0.277008583183795 0.351054654382404 0.37758238649424 0.67988803488214 0.459336199797053 0.378317092202068 0.330009788735286 0.337616741925063 0.334505750246326 0.239042465703875 0.189700559690496 3.47466189543602 3.47466189543602 3.47466189543602 3.47466189543602 3.47466189543602 3.47466189543602 3.47466189543602 3.47466189543602 3.47466189543602 3.47466189543602 3.47466189543602 3.47466189543602 3.47466189543602 3.47466189543602 3.47466189543602 3.47466189543602 3.47466189543602 3.47466189543602
1.23474459226253 1.23474459226253 0.827360855647786 0.195179473182424 0.511300115817931 0.255817312391325 0.304407529603354 0.307193907653458 0.313836972074295 0.600386737146327 0.323203669884749 0.502878746078964 0.399748691067329 0.300728464251434 0.291157186284907 0.301530500652543 0.447229916413378 0.495244472613083 0.27479555035901 0.67988803488214 0.24424871021517 0.303222295955866 0.243838125704816 0.271155558985578 0.2657769828869 0.174632533769163 0.285031959262924 3.47466189543602 3.47466189543602 3.47466189543602 3.47466189543602 3.47466189543602 3.47466189543602 3.47466189543602 3.47466189543602 3.47466189543602 3.47466189543602 3.47466189543602 3.47466189543602 3.47466189543602 3.47466189543602 3.47466189543602 3.47466189543602 3.47466189543602 3.47466189543602
1.23474459226253 1.23474459226253 0.824511881721774 0.792804936735546 0.235670817578147 0.475002964176024 0.297648280743371 0.282191168534091 0.375745029859746 0.632093024997816 0.315254922897027 0.882482273703482 0.943991882197318 0.96643775306046 0.985033938566996 1.00580896274924 1.13545584311761 0.620235738447148 1.24936628980749 1.24936628980749 1.2678015735439 0.364267960213564 1.2768621997923 0.308812189200939 0.221889298377449 0.307352648593723 3.47466189543602 3.47466189543602 3.47466189543602 3.47466189543602 3.47466189543602 3.47466189543602 3.47466189543602 3.47466189543602 3.47466189543602 3.47466189543602 3.47466189543602 3.47466189543602 3.47466189543602 3.47466189543602 3.47466189543602 3.47466189543602 3.47466189543602 3.47466189543602 3.47466189543602
0.20081649953574 0.670593769282376 0.348979094522146 0.784608497766084 0.259102777134269 0.286598891968008 0.27603516770691 0.491294546147668 0.268713154801677 0.659053559912446 0.767362367888803 0.298592669713705 0.284079087260201 0.304521818160111 0.406255573980283 0.455341421892232 1.13545584311761 1.13545584311761 1.24936628980749 1.24936628980749 1.2678015735439 1.2768621997923 1.2768621997923 0.267078265038656 0.434389106815334 0.250463618818436 3.47466189543602 3.47466189543602 3.47466189543602 3.47466189543602 3.47466189543602 3.47466189543602 3.47466189543602 3.47466189543602 3.47466189543602 3.47466189543602 3.47466189543602 3.47466189543602 3.47466189543602 3.47466189543602 3.47466189543602 3.47466189543602 3.47466189543602 3.47466189543602 3.47466189543602
0.207893477666368 0.653052188983159 0.316467946147343 0.77350313943008 0.247983200039178 0.278145737082288 0.560429423349487 0.515618206102018 0.296828104977432 0.734810441951297 0.372661679920765 0.295127841647803 0.275489467400427 0.275040811326134 0.26882282145734 0.294827227798389 1.13545584311761 1.13545584311761 0.246162253668317 0.236469775993161 0.396455485461123 0.241177895624663 1.28148960780983 0.166219644198827 0.479163337908413 0.495279254550002 3.47466189543602 3.47466189543602 3.47466189543602 3.47466189543602 3.47466189543602 3.47466189543602 3.47466189543602 3.47466189543602 3.47466189543602 3.47466189543602 3.47466189543602 3.47466189543602 3.47466189543602 3.47466189543602 3.47466189543602 3.47466189543602 3.47466189543602 3.47466189543602 3.47466189543602
0.226000128330136 0.645438166837268 0.286878730597931 0.296397982332194 0.753482729124474 0.603853651826222 0.590102037198467 0.298082554192276 0.278918308519957 0.304774266100956 0.32119169815302 0.264233856014843 0.362843883552978 0.266257114107813 0.267312606266095 0.34612858409765 0.329157174516419 0.257901046674307 0.271753238517634 0.307237688584355 0.366041101216072 0.260204460267279 0.226347062803483 1.28280064476766 1.32818876677328 1.33036533195467 3.47466189543602 3.47466189543602 3.47466189543602 3.47466189543602 3.47466189543602 3.47466189543602 3.47466189543602 3.47466189543602 3.47466189543602 3.47466189543602 3.47466189543602 3.47466189543602 3.47466189543602 3.47466189543602 3.47466189543602 3.47466189543602 3.47466189543602 3.47466189543602 3.47466189543602
