Model input/Uganda/rivergeometry/river_depth_1jul.asc
NCOLS 67 
NROWS 67 
XLLCORNER 29.500000001 
YLLCORNER -1.499999999 
CELLSIZE 0.0833333332985075 
NODATA_value -9999 
[rows 20 to 39 of 67, columns 0 to 44 of 67]
-9999 -9999 -9999 -9999 -9999 -9999 -9999 -9999 -9999 -9999 -9999 -9999 -9999 -9999 -9999 0.388755645271009 0.27861290616076 0.290555374434595 0.342455480652851 0.291147487423312 0.266258998421485 0.315704461520277 0.404509254279259 0.444446038468918 0.548910526622659 0.516806875610213 0.275116079215971 0.345229642953617 4.12244672623547 0.681798130715518 0.263314587091469 0.268759905686014 0.333710986012292 0.333386668945844 0.901792284841074 0.888648700080072 0.490970427061089 0.333592058051228 0.265538688600405 0.303095323762566 0.323747744837605 0.326635917716267 0.366018018544998 0.384693912975072 0.913370483377363
-9999 -9999 -9999 -9999 -9999 -9999 -9999 -9999 -9999 -9999 -9999 -9999 -9999 -9999 -9999 0.265471333589956 0.276127611367026 0.270678627248779 0.239237932946677 0.275616816672709 0.336855516578631 0.255662366072719 0.43632408444956 0.248788254641924 4.13042094891444 4.12968449197885 4.12857546842167 4.12395614483358 0.310864180684357 4.1144988389174 4.11380169995192 0.290641319945842 0.407090615837214 0.320570910407182 0.938612000458401 0.264957553820423 0.330167503128719 0.687334232292098 0.602533965520287 0.550035799443478 0.471264049802424 0.276314909261484 0.267787577772087 0.309893762907906 0.301727146161361
-9999 -9999 -9999 -9999 -9999 -9999 -9999 -9999 -9999 -9999 -9999 -9999 -9999 -9999 -9999 -9999 0.275455549270379 0.342625559044703 0.303614663951467 0.242995956239162 3.98569339804633 3.98569339804633 3.98569339804633 4.13135670490372 0.260155057564485 0.262104906813955 0.271053995278581 0.500890319093979 0.460335565387257 0.404158338108475 0.351356787915267 4.11122627630322 4.11027075838285 4.10692845359758 0.311373025805015 0.32765606243276 0.754369325189689 0.322678516498473 0.412363201861551 0.327191436752679 0.310936940901271 0.276085618666318 0.264367067853686 0.260488708048717 0.296552714459018
-9999 -9999 -9999 -9999 -9999 -9999 -9999 -9999 -9999 -9999 -9999 -9999 -9999 -9999 -9999 -9999 -9999 0.284067967231036 3.98569339804633 3.98569339804633 3.98569339804633 3.98569339804633 3.98569339804633 0.366866022711616 0.325880825015126 0.427160320507449 0.341613531560796 0.45998173230877 0.308909535095901 0.319110184366419 0.293353022235594 0.295007405300397 0.472636713978894 4.08620429526315 0.303814938906667 0.403419133794865 0.824709612964356 0.404708230841489 0.321509601312319 0.310882938667794 0.271103533898706 0.26522861629058 0.3708787092182 0.469823004577079 0.302556197610503
-9999 -9999 -9999 -9999 -9999 -9999 -9999 -9999 -9999 -9999 -9999 -9999 -9999 -9999 -9999 0.246836664084934 0.225738621397597 3.98569339804633 3.98569339804633 3.98569339804633 3.98569339804633 3.98569339804633 3.98569339804633 3.98569339804633 0.799557699674175 0.714390127380758 0.680846580607232 0.381198563173201 0.352018973217119 0.241205925844776 0.288581821675732 0.291737152292312 0.294744909978005 0.510753226317368 4.08416713440918 0.83251350584916 0.308122916009958 0.292044913923989 0.297521446361505 0.495414408981058 0.3871070238256 0.263593895474942 0.633108717007385 0.500746757383378 0.269974323223546
-9999 -9999 -9999 -9999 -9999 -9999 -9999 -9999 -9999 -9999 -9999 -9999 -9999 -9999 -9999 0.29121532905928 3.98569339804633 3.98569339804633 3.98569339804633 3.98569339804633 3.98569339804633 3.98569339804633 3.98569339804633 3.98569339804633 0.353190213198835 0.287083458119313 0.300550113008655 0.511725646023965 0.297784484304137 0.361359392607845 0.286656355061826 0.288800811456288 0.292422339757987 4.06547312139822 0.709082541091911 0.658605813920987 0.635588707026918 0.591733585340178 0.537295533132697 0.338380572339399 0.341062521546075 0.269359327267944 0.702663862046661 0.375220318000901 0.266588395936843
-9999 -9999 -9999 -9999 -9999 -9999 -9999 -9999 -9999 -9999 -9999 -9999 -9999 -9999 -9999 3.98569339804633 3.98569339804633 3.98569339804633 3.98569339804633 3.98569339804633 3.98569339804633 3.98569339804633 3.98569339804633 0.317339368563534 0.565159377399692 0.305119632151746 0.308900235716487 0.470803830640943 0.277489413969755 0.487124266673253 0.35541446540147 0.361707349676056 0.290276598095141 4.05434403091874 4.0556419329744 0.382102477198682 0.306940787714121 0.286353678720035 0.290399504483045 0.443990786117526 0.412377860697773 0.80751417840991 0.283384009947767 0.445895920345962 0.368966445050592
-9999 -9999 -9999 -9999 -9999 -9999 -9999 -9999 -9999 -9999 -9999 -9999 -9999 -9999 -9999 3.98569339804633 3.98569339804633 3.98569339804633 3.98569339804633 3.98569339804633 3.98569339804633 3.98569339804633 3.98569339804633 0.230669938954971 0.471638444459799 0.303905907421691 0.287964487188039 0.283378163248667 0.288122331797242 0.282238425360032 0.5723318781851 4.05361922739288 4.05361922739288 4.05361922739288 0.279895880682262 0.283890588325532 0.308246827584083 0.438258663938664 0.538627653995515 1.01151202108297 0.963838276895769 0.651373729499834 0.300247007163323 0.480920482399229 3.91091478816794
-9999 -9999 -9999 -9999 -9999 -9999 -9999 -9999 -9999 -9999 -9999 -9999 -9999 -9999 3.98569339804633 3.98569339804633 3.98569339804633 3.98569339804633 3.98569339804633 3.98569339804633 3.98569339804633 3.98569339804633 0.487401116897625 0.417902482886817 0.446967297264422 0.408733702289617 0.282971831508492 0.457091700321499 0.277984193365752 0.257972844702123 0.339106512342865 4.05361922739288 4.05361922739288 4.05361922739288 1.1537257469827 0.367608293449597 0.287373949568053 0.350878001935384 1.08612569412471 0.314750307789531 0.30399149547668 0.576777003217797 0.538911725322946 0.276037535093601 3.91091478816794
-9999 -9999 -9999 -9999 -9999 -9999 -9999 -9999 -9999 -9999 -9999 3.98569339804633 3.98569339804633 3.98569339804633 3.98569339804633 3.98569339804633 3.98569339804633 3.98569339804633 3.98569339804633 3.98569339804633 3.98569339804633 0.300406403238156 0.298187164802628 0.2783491185563 0.286673009237856 0.359091185963977 0.282926309414859 0.488142688956847 0.266417587425918 0.225647819708052 0.348834683563678 4.05361922739288 4.05361922739288 4.05361922739288 3.91091478816794 1.12967275023509 1.11639497582702 1.10783821103429 3.91091478816794 3.91091478816794 3.91091478816794 3.91091478816794 3.91091478816794 3.91091478816794 3.91091478816794
-9999 -9999 -9999 -9999 -9999 -9999 -9999 -9999 -9999 -9999 0.339234330904287 3.98569339804633 3.98569339804633 3.98569339804633 3.98569339804633 3.98569339804633 3.98569339804633 3.98569339804633 3.98569339804633 3.98569339804633 0.333292066565721 0.263292558382921 0.27267970482117 0.349347211543125 0.287381313852115 0.275568357068373 0.371374874078592 0.577557588455801 0.335434727419251 0.182250774339059 1.5892985947574 0.400213484732131 0.283010374768248 0.434526591764652 3.91091478816794 3.91091478816794 3.91091478816794 3.91091478816794 3.91091478816794 3.91091478816794 3.91091478816794 3.91091478816794 3.91091478816794 3.91091478816794 3.91091478816794
-9999 -9999 -9999 -9999 -9999 -9999 -9999 -9999 -9999 -9999 3.98569339804633 3.98569339804633 3.98569339804633 3.98569339804633 3.98569339804633 3.98569339804633 3.98569339804633 3.98569339804633 0.253706413847512 0.544860323255839 0.271046852651241 0.27231441055762 0.290255669237656 0.28767803012754 0.498491287978333 0.373587526894944 0.623181319490539 0.599041282588955 1.46048570129342 1.58679952330577 0.926825602176979 0.298525214260117 0.298489257966958 0.293094642817359 0.410591548096463 0.346459104037209 3.91091478816794 3.91091478816794 3.91091478816794 3.91091478816794 3.91091478816794 3.91091478816794 3.91091478816794 3.91091478816794 3.91091478816794
-9999 -9999 -9999 -9999 -9999 -9999 -9999 -9999 -9999 0.321333358079069 3.98569339804633 3.98569339804633 3.98569339804633 3.98569339804633 3.98569339804633 3.98569339804633 3.98569339804633 0.411977321926895 0.27737362559612 0.519946143544625 0.441933621756213 0.355347127677589 0.269833459056197 0.283779060294039 1.03746045807439 1.06591741350036 0.645258532580094 1.45129499205686 0.255894816319901 0.249975664604879 0.271373146709802 0.900463279498336 0.30826138484234 0.314538126100969 0.305172190718364 0.298988493346616 3.91091478816794 3.91091478816794 3.91091478816794 0.277270822271943 3.91091478816794 3.91091478816794 3.91091478816794 3.91091478816794 3.91091478816794
-9999 -9999 -9999 -9999 -9999 -9999 -9999 -9999 -9999 0.315097063205212 3.98569339804633 3.98569339804633 3.98569339804633 3.98569339804633 3.98569339804633 3.98569339804633 0.288449210016557 0.343829825510628 0.238685575224167 0.241389971856712 0.250631705816295 0.236583109789747 0.941120011433979 0.988378149328396 0.420927995391205 0.259273525813826 1.16160031807454 0.252936510689392 1.12051370799199 0.597105005443422 0.306817784503291 0.266799474607034 0.893994152807734 0.391431557039441 0.314034689281277 0.29095559205205 0.601754601102233 0.293732085973383 0.25807736129347 1.03816817507351 3.91091478816794 3.91091478816794 0.0264524968522279 3.91091478816794 3.91091478816794
-9999 -9999 -9999 -9999 -9999 -9999 0.358237137532249 0.427790786800582 0.329275018876622 0.247731558661697 1.28325850939213 3.98569339804633 3.98569339804633 3.98569339804633 3.98569339804633 0.288903436553157 0.292931927274775 0.262398206702612 0.266734462288556 0.234046859018183 0.551744794502782 0.899393121247318 0.30296768736821 0.258192071637982 0.254152690392353 0.355385855908482 0.370440709991297 0.288157794794614 1.03702153055024 0.297291390310206 0.551584870187646 0.291765474034738 0.420375350628018 0.794656873921967 0.28633582323982 0.30015728594996 0.369436599966058 0.481726544532443 0.298589472174672 1.03816817507351 0.320379792609891 3.70760387339448 0.643606565455884 0.319066645332693 3.91091478816794
-9999 -9999 -9999 -9999 -9999 -9999 0.444352608113247 0.48521111189048 0.255441282179401 1.27741853879724 0.23588761066417 3.98569339804633 3.98569339804633 3.98569339804633 3.98569339804633 0.805513130112915 0.766166012400757 0.739837666160015 0.684186097396291 0.654253629666561 0.484953230438486 0.265293065490825 0.811134217162113 0.759633636148317 0.2532239341021 0.260267402890362 0.289794588717418 0.44821008438125 0.996544252922595 0.230476734332027 0.502808924262329 0.2903001595046 0.359239753066125 0.282745461021174 0.747112430105702 0.293782172710693 0.294471470139284 0.44088088214987 0.317195015025422 1.01185305593544 0.334266798059252 3.6925665699563 0.407240466745924 0.591552739802535 0.305056744996221
-9999 -9999 -9999 -9999 -9999 0.270412611722025 0.31174253679358 0.47140675320023 1.26713603698762 0.191266006098369 0.172975638753415 3.98569339804633 3.98569339804633 3.98569339804633 0.285993630246725 0.445900159726416 0.240536378800799 0.332102471332374 0.3141556647188 0.636930643031139 0.242135523935137 0.441402099806054 0.393402563530362 0.730022114972099 0.300408799782476 0.263477172238102 0.251635559823894 0.3621385254346 0.422395573320313 0.965645216738127 0.305679739431871 0.400271951748369 0.286120106597514 0.28643705285711 0.605529939770495 0.526237903935138 0.29096857133933 0.311478474005583 0.401339343330481 0.990761290761432 0.331788967370676 3.68872059838562 0.322506368345655 0.522792529097814 0.301251416689212
-9999 -9999 0.194888648694825 0.310625435420193 0.249799118601201 0.21480260368753 0.210292205200396 0.365387106143523 1.20693354060369 0.169394807134095 0.431240988453319 0.43885276881211 1.01591967585511 0.269531256134357 0.289693269789424 0.364759486821061 0.283934950682985 0.261981071073436 0.23439465053674 0.626849113583304 0.218022592288971 0.398853157824927 0.297604950483193 0.463150678340562 0.688836391149181 0.337609113153765 0.270216828991807 0.263600133881378 0.400914454832302 0.960219731967945 0.921408769310041 0.247497224684607 0.289584362441824 0.294122534219707 0.565714940772653 0.251243066710301 0.421397510147672 0.305411952956844 0.339204413777665 0.926788313743726 0.331917646186147 3.6841113735003 0.3153146105327 0.312783415130784 0.367219894806027
-9999 0.276110460327784 0.42655917096259 0.266038203177691 0.166378170039787 0.250776044531815 1.1804964034631 1.1886274994148 0.184064510703435 0.162653445673403 0.419943749709562 0.276992841585802 0.51937357176272 0.949549127131278 0.895033588710674 0.297990739870646 0.351508845940458 0.265092372306206 0.407827721564111 0.538113179409502 0.34980396779658 0.283803312723849 0.294369971066566 0.416739844297812 0.247492992939278 0.513496687227262 0.229639927269855 0.212442082503205 0.302705640786245 0.289949818470801 0.43260199412046 0.915234904417271 0.423653312944233 0.256195501532911 0.548694833038579 0.268477953494137 0.3808772183779 0.29314730556754 0.328903882288654 0.891472698648995 0.27680247066108 3.67922205400365 0.303521117167385 0.299696066009824 0.236396293666871
-9999 0.265071243154736 0.316774827155549 1.13943179287811 1.1448366902805 1.16911368987439 0.252650944875756 0.288864059650885 0.300617701397431 0.402193135486907 0.279717845986783 0.44280702924794 0.309831502930499 0.483076243985756 0.301683530480265 0.859027080650722 0.690787335662478 0.263474779856594 0.294643118991522 0.282525787173342 0.456705536080396 0.289689474765215 0.283607365950249 0.380395974331711 0.247322879727862 0.482225147175254 0.446898401569893 0.382686647834861 0.216468337593987 0.211624380030864 0.350854513326488 0.281564320121944 0.862976460607044 0.258102171083754 0.265609680151023 0.503085156481054 0.279602806116631 0.268134075287989 0.687160900410428 0.704935865275261 0.273108392147375 0.280636563361667 3.67614312113939 0.641436387903432 0.292081455095486
