Model input/Uganda/rivergeometry/river_restime_1feb.asc
NCOLS 67 
NROWS 67 
XLLCORNER 29.5 
YLLCORNER -1.5 
CELLSIZE 0.0833333333283582 
NODATA_value -9999 
[rows 19 to 37 of 67, columns 0 to 41 of 67]
-9999 -9999 -9999 -9999 -9999 -9999 -9999 -9999 -9999 -9999 -9999 -9999 -9999 -9999 -9999 0.00153324210365205 0.00129914056794347 0.00172811310937287 0.00222752447972193 0.00195703800894142 0.00170030391760551 0.00244747400803245 0.00158579229677906 0.00169541484101211 0.000999224210107022 0.00238138807464441 0.00193061284895731 0.00161410113390238 0.00231145576817313 0.00121612437148795 0.00131968508157369 0.00137278306513047 0.00149366276194615 0.0013697385384907 0.00166275341755861 0.00142616881849458 0.00201580219250774 0.00209989835453138 0.00159673515107922 0.00158656380606978 0.00143267391146041 0.00152628856223264
-9999 -9999 -9999 -9999 -9999 -9999 -9999 -9999 -9999 -9999 -9999 -9999 -9999 -9999 -9999 0.00196274763710795 0.00216368004179951 0.00150566275210936 0.00204806669946264 0.00161790174395051 0.001715302223575 0.00158434755570955 0.00141617983673724 0.00207304083175462 0.00131441305584614 0.00134804124502783 0.00231001941523748 0.00213785336829558 0.000999147293572698 0.00120446956394683 0.00159812352974427 0.00224091758939802 0.00148944110804503 0.00211442260632162 0.00110654971090326 0.00111807224710117 0.00133224077633638 0.00148896204579898 0.00157565882521972 0.00151129871120616 0.00149094881019931 0.00212274155296669
-9999 -9999 -9999 -9999 -9999 -9999 -9999 -9999 -9999 -9999 -9999 -9999 -9999 -9999 -9999 0.0015517999389762 0.00217672905647684 0.00218899793574009 0.00160619866079531 0.00157182844726195 0.00210528882776429 0.00164406246361977 0.00204983816400105 0.0016968128424282 0.000998721806259638 0.000708313574914541 0.000708360493084769 0.000708558163804317 0.00158260419291958 0.000999795211769592 0.000709044601919189 0.00155677345335373 0.0014025813635469 0.00213954863877735 0.00155023307772545 0.00160332452995187 0.00148145306830925 0.00168063386216213 0.00124106856112531 0.00127820549572088 0.00134627431901796 0.00157976739241659
-9999 -9999 -9999 -9999 -9999 -9999 -9999 -9999 -9999 -9999 -9999 -9999 -9999 -9999 -9999 -9999 0.00155765737239959 0.00205562139155062 0.00150227875222906 0.00231474477827757 0.000999283194164851 0.000999311192926478 0.000708703833022745 0.000708284036011508 0.00159641303657368 0.0016115038170622 0.00164052577406501 0.00189910539449993 0.00137579116215984 0.00141829539747102 0.00146345695459759 0.00100003133966524 0.000709257113354991 0.000709428162131509 0.00152706298622463 0.00148495986881729 0.00115127063206011 0.00148256402486417 0.00196302610375592 0.00149748018279049 0.00152793574213316 0.0022403636307283
-9999 -9999 -9999 -9999 -9999 -9999 -9999 -9999 -9999 -9999 -9999 -9999 -9999 -9999 -9999 -9999 -9999 0.0021763422536628 0.00070450946920419 0.000704508722570547 0.000708743255279116 0.000704508722570547 0.000708743255279116 0.00149466438959031 0.00152911903660772 0.00202346191328721 0.00155183948312165 0.00196369394069955 0.00158087216736921 0.00150677356134804 0.00154434353068914 0.00155191382993874 0.00189869706518193 0.000706326526501405 0.00153252700384656 0.00196885310778074 0.00159178308976596 0.00140757327396788 0.00150731903066273 0.00149977758967469 0.00158725926366951 0.00226081022727881
-9999 -9999 -9999 -9999 -9999 -9999 -9999 -9999 -9999 -9999 -9999 -9999 -9999 -9999 -9999 0.00159067133438812 0.00163179344863027 0.000704508722570547 0.000999338146401005 0.000999338146401005 0.000708781258931566 0.000704507975936903 0.000708781258931566 0.000704508722570547 0.00166424251841571 0.0012146165826438 0.00122997818426465 0.00146070004841458 0.00210013469700353 0.00163962791091116 0.0021989228568487 0.00219196900010907 0.00154156130370132 0.00131499058716402 0.00100209151600794 0.00112576909030539 0.00151809051061418 0.00217610113252628 0.00214467080534251 0.00186278164520139 0.00143216580814458 0.00160603510673789
-9999 -9999 -9999 -9999 -9999 -9999 -9999 -9999 -9999 -9999 -9999 -9999 -9999 -9999 -9999 0.00152337344384457 0.000999363979925067 0.000708817769316728 0.000708817769316728 0.000708817769316728 0.000999388842825393 0.00070450722930326 0.000708817769316728 0.000999388842825393 0.00154403400178593 0.00165597296981761 0.00222727230649298 0.00187293764087965 0.00219112607479128 0.00144779623705428 0.00155272713011004 0.00154845051960319 0.00155247642512972 0.00100368885268987 0.00118225929512753 0.00120720959916653 0.00122024088393772 0.00124760283434636 0.00128746066745763 0.0014801242123735 0.00147742427194444 0.00158990938249539
-9999 -9999 -9999 -9999 -9999 -9999 -9999 -9999 -9999 -9999 -9999 -9999 -9999 -9999 -9999 0.000999388842825393 0.000708852786434604 0.000708852786434604 0.000708852786434604 0.000999412660438617 0.000704506557332981 0.000708852786434604 0.000999412660438617 0.00156393411950815 0.00180391509267218 0.00157682337901769 0.00155986463565545 0.00134741149749556 0.00157999249842746 0.00187822402212447 0.00146456310190449 0.00205235042334678 0.00219413647743424 0.000712564670877511 0.00100454230618241 0.00201659211925744 0.00152904770900845 0.00155302270561698 0.00154947212887032 0.00139194095958455 0.00142934262388838 0.00163205838177679
-9999 -9999 -9999 -9999 -9999 -9999 -9999 -9999 -9999 -9999 -9999 -9999 -9999 -9999 -9999 0.000708886310285193 0.000708886310285193 0.000708886310285193 0.000999435507428105 0.000704505885362702 0.000708886310285193 0.000999435507428105 0.000708886310285193 0.00167718396291564 0.00133195009921765 0.00215820837298428 0.00219504651966789 0.00156032826853334 0.0022076719969009 0.00222352999763567 0.00179003230614382 0.000712638718233747 0.000712638718233747 0.000708235106036994 0.00157194728914415 0.00220679691342347 0.00153110031729718 0.00137724805155734 0.00130688212507912 0.00153227860116336 0.00109988904049589 0.0012363458388598
-9999 -9999 -9999 -9999 -9999 -9999 -9999 -9999 -9999 -9999 -9999 -9999 -9999 -9999 0.000708918340868495 0.000999435507428105 0.000708918340868495 0.000999457234467128 0.000708918340868495 0.000999457234467128 0.000999457234467128 0.000704505288055787 0.00186565539960537 0.00138341893765547 0.00134936382059809 0.0013936129766565 0.00220674726735525 0.00134784727395824 0.00156891731915333 0.00226206873025943 0.00148705726928161 0.00100474774609987 0.00100472590405127 0.000712670918367249 0.00147999291571272 0.00150398587455758 0.00159462303686808 0.00157938625471438 0.00150328247765307 0.00156184258513913 0.00151925761592167 0.00125854489914985
-9999 -9999 -9999 -9999 -9999 -9999 -9999 -9999 -9999 -9999 -9999 0.000704505288055787 0.000999457234467128 0.00099947791621905 0.000999457234467128 0.00070894887818451 0.00099947791621905 0.000704504690748872 0.00099947791621905 0.000704504690748872 0.00099947791621905 0.00217089580211032 0.00152710848846198 0.00155115969161496 0.00216301127163136 0.00143831350716219 0.00153772592742014 0.00131845385389696 0.00157774491151237 0.00167457176371912 0.00206853702448389 0.000708233905099614 0.000712701617329025 0.00100476853732826 0.000721199941906742 0.00148950113108765 0.00106067049443788 0.00106227502157636 0.000716679563863547 0.00101672845760307 0.00101672845760307 0.000716679563863547
-9999 -9999 -9999 -9999 -9999 -9999 -9999 -9999 -9999 -9999 0.00145144628228288 0.000708977996896603 0.000704504690748872 0.000708977996896603 0.000708977996896603 0.000999497627347236 0.000704504093441957 0.000708977996896603 0.000999497627347236 0.000999497627347236 0.00209953908467112 0.00159786407965689 0.00156917618689937 0.00204895349776586 0.00152789463867301 0.0015498779853965 0.00142331528042431 0.00124811170588482 0.00147040011935019 0.00179680300924709 0.00130588370431804 0.00139745987937143 0.00155921342304437 0.00136457533692169 0.000716678348606071 0.00101676954849648 0.000721229563807722 0.000721229563807722 0.000716678956234809 0.00101674949674813 0.000721229563807722 0.00101674949674813
-9999 -9999 -9999 -9999 -9999 -9999 -9999 -9999 -9999 -9999 0.000709005547678044 0.000999516293188322 0.000709005547678044 0.000709005547678044 0.000999516293188322 0.000704503570798407 0.000704503570798407 0.000999516293188322 0.0016149142204553 0.00127247966087315 0.00223087309430215 0.00223239505059681 0.00215824976662296 0.00153563228654738 0.00129646001756212 0.00141574121346964 0.00121922189727783 0.00124235487727341 0.000949981044217248 0.00130668620715435 0.00109080358485923 0.00153713329120683 0.00216845185508578 0.00154587531232725 0.00197061016926156 0.0020722551983329 0.000716677816930925 0.00101678853689455 0.000721257590683265 0.000721257590683265 0.000721257590683265 0.000721257590683265
-9999 -9999 -9999 -9999 -9999 -9999 -9999 -9999 -9999 0.00148736188181919 0.000709031605192199 0.000709031605192199 0.000709031605192199 0.000999533913742306 0.000704503048154857 0.000709031605192199 0.000999533913742306 0.00137968481718891 0.00221226223705007 0.00129032236753175 0.00136281671215122 0.00144966069492841 0.00157562424932079 0.00220297675753327 0.00105311259930151 0.00147202679999731 0.00120687423187509 0.00134198843717283 0.00226042699051278 0.00161216571715449 0.00157029591432541 0.00155092114925231 0.00151422668745096 0.00150660903386602 0.00151874774264338 0.00152642828473916 0.000721284098486963 0.00071667728525578 0.00101680646194232 0.00162926578068266 0.00101680646194232 0.000721284098486963
-9999 -9999 -9999 -9999 -9999 -9999 -9999 -9999 -9999 0.00149901393389855 0.000709056169439067 0.000709056169439067 0.00099955048900919 0.000704502600174671 0.000709056169439067 0.00099955048900919 0.00154153311831235 0.00145308468153204 0.00231066732938545 0.00162233375589675 0.00229165821342133 0.00168276283634097 0.00108531029581888 0.00150751354909271 0.00138416493394171 0.00159400203976312 0.00143456638044757 0.00160919520274143 0.00145052544515568 0.0012450135667349 0.0015257263000415 0.00159029822693802 0.00155453244014707 0.00141919443742451 0.00213782958080849 0.00217896902034688 0.00175207827946542 0.00154052651935283 0.00159987307016887 0.0014832336324775 0.000716676829534226 0.000721309087218815
-9999 -9999 -9999 -9999 -9999 -9999 0.00142629646520958 0.00135415198502944 0.0014747609561623 0.00226481346474605 0.000954780213979245 0.000999566018988972 0.000704502152194485 0.000999566018988972 0.000999566018988972 0.0015291759933908 0.00216314369128683 0.0022375216419151 0.00156631350803974 0.00162487363702555 0.00127624624902524 0.00155045352000934 0.00149789152026682 0.00157263694826434 0.00225469001796289 0.00204888181517743 0.00142239616124452 0.00217578099549096 0.00104577864864381 0.00216590557076617 0.00179671634701111 0.00154491089989106 0.00137502119358614 0.00160850746918693 0.00155473433106826 0.0015341628759643 0.00143067323028513 0.00187182039027951 0.00215893181835862 0.00104541121011651 0.00149186807283414 0.0010167603022316
-9999 -9999 -9999 -9999 -9999 -9999 0.00189885557173001 0.00185059272010429 0.00159153845765781 0.00134728716759284 0.00163776466922696 0.000999580503681654 0.000999580503681654 0.000704501704214298 0.000709100892794307 0.00114307527243977 0.00116167450438067 0.00117556047485989 0.00120742199830029 0.00122717433757094 0.00132609487038219 0.00221528306660904 0.00159861072758372 0.0011561299958483 0.00160450401249844 0.00159181661893924 0.00152776188360766 0.00191369648753945 0.00105790053278579 0.00234060434349483 0.00130183161599582 0.00154461360232011 0.00144004751966956 0.0015585099689646 0.00163737949463824 0.00154145343549518 0.00153911830103844 0.00135479705843135 0.00149435824093762 0.00105280694491767 0.00147619951458543 0.000717234677769096
-9999 -9999 -9999 -9999 -9999 0.0015595075553505 0.002108351155507 0.00132380313323923 0.00134974296189314 0.00246581147256266 0.00255130446689685 0.000709121051902679 0.000704501330897477 0.000704501330897477 0.00155421030226984 0.00194572231861927 0.00162798214387997 0.00146926145960705 0.00212230997180721 0.00123150339612003 0.00161104472605768 0.00194588771810488 0.00141195192901664 0.00116345350601691 0.00151919467360602 0.00224689576031039 0.00227901393291781 0.00143726123434401 0.00136789321114848 0.00151515228437178 0.00151376826629452 0.00197520418237008 0.00154996783206957 0.00154971340264089 0.00122925405567128 0.00181688840814591 0.00154376558225052 0.00150302904829771 0.00140194983847989 0.00105942781991024 0.00147844436670359 0.000717274736733132
-9999 -9999 0.001704193104793 0.00210407606776171 0.00159286051384093 0.001660048025122 0.00168658219245601 0.0014281174545185 0.000961622751104345 0.00184205663237632 0.00136999961418556 0.00135502199539032 0.00105377344587681 0.00223590132367705 0.00221719442770603 0.00145534601357194 0.00157817712356711 0.00158945068194851 0.00164428461853991 0.00123956611004016 0.00169702784137473 0.00142722939589506 0.00156576475936121 0.00135631280301509 0.00168208058383369 0.00146575450800665 0.00156690991711279 0.00157880833467611 0.00138770762642444 0.00106966677719135 0.00109041812330925 0.00160684978254999 0.00217755435715394 0.00216571816995801 0.00125426714999087 0.00159525398132212 0.00193848124547814 0.00151872641061419 0.00207627333209927 0.00108038251686254 0.00208378128742103 0.000717402942198895
