Model input/Uganda/rivergeometry/river_flowvelocity_1dec.asc
NCOLS 67 
NROWS 67 
XLLCORNER 29.500000001 
YLLCORNER -1.499999999 
CELLSIZE 0.0833333332985075 
NODATA_value -9999 
[rows 20 to 39 of 67, columns 0 to 45 of 67]
-9999 -9999 -9999 -9999 -9999 -9999 -9999 -9999 -9999 -9999 -9999 -9999 -9999 -9999 -9999 2.53641702847934 2.30128838665327 2.332473003499 2.43278588872374 2.2128395623065 2.09566717913992 2.25926203825817 2.50085363808328 2.67673823945861 2.7791643763139 2.69843567003518 2.22105331396499 2.37277628724678 5.0164118629415 2.94148012905688 2.21567961941114 2.22832906950553 2.37013457811763 2.3717220333784 3.19113521259473 3.17599813330276 2.66669704308627 2.38390577009748 2.23373992553613 2.32980262479259 2.36547364743703 2.36069343880426 2.45353092666382 2.49970111061511 3.22583486350959 2.20997306781049
-9999 -9999 -9999 -9999 -9999 -9999 -9999 -9999 -9999 -9999 -9999 -9999 -9999 -9999 -9999 2.2610072969728 2.28919335078573 2.27278880999105 2.18280122034672 2.25426510463049 2.37755073535496 2.1572873630416 2.58107490251213 2.2513532826829 5.02053346240355 5.01975329448467 5.01901182654044 5.01708449203808 2.28430052538308 5.01313489961009 5.01266288839309 2.2815967425176 2.51855331095705 2.34311870329462 3.23190761538312 2.21338832973721 2.38083390475301 2.97325917157281 2.85506653668506 2.77325401136853 2.63528442625539 2.24485043230734 2.22236260978084 2.32196061916326 2.30816170855682 3.1614536450056
-9999 -9999 -9999 -9999 -9999 -9999 -9999 -9999 -9999 -9999 -9999 -9999 -9999 -9999 -9999 -9999 2.27072301083699 2.42460268775801 2.33785238731936 2.16426926401412 5.06120199084829 5.06120199084829 5.06120199084829 5.02144133276011 2.31875817676607 2.33557384552235 2.30584642206996 2.67172400140916 2.60546553062522 2.517265866028 2.41350536862207 5.0114380506964 5.01080102432956 5.00922414488169 2.32776171483945 2.37602059698969 3.05972174275942 2.38549337034699 2.54681127223987 2.36938308522801 2.31222148586793 2.23417814667287 2.20407826100743 2.18997764054922 2.28712921245138 2.27917623105909
-9999 -9999 -9999 -9999 -9999 -9999 -9999 -9999 -9999 -9999 -9999 -9999 -9999 -9999 -9999 -9999 -9999 2.29383795811795 5.06120199084829 5.06120199084829 5.06120199084829 5.06120199084829 5.06120199084829 2.56812617235325 2.49119584773004 2.68863678770868 2.49360477643374 2.62508429646307 2.30290154316935 2.35217408279819 2.28766046578472 2.28973877008186 2.6402409748543 5.0010227023291 2.31897712013839 2.53794961610628 3.14141025613172 2.5250283655659 2.35596082036852 2.35228581491984 2.22869157615777 2.21746467280626 2.45250322625859 2.62640136781382 2.30671728331478 2.19965301603309
-9999 -9999 -9999 -9999 -9999 -9999 -9999 -9999 -9999 -9999 -9999 -9999 -9999 -9999 -9999 2.20944667896559 2.15012196575261 5.06120199084829 5.06120199084829 5.06120199084829 5.06120199084829 5.06120199084829 5.06120199084829 5.06120199084829 3.16115070408599 3.0175953998048 2.96736106134246 2.47609254002848 2.42209622291941 2.17934269435832 2.28100909088319 2.28822077926727 2.29154081457808 2.70631313835716 4.99990628891476 3.15093612451857 2.33114843081881 2.30164536139706 2.32921055453047 2.69036462267425 2.48451901341811 2.21199570253009 2.87623444952824 2.67785636121777 2.22525341447698 2.37699561549919
-9999 -9999 -9999 -9999 -9999 -9999 -9999 -9999 -9999 -9999 -9999 -9999 -9999 -9999 -9999 2.32132731704634 5.06120199084829 5.06120199084829 5.06120199084829 5.06120199084829 5.06120199084829 5.06120199084829 5.06120199084829 5.06120199084829 2.5248318789024 2.36560914541089 2.30283812466336 2.72313263698718 2.31690574116405 2.44511426879416 2.28069034064645 2.28423872746496 2.29147647549299 4.9917471277084 3.00924938363664 2.94385706590669 2.91154412746117 2.84769093687411 2.76090343281145 2.38765915149821 2.38974739166616 2.22096525146644 2.96786676409217 2.46113460427666 2.21738070353725 2.23254948762402
-9999 -9999 -9999 -9999 -9999 -9999 -9999 -9999 -9999 -9999 -9999 -9999 -9999 -9999 -9999 5.06120199084829 5.06120199084829 5.06120199084829 5.06120199084829 5.06120199084829 5.06120199084829 5.06120199084829 5.06120199084829 2.42325565040429 2.82634008508014 2.31064387261242 2.33283068009132 2.66125851159661 2.26716861885224 2.67891861068274 2.43344908704044 2.44682451703111 2.28833429290965 4.98589771921576 4.98721476211827 2.49335550014911 2.33041085852801 2.27922702044568 2.28313259580692 2.5402334402315 2.48788023836606 3.06883382724722 2.21561954104782 2.59022402843026 2.44791290459371 2.34678369022238
-9999 -9999 -9999 -9999 -9999 -9999 -9999 -9999 -9999 -9999 -9999 -9999 -9999 -9999 -9999 5.06120199084829 5.06120199084829 5.06120199084829 5.06120199084829 5.06120199084829 5.06120199084829 5.06120199084829 5.06120199084829 2.196462545666 2.67667651175237 2.35030452068713 2.30584824389557 2.28995986332274 2.286379720525 2.27464334803057 2.81112656882966 4.98548447919347 4.98548447919347 4.98548447919347 2.26482865393951 2.27562539733171 2.32459890520974 2.58750121419236 2.71597471211026 3.27304505710587 3.2292292140952 2.86976758033594 2.23405080132795 2.65320765491291 4.91688260917374 4.91688260917374
-9999 -9999 -9999 -9999 -9999 -9999 -9999 -9999 -9999 -9999 -9999 -9999 -9999 -9999 5.06120199084829 5.06120199084829 5.06120199084829 5.06120199084829 5.06120199084829 5.06120199084829 5.06120199084829 5.06120199084829 2.69921458727538 2.57675283754985 2.6362626951598 2.56677825337466 2.29105958178774 2.64483169667171 2.28016997772319 2.23864812541236 2.41582623171153 4.98548447919347 4.98548447919347 4.98548447919347 3.40729732063307 2.39645355395373 2.24341103157349 2.28501278857856 3.3407373878975 2.2803436917283 2.31816304779581 2.80039382710039 2.74299498981658 2.23187597642717 4.91688260917374 4.91688260917374
-9999 -9999 -9999 -9999 -9999 -9999 -9999 -9999 -9999 -9999 -9999 5.06120199084829 5.06120199084829 5.06120199084829 5.06120199084829 5.06120199084829 5.06120199084829 5.06120199084829 5.06120199084829 5.06120199084829 5.06120199084829 2.31732330343702 2.32759593296453 2.28079979410824 2.3126278231169 2.4677607242927 2.29733874334282 2.70208513176953 2.25714332155598 2.15627031116308 2.4538174168362 4.98548447919347 4.98548447919347 4.98548447919347 4.91688260917374 3.38168703853172 3.36611223413074 3.35811159093088 4.91688260917374 4.91688260917374 4.91688260917374 4.91688260917374 4.91688260917374 4.91688260917374 4.91688260917374 4.91688260917374
-9999 -9999 -9999 -9999 -9999 -9999 -9999 -9999 -9999 -9999 2.42679399035904 5.06120199084829 5.06120199084829 5.06120199084829 5.06120199084829 5.06120199084829 5.06120199084829 5.06120199084829 5.06120199084829 5.06120199084829 2.40846911574174 2.2444874554318 2.26335298253068 2.44081662643908 2.30484105566083 2.275127029141 2.49295366513146 2.84524941658346 2.4276061839421 2.05076478994782 3.90303610784366 2.5528471480419 2.29773827057535 2.61297392906618 4.91688260917374 4.91688260917374 4.91688260917374 4.91688260917374 4.91688260917374 4.91688260917374 4.91688260917374 4.91688260917374 4.91688260917374 4.91688260917374 4.91688260917374 4.91688260917374
-9999 -9999 -9999 -9999 -9999 -9999 -9999 -9999 -9999 -9999 5.06120199084829 5.06120199084829 5.06120199084829 5.06120199084829 5.06120199084829 5.06120199084829 5.06120199084829 5.06120199084829 2.25632363734531 2.81179777296472 2.27975563280238 2.27754198638602 2.33210854210575 2.31122614055898 2.71749553553559 2.49065866348394 2.91626895305152 2.87901631346266 3.80395028559272 3.89881821552646 3.30290802948008 2.33289369068316 2.33400883896693 2.31916908242773 2.56474649492739 2.43233843431182 4.91688260917374 4.91688260917374 4.91688260917374 4.91688260917374 4.91688260917374 4.91688260917374 4.91688260917374 4.91688260917374 4.91688260917374 4.91688260917374
-9999 -9999 -9999 -9999 -9999 -9999 -9999 -9999 -9999 2.38890605656623 5.06120199084829 5.06120199084829 5.06120199084829 5.06120199084829 5.06120199084829 5.06120199084829 5.06120199084829 2.60219952527942 2.27742483279318 2.77343388186415 2.6404405924553 2.47604863243093 2.2943234953655 2.31141335402917 3.44155928603781 3.46971585947124 2.94803030716601 3.79486504923235 2.23648797211122 2.22025549705819 2.27440673559635 3.27464918821703 2.35690529102893 2.36833214656549 2.34322550258604 2.32293017888107 4.91688260917374 4.91688260917374 4.91688260917374 2.25333064782607 4.91688260917374 4.91688260917374 4.91688260917374 4.91688260917374 4.91688260917374 4.91688260917374
-9999 -9999 -9999 -9999 -9999 -9999 -9999 -9999 -9999 2.36647848751173 5.06120199084829 5.06120199084829 5.06120199084829 5.06120199084829 5.06120199084829 5.06120199084829 2.32635003618028 2.46045741651339 2.20425046560166 2.20270883544325 2.23063914290762 2.20427687617393 3.34318344454742 3.3951480112209 2.60981344882322 2.24905684510456 3.55526498589268 2.22105605882462 3.49974943011069 2.89114017783552 2.35114513282657 2.25992921579924 3.26602514336755 2.53203170873267 2.36769407857629 2.31562716667157 2.87731442219519 2.31692688764437 2.22507255094135 3.37624094238727 4.91688260917374 4.91688260917374 1.23825475186097 4.91688260917374 4.91688260917374 4.91688260917374
-9999 -9999 -9999 -9999 -9999 -9999 2.46736273489254 2.59623659686903 2.40048333794496 2.19731152468834 3.82601034730634 5.06120199084829 5.06120199084829 5.06120199084829 5.06120199084829 2.34680887758044 2.33756935322634 2.25668910700956 2.25783228730959 2.20070727363418 2.84216604641414 3.29414203980334 2.37840102121275 2.2787708322982 2.26464577583935 2.49028367025049 2.5282698616892 2.33650218095809 3.42027826089257 2.33406003447429 2.82249356466149 2.32061266269816 2.59718232450098 3.15710740595556 2.30977247480727 2.33662217072527 2.48590331945013 2.6921233034757 2.32367997661631 3.37624094238727 2.36733172925591 4.8606462897225 2.91603486644912 2.35964375774777 4.91688260917374 4.91688260917374
-9999 -9999 -9999 -9999 -9999 -9999 2.6270567797351 2.69511181260843 2.22025855320015 3.82514711642113 2.17677313857533 5.06120199084829 5.06120199084829 5.06120199084829 5.06120199084829 3.21255348865253 3.16688726880018 3.13187614700969 3.06227351458634 3.02534170780156 2.73419664023632 2.25017627185939 3.19073973784174 3.13259485455348 2.23292966835304 2.25619725867911 2.35049395204045 2.65083180605728 3.37978786752117 2.17484810057667 2.74441478244711 2.32057310901701 2.47939050794569 2.30521965650346 3.10159284332422 2.3287801922733 2.3252384564382 2.62097533823637 2.36690059642509 3.35064132950799 2.39638134190203 4.85641508380075 2.54247682760779 2.84236800210591 2.32701166441307 2.51409497811654
-9999 -9999 -9999 -9999 -9999 2.27446355996502 2.37031928704177 2.67217709105713 3.82298637890661 2.02540159018984 1.96880855714254 5.06120199084829 5.06120199084829 5.06120199084829 2.30892044558674 2.68217066434751 2.23337724821585 2.44595201293891 2.40263545694084 3.00078857450662 2.17813634453015 2.66499245816003 2.53286098126463 3.09654824834558 2.33853317323261 2.25370889850662 2.24340093715745 2.48161762964905 2.60584801701007 3.34741254374729 2.35604629396892 2.56710262003196 2.3153433830867 2.31807176811044 2.92855519250309 2.76721859242302 2.32065567494662 2.36008641116606 2.53962791779443 3.33015470514762 2.39344802744331 4.85660492870154 2.36968274727491 2.73912629493387 2.31911908423925 2.33609174808397
-9999 -9999 2.06160786278085 2.37285557959289 2.22419460391915 2.12006138256639 2.10064458214762 2.48194719197621 3.79658538131822 1.94347099722689 2.61546559773755 2.63229129272123 3.45728103686573 2.29380516462304 2.34445787648783 2.53045413002857 2.35046163525582 2.29628792204752 2.2345621445844 2.98293028438241 2.20356471885559 2.59029307603056 2.33365239866898 2.72751057660094 3.04729441629349 2.42814724678803 2.27621943210881 2.25784993212714 2.56573146835208 3.34029357217167 3.29823053264188 2.23096096199381 2.32596190685562 2.33954029772747 2.87369053181379 2.22422813086179 2.5832526923218 2.34899358864229 2.42769598000311 3.26389915129279 2.39510152564428 4.85604150621683 2.35612176726778 2.34909439503392 2.46634201470051 2.30969597315264
-9999 2.29837428087633 2.60641381554936 2.25964465385502 1.96631915173714 2.21413049607285 3.78476715511578 3.78846634569742 2.01664764193697 1.93571139328353 2.59664670120215 2.28741587780824 2.78146813677516 3.39906911820448 3.343023342965 2.3662791531388 2.49967029253354 2.29786642849137 2.60982237236062 2.83909315731515 2.48650070064617 2.3221439394679 2.33782134249105 2.6562376933154 2.24327713411429 2.78435567042821 2.15351715517049 2.10335496225015 2.34758326659155 2.33259036241623 2.62361865849998 3.29077905089662 2.61222970815597 2.24700066985156 2.84703406228996 2.26951006278237 2.50076388386891 2.31529750658807 2.39611188399849 3.22658747984327 2.26910375912948 4.85518205553736 2.33575854509268 2.32583159953737 2.18290832936802 2.59934276317446
-9999 2.25963755196255 2.39056985258466 3.76417949468142 3.76609414176968 3.77985236522194 2.23195322836745 2.34821098487487 2.34495065490325 2.56318810078281 2.29200556303156 2.63771398815573 2.40176108434903 2.71840111737539 2.34733854217569 3.3046016680869 3.1190940395863 2.2957154600855 2.35274244964733 2.33527060215249 2.697431038302 2.33219549027294 2.33705170842642 2.59136444449758 2.26112032510341 2.73790085052182 2.67982719426449 2.54877372772555 2.11835762333611 2.11829641139398 2.4582132794366 2.30967539082693 3.23142948941625 2.24133716483577 2.26867576915483 2.78046228792122 2.2752470579343 2.24648771155779 2.98281429241412 3.01024745573404 2.25595020437911 2.27479006998198 4.85493726786419 2.93139086412262 2.3125963301854 2.49480707477435
