Model input/Uganda/rivergeometry/river_width_1feb.asc
NCOLS 67 
NROWS 67 
XLLCORNER 29.500000001 
YLLCORNER -1.499999999 
CELLSIZE 0.0833333332985075 
NODATA_value -9999 
[rows 0 to 19 of 67, columns 0 to 44 of 67]
-9999.000000000000000 -9999 -9999 -9999 -9999 -9999 -9999 -9999 -9999 -9999 -9999 -9999 -9999 -9999 -9999 -9999 -9999 -9999 -9999 -9999 -9999 -9999 -9999 -9999 -9999 -9999 -9999 -9999 -9999 -9999 -9999 0.72544776275328 0.721615558829736 -9999 -9999 -9999 -9999 -9999 -9999 -9999 -9999 -9999 -9999 -9999 -9999
-9999 -9999 -9999 -9999 -9999 -9999 -9999 -9999 -9999 -9999 -9999 -9999 -9999 -9999 -9999 -9999 -9999 -9999 -9999 -9999 -9999 -9999 -9999 -9999 -9999 -9999 -9999 -9999 -9999 0.738934468930226 1.0238018627171 0.678927315233882 1.27469597617518 0.665851715516063 0.687485594213082 0.658079898527894 0.865350368856935 0.802190493167268 0.614121786744058 0.676324873715891 -9999 -9999 -9999 -9999 -9999
-9999 -9999 -9999 -9999 -9999 -9999 -9999 -9999 -9999 -9999 -9999 -9999 -9999 -9999 -9999 -9999 -9999 -9999 -9999 -9999 -9999 -9999 -9999 -9999 -9999 -9999 -9999 -9999 -9999 1.62076084586231 0.609039576048598 1.44795329632597 4.26223656028575 4.01631312016675 0.629130912519025 3.46388724338442 3.15532898228236 2.68214713407427 1.81251340683454 1.32034281603093 0.652930164219638 0.814177676976245 0.711908203853168 -9999 -9999
-9999 -9999 -9999 -9999 -9999 -9999 -9999 -9999 -9999 -9999 -9999 -9999 -9999 -9999 -9999 -9999 -9999 -9999 -9999 -9999 -9999 -9999 -9999 -9999 -9999 0.645418853889907 -9999 -9999 -9999 1.71294496016262 0.555685714006961 4.72907605815066 0.634989002472923 0.636257628622101 3.85846627059817 1.02609521657986 0.744147873157047 0.752327240149431 1.28669041957304 0.857140599854885 0.782001793773839 0.791887843400306 1.27362221453874 -9999 -9999
-9999 -9999 -9999 -9999 -9999 -9999 -9999 -9999 -9999 -9999 -9999 -9999 -9999 -9999 -9999 -9999 -9999 -9999 -9999 -9999 -9999 -9999 0.803945765528644 -9999 -9999 0.920325530436825 -9999 -9999 -9999 71.5564816504073 18.2629899979674 17.1589265972504 1.56747580429241 1.28147721384264 0.8705561491657 0.664648177622472 0.733425800072222 1.09557341118471 0.849361742227776 0.560877937705678 1.31878733120778 0.531870878424141 1.59170265305151 0.647943047021155 -9999
-9999 -9999 -9999 -9999 -9999 -9999 -9999 -9999 -9999 -9999 -9999 -9999 -9999 -9999 -9999 -9999 -9999 -9999 -9999 -9999 -9999 1.04042324355693 1.17134347652379 0.732834529508614 1.12672669817212 0.505339898785666 67.376002699519 67.376002699519 67.9981960231938 67.9981960231938 0.407885501383507 17.0034595058827 3.88482711734544 3.67368164141196 0.833416275193093 1.80602602885383 1.60443272535006 0.724608033762726 0.580726250882157 0.605612633322788 0.665580375227241 1.59952967333993 1.85010043451459 0.658716345110324 -9999
-9999 -9999 -9999 -9999 -9999 -9999 -9999 -9999 -9999 -9999 -9999 -9999 -9999 -9999 -9999 -9999 -9999 -9999 -9999 0.83589635596345 2.62786019923035 2.87071295601974 3.52807333004802 3.74484657261939 1.49872830767216 0.402278520379809 67.376002699519 67.376002699519 67.9981960231938 67.9981960231938 6.41552781285113 0.448736281638768 16.3075589718231 0.874803669777965 3.53032109321025 2.26091383777457 2.10574193992804 1.48670682581178 0.649523503282902 0.980021863756733 1.24941035264071 2.01022443196964 2.97599036034581 0.555666257514004 -9999
-9999 -9999 -9999 -9999 -9999 -9999 -9999 -9999 -9999 -9999 -9999 -9999 -9999 -9999 -9999 -9999 -9999 1.30897816760789 1.62288964446513 2.11154314798461 0.804932095724765 1.01823346032804 0.721024353050449 3.77415554948084 0.179435176932829 1.60419165780135 67.357210939909 0.707938189112549 1.2256617793482 1.41844148142325 4.23224691239627 4.38550033156859 16.2876563766577 0.493003983552093 0.685824835921112 1.09750811065525 1.08636589167389 0.745402527322138 0.661923220154149 0.700028809765844 1.6823417786896 0.695372283466042 3.28526213655539 0.599793178766794 0.574606027465416
-9999 -9999 -9999 -9999 -9999 -9999 -9999 -9999 -9999 -9999 -9999 -9999 -9999 -9999 -9999 -9999 -9999 1.31143462754797 0.915163245753575 0.848165662320405 0.850024824728459 1.41149229600287 1.31296578506842 4.27249148963456 4.29137583273439 67.2214477015165 0.636495068229881 0.647437379866758 0.947400340469819 1.18242848081985 4.15889495262905 4.30502312678715 0.689758366951476 16.2529135969228 0.935075128008947 0.733646093495373 0.760027628917222 0.744971474487375 0.994135344428156 0.706081634591777 0.733681994698142 7.41720518620846 0.679387281521098 1.11001276397462 0.611770259885388
-9999 -9999 -9999 -9999 -9999 -9999 -9999 -9999 -9999 -9999 -9999 -9999 -9999 -9999 -9999 -9999 -9999 1.74233232715932 2.02847516152565 2.69426265728141 1.14337785295904 1.51045185750537 1.46084567155778 0.0672736461798856 66.7630407681665 0.660073040381745 1.3480217092568 0.52642293947409 0.948813404074 2.19458926649007 3.8236694474762 0.694178990454835 4.12672148472762 16.233949081508 16.1583119916079 0.540151725402208 0.735331881989921 1.85959550373815 0.930605758530312 1.17242739043033 7.76638746287117 7.48216606597831 5.83205501364325 1.42945743928684 0.699562681488066
-9999 -9999 -9999 -9999 -9999 -9999 -9999 -9999 -9999 -9999 -9999 -9999 -9999 -9999 -9999 -9999 0.982802072395856 1.4554049421734 3.16185679088736 4.41292013113971 4.87205620073281 4.90865562124777 5.32864766709092 1.47057689399318 66.64265402569 2.15819186208838 0.743915889843348 0.740437824195457 1.12658632876285 1.617290784353 2.69834353733476 0.729466050051604 3.92966580556937 1.00006166753968 0.580786809431961 16.1162477199394 1.97885651762716 0.787937005923603 8.45177867440897 8.36308823614584 1.07522724612609 0.713352705106485 0.684966029004395 5.38708022152841 4.92846631131813
-9999 -9999 -9999 -9999 -9999 -9999 -9999 -9999 -9999 -9999 -9999 -9999 -9999 -9999 -9999 -9999 0.970161224251782 2.49538372749223 0.856286221802057 1.09648461896453 0.845521777461074 0.638686369032837 0.0588371429762556 66.4261153856492 0.512658835302464 1.95479256815632 1.71799748024392 0.788037872492602 0.796700237099935 1.3957774624992 2.36871419243991 2.55609322641944 3.61481649798862 0.992215539239432 0.922934919171392 12.1521484433331 9.20136157601474 9.165212475312 2.74505250436862 0.784000922334321 1.74619922614459 1.5123610349901 0.659155473269578 1.60466627278361 0.660375349017188
-9999 -9999 -9999 -9999 -9999 -9999 -9999 -9999 -9999 -9999 -9999 -9999 -9999 -9999 -9999 0.924952821988573 1.86938265547609 1.06896437020869 1.41100558446943 2.36298539905303 0.487993799565988 0.538522912843955 65.87351853343 65.87351853343 0.875934459533 0.798667091849442 0.788337114548693 0.813518156759427 0.840529464280495 1.20358654703248 1.15444278318564 1.7476743167033 3.13746884798631 0.727892729469425 0.851671624018633 1.82195121835337 11.8268390784863 0.755727049303231 1.10986316117497 2.1695355716131 0.766696930435416 1.03960399813878 0.682975545303916 1.22807553132748 0.617628525814928
-9999 -9999 -9999 -9999 -9999 -9999 -9999 -9999 -9999 -9999 -9999 -9999 -9999 -9999 -9999 -9999 1.11321002034209 1.19348848974709 1.46864421724798 0.900641436633355 2.45984160662897 0.254406747383959 65.87351853343 65.87351853343 1.19659840027438 0.824160626279407 1.27099115171816 0.869467207005525 1.06644947554285 0.784232806817842 0.831058335989802 1.32703566966455 3.02219905923535 1.6918168916455 0.858371989275387 0.915371753361166 11.7916020849626 0.665470187793015 0.801255832848765 1.96426484677808 1.03243605955431 0.727321047596973 0.706471913565821 1.00309493106689 0.651351146609039
-9999 -9999 -9999 -9999 -9999 -9999 -9999 -9999 -9999 -9999 -9999 -9999 -9999 -9999 -9999 -9999 -9999 1.16627805348545 1.60829447971547 1.95726456765339 2.06480655373521 3.41421394291785 65.7614412657766 1.51358198512683 1.19123668396428 1.57257419068235 0.837767533856907 1.67887578227319 0.787693197859985 0.878693953523072 0.906273276136427 0.925137415554491 2.16977571450524 1.3673125565926 0.945509328234831 0.943258858417202 2.22377167226417 11.3525385224434 0.677528791533473 0.656113155096468 6.47029518792465 0.81888031146143 1.39510699842662 0.971600756570364 5.53821984868185
-9999 -9999 -9999 -9999 -9999 -9999 -9999 -9999 -9999 -9999 -9999 -9999 -9999 -9999 -9999 -9999 1.37008273033847 1.83097026570997 0.830391487274662 1.21781168245777 1.43526854560616 1.47856782766055 65.4225571848767 0.94833123613118 3.13331821165976 3.08688285834953 2.14856091371754 0.838999448643698 0.756760773643681 1.5824153235271 1.59977312786994 0.863543403665299 0.960615541928493 1.60642967670937 1.1574616948438 1.41320720421009 1.69745064250596 1.61734917647812 11.0492572368216 6.71637236586737 1.29614156596042 6.40789629643984 5.98008265385676 5.79741065527746 0.951642764113907
-9999 -9999 -9999 -9999 -9999 -9999 -9999 -9999 -9999 -9999 -9999 -9999 -9999 -9999 -9999 -9999 1.34683154360341 3.24929258758697 3.99136246210929 0.777769776561303 5.96262324332465 6.54844501895247 6.54893442889865 65.2732176220417 0.773099313440496 0.750995378509963 0.783127987957459 0.805457937238316 2.81575353709874 2.51237561406421 0.834077746748684 0.861081425130058 1.1747947338696 1.01577719748879 1.45304489040364 0.969949014739172 0.912734933334172 0.821101492706877 1.98396908458618 7.81034967427401 0.563980875036014 0.957154578189308 0.642441432724246 0.607943621113072 0.619794128391618
-9999 -9999 -9999 -9999 -9999 -9999 -9999 -9999 -9999 -9999 -9999 -9999 -9999 -9999 -9999 1.25824627131124 2.57137819621222 1.01258243863507 3.8306887230533 5.83312864052121 2.28860593658564 0.588376767019329 0.60039875078156 64.3668921939217 4.05796303970291 3.75765223603504 3.52279511606567 3.25600405475423 3.11406581856643 0.763482155537806 1.29442876972327 0.943685903686079 0.878295247790212 2.45014794978176 0.871123722627905 1.33698974854265 0.843905244877032 1.48357489000098 1.73341464463529 7.74621027679496 7.67589565610913 0.710160538704337 0.667279655198851 0.648359977891012 0.867160183366937
-9999 -9999 -9999 -9999 -9999 -9999 -9999 -9999 -9999 -9999 -9999 -9999 -9999 -9999 -9999 1.02674054650936 2.13637953621126 0.998971748112366 3.3088257276556 1.06693095009545 2.21646827917747 0.504980865690429 1.02110308902477 64.2804626946001 0.639647322387335 0.692624764149408 0.729674766780152 1.07325291736396 0.686217273889205 0.755222310014442 1.89877845238898 0.911016602302102 0.951208589664348 1.38309281116798 3.22168835579706 0.825486534832794 0.876118946514943 0.807531445187612 0.780902522645451 1.17013340880613 2.12940538941322 7.06815304171664 0.662926397978406 1.58355855423289 1.15221269642784
-9999 -9999 -9999 -9999 -9999 -9999 -9999 -9999 -9999 -9999 -9999 -9999 -9999 -9999 -9999 0.943757692224544 2.33232470397529 3.20830682073772 0.802089207109124 1.62646820451773 0.519927004173472 0.479623667886129 0.760850470541477 0.528167282020064 63.8920486420019 0.55685768779003 1.7515103219587 0.712813253986666 0.655287402037189 3.24156476580875 2.14081106069228 1.72594255059988 1.08864201416459 1.74699568011134 3.95949018553628 1.35802246679415 1.38359230031327 1.10682063929763 0.756187941119172 0.758826987985973 1.32468054739428 0.967476818521018 6.85841135547609 5.98942316934346 1.18573377558426
