Model input/Uganda/rivergeometry/river_width_1mar.asc
NCOLS 67 
NROWS 67 
XLLCORNER 29.500000001 
YLLCORNER -1.499999999 
CELLSIZE 0.0833333332985075 
NODATA_value -9999 
[rows 20 to 39 of 67, columns 0 to 44 of 67]
-9999 -9999 -9999 -9999 -9999 -9999 -9999 -9999 -9999 -9999 -9999 -9999 -9999 -9999 -9999 1.57192568410961 0.92181975147425 0.990038095204203 1.25276899200405 0.713801483028812 0.570800966668217 0.841851417782104 1.44053277787632 1.01947316521458 2.17143604766168 1.98848134790572 0.712196731188353 1.06102923847475 63.3397220182724 3.53623618301313 0.75683698314838 0.779220048307863 1.08407053082308 1.07695602771497 5.44712224310743 5.31428796297075 2.04234176392184 1.11259287618427 0.783416392421163 0.98570427660268 1.06641242147518 1.05056680406113 1.29011922862974 1.42406198040283 5.65619559784456
-9999 -9999 -9999 -9999 -9999 -9999 -9999 -9999 -9999 -9999 -9999 -9999 -9999 -9999 -9999 0.842350035247596 0.892593189018025 0.868008320202928 0.70136205519115 0.823223732020153 1.10308148045717 0.667390259379838 1.26447437665879 0.515367522906181 63.4416209593075 63.4541826773662 63.4463909210017 63.3556411162007 0.86627793542321 63.1528002622976 63.1622164535275 0.873980373691377 1.50564400925685 1.01748033841992 5.82562975912249 0.743063269511758 1.10554374388357 3.71908009248117 2.98651656433386 2.54983824241707 1.93357086154021 0.803787591312675 0.752765227224996 0.95673379533795 0.929362894389771
-9999 -9999 -9999 -9999 -9999 -9999 -9999 -9999 -9999 -9999 -9999 -9999 -9999 -9999 -9999 -9999 0.854011604555961 1.22658885523509 1.01390891440499 0.645859616601907 61.5876095362628 61.5876095362628 61.5876095362628 63.4347985589067 0.674674325509099 0.63948007798768 0.627448685210583 2.01759166931646 1.78350084987489 1.48975584759002 1.19862112940517 63.1185583218634 63.1219274492686 63.0648019310957 0.983269160132249 1.0940650367746 4.3489297729403 1.12244873992182 1.5997948074775 1.07837890253867 0.951991628266669 0.781882537289343 0.713643746031402 0.693369244207312 0.887114227500084
-9999 -9999 -9999 -9999 -9999 -9999 -9999 -9999 -9999 -9999 -9999 -9999 -9999 -9999 -9999 -9999 -9999 0.902395337785753 61.5876095362628 61.5876095362628 61.5876095362628 61.5876095362628 61.5876095362628 1.0123981918453 0.876257344177223 1.25934774637085 0.846958168601623 1.67850278601604 0.866333828065631 1.02992422946074 0.89639935491223 0.902042426252365 1.95623744805284 62.5544388814481 0.959413108477921 1.57020529976974 5.00663852306562 1.51674928059057 1.04360453715694 1.02372377170191 0.757594305409288 0.73784096597473 1.28391173374173 1.88437198178771 0.930078053232216
-9999 -9999 -9999 -9999 -9999 -9999 -9999 -9999 -9999 -9999 -9999 -9999 -9999 -9999 -9999 0.735948589918656 0.643751566403943 61.5876095362628 61.5876095362628 61.5876095362628 61.5876095362628 61.5876095362628 61.5876095362628 61.5876095362628 3.99995875557203 3.51203292225985 3.28671176179704 1.30344448189825 1.15477988645882 0.65687847156856 0.879519307794464 0.894521807379113 0.906444781112981 2.22124051285704 62.5342971630004 5.08427104557164 0.973106958569782 0.913311439154871 0.975444212655452 2.12437635331144 1.37509949459395 0.732326429779431 3.07954268432281 2.09487860368167 0.777268367353067
-9999 -9999 -9999 -9999 -9999 -9999 -9999 -9999 -9999 -9999 -9999 -9999 -9999 -9999 -9999 0.966287664346704 61.5876095362628 61.5876095362628 61.5876095362628 61.5876095362628 61.5876095362628 61.5876095362628 61.5876095362628 61.5876095362628 0.850243727657828 0.60710907744641 0.862502982387711 2.15997900445764 0.90479124533329 1.27826939994161 0.872660102316346 0.886510638282735 0.903589294647652 62.034362845631 3.88944578458506 3.46264519396696 3.26578504117132 2.8945583538162 2.44384593773346 1.11989844951088 1.12934486740247 0.754282769912324 3.67071402044707 1.34572446286764 0.767375437458173
-9999 -9999 -9999 -9999 -9999 -9999 -9999 -9999 -9999 -9999 -9999 -9999 -9999 -9999 -9999 61.5876095362628 61.5876095362628 61.5876095362628 61.5876095362628 61.5876095362628 61.5876095362628 61.5876095362628 61.5876095362628 0.832279861210626 2.60685550073291 0.891015402732926 0.92614270159415 1.91902746386223 0.819717406627648 2.07849465096864 1.24337178485666 1.28484191389119 0.896962366443862 61.833251570948 61.7876560692622 1.39402490695367 0.970892058427677 0.866488834042239 0.878567115389142 1.64884335496899 1.45408090985268 4.48908498605936 0.803198615595867 1.78933231687592 1.31461430583117
-9999 -9999 -9999 -9999 -9999 -9999 -9999 -9999 -9999 -9999 -9999 -9999 -9999 -9999 -9999 61.5876095362628 61.5876095362628 61.5876095362628 61.5876095362628 61.5876095362628 61.5876095362628 61.5876095362628 61.5876095362628 0.54923146477258 2.01390686937724 0.974505206608169 0.888924080774929 0.850465446013681 0.870858852787323 0.834247200525911 2.70599952800777 61.8259045729438 61.8259045729438 61.8259045729438 0.850734652195105 0.865853568315094 0.966964740829471 1.72180068529821 2.30282847476135 6.43936192583664 6.00362466518129 3.20454079854118 0.868992568950519 2.02973259580073 57.7218189303967
-9999 -9999 -9999 -9999 -9999 -9999 -9999 -9999 -9999 -9999 -9999 -9999 -9999 -9999 61.5876095362628 61.5876095362628 61.5876095362628 61.5876095362628 61.5876095362628 61.5876095362628 61.5876095362628 61.5876095362628 2.12449840088455 1.66517568990057 1.86037458476982 1.61514899098616 0.877446920953136 1.89628947689797 0.863561104333796 0.761496408600112 1.14705330272077 61.8259045729438 61.8259045729438 61.8259045729438 7.90438345714161 1.1899153581627 0.823087344047023 1.01707152372689 7.20039789905952 0.944347982067599 0.976958265475196 2.7280698122565 2.44152213098171 0.809614224580223 57.7218189303967
-9999 -9999 -9999 -9999 -9999 -9999 -9999 -9999 -9999 -9999 -9999 61.5876095362628 61.5876095362628 61.5876095362628 61.5876095362628 61.5876095362628 61.5876095362628 61.5876095362628 61.5876095362628 61.5876095362628 61.5876095362628 0.950806704581685 0.945923416067231 0.849199014037662 0.926335375596577 1.31194522227394 0.903135354093034 2.12738464438272 0.816334797486031 0.63086196109754 1.25523701088261 61.8259045729438 61.8259045729438 61.8259045729438 57.7218189303967 7.64058460875419 7.48194183062786 7.40098084666299 57.7218189303967 57.7218189303967 57.7218189303967 57.7218189303967 57.7218189303967 57.7218189303967 57.7218189303967
-9999 -9999 -9999 -9999 -9999 -9999 -9999 -9999 -9999 -9999 1.24121713651422 61.5876095362628 61.5876095362628 61.5876095362628 61.5876095362628 61.5876095362628 61.5876095362628 61.5876095362628 61.5876095362628 61.5876095362628 1.13035641423897 0.766225270889294 0.818144083882298 1.24379407786909 0.918024281700727 0.849057822377409 1.41177512763616 2.84346913113014 1.1906637777394 0.448613263804618 15.1235932819111 1.56330060097997 0.894317842729947 1.78779645631136 57.7218189303967 57.7218189303967 57.7218189303967 57.7218189303967 57.7218189303967 57.7218189303967 57.7218189303967 57.7218189303967 57.7218189303967 57.7218189303967 57.7218189303967
-9999 -9999 -9999 -9999 -9999 -9999 -9999 -9999 -9999 -9999 61.5876095362628 61.5876095362628 61.5876095362628 61.5876095362628 61.5876095362628 61.5876095362628 61.5876095362628 61.5876095362628 0.673660985338419 2.58075449437384 0.823596000481719 0.816109416207174 0.930826628652466 0.921385121392297 2.24823819055932 1.39778637461137 3.22992531294874 3.02524291295028 13.210355683508 15.1085326424791 6.30574415101648 0.976043731452264 0.966587864730724 0.942872874789325 1.63575346856701 1.24655424488738 57.7218189303967 57.7218189303967 57.7218189303967 57.7218189303967 57.7218189303967 57.7218189303967 57.7218189303967 57.7218189303967 57.7218189303967
-9999 -9999 -9999 -9999 -9999 -9999 -9999 -9999 -9999 1.13135567248781 61.5876095362628 61.5876095362628 61.5876095362628 61.5876095362628 61.5876095362628 61.5876095362628 61.5876095362628 1.65202108810752 0.86495971798805 2.39367348921775 1.83100404965005 1.29392026118025 0.818976828218831 0.893920850687806 7.54527573120761 7.87130667959797 3.41704818781207 13.0917033190398 0.76865794531343 0.768696692232601 0.859082321441682 6.03206779810849 1.02875967839958 1.05312275360183 1.01152159733163 0.986974504593327 57.7218189303967 57.7218189303967 57.7218189303967 0.761739970005319 57.7218189303967 57.7218189303967 57.7218189303967 57.7218189303967 57.7218189303967
-9999 -9999 -9999 -9999 -9999 -9999 -9999 -9999 -9999 1.08181163221608 61.5876095362628 61.5876095362628 61.5876095362628 61.5876095362628 61.5876095362628 61.5876095362628 0.949314760879307 1.25265143883648 0.67558668795426 0.688608571462056 0.721949564309978 0.637720939638539 6.48063488346075 6.99459546714152 1.69266341368204 0.762316281587259 9.03228573449653 0.739757618835355 8.69639530453899 3.09249185508197 1.02735829622418 0.861867143477572 5.9778249945835 1.51255160834197 1.06441219088508 0.95523406299127 3.13311758192693 0.971316258458661 0.792387846432878 7.48977189256706 57.7218189303967 57.7218189303967 0.00676589508908188 57.7218189303967 57.7218189303967
-9999 -9999 -9999 -9999 -9999 -9999 1.34670858701986 1.80229083503098 1.18191361805273 0.727635862019338 11.5382165147841 61.5876095362628 61.5876095362628 61.5876095362628 61.5876095362628 0.954399915457914 0.9755280719575 0.795684690778963 0.818976438944405 0.666746128818146 2.72107226493539 6.0500128788615 1.02432295356566 0.796005023417592 0.759599145243095 1.29379100248772 1.41159061774594 0.951031340378476 7.69441959840414 0.988254544665036 2.74274162436313 0.963704425765795 1.74346366469287 4.96333511290908 0.924858166672447 1.00075236867619 1.40838474363037 2.19000724823574 1.01164415573104 7.48977189256706 1.10168627628825 57.9073443589675 3.42479181880046 1.09651870203366 57.7218189303967
-9999 -9999 -9999 -9999 -9999 -9999 1.9083034391804 2.21382114725511 0.766611479049401 11.5012346911062 0.65172202806214 61.5876095362628 61.5876095362628 61.5876095362628 61.5876095362628 5.18241575565058 4.78962226650932 4.54516078481549 4.03589079010238 3.79856129226946 2.23045831980151 0.820982280103121 5.12810136888194 4.63136372511763 0.75717026140611 0.770813802551912 0.961108176615067 1.92688871201752 7.23866863114836 0.67131392184171 2.37290339486981 0.961747484355382 1.35711461364528 0.926757069665413 4.51627291536107 0.975652471243714 0.980362864499378 1.90282864802909 1.12310016036098 7.19108163292149 1.19246429227406 57.6302678280483 1.64534013772761 2.97880025098997 1.00215494284603
-9999 -9999 -9999 -9999 -9999 0.850683449422807 1.06929813148185 2.09888323530624 11.422563117335 0.473316414956102 0.393318099038798 61.5876095362628 61.5876095362628 61.5876095362628 0.964411901588847 2.12028886371004 0.737111902482953 1.20948982675317 1.08990512890062 3.68172648087802 0.693892927062067 1.93891697013509 1.55418752817918 4.35932105068082 1.01168843744979 0.803793489778619 0.740598987435614 1.36521725240554 1.8029977534791 6.88916729646885 1.04496505964235 1.631608573533 0.943021019873678 0.943429267614567 3.26064113140157 2.50896874620259 0.962354562713377 1.08660972917317 1.65428308281376 6.94705438063199 1.18583159323494 57.623717410246 1.1281216966078 2.44039317129655 0.983146585921493
-9999 -9999 0.505994782531817 1.08067049368824 0.757950503219228 0.584745410679613 0.556341032184372 1.37792022588887 10.7158185765683 0.456068419596949 1.89721974019707 1.9317664269274 7.78058708960663 0.907820401891215 1.07450566651811 1.54239462558816 1.03048528989349 0.847572855060446 0.702954741247021 3.61905374019303 0.619176947245655 1.66969145494093 1.01066194624918 2.16953188167265 3.99371088865286 1.2255980980603 0.857733340979366 0.814720377428821 1.64743891320213 6.84598722579262 6.41879170526954 0.760201942402173 0.970479469318634 0.990490897956876 2.93588374001816 0.755868514380444 1.73766746403337 1.06657875106017 1.27921017504798 6.20144267978042 1.19190732840762 57.5753082970796 1.09593979275431 1.07625456811175 1.35965636826493
-9999 0.887665174846448 1.80683895688503 0.83082574607193 0.391485110441913 0.751616220696373 10.3836110806671 10.4801847004667 0.608825692136717 0.424719743411533 1.82673548716147 0.912600596436841 2.59135523801246 6.98925177339854 6.40744096173531 1.08064761118454 1.42016808913669 0.887188903064663 1.83398364983547 2.81769564007948 1.3856610069192 0.966185029307216 1.02843999349248 1.87294109107483 0.773499695176206 2.43203778992613 0.648065412173099 0.569473494504523 1.02925860195041 0.983367633864097 1.87915657056656 6.35456031136241 1.79175456484919 0.788879699282507 2.80788411257459 0.845099393071438 1.46869943469671 0.984654332175836 1.19511352498147 5.81083327279911 0.871802073437211 57.5124360349525 1.02633527220922 1.01565320831482 0.681814958418112
-9999 0.828912018434898 1.10850534787072 9.83543685900858 9.89047049489786 10.2551458333971 0.774603013271594 1.01548130922861 1.11316571425108 1.70953570234624 0.928253972806269 1.93708441768959 1.15569381021329 2.22779380591685 1.02671638788436 6.02876286288965 4.31772069598068 0.883482330155906 1.07680188898033 1.02801937912795 2.17417827818457 1.01570634800625 1.00632817015256 1.62912670019727 0.815683722058919 2.20695330405649 1.96826639520295 1.51286668505578 0.593605503111886 0.585173400881097 1.31272507106484 0.945275314009049 5.7993379912776 0.789686694791428 0.837460927988173 2.46731709430362 0.886249327864576 0.827713921355377 3.84266265913549 3.93172769333909 0.832486932990307 0.888387515891841 57.49280907022 3.49612128769697 0.963941127376413
