Model input/Uganda/rivergeometry/river_restime_1jan.asc
NCOLS 67 
NROWS 67 
XLLCORNER 29.5 
YLLCORNER -1.5 
CELLSIZE 0.0833333333283582 
NODATA_value -9999 
[rows 19 to 37 of 67, columns 0 to 41 of 67]
-9999 -9999 -9999 -9999 -9999 -9999 -9999 -9999 -9999 -9999 -9999 -9999 -9999 -9999 -9999 0.00152725929294464 0.00129410916736624 0.00172136005601703 0.00221866017604909 0.00194888828601783 0.00168852157582675 0.00242644394677138 0.00157489177670974 0.00161688525259399 0.000988536017236933 0.00229397172670067 0.00192526995198914 0.00161054944490039 0.00230669830642819 0.00121358816600121 0.00131705249541483 0.00137007312408766 0.00149099913245646 0.00136633799267704 0.00165820804909249 0.00142224710649742 0.00201006659403356 0.00209320415886711 0.00159178816982777 0.00158059498760577 0.00142772240357267 0.00152040496550768
-9999 -9999 -9999 -9999 -9999 -9999 -9999 -9999 -9999 -9999 -9999 -9999 -9999 -9999 -9999 0.00195509195293879 0.00215491847158059 0.00149949653623865 0.00204040550783415 0.00161010756767069 0.00170635851546015 0.00157671110917185 0.00140839916586854 0.00195115596462666 0.001295754650532 0.0013370834594482 0.00229971415249628 0.00213366806329137 0.000995184626419317 0.00120190036645637 0.0015949535314906 0.00223634786288032 0.00148688985980845 0.00210954563000398 0.00110349699763392 0.0011150063929206 0.00132851738662919 0.00148496483973242 0.00157107667695608 0.00150711749189595 0.00148625523633692 0.00211535230158701
-9999 -9999 -9999 -9999 -9999 -9999 -9999 -9999 -9999 -9999 -9999 -9999 -9999 -9999 -9999 0.0015461364130953 0.00216797292791934 0.00218141167123205 0.00160054477382383 0.00156678011262472 0.00209814414881234 0.00163847360390156 0.00199273293039727 0.001622318044029 0.000994646621650701 0.000705456339261458 0.000705524405943596 0.000705736543853506 0.00158153744496043 0.00099584832253137 0.000706261791425569 0.0015529110297365 0.00140016950775278 0.0021357641915962 0.00154594701442089 0.00159914213955433 0.00147777940172795 0.00167616298183773 0.00123774338476864 0.00127483288850431 0.00134281951899644 0.0015753258301861
-9999 -9999 -9999 -9999 -9999 -9999 -9999 -9999 -9999 -9999 -9999 -9999 -9999 -9999 -9999 -9999 0.00155231692824435 0.00204873586892321 0.00149725660400298 0.00230665690106103 0.000988594370372313 0.000988622069645436 0.000701123188780441 0.000705358514134995 0.00155155702529296 0.00155292393359571 0.00158687917880297 0.00189445681878629 0.00137358809372012 0.0014158268691029 0.00146154762773116 0.000996125421584889 0.00070650248665778 0.000706687103436732 0.00152423922536221 0.00148153878451811 0.00114820798834895 0.00147868992774368 0.00195819553438403 0.001493830230862 0.00152465210873859 0.00223468653750228
-9999 -9999 -9999 -9999 -9999 -9999 -9999 -9999 -9999 -9999 -9999 -9999 -9999 -9999 -9999 -9999 -9999 0.00216997624978605 0.000696973689937141 0.000696972951289858 0.000701162189356998 0.000696972951289858 0.000701162189356998 0.00143201232156747 0.00147090944921379 0.00193764960399555 0.00148790849727105 0.00194690409262253 0.00157503276824214 0.00150352620138124 0.00154280171230431 0.0015507330088573 0.0018972746085276 0.000703604720660896 0.00152962393160971 0.00196399575484803 0.00158760194723185 0.001404588608724 0.00150416243131775 0.0014947221227972 0.00158239275018921 0.0022540272162102
-9999 -9999 -9999 -9999 -9999 -9999 -9999 -9999 -9999 -9999 -9999 -9999 -9999 -9999 -9999 0.001584766449782 0.0016268086542517 0.000696972951289858 0.000988648734812362 0.000988648734812362 0.000701199786503718 0.000696972212642574 0.000701199786503718 0.000696972951289858 0.00163024322386456 0.00120219495902423 0.00121977564825854 0.00145580588474282 0.0020914058358445 0.00163141130316651 0.00219738993192168 0.00219046748637012 0.00154091831874972 0.00131349246493584 0.000998251640975879 0.00112279164484064 0.00151420253985085 0.00217058909116697 0.00213783593267912 0.00185729502273885 0.00142854260409013 0.00160240553518783
-9999 -9999 -9999 -9999 -9999 -9999 -9999 -9999 -9999 -9999 -9999 -9999 -9999 -9999 -9999 0.00151800901949447 0.000988674292008364 0.00070123590635587 0.00070123590635587 0.00070123590635587 0.000988698888962897 0.000696971473995291 0.00070123590635587 0.000988698888962897 0.00146675350239478 0.00157557182702781 0.00221941762540243 0.00186463595678992 0.00218232216559374 0.00144640312898856 0.00155117240370408 0.00154717099200771 0.00155178233593481 0.000999848414124687 0.00117833276604303 0.00120325912011926 0.00121635365385622 0.00124369292429585 0.00128358305523963 0.00147768272158821 0.00147581363328009 0.00158751460057602
-9999 -9999 -9999 -9999 -9999 -9999 -9999 -9999 -9999 -9999 -9999 -9999 -9999 -9999 -9999 0.000988698888962897 0.000701270548913456 0.000701270548913456 0.000701270548913456 0.000988722451811234 0.000696970809212736 0.000701270548913456 0.000988722451811234 0.00151306543379418 0.00179185535748199 0.00157392555725204 0.00155344087701511 0.00134132170639103 0.00157464965495724 0.00187526050971461 0.00146300012624303 0.00205037582800927 0.00219254986219035 0.000709886881378273 0.00100071580174539 0.00201072690946488 0.0015251489477415 0.00155030893713408 0.00154710663508335 0.00139397058923157 0.00143172922121579 0.00163192785666778
-9999 -9999 -9999 -9999 -9999 -9999 -9999 -9999 -9999 -9999 -9999 -9999 -9999 -9999 -9999 0.000701303714176476 0.000701303714176476 0.000701303714176476 0.000988745054418102 0.000696970144430181 0.000701303714176476 0.000988745054418102 0.000701303714176476 0.00164293713952562 0.00132626647816772 0.00214677357587411 0.00218384311455189 0.00155213968256269 0.00220193240431795 0.00221702523570376 0.00178716175695369 0.000709965665597418 0.000709965665597418 0.000705578571008944 0.00157085121483586 0.00220362288661427 0.00152827321141547 0.00137433206418228 0.00130627559602441 0.00153348819661676 0.00110089415769678 0.00123874264158406
-9999 -9999 -9999 -9999 -9999 -9999 -9999 -9999 -9999 -9999 -9999 -9999 -9999 -9999 0.000701335402144928 0.000988745054418102 0.000701335402144928 0.000988766549054046 0.000701335402144928 0.000988766549054046 0.000988766549054046 0.000696969553512355 0.00185745240268589 0.00137805609743734 0.00134331750410055 0.00138761032783794 0.00219863293573825 0.00134274505151126 0.00156400919749073 0.00224960822507344 0.00148096529896311 0.00100097901512464 0.00100095725500387 0.000709997744950713 0.00147942468308337 0.00150284886225526 0.00159349304319647 0.00159170814903607 0.00150443517350953 0.00157037773280196 0.00152000298487808 0.00125813593364591
-9999 -9999 -9999 -9999 -9999 -9999 -9999 -9999 -9999 -9999 -9999 0.000696969553512355 0.000988766549054046 0.000988787009583793 0.000988766549054046 0.000701365612818815 0.000988787009583793 0.000696968962594528 0.000988787009583793 0.000696968962594528 0.000988787009583793 0.00216654317872876 0.00152082691583249 0.00154378030242446 0.0021530977648329 0.00143271163618053 0.00153311958275995 0.0013134091886729 0.00157290029497676 0.0016623985187937 0.00205544627652436 0.000705577374576187 0.000710028328763062 0.00100099972836674 0.00071863895411171 0.00148961929751698 0.00106115085084531 0.00106293311593481 0.000714134627973577 0.0010131180452618 0.0010131180452618 0.000714134627973577
-9999 -9999 -9999 -9999 -9999 -9999 -9999 -9999 -9999 -9999 0.00144881321215253 0.000701394420062863 0.000696968962594528 0.000701394420062863 0.000701394420062863 0.000988806509872072 0.000696968371676701 0.000701394420062863 0.000988806509872072 0.000988806509872072 0.00209044628609933 0.00159070436583195 0.00156153055273707 0.00203994907475008 0.00152266378233036 0.00154415351198691 0.00141885799668922 0.00124355163887208 0.00146457184661084 0.00177466895697109 0.00129695518985605 0.00139060256149213 0.00155279469335199 0.00135868986489631 0.000714133417031492 0.00101315899024107 0.000718668470825041 0.000718668470825041 0.000714134022502534 0.00101313900969666 0.000718668470825041 0.00101313900969666
-9999 -9999 -9999 -9999 -9999 -9999 -9999 -9999 -9999 -9999 0.000701421676147616 0.000988824976054154 0.000701421676147616 0.000701421676147616 0.000988824976054154 0.000696967854623603 0.000696967854623603 0.000988824976054154 0.00158738304307716 0.00126621213209047 0.00222092004727379 0.00222154839410267 0.00214168709353575 0.00152863809636107 0.0012913772059964 0.00141088947987181 0.00121441461389594 0.00123767588466684 0.000944040092598959 0.00129803849415609 0.00108356855454325 0.00153041758107733 0.00215780290177735 0.00153883431152343 0.0019631633324746 0.00206853596779735 0.000714132887244329 0.00101317791121115 0.000718696398176884 0.000718696398176884 0.000718696398176884 0.000718696398176884
-9999 -9999 -9999 -9999 -9999 -9999 -9999 -9999 -9999 0.00148389766286923 0.000701447454937802 0.000701447454937802 0.000701447454937802 0.000988842408130039 0.000696967337570505 0.000701447454937802 0.000988842408130039 0.00137052432878716 0.00220897642873292 0.00128373379519263 0.00135515459651581 0.00144051700869157 0.00156323647938039 0.00219424091397313 0.00104687881748101 0.00146326247511537 0.00120198174612868 0.00133378226628747 0.002251958596577 0.00160319420695985 0.00156249840298213 0.00154075210418176 0.00150687765285079 0.00149960954839488 0.00151398217019336 0.00152468142776379 0.000718722811851121 0.000714132357457167 0.00101319577260691 0.00160447180682458 0.00101319577260691 0.000718722811851121
-9999 -9999 -9999 -9999 -9999 -9999 -9999 -9999 -9999 0.00149550388535806 0.000701471756433422 0.000701471756433422 0.000988858806099728 0.000696966894382135 0.000701471756433422 0.000988858806099728 0.00153549594390078 0.0014465089378129 0.00230027075453582 0.00161583269954543 0.00228215358756046 0.00167333059305973 0.00107930706566101 0.0014984677670293 0.00137412473423027 0.00158575453344221 0.00142610700247967 0.00160045028885007 0.00144214529478767 0.00123906547947031 0.00151992642226096 0.00158250748900155 0.00154471293585939 0.001412371084098 0.00212862817277377 0.00217246156800072 0.00174764944555839 0.00153807024370061 0.00159934910270605 0.00147783335783743 0.000714131903353885 0.000718747711847752
-9999 -9999 -9999 -9999 -9999 -9999 0.00142265782161717 0.00135186034182609 0.00147248289484101 0.00225997149278101 0.000930753069366786 0.00098887416996322 0.000696966451193765 0.00098887416996322 0.00098887416996322 0.00151712848082904 0.00215485746524958 0.00222720215974886 0.00156171935667643 0.00161055261158731 0.00127028314585686 0.00154264033778165 0.00148592569748601 0.00155963552626593 0.00223467126864325 0.00203146390746833 0.0014096840663419 0.0021596502565111 0.00103973926892379 0.00215889889172868 0.00178856196617408 0.00153922640870807 0.00136806493465005 0.00159817315793206 0.00154761330637621 0.00152911834507621 0.0014265740370983 0.00186746373585699 0.00215886599095697 0.00104160499407419 0.00149014792656231 0.00101685125207525
-9999 -9999 -9999 -9999 -9999 -9999 0.00189475280425765 0.00184744887525088 0.00158825302795397 0.00131330786606992 0.00162548792088137 0.000988888499720516 0.000988888499720516 0.000696966008005395 0.000701516001405691 0.00113656898548098 0.0011551176975317 0.00116919665850407 0.0012009184113026 0.00122068313303551 0.00132192385295708 0.00220991670449442 0.00159104598711145 0.00115044530747018 0.00159968628022478 0.00157960614857816 0.00151524984343114 0.0019048354900568 0.00105186419762277 0.00232833021598737 0.00129625186603205 0.00153961068463741 0.00143291990715617 0.00155044309124425 0.00162705003996365 0.00153538254842024 0.00153499728427783 0.00135191892879858 0.00149416311385801 0.00104896336569489 0.00147503904591174 0.000717272820568695
-9999 -9999 -9999 -9999 -9999 0.00155305810326448 0.00209987131813619 0.00132101367817234 0.00131547278229172 0.00246199339387168 0.00254111719634989 0.00070153594488234 0.000696965638681753 0.000696965638681753 0.00155489770562874 0.00194111558653622 0.00162250921731422 0.00146173108552029 0.00211546959775736 0.00122538754152774 0.00160847611712331 0.00193989004797737 0.00140913532333225 0.00115770552129304 0.00151658041834926 0.00223975879183018 0.00225880648118467 0.00143233359421435 0.00136214989052351 0.00150671894385805 0.00150837778318678 0.00196685331593838 0.00154461891575688 0.00154297882665082 0.00121992915732968 0.00181033970711735 0.00153841199446864 0.00150075287104402 0.00140156679847904 0.00105541136233358 0.00147760858580944 0.000717288839013215
-9999 -9999 0.00169741796923936 0.00209586089224917 0.00158655213928388 0.00165391582591797 0.00168016323781339 0.00142243185868255 0.000935192863791848 0.00184171142250268 0.00136862330172557 0.00135316899416796 0.00104731141917023 0.00223717647665878 0.00221889790897315 0.00145002109101475 0.00157190301789024 0.00158144928340368 0.0016401465124732 0.00123389259396463 0.00169187773995954 0.00142285776023175 0.00156361574922092 0.00134787143733613 0.00167332258459788 0.00146206006432525 0.00156254624696656 0.00157338795581504 0.0013824143485625 0.00106395134837576 0.00108472459409528 0.00159916069970732 0.00216967001864882 0.00215632500408196 0.00124444561212974 0.00158748736604335 0.00193298747333697 0.00151690444071075 0.00207175768610577 0.00107584892022194 0.00208239834218016 0.000717401061393607
