Model input/Uganda/rivergeometry/river_restime_1feb.asc
NCOLS 67 
NROWS 67 
XLLCORNER 29.5 
YLLCORNER -1.5 
CELLSIZE 0.0833333333283582 
NODATA_value -9999 
[rows 0 to 18 of 67, columns 0 to 41 of 67]
-9999.000000000000000 -9999 -9999 -9999 -9999 -9999 -9999 -9999 -9999 -9999 -9999 -9999 -9999 -9999 -9999 -9999 -9999 -9999 -9999 -9999 -9999 -9999 -9999 -9999 -9999 -9999 -9999 -9999 -9999 -9999 -9999 0.0022671294197592 0.00160129010583359 -9999 -9999 -9999 -9999 -9999 -9999 -9999 -9999 -9999
-9999 -9999 -9999 -9999 -9999 -9999 -9999 -9999 -9999 -9999 -9999 -9999 -9999 -9999 -9999 -9999 -9999 -9999 -9999 -9999 -9999 -9999 -9999 -9999 -9999 -9999 -9999 -9999 -9999 0.00159435062917633 0.00212852713707244 0.00162615875979213 0.00204478429757691 0.00230299906911866 0.00228955399343784 0.00162854576640628 0.00154890254246411 0.002225763637008 0.00164929408428533 0.00162041052035391 -9999 -9999
-9999 -9999 -9999 -9999 -9999 -9999 -9999 -9999 -9999 -9999 -9999 -9999 -9999 -9999 -9999 -9999 -9999 -9999 -9999 -9999 -9999 -9999 -9999 -9999 -9999 -9999 -9999 -9999 -9999 0.00138075627512063 0.00165899744503529 0.00140956002034481 0.00163934324564063 0.00117444835397577 0.00164916645589887 0.00170280360078488 0.00122750191332871 0.00126457261781909 0.00135866287515439 0.00143982115708555 0.001637990922005 0.00221983663001901
-9999 -9999 -9999 -9999 -9999 -9999 -9999 -9999 -9999 -9999 -9999 -9999 -9999 -9999 -9999 -9999 -9999 -9999 -9999 -9999 -9999 -9999 -9999 -9999 -9999 0.00163434308921148 -9999 -9999 -9999 0.00193726354633501 0.00167976511122235 0.00160851477040183 0.00164653099277249 0.00232259173656785 0.00166965543323396 0.0015080056337261 0.00159938842641956 0.00158910551947321 0.00204157845889246 0.00155851668988131 0.00157789066625202 0.00223125808137731
-9999 -9999 -9999 -9999 -9999 -9999 -9999 -9999 -9999 -9999 -9999 -9999 -9999 -9999 -9999 -9999 -9999 -9999 -9999 -9999 -9999 -9999 0.00156991128868543 -9999 -9999 0.00217078378231277 -9999 -9999 -9999 0.000787133720859106 0.000890162540194868 0.00090038578972171 0.00139555614591827 0.00144800084054226 0.00155423933245248 0.00230420612253703 0.00159652735990879 0.00210258754877249 0.00156127019912787 0.00168454047282276 0.00203238752828835 0.00169328981994495
-9999 -9999 -9999 -9999 -9999 -9999 -9999 -9999 -9999 -9999 -9999 -9999 -9999 -9999 -9999 -9999 -9999 -9999 -9999 -9999 -9999 0.00212266804344053 0.00146534980400063 0.00159676012200878 0.00147580785968811 0.00242278331816335 0.000700956329661454 0.000697711800920838 0.000987323839701784 0.000696536985800465 0.00178588576264696 0.000897795553228387 0.00118196849792525 0.00119412654049291 0.0015595923664064 0.00191876309459471 0.00138974353042331 0.0016000645148806 0.00236187067472718 0.00165350056997444 0.00230361480282721 0.00138408632553782
-9999 -9999 -9999 -9999 -9999 -9999 -9999 -9999 -9999 -9999 -9999 -9999 -9999 -9999 -9999 -9999 -9999 -9999 -9999 0.00155874100133386 0.00126979760260297 0.00124940958310501 0.00120311318450926 0.00118442822358347 0.00198552045199525 0.00179058224264029 0.000697710469983798 0.000701020510403178 0.000699841459039409 0.000696535730918522 0.00152142045285775 0.00175510223426428 0.00128249419738881 0.00219134286056819 0.00169728555162811 0.00130525640548978 0.0013223623958222 0.00140940278076113 0.00164018202963162 0.0015211730972417 0.00144813549233645 0.00133365156185137
-9999 -9999 -9999 -9999 -9999 -9999 -9999 -9999 -9999 -9999 -9999 -9999 -9999 -9999 -9999 -9999 -9999 0.00144277755550513 0.00138708654034419 0.00186487474710788 0.00156954719264606 0.00213125657681271 0.00227031195125298 0.00118273636632057 0.00292887011183179 0.00139003319484342 0.000989169884263332 0.00227803874608749 0.00146025841561656 0.00141486938472653 0.00115818126435392 0.00163125792832904 0.000904891273181496 0.00172527732044847 0.00229131576938866 0.00210228721821399 0.00148569122739805 0.00159948721531711 0.00162679126764044 0.00161798863674806 0.00194402786835691 0.00161217133227683
-9999 -9999 -9999 -9999 -9999 -9999 -9999 -9999 -9999 -9999 -9999 -9999 -9999 -9999 -9999 -9999 -9999 0.0014353387950382 0.00217341271150171 0.00155458166043202 0.0015616121301623 0.00200762207335452 0.00144210005580346 0.00116187024091617 0.00116093226886998 0.000989577438134446 0.00163850004821525 0.00164143849019613 0.00152339729214828 0.00147002119956118 0.00116189335191728 0.00115456891198043 0.00162251548938636 0.00128339306866094 0.00216486277401104 0.0016042905679781 0.00224870816884582 0.00159195552372227 0.00214071799049595 0.00160766264169797 0.00159641341246718 0.0010450928310892
-9999 -9999 -9999 -9999 -9999 -9999 -9999 -9999 -9999 -9999 -9999 -9999 -9999 -9999 -9999 -9999 -9999 0.00136940080288586 0.00133179480166144 0.00125803313484286 0.00147921561799151 0.0019829481740252 0.00199511129269746 0.00247266615669263 0.00099085932538456 0.00162761688483942 0.00202477855247792 0.0017049736519888 0.00215926958282022 0.0013127362859733 0.00117991063130143 0.00162075653348127 0.00164966638407239 0.000905435677757174 0.000910754364907436 0.00168849064734695 0.00226235206216402 0.00190885593820969 0.00153605639449116 0.00146509107025296 0.00146922986021998 0.00104865382308984
-9999 -9999 -9999 -9999 -9999 -9999 -9999 -9999 -9999 -9999 -9999 -9999 -9999 -9999 -9999 -9999 0.00152090872091056 0.00141539374725664 0.00122792588045537 0.00115520422570334 0.00113445419443115 0.00113290048377933 0.00157422644925814 0.00141270831843029 0.00069910409497664 0.00131687223433821 0.00159236084550955 0.00225967204353011 0.00209250423895683 0.00138127562491492 0.00125768024184972 0.00226585804691389 0.00117401523059352 0.00151606772479354 0.00166620566068813 0.00128548438293114 0.00133795950564345 0.00157568736085029 0.00144671103827978 0.00102758118418811 0.00148849022434634 0.00161282404545899
-9999 -9999 -9999 -9999 -9999 -9999 -9999 -9999 -9999 -9999 -9999 -9999 -9999 -9999 -9999 -9999 0.00152464195682945 0.00180899528719786 0.00155990356762612 0.00210299066062319 0.00155546031728256 0.00232177027126122 0.00254721056781122 0.000991856872486937 0.00170471226744343 0.00133415491675384 0.00137315776635073 0.00158381105987977 0.00157249400526278 0.00141903937264313 0.00129472180506404 0.00180104988119516 0.00119210587127304 0.00151837900929065 0.00153863880240043 0.000954746050856382 0.00142448680659086 0.00101057232492623 0.00126022931138434 0.00157712786560603 0.00193121048683584 0.00140559261002073
-9999 -9999 -9999 -9999 -9999 -9999 -9999 -9999 -9999 -9999 -9999 -9999 -9999 -9999 -9999 0.00153814500984277 0.00190732625499088 0.00149792168608046 0.00142367443317463 0.00182714549481055 0.00172922596594475 0.00239544220327664 0.000700590688072883 0.0007005895743687 0.00155355913429466 0.0022286502583577 0.00157553320262686 0.00222122888982998 0.00156534159298743 0.00145806114248183 0.00146923470302814 0.0019309859281899 0.00122342543827236 0.00226693032783091 0.00156157122078399 0.00135145801066638 0.00136054071266261 0.00159612627252129 0.00147986855157621 0.00185601990013528 0.00224538551122984 0.00149769759753868
-9999 -9999 -9999 -9999 -9999 -9999 -9999 -9999 -9999 -9999 -9999 -9999 -9999 -9999 -9999 -9999 0.00147905059714698 0.00146811151186777 0.00199355948217681 0.00153757278653441 0.00181382333453713 0.00274815560839175 0.000993450488372445 0.000700588534911463 0.00206976670644736 0.00221594843462729 0.00204695565018789 0.00155578824410364 0.00211379508296463 0.00158546236347286 0.00156037793746132 0.00143221980176653 0.00123183854425004 0.00137723910337148 0.00219958731356431 0.00153300942540196 0.000960023451560267 0.00163386313188346 0.00157923982512036 0.00133297032897635 0.0015076051790921 0.00160748726049253
-9999 -9999 -9999 -9999 -9999 -9999 -9999 -9999 -9999 -9999 -9999 -9999 -9999 -9999 -9999 -9999 -9999 0.00147443505832107 0.00139017106634196 0.00134106773938412 0.00132799603285831 0.00121115699603595 0.000700805995465413 0.00198265873330042 0.00146872893104215 0.00138837957664813 0.002209395836907 0.00194531233758946 0.0015843028360217 0.00154453260650653 0.00217782249385107 0.00153003093093596 0.00130889912197627 0.00142439725607758 0.00153219795643859 0.0015328667303966 0.00130302054972466 0.00137087746104237 0.00162862041364896 0.00162939856340456 0.00151948370984391 0.00156460179101511
-9999 -9999 -9999 -9999 -9999 -9999 -9999 -9999 -9999 -9999 -9999 -9999 -9999 -9999 -9999 -9999 0.00143168870923803 0.00191473262917301 0.00156917519147158 0.00146291278866641 0.00141955424484837 0.00199124494101649 0.000701468315057848 0.00153147307851156 0.00173532605261845 0.00123380741180063 0.00131845719125335 0.00156621457268303 0.00158736695617319 0.00138679232031669 0.00196265240095372 0.00155796641915639 0.00151952099882001 0.00196122977470747 0.00147659238028105 0.00142358671489516 0.00136908299640077 0.00138125595298677 0.001377740654391 0.00107009436454651 0.00144630821006624 0.00152229144965852
-9999 -9999 -9999 -9999 -9999 -9999 -9999 -9999 -9999 -9999 -9999 -9999 -9999 -9999 -9999 -9999 0.00143628450639619 0.00122236265038001 0.00166014887201997 0.00158821246945462 0.00109375418250321 0.00107514350425267 0.00107512879038597 0.000995222512429846 0.00158996517605025 0.00225424160269661 0.0022370126167754 0.00222552495778244 0.00124789949560243 0.00128131463603208 0.00155933522457255 0.00219847549058835 0.00207689701925455 0.00151243202430564 0.00199760450413434 0.00151683072153025 0.00217522077922243 0.00156381907716153 0.00133053033243083 0.00146815607447903 0.00167517643350568 0.00215637426947873
-9999 -9999 -9999 -9999 -9999 -9999 -9999 -9999 -9999 -9999 -9999 -9999 -9999 -9999 -9999 0.00205103009504171 0.00179947051409815 0.00151340808311309 0.00118614713005589 0.00154882037306627 0.00183827243845564 0.00167159883085938 0.0023487072159737 0.000703559169957878 0.00165518205842004 0.00119033589213824 0.00120448763128531 0.00122198430987528 0.0012319990868761 0.00159372287083737 0.00143875331662173 0.00216197763839644 0.00155335688839128 0.00181539485792279 0.00154697514650421 0.00202835722493068 0.00156476048213135 0.00141117095209286 0.00136383295714134 0.00103680348666915 0.00104438882716543 0.00161499302492894
-9999 -9999 -9999 -9999 -9999 -9999 -9999 -9999 -9999 -9999 -9999 -9999 -9999 -9999 -9999 0.00150966483974892 0.00131261506707417 0.00213969409742477 0.00121155929867629 0.00149908700600153 0.00130379855630069 0.00171916166122552 0.00151118770701229 0.000703731412128967 0.00163699306123451 0.00228811839189946 0.00159799057830236 0.00211170686540525 0.00162527572242016 0.0015879518866277 0.00190221947049025 0.00153434007569585 0.00153093762654594 0.00142140122535679 0.00121749644089986 0.00156229238223298 0.00154535406580661 0.00156859453190374 0.00223840133295683 0.00147395336641335 0.00131340127044876 0.00149534592629753
