Model input/Uganda/rivergeometry/river_depth_1oct.asc
NCOLS 67 
NROWS 67 
XLLCORNER 29.500000001 
YLLCORNER -1.499999999 
CELLSIZE 0.0833333332985075 
NODATA_value -9999 
[rows 20 to 39 of 67, columns 0 to 44 of 67]
-9999 -9999 -9999 -9999 -9999 -9999 -9999 -9999 -9999 -9999 -9999 -9999 -9999 -9999 -9999 0.404026510922884 0.290810755082434 0.303500583444632 0.357224697999543 0.324173285862584 0.28554689001796 0.344979760545373 0.436744863895137 0.546407933694313 0.665008569087024 0.615959027491646 0.333026182716219 0.399619095018989 4.05056630355205 0.724635645933373 0.28133355278949 0.286262606754864 0.35545386436232 0.357641644554543 0.958568628230174 0.943743592940737 0.520827511454961 0.351024288631468 0.277818230861649 0.313533155209601 0.339525794168037 0.345574750978165 0.383859369244758 0.401197589614803 0.945947926511051
-9999 -9999 -9999 -9999 -9999 -9999 -9999 -9999 -9999 -9999 -9999 -9999 -9999 -9999 -9999 0.274801442245416 0.287768982557371 0.27928838938463 0.2488408918227 0.288758915391075 0.359392870058052 0.266627274754741 0.492780047462699 0.30026055709331 4.06141736029079 4.06093084635923 4.05941711344632 4.05268685123739 0.361765026305912 4.04103009663581 4.04039588870782 0.309508553876849 0.434978281768596 0.342858287207172 0.999688515088724 0.287688137637015 0.347182499413204 0.715610114850685 0.62691180348586 0.573782278691857 0.495505869618624 0.290477173947027 0.281595288953844 0.326221163130311 0.314069162762275
-9999 -9999 -9999 -9999 -9999 -9999 -9999 -9999 -9999 -9999 -9999 -9999 -9999 -9999 -9999 -9999 0.285003195043204 0.354241458679239 0.318550560598602 0.254211293726668 4.06712597895725 4.06712597895725 4.06712597895725 4.06212892884257 0.313993954582015 0.322897252963718 0.343640223553738 0.56950339773242 0.515574949546384 0.443138933057999 0.379164867556774 4.03756233870804 4.03682648064939 4.03313771046665 0.334159228610358 0.346305545518259 0.784306288117133 0.32980034369679 0.4321064110498 0.344911562278162 0.331236577109604 0.292331722021398 0.278505650476643 0.275426430116338 0.311827660181633
-9999 -9999 -9999 -9999 -9999 -9999 -9999 -9999 -9999 -9999 -9999 -9999 -9999 -9999 -9999 -9999 -9999 0.302398794041137 4.06712597895725 4.06712597895725 4.06712597895725 4.06712597895725 4.06712597895725 0.447021203446555 0.4008586722768 0.537432033463852 0.434058095902474 0.545511707562198 0.364205904321093 0.347346821274899 0.315247853283228 0.316789618990468 0.508908729949681 4.00787244046601 0.324171247528321 0.419987268123643 0.863170526270885 0.43307092235538 0.342387220851648 0.324553732524087 0.291698446298186 0.283975052281337 0.390802650404787 0.493658507999772 0.316554645786436
-9999 -9999 -9999 -9999 -9999 -9999 -9999 -9999 -9999 -9999 -9999 -9999 -9999 -9999 -9999 0.258424180006089 0.240096826966422 4.06712597895725 4.06712597895725 4.06712597895725 4.06712597895725 4.06712597895725 4.06712597895725 4.06712597895725 0.953509133868142 0.836406983505744 0.793288059932327 0.440044599563524 0.404195415304986 0.268754702242894 0.311793416877781 0.314858623888325 0.317194098290071 0.550497523354536 4.00589388022337 0.87244577605457 0.33410277395687 0.310404860422717 0.305731518104457 0.524490418871029 0.414429882689322 0.280743872512151 0.667898874518834 0.525931469289215 0.282067501396973
-9999 -9999 -9999 -9999 -9999 -9999 -9999 -9999 -9999 -9999 -9999 -9999 -9999 -9999 -9999 0.307365633295901 4.06712597895725 4.06712597895725 4.06712597895725 4.06712597895725 4.06712597895725 4.06712597895725 4.06712597895725 4.06712597895725 0.429031318625841 0.350202369614257 0.353169255486576 0.583462673626582 0.337355815556834 0.39184327064821 0.310523782579598 0.31287719481004 0.316196718452255 3.98385839719532 0.754399045169641 0.694179789967167 0.669364891486461 0.622763554380265 0.568352873260387 0.360579689238613 0.360859437503207 0.283830460894787 0.740096833600471 0.391888409504787 0.278778503554883
-9999 -9999 -9999 -9999 -9999 -9999 -9999 -9999 -9999 -9999 -9999 -9999 -9999 -9999 -9999 4.06712597895725 4.06712597895725 4.06712597895725 4.06712597895725 4.06712597895725 4.06712597895725 4.06712597895725 4.06712597895725 0.373303473083712 0.636628021684311 0.360664217613288 0.359280805312642 0.529903090796468 0.303410249655137 0.528964841650491 0.385193965691863 0.392248676883778 0.314241734413023 3.97153531228865 3.97202129807852 0.416452956970472 0.333441291544662 0.310551480276148 0.313283780829232 0.466775314442949 0.431843554204826 0.846407154498798 0.291182764037726 0.465752569533977 0.385171094893788
-9999 -9999 -9999 -9999 -9999 -9999 -9999 -9999 -9999 -9999 -9999 -9999 -9999 -9999 -9999 4.06712597895725 4.06712597895725 4.06712597895725 4.06712597895725 4.06712597895725 4.06712597895725 4.06712597895725 4.06712597895725 0.278058540884303 0.518262835331818 0.338635497388816 0.316043586995955 0.312531866382623 0.313382505526838 0.307686361519003 0.621806008606992 3.9707513721147 3.9707513721147 3.9707513721147 0.303865066544231 0.308179903896512 0.331706015180485 0.472997635988401 0.57812421780376 1.06318064433815 1.00931329908607 0.679828603200798 0.308750297967473 0.502897298066381 3.77512328033698
-9999 -9999 -9999 -9999 -9999 -9999 -9999 -9999 -9999 -9999 -9999 -9999 -9999 -9999 4.06712597895725 4.06712597895725 4.06712597895725 4.06712597895725 4.06712597895725 4.06712597895725 4.06712597895725 4.06712597895725 0.522371947884953 0.443136067158614 0.484655307712677 0.441477001174725 0.311359731387999 0.502004564480923 0.307161728379254 0.291840780862392 0.376177749069782 3.9707513721147 3.9707513721147 3.9707513721147 1.2349507752321 0.404811130720013 0.311949348079853 0.379640821215654 1.14774496330777 0.335151445271579 0.320660447482938 0.605050728355318 0.564510879412008 0.289548453996314 3.77512328033698
-9999 -9999 -9999 -9999 -9999 -9999 -9999 -9999 -9999 -9999 -9999 4.06712597895725 4.06712597895725 4.06712597895725 4.06712597895725 4.06712597895725 4.06712597895725 4.06712597895725 4.06712597895725 4.06712597895725 4.06712597895725 0.324776634580059 0.323714620105251 0.288141791341622 0.29150290645643 0.383820380882658 0.298226637029332 0.53465484932106 0.299141461271482 0.261948696009921 0.397221615262235 3.9707513721147 3.9707513721147 3.9707513721147 3.77512328033698 1.20411039962677 1.18734560447216 1.17517967347969 3.77512328033698 3.77512328033698 3.77512328033698 3.77512328033698 3.77512328033698 3.77512328033698 3.77512328033698
-9999 -9999 -9999 -9999 -9999 -9999 -9999 -9999 -9999 -9999 0.353915739643925 4.06712597895725 4.06712597895725 4.06712597895725 4.06712597895725 4.06712597895725 4.06712597895725 4.06712597895725 4.06712597895725 4.06712597895725 0.362395770621746 0.286138875367856 0.273430919964872 0.349712891999422 0.288205595120399 0.276048141331327 0.382210185356892 0.621668439763768 0.381712128136469 0.236533530893568 1.74739994120779 0.44931573992499 0.314589396768956 0.485515790992325 3.77512328033698 3.77512328033698 3.77512328033698 3.77512328033698 3.77512328033698 3.77512328033698 3.77512328033698 3.77512328033698 3.77512328033698 3.77512328033698 3.77512328033698
-9999 -9999 -9999 -9999 -9999 -9999 -9999 -9999 -9999 -9999 4.06712597895725 4.06712597895725 4.06712597895725 4.06712597895725 4.06712597895725 4.06712597895725 4.06712597895725 4.06712597895725 0.282193377693137 0.598733019897473 0.299239997901816 0.300370380393498 0.298488715803576 0.289817444965203 0.500079298355536 0.376920796788016 0.673862030354284 0.648617751449366 1.60458155987263 1.74530236885277 1.02653567427986 0.333809419097 0.336650176265094 0.328388596056641 0.457498621459071 0.379190055536228 3.77512328033698 3.77512328033698 3.77512328033698 3.77512328033698 3.77512328033698 3.77512328033698 3.77512328033698 3.77512328033698 3.77512328033698
-9999 -9999 -9999 -9999 -9999 -9999 -9999 -9999 -9999 0.342910623265148 4.06712597895725 4.06712597895725 4.06712597895725 4.06712597895725 4.06712597895725 4.06712597895725 4.06712597895725 0.460576723153273 0.3033955234119 0.572178258671478 0.481813805757617 0.383663442570629 0.315126694548337 0.32897032309932 1.16300889354637 1.18912783314371 0.699439980438237 1.5944845335111 0.288337767671625 0.287896968006389 0.308575866301624 0.996008386124237 0.348642697437458 0.351609750159477 0.336763626289452 0.3247497007722 3.77512328033698 3.77512328033698 3.77512328033698 0.302678710354922 3.77512328033698 3.77512328033698 3.77512328033698 3.77512328033698 3.77512328033698
-9999 -9999 -9999 -9999 -9999 -9999 -9999 -9999 -9999 0.329278069994461 4.06712597895725 4.06712597895725 4.06712597895725 4.06712597895725 4.06712597895725 4.06712597895725 0.321765425919554 0.382774858101937 0.268133796449925 0.266011617094335 0.287882690345549 0.296478371026125 1.06699292662498 1.12096195737399 0.471707091191628 0.290491065699528 1.28957670491505 0.284592937514683 1.21877835156222 0.674237678297662 0.346804340142701 0.30545293912914 0.988704082498377 0.439114576837106 0.349488854682347 0.31795279337034 0.657842321673619 0.318771890538503 0.279736123785068 1.05546316817839 3.77512328033698 3.77512328033698 0.0214967193721392 3.77512328033698 3.77512328033698
-9999 -9999 -9999 -9999 -9999 -9999 0.362106100207052 0.435478639956974 0.34069673834107 0.2489983148183 1.31856089533397 4.06712597895725 4.06712597895725 4.06712597895725 4.06712597895725 0.327774262015908 0.328309602191776 0.288268772676769 0.279632028375981 0.239109486451751 0.635850306935483 1.01552120712837 0.32311872307967 0.288202855933512 0.287567212927745 0.401241971432623 0.418705403606336 0.325349452208169 1.11703780972748 0.334929781794782 0.622889812414497 0.330324487498172 0.472290447648918 0.871649540535432 0.318782034658001 0.33295398628064 0.40664344417557 0.52685658242025 0.32406064781443 1.05546316817839 0.320369226634588 3.49104327968562 0.671182415222951 0.334559250355424 3.77512328033698
-9999 -9999 -9999 -9999 -9999 -9999 0.447425156892073 0.49367934883472 0.258053435934663 1.32049614197329 0.24146802367077 4.06712597895725 4.06712597895725 4.06712597895725 4.06712597895725 0.990169283453375 0.950281578342218 0.925505559281777 0.875767651685733 0.85741900295124 0.58531099043718 0.266973141549651 0.911757444016283 0.858667881057641 0.275199002657337 0.293578991791706 0.326804909826854 0.499663730167568 1.06817011770858 0.269961437902403 0.566624760439828 0.324689588154818 0.40235539495171 0.318205821703675 0.817292816017494 0.327960416939423 0.325417520626223 0.483002859753946 0.343698339474051 1.02375656838583 0.34058651638964 3.47626199198129 0.42851750375414 0.615086022977976 0.316341063718151
-9999 -9999 -9999 -9999 -9999 0.273243809128296 0.314939234818511 0.474328245752422 1.32161046126913 0.195182316249395 0.177397522971556 4.06712597895725 4.06712597895725 4.06712597895725 0.346444589807359 0.61505706501613 0.301489994546773 0.386591408257854 0.354790199361264 0.848890219371842 0.240991755644884 0.55736239723909 0.449456579767656 0.833995251560943 0.314282053093352 0.293545756675757 0.287287961300601 0.400262000008685 0.461531128066019 1.03318709733212 0.344417873677379 0.449486075193206 0.317914132798853 0.317016463241363 0.673678928245947 0.557146555166622 0.319740591864003 0.33977513173994 0.434990147074043 1.00152457219036 0.340932360619909 3.47454990350276 0.339299776795789 0.543437412397661 0.312159130757848
-9999 -9999 0.196611520163897 0.313843893499686 0.252314475313398 0.218036316262402 0.212392925226091 0.368905683325001 1.27523618392779 0.18235963150665 0.489955840366209 0.497011106130423 1.28365222627393 0.349957998793403 0.407435714890744 0.507199485258798 0.397808147487219 0.337961496187664 0.298517456727025 0.844257433281002 0.287184945260432 0.531863218351564 0.38273586483956 0.600099171549588 0.801762848916582 0.35360954274225 0.28757160670191 0.288665691927226 0.435650903379189 1.02658891092489 0.984626792550031 0.284961457513946 0.324790133838697 0.32344535264662 0.629350397648187 0.265378318584824 0.43454756511288 0.33019658762872 0.37122494974117 0.926004394591317 0.342023885020116 3.47122810944458 0.331017699455278 0.32777428426796 0.379668661733702
-9999 0.282277439593656 0.43164010832064 0.269700778420438 0.16821125490769 0.253237746521508 1.24990324961611 1.25868226067045 0.21848956530577 0.186787796549082 0.478916675906231 0.312889699532224 0.597518795755181 1.22238170074852 1.17531920626125 0.390404832242856 0.482697845263299 0.365561179715088 0.550940881853155 0.726700555006127 0.468284237502024 0.374657891557651 0.392148321756255 0.56069750284891 0.311023237840128 0.559363892205924 0.229582147757494 0.212206352936032 0.317131621775485 0.319600173247121 0.463332054777176 0.976508888037392 0.459618172081875 0.27744330432691 0.610981774271082 0.28429258123683 0.384867052779939 0.305112680948774 0.34261933588605 0.888611189690559 0.279476602648299 3.46723878014977 0.317940631296603 0.317874085847276 0.251498757179923
-9999 0.268604872794268 0.322890457336625 1.20109020997336 1.2038695304058 1.24023528501403 0.281688384619238 0.346583872608322 0.345512031679542 0.458145513435225 0.317762282085561 0.482780921210422 0.347690502348764 0.533505208910952 0.333203469798815 1.1391074935939 0.945416435947493 0.359136771934278 0.39713562179935 0.387901596983609 0.619002044955683 0.387545259854634 0.384346559243406 0.512679909461342 0.325418415684042 0.534237984076297 0.505044828497612 0.40851285145282 0.217476814977505 0.223577994207343 0.364813195003631 0.304513232932334 0.91608069339763 0.267854869185777 0.283043638745898 0.56735425104825 0.27964279616774 0.268145244751985 0.690286174665671 0.698434797635359 0.270583271432898 0.280125464745508 3.46547807434887 0.663185797417145 0.306610339351206
