Model input/Uganda/rivergeometry/river_restime_1nov.asc
NCOLS 67 
NROWS 67 
XLLCORNER 29.5 
YLLCORNER -1.5 
CELLSIZE 0.0833333333283582 
NODATA_value -9999 
[rows 19 to 37 of 67, columns 0 to 41 of 67]
-9999 -9999 -9999 -9999 -9999 -9999 -9999 -9999 -9999 -9999 -9999 -9999 -9999 -9999 -9999 0.00152812837812617 0.00129461922462943 0.00172143754895622 0.00217230484552962 0.00188575984987655 0.00157178597333537 0.00226410421556877 0.0015498458385807 0.00151234060550472 0.000978969006566845 0.00210404338230949 0.00178660443396658 0.00148300490290845 0.0022169016953152 0.00119013847264016 0.00129050564668286 0.00134144144908155 0.00145568277140858 0.00133777259385308 0.0016232456169155 0.00138821489320928 0.00196295103383247 0.00204618382928212 0.00156150518680119 0.0015537742934467 0.00140497939849777 0.0014970493630638
-9999 -9999 -9999 -9999 -9999 -9999 -9999 -9999 -9999 -9999 -9999 -9999 -9999 -9999 -9999 0.00195686541326844 0.00215678170111726 0.00150061173856386 0.0020341853404452 0.00150883729340881 0.00159211221196732 0.00149094037556139 0.00136484498531363 0.00179191088018355 0.00120355039118434 0.00124324323621699 0.00210643813280991 0.00199751195335505 0.000984461918032654 0.00117845431907246 0.00156490198202009 0.00219578788053875 0.00145243583243217 0.0020563409572157 0.00107929057450637 0.00109100467988729 0.00130206510932662 0.00146072156837101 0.00155578567938168 0.00149552384742093 0.00146517385145664 0.00207192334793401
-9999 -9999 -9999 -9999 -9999 -9999 -9999 -9999 -9999 -9999 -9999 -9999 -9999 -9999 -9999 0.00154792192556414 0.00216785630780728 0.00218517073230342 0.00159793714754558 0.00154631365944862 0.0020487921642194 0.00158998978014677 0.00185652791524539 0.00150386544319184 0.000983650099927189 0.000697656964027157 0.000697752430276309 0.000698084059407159 0.00146229064116002 0.000985189481884282 0.000698716403619332 0.00151934868965726 0.00136638629104282 0.00208303800814245 0.00151086096415342 0.00156106512853638 0.00145526544230614 0.0016569874561884 0.00122342804240186 0.0012573721023259 0.00131713719175773 0.00154624942252181
-9999 -9999 -9999 -9999 -9999 -9999 -9999 -9999 -9999 -9999 -9999 -9999 -9999 -9999 -9999 -9999 0.00154876619062315 0.0020448774474651 0.00148760095250494 0.00226989622324497 0.000979026794962995 0.000979054226163699 0.000694337747571271 0.000697564086436704 0.00147813379837838 0.00146296571137858 0.00145194981477636 0.00178927464371085 0.00130705555210605 0.00136434166636513 0.00142291297982847 0.000985508147214888 0.000698976168482703 0.000699180138349769 0.00148774249446374 0.00145613623137993 0.00113615996207616 0.00147541619306136 0.00193007314814194 0.00146679656349484 0.00148244144935819 0.00218046713063325
-9999 -9999 -9999 -9999 -9999 -9999 -9999 -9999 -9999 -9999 -9999 -9999 -9999 -9999 -9999 -9999 -9999 0.00214798521301814 0.000690228407406073 0.000690227675907388 0.000694376370701862 0.000690227675907388 0.000694376370701862 0.00133396475289609 0.0013782501346491 0.00178511523156547 0.00135486913471178 0.00180973893596129 0.00145440086891142 0.00145722192651176 0.00150268850359625 0.00151114392615059 0.00184800811154274 0.000696266783665459 0.00149690316463786 0.00194337326423573 0.00156670838903527 0.00137103802915242 0.00147080838218313 0.00147787575564443 0.00153675208491717 0.00219621540934997
-9999 -9999 -9999 -9999 -9999 -9999 -9999 -9999 -9999 -9999 -9999 -9999 -9999 -9999 -9999 0.0015830849213046 0.00161694250054165 0.000690227675907388 0.000979080633266243 0.000979080633266243 0.000694413603984951 0.000690226944408702 0.000694413603984951 0.000690227675907388 0.001514642291513 0.00112301029021548 0.00114243607752304 0.00136755779354091 0.00197885051634792 0.00158169058459465 0.00213802027713412 0.00213239127813919 0.00150180652519001 0.00127843082121056 0.000987852343020446 0.00110758784564229 0.00147367274539381 0.00213101301344781 0.00212803991663246 0.0018204785525199 0.00138924996645368 0.00156203887732554
-9999 -9999 -9999 -9999 -9999 -9999 -9999 -9999 -9999 -9999 -9999 -9999 -9999 -9999 -9999 0.00151352473183437 0.00097910594312076 0.000694449374270669 0.000694449374270669 0.000694449374270669 0.000979130302026985 0.000690226212910017 0.000694449374270669 0.000979130302026985 0.00134062331080738 0.00143567832643884 0.00205434784310311 0.00176283933649073 0.00208104448211202 0.0014053505344699 0.00150690102806736 0.00150542981887773 0.00151046769778826 0.000989510660000247 0.00115598857447777 0.00118446467100315 0.00119763654342891 0.00122410136162684 0.00125957341044296 0.00143914224155991 0.00143789200267819 0.00154576246050441
-9999 -9999 -9999 -9999 -9999 -9999 -9999 -9999 -9999 -9999 -9999 -9999 -9999 -9999 -9999 0.000979130302026985 0.000694483681559016 0.000694483681559016 0.000694483681559016 0.00097915363683505 0.0006902255545612 0.000694483681559016 0.00097915363683505 0.00140650315418707 0.00170609891940704 0.00144470728608178 0.00144683349893338 0.00127728567665431 0.00152141117314644 0.00181921446668708 0.00142114108776817 0.00199377849147052 0.00213273923171235 0.000702592892363387 0.000990443630379358 0.00195424815912024 0.00148310747468812 0.0015056288926769 0.00150229223417603 0.0013373571454692 0.00137453750745077 0.00158095046105777
-9999 -9999 -9999 -9999 -9999 -9999 -9999 -9999 -9999 -9999 -9999 -9999 -9999 -9999 -9999 0.000694516525849992 0.000694516525849992 0.000694516525849992 0.000979176020694825 0.000690224896212383 0.000694516525849992 0.000979176020694825 0.000694516525849992 0.0015302514754034 0.00127832461988627 0.00206263385309731 0.00210901751760761 0.00149522847332141 0.00212643837312382 0.0021372800310842 0.00173370101852123 0.000702676418148872 0.000702676418148872 0.000698334366045669 0.00152717922089993 0.00214155201593023 0.00148579098522932 0.00133419844740673 0.00125257445437659 0.00147722238216324 0.00106395608308298 0.00119643832851683
-9999 -9999 -9999 -9999 -9999 -9999 -9999 -9999 -9999 -9999 -9999 -9999 -9999 -9999 0.000694547907143598 0.000979176020694825 0.000694547907143598 0.000979197307306571 0.000694547907143598 0.000979197307306571 0.000979197307306571 0.000690224311013435 0.00180938327627948 0.0013484274773729 0.00130457968934089 0.00135038627509203 0.00211928545803426 0.00129596235330855 0.00151212544164956 0.00216556809641662 0.00142587712152591 0.000990701921336016 0.000990680384627327 0.000702708168142093 0.00141425412670597 0.00141209625278833 0.00152238398792918 0.00144329447529411 0.00144519036003981 0.0014929216105399 0.00148973610239414 0.00122867547507187
-9999 -9999 -9999 -9999 -9999 -9999 -9999 -9999 -9999 -9999 -9999 0.000690224311013435 0.000979197307306571 0.000979217569820158 0.000979197307306571 0.000694577825439832 0.000979217569820158 0.000690223725814487 0.000979217569820158 0.000690223725814487 0.000979217569820158 0.00209238711545599 0.00147304775537374 0.00152256681864569 0.00215024094455554 0.00139941059893769 0.00150873249573161 0.00126993810525673 0.00151315038419776 0.00158315673321454 0.0019716806998579 0.000698333181896737 0.00070273843794915 0.000990722421914389 0.000714054363058067 0.00142532332823026 0.0010154642064877 0.00101850912824643 0.000709578772480673 0.00100665481097703 0.00100665481097703 0.000709578772480673
-9999 -9999 -9999 -9999 -9999 -9999 -9999 -9999 -9999 -9999 0.00143366290234163 0.000694606353888564 0.000690223725814487 0.000694606353888564 0.000694606353888564 0.000979236881385453 0.000690223140615538 0.000694606353888564 0.000979236881385453 0.000979236881385453 0.0020166545780945 0.00153595942805881 0.00155555603671604 0.00203721393005408 0.00152205833087657 0.00154106314330709 0.00140830964033815 0.00121200350019726 0.00140491123450469 0.00163216244319329 0.0012529969479634 0.00134317147564705 0.00150572595336081 0.00131266367263627 0.00070957756926385 0.00100669549474586 0.000714083691468135 0.000714083691468135 0.000709578170872261 0.00100667564166828 0.000714083691468135 0.00100667564166828
-9999 -9999 -9999 -9999 -9999 -9999 -9999 -9999 -9999 -9999 0.000694633346190057 0.00097925516885259 0.000694633346190057 0.000694633346190057 0.00097925516885259 0.000690222628566458 0.000690222628566458 0.00097925516885259 0.00151819844469497 0.00121643268147386 0.00212074433432969 0.00212247487991279 0.00212811753271019 0.00152751234175765 0.00129055114181277 0.00140485954559412 0.00118152186643547 0.00120395502537558 0.000911401162007343 0.00125399375446948 0.00104930093595362 0.00147833043868816 0.00208193925013838 0.00148812856270799 0.00189826121612509 0.00200501613763898 0.00070957704285649 0.00100671429500873 0.000714111440656122 0.000714111440656122 0.000714111440656122 0.000714111440656122
-9999 -9999 -9999 -9999 -9999 -9999 -9999 -9999 -9999 0.00145807112613924 0.000694658875494179 0.000694658875494179 0.000694658875494179 0.000979272432221566 0.000690222116517379 0.000694658875494179 0.000979272432221566 0.00131231314987767 0.00212667203251888 0.00123298134299243 0.00130647837517321 0.00139929536210485 0.00147253651133098 0.00207107748319314 0.00100202056310227 0.00140288764492928 0.00116798080357912 0.0012876230611128 0.00216491164664409 0.00152737370397276 0.00149955600669908 0.00149306659208395 0.00145439611360167 0.00144918207587677 0.00146731737069005 0.00148255020470561 0.00071413768582308 0.000709576516449129 0.00100673204245687 0.00151090687244047 0.00100673204245687 0.00071413768582308
-9999 -9999 -9999 -9999 -9999 -9999 -9999 -9999 -9999 0.00147550342920964 0.00069468294180093 0.00069468294180093 0.000979288671492383 0.000690221677618167 0.00069468294180093 0.000979288671492383 0.00147527846676507 0.0013883126113296 0.00218876250741637 0.00155063256749715 0.00214729845808485 0.00150595974255025 0.00102858962215485 0.0014281519551018 0.00131851585650295 0.00151385254695378 0.00137056967188582 0.00153187990931455 0.00139917026730945 0.00119142957766173 0.00146284321971127 0.00151916641069042 0.00149730241135831 0.001364061788258 0.00205955538262321 0.00211218699227157 0.00169810169778904 0.00149731603904448 0.0015569140664024 0.00146504083501861 0.000709576065242821 0.000714162426969009
-9999 -9999 -9999 -9999 -9999 -9999 0.0014226557736429 0.00134671606388437 0.00145968741933726 0.0022635920493315 0.000942508027155407 0.00097930388666504 0.000690221238718956 0.00097930388666504 0.00097930388666504 0.00145364768910867 0.0020692016382422 0.00215471808210927 0.00153397211742197 0.00160695609971572 0.00120159872606873 0.00147281974298572 0.00146317480050387 0.0015115931901825 0.00214640629724698 0.00194867514560159 0.00135519642276527 0.00207866120757334 0.00101122238710917 0.00207757652189651 0.00172137639137188 0.00148347728548747 0.00132163235651164 0.00155231361151119 0.00149904539178877 0.00148143028840711 0.00138500988991235 0.0018145476837581 0.00210067908343172 0.00103258858123967 0.00148920960370142 0.00102710561644803
-9999 -9999 -9999 -9999 -9999 -9999 0.00189560697852756 0.00184152603960486 0.00159052103188469 0.00132785087107243 0.00161422068864391 0.000979318077739537 0.000979318077739537 0.000690220799819745 0.000694726758572188 0.0010525348931608 0.00106631175328088 0.00107612750840594 0.00109553408622933 0.00110343034089459 0.00122492019451874 0.00221214004167875 0.00152264738802897 0.00109941187511804 0.0015494451409779 0.00151023816823747 0.00145896102080294 0.00183237524630343 0.00102460263185973 0.00221260418480664 0.00124852821157152 0.00148862464283968 0.00138552804680407 0.00149923340194643 0.00158145827530872 0.00148727662829736 0.0014896189811823 0.00131377942203167 0.00145479096125066 0.00104184350173674 0.00146253018674151 0.00072469280392785
-9999 -9999 -9999 -9999 -9999 0.00155482992112116 0.00210215091818058 0.00132194285787927 0.00132708321511157 0.00243005346560961 0.00249800368262414 0.000694746509036695 0.000690220434070402 0.000690220434070402 0.0014395534655143 0.00172838191163895 0.00148545102862933 0.00138615359321414 0.00200957510252788 0.00110076769088263 0.00161038575843476 0.00176370717846471 0.00133489821801696 0.00110216415449409 0.00149379229251206 0.00214862532835179 0.00215712935683234 0.00138210884696627 0.00131954697744197 0.00146875185485029 0.00145199176363285 0.00189790328777828 0.00149660935121303 0.00149793704058325 0.00117841795841352 0.00178005090231106 0.00149551918824684 0.00146031349317393 0.00136420747609349 0.00104859486527775 0.00146212181797511 0.000724673443994924
-9999 -9999 0.00170527829042095 0.0021023453662351 0.00159124717005106 0.00165559291855648 0.00168095497219871 0.0014234934641867 0.000942110927620075 0.00174651421256818 0.00131116112112036 0.00129514134138973 0.000971859218028114 0.0020361134929738 0.00196705214912979 0.00129193685457891 0.00139878180050061 0.00144298655947444 0.00148403961122522 0.00110382865529288 0.00150515760277617 0.00126096894907762 0.00140188249528384 0.00122529286901506 0.00158252968251373 0.00144070003504015 0.00153197582130538 0.00152401138298074 0.00134309114059908 0.00103739032739766 0.00105762582563254 0.00153334397923591 0.0020947481146961 0.00209438903094183 0.00120097373325773 0.00156295067336561 0.001915510498363 0.00147951912656061 0.00201094143161855 0.0010725931713451 0.00205797470168571 0.000724778671272434
