Model input/Uganda/rivergeometry/river_flowvelocity_1feb.asc
NCOLS 67 
NROWS 67 
XLLCORNER 29.500000001 
YLLCORNER -1.499999999 
CELLSIZE 0.0833333332985075 
NODATA_value -9999 
[rows 40 to 59 of 67, columns 0 to 45 of 67]
2.15737073044714 2.06644588880831 3.57707395023868 3.58467796440842 1.90883927131967 2.62513908645828 2.05268581005026 2.18287240310325 2.24567801595609 2.24766778700061 2.20061693129927 2.35345346363225 2.32963778070345 2.6176180576849 2.34065740728747 2.84913448095969 2.64244366509798 2.76001769124987 2.27612100731669 2.25687341515549 2.23359320027572 2.38946066910962 2.23350138568015 1.94316765474021 1.88214702073554 2.13570742507116 2.21567619907376 2.38676084964136 2.20240787503692 2.08208274888259 2.32088404710797 2.19130484446444 3.14404109768168 2.39403430579039 2.22905048133591 2.59088800217539 2.23598506061107 2.26064478174956 2.24149511288373 2.87980099656617 2.95282434302869 2.26852329939882 4.8822204425563 2.51459308497974 2.71344964253265 2.31155436627505
2.19900674751315 2.37262314856723 3.5629363594832 2.50807906600215 2.48787435009218 2.54245847270267 2.2423871274015 2.20393519403921 2.30628914326142 2.61709695364525 2.70047345619807 2.25238591435668 2.33911148104696 2.35490954222196 2.47301595904197 2.64049442933759 2.27107610173807 2.5548781294804 2.72893789044842 2.63929940572689 2.45509547482472 2.39691797836535 2.23451744601644 2.11986587709206 1.96231402602221 1.98922787542092 1.92055886901147 2.19230427546445 2.17669268688336 2.19090469763546 2.30390572012096 2.58178974953505 3.08789815357637 2.12431274163328 2.14718657187068 2.15296862342154 2.33772826309823 2.25009899068679 2.79006882783966 2.41502523408677 2.90716961736397 2.58665594830805 4.88203810767859 2.34654538848656 2.64669047162655 2.29638553783991
1.97614948680414 2.10756393201809 3.54535105798276 2.05297642128924 2.45236753670047 2.43177017093873 2.17170400665704 2.38402837464829 2.50877091860494 2.24806128320622 2.29176729540494 2.78304960685524 2.43385455739733 2.26178858383402 2.24797584520041 2.19401230757946 2.38398317270253 2.30328766704986 2.33412283144825 2.18805473861681 2.15971432756272 2.02565152026519 2.03839748595442 2.21289772236857 1.74964133926217 2.3781762452678 2.20891043125375 2.2897863113039 2.00299709849675 1.77583580969576 2.40272660797754 2.25009180743478 3.06822021657372 2.79556649665344 2.41918193265541 2.13973477369742 2.16775203510355 2.23513513568856 2.71595715917876 2.2430956373131 2.76164846618528 2.51106976316427 4.88186040889307 4.88160212645172 2.27523198114345 2.46514428663145
3.51437827901579 3.54348478069821 2.14418152860412 2.30578325761319 2.30088417846488 2.25252879163211 2.14688668983372 2.35494251470093 2.57289606433547 2.33826149020491 2.44451326200562 2.8177792715375 2.89610828096995 2.07841662168801 2.06470686882048 1.85167290126064 2.1377638160114 2.04632627201853 2.13633811716758 1.86538911653739 1.78315117473399 2.08464530641063 2.33558831855646 1.76573287234246 1.8559372876637 2.39188063376082 1.79484895189851 1.84892375061941 2.39591067563562 2.62771564296803 2.16066088102584 2.16646691868297 2.8871954117827 2.27185396333448 2.60961767582096 2.5340065568428 2.2499743447318 2.5521736846834 2.25199672909957 2.26115967351028 2.72426633355949 2.42954929326899 2.05299479859855 4.881424619262 2.31311240139172 2.22602825606973
3.51175403348589 2.66639027219724 2.63286051671556 2.49866082608639 2.28984975526316 2.1992796080391 2.04902159613351 2.26601841346688 2.38780386453122 2.68587581706581 2.60122088777664 2.16422546125866 2.93653054351769 2.31672254611203 2.0420861538481 1.93542909306833 1.82886439906954 1.97887926293735 2.10406910253547 2.06024683500502 1.92271081505556 2.41927753155325 1.94302585665808 2.1446666873448 2.45182113495427 2.02926841355641 1.91091640626139 2.77609588829999 2.40849156906499 2.62771564296803 2.16094082221797 2.20640936605418 2.47093230062822 2.75042508866004 2.63887486521524 2.27596426221793 2.30867628793451 2.46067369201307 2.28901091197918 2.38943793886927 2.62057176449458 2.31628708410867 4.88089603852575 4.88089603852575 4.88089603852575 4.88089603852575
3.50433292247753 2.43132139340581 2.37081490504144 2.30253303595571 2.42921918089373 2.20912671568586 2.36173697158921 2.44826819564083 2.29619107987786 2.76546077318356 2.63261477837564 2.03690679127656 2.94590169103913 1.95049343187534 2.20032923120306 1.86749920791351 2.17827407489584 1.87548876018196 1.89216458028461 2.28254310705784 2.14289438367797 2.47317825985376 2.59750679535885 2.53131236151153 2.03350264103291 1.90813283530281 2.0494744567208 2.77609588829999 2.62771564296803 2.62771564296803 2.48133653322919 2.22030399759466 2.31053511665086 2.29630913522164 2.19619694491732 2.47062368301169 2.32660209904235 4.88089603852575 4.88089603852575 2.16166541729435 2.32923800070646 2.16603646792975 4.88089603852575 4.88089603852575 4.88089603852575 4.88089603852575
2.70985234145704 3.48913571469747 2.23266661234588 2.27748121534995 2.53243691347016 2.18882230574515 2.45877181040347 2.45221987211806 3.28353398393406 2.95676102918409 2.68019935202635 2.08574328825711 2.95451598044888 2.30668550514133 2.32058270578981 2.36246247724559 2.69985297522786 2.71584639870536 2.85970726760734 2.92103801871804 2.92641961441561 3.11758225078188 3.12619955437579 2.06373338788903 2.12945494305726 2.14252608735514 2.79519108018916 1.9069406969089 2.01286583002577 2.37786634322235 2.21131006828573 2.21667709622482 2.21846959357737 2.38261512397495 4.88089603852575 4.88089603852575 4.88089603852575 4.88089603852575 4.88089603852575 4.88089603852575 4.88089603852575 4.88089603852575 4.88089603852575 4.88089603852575 4.88089603852575 4.88089603852575
2.13239371844515 3.44928125311278 2.44910104363935 2.31004007641341 2.30542356769312 2.68325184617003 3.28353398393406 3.28353398393406 3.28353398393406 3.28353398393406 3.2668099325474 3.26334414231245 3.07883909748695 3.07337992480686 2.08143831625992 2.0805024678114 2.55352981001484 2.11725491234253 2.5825986752707 2.09824741053819 2.56408321513424 2.08130950999789 2.23822935119522 3.16090413734242 2.26933380026091 2.80834996323363 1.94038885342966 1.90824106179687 2.01379505819563 2.22146549252559 2.19564551780256 2.37733396970806 4.88089603852575 4.88089603852575 4.88089603852575 4.88089603852575 4.88089603852575 4.88089603852575 4.88089603852575 4.88089603852575 4.88089603852575 4.88089603852575 4.88089603852575 4.88089603852575 4.88089603852575 4.88089603852575
2.36355008091671 3.44523100112062 3.43189557998865 3.43189557998865 2.72315401906247 2.08291874803764 3.28353398393406 3.28353398393406 3.28353398393406 3.28353398393406 2.14254799258188 2.38741475704786 2.07868298326509 2.650645843525 2.97411012315033 2.64180012859308 2.39193600461329 1.93776187312077 2.5740076339932 1.9739329263307 2.4960610289954 2.14694428018014 2.05289725717573 1.98042814780136 3.26897905384301 3.37881823660233 3.3860734371562 3.39522120204552 3.42027685876249 2.38137297334669 4.88089603852575 4.88089603852575 4.88089603852575 4.88089603852575 4.88089603852575 4.88089603852575 4.88089603852575 4.88089603852575 4.88089603852575 4.88089603852575 4.88089603852575 4.88089603852575 4.88089603852575 4.88089603852575 4.88089603852575 4.88089603852575
3.43189557998865 3.43189557998865 3.43189557998865 3.43189557998865 3.43189557998865 1.88172145230163 1.93388588051072 1.96042970784457 3.28353398393406 3.28353398393406 2.22838430782925 2.03544070615542 2.53809828694648 2.14865580476484 2.84535273532622 2.57735420587051 2.11870807355262 2.29931537195966 2.55276576739251 2.53360323646903 2.0184642164659 2.44981608991963 2.00595685206585 2.0822830067763 2.70349554967601 2.32442166845457 2.74028267088764 2.30216678023389 4.88089603852575 4.88089603852575 4.88089603852575 4.88089603852575 4.88089603852575 4.88089603852575 4.88089603852575 4.88089603852575 4.88089603852575 4.88089603852575 4.88089603852575 4.88089603852575 4.88089603852575 4.88089603852575 4.88089603852575 4.88089603852575 4.88089603852575 4.88089603852575
3.43189557998865 3.43189557998865 3.43189557998865 3.43189557998865 3.43189557998865 1.789450040682 3.33550819323485 3.28716325969408 3.28353398393406 2.03133649300171 2.06332498214527 2.06444812722324 2.50251887266711 2.15599660220091 2.82831698072755 2.50201577713709 2.10056102834188 2.21566732446811 1.82867441273851 2.50402313320465 2.00497568725863 2.42361776767895 1.96106927415962 2.02946793765559 2.66399256320137 2.19870675083074 2.72281612578494 2.16300909524449 4.88089603852575 4.88089603852575 4.88089603852575 4.88089603852575 4.88089603852575 4.88089603852575 4.88089603852575 4.88089603852575 4.88089603852575 4.88089603852575 4.88089603852575 4.88089603852575 4.88089603852575 4.88089603852575 4.88089603852575 4.88089603852575 4.88089603852575 4.88089603852575
3.43189557998865 3.43189557998865 3.43189557998865 3.43189557998865 3.43189557998865 3.33732673923556 1.91123748241799 2.69453091292899 2.02063562792242 2.31881381735348 2.02336803485914 2.25780080552229 2.21626813386658 2.20634528538217 2.76252041133744 2.02564785601971 2.41681673156782 2.10686350360701 2.21479856503966 2.31895064938621 2.02406918805757 2.24216345210377 2.08862948270246 2.06025079545323 2.63308186201541 2.12559717959181 2.5730091218841 2.17640005210819 4.88089603852575 4.88089603852575 4.88089603852575 4.88089603852575 4.88089603852575 4.88089603852575 4.88089603852575 4.88089603852575 4.88089603852575 4.88089603852575 4.88089603852575 4.88089603852575 4.88089603852575 4.88089603852575 4.88089603852575 4.88089603852575 4.88089603852575 4.88089603852575
3.43189557998865 3.43189557998865 3.43189557998865 3.43189557998865 3.43189557998865 2.06365023688402 1.77500062815918 2.66040550389171 2.12837660082467 1.90471441296426 2.1151683680643 1.89768859486621 2.21811853078345 2.4403945644316 2.47576887626762 2.39841581405147 2.12871937781997 2.10055824353252 2.0813332673536 2.14071322618596 2.0708884489253 2.11986458107169 2.10672304671543 2.36682919937322 2.52451085495533 2.24164970935198 2.35699362822171 2.17493093280825 2.29937184754876 2.33320171594992 4.88089603852575 4.88089603852575 4.88089603852575 4.88089603852575 4.88089603852575 4.88089603852575 4.88089603852575 4.88089603852575 4.88089603852575 4.88089603852575 4.88089603852575 4.88089603852575 4.88089603852575 4.88089603852575 4.88089603852575 4.88089603852575
3.43189557998865 3.43189557998865 3.43189557998865 3.43189557998865 3.43189557998865 1.76396992468707 2.01845802024463 2.64273342327617 2.59472284653976 2.19382319500612 2.18618125606639 2.21686084224584 2.19000970269429 2.33483818842433 2.12853484573434 2.14270237057644 2.13686591322798 2.14493562991552 2.14292173383851 2.13403545788475 2.1888457186239 2.00622951235753 2.12236799628039 1.97943903340619 2.29590112596815 2.06707005068395 2.18458231363019 2.23884883327052 2.52142551528775 2.68196275678842 4.88089603852575 4.88089603852575 4.88089603852575 4.88089603852575 4.88089603852575 4.88089603852575 4.88089603852575 4.88089603852575 4.88089603852575 4.88089603852575 4.88089603852575 4.88089603852575 4.88089603852575 4.88089603852575 4.88089603852575 4.88089603852575
3.43189557998865 3.43189557998865 3.43189557998865 3.43189557998865 1.83698318410516 2.23884495309843 2.15674796641608 2.38912218163216 2.15540926121582 2.24241497943272 2.37665642128235 2.35041335431363 2.19652658173536 2.16982306425886 2.16590533774489 2.30693646932816 2.12867238111249 2.2935912470579 2.30693839158042 2.69906884821331 2.38764437596056 2.28594864382752 2.17469451983753 2.12367318695309 2.04680465571639 1.88586189048681 2.01065816187445 4.88089603852575 4.88089603852575 4.88089603852575 4.88089603852575 4.88089603852575 4.88089603852575 4.88089603852575 4.88089603852575 4.88089603852575 4.88089603852575 4.88089603852575 4.88089603852575 4.88089603852575 4.88089603852575 4.88089603852575 4.88089603852575 4.88089603852575 4.88089603852575 4.88089603852575
3.43189557998865 3.43189557998865 3.04503235242479 2.00330082149813 2.63644204496228 2.11378097851874 2.23224571128967 2.23224510527681 2.24026750413338 2.57256677330372 2.20594554662576 2.4443556822922 2.34932307123042 2.15122581370391 2.14801383555118 2.19546270126819 2.45182257519218 2.52689700665659 2.13174119371166 2.69906884821331 2.00409481270614 2.12873846762341 1.94782508929672 2.03337096038412 2.04222305977488 1.87016690264874 2.27965753699236 4.88089603852575 4.88089603852575 4.88089603852575 4.88089603852575 4.88089603852575 4.88089603852575 4.88089603852575 4.88089603852575 4.88089603852575 4.88089603852575 4.88089603852575 4.88089603852575 4.88089603852575 4.88089603852575 4.88089603852575 4.88089603852575 4.88089603852575 4.88089603852575 4.88089603852575
3.43189557998865 3.43189557998865 3.0408882944186 3.01398611441919 2.07975758134257 2.58291293556635 2.26758708060433 2.2307605496686 2.38810139061981 2.64050774234495 2.20205020986102 2.9791472631457 3.0405538687274 3.06265257727742 3.08211945627034 3.10598040570645 3.23413318089334 2.71094714157175 3.31952440988971 3.31952440988971 3.33582209751434 2.29552359270752 3.34445521128984 2.20775022443495 2.11163703136388 2.19333497005648 4.88089603852575 4.88089603852575 4.88089603852575 4.88089603852575 4.88089603852575 4.88089603852575 4.88089603852575 4.88089603852575 4.88089603852575 4.88089603852575 4.88089603852575 4.88089603852575 4.88089603852575 4.88089603852575 4.88089603852575 4.88089603852575 4.88089603852575 4.88089603852575 4.88089603852575 4.88089603852575
2.04832624546727 2.74748246345029 2.23542468794931 3.00558018889592 2.12841693985431 2.23589710827874 2.22923077272679 2.61814307049625 2.20752049473858 2.69944932411141 2.87723172867632 2.20288057398034 2.16309638514876 2.19406298546194 2.42996492658227 2.51527859952399 3.23413318089334 3.23413318089334 3.31952440988971 3.31952440988971 3.33582209751434 3.34445521128984 3.34445521128984 2.2387768295643 2.4841542617883 2.18768251469891 4.88089603852575 4.88089603852575 4.88089603852575 4.88089603852575 4.88089603852575 4.88089603852575 4.88089603852575 4.88089603852575 4.88089603852575 4.88089603852575 4.88089603852575 4.88089603852575 4.88089603852575 4.88089603852575 4.88089603852575 4.88089603852575 4.88089603852575 4.88089603852575 4.88089603852575 4.88089603852575
1.98549534183486 2.71782784651688 2.10633666530288 2.99480400310144 2.11801539182208 2.20419992625251 2.73285570331479 2.6603556300705 2.25404396987752 2.83798487262788 2.38795347326953 2.20992243959902 2.15687767520537 2.16588619855783 2.14798506683076 2.21472621326068 3.23413318089334 3.23413318089334 2.15128820217006 2.07928422619623 2.44477754494185 2.10638530075583 3.35137004406807 1.94685281940585 2.58839796266054 2.6223916747052 4.88089603852575 4.88089603852575 4.88089603852575 4.88089603852575 4.88089603852575 4.88089603852575 4.88089603852575 4.88089603852575 4.88089603852575 4.88089603852575 4.88089603852575 4.88089603852575 4.88089603852575 4.88089603852575 4.88089603852575 4.88089603852575 4.88089603852575 4.88089603852575 4.88089603852575 4.88089603852575
1.98504654717466 2.7074847630734 2.06022272012843 2.04273276091637 2.977198236509 2.78955623386126 2.77240222933304 2.19130807116965 2.21844678264802 2.26878027559066 2.27974697807926 2.13185550063901 2.3507621366342 2.14241868594726 2.16858334524336 2.35974668129003 2.31828474621166 2.14523116315701 2.17225756428724 2.26826924982691 2.39049981844683 2.15499627918 2.13306192846781 3.35624007352382 3.41724123011894 3.42321107303195 4.88089603852575 4.88089603852575 4.88089603852575 4.88089603852575 4.88089603852575 4.88089603852575 4.88089603852575 4.88089603852575 4.88089603852575 4.88089603852575 4.88089603852575 4.88089603852575 4.88089603852575 4.88089603852575 4.88089603852575 4.88089603852575 4.88089603852575 4.88089603852575 4.88089603852575 4.88089603852575
