Model input/Uganda/rivergeometry/river_width_1mar.asc
NCOLS 67 
NROWS 67 
XLLCORNER 29.500000001 
YLLCORNER -1.499999999 
CELLSIZE 0.0833333332985075 
NODATA_value -9999 
[rows 40 to 59 of 67, columns 0 to 44 of 67]
0.660771978637372 0.521434223493447 9.42205656940035 9.54639062483911 0.346750638851828 2.15697149661896 0.563707661116776 0.774802610525387 0.865706719417374 0.825383356382059 0.742095990768575 1.09216206841299 1.02949973966009 1.93633593083182 1.05380298540957 3.33356613243371 2.33527924161412 3.11899302542781 1.10748382264493 1.08685632054502 1.03613854205038 1.49848639866325 1.04394844492908 0.830081726266576 0.814482855696476 0.814968284000156 0.958351167545342 1.21247285987503 0.774019622332119 0.553880406362988 1.00848022708347 0.755203507563612 5.48200182906057 1.43880644987105 0.99941805350236 2.04948852847416 0.849063064039515 0.858395667403207 0.799957804932831 3.29306684189701 3.68470372571878 0.88681521423299 57.2607285635998 1.5771443847057 2.40911160753746
0.730695140010545 1.10761985934936 9.18746762120273 1.68544573956542 1.62788817733096 1.83201124027164 0.882301063385229 0.806899796180747 0.948703974740456 1.92629807993291 2.28406689599804 0.849760839963062 1.04641313997324 1.08780044341541 1.47396079540894 2.35546979685399 0.978149402020719 2.03427752007572 2.95122766471291 2.4882790580315 1.67785738134791 1.47281463940401 1.02501085416564 1.27584000319749 1.08513951520917 0.740485904971557 0.431380942285985 0.736781015979008 0.698538020060991 0.737751416611861 0.963308745032075 1.80917557222646 4.98932998969631 0.810625312433141 0.803823292027533 0.78142842826112 1.13791692256123 0.83465636347777 2.7970387537562 1.23847072865085 3.38903105580956 1.81068633997571 57.2627663990714 1.09903182593984 2.11591541727091
0.407607792223187 0.579263388721668 8.85158406315658 0.504577510177617 1.51924153249986 1.47486515861164 0.751920685686872 1.23269998555921 1.59813074058452 0.835324170488547 0.93152467991667 2.69207671743079 1.31357436748238 0.883699378918762 0.925911965181118 0.920844200697054 1.43254482743713 1.14293838241902 1.25171228485592 0.9057501881413 0.845667233190435 0.727745551103877 0.778218690977384 1.60075291727239 0.660216188662797 1.96095314482878 0.916215833357959 1.0994768834288 0.642573297060614 0.503147909247768 1.23962751129348 0.840800598626421 4.78564252563988 2.96250472938376 1.46373970184394 0.773618669065803 0.765017165702896 0.809778787562076 2.44437268648068 0.824121228967312 2.55203109870492 1.54141611796805 57.2641067932448 57.2601593580672 0.939530862178424
8.33415756671509 8.82485816707424 0.635881393862378 0.973153938415966 1.15714101248551 1.07526235663562 0.6964673264522 1.14301657816309 1.82034441955242 1.02489022008211 1.31528195267656 2.88348186706266 3.38474871840597 0.681437981198849 0.682858664002728 0.679400443740238 0.807888793935214 0.597925116436117 0.742144948371668 0.595418056735161 0.673238237125621 0.981309883185127 2.08926486779903 0.637161133904347 0.685010867805411 2.05804707877348 0.706096339241615 0.756889621581209 1.86362446350443 2.33319189472757 1.03650189452823 0.687285769802239 3.37920851804714 0.87933838392291 2.01349195574592 1.75838852326377 0.872778476861315 1.80542397102281 0.843748903281328 0.851640088576996 2.37241322828122 1.2860806742746 0.510368468405703 57.2588694012286 1.13112323746393
8.296390571382 2.15578251753087 2.01939831576598 1.52952804436903 1.12798081862544 0.972911117053194 0.530024227422423 0.945072467711678 1.25733780716583 2.27151708369469 1.94151509713844 0.76907758679971 3.77656039888252 1.25240353311983 0.975457471807265 0.680350878063501 0.603576812913269 0.640397649411805 0.74077361472581 0.898556222509534 0.82778185562031 2.42264937494875 0.537419276535582 0.970493025327422 2.58059717546502 1.26756306968694 0.90301624502209 4.12428738354118 2.02139874868853 2.33319189472757 0.855212298108174 0.782335571567003 1.41177505550938 2.63620064922004 2.1616420305191 0.921419553483323 1.12179203922876 1.52368840397224 0.974554554162302 1.18107829461383 1.92885727195534 0.992373738404009 57.2314756736612 57.2314756736612 57.2314756736612
8.1820818543981 1.31300788730805 1.15682224534127 0.987049050860477 1.50709225282471 0.89639568026214 1.30470580471382 1.53223494895309 1.03372753683295 2.70312108684174 2.10017749518295 0.612468207358806 3.86697559014843 0.649993729195924 1.39507787365924 0.601414032965969 1.26589566185423 0.573881037484983 0.576395768204039 1.31260462446925 1.0404374947592 2.57230024698973 3.01883625810527 2.82340186065696 0.784804311998402 0.960749409165795 1.1489677505379 4.12428738354118 2.33319189472757 2.33319189472757 1.4736221815056 0.807682710339691 0.982297321082589 0.948764033492731 0.762513046830492 1.58984883680056 1.23188195822901 57.2314756736612 57.2314756736612 0.683760242876085 0.999849111572395 0.673926487938028 57.2314756736612 57.2314756736612 57.2314756736612
2.29610320822219 7.94068245702515 0.803865820798406 0.947757674932115 1.85656904813783 0.764391307119318 1.50975090026671 1.54627125761586 6.78656187352139 3.98787262541329 2.38017246408602 0.683100376754597 3.94790060371325 1.72248067862808 1.77343049657964 1.96455236023158 3.14373997121491 3.1917964627343 4.38768733344567 4.96917946947177 4.85607655846657 7.38258188760376 7.2226233464196 0.650381926249705 1.02251939659129 1.05323498131929 4.18664464669576 0.727242938267032 0.782747266129601 1.15344781700932 0.786430038360916 0.798320879151198 0.802719627314845 1.18750667238879 57.2314756736612 57.2314756736612 57.2314756736612 57.2314756736612 57.2314756736612 57.2314756736612 57.2314756736612 57.2314756736612 57.2314756736612 57.2314756736612 57.2314756736612
0.618596502748723 7.33178619866862 1.36236271694806 0.999924838756414 1.00140809608451 2.44373750019157 6.78656187352139 6.78656187352139 6.78656187352139 6.78656187352139 6.75431868768165 6.70582412048126 4.7956848021604 4.73810105382339 0.620552116174012 0.609966361286932 1.83594243429259 0.656614097403668 2.69156593206156 1.03365267684075 2.87480864754161 0.624800242700137 1.12123024610218 7.51372688505075 1.48512752025552 4.25158934700641 0.752042396621908 0.75275642605849 0.770811876770638 0.802183256767051 0.754827973704841 1.1640393590557 57.2314756736612 57.2314756736612 57.2314756736612 57.2314756736612 57.2314756736612 57.2314756736612 57.2314756736612 57.2314756736612 57.2314756736612 57.2314756736612 57.2314756736612 57.2314756736612 57.2314756736612
1.08886372086294 7.28548341161547 7.09768951125709 7.09768951125709 2.61696183967441 0.563679592917598 6.78656187352139 6.78656187352139 6.78656187352139 6.78656187352139 0.668427985174175 1.29894820309314 0.615544178456377 2.1432810809354 3.91642704279913 2.0724953311168 1.29653245670449 0.534978310568488 2.63604307072579 0.69439480016379 2.43813064201142 1.10343894621364 0.8268190855619 0.846984807315312 9.16541163277379 10.4984461723063 10.5034324820547 10.5606233553216 10.6905038440604 1.17319118838613 57.2314756736612 57.2314756736612 57.2314756736612 57.2314756736612 57.2314756736612 57.2314756736612 57.2314756736612 57.2314756736612 57.2314756736612 57.2314756736612 57.2314756736612 57.2314756736612 57.2314756736612 57.2314756736612 57.2314756736612
7.09768951125709 7.09768951125709 7.09768951125709 7.09768951125709 7.09768951125709 0.310270634798931 0.373070947623495 0.531926512688062 6.78656187352139 6.78656187352139 0.853685812342495 0.563962245057026 1.69026497569978 0.648168267757968 3.06458571000038 1.79119340077663 0.60510952138802 1.09390875435926 2.50205006116956 2.3929203921763 0.81888092323543 2.16236623358302 0.794232876474047 0.955057457345512 3.50045575176296 1.02235988408894 2.54818145459038 0.964945947224664 57.2314756736612 57.2314756736612 57.2314756736612 57.2314756736612 57.2314756736612 57.2314756736612 57.2314756736612 57.2314756736612 57.2314756736612 57.2314756736612 57.2314756736612 57.2314756736612 57.2314756736612 57.2314756736612 57.2314756736612 57.2314756736612 57.2314756736612
7.09768951125709 7.09768951125709 7.09768951125709 7.09768951125709 7.09768951125709 0.249857706483926 7.35681685548272 6.82320580359779 6.78656187352139 0.474301495769347 0.561650854271625 0.560699290124808 1.54516575166634 0.649120213007505 2.97363401055553 1.54096294033326 0.582819387849295 0.86451656559879 0.458720153696534 2.22105198935144 0.776346973514061 2.02665590877834 0.743976277066987 0.723734428824562 3.30325787339244 0.758425216787612 2.47313143051557 0.699520603409359 57.2314756736612 57.2314756736612 57.2314756736612 57.2314756736612 57.2314756736612 57.2314756736612 57.2314756736612 57.2314756736612 57.2314756736612 57.2314756736612 57.2314756736612 57.2314756736612 57.2314756736612 57.2314756736612 57.2314756736612 57.2314756736612 57.2314756736612
7.09768951125709 7.09768951125709 7.09768951125709 7.09768951125709 7.09768951125709 7.35619123172977 0.369666816696846 2.27872865139709 0.455874738254834 0.986070100586115 0.403432433166679 0.872341077752716 0.799918709027338 0.770793406583162 2.62904693514074 0.474707291955642 1.29046958180784 0.611027945663109 0.922358901637658 1.50474876663303 0.734567883920759 1.29503809051944 0.898940379885311 0.763354722679132 3.13011778287531 0.655040783348213 1.82483318623571 0.726081848970914 57.2314756736612 57.2314756736612 57.2314756736612 57.2314756736612 57.2314756736612 57.2314756736612 57.2314756736612 57.2314756736612 57.2314756736612 57.2314756736612 57.2314756736612 57.2314756736612 57.2314756736612 57.2314756736612 57.2314756736612 57.2314756736612 57.2314756736612
7.09768951125709 7.09768951125709 7.09768951125709 7.09768951125709 7.09768951125709 0.520052166538356 0.234223158981576 2.11210298067999 0.661162254400487 0.263781140891437 0.613879098812257 0.29244365133452 0.806015440198123 1.3312509963834 1.4299487161344 1.24966063789647 0.646663392488505 0.612969240147644 0.629644949117948 0.89816480339013 0.835217853595246 0.934533458928286 0.918173829600637 1.78088332763878 2.5996830135624 1.07456033155343 1.13847913197169 0.736211833665677 0.961678381010618 1.26541370043248 57.2314756736612 57.2314756736612 57.2314756736612 57.2314756736612 57.2314756736612 57.2314756736612 57.2314756736612 57.2314756736612 57.2314756736612 57.2314756736612 57.2314756736612 57.2314756736612 57.2314756736612 57.2314756736612 57.2314756736612
7.09768951125709 7.09768951125709 7.09768951125709 7.09768951125709 7.09768951125709 0.219373086307093 0.462815963418716 2.03800279802229 1.84034927138829 0.743093641366222 0.778231026771033 0.793661104129587 0.72210862257168 1.02856623463191 0.637120325251982 0.677088588894862 0.668332029556159 0.719936813534275 0.684845250699547 0.695310367648224 1.02709989913851 0.61811822964829 0.961899722904722 0.697073585719339 1.58607738995091 0.761757024053064 0.750852855983897 0.843403501632268 1.58037641036682 2.51528440308998 57.2314756736612 57.2314756736612 57.2314756736612 57.2314756736612 57.2314756736612 57.2314756736612 57.2314756736612 57.2314756736612 57.2314756736612 57.2314756736612 57.2314756736612 57.2314756736612 57.2314756736612 57.2314756736612 57.2314756736612
7.09768951125709 7.09768951125709 7.09768951125709 7.09768951125709 0.272050758131697 0.808196169016027 0.665031458546118 1.16728251833223 0.650077965576819 0.81769601408582 1.16469721443088 1.0812041310732 0.739502496480775 0.686376163849963 0.721090044525035 1.02463784292061 0.680289778713989 1.02642840084006 1.0220583318042 2.73679182411289 1.50912479015056 1.19876719311231 0.983989981459561 0.990855506830998 0.919059751150454 0.59435578133352 0.482383680339388 57.2314756736612 57.2314756736612 57.2314756736612 57.2314756736612 57.2314756736612 57.2314756736612 57.2314756736612 57.2314756736612 57.2314756736612 57.2314756736612 57.2314756736612 57.2314756736612 57.2314756736612 57.2314756736612 57.2314756736612 57.2314756736612 57.2314756736612 57.2314756736612
7.09768951125709 7.09768951125709 4.3521151950459 0.440260314058318 1.98929721074712 0.594877803193672 0.805657402606532 0.796317491446804 0.807046457497823 1.72887683645175 0.749463892416056 1.34417213182265 1.08475800596133 0.67780433599371 0.643660105251258 0.724929851271216 1.44170681983604 1.70049215055166 0.710134813602071 2.73679182411289 0.549760815185815 0.776729318415234 0.511674309909085 0.674807771920803 0.678395079223889 0.368313571611656 0.927040045914177 57.2314756736612 57.2314756736612 57.2314756736612 57.2314756736612 57.2314756736612 57.2314756736612 57.2314756736612 57.2314756736612 57.2314756736612 57.2314756736612 57.2314756736612 57.2314756736612 57.2314756736612 57.2314756736612 57.2314756736612 57.2314756736612 57.2314756736612 57.2314756736612
7.09768951125709 7.09768951125709 4.32106709554391 4.12409158278836 0.533377796436893 1.78132765714947 0.876939170548284 0.791731926562471 1.14125390112001 1.98481414638106 0.727012207858589 3.82662848163678 4.29796325594372 4.47081505178134 4.63301124127105 4.82275908891131 6.12339445042654 2.49371263627927 7.31676419328724 7.31676419328724 7.54954182043358 1.10365604842695 7.64498901976762 0.893271462574215 0.603074656162179 0.884425184396262 57.2314756736612 57.2314756736612 57.2314756736612 57.2314756736612 57.2314756736612 57.2314756736612 57.2314756736612 57.2314756736612 57.2314756736612 57.2314756736612 57.2314756736612 57.2314756736612 57.2314756736612 57.2314756736612 57.2314756736612 57.2314756736612 57.2314756736612 57.2314756736612 57.2314756736612
0.493825250576957 2.45240258584975 0.783806559047601 4.06350576949933 0.607390910182397 0.807936043058926 0.795321337137853 1.89438698726935 0.742575021342586 2.21933135054817 3.13928117261904 0.744072132278369 0.648130020795507 0.701739832106122 1.24093393025105 1.50147832968586 6.12339445042654 6.12339445042654 7.31676419328724 7.31676419328724 7.54954182043358 7.64498901976762 7.64498901976762 0.815731364852782 1.60603242340856 0.715725473410232 57.2314756736612 57.2314756736612 57.2314756736612 57.2314756736612 57.2314756736612 57.2314756736612 57.2314756736612 57.2314756736612 57.2314756736612 57.2314756736612 57.2314756736612 57.2314756736612 57.2314756736612 57.2314756736612 57.2314756736612 57.2314756736612 57.2314756736612 57.2314756736612 57.2314756736612
0.40941520536091 2.31603357805678 0.563150729940679 3.9863790172901 0.595072687831067 0.735721063020671 2.39694183611584 2.06863355712499 0.832166151934892 2.91782002285973 1.14529041434447 0.749075206653912 0.583687994020468 0.621030214454901 0.639324310721246 0.734186739700546 6.12339445042654 6.12339445042654 0.681983283309005 0.607370314166651 1.45816999503854 0.652986099627181 7.72300280398739 0.364138603265758 1.93127232786273 2.03864723992477 57.2314756736612 57.2314756736612 57.2314756736612 57.2314756736612 57.2314756736612 57.2314756736612 57.2314756736612 57.2314756736612 57.2314756736612 57.2314756736612 57.2314756736612 57.2314756736612 57.2314756736612 57.2314756736612 57.2314756736612 57.2314756736612 57.2314756736612 57.2314756736612 57.2314756736612
0.393762279954715 2.27219857248214 0.422565379926426 0.478795936062396 3.86552031268767 2.68662695345143 2.59678968987193 0.734551481796021 0.78048626974897 0.875969514437481 0.889539958130735 0.616402390113026 0.974854761426006 0.57248450433775 0.663743301014312 1.05785383825787 1.02806263484377 0.692943383193616 0.751786398622229 0.964928766127654 1.28439804171182 0.740991566775667 0.625839248878849 7.75369124348676 8.51814738094716 8.56653162740737 57.2314756736612 57.2314756736612 57.2314756736612 57.2314756736612 57.2314756736612 57.2314756736612 57.2314756736612 57.2314756736612 57.2314756736612 57.2314756736612 57.2314756736612 57.2314756736612 57.2314756736612 57.2314756736612 57.2314756736612 57.2314756736612 57.2314756736612 57.2314756736612 57.2314756736612
