Model input/Uganda/rivergeometry/river_width_1oct.asc
NCOLS 67 
NROWS 67 
XLLCORNER 29.500000001 
YLLCORNER -1.499999999 
CELLSIZE 0.0833333332985075 
NODATA_value -9999 
[rows 20 to 39 of 67, columns 0 to 45 of 67]
-9999 -9999 -9999 -9999 -9999 -9999 -9999 -9999 -9999 -9999 -9999 -9999 -9999 -9999 -9999 1.61716512554565 0.945151417144911 1.01344459606718 1.32256627606941 1.12861297884207 0.917367463369296 1.24932219886221 1.8365114781111 2.64794423328465 3.64970061260889 3.22035789764859 1.17939171497361 1.58844910401276 69.821927693265 4.19925155102607 0.895360763511649 0.921126290959434 1.3118739610922 1.3250886975938 6.63192359054501 6.46520797571949 2.44847553293752 1.28527579398953 0.877158822479961 1.06873614657788 1.21722184351605 1.25284370747344 1.48740962593202 1.59871067136649 6.48989266582239 0.768430667008004
-9999 -9999 -9999 -9999 -9999 -9999 -9999 -9999 -9999 -9999 -9999 -9999 -9999 -9999 -9999 0.861654063884228 0.929056989530194 0.884753498880809 0.732717457165335 0.934283088511603 1.33570351060656 0.8201842333737 2.23679805173315 0.995832257388091 70.1277133708269 70.1139921840127 70.0713069275663 69.8816445509422 1.35013432761314 69.5536228391408 69.5357933637055 1.04641899755427 1.82439312810852 1.23679736674049 7.10290053076076 0.92863069154299 1.26237853620259 4.11415605617827 3.31441921399224 2.86805051193858 2.25704369892526 0.943381163911232 0.896721797626226 1.14028214822061 1.07172217395983 5.85741820891948
-9999 -9999 -9999 -9999 -9999 -9999 -9999 -9999 -9999 -9999 -9999 -9999 -9999 -9999 -9999 -9999 0.914516051219625 1.3045728653301 1.09681364191468 0.758723429001369 70.2887917178104 70.2887917178104 70.2887917178104 70.1477836640255 1.07130300426502 1.12136547455319 1.24140809592422 2.83319730104038 2.40827028608613 1.88063290034958 1.45781173378876 69.4561554804337 69.4354797292724 69.3318705931603 1.18595310025268 1.25717424399375 4.7786628315337 1.16078853377187 1.80475922093892 1.24891880637667 1.1690570221128 0.953239206848282 0.880706795726137 0.864857373867899 1.0592565697722 1.02463616768579
-9999 -9999 -9999 -9999 -9999 -9999 -9999 -9999 -9999 -9999 -9999 -9999 -9999 -9999 -9999 -9999 -9999 1.00744198723094 70.2887917178104 70.2887917178104 70.2887917178104 70.2887917178104 70.2887917178104 1.90761978798754 1.59650525832427 2.57726356041312 1.81809319298771 2.64085360783348 1.36504590526047 1.26335463332423 1.07829986084519 1.0869272300846 2.35761684932627 68.6238409332245 1.12860138724776 1.72281603956588 5.58823853462696 1.81134403519328 1.23402291133378 1.13077731035294 0.949868496319508 0.90913336406952 1.5316073039322 2.24331496306759 1.085610651952 0.845482143695042
-9999 -9999 -9999 -9999 -9999 -9999 -9999 -9999 -9999 -9999 -9999 -9999 -9999 -9999 -9999 0.77936953600357 0.691131440872412 70.2887917178104 70.2887917178104 70.2887917178104 70.2887917178104 70.2887917178104 70.2887917178104 70.2887917178104 6.57484185673954 5.30800483598241 4.86837547789719 1.85923014407951 1.61826956962887 0.83090084457735 1.05906657226597 1.07612603888102 1.08919501677977 2.68039311314976 68.5685131444769 5.68665740027846 1.18562584141909 1.05137336650909 1.0256411499435 2.47666546706149 1.68573539686235 0.892297351052344 3.67564668623727 2.4877901439662 0.899179340668951 1.28443629929402
-9999 -9999 -9999 -9999 -9999 -9999 -9999 -9999 -9999 -9999 -9999 -9999 -9999 -9999 -9999 1.03461074407333 70.2887917178104 70.2887917178104 70.2887917178104 70.2887917178104 70.2887917178104 70.2887917178104 70.2887917178104 70.2887917178104 1.78382741364702 1.28036369932844 1.29812924136706 2.94750953921341 1.20454028714658 1.53827458863289 1.05203139506904 1.065086275515 1.08360633909617 67.9534907999422 4.48462994639109 3.91482283114683 3.68883425046594 3.27867096342723 2.82385402582139 1.34291591028794 1.34461815685399 0.908377366148181 4.3465890309196 1.53856404871926 0.882116609436251 0.919419225063541
-9999 -9999 -9999 -9999 -9999 -9999 -9999 -9999 -9999 -9999 -9999 -9999 -9999 -9999 -9999 70.2887917178104 70.2887917178104 70.2887917178104 70.2887917178104 70.2887917178104 70.2887917178104 70.2887917178104 70.2887917178104 1.42118151366422 3.39873747590215 1.34343017075032 1.33502326218613 2.51855038730073 1.01295193234548 2.51127041844534 1.49586605443362 1.54087507739319 1.07268423528402 67.610484343299 67.6239987453965 1.69919776684382 1.18179394100814 1.05218467686144 1.06734801622763 2.04723292365272 1.80296628414449 5.41205935559936 0.94712711726632 2.03991098720378 1.49572098123033 1.21080362745387
-9999 -9999 -9999 -9999 -9999 -9999 -9999 -9999 -9999 -9999 -9999 -9999 -9999 -9999 -9999 70.2887917178104 70.2887917178104 70.2887917178104 70.2887917178104 70.2887917178104 70.2887917178104 70.2887917178104 70.2887917178104 0.878398501192479 2.42881220865573 1.21201263620147 1.0827492760203 1.06316675761982 1.06789747878812 1.03637476266054 3.27044051639735 67.5886865663692 67.5886865663692 67.5886865663692 1.01543336268965 1.039091542095 1.17176454034426 2.09199800686534 2.90358604726269 7.85448171285871 7.21494322806154 3.78349144137428 1.04223479815187 2.31229768504075 62.2348987231423 62.2348987231423
-9999 -9999 -9999 -9999 -9999 -9999 -9999 -9999 -9999 -9999 -9999 -9999 -9999 -9999 70.2887917178104 70.2887917178104 70.2887917178104 70.2887917178104 70.2887917178104 70.2887917178104 70.2887917178104 70.2887917178104 2.46034633992958 1.88061303368371 2.17687339605486 1.86912590971105 1.05666143076713 2.30559663535596 1.03348986457592 0.950625691197651 1.43909885553224 67.5886865663692 67.5886865663692 67.5886865663692 10.0313668752603 1.62229812897747 1.05993185680067 1.46080201089735 8.90041098486602 1.19171054085991 1.10870479044522 3.12772567523748 2.79274043827505 0.938459401836536 62.2348987231423 62.2348987231423
-9999 -9999 -9999 -9999 -9999 -9999 -9999 -9999 -9999 -9999 -9999 70.2887917178104 70.2887917178104 70.2887917178104 70.2887917178104 70.2887917178104 70.2887917178104 70.2887917178104 70.2887917178104 70.2887917178104 70.2887917178104 1.13204612977237 1.12600580337534 0.931023804282365 0.948828640273681 1.48716286279741 0.984837412753232 2.55554510350058 0.989776857819524 0.796806841993231 1.57291249492393 67.5886865663692 67.5886865663692 67.5886865663692 62.2348987231423 9.62541770958896 9.40748132182534 9.25054301863891 62.2348987231423 62.2348987231423 62.2348987231423 62.2348987231423 62.2348987231423 62.2348987231423 62.2348987231423 62.2348987231423
-9999 -9999 -9999 -9999 -9999 -9999 -9999 -9999 -9999 -9999 1.30261408197865 70.2887917178104 70.2887917178104 70.2887917178104 70.2887917178104 70.2887917178104 70.2887917178104 70.2887917178104 70.2887917178104 70.2887917178104 1.35398152316621 0.920476047796524 0.854645744378771 1.27744186493052 0.931360573358587 0.868048461150002 1.47698557131017 3.26925872232136 1.47384307519549 0.674456010703921 17.6843001139857 1.92363986093005 1.07462341763194 2.18319005660145 62.2348987231423 62.2348987231423 62.2348987231423 62.2348987231423 62.2348987231423 62.2348987231423 62.2348987231423 62.2348987231423 62.2348987231423 62.2348987231423 62.2348987231423 62.2348987231423
-9999 -9999 -9999 -9999 -9999 -9999 -9999 -9999 -9999 -9999 70.2887917178104 70.2887917178104 70.2887917178104 70.2887917178104 70.2887917178104 70.2887917178104 70.2887917178104 70.2887917178104 0.89983488099858 3.07455688030089 0.990309461926518 0.996427280061084 0.986251485063965 0.93988389544001 2.29117086004314 1.44374493450201 3.72940244748176 3.50391403534211 15.3851266013496 17.6496385496675 7.41712251838486 1.18392587290933 1.20042757015088 1.15268320949074 1.98119333098945 1.45796992291794 62.2348987231423 62.2348987231423 62.2348987231423 62.2348987231423 62.2348987231423 62.2348987231423 62.2348987231423 62.2348987231423 62.2348987231423 62.2348987231423
-9999 -9999 -9999 -9999 -9999 -9999 -9999 -9999 -9999 1.2371057613086 70.2887917178104 70.2887917178104 70.2887917178104 70.2887917178104 70.2887917178104 70.2887917178104 70.2887917178104 2.00301281834408 1.01287162695483 2.85496576143421 2.15606487517638 1.48616973749819 1.07762301450009 1.15602043464874 9.09456855244649 9.43055765672876 3.96339444137787 15.227304974689 0.932058356708931 0.92973201623316 1.04127317124396 7.06023982762245 1.27106258336232 1.28877917718631 1.20108842924925 1.13189278586911 62.2348987231423 62.2348987231423 62.2348987231423 1.00896567614269 62.2348987231423 62.2348987231423 62.2348987231423 62.2348987231423 62.2348987231423 62.2348987231423
-9999 -9999 -9999 -9999 -9999 -9999 -9999 -9999 -9999 1.1577874158377 70.2887917178104 70.2887917178104 70.2887917178104 70.2887917178104 70.2887917178104 70.2887917178104 1.11495218124291 1.48055151734274 0.827767546782977 0.817093018923855 0.929656702920343 0.975424614011594 7.90053801368596 8.56367164093063 2.08268262595043 0.943454859182417 10.7662531583889 0.91236673210297 9.81767969482894 3.73279890949538 1.26013332356535 1.02411506392703 6.97586259186004 1.85281598158778 1.27610538467133 1.09345372034204 3.58567763431837 1.09805870398251 0.887071486405381 7.76156665429239 62.2348987231423 62.2348987231423 0.0134184274859501 62.2348987231423 62.2348987231423 62.2348987231423
-9999 -9999 -9999 -9999 -9999 -9999 1.35221416486087 1.82782231261598 1.22408632726332 0.733474762086421 11.1643159368317 70.2887917178104 70.2887917178104 70.2887917178104 70.2887917178104 1.14916298918549 1.15223032964951 0.931694083643668 0.886532359172536 0.686495096161567 3.39195817465362 7.28757013732728 1.12262206311796 0.9313461144133 0.927993193106788 1.59899956147821 1.71423528367379 1.13530929462718 8.51475762715289 1.19042337754784 3.27975679476107 1.16380342591466 2.08689139950597 5.6781824839635 1.09811578150193 1.17897410924724 1.63430972197763 2.49494205451426 1.1279724982825 7.76156665429239 1.10706053663437 54.7692365112325 3.7052092131249 1.18827296718475 62.2348987231423 62.2348987231423
-9999 -9999 -9999 -9999 -9999 -9999 1.91043635502748 2.24346966130445 0.777544010519181 11.1910934881166 0.697590348724893 70.2887917178104 70.2887917178104 70.2887917178104 70.2887917178104 6.99275662540816 6.53852828555891 6.26237682792196 5.72206740345761 5.52754480850795 2.96277657466284 0.821922814214494 6.11114181541038 5.54070191227432 0.863691184731901 0.959891529851634 1.14361696096703 2.28806166918659 7.91478078868292 0.837003557185708 2.8098427232613 1.13155057206448 1.60625367898894 1.09487545047937 5.11130401133632 1.15022924210018 1.13569730145031 2.16476297110233 1.24175104511071 7.3843511439606 1.22343952954432 54.3909581825077 1.78033917219092 3.21290586763384 1.08441446740938 1.65123101103439
-9999 -9999 -9999 -9999 -9999 0.853690654760392 1.07657610623139 2.10161945526337 11.2065233450184 0.492765319108728 0.421564775495078 70.2887917178104 70.2887917178104 70.2887917178104 1.25799884758385 3.2126587950965 1.00250121124502 1.50474060804596 1.30787541916307 5.43801759858958 0.695344287291508 2.73520639383748 1.92462487309424 5.28302747334893 1.07290905417818 0.959714037506597 0.926521665737255 1.59262544423602 2.00979704088791 7.49578477787862 1.24600014702403 1.92483118432054 1.09323655519709 1.08819884787445 3.72774734439307 2.73347643374778 1.10351444671381 1.21868229285308 1.82447441758848 7.12422167578629 1.2254694360727 54.3472086438543 1.21589857487556 2.62447081114273 1.06109640317139 1.10633319037272
-9999 -9999 0.498672765620763 1.07046683503395 0.749497996236774 0.590458216530561 0.565700245792936 1.3939358743408 10.5713814543066 0.440996056403713 2.21589636009604 2.26825392080769 10.6855787787509 1.27890465516867 1.63951402827803 2.34469644896976 1.57670798098325 1.20807475842022 0.986406607469417 5.38962484558532 0.925979047366457 2.53378556793503 1.48030516511418 3.08602422051008 4.95361635551424 1.30077374027156 0.9280163535076 0.933790454119798 1.82900349077438 7.41775083715542 6.92893415206705 0.914297300740826 1.13212298896155 1.12447630661061 3.33550432029112 0.81391795482472 1.82144322943498 1.16306746200937 1.4082789447465 6.26789115209545 1.23188461094607 54.2623647340699 1.16779545969805 1.14916311661725 1.46097699825328 1.03254392058402
-9999 0.90027276290207 1.80157906178725 0.835683881939028 0.386495380274945 0.753982983542326 10.2305186198794 10.3481523499912 0.592464460810268 0.458621826498867 2.13492887067358 1.0651558085587 3.06437870567904 9.86513640410896 9.25233715874742 1.52906143938108 2.1625304526319 1.37335282378055 2.68392014783697 4.21881500743436 2.05805402664159 1.42961369130994 1.54023118820421 2.76199095375722 1.05479675952552 2.7512684520289 0.642381732583067 0.56488877400854 1.08884461115962 1.10272295687783 2.02262283296888 6.83586561782458 1.99620808071572 0.87522605863872 3.17796150694172 0.910794424034204 1.49379291096453 1.02225228820728 1.23538970511406 5.85977519484904 0.885727620372982 54.160538862528 1.09338540142891 1.0930116200807 0.745544110137157 1.91917956332288
-9999 0.830144334997289 1.121326925804 9.58601345968362 9.62227280201927 10.1015776666605 0.897206090510155 1.2588250758725 1.25247231599354 1.98577120736309 1.09238373740058 2.1631384289473 1.26539709746271 2.54657542376425 1.18041743967848 8.79126325754926 6.48393756163409 1.33414915712879 1.57235632414898 1.51307952858226 3.24638561985797 1.51080979076976 1.49049446231823 2.38622096390808 1.1357024038438 2.55229124040428 2.32844838150553 1.64659986255126 0.587985302468797 0.615168271830974 1.36876576833228 1.01897375345989 6.15854477836043 0.826361481468165 0.904267732636611 2.8157540369192 0.886588121441911 0.827825277188317 3.87901967700828 3.95409482667162 0.84015505600589 0.889089073751729 54.1156212175688 3.63337438751956 1.03046120111937 1.52096186570388
