Model input/Uganda/rivergeometry/river_flowvelocity_1nov.asc
NCOLS 67 
NROWS 67 
XLLCORNER 29.500000001 
YLLCORNER -1.499999999 
CELLSIZE 0.0833333332985075 
NODATA_value -9999 
[rows 40 to 59 of 67, columns 0 to 45 of 67]
2.16380790143572 2.07257995406968 3.65871463039038 3.66392975402815 1.93999637423822 2.77706357692827 2.182198185449 2.31442747753649 2.3366499019541 2.26124368421305 2.23910406351434 2.41223490205367 2.38518900544636 2.69524143756058 2.39954521635392 3.07569267650999 2.94579797971809 3.10796237750647 2.52331129323784 2.51630363639778 2.50063907668451 2.68874984951865 2.50938347093053 2.54488658265941 2.52876976867723 2.40029924033036 2.48776127143408 2.49675330948853 2.29820948347167 2.09934705248327 2.34646877744826 2.23106002151286 3.221048614211 2.60898188621698 2.43315806607151 2.75100346460683 2.28289800797505 2.26192950293941 2.25899006590959 2.90559668122646 2.97438053969851 2.27909733639265 4.83205265767707 2.55293376367347 2.76974691769127 2.35667252424395
2.20047421123884 2.37638399684318 3.64832242708134 2.65772493935026 2.64093539103277 2.69553843874114 2.35605155105898 2.3244824712596 2.35759228285304 2.68410224455926 2.77136914512182 2.33808648980868 2.40750708199372 2.42721553280324 2.61823192356481 2.93014773117703 2.4370753367823 2.90066915604653 3.07107941884657 2.97293680420105 2.76915700280668 2.69048755323372 2.49586391739226 2.7582492545691 2.68185770573955 2.51876836265488 2.16687418155262 2.22134116545725 2.18080050193443 2.22041175158251 2.32379103212068 2.61732368601968 3.16429761561354 2.34772142702579 2.34674897011736 2.33739591645356 2.46572185478855 2.2523383953149 2.81882456826147 2.42092033355694 2.92984342062845 2.6262946962086 4.83220037277089 2.39960227155937 2.70682951719256 2.33515423001287
1.97365438163145 2.10743921098999 3.62758780905763 2.10174963440489 2.60797029862599 2.59496004497134 2.28577625617198 2.52107302961357 2.63723908180205 2.32407661164238 2.36926947727061 2.86392564285661 2.52645499562058 2.35704477536337 2.46414021656658 2.47694899950443 2.71557314682706 2.59950514329947 2.65927058158023 2.47507443936271 2.43488315095409 2.52358276549124 2.55551069845199 2.86960047746976 2.44479107252994 2.96745482165174 2.44218998320508 2.53613556236265 2.33860294700039 2.3398850725261 2.45830038904728 2.25275443380886 3.13121604202754 2.89493751596301 2.60733972365631 2.33431531873653 2.29358431423589 2.23736973358167 2.75167942074768 2.24941586743814 2.77301287300168 2.55012712363782 4.8322880803852 4.83226957172122 2.3358860901373 2.51757211361636
3.59909949026947 3.62697439341443 2.14857478493439 2.36477177175687 2.50014551207719 2.46056537928165 2.28541293552238 2.51117581371047 2.70894007303749 2.39907042853183 2.51246245166529 2.90151461919 3.00677623871804 2.43542484689062 2.43935787669105 2.55672973187164 2.43182169195059 2.37066008628168 2.40358775492591 2.49254612291605 2.47199664518992 2.68017699523946 3.04274941677821 2.45179897456534 2.46534500628146 3.01072943970404 2.44537531712367 2.42992891757756 2.83597715214068 3.01313031068347 2.46198331429157 2.16794113180721 2.91374295101132 2.27182721702909 2.67179910084629 2.60775915000651 2.28148738712142 2.60968291868066 2.25480209202248 2.26360246022161 2.73479256596808 2.45969136915429 2.06465347966926 4.83227645490937 2.43750955892617 2.51422093306675
3.59804923351893 2.74343832982915 2.71705165829206 2.59606272313115 2.59399798228068 2.46487003025785 2.20450242954082 2.39161762130464 2.58235450486887 2.81173268312194 2.76284210303641 2.38239454146598 3.13184817807185 2.72004834926523 2.76744012727714 2.57937786981781 2.50795757304244 2.55099883522497 2.65082547611602 2.69546514815532 2.60447945934543 3.14358175543581 2.42115249833427 2.67896392481639 3.1185951468577 2.64722122096475 2.51531729675032 3.32493159314634 2.92571463529538 3.01313031068347 2.32987481326225 2.22233990818897 2.47458450177679 2.78864315248131 2.69216576629315 2.29132463820033 2.39713402288007 2.53190460570635 2.32356601561554 2.40742922029316 2.63338779014908 2.34120987235719 4.83173690032166 4.83173690032166 4.83173690032166 4.83173690032166
3.59321679656588 2.49514284421584 2.44816552695841 2.39999986015559 2.73175190545026 2.40424798343616 2.58522943642096 2.67315013143961 2.46357628256808 2.93316595779564 2.82000946414766 2.36563194682638 3.15444258553189 2.56349550718228 2.96191076247898 2.51413462608864 2.89419174312581 2.48987252664196 2.47918725608113 2.92392079425993 2.74885707471766 3.19099632298541 3.25834445183185 3.18086169819259 2.4282181032734 2.49749416681702 2.51598666714492 3.32493159314634 3.01313031068347 3.01313031068347 2.49479896544919 2.23381294088002 2.31436563171232 2.2993484805873 2.21074808077118 2.55315077339212 2.43946639064027 4.83173690032166 4.83173690032166 2.17089206288778 2.32812312013937 2.16560008128197 4.83173690032166 4.83173690032166 4.83173690032166 4.83173690032166
2.71321065402033 3.58145275996935 2.26989739670394 2.37081655229376 2.79944202749596 2.29097795043309 2.62831567689236 2.68078127342988 3.67211980301429 3.17517734059163 2.91770097377961 2.40960117556714 3.17453776553283 3.07660329232375 3.11237180941396 3.17928888487107 3.3976386898627 3.41687357534857 3.554271520298 3.65149333423985 3.65889136284509 3.89602459073027 3.90252387035692 2.47468923100585 2.44778523828402 2.45950992640188 3.3389494564607 2.42207152204422 2.38745816072804 2.38599505978405 2.22309160540509 2.22905935064881 2.23142242148249 2.39694073933009 4.83173690032166 4.83173690032166 4.83173690032166 4.83173690032166 4.83173690032166 4.83173690032166 4.83173690032166 4.83173690032166 4.83173690032166 4.83173690032166 4.83173690032166 4.83173690032166
2.13375109980393 3.55279024498275 2.50570301584741 2.36721196775188 2.39520423269711 2.90953071875059 3.67211980301429 3.67211980301429 3.67211980301429 3.67211980301429 3.53294906389232 3.52602935248644 3.31126761115476 3.29835476070463 2.34357640319399 2.30261567642049 2.9134726582527 2.5287103987288 3.11140419963902 2.63615198515108 3.12850361958553 2.47171604757796 2.69250764992164 3.93056282584458 2.61787257719104 3.34994424242159 2.40088169648813 2.43118644633761 2.39529751551876 2.23099353179344 2.20735240312291 2.38836927844077 4.83173690032166 4.83173690032166 4.83173690032166 4.83173690032166 4.83173690032166 4.83173690032166 4.83173690032166 4.83173690032166 4.83173690032166 4.83173690032166 4.83173690032166 4.83173690032166 4.83173690032166 4.83173690032166
2.36669267706302 3.55294574927708 3.54566713574447 3.54566713574447 2.94180382481037 2.19654826710959 3.67211980301429 3.67211980301429 3.67211980301429 3.67211980301429 2.31647037419581 2.73368001892235 2.36476520659799 2.92403499030742 3.14221407504824 2.80569381101042 2.65201524873944 2.380733171067 3.08622950647031 2.43649115576661 3.01556008942656 2.65468347718301 2.5151898060986 2.49141227509956 4.01914138685911 4.06181896527582 4.06574555428384 4.07235611088055 4.07798906694937 2.39522795985418 4.83173690032166 4.83173690032166 4.83173690032166 4.83173690032166 4.83173690032166 4.83173690032166 4.83173690032166 4.83173690032166 4.83173690032166 4.83173690032166 4.83173690032166 4.83173690032166 4.83173690032166 4.83173690032166 4.83173690032166 4.83173690032166
3.54566713574447 3.54566713574447 3.54566713574447 3.54566713574447 3.54566713574447 1.92650776515613 2.0538880211217 2.2718626392207 3.67211980301429 3.67211980301429 2.54799851705637 2.35654283928533 2.80915622502309 2.32365859494213 2.99648930496941 2.72113359602134 2.26009387667424 2.55968149005402 3.0500137755826 2.99695462663522 2.44765461505039 2.92747226144269 2.46518990970562 2.47512642706729 3.09485190236564 2.33275363373679 2.75717492005698 2.3107641630776 4.83173690032166 4.83173690032166 4.83173690032166 4.83173690032166 4.83173690032166 4.83173690032166 4.83173690032166 4.83173690032166 4.83173690032166 4.83173690032166 4.83173690032166 4.83173690032166 4.83173690032166 4.83173690032166 4.83173690032166 4.83173690032166 4.83173690032166 4.83173690032166
3.54566713574447 3.54566713574447 3.54566713574447 3.54566713574447 3.54566713574447 1.9696120195401 3.71420359287458 3.67612653183324 3.67211980301429 2.19718700657411 2.38942571701167 2.32555902054067 2.74839160367597 2.30342204215951 2.97495674525383 2.62777689763543 2.22685245640791 2.40628859285444 2.35113743917496 2.95182398137006 2.4462435989861 2.87345606730118 2.43999276814965 2.40171390403405 3.05169028064824 2.20527792162946 2.74340214020029 2.17780749046902 4.83173690032166 4.83173690032166 4.83173690032166 4.83173690032166 4.83173690032166 4.83173690032166 4.83173690032166 4.83173690032166 4.83173690032166 4.83173690032166 4.83173690032166 4.83173690032166 4.83173690032166 4.83173690032166 4.83173690032166 4.83173690032166 4.83173690032166 4.83173690032166
3.54566713574447 3.54566713574447 3.54566713574447 3.54566713574447 3.54566713574447 3.71501354443395 2.12787826059444 2.90371876210491 2.20880305038267 2.61590741258005 2.29431714867581 2.5260638390469 2.3451808746306 2.31575576567087 2.89877673384313 2.130779765509 2.52519930399897 2.20716617356059 2.47764253907805 2.74712263235199 2.45313738249706 2.60763505603934 2.44710858492045 2.419622865849 3.02818776474563 2.1577523810465 2.59508611314292 2.19249768792061 4.83173690032166 4.83173690032166 4.83173690032166 4.83173690032166 4.83173690032166 4.83173690032166 4.83173690032166 4.83173690032166 4.83173690032166 4.83173690032166 4.83173690032166 4.83173690032166 4.83173690032166 4.83173690032166 4.83173690032166 4.83173690032166 4.83173690032166 4.83173690032166
3.54566713574447 3.54566713574447 3.54566713574447 3.54566713574447 3.54566713574447 2.17670326038178 1.9531028795246 2.84678618917142 2.39207665081057 2.18377771964304 2.3961167715542 2.11551997494669 2.34857922506431 2.57463402301711 2.59601918520114 2.49270241677311 2.21787890706878 2.18157388219848 2.2633638144294 2.4507058502785 2.45958336298908 2.42553062072058 2.40266952323988 2.71940354877957 2.91693796318921 2.43287958875295 2.38009555963621 2.19709612834126 2.30816091314107 2.43300973658961 4.83173690032166 4.83173690032166 4.83173690032166 4.83173690032166 4.83173690032166 4.83173690032166 4.83173690032166 4.83173690032166 4.83173690032166 4.83173690032166 4.83173690032166 4.83173690032166 4.83173690032166 4.83173690032166 4.83173690032166 4.83173690032166
3.54566713574447 3.54566713574447 3.54566713574447 3.54566713574447 3.54566713574447 1.81191513132053 2.1122955082586 2.825075598077 2.77422282039845 2.38261491265046 2.53127517333529 2.4888016952321 2.31453182249774 2.45415150076995 2.21964581306886 2.2242490996953 2.21458232927318 2.2771643847658 2.31050228505052 2.33973944571797 2.56581785203356 2.27477946342464 2.40826238172612 2.30228383649431 2.6518643455366 2.28389155631819 2.20379202910728 2.24876320567984 2.52643007878812 2.74907284187318 4.83173690032166 4.83173690032166 4.83173690032166 4.83173690032166 4.83173690032166 4.83173690032166 4.83173690032166 4.83173690032166 4.83173690032166 4.83173690032166 4.83173690032166 4.83173690032166 4.83173690032166 4.83173690032166 4.83173690032166 4.83173690032166
3.54566713574447 3.54566713574447 3.54566713574447 3.54566713574447 1.88166832649145 2.34599901642718 2.26463365051963 2.52082198620488 2.33377620072863 2.48127257857957 2.69113928485971 2.62593393151381 2.35652421306303 2.28305667214183 2.31147954984975 2.46174917719833 2.26748191294241 2.43398430096419 2.48760280073425 2.96608794498928 2.63779983158189 2.48904968102389 2.38938987256665 2.40573317506874 2.39908081701098 2.16967508871579 2.02470195617088 4.83173690032166 4.83173690032166 4.83173690032166 4.83173690032166 4.83173690032166 4.83173690032166 4.83173690032166 4.83173690032166 4.83173690032166 4.83173690032166 4.83173690032166 4.83173690032166 4.83173690032166 4.83173690032166 4.83173690032166 4.83173690032166 4.83173690032166 4.83173690032166 4.83173690032166
3.54566713574447 3.54566713574447 3.14547536741301 2.04201948799309 2.72373249884893 2.21414088218578 2.33236461396092 2.3387302053097 2.35374495605165 2.85778560402434 2.37454180168793 2.71023540922609 2.53041549092639 2.32389677609341 2.30152175678112 2.32574892838932 2.6168094139787 2.69786222208199 2.26204810903626 2.96608794498928 2.18370332928337 2.329644517514 2.18260466319525 2.25304350085036 2.23958158753803 1.97519367938562 2.28693079058399 4.83173690032166 4.83173690032166 4.83173690032166 4.83173690032166 4.83173690032166 4.83173690032166 4.83173690032166 4.83173690032166 4.83173690032166 4.83173690032166 4.83173690032166 4.83173690032166 4.83173690032166 4.83173690032166 4.83173690032166 4.83173690032166 4.83173690032166 4.83173690032166 4.83173690032166
3.54566713574447 3.54566713574447 3.14223159506637 3.10558916060727 2.16047554459357 2.66439564949883 2.3167513224386 2.2800890388985 2.48397577553136 2.90211724533195 2.35692092203935 3.20674887969155 3.27203460773923 3.2951151668004 3.31395424679058 3.33470811108975 3.45786414593745 2.88572489424655 3.55817463419807 3.55817463419807 3.57379892217822 2.46103351078908 3.58141968033412 2.34240867600087 2.12188353185374 2.33909163484375 4.83173690032166 4.83173690032166 4.83173690032166 4.83173690032166 4.83173690032166 4.83173690032166 4.83173690032166 4.83173690032166 4.83173690032166 4.83173690032166 4.83173690032166 4.83173690032166 4.83173690032166 4.83173690032166 4.83173690032166 4.83173690032166 4.83173690032166 4.83173690032166 4.83173690032166 4.83173690032166
2.0594847443675 2.95390087613731 2.42967083862949 3.09595023711885 2.2226087301928 2.29068415495402 2.26509558461231 2.69140787078903 2.24695388177697 2.93860294092597 3.07543611698199 2.31894761632424 2.2846412450714 2.33262651212991 2.54266621880315 2.63091683210755 3.45786414593745 3.45786414593745 3.55817463419807 3.55817463419807 3.57379892217822 3.58141968033412 3.58141968033412 2.24285592206998 2.59410558011436 2.20017764419548 4.83173690032166 4.83173690032166 4.83173690032166 4.83173690032166 4.83173690032166 4.83173690032166 4.83173690032166 4.83173690032166 4.83173690032166 4.83173690032166 4.83173690032166 4.83173690032166 4.83173690032166 4.83173690032166 4.83173690032166 4.83173690032166 4.83173690032166 4.83173690032166 4.83173690032166 4.83173690032166
2.08093151650051 2.93057309305052 2.35962994900358 3.08277721161496 2.1936373541889 2.27026221428816 2.79951571416815 2.73059282838556 2.31483993558697 3.03581790876833 2.47786106849575 2.31086571769041 2.26375521918518 2.26265182211061 2.2472281424391 2.31016139060354 3.45786414593745 3.45786414593745 2.18880669593432 2.16266380114822 2.52416193129293 2.17545466369568 3.58529711059917 1.94623693300071 2.67135473342272 2.69791889675159 4.83173690032166 4.83173690032166 4.83173690032166 4.83173690032166 4.83173690032166 4.83173690032166 4.83173690032166 4.83173690032166 4.83173690032166 4.83173690032166 4.83173690032166 4.83173690032166 4.83173690032166 4.83173690032166 4.83173690032166 4.83173690032166 4.83173690032166 4.83173690032166 4.83173690032166 4.83173690032166
2.13356671315355 2.92031073395296 2.29135295395544 2.31383607197617 3.05869044095467 2.86271178817036 2.84305363672057 2.31776188495413 2.27214658255374 2.3332047656578 2.37011060585334 2.23568411899562 2.45815165915003 2.24079101691712 2.24344439139537 2.42371745874664 2.38754165893977 2.21952020620203 2.25452782948171 2.3388299010543 2.46461073527616 2.22543131760145 2.13454588134327 3.58639387955421 3.62388902457407 3.62566437181443 4.83173690032166 4.83173690032166 4.83173690032166 4.83173690032166 4.83173690032166 4.83173690032166 4.83173690032166 4.83173690032166 4.83173690032166 4.83173690032166 4.83173690032166 4.83173690032166 4.83173690032166 4.83173690032166 4.83173690032166 4.83173690032166 4.83173690032166 4.83173690032166 4.83173690032166 4.83173690032166
