Model input/Uganda/rivergeometry/river_restime_1nov.asc
NCOLS 67 
NROWS 67 
XLLCORNER 29.5 
YLLCORNER -1.5 
CELLSIZE 0.0833333333283582 
NODATA_value -9999 
[rows 0 to 18 of 67, columns 0 to 41 of 67]
-9999.000000000000000 -9999 -9999 -9999 -9999 -9999 -9999 -9999 -9999 -9999 -9999 -9999 -9999 -9999 -9999 -9999 -9999 -9999 -9999 -9999 -9999 -9999 -9999 -9999 -9999 -9999 -9999 -9999 -9999 -9999 -9999 0.00224691631774939 0.00158670977322079 -9999 -9999 -9999 -9999 -9999 -9999 -9999 -9999 -9999
-9999 -9999 -9999 -9999 -9999 -9999 -9999 -9999 -9999 -9999 -9999 -9999 -9999 -9999 -9999 -9999 -9999 -9999 -9999 -9999 -9999 -9999 -9999 -9999 -9999 -9999 -9999 -9999 -9999 0.00157714534065624 0.0021053850799735 0.00160789612028316 0.00201896713107554 0.00226218581531835 0.00225621964903908 0.00159517751519219 0.001511333956044 0.00216983083314977 0.0016356871832226 0.00160854070467561 -9999 -9999
-9999 -9999 -9999 -9999 -9999 -9999 -9999 -9999 -9999 -9999 -9999 -9999 -9999 -9999 -9999 -9999 -9999 -9999 -9999 -9999 -9999 -9999 -9999 -9999 -9999 -9999 -9999 -9999 -9999 0.00136201626832723 0.00163915722969374 0.00138872484389833 0.00160396345293008 0.00114891319826284 0.00161042815607574 0.0016657220890523 0.00120027174448033 0.00123735660253556 0.00133333164913526 0.00141571526943184 0.00161139831808475 0.00219862481981056
-9999 -9999 -9999 -9999 -9999 -9999 -9999 -9999 -9999 -9999 -9999 -9999 -9999 -9999 -9999 -9999 -9999 -9999 -9999 -9999 -9999 -9999 -9999 -9999 -9999 0.00156876558358704 -9999 -9999 -9999 0.00190362759768861 0.00164881211677192 0.00157501682742584 0.00161097208991188 0.00227627422860979 0.00163347493234745 0.00147592680790599 0.00156585156341415 0.00155342799769432 0.00199276142203486 0.00151831492042343 0.00155415905039441 0.0021794899330123
-9999 -9999 -9999 -9999 -9999 -9999 -9999 -9999 -9999 -9999 -9999 -9999 -9999 -9999 -9999 -9999 -9999 -9999 -9999 -9999 -9999 -9999 0.0015162973667686 -9999 -9999 0.0020805915104272 -9999 -9999 -9999 0.000770695390219098 0.000865316070292006 0.000874674798845787 0.0013689694598244 0.00142054978917282 0.00152426465332383 0.00225931064945214 0.00155762125041989 0.00200409297905981 0.00148545565273457 0.00159338441381118 0.00197976471737177 0.00161543739591529
-9999 -9999 -9999 -9999 -9999 -9999 -9999 -9999 -9999 -9999 -9999 -9999 -9999 -9999 -9999 -9999 -9999 -9999 -9999 -9999 -9999 0.00201684062153478 0.00137944240565662 0.00146639441815943 0.00141073740827773 0.00228886886856451 0.000687187426635226 0.000684006630255251 0.000967257870465454 0.000682380850632838 0.00165608874350959 0.000872176042860411 0.00111712899237004 0.00113062210404473 0.00152464763665749 0.00183354463875282 0.00132677377153571 0.00150024420389158 0.00223020740028452 0.00158171863699456 0.00224664311498413 0.00134133600248352
-9999 -9999 -9999 -9999 -9999 -9999 -9999 -9999 -9999 -9999 -9999 -9999 -9999 -9999 -9999 -9999 -9999 -9999 -9999 0.00147834609397544 0.00121242131072097 0.00118995667955196 0.00114017136336567 0.00111791109815635 0.00187426102042483 0.00175228925142674 0.000684005325461841 0.000687250346673007 0.000685618165098047 0.000682379621254607 0.0014373476300748 0.00163534241282 0.0012492133719541 0.00203288656357398 0.00160448775098982 0.00122647910768416 0.00124311246530501 0.00132895079188965 0.00156941644688214 0.00147024854042297 0.00140706716434237 0.0012969122336846
-9999 -9999 -9999 -9999 -9999 -9999 -9999 -9999 -9999 -9999 -9999 -9999 -9999 -9999 -9999 -9999 -9999 0.0013941085597181 0.00133070984512744 0.00178332913401763 0.00151525648025886 0.0020199316116735 0.00207043328074567 0.00111599756741045 0.0024277475365512 0.0012968528842614 0.000969717374042508 0.00221071531588011 0.00138380309729229 0.00133642129329193 0.00108742489132231 0.00155192832799533 0.00088164706806438 0.00159415061291852 0.00211922110312265 0.00196338714394617 0.00139291257765099 0.00150093193975403 0.00156410674226026 0.00158185165409022 0.00189674124164853 0.00159859626019095
-9999 -9999 -9999 -9999 -9999 -9999 -9999 -9999 -9999 -9999 -9999 -9999 -9999 -9999 -9999 -9999 -9999 0.00138492628273632 0.00209015431997605 0.0014963567396043 0.00151144087112183 0.00193773252437851 0.00135262492413647 0.00109196790075408 0.00108682767625061 0.00096996462428424 0.00152776588316227 0.00153865543387987 0.00142825753652509 0.00136965504647545 0.00109190601744984 0.00109982275951055 0.00150156517934726 0.00125088767559618 0.00200362675733775 0.00148708140551531 0.00209792543178577 0.00148254242140079 0.00206401650528558 0.00157460441667934 0.00158108906453974 0.00102504930193098
-9999 -9999 -9999 -9999 -9999 -9999 -9999 -9999 -9999 -9999 -9999 -9999 -9999 -9999 -9999 -9999 -9999 0.00131941457647839 0.00128302957270749 0.00121158428210009 0.00142167977708001 0.00188628708438626 0.00191762016073434 0.00168477044282299 0.000971346857529691 0.00147142927580776 0.00187798659413736 0.00158351164465517 0.002009489449471 0.00122572656758264 0.00111090629176654 0.00149889522193053 0.0015757013587363 0.000882727260613655 0.000888490209596077 0.00155893352381974 0.00208861000557998 0.00181332623069001 0.00149091636315829 0.00144339483466128 0.0014416164219054 0.00102860428714143
-9999 -9999 -9999 -9999 -9999 -9999 -9999 -9999 -9999 -9999 -9999 -9999 -9999 -9999 -9999 -9999 0.00145306712489438 0.00135665054528553 0.00117907386295204 0.00110934532760185 0.0010840980467829 0.00108232594104984 0.00149739073621979 0.00132831031114002 0.000685125805312589 0.00122221221703883 0.00148752198505236 0.0021113059940619 0.00193881227865281 0.00129799997004551 0.00119634491886411 0.00209523818641447 0.00112546219618953 0.00145695039450393 0.00154661881800254 0.0012545601597588 0.00126854345674478 0.00147978669545218 0.00141952919531922 0.00100820499242453 0.00145904176316497 0.00157685731615839
-9999 -9999 -9999 -9999 -9999 -9999 -9999 -9999 -9999 -9999 -9999 -9999 -9999 -9999 -9999 -9999 0.00146548286760199 0.00173963818358125 0.00149179855460422 0.00198138876352241 0.00143760046516467 0.0022331819449618 0.00166878021587042 0.00097203457654588 0.00142029918292428 0.0012368977068139 0.00127204870479393 0.00147758085487653 0.00146046356638779 0.00134027086488665 0.00124151584224003 0.00171887226531758 0.00114529754185161 0.00145257203120636 0.00144807888654829 0.000932275310705445 0.00139497364502496 0.000990124209860157 0.00123043432599988 0.00154752862606593 0.0018828669111087 0.00136977453102044
-9999 -9999 -9999 -9999 -9999 -9999 -9999 -9999 -9999 -9999 -9999 -9999 -9999 -9999 -9999 0.00150413852047768 0.00183633760967376 0.00145589745204468 0.00137667001837442 0.00175705569136853 0.00158208589340781 0.00207624503297184 0.000686587533065628 0.000686586441621764 0.00145937826464891 0.00205060268997638 0.00145049306642189 0.00205711599753171 0.00146158097110728 0.00138068224111783 0.00142179612469252 0.00186004364390682 0.00118051094471568 0.00217579457478498 0.00151654482183963 0.00131144611847491 0.0013299124172087 0.00156669524441003 0.00145446580486897 0.00180432580194096 0.00219587083315321 0.00145856727247027
-9999 -9999 -9999 -9999 -9999 -9999 -9999 -9999 -9999 -9999 -9999 -9999 -9999 -9999 -9999 -9999 0.0014282174379048 0.00145066639054237 0.00193690689557086 0.00143594039706946 0.00174496628158004 0.00228224069065427 0.000973593756877799 0.000686585422940825 0.00190434319449331 0.00203581915766194 0.00189131418794012 0.00143974462466756 0.00202438131181645 0.00153882014205046 0.00151599665769421 0.0013839594958472 0.00118979609952781 0.00132860604737901 0.00214356216788722 0.00149810368703957 0.000938725238639624 0.0015554080850729 0.00154348535397268 0.00129377817552763 0.0014691349027959 0.00156226054417035
-9999 -9999 -9999 -9999 -9999 -9999 -9999 -9999 -9999 -9999 -9999 -9999 -9999 -9999 -9999 -9999 -9999 0.00146210296979145 0.0013437028060962 0.00127559897434268 0.00126402930441001 0.00115087468881654 0.00068704117083951 0.00183046874588836 0.00134805235128915 0.00128215684022921 0.00203953475074144 0.00183704535257406 0.00151345776779343 0.00150360948896905 0.00212255189238231 0.00148153004676636 0.00126555197247028 0.00137434720569996 0.00148188583147462 0.00149700740175853 0.00127369861704953 0.00134100962757092 0.00152689775899428 0.00153569138053717 0.00149463751954134 0.00155067095046926
-9999 -9999 -9999 -9999 -9999 -9999 -9999 -9999 -9999 -9999 -9999 -9999 -9999 -9999 -9999 -9999 0.00141523025163202 0.00189772843456504 0.00148578360632152 0.00137199319563022 0.00134085575100973 0.0018648569957193 0.000687663657210419 0.00148427340602719 0.00160023615995423 0.00114651592433316 0.00123410085910004 0.00144906572819071 0.00153947188172069 0.00135122527783411 0.00191575780337474 0.00151941877578681 0.00148060545009387 0.00189248866513511 0.00143322894389868 0.00139227335136304 0.00133871854778619 0.00135048830607062 0.00134850875382719 0.00105011385792842 0.00139305377631078 0.00149811797142669
-9999 -9999 -9999 -9999 -9999 -9999 -9999 -9999 -9999 -9999 -9999 -9999 -9999 -9999 -9999 -9999 0.0014280204160769 0.00121624608685133 0.00164491500598187 0.00148163152072019 0.00107837869797223 0.00105246981959594 0.00105209167482263 0.000975230072951376 0.00149063575638369 0.00206606291268414 0.00206009312383766 0.00205283975248184 0.0012157538998475 0.00124946497393244 0.00152738346862623 0.0021557488059077 0.00203387340848277 0.00147323374466706 0.00194825244890661 0.00148487488386842 0.00212479388665919 0.00153155437724734 0.00130202631708039 0.00143472179200212 0.00156243674879558 0.00208963164383379
-9999 -9999 -9999 -9999 -9999 -9999 -9999 -9999 -9999 -9999 -9999 -9999 -9999 -9999 -9999 0.00204070607449248 0.00179057121288688 0.00150501197849319 0.00117453628906814 0.00153130426411706 0.00174729805717548 0.0015821388566398 0.00219180439995198 0.000689450936578246 0.00156964186878423 0.0011363983481903 0.00115689892721391 0.00118374916664296 0.00120027027871623 0.00156136100043928 0.00141038527457958 0.00212177955368491 0.00152337697194213 0.00177404775412075 0.00151508852696036 0.00198667793655932 0.00153287539239378 0.00138193317550563 0.00133521104827086 0.00101351271573758 0.00102090453170756 0.00160337710603079
-9999 -9999 -9999 -9999 -9999 -9999 -9999 -9999 -9999 -9999 -9999 -9999 -9999 -9999 -9999 0.00150278802453755 0.00130634117195991 0.00213006817549647 0.00120278075461336 0.00142644951079411 0.00124258871312509 0.00157574010023547 0.00139770274838207 0.000689459670697383 0.00147101518043392 0.00210095716749731 0.0014675001812396 0.00198188646925336 0.00157293541822112 0.00155536711394745 0.00186451953999806 0.00150556820282 0.00150303456587768 0.00139281243633487 0.00118970306209046 0.00152391048797231 0.00150739957485034 0.00153679686519329 0.00219043074786918 0.00144320681489137 0.00128642277313274 0.0014623497126838
