Model input/Uganda/rivergeometry/river_flowvelocity_1dec.asc
NCOLS 67 
NROWS 67 
XLLCORNER 29.500000001 
YLLCORNER -1.499999999 
CELLSIZE 0.0833333332985075 
NODATA_value -9999 
[rows 0 to 19 of 67, columns 0 to 45 of 67]
-9999.000000000000000 -9999 -9999 -9999 -9999 -9999 -9999 -9999 -9999 -9999 -9999 -9999 -9999 -9999 -9999 -9999 -9999 -9999 -9999 -9999 -9999 -9999 -9999 -9999 -9999 -9999 -9999 -9999 -9999 -9999 -9999 2.19408416398286 2.19238384655047 -9999 -9999 -9999 -9999 -9999 -9999 -9999 -9999 -9999 -9999 -9999 -9999 -9999
-9999 -9999 -9999 -9999 -9999 -9999 -9999 -9999 -9999 -9999 -9999 -9999 -9999 -9999 -9999 -9999 -9999 -9999 -9999 -9999 -9999 -9999 -9999 -9999 -9999 -9999 -9999 -9999 -9999 2.20199021026958 2.33967920378774 2.17074692366116 2.43901326735354 2.17393600050205 2.18160312776734 2.17410993134546 2.29424641796027 2.26359510958153 2.12864714730151 2.16597832398608 -9999 -9999 -9999 -9999 -9999 -9999
-9999 -9999 -9999 -9999 -9999 -9999 -9999 -9999 -9999 -9999 -9999 -9999 -9999 -9999 -9999 -9999 -9999 -9999 -9999 -9999 -9999 -9999 -9999 -9999 -9999 -9999 -9999 -9999 -9999 2.54553531535963 2.12847717250208 2.50032276764649 3.06428022726401 3.03146582132686 2.161337687413 2.95057377194698 2.90153017728861 2.81470469000338 2.61543898724838 2.4650657416459 2.16556949898732 2.24490223418421 2.19757138810111 -9999 -9999 -9999
-9999 -9999 -9999 -9999 -9999 -9999 -9999 -9999 -9999 -9999 -9999 -9999 -9999 -9999 -9999 -9999 -9999 -9999 -9999 -9999 -9999 -9999 -9999 -9999 -9999 2.16196997500922 -9999 -9999 -9999 2.5724044059352 2.09715484613176 3.12118235110872 2.16120306615059 2.1593185953747 3.00915141753779 2.3604626707325 2.22530708922718 2.23177768348114 2.46224318011212 2.28603123787895 2.23411711023616 2.24049029453677 2.442458080744 -9999 -9999 -9999
-9999 -9999 -9999 -9999 -9999 -9999 -9999 -9999 -9999 -9999 -9999 -9999 -9999 -9999 -9999 -9999 -9999 -9999 -9999 -9999 -9999 -9999 2.28539571791567 -9999 -9999 2.30810049748702 -9999 -9999 -9999 5.1624295441674 4.00279700047326 3.95742702537288 2.54663463801411 2.45432599283418 2.28713487476094 2.17560212789616 2.21445477439973 2.39406559999383 2.28409672261693 2.12097265222713 2.46189086258062 2.09145470362222 2.54629298272646 2.15483580497343 -9999 -9999
-9999 -9999 -9999 -9999 -9999 -9999 -9999 -9999 -9999 -9999 -9999 -9999 -9999 -9999 -9999 -9999 -9999 -9999 -9999 -9999 -9999 2.41580470252916 2.46929374964301 2.28465846574946 2.40407070551843 2.07522219460167 5.10761359797325 5.10761359797325 5.11665327735834 5.11665327735834 2.01888160302949 3.95008210923582 3.03209536970354 2.99784801267973 2.26519868775593 2.62353744171075 2.56781591115224 2.23248619845737 2.13883316783719 2.14394396939719 2.16886774720072 2.55297056571386 2.61824020080141 2.16179894338414 -9999 -9999
-9999 -9999 -9999 -9999 -9999 -9999 -9999 -9999 -9999 -9999 -9999 -9999 -9999 -9999 -9999 -9999 -9999 -9999 -9999 2.32526045593106 2.85519215388651 2.90569523794785 3.02056326963914 3.05656535620127 2.54837339790394 1.95913101678936 5.10761359797325 5.10761359797325 5.11665327735834 5.11665327735834 3.33968567316019 2.05057470510795 3.91714631061342 2.33091496197505 2.97666318469849 2.74783767480987 2.71190235879682 2.54192909271444 2.17411244326793 2.33643260606112 2.43975832441715 2.66027113365315 2.85720019760597 2.09793869320741 -9999 -9999
-9999 -9999 -9999 -9999 -9999 -9999 -9999 -9999 -9999 -9999 -9999 -9999 -9999 -9999 -9999 -9999 -9999 2.49294528431931 2.60576758597432 2.74008519411456 2.2768045638758 2.40993068840212 2.28163030415471 3.06103377909783 1.90996216149632 2.61097474828428 5.10739377404298 2.19483211707563 2.44163387629994 2.51264694805518 3.09852018674372 3.11095852357759 3.91519177798658 2.10530805316168 2.23584204613579 2.41332694716718 2.40299455489236 2.24299189444066 2.18822773783074 2.19075455526383 2.5741306818841 2.18102809145329 2.90920883023401 2.12911519917429 2.10977586938971 -9999
-9999 -9999 -9999 -9999 -9999 -9999 -9999 -9999 -9999 -9999 -9999 -9999 -9999 -9999 -9999 -9999 -9999 2.49701854926062 2.34091066403571 2.30503956194586 2.29743343588472 2.52419733368249 2.52241136629055 3.13415200326822 3.14206762411725 5.10585623898005 2.19415924001999 2.17841015445047 2.33646174747601 2.44717177162893 3.08698281549123 3.09898573245573 2.23483952575925 3.91254126536559 2.36495278881805 2.25962360679902 2.25897444835676 2.25700949062224 2.35499634299769 2.19145808375777 2.20167836462591 3.3766654928738 2.17305141504034 2.38120290278765 2.13426893380124 2.13090760335351
-9999 -9999 -9999 -9999 -9999 -9999 -9999 -9999 -9999 -9999 -9999 -9999 -9999 -9999 -9999 -9999 -9999 2.63179233797981 2.70592871492099 2.8500720764178 2.44124620997246 2.57274954174253 2.53797676133898 1.84804853971435 5.09931211349588 2.29822989345425 2.51783578201206 2.11021142840928 2.35244806088563 2.74843847971379 3.03965833703043 2.2372873941278 3.07279418322352 3.9107356447431 3.90610467184882 2.14309165768436 2.26885923402905 2.65122694776654 2.31158044619602 2.40211089432402 3.40553868615526 3.38233634652243 3.23132693752701 2.49246777965404 2.18176065185141 3.09082424362466
-9999 -9999 -9999 -9999 -9999 -9999 -9999 -9999 -9999 -9999 -9999 -9999 -9999 -9999 -9999 -9999 2.37236699786483 2.54769573153788 2.93087239029027 3.11788300054786 3.17774309542551 3.18173087815364 3.23792071387559 2.562958435908 5.09818781052933 2.74311666605133 2.24361166314772 2.23977454280058 2.43731395172168 2.59413119724903 2.84586992272538 2.25772960484019 3.04222654996339 2.37217375336912 2.1686930371225 3.90325074109208 2.68240140466306 2.26330666079619 3.45886177422751 3.45188836470908 2.36779928620825 2.19786863237299 2.1823909106872 3.18487345791185 3.13237911868426 2.15702499356765
-9999 -9999 -9999 -9999 -9999 -9999 -9999 -9999 -9999 -9999 -9999 -9999 -9999 -9999 -9999 -9999 2.36502975268393 2.80345478349015 2.30364319366333 2.41934903131779 2.32445794167001 2.16961444254605 1.8503621045183 5.09531420333898 2.3387461729279 2.69234119013946 2.63099011755989 2.26493371763454 2.28136187988364 2.52050283495362 2.77291250093908 2.81545710155357 2.99345144000598 2.37090757703908 2.3532806054798 3.70756938016172 3.51487000457788 3.51153008292959 2.81441008945095 2.23316969501161 2.59294058647081 2.52582640741972 2.16847036403436 2.55290738511922 2.16879912786768 2.1728161591039
-9999 -9999 -9999 -9999 -9999 -9999 -9999 -9999 -9999 -9999 -9999 -9999 -9999 -9999 -9999 2.31291324315994 2.65487546821415 2.37449451565336 2.50067637380557 2.75273615523695 2.08396347171301 2.22031466162075 5.08769377822252 5.08769377822252 2.3158737181342 2.30123099938621 2.29433446570746 2.29494300385883 2.29747005366536 2.45017470438266 2.42140906071275 2.62212823471635 2.91220235118505 2.23351783895658 2.28460550616526 2.62185523629989 3.68751349535044 2.21728934292282 2.37817502242978 2.69938209834766 2.22733056448005 2.35888389285877 2.18395680226226 2.43134712899642 2.14030721934444 2.0585958743754
-9999 -9999 -9999 -9999 -9999 -9999 -9999 -9999 -9999 -9999 -9999 -9999 -9999 -9999 -9999 -9999 2.4088286646674 2.41635759352707 2.51713174441445 2.32408555568751 2.77110094782767 2.04156186995377 5.08769377822252 5.08769377822252 2.47631264661653 2.31514565750761 2.49522625356062 2.3235374872594 2.3883508492278 2.25131207799989 2.27480392627997 2.48920628125542 2.89127407662429 2.60630476748354 2.2828824228226 2.30537268625941 3.68469743437819 2.18646941044635 2.24618069211914 2.65173192003755 2.35462341192695 2.21049686100018 2.19900024327905 2.34343628279994 2.16019927071477 2.49390125643853
-9999 -9999 -9999 -9999 -9999 -9999 -9999 -9999 -9999 -9999 -9999 -9999 -9999 -9999 -9999 -9999 -9999 2.40301909122107 2.56301415064342 2.66521034713624 2.69094662182245 2.96502973746045 5.08556263779056 2.57956548243576 2.47701396666166 2.59442002773755 2.31189559829129 2.60780944832575 2.26067687174032 2.29334807891619 2.30382530032777 2.32592676397192 2.71536128662175 2.50592519636837 2.33839013911418 2.31854578801432 2.71183181058838 3.65879268695873 2.20540666166244 2.18859444249448 3.29197247387422 2.2509857402339 2.48218619289201 2.32280159931495 3.19686314265391 2.5177847838728
-9999 -9999 -9999 -9999 -9999 -9999 -9999 -9999 -9999 -9999 -9999 -9999 -9999 -9999 -9999 -9999 2.48278298002975 2.61197600811614 2.27849294589729 2.45269726695655 2.52131808454388 2.55474429693111 5.08107759061386 2.32821722419618 2.95330720648497 2.92894282076366 2.73409363253986 2.30520358982076 2.22864511306044 2.55157172841343 2.55275756607333 2.28157353246049 2.32677661744422 2.57126993820239 2.41432420992176 2.49506001688175 2.58053373202382 2.5595403528758 3.63982199059526 3.31702843385498 2.46667720555894 3.28520812431262 3.24345443586783 3.22428563027058 2.31259901462944 3.14347599905132
-9999 -9999 -9999 -9999 -9999 -9999 -9999 -9999 -9999 -9999 -9999 -9999 -9999 -9999 -9999 -9999 2.46426742979591 2.8936549216901 3.00818022869727 2.25796000211341 3.23838056134686 3.30046334306419 3.30081572735211 5.07965733558885 2.25812590504951 2.2710941749649 2.27988256746955 2.29040505342506 2.8336945545473 2.77472000277805 2.2592457363505 2.26830734441602 2.40622282857806 2.34487102069719 2.5035760558059 2.32787958528913 2.30649516617791 2.25809800560069 2.65463621338682 3.41948771408398 2.13650534037677 2.33004843240303 2.16302668898773 2.14211152480544 2.14640018821839 2.29110910824341
-9999 -9999 -9999 -9999 -9999 -9999 -9999 -9999 -9999 -9999 -9999 -9999 -9999 -9999 -9999 2.43268555144917 2.77241893026523 2.33592130956237 2.98235010717759 3.22394496976363 2.74221138459937 2.13602057288017 2.16235618929371 5.06762742903438 3.05630101481505 3.00401543568302 2.96338457115601 2.91393291755562 2.88585062388516 2.21980356732107 2.44520653045373 2.3079019953448 2.27664056534827 2.75368790870418 2.27595455524625 2.46676140770658 2.26817945463673 2.51581652110671 2.58900558590599 3.41340977624195 3.40740829716304 2.19146565329606 2.1730765313599 2.1668374394335 2.28680763314024 2.12888585327975
-9999 -9999 -9999 -9999 -9999 -9999 -9999 -9999 -9999 -9999 -9999 -9999 -9999 -9999 -9999 2.34211778962517 2.67947675958055 2.32794803296753 2.90214548681612 2.38455933257591 2.72407541263088 2.11545386783496 2.42444533374818 5.0666352308526 2.31269168510787 2.23000135069189 2.25120058591613 2.3954668851248 2.18234703942231 2.21430509627417 2.62332693236408 2.29311918940877 2.31197025390714 2.47813033470676 2.89620561217565 2.257550797987 2.28570166456251 2.24895176940771 2.23790945528405 2.41021070586927 2.6895705412853 3.35606276652285 2.16337879388487 2.55042821773153 2.40745659607433 2.1163605295323
-9999 -9999 -9999 -9999 -9999 -9999 -9999 -9999 -9999 -9999 -9999 -9999 -9999 -9999 -9999 2.30402783227209 2.71924762767478 2.88374287142363 2.24775338243777 2.56648230228672 2.1063251423993 2.08078517181252 2.23102867811872 2.24737855438504 5.06120199084829 2.25888709206927 2.63529890976144 2.24019647428522 2.17187549443425 2.8956516551916 2.68552155032826 2.58279865300733 2.37703383614729 2.59038341168587 3.00929439467233 2.47791404000969 2.4877553362217 2.38685149241907 2.22362783060166 2.22569393985607 2.46379088663204 2.32793022471454 3.33704883501607 3.25560200324597 2.4151181359178 2.15750014900868
