Model input/Uganda/rivergeometry/river_restime_1dec.asc
NCOLS 67 
NROWS 67 
XLLCORNER 29.5 
YLLCORNER -1.5 
CELLSIZE 0.0833333333283582 
NODATA_value -9999 
[rows 38 to 56 of 67, columns 0 to 41 of 67]
-9999 0.00216458880043686 0.00190876644296348 0.00156195766930545 0.00178317803377514 0.00159406561774658 0.000932545953909797 0.00131322060915583 0.00173867539348855 0.00257016211173088 0.00135031678770518 0.00217498362695207 0.00126059169472915 0.00146366311164957 0.00105577165783819 0.00149156928180353 0.00199027657465761 0.00153597670135733 0.00190629528467222 0.00123500548875555 0.00141945236374826 0.00150993897181756 0.00212808908526857 0.00132002329505238 0.00156302383644494 0.00178680192875575 0.00163893251953894 0.00166700209032622 0.0014935766846998 0.00213286145841297 0.00189627104005564 0.00151182805205582 0.0013511328218855 0.00157074688243287 0.00123156082985263 0.00155516794345774 0.00140208983942457 0.00152441286139297 0.0020763187710421 0.0010866885383634 0.00219253617744293 0.000722175933315122
-9999 0.00220172127956633 0.0020811322776802 0.000937667017791808 0.000937190316637298 0.00131622690047849 0.00157095323567362 0.00149317679227315 0.00150516896968846 0.00194099815047632 0.00153993821748957 0.00188615725028661 0.00145988465248464 0.00128983692787816 0.0014937317659881 0.00150551983647172 0.00113159363469501 0.00153744966333046 0.00149030088121273 0.00213043548715794 0.00184440057680738 0.00213324456877331 0.00151025625512904 0.00135306870996906 0.00156097263910517 0.00128065051928661 0.00131708005977592 0.00138480200216151 0.00165519462216871 0.00165524245196103 0.00142635880104742 0.00215404440931464 0.00153961068289969 0.0022197210848047 0.00155577408160263 0.00178932236720317 0.00154106084161225 0.00157114011487893 0.00166793600781487 0.00116478601760699 0.00156455003056347 0.00154137042896613
0.00229549115286963 0.00170057789178698 0.000941774918550231 0.000934318352216343 0.00182191256767591 0.00130810123105596 0.00166177861331521 0.00156904592676762 0.00218106438865145 0.00154946280384009 0.00157873290098566 0.00147633761078072 0.00211748585131703 0.00132233702765428 0.00149339643538744 0.00119136708463034 0.00125715422471948 0.00169646205438348 0.00147748283443989 0.00148435975567783 0.00149593451295105 0.00197585421798845 0.00150465674087794 0.00151680376125996 0.00153969765583462 0.00157389503495269 0.00149257009025447 0.00142757281291332 0.00155383174100296 0.00168594638548683 0.00149920197426912 0.00159474551714088 0.0010987231609169 0.0019725387724416 0.00150434122148262 0.00130425944982831 0.00156070198102312 0.00219960659936917 0.00154945469986534 0.00171726316234616 0.0016736216966357 0.00155258248043769
0.00159918977982555 0.00208832776330656 0.000937870307791355 0.00137469748489855 0.00138565609858842 0.00135091464307924 0.00217502108016537 0.00155559635787468 0.0015024685578616 0.00132893388458067 0.00181563395110302 0.00152995143381693 0.00210270192142311 0.00146700891096749 0.0019657534475833 0.00126895056768006 0.00151138233820301 0.00182628599891436 0.00171736323584339 0.00126051135181206 0.00134987361393652 0.00138859206025511 0.00150139057668681 0.00139363871511026 0.00205243111778133 0.00149996736664403 0.00170078193459748 0.00158815819945052 0.00228161535858789 0.00159930413432715 0.00151346838466952 0.001909094373281 0.00111869547625187 0.00156795750488073 0.00154715795668849 0.00154260059752799 0.0020593916304487 0.00156603128545138 0.00177236689711165 0.00144810123793706 0.00119751627339374 0.0013502315373459
0.00176987511303983 0.00235483569148694 0.000941205243750555 0.00239268663210989 0.00139637797205073 0.00141110723552752 0.00224490814078195 0.00144537279500646 0.00136657534341788 0.00153175482007847 0.00150319236241076 0.00124060141129345 0.00141505119905668 0.00153057487739827 0.00150174486142306 0.00151956174897428 0.00196513982007018 0.00144205330935803 0.00198516848061722 0.00152154952252326 0.00217564761727695 0.00145921870879342 0.00144651802230377 0.00189309948687615 0.00159452266609139 0.00128082503637164 0.00152092446979969 0.00205108292136224 0.00158830939782607 0.00155654557531124 0.00204098148665245 0.00155463845478662 0.00112850611539606 0.00123696203201607 0.00139265491274296 0.00156245264799075 0.0015643543710133 0.00157563039299417 0.00128141025855803 0.00155719972792407 0.00126289649237808 0.00138132120581822
0.000952929771811988 0.00133587726173963 0.00163947123839204 0.00213180883702249 0.00147577292508009 0.00151287007564731 0.00159663377920187 0.00204975633232175 0.00188641727352345 0.00147540063979128 0.00141161185116579 0.00123306398073177 0.00118808185155 0.00156023611906041 0.00222195272846568 0.00218635337650796 0.00155137447760159 0.00225555598954823 0.00221731802658157 0.00153268562271085 0.00156987546831232 0.00139596305508819 0.00177267636661514 0.00159487263663883 0.00219783692417307 0.00178760829946577 0.00223393936381835 0.00158829126914461 0.00131707188330592 0.00116505577528743 0.00150266430351079 0.00162585713639056 0.00120666093062932 0.00154112809837612 0.00188144838616118 0.00137243463621301 0.00155549513672203 0.00192666493294125 0.00155389442221614 0.00155655362841543 0.00128059390190149 0.00142986576757242
0.00094693400622462 0.00129694016902564 0.00132070634908811 0.00138755986244164 0.00142338246982705 0.00216133614171241 0.00234612982232338 0.00213477764355604 0.00199986462846873 0.0012756750089532 0.00130660621642895 0.00155202015275596 0.00115961530897378 0.001407203762589 0.00140954331805132 0.00214588349535308 0.00155417081663472 0.00210135306629842 0.00200369274965505 0.00140094336211478 0.0014652432455807 0.00120264361010715 0.00214417999360606 0.00195632810544402 0.00171993197825855 0.00144143656831456 0.00152496564395689 0.00108839064224134 0.00180172151288305 0.00165317168015077 0.00156537740780023 0.00224196507289963 0.00141509311207038 0.00179377164161622 0.00132341038999529 0.00154497647953413 0.00211908611972692 0.00140501984245233 0.00153039967810235 0.00146914980470369 0.00133071500656671 0.00150127866370565
0.000948062807213675 0.00143268762367068 0.00146531475219316 0.00149457818675279 0.00135115487399806 0.00217834934843148 0.00144171929178913 0.00137574244296755 0.00208596738832 0.00123009735557289 0.00128501179593428 0.00224287026689239 0.00115338024981446 0.00149677345515098 0.00185856884617861 0.00153595472057272 0.00132169746098446 0.00154570262472072 0.00152346755071754 0.0012796857222751 0.00192504081345184 0.00117716345293685 0.00161339301035601 0.00118133425515125 0.00148469108501286 0.00151548061612439 0.00149185985488365 0.00154439493710896 0.00117288695412052 0.00117288695412052 0.00199243517171819 0.0015801243056404 0.00151302513935301 0.00152321973824864 0.00158788639044516 0.00198077496332911 0.00148398569092983 0.000722840343319422 0.00102568982115201 0.00161891736105855 0.00150049516228155 0.00162462231266786
0.00129824289591212 0.00134874574451312 0.00156490690880073 0.00214281290473142 0.00186131735901101 0.00157761742738065 0.00196782255117349 0.00138156254917566 0.000976900332476268 0.00114229985964791 0.00125893113060527 0.00155747985639616 0.00162852217107536 0.00126270484664708 0.00124370885209215 0.00121494088556423 0.00111731370148793 0.00110846837823012 0.00105604882568822 0.00102717795344696 0.00102179496373941 0.000956430792169938 0.00134162258969891 0.00144703020126542 0.00205274759685753 0.00203849333882384 0.0015309019708969 0.00151290012494387 0.00154091105002285 0.00207682984970295 0.00158622155052952 0.00157230444240154 0.00158181224987061 0.00146233768997123 0.00102569411115298 0.000722840190105101 0.00102569411115298 0.000722840190105101 0.00072770466817328 0.00072770466817328 0.000722840190105101 0.00102569411115298
0.00163860247666215 0.000956674970241504 0.00141386393422642 0.00150859341912415 0.00150269435865311 0.00177800729318553 0.000970369956504356 0.000970369956504356 0.000970369956504356 0.000970369956504356 0.00145686501765807 0.0010354273938825 0.00109497621483616 0.0010980370043083 0.00159008542226464 0.0015957450658255 0.0012512032918972 0.00145695842053646 0.00117801868054068 0.00142233933928035 0.00165891434033982 0.0014587362377027 0.00135731601970655 0.0013272978712349 0.00134715651104965 0.00152182884240666 0.0015010492911756 0.00150354201573042 0.00215349487968878 0.00156889509409214 0.00158549062453915 0.00146564607413972 0.00102569725204655 0.00102569725204655 0.000727708498531292 0.00102569725204655 0.000722840113497941 0.000722840113497941 0.000727708498531292 0.000722840113497941 0.000722840113497941 0.000727708498531292
0.00148840272999144 0.000957047404303554 0.000958896479357566 0.000965357873633886 0.00123575256794564 0.00163453092405963 0.000976908559721587 0.0013769405719373 0.000976908559721587 0.0013769405719373 0.00158333283916547 0.00136099086063992 0.00157690902848503 0.00124800784222786 0.00161006535988437 0.00128200383818858 0.00136788974725065 0.00222766877303858 0.00118592407473794 0.00153202852605832 0.00120721183389766 0.00196611164286857 0.00145983252777294 0.00148022613164844 0.000914757680969534 0.000899522823489772 0.000897480649843969 0.000894995466555485 0.001257316041745 0.00147104893419884 0.000722840036890781 0.00102569939704704 0.000727710796746099 0.000722840036890781 0.000722840036890781 0.00102569939704704 0.000727710796746099 0.000727710796746099 0.000727710796746099 0.000727710796746099 0.000727710796746099 0.000727710796746099
0.000958896479357566 0.000958896479357566 0.000958896479357566 0.000958896479357566 0.000958896479357566 0.00183522958813719 0.00173335377112725 0.00164708114007745 0.00137694201170523 0.000970369853663789 0.00207176403349563 0.00159101400959389 0.0018463939438631 0.00155170296571623 0.00118836712516397 0.00130721023263742 0.00159604126641665 0.00202115498842571 0.0011982679033331 0.00122617221615756 0.00150834217312914 0.00175476405301844 0.00210110524375252 0.00206723684921999 0.00161237764282539 0.00150120003536098 0.00179721557744538 0.00215146411989045 0.000727711562817702 0.000727711562817702 0.00102570046954728 0.000727711562817702 0.000722840036890781 0.000722840036890781 0.000722840036890781 0.000727711562817702 0.000727711562817702 0.000722840036890781 0.000722840036890781 0.000722840036890781 0.000722840036890781 0.000727711562817702
0.00136066002228954 0.000958896479357566 0.000965357873633886 0.000958896479357566 0.000965357873633886 0.00181407914685236 0.00136156770614463 0.000975716203644167 0.000970369853663789 0.0016472605509307 0.00156630364945206 0.00160563219594395 0.0013253269912396 0.00156478893748442 0.00119651873864322 0.00134987176485352 0.00160911140345534 0.00150327181176672 0.00157324286276464 0.0012355439270024 0.00151067838095688 0.00125775780620367 0.00150676662203702 0.00208630097281626 0.00115654380904121 0.00159732759938124 0.00127441989986938 0.00161615400559607 0.00102570046954728 0.000727710796746099 0.000727710796746099 0.000727710796746099 0.000727710796746099 0.000727710796746099 0.000727710796746099 0.00102570046954728 0.000722840036890781 0.00102570046954728 0.000722840036890781 0.000722840036890781 0.000727710796746099 0.00102569939704704
0.000965354824895611 0.00136065717680048 0.000965354824895611 0.000965354824895611 0.000965354824895611 0.000965281488839433 0.00170363946431552 0.00175791592088487 0.00164185032586087 0.00199778772448945 0.0016303588301569 0.00206218758142702 0.00152276421914877 0.00217820748013503 0.001227164904991 0.00167378491897479 0.00198891637455804 0.0016192703174935 0.00205618909236506 0.00132953102829986 0.00149650285453229 0.00138095071146439 0.0020868501753967 0.00146912174986521 0.00116746231450466 0.00230592448797568 0.00134782438960076 0.0016047257743704 0.000727708498531292 0.00102569725204655 0.000722840113497941 0.000727708498531292 0.000727708498531292 0.000722840113497941 0.000722840113497941 0.000722840113497941 0.000727708498531292 0.000727708498531292 0.000727708498531292 0.00102569725204655 0.000727708498531292 0.000727708498531292
0.000965349743665152 0.000958896682606784 0.00136065301019151 0.00136065301019151 0.000965349743665152 0.00164959370545786 0.00184889478846057 0.00126031830443367 0.0021630500691308 0.00171614069464182 0.00217978194932749 0.00247238690045893 0.00153528027404445 0.00196870953396253 0.00136887818206311 0.00201774012752423 0.00159290797803027 0.00230053734607558 0.00155761578225246 0.00148435018568544 0.00147245808813408 0.00147762134382604 0.00149616966137097 0.00130972373701654 0.0012114684952878 0.0020645860816968 0.00147221959414497 0.00225989640017214 0.00151526122143278 0.00206835517602894 0.00102569411115298 0.00102569725204655 0.00102569411115298 0.000722840190105101 0.00072770466817328 0.00072770466817328 0.00102569411115298 0.00072770466817328 0.000722840190105101 0.00072770466817328 0.00072770466817328 0.00072770466817328
0.00136064731921339 0.000958896885856003 0.00136064731921339 0.00136064731921339 0.000965342731567118 0.001965902199975 0.00238442437758994 0.00127047143214162 0.00130255053521848 0.00152583649958838 0.00145913509155978 0.00148228318385334 0.00219824976893193 0.00206138385373899 0.00159439745031389 0.00159780438874535 0.00227138843563058 0.00155083736810916 0.0015238591900388 0.00150490872569229 0.00198173581527006 0.00217455748165129 0.00210481510097597 0.00151523234250424 0.00133321072061517 0.00155844337365386 0.00159007384365529 0.00156704681154108 0.00139478458207481 0.0012894125990064 0.000722840190105101 0.000727699382279223 0.000727699382279223 0.000722840343319422 0.000722840343319422 0.000727699382279223 0.00102569411115298 0.000722840190105101 0.000727699382279223 0.000727699382279223 0.00102568982115201 0.000722840343319422
0.000958897089105221 0.00136064030711536 0.000958897089105221 0.00136064030711536 0.00187884087304048 0.00215482042832827 0.00158308100421501 0.00201000829417694 0.00154763344711253 0.00147355641543748 0.0019359831677589 0.00139414424807015 0.00153490812527962 0.00156953788522561 0.00155198245249631 0.00204681569121969 0.00156275205552229 0.00145069843653677 0.002009340517904 0.00118211185953556 0.00133319635727954 0.00142497903044712 0.00149683304546205 0.0021036288500825 0.00147656747595712 0.00165045679981245 0.00172412187480566 0.000727692487634802 0.00102568982115201 0.000722840343319422 0.000722840343319422 0.000727692487634802 0.00102568982115201 0.00102568453525795 0.000722840343319422 0.00102568982115201 0.000727692487634802 0.000727692487634802 0.00102568453525795 0.000727692487634802 0.000727692487634802 0.00102568453525795
0.00095889729235444 0.00095889729235444 0.0011316049182709 0.00244606275012211 0.00184713286539524 0.00162328114222383 0.00216464742893042 0.00152477538666563 0.00152193302114929 0.00127235134216622 0.00213857584233583 0.00133914928591318 0.0014153866504621 0.0021897411129593 0.00156020551821717 0.00153214001464106 0.00191812655942835 0.00130600503131245 0.00156698030763408 0.00118211211009776 0.00158969134442197 0.00147402056056807 0.00158088387107418 0.00157926801206051 0.00226182436402641 0.00176424397658113 0.00216602853224387 0.00102568453525795 0.000722840649748063 0.00102568453525795 0.00102568453525795 0.000722840496533742 0.000727684060847175 0.000727684060847175 0.000727684060847175 0.00102567817686365 0.000722840649748063 0.00102567817686365 0.000722840649748063 0.000722840649748063 0.00102567817686365 0.000722840649748063
0.000958897597228267 0.000958897597228267 0.00113312620794848 0.00115244416960268 0.00165367677954532 0.00188665332348715 0.00153407891426195 0.00154977090104711 0.00203722716462168 0.00124744688877626 0.00152779946977923 0.00112494499161086 0.00110147532764552 0.00109345434603831 0.00108696768026444 0.00152037982943637 0.00102676638462921 0.00122237929788543 0.000998018618947736 0.00140673677249541 0.000985537748828603 0.00198994467929639 0.00139056910958195 0.00214186538642916 0.00165297907054594 0.0021384875328464 0.000722840649748063 0.000727674101916344 0.000727674101916344 0.000727674101916344 0.000727674101916344 0.000727674101916344 0.00102567066936195 0.00102567066936195 0.000722840879569543 0.000722840649748063 0.00102567817686365 0.000727674101916344 0.000727674101916344 0.000722840879569543 0.000722840649748063 0.000722840879569543
