Model input/Uganda/rivergeometry/river_depth_1sep.asc
NCOLS 67 
NROWS 67 
XLLCORNER 29.500000001 
YLLCORNER -1.499999999 
CELLSIZE 0.0833333332985075 
NODATA_value -9999 
[rows 40 to 59 of 67, columns 0 to 44 of 67]
0.229690762692756 0.20042200106584 1.01925042757389 1.03099843923206 0.157779096265444 0.5011628256931 0.22730904254429 0.265524392283018 0.275641988842558 0.261910809483403 0.246277611990214 0.323853517786344 0.313653414404158 0.470271212411244 0.324253587130812 0.713877948017382 0.581762313289627 0.701014552516003 0.363599636841302 0.369328536934299 0.356776273974001 0.442708414886353 0.352455181133373 0.333516138976486 0.340845340719357 0.295457193062334 0.327436027442682 0.34793856724397 0.263054103329199 0.207929308710825 0.300753587219197 0.25100835869737 0.854558598690595 0.39728585659251 0.316669986335081 0.484810990190291 0.274313392746201 0.273192750285427 0.26411427311885 0.621939474575756 0.663001485948371 0.27745394002902 3.49660358001463 0.396811261769669 0.512711504615608
0.244261641235288 0.315130464114326 0.996406400261304 0.434718100946394 0.425177356441802 0.452497827909391 0.290170910850033 0.268684643636409 0.279312592582384 0.440827272459925 0.489961229419159 0.276262227177974 0.3253188019029 0.326862729301799 0.415199700193058 0.605065247493373 0.323391028435116 0.547344903797245 0.675397142807887 0.611451922007049 0.478927668271155 0.435533237975405 0.339831868615346 0.427019469212224 0.409835370214159 0.313955918251906 0.194745241743704 0.249620868346841 0.239818251044511 0.248773505801639 0.292471446397505 0.430988472721756 0.806367712334852 0.271520817940995 0.275816237148435 0.272379536481886 0.336266309657768 0.267766556207119 0.562609380134951 0.33980258579064 0.628708353589381 0.428284533038924 3.49519837771129 0.317974291137199 0.47191498400707
0.169622209046913 0.212725089441882 0.956565773385771 0.204797667973473 0.406618534306489 0.39766459397227 0.257858623844747 0.350393151443428 0.405816685177836 0.264239997765925 0.285088771548257 0.545812973102749 0.361468373706986 0.286245626922194 0.330703684280449 0.348955726292246 0.474288835338475 0.396227856802004 0.399652045210074 0.332727221576914 0.318389355871494 0.290267939849325 0.298313007961785 0.487411163669704 0.291932370568129 0.556856092209921 0.302038500546613 0.335993658464102 0.239861793269445 0.199759277073982 0.34262343475252 0.268057844154454 0.783940377537585 0.589552435817443 0.39336348469978 0.267096168954624 0.262222687580787 0.261185124753948 0.517682843432152 0.26448935490715 0.527540751846686 0.386788583928201 3.49386038468108 3.49243539066962 0.284092690303178
0.895056649446288 0.954346051570796 0.226060556880918 0.303840550054651 0.346985127857187 0.326460073806326 0.256067086248871 0.344195116472268 0.438055195321118 0.296313918705622 0.350419203157361 0.570213825026663 0.638799269300706 0.300642193622739 0.308148483266489 0.368580229412117 0.337531321300077 0.299443296348783 0.312851914631352 0.335922965465643 0.33774953704958 0.384936979857031 0.586531366974505 0.298842140183756 0.275363977758982 0.574016017048306 0.260030041363215 0.231819800223639 0.444259914578684 0.461527713078444 0.28487529154125 0.23587589306385 0.628390491180569 0.276636720334851 0.460491006814528 0.422946729574315 0.274735418302139 0.430844179490231 0.268643630886151 0.270551314105485 0.503770546559706 0.344897473144964 0.194900736924769 3.49135677879835 0.312203971925666
0.891603879375814 0.495328766905522 0.47813988848088 0.407120338903825 0.344726190483118 0.321377746538578 0.222581435336295 0.293531041320738 0.36564223595997 0.497840273568613 0.466294301319222 0.276674558351854 0.721126659553777 0.438195934411878 0.452165995869637 0.335544336690778 0.352227881238637 0.359660692323277 0.3843147780116 0.423761569526593 0.390411043101614 0.652916281933697 0.25131258726365 0.35050695346413 0.614608099373704 0.307134841455522 0.281804894140552 0.663388756941323 0.457948501822798 0.461527713078444 0.253137301550617 0.252711332657934 0.367526563058769 0.539759514701157 0.476316429337759 0.282836692328824 0.321572407193056 0.388166648530062 0.293726878352223 0.329442918221125 0.442707502053072 0.294344935002033 3.48913519647938 3.48913519647938 3.48913519647938
0.879365207713094 0.360205481550414 0.335962254689284 0.313259656969409 0.413604461194995 0.307736258035491 0.382020620345827 0.42033007514928 0.316667409646537 0.564886754038446 0.494199898580516 0.260578567164324 0.735493381106536 0.335219860696746 0.553658576115535 0.339455441497309 0.553969548546429 0.336008216407364 0.320830958311281 0.536872390098824 0.436539347094524 0.676642972291271 0.680477244478965 0.639203372724623 0.211366192130873 0.252070597180738 0.257927898849356 0.663388756941323 0.461527713078444 0.461527713078444 0.375200770658888 0.258217436419181 0.293896364489961 0.288018177684209 0.249782559945185 0.392955524337163 0.332824482105593 3.48913519647938 3.48913519647938 0.235918513678631 0.294084551607922 0.230985472114295 3.48913519647938 3.48913519647938 3.48913519647938
0.492181758117781 0.850877753585538 0.265972097654792 0.299557697898587 0.464272889799463 0.267668993039375 0.415636311264265 0.423831634571038 1.04236179065155 0.730790470615569 0.545693591179579 0.279534184217068 0.748818411418706 0.625216796100992 0.655914089018563 0.709226471137389 0.908831019946631 0.925112916889993 1.03861896833132 1.13111475162738 1.12789161677773 1.33743741805824 1.33286990484741 0.239584768349101 0.221533211386318 0.224283072777927 0.667298667912353 0.214239215966192 0.22918372211356 0.326338356725256 0.25451325637599 0.25654316547658 0.257023821044392 0.327008078248741 3.48913519647938 3.48913519647938 3.48913519647938 3.48913519647938 3.48913519647938 3.48913519647938 3.48913519647938 3.48913519647938 3.48913519647938 3.48913519647938 3.48913519647938
0.219929672270465 0.774439317891874 0.36591008231311 0.302565193505542 0.310805592064605 0.548936573214038 1.04236179065155 1.04236179065155 1.04236179065155 1.04236179065155 1.06405040001458 1.05904187019362 0.860828234230497 0.850788382680427 0.271092893189448 0.259979715643688 0.564892391380758 0.348360974483439 0.645490095514331 0.387135879378219 0.630560061372045 0.270595669857477 0.353395284449544 1.34704825505764 0.269100145181785 0.670539535522095 0.18875000840145 0.207344959122462 0.213688889478016 0.258563593223169 0.249326907398504 0.325065235631538 3.48913519647938 3.48913519647938 3.48913519647938 3.48913519647938 3.48913519647938 3.48913519647938 3.48913519647938 3.48913519647938 3.48913519647938 3.48913519647938 3.48913519647938 3.48913519647938 3.48913519647938
0.311359420106928 0.77139029925528 0.748160214355109 0.748160214355109 0.570867515934884 0.219790877410986 1.04236179065155 1.04236179065155 1.04236179065155 1.04236179065155 0.266530225856954 0.441347961266827 0.271692171365739 0.557665163435016 0.732141380809196 0.505768150119105 0.41377589770035 0.281868291844335 0.628421748270284 0.292584356181532 0.554091575631948 0.359116641374762 0.287018078405649 0.254202299110985 1.40856540269589 1.46300150937044 1.46278518677009 1.46534871644952 1.4748156787886 0.32741054063116 3.48913519647938 3.48913519647938 3.48913519647938 3.48913519647938 3.48913519647938 3.48913519647938 3.48913519647938 3.48913519647938 3.48913519647938 3.48913519647938 3.48913519647938 3.48913519647938 3.48913519647938 3.48913519647938 3.48913519647938
0.748160214355109 0.748160214355109 0.748160214355109 0.748160214355109 0.748160214355109 0.14361396487799 0.170367628315592 0.265387052921356 1.04236179065155 1.04236179065155 0.347560208734006 0.273246244560273 0.48764064203158 0.259913769916709 0.623283576927316 0.458263520760166 0.252557653235567 0.372237183865228 0.599452716364753 0.567491669846861 0.286110653797893 0.495292668987642 0.274971575937621 0.260696639065941 0.535176697041053 0.300175758322656 0.531189458569323 0.292603551154875 3.48913519647938 3.48913519647938 3.48913519647938 3.48913519647938 3.48913519647938 3.48913519647938 3.48913519647938 3.48913519647938 3.48913519647938 3.48913519647938 3.48913519647938 3.48913519647938 3.48913519647938 3.48913519647938 3.48913519647938 3.48913519647938 3.48913519647938
0.748160214355109 0.748160214355109 0.748160214355109 0.748160214355109 0.748160214355109 0.141681378949667 1.10123642627319 1.0477223590047 1.04236179065155 0.209004639936096 0.280563089797097 0.260597188084451 0.45279556988604 0.25345068383351 0.609577227257903 0.40677019725368 0.237229647227998 0.311316973758249 0.24911145794672 0.539021694575007 0.275616028674756 0.46983281394367 0.271707051600992 0.230074082332251 0.516145732585157 0.250570862868896 0.520618478084131 0.240222301389335 3.48913519647938 3.48913519647938 3.48913519647938 3.48913519647938 3.48913519647938 3.48913519647938 3.48913519647938 3.48913519647938 3.48913519647938 3.48913519647938 3.48913519647938 3.48913519647938 3.48913519647938 3.48913519647938 3.48913519647938 3.48913519647938 3.48913519647938
0.748160214355109 0.748160214355109 0.748160214355109 0.748160214355109 0.748160214355109 1.10009980172613 0.190167342222011 0.5550928343364 0.221573688420437 0.37864748547659 0.240571808751448 0.33868550912178 0.2709506005256 0.261816101190975 0.560691110866799 0.197289204148695 0.349991431800126 0.225990260565593 0.300362381012762 0.429921000328804 0.297168304331951 0.335901828362662 0.276751161036935 0.252346594872152 0.506007147108269 0.228650867790498 0.432280776451111 0.246428978151708 3.48913519647938 3.48913519647938 3.48913519647938 3.48913519647938 3.48913519647938 3.48913519647938 3.48913519647938 3.48913519647938 3.48913519647938 3.48913519647938 3.48913519647938 3.48913519647938 3.48913519647938 3.48913519647938 3.48913519647938 3.48913519647938 3.48913519647938
0.748160214355109 0.748160214355109 0.748160214355109 0.748160214355109 0.748160214355109 0.214533412412495 0.142744418745241 0.52452750623761 0.276848139172807 0.20532324160591 0.282464820109865 0.182268460002897 0.276269895924502 0.374489158122682 0.38402498992946 0.343025914802543 0.226130666589637 0.218975426012346 0.225339410735863 0.298838433466856 0.298299731485842 0.261227136637425 0.244410131997812 0.35890367597053 0.436345471460354 0.281688384619238 0.322311057291189 0.247042421998215 0.292525721621618 0.323508362473606 3.48913519647938 3.48913519647938 3.48913519647938 3.48913519647938 3.48913519647938 3.48913519647938 3.48913519647938 3.48913519647938 3.48913519647938 3.48913519647938 3.48913519647938 3.48913519647938 3.48913519647938 3.48913519647938 3.48913519647938
0.748160214355109 0.748160214355109 0.748160214355109 0.748160214355109 0.748160214355109 0.121166433998065 0.193850224624192 0.514349729238644 0.484523813983228 0.282466332978034 0.351155200636362 0.358669215120047 0.266543300916505 0.321414119288234 0.225962471144566 0.239038424600023 0.233187051026727 0.243507791188345 0.244439411738185 0.251266872511136 0.330310413477787 0.198770589884849 0.250856617330774 0.195816830869833 0.311647000343187 0.21724866018243 0.249349419673648 0.26851378087998 0.398950939038274 0.503839736231889 3.48913519647938 3.48913519647938 3.48913519647938 3.48913519647938 3.48913519647938 3.48913519647938 3.48913519647938 3.48913519647938 3.48913519647938 3.48913519647938 3.48913519647938 3.48913519647938 3.48913519647938 3.48913519647938 3.48913519647938
0.748160214355109 0.748160214355109 0.748160214355109 0.748160214355109 0.137720281926959 0.282383339410316 0.249039590810756 0.36085113443105 0.272673713426738 0.35865657557034 0.442597221627074 0.415666908160995 0.290355690531344 0.259428399829149 0.257248682418763 0.314367911201583 0.238936254127339 0.302746058021716 0.31408311442714 0.527635295008907 0.347420196813594 0.302040576767983 0.261843213251472 0.247036099766225 0.209175862462928 0.161915614621976 0.189769316599458 3.48913519647938 3.48913519647938 3.48913519647938 3.48913519647938 3.48913519647938 3.48913519647938 3.48913519647938 3.48913519647938 3.48913519647938 3.48913519647938 3.48913519647938 3.48913519647938 3.48913519647938 3.48913519647938 3.48913519647938 3.48913519647938 3.48913519647938 3.48913519647938
0.748160214355109 0.748160214355109 0.768120039417126 0.180748140768368 0.473151795422118 0.234925647066796 0.279877985398853 0.287513168445615 0.2990932716593 0.546479953720353 0.289846356092338 0.452490620552462 0.356220324258656 0.263892341103922 0.255177832895565 0.265824870203426 0.381182640229824 0.419564708611723 0.23410919450384 0.527635295008907 0.189296170496846 0.226398495049535 0.167822317404918 0.20436042111705 0.205956487059167 0.148855196252486 0.285317004741273 3.48913519647938 3.48913519647938 3.48913519647938 3.48913519647938 3.48913519647938 3.48913519647938 3.48913519647938 3.48913519647938 3.48913519647938 3.48913519647938 3.48913519647938 3.48913519647938 3.48913519647938 3.48913519647938 3.48913519647938 3.48913519647938 3.48913519647938 3.48913519647938
0.748160214355109 0.748160214355109 0.765650388614877 0.739622572828695 0.213842024596307 0.44020035597496 0.280627381199037 0.270496795735081 0.35937897585948 0.576334997974715 0.281901419686311 0.795049890158249 0.845892934614834 0.865007821729925 0.880128257319802 0.8953094587864 0.98428330572884 0.527320165745293 1.04348730280884 1.04348730280884 1.05348210361652 0.286723536924642 1.04081799395497 0.25975707721759 0.220030937485394 0.2556033125595 3.48913519647938 3.48913519647938 3.48913519647938 3.48913519647938 3.48913519647938 3.48913519647938 3.48913519647938 3.48913519647938 3.48913519647938 3.48913519647938 3.48913519647938 3.48913519647938 3.48913519647938 3.48913519647938 3.48913519647938 3.48913519647938 3.48913519647938 3.48913519647938 3.48913519647938
0.19118812181892 0.593111471750938 0.307118212514037 0.732801183588386 0.235478580268059 0.265619635863955 0.262936933499996 0.469929480874165 0.256913510147504 0.602623128126559 0.695297677084174 0.271926448158429 0.258135855578237 0.285233054878305 0.369059202755802 0.413883238129729 0.98428330572884 0.98428330572884 1.04348730280884 1.04348730280884 1.05348210361652 1.04081799395497 1.04081799395497 0.26562582162883 0.38507626059408 0.251908722415702 3.48913519647938 3.48913519647938 3.48913519647938 3.48913519647938 3.48913519647938 3.48913519647938 3.48913519647938 3.48913519647938 3.48913519647938 3.48913519647938 3.48913519647938 3.48913519647938 3.48913519647938 3.48913519647938 3.48913519647938 3.48913519647938 3.48913519647938 3.48913519647938 3.48913519647938
0.189782586670022 0.575795480458213 0.273397917766206 0.723670253353311 0.2221969208723 0.260651487788269 0.535105700583976 0.492694206519336 0.278435447687144 0.67019334077474 0.340026064711003 0.26965327150385 0.265167103140703 0.256617104000393 0.237427247075758 0.271391361730578 0.98428330572884 0.98428330572884 0.229381468362017 0.203472424168462 0.345272190715841 0.21395123975363 1.04544369078334 0.171242542194755 0.440249583663653 0.461352962864904 3.48913519647938 3.48913519647938 3.48913519647938 3.48913519647938 3.48913519647938 3.48913519647938 3.48913519647938 3.48913519647938 3.48913519647938 3.48913519647938 3.48913519647938 3.48913519647938 3.48913519647938 3.48913519647938 3.48913519647938 3.48913519647938 3.48913519647938 3.48913519647938 3.48913519647938
0.20637057227459 0.568554471405074 0.253172836256447 0.258441904467646 0.707734246393394 0.571351833670913 0.559950917761801 0.246163472651925 0.25998093440653 0.282542756939506 0.290208444297282 0.2241019330915 0.340886683275288 0.245426362775439 0.24345882613114 0.323255357836893 0.292794020342301 0.223386325459894 0.231525189630357 0.268968036136017 0.319959673640483 0.226489632847839 0.224855722369962 1.04651778920848 1.09696927860903 1.09997931842246 3.48913519647938 3.48913519647938 3.48913519647938 3.48913519647938 3.48913519647938 3.48913519647938 3.48913519647938 3.48913519647938 3.48913519647938 3.48913519647938 3.48913519647938 3.48913519647938 3.48913519647938 3.48913519647938 3.48913519647938 3.48913519647938 3.48913519647938 3.48913519647938 3.48913519647938
