Model input/Uganda/rivergeometry/river_depth_1feb.asc
NCOLS 67 
NROWS 67 
XLLCORNER 29.500000001 
YLLCORNER -1.499999999 
CELLSIZE 0.0833333332985075 
NODATA_value -9999 
[rows 0 to 19 of 67, columns 0 to 44 of 67]
-9999.000000000000000 -9999 -9999 -9999 -9999 -9999 -9999 -9999 -9999 -9999 -9999 -9999 -9999 -9999 -9999 -9999 -9999 -9999 -9999 -9999 -9999 -9999 -9999 -9999 -9999 -9999 -9999 -9999 -9999 -9999 -9999 0.2473264971613 0.246525818989248 -9999 -9999 -9999 -9999 -9999 -9999 -9999 -9999 -9999 -9999 -9999 -9999
-9999 -9999 -9999 -9999 -9999 -9999 -9999 -9999 -9999 -9999 -9999 -9999 -9999 -9999 -9999 -9999 -9999 -9999 -9999 -9999 -9999 -9999 -9999 -9999 -9999 -9999 -9999 -9999 -9999 0.25013137930663 0.305395745991228 0.237492303486877 0.349252493638017 0.234681565404098 0.239320636285025 0.233000787623304 0.275522537071502 0.263030806805404 0.223345072109228 0.236934566229416 -9999 -9999 -9999 -9999 -9999
-9999 -9999 -9999 -9999 -9999 -9999 -9999 -9999 -9999 -9999 -9999 -9999 -9999 -9999 -9999 -9999 -9999 -9999 -9999 -9999 -9999 -9999 -9999 -9999 -9999 -9999 -9999 -9999 -9999 0.404576246066919 0.222211699515884 0.37759304040506 0.731270448619672 0.705142574419405 0.226671181754282 0.644071522077316 0.608314221123061 0.550718037136737 0.433242063909152 0.35685691284051 0.23188283442109 0.26543015871902 0.244490206926225 -9999 -9999
-9999 -9999 -9999 -9999 -9999 -9999 -9999 -9999 -9999 -9999 -9999 -9999 -9999 -9999 -9999 -9999 -9999 -9999 -9999 -9999 -9999 -9999 -9999 -9999 -9999 0.230246057151482 -9999 -9999 -9999 0.418512429369514 0.210083074155409 0.779313749001527 0.227961001634703 0.228239715825709 0.688044682434916 0.305814374546048 0.251210301808524 0.252897146885803 0.351260765619958 0.273919302933538 0.258958170180788 0.260957498747349 0.34907235332057 -9999 -9999
-9999 -9999 -9999 -9999 -9999 -9999 -9999 -9999 -9999 -9999 -9999 -9999 -9999 -9999 -9999 -9999 -9999 -9999 -9999 -9999 -9999 -9999 0.263383006274149 -9999 -9999 0.286110229372323 -9999 -9999 -9999 4.11187720758311 1.78218769151836 1.71543299777299 0.396380503814218 0.350388796087018 0.276536085951535 0.234421781216118 0.248988138860118 0.318329992621508 0.27239471547353 0.211282657045379 0.356599475454758 0.204524346679403 0.40012000203934 0.230796919965769 -9999
-9999 -9999 -9999 -9999 -9999 -9999 -9999 -9999 -9999 -9999 -9999 -9999 -9999 -9999 -9999 -9999 -9999 -9999 -9999 -9999 -9999 0.30842164399542 0.331633037447246 0.248865232084855 0.323841484239707 0.198216653997166 3.96309720914575 3.96309720914575 3.98546272898231 3.98546272898231 0.17385093347993 1.70590093705919 0.690918681366782 0.667680252638445 0.269252512398371 0.432292072740021 0.402076083160856 0.247151189721894 0.215829146303308 0.221445393499645 0.234623012392042 0.401323403751684 0.438720459473044 0.233138717546875 -9999
-9999 -9999 -9999 -9999 -9999 -9999 -9999 -9999 -9999 -9999 -9999 -9999 -9999 -9999 -9999 -9999 -9999 -9999 -9999 0.269742756618634 0.543866968180235 0.574108311923987 0.651352010588818 0.675569079549457 0.385645024318268 0.172383932344557 3.96309720914575 3.96309720914575 3.98546272898231 3.98546272898231 0.939297253546177 0.18431252333145 1.66281237498279 0.277361324632483 0.651606034296755 0.496025853960181 0.474897646558767 0.383748320829917 0.231141404416866 0.297333044825476 0.34499466284646 0.461591211608255 0.58690774905416 0.210078570879819 -9999
-9999 -9999 -9999 -9999 -9999 -9999 -9999 -9999 -9999 -9999 -9999 -9999 -9999 -9999 -9999 -9999 -9999 0.35497330844771 0.404901486592264 0.475698182325997 0.263580784850363 0.30437777411784 0.246402149266548 0.67880113202135 0.105158595927434 0.402039097164925 3.96242047264044 0.243654605204155 0.340965119475133 0.372862685041138 0.728116133686838 0.744145980307123 1.66156967583394 0.195240185313792 0.238966536420357 0.318674025669629 0.316689448935036 0.251469516449357 0.233832922898816 0.241984416486966 0.413918914969722 0.240997695786246 0.623529711950035 0.22014022910293 0.214433755056877
-9999 -9999 -9999 -9999 -9999 -9999 -9999 -9999 -9999 -9999 -9999 -9999 -9999 -9999 -9999 -9999 -9999 0.355380983604509 0.285126656911031 0.272159814939064 0.272524884306815 0.371743288726676 0.355634945359409 0.732347087114905 0.73432708725419 3.95752913449099 0.228291856800347 0.230686633342476 0.291234186144599 0.333550886477493 0.720364212210705 0.735755886610679 0.239804690151073 1.65939895753174 0.288908756704865 0.249033921191112 0.254478723674748 0.251380478964944 0.299947218111825 0.24326321746133 0.249041381828964 1.02654267871862 0.237590794001677 0.320891988698589 0.222821117229838
-9999 -9999 -9999 -9999 -9999 -9999 -9999 -9999 -9999 -9999 -9999 -9999 -9999 -9999 -9999 -9999 -9999 0.422893589394576 0.464152334417881 0.552239664506863 0.326763076837731 0.387489047233608 0.379647767755223 0.0576774065044747 3.94098506667195 0.233432566504048 0.361418367950844 0.203239249394619 0.291500040746056 0.487066202226523 0.684239262025571 0.240744424246598 0.716947373137044 1.65821330121589 1.65347913806172 0.206467956522505 0.2493840927216 0.440097537471353 0.288062576550338 0.331820878105435 1.05586446015023 1.03203748827471 0.886035312726954 0.374632821794959 0.241885758510332
-9999 -9999 -9999 -9999 -9999 -9999 -9999 -9999 -9999 -9999 -9999 -9999 -9999 -9999 -9999 -9999 0.29784915847541 0.378781510528207 0.609084372045304 0.746990946773702 0.793655186237286 0.797299888980376 0.838396867522727 0.38119403130417 3.93663297062892 0.482104742367958 0.251162354924747 0.250442803154458 0.323816784291455 0.404045730377963 0.552751597598153 0.248164294892491 0.695789920720958 0.301040627849357 0.215842924884644 1.65084259595391 0.457168186864254 0.260159659590701 1.111972398225 1.10481411399128 0.314697603246801 0.244793794395147 0.238783294812606 0.844013383212749 0.79926831263491
-9999 -9999 -9999 -9999 -9999 -9999 -9999 -9999 -9999 -9999 -9999 -9999 -9999 -9999 -9999 -9999 0.295497934900142 0.526913679915103 0.273752115432726 0.318492055169406 0.271640120790191 0.228772703916437 0.0531348243770994 3.92879720986379 0.199969285139731 0.45375660039593 0.419267737345957 0.260180048036023 0.261927239910317 0.369203983186237 0.51037390388599 0.53472505125004 0.66111000585222 0.299592471382365 0.28660658320079 1.38880822576564 1.1713506673284 1.16853122760075 0.558589861122152 0.259363255688071 0.423467937747875 0.387788819632774 0.233233854735036 0.402111913321472 0.233498012130105
-9999 -9999 -9999 -9999 -9999 -9999 -9999 -9999 -9999 -9999 -9999 -9999 -9999 -9999 -9999 0.286990052455505 0.441514125659268 0.313574143026552 0.371664807734217 0.509617868748124 0.194023073138465 0.206086573468844 3.90875567348928 3.90875567348928 0.27758076047073 0.262322924823647 0.260240528726654 0.265298506978523 0.270657087108598 0.337192260943576 0.32869539670468 0.423686902140859 0.606203917914869 0.247836477203478 0.272847995039753 0.434621756180488 1.36592793305189 0.253596201251825 0.320865510943759 0.483654500327245 0.255843511257443 0.308272942843615 0.238358247101366 0.341376047178871 0.22412498242597
-9999 -9999 -9999 -9999 -9999 -9999 -9999 -9999 -9999 -9999 -9999 -9999 -9999 -9999 -9999 -9999 0.321457531203691 0.33545747471145 0.380887250995128 0.282348203037006 0.522306339096316 0.130217223355147 3.90875567348928 3.90875567348928 0.335992343310603 0.267417906228456 0.348630702217907 0.276324267201528 0.313122293033741 0.259410216743041 0.268785887330832 0.357963261096119 0.592470134736759 0.415344559752772 0.274160151608482 0.28516642558929 1.3634350133335 0.234599232203475 0.262843143115897 0.455101434151584 0.306969947094539 0.247717293299704 0.243345526842002 0.301599294221582 0.231539362016808
-9999 -9999 -9999 -9999 -9999 -9999 -9999 -9999 -9999 -9999 -9999 -9999 -9999 -9999 -9999 -9999 -9999 0.33075431208568 0.402668282685811 0.454107807586701 0.469224268835896 0.63840121599373 3.90468292358153 0.387980452039395 0.335069852780481 0.397169309076648 0.270112264132032 0.413396636703567 0.260110373795747 0.278115794502459 0.283427788911118 0.287025115223734 0.483687274222246 0.364576025457775 0.29087816930488 0.290454118110839 0.491021149299783 1.33212615084039 0.237192684822888 0.232574230109892 0.944198145715488 0.266367690781459 0.369095399308432 0.295766287780015 0.858432370571405
-9999 -9999 -9999 -9999 -9999 -9999 -9999 -9999 -9999 -9999 -9999 -9999 -9999 -9999 -9999 -9999 0.365028043757965 0.435937642809514 0.268653828014768 0.339626509331937 0.375564467488279 0.382460803126295 3.89235188758967 0.291409342659351 0.605712823904003 0.600201385336131 0.480786497817643 0.270355359604388 0.253808509358065 0.398689097200571 0.401360798138272 0.275170174242796 0.293714537044551 0.402382384318394 0.329221354384059 0.372019729706324 0.416190757606151 0.404054661228779 1.31022489256426 0.966022963452531 0.352838094921371 0.938613056966437 0.899736356158877 0.882809327024401 0.292031897126006
-9999 -9999 -9999 -9999 -9999 -9999 -9999 -9999 -9999 -9999 -9999 -9999 -9999 -9999 -9999 -9999 0.361222981563999 0.619341323185201 0.702457508942868 0.258099304802543 0.898127256438321 0.951163667493601 0.951207186878556 3.88690998177368 0.257149352760912 0.252622961306919 0.259186421409799 0.263686187992461 0.567354189392608 0.52910734812993 0.269383322513888 0.274689621607979 0.332230901179859 0.303928053388391 0.378405359485126 0.295458362445492 0.284663245575377 0.266809786300955 0.457890927601666 1.05951950029246 0.211997487024453 0.293066237291963 0.229595209816712 0.221966812974601 0.224605761972779
-9999 -9999 -9999 -9999 -9999 -9999 -9999 -9999 -9999 -9999 -9999 -9999 -9999 -9999 -9999 0.346486303391629 0.536680359170427 0.303342488880046 0.685007975770091 0.886135166959304 0.499736491656303 0.217565445246606 0.220276272630536 3.8537794789732 0.709610364549442 0.676982428523417 0.6507552634016 0.62012418316082 0.603431616648981 0.255186225740947 0.352552573139492 0.290534615468911 0.278038530376633 0.521045274590698 0.276646448418904 0.359604705599387 0.271322057262413 0.383253200543893 0.421567163157998 1.05418423344575 1.0483155729505 0.244122584676827 0.234989550751484 0.230887827993995 0.275875169635933
-9999 -9999 -9999 -9999 -9999 -9999 -9999 -9999 -9999 -9999 -9999 -9999 -9999 -9999 -9999 0.305932107563734 0.479115874295653 0.300839726100012 0.626263881117988 0.313208831304834 0.490033254370693 0.198130425649888 0.304902646097839 3.85061065126463 0.22898336844755 0.240414292794555 0.248207762582774 0.314343714659672 0.239050240361733 0.253492496101099 0.445751669524701 0.284335035898504 0.291950321913963 0.367146218354038 0.616114808066335 0.267681209335358 0.277616550736638 0.264101555796311 0.258735252607291 0.331423254873708 0.478157737227674 0.996691670198196 0.234049816928944 0.398865410926487 0.328306526261962
-9999 -9999 -9999 -9999 -9999 -9999 -9999 -9999 -9999 -9999 -9999 -9999 -9999 -9999 -9999 0.290548146107855 0.505559395929184 0.614546853276236 0.263010474407867 0.405447850927229 0.201700182569787 0.191978870059408 0.254647358164503 0.203651275793083 3.83634949676593 0.210354219061537 0.424255988571361 0.24468044712327 0.232394988741588 0.618439133274359 0.479724065235542 0.420453716570805 0.317095495640941 0.423586173332887 0.699018086203034 0.363057531843702 0.367227385928306 0.320326723370583 0.253690873919107 0.254232535306794 0.357574199785634 0.294997104000736 0.978479353923764 0.900596451626696 0.334121394094209
