Model input/Uganda/rivergeometry/river_depth_1sep.asc
NCOLS 67 
NROWS 67 
XLLCORNER 29.500000001 
YLLCORNER -1.499999999 
CELLSIZE 0.0833333332985075 
NODATA_value -9999 
[rows 20 to 39 of 67, columns 0 to 44 of 67]
-9999 -9999 -9999 -9999 -9999 -9999 -9999 -9999 -9999 -9999 -9999 -9999 -9999 -9999 -9999 0.396525819403414 0.285660987513819 0.298408347919467 0.352562288864431 0.324387793824128 0.283545414521111 0.342139768277138 0.431468416705557 0.539253666783885 0.629494391127895 0.58484689237842 0.310978149152071 0.381941345755465 4.07410174565834 0.714551712575121 0.275387854946386 0.28151303248186 0.350161637915323 0.352713859322224 0.95357330290715 0.938600440867398 0.521242768331894 0.348460365670607 0.278521217100732 0.311805262354203 0.338151019677742 0.345135937741576 0.384503035548774 0.400507820231994 0.956169019527038
-9999 -9999 -9999 -9999 -9999 -9999 -9999 -9999 -9999 -9999 -9999 -9999 -9999 -9999 -9999 0.270051006227948 0.282038487184486 0.274410662159154 0.246099366669083 0.28436202748974 0.353976086537645 0.263471109194362 0.493471065763841 0.285202786684019 4.08440489663575 4.08362586463078 4.08216179280359 4.07609670884726 0.34458930441959 4.06476350329638 4.0639168684333 0.304365363640484 0.428657405476339 0.337616251564107 0.994742980785886 0.285730537185362 0.343591975484032 0.712343990855829 0.624618329228658 0.571492974057815 0.494015538703136 0.290698212400407 0.284075507817558 0.32748105294905 0.316021731204085
-9999 -9999 -9999 -9999 -9999 -9999 -9999 -9999 -9999 -9999 -9999 -9999 -9999 -9999 -9999 -9999 0.278869927871773 0.346753333534021 0.313844974441587 0.24742710520221 4.03468112102919 4.03468112102919 4.03468112102919 4.08538234026753 0.293142059443405 0.300280220843124 0.315785149962705 0.545634335611914 0.497837178003883 0.431515297589675 0.371676804160225 4.06094796830853 4.05989658608387 4.05599179165198 0.32857952730936 0.341884434981539 0.780034293969477 0.32731597774511 0.428858176088896 0.34243676533316 0.328692667106653 0.293535925177405 0.281795914543325 0.281302568113322 0.314356372256168
-9999 -9999 -9999 -9999 -9999 -9999 -9999 -9999 -9999 -9999 -9999 -9999 -9999 -9999 -9999 -9999 -9999 0.296787373816482 4.03468112102919 4.03468112102919 4.03468112102919 4.03468112102919 4.03468112102919 0.418360943909181 0.373184841950598 0.497670703542122 0.400352868763293 0.516550873044282 0.345458524721902 0.338829364724067 0.309709186353871 0.31198402343536 0.501384304740353 4.03093739936002 0.319341764667368 0.415596605676746 0.857377289662919 0.428635315088441 0.339093606583148 0.321289551390525 0.291118806847792 0.285988253065405 0.392443163069639 0.497618290780423 0.317763998963253
-9999 -9999 -9999 -9999 -9999 -9999 -9999 -9999 -9999 -9999 -9999 -9999 -9999 -9999 -9999 0.251769143783212 0.234345492181115 4.03468112102919 4.03468112102919 4.03468112102919 4.03468112102919 4.03468112102919 4.03468112102919 4.03468112102919 0.89577790142014 0.790611297277831 0.751578182290547 0.418377624532239 0.388701648498355 0.260743685398305 0.306901304977114 0.310225689079241 0.312491923573269 0.543034478210662 4.0286461583329 0.866379744628166 0.328443306941558 0.30576824768643 0.302831589160645 0.521262063109461 0.413155220189933 0.283766173029984 0.672135400149147 0.529971079401588 0.285431987260487
-9999 -9999 -9999 -9999 -9999 -9999 -9999 -9999 -9999 -9999 -9999 -9999 -9999 -9999 -9999 0.29892600529086 4.03468112102919 4.03468112102919 4.03468112102919 4.03468112102919 4.03468112102919 4.03468112102919 4.03468112102919 4.03468112102919 0.396890011744474 0.323574755449881 0.330634939166211 0.554185207119987 0.323988811030686 0.384612301923858 0.305462663389636 0.307454272180721 0.310794864805977 4.00692660168808 0.744956021205294 0.687293900726546 0.663153737801358 0.617678053760801 0.564152265364513 0.357623845534826 0.360006840678882 0.285574706256522 0.744757673322041 0.394081886293345 0.282407240376349
-9999 -9999 -9999 -9999 -9999 -9999 -9999 -9999 -9999 -9999 -9999 -9999 -9999 -9999 -9999 4.03468112102919 4.03468112102919 4.03468112102919 4.03468112102919 4.03468112102919 4.03468112102919 4.03468112102919 4.03468112102919 0.346366640687687 0.601782241202782 0.33627806352103 0.337921046588578 0.505021487513134 0.293436757619663 0.519015721096815 0.377989023657876 0.385106269178827 0.30776972871229 3.9939016418486 3.99526377340484 0.408148538490513 0.327286314660492 0.30503872880345 0.309453447146292 0.463897350024368 0.433084655202031 0.853178990344316 0.293748881169598 0.470131728419086 0.388319447915701
-9999 -9999 -9999 -9999 -9999 -9999 -9999 -9999 -9999 -9999 -9999 -9999 -9999 -9999 -9999 4.03468112102919 4.03468112102919 4.03468112102919 4.03468112102919 4.03468112102919 4.03468112102919 4.03468112102919 4.03468112102919 0.25423588637552 0.494011765554891 0.32289053369352 0.302884779414975 0.299754021634114 0.303152012929603 0.299531780401813 0.610043787869071 3.99303651100872 3.99303651100872 3.99303651100872 0.297368242204273 0.302071890485856 0.326813578040766 0.466459476414468 0.571713397727316 1.06905188799179 1.01565000823246 0.683096461165222 0.310416610757098 0.507108571919018 3.81553678484258
-9999 -9999 -9999 -9999 -9999 -9999 -9999 -9999 -9999 -9999 -9999 -9999 -9999 -9999 4.03468112102919 4.03468112102919 4.03468112102919 4.03468112102919 4.03468112102919 4.03468112102919 4.03468112102919 4.03468112102919 0.503511646360261 0.429503054878953 0.466010391090182 0.426120479445378 0.298443220627079 0.484104664491705 0.295639961515756 0.280237520069208 0.365323540535768 3.99303651100872 3.99303651100872 3.99303651100872 1.23176902538596 0.393737959607411 0.305347974240899 0.370899528606065 1.15031429992702 0.331285165729508 0.318833324920404 0.607464476702562 0.567734255913526 0.289628637677065 3.81553678484258
-9999 -9999 -9999 -9999 -9999 -9999 -9999 -9999 -9999 -9999 -9999 4.03468112102919 4.03468112102919 4.03468112102919 4.03468112102919 4.03468112102919 4.03468112102919 4.03468112102919 4.03468112102919 4.03468112102919 4.03468112102919 0.311582953435737 0.310597857464115 0.280680293329148 0.287821952105016 0.372124952789633 0.290642480276642 0.515959265628894 0.285324821076287 0.247870771245597 0.37958393299256 3.99303651100872 3.99303651100872 3.99303651100872 3.81553678484258 1.20265881943699 1.18722284031955 1.17565271563564 3.81553678484258 3.81553678484258 3.81553678484258 3.81553678484258 3.81553678484258 3.81553678484258 3.81553678484258
-9999 -9999 -9999 -9999 -9999 -9999 -9999 -9999 -9999 -9999 0.346526821577814 4.03468112102919 4.03468112102919 4.03468112102919 4.03468112102919 4.03468112102919 4.03468112102919 4.03468112102919 4.03468112102919 4.03468112102919 0.3459721760652 0.273163848839533 0.26839433668062 0.344970084805554 0.285569497766583 0.27316862747902 0.376177464874213 0.60313824991939 0.361860428381113 0.21471115098472 1.68298213657576 0.429815968157333 0.303342859331152 0.464629265355709 3.81553678484258 3.81553678484258 3.81553678484258 3.81553678484258 3.81553678484258 3.81553678484258 3.81553678484258 3.81553678484258 3.81553678484258 3.81553678484258 3.81553678484258
-9999 -9999 -9999 -9999 -9999 -9999 -9999 -9999 -9999 -9999 4.03468112102919 4.03468112102919 4.03468112102919 4.03468112102919 4.03468112102919 4.03468112102919 4.03468112102919 4.03468112102919 0.26288419572689 0.570296142091883 0.283904443821883 0.28468920313678 0.29082457867404 0.28593969512407 0.494416437207346 0.372549973868499 0.652942208265183 0.627827213822263 1.54685415203557 1.67989853652728 0.978445890764641 0.319218197217839 0.320807277488725 0.314022457856871 0.438053399744829 0.36669249957091 3.81553678484258 3.81553678484258 3.81553678484258 3.81553678484258 3.81553678484258 3.81553678484258 3.81553678484258 3.81553678484258 3.81553678484258
-9999 -9999 -9999 -9999 -9999 -9999 -9999 -9999 -9999 0.330572492593744 4.03468112102919 4.03468112102919 4.03468112102919 4.03468112102919 4.03468112102919 4.03468112102919 4.03468112102919 0.431682910409593 0.290034495050875 0.544861801088543 0.460014468498559 0.368249729783542 0.295935955438944 0.312153392276392 1.11546844773718 1.14328840975907 0.677408668585698 1.53637744998078 0.272727542167053 0.269392197757536 0.290553539296473 0.94971436785109 0.33084044334871 0.335728935356059 0.323754976706183 0.315318135937744 3.81553678484258 3.81553678484258 3.81553678484258 0.286003775886186 3.81553678484258 3.81553678484258 3.81553678484258 3.81553678484258 3.81553678484258
-9999 -9999 -9999 -9999 -9999 -9999 -9999 -9999 -9999 0.321260654087519 4.03468112102919 4.03468112102919 4.03468112102919 4.03468112102919 4.03468112102919 4.03468112102919 0.302932967765268 0.359967792617289 0.251210078552252 0.252626316952278 0.271080891984443 0.270160067833779 1.01768440873409 1.07053720376406 0.451735722674548 0.277020072534755 1.24220435037375 0.268221039952213 1.17172498226989 0.638456399441853 0.328505297235723 0.284906375832092 0.942900890895093 0.417878714623264 0.333660497862645 0.306616701918166 0.632895022717682 0.308122581661042 0.270363753599918 1.04098681147957 3.81553678484258 3.81553678484258 0.0117933293899322 3.81553678484258 3.81553678484258
-9999 -9999 -9999 -9999 -9999 -9999 0.357171703020059 0.429527566445375 0.333873149002141 0.247997067106606 1.20479604623977 4.03468112102919 4.03468112102919 4.03468112102919 4.03468112102919 0.303434514801713 0.308582667532166 0.272434145634006 0.271438624298831 0.232902516157775 0.598734501594988 0.968775032140321 0.313202020410308 0.276213397649033 0.273936866957544 0.382655853496928 0.398747255437372 0.308632334403926 1.07809077554933 0.317948104863669 0.589706165367878 0.312391164653642 0.446828327870679 0.834300679276663 0.303336587389874 0.317885127471777 0.389916985066596 0.506416468285447 0.312546268099307 1.04098681147957 0.319540457073182 3.538128309006 0.662639051515167 0.32961730018416 3.81553678484258
-9999 -9999 -9999 -9999 -9999 -9999 0.443098293576713 0.486971763738225 0.255254858594849 1.20389838123817 0.239690839602215 4.03468112102919 4.03468112102919 4.03468112102919 4.03468112102919 0.912222575927621 0.874435616680476 0.849466720722566 0.800132906124714 0.778069832095218 0.54302033026242 0.265407955067639 0.871589681472653 0.818065919086593 0.26716611522538 0.278914620244002 0.311987336341457 0.477196363510774 1.03278774063742 0.248732536360597 0.537161935321236 0.309783017663303 0.380730932756857 0.299842090705292 0.783289690334958 0.310767751655455 0.310852849243889 0.463923489855824 0.332551816406364 1.01113825670857 0.336569806048614 3.52252806695849 0.420459373305027 0.607597958221097 0.312693131408259
-9999 -9999 -9999 -9999 -9999 0.270231974335301 0.312023186449483 0.470282480503139 1.20092514106517 0.193840849736762 0.175831497662633 4.03468112102919 4.03468112102919 4.03468112102919 0.315377233087871 0.537596327052638 0.270006693158822 0.355802189309331 0.332737986184573 0.766333078536507 0.239856117368654 0.509771111880332 0.425757367418996 0.790462040328876 0.308991409498126 0.281895533268574 0.270677446170405 0.383772252610599 0.44096976883417 1.00022055163093 0.326452620903946 0.42708297237086 0.304089255858057 0.302604816045628 0.642767803657407 0.540469523025807 0.305935056759036 0.327522122065723 0.420448270564541 0.98930974292605 0.336639285796353 3.51957494455354 0.332584552181648 0.536680645199657 0.309000188175852
-9999 -9999 0.194753249650548 0.310322212995258 0.249246377187231 0.216182660517657 0.211268926204283 0.366135296328957 1.14234972119617 0.176538073034222 0.459233228619468 0.466337444447986 1.17675485182069 0.309512158484193 0.355474816199397 0.442555157312743 0.347413038249444 0.29919358192954 0.268496680863215 0.75939822253802 0.258218800676232 0.478606849994435 0.350156193273377 0.544742460599764 0.753885429181351 0.346294447194524 0.279939482371185 0.277186180169928 0.417446515362506 0.994289139904621 0.954089365775897 0.267349549823121 0.308084770634421 0.310366290871682 0.601304273995337 0.256862799591207 0.426992987861046 0.320037051275332 0.356875465497515 0.917956008728564 0.337562709878647 3.51538889959745 0.324757108566036 0.321808438886422 0.376121117748316
-9999 0.278028692300675 0.427179037587921 0.267181095569442 0.166723028556158 0.251757182291906 1.11319509791844 1.12248705312767 0.201506644662087 0.176738002757086 0.448624558105086 0.292943733342766 0.553847168051162 1.11790663760631 1.07012224071631 0.348713217413024 0.429254645794331 0.324320609258812 0.496610791226706 0.652549199130877 0.418406335890986 0.339236871195717 0.352625364064236 0.503676712988784 0.284418981558474 0.538402437399019 0.228550847323309 0.210985505617994 0.309498187071141 0.304192705227993 0.447972081985224 0.946975336382953 0.442860541672333 0.267263466715119 0.58405841600959 0.276653262831127 0.381950584874122 0.299448481388869 0.334778425999987 0.88111525629185 0.277901123809086 3.51071119330237 0.312620533273943 0.30967692257254 0.244829562060899
-9999 0.265883983483395 0.318701177462058 1.05833977242677 1.06262194831005 1.10123049344731 0.269544376067524 0.319715937511078 0.324276935465853 0.43004156323457 0.29927983890063 0.460382102290536 0.321649936946164 0.507995058857808 0.316919946524029 1.03579866453586 0.851322047226879 0.319785579701847 0.362634336036014 0.345955042893988 0.557682734611236 0.347479456125899 0.342542433933994 0.4605860710436 0.297079773149036 0.510222524347017 0.477047607892138 0.394755784397035 0.216032384645952 0.216989141269477 0.356908022541144 0.294199851170984 0.890404876076422 0.263380465086917 0.275126317236354 0.540407033056779 0.278742493827902 0.267512224939293 0.684652386059618 0.691596568431318 0.268507270471193 0.279222449215075 3.5081515839304 0.64966931252808 0.300947794182021
