Model input/Uganda/rivergeometry/river_width_1aug.asc
NCOLS 67 
NROWS 67 
XLLCORNER 29.500000001 
YLLCORNER -1.499999999 
CELLSIZE 0.0833333332985075 
NODATA_value -9999 
[rows 40 to 59 of 67, columns 0 to 45 of 67]
0.63766336505325 0.510140947126873 7.16048782249925 7.30992897276328 0.345135970603241 2.04761201796322 0.610890588579878 0.737691833096506 0.814162312288863 0.795613561369769 0.706516507745776 1.07023522527186 1.01238104360507 1.9371193010794 1.06986981836091 3.5500214125335 2.63662699536796 3.55654015384163 1.23130017996191 1.3233613409817 1.27982532973971 1.74683883580462 1.19098960478054 0.899843601082983 1.02534190019161 0.933997050121376 1.09238705420274 1.2251963367906 0.77043694763122 0.542291220030754 0.997476910929484 0.739370641255886 5.3589680596904 1.41262205462039 0.976929797791013 2.00132415199955 0.834826216759737 0.853903860906476 0.81027369108976 3.25319379841166 3.66076076589271 0.876684549156674 56.8134131032617 1.56029055094361 2.38021902447138 1.00452293649807
0.707500699960107 1.07070483063536 6.8801058740918 1.61948438692835 1.55202887855276 1.70526356234274 0.862015206450279 0.750254884865463 0.864471233617005 1.79895065584974 2.13606065834487 0.801465209868896 1.04541875792173 1.08328672876289 1.50837133762661 2.60327264044712 1.00489213872271 2.37351954459651 3.36927323102459 2.89077014479355 1.91097158412603 1.6178622688784 1.07652595202902 1.3210820696188 1.35478044699741 0.894143038296101 0.457333823232002 0.735258176582889 0.700995570489032 0.727172371324201 0.949914114528914 1.77924746399829 4.86756809101623 0.760830363633414 0.768764327471828 0.75538638563502 1.10642897776364 0.827302995452546 2.74861765920773 1.22536086411809 3.35719323395615 1.78482148460118 56.7694178674057 1.0784788039319 2.07765287686679 0.957811499258389
0.391127542894154 0.565481338238048 6.47546478704603 0.516922738318415 1.42523541959146 1.34734087216867 0.694902342006412 1.14698630164542 1.47487595618511 0.763370542444751 0.859363722383918 2.51997061595191 1.2500465188717 0.844053473881656 0.972985355296337 1.0331265944535 1.68568252984194 1.43561333867875 1.42032615834136 1.08739371159498 1.01621542103801 0.709583663657178 0.726737449929984 1.62209979956185 0.744207555290863 2.26032756641694 0.948996423473015 1.08969254157015 0.621500401969562 0.406408314420005 1.21206255306829 0.830269541193702 4.67026171793685 2.8693988844678 1.39561638523071 0.725842193829095 0.732547836874137 0.796398805865387 2.3915643612186 0.815069886030582 2.52650629190386 1.51334688037289 56.7285818140155 56.6860303981168 0.903529328312451 1.41327365025592
5.81375864942351 6.44153481515046 0.623372561037762 0.97277426636805 1.04251155011594 0.920041267826856 0.66844517497581 1.08168362842054 1.66134872336143 0.936060364882029 1.21765603962783 2.69751703156172 3.17907763507394 0.691127844772117 0.712814899716156 0.864001662045122 0.959625060931902 0.766039410199625 1.03468762678144 1.02605919276214 0.993305913740913 1.15336383114328 2.23914399435933 0.794546525316326 0.640715498648673 2.32958909430251 0.66688636868896 0.562935267749257 1.65861976999489 1.49590889917465 0.821930411115444 0.674278825858168 3.30846859407538 0.874060164739469 1.94976164704411 1.6885523545068 0.848969520819231 1.75032129733806 0.833614239581586 0.846013200170749 2.3426286028396 1.26031379019233 0.494685521818657 56.6537146841286 1.03494700890697 1.01120938909009
5.76557884210387 2.13141681393591 2.00012251619357 1.51123372833385 0.866793145262217 0.845196910495685 0.518865482671828 0.865733323947931 1.16539753710151 2.07638302012161 1.7791382518757 0.692454750306747 3.58657356155851 1.26551882232414 1.14110115769085 0.688337270396183 0.809178488215552 0.883738219159261 1.32987843305997 1.50514643796319 1.26327852168253 2.69012519863905 0.624830138784669 1.04240951352412 2.54446497008018 0.799618554835241 0.702680788008525 2.86084753282738 1.6732152991567 1.49590889917465 0.719985209908122 0.758766863096795 1.39344290736401 2.56525791946298 2.07662054842633 0.899680694677958 1.07125454030423 1.46524439423703 0.946523188485862 1.16115134378439 1.89601714995877 0.975140277463895 56.5927257997638 56.5927257997638 56.5927257997638 56.5927257997638
5.62194266952544 1.2611713178914 1.11093984766216 0.970410909562279 1.15621603591548 0.860850072048828 1.19529121770496 1.40683521334983 0.943635127439907 2.47844767053217 1.91367810820725 0.539328728028443 3.66439582324073 0.630667641268489 1.5515326695606 0.699426574479524 1.72147884257992 0.795577055793102 0.901319474641025 2.22264930810528 1.5383606160867 2.87215430720344 2.97288844097506 2.71595842556396 0.458862632248283 0.568407229040833 0.661114749211086 2.86084753282738 1.49590889917465 1.49590889917465 1.44119304834752 0.787956474716627 0.967915549877572 0.935343142120257 0.740074697989552 1.49773474870098 1.12896740322664 56.5927257997638 56.5927257997638 0.671615650216907 0.979343293339001 0.660389669642864 56.5927257997638 56.5927257997638 56.5927257997638 56.5927257997638
2.23356993286008 5.3133171649438 0.790971042479581 0.900191317725586 1.51516110907623 0.758425305458356 1.46562858413834 1.41985320114574 5.74197539233613 3.62730433369506 2.14392940305012 0.598356476633217 3.73466198354371 1.84469245843661 1.96837204887978 2.23996271396211 3.65801063521013 3.74993578793067 4.76401125550412 5.89648875398999 5.81632693772385 7.99848491047177 7.88614258730647 0.580548237409285 0.517215894476017 0.554851153024848 2.87717379562204 0.458859965506973 0.562826125660519 1.14094224626118 0.772330800710463 0.783643403640364 0.78184907133205 1.15417993558415 56.5927257997638 56.5927257997638 56.5927257997638 56.5927257997638 56.5927257997638 56.5927257997638 56.5927257997638 56.5927257997638 56.5927257997638 56.5927257997638 56.5927257997638 56.5927257997638
0.598748530983448 4.48305061858504 1.29475609745135 0.944398876785426 0.967561567508162 2.14568690140215 5.74197539233613 5.74197539233613 5.74197539233613 5.74197539233613 6.25658282240598 6.22119378354209 4.37101677658108 4.31795643879374 0.603333310352547 0.596775053115427 1.93382774237664 0.767091649180345 2.40159915948015 1.15790382662628 2.22339002854221 0.729663184505348 1.07195029584984 8.03007718872409 0.730279097721513 2.88517911760617 0.367423448904828 0.404396509622086 0.496760688063428 0.793149645835533 0.748684717991903 1.14850350674963 56.5927257997638 56.5927257997638 56.5927257997638 56.5927257997638 56.5927257997638 56.5927257997638 56.5927257997638 56.5927257997638 56.5927257997638 56.5927257997638 56.5927257997638 56.5927257997638 56.5927257997638 56.5927257997638
1.05172063053039 4.41397966897252 4.1435045898894 4.1435045898894 2.3132002577524 0.526832502717053 5.74197539233613 5.74197539233613 5.74197539233613 5.74197539233613 0.623432702745639 1.26462963082249 0.553026714179253 1.99150720480678 3.53837937746214 1.91456643604747 1.28783744747427 0.587327450238496 2.28269128295598 0.722890353894795 1.73664605268491 0.917267307627949 0.727627186520828 0.508481487667215 8.75304097066364 9.6072164718246 9.59633412505164 9.62208621827032 9.80631453823508 1.15708727691559 56.5927257997638 56.5927257997638 56.5927257997638 56.5927257997638 56.5927257997638 56.5927257997638 56.5927257997638 56.5927257997638 56.5927257997638 56.5927257997638 56.5927257997638 56.5927257997638 56.5927257997638 56.5927257997638 56.5927257997638 56.5927257997638
4.1435045898894 4.1435045898894 4.1435045898894 4.1435045898894 4.1435045898894 0.276131818741784 0.326809875880574 0.49681760671076 5.74197539233613 5.74197539233613 0.861016978304387 0.5683467019522 1.59279608581825 0.600172701776076 2.73863270658798 1.64654267988185 0.601199807596676 1.11147105343995 2.09334057564348 1.93489821756681 0.61759967528812 1.37338386262291 0.463923317235472 0.448305163979717 1.93406404428707 1.00906068990039 2.5544581183793 0.96921698280478 56.5927257997638 56.5927257997638 56.5927257997638 56.5927257997638 56.5927257997638 56.5927257997638 56.5927257997638 56.5927257997638 56.5927257997638 56.5927257997638 56.5927257997638 56.5927257997638 56.5927257997638 56.5927257997638 56.5927257997638 56.5927257997638 56.5927257997638 56.5927257997638
4.1435045898894 4.1435045898894 4.1435045898894 4.1435045898894 4.1435045898894 0.195724252835141 6.27331845098395 5.78166710628292 5.74197539233613 0.42430317580379 0.589225374511649 0.581415232796566 1.44928672412959 0.598289520105136 2.6521633072486 1.38275986089967 0.549713741750978 0.872260050939432 0.477206737278559 1.78262962078253 0.562070942999314 1.2767953274298 0.459379989353139 0.409569235694928 1.80930228747046 0.745384966565805 2.48026663595289 0.712606458001382 56.5927257997638 56.5927257997638 56.5927257997638 56.5927257997638 56.5927257997638 56.5927257997638 56.5927257997638 56.5927257997638 56.5927257997638 56.5927257997638 56.5927257997638 56.5927257997638 56.5927257997638 56.5927257997638 56.5927257997638 56.5927257997638 56.5927257997638 56.5927257997638
4.1435045898894 4.1435045898894 4.1435045898894 4.1435045898894 4.1435045898894 6.27274963238454 0.315052812065847 2.03054291905874 0.425679118965053 0.925674876862448 0.394033567851831 0.836969505986617 0.700976847332747 0.678135685954197 2.33682505874103 0.410337300288592 1.13022208509368 0.553558776111128 0.780646685653212 1.2007283992526 0.614986465745742 0.786786463429157 0.553523749564841 0.493985823839336 1.70825922926715 0.640153582353922 1.84231200901532 0.749123323570634 56.5927257997638 56.5927257997638 56.5927257997638 56.5927257997638 56.5927257997638 56.5927257997638 56.5927257997638 56.5927257997638 56.5927257997638 56.5927257997638 56.5927257997638 56.5927257997638 56.5927257997638 56.5927257997638 56.5927257997638 56.5927257997638 56.5927257997638 56.5927257997638
4.1435045898894 4.1435045898894 4.1435045898894 4.1435045898894 4.1435045898894 0.475481723392194 0.206329077561796 1.89028993563446 0.570442202259963 0.228546956382805 0.58962990560653 0.280758555970521 0.720851594060212 1.19468876410854 1.26513386609612 1.10050400824995 0.553223417120379 0.53670981468178 0.523613121235218 0.712556265744554 0.628478543878711 0.539099911256815 0.485260488239657 0.899802992780384 1.26119333002776 0.832178506269123 1.12911490317183 0.731877496139915 0.962696521729448 1.15319893702594 56.5927257997638 56.5927257997638 56.5927257997638 56.5927257997638 56.5927257997638 56.5927257997638 56.5927257997638 56.5927257997638 56.5927257997638 56.5927257997638 56.5927257997638 56.5927257997638 56.5927257997638 56.5927257997638 56.5927257997638 56.5927257997638
4.1435045898894 4.1435045898894 4.1435045898894 4.1435045898894 4.1435045898894 0.205052911354408 0.42153487978633 1.83079418235735 1.65432307626861 0.649986878969667 0.720623578101871 0.845958464339086 0.67851347587999 0.932754120200535 0.545215648257383 0.613373233292056 0.591651816431645 0.619593894081948 0.563843458078531 0.583726723709233 0.756395155523727 0.404492660802344 0.505656173878059 0.329052761586078 0.737459868109068 0.522256091849856 0.737780512039145 0.834813948369187 1.60173085996414 2.34190761939656 56.5927257997638 56.5927257997638 56.5927257997638 56.5927257997638 56.5927257997638 56.5927257997638 56.5927257997638 56.5927257997638 56.5927257997638 56.5927257997638 56.5927257997638 56.5927257997638 56.5927257997638 56.5927257997638 56.5927257997638 56.5927257997638
4.1435045898894 4.1435045898894 4.1435045898894 4.1435045898894 0.253941600852471 0.752959545645564 0.613583511576779 1.06454698982728 0.609910016662547 0.825961150705093 1.13582532742678 1.10219871973744 0.70837596264436 0.655167571909491 0.654550580881208 0.915577576848265 0.587664052662611 0.875567396665035 0.838939002740507 1.93206621005853 1.04102414178909 0.831508855730325 0.615321937444217 0.482461025117998 0.404433013148661 0.300624155938963 0.484229935782237 56.5927257997638 56.5927257997638 56.5927257997638 56.5927257997638 56.5927257997638 56.5927257997638 56.5927257997638 56.5927257997638 56.5927257997638 56.5927257997638 56.5927257997638 56.5927257997638 56.5927257997638 56.5927257997638 56.5927257997638 56.5927257997638 56.5927257997638 56.5927257997638 56.5927257997638
4.1435045898894 4.1435045898894 3.97519629557088 0.405038934994402 1.8086554920859 0.560770713251611 0.734398239739802 0.743936419535695 0.786547597605432 1.67475514978646 0.690281838416266 1.31947126050981 1.01375015561919 0.629321769665846 0.576152956066628 0.641516023044646 1.25748601178952 1.42116321812619 0.571015176158778 1.93206621005853 0.404376721568436 0.550027122502713 0.320357820128036 0.433771682079131 0.467135311206435 0.338953167882093 0.934688461549959 56.5927257997638 56.5927257997638 56.5927257997638 56.5927257997638 56.5927257997638 56.5927257997638 56.5927257997638 56.5927257997638 56.5927257997638 56.5927257997638 56.5927257997638 56.5927257997638 56.5927257997638 56.5927257997638 56.5927257997638 56.5927257997638 56.5927257997638 56.5927257997638 56.5927257997638
4.1435045898894 4.1435045898894 3.94643267998438 3.76731857179056 0.495527293829021 1.60716994891176 0.802500507201706 0.758251672340606 1.10904171932069 1.9157393871081 0.661555345507654 3.61594496735489 4.04135434403457 4.1980982026376 4.33700734205385 4.49268932152353 5.35003111097354 2.11189543956527 5.90894337844734 5.90894337844734 6.03982590013176 0.839281229232255 5.88948545153028 0.726165962770581 0.600562282622349 0.744849745057433 56.5927257997638 56.5927257997638 56.5927257997638 56.5927257997638 56.5927257997638 56.5927257997638 56.5927257997638 56.5927257997638 56.5927257997638 56.5927257997638 56.5927257997638 56.5927257997638 56.5927257997638 56.5927257997638 56.5927257997638 56.5927257997638 56.5927257997638 56.5927257997638 56.5927257997638 56.5927257997638
0.468990703143855 2.05698843325261 0.708268669514597 3.71115856143102 0.557002688823193 0.714045339186019 0.743003904856276 1.81525929572406 0.705478189701937 2.13667679632048 2.96260697369683 0.683020841365733 0.595938550623431 0.668389061719376 1.08773796591093 1.3215947145509 5.35003111097354 5.35003111097354 5.90894337844734 5.90894337844734 6.03982590013176 5.88948545153028 5.88948545153028 0.822164307339875 1.48310486795466 0.773209458868143 56.5927257997638 56.5927257997638 56.5927257997638 56.5927257997638 56.5927257997638 56.5927257997638 56.5927257997638 56.5927257997638 56.5927257997638 56.5927257997638 56.5927257997638 56.5927257997638 56.5927257997638 56.5927257997638 56.5927257997638 56.5927257997638 56.5927257997638 56.5927257997638 56.5927257997638 56.5927257997638
0.391582549698443 1.91057074049335 0.49688066428164 3.64219875307161 0.510118297933019 0.668414847484177 2.2807606913909 1.97618302572149 0.784342944357393 2.773042717571 1.0624652560775 0.681554702265024 0.542255307081383 0.550658128983564 0.542475290034733 0.640500874580371 5.35003111097354 5.35003111097354 0.610833363840342 0.480135693711952 1.16625920401511 0.540593348920648 5.96919269627939 0.437363426141204 1.86923126541141 2.0471555308911 56.5927257997638 56.5927257997638 56.5927257997638 56.5927257997638 56.5927257997638 56.5927257997638 56.5927257997638 56.5927257997638 56.5927257997638 56.5927257997638 56.5927257997638 56.5927257997638 56.5927257997638 56.5927257997638 56.5927257997638 56.5927257997638 56.5927257997638 56.5927257997638 56.5927257997638 56.5927257997638
0.417790992892855 1.8612278585967 0.410579520838337 0.438765310591006 3.53646774168969 2.52798776838703 2.45023997196316 0.562858855067121 0.729673242804979 0.820485440416227 0.804986642847869 0.512267099695044 0.882859846610562 0.483360334358087 0.58381979036623 0.960222769276286 0.861605140448472 0.549164295481963 0.57585443162763 0.747261537293657 1.03083512885675 0.59747617909311 0.625770922235525 6.027616636152 6.85716147419912 6.9422184116338 56.5927257997638 56.5927257997638 56.5927257997638 56.5927257997638 56.5927257997638 56.5927257997638 56.5927257997638 56.5927257997638 56.5927257997638 56.5927257997638 56.5927257997638 56.5927257997638 56.5927257997638 56.5927257997638 56.5927257997638 56.5927257997638 56.5927257997638 56.5927257997638 56.5927257997638 56.5927257997638
