Model input/Uganda/rivergeometry/river_restime_1aug.asc
NCOLS 67 
NROWS 67 
XLLCORNER 29.5 
YLLCORNER -1.5 
CELLSIZE 0.0833333333283582 
NODATA_value -9999 
[rows 38 to 56 of 67, columns 0 to 41 of 67]
-9999 0.00219744818160269 0.00192997986543926 0.00157585800012078 0.00180240002487319 0.00160375232768402 0.00103096072286857 0.00144943648160484 0.00171384747689352 0.00251180611109978 0.00135624724027014 0.00218361990104654 0.0012759768529051 0.00147854997901501 0.00106320367744367 0.00148685378769292 0.00197250911909546 0.00151897058561114 0.00187139232141468 0.00121311572700748 0.00139600324493871 0.00147603274062445 0.00205687232007472 0.00131271823791637 0.00154940907926491 0.00180897852754796 0.00164807744988835 0.00167683919465711 0.00149804680995108 0.00214253780589156 0.00190594368827993 0.00152805453301253 0.00136151581166263 0.0015834466320812 0.00125109907370926 0.00156653766482551 0.00140620913626975 0.00152645594239269 0.00208059672833838 0.00109336098809139 0.00219404161451174 0.000718952039791599
-9999 0.00222448072251805 0.00210892310524561 0.00104605975307435 0.00104440532298318 0.00145845358551076 0.00156513679837175 0.00150195476520289 0.00150670429970057 0.00195072259587495 0.00154635922089764 0.00190330518707166 0.00149525832270565 0.00130506707831585 0.0015001547575227 0.00151337027049247 0.00113614576679835 0.0015223905271932 0.00144553128095179 0.00207756705745699 0.00179968492238288 0.00207238712635826 0.00148199009724669 0.00135158214228208 0.00154570937951219 0.0012961128085675 0.00133114911053436 0.00140614388617007 0.00166501792633361 0.00166614562832509 0.0014355031498306 0.00216336323162975 0.00155642913853946 0.00223573722008272 0.00156932049761331 0.00181931882313013 0.00154332387120873 0.00157287266890971 0.0016749889303451 0.00117425144912179 0.00156875242373021 0.00154206741961385
0.0023240360637344 0.00171755183936424 0.00105881611019456 0.00104784809890827 0.00183276371890542 0.00132283164921903 0.00165080837392499 0.00159476503107383 0.00222233662407273 0.00157284325342015 0.00160742585091388 0.00148971470383166 0.00213542505747981 0.00133633785053159 0.00149971851130787 0.00119602712122403 0.00126298265891334 0.00169651075465584 0.0014519573040066 0.00143291164783819 0.00144171562534845 0.00193241620207305 0.00147055199555721 0.00153778192574677 0.00150145154793689 0.00153748678998271 0.00148413632784845 0.0014532786364844 0.00159265638829967 0.00169843647760929 0.00150904562775928 0.00160470575074668 0.0011091474534137 0.00200904474639057 0.00152488540706853 0.00132838217657164 0.001569417810424 0.00220304619298699 0.00156759246682992 0.00172443475499924 0.00168756138242301 0.00155542005311499
0.00161773458970264 0.00211365113920593 0.0010595407210176 0.00139010238562355 0.00140097492614644 0.00136790128851873 0.0021992535746145 0.001589841026618 0.00155944893870681 0.00136360492048687 0.00186252809334839 0.00157073336264845 0.00212292199908666 0.00148641119966814 0.00198507729977296 0.00126593016594886 0.00151705229640779 0.00182693527936817 0.0017134130465936 0.00125016139243285 0.00134860358165339 0.0013903575117281 0.00149804280324309 0.00143336344249683 0.00202448517733263 0.00153957197152098 0.00175229840467963 0.0015957298513927 0.00228410553772973 0.00160963043570581 0.00152260757949841 0.00192593798201878 0.00112885477395156 0.00159634848949363 0.00158276138172072 0.00158785725006127 0.00210098572026064 0.00157204962820243 0.00177850147833621 0.00145324243960746 0.00120832147005785 0.00136557532625636
0.00179125500448134 0.00237578892761436 0.00107136659114761 0.00241517351520758 0.00141358155265496 0.00142820570023289 0.0022877958087562 0.00148077474174436 0.00140474714607845 0.00158480293953949 0.00155079745380353 0.00127349200545849 0.00144794418862973 0.00156631443462451 0.00151593018605315 0.00149937177023696 0.00194509880681097 0.00141170472385527 0.00200707606369536 0.00149531344082835 0.00213398059271866 0.00160615005256024 0.00159913968680985 0.00195882812273241 0.00160284457157871 0.00129910448578866 0.00153305921924545 0.00210685817043231 0.0016456107985319 0.00177872826871224 0.00206620924625139 0.00156060894460663 0.00113744085024309 0.00125188109943664 0.0014285169895481 0.00161019563929637 0.00159680887878758 0.00158307277448012 0.00128574679804355 0.00156589820043045 0.00127288769291876 0.0013981383485839
0.00110004675870006 0.00152169338448385 0.00165572450409019 0.00215112181412348 0.00149689055843903 0.00153154173249167 0.00163469263602674 0.00210972163983364 0.00195028505044092 0.00152670852348538 0.00145492156056588 0.00126613974294907 0.00122044398038346 0.0016139195071235 0.00227715814629966 0.00219834285110037 0.00151977297310155 0.00224734012556819 0.00212696573088768 0.00150125769011302 0.00151020307299297 0.0014694461212984 0.00184655118781889 0.0015837696305286 0.00232206269656391 0.00183320956506993 0.00230510141893762 0.00168693555064677 0.00137486573391401 0.00140110883812057 0.00157397275946228 0.00163209354188693 0.00121156013458399 0.00154598853138491 0.00189395597656898 0.00137955218265881 0.00156467098962117 0.00193175369177 0.00155946008030899 0.00156567081331521 0.00129062347803796 0.00144577610289699
0.00109439094719827 0.00131314887938293 0.00133744475881186 0.00140788311402179 0.00154835396052364 0.0022072329638991 0.00241352996230841 0.00219755058651876 0.00208113104028541 0.00131945479260607 0.00135731834551208 0.00162418184255754 0.00119378463155013 0.00145438263584358 0.00147232494150313 0.00229179030912628 0.00156797945624422 0.00218928269743949 0.00203141894285912 0.0013995298919972 0.00144515416222853 0.00125834429256312 0.00233277730319573 0.00212407166472596 0.00180384003447014 0.00158194351227173 0.00161982747010566 0.00124424529454764 0.00194775686436074 0.00198812237244043 0.00161262714251008 0.00225126927293923 0.00141943277108031 0.00180116291757458 0.00132828367041531 0.00154815348591495 0.00211349194273859 0.00140643252701787 0.00153383075506307 0.00147748748539839 0.00134159504225605 0.00151531552580793
0.00109945838847199 0.00145531323355464 0.00148951057230766 0.0015166648901347 0.00146878102407674 0.00219983943988773 0.00146968184781564 0.00141694868289072 0.00216315993333546 0.00127737164634124 0.00133931913311106 0.00239651688187645 0.00118910086262623 0.0016412029803947 0.00197488485319023 0.00161039502580884 0.00136553163203282 0.00158342709222832 0.00153731822015025 0.0013031087006856 0.00197797065808444 0.00124334660700391 0.0017531713171193 0.00126458764886532 0.00175131632985017 0.00167274057597108 0.00163803139258862 0.00176554819459292 0.00141052669957294 0.00141052669957294 0.00200175378537958 0.00158622040783313 0.00151738016582373 0.0015269218653978 0.00159382180488536 0.00198769687690775 0.00148512632738398 0.00072032531307113 0.00102212106499527 0.00162240476473462 0.00151412221513565 0.00163836059114434
0.00131070097529672 0.0015763259248353 0.00158512312990446 0.00218192686917285 0.00198349065071345 0.00159736662234204 0.00199560016145615 0.00142407992536896 0.00110258358031503 0.00119131802778137 0.00132056939146854 0.00166823690643229 0.00168144860902369 0.00135742781923405 0.00134139204170715 0.00131001516426249 0.00119748524931063 0.00119205502956412 0.00114093465070683 0.00109723514311597 0.00109998894136892 0.00103765144971997 0.00146635507810021 0.00166627910880194 0.00241496029341831 0.0023840967095054 0.00176371668847051 0.00173962363130636 0.00167576569098203 0.00208925505596113 0.001592060836556 0.00157721296762528 0.00158849378118914 0.0014692548618088 0.00102212534006973 0.000720325160389899 0.00102212534006973 0.000720325160389899 0.000725172713130657 0.000725172713130657 0.000720325160389899 0.00102212534006973
0.00165688616305422 0.0011459934113855 0.00143865468313389 0.00153449574516954 0.00152770200629569 0.00186105877812647 0.00109521303791623 0.00109521303791623 0.00109521303791623 0.00109521303791623 0.00152985210961979 0.00108652275084099 0.0011590711970847 0.00116166643866852 0.00166571715284248 0.00165788835194853 0.00133675210670643 0.00159405491105062 0.00128476022160795 0.00146838811195086 0.00184897850163516 0.00159796169138178 0.00149930628576676 0.00146151077653097 0.00159771497744682 0.00176282492113792 0.00181187898584638 0.00178034353944611 0.00243287897336177 0.00157373403368205 0.00159044889715902 0.00147058182540636 0.00102212847003497 0.00102212847003497 0.00072517653016143 0.00102212847003497 0.000720325084049284 0.000720325084049284 0.00072517653016143 0.000720325084049284 0.000720325084049284 0.00072517653016143
0.00150455111562565 0.00114925653670669 0.00116264204078107 0.00117047634697515 0.00129361390013665 0.00170759876475985 0.00110259286603774 0.00155409105229733 0.00110259286603774 0.00155409105229733 0.00165575608541809 0.00144487038066341 0.00169249253486486 0.0013295769166053 0.00169816536438987 0.00134822879665374 0.00144006677844754 0.00235940613177021 0.00129676289481063 0.00160069289090245 0.0013633392800324 0.00217443816149579 0.00159877956082666 0.00170721747380894 0.00102067065659804 0.00100341445554359 0.00100362273261764 0.00100313031451925 0.0014089978265284 0.00147847362931642 0.000720325007708668 0.0010221306075722 0.000725178820379894 0.000720325007708668 0.000720325007708668 0.0010221306075722 0.000725178820379894 0.000725178820379894 0.000725178820379894 0.000725178820379894 0.000725178820379894 0.000725178820379894
0.00116264204078107 0.00116264204078107 0.00116264204078107 0.00116264204078107 0.00116264204078107 0.00192204172550548 0.00185116429281046 0.00171448780506209 0.0015540926772988 0.0010952129218447 0.0021997841806895 0.00167277284194548 0.00196543557111142 0.00165616547918286 0.0012542321487331 0.00137670575124534 0.0016668050877001 0.00209929813253429 0.00131749012222754 0.00134562467337021 0.00164750730120284 0.00201951076937582 0.00246354689096617 0.00247904457350176 0.00189679115021145 0.00150585607046734 0.00180257371780364 0.00215261223411234 0.000725179583786048 0.000725179583786048 0.00102213167634081 0.000725179583786048 0.000720325007708668 0.000720325007708668 0.000720325007708668 0.000725179583786048 0.000725179583786048 0.000720325007708668 0.000720325007708668 0.000720325007708668 0.000720325007708668 0.000725179583786048
0.00164977198183458 0.00116264204078107 0.00117047634697515 0.00116264204078107 0.00117047634697515 0.00203337552918697 0.00152910871463196 0.00110120282365571 0.0010952129218447 0.00177663737862272 0.00166175795427917 0.00167704839225909 0.00140925508327565 0.00166828514352084 0.00126162268751329 0.00142143406653045 0.00169435585084629 0.00154657131482945 0.00172717885472532 0.00135683028079152 0.00168747228885934 0.00144233941521594 0.00175098244502111 0.0025204079271517 0.00135314512049884 0.00160246143305252 0.00127719950444729 0.00161571276324196 0.00102213167634081 0.000725178820379894 0.000725178820379894 0.000725178820379894 0.000725178820379894 0.000725178820379894 0.000725178820379894 0.00102213167634081 0.000720325007708668 0.00102213167634081 0.000720325007708668 0.000720325007708668 0.000725178820379894 0.0010221306075722
0.00117047265044339 0.00164976853173827 0.00117047265044339 0.00117047265044339 0.00117047265044339 0.00108488190971905 0.00186362635384093 0.00187995161337913 0.0017637000936257 0.00217080123162085 0.00180087506742334 0.00221121777524968 0.00160974172247333 0.0022980938687025 0.00129120916353647 0.00178755404549039 0.00209286996905879 0.00169218917387412 0.00223960769424077 0.00145865512519791 0.00165989194774267 0.0015760571120019 0.00238514996244117 0.001727842894975 0.00136746024627451 0.00232247901024415 0.00134867256734296 0.00160098898204174 0.00072517653016143 0.00102212847003497 0.000720325084049284 0.00072517653016143 0.00072517653016143 0.000720325084049284 0.000720325084049284 0.000720325084049284 0.00072517653016143 0.00072517653016143 0.00072517653016143 0.00102212847003497 0.00072517653016143 0.00072517653016143
0.00117046648955713 0.00116264228721653 0.00164976347981153 0.00164976347981153 0.00117046648955713 0.00173995605568296 0.00201382281114629 0.00134233819555572 0.00237202872552613 0.00197645899176736 0.00235770164667905 0.00270084633714803 0.00161229902458173 0.00207171151944421 0.0014447652138939 0.00210310063886386 0.00168105511486496 0.00239865407221195 0.0016980746869589 0.00160491941403182 0.00164224781592497 0.00168903508376468 0.00173348170642888 0.00154814086415783 0.00144559079998206 0.00221353676966027 0.00147517414612887 0.00226621464984971 0.00151888323879749 0.00208516454764564 0.00102212534006973 0.00102212847003497 0.00102212534006973 0.000720325160389899 0.000725172713130657 0.000725172713130657 0.00102212534006973 0.000725172713130657 0.000720325160389899 0.000725172713130657 0.000725172713130657 0.000725172713130657
0.00164975657961892 0.00116264253365198 0.00164975657961892 0.00164975657961892 0.00117045798753408 0.00202966516229071 0.00250712853926839 0.00135022277424093 0.00138476480677312 0.00164313125560112 0.00160161409508181 0.00155526726269025 0.00229784285058529 0.00216775906567253 0.00168554995883172 0.00164958102069325 0.00235621426056498 0.00164653532921707 0.00167521177523488 0.00166461388930477 0.00225258131225303 0.00252615807114896 0.00242496694174113 0.00184884798105995 0.00159485518888416 0.00169888218371413 0.00159472823699127 0.00156952926773056 0.00139298163037832 0.00129937220434848 0.000720325160389899 0.000725167445628191 0.000725167445628191 0.00072032531307113 0.00072032531307113 0.000725167445628191 0.00102212534006973 0.000720325160389899 0.000725167445628191 0.000725167445628191 0.00102212106499527 0.00072032531307113
0.00116264278008743 0.00164974807759587 0.00116264278008743 0.00164974807759587 0.00193869073279295 0.00225443893142024 0.0016605497793569 0.00211591340946598 0.00165129267636869 0.00156209583103052 0.0020909603324294 0.00148170654710715 0.00160664996075162 0.00162978888252905 0.00164101177641004 0.00217514990301552 0.0016625662757625 0.00154550050991242 0.00221025024188076 0.00133697577513903 0.00150733233421941 0.00157065497013533 0.00165968967258326 0.0024458963222846 0.00178031505536481 0.00189231223488949 0.00172256477913483 0.0007251605749728 0.00102212106499527 0.00072032531307113 0.00072032531307113 0.0007251605749728 0.00102212106499527 0.0010221157974928 0.00072032531307113 0.00102212106499527 0.0007251605749728 0.0007251605749728 0.0010221157974928 0.0007251605749728 0.0007251605749728 0.0010221157974928
0.00116264302652288 0.00116264302652288 0.00117150545153052 0.00252551024240757 0.00192017905090787 0.00168812608802935 0.00226476706824003 0.00159230419742251 0.00157614558512944 0.00137243016376798 0.00229060667681863 0.0014336825063503 0.00150457899162158 0.00232971943172169 0.00166860037478385 0.001636085508173 0.00205234806404345 0.00141432212533896 0.00168253885296621 0.00133697605852641 0.0017922901640779 0.00168284051183175 0.0018703868967196 0.00175762906413184 0.00246039794827853 0.00183883910028218 0.00216692567536096 0.0010221157974928 0.000720325618433592 0.0010221157974928 0.0010221157974928 0.000720325465752361 0.0007251521775051 0.0007251521775051 0.0007251521775051 0.00102210946122172 0.000720325618433592 0.00102210946122172 0.000720325618433592 0.000720325618433592 0.00102210946122172 0.000720325618433592
0.00116264339617605 0.00116264339617605 0.00117306479888604 0.00119099586866174 0.00172677574302321 0.0019621477802413 0.00158086169515176 0.00158675626480568 0.00210009382538662 0.00133905569080208 0.00163777466443101 0.0011999738698518 0.00117577972897935 0.0011676151598118 0.00116067545253966 0.00162547475439535 0.00110948580365749 0.00131536387401427 0.00109676519619032 0.00154592299480422 0.00108511798238568 0.00221006008282049 0.00154685703761195 0.00226943305258209 0.0016559700930454 0.00225890002067728 0.000720325618433592 0.000725142253225091 0.000725142253225091 0.000725142253225091 0.000725142253225091 0.000725142253225091 0.0010221019798414 0.0010221019798414 0.000720325847455438 0.000720325618433592 0.00102210946122172 0.000725142253225091 0.000725142253225091 0.000720325847455438 0.000720325618433592 0.000720325847455438
