Model input/Uganda/rivergeometry/river_depth_1apr.asc
NCOLS 67 
NROWS 67 
XLLCORNER 29.500000001 
YLLCORNER -1.499999999 
CELLSIZE 0.0833333332985075 
NODATA_value -9999 
[rows 40 to 59 of 67, columns 0 to 44 of 67]
0.234032566171826 0.202236600283824 1.23582995450684 1.24409364154624 0.159012318168243 0.52484926349545 0.227987409657642 0.273913080508081 0.286686413866709 0.269239571081355 0.25549269541784 0.328934656470508 0.317103442649677 0.467536165084622 0.323631293079213 0.695952449212385 0.577801261167704 0.699610004248828 0.363363073016049 0.363693516624835 0.349566459633597 0.434701596473437 0.34386867903816 0.3270241864864 0.334761371858953 0.304551358373115 0.340681622016666 0.358067370579244 0.270408749743218 0.210972619395125 0.309338174725474 0.259583462082897 0.889148339482758 0.42187312102896 0.335689140021472 0.506084308012699 0.282025068887579 0.274624099065086 0.265886006281096 0.63505747732238 0.684146436965064 0.283405095433659 3.68776361589632 0.416884342639969 0.545637881545427
0.248371692622025 0.320601739466555 1.21967116317886 0.457132809257412 0.448399335824681 0.478712280234137 0.297117808438581 0.281638841103409 0.298206461420617 0.46211232723615 0.513057380414796 0.283814952467644 0.322175771550931 0.324977757883322 0.404133448072351 0.583673143084462 0.324436371584399 0.540892622207949 0.672289158197046 0.604835730018042 0.47391972926716 0.430713462108737 0.335418262676741 0.424071744491126 0.408364318810617 0.33258197047183 0.207413653208339 0.253199413776522 0.242466184772277 0.253864240067143 0.297430630388385 0.441203011146615 0.8392636564837 0.296525791856637 0.289591288671578 0.282122172455264 0.349563486023944 0.269577646668256 0.57567131869145 0.343551869383379 0.64980384698336 0.450658957480158 3.68926985201127 0.340286499722526 0.505032283299261
0.173580145993781 0.21521540349137 1.18983560301233 0.20403113338304 0.432170964176999 0.42467140326691 0.272944501047956 0.368806709369399 0.428364548994574 0.28012159610505 0.297037368088744 0.568603386138289 0.364584213679635 0.286055178779436 0.31375210012684 0.332970622561093 0.446710577753917 0.381848831410049 0.398240336574527 0.32665815413604 0.312943140046442 0.310806948333709 0.325923904466657 0.490611576632364 0.30407843470339 0.580603400060134 0.321611030388989 0.367975082900026 0.273574128124182 0.253917511325056 0.354025804394618 0.271057775262504 0.81286556706738 0.61399505386574 0.415878689193307 0.285061572773912 0.273833466020028 0.263203733532014 0.531852320962519 0.267187569482621 0.540588278692334 0.407426332378953 3.69051997959297 3.69146768505507 0.30686947076862
1.14844749740968 1.18841074024293 0.228505456376821 0.309724728258606 0.37954775633627 0.362677540358975 0.268577047910356 0.360227855576314 0.464290496330876 0.314156228308369 0.364551325792034 0.592630509744269 0.656154159862989 0.271237533460005 0.27560568061343 0.326831226404276 0.317688959403497 0.264114689691072 0.293259519968035 0.324431779242064 0.329878436754825 0.397766155380182 0.601108771616637 0.301506810172078 0.296495983358734 0.606184641185859 0.304609772696784 0.306487670828469 0.526108278195243 0.676402214510183 0.351825687294147 0.239587914972592 0.649194493016108 0.278995639281494 0.479750340468083 0.442222721959842 0.281223536795307 0.448188270774169 0.271138854410582 0.273665966900506 0.516276770228313 0.360987730936606 0.203668155917209 3.69227495833506 0.360975961857052
1.14625314038486 0.506413575628095 0.489158568072809 0.417717862290311 0.40584036496234 0.365184583985471 0.233952822375442 0.309047598005793 0.385478317425316 0.527291637331561 0.477591742849944 0.279159695725293 0.718288713498222 0.395569807719109 0.399467383592839 0.307315393580322 0.321612884754053 0.32289407661512 0.345622974417453 0.415355317496963 0.390972954315862 0.674211603270619 0.278056227024954 0.372394714600595 0.68240541882019 0.403167585927098 0.339522281014708 0.910510637957396 0.583792598157919 0.676402214510183 0.303562520684977 0.259874227612079 0.373973543137113 0.562281857563412 0.500985490484367 0.287437891906305 0.338154567398327 0.406378350479328 0.302632157282777 0.337540908765012 0.455481589934779 0.306174884768369 3.69200473036066 3.69200473036066 3.69200473036066
1.13840460332091 0.370027727626114 0.345750962594973 0.321859354459939 0.4890218595271 0.339942764322168 0.420993148934586 0.460177065496651 0.33668404789248 0.598976848973344 0.506886242095496 0.258565816132071 0.731581839041374 0.300918135215946 0.497288371096167 0.309469809583752 0.504702057292778 0.309570301606891 0.320236121397398 0.517714071986023 0.440878205310632 0.706726237764504 0.768286445600112 0.72195585228833 0.303239383339641 0.339233949163327 0.356535646286985 0.910510637957396 0.676402214510183 0.676402214510183 0.386658588798824 0.267463568290869 0.299757512563915 0.29287076246674 0.259206514425799 0.423462177569017 0.365882965699941 3.69200473036066 3.69200473036066 0.239879314365213 0.303787639803342 0.238707856345126 3.69200473036066 3.69200473036066 3.69200473036066
0.503752845429514 1.12022037834567 0.269770511727493 0.309916651634425 0.53780062613152 0.276006952466845 0.443518836252881 0.464061465241853 1.14116399337483 0.764225305650758 0.558281321314597 0.277794674053006 0.744062650509799 0.56473319827707 0.596484183770787 0.648887879059329 0.844461669854696 0.858170428717173 1.03846624967674 1.13224040261501 1.13322530337448 1.41624410504369 1.41656841237854 0.295788034552771 0.351172366260744 0.358135936050701 0.925558879127301 0.312960076367735 0.309942156854046 0.33613497242224 0.262886689390291 0.265923567120578 0.267423852491028 0.340819837184656 3.69200473036066 3.69200473036066 3.69200473036066 3.69200473036066 3.69200473036066 3.69200473036066 3.69200473036066 3.69200473036066 3.69200473036066 3.69200473036066 3.69200473036066
0.224513217289913 1.07481390458665 0.375625855399398 0.311615507590627 0.32246734738685 0.610686339786112 1.14116399337483 1.14116399337483 1.14116399337483 1.14116399337483 1.06925587261032 1.06327022139725 0.871763338689108 0.862406895999638 0.262310603861914 0.251810682446694 0.547249812539457 0.307939093884126 0.747834696869827 0.406511604512269 0.769271989606997 0.292676244603823 0.420366885123339 1.45188953634538 0.449487477341611 0.938542638785034 0.320425327901663 0.330247994457487 0.322951012666064 0.266136170398036 0.257058965495817 0.335968633487687 3.69200473036066 3.69200473036066 3.69200473036066 3.69200473036066 3.69200473036066 3.69200473036066 3.69200473036066 3.69200473036066 3.69200473036066 3.69200473036066 3.69200473036066 3.69200473036066 3.69200473036066
0.317914258692544 1.0732296764381 1.06046264113253 1.06046264113253 0.630112119090175 0.22329816657141 1.14116399337483 1.14116399337483 1.14116399337483 1.14116399337483 0.26671518019941 0.435989651079396 0.262536316396163 0.548629667578549 0.755043606234438 0.519286781446186 0.431738648880445 0.286932305967188 0.732901014871772 0.31134330639435 0.692236852573931 0.425563459728237 0.349034151678621 0.350707712217112 1.60262756753952 1.7121755203859 1.71735006448194 1.72738806653628 1.73668245556525 0.338814205250253 3.69200473036066 3.69200473036066 3.69200473036066 3.69200473036066 3.69200473036066 3.69200473036066 3.69200473036066 3.69200473036066 3.69200473036066 3.69200473036066 3.69200473036066 3.69200473036066 3.69200473036066 3.69200473036066 3.69200473036066
1.06046264113253 1.06046264113253 1.06046264113253 1.06046264113253 1.06046264113253 0.151001986783032 0.18010177873313 0.26601246099965 1.14116399337483 1.14116399337483 0.339330662723662 0.274802683160279 0.477157380914123 0.261968970647433 0.645040569666636 0.475531637421103 0.251712784873057 0.396549864404491 0.707182473097462 0.672847952213144 0.335172304500086 0.637583870299269 0.344516227685722 0.361785816923341 0.860306241207982 0.310960059224739 0.555801714692943 0.300087289046726 3.69200473036066 3.69200473036066 3.69200473036066 3.69200473036066 3.69200473036066 3.69200473036066 3.69200473036066 3.69200473036066 3.69200473036066 3.69200473036066 3.69200473036066 3.69200473036066 3.69200473036066 3.69200473036066 3.69200473036066 3.69200473036066 3.69200473036066
1.06046264113253 1.06046264113253 1.06046264113253 1.06046264113253 1.06046264113253 0.147379712721732 1.18843811502907 1.1461996663522 1.14116399337483 0.21560859074119 0.269042591034815 0.251654244612596 0.439120747675628 0.25767984115398 0.631871306051901 0.428517910290529 0.241018242192739 0.327394030504359 0.283918601516302 0.64350391619646 0.341597260861741 0.604067942376361 0.345475142671699 0.332056529625474 0.824489167392125 0.258104519387404 0.545520553992724 0.248870081903947 3.69200473036066 3.69200473036066 3.69200473036066 3.69200473036066 3.69200473036066 3.69200473036066 3.69200473036066 3.69200473036066 3.69200473036066 3.69200473036066 3.69200473036066 3.69200473036066 3.69200473036066 3.69200473036066 3.69200473036066 3.69200473036066 3.69200473036066
1.06046264113253 1.06046264113253 1.06046264113253 1.06046264113253 1.06046264113253 1.18809495586779 0.189703659614897 0.536218002613647 0.217383924046574 0.346379867896353 0.179345790544734 0.30794892640332 0.281396030287753 0.273205511452063 0.583398261755584 0.20605014780808 0.380526677345485 0.242161003687957 0.352092248751139 0.512963918250829 0.34647910749156 0.445536435510474 0.359015731905767 0.349535515981327 0.802155459614724 0.243868247591357 0.45607325790126 0.256238040254834 3.69200473036066 3.69200473036066 3.69200473036066 3.69200473036066 3.69200473036066 3.69200473036066 3.69200473036066 3.69200473036066 3.69200473036066 3.69200473036066 3.69200473036066 3.69200473036066 3.69200473036066 3.69200473036066 3.69200473036066 3.69200473036066 3.69200473036066
1.06046264113253 1.06046264113253 1.06046264113253 1.06046264113253 1.06046264113253 0.211980853553449 0.139826142493336 0.507208915571229 0.263519249798041 0.135181200586938 0.261172596301294 0.144673817721953 0.28300658197826 0.384375271411504 0.401366274326004 0.368200291988928 0.248504387243791 0.239082323573994 0.262057434382311 0.359543144162031 0.367405478090155 0.356004414172466 0.350817739617256 0.547452316749298 0.716346641298848 0.388084912457409 0.34289301646792 0.265153796051852 0.310433822703556 0.389125199576157 3.69200473036066 3.69200473036066 3.69200473036066 3.69200473036066 3.69200473036066 3.69200473036066 3.69200473036066 3.69200473036066 3.69200473036066 3.69200473036066 3.69200473036066 3.69200473036066 3.69200473036066 3.69200473036066 3.69200473036066
1.06046264113253 1.06046264113253 1.06046264113253 1.06046264113253 1.06046264113253 0.12183895388447 0.195147476848303 0.495662812132494 0.466200002074858 0.269818605353637 0.32941432940519 0.333520485486358 0.267285863049422 0.329293986385925 0.242864366469799 0.251690784384646 0.250876353242678 0.271266896977878 0.277060529486172 0.293068419687943 0.422957814682512 0.289012660497383 0.361724124814456 0.325936824656865 0.541088622267135 0.32046718608508 0.266517293381622 0.287068977570468 0.413878086942646 0.581432451468277 3.69200473036066 3.69200473036066 3.69200473036066 3.69200473036066 3.69200473036066 3.69200473036066 3.69200473036066 3.69200473036066 3.69200473036066 3.69200473036066 3.69200473036066 3.69200473036066 3.69200473036066 3.69200473036066 3.69200473036066
1.06046264113253 1.06046264113253 1.06046264113253 1.06046264113253 0.138974226344075 0.275910364317241 0.244280233396223 0.349197332354619 0.255451729738752 0.321140431187455 0.414739598380392 0.393830875252925 0.285494128376703 0.258932846013164 0.269028674109136 0.33602841450693 0.265821267557568 0.338569503511917 0.352855411434584 0.691566150255459 0.482690964319406 0.40641896309156 0.358839104837467 0.378027313353874 0.398426973471398 0.293467812413392 0.204541332320269 3.69200473036066 3.69200473036066 3.69200473036066 3.69200473036066 3.69200473036066 3.69200473036066 3.69200473036066 3.69200473036066 3.69200473036066 3.69200473036066 3.69200473036066 3.69200473036066 3.69200473036066 3.69200473036066 3.69200473036066 3.69200473036066 3.69200473036066 3.69200473036066
1.06046264113253 1.06046264113253 0.779294140234957 0.187025745142802 0.472439666637013 0.231290622642527 0.274195814812868 0.27721972106588 0.284587996370708 0.510943092429021 0.285357410539644 0.434570325606254 0.352153782081664 0.264778252273875 0.265222563377707 0.280953737420586 0.418153235651916 0.471310671017596 0.273644605558938 0.691566150255459 0.262491336057445 0.339175588557868 0.278263419620882 0.306608786643615 0.301025571827802 0.203127009800092 0.299533078145213 3.69200473036066 3.69200473036066 3.69200473036066 3.69200473036066 3.69200473036066 3.69200473036066 3.69200473036066 3.69200473036066 3.69200473036066 3.69200473036066 3.69200473036066 3.69200473036066 3.69200473036066 3.69200473036066 3.69200473036066 3.69200473036066 3.69200473036066 3.69200473036066
1.06046264113253 1.06046264113253 0.776163308182369 0.751473348663732 0.216738886852148 0.439874604650873 0.282838753674855 0.267636162233773 0.3450385831323 0.542333572594983 0.273653720265651 0.773418857890591 0.82768278013437 0.848685866947237 0.867221181571074 0.888587113730677 1.02847649835869 0.589895292571947 1.17232589707518 1.17232589707518 1.19889410530187 0.401756346917537 1.21084816163064 0.339096558737859 0.225251697374301 0.346658172910063 3.69200473036066 3.69200473036066 3.69200473036066 3.69200473036066 3.69200473036066 3.69200473036066 3.69200473036066 3.69200473036066 3.69200473036066 3.69200473036066 3.69200473036066 3.69200473036066 3.69200473036066 3.69200473036066 3.69200473036066 3.69200473036066 3.69200473036066 3.69200473036066 3.69200473036066
0.196235057692356 0.609665465271989 0.29700591781386 0.744402354562217 0.234359577959122 0.269201163113381 0.265723148135463 0.461261622721708 0.256374339653485 0.570440370526203 0.676050536424038 0.268505165700921 0.25480848289446 0.27905548798566 0.382602644992512 0.429599818485786 1.02847649835869 1.02847649835869 1.17232589707518 1.17232589707518 1.19889410530187 1.21084816163064 1.21084816163064 0.271491133851463 0.475645988418466 0.256740332652709 3.69200473036066 3.69200473036066 3.69200473036066 3.69200473036066 3.69200473036066 3.69200473036066 3.69200473036066 3.69200473036066 3.69200473036066 3.69200473036066 3.69200473036066 3.69200473036066 3.69200473036066 3.69200473036066 3.69200473036066 3.69200473036066 3.69200473036066 3.69200473036066 3.69200473036066
0.186945793265046 0.593414152093953 0.258642258204901 0.73550784228226 0.226404052505636 0.258764444330338 0.529908730775294 0.485788908485712 0.279113318500697 0.649685367134455 0.346172800797224 0.271117085182822 0.248317467826661 0.256155559062765 0.257023844777742 0.285837834861771 1.02847649835869 1.02847649835869 0.249256224284782 0.250036230771718 0.437801183255264 0.269212654064774 1.21723548468531 0.17209609222819 0.517047805282559 0.53543090856823 3.69200473036066 3.69200473036066 3.69200473036066 3.69200473036066 3.69200473036066 3.69200473036066 3.69200473036066 3.69200473036066 3.69200473036066 3.69200473036066 3.69200473036066 3.69200473036066 3.69200473036066 3.69200473036066 3.69200473036066 3.69200473036066 3.69200473036066 3.69200473036066 3.69200473036066
0.196728535977304 0.587429704815578 0.234991321650836 0.247080515315028 0.72054839221481 0.569010699855727 0.557101063880802 0.269995396903392 0.266098761860912 0.289078438367887 0.29886165662229 0.235246414401586 0.331801855530075 0.239672748555441 0.259964166743001 0.340327090659415 0.334147587552809 0.262497442911123 0.282511494275436 0.328933625106123 0.403356677578235 0.299192157472477 0.230754030647641 1.21834025592678 1.29869816475821 1.30124308463077 3.69200473036066 3.69200473036066 3.69200473036066 3.69200473036066 3.69200473036066 3.69200473036066 3.69200473036066 3.69200473036066 3.69200473036066 3.69200473036066 3.69200473036066 3.69200473036066 3.69200473036066 3.69200473036066 3.69200473036066 3.69200473036066 3.69200473036066 3.69200473036066 3.69200473036066
