Model input/Uganda/rivergeometry/river_restime_1nov.asc
NCOLS 67 
NROWS 67 
XLLCORNER 29.5 
YLLCORNER -1.5 
CELLSIZE 0.0833333333283582 
NODATA_value -9999 
[rows 38 to 56 of 67, columns 0 to 41 of 67]
-9999 0.0021693489064166 0.00191275563794047 0.00156354635991477 0.00178748330901683 0.00159510710346731 0.000952275892582883 0.00134041805073844 0.00165283512852538 0.00244155954476749 0.00131353505518066 0.00211088128948716 0.00122779037337058 0.0013987863716023 0.0010049057498241 0.00140502085990132 0.00185848125677327 0.00143183104962035 0.00178628338618555 0.00115734056702536 0.00132615457659716 0.00140904733860499 0.00197666160108837 0.00124228415730917 0.00148179454886185 0.00175997177429884 0.0016419237345973 0.00166915385882818 0.00148059722330878 0.00209093715403318 0.00187060203205837 0.00149455218897763 0.00133403516065739 0.00155162613975626 0.00121165627093965 0.00154189460869517 0.00139976770544637 0.00151230205818817 0.00205752711153574 0.00108551005140408 0.00218544145704392 0.000724939326200505
-9999 0.00220543299438526 0.00208532105117393 0.000959944896464559 0.000959581944847756 0.00134438352784545 0.00153297880789556 0.00143769318671566 0.00146080603766364 0.00189142520378956 0.0015030193746491 0.0018568277146116 0.0014349255451034 0.00126903152524103 0.00146749119895645 0.00143061043743411 0.00107014757445269 0.00143648496847031 0.00139631439411269 0.00198736997552484 0.00172843126646026 0.00198745572158807 0.00140887913499403 0.00127501674410659 0.00147204085469192 0.00125693067894296 0.00128649313208196 0.00137002080433638 0.00165684014620728 0.00163864222878461 0.00141541585913723 0.00212045492045475 0.00152251380528245 0.00220857088859795 0.00154145820451372 0.00175643498857837 0.00154095509811551 0.00157080469123674 0.00166453449542024 0.00116434855787158 0.00156356332177079 0.00153961725523533
0.00229925371824424 0.00170300670819189 0.000964715185963577 0.000956975950678281 0.00180737072818311 0.00126258998487095 0.00160677095369232 0.00151497192874312 0.00212917791355124 0.00155060428491424 0.00156593621668159 0.00145354528142944 0.00208586816452389 0.00130091969154089 0.00147095272095265 0.00114000097810752 0.00119026921863633 0.00160078830066938 0.00138956067583594 0.00139343046493208 0.00140215862907668 0.00185037288378598 0.00140656763142536 0.00137778012185987 0.00138656123993847 0.00147049063955831 0.0014094168519467 0.00140434084787408 0.00153581193987281 0.00168129302912046 0.00149428481353694 0.00158203613126074 0.00108855626832518 0.00190694685889405 0.00145063225207703 0.00127455043393798 0.00154611268340258 0.00219953354265357 0.00155215054395014 0.0017122781853994 0.00167268099909544 0.00154869101406234
0.00160405441121241 0.00209361410737699 0.000961069536715041 0.00132808339683177 0.00133652658723941 0.00130077593937768 0.00211168174911096 0.00150841862777288 0.00149715469929574 0.00131503200835644 0.00179521007570944 0.00149964198281922 0.00206654887852529 0.00144457362660854 0.00190022549780917 0.00119662619992668 0.00144832632460065 0.00171520114590276 0.00162002683154459 0.00118727056703964 0.0012746407523009 0.00131191105532321 0.00141421186495805 0.0012712022504026 0.00185512818304467 0.00139206634145736 0.00162892723322205 0.00157845701475595 0.00228135944045309 0.00158965127201348 0.00150886745456613 0.00190088489509754 0.00110807893906095 0.00150344939764356 0.00149410640176149 0.00150008456851508 0.00201775843073041 0.00156711814380952 0.00176500202118087 0.00144832999920758 0.00119675048847151 0.00134397726591474
0.0017765473340304 0.0023608118569232 0.00096656252433918 0.00236720273224113 0.00134445182593991 0.00135119245353294 0.00217662050851039 0.00140009276355892 0.00132953116347202 0.00150868156721578 0.00147990407103096 0.0012242955935423 0.00138783059696691 0.00149752611492981 0.0014229265065404 0.00141556827802522 0.00183212427286787 0.00134882996443483 0.00187091434452434 0.00142611310958162 0.00204332905055445 0.00138941016428269 0.00137205120953166 0.00173377133834417 0.00144377822089838 0.00118158211515095 0.00144531593751489 0.00196173703573673 0.00149931032511504 0.00149848878731331 0.00202386473972703 0.00155644591232986 0.0011197855347325 0.00121927885686726 0.0013537691590936 0.0015121076732153 0.00152873840661616 0.00157762753834833 0.00127423652753563 0.00155875597782552 0.0012644335207104 0.00137494731046308
0.000980740994405652 0.00137174895108472 0.00164284922163393 0.00210391021090113 0.00140243424626649 0.00142499350609012 0.0015444843066161 0.00198125015774927 0.0018366103874241 0.00146152042402963 0.00139555933568709 0.00121653166580878 0.00116612948607034 0.00143970380956791 0.0020395807948438 0.00194594970873512 0.00144183666853227 0.0020986974676665 0.00206994660776625 0.00140671035041179 0.00141840420245206 0.00130823092512646 0.00163512231720944 0.00143967121679603 0.00201808163335092 0.00165251231526773 0.00203456191048093 0.00145262867054179 0.00123636060584555 0.00116367035887985 0.00143371581462868 0.00162817355197708 0.00120336273505854 0.00154337867796644 0.00186215285355904 0.0013535699464588 0.00154714176066751 0.00190647617921823 0.00155503212419034 0.0015593658670552 0.00128210443834717 0.00142549985366338
0.000974497211134348 0.00127806370038091 0.00129913808527819 0.00135968413147511 0.00135169329765775 0.00201848302697604 0.00225688039763862 0.00208030676620594 0.00192665194124075 0.00124702099450414 0.00126908797391391 0.00148162918757505 0.0011195592785552 0.00129770681830306 0.00126697941979917 0.0019288753222221 0.00139806579045633 0.00195033343452649 0.00187688641315881 0.00130081061859995 0.00134625353799785 0.0011153804671132 0.00205492975894759 0.00185717257096636 0.00159536524796767 0.00133340774885035 0.00140333201442055 0.00105454490974011 0.00170054121470226 0.00165120582476529 0.00151502787568791 0.00223876568181321 0.00141692027129028 0.00178413790796073 0.00131114708208169 0.00154051731915557 0.00207553015919374 0.00138484243667233 0.00151914138235508 0.001466221834977 0.00133147459584363 0.00149763973960099
0.000975807583817674 0.00141469204501038 0.00144183826379673 0.00146095350195675 0.00128353125208505 0.00206938884607329 0.00136539476270374 0.00131166929322447 0.00201955344160508 0.00119539398521567 0.00124336070079398 0.00210317787445452 0.00111153994676276 0.00136777651209629 0.00167976835195159 0.00139463054492161 0.00121149158548887 0.00141768652616018 0.00141428967698499 0.00119917370897037 0.00180996094918032 0.00109880695202679 0.00152694843460146 0.00110971776449206 0.00145368273472561 0.00140392247836906 0.0014029719548881 0.00149636881864656 0.00117149222533161 0.00117149222533161 0.00199428684979119 0.00158019441479558 0.00151501048596019 0.00152490508941666 0.00158601921860096 0.00194870777766789 0.00144697985855434 0.000725678780927591 0.00102971748312409 0.00161513704911053 0.00150605789275445 0.00162996795363396
0.00130099900941561 0.00138920162813336 0.00155508543176532 0.00209858497926314 0.00177726301198612 0.00154077623163026 0.00189297838665662 0.00131673717964319 0.000961266124901151 0.0011042810603255 0.00120981704600238 0.00146492473900188 0.00156726589416803 0.0011473316634691 0.00113414610765318 0.00111027481334382 0.00103892282123706 0.00103307432814696 0.000993138637005529 0.000966696102144509 0.000964741508605915 0.000906022097913577 0.00127490437853823 0.00141686000668653 0.00203259039716895 0.00202290086990893 0.00149009286739605 0.00144764008695813 0.00146862796863493 0.00208523483099015 0.00158782677449457 0.00157299005940306 0.00158189876521505 0.00146281805922744 0.00102972178997097 0.000725678627111631 0.00102972178997097 0.000725678627111631 0.000730562206932528 0.000730562206932528 0.000725678627111631 0.00102972178997097
0.00164325045105494 0.000986910910978593 0.00139932298704805 0.00149116471243802 0.0014737377735834 0.00171002147293658 0.000954840260362078 0.000954840260362078 0.000954840260362078 0.000954840260362078 0.00140827391373445 0.00100109857301199 0.0010660276871858 0.001070201118214 0.00150620348812258 0.00152274123063453 0.00120347360983803 0.00139593009739157 0.0011269148050898 0.00133007788509236 0.0015903355133937 0.00141856402179676 0.00131100944254524 0.0012658136317063 0.00133936535312698 0.00148520681097532 0.00146041674353205 0.00144221264233883 0.00207713654483317 0.00157162617408948 0.00158845856412881 0.00146806771483845 0.00102972494319815 0.00102972494319815 0.000730566052331527 0.00102972494319815 0.000725678550203651 0.000725678550203651 0.000730566052331527 0.000725678550203651 0.000725678550203651 0.000730566052331527
0.00149149660847677 0.000986867716149397 0.00098889357713371 0.000995557102797567 0.00119188350617424 0.00160702778718871 0.000961274220478523 0.00135490416350892 0.000961274220478523 0.00135490416350892 0.00152383304378402 0.00128262541077284 0.00149271229604419 0.00119912636778096 0.00158339804149689 0.00125812520500057 0.00132212190667395 0.00208985016584848 0.00113610716566633 0.00143907251577467 0.00116273174906574 0.00187418788535759 0.00139404487434311 0.00140734935451486 0.000878275671686403 0.000869047619138931 0.000868208316043546 0.000866798974607122 0.00122005486731958 0.00147372782896256 0.000725678473295671 0.00102972709662159 0.000730568359570927 0.000725678473295671 0.000725678473295671 0.00102972709662159 0.000730568359570927 0.000730568359570927 0.000730568359570927 0.000730568359570927 0.000730568359570927 0.000730568359570927
0.00098889357713371 0.00098889357713371 0.00098889357713371 0.00098889357713371 0.00098889357713371 0.00183228839300914 0.00170714635906824 0.00154335363268024 0.00135490558023496 0.00095484015916736 0.00195266032499237 0.00148789463901923 0.00177112813024646 0.00150895121375569 0.00117013181104198 0.00128853925522747 0.00156184566206245 0.00194374793572084 0.00114959725272783 0.00117783492141178 0.00143250907854072 0.00169954662864796 0.00201825246517802 0.00201015009091497 0.00160762962796129 0.00150306805077188 0.00180451939273136 0.00215312998699482 0.000730569128650727 0.000730569128650727 0.00102972817333331 0.000730569128650727 0.000725678473295671 0.000725678473295671 0.000725678473295671 0.000730569128650727 0.000730569128650727 0.000725678473295671 0.000725678473295671 0.000725678473295671 0.000725678473295671 0.000730569128650727
0.00140322546351011 0.00098889357713371 0.000995557102797567 0.00098889357713371 0.000995557102797567 0.00178019194765602 0.00133955382035068 0.000960226496715819 0.00095484015916736 0.0016065606116296 0.00146741848144872 0.00151787766724821 0.00127575977619133 0.00153246519158814 0.00117860115539011 0.00133431702681718 0.00158515850072993 0.00145713505337798 0.00149131539431492 0.00118783758087241 0.00144299369965009 0.00122023353587757 0.00144669039483391 0.00207159162531837 0.00114896569924749 0.00160066632260939 0.0012780800181689 0.0016208568097018 0.00102972817333331 0.000730568359570927 0.000730568359570927 0.000730568359570927 0.000730568359570927 0.000730568359570927 0.000730568359570927 0.00102972817333331 0.000725678473295671 0.00102972817333331 0.000725678473295671 0.000725678473295671 0.000730568359570927 0.00102972709662159
0.000995553958685806 0.0014032225290058 0.000995553958685806 0.000995553958685806 0.000995553958685806 0.000950172297073122 0.00164778591600978 0.00171344417722654 0.00158741533256369 0.00190196334216774 0.00153854185120391 0.00196960976532935 0.00149510336994505 0.00214848218408333 0.0012095749865297 0.00165662496439624 0.00197028408702355 0.00159929188633683 0.00200810243074188 0.00127634921990684 0.00143893406800538 0.00134462367372699 0.00203315865748305 0.0014588649342814 0.00115788322957095 0.00230580675008645 0.00135112581082884 0.00160999164223537 0.000730566052331527 0.00102972494319815 0.000725678550203651 0.000730566052331527 0.000730566052331527 0.000725678550203651 0.000725678550203651 0.000725678550203651 0.000730566052331527 0.000730566052331527 0.000730566052331527 0.00102972494319815 0.000730566052331527 0.000730566052331527
0.000995548718499536 0.000988893786741161 0.00140321823205306 0.00140321823205306 0.000995548718499536 0.00162166540449671 0.00179523989091833 0.00123166545268739 0.00207992698226542 0.0016056067285837 0.00207641999285404 0.00235183067453352 0.00150298714028677 0.00193244737900169 0.00135064032668863 0.00199596419379605 0.00158091958457013 0.00228062171548098 0.0015491491814249 0.00143072584577687 0.00142556169534737 0.00144557573111502 0.00146915101684748 0.00129803624577915 0.00120204414514063 0.00204504357415332 0.00147317118684342 0.0022645093701131 0.00151908308490437 0.0020449341796067 0.00102972178997097 0.00102972494319815 0.00102972178997097 0.000725678627111631 0.000730562206932528 0.000730562206932528 0.00102972178997097 0.000730562206932528 0.000725678627111631 0.000730562206932528 0.000730562206932528 0.000730562206932528
0.00140321236304444 0.000988893996348611 0.00140321236304444 0.00140321236304444 0.000995541487042484 0.00194813690324676 0.00235541094542152 0.00124113101467974 0.00127237751305417 0.00148150618639 0.00138518650098797 0.0014088258647152 0.00214960274546922 0.0020273092180968 0.00157966145902373 0.0015763922053823 0.00224661955184565 0.00153976068826961 0.00151754370600562 0.00149858062478153 0.00193908728389459 0.00218717675698447 0.00206593932532839 0.00152296119531782 0.00132219770196382 0.00153522566948874 0.00159102533146407 0.00156968894010767 0.00139717254101483 0.00128401789836588 0.000725678627111631 0.00073055690028191 0.00073055690028191 0.000725678780927591 0.000725678780927591 0.00073055690028191 0.00102972178997097 0.000725678627111631 0.00073055690028191 0.00073055690028191 0.00102971748312409 0.000725678780927591
0.000988894205956062 0.00140320513158739 0.000988894205956062 0.00140320513158739 0.00186339411543602 0.00212075891120981 0.00155867386680647 0.00197368094494754 0.0015024104220841 0.00141310107315799 0.00184877980419225 0.00133525406009242 0.0014879070302574 0.00153578740710677 0.00152708480124123 0.00202105235017458 0.00154633601422572 0.00144055528303914 0.00200004757939992 0.0011821257523775 0.0013381702609476 0.00141814175742103 0.00147729147490016 0.00206810064031113 0.00146151378558185 0.00162689119090396 0.00173175559637399 0.000730549978563711 0.00102971748312409 0.000725678780927591 0.000725678780927591 0.000730549978563711 0.00102971748312409 0.00102971217647347 0.000725678780927591 0.00102971748312409 0.000730549978563711 0.000730549978563711 0.00102971217647347 0.000730549978563711 0.000730549978563711 0.00102971217647347
0.000988894415563513 0.000988894415563513 0.00111470923165058 0.0024364597639894 0.00182663586793219 0.00159420046007514 0.00213315632127008 0.00149922826584457 0.00148966423816294 0.00122692537951376 0.00209526668102483 0.00129372145122543 0.00138565769114181 0.00214092913719736 0.00152346580103174 0.00150759595930021 0.00190128417193852 0.0012996548371105 0.00156043737485124 0.00118212600294264 0.00161642122614253 0.00150507498479989 0.00161723489030042 0.00155624588937726 0.00222153028380928 0.00177516246805586 0.0021755351496697 0.00102971217647347 0.000725679088559511 0.00102971217647347 0.00102971217647347 0.000725678934743551 0.000730541518685913 0.000730541518685913 0.000730541518685913 0.00102970579311113 0.000725679088559511 0.00102970579311113 0.000725679088559511 0.000725679088559511 0.00102970579311113 0.000725679088559511
0.000988894729974689 0.000988894729974689 0.00111586031732588 0.00113657535579346 0.00163377739405495 0.00186730190062863 0.00152357142131687 0.00153778662594626 0.00200294524852431 0.00120818358928284 0.00149760480810335 0.0011007210846847 0.00107875879332595 0.00107120265195251 0.00106511310727477 0.00149196490706474 0.00101400468092543 0.00121504667231983 0.000992007551074301 0.00139826399447405 0.000981110159339269 0.0020216171194901 0.00138918862382134 0.00212399634957986 0.00165244245376728 0.00212700836638338 0.000725679088559511 0.000730531520648515 0.000730531520648515 0.000730531520648515 0.000730531520648515 0.000730531520648515 0.00102969825612909 0.00102969825612909 0.000725679319283451 0.000725679088559511 0.00102970579311113 0.000730531520648515 0.000730531520648515 0.000725679319283451 0.000725679088559511 0.000725679319283451
