Model input/Uganda/rivergeometry/river_depth_1jun.asc
NCOLS 67 
NROWS 67 
XLLCORNER 29.500000001 
YLLCORNER -1.499999999 
CELLSIZE 0.0833333332985075 
NODATA_value -9999 
[rows 40 to 59 of 67, columns 0 to 44 of 67]
0.231090790440287 0.200980648262543 1.25125197458753 1.26024133514969 0.154454171426605 0.451876018016067 0.210320449754114 0.249540760110436 0.269707449505872 0.267927203890302 0.249654847213136 0.316348380115759 0.304428150613921 0.449304498084134 0.309708077342461 0.610493659695103 0.477523216176302 0.56140890795848 0.293783464994108 0.286592998290954 0.275993385662086 0.344041327870724 0.271573638188323 0.186230084820472 0.199519656855029 0.241980356457585 0.279478550664516 0.34028782438753 0.258806885145117 0.208855291457735 0.306144715592451 0.25386018672745 0.85872816451899 0.373552708429672 0.294597836472781 0.467736521890513 0.272529695218347 0.275348978471241 0.276094330273162 0.629782523224904 0.685257180159758 0.279698447231888 3.78580761354119 0.396775187845692 0.514495208392424
0.246873516779312 0.317914109193776 1.23466150772624 0.386478948156301 0.3757995383365 0.401881162960531 0.273385321406564 0.25553638455563 0.290071639927148 0.445627748107332 0.494713980999509 0.26971425000866 0.308349877413121 0.314563875889291 0.375573658666089 0.480547251216918 0.285750844547428 0.428402123350472 0.537599132307466 0.481212421000943 0.377277555976719 0.347325574697746 0.269363576049661 0.252354752621242 0.243429080762274 0.233378997595789 0.175081315865223 0.250980169196859 0.24338796339151 0.249726541979459 0.294999104307485 0.43483146769994 0.81009248188613 0.25343981411808 0.255728235784061 0.256313103383984 0.328599901129285 0.271922797899157 0.565177370713186 0.346808703102218 0.650720685138808 0.443334044727454 3.78424990126559 0.316090472379929 0.473730439353151
0.172164773710352 0.214594357937396 1.21378842372049 0.199358070411312 0.356424828870778 0.341479034186206 0.242465042509651 0.332185319063672 0.390165849566631 0.265521032488279 0.283620198490183 0.546566932284125 0.347682944190249 0.27153197053567 0.277786340941521 0.264490618038987 0.343275784442155 0.301148696461918 0.311419805567659 0.255496416758511 0.243741175850098 0.189813571620275 0.201125416563349 0.292801972118537 0.16896367398554 0.399886357938954 0.273317338577875 0.315185493057181 0.209527717128412 0.172646449529006 0.342728815253237 0.27403374474364 0.789977088175855 0.584487538768598 0.375270668191095 0.252878712647021 0.255015556612757 0.266895098716218 0.518522025255731 0.272030297203918 0.545612682289117 0.401098915978318 3.78276815925241 3.78118096747456 0.285441561059839
1.17710555120319 1.21165080871924 0.228414622171885 0.295173929855201 0.282274657451528 0.253278253334149 0.237792738047062 0.31903928791515 0.422381369930842 0.301892896466117 0.351304923232656 0.569213829037905 0.62433534328963 0.217102553644243 0.21571301272556 0.198122772660366 0.241623045174604 0.194306793007909 0.23074657641806 0.191694253354788 0.184929295724784 0.240583041190681 0.358665425838493 0.159010036943902 0.175052678111232 0.416559136438564 0.184266390379025 0.18543600167445 0.390051875107718 0.573157672063575 0.266419209372794 0.241899942086666 0.640238577829344 0.281354736970669 0.461347644972715 0.42009016700165 0.277478913941462 0.425949808147562 0.273166718152379 0.278007117542563 0.520331145846337 0.357837458616204 0.200377405873956 3.77997817747004 0.30614004372246
1.174196402113 0.477104145011653 0.457960114478759 0.384486940106584 0.249223424991023 0.241959560909829 0.204602369553849 0.27719545058734 0.33536695729134 0.485932814130164 0.436373068463816 0.238290796766487 0.658561273508462 0.312003524540289 0.254986620317417 0.197355924784097 0.184943390801622 0.200409953185072 0.257659021387839 0.260599539348851 0.233765669961436 0.407067437522105 0.191172069776047 0.268966547021929 0.458679099074183 0.241774969908938 0.209548756992729 0.690868809112231 0.411548243547465 0.573157672063575 0.257961798192738 0.26406925894942 0.379061876653225 0.546231065372014 0.477428738632345 0.284786126129568 0.311928379300494 0.379165774380145 0.29185697945737 0.335408401527314 0.456693908580675 0.304712197647206 3.77776592506464 3.77776592506464 3.77776592506464
1.16598209578941 0.34844723794227 0.321484168925479 0.293787286789285 0.29970531673205 0.259205329476714 0.317482056952248 0.361953687655937 0.293333820816169 0.539878266959947 0.455299638200055 0.200005978426477 0.666196779363268 0.199596619444229 0.321982329812238 0.187195634001935 0.300409045579804 0.175249886950833 0.196092146914984 0.358657697458676 0.300612055541622 0.440630277497948 0.553680767311354 0.506272308538113 0.232907504848216 0.19674987940281 0.235122212125085 0.690868809112231 0.573157672063575 0.573157672063575 0.390769446923407 0.270876842868493 0.30396214178165 0.296537106946029 0.259095772778063 0.389090419590155 0.323137198088642 3.77776592506464 3.77776592506464 0.237082126093601 0.306215200097675 0.240512622813327 3.77776592506464 3.77776592506464 3.77776592506464
0.499788883008902 1.14878737136512 0.262413426793273 0.282096341321119 0.367022530156989 0.253414608518197 0.371301815151242 0.364629616838369 1.06805087975758 0.675822810455423 0.485184139938469 0.212662086004766 0.673173246908155 0.367923449784424 0.389785507221148 0.42292391405642 0.583163864141714 0.597362584719326 0.703147956730705 0.776053130630907 0.798322611452648 0.994595227039692 1.0205339034647 0.233690863352827 0.276938754533789 0.285011465330982 0.716500306040339 0.198532546495194 0.213327135114683 0.334949906583096 0.264362381556818 0.269254660128478 0.270679980108133 0.344368527984971 3.77776592506464 3.77776592506464 3.77776592506464 3.77776592506464 3.77776592506464 3.77776592506464 3.77776592506464 3.77776592506464 3.77776592506464 3.77776592506464 3.77776592506464
0.223875820705216 1.10402998943521 0.355189757927022 0.29249665463146 0.295891190119448 0.466727304186226 1.06805087975758 1.06805087975758 1.06805087975758 1.06805087975758 0.934892316793309 0.93091790190919 0.759011275566968 0.753630029625561 0.206587860797017 0.207298387963748 0.426395888144122 0.230776536674048 0.473752323235997 0.262683427988698 0.497538837103833 0.24928072543624 0.33143845008907 1.06793045381776 0.355796264592738 0.734257522614046 0.227584692424537 0.202182638296204 0.231316548329436 0.2642540575127 0.256578836132274 0.339470926909 3.77776592506464 3.77776592506464 3.77776592506464 3.77776592506464 3.77776592506464 3.77776592506464 3.77776592506464 3.77776592506464 3.77776592506464 3.77776592506464 3.77776592506464 3.77776592506464 3.77776592506464
0.315210468806204 1.09980041003508 1.08544080706478 1.08544080706478 0.492607891106737 0.205736324687167 1.06805087975758 1.06805087975758 1.06805087975758 1.06805087975758 0.22940876603216 0.339123306468897 0.204135510657573 0.462333215579578 0.67347883600516 0.459054619871091 0.340944032432877 0.185510552926884 0.462161894460609 0.200151486415296 0.441902244948124 0.281492458616202 0.246177112863351 0.217397586635637 1.20725122079926 1.31879433604082 1.33478394741111 1.35257521642303 1.38233299110836 0.333120025237395 3.77776592506464 3.77776592506464 3.77776592506464 3.77776592506464 3.77776592506464 3.77776592506464 3.77776592506464 3.77776592506464 3.77776592506464 3.77776592506464 3.77776592506464 3.77776592506464 3.77776592506464 3.77776592506464 3.77776592506464
1.08544080706478 1.08544080706478 1.08544080706478 1.08544080706478 1.08544080706478 0.145889036603505 0.162574905920771 0.184254887519876 1.06805087975758 1.06805087975758 0.268181119821106 0.204132639693476 0.401381428371257 0.229081297535846 0.577042596578927 0.42301257938596 0.223193192682873 0.302584291834722 0.441326389084329 0.420130929115956 0.198461845343575 0.404960870827376 0.220238748294815 0.23284257830477 0.621469671245444 0.308671140480284 0.534865562927111 0.298335527308101 3.77776592506464 3.77776592506464 3.77776592506464 3.77776592506464 3.77776592506464 3.77776592506464 3.77776592506464 3.77776592506464 3.77776592506464 3.77776592506464 3.77776592506464 3.77776592506464 3.77776592506464 3.77776592506464 3.77776592506464 3.77776592506464 3.77776592506464
1.08544080706478 1.08544080706478 1.08544080706478 1.08544080706478 1.08544080706478 0.126341680687843 1.10766138680554 1.07277738492966 1.06805087975758 0.191894797002192 0.208564938803978 0.207052632292067 0.380796839122556 0.231659397036293 0.564861239559812 0.380744015841515 0.214234281047772 0.261749293979557 0.15295116158954 0.400294555645985 0.19549919765074 0.378812108889002 0.211063303307929 0.241388806334861 0.579680370755649 0.253617585117424 0.522268355396378 0.241981283142552 3.77776592506464 3.77776592506464 3.77776592506464 3.77776592506464 3.77776592506464 3.77776592506464 3.77776592506464 3.77776592506464 3.77776592506464 3.77776592506464 3.77776592506464 3.77776592506464 3.77776592506464 3.77776592506464 3.77776592506464 3.77776592506464 3.77776592506464
1.08544080706478 1.08544080706478 1.08544080706478 1.08544080706478 1.08544080706478 1.11069394878997 0.150528974069445 0.464178143599013 0.183849482706183 0.282725464817168 0.170941800075965 0.267949881841043 0.25117745420849 0.247607558137865 0.520424520867591 0.183311331763393 0.338456627998343 0.215387781975343 0.256432085055473 0.308969851476376 0.215015268410313 0.275153812665381 0.226320655379364 0.257328049005281 0.548289652467534 0.228336240952986 0.433188775790503 0.247140245427031 3.77776592506464 3.77776592506464 3.77776592506464 3.77776592506464 3.77776592506464 3.77776592506464 3.77776592506464 3.77776592506464 3.77776592506464 3.77776592506464 3.77776592506464 3.77776592506464 3.77776592506464 3.77776592506464 3.77776592506464 3.77776592506464 3.77776592506464
1.08544080706478 1.08544080706478 1.08544080706478 1.08544080706478 1.08544080706478 0.194865025113703 0.115814699494803 0.444130041218173 0.213039106561473 0.12244678684532 0.205055978705364 0.135086089106528 0.252118050732542 0.344384115149976 0.358683561337095 0.325737137288881 0.220315287077262 0.211806467871131 0.205012163101757 0.223307253330104 0.224309382230588 0.215387948952303 0.215598358160368 0.333879061189561 0.470321744914246 0.293929568820286 0.322814205195529 0.249726642346834 0.300462427062415 0.332118712895059 3.77776592506464 3.77776592506464 3.77776592506464 3.77776592506464 3.77776592506464 3.77776592506464 3.77776592506464 3.77776592506464 3.77776592506464 3.77776592506464 3.77776592506464 3.77776592506464 3.77776592506464 3.77776592506464 3.77776592506464
1.08544080706478 1.08544080706478 1.08544080706478 1.08544080706478 1.08544080706478 0.116724232805091 0.181244233538208 0.434265319092112 0.407894539097823 0.229998570282817 0.22341833121573 0.253681356782176 0.240033534328405 0.294178708790187 0.215872546820602 0.222593916231161 0.221676516445735 0.224495377694352 0.226757013374526 0.235136962142691 0.282466293426125 0.20206393436042 0.21855127047117 0.200373973941589 0.375283379321496 0.225806577306146 0.252302981920864 0.275167636397215 0.410524068904117 0.520753340453417 3.77776592506464 3.77776592506464 3.77776592506464 3.77776592506464 3.77776592506464 3.77776592506464 3.77776592506464 3.77776592506464 3.77776592506464 3.77776592506464 3.77776592506464 3.77776592506464 3.77776592506464 3.77776592506464 3.77776592506464
1.08544080706478 1.08544080706478 1.08544080706478 1.08544080706478 0.13338021212985 0.2556598123693 0.224344629710846 0.312369951956913 0.21654906695712 0.245481808932461 0.306051853257118 0.308074804351441 0.240779108477881 0.230524848833346 0.228250739959924 0.284254812849706 0.217159837358762 0.2802907752447 0.292519779285516 0.542613291331663 0.360669384529765 0.298389138781125 0.24392203005147 0.229335677262681 0.296586129360945 0.23709961636766 0.201207529915658 3.77776592506464 3.77776592506464 3.77776592506464 3.77776592506464 3.77776592506464 3.77776592506464 3.77776592506464 3.77776592506464 3.77776592506464 3.77776592506464 3.77776592506464 3.77776592506464 3.77776592506464 3.77776592506464 3.77776592506464 3.77776592506464 3.77776592506464 3.77776592506464
1.08544080706478 1.08544080706478 0.707603488745757 0.179506580946462 0.437746214637521 0.212060906969372 0.249993074961297 0.249435839635365 0.252775099544767 0.400754475847527 0.239782483446923 0.34791329228013 0.297839403295927 0.21754112392313 0.215445482667336 0.237425649444985 0.34756713626802 0.39294626674238 0.218098269455753 0.542613291331663 0.197835204903806 0.276561858883732 0.225150155254982 0.215966232772367 0.214603430458934 0.194066677919091 0.29569510066934 3.77776592506464 3.77776592506464 3.77776592506464 3.77776592506464 3.77776592506464 3.77776592506464 3.77776592506464 3.77776592506464 3.77776592506464 3.77776592506464 3.77776592506464 3.77776592506464 3.77776592506464 3.77776592506464 3.77776592506464 3.77776592506464 3.77776592506464 3.77776592506464
1.08544080706478 1.08544080706478 0.70377590110813 0.683432749052767 0.201925689672906 0.407021483241382 0.265928500386197 0.254606727432473 0.315636794432507 0.439325049421577 0.231340599493717 0.658726556791183 0.704611128119822 0.721709815297375 0.73737431831171 0.759387997189691 0.876229019326559 0.493215917910561 0.989421196897669 0.989421196897669 1.01460058907875 0.336591559762266 1.04516174411962 0.274878608632276 0.223162714860723 0.293181548176699 3.77776592506464 3.77776592506464 3.77776592506464 3.77776592506464 3.77776592506464 3.77776592506464 3.77776592506464 3.77776592506464 3.77776592506464 3.77776592506464 3.77776592506464 3.77776592506464 3.77776592506464 3.77776592506464 3.77776592506464 3.77776592506464 3.77776592506464 3.77776592506464 3.77776592506464
0.196259188035372 0.470273353831905 0.242394507569271 0.676592830509879 0.214641377347815 0.249793588835377 0.252900348582882 0.431571653242373 0.243393092260571 0.473908307606232 0.584391650641268 0.232081394643809 0.214199181957199 0.22931027122084 0.322410146592128 0.365578395660586 0.876229019326559 0.876229019326559 0.989421196897669 0.989421196897669 1.01460058907875 1.04516174411962 1.04516174411962 0.270180251500786 0.429075065820068 0.268917495176185 3.77776592506464 3.77776592506464 3.77776592506464 3.77776592506464 3.77776592506464 3.77776592506464 3.77776592506464 3.77776592506464 3.77776592506464 3.77776592506464 3.77776592506464 3.77776592506464 3.77776592506464 3.77776592506464 3.77776592506464 3.77776592506464 3.77776592506464 3.77776592506464 3.77776592506464
0.171865072253772 0.4478610636103 0.186714833083182 0.668361355235925 0.205300408765194 0.235201902966773 0.498225447182226 0.455389877293707 0.257480869450594 0.559781361975282 0.308848480359168 0.232272072378491 0.206136456115799 0.21372567616259 0.213682488701245 0.241817279796584 0.876229019326559 0.876229019326559 0.225710642414556 0.200534644114196 0.362410248508859 0.224706749128772 1.05529728636216 0.203399357531358 0.483823135899664 0.514268126274737 3.77776592506464 3.77776592506464 3.77776592506464 3.77776592506464 3.77776592506464 3.77776592506464 3.77776592506464 3.77776592506464 3.77776592506464 3.77776592506464 3.77776592506464 3.77776592506464 3.77776592506464 3.77776592506464 3.77776592506464 3.77776592506464 3.77776592506464 3.77776592506464 3.77776592506464
0.168240678382868 0.440534975135312 0.151714771862965 0.167846749298984 0.656463443547432 0.530938257473459 0.520711632275376 0.222091678170486 0.246926342880784 0.263771798463657 0.255881112177107 0.200537931755144 0.279779592296657 0.200477903916513 0.227188478623187 0.308469617810436 0.286878356346659 0.216353586434735 0.222743949336955 0.260116177494901 0.334608108326719 0.242612454546948 0.231459104718844 1.06757195021306 1.1563547904243 1.16904436885205 3.77776592506464 3.77776592506464 3.77776592506464 3.77776592506464 3.77776592506464 3.77776592506464 3.77776592506464 3.77776592506464 3.77776592506464 3.77776592506464 3.77776592506464 3.77776592506464 3.77776592506464 3.77776592506464 3.77776592506464 3.77776592506464 3.77776592506464 3.77776592506464 3.77776592506464
