Model input/Uganda/rivergeometry/river_restime_1jun.asc
NCOLS 67 
NROWS 67 
XLLCORNER 29.5 
YLLCORNER -1.5 
CELLSIZE 0.0833333333283582 
NODATA_value -9999 
[rows 19 to 37 of 67, columns 0 to 41 of 67]
-9999 -9999 -9999 -9999 -9999 -9999 -9999 -9999 -9999 -9999 -9999 -9999 -9999 -9999 -9999 0.00154634908314364 0.00131058921307936 0.00174358918060112 0.00221915568343963 0.00193592404174334 0.001642591107872 0.0023986958621923 0.00159132457541435 0.0016409025222009 0.000990329047958741 0.00232360119461005 0.00186066403367733 0.0015485846564153 0.00226448663995435 0.00119940366800022 0.00130047633409286 0.00135152086204265 0.00146623964704355 0.00134720631921524 0.00163268288650407 0.00139492935885199 0.00197430055403797 0.00205573757656323 0.00156977418942212 0.0015671925663062 0.00141774387544073 0.00151203880254961
-9999 -9999 -9999 -9999 -9999 -9999 -9999 -9999 -9999 -9999 -9999 -9999 -9999 -9999 -9999 0.00198109347190346 0.00218750301580425 0.00152283377932025 0.00206224997341863 0.00157456260318779 0.00164892060510375 0.00154408250795323 0.00140368439634567 0.00191048719110723 0.00127223662003015 0.0013033082752615 0.00222750928375144 0.00206973172452324 0.000974709437226564 0.00118838357649945 0.00157957049524248 0.00221227767624755 0.00146408084015021 0.00207644077817216 0.00108635308943065 0.00109769287578821 0.00131116929666865 0.00147252438487011 0.00156670028566609 0.00150628368475297 0.00147844502851248 0.00209303383846503
-9999 -9999 -9999 -9999 -9999 -9999 -9999 -9999 -9999 -9999 -9999 -9999 -9999 -9999 -9999 0.00156496159904596 0.00219651111486235 0.00220942023538571 0.00161691502450361 0.00157329472152132 0.00209564704181659 0.00162374776181101 0.00193659419803085 0.00162044710464155 0.000974381385422013 0.000691015155394761 0.000691040579769776 0.000691228426969141 0.00151288098621444 0.000975266113056391 0.000691639680921249 0.00153230481214197 0.00137844257135312 0.00210022212850489 0.00152202429138338 0.00157450384013861 0.00146828796106663 0.00167071930814636 0.00123311235829549 0.00126772612922646 0.00132893835743184 0.00155971499057347
-9999 -9999 -9999 -9999 -9999 -9999 -9999 -9999 -9999 -9999 -9999 -9999 -9999 -9999 -9999 -9999 0.00156597494118862 0.00206740242827722 0.00150888925710653 0.00231109891240693 0.000990387506936459 0.000990415256451199 0.000702394903108836 0.000691066335179132 0.00158052179621909 0.00157498684176024 0.00156973466271248 0.0018425938128753 0.00133887056460952 0.00139027159676795 0.00143952304751127 0.000975449992435197 0.000691802999431483 0.00069193870185105 0.00150276926562165 0.0014705619237195 0.00114549662472291 0.00148582212240093 0.00194848509305114 0.00148178881438619 0.00149844723167607 0.00220058704283048
-9999 -9999 -9999 -9999 -9999 -9999 -9999 -9999 -9999 -9999 -9999 -9999 -9999 -9999 -9999 -9999 -9999 0.00218527949203388 0.000698237877803398 0.000698237137816338 0.00070243397442559 0.000698237137816338 0.00070243397442559 0.00142410479895607 0.00147767593627961 0.0019226689749708 0.00146093343822839 0.00188845183008409 0.0015111457665188 0.00148372515483641 0.00152114419303596 0.00152628688841642 0.00186757918230998 0.000688822971487532 0.00151234605107768 0.0019595753673778 0.00158139527947786 0.00138849125385139 0.00148864893040287 0.0014937069568538 0.00155510239772357 0.00221946136432603
-9999 -9999 -9999 -9999 -9999 -9999 -9999 -9999 -9999 -9999 -9999 -9999 -9999 -9999 -9999 0.00160272046247248 0.00164417468070579 0.000698237137816338 0.000990441969984055 0.000990441969984055 0.00070247163976693 0.000698236397829278 0.00070247163976693 0.000698237137816338 0.00159386656494167 0.00117149500334017 0.00118920789807124 0.00141673389213997 0.00204327840468239 0.00161938156518702 0.0021660838799674 0.00215752255797167 0.00151685545130056 0.00129288781839444 0.000977217744609558 0.00111816526700397 0.0014969266029022 0.00215778587431221 0.00214594902851206 0.00184110361354131 0.0014057762973062 0.00157445740960393
-9999 -9999 -9999 -9999 -9999 -9999 -9999 -9999 -9999 -9999 -9999 -9999 -9999 -9999 -9999 0.00153363459883019 0.000990467573536322 0.000702507825134151 0.000702507825134151 0.000702507825134151 0.000990492215105411 0.000698235657842219 0.000702507825134151 0.000990492215105411 0.00142517917721995 0.00152755115818301 0.00214556070322746 0.00182593546651302 0.00214759509258745 0.00142712864925269 0.0015290045633461 0.00152530871718933 0.0015281501837642 0.000978512128731399 0.00117101501980314 0.00119807756689822 0.00121123301332954 0.00123764513494092 0.00127406456006309 0.00145343015141763 0.00144896537832015 0.00155083990269172
-9999 -9999 -9999 -9999 -9999 -9999 -9999 -9999 -9999 -9999 -9999 -9999 -9999 -9999 -9999 0.000990492215105411 0.000702542530527252 0.000702542530527252 0.000702542530527252 0.000990515820692616 0.000698234991853865 0.000702542530527252 0.000990515820692616 0.00148249931517687 0.00176823721476681 0.00151201924822485 0.00150832159178722 0.00131986011718726 0.00155729444931108 0.00184991520728456 0.00144315407457229 0.00202208280256943 0.00216043757695148 0.000694532381589912 0.000979203915895276 0.00198780383047271 0.00150792052202309 0.00152916604322753 0.00152162543086548 0.001345475183106 0.00137903501261904 0.00158914705693567
-9999 -9999 -9999 -9999 -9999 -9999 -9999 -9999 -9999 -9999 -9999 -9999 -9999 -9999 -9999 0.000702575755946234 0.000702575755946234 0.000702575755946234 0.000990538464296644 0.000698234325865511 0.000702575755946234 0.000990538464296644 0.000702575755946234 0.00162514591926703 0.00131595838495614 0.00213065585030726 0.00216941815042277 0.0015385036215955 0.00217367098274554 0.0021852827246394 0.00176275298934848 0.000694594821482591 0.000694594821482591 0.000690302708032366 0.00154917653533581 0.0021733593972169 0.00150491769709702 0.00135307693928753 0.0012677580173032 0.00148325257752875 0.0010681850874773 0.00119961903931124
-9999 -9999 -9999 -9999 -9999 -9999 -9999 -9999 -9999 -9999 -9999 -9999 -9999 -9999 0.000702607501391096 0.000990538464296644 0.000702607501391096 0.000990559997920082 0.000702607501391096 0.000990559997920082 0.000990559997920082 0.000698233733875863 0.00184774204993875 0.00137323008060156 0.0013373610605016 0.00138223608894893 0.00217964373493767 0.00132988384577116 0.00155266248500099 0.00223182230651252 0.00146141203718093 0.000979307696145081 0.000979286407133609 0.000694626206313935 0.0014253576995637 0.00143883643360688 0.0015456390925371 0.00145918023201302 0.00145280933154077 0.00149957354717162 0.00149904425913969 0.0012343531099973
-9999 -9999 -9999 -9999 -9999 -9999 -9999 -9999 -9999 -9999 -9999 0.000698233733875863 0.000990559997920082 0.000990580495561637 0.000990559997920082 0.000702637766861839 0.000990580495561637 0.000698233141886215 0.000990580495561637 0.000698233141886215 0.000990580495561637 0.00213546469052459 0.00150699749861244 0.00154158172298404 0.00216746263868463 0.00142819854236064 0.00153376279971431 0.00130263325327635 0.0015618645102599 0.00164351281976016 0.00203593680019873 0.000690301537502525 0.000694656127982979 0.000979327960942942 0.000702485210074258 0.00143521254017981 0.00102190953599781 0.0010245477613097 0.000698082133292398 0.000990344927426697 0.000990344927426697 0.000698082133292398
-9999 -9999 -9999 -9999 -9999 -9999 -9999 -9999 -9999 -9999 0.00145213249875623 0.000702666626357169 0.000698233141886215 0.000702666626357169 0.000702666626357169 0.000990600031220013 0.000698232549896568 0.000702666626357169 0.000990600031220013 0.000990600031220013 0.00206945227101916 0.00157505751319926 0.00156531227125565 0.00204681540903669 0.00152838998692141 0.00154874130391585 0.00142276071409982 0.00123805238400137 0.00145517933013854 0.00174187431695149 0.00128699670706181 0.00137990124047961 0.00154265227353885 0.00134425280159216 0.000698080949570168 0.000990384952034595 0.00070251406330361 0.00070251406330361 0.000698081541431283 0.000990365420617802 0.00070251406330361 0.000990365420617802
-9999 -9999 -9999 -9999 -9999 -9999 -9999 -9999 -9999 -9999 0.000702693931879673 0.000990618530896507 0.000702693931879673 0.000702693931879673 0.000990618530896507 0.000698232031905626 0.000698232031905626 0.000990618530896507 0.00158112668374909 0.00125937731971609 0.00219988208930633 0.00219853277795657 0.00215941580274824 0.00153727335455045 0.00129642553054627 0.00141277189348635 0.00120859408917137 0.00123179991191259 0.000937660609876383 0.00128827835832152 0.00107329411188782 0.00151977616391972 0.00214042675706186 0.00152489623840092 0.00194271510061913 0.00204169475971066 0.000698080431691692 0.000990403447694436 0.000702541362897536 0.000702541362897536 0.000702541362897536 0.000702541362897536
-9999 -9999 -9999 -9999 -9999 -9999 -9999 -9999 -9999 0.00148355049496432 0.000702719757428057 0.000702719757428057 0.000702719757428057 0.000990635994591116 0.000698231513914684 0.000702719757428057 0.000990635994591116 0.00136814746295538 0.0021923185568554 0.00127746520632009 0.00134972570806108 0.0014407649551829 0.00154810881880413 0.00216592829881343 0.00104282523188516 0.00145743388599439 0.00119546380294191 0.0013248957473163 0.00223916471457611 0.00158837025044151 0.00154958262629813 0.00152615621281674 0.00149290443301829 0.00148416810477486 0.00149863827199683 0.00150763741797388 0.000702567182838675 0.000698079913813217 0.000990420907597326 0.00153342036997257 0.000990420907597326 0.000702567182838675
-9999 -9999 -9999 -9999 -9999 -9999 -9999 -9999 -9999 0.00149394600048228 0.000702744103002322 0.000702744103002322 0.000990652422303842 0.000698231069922448 0.000702744103002322 0.000990652422303842 0.00153285294228421 0.00144374214368485 0.00229107334863081 0.00161051450373926 0.00225555105905306 0.00162567851966722 0.00107503881421218 0.00149207657393888 0.00136760282689436 0.00156998676948261 0.00141995037975446 0.00158569142777689 0.00142954290544226 0.00122651824170837 0.00150573184918303 0.00156666489245471 0.00153031765959705 0.00139763005285238 0.00210751821496537 0.00215348252001994 0.00172889358931081 0.00152196665831522 0.00157963134149967 0.00147063220310747 0.00069807946991738 0.000702591523127026
-9999 -9999 -9999 -9999 -9999 -9999 0.00142901421241893 0.00135526568469427 0.00147462648368619 0.00226637854388025 0.000958704359276339 0.000990667814034685 0.000698230625930212 0.000990667814034685 0.000990667814034685 0.00151949983627824 0.0021507841378098 0.00222841925202281 0.00156363812860956 0.00163176964919473 0.00126778984014052 0.00153821118532494 0.00149773731587856 0.00156902605955848 0.00223935434456625 0.00202761504420216 0.00140780070265358 0.00215793126043407 0.00103094242089964 0.00214136732923188 0.00177078700321493 0.0015253604907473 0.00135483010009173 0.00158407019846749 0.00153430056687391 0.0015129153833726 0.0014126103613831 0.00184706389783353 0.00213355842545509 0.0010365294835709 0.00148885887710492 0.0010005651281403
-9999 -9999 -9999 -9999 -9999 -9999 0.00190173280369235 0.00185188378755071 0.00159298716033214 0.00135270733163201 0.00162611467647108 0.000990682169783643 0.000990682169783643 0.000698230181937976 0.0007027884282272 0.00112954892411588 0.00114782758621069 0.00116172118255183 0.00119155907731649 0.00120936908609249 0.00131268760811696 0.00221908220547372 0.00158595139178856 0.00114706566368658 0.00159637096138912 0.00157431131003369 0.00151537757643822 0.00189161388500465 0.00104292149539139 0.00230919357342733 0.001283529509638 0.00152769091931973 0.00141927098716981 0.00153463119717291 0.00161338013040435 0.00151978716052754 0.00151872776153866 0.00133755740260289 0.00147757265042687 0.00104494950629012 0.00146847548363762 0.00070597070868806
-9999 -9999 -9999 -9999 -9999 0.00156405525903037 0.00211346614492 0.00132566615048383 0.00135499263677105 0.00244429158907475 0.00250834553321899 0.000702808407877813 0.000698229811944447 0.000698229811944447 0.0015266164105621 0.0018918810466891 0.00160107535730804 0.001460561124962 0.00210623922328143 0.00121300489526868 0.00161292834489386 0.0019198242920796 0.00139950590665342 0.0011538670990612 0.00151679849018916 0.00222666696028102 0.0022491200831735 0.00142096468883809 0.00135477731243993 0.00149381682475453 0.00149213097477347 0.00194903567631573 0.0015331138739188 0.00153302513236075 0.00120829301525135 0.00180025516096398 0.00152343485919805 0.00148557650948595 0.00138590098702337 0.00105153730931733 0.00147109714810678 0.000706126023784284
-9999 -9999 0.0017137831578913 0.00211505102453481 0.00160117626922795 0.00166570490244597 0.00168754053793386 0.00142998222138448 0.000965517777275153 0.00179822903797799 0.00135447378996259 0.00133743429816997 0.00104273316407515 0.00219874485606702 0.00215217789862519 0.00141698025766329 0.0015407137200718 0.00156909260451377 0.00161413996952548 0.00122093038435054 0.00167030187602962 0.0014013240740095 0.00153253285934353 0.00133946451044253 0.00166678927381813 0.00146350331057464 0.00156363839484018 0.00156411754194724 0.00137619770852084 0.00105498217068191 0.00107543917564144 0.00158249304244794 0.00214867907979261 0.00214098287018895 0.0012320942886205 0.00158194137657245 0.00192722314776841 0.00150327318632208 0.0020463591709893 0.00107324784121291 0.0020719758694426 0.00070633894367423
