Model input/Uganda/rivergeometry/river_depth_1mar.asc
NCOLS 67 
NROWS 67 
XLLCORNER 29.500000001 
YLLCORNER -1.499999999 
CELLSIZE 0.0833333332985075 
NODATA_value -9999 
[rows 20 to 39 of 67, columns 0 to 44 of 67]
-9999 -9999 -9999 -9999 -9999 -9999 -9999 -9999 -9999 -9999 -9999 -9999 -9999 -9999 -9999 0.397069029420768 0.286394524429552 0.299189795145226 0.345562133869521 0.244888064457675 0.213563307240072 0.270917612142995 0.376407175483866 0.304604593723632 0.483913832441868 0.458528206293469 0.244550865122995 0.312147034061698 3.81601203375848 0.652274209587605 0.253824156946294 0.258393833373628 0.316279635977973 0.31500727184966 0.8497600449997 0.837012968300541 0.466092263627087 0.321348417575516 0.259244853262185 0.298387315567434 0.313115632459037 0.310259055112215 0.351833527201558 0.373766497595106 0.869581676401475
-9999 -9999 -9999 -9999 -9999 -9999 -9999 -9999 -9999 -9999 -9999 -9999 -9999 -9999 -9999 0.271015836365012 0.280800852959989 0.276040326285148 0.242266462849896 0.26723175575316 0.319663783939478 0.235013395757607 0.347535264752238 0.200615458258649 3.81976925739393 3.82023227170155 3.81994507833583 3.81659915806307 0.275703304087503 3.80911374463075 3.8094614354536 0.277201490393146 0.3867334839773 0.304239928698924 0.885437573511818 0.250986083411496 0.320100432193369 0.672719565052157 0.588177772758255 0.533923584560144 0.450734425467728 0.263351280484421 0.252987272576997 0.292987355285523 0.287826986760272
-9999 -9999 -9999 -9999 -9999 -9999 -9999 -9999 -9999 -9999 -9999 -9999 -9999 -9999 -9999 -9999 0.273306695195689 0.341122986019541 0.303585704297187 0.230342306343503 3.75103677121879 3.75103677121879 3.75103677121879 3.81951777458523 0.236580400812667 0.228946713201368 0.226299933406281 0.462626136018329 0.428983232613119 0.384229945022618 0.33633993998971 3.80784919887724 3.80797363165425 3.8058634528782 0.297935812342498 0.31806160628005 0.74034080974434 0.323088181083022 0.401364127998568 0.31526200020124 0.292097433288018 0.258933992429955 0.244854932924305 0.240572462768795 0.279744375243209
-9999 -9999 -9999 -9999 -9999 -9999 -9999 -9999 -9999 -9999 -9999 -9999 -9999 -9999 -9999 -9999 -9999 0.282684694098512 3.75103677121879 3.75103677121879 3.75103677121879 3.75103677121879 3.75103677121879 0.303308696615891 0.277643397808089 0.346671964346146 0.271922542483885 0.413340406359329 0.275714194218676 0.306512514411602 0.28153329494895 0.282617007385589 0.453961901357386 3.78697797115998 0.293489402820238 0.396802925749411 0.807005879490149 0.388477290926044 0.308998650279444 0.305381484867637 0.253979619673481 0.24990470302549 0.350796168832428 0.443678111706047 0.287962562848087
-9999 -9999 -9999 -9999 -9999 -9999 -9999 -9999 -9999 -9999 -9999 -9999 -9999 -9999 -9999 0.249512117332859 0.229881741385968 3.75103677121879 3.75103677121879 3.75103677121879 3.75103677121879 3.75103677121879 3.75103677121879 3.75103677121879 0.70338333220736 0.649537430114273 0.623698136307871 0.354053847035188 0.328754153591292 0.232740274768504 0.278275694528197 0.2811721389237 0.28346062438063 0.490678914180726 3.78623142362162 0.814643797010416 0.296046903994873 0.284773307329146 0.29648201791742 0.477466072191784 0.365845744493012 0.248759583216479 0.599327241712981 0.473396260014658 0.257997426532746
-9999 -9999 -9999 -9999 -9999 -9999 -9999 -9999 -9999 -9999 -9999 -9999 -9999 -9999 -9999 0.294775070716848 3.75103677121879 3.75103677121879 3.75103677121879 3.75103677121879 3.75103677121879 3.75103677121879 3.75103677121879 3.75103677121879 0.272567848199997 0.221780222855083 0.27496715972417 0.482349107917069 0.28314394638922 0.349851568067936 0.276945051702728 0.279627833963086 0.282913613135237 3.76767149944939 0.691421453299706 0.643930125593939 0.621263968033502 0.57702312338258 0.520224397076206 0.322638572221409 0.324301969026739 0.253299383946424 0.66735000275592 0.361041174894935 0.255982100562004
-9999 -9999 -9999 -9999 -9999 -9999 -9999 -9999 -9999 -9999 -9999 -9999 -9999 -9999 -9999 3.75103677121879 3.75103677121879 3.75103677121879 3.75103677121879 3.75103677121879 3.75103677121879 3.75103677121879 3.75103677121879 0.269027685422142 0.541201453261078 0.280496875654963 0.287216017463109 0.448655873817645 0.26653435757699 0.47112616356805 0.343972904685819 0.350951738503397 0.281641535956097 3.76018894945769 3.75849121064471 0.368920108313486 0.295634193885916 0.275744394181891 0.278091216351949 0.408853515861525 0.378570512047018 0.754857758810186 0.263233125395838 0.429841394058874 0.355908244927207
-9999 -9999 -9999 -9999 -9999 -9999 -9999 -9999 -9999 -9999 -9999 -9999 -9999 -9999 -9999 3.75103677121879 3.75103677121879 3.75103677121879 3.75103677121879 3.75103677121879 3.75103677121879 3.75103677121879 3.75103677121879 0.208585842513167 0.462108691392742 0.296307256891589 0.28009363834037 0.272611360302137 0.276594948972677 0.269416826578836 0.553711207388759 3.75991541836809 3.75991541836809 3.75991541836809 0.272664185950516 0.275620611443985 0.294901504240267 0.419835715436832 0.501635488358782 0.941432049761178 0.901903161028199 0.614105120064959 0.276231909410393 0.464328460281198 3.60508587710001
-9999 -9999 -9999 -9999 -9999 -9999 -9999 -9999 -9999 -9999 -9999 -9999 -9999 -9999 3.75103677121879 3.75103677121879 3.75103677121879 3.75103677121879 3.75103677121879 3.75103677121879 3.75103677121879 3.75103677121879 0.477482865434013 0.411328114089746 0.440210407072904 0.403718064864679 0.277874090097678 0.445393862450334 0.275173627304302 0.254779688206846 0.327405738662056 3.75991541836809 3.75991541836809 3.75991541836809 1.06731084051822 0.334842269770535 0.26720465013011 0.304165085954588 1.0080671049628 0.290659388275105 0.296763665158261 0.556471645041396 0.519921499230863 0.264518364701198 3.60508587710001
-9999 -9999 -9999 -9999 -9999 -9999 -9999 -9999 -9999 -9999 -9999 3.75103677121879 3.75103677121879 3.75103677121879 3.75103677121879 3.75103677121879 3.75103677121879 3.75103677121879 3.75103677121879 3.75103677121879 3.75103677121879 0.291874800545945 0.290956152332162 0.272362764500021 0.287252596775128 0.355465684941539 0.282826592299936 0.477879891655187 0.26586046905645 0.227052802748659 0.345978750918627 3.75991541836809 3.75991541836809 3.75991541836809 3.60508587710001 1.04536055047232 1.03201855289942 1.02516741093207 3.60508587710001 3.60508587710001 3.60508587710001 3.60508587710001 3.60508587710001 3.60508587710001 3.60508587710001
-9999 -9999 -9999 -9999 -9999 -9999 -9999 -9999 -9999 -9999 0.343607861012149 3.75103677121879 3.75103677121879 3.75103677121879 3.75103677121879 3.75103677121879 3.75103677121879 3.75103677121879 3.75103677121879 3.75103677121879 0.324479769447076 0.255747143820163 0.266221052245619 0.344044421425673 0.285672036393209 0.272335040206834 0.371788889784555 0.570766567191725 0.334971188369773 0.184281588054556 1.58782721804342 0.395733789057496 0.281132887569857 0.429615481432005 3.60508587710001 3.60508587710001 3.60508587710001 3.60508587710001 3.60508587710001 3.60508587710001 3.60508587710001 3.60508587710001 3.60508587710001 3.60508587710001 3.60508587710001
-9999 -9999 -9999 -9999 -9999 -9999 -9999 -9999 -9999 -9999 3.75103677121879 3.75103677121879 3.75103677121879 3.75103677121879 3.75103677121879 3.75103677121879 3.75103677121879 3.75103677121879 0.236362797466216 0.537877578416706 0.267305731189987 0.265815529815651 0.288104430579858 0.286311848825473 0.494321488575824 0.369529212125317 0.617078701485295 0.59283537746468 1.46164476759831 1.58685899651324 0.929424060269804 0.296593561904996 0.2948311327167 0.290381348646732 0.406863328971524 0.344511633290291 3.60508587710001 3.60508587710001 3.60508587710001 3.60508587710001 3.60508587710001 3.60508587710001 3.60508587710001 3.60508587710001 3.60508587710001
-9999 -9999 -9999 -9999 -9999 -9999 -9999 -9999 -9999 0.324655349319873 3.75103677121879 3.75103677121879 3.75103677121879 3.75103677121879 3.75103677121879 3.75103677121879 3.75103677121879 0.409335733142342 0.275446383347623 0.51365956994751 0.435942567183271 0.352467776966045 0.266386910768844 0.281056479693508 1.03735802082156 1.06457432311761 0.638725607630013 1.45359354677526 0.25624393108437 0.256251838828046 0.274299025241131 0.904516674430526 0.306300289720884 0.310720954686385 0.303147889830854 0.298622661184955 3.60508587710001 3.60508587710001 3.60508587710001 0.254829574090189 3.60508587710001 3.60508587710001 3.60508587710001 3.60508587710001 3.60508587710001
-9999 -9999 -9999 -9999 -9999 -9999 -9999 -9999 -9999 0.315876004328806 3.75103677121879 3.75103677121879 3.75103677121879 3.75103677121879 3.75103677121879 3.75103677121879 0.291594329396417 0.345542282221172 0.236776211930113 0.239559884783229 0.24659566961941 0.228560934316053 0.945121591696164 0.990328681292781 0.415471778318416 0.254947588740391 1.15812634570455 0.250301927295292 1.1315662243754 0.600868819306952 0.306044782009276 0.274843043486604 0.899528387706088 0.387818734739047 0.312755951988096 0.292706098647591 0.605689079452806 0.295713264809084 0.261058360095807 1.03267962597058 3.60508587710001 3.60508587710001 0.0141356544762088 3.60508587710001 3.60508587710001
-9999 -9999 -9999 -9999 -9999 -9999 0.361202792287642 0.431744502442393 0.333461963384566 0.247782930119631 1.3454228203791 3.75103677121879 3.75103677121879 3.75103677121879 3.75103677121879 0.292549590272923 0.296497622031246 0.26172278759635 0.26638683325195 0.234874506983406 0.555597368580704 0.906163109931744 0.305490897755661 0.261787288680435 0.254390881506975 0.352446220415792 0.37175914158258 0.291917015140329 1.04986364989091 0.298859705975933 0.558301929156058 0.294292375097184 0.423061677437802 0.802725498864111 0.286972072025501 0.301167898873899 0.371242023235506 0.486443376286212 0.303170375791773 1.03267962597058 0.31941619607765 3.61217525122972 0.639611368286046 0.318498115988498 3.60508587710001
-9999 -9999 -9999 -9999 -9999 -9999 0.44711927428538 0.489674877960142 0.255826053905673 1.34278115484764 0.231620066193555 3.75103677121879 3.75103677121879 3.75103677121879 3.75103677121879 0.824235395250026 0.785407000099967 0.760616596388392 0.707244899222743 0.681485059181374 0.491924517281767 0.266786070461743 0.818936089009048 0.769415968744277 0.253892579565838 0.256683678922903 0.293806742544684 0.449780163997724 1.01134392201942 0.235858304045907 0.51092630875575 0.293926373241658 0.362908924732554 0.287332645434505 0.757653350470105 0.296520768661696 0.297396378199552 0.446333524013971 0.32320296109327 1.00726840618224 0.335281206333424 3.60158423297973 0.408321488897749 0.587246942494648 0.301426237362324
-9999 -9999 -9999 -9999 -9999 0.272654139059233 0.313634078763859 0.473950077745739 1.3371505474731 0.190429322220257 0.170022972064984 3.75103677121879 3.75103677121879 3.75103677121879 0.294424621583255 0.476903434217756 0.249753500363763 0.338203795072815 0.317320685746893 0.66857499772866 0.240683683385098 0.451496969639535 0.394319895903898 0.741423281072662 0.303178499960833 0.263352463612548 0.25047617396897 0.364233891892356 0.431848168699091 0.98116333428777 0.309245206409012 0.406231852760503 0.290409279794052 0.290486241669353 0.620664710078173 0.528667980616484 0.294039944461308 0.316732963861404 0.409678769061516 0.986202400139103 0.334138268425029 3.60133361011185 0.324086888778058 0.519774304022451 0.297913073985616
-9999 -9999 0.198373875112007 0.315671975563502 0.254052718938525 0.216742400686643 0.2102347142223 0.36630499768164 1.28587496970669 0.18615043951752 0.445527615398015 0.450476864777521 1.05704589933861 0.283723906626746 0.314568292942081 0.392485445811245 0.306614727355725 0.272043344722602 0.242603121152396 0.661584325683123 0.224468809728536 0.412010658190284 0.30299013873863 0.483653996725596 0.70271051185474 0.340954273847066 0.274035254493774 0.265538460183021 0.408640278643855 0.977393813647318 0.939589778451184 0.254514453669751 0.295557274386401 0.299273560533488 0.58205269516293 0.253625262244146 0.422200061596934 0.313145529975241 0.350009178324075 0.919981961421144 0.335185326036666 3.59948110610238 0.318395161571076 0.314881645911559 0.363324889283352
-9999 0.279850725565915 0.432411187794011 0.268739831078997 0.169537442449512 0.252750795303782 1.26132094527028 1.2684898755343 0.222163921480796 0.178209135751567 0.435320098826844 0.284637595206462 0.539229112147889 0.989865424443233 0.938572224366203 0.315667883454038 0.373140482265881 0.279758791497319 0.436376737570165 0.567593726610149 0.367563432271129 0.294755902218181 0.306242014898201 0.442028458797691 0.257230875729814 0.518684096593332 0.230823602938404 0.213259104901929 0.306391223623555 0.297954079098962 0.442925930623679 0.933822415528515 0.430197534324377 0.260350169419306 0.566382925218346 0.271557036630022 0.380896018019039 0.298192694906159 0.335737029287065 0.884060088360043 0.2767783145411 3.59707422915041 0.305858173285542 0.303905340856048 0.238110193774352
-9999 0.26836069463307 0.320625132282567 1.22012742770074 1.2243025452331 1.25174440599512 0.257455441119421 0.303873850331663 0.321449698486092 0.418002286640601 0.287616683152192 0.45123567479543 0.32891341647018 0.491564666735249 0.30592770061779 0.904213244341593 0.737083678240734 0.27904266173595 0.314979669526623 0.30616533111239 0.484287872265355 0.303915075200148 0.30219407124649 0.405853440713917 0.265730636644264 0.488744313679131 0.455668801059817 0.387868190459694 0.218747083110508 0.216839507219939 0.355595027522494 0.290834092754577 0.88298899119404 0.26051318581122 0.270051739626935 0.523277522478015 0.279577370485026 0.268123161913352 0.686318038128042 0.696013402719538 0.269068661155961 0.27999012153917 3.59632266041865 0.647734239116977 0.294336625259941
