Model input/Uganda/rivergeometry/river_flowvelocity_1feb.asc
NCOLS 67 
NROWS 67 
XLLCORNER 29.500000001 
YLLCORNER -1.499999999 
CELLSIZE 0.0833333332985075 
NODATA_value -9999 
[rows 0 to 19 of 67, columns 0 to 45 of 67]
-9999.000000000000000 -9999 -9999 -9999 -9999 -9999 -9999 -9999 -9999 -9999 -9999 -9999 -9999 -9999 -9999 -9999 -9999 -9999 -9999 -9999 -9999 -9999 -9999 -9999 -9999 -9999 -9999 -9999 -9999 -9999 -9999 2.19189810928092 2.18977316852594 -9999 -9999 -9999 -9999 -9999 -9999 -9999 -9999 -9999 -9999 -9999 -9999 -9999
-9999 -9999 -9999 -9999 -9999 -9999 -9999 -9999 -9999 -9999 -9999 -9999 -9999 -9999 -9999 -9999 -9999 -9999 -9999 -9999 -9999 -9999 -9999 -9999 -9999 -9999 -9999 -9999 -9999 2.19930424626353 2.33462688923012 2.16545684119055 2.43024004759526 2.15775887854225 2.17043000641524 2.15312469634683 2.26383649884265 2.23263450172337 2.12603812879124 2.16393442571244 -9999 -9999 -9999 -9999 -9999 -9999
-9999 -9999 -9999 -9999 -9999 -9999 -9999 -9999 -9999 -9999 -9999 -9999 -9999 -9999 -9999 -9999 -9999 -9999 -9999 -9999 -9999 -9999 -9999 -9999 -9999 -9999 -9999 -9999 -9999 2.53951773501137 2.12280526782251 2.48762379592698 3.03143579924369 2.9986235696982 2.13545970634328 2.91845976822735 2.86902079531172 2.78491599928729 2.59205471793348 2.4459485806929 2.15002932453019 2.23870699982132 2.18434893586531 -9999 -9999 -9999
-9999 -9999 -9999 -9999 -9999 -9999 -9999 -9999 -9999 -9999 -9999 -9999 -9999 -9999 -9999 -9999 -9999 -9999 -9999 -9999 -9999 -9999 -9999 -9999 -9999 2.14547851743018 -9999 -9999 -9999 2.56537409301674 2.08746327959038 3.08968609089741 2.13908719305808 2.13986915715994 2.97668747864318 2.33558368804644 2.20213758048596 2.2065503242301 2.43441166814246 2.25988812470212 2.22223761316911 2.22735583776388 2.42986503583272 -9999 -9999 -9999
-9999 -9999 -9999 -9999 -9999 -9999 -9999 -9999 -9999 -9999 -9999 -9999 -9999 -9999 -9999 -9999 -9999 -9999 -9999 -9999 -9999 -9999 2.23352830475255 -9999 -9999 2.28951517984024 -9999 -9999 -9999 5.0813278688882 3.9570418221013 3.91211238585599 2.5240191233591 2.43260245532726 2.26632432114617 2.15704413376764 2.19629264570185 2.36377430497848 2.25611838488088 2.09102153189384 2.44542064570815 2.07078626347818 2.53111831567642 2.14701263072905 -9999 -9999
-9999 -9999 -9999 -9999 -9999 -9999 -9999 -9999 -9999 -9999 -9999 -9999 -9999 -9999 -9999 -9999 -9999 -9999 -9999 -9999 -9999 2.34152217769948 2.39289936155319 2.19596829988088 2.37594249646173 2.05147289167312 5.02562032893442 5.02562032893442 5.03408719585989 5.03408719585989 1.97254519506366 3.90559733677916 2.98040124269423 2.95005617963046 2.24830198324496 2.59035329249952 2.53481329678781 2.19143326899345 2.10438037645058 2.12061288282436 2.15759782994535 2.53339300139584 2.60181579364802 2.15350587275013 -9999 -9999
-9999 -9999 -9999 -9999 -9999 -9999 -9999 -9999 -9999 -9999 -9999 -9999 -9999 -9999 -9999 -9999 -9999 -9999 -9999 2.24952568685907 2.77450746548918 2.8197822201161 2.92828885381987 2.96043935110928 2.50337416493601 1.96755158416364 5.02562032893442 5.02562032893442 5.03408719585989 5.03408719585989 3.26715870502375 2.00732633079863 3.8758242233578 2.26834520786332 2.92863040740979 2.69913475487615 2.66421893061446 2.49968495604898 2.14797069132226 2.3160171149953 2.42133967451045 2.64166670580095 2.8384414867809 2.08744989499147 -9999 -9999
-9999 -9999 -9999 -9999 -9999 -9999 -9999 -9999 -9999 -9999 -9999 -9999 -9999 -9999 -9999 -9999 -9999 2.4420796255784 2.54012822564526 2.66556151020605 2.23402985505606 2.33229641641228 2.18944452713295 2.9646688005241 1.69714664248001 2.53474354829188 5.02536361683517 2.18211316896323 2.41284531207665 2.47826076749018 3.02751857175547 3.04730371630312 3.87495756806511 2.04220946440369 2.16946891984787 2.36453815833456 2.36012384177003 2.20281702710726 2.15542194885376 2.17762819374457 2.55691914579219 2.1749683388327 2.89030059306762 2.11686656307112 2.10030148250875 -9999
-9999 -9999 -9999 -9999 -9999 -9999 -9999 -9999 -9999 -9999 -9999 -9999 -9999 -9999 -9999 -9999 -9999 2.44291821513638 2.2871580353514 2.25553624910014 2.25644082071137 2.47603292134566 2.44344027478249 3.03277012572222 3.03522044403684 5.02350723044022 2.14001537022237 2.14670569604787 2.30170380358233 2.39703029974541 3.01784095409331 3.03698575747217 2.17174219886733 3.87344262404008 2.29619096735443 2.19641343466674 2.21066898960944 2.20258369975821 2.32208930336236 2.18106410906416 2.19643311682762 3.35512327994473 2.1657254233038 2.36944885790287 2.12454501906824 2.12467439149522
-9999 -9999 -9999 -9999 -9999 -9999 -9999 -9999 -9999 -9999 -9999 -9999 -9999 -9999 -9999 -9999 -9999 2.57337778777601 2.64604247164267 2.78721541157396 2.3823339652768 2.50694873454909 2.49166521874965 1.41806823869616 5.01721639561069 2.1543174126414 2.45525894522106 2.06688566981575 2.30233209072953 2.68445814011785 2.97175337105928 2.17428437640774 3.01355213457815 3.87261456805449 3.86930411150678 2.07665310270695 2.19733678886115 2.60425593992772 2.29417723291107 2.3933046981846 3.38350693117862 3.36048515832016 3.21060537612074 2.48177418289965 2.17736258865732 3.07193088466967
-9999 -9999 -9999 -9999 -9999 -9999 -9999 -9999 -9999 -9999 -9999 -9999 -9999 -9999 -9999 -9999 2.31721889707455 2.48996325979982 2.87010680767839 3.05078387907879 3.106585039854 3.11084555023096 3.15796730223021 2.49469645137744 5.01555844934636 2.67624932542568 2.20201184952566 2.20012294740961 2.37588828927249 2.53852119539771 2.78798802259604 2.19411640696638 2.98667117696598 2.32461807027742 2.10442056059551 3.86745757677311 2.63406957681021 2.22531669875587 3.43631556096674 3.42968369122482 2.35567381846429 2.18515989933451 2.1689711793602 3.16428056478441 3.11314088338904 2.14490651615301
-9999 -9999 -9999 -9999 -9999 -9999 -9999 -9999 -9999 -9999 -9999 -9999 -9999 -9999 -9999 -9999 2.31173214219866 2.74834997333277 2.25947545097998 2.36413420298121 2.25424707887864 2.14136265369123 1.38369550656187 5.01257014720621 2.05688194043703 2.6281744589881 2.56675809824394 2.22536886263116 2.2298284539151 2.47096165486569 2.72225570246959 2.76047443285143 2.94134267856714 2.32126748024124 2.29070254269464 3.67259112870979 3.49020582452986 3.48769081639416 2.79676387869094 2.22327685219009 2.57442271736791 2.50752870484664 2.15376869714029 2.53488086131187 2.15449806016038 2.16017802525055
-9999 -9999 -9999 -9999 -9999 -9999 -9999 -9999 -9999 -9999 -9999 -9999 -9999 -9999 -9999 2.29161887997289 2.60676051969103 2.35315515987693 2.47587655053396 2.72104885103572 2.03839302330047 2.07550494957827 5.00490791019632 5.00490791019632 2.26888186415389 2.23083551610877 2.22552358573773 2.23837480344537 2.2518037982781 2.40482802839845 2.38653926110798 2.57482082447956 2.86604004859541 2.19324904636029 2.25724071869237 2.59452108381084 3.65438735747212 2.20837298738516 2.36939037512779 2.67881975797671 2.21420870690762 2.34118443424185 2.16781558764721 2.41371476766805 2.12825609233465 2.04592532959177
-9999 -9999 -9999 -9999 -9999 -9999 -9999 -9999 -9999 -9999 -9999 -9999 -9999 -9999 -9999 -9999 2.37069719381803 2.40112051459218 2.494095737848 2.28046849766517 2.74113949523599 1.80919259611722 5.00490791019632 5.00490791019632 2.40226504376333 2.24370869916773 2.4289450429588 2.26580492699739 2.35214038472789 2.22339725626352 2.24713578421648 2.44821437034064 2.8464615890924 2.55955023367052 2.26048230819561 2.28725345198177 3.65239108948071 2.15753241508732 2.23215791090247 2.63050198789041 2.33822005770604 2.19293350279776 2.18128482598179 2.3259076333476 2.14907622338425 2.48289569547903
-9999 -9999 -9999 -9999 -9999 -9999 -9999 -9999 -9999 -9999 -9999 -9999 -9999 -9999 -9999 -9999 -9999 2.39100104215463 2.53592945961071 2.62878276577887 2.65465835274159 2.91075044158055 5.00334746059765 2.5078992918474 2.40029026903796 2.52552051265148 2.25044698853252 2.55595366952994 2.22519058912214 2.2701891079542 2.28307321725352 2.29170262305647 2.67887405447206 2.46165589186764 2.30086180850242 2.29985796620616 2.6909597845747 3.62709912047018 2.16463930544523 2.15194488109592 3.272248445595 2.24106933809421 2.47074425687083 2.31235990698424 3.18035454305756 2.50575002361966
-9999 -9999 -9999 -9999 -9999 -9999 -9999 -9999 -9999 -9999 -9999 -9999 -9999 -9999 -9999 -9999 2.46256843298658 2.59686828200487 2.24680548124555 2.41000792975967 2.48361866693546 2.49717336405019 4.99861593193497 2.30211779149225 2.86534534862565 2.85752167438152 2.67405831954342 2.2510526224981 2.20892584675986 2.52840735156564 2.53346360812692 2.26297009863791 2.30755000958764 2.53539074928014 2.38768089847641 2.47658353674123 2.56110893540695 2.53853797901375 3.60915808948387 3.29469207393405 2.4376764210385 3.26644666441602 3.22537590474904 3.20710432019992 2.30358780845763 3.12710862652625
-9999 -9999 -9999 -9999 -9999 -9999 -9999 -9999 -9999 -9999 -9999 -9999 -9999 -9999 -9999 -9999 2.45486183645761 2.88447951183001 2.99520356987977 2.22003043601473 3.22364940628424 3.27945061017523 3.27949549168114 4.99652448241483 2.21758317361785 2.20583446870016 2.22282332728807 2.2342970410724 2.80981818467923 2.75176753772684 2.2486286523594 2.26178724725076 2.39418891832722 2.33126511762809 2.48922337615618 2.31163953553744 2.28604548848769 2.24218128287032 2.63531449012599 3.38700614685713 2.09313516192314 2.30602531257627 2.14366263559874 2.12210522961744 2.12962067292482 2.27436769524924
-9999 -9999 -9999 -9999 -9999 -9999 -9999 -9999 -9999 -9999 -9999 -9999 -9999 -9999 -9999 2.42446644777535 2.76348992654087 2.32992069794355 2.97275163251805 3.2107136019735 2.70515867767417 2.10943005713126 2.11725778547326 4.9837471865066 3.00429407357931 2.96229059425081 2.92748611583294 2.88556963357421 2.86211317430536 2.21250562554051 2.43708620796806 2.30004860387658 2.27000043816849 2.73915816556621 2.26659482702786 2.45156700589368 2.25345722719004 2.49871981282691 2.57096077306124 3.38189548829844 3.37625291037485 2.18336597301119 2.15860552121427 2.14726555626759 2.26470278514237 2.11071078378674
-9999 -9999 -9999 -9999 -9999 -9999 -9999 -9999 -9999 -9999 -9999 -9999 -9999 -9999 -9999 2.33585260799758 2.67127558001044 2.32415392107986 2.89408581029415 2.3523348137981 2.68933920634004 2.05120590614845 2.33349870222382 4.98252105021342 2.1419522885297 2.17339209546449 2.19423135619704 2.35488112497244 2.16969619645752 2.20810281680818 2.61421918761873 2.28525676240862 2.3033953127704 2.46683411500392 2.87997641391619 2.24436928304474 2.26896936527509 2.23534922716674 2.22166523635514 2.39244648676411 2.66967655165351 3.32563745885495 2.15601978052111 2.52874176006527 2.38569436009876 2.09401432122689
-9999 -9999 -9999 -9999 -9999 -9999 -9999 -9999 -9999 -9999 -9999 -9999 -9999 -9999 -9999 2.3000806441446 2.71454881205057 2.87778212242246 2.23258287706807 2.54115300211626 2.06219139951015 2.03194517913393 2.21110707988105 2.06813815157257 4.97699411340773 2.08826880397635 2.57585482720009 2.1848572009063 2.15144866491286 2.88322202632853 2.67228942316473 2.56892773153672 2.36102859041804 2.57463770369164 2.99080932501882 2.45858451619367 2.46699723064326 2.3681995919993 2.20861955911352 2.21002905904263 2.44741813708695 2.31055946605469 3.30734272157349 3.226297864762 2.39825592732408 2.14834331022842
