Model input/Uganda/rivergeometry/river_depth_1apr.asc
NCOLS 67 
NROWS 67 
XLLCORNER 29.500000001 
YLLCORNER -1.499999999 
CELLSIZE 0.0833333332985075 
NODATA_value -9999 
[rows 20 to 39 of 67, columns 0 to 44 of 67]
-9999 -9999 -9999 -9999 -9999 -9999 -9999 -9999 -9999 -9999 -9999 -9999 -9999 -9999 -9999 0.394094240673254 0.283591608253954 0.296143893290445 0.344049095428564 0.258398137988159 0.247715203376859 0.299627589979007 0.394728513583509 0.373336479258935 0.521215227911394 0.490583909860639 0.264148714850522 0.33369010752032 3.92094330381875 0.6663425176968 0.259216157070517 0.264208037395335 0.326851953047603 0.326537304489957 0.875523159857381 0.862111211294313 0.480426514142029 0.329839141880741 0.262317158068286 0.301701935868499 0.320203245478475 0.321045956710447 0.359657629919156 0.380953138393891 0.916011677374025
-9999 -9999 -9999 -9999 -9999 -9999 -9999 -9999 -9999 -9999 -9999 -9999 -9999 -9999 -9999 0.269148546538223 0.278993786015798 0.274044165885853 0.241162710518931 0.269479023966063 0.329824668712461 0.249520631039613 0.398662364308738 0.232730578044453 3.91859433657668 3.92170808371111 3.92291558551925 3.92053689329723 0.30374924295343 3.91582673553409 3.91767980674626 0.285719473334423 0.400411880851598 0.317018100908125 0.912778627870106 0.259201400974567 0.327763988673681 0.682944125235083 0.597915840220734 0.545281503133858 0.465417971023843 0.270870967170327 0.260359250030781 0.305303770168957 0.30023620679431
-9999 -9999 -9999 -9999 -9999 -9999 -9999 -9999 -9999 -9999 -9999 -9999 -9999 -9999 -9999 -9999 0.274688369269657 0.342120486980525 0.303795293994957 0.2358898798124 3.77551606393294 3.77551606393294 3.77551606393294 3.91552160548097 0.250324951027275 0.24671197246819 0.254838676770591 0.499560187055929 0.459975674695277 0.405385633361599 0.348862078459584 3.91756642003953 3.91941363216589 3.91908140637351 0.310301295058834 0.326607703568206 0.750269162286459 0.322736114551028 0.409760095449469 0.324180628207097 0.307529278999865 0.269180479182381 0.257079570870719 0.252534824838518 0.293601227081626
-9999 -9999 -9999 -9999 -9999 -9999 -9999 -9999 -9999 -9999 -9999 -9999 -9999 -9999 -9999 -9999 -9999 0.28442434792346 3.77551606393294 3.77551606393294 3.77551606393294 3.77551606393294 3.77551606393294 0.355344703719565 0.306392203849928 0.395596285836142 0.316489559880559 0.457519600946161 0.3078517879774 0.320570577465425 0.291997922080287 0.293781879424985 0.472578700491585 3.90161837199109 0.304167922659291 0.402567701978088 0.82073768703171 0.40230727652919 0.319385090882646 0.309610073330399 0.265318959462276 0.259076264973269 0.365581903532693 0.464854660181285 0.300129524902359
-9999 -9999 -9999 -9999 -9999 -9999 -9999 -9999 -9999 -9999 -9999 -9999 -9999 -9999 -9999 0.2504399459639 0.229503959388687 3.77551606393294 3.77551606393294 3.77551606393294 3.77551606393294 3.77551606393294 3.77551606393294 3.77551606393294 0.786444014594755 0.716791800712036 0.685254939970419 0.386400082661524 0.355471417395267 0.241683744996091 0.289303878069641 0.292928139184573 0.295476708805607 0.510932259910244 3.90269532484769 0.828619152777641 0.307811483886711 0.291887431825344 0.297081441482144 0.492259281273831 0.383270043185906 0.258869602422215 0.626303815754005 0.496115325631683 0.268521425040953
-9999 -9999 -9999 -9999 -9999 -9999 -9999 -9999 -9999 -9999 -9999 -9999 -9999 -9999 -9999 0.296251562176891 3.77551606393294 3.77551606393294 3.77551606393294 3.77551606393294 3.77551606393294 3.77551606393294 3.77551606393294 3.77551606393294 0.329929236315777 0.267903410502621 0.304833255023611 0.524025434063661 0.301853032237719 0.364078013699939 0.290349305788955 0.292010209243616 0.295439587779102 3.88623877791571 0.708365361476813 0.656764190263567 0.633477580391663 0.589289095594511 0.534548279357916 0.340591351406307 0.342811989085376 0.268542272597821 0.698582117135828 0.375933005342935 0.265963939145151
-9999 -9999 -9999 -9999 -9999 -9999 -9999 -9999 -9999 -9999 -9999 -9999 -9999 -9999 -9999 3.77551606393294 3.77551606393294 3.77551606393294 3.77551606393294 3.77551606393294 3.77551606393294 3.77551606393294 3.77551606393294 0.312441710631879 0.578260477929831 0.315803849322849 0.317567591607738 0.482764917514907 0.283972419634356 0.49499254683715 0.36136874195003 0.366617650381131 0.295558488299534 3.88453103627827 3.8787158845857 0.384736420221679 0.30833682243958 0.288637784665803 0.294158523440323 0.455519571801864 0.424069192472023 0.817417955916744 0.29456481404666 0.446215390632628 0.369170436060361
-9999 -9999 -9999 -9999 -9999 -9999 -9999 -9999 -9999 -9999 -9999 -9999 -9999 -9999 -9999 3.77551606393294 3.77551606393294 3.77551606393294 3.77551606393294 3.77551606393294 3.77551606393294 3.77551606393294 3.77551606393294 0.233200183958932 0.48528718776866 0.311677023540502 0.294383783880361 0.29253341951112 0.299899357685687 0.29229667588667 0.582407102833965 3.88479195352404 3.88479195352404 3.88479195352404 0.285668243876207 0.290402962935181 0.31347005316798 0.444252034564011 0.550636197355266 1.03809280572592 0.985879416222588 0.673415856567858 0.316634035886905 0.481960633354157 3.70102604808963
-9999 -9999 -9999 -9999 -9999 -9999 -9999 -9999 -9999 -9999 -9999 -9999 -9999 -9999 3.77551606393294 3.77551606393294 3.77551606393294 3.77551606393294 3.77551606393294 3.77551606393294 3.77551606393294 3.77551606393294 0.495763679730587 0.423389217269704 0.457721637754112 0.418037296541567 0.291471427177918 0.474396955522551 0.290122692085199 0.277050726832509 0.356351536259899 3.88479195352404 3.88479195352404 3.88479195352404 1.19401071080923 0.388048571064492 0.302359700153694 0.377682176428205 1.1174986498339 0.333126725292945 0.310054955995807 0.584328543119554 0.543380014972047 0.283155599204104 3.70102604808963
-9999 -9999 -9999 -9999 -9999 -9999 -9999 -9999 -9999 -9999 -9999 3.77551606393294 3.77551606393294 3.77551606393294 3.77551606393294 3.77551606393294 3.77551606393294 3.77551606393294 3.77551606393294 3.77551606393294 3.77551606393294 0.309920040442312 0.305766160717609 0.278896177450242 0.286882588209908 0.36621502963497 0.287485340826622 0.505641400234824 0.279830931792156 0.250856070104579 0.381110034374344 3.88479195352404 3.88479195352404 3.88479195352404 3.70102604808963 1.16839968920728 1.15426918409091 1.14358055371195 3.70102604808963 3.70102604808963 3.70102604808963 3.70102604808963 3.70102604808963 3.70102604808963 3.70102604808963
-9999 -9999 -9999 -9999 -9999 -9999 -9999 -9999 -9999 -9999 0.346928190994215 3.77551606393294 3.77551606393294 3.77551606393294 3.77551606393294 3.77551606393294 3.77551606393294 3.77551606393294 3.77551606393294 3.77551606393294 0.342594250392693 0.269670338221747 0.268561612670147 0.345186333389595 0.285076212166027 0.272195582716326 0.374378308544353 0.594004363745843 0.356178713886304 0.216029778171127 1.70174576008438 0.421446333587552 0.293792657303106 0.460791462962946 3.70102604808963 3.70102604808963 3.70102604808963 3.70102604808963 3.70102604808963 3.70102604808963 3.70102604808963 3.70102604808963 3.70102604808963 3.70102604808963 3.70102604808963
-9999 -9999 -9999 -9999 -9999 -9999 -9999 -9999 -9999 -9999 3.77551606393294 3.77551606393294 3.77551606393294 3.77551606393294 3.77551606393294 3.77551606393294 3.77551606393294 3.77551606393294 0.259402680530606 0.565897188754591 0.281871012244371 0.282244486122678 0.289998816417099 0.286293535500241 0.494802198197151 0.371451260185838 0.643595306512419 0.618748818931277 1.56191567375057 1.69944047745371 0.998512630464559 0.314703613501411 0.316846729725755 0.311090240004131 0.435502077438437 0.365116084993676 3.70102604808963 3.70102604808963 3.70102604808963 3.70102604808963 3.70102604808963 3.70102604808963 3.70102604808963 3.70102604808963 3.70102604808963
-9999 -9999 -9999 -9999 -9999 -9999 -9999 -9999 -9999 0.336405645975229 3.77551606393294 3.77551606393294 3.77551606393294 3.77551606393294 3.77551606393294 3.77551606393294 3.77551606393294 0.435656467460831 0.289858246328023 0.5405638410821 0.456454667711548 0.365198090611152 0.288700902825148 0.303678077872489 1.10699879224312 1.1335027560587 0.667786131137228 1.55256377218691 0.272569055873707 0.280632057465643 0.296684828670689 0.970330292598356 0.329472912225254 0.333697279860728 0.322739958809973 0.314433759998154 3.70102604808963 3.70102604808963 3.70102604808963 0.30708070058593 3.70102604808963 3.70102604808963 3.70102604808963 3.70102604808963 3.70102604808963
-9999 -9999 -9999 -9999 -9999 -9999 -9999 -9999 -9999 0.328598314125917 3.77551606393294 3.77551606393294 3.77551606393294 3.77551606393294 3.77551606393294 3.77551606393294 0.307977558590554 0.365423359638824 0.252056944311402 0.251951406733587 0.267077906936677 0.26283807459414 1.01312474822155 1.06291360937374 0.445254040784655 0.272694639857692 1.22949130686429 0.269321234188923 1.21309519273352 0.651401883309462 0.329272533829432 0.300716321781812 0.963104487796539 0.416322841012587 0.333643390453243 0.307092597007041 0.643945653342225 0.311919000011826 0.278688279699036 1.07025231778385 3.70102604808963 3.70102604808963 0.0468719152007595 3.70102604808963 3.70102604808963
-9999 -9999 -9999 -9999 -9999 -9999 0.363427594531182 0.435090899692706 0.337837551683317 0.25137045758173 1.3801051626798 3.77551606393294 3.77551606393294 3.77551606393294 3.77551606393294 0.315232817339202 0.314252307869765 0.277381583276578 0.273672820348959 0.235276931347175 0.595454122546472 0.968417026260036 0.31106417780264 0.272032998256521 0.268766447814166 0.376175771060015 0.395905775214435 0.310474039890429 1.12072806039047 0.31970169421242 0.60335622510739 0.318299341354042 0.456561433472952 0.854084440801985 0.305427673655962 0.321405467902132 0.393929571877335 0.518693078677922 0.323609352419764 1.07025231778385 0.32096386540998 3.70098128847192 0.693999555617662 0.346895474698049 3.70102604808963
-9999 -9999 -9999 -9999 -9999 -9999 0.449031091112418 0.494770551146481 0.260364481666697 1.38038559179054 0.238145251919434 3.77551606393294 3.77551606393294 3.77551606393294 3.77551606393294 0.921997720318567 0.881437501116032 0.85479001413244 0.801715906194471 0.779081164563452 0.538755678629582 0.266623250838301 0.873758321789436 0.821151202274585 0.263964247076511 0.275593382241471 0.309968740447141 0.48056907737307 1.07687270686766 0.260707872572973 0.548379654806426 0.311588507737755 0.391369731460396 0.311219257955614 0.803166484064641 0.316701648547173 0.317617558889828 0.47531408945781 0.345212612958511 1.03822952154734 0.345084238564334 3.69260180275967 0.439571961682452 0.634119015395614 0.325248013213836
-9999 -9999 -9999 -9999 -9999 0.273128969372464 0.314175542147186 0.475913139800233 1.37879725191347 0.199552431507446 0.182187227310616 3.77551606393294 3.77551606393294 3.77551606393294 0.332588770814061 0.574606939431136 0.28166744775275 0.36859823804912 0.339829454505951 0.766986111038314 0.24106522819899 0.504212116791759 0.425964631831329 0.794414578538106 0.308624368744455 0.279695615300054 0.270565219770502 0.387481865223137 0.459034797113145 1.04184295866983 0.332604829516507 0.432887587046996 0.305223352721726 0.305494908972272 0.66255609637467 0.548741943700396 0.31108001585251 0.334954117625263 0.437600137841944 1.01521571529401 0.344112547060682 3.69537779622291 0.348678730967664 0.561717845828451 0.319811297104047
-9999 -9999 0.197959844326684 0.315163770165694 0.253696782229225 0.216639026491213 0.210619241594349 0.367301899964996 1.33307764383032 0.210987186884193 0.493573311809077 0.501824143304218 1.18663330171405 0.325933270390984 0.379307064470729 0.474096907844128 0.370940623327469 0.313902915304746 0.276747704767045 0.75948010932252 0.256074879055686 0.471595910508234 0.350027053771354 0.543032465107345 0.758465873526844 0.347012845480833 0.28047883387931 0.279755839858469 0.430909378301379 1.03511371211818 0.992746764484544 0.274209375999012 0.314241420578458 0.314096807159938 0.621628840580657 0.261565882971351 0.431757689816102 0.328692991709795 0.374180539671808 0.939376249517779 0.346971413625105 3.69572183885353 0.341514199437729 0.342141502398481 0.393918205842625
-9999 0.280587331369537 0.432172581243992 0.269005899932222 0.16910681941211 0.252585436011652 1.3074720394446 1.31496631764379 0.244962375287622 0.209667140715176 0.473828282860219 0.302171462026431 0.574235557090492 1.12180871957226 1.07136446599565 0.366662986284473 0.448564842733005 0.336777127493284 0.500478029124974 0.648962196998638 0.418341382806529 0.334569509249328 0.346578585195159 0.49933618131358 0.284854046190119 0.548830750922438 0.230412031107686 0.212760437693576 0.31405886740554 0.315469193127405 0.464447611168993 0.985109481637998 0.449893776412289 0.271420618334737 0.604241765648135 0.28160871701496 0.384092396346342 0.30646664109723 0.346511047088355 0.901587650280042 0.281694289345567 3.69500047422205 0.328122120134416 0.340967937304871 0.270363645987778
-9999 0.268809089288689 0.321299719764245 1.26387955727507 1.2669093304829 1.29866684099161 0.27139602995085 0.329281804782406 0.338920718196585 0.450882196312537 0.308890228713735 0.468989554013455 0.342683123119246 0.510098397238057 0.319991463527597 1.03242678218637 0.851746043341655 0.328245543329355 0.363502248519514 0.343882444107125 0.550401237318866 0.342386743608483 0.336061156318562 0.455705214738995 0.293230032281733 0.521671237606495 0.490075886776 0.403740753528622 0.218322931181738 0.221744570043562 0.368774061031832 0.304905128355742 0.928851375794594 0.266179679780689 0.280159755478111 0.561209056486419 0.279891532875247 0.268575500103434 0.696825058610258 0.711910060555972 0.271457898588426 0.281689279290118 3.69609311031097 0.690513561231231 0.319847571604951
