Model input/Uganda/rivergeometry/river_restime_1jun.asc
NCOLS 67 
NROWS 67 
XLLCORNER 29.5 
YLLCORNER -1.5 
CELLSIZE 0.0833333333283582 
NODATA_value -9999 
[rows 0 to 18 of 67, columns 0 to 41 of 67]
-9999.000000000000000 -9999 -9999 -9999 -9999 -9999 -9999 -9999 -9999 -9999 -9999 -9999 -9999 -9999 -9999 -9999 -9999 -9999 -9999 -9999 -9999 -9999 -9999 -9999 -9999 -9999 -9999 -9999 -9999 -9999 -9999 0.00225069615659716 0.00159149514861463 -9999 -9999 -9999 -9999 -9999 -9999 -9999 -9999 -9999
-9999 -9999 -9999 -9999 -9999 -9999 -9999 -9999 -9999 -9999 -9999 -9999 -9999 -9999 -9999 -9999 -9999 -9999 -9999 -9999 -9999 -9999 -9999 -9999 -9999 -9999 -9999 -9999 -9999 0.00157766127167112 0.00211631579814061 0.00161821089116047 0.00203561780032284 0.00229933533783392 0.00228211892162431 0.00162824005967487 0.00154072940591891 0.0022027258506773 0.00162746385985318 0.00159492840010666 -9999 -9999
-9999 -9999 -9999 -9999 -9999 -9999 -9999 -9999 -9999 -9999 -9999 -9999 -9999 -9999 -9999 -9999 -9999 -9999 -9999 -9999 -9999 -9999 -9999 -9999 -9999 -9999 -9999 -9999 -9999 0.00136569958622176 0.00164767975029746 0.00140518296037577 0.00162843691591464 0.00116550257729637 0.00164682841812882 0.00168603677336441 0.0012133294219809 0.00124742558069856 0.00134132584038111 0.00142299734960706 0.00162089009214607 0.00218550744713013
-9999 -9999 -9999 -9999 -9999 -9999 -9999 -9999 -9999 -9999 -9999 -9999 -9999 -9999 -9999 -9999 -9999 -9999 -9999 -9999 -9999 -9999 -9999 -9999 -9999 0.0015652309193046 -9999 -9999 -9999 0.0019061183729817 0.00166747716743163 0.00159941544620285 0.00164846189038092 0.00232208988882792 0.00165585542400035 0.00150585606006322 0.00159544827972339 0.00157326146107542 0.00200353924100457 0.00151844885435346 0.00154336541567839 0.0021270262195713
-9999 -9999 -9999 -9999 -9999 -9999 -9999 -9999 -9999 -9999 -9999 -9999 -9999 -9999 -9999 -9999 -9999 -9999 -9999 -9999 -9999 -9999 0.00159797098843772 -9999 -9999 0.00208359142782566 -9999 -9999 -9999 0.000781509550267823 0.0008684371711979 0.000876730471458146 0.00138825299374785 0.00143964387864403 0.00154484585440795 0.00229618592425524 0.00156306396502936 0.00196052260328436 0.00144784496064315 0.00154661481971747 0.00193411036094268 0.00154347272483722
-9999 -9999 -9999 -9999 -9999 -9999 -9999 -9999 -9999 -9999 -9999 -9999 -9999 -9999 -9999 -9999 -9999 -9999 -9999 -9999 -9999 0.00210875666800877 0.00143016448243872 0.00150083719761439 0.00142201234642512 0.00229665376511271 0.000697486463668806 0.000694257995957192 0.000981782351283768 0.000692627577879454 0.00167241329221161 0.000873894388874852 0.00110753176833277 0.00111846390773305 0.00153419925269092 0.00180860702126436 0.00130609576918192 0.00146063170128696 0.00216438015139053 0.00153617885735481 0.00220653590172515 0.00130566259293975
-9999 -9999 -9999 -9999 -9999 -9999 -9999 -9999 -9999 -9999 -9999 -9999 -9999 -9999 -9999 -9999 -9999 -9999 -9999 0.00157222087275989 0.00127467509460494 0.0012505668671739 0.00119155912277622 0.00116439135647122 0.0018894531491198 0.00166702170802895 0.00069425667160854 0.000697550326703758 0.000695913504315976 0.000692626330040705 0.00145957974783819 0.00164362591611648 0.00125281190946172 0.00204080857612588 0.00158478839537407 0.00120512488730303 0.00121951953800542 0.00129787898246273 0.00153465101616368 0.00144258065375056 0.00138611870250862 0.0012698580875265
-9999 -9999 -9999 -9999 -9999 -9999 -9999 -9999 -9999 -9999 -9999 -9999 -9999 -9999 -9999 -9999 -9999 0.00144185643809875 0.00138973651952455 0.00187424378381856 0.00157774240805657 0.00211841832326012 0.00211586174562462 0.00116155921059681 0.00264428843054563 0.00132243850833885 0.000984229231735034 0.0022170870607928 0.00138275805219759 0.00134018217122152 0.00110375181959351 0.001577183170117 0.00088400184103075 0.00160670942331938 0.00213175440749395 0.00195282907631392 0.00137374657807459 0.00147806887332788 0.0015591783578322 0.00156854548708702 0.00187663808702779 0.00160335217868612
-9999 -9999 -9999 -9999 -9999 -9999 -9999 -9999 -9999 -9999 -9999 -9999 -9999 -9999 -9999 -9999 -9999 0.00143707579365652 0.0021968934817729 0.00157077822596887 0.0015758657911992 0.00200976683279733 0.00139683806771092 0.00113429477779738 0.00112942627615643 0.000984299639614792 0.00154483371454923 0.00153401731541574 0.00142478349417608 0.00137648692251265 0.00110756989219632 0.0011173110532602 0.00151446934932871 0.00125397960524267 0.00200886848933789 0.00148996175587682 0.00208577020826193 0.00146713127684758 0.00206099004963721 0.00155623795897925 0.00157802700648696 0.0010181474822958
-9999 -9999 -9999 -9999 -9999 -9999 -9999 -9999 -9999 -9999 -9999 -9999 -9999 -9999 -9999 -9999 -9999 0.00137789140970486 0.00134188655589836 0.00126915570094472 0.00148465588075658 0.00195464065091479 0.00195850556657045 0.00171055579915245 0.000985180345300792 0.00154753549038932 0.00190114259849642 0.00158288110276912 0.00202105163284313 0.00124270703160682 0.00112823040065672 0.00150971342342716 0.00160157444959935 0.000884756767767255 0.000890424613664331 0.00156026253793652 0.00209846741548622 0.00180645207098187 0.00148345530163074 0.00143624141084753 0.00143291656900588 0.0010219051884571
-9999 -9999 -9999 -9999 -9999 -9999 -9999 -9999 -9999 -9999 -9999 -9999 -9999 -9999 -9999 -9999 0.00156117989171097 0.00144780073052084 0.00125022283500046 0.00116899204630018 0.00113666529474816 0.00113338283305228 0.00156633591108665 0.0013610873478689 0.000694746053517315 0.00123909356026237 0.00149302438534813 0.00211824400285556 0.00196280641886746 0.00131771861480549 0.00121787126073874 0.00211198725916278 0.00114487087065222 0.00148946286149438 0.00155456057431044 0.00125714113106034 0.00126314667136503 0.00146695593595291 0.00141199086186652 0.00100256774539669 0.00144992332434846 0.0015638906657325
-9999 -9999 -9999 -9999 -9999 -9999 -9999 -9999 -9999 -9999 -9999 -9999 -9999 -9999 -9999 -9999 0.00154873791081905 0.00184354122658835 0.00155085508144445 0.00204875748455302 0.00147096856659157 0.00225616167363331 0.00172302424824708 0.000985498232326645 0.00149810853468368 0.00125378020697871 0.001290398156153 0.00148537399068996 0.00147702257402336 0.00136241354231947 0.00126735429408707 0.00175166229069562 0.00116535077375162 0.00148362889893455 0.00147531579268066 0.000938239207495245 0.00138838692138506 0.000985378049112102 0.00122849080053396 0.00154305713494869 0.00187335119283183 0.00136211542502281
-9999 -9999 -9999 -9999 -9999 -9999 -9999 -9999 -9999 -9999 -9999 -9999 -9999 -9999 -9999 0.00154255320680683 0.00193864898985101 0.00151150548916569 0.00141864126594585 0.00179933755511886 0.00156311764581653 0.00211805243383143 0.000695658086519362 0.000695656980656362 0.00149266608628221 0.00210466008395961 0.00148379114588797 0.00208745990424936 0.00147473203646859 0.00140416325638432 0.0014534083746846 0.00190355570012732 0.00120161825459377 0.00221668850312492 0.00154132491078404 0.00132382196635479 0.00133809693035702 0.00156690139783239 0.00145412958170018 0.00179941063713221 0.00218866397253637 0.00145182398720056
-9999 -9999 -9999 -9999 -9999 -9999 -9999 -9999 -9999 -9999 -9999 -9999 -9999 -9999 -9999 -9999 0.00150965184220671 0.00148638595448051 0.00198221956222064 0.00146012932935032 0.00178519653460322 0.00260578290052838 0.000986455968596895 0.000695655948517561 0.00195884468932613 0.00209307020798633 0.00192605333646296 0.0014629688173821 0.00206403479753576 0.00157483803605858 0.00154666942440556 0.0014160618055083 0.00121108016979503 0.00136152937271409 0.00217013897867836 0.0015105335337962 0.000944591482238624 0.0015447426601565 0.00154313442076714 0.00128950279796534 0.0014662617573578 0.00155845118029148
-9999 -9999 -9999 -9999 -9999 -9999 -9999 -9999 -9999 -9999 -9999 -9999 -9999 -9999 -9999 -9999 -9999 0.00149295804129493 0.00137505162559124 0.001302120362194 0.00129374577611818 0.00118323403685058 0.000696008068200303 0.00189027928354409 0.00139259640805796 0.00130900880478772 0.00208386232812609 0.00187869494348669 0.0015454719793492 0.00153353826067869 0.00215279688453082 0.00151254053824923 0.00128098758602262 0.00140757068920684 0.00151444007203989 0.00150948894510193 0.00128327747957361 0.0013494548418659 0.00151441859400947 0.00152111172723995 0.00150286446017806 0.00156236523904504
-9999 -9999 -9999 -9999 -9999 -9999 -9999 -9999 -9999 -9999 -9999 -9999 -9999 -9999 -9999 -9999 0.00144846150904783 0.00193551870588133 0.00152351419814988 0.00140807297050536 0.0013767792348325 0.0019352812625668 0.000696415615516259 0.00152073686871395 0.00164777296777942 0.00117447053965877 0.001264478533123 0.00148306778518514 0.00156887438403064 0.00137451287690817 0.00194076217693117 0.00153867670949458 0.00149202997172173 0.0019109510328353 0.00144624673354718 0.00140254317371576 0.00134862152932717 0.00136097932652151 0.00135715353896031 0.00105529782368347 0.00139665370284489 0.00150663249152846
-9999 -9999 -9999 -9999 -9999 -9999 -9999 -9999 -9999 -9999 -9999 -9999 -9999 -9999 -9999 -9999 0.00144720402432611 0.00123218537864373 0.00166993484696619 0.00151480000654489 0.00109527243695594 0.00107257062826909 0.00107253018413241 0.000987483848531253 0.00154130170555586 0.00216027050229073 0.00213239349543569 0.00211493816623386 0.00123609266008292 0.0012689092070084 0.00154118016388842 0.0021627810142955 0.00204415864354412 0.00147770636287987 0.00195469715675229 0.00149433870571694 0.0021436030195305 0.00153882481420808 0.00131027766710711 0.0014456654738195 0.00155216193272711 0.00209642537851345
-9999 -9999 -9999 -9999 -9999 -9999 -9999 -9999 -9999 -9999 -9999 -9999 -9999 -9999 -9999 0.00206551335874165 0.00181348406558849 0.00152647008402777 0.00119213077875173 0.00155489605481018 0.00179797223922417 0.00162917748090089 0.00229188639078682 0.000697798682071689 0.00161818248344925 0.00116573830706795 0.00118338400967843 0.00120698074726536 0.00122081535616206 0.00157678133609334 0.00141779650364308 0.0021321602179574 0.00152806731357588 0.00178256849149857 0.00151635841781853 0.00199467095271581 0.00153807823568281 0.00138966882388876 0.00134309487157493 0.00102141301169741 0.00102892465823953 0.00162010944037743
-9999 -9999 -9999 -9999 -9999 -9999 -9999 -9999 -9999 -9999 -9999 -9999 -9999 -9999 -9999 0.0015216217072523 0.00132276190364064 0.00215869885321646 0.00121951782832842 0.00146085591221446 0.00127838478383982 0.00166513285215327 0.00148922952517054 0.00069772709509208 0.00160941838944108 0.00220452232271733 0.00153542742292347 0.00204375246558533 0.0015984293167365 0.00157001735337523 0.00187568143440395 0.00151468826790581 0.00151053080205765 0.00140074425281403 0.00119500499508995 0.0015231977401864 0.00151250257940497 0.00154340229273859 0.00220585572368984 0.00145564127856649 0.00129814203176196 0.00147411225213338
