Model input/Uganda/rivergeometry/river_depth_1nov.asc
NCOLS 67 
NROWS 67 
XLLCORNER 29.500000001 
YLLCORNER -1.499999999 
CELLSIZE 0.0833333332985075 
NODATA_value -9999 
[rows 0 to 19 of 67, columns 0 to 44 of 67]
-9999.000000000000000 -9999 -9999 -9999 -9999 -9999 -9999 -9999 -9999 -9999 -9999 -9999 -9999 -9999 -9999 -9999 -9999 -9999 -9999 -9999 -9999 -9999 -9999 -9999 -9999 -9999 -9999 -9999 -9999 -9999 -9999 0.254843460100945 0.254181010211484 -9999 -9999 -9999 -9999 -9999 -9999 -9999 -9999 -9999 -9999 -9999 -9999
-9999 -9999 -9999 -9999 -9999 -9999 -9999 -9999 -9999 -9999 -9999 -9999 -9999 -9999 -9999 -9999 -9999 -9999 -9999 -9999 -9999 -9999 -9999 -9999 -9999 -9999 -9999 -9999 -9999 0.259371015654947 0.316763425360575 0.24663089547527 0.364407907207687 0.249138053569316 0.25134734599753 0.249698172525184 0.299093643495523 0.286390673358223 0.229617234952085 0.242830401250409 -9999 -9999 -9999 -9999 -9999
-9999 -9999 -9999 -9999 -9999 -9999 -9999 -9999 -9999 -9999 -9999 -9999 -9999 -9999 -9999 -9999 -9999 -9999 -9999 -9999 -9999 -9999 -9999 -9999 -9999 -9999 -9999 -9999 -9999 0.423487893742833 0.231331705416993 0.396867267359205 0.786603142665451 0.758914555374792 0.245418882922959 0.693268113359023 0.655690365776059 0.592267973341518 0.461376868928477 0.377579248897055 0.244925257882975 0.274088473399601 0.266769506705226 -9999 -9999
-9999 -9999 -9999 -9999 -9999 -9999 -9999 -9999 -9999 -9999 -9999 -9999 -9999 -9999 -9999 -9999 -9999 -9999 -9999 -9999 -9999 -9999 -9999 -9999 -9999 0.264028308230607 -9999 -9999 -9999 0.443750289883523 0.223560398556417 0.836119069108084 0.245222224701968 0.244139454128157 0.740328594965204 0.328606832100623 0.269653174159168 0.2728428883507 0.380862823343637 0.298927520827402 0.272415799997545 0.282262290634009 0.377765340903106 -9999 -9999
-9999 -9999 -9999 -9999 -9999 -9999 -9999 -9999 -9999 -9999 -9999 -9999 -9999 -9999 -9999 -9999 -9999 -9999 -9999 -9999 -9999 -9999 0.295827223409218 -9999 -9999 0.329720960956222 -9999 -9999 -9999 4.41247765862539 1.95909633183358 1.88989281598971 0.422706925401413 0.373542095731052 0.295138897182296 0.250360799204569 0.270395032940161 0.373711023108994 0.321715427445009 0.254470243332375 0.389286072017562 0.2393771185954 0.437650271687228 0.242146370274618 -9999
-9999 -9999 -9999 -9999 -9999 -9999 -9999 -9999 -9999 -9999 -9999 -9999 -9999 -9999 -9999 -9999 -9999 -9999 -9999 -9999 -9999 0.365929652793849 0.405858034703635 0.330843896439877 0.376533191572148 0.239714576702684 4.23485342875896 4.23485342875896 4.26865132048978 4.26865132048978 0.223733938597389 1.87926517034509 0.834338759643513 0.801513431182649 0.290443483691024 0.503195712470193 0.469495695236568 0.306541136285462 0.261451129066392 0.256865639133406 0.255111363174901 0.445704199303646 0.481004562574294 0.245265575417298 -9999
-9999 -9999 -9999 -9999 -9999 -9999 -9999 -9999 -9999 -9999 -9999 -9999 -9999 -9999 -9999 -9999 -9999 -9999 -9999 0.321984325915263 0.634784079601162 0.675741136999753 0.779529226816984 0.819572649008113 0.467642783917142 0.185303553674924 4.23485342875896 4.23485342875896 4.26865132048978 4.26865132048978 1.13589066297245 0.233436175510768 1.81559012353041 0.356469827306708 0.786356574805357 0.610784908039059 0.583888676482907 0.467072349243705 0.267862363470893 0.33318166023989 0.379824319481813 0.506775690302586 0.641687974197046 0.224826946611322 -9999
-9999 -9999 -9999 -9999 -9999 -9999 -9999 -9999 -9999 -9999 -9999 -9999 -9999 -9999 -9999 -9999 -9999 0.398123442160946 0.465150328192605 0.552394158751539 0.296499791894838 0.364170638661634 0.335313627889284 0.82427513823063 0.196924188886232 0.507004626901988 4.23445466321698 0.269358059111569 0.408122300631532 0.451199216723486 0.898931522498544 0.879104131241363 1.81259787079138 0.254294900885929 0.310240463374816 0.400489741815416 0.392877490305094 0.311044152337793 0.266659942622211 0.260965213453307 0.449436269267214 0.247907823709231 0.678837605708162 0.23630138254101 0.228376582497223
-9999 -9999 -9999 -9999 -9999 -9999 -9999 -9999 -9999 -9999 -9999 -9999 -9999 -9999 -9999 -9999 -9999 0.400502875261922 0.324900442846618 0.309205958299054 0.303961498187066 0.418492595153685 0.440558766765193 0.901170581494196 0.915498644069876 4.23144779584845 0.288461059881249 0.286357492233069 0.361303729160215 0.422510838350127 0.886652289644134 0.865494747223388 0.310696527031165 1.80799806516414 0.374227256506193 0.320929140086768 0.32093998721891 0.318943724085314 0.338860674384478 0.260761273777289 0.257202999864902 1.09519934883349 0.246618049222445 0.342416711984923 0.236464178693488
-9999 -9999 -9999 -9999 -9999 -9999 -9999 -9999 -9999 -9999 -9999 -9999 -9999 -9999 -9999 -9999 -9999 0.478873086593079 0.52580114995703 0.626252215608099 0.373107708207085 0.457949356857036 0.433409063200183 0.207996071804187 4.21193516481751 0.327064666379612 0.4648157218779 0.260201795012231 0.370693665595396 0.612575507367161 0.836957749873671 0.312639657030965 0.835776157374861 1.80517270265078 1.79610951715988 0.26962662897493 0.325750499678802 0.522506346740268 0.318268338918156 0.348791169345008 1.12500825159892 1.10083876745306 0.938851893089386 0.394461942069471 0.244960148549837
-9999 -9999 -9999 -9999 -9999 -9999 -9999 -9999 -9999 -9999 -9999 -9999 -9999 -9999 -9999 -9999 0.346935634747418 0.436449015342385 0.697622982425564 0.855318456432803 0.923747310535092 0.928813388192526 0.991066773252723 0.468365507424512 4.21162138581273 0.618655800385849 0.315382930667479 0.314276437560274 0.417887565406084 0.497409606301939 0.653314529025584 0.322406371308284 0.801310245629666 0.343853871611104 0.276867925711089 1.79085485770761 0.546296276335563 0.320930082671943 1.18476710313959 1.17741057329644 0.336438789406211 0.263964224534318 0.257297605968885 0.895264893450428 0.846226431924165
-9999 -9999 -9999 -9999 -9999 -9999 -9999 -9999 -9999 -9999 -9999 -9999 -9999 -9999 -9999 -9999 0.337297681455632 0.600483312875591 0.317813827859086 0.388667030019501 0.353507405886938 0.260547536213732 0.218473573302478 4.20310149506353 0.368110292463236 0.584413388724671 0.541426394066911 0.328153206368447 0.335343268398413 0.446871264589725 0.587238405261188 0.625081287908648 0.755844769269496 0.347425154615021 0.351042181260782 1.50391277208919 1.25627340512269 1.25117991047466 0.605106822950437 0.276322657720721 0.460923057429265 0.422739780016934 0.253626504179621 0.433357475183732 0.251738042856335
-9999 -9999 -9999 -9999 -9999 -9999 -9999 -9999 -9999 -9999 -9999 -9999 -9999 -9999 -9999 0.30926221259403 0.501203725958973 0.344870313471082 0.415812137181179 0.580813283451474 0.261198687306714 0.332416234529971 4.18169782884748 4.18169782884748 0.342128052272161 0.346517695458761 0.34310998160964 0.342907292383454 0.340407334393305 0.404622254694736 0.366814254549595 0.480165543308357 0.683065579999031 0.284276447596405 0.30088496997695 0.480558695670077 1.47396239244443 0.269876077709822 0.339986897085546 0.531554419963254 0.2756447774134 0.336801248260432 0.260402063610017 0.369035410017274 0.238604946272119
-9999 -9999 -9999 -9999 -9999 -9999 -9999 -9999 -9999 -9999 -9999 -9999 -9999 -9999 -9999 -9999 0.361327913462076 0.349134971822249 0.419424725732494 0.354873659289763 0.594451688526162 0.242321712299449 4.18169782884748 4.18169782884748 0.443885860062715 0.355047380635301 0.454134873494158 0.358068245936607 0.361798331859792 0.286642861213301 0.296006452582992 0.401425891239492 0.66540359968843 0.46838753597449 0.298857799638675 0.30799214045389 1.46962926360501 0.276550116396754 0.283756666110273 0.502848865517186 0.33467689528307 0.272515632907739 0.266490871518621 0.327364247251158 0.242859666177795
-9999 -9999 -9999 -9999 -9999 -9999 -9999 -9999 -9999 -9999 -9999 -9999 -9999 -9999 -9999 -9999 -9999 0.340173314453778 0.451137485779309 0.536818225429265 0.553421604865102 0.757214799400784 4.17241072908493 0.506720799634777 0.446289539505227 0.518248575432093 0.352933585468282 0.500620889113368 0.303094995870321 0.304237958481703 0.308862907986647 0.319660918908668 0.541329913321984 0.410887209213815 0.325227352118323 0.314373909521638 0.529841207567524 1.43393108634889 0.294267490719971 0.283503477214199 0.997701370688347 0.274452294312761 0.380910443918449 0.304759197384887 0.907219888330907
-9999 -9999 -9999 -9999 -9999 -9999 -9999 -9999 -9999 -9999 -9999 -9999 -9999 -9999 -9999 -9999 0.379414376955025 0.44913399740262 0.322461927512781 0.420884609866595 0.454458033081305 0.476207953452827 4.15977663100634 0.323560100907685 0.794209713501016 0.767067701873672 0.599724394896875 0.350598386548668 0.281182663350539 0.434867754990652 0.435158237520919 0.299210417842179 0.320327173115576 0.453358235918831 0.363718244060558 0.400736338449411 0.448596878356599 0.435659463447909 1.40761159684633 1.02885299479154 0.39998628687549 0.990210195345607 0.950197163601228 0.931471862116562 0.298516728049834
-9999 -9999 -9999 -9999 -9999 -9999 -9999 -9999 -9999 -9999 -9999 -9999 -9999 -9999 -9999 -9999 0.368259087519619 0.629815679204789 0.72444355052799 0.325569649737139 0.941657370593377 1.02141434665144 1.02264219165029 4.15975648020661 0.319041390088311 0.338091067686244 0.341377569388835 0.345426785505662 0.619077721973675 0.575559159031429 0.288688977176936 0.293317108364974 0.356313793337059 0.331815459856129 0.411413037888699 0.317256938127168 0.307883476428543 0.286069006063869 0.492271057103891 1.14434104700179 0.267600996549296 0.325547479843686 0.250633362787578 0.242955160147226 0.242981340484114
-9999 -9999 -9999 -9999 -9999 -9999 -9999 -9999 -9999 -9999 -9999 -9999 -9999 -9999 -9999 0.352381264613879 0.545649715776196 0.30903706831992 0.707909794751325 0.920478400390509 0.592152330475944 0.26148632647878 0.277557134009035 4.12379733889964 0.847350717873339 0.790505000042558 0.744638946097373 0.689658084625496 0.658430992896832 0.273302016069255 0.376822871509701 0.309348195218256 0.296756905992316 0.562763869753712 0.29659571241658 0.385452041337035 0.290653895957208 0.411039492969044 0.452544503300663 1.13737604822927 1.13112991900067 0.250085552844886 0.248432294343233 0.251080512838708 0.303487535476455
-9999 -9999 -9999 -9999 -9999 -9999 -9999 -9999 -9999 -9999 -9999 -9999 -9999 -9999 -9999 0.310637498773933 0.486851891007863 0.305408883454533 0.641675823868818 0.369782985944882 0.575493726381291 0.265111871960395 0.395827130563301 4.12360516222339 0.327359347307762 0.319787345664584 0.329988067268104 0.388619382516581 0.266695536321069 0.27168655356081 0.476603421600455 0.302910940149738 0.310467186710361 0.392951606106392 0.665564845440757 0.290893033002643 0.301682372452817 0.282817053839728 0.27816934851077 0.355623110307053 0.512513447852558 1.07388372086954 0.238993922768637 0.428877791403717 0.356669267666275
-9999 -9999 -9999 -9999 -9999 -9999 -9999 -9999 -9999 -9999 -9999 -9999 -9999 -9999 -9999 0.293811406790542 0.511486300415658 0.62255031192629 0.286034864898987 0.458989296002455 0.262311955799841 0.249071440733222 0.274934648424807 0.298397302956918 4.10820442378438 0.318221891074666 0.54976952692766 0.324778386222938 0.267219675832332 0.664748327493549 0.516957331412278 0.454203527597888 0.345609584041681 0.458381329728176 0.757535230537929 0.39731755549871 0.401337437466639 0.349313672387873 0.273336747515643 0.272616464785916 0.381686918180683 0.314703717816288 1.05633052667205 0.975096021688914 0.351922058497205
