Model input/Uganda/rivergeometry/river_flowvelocity_1dec.asc
NCOLS 67 
NROWS 67 
XLLCORNER 29.500000001 
YLLCORNER -1.499999999 
CELLSIZE 0.0833333332985075 
NODATA_value -9999 
[rows 40 to 59 of 67, columns 0 to 45 of 67]
2.16735462331137 2.07554007498931 3.74783559799852 3.75278153454021 1.92451203300731 2.68044443070289 2.10996376501955 2.23466541021066 2.28106212215884 2.26290953050712 2.22095462999911 2.3749937913763 2.34957405252011 2.65158774673307 2.36348331990561 2.94308337439712 2.7890712138854 2.93268558526115 2.37315389677962 2.36215926264781 2.34388111860768 2.51799437809639 2.34579586769088 2.3116333407978 2.27726146928202 2.24260035558902 2.34916449316074 2.45612176686389 2.27155712674941 2.09355267488266 2.33877270691889 2.21327950265868 3.19124305767204 2.52222662608283 2.34628787315025 2.68833985449834 2.2615576887593 2.26185437625974 2.26292040669808 2.897162136778 2.97270872075454 2.27338489872028 4.8511064512638 2.5292125000286 2.73701253037345 2.32947130719414
2.20716791079158 2.38239951972782 3.73856759900985 2.56760516700683 2.54729897908473 2.59549451384286 2.28744038653526 2.25398615896091 2.3492540638058 2.65602405526032 2.74019430503074 2.29176729540494 2.36611333715269 2.39009560103473 2.53095375030493 2.76314273706696 2.33539871154871 2.72423435502071 2.89701733244132 2.8001972058583 2.61482284626891 2.541913112083 2.3509408012177 2.51592656085341 2.4240471554588 2.33757929509118 2.07532799678529 2.20777221437718 2.18055589173109 2.20701009241235 2.31672672855017 2.60606868364778 3.13426809995673 2.25113267056641 2.26627969330574 2.27297432037883 2.41587417700236 2.25390156511428 2.80711125244085 2.42130277422949 2.92796985116986 2.61412970121774 4.85117709857801 2.36596381121064 2.67129679572056 2.3106917399184
1.98109482649462 2.11278752697538 3.72531969330384 2.07936443087945 2.5109895029606 2.48477957004736 2.2162454608575 2.44209391332134 2.56575062741343 2.28906839320573 2.3325634379614 2.82628369826413 2.47785489819702 2.30615055642721 2.33481100555404 2.30743530649647 2.53176258820726 2.43145687280153 2.50621925827835 2.31982991872128 2.28679839397756 2.40285539354234 2.42395289289097 2.6280874802547 2.21366317345484 2.73752577066645 2.32078329677371 2.42566061494553 2.20756204652648 2.25261090995107 2.4376837857605 2.25537353665037 3.10701943228212 2.85355250509393 2.53453750305838 2.25909956996433 2.24136582794448 2.24020564775852 2.73627466813822 2.25166391125631 2.77638781257703 2.5383599522081 4.85121359614178 4.85113802091283 2.29768768343879 2.48753709171352
3.70413908502396 3.72436784596392 2.15300173031013 2.3338243986262 2.37590053808329 2.31764098135546 2.21076646318746 2.42724825316899 2.6374161999467 2.37650054867863 2.48389132401309 2.8626125393404 2.95121958593206 2.24728192556926 2.23914191031669 2.27560079285834 2.26011819674075 2.20579686021179 2.24383613903495 2.28767751065821 2.23348316523105 2.5117358351316 2.8066417371774 2.21320770822849 2.26371093429599 2.78319779480601 2.22712735969077 2.22237852818568 2.6621860768782 3.0095472717774 2.34901727871278 2.17102987344137 2.90577874677508 2.27514486983988 2.64439798421936 2.57191440664275 2.2692352613138 2.58233709178591 2.25645297174432 2.26769212998146 2.73801841597107 2.45218101328448 2.0640582349844 4.8511106521682 2.34506618225012 2.32592204173019
3.70278068011063 2.70350863311025 2.6726798817865 2.54390847162744 2.46335033704087 2.30195489898925 2.12064067062168 2.33059322819669 2.48781754972431 2.74857597913102 2.68350911139048 2.27434243214399 3.02366626212401 2.50839671041047 2.48753595713109 2.31853142565821 2.25605168315975 2.3676641491482 2.48306449211533 2.50280616733402 2.39297447530422 2.91548523379603 2.32037344561265 2.54318194679729 2.89272970249378 2.44882457303191 2.31469168039517 3.22153604662199 2.76141361703347 3.0095472717774 2.2549356285369 2.21916852314859 2.4777796695359 2.77366630438763 2.66721896370184 2.28471134396806 2.34786303104952 2.49554407535511 2.30647283808394 2.40263128896336 2.6348909618406 2.33553505312173 4.85071008555877 4.85071008555877 4.85071008555877 4.85071008555877
3.69837121940781 2.46380207000943 2.40894232968959 2.34600520164689 2.59503111824123 2.28398808652959 2.44836755183893 2.5486521561587 2.38513985787862 2.85041580465417 2.72860448027171 2.21829360490012 3.0400112574776 2.34256488951068 2.67696511234799 2.28280749205997 2.65286803303431 2.28365966158238 2.30151862567525 2.73996097835224 2.58452907873451 2.9785914053317 3.0837644195689 2.98802706980232 2.37750382453878 2.31364767261545 2.36607930786636 3.22153604662199 3.0095472717774 3.0095472717774 2.49711751744348 2.2339120538027 2.31740247349054 2.30189257160065 2.20814849518629 2.51181727443984 2.37863394131851 4.85071008555877 4.85071008555877 2.16582284230827 2.33675408527049 2.17272575007307 4.85071008555877 4.85071008555877 4.85071008555877 4.85071008555877
2.71897068286 3.68887911266637 2.25565134473171 2.32188260311775 2.6730233539065 2.23747805516897 2.52835031629301 2.55499425293666 3.6133515936766 3.0694989330304 2.80387408604251 2.26640772188482 3.05512866698193 2.7954944360825 2.83819188653229 2.9053959868813 3.15925990034452 3.18447006927923 3.34253898811536 3.43648767126562 3.45459167296948 3.69068457656802 3.7084533369288 2.42309261916151 2.42374891939202 2.44069709471734 3.24994340869072 2.31759372015453 2.27546413450596 2.39565124025145 2.22534132891964 2.23003135132947 2.2315444664846 2.39772812014373 4.85071008555877 4.85071008555877 4.85071008555877 4.85071008555877 4.85071008555877 4.85071008555877 4.85071008555877 4.85071008555877 4.85071008555877 4.85071008555877 4.85071008555877 4.85071008555877
2.13980358697744 3.66507702851957 2.47993300056086 2.33986368256991 2.34904918145596 2.79827873839489 3.6133515936766 3.6133515936766 3.6133515936766 3.6133515936766 3.41511392265432 3.40912648634555 3.22372568951258 3.21473952091095 2.2199454845295 2.19727317594872 2.80233234670857 2.42278908129226 2.97642772148783 2.46515536789261 2.99917258475711 2.40364732606744 2.60064929752743 3.74848789639294 2.60273234774997 3.26932955046637 2.33589119917896 2.33201852166901 2.31036537498114 2.23487717056051 2.21148442918738 2.39231550553497 4.85071008555877 4.85071008555877 4.85071008555877 4.85071008555877 4.85071008555877 4.85071008555877 4.85071008555877 4.85071008555877 4.85071008555877 4.85071008555877 4.85071008555877 4.85071008555877 4.85071008555877 4.85071008555877
2.37161221893662 3.66365076737585 3.65658601598047 3.65658601598047 2.83737015656844 2.15958844778488 3.6133515936766 3.6133515936766 3.6133515936766 3.6133515936766 2.22942012811837 2.57627553468153 2.23850205521213 2.80950755159727 3.09016996226331 2.75343489309201 2.5632822120636 2.23344496839575 2.95658679327055 2.28865676947474 2.904450866648 2.53056617127614 2.40184225963291 2.36875122133334 3.85885155662756 3.92420737858737 3.93313672195607 3.94405807968131 3.95713587102764 2.39958985665475 4.85071008555877 4.85071008555877 4.85071008555877 4.85071008555877 4.85071008555877 4.85071008555877 4.85071008555877 4.85071008555877 4.85071008555877 4.85071008555877 4.85071008555877 4.85071008555877 4.85071008555877 4.85071008555877 4.85071008555877 4.85071008555877
3.65658601598047 3.65658601598047 3.65658601598047 3.65658601598047 3.65658601598047 1.92342028482688 2.02283429706997 2.12878854105931 3.6133515936766 3.6133515936766 2.40151654916054 2.2038067773437 2.69464467695646 2.259638303632 2.95050862897943 2.68226744990936 2.21167077030706 2.46164972052475 2.92612983076548 2.87881079886088 2.32459684523558 2.83535305150401 2.36798019860703 2.40677579556143 3.08573840287002 2.33565639128743 2.76837997335162 2.3125533753492 4.85071008555877 4.85071008555877 4.85071008555877 4.85071008555877 4.85071008555877 4.85071008555877 4.85071008555877 4.85071008555877 4.85071008555877 4.85071008555877 4.85071008555877 4.85071008555877 4.85071008555877 4.85071008555877 4.85071008555877 4.85071008555877 4.85071008555877 4.85071008555877
3.65658601598047 3.65658601598047 3.65658601598047 3.65658601598047 3.65658601598047 1.93281944907178 3.65415218790952 3.61776722366869 3.6133515936766 2.1428996761635 2.23857453081872 2.19845747367507 2.64560178761038 2.25584039903876 2.93040747624871 2.59749670189765 2.19370398691248 2.33243744061895 2.22870069216791 2.83784929095845 2.33664170060501 2.78772863893003 2.34270792139937 2.38478075543024 3.03169445876724 2.20988737846494 2.75128115745145 2.18414463530313 4.85071008555877 4.85071008555877 4.85071008555877 4.85071008555877 4.85071008555877 4.85071008555877 4.85071008555877 4.85071008555877 4.85071008555877 4.85071008555877 4.85071008555877 4.85071008555877 4.85071008555877 4.85071008555877 4.85071008555877 4.85071008555877 4.85071008555877 4.85071008555877
3.65658601598047 3.65658601598047 3.65658601598047 3.65658601598047 3.65658601598047 3.65686382053861 2.05811611096932 2.83026050684364 2.13557093089618 2.49043476653838 2.16510800437279 2.41266121959148 2.30258091482537 2.28415339245997 2.85722629006949 2.10893461469032 2.50154308591164 2.17993432908507 2.41969963935047 2.63723655496372 2.35876793851876 2.53903908349688 2.38414815969542 2.40273003479557 3.00334133721359 2.157642208657 2.60144263291564 2.19969231475545 4.85071008555877 4.85071008555877 4.85071008555877 4.85071008555877 4.85071008555877 4.85071008555877 4.85071008555877 4.85071008555877 4.85071008555877 4.85071008555877 4.85071008555877 4.85071008555877 4.85071008555877 4.85071008555877 4.85071008555877 4.85071008555877 4.85071008555877 4.85071008555877
3.65658601598047 3.65658601598047 3.65658601598047 3.65658601598047 3.65658601598047 2.13985077752014 1.89642386482653 2.78206560045608 2.30015238235668 2.04312397656991 2.28249654567651 2.01236496146475 2.29917913549258 2.52721119283344 2.56143186905464 2.46580057649582 2.20118691647572 2.16268811204274 2.25106103850567 2.36217048658967 2.38124796695173 2.37292741813753 2.35928081176424 2.69513659518545 2.89424629202352 2.40985096905185 2.38163397249606 2.20158090843855 2.31398266569153 2.40545957837871 4.85071008555877 4.85071008555877 4.85071008555877 4.85071008555877 4.85071008555877 4.85071008555877 4.85071008555877 4.85071008555877 4.85071008555877 4.85071008555877 4.85071008555877 4.85071008555877 4.85071008555877 4.85071008555877 4.85071008555877 4.85071008555877
3.65658601598047 3.65658601598047 3.65658601598047 3.65658601598047 3.65658601598047 1.79554137175369 2.08659331236406 2.75983296820596 2.70995914356953 2.31339251212627 2.40299079959888 2.36546446629387 2.26331149009258 2.41358442344091 2.19913105286137 2.19444192811458 2.19043290089472 2.26089999666763 2.30092663633886 2.3299009039748 2.51059941054251 2.28798034158651 2.36378195776438 2.31402725854796 2.62995855746675 2.24986611824566 2.20511076110023 2.25255474621421 2.53075548600191 2.73757115107822 4.85071008555877 4.85071008555877 4.85071008555877 4.85071008555877 4.85071008555877 4.85071008555877 4.85071008555877 4.85071008555877 4.85071008555877 4.85071008555877 4.85071008555877 4.85071008555877 4.85071008555877 4.85071008555877 4.85071008555877 4.85071008555877
3.65658601598047 3.65658601598047 3.65658601598047 3.65658601598047 1.86619832317806 2.30891551535794 2.22971868120279 2.47526258184655 2.26558148722382 2.37947384087586 2.56992108349602 2.51501159111897 2.28436405139853 2.23396307906421 2.27439767974044 2.43076305378147 2.24366298620317 2.41696610079679 2.4760979613883 2.96612280411929 2.64764096427497 2.47710683001976 2.35819572507224 2.36510272217567 2.37462205004464 2.13869595941959 2.03366652602995 4.85071008555877 4.85071008555877 4.85071008555877 4.85071008555877 4.85071008555877 4.85071008555877 4.85071008555877 4.85071008555877 4.85071008555877 4.85071008555877 4.85071008555877 4.85071008555877 4.85071008555877 4.85071008555877 4.85071008555877 4.85071008555877 4.85071008555877 4.85071008555877 4.85071008555877
3.65658601598047 3.65658601598047 3.09851112642955 2.0340027333841 2.6935081770555 2.17447509321527 2.29843357088214 2.29954553349153 2.303839681551 2.75575587543057 2.32645399863078 2.61829634953325 2.47726632552439 2.27209430846991 2.24732552593015 2.28849168697415 2.59383214070095 2.6847443943328 2.25260291776176 2.96612280411929 2.22042123172988 2.37872508741347 2.23279171711286 2.2201992695412 2.19968375922902 1.98741768900992 2.29696804345569 4.85071008555877 4.85071008555877 4.85071008555877 4.85071008555877 4.85071008555877 4.85071008555877 4.85071008555877 4.85071008555877 4.85071008555877 4.85071008555877 4.85071008555877 4.85071008555877 4.85071008555877 4.85071008555877 4.85071008555877 4.85071008555877 4.85071008555877 4.85071008555877 4.85071008555877
3.65658601598047 3.65658601598047 3.09435217382384 3.06282612057681 2.1344776372418 2.63706691547335 2.30088300696297 2.26245726230615 2.44217609280404 2.81077331751129 2.31033992024855 3.13769662649117 3.20455303589105 3.22805988009841 3.24732388023423 3.27238455859709 3.41488627060087 2.8684144406325 3.53674374220304 3.53674374220304 3.55774340876573 2.50020391461797 3.5778642303839 2.32286655761529 2.12119469173117 2.32653564756947 4.85071008555877 4.85071008555877 4.85071008555877 4.85071008555877 4.85071008555877 4.85071008555877 4.85071008555877 4.85071008555877 4.85071008555877 4.85071008555877 4.85071008555877 4.85071008555877 4.85071008555877 4.85071008555877 4.85071008555877 4.85071008555877 4.85071008555877 4.85071008555877 4.85071008555877 4.85071008555877
2.06398864736624 2.81727025704471 2.33045584049884 3.05313319050119 2.18791316052399 2.27208845568146 2.25328123142264 2.66112316888716 2.22990553155695 2.85641102024421 3.01643153134145 2.27693040908077 2.23875916649046 2.26596313644999 2.49894411994648 2.58733709794123 3.41488627060087 3.41488627060087 3.53674374220304 3.53674374220304 3.55774340876573 3.5778642303839 3.5778642303839 2.24087540994174 2.58631690413165 2.20381317389897 4.85071008555877 4.85071008555877 4.85071008555877 4.85071008555877 4.85071008555877 4.85071008555877 4.85071008555877 4.85071008555877 4.85071008555877 4.85071008555877 4.85071008555877 4.85071008555877 4.85071008555877 4.85071008555877 4.85071008555877 4.85071008555877 4.85071008555877 4.85071008555877 4.85071008555877 4.85071008555877
2.03099791886263 2.78741393549557 2.23072587417918 3.04031704124613 2.16851230048471 2.23783132740838 2.77275236950544 2.70215110220726 2.30445942090059 2.97209403016357 2.44881404997822 2.26386013576547 2.20669155447411 2.22008315848465 2.21055996860853 2.27765478485176 3.41488627060087 3.41488627060087 2.17965951350588 2.17521065142287 2.53050560248665 2.17903772779362 3.58345367069553 1.95855603207027 2.66818562249894 2.69884044000739 4.85071008555877 4.85071008555877 4.85071008555877 4.85071008555877 4.85071008555877 4.85071008555877 4.85071008555877 4.85071008555877 4.85071008555877 4.85071008555877 4.85071008555877 4.85071008555877 4.85071008555877 4.85071008555877 4.85071008555877 4.85071008555877 4.85071008555877 4.85071008555877 4.85071008555877 4.85071008555877
2.03176987502902 2.77572432682448 2.13460907934833 2.17310729262733 3.01830504526389 2.83290726439728 2.81431232923974 2.30187588092593 2.25765344757993 2.30333775103033 2.32292786195399 2.21456623563384 2.40481629844092 2.20245275228791 2.21268184078013 2.40392713195202 2.37176786220778 2.20236584911746 2.23625826507971 2.31617621884279 2.46613615139854 2.24797486860081 2.13750692257461 3.58787575551901 3.63423159581701 3.63916099232401 4.85071008555877 4.85071008555877 4.85071008555877 4.85071008555877 4.85071008555877 4.85071008555877 4.85071008555877 4.85071008555877 4.85071008555877 4.85071008555877 4.85071008555877 4.85071008555877 4.85071008555877 4.85071008555877 4.85071008555877 4.85071008555877 4.85071008555877 4.85071008555877 4.85071008555877 4.85071008555877
