Model input/Uganda/rivergeometry/river_width_1mar.asc
NCOLS 67 
NROWS 67 
XLLCORNER 29.500000001 
YLLCORNER -1.499999999 
CELLSIZE 0.0833333332985075 
NODATA_value -9999 
[rows 0 to 19 of 67, columns 0 to 44 of 67]
-9999.000000000000000 -9999 -9999 -9999 -9999 -9999 -9999 -9999 -9999 -9999 -9999 -9999 -9999 -9999 -9999 -9999 -9999 -9999 -9999 -9999 -9999 -9999 -9999 -9999 -9999 -9999 -9999 -9999 -9999 -9999 -9999 0.72461060826346 0.719744342257125 -9999 -9999 -9999 -9999 -9999 -9999 -9999 -9999 -9999 -9999 -9999 -9999
-9999 -9999 -9999 -9999 -9999 -9999 -9999 -9999 -9999 -9999 -9999 -9999 -9999 -9999 -9999 -9999 -9999 -9999 -9999 -9999 -9999 -9999 -9999 -9999 -9999 -9999 -9999 -9999 -9999 0.738741930469736 1.01841733458932 0.673883823488416 1.26285732041841 0.652615623054645 0.677927177348635 0.639848470548402 0.841431269795988 0.776860628820296 0.611336970748354 0.675063220759667 -9999 -9999 -9999 -9999 -9999
-9999 -9999 -9999 -9999 -9999 -9999 -9999 -9999 -9999 -9999 -9999 -9999 -9999 -9999 -9999 -9999 -9999 -9999 -9999 -9999 -9999 -9999 -9999 -9999 -9999 -9999 -9999 -9999 -9999 1.61764745510115 0.605369676163765 1.42761838617174 4.14820337396117 3.91055417908804 0.608825692136717 3.37814804338744 3.07872711258415 2.62297951577544 1.77605362749505 1.29647379819503 0.638253774884608 0.810457633822204 0.738681716286157 -9999 -9999
-9999 -9999 -9999 -9999 -9999 -9999 -9999 -9999 -9999 -9999 -9999 -9999 -9999 -9999 -9999 -9999 -9999 -9999 -9999 -9999 -9999 -9999 -9999 -9999 -9999 0.646177576415611 -9999 -9999 -9999 1.71357340158102 0.54765556289353 4.60721603603601 0.615906195528873 0.618906062171353 3.75946817364893 0.996882862179403 0.72359676496119 0.7313967350564 1.26423910464036 0.848582777696474 0.777444902695874 0.810730934954658 1.2979683916931 -9999 -9999
-9999 -9999 -9999 -9999 -9999 -9999 -9999 -9999 -9999 -9999 -9999 -9999 -9999 -9999 -9999 -9999 -9999 -9999 -9999 -9999 -9999 -9999 0.747885949475482 -9999 -9999 0.920450050742119 -9999 -9999 -9999 68.5155449247657 18.103017514652 17.0455224759032 1.54254789293107 1.26266555606149 0.857574075495985 0.647944789002801 0.72714299993469 1.11631327304694 0.875978844652625 0.581908591826259 1.33595140142476 0.549126084778695 1.62478313595973 0.648723550779484 -9999
-9999 -9999 -9999 -9999 -9999 -9999 -9999 -9999 -9999 -9999 -9999 -9999 -9999 -9999 -9999 -9999 -9999 -9999 -9999 -9999 -9999 0.980133709286796 1.11464766070916 0.715440648187385 1.11581577550272 0.507686248677101 64.2975781181544 64.2975781181544 64.9233584075428 64.9233584075428 0.405826692164517 16.9035332717601 3.99900344139389 3.79486928510828 0.834963459604753 1.85116435760777 1.64118398396976 0.765842867268044 0.599553977967789 0.619525471499635 0.673633897836891 1.62281798214112 1.88328400500036 0.660466778997048 -9999
-9999 -9999 -9999 -9999 -9999 -9999 -9999 -9999 -9999 -9999 -9999 -9999 -9999 -9999 -9999 -9999 -9999 -9999 -9999 0.767939193396526 2.46304436673827 2.69135731329529 3.32811275645664 3.54717521169611 1.48005676571634 0.397955626951938 64.2975781181544 64.2975781181544 64.9233584075428 64.9233584075428 6.35509923096767 0.450610540459443 16.1778300986402 0.898786484704196 3.66400397570991 2.37819016687877 2.21358733428696 1.55209664005652 0.660479514384558 0.988892586560796 1.25539285620661 2.03150505325977 3.00940300651674 0.558699020957255 -9999
-9999 -9999 -9999 -9999 -9999 -9999 -9999 -9999 -9999 -9999 -9999 -9999 -9999 -9999 -9999 -9999 -9999 1.2598897478648 1.5395588764611 1.98204583207199 0.762899130922765 0.959766243847454 0.719395682308051 3.57027442089749 0.124428761854145 1.56136329770545 64.2893681280914 0.711377150026967 1.25590945893633 1.45089585475094 4.22130972823013 4.31344685312301 16.1670977577185 0.488803018895278 0.710427836586412 1.15357122463187 1.15274850642844 0.790843314189743 0.65496283422794 0.702206256027006 1.68428915877789 0.688866833393836 3.31225555066267 0.603998441626322 0.579809474510276
-9999 -9999 -9999 -9999 -9999 -9999 -9999 -9999 -9999 -9999 -9999 -9999 -9999 -9999 -9999 -9999 -9999 1.25964613470573 0.862288853462579 0.799601040949157 0.807842020478558 1.35479572554945 1.27303936950873 4.06282424129436 4.09090371383357 64.2050549733887 0.635574924254718 0.671004754940669 0.980112931854772 1.20920252117828 4.15411725433763 4.23689156178009 0.706675883932965 16.1413838665125 0.954300253482276 0.761169117462468 0.799232866982992 0.778851785491221 0.982953539354547 0.713847976805946 0.732395477066662 7.42128122005498 0.676613592625703 1.11674367503163 0.61503838976195
-9999 -9999 -9999 -9999 -9999 -9999 -9999 -9999 -9999 -9999 -9999 -9999 -9999 -9999 -9999 -9999 -9999 1.66118592450802 1.92958770052716 2.5537644983954 1.09194138111905 1.46618466689126 1.401783762229 0.034758354177135 63.8435892905229 0.604201005183629 1.35973952719599 0.534861845740757 0.966956554409689 2.21329186262821 3.80837241153949 0.713447381338352 4.0517023315392 16.1314576535801 16.0607070445194 0.538278119983963 0.759011504898367 1.89356549131439 0.955075812944938 1.17847948859256 7.76077133565078 7.48208182518247 5.82734077144496 1.43190428099829 0.691902126912123
-9999 -9999 -9999 -9999 -9999 -9999 -9999 -9999 -9999 -9999 -9999 -9999 -9999 -9999 -9999 -9999 0.914050838191896 1.36229385818138 2.98191271825022 4.17697104493859 4.65828928112601 4.69193650667872 5.1039605919656 1.40531545260557 63.7948582218361 2.21720721630535 0.771253918278928 0.767265007174735 1.1511396754929 1.61866993138144 2.65617740527882 0.74767997069481 3.8448861575466 0.973532474885607 0.574506430571413 16.0257013048551 2.01543499235912 0.837109857612928 8.44400310524226 8.35884387742602 1.08253521546854 0.720213263407022 0.69062195109845 5.38595078309069 4.93050388793628
-9999 -9999 -9999 -9999 -9999 -9999 -9999 -9999 -9999 -9999 -9999 -9999 -9999 -9999 -9999 -9999 0.913272174744036 2.35425272113875 0.83444911729172 1.08240732428123 0.875985855440244 0.605082496407083 0.0376093835636023 63.6323118441711 0.4997520625261 2.01701107226485 1.77035326877499 0.822983594072214 0.819394907420328 1.38899899587844 2.31017833861478 2.50723168256608 3.5290639841175 0.973142787532149 0.915469987262245 12.0378870110911 9.20119734035091 9.16718773572187 2.75984236687583 0.788707408650754 1.75933001455135 1.52643641857218 0.666811782203319 1.60875298439776 0.665289888543173
-9999 -9999 -9999 -9999 -9999 -9999 -9999 -9999 -9999 -9999 -9999 -9999 -9999 -9999 -9999 0.899605193510332 1.77381778385284 1.03247643911106 1.38628885317942 2.3681567993275 0.519709943396438 0.529941410730751 63.193360998226 63.193360998226 0.894687689324078 0.815807008583275 0.805426746093129 0.840299670038 0.870928015307094 1.20330094659287 1.11559420776669 1.69300371355551 3.05172611668718 0.703677370633786 0.83204792730615 1.79712680008656 11.7210916772299 0.75568495841438 1.11032658954723 2.18654474100054 0.772989359322542 1.04998148033304 0.691153876383346 1.23228286889124 0.61941402459475
-9999 -9999 -9999 -9999 -9999 -9999 -9999 -9999 -9999 -9999 -9999 -9999 -9999 -9999 -9999 -9999 1.0539330836466 1.16197795768956 1.45477332928165 0.972664173378427 2.46034504156662 0.175729215432553 63.193360998226 63.193360998226 1.22959845380973 0.84731611124738 1.31636092835739 0.903410054811361 1.04128621871379 0.759740833519736 0.805561111941851 1.27961578082157 2.94141437728737 1.62527611198462 0.839818836322978 0.905676937674961 11.6901505188346 0.671855334431372 0.804246355314223 1.98355349087526 1.03939937109176 0.735221397416806 0.712608694224624 1.00822953766 0.649252335172382
-9999 -9999 -9999 -9999 -9999 -9999 -9999 -9999 -9999 -9999 -9999 -9999 -9999 -9999 -9999 -9999 -9999 1.13640477370094 1.62142833294869 2.01304988643486 2.10446940943164 3.42945208576929 63.082423796869 1.5615647427524 1.22725642420171 1.63125536141249 0.868359344207587 1.66352466272402 0.775054402768357 0.859802298356459 0.889621344822961 0.896644546041684 2.13660344409047 1.31447941575611 0.913599609045032 0.932366638255584 2.19945336894945 11.2578423128334 0.696449803386982 0.681394049797542 6.44214833685306 0.807201451503403 1.38525071328267 0.965485466088276 5.52817576180543
-9999 -9999 -9999 -9999 -9999 -9999 -9999 -9999 -9999 -9999 -9999 -9999 -9999 -9999 -9999 -9999 1.3311739830146 1.78600674149369 0.862582869613137 1.29368585626304 1.49222695716349 1.51113697722082 62.8108575121746 0.947091845308695 3.19912396720631 3.15666430782232 2.16775654386143 0.875792172607882 0.745350143751566 1.55117747849419 1.57507406510857 0.847512733631102 0.951016132252194 1.59422427856085 1.14709984004856 1.40019016534159 1.68000706300563 1.60209243557655 10.9591590687656 6.69625111352362 1.32390212951527 6.38203275724096 5.95954321793528 5.77878637544328 0.943048658317031
-9999 -9999 -9999 -9999 -9999 -9999 -9999 -9999 -9999 -9999 -9999 -9999 -9999 -9999 -9999 -9999 1.32351107568553 3.19353508426881 3.93800415453193 0.863552040774531 5.93190359326536 6.53535058887562 6.53407056825478 62.7543305265826 0.812492640158309 0.791975916053562 0.827833520189343 0.84623357823363 2.76518599022888 2.46769672882142 0.827911646262047 0.860619792160719 1.18036633660778 1.02793815472043 1.45954038720474 0.962955763218283 0.903043669513669 0.815530151034005 1.97615056866093 7.71783260673748 0.588346202615134 0.960137505497225 0.643452865066827 0.609912301459599 0.622278253770776
-9999 -9999 -9999 -9999 -9999 -9999 -9999 -9999 -9999 -9999 -9999 -9999 -9999 -9999 -9999 1.23826387832431 2.52850742425799 0.994094303060538 3.78011820197019 5.77645545380186 2.34130492849834 0.602197184561748 0.605040471362106 61.9207225454238 4.09232383449653 3.77304019145487 3.51362347518875 3.21950642656695 3.06175989608477 0.762271477632231 1.29527384559467 0.945643703117179 0.877518986456074 2.45233870859337 0.869839549387844 1.33244005936901 0.840770046384594 1.48128975370735 1.72863985221541 7.6578386187165 7.59161025539037 0.695625570098625 0.659336048222572 0.651979645159771 0.878039097695597
-9999 -9999 -9999 -9999 -9999 -9999 -9999 -9999 -9999 -9999 -9999 -9999 -9999 -9999 -9999 1.00906017174848 2.10103469037719 0.981254207659561 3.25599693021677 1.09081399097824 2.25702989272944 0.519128397664814 0.996428469537781 61.8972799612897 0.58325593204399 0.749847645852371 0.785896107894434 1.12073179861397 0.693795182835122 0.758168007370771 1.90048021125583 0.913926695215584 0.952261669103543 1.38228338401907 3.21880157372503 0.831030962223656 0.88209249554186 0.809905818165162 0.779757351403953 1.1680544838189 2.12865781769077 6.98232719894128 0.644721005265859 1.57164396933619 1.15372489775734
-9999 -9999 -9999 -9999 -9999 -9999 -9999 -9999 -9999 -9999 -9999 -9999 -9999 -9999 -9999 0.927027851382096 2.29052802723017 3.15066231201518 0.803906062035381 1.64097454551332 0.545994576742962 0.49764342986386 0.754217458584321 0.455752169545772 61.5876095362628 0.534509206937391 1.85957047616358 0.766299030549889 0.670316206388742 3.25070115605948 2.15186087532854 1.73634481606505 1.10237277036563 1.75282234160606 3.96124534584293 1.37178098319794 1.39840131146722 1.10804135753389 0.757017712061014 0.757004806105395 1.32317263480368 0.968676392495766 6.79028734572166 5.93285046098508 1.16252213794393
