Model input/Uganda/rivergeometry/river_depth_1feb.asc
NCOLS 67 
NROWS 67 
XLLCORNER 29.500000001 
YLLCORNER -1.499999999 
CELLSIZE 0.0833333332985075 
NODATA_value -9999 
[rows 20 to 39 of 67, columns 0 to 44 of 67]
-9999 -9999 -9999 -9999 -9999 -9999 -9999 -9999 -9999 -9999 -9999 -9999 -9999 -9999 -9999 0.401558541397192 0.289893601041018 0.302843490481501 0.348312386148878 0.238139077238218 0.199708902810263 0.260437113283895 0.371688078489568 0.334480994700428 0.476924290220403 0.446904627142663 0.232902631007647 0.301737921971413 3.83733691634033 0.651206662463269 0.253007300239704 0.257817939261262 0.314012868678753 0.313062143464017 0.847983410602321 0.835197076058603 0.464871846612591 0.32052114755768 0.260162690814221 0.299085595697699 0.312951210976029 0.309010346233566 0.352420186711276 0.375066262205266 0.873325004421442
-9999 -9999 -9999 -9999 -9999 -9999 -9999 -9999 -9999 -9999 -9999 -9999 -9999 -9999 -9999 0.273775529781108 0.284151967663511 0.278862518342866 0.243989529368783 0.267490321127714 0.317657873256937 0.230182799937466 0.34734074729137 0.203089223876959 3.84319101073453 3.84267734974827 3.84182652294717 3.83824459500747 0.261449866105824 3.82978523903718 3.82944846179037 0.27623676151122 0.383871328806779 0.300969601729225 0.883713855047233 0.250324076862129 0.319707843109263 0.674601671203758 0.589311994639506 0.533994422938395 0.44895850944621 0.263022732091799 0.253237374057151 0.291524937112816 0.286775094126773
-9999 -9999 -9999 -9999 -9999 -9999 -9999 -9999 -9999 -9999 -9999 -9999 -9999 -9999 -9999 -9999 0.275766374492347 0.344084592231684 0.305128942536051 0.231362580954715 3.83634949676593 3.83634949676593 3.83634949676593 3.84395636342703 0.249024549059276 0.241313634000295 0.227335258637509 0.448425161055545 0.417639272048746 0.377245891297716 0.333039000087056 3.82712137491481 3.82635371074963 3.82327032268127 0.294674384153411 0.317189498730243 0.742779886314053 0.325296915087907 0.401444640205026 0.314590231871733 0.288333025821564 0.258080304570046 0.244791427780026 0.240298851072737 0.27821238509348
-9999 -9999 -9999 -9999 -9999 -9999 -9999 -9999 -9999 -9999 -9999 -9999 -9999 -9999 -9999 -9999 -9999 0.284347473145544 3.83634949676593 3.83634949676593 3.83634949676593 3.83634949676593 3.83634949676593 0.316634813020144 0.293406413128465 0.36274382214891 0.279289834616279 0.400988389591004 0.262508288735587 0.302094323059648 0.278217618670192 0.279245106589645 0.448747645286871 3.80344130913988 0.291230811990262 0.397486370334148 0.809081357829261 0.387010898290251 0.3078348486057 0.306832262398543 0.253857269703953 0.250359569467998 0.35078275410237 0.442433338120653 0.28745761314863
-9999 -9999 -9999 -9999 -9999 -9999 -9999 -9999 -9999 -9999 -9999 -9999 -9999 -9999 -9999 0.252040486268222 0.231426204822739 3.83634949676593 3.83634949676593 3.83634949676593 3.83634949676593 3.83634949676593 3.83634949676593 3.83634949676593 0.697267457533604 0.633677318164874 0.607604025034737 0.341987208365001 0.320389280483392 0.232400467036157 0.274727363994811 0.277675922458273 0.279898869723874 0.485942961236188 3.8015518334404 0.816879276419164 0.294629967665177 0.284478468972154 0.298657068273045 0.478374936813815 0.365302800413431 0.249053527302728 0.598835721799846 0.472335921430193 0.257349908992639
-9999 -9999 -9999 -9999 -9999 -9999 -9999 -9999 -9999 -9999 -9999 -9999 -9999 -9999 -9999 0.29722681292153 3.83634949676593 3.83634949676593 3.83634949676593 3.83634949676593 3.83634949676593 3.83634949676593 3.83634949676593 3.83634949676593 0.278402148609179 0.22485872631793 0.263254993768374 0.46983751874829 0.278056328957868 0.345233440595594 0.273226369787956 0.275757321749116 0.279004986264468 3.78167791912718 0.693659191122369 0.646880532015803 0.624073000564393 0.57947989351902 0.521649844796294 0.320663674466996 0.322626955696343 0.252443631066998 0.666030492521448 0.359524968293785 0.254569602041791
-9999 -9999 -9999 -9999 -9999 -9999 -9999 -9999 -9999 -9999 -9999 -9999 -9999 -9999 -9999 3.83634949676593 3.83634949676593 3.83634949676593 3.83634949676593 3.83634949676593 3.83634949676593 3.83634949676593 3.83634949676593 0.272274883183828 0.532720721079506 0.264905299717869 0.274656879770301 0.438975081293529 0.263133120673351 0.465431154765426 0.339095204225982 0.346043644597055 0.276782973318118 3.7699461201817 3.77124792221595 0.367016127833501 0.293603814716589 0.273051594011312 0.27514898600497 0.393762417939992 0.367844644325481 0.744433553480665 0.254455767420567 0.427174200641558 0.353450404880035
-9999 -9999 -9999 -9999 -9999 -9999 -9999 -9999 -9999 -9999 -9999 -9999 -9999 -9999 -9999 3.83634949676593 3.83634949676593 3.83634949676593 3.83634949676593 3.83634949676593 3.83634949676593 3.83634949676593 3.83634949676593 0.211140468636032 0.4562420091009 0.292535341612127 0.276442679411077 0.268800111504211 0.271171940592965 0.264760257102956 0.546659073426239 3.76923258942083 3.76923258942083 3.76923258942083 0.26770474474685 0.271531597018119 0.292336209783295 0.416522476261629 0.48616386425408 0.919296614967893 0.883365088359155 0.597500982124824 0.261039560856215 0.461883772693345 3.62278592429592
-9999 -9999 -9999 -9999 -9999 -9999 -9999 -9999 -9999 -9999 -9999 -9999 -9999 -9999 3.83634949676593 3.83634949676593 3.83634949676593 3.83634949676593 3.83634949676593 3.83634949676593 3.83634949676593 3.83634949676593 0.476105573102679 0.410405503602519 0.436852720776241 0.400454980495084 0.271572774016777 0.438499383549191 0.269477778557431 0.249998158017874 0.322348506116965 3.76923258942083 3.76923258942083 3.76923258942083 1.03251652131477 0.31037775556675 0.255227327938635 0.258108185954396 0.980002838632479 0.273580323384507 0.293870224487097 0.551441619448199 0.515690857377117 0.258386504052128 3.62278592429592
-9999 -9999 -9999 -9999 -9999 -9999 -9999 -9999 -9999 -9999 -9999 3.83634949676593 3.83634949676593 3.83634949676593 3.83634949676593 3.83634949676593 3.83634949676593 3.83634949676593 3.83634949676593 3.83634949676593 3.83634949676593 0.286899399318616 0.288848984044292 0.274146208576247 0.29041059186793 0.352896226108081 0.282236008907408 0.472042177123219 0.259006220305259 0.216751605421272 0.337174107614795 3.76923258942083 3.76923258942083 3.76923258942083 3.62278592429592 1.01078940407774 0.997663895018538 0.992634915490262 3.62278592429592 3.62278592429592 3.62278592429592 3.62278592429592 3.62278592429592 3.62278592429592 3.62278592429592
-9999 -9999 -9999 -9999 -9999 -9999 -9999 -9999 -9999 -9999 0.342334198091294 3.83634949676593 3.83634949676593 3.83634949676593 3.83634949676593 3.83634949676593 3.83634949676593 3.83634949676593 3.83634949676593 3.83634949676593 0.320836640278435 0.253572042790373 0.269404962379681 0.348069023218958 0.288352419891238 0.274904870264841 0.373298558015259 0.567002027223253 0.327803187218138 0.171290383027018 1.56929258847934 0.388581845754205 0.275203016540765 0.420781527725961 3.62278592429592 3.62278592429592 3.62278592429592 3.62278592429592 3.62278592429592 3.62278592429592 3.62278592429592 3.62278592429592 3.62278592429592 3.62278592429592 3.62278592429592
-9999 -9999 -9999 -9999 -9999 -9999 -9999 -9999 -9999 -9999 3.83634949676593 3.83634949676593 3.83634949676593 3.83634949676593 3.83634949676593 3.83634949676593 3.83634949676593 3.83634949676593 0.239606507644503 0.531506605548053 0.261948787524266 0.261335910024741 0.292577372228448 0.289624699699233 0.499347242201493 0.372059227035833 0.613176404796647 0.588224598951281 1.44251854890122 1.56617062590673 0.908714527184434 0.288680283556768 0.288018796674171 0.283258662643141 0.396574748321641 0.335198850918474 3.62278592429592 3.62278592429592 3.62278592429592 3.62278592429592 3.62278592429592 3.62278592429592 3.62278592429592 3.62278592429592 3.62278592429592
-9999 -9999 -9999 -9999 -9999 -9999 -9999 -9999 -9999 0.322299946672754 3.83634949676593 3.83634949676593 3.83634949676593 3.83634949676593 3.83634949676593 3.83634949676593 3.83634949676593 0.405570540057583 0.269404713166497 0.50732980793641 0.431747568532681 0.351185972956052 0.260171361011754 0.273203634261797 1.02220118510026 1.05159959324432 0.634400469713975 1.43271434302885 0.250688199084476 0.240974289721407 0.26313382942131 0.88322978495131 0.297144654378358 0.302197238879949 0.294197054293029 0.289277270053635 3.62278592429592 3.62278592429592 3.62278592429592 0.232622437941254 3.62278592429592 3.62278592429592 3.62278592429592 3.62278592429592 3.62278592429592
-9999 -9999 -9999 -9999 -9999 -9999 -9999 -9999 -9999 0.314036816391542 3.83634949676593 3.83634949676593 3.83634949676593 3.83634949676593 3.83634949676593 3.83634949676593 0.286003167746614 0.341042091904989 0.232938480352749 0.235961567378755 0.239461116900327 0.213352350772693 0.92440312685563 0.971211086159693 0.409932841821161 0.250276875673461 1.14637506511458 0.242464119394465 1.10474984699959 0.584175077294407 0.296029836048137 0.257722610082693 0.876437551243458 0.377073584328 0.302061928105458 0.283429900895988 0.587533416029105 0.28662840490244 0.252602193651172 1.02538815647764 3.62278592429592 3.62278592429592 0.00655126561683071 3.62278592429592 3.62278592429592
-9999 -9999 -9999 -9999 -9999 -9999 0.362931172735882 0.431704517469392 0.331673575602574 0.249095428598065 1.41891408893698 3.83634949676593 3.83634949676593 3.83634949676593 3.83634949676593 0.287542586287714 0.290421650321157 0.2593853625413 0.265376583921856 0.239867611306951 0.53779522477224 0.88421561782817 0.308115083702436 0.26182548454712 0.252854188818988 0.348212332591011 0.366268122650985 0.284835453995577 1.02418420593849 0.28920044095627 0.540166899222806 0.283948987976836 0.410185793183095 0.78196485308209 0.277995329587644 0.290654204729974 0.359231837289629 0.471054791676919 0.292335340000669 1.02538815647764 0.31912865744756 3.62372489668669 0.62439560143927 0.309765049080702 3.62278592429592
-9999 -9999 -9999 -9999 -9999 -9999 0.449004994040783 0.489362931867596 0.257106013910534 1.41418374056721 0.233637451656357 3.83634949676593 3.83634949676593 3.83634949676593 3.83634949676593 0.777432152551404 0.736594293197337 0.707906712859585 0.647363891723356 0.613181127301661 0.463002437392797 0.26822030231265 0.798305424649396 0.748470491244476 0.250225820570511 0.251426382887116 0.28843210771185 0.437490514126051 0.985472549177024 0.223148899756027 0.492486697820713 0.28416064754685 0.351472632192291 0.275778264408399 0.736848675218915 0.286112920595671 0.287566716232069 0.431015879981035 0.310557350191456 1.00150255973357 0.330627885888128 3.61335912562877 0.397026793918163 0.573695112402196 0.294677409180121
-9999 -9999 -9999 -9999 -9999 0.275215099102813 0.316463215034149 0.475974338323389 1.40566321245052 0.187479095187243 0.167288591751264 3.83634949676593 3.83634949676593 3.83634949676593 0.272347072774341 0.413896252595409 0.233234298556657 0.328648020895255 0.309572065951359 0.592962916307641 0.241533335166011 0.413778649478991 0.375402946561547 0.71706440178223 0.30039816867609 0.25581086964549 0.243967081729895 0.353755088539143 0.417373666472003 0.955076941170162 0.297442433857871 0.393601740639807 0.280918954194481 0.281073172077397 0.59659809766773 0.520425467931737 0.284709887989608 0.304607072131356 0.392924489880154 0.980729326484395 0.328983808470979 3.61267811824126 0.314535065733632 0.506953948190619 0.291455996861347
-9999 -9999 0.200155286483841 0.318632275080548 0.256440142496056 0.218510670637472 0.211824748833851 0.369400020575583 1.35576043253216 0.157742854709463 0.424442391799685 0.43077519979963 0.998431451494328 0.260062949182409 0.26747124858717 0.339271092139738 0.264503922319609 0.25267885500303 0.225592521494312 0.580165694399687 0.207497191061147 0.36213584597753 0.265685571472819 0.438931533586247 0.673456821057225 0.338632356381762 0.270916218700613 0.258418138240023 0.397780759196277 0.949693924640611 0.910364267187315 0.243647414615868 0.284087233590263 0.289311128830976 0.557742833968438 0.249618890731338 0.419105155493411 0.300734281087354 0.333135473793192 0.918567516851402 0.329139611867778 3.61051379913168 0.308103539333182 0.30424765513894 0.355405432641005
-9999 0.28217932964596 0.435837815571586 0.270265329239385 0.171165958714119 0.25424542403158 1.33532070209338 1.34146910791434 0.178402328094783 0.15398543797727 0.417130339549756 0.275190641770031 0.523493152654902 0.928579815783482 0.86889268311011 0.28159297124474 0.324294147386623 0.24380548663918 0.379288067572629 0.492500313668585 0.320244826177493 0.259258081674131 0.263441615880217 0.392856521457101 0.235944851745078 0.508511100203027 0.231869824789666 0.21391827586535 0.302183812880764 0.287558042894166 0.430470343716043 0.904196177232607 0.419302958112262 0.253633468541211 0.540862147520298 0.266505051217294 0.380347327806863 0.2913548789845 0.32596794003124 0.883202873248188 0.275613799446441 3.60781957264706 0.297962970872507 0.291676199331978 0.22839528705368
-9999 0.269758320910739 0.323094686500251 1.30117571336602 1.30546584238126 1.32650459172323 0.246225386834152 0.285644102998606 0.30061800823155 0.401490883760735 0.279647937808109 0.445750228198735 0.320370001857428 0.487465828185842 0.301375366388919 0.832227647848118 0.66355656833872 0.244791851557334 0.271433711868569 0.261456020056989 0.416571999163495 0.261290678879837 0.262664704951049 0.362392483924608 0.238027838732796 0.475501454808476 0.438155369332361 0.380983411694575 0.218772280169616 0.212151020888079 0.349991392593804 0.279830035672255 0.852132046468796 0.257637637296483 0.263771493714504 0.494598431944681 0.279518938332374 0.268225350967253 0.680769073814857 0.698124644682573 0.268945784720585 0.279473534217205 3.60651624723538 0.634372363297883 0.285872639853863
