Model input/Uganda/rivergeometry/river_width_1nov.asc
NCOLS 67 
NROWS 67 
XLLCORNER 29.500000001 
YLLCORNER -1.499999999 
CELLSIZE 0.0833333332985075 
NODATA_value -9999 
[rows 0 to 19 of 67, columns 0 to 45 of 67]
-9999.000000000000000 -9999 -9999 -9999 -9999 -9999 -9999 -9999 -9999 -9999 -9999 -9999 -9999 -9999 -9999 -9999 -9999 -9999 -9999 -9999 -9999 -9999 -9999 -9999 -9999 -9999 -9999 -9999 -9999 -9999 -9999 0.761807772039656 0.758575797386948 -9999 -9999 -9999 -9999 -9999 -9999 -9999 -9999 -9999 -9999 -9999 -9999 -9999
-9999 -9999 -9999 -9999 -9999 -9999 -9999 -9999 -9999 -9999 -9999 -9999 -9999 -9999 -9999 -9999 -9999 -9999 -9999 -9999 -9999 -9999 -9999 -9999 -9999 -9999 -9999 -9999 -9999 0.78403923769547 1.08678043393748 0.722118026883299 1.3662828062692 0.734147248664195 0.744811094153311 0.736845194577838 0.989518436175223 0.921799504420858 0.64254210347707 0.704030765427928 -9999 -9999 -9999 -9999 -9999 -9999
-9999 -9999 -9999 -9999 -9999 -9999 -9999 -9999 -9999 -9999 -9999 -9999 -9999 -9999 -9999 -9999 -9999 -9999 -9999 -9999 -9999 -9999 -9999 -9999 -9999 -9999 -9999 -9999 -9999 1.74633364306496 0.650397223184788 1.57062120713783 4.80154290858275 4.52855932398958 0.716330516821879 3.90642821070415 3.56653801698023 3.02051480089385 2.00869991378771 1.44786691136905 0.713978574525931 0.858005447733694 0.82089902291345 -9999 -9999 -9999
-9999 -9999 -9999 -9999 -9999 -9999 -9999 -9999 -9999 -9999 -9999 -9999 -9999 -9999 -9999 -9999 -9999 -9999 -9999 -9999 -9999 -9999 -9999 -9999 -9999 0.807165644646169 -9999 -9999 -9999 1.88487273960497 0.615089193007219 5.30502061825084 0.715393153067493 0.710240699100588 4.34881257098141 1.15393473754555 0.835442956758655 0.851645587131104 1.46849036853298 0.988620862695636 0.849469133572681 0.900193845244761 1.44903269201369 -9999 -9999 -9999
-9999 -9999 -9999 -9999 -9999 -9999 -9999 -9999 -9999 -9999 -9999 -9999 -9999 -9999 -9999 -9999 -9999 -9999 -9999 -9999 -9999 -9999 0.971927750452058 -9999 -9999 1.16033218614118 -9999 -9999 -9999 80.2973474262729 21.3161977197264 20.1000808766855 1.74107629563272 1.42266569820048 0.968236523693901 0.740041846626184 0.839200564544988 1.42371675542601 1.11466920299006 0.759986258726699 1.52191066450445 0.687750645052034 1.84273442173754 0.700794252104318 -9999 -9999
-9999 -9999 -9999 -9999 -9999 -9999 -9999 -9999 -9999 -9999 -9999 -9999 -9999 -9999 -9999 -9999 -9999 -9999 -9999 -9999 -9999 1.37561469168559 1.62915682179618 1.16679407382921 1.44132061802021 0.689335037935687 75.0851465576706 75.0851465576706 76.0664456099922 76.0664456099922 0.615869293374366 19.9157815276521 5.2865822614242 4.9510994796718 0.943202447529347 2.31453932905857 2.06675788660521 1.03008132678493 0.794336098042628 0.771706544539422 0.76311633605383 1.89844816747462 2.15015291745711 0.715599741666363 -9999 -9999
-9999 -9999 -9999 -9999 -9999 -9999 -9999 -9999 -9999 -9999 -9999 -9999 -9999 -9999 -9999 -9999 -9999 -9999 -9999 1.11619142571728 3.38267245697164 3.74640459464597 4.73121207841876 5.13461395748251 2.05345119807558 0.452684149209754 75.0851465576706 75.0851465576706 76.0664456099922 76.0664456099922 8.75074723120434 0.660089709828399 18.8254114352723 1.31800424209314 4.79908469677803 3.17628907636628 2.95102559596115 2.04936133243062 0.826399247851428 1.18029123809695 1.46195551119095 2.34149718949216 3.44297287340459 0.62079140987924 -9999 -9999
-9999 -9999 -9999 -9999 -9999 -9999 -9999 -9999 -9999 -9999 -9999 -9999 -9999 -9999 -9999 -9999 -9999 1.57874973790296 2.03560423963006 2.69549395743639 0.975539733414423 1.36483001165403 1.19265265030491 5.1828239329741 0.49996878229007 2.34322523844123 75.0735981758022 0.833949980664741 1.64402929401423 1.9368287778596 5.97134739469652 5.75771882252997 18.7747591599795 0.759131070295515 1.05046397597362 1.59410588527764 1.54491198645184 1.05491261950625 0.820348385040199 0.791926083424224 1.92448281251657 0.728235036068866 3.77448680651483 0.673375093816812 0.636880965433047 -9999
-9999 -9999 -9999 -9999 -9999 -9999 -9999 -9999 -9999 -9999 -9999 -9999 -9999 -9999 -9999 -9999 -9999 1.59419127582648 1.13275111860139 1.04474843847143 1.01595978547916 1.71281235990124 1.86277993117931 5.99566128459665 6.15215453243536 74.9865404855213 0.932709440424055 0.921625061404428 1.34732335554609 1.73975723622119 5.83868993949839 5.61283805563358 1.05298752136312 18.6969977899596 1.42693059750355 1.11022268739036 1.11028398186704 1.09902570837114 1.21332934867345 0.790915442095848 0.773362780087645 8.24453401966325 0.722056589766877 1.23419653535138 0.674133026233741 0.645091654524548
-9999 -9999 -9999 -9999 -9999 -9999 -9999 -9999 -9999 -9999 -9999 -9999 -9999 -9999 -9999 -9999 -9999 2.13461148174498 2.48678330465908 3.308725053381 1.4199643444253 1.98438262844958 1.81365475742856 0.546697121869463 74.4225446752347 1.14510210524773 2.03321292897587 0.78814546556082 1.40498829037929 3.19151325481449 5.3137153137574 1.06376577085567 5.30146720521428 18.6492960885464 18.4965979250942 0.835308623272825 1.13759610526269 2.46138040572381 1.0952268361562 1.27194686383481 8.61422190249694 8.31399090911114 6.41055987008754 1.55510213535402 0.714144717234087 5.03409362368114
-9999 -9999 -9999 -9999 -9999 -9999 -9999 -9999 -9999 -9999 -9999 -9999 -9999 -9999 -9999 -9999 1.26091267212408 1.83447985607833 3.94659036951215 5.50544262989749 6.24295545850327 6.29897801191674 7.00311267073804 2.05863747411501 74.4134886570011 3.24342000425007 1.07905465720825 1.07287774060144 1.70876938899447 2.27122534849471 3.5454533586707 1.11858223072984 4.94904949969845 1.24266904005998 0.872263171534587 18.4082895902417 2.64706043756217 1.11022801365536 9.37413365113766 9.2792445331939 1.199196594299 0.806845661460165 0.773827485574003 5.93161435094823 5.41017194201748 0.727768428066556
-9999 -9999 -9999 -9999 -9999 -9999 -9999 -9999 -9999 -9999 -9999 -9999 -9999 -9999 -9999 -9999 1.20420125474693 3.08925164569052 1.09267319774131 1.51795952467948 1.30016008940756 0.789856783660452 0.592393629508678 74.1677583205686 1.38903004858869 2.95535859420078 2.60862554541674 1.15133390012309 1.19282486151042 1.90657474882313 2.97872951562612 3.29862589955835 4.49867667440563 1.26382004837947 1.28538280812625 13.8400517234695 10.3158231545469 10.2475927294747 3.12819934040954 0.869458934825126 2.00547364737954 1.74129734350332 0.755874560187296 1.81330215126149 0.74670311658628 0.751494931245469
-9999 -9999 -9999 -9999 -9999 -9999 -9999 -9999 -9999 -9999 -9999 -9999 -9999 -9999 -9999 1.0450589268876 2.29959178886401 1.24867484436193 1.69492899478239 2.92567904818687 0.793083698361058 1.17586539756729 73.5518262509929 73.5518262509929 1.23249750796079 1.25843248550146 1.23828076999669 1.23708613292315 1.22238834765288 1.62106192058475 1.38105069983535 2.14403007819455 3.81296196013228 0.910709997255304 0.999217162113106 2.146898309576 13.3926851580546 0.836571303925266 1.21992320298595 2.53138305425521 0.865977576358876 1.20130761258488 0.789136561300652 1.39473664098517 0.684130555441867 0.564214643410633
-9999 -9999 -9999 -9999 -9999 -9999 -9999 -9999 -9999 -9999 -9999 -9999 -9999 -9999 -9999 -9999 1.34747066918992 1.27399542459058 1.7190483548974 1.30837800001917 3.0387271576825 0.701623336958733 73.5518262509929 73.5518262509929 1.88581343796856 1.30942435921019 1.95745512345338 1.32767145702046 1.35033736711533 0.923125749161769 0.972889780604441 1.60019694795244 3.65324256931189 2.05879563102311 0.988244247892236 1.03805764448236 13.3284342928131 0.870628297153483 0.907991623175821 2.3119339464839 1.18895556604804 0.84997769130256 0.819498963002133 1.1468158709126 0.704169362298236 1.54736788777149
-9999 -9999 -9999 -9999 -9999 -9999 -9999 -9999 -9999 -9999 -9999 -9999 -9999 -9999 -9999 -9999 -9999 1.22101598341215 1.93639595737328 2.57245725323062 2.7036881253416 4.51200367122014 73.2851919177186 2.34108293970029 1.90252236200504 2.42870305020235 1.29671459336086 2.29522538130061 1.01123332463372 1.01746957565508 1.042855790423 1.10306533155374 2.60786628760007 1.66226115068741 1.13461342274641 1.0734213182505 2.51806997744322 12.8036823112411 0.96357132492319 0.906668627334007 7.07985282460038 0.859866550094574 1.46879029525905 1.02031850195304 6.06154196867455 1.60200418397772
-9999 -9999 -9999 -9999 -9999 -9999 -9999 -9999 -9999 -9999 -9999 -9999 -9999 -9999 -9999 -9999 1.45937903176633 1.92236907072137 1.11889709355301 1.72883269549119 1.95973086365 2.11524050913749 72.923067853519 1.1251280027006 4.87761780695503 4.60829753836186 3.08287673506681 1.28272953370988 0.894576499286038 1.82363597409774 1.82562615998057 0.990149565944773 1.10682317764715 1.95199011502461 1.36206166204228 1.59570949399273 1.91861530071223 1.8290621932863 12.4220482497039 7.44449149980373 1.59083387831428 6.99322857436412 6.53757957313909 6.32845398991734 0.986402674487991 5.55234932078615
-9999 -9999 -9999 -9999 -9999 -9999 -9999 -9999 -9999 -9999 -9999 -9999 -9999 -9999 -9999 -9999 1.38994727930725 3.33953322800128 4.19743338505421 1.13656466086924 6.44187953863262 7.35677525204036 7.37122616175611 72.9224908381817 1.09957547723151 1.20883139897132 1.22808447607369 1.25196760038816 3.24703394022395 2.88257243894966 0.93391349433159 0.95849328481159 1.31706201889817 1.17239611957202 1.66573729403211 1.08954750423265 1.03745948098274 0.9201089436664 2.23302544166608 8.85733491390866 0.82508252186564 1.13643824392403 0.741358308527441 0.704621689361405 0.704745717649146 0.997063964415191
-9999 -9999 -9999 -9999 -9999 -9999 -9999 -9999 -9999 -9999 -9999 -9999 -9999 -9999 -9999 1.29340154085292 2.64194499991626 1.04381648670894 4.04209023904918 6.20690974576259 3.01955151428751 0.794510778309495 0.875812681194163 71.8956295394216 5.42191780030519 4.84050826804676 4.39024679029894 3.87325612330919 3.59092022690001 0.853987722223325 1.44313230167276 1.04553356616201 0.976921919520769 2.77863689173734 0.976055291274531 1.4975034484838 0.944318834549213 1.6632675770395 1.9462704362824 8.7694466598841 8.69091887334971 0.738713348083333 0.730753258864125 0.743519974829905 1.01337342913048 0.685817855638067
-9999 -9999 -9999 -9999 -9999 -9999 -9999 -9999 -9999 -9999 -9999 -9999 -9999 -9999 -9999 1.05266076694426 2.19301219838331 1.02387380284096 3.44286638656876 1.39935469252038 2.88203717259044 0.81258354850764 1.56390294890913 71.8901568568244 1.1467878325745 1.10377803013878 1.16186797725763 1.51765557157149 0.82052725311938 0.845757868665794 2.118110560287 1.01023046718965 1.05171821485788 1.54538807108879 3.65468872747074 0.945588248657076 1.00354630623025 0.903085602493029 0.878970349213322 1.31289441511684 2.38495554419041 7.98405059805774 0.685953224628172 1.78278485421923 1.31920895854495 0.669185212261302
-9999 -9999 -9999 -9999 -9999 -9999 -9999 -9999 -9999 -9999 -9999 -9999 -9999 -9999 -9999 0.961133099306939 2.3771530616429 3.27683737427482 0.919929581359948 1.99174858001082 0.798612542121637 0.733826647518714 0.862336411669891 0.985758168526864 71.4521101007736 1.09496576617612 2.67460561023834 1.13205610278739 0.823162948128358 3.64736794052863 2.41882656327797 1.95793851057097 1.25304998943109 1.98744103322812 4.5151228773624 1.57353308740503 1.5996210375474 1.2750607239128 0.854164998228522 0.850491457666158 1.47368408179351 1.07526137140416 7.77198787919738 6.81971756650303 1.29064953259049 0.681445608619244
