Model input/Uganda/survival/sedimentation/sedimentation_restime_1jul.asc
NCOLS 67 
NROWS 67 
XLLCORNER 29.500000001 
YLLCORNER -1.499999999 
CELLSIZE 0.0833333332985075 
NODATA_value -9999 
[rows 40 to 59 of 67, columns 0 to 44 of 67]
0.969562128653369 0.97414941073025 0.997164686724604 0.997220591966681 0.964095843570287 0.990582580008686 0.975567298248404 0.979816696712727 0.974510552250799 0.982108463604849 0.980304176717342 0.985548974879197 0.978541370572689 0.990866837375528 0.985223866210476 0.993864186538315 0.991600941958518 0.990432138825021 0.984499790354284 0.98463600491371 0.984202569358157 0.983021328512659 0.983681877645458 0.973203301326949 0.97520867100277 0.980445908146159 0.983271634563551 0.986666328209181 0.980755402902978 0.975340417261098 0.984783028599302 0.980418083588704 0.995962945269005 0.982065182259176 0.982832369264725 0.990802435690934 0.982214136677092 0.975873138644954 0.982570666220042 0.991631185729473 0.99245204777071 0.983240828338265 0.999407474790513 0.989330547930768 0.98911845260209
0.980121232161277 0.979807147228645 0.997112408705928 0.988360688041322 0.987893100901268 0.988962446060601 0.974758997857845 0.980241683055151 0.983310037159025 0.990513588164659 0.988350714735018 0.981967151911109 0.978923587720235 0.985555114941788 0.983675273540505 0.991674321862129 0.983546999387308 0.986461567155991 0.989959814030574 0.991860670032703 0.98877995640156 0.987405523953188 0.982797751545087 0.981103575647281 0.972229132737339 0.977571964902798 0.969263276535565 0.980704720136862 0.971709472021158 0.980342637439672 0.984251040504101 0.986412478330759 0.995644316299137 0.978770035850383 0.97963682069273 0.979662057213301 0.979564851323228 0.982467265553976 0.990387759773979 0.987283574516581 0.994295445139684 0.99050476377282 0.999407081857787 0.985634355449473 0.99144194036343
0.968597114414239 0.966708939665311 0.997023692747645 0.963114853040122 0.987036047069487 0.986235112845879 0.970165840311191 0.985790599608831 0.988617719103472 0.981555815911435 0.983074211154365 0.992767809718005 0.987090823317556 0.982149973678459 0.982911514981491 0.982091476914408 0.982092184622381 0.985208348771317 0.979643387579119 0.981767458818949 0.973140324159652 0.96863553431363 0.96977186504884 0.977088719883551 0.969222658687817 0.989088753468414 0.982323491025558 0.978333201506388 0.973895539193643 0.956690737418541 0.981446039511905 0.982707755202415 0.995519161440882 0.993256971408619 0.987510339325502 0.97884308676246 0.980044446358129 0.98202639570241 0.992411281148624 0.982532508241644 0.99285733044537 0.989252756024986 0.999406720306817 0.999402377547807 0.983485778498809
0.996825045430204 0.995764406613207 0.978035286787496 0.977486928378403 0.981868790495527 0.978737030229507 0.977537007519858 0.97869072551907 0.985410428297552 0.984368473668454 0.987180913111355 0.99309181883273 0.99390883874382 0.975681357036604 0.965765014913225 0.960293994422095 0.980258241244113 0.963981696372506 0.971408853273467 0.972497741964449 0.972705604222579 0.977776625769326 0.981906581771986 0.969370929503664 0.955350741537498 0.985036545413311 0.957156087241564 0.968599591782118 0.987903267193038 0.990881136568804 0.979409252064093 0.979560070661454 0.994171508311761 0.983329895678308 0.987255717337461 0.989774287838612 0.982721052343354 0.98611943204353 0.982709410804745 0.982879221493335 0.992411503246813 0.987588529834367 0.973911475853821 0.999406063220216 0.984706939036903
0.996829965104233 0.991387562040929 0.990835504987404 0.988420007384593 0.974853518383827 0.964538076672738 0.961837518285231 0.974580761045421 0.97968227803637 0.99143970778984 0.990146279714756 0.977912592080789 0.994292132520353 0.984679620315853 0.978623568062362 0.95901050285738 0.968084666596973 0.959188005196833 0.971955920575109 0.980547643268622 0.97742325008321 0.988815818959855 0.95540788392875 0.972224176331833 0.986380676841468 0.977469780683688 0.972209964780357 0.993215680391361 0.983219895719589 0.987085425889607 0.979831184815871 0.974127913971465 0.988572724372071 0.989831955625001 0.991402195001829 0.983414760303657 0.978953355714667 0.988624198095807 0.984072484608494 0.986598331133706 0.991019128515513 0.984782849299812 0.999156620074688 0.999156620074688 0.999156615720001
0.996784645412568 0.986939027517108 0.985427971492438 0.983638737443696 0.979710927175809 0.970715161632084 0.983683565377104 0.986386571460261 0.975909484868937 0.992434137736496 0.990607797301995 0.958555473398392 0.994363862557703 0.968685326438401 0.976889280841647 0.967385278458269 0.982509866136209 0.96614683926079 0.970359940008792 0.986391908817589 0.975061431635145 0.98957588355425 0.988495967045183 0.991129187394346 0.972891432331594 0.970648731925931 0.976229343048695 0.990386945756309 0.990820123938512 0.990820123938512 0.984468966435635 0.982198112732557 0.984799605391933 0.984250257925121 0.981250089645162 0.984186013698246 0.985728148178316 0.999405562891709 0.999156615720001 0.979345884066505 0.984908031015043 0.9792629339434 0.999401568173108 0.999401568173108 0.999156612236252
0.991971307250721 0.995303424342417 0.981432949230197 0.975503114836076 0.979994075978515 0.979785030959374 0.982175347246813 0.986394172922262 0.996301637926734 0.994301641482262 0.991156972946242 0.972526011663828 0.992100158402425 0.985827567937493 0.986245318861997 0.987401322994335 0.991993599637767 0.992136807749842 0.993439871873322 0.994275749687586 0.99427446849025 0.995753547632565 0.994051817521402 0.973695797867691 0.968629009069024 0.970181433910834 0.990725790210482 0.965563277983599 0.972503037216906 0.981429817438335 0.98189602726225 0.982225651926199 0.98205040149316 0.98689018990452 0.999156612236252 0.999405562988504 0.999156612236252 0.999405562988504 0.999401563817354 0.999401563817354 0.999405562988504 0.999156612236252 0.999401563817354 0.999405562988504 0.999405563085299
0.977558769012946 0.996395089382971 0.987378078565598 0.983617122370537 0.98354909298987 0.986279116290495 0.996326315091439 0.996326315091439 0.996326315091439 0.996326315091439 0.994622209674498 0.996166771967593 0.994917230570299 0.994878228424218 0.97367031573076 0.974325758049215 0.988805750932351 0.973026954964468 0.988857326502164 0.977737447623367 0.983590028423024 0.97581688765754 0.982652402539639 0.994304913396147 0.983437865762145 0.99092907959011 0.967877515115701 0.961187441245614 0.960480902707227 0.982092439826657 0.981319410605272 0.986795677095875 0.99915660962344 0.99915660962344 0.999401560671532 0.99915660962344 0.999405563085299 0.999405563085299 0.999401560671532 0.999405563085299 0.999405563085299 0.999401560671532 0.999401560671532 0.999156607881565 0.999405563133697
0.985465785388588 0.996361030137284 0.996248194755733 0.99622296146341 0.991052079891415 0.973941275795805 0.996301606915793 0.994791110647976 0.996301606915793 0.994791110647976 0.976491873215144 0.984215145077098 0.970839654859484 0.990020299200299 0.991762691146382 0.990432029313262 0.985400404121219 0.947944341249234 0.988594022221519 0.96945961450371 0.986139901580274 0.968469337987154 0.974946114045351 0.969143337214391 0.996533514403743 0.996942270010913 0.996970072414635 0.997003864468458 0.995917290757841 0.986547061638051 0.999405563133697 0.999156607881565 0.999401558784038 0.999405563133697 0.999405563133697 0.999156607881565 0.999401558784038 0.999401558784038 0.999401558784038 0.999401558784038 0.999401558784038 0.999401558784038 0.999401558784038 0.999401558784038 0.999405563133697
0.996248194755733 0.996248194755733 0.996248194755733 0.996248194755733 0.996248194755733 0.959057579746363 0.963010333104721 0.962497809496359 0.994791105160699 0.996326315483992 0.969526590713823 0.969548942840297 0.982782217458183 0.976090005286473 0.992888258263293 0.989388276436022 0.97576459148165 0.976097645155181 0.987987908974928 0.987585286475263 0.96918662431643 0.977299450093016 0.950849145341754 0.954731986969846 0.986290896600526 0.985152955852873 0.989652806425856 0.977969474500289 0.999401558154874 0.999401558154874 0.999156607010628 0.999401558154874 0.999405563133697 0.999405563133697 0.999405563133697 0.999401558154874 0.999401558154874 0.999405563133697 0.999405563133697 0.999405563133697 0.999405563133697 0.999401558154874 0.999156607010628 0.999405563133697 0.999405563133697
0.994680430435984 0.996248194755733 0.99622296146341 0.996248194755733 0.99622296146341 0.942813942885194 0.995082759080978 0.996321156319256 0.996326315483992 0.96915190751235 0.969065142321584 0.970718333587712 0.987060051576388 0.976364526831443 0.992698601947863 0.987875647651127 0.974221594173854 0.98032301364773 0.947605113173831 0.986837623901592 0.964193067820292 0.983138659906452 0.959825390013146 0.955667025169595 0.989386901955879 0.98087853693322 0.992480751118179 0.97948715166622 0.999156607010628 0.999401558784038 0.999401558784038 0.999401558784038 0.999401558784038 0.999401558784038 0.999401558784038 0.999156607010628 0.999405563133697 0.999156607010628 0.999405563133697 0.999405563133697 0.999401558784038 0.999156607881565 0.999405563133697 0.999156607881565 0.999401558784038
0.996222973431429 0.99468044158884 0.996222973431429 0.996222973431429 0.996222973431429 0.996520195195311 0.956248674529483 0.986455769378908 0.967950173611412 0.971638945652594 0.962041693632532 0.970190114746053 0.978783729456327 0.96984554796142 0.991915335628634 0.968363867004622 0.980126574820312 0.975058180342331 0.969926794222911 0.980915798025497 0.967502558332956 0.974932001202502 0.956283583045618 0.971074961976533 0.988444239952283 0.968933587157919 0.99041867252032 0.980148027922709 0.999401560671532 0.99915660962344 0.999405563085299 0.999401560671532 0.999401560671532 0.999405563085299 0.999405563085299 0.999405563085299 0.999401560671532 0.999401560671532 0.999401560671532 0.99915660962344 0.999401560671532 0.999401560671532 0.999405563133697 0.999405563085299 0.99915660962344
0.996222992979195 0.996248193957844 0.994680457919807 0.994680457919807 0.996222992979195 0.971664819071301 0.94135705618845 0.9900005564639 0.958863643576286 0.938357496864103 0.957152973826545 0.93509999511588 0.978853230377345 0.980314961370679 0.986922365004879 0.97943094102435 0.975357032458015 0.964218900833336 0.972753423249441 0.973337710428023 0.967341133397679 0.967254400159937 0.964613460406681 0.978314962901602 0.984550010786001 0.973703854691309 0.985979079647824 0.97223232697686 0.984419311813234 0.98001549213411 0.999156612236252 0.99915660962344 0.999156612236252 0.999405562988504 0.999401563817354 0.999401563817354 0.999156612236252 0.999401563817354 0.999405562988504 0.999401563817354 0.999401563817354 0.999401563817354 0.999156612236252 0.999401563817354 0.999156612236252
0.994680480225519 0.996248193159956 0.994680480225519 0.994680480225519 0.99622302050564 0.946958666507879 0.956640215795449 0.989725809510159 0.988801350426829 0.975854005993763 0.968592964782892 0.976265442624294 0.9692182865473 0.97630240163801 0.974792058012928 0.976718673792674 0.966584200111505 0.976522025604686 0.975432171914882 0.975648518989862 0.965092916147131 0.951456044186224 0.95238427016977 0.954382160400775 0.978775650389769 0.972867876627942 0.980563456430887 0.982451400664149 0.989596283145145 0.992130470163978 0.999405562988504 0.999401568173108 0.999401568173108 0.999405562891709 0.999405562891709 0.999401568173108 0.999156612236252 0.999405562988504 0.999401568173108 0.999401568173108 0.999156615720001 0.999405562891709 0.999405562891709 0.999156615720001 0.999401568173108
0.996248192362068 0.994680507311028 0.996248192362068 0.994680507311028 0.955528614830806 0.972174889116357 0.97646389254483 0.978194795305508 0.974679603379485 0.977329499361644 0.973468154213359 0.981957880571102 0.977967994519302 0.977581436959795 0.977008092779982 0.975228668667285 0.975309457901117 0.982188294798693 0.974722022569196 0.990301459022108 0.983787177493665 0.980667507267191 0.974432726334492 0.95136641766158 0.971481769220069 0.966309378617281 0.973386393225979 0.999401573835589 0.999156615720001 0.999405562891709 0.999405562891709 0.999401573835589 0.999156615720001 0.999156620074688 0.999405562891709 0.999156615720001 0.999401573835589 0.999401573835589 0.999156620074688 0.999401573835589 0.999401573835589 0.999156620074688 0.999405562746517 0.999401573835589 0.999156620074688
0.99624819156418 0.99624819156418 0.99473303085596 0.956572594874407 0.986135292469402 0.974788252004039 0.971339079163965 0.979785968460246 0.980373219134145 0.987528216986078 0.968584276108936 0.985144981054671 0.983504040827775 0.965721571661195 0.974798512667878 0.977782439987064 0.980856949517302 0.988087585173355 0.974927649918964 0.99030145654509 0.967109614374982 0.975276900537505 0.962682658921401 0.969363436717929 0.959515457059992 0.965781001455405 0.977412798642571 0.999156620074688 0.999405562649722 0.999156620074688 0.999156620074688 0.999405562746517 0.999401580756399 0.999401580756399 0.999401580756399 0.999156625300312 0.999405562649722 0.999156625300312 0.999405562649722 0.999405562649722 0.999156625300312 0.999405562649722 0.999156625300312 0.999156625300312 0.999405562649722
0.996248190367348 0.996248190367348 0.994697136334608 0.994480847349185 0.972925282206692 0.984772785642051 0.981476112613977 0.980797597570175 0.979285229584888 0.989317404454742 0.97715158315529 0.993928487372311 0.99445345079314 0.994622755067154 0.994770583054532 0.992887281726223 0.995719162537041 0.991208873554384 0.996072259116942 0.994468188848771 0.996186489448466 0.975391855095268 0.994603523165445 0.972246863015571 0.977537683410391 0.972980389866521 0.999405562649722 0.999401588983934 0.999401588983934 0.999401588983934 0.999401588983934 0.999401588983934 0.999156631493644 0.999156631493644 0.999405562456132 0.999405562649722 0.999156625300312 0.999401588983934 0.999401588983934 0.999405562456132 0.999405562649722 0.999405562456132 0.999401588983934 0.999156631493644 0.999156631493644
0.973016364515127 0.989857807827249 0.976536625610004 0.994450234292173 0.974705866296244 0.979798898631515 0.980603270328929 0.990269628128826 0.97964665673331 0.99053630835739 0.990173876601482 0.978330510794157 0.9759685966262 0.977533603712424 0.985166700393507 0.987359047186872 0.995690667375765 0.995690667375765 0.996072320783242 0.996072320783242 0.996161099076094 0.994603562632879 0.996168486218994 0.9823687474539 0.989130966184614 0.974446447033535 0.999405562456132 0.999405562262543 0.999156638461143 0.999156638461143 0.999405562262543 0.999156638461143 0.999405562262543 0.999405562262543 0.999156638461143 0.999156631493644 0.999401598421402 0.999405562456132 0.999401598421402 0.999401598421402 0.999156638461143 0.999401598421402 0.999401598421402 0.999405562456132 0.999156638461143
0.952190500313714 0.989035952393285 0.961283894037916 0.994369410910692 0.973408964368413 0.969395975323331 0.991921424330554 0.990866193719692 0.981169116359052 0.989587390146607 0.984996630486325 0.978616152790102 0.974157125691361 0.964397139335825 0.974678892388063 0.978272163838941 0.993931288280715 0.995690744183413 0.977408739448837 0.96098134354692 0.980745125083039 0.975100496972975 0.994679109282362 0.96218453626193 0.990890067156009 0.991582094419599 0.999405562262543 0.999401609068802 0.999156646299579 0.999401609068802 0.999156646299579 0.999405562020555 0.999156646299579 0.999156646299579 0.999156638461143 0.999401609068802 0.999401609068802 0.999401609068802 0.999156646299579 0.999405562262543 0.999405562020555 0.999405562020555 0.999156646299579 0.999401609068802 0.999405562262543
0.963717115671066 0.988763234868974 0.946714849362903 0.93095546778313 0.991855566372691 0.992491683056488 0.992309099937806 0.974929327091678 0.980419882130878 0.974840188351212 0.982153303597682 0.974136397494964 0.98279720386457 0.972195835863045 0.976659144025481 0.984459295064884 0.982804320262685 0.975052878599803 0.976078226822229 0.972430665478681 0.985038090505226 0.977115190501167 0.969389698948708 0.996278995490855 0.996711526043226 0.996758942048314 0.999156655008953 0.99940556173017 0.999156646299579 0.999401621022928 0.999401621022928 0.999401621022928 0.999401621022928 0.999401621022928 0.999401621022928 0.999156655008953 0.99940556173017 0.999401621022928 0.999401621022928 0.999405562020555 0.99940556173017 0.999401621022928 0.99940556173017 0.999156655008953 0.999156655008953
