Model input/Uganda/survival/sedimentation/sedimentation_restime_1nov.asc
NCOLS 67 
NROWS 67 
XLLCORNER 29.500000001 
YLLCORNER -1.499999999 
CELLSIZE 0.0833333332985075 
NODATA_value -9999 
[rows 40 to 59 of 67, columns 0 to 44 of 67]
0.970908908640734 0.975062459039021 0.997862529360855 0.997889720828696 0.967122376097088 0.992985179552699 0.980144233753144 0.984586501954095 0.979077210211055 0.98296299573872 0.982225825108028 0.987106151910895 0.980847124656281 0.992016118336823 0.986722191424199 0.99549271882303 0.994566209115697 0.993892822449416 0.98938381373503 0.989255504990676 0.98896175082715 0.988572004009728 0.989054998403114 0.989767227446464 0.989482457578533 0.986740177201557 0.988712849986826 0.988887363192643 0.984007472799283 0.976398173088364 0.985473449383115 0.981829380340886 0.996310274862443 0.986985503005022 0.987495750520278 0.992693043791682 0.983540266094795 0.975943538080357 0.982889695967393 0.991826944893379 0.99261373494848 0.983421715532461 0.999365132961583 0.989905877075313 0.989947138267697
0.980717242781332 0.980539875496646 0.997850274303786 0.991460756833268 0.991223509444984 0.992019925209459 0.979807423024038 0.984871804946747 0.985672415927285 0.991817808691285 0.989972542664048 0.985247588941132 0.981599208924244 0.987446078022011 0.9871826381663 0.994439386357208 0.987582046400181 0.991766654604073 0.993568810327856 0.99474308142939 0.992850884641896 0.991901472249311 0.988796430521773 0.992775744170111 0.988444644114722 0.989300853617897 0.979398383979882 0.981606030604177 0.971866586653559 0.981451109929154 0.984852392933069 0.987163435037577 0.996014724533015 0.985410873196866 0.985480926007627 0.985228796282251 0.983397779745202 0.982556499012351 0.990681952824528 0.987304588850249 0.99443688472503 0.991009995303564 0.999365217382989 0.986810712520713 0.992162928324934
0.969452488576139 0.967432516571067 0.997796456155787 0.967054288492864 0.990794826211489 0.990593649637815 0.977001926122551 0.98927217125066 0.991228447831658 0.984860419140027 0.986066734247231 0.993860766696832 0.9894407709897 0.985657834854903 0.988238172590693 0.988498547919119 0.989051409136203 0.990664537467086 0.988014696910847 0.988384178297524 0.982473101511959 0.989388754433672 0.989949791404768 0.991374142855803 0.987750128333303 0.994735906371257 0.987693713576557 0.985294695801009 0.985261633577177 0.985296416549442 0.983180721868422 0.982684856821278 0.995828991454158 0.994101438816438 0.990723866835603 0.985045996662894 0.983973829741141 0.982048294793253 0.992700812630183 0.982573946126796 0.992940729003207 0.989857791210586 0.999365267611068 0.99936101406888 0.985187598558537
0.997704521531868 0.996872402764133 0.978633091636176 0.980125469744227 0.988952346208113 0.988164220168425 0.983617373541921 0.984654125544475 0.988935147727002 0.986798096378608 0.98918437846487 0.994159041773162 0.995027699096517 0.987627700384154 0.982611092000859 0.985798529974618 0.987548387233653 0.980336746675032 0.981469509178592 0.988806133976653 0.988398723587048 0.991820193025677 0.993305509672295 0.987900387145651 0.983386724791191 0.992991850406958 0.982794567841033 0.987423286168341 0.993594495009593 0.995072967178892 0.988114982916416 0.979441327356104 0.994302525202059 0.983302177766264 0.988255380000835 0.990730189297482 0.983495613128868 0.987000298983621 0.982752460082871 0.98292665688127 0.99250377712561 0.988146052259089 0.974814744639139 0.99936526114451 0.987591227491873
0.997716894745674 0.992605462178479 0.992238141097872 0.990548185867377 0.990578562957131 0.983372830468766 0.973138814541561 0.981067187690638 0.986396300982327 0.993351945234857 0.992827576933534 0.986304115018531 0.995832639971997 0.992275068643122 0.992879005304752 0.98632845569548 0.989100213797309 0.985660358596667 0.987848918534579 0.992018990755979 0.990741371962963 0.995899639058604 0.982041121093356 0.988390400390828 0.993982340611452 0.991312913454126 0.989165456506742 0.996784674520455 0.992067106372657 0.993015942604355 0.984922381543549 0.97405061663781 0.988451023585278 0.990237963312447 0.991922955703657 0.983798482090055 0.98125381566111 0.9895386164651 0.984745142946821 0.986908011901521 0.99117285048827 0.985332263840473 0.999099011617718 0.999099011617718 0.999099006934164
0.997703544870002 0.988781876387851 0.987822425015739 0.986820148836763 0.992467608529526 0.981491301297181 0.990375702102433 0.991726788046329 0.983335106777156 0.994464129997751 0.993435998605164 0.980156219895863 0.995960479529207 0.990084378979844 0.992478035360743 0.989215422007604 0.994133965910495 0.988678968925299 0.988543323545213 0.994387920210318 0.989612571632634 0.99615725945898 0.995022947328779 0.996077766418688 0.987384735979129 0.988901606826817 0.989177799622805 0.995440621081616 0.995039930978458 0.995039930978458 0.984215054049232 0.981924329567091 0.984584746859142 0.984146213703371 0.981223822001474 0.985712269120025 0.987633873152214 0.999364953420623 0.999099006934164 0.979695838587354 0.984973525704975 0.979345204471967 0.999360685932303 0.999360685932303 0.999099003166957
0.99219036211656 0.996696296328843 0.983129136018682 0.980342086507931 0.990399639626234 0.983787649046918 0.987393216149362 0.991773403358473 0.997896017895541 0.996073581633987 0.994297915808916 0.986958636052256 0.994428226578082 0.995468277908217 0.995689684246125 0.996069320155555 0.997052902470059 0.997124178902356 0.997576190956261 0.997843966622314 0.997862815945423 0.99837255615695 0.997723416371474 0.988453136116092 0.982867121472267 0.983216056065517 0.995522970450228 0.987330620675345 0.986518851979816 0.980874294072767 0.98154606969701 0.98187855718068 0.981840715805538 0.986747424973354 0.999099003166957 0.999364953573388 0.999099003166957 0.999364953573388 0.999360681298444 0.999360681298444 0.999364953573388 0.999099003166957 0.999360681298444 0.999364953573388 0.99936495362431
0.978133008516929 0.997588017072534 0.989057795367409 0.985920917341525 0.986616990370688 0.991874360414183 0.997910067806888 0.997910067806888 0.997910067806888 0.997910067806888 0.996495091523704 0.997490832392705 0.996704738335702 0.996648435279798 0.985298384522074 0.984242910949503 0.994300239388271 0.989410941937864 0.995712663089035 0.991212806993965 0.994064348093777 0.988393045607283 0.991927214402768 0.997793029600328 0.990944420866157 0.995586285437267 0.986841023434861 0.987534346711814 0.981191766091424 0.981946075366516 0.981099253825919 0.986541022421272 0.999099000417914 0.999099000417914 0.999360677937623 0.999099000417914 0.99936495362431 0.99936495362431 0.999360677937623 0.99936495362431 0.99936495362431 0.999360677937623 0.999360677937623 0.999098998585219 0.999364953726153
0.985907545978792 0.997588474754757 0.997566926783112 0.997550552014964 0.994534190748673 0.980567304397899 0.997896000205212 0.997035716236015 0.997896000205212 0.997035716236015 0.984542356940924 0.992490572043751 0.985857945988217 0.994388871527924 0.994175681727024 0.993244726769219 0.991437845677904 0.980691753521781 0.995559031802496 0.987651064610464 0.995090147610407 0.987924777626842 0.98923495706324 0.988784125362192 0.998578091587803 0.998641804475682 0.998647488343807 0.998656991491158 0.99811888286989 0.986617518994016 0.999364953726153 0.999098998585219 0.999360675900761 0.999364953726153 0.999364953726153 0.999098998585219 0.999360675900761 0.999360675900761 0.999360675900761 0.999360675900761 0.999360675900761 0.999360675900761 0.999360675900761 0.999360675900761 0.999364953726153
0.997566926783112 0.997566926783112 0.997566926783112 0.997566926783112 0.997566926783112 0.965903875434557 0.974243898524954 0.983303309990642 0.997035713184203 0.997910068061429 0.98558719018061 0.985739339681064 0.990542255735948 0.984848694683669 0.994953328340945 0.992339613884298 0.982811599524577 0.985868710059094 0.995325968695122 0.994922819655442 0.987892344879757 0.992087567571654 0.98338186536491 0.983667312083767 0.993779782449403 0.985101678538687 0.989747183385674 0.978050478412961 0.999360675238781 0.999360675238781 0.999098997567055 0.999360675238781 0.999364953726153 0.999364953726153 0.999364953726153 0.999360675238781 0.999360675238781 0.999364953726153 0.999364953726153 0.999364953726153 0.999364953726153 0.999360675238781 0.999098997567055 0.999364953726153 0.999364953726153
0.996549265367267 0.997566926783112 0.997550552014964 0.997566926783112 0.997550552014964 0.969183538936826 0.997178644854895 0.997905931280735 0.997910068061429 0.980591588384328 0.986566674041833 0.984801028677308 0.992662958768987 0.984161492777611 0.994793172667102 0.99109106981198 0.981679650045694 0.986968122958573 0.985597431552279 0.994614101271647 0.987780882074662 0.993948453435884 0.98764519079763 0.981406957266042 0.995337084868384 0.980896004986611 0.992605042925018 0.979837983434336 0.999098997567055 0.999360675900761 0.999360675900761 0.999360675900761 0.999360675900761 0.999360675900761 0.999360675900761 0.999098997567055 0.999364953726153 0.999098997567055 0.999364953726153 0.999364953726153 0.999360675900761 0.999098998585219 0.999364953726153 0.999098998585219 0.999360675900761
0.997550559738983 0.996549272511957 0.997550559738983 0.997550559738983 0.997550559738983 0.997999392294327 0.977872614042998 0.991803778465155 0.981152595779609 0.987133087232535 0.983888967591653 0.98503988794649 0.985439043757023 0.978253046952417 0.994174040547346 0.977855226137918 0.985017798516865 0.980966267601223 0.98373869080132 0.992648282020056 0.987928455498574 0.990789715647844 0.982846661773092 0.98719004764377 0.995178238951067 0.970556695707994 0.99059563272105 0.980412501110634 0.999360677937623 0.999099000417914 0.99936495362431 0.999360677937623 0.999360677937623 0.99936495362431 0.99936495362431 0.99936495362431 0.999360677937623 0.999360677937623 0.999360677937623 0.999099000417914 0.999360677937623 0.999360677937623 0.999364953726153 0.99936495362431 0.999099000417914
0.997550572612348 0.997566926210953 0.996549283086099 0.996549283086099 0.997550572612348 0.979794143377553 0.968054643086311 0.993699129339744 0.981082638429248 0.980205935957389 0.981219474147533 0.967960178152977 0.985432997146574 0.98621934581209 0.990610234052353 0.984157773018847 0.981482178802451 0.971908399371247 0.983031635653199 0.987957283009819 0.988143811179693 0.987408410051407 0.986795529239714 0.992267012483882 0.994329504569877 0.982410610569477 0.986338040889249 0.97274851721946 0.984405379223014 0.982414659941307 0.999099003166957 0.999099000417914 0.999099003166957 0.999364953573388 0.999360681298444 0.999360681298444 0.999099003166957 0.999360681298444 0.999364953573388 0.999360681298444 0.999360681298444 0.999360681298444 0.999099003166957 0.999360681298444 0.999099003166957
0.996549297661269 0.997566925638794 0.996549297661269 0.996549297661269 0.997550590348984 0.955732529109007 0.967750819375649 0.993486803116301 0.992906850895045 0.986309449315415 0.989527375457973 0.988733227220425 0.978203763551758 0.983057744519648 0.981545515904339 0.981709300882941 0.973658647214628 0.98347008572622 0.984473361898929 0.985292484732996 0.986013964500817 0.976520546954728 0.981623689435356 0.984233117860416 0.991435734872158 0.983678778533477 0.98096754154441 0.982435919864788 0.989369723521131 0.992621734199369 0.999364953573388 0.999360685932303 0.999360685932303 0.999364953420623 0.999364953420623 0.999360685932303 0.999099003166957 0.999364953573388 0.999360685932303 0.999360685932303 0.999099006934164 0.999364953420623 0.999364953420623 0.999099006934164 0.999360685932303
0.997566925066635 0.996549315380102 0.997566925066635 0.996549315380102 0.962549496462895 0.979432577970184 0.98295991166718 0.984905524338278 0.985129788506398 0.988584843851846 0.988615450522215 0.99106400002452 0.985738848612688 0.983653051595142 0.984398408225107 0.983281772981435 0.983163941412278 0.987596070111651 0.98401744159258 0.994725393960319 0.991177949012949 0.988662905154051 0.986476233867265 0.981540508732083 0.986798345202247 0.979511619636583 0.972614919954667 0.999360691991966 0.999099006934164 0.999364953420623 0.999364953420623 0.999360691991966 0.999099006934164 0.999099011617718 0.999364953420623 0.999099006934164 0.999360691991966 0.999360691991966 0.999099011617718 0.999360691991966 0.999360691991966 0.999099011617718 0.999364953318779 0.999360691991966 0.999099011617718
0.997566924780556 0.997566924780556 0.995910326438162 0.962742149786622 0.989192375178306 0.981223481256533 0.978910867619698 0.985265095338695 0.985666092843042 0.993803454577064 0.980474604426896 0.992205449761874 0.989511990355714 0.978578703673047 0.984210607069324 0.984907291205357 0.987152372685071 0.992049620543096 0.982876086281899 0.994725392924181 0.980071703933952 0.985015772839121 0.980028539430496 0.98269442397116 0.974896319973051 0.969554164835209 0.977051586190965 0.999099011617718 0.999364953166014 0.999099011617718 0.999099011617718 0.999364953318779 0.999360699375589 0.999360699375589 0.999360699375589 0.99909901721762 0.999364953166014 0.99909901721762 0.999364953166014 0.999364953166014 0.99909901721762 0.999364953166014 0.99909901721762 0.99909901721762 0.999364953166014
0.997566923922318 0.997566923922318 0.995891995106524 0.9956489211237 0.979134542021382 0.988113994256878 0.984551205261246 0.983561205007749 0.983916839711748 0.994203021199721 0.985654585494989 0.996213313677827 0.996530130726103 0.996634283752038 0.996716461050191 0.995498312283873 0.997287363353483 0.994059068978761 0.997587804587476 0.996601619474563 0.997648921737805 0.983261016559097 0.996696225361844 0.979296868385951 0.9776028823047 0.979170397824306 0.999364953166014 0.999360708134093 0.999360708134093 0.999360708134093 0.999360708134093 0.999360708134093 0.99909902373387 0.99909902373387 0.999364952962327 0.999364953166014 0.99909901721762 0.999360708134093 0.999360708134093 0.999364952962327 0.999364953166014 0.999364952962327 0.999360708134093 0.99909902373387 0.99909902373387
0.974542586837316 0.994630476734185 0.987500734045132 0.99561913589651 0.981529870436902 0.983886225557347 0.983087413125744 0.991966811514737 0.982375837550121 0.994508350968793 0.993608211343549 0.984614402343111 0.983701818232371 0.985098157272824 0.989660408919508 0.991078084959312 0.997269292386292 0.997269292386292 0.997587842757013 0.997587842757013 0.997633256547998 0.996696249408784 0.997655025890551 0.982236808375805 0.990580246673577 0.972912246252746 0.999364952962327 0.99936495275864 0.999099031268284 0.999099031268284 0.99936495275864 0.999099031268284 0.99936495275864 0.99936495275864 0.999099031268284 0.99909902373387 0.999360718216557 0.999364952962327 0.999360718216557 0.999360718216557 0.999099031268284 0.999360718216557 0.999360718216557 0.999364952962327 0.999099031268284
0.965624823784273 0.994442877551637 0.985819590632117 0.99553743121838 0.98045779067404 0.976320126776149 0.993225445738674 0.992403748575359 0.984496675481152 0.993239264684048 0.988440863708056 0.984381454571326 0.983044245711616 0.9759766927411 0.982500777442871 0.984463467203033 0.996153175661511 0.997269340902691 0.980400724612821 0.970842994141752 0.98499188902952 0.979745758526105 0.996711741010234 0.954299064054272 0.991647738041343 0.991997665119784 0.99936495275864 0.999360729622981 0.999099039617229 0.999360729622981 0.999099039617229 0.999364952504031 0.999099039617229 0.999099039617229 0.999099031268284 0.999360729622981 0.999360729622981 0.999360729622981 0.999099039617229 0.99936495275864 0.999364952504031 0.999364952504031 0.999099039617229 0.999360729622981 0.99936495275864
0.978124849161829 0.994357801808054 0.983800612178468 0.978176603407393 0.993455463013903 0.993808820744718 0.99362133757193 0.98468183062987 0.983312262567653 0.978944128727328 0.98608803644226 0.982108502814393 0.988113948606286 0.982283351300328 0.982373372824497 0.987367687083238 0.986520860716464 0.981419725167735 0.982743402826944 0.979160890243949 0.98824784730219 0.981631147427741 0.96916433330116 0.997669190391875 0.997772018234277 0.997776747151824 0.999099048882522 0.999364952249422 0.999099039617229 0.999360742404287 0.999360742404287 0.999360742404287 0.999360742404287 0.999360742404287 0.999360742404287 0.999099048882522 0.999364952249422 0.999360742404287 0.999360742404287 0.999364952504031 0.999364952249422 0.999360742404287 0.999364952249422 0.999099048882522 0.999099048882522
