Model input/Uganda/survival/sedimentation/sedimentation_restime_1feb.asc
NCOLS 67 
NROWS 67 
XLLCORNER 29.500000001 
YLLCORNER -1.499999999 
CELLSIZE 0.0833333332985075 
NODATA_value -9999 
[rows 0 to 19 of 67, columns 0 to 44 of 67]
-9999.000000000000000 -9999 -9999 -9999 -9999 -9999 -9999 -9999 -9999 -9999 -9999 -9999 -9999 -9999 -9999 -9999 -9999 -9999 -9999 -9999 -9999 -9999 -9999 -9999 -9999 -9999 -9999 -9999 -9999 -9999 -9999 0.972503528647694 0.980436970320871 -9999 -9999 -9999 -9999 -9999 -9999 -9999 -9999 -9999 -9999 -9999 -9999
-9999 -9999 -9999 -9999 -9999 -9999 -9999 -9999 -9999 -9999 -9999 -9999 -9999 -9999 -9999 -9999 -9999 -9999 -9999 -9999 -9999 -9999 -9999 -9999 -9999 -9999 -9999 -9999 -9999 0.98079898818336 0.979023525748246 0.979388464686575 0.982349445140899 0.970592306074966 0.971320018059614 0.978964834257033 0.983046052604934 0.97458986387681 0.977789155324607 0.979412722149171 -9999 -9999 -9999 -9999 -9999
-9999 -9999 -9999 -9999 -9999 -9999 -9999 -9999 -9999 -9999 -9999 -9999 -9999 -9999 -9999 -9999 -9999 -9999 -9999 -9999 -9999 -9999 -9999 -9999 -9999 -9999 -9999 -9999 -9999 0.989672955084631 0.977547296488551 0.988709636783944 0.993204464817532 0.994946770499171 0.978113153094116 0.991990653975106 0.993881094856645 0.993039982041688 0.99050657243964 0.987802694550176 0.978743231606811 0.974882852668845 0.980227253049795 -9999 -9999
-9999 -9999 -9999 -9999 -9999 -9999 -9999 -9999 -9999 -9999 -9999 -9999 -9999 -9999 -9999 -9999 -9999 -9999 -9999 -9999 -9999 -9999 -9999 -9999 -9999 0.978640908909709 -9999 -9999 -9999 0.98601900163012 0.975973045447627 0.993741621859321 0.978270031796202 0.969521792464284 0.992646060731005 0.985113116097752 0.980820832607177 0.981068859816876 0.982476741178621 0.982842743505932 0.981637126631669 0.974328190726502 0.987504494976905 -9999 -9999
-9999 -9999 -9999 -9999 -9999 -9999 -9999 -9999 -9999 -9999 -9999 -9999 -9999 -9999 -9999 -9999 -9999 -9999 -9999 -9999 -9999 -9999 0.982033311528901 -9999 -9999 0.977186435445866 -9999 -9999 -9999 0.999417905450798 0.99848190960302 0.998404782666644 0.989348192901329 0.9875088164588 0.983049957486883 0.970545001081315 0.980685604288669 0.980110086434017 0.982717330710701 0.97604071702868 0.982813853532519 0.975131987845645 0.989524116037492 0.978610512555735 -9999
-9999 -9999 -9999 -9999 -9999 -9999 -9999 -9999 -9999 -9999 -9999 -9999 -9999 -9999 -9999 -9999 -9999 -9999 -9999 -9999 -9999 0.979283753562712 0.986650039317199 0.980673369126195 0.98623416821675 0.963504612967514 0.999462162536888 0.999464651386797 0.999246767808291 0.999468550972839 0.969237541794163 0.998400487264842 0.99481007410733 0.994574838073766 0.982536036784874 0.986590044023769 0.989541796310316 0.98050077287775 0.96726217875183 0.977544285740633 0.970577330879835 0.989564713042414 0.990699944148306 0.978884287408919 -9999
-9999 -9999 -9999 -9999 -9999 -9999 -9999 -9999 -9999 -9999 -9999 -9999 -9999 -9999 -9999 -9999 -9999 -9999 -9999 0.982576931273387 0.992923602258958 0.993402399187884 0.994397485880543 0.994681451280654 0.984461750773381 0.968899559820427 0.999464652369104 0.999462113287719 0.999466030348355 0.999468551905237 0.995085397201288 0.971451394325542 0.997656772520706 0.976255218736195 0.992108452823971 0.992028018992864 0.991566182119675 0.988890955064921 0.97864756049987 0.984559108874675 0.987313584285855 0.991250372705798 0.993618287062157 0.966111751356786 -9999
-9999 -9999 -9999 -9999 -9999 -9999 -9999 -9999 -9999 -9999 -9999 -9999 -9999 -9999 -9999 -9999 -9999 0.987713349026789 0.98963414498104 0.988146596652095 0.982050797874297 0.978927412255198 0.972363613904306 0.994714249057879 0.918772911380486 0.989538670891907 0.999240973229433 0.97196261452025 0.987057870272375 0.988524407347775 0.99517344470136 0.993354478874324 0.998344878783227 0.973479736004173 0.971256358721052 0.980134154510689 0.985831898231415 0.980839239739699 0.9790612460409 0.979867813762263 0.985815943899031 0.979858166467379 0.991645692633772 0.977265067166477 0.966986850463546
-9999 -9999 -9999 -9999 -9999 -9999 -9999 -9999 -9999 -9999 -9999 -9999 -9999 -9999 -9999 -9999 -9999 0.987790245182518 0.977081241525456 0.982776004667338 0.982721764208765 0.983707478519417 0.987741790765053 0.995186013870059 0.995202829362779 0.999239722528542 0.978405865524451 0.978589708134571 0.984215453861148 0.986684255553161 0.995106034810399 0.995238303817699 0.979630441848273 0.997650314171732 0.977465833558934 0.980596138518543 0.973480222480633 0.980921907691987 0.978525609031431 0.980099114147855 0.980691058432768 0.996908158450322 0.979386081684485 0.986070793804021 0.977613849939714
-9999 -9999 -9999 -9999 -9999 -9999 -9999 -9999 -9999 -9999 -9999 -9999 -9999 -9999 -9999 -9999 -9999 0.990198916989589 0.991310503424497 0.993094862502758 0.986325117416218 0.984554998858916 0.984142615507733 0.877745903788141 0.999235543461739 0.979015180642041 0.983103998702114 0.974806259900305 0.977720957818001 0.991835639278277 0.99476864402385 0.979730914105435 0.993025684659086 0.998340534503379 0.998326019401118 0.975432139394142 0.972783953652145 0.986893877702631 0.983911530518844 0.986659886681851 0.995776481136844 0.9969141319819 0.99469854911647 0.988537571774306 0.979953281342446
-9999 -9999 -9999 -9999 -9999 -9999 -9999 -9999 -9999 -9999 -9999 -9999 -9999 -9999 -9999 -9999 0.984588316010055 0.988698543193638 0.993886703797884 0.995307178396293 0.995661666226138 0.995687356852815 0.994305054227086 0.988790853288938 0.999459978236329 0.991726086920411 0.980900683140738 0.972929098301531 0.980536653516707 0.989655596960028 0.993103164039084 0.972610230223093 0.994880904508346 0.984798617179054 0.976793281171882 0.997634306002775 0.991137688218881 0.981746443585704 0.996050516127606 0.997174961668632 0.985716195868816 0.98015944366564 0.979617801453424 0.994353872075653 0.995701120221525
-9999 -9999 -9999 -9999 -9999 -9999 -9999 -9999 -9999 -9999 -9999 -9999 -9999 -9999 -9999 -9999 0.984428814554879 0.989611712927224 0.98281720936982 0.980116333667325 0.982733670182811 0.969602300854856 0.864319036528618 0.999232401193589 0.974403476764014 0.991096631404179 0.990087591430706 0.981654627414613 0.981904911974885 0.988377393212467 0.992313560957369 0.989807421271983 0.994530315612759 0.984702595445013 0.983803500587488 0.997911169427121 0.996307843456562 0.997372954320787 0.993161216601074 0.981674325816245 0.986224351645874 0.989035622812822 0.978884551111933 0.989591276038222 0.979022810048876
-9999 -9999 -9999 -9999 -9999 -9999 -9999 -9999 -9999 -9999 -9999 -9999 -9999 -9999 -9999 0.98383011508844 0.986946053404192 0.98557522023636 0.988416407601073 0.989153885612967 0.973255364009273 0.965262940740363 0.999454971702809 0.999454972562951 0.98312053602029 0.974489559364629 0.981753831322065 0.974854988601657 0.982562388299259 0.986933573036491 0.986496068945028 0.986233011510292 0.993880188192273 0.97256170122839 0.982742493942919 0.990586512614126 0.996974914422016 0.981037933331472 0.98606942555279 0.988395488325218 0.973658271381332 0.985331172096789 0.979464703595061 0.987139887053212 0.968792628064186
-9999 -9999 -9999 -9999 -9999 -9999 -9999 -9999 -9999 -9999 -9999 -9999 -9999 -9999 -9999 -9999 0.986102533855035 0.986776518721142 0.98420600502259 0.983572539630739 0.989492735878867 0.937824423530689 0.999227227845376 0.999454973377822 0.981437295127188 0.975110329147389 0.982299635412903 0.983020315567559 0.979675991214256 0.981581681500881 0.982497251709505 0.987903969771293 0.993695851361957 0.989964843178038 0.975892055239735 0.983781442213272 0.997860589993125 0.979039152373011 0.981890739986452 0.991130670354318 0.985172647792606 0.980455533353112 0.980002767274439 0.984911338564649 0.978794486224745
-9999 -9999 -9999 -9999 -9999 -9999 -9999 -9999 -9999 -9999 -9999 -9999 -9999 -9999 -9999 -9999 -9999 0.986532382766373 0.989553900328121 0.991057596684718 0.991428438417737 0.994246052653296 0.999454235718105 0.984576645301471 0.986755793574892 0.989423613093416 0.975427489474262 0.985788834654832 0.98164411239392 0.983249795372168 0.976899230827186 0.983916674696418 0.991802771946284 0.988186552031004 0.984105719485419 0.984075807519237 0.991960831929893 0.996874745506221 0.979331782931452 0.978915746081396 0.995117052458959 0.982292386330919 0.983552824548769 0.984443469368078 0.994475792415137
-9999 -9999 -9999 -9999 -9999 -9999 -9999 -9999 -9999 -9999 -9999 -9999 -9999 -9999 -9999 -9999 0.988141056218997 0.986729184842272 0.982390871532279 0.986983729787851 0.988568979464584 0.984288590786512 0.999451989900914 0.98414190508057 0.991323690414288 0.993766887265715 0.991693551300681 0.982533448372181 0.981156633101781 0.989475698685559 0.985236332246981 0.982926044419856 0.984387215459294 0.985284132030432 0.986450438811542 0.98842810286443 0.990044156572937 0.989655971239766 0.996806706012123 0.996636318845178 0.98760939766515 0.995079014790283 0.996311491757316 0.996219525656114 0.98418545990218
-9999 -9999 -9999 -9999 -9999 -9999 -9999 -9999 -9999 -9999 -9999 -9999 -9999 -9999 -9999 -9999 0.987978652581855 0.994014799448402 0.992837270156705 0.981457197286878 0.996302660194912 0.996567769676129 0.996567973151882 0.999221500727758 0.981368990429176 0.973223191473458 0.974089269127011 0.974654895709468 0.993332162480405 0.992661198622402 0.982547293877482 0.975949977107271 0.981165063700564 0.984977781987934 0.984071246892309 0.984505912123905 0.977025489834719 0.982330230614914 0.99120052922298 0.995794089912178 0.976251685183666 0.977868075690136 0.978445557291019 0.968399726237769 0.977828430941445
-9999 -9999 -9999 -9999 -9999 -9999 -9999 -9999 -9999 -9999 -9999 -9999 -9999 -9999 -9999 0.98215594040965 0.989853226883397 0.984939363802289 0.994746952312719 0.994697767167496 0.988873640217423 0.976901223611394 0.968088344376074 0.99944485706117 0.992930352380285 0.994666123826846 0.994385975179205 0.994024177251654 0.993809208914079 0.981183071531323 0.987663798910116 0.9776200434102 0.98315026582772 0.989458363048364 0.983135179656171 0.982989757376548 0.982611153632914 0.988862806726629 0.9902080093831 0.997012952554479 0.99697431311735 0.980078952866945 0.970622204469241 0.978717671747597 0.983074423460776
-9999 -9999 -9999 -9999 -9999 -9999 -9999 -9999 -9999 -9999 -9999 -9999 -9999 -9999 -9999 0.985102551408834 0.991701488513748 0.978598760870889 0.994132922908687 0.985547364444223 0.991939900535975 0.973952938203336 0.985037664550364 0.99944426436173 0.978489958787491 0.971466248991786 0.980607887705988 0.979773955185569 0.979532414004616 0.981126479845206 0.987103741866632 0.983720405921173 0.984176546555238 0.988293294646467 0.994007429413145 0.98240428739597 0.983211078204659 0.982096648148057 0.974028774904616 0.986563743907142 0.991679969776314 0.995446955224394 0.978968555314636 0.985115608691388 0.986398933826548
-9999 -9999 -9999 -9999 -9999 -9999 -9999 -9999 -9999 -9999 -9999 -9999 -9999 -9999 -9999 0.984077053026767 0.992214268095646 0.991483271003471 0.974568078620654 0.985425566341032 0.974685116245651 0.961965025481847 0.98123657464577 0.974995772704661 0.999208074366031 0.966151867293507 0.986253989490653 0.980134784845059 0.970199907129379 0.994036592521314 0.991667511268624 0.990118096283998 0.985774530587146 0.990212462038992 0.992790902337139 0.988122770302195 0.983442151220073 0.98025786557021 0.981037779913057 0.981197192192153 0.98788707205806 0.984385873342709 0.995336668906018 0.9963150693902 0.986702745197705
