Model input/Uganda/survival/sedimentation/sedimentation_restime_1jan.asc
NCOLS 67 
NROWS 67 
XLLCORNER 29.500000001 
YLLCORNER -1.499999999 
CELLSIZE 0.0833333332985075 
NODATA_value -9999 
[rows 20 to 39 of 67, columns 0 to 44 of 67]
-9999 -9999 -9999 -9999 -9999 -9999 -9999 -9999 -9999 -9999 -9999 -9999 -9999 -9999 -9999 0.985489394033561 0.977941398360075 0.985254524225036 0.982557749054475 0.979967384179696 0.97478491005164 0.982043686222242 0.988748638324614 0.985614928223377 0.992152749116463 0.991183758511259 0.970845183479987 0.978858700958145 0.999221880029366 0.994441582245873 0.981132508066198 0.974135963470639 0.985781689684037 0.979867008885467 0.996085889576042 0.995984497929763 0.99142540857853 0.986131195717952 0.981974320468602 0.984928816115546 0.98580778069245 0.979629716995199 0.987839126702242 0.988710864989443 0.994717438057711
-9999 -9999 -9999 -9999 -9999 -9999 -9999 -9999 -9999 -9999 -9999 -9999 -9999 -9999 -9999 0.983174165409297 0.977363971337001 0.976755428772097 0.980473988611137 0.982528941592065 0.980332663697563 0.978821549213959 0.984247847091374 0.979306041341007 0.999223782645494 0.999449243529955 0.999449012795954 0.999448293071856 0.981809552176768 0.999219778539563 0.999446508021649 0.983185155768699 0.989029798672833 0.978771424977512 0.994741879860758 0.980922224963537 0.986153536755938 0.992537448636032 0.99368857294131 0.992828167527794 0.991020849043697 0.982115039835073 0.981369023298714 0.984432373294836 0.984130120148654
-9999 -9999 -9999 -9999 -9999 -9999 -9999 -9999 -9999 -9999 -9999 -9999 -9999 -9999 -9999 -9999 0.983216058330011 0.982250836084259 0.98534919109546 0.970472449799587 0.999244153791614 0.999244132615894 0.999463885704529 0.999449681487894 0.982918672744548 0.982853784279038 0.981180955836128 0.987335635161815 0.990098953906108 0.988714887369249 0.98679764862812 0.999218908746883 0.99944579567698 0.999445166618951 0.984485273998264 0.986000925713278 0.995350642325929 0.986387526608696 0.985392585587685 0.985776145275432 0.984158311301317 0.974223074604876 0.980541360825196 0.980042732484322 0.976606854134919
-9999 -9999 -9999 -9999 -9999 -9999 -9999 -9999 -9999 -9999 -9999 -9999 -9999 -9999 -9999 -9999 -9999 0.977276132088151 0.999467057782543 0.999467058361 0.999463855891814 0.999467058361 0.999463855891814 0.988149369109025 0.986696277766428 0.986042070994434 0.98602028899283 0.98575230345981 0.982136072860949 0.985082775140314 0.983329770437772 0.983292768860991 0.987254145773085 0.999444687619536 0.984250621515477 0.985205138870328 0.994101273523782 0.989098716834028 0.985349785494142 0.985455756053077 0.981408721487254 0.97325330166905 0.98773309314218 0.990903318302474 0.984003826458043
-9999 -9999 -9999 -9999 -9999 -9999 -9999 -9999 -9999 -9999 -9999 -9999 -9999 -9999 -9999 0.981288373215711 0.979058588929166 0.999467058361 0.999244112240936 0.999244112240936 0.999463827147017 0.999467058939458 0.999463827147017 0.999467058361 0.993384608505674 0.99443988984865 0.994079090687125 0.987278009713875 0.980609908718626 0.979222534569348 0.976020263149152 0.976344765721646 0.98341718216069 0.991843167043822 0.999211783869846 0.995864687837133 0.984620780600323 0.977250595147888 0.978688728007528 0.988374687191664 0.98827493021701 0.980764846268167 0.993850911856829 0.991590310716894 0.973967334209605
-9999 -9999 -9999 -9999 -9999 -9999 -9999 -9999 -9999 -9999 -9999 -9999 -9999 -9999 -9999 0.984764849483356 0.999244092666741 0.999463799559133 0.999463799559133 0.999463799559133 0.999244073893309 0.999467059473419 0.999463799559133 0.999244073893309 0.986593434371629 0.982115972416452 0.974976196960852 0.988176988131873 0.976721891852789 0.987377802099696 0.982936713600004 0.983125444747258 0.983249864725594 0.999206361562267 0.994903240012116 0.994419500466304 0.994151689704233 0.993560871480768 0.992618083885444 0.986157239237583 0.986232598144472 0.981148311707666 0.992392446262563 0.987949666448172 0.973551074352956
-9999 -9999 -9999 -9999 -9999 -9999 -9999 -9999 -9999 -9999 -9999 -9999 -9999 -9999 -9999 0.999244073893309 0.999463773083664 0.999463773083664 0.999463773083664 0.99924405592064 0.999467060007379 0.999463773083664 0.99924405592064 0.98498001008716 0.99004582179626 0.982199177039991 0.983175387787481 0.990887418031694 0.98216390085976 0.987883403975611 0.987008848671214 0.98219583925667 0.976250065001049 0.999434573260355 0.999203431578462 0.983632889560463 0.984456169383353 0.982977514025696 0.98312840721851 0.989237852275033 0.988165559131066 0.993356088716387 0.980806309754404 0.990407533974849 0.987682546375231
-9999 -9999 -9999 -9999 -9999 -9999 -9999 -9999 -9999 -9999 -9999 -9999 -9999 -9999 -9999 0.99946374772061 0.99946374772061 0.99946374772061 0.999244038659761 0.999467060496843 0.99946374772061 0.999244038659761 0.99946374772061 0.978151614927381 0.991321453448588 0.978310304561746 0.97665577924997 0.982890735824946 0.975812813838505 0.975093627765293 0.990158012987186 0.999434390168107 0.999434390168107 0.999437884228533 0.982351127448183 0.975733052734915 0.984320958061588 0.990084253207919 0.99187320950684 0.994925679779956 0.996204947640076 0.99367313551993 0.981314684467309 0.987722485636307 0.999407680174748
-9999 -9999 -9999 -9999 -9999 -9999 -9999 -9999 -9999 -9999 -9999 -9999 -9999 -9999 0.999463723514468 0.999244038659761 0.999463723514468 0.999244022199643 0.999463723514468 0.999244022199643 0.999244022199643 0.999467060941811 0.988375038104921 0.98996912702035 0.990828600430542 0.989665147020593 0.975969740834435 0.990845510578456 0.982682273111086 0.973488137982981 0.986310708344432 0.999202640413854 0.999202657748213 0.999434364624131 0.995656847323655 0.98541682205651 0.981232867655626 0.980932970679136 0.995329595569908 0.982376653136255 0.984365095617344 0.993091825177087 0.992425569706847 0.981451888840545 0.999159820351737
-9999 -9999 -9999 -9999 -9999 -9999 -9999 -9999 -9999 -9999 -9999 0.999467060941811 0.999244022199643 0.999244006540289 0.999244022199643 0.999463700420741 0.999244006540289 0.999467061386778 0.999244006540289 0.999467061386778 0.999244006540289 0.977442530409071 0.984328500871872 0.983283868847864 0.978037592693309 0.987885276834752 0.983775464946523 0.991679453497943 0.981883530436217 0.97749095423505 0.982010873617426 0.999437885202082 0.999434340239139 0.999202623913769 0.999403946399899 0.995526287133387 0.996765117920039 0.996741492900116 0.999407681284829 0.999159802112321 0.999159802112321 0.999407681284829 0.999407681284829 0.999407681284829 0.999159802112321
-9999 -9999 -9999 -9999 -9999 -9999 -9999 -9999 -9999 -9999 0.98728659070739 0.999463678394933 0.999467061386778 0.999463678394933 0.999463678394933 0.999243991681697 0.999467061876242 0.999463678394933 0.999243991681697 0.999243991681697 0.980656706797652 0.981378950143026 0.982804925502739 0.982587460183962 0.984246779828863 0.983266458176552 0.988624816790235 0.993431801067964 0.986679089381502 0.970218212540908 0.997546204847007 0.989349571800007 0.983215335205646 0.990366164960762 0.999407682250117 0.99915976823912 0.999403921929943 0.999403921929943 0.999407681767473 0.999159784741449 0.999403921929943 0.999159784741449 0.999159784741449 0.999403921929943 0.999407682250117
-9999 -9999 -9999 -9999 -9999 -9999 -9999 -9999 -9999 -9999 0.999463657526036 0.999243977534895 0.999463657526036 0.999463657526036 0.999243977534895 0.999467062232216 0.999467062232216 0.999243977534895 0.981154641131327 0.992897787721463 0.974914035331276 0.974882037679297 0.978534626176578 0.984313573755255 0.992266538730303 0.988662048890111 0.994072565323297 0.993700221803875 0.998052627421278 0.997537455252719 0.996459143794763 0.984234741209613 0.977833533244252 0.983857785139177 0.985242207209713 0.981515029457872 0.999407682684496 0.99915975250883 0.999403898763121 0.999403898763121 0.999403898763121 0.999403898763121 0.999403898763121 0.999403898763121 0.999403898763121
-9999 -9999 -9999 -9999 -9999 -9999 -9999 -9999 -9999 0.986200736022931 0.999463637814051 0.999463637814051 0.999463637814051 0.999243964188855 0.999467062632687 0.999463637814051 0.999243964188855 0.989998184928796 0.975488958509875 0.992462598081095 0.990674938761424 0.987858952485171 0.982357620883263 0.976181395637946 0.996950779981642 0.99585988384149 0.994330897572552 0.99722968531485 0.973377888798187 0.980333868749907 0.982393405478133 0.994822824657141 0.984938553624193 0.985249208403771 0.984630067905333 0.984156518579902 0.999403876851169 0.99940768316714 0.99915973774359 0.98026638836875 0.99915973774359 0.999403876851169 0.99940768316714 0.99915973774359 0.999403876851169
-9999 -9999 -9999 -9999 -9999 -9999 -9999 -9999 -9999 0.985730859404717 0.999463619258978 0.999463619258978 0.999243951732551 0.999467062988661 0.999463619258978 0.999243951732551 0.984011894527715 0.987373496717903 0.970846344591835 0.979658548140364 0.971816550930973 0.976860130071203 0.99651995269726 0.995411099464336 0.990098610210297 0.981237588778777 0.996297076858463 0.980478165097595 0.996113140529376 0.993671049175197 0.984698819492723 0.981794980291528 0.994765214761871 0.988851800226245 0.979093899665554 0.977182247352344 0.991068755393329 0.983896098195919 0.980946640194194 0.995678715517447 0.999407683504991 0.999403856194087 0.753565841016354 0.999407683504991 0.999407683504991
-9999 -9999 -9999 -9999 -9999 -9999 0.988247924309707 0.990573668386827 0.986655797428573 0.972972532371461 0.998169426320907 0.999243939988036 0.999467063344634 0.999243939988036 0.999243939988036 0.984491912564967 0.977965685809339 0.974611225595232 0.982431127708857 0.980368054013281 0.99295208748208 0.994795841131706 0.985820746322038 0.98253178382368 0.974245506853964 0.9829021534443 0.98870371752428 0.977755578484999 0.996975932942951 0.977788794547908 0.99012968501447 0.983845633145602 0.990075473745704 0.993934459584501 0.983463053340985 0.98429774614407 0.988107591339011 0.988106393867307 0.977790247892321 0.996952330509583 0.985951448633742 0.999146588852527 0.994093139301447 0.985264325059969 0.999407683891106
-9999 -9999 -9999 -9999 -9999 -9999 0.987337822933497 0.988647086065084 0.981512718324545 0.997409868724081 0.979575332263673 0.99924392895531 0.99924392895531 0.999467063656111 0.999463585441578 0.995646784339547 0.995330446459692 0.995078798020383 0.994473727711281 0.994068912197463 0.991443499889197 0.975447952064072 0.994051007715671 0.995411739620042 0.980933336099684 0.981548505820097 0.984574432100133 0.987045112352642 0.996820000337451 0.9692974999646 0.99213936516945 0.983829883733274 0.987877502468344 0.983334111522812 0.993445815066231 0.984020323409543 0.984037591955693 0.990571862963164 0.985478693718287 0.996857853767843 0.986556937102862 0.99939628640806 0.985020374753425 0.990728292537407 0.98439678937404
-9999 -9999 -9999 -9999 -9999 0.983214299944783 0.980284268392015 0.99165255005601 0.997391415306188 0.961042098439501 0.955434476555702 0.999463570179252 0.999467063967589 0.999467063967589 0.982759027797056 0.985947281126023 0.979294687975081 0.986789992709709 0.979647764212983 0.993837066756694 0.980053591695854 0.985985503303849 0.988722651119589 0.99518149504655 0.984848067893867 0.973994478002244 0.973034654702918 0.987898878406928 0.990259554303731 0.99530128303498 0.984873660859657 0.985126090708063 0.983603629203185 0.983678487663348 0.993955052548301 0.989600738219603 0.983885568692303 0.985200511100593 0.989218780829002 0.996773231930928 0.986456905535998 0.999396226812043 0.985716843757923 0.99232446384262 0.984193146784006
-9999 -9999 0.974867585622453 0.980446550433163 0.981601087573796 0.977517184642188 0.976461013659212 0.988509282334887 0.998090362125638 0.965131960733975 0.990272604131262 0.990534088082908 0.996879244168582 0.974124962832536 0.975019271986734 0.987240563824824 0.982321145275977 0.981455624685725 0.978310079602154 0.993649708383043 0.975748681003643 0.988240700783745 0.982338970067465 0.990894287819781 0.992600702028114 0.987062226734504 0.982769741593804 0.981858975004256 0.989617712897799 0.996658476679484 0.996444981102369 0.980545571480222 0.977311121382871 0.977904340187132 0.993411221153629 0.981149081746141 0.986199875851099 0.984835429491353 0.981396393127702 0.996493419325253 0.980981838252362 0.999395815499754 0.985254092337023 0.985115007920466 0.982859123753825
-9999 0.977224811135782 0.986925569536308 0.982746070647549 0.969279998905303 0.981305295328336 0.99804721015291 0.997261748612643 0.970187109471111 0.949356031369664 0.990102450110057 0.976047600309834 0.992676660249 0.995156648516452 0.996256743979564 0.983556208110484 0.980870889019642 0.980379466754288 0.984270635673416 0.99215703938153 0.986113706013308 0.981781387791205 0.974921930900271 0.989602512232985 0.979624144379425 0.989369858422575 0.978889476936413 0.976769431150289 0.98513057959458 0.977703881669128 0.986719601996084 0.994946059016038 0.990281191233225 0.981418527802654 0.993134248683667 0.982523407507871 0.988916969677843 0.984208024481116 0.980862867014977 0.99631433683632 0.976201355992138 0.999395273267839 0.978463687763161 0.97784727495022 0.970145366499096
-9999 0.975706092390923 0.980827482423408 0.997996316605963 0.998003217012849 0.997229530562191 0.980616792814424 0.983929465601546 0.984700338737189 0.985276711020031 0.983323407242404 0.98721409290501 0.986267994767367 0.9919943809393 0.985064478817132 0.994429833761723 0.994743997163997 0.980427649559649 0.982826185840927 0.974704354550702 0.986232919386026 0.974636149751302 0.982177987608378 0.988456963465099 0.979906229370133 0.991829684139729 0.990869525658291 0.989010756251967 0.97741158496381 0.976648755430055 0.987738632330687 0.976850306006427 0.994536667214204 0.974272685607611 0.982330575057448 0.98909444162702 0.98344291677778 0.982417592157216 0.992653688741817 0.995017330913937 0.982664814066988 0.983443095480546 0.999141694065776 0.994249884109161 0.983836823116273
