Model input/Uganda/survival/sedimentation/sedimentation_restime_1jul.asc
NCOLS 67 
NROWS 67 
XLLCORNER 29.500000001 
YLLCORNER -1.499999999 
CELLSIZE 0.0833333332985075 
NODATA_value -9999 
[rows 0 to 19 of 67, columns 0 to 44 of 67]
-9999.000000000000000 -9999 -9999 -9999 -9999 -9999 -9999 -9999 -9999 -9999 -9999 -9999 -9999 -9999 -9999 -9999 -9999 -9999 -9999 -9999 -9999 -9999 -9999 -9999 -9999 -9999 -9999 -9999 -9999 -9999 -9999 0.973930553346821 0.981403708188655 -9999 -9999 -9999 -9999 -9999 -9999 -9999 -9999 -9999 -9999 -9999 -9999
-9999 -9999 -9999 -9999 -9999 -9999 -9999 -9999 -9999 -9999 -9999 -9999 -9999 -9999 -9999 -9999 -9999 -9999 -9999 -9999 -9999 -9999 -9999 -9999 -9999 -9999 -9999 -9999 -9999 0.982075972528646 0.979947244421734 0.980281336912319 0.98312654442435 0.971707450658377 0.972523365159364 0.979822477697085 0.984152847000039 0.976957318949544 0.979556673514232 0.981235958072793 -9999 -9999 -9999 -9999 -9999
-9999 -9999 -9999 -9999 -9999 -9999 -9999 -9999 -9999 -9999 -9999 -9999 -9999 -9999 -9999 -9999 -9999 -9999 -9999 -9999 -9999 -9999 -9999 -9999 -9999 -9999 -9999 -9999 -9999 0.990408521748475 0.978662306527068 0.989150075229784 0.993641395792154 0.995297277152485 0.979107334604389 0.992630679914748 0.994417994533246 0.99369530058357 0.991351004774751 0.988839663310556 0.980616407463772 0.97729340634509 0.985637933379431 -9999 -9999
-9999 -9999 -9999 -9999 -9999 -9999 -9999 -9999 -9999 -9999 -9999 -9999 -9999 -9999 -9999 -9999 -9999 -9999 -9999 -9999 -9999 -9999 -9999 -9999 -9999 0.983737415927961 -9999 -9999 -9999 0.98738599177482 0.977361086107973 0.994106513740146 0.978781886324985 0.97044144511778 0.993177136985452 0.985727317350752 0.981728837295547 0.982579140589784 0.984480526319558 0.985326975267679 0.98406619747877 0.980096923530033 0.990266481875436 -9999 -9999
-9999 -9999 -9999 -9999 -9999 -9999 -9999 -9999 -9999 -9999 -9999 -9999 -9999 -9999 -9999 -9999 -9999 -9999 -9999 -9999 -9999 -9999 0.981628404460563 -9999 -9999 0.982330374586571 -9999 -9999 -9999 0.999445063520865 0.998647643577461 0.998587723293199 0.989787937792568 0.988060689260687 0.983843022395024 0.971786771904956 0.98312211880852 0.986078116482751 0.988212532373525 0.984367161635665 0.986801069991312 0.984276366628407 0.991827528998734 0.980545411242777 -9999
-9999 -9999 -9999 -9999 -9999 -9999 -9999 -9999 -9999 -9999 -9999 -9999 -9999 -9999 -9999 -9999 -9999 -9999 -9999 -9999 -9999 0.981222088649869 0.988967305991986 0.986598329619043 0.989153488201871 0.973080242589333 0.999482538474187 0.999484933041378 0.999277662234387 0.999490351107115 0.978494551711166 0.998586760519253 0.996252539385277 0.996087396719289 0.984093234387382 0.990117106097471 0.992417752240559 0.987372567666205 0.978536860680295 0.984528201911225 0.976449653217071 0.992291168657367 0.992703630143631 0.980873910342288 -9999
-9999 -9999 -9999 -9999 -9999 -9999 -9999 -9999 -9999 -9999 -9999 -9999 -9999 -9999 -9999 -9999 -9999 -9999 -9999 0.983513417224597 0.993275461772011 0.993822471590863 0.995018917886448 0.995436064490681 0.98840907159251 0.978740695221326 0.999484934038267 0.999482491143758 0.99948793385225 0.999490352009943 0.996004336041609 0.979711510746897 0.997889319876559 0.983484967099058 0.994391556509633 0.994602960776774 0.994316867886006 0.99255560840582 0.984640745753937 0.988240867320136 0.989885197192602 0.993227477614306 0.994959050724914 0.970974955810676 -9999
-9999 -9999 -9999 -9999 -9999 -9999 -9999 -9999 -9999 -9999 -9999 -9999 -9999 -9999 -9999 -9999 -9999 0.988302088377623 0.990136033608296 0.988667320608134 0.982704292151359 0.980759806266465 0.981407002045145 0.995490720356357 0.962082445455868 0.992224234942077 0.99926974714744 0.975465824585071 0.990069041824975 0.991156166697089 0.996205750642415 0.994374177719384 0.998509687503144 0.981574794147073 0.980008070863267 0.986181457995659 0.990322679041216 0.986942510780932 0.983232716362507 0.982800509508511 0.988180488165058 0.980534115358996 0.993270883304443 0.980595616155834 0.971683457883724
-9999 -9999 -9999 -9999 -9999 -9999 -9999 -9999 -9999 -9999 -9999 -9999 -9999 -9999 -9999 -9999 -9999 0.988238848180833 0.977201925015954 0.982915634482233 0.982853955928618 0.984321908977916 0.990025731142986 0.996001299466247 0.996072056620544 0.999269276387845 0.983899007662843 0.984589209668273 0.988586795613931 0.990328820391947 0.996151658631971 0.995954100105002 0.985462154417239 0.997883560460425 0.984427235277953 0.986558707863279 0.981717785255711 0.987138718060562 0.982333739418431 0.982986758238754 0.98181645279208 0.997316120323009 0.980575679691734 0.987965204726554 0.980417770344332
-9999 -9999 -9999 -9999 -9999 -9999 -9999 -9999 -9999 -9999 -9999 -9999 -9999 -9999 -9999 -9999 -9999 0.990376428214082 0.991415533392499 0.993156511999951 0.986644488211807 0.986198959753039 0.986104084095938 0.978707459510795 0.999265668630939 0.984213101460247 0.987520685963506 0.982343898164927 0.983836195703296 0.993812753490623 0.995828974080463 0.985560987953155 0.993978725970497 0.998505771741618 0.998489308494787 0.983238392248862 0.981309728770073 0.990035839418299 0.986451324670848 0.987895133670899 0.996306141170452 0.997315718952371 0.995277488388138 0.98969223672938 0.979892939094115
-9999 -9999 -9999 -9999 -9999 -9999 -9999 -9999 -9999 -9999 -9999 -9999 -9999 -9999 -9999 -9999 0.984029099167773 0.988288116276369 0.993782747731609 0.995331822015993 0.995879465643121 0.995933361544791 0.994745594520483 0.991252555024029 0.999482201408385 0.99389195630225 0.986023640575463 0.980172882440042 0.985882888299156 0.991873856310651 0.994156492208563 0.980366493049727 0.99548852274013 0.986256092249519 0.983389677816467 0.997863215977 0.993326705855491 0.987038999200985 0.996525152001964 0.997520481734583 0.98742977295881 0.982906990227062 0.98243877272239 0.994994068127323 0.996204611023035
-9999 -9999 -9999 -9999 -9999 -9999 -9999 -9999 -9999 -9999 -9999 -9999 -9999 -9999 -9999 -9999 0.984233390408213 0.989402946304645 0.984195081438735 0.98353511282877 0.987320909231133 0.974101310107201 0.978081643126206 0.999264183661052 0.986260253059582 0.99347078061984 0.992744067446034 0.986614832504968 0.986875156147891 0.990612255084782 0.9931629401044 0.991186435904086 0.995120635165763 0.986510929403532 0.986996668313229 0.998050138227858 0.996763059367381 0.997694272649753 0.993947073300992 0.983530798710912 0.988127287347545 0.99062252697467 0.982166264103922 0.990776175790897 0.981704034810741
-9999 -9999 -9999 -9999 -9999 -9999 -9999 -9999 -9999 -9999 -9999 -9999 -9999 -9999 -9999 0.984270607814148 0.986838227650256 0.985709700580288 0.989177836499774 0.990365266315328 0.983866975297251 0.981202785416881 0.999478510620178 0.999478511451592 0.986375198175117 0.981005242938252 0.986591951267122 0.981621415015556 0.987089246837724 0.989308467468572 0.987416321593723 0.987311904126012 0.994410294682001 0.975604111124036 0.984003022180607 0.991527201441983 0.997163379403765 0.982727983066256 0.987230084098392 0.989981177059092 0.976851907928465 0.987451670927854 0.982538891832204 0.988660049862821 0.971959639558563
-9999 -9999 -9999 -9999 -9999 -9999 -9999 -9999 -9999 -9999 -9999 -9999 -9999 -9999 -9999 -9999 0.985787118076922 0.986184547216277 0.985195552638282 0.98778006793289 0.990692714693175 0.960833006765157 0.999260599052321 0.999478512239248 0.98607610641534 0.981432917530078 0.98692741729407 0.987542027799958 0.982170331052859 0.982523695766799 0.983470980351276 0.988698062348899 0.994217200726087 0.990608753067233 0.977406093215539 0.984958861039987 0.997991589889531 0.983779856474771 0.983845238646169 0.992432308359966 0.987056097267625 0.983254303623489 0.982829911321544 0.986798539316335 0.980151876197784
-9999 -9999 -9999 -9999 -9999 -9999 -9999 -9999 -9999 -9999 -9999 -9999 -9999 -9999 -9999 -9999 -9999 0.985856166167838 0.990430168320784 0.992648527540295 0.992846046012339 0.995099685815585 0.999477207878082 0.988051661788645 0.989993285541141 0.992142093773333 0.981671509300918 0.988148368954192 0.984003082882575 0.984024859646159 0.978322792150409 0.984969495477847 0.992612256681506 0.988950798405358 0.985157216396917 0.98520353512214 0.992519640358648 0.997058513834994 0.985185557185582 0.984609145718762 0.995357317495937 0.982440261055333 0.983848901583475 0.984695382840368 0.994786206234679
-9999 -9999 -9999 -9999 -9999 -9999 -9999 -9999 -9999 -9999 -9999 -9999 -9999 -9999 -9999 -9999 0.987595086611334 0.986140583108791 0.985746096245093 0.989875820318203 0.99072349313493 0.987152432584486 0.999475526211005 0.984900215482148 0.993297223813254 0.995164838806761 0.993326033820176 0.98687526650817 0.982408459607662 0.99001111797188 0.986057390162443 0.983954311821338 0.985704678079628 0.986995762103003 0.987760197360174 0.989225726412518 0.990725143567477 0.99035838409325 0.996984954306936 0.996839546457888 0.989433501949883 0.995314839231873 0.996499825863476 0.996412885514635 0.984233809727146
-9999 -9999 -9999 -9999 -9999 -9999 -9999 -9999 -9999 -9999 -9999 -9999 -9999 -9999 -9999 -9999 0.987593062633881 0.993806932389107 0.992727555476663 0.986290030890991 0.996361653791528 0.996724098346196 0.996722915544585 0.999256589908526 0.984290905723544 0.978960149356524 0.979976193918671 0.980569571892136 0.99366744067206 0.993036312031504 0.983524561090593 0.977614307576361 0.982570248722158 0.986548255990337 0.985587062511977 0.98558826505105 0.978565936027708 0.983575143961367 0.991786134539516 0.996007328129907 0.983118139386771 0.980505670714001 0.980627248998053 0.971749404386839 0.979921830280491
-9999 -9999 -9999 -9999 -9999 -9999 -9999 -9999 -9999 -9999 -9999 -9999 -9999 -9999 -9999 0.981640676128667 0.989514699723838 0.984508060982167 0.99470598672306 0.994693478801386 0.990825135044519 0.980882704821796 0.973252511638961 0.999470406201276 0.993764329922608 0.995240955018263 0.994899044073572 0.994410303028832 0.994104626237393 0.982124396686795 0.988458405158956 0.979035176100012 0.984305620454931 0.990294491577358 0.984470142041685 0.984190717651109 0.983899712409577 0.989630571377151 0.990862541836407 0.997161317003454 0.997126069201323 0.979793316041591 0.971759121296959 0.980552863686676 0.984717986194165
-9999 -9999 -9999 -9999 -9999 -9999 -9999 -9999 -9999 -9999 -9999 -9999 -9999 -9999 -9999 0.9845982931198 0.991424091866146 0.97776820615617 0.994017779936802 0.988199866527984 0.993275004867992 0.979539692973636 0.986983494610665 0.999470538337532 0.98091531028383 0.976963192581634 0.98459363652968 0.983015893105075 0.981183572069735 0.982106283553655 0.987900130880141 0.984675781996251 0.985124180725078 0.989040281870323 0.99447512010762 0.984199903454071 0.984779743569432 0.983420404939266 0.975775663991503 0.987376189621913 0.992135845174268 0.995655413103222 0.978536624838061 0.986037516952599 0.987450092102263
-9999 -9999 -9999 -9999 -9999 -9999 -9999 -9999 -9999 -9999 -9999 -9999 -9999 -9999 -9999 0.983448860516279 0.991898322274816 0.99113486528937 0.975996931536455 0.987140301116408 0.981552835091199 0.96841052105187 0.98119351448509 0.978815300134357 0.999246391412923 0.971420266517985 0.988785804852961 0.984156477733094 0.973142486075127 0.994392830039497 0.992190031684495 0.990783164424075 0.986940353906702 0.990904979690313 0.993338512322884 0.989204756788702 0.984916992492616 0.981950914658282 0.982445995272905 0.982335325549086 0.988491001914236 0.985096311422986 0.995568826574995 0.996506275707618 0.987012706934516
