Model input/Uganda/survival/sedimentation/sedimentation_restime_1feb.asc
NCOLS 67 
NROWS 67 
XLLCORNER 29.500000001 
YLLCORNER -1.499999999 
CELLSIZE 0.0833333332985075 
NODATA_value -9999 
[rows 40 to 59 of 67, columns 0 to 44 of 67]
0.970535669051249 0.974743474863263 0.997642684184364 0.99767971681884 0.964769917499088 0.991052286305367 0.974179135759015 0.980170588981259 0.975188041887673 0.982515507126678 0.980849112263826 0.985658424184546 0.978805054569409 0.990940601875682 0.985220369250354 0.993721574831286 0.991302907432536 0.989793114082211 0.983437398705741 0.982820488379913 0.982036313190744 0.980993971384015 0.981914699931284 0.967350927924881 0.962590015507303 0.978075591845152 0.981402817593642 0.986501834680971 0.980790291418803 0.97554697367543 0.984770450495128 0.980368179877527 0.995902231042508 0.981149677199581 0.981758781050553 0.990529573540843 0.982000999394668 0.975884831135367 0.982307302447847 0.99150556574849 0.99237757966449 0.983086354745718 0.999392974790144 0.989223901676829 0.989014524185084
0.980661837028273 0.98040687544349 0.997617668220519 0.989030196894404 0.988640221763917 0.989724942625303 0.975031065593782 0.98097283919104 0.984247191732601 0.990872596904042 0.988784715219955 0.982672645310153 0.979171306265286 0.985696625316595 0.983607661751587 0.991275113319237 0.983167775370644 0.985754198519884 0.989281224752389 0.991199962414214 0.98797071648704 0.986659055322809 0.981949748953274 0.977511187377263 0.955867179117728 0.970462342854909 0.965453148608582 0.980534855049345 0.971638580663099 0.980352409763434 0.984280870703471 0.986383642551125 0.995569416822409 0.977565663544719 0.978714748139536 0.978959294279368 0.979118291095757 0.982481638693785 0.990259684448291 0.987170317134321 0.994246522287318 0.990399105242438 0.999392876580881 0.985475498964872 0.991363094460975
0.969617082153212 0.967440748628618 0.997565983624372 0.963582545154895 0.987992460668673 0.987547246874173 0.971358201261472 0.986344896984629 0.989115463277582 0.982528692243777 0.983919012448344 0.993050249451206 0.98759320661427 0.982867854907974 0.982525837819962 0.980599945976897 0.980805124011164 0.984262698236261 0.978979173471937 0.980241821109147 0.970671506127954 0.972669841225308 0.973394475994048 0.973573095726079 0.948662165759675 0.986290405442396 0.981031724275953 0.97717449964007 0.97132152567441 0.95210462977769 0.981441032622549 0.98259647045147 0.995444960853418 0.993138509128174 0.987180571435597 0.978251571187718 0.979569097810492 0.981970924305603 0.992276241382635 0.982361590722034 0.992814150382566 0.989158443601328 0.999392780770582 0.99938858127782 0.98340952396104
0.997454634513817 0.99654009195626 0.978444371453158 0.977846587926069 0.984191747313821 0.982677392278364 0.978560815673505 0.979766363074457 0.986179365936115 0.985252358024708 0.987825027358804 0.993369490350647 0.994150755261845 0.975522250162359 0.96445664187719 0.943578029519419 0.978308763297139 0.96307517182034 0.969273845284537 0.961137523718192 0.952931924197919 0.975834460833614 0.979035796559043 0.950612460361746 0.944122946981563 0.981076257625993 0.935667648186212 0.959378255149927 0.986722816865821 0.991090164183855 0.979141950187842 0.979381131816131 0.994072161687604 0.983303025698453 0.986998897650535 0.989506572950064 0.982476947232439 0.985688799098134 0.982659764094921 0.982847096411059 0.992377648062502 0.987498045499161 0.974195811094283 0.999392545514018 0.984445989954578
0.997463349990704 0.991635690380962 0.991106164143362 0.988850035205791 0.983860928703073 0.972864473043566 0.96328174929759 0.976128726091952 0.980936768774639 0.991895000689674 0.990691129028576 0.979288956238903 0.994491547889279 0.984549990827538 0.973599812976886 0.953205883634521 0.957727066544268 0.957414289892822 0.96720892426232 0.974582957215614 0.965841755036507 0.987267351440616 0.953976849040691 0.969780864220432 0.98298838212543 0.972698358613331 0.964701837687443 0.992974596374422 0.981631305795882 0.98738090553113 0.979153321155106 0.97323813640175 0.98837713621941 0.989638132750136 0.991193478811021 0.983322230744298 0.977965320678245 0.988166471664298 0.983727819376238 0.986477407385933 0.990984675232032 0.984639776478786 0.999137748491535 0.999137748491535 0.999137744062086
0.997439967465515 0.987454081016171 0.986013129614867 0.984240473433061 0.987490714585538 0.973378761793422 0.985779807974308 0.987905432996222 0.977446183704692 0.992856923530611 0.991161637996807 0.962341712945955 0.994567043418363 0.967871626890627 0.972919741714489 0.961324162220395 0.97999000139823 0.961770626376765 0.96342689212165 0.983637205513278 0.969673676127604 0.988422642315853 0.986735266536679 0.989458015782582 0.972940787983497 0.964714291739758 0.973832858882265 0.990045846440719 0.99103054428796 0.99103054428796 0.983842766114566 0.981446306833649 0.984474313588716 0.98405560864017 0.980682816363151 0.983538812520951 0.984830611584807 0.99939225999235 0.999137744062086 0.979320696824829 0.985004503670225 0.979363084242359 0.999388175894355 0.999388175894355 0.999137740420095
0.992148405254555 0.99630025350698 0.981884225339583 0.976639786133428 0.985201547545137 0.98027077689453 0.983194346880815 0.987909010128575 0.99658236692482 0.994652945191009 0.991765674951861 0.975728731757141 0.992396208036443 0.984257948106488 0.984660187033675 0.98579852652401 0.992021832482355 0.992223097566553 0.993780015819515 0.994326073563893 0.994371123932514 0.995720817338405 0.994045412079038 0.974766574189843 0.968846694658788 0.969651249882233 0.990336374895821 0.964620102943939 0.971918653124688 0.980591496853237 0.981119326635648 0.981438943788661 0.981380072791968 0.986400248099434 0.999137740420095 0.999392260090808 0.999137740420095 0.999392260090808 0.999388171463795 0.999388171463795 0.999392260090808 0.999137740420095 0.999388171463795 0.999392260090808 0.999392260189265
0.978073159393366 0.99725796837144 0.987923181552164 0.984356132938727 0.984220703919083 0.988470154732857 0.996605174244191 0.996605174244191 0.996605174244191 0.996605174244191 0.99507854712498 0.996489723985984 0.995482497117644 0.995447622782284 0.97551252775576 0.97562736605341 0.98991606974416 0.977241375650712 0.990397497587932 0.976499548255554 0.985973043108948 0.975667883674469 0.982077109413353 0.994323378531018 0.983223033717743 0.990530543012597 0.967150813106482 0.964722829203551 0.960466504716353 0.981610480670857 0.980661947790081 0.9862694572035 0.999137737762425 0.999137737762425 0.999388168263947 0.999137737762425 0.999392260189265 0.999392260189265 0.999388168263947 0.999392260189265 0.999392260189265 0.999388168263947 0.999388168263947 0.999137735990645 0.999392260238494
0.985826566546694 0.997243959504227 0.99719721080744 0.9971783511975 0.992364173400337 0.975587022867679 0.996582338106571 0.995186220790861 0.996582338106571 0.995186220790861 0.978372895619452 0.986517796346951 0.975372920150804 0.991418700163987 0.99261055367641 0.991235346756886 0.986627386161793 0.953443575179406 0.990258207841563 0.969470941874168 0.98887406155211 0.969917276647077 0.974190570795363 0.969896850920225 0.996515871409782 0.996981023373684 0.997008975182814 0.997043766612521 0.995966362003208 0.98627841170231 0.999392260238494 0.999137735990645 0.999388166294809 0.999392260238494 0.999392260238494 0.999137735990645 0.999388166294809 0.999388166294809 0.999388166294809 0.999388166294809 0.999388166294809 0.999388166294809 0.999388166294809 0.999388166294809 0.999392260238494
0.99719721080744 0.99719721080744 0.99719721080744 0.99719721080744 0.99719721080744 0.962306474933242 0.966676497511412 0.968561766244655 0.995186215994548 0.996605174613664 0.97435060034294 0.973228515443873 0.98534323543006 0.978777244405705 0.993685376975476 0.990312759574509 0.977308222974122 0.977577251017348 0.989903022200683 0.98949895952471 0.972250645900195 0.982928086814749 0.959804830495597 0.965718367968284 0.988838345121227 0.984870119906194 0.989471308977841 0.977696269171341 0.99938816565484 0.99938816565484 0.999137735104756 0.99938816565484 0.999392260238494 0.999392260238494 0.999392260238494 0.99938816565484 0.99938816565484 0.999392260238494 0.999392260238494 0.999392260238494 0.999392260238494 0.99938816565484 0.999137735104756 0.999392260238494 0.999392260238494
0.996025219682954 0.99719721080744 0.9971783511975 0.99719721080744 0.9971783511975 0.953630460809903 0.995502892472452 0.996598668323442 0.996605174613664 0.972816543933203 0.974745155064655 0.974636409773492 0.988997534283453 0.978946579073273 0.993519057589909 0.988987976523172 0.976454701580826 0.981402523118643 0.957708426681529 0.989026054276982 0.971252865614372 0.987365467868303 0.968397396661427 0.961750021488378 0.991603086066641 0.980649218118681 0.992360073538116 0.979238335976413 0.999137735104756 0.999388166294809 0.999388166294809 0.999388166294809 0.999388166294809 0.999388166294809 0.999388166294809 0.999137735104756 0.999392260238494 0.999137735104756 0.999392260238494 0.999392260238494 0.999388166294809 0.999137735990645 0.999392260238494 0.999137735990645 0.999388166294809
0.997178360127005 0.996025227965048 0.997178360127005 0.997178360127005 0.997178360127005 0.996814864644321 0.964958162421741 0.988677122123244 0.972378120788728 0.978375981389945 0.972355138044252 0.975753421554314 0.981424203591666 0.973234478820554 0.992823965767087 0.97248814201208 0.981901827233875 0.976755583333943 0.973669483023587 0.984715671141391 0.972396126661766 0.982330016659477 0.966160889718914 0.974414205375472 0.99116841791818 0.968604200637166 0.990241857573389 0.979781934320777 0.999388168263947 0.999137737762425 0.999392260189265 0.999388168263947 0.999388168263947 0.999392260189265 0.999392260189265 0.999392260189265 0.999388168263947 0.999388168263947 0.999388168263947 0.999137737762425 0.999388168263947 0.999388168263947 0.999392260238494 0.999392260189265 0.999137737762425
0.997178374796904 0.997197210169606 0.996025240069647 0.996025240069647 0.997178374796904 0.974594547704075 0.952009109471717 0.991554010704088 0.968779168257914 0.964443387152987 0.967937416786885 0.949135166996096 0.981367390631744 0.982642603495769 0.988474863340985 0.981296802791368 0.977910137196564 0.966973905180979 0.975669070300204 0.978436864031584 0.975138324956355 0.977511158089247 0.976749052361929 0.985911169599051 0.989405606516982 0.974995256479339 0.985751094295955 0.971539230322297 0.984146907910082 0.978943167865892 0.999137740420095 0.999137737762425 0.999137740420095 0.999392260090808 0.999388171463795 0.999388171463795 0.999137740420095 0.999388171463795 0.999392260090808 0.999388171463795 0.999388171463795 0.999388171463795 0.999137740420095 0.999388171463795 0.999137740420095
0.996025256633835 0.997197209531772 0.996025256633835 0.996025256633835 0.9971783952072 0.950402125566675 0.960854065987712 0.991307039318943 0.990526981029605 0.980463586559344 0.980299344184233 0.981445561682007 0.972368946564907 0.979006600267182 0.977901905443442 0.978522724647539 0.969306126179327 0.978618636020139 0.978532174130944 0.978145516629949 0.972305850713376 0.959828313198305 0.968399752956925 0.969832447202138 0.984043394031382 0.974940765814585 0.980237260581377 0.982098666653097 0.989278277474025 0.991789126639344 0.999392260090808 0.999388175894355 0.999388175894355 0.99939225999235 0.99939225999235 0.999388175894355 0.999137740420095 0.999392260090808 0.999388175894355 0.999388175894355 0.999137744062086 0.99939225999235 0.99939225999235 0.999137744062086 0.999388175894355
0.997197208893938 0.996025277020529 0.997197208893938 0.996025277020529 0.958515578091476 0.974860881793114 0.978978600668149 0.980981974535933 0.979061496360412 0.982338540713772 0.980549108016569 0.985578285143459 0.980695281671453 0.979652794692166 0.979357907481565 0.977893862376781 0.977908038363256 0.983974045532595 0.977893938837304 0.992064985618271 0.986433535839797 0.983633715197142 0.979714125189628 0.968482834394551 0.973859649099765 0.96265877126722 0.971786398061225 0.99938818170331 0.999137744062086 0.99939225999235 0.99939225999235 0.99938818170331 0.999137744062086 0.999137748491535 0.99939225999235 0.999137744062086 0.99938818170331 0.99938818170331 0.999137748491535 0.99938818170331 0.99938818170331 0.999137748491535 0.999392259844664 0.99938818170331 0.999137748491535
0.997197208256105 0.997197208256105 0.995292743479399 0.959578233089444 0.987560259173163 0.977081124553435 0.974540667444294 0.981989586092041 0.982265546160263 0.990234598751046 0.973214020265168 0.987821642487968 0.98554940284419 0.970173001148762 0.978749965027774 0.980655010627628 0.982988423939147 0.989448754062547 0.977898821552195 0.99206498420175 0.971199788193857 0.97791097850292 0.967470169937003 0.973111553910625 0.962757972828282 0.96155853448067 0.976735642565136 0.999137748491535 0.999392259696979 0.999137748491535 0.999137748491535 0.999392259844664 0.999388188792205 0.999388188792205 0.999388188792205 0.999137753806874 0.999392259696979 0.999137753806874 0.999392259696979 0.999392259696979 0.999137753806874 0.999392259696979 0.999137753806874 0.999137753806874 0.999392259696979
0.997197207299354 0.997197207299354 0.995264883306748 0.995046201539536 0.975428677499251 0.986409165306619 0.983055699126533 0.981937946537372 0.980947098649766 0.991275305809044 0.98077622843874 0.994790305783541 0.995231026077148 0.995378342354966 0.995503507390783 0.993875835829438 0.996374556519562 0.992214298375562 0.996740285035657 0.99540840370926 0.996829944507519 0.97741826509799 0.995554889998473 0.973307870210062 0.977132510910264 0.972548214984047 0.999392259696979 0.99938819716104 0.99938819716104 0.99938819716104 0.99938819716104 0.99938819716104 0.999137760106536 0.999137760106536 0.999392259500064 0.999392259696979 0.999137753806874 0.99938819716104 0.99938819716104 0.999392259500064 0.999392259696979 0.999392259500064 0.99938819716104 0.999137760106536 0.999137760106536
0.973942752280811 0.992652436064748 0.982099571646131 0.995019117555427 0.977750844287335 0.982115844349528 0.98188453773047 0.990948456293166 0.980980592604376 0.99206981733387 0.991472713038751 0.980807678196132 0.979379403328398 0.980601861900685 0.987424457751133 0.989165177849573 0.99635041600583 0.99635041600583 0.996740336342671 0.996740336342671 0.996808831123279 0.995554922277231 0.996844396878941 0.982097084857491 0.9886419078605 0.97224336392565 0.999392259500064 0.999392259352378 0.999137767292086 0.999137767292086 0.999392259352378 0.999137767292086 0.999392259352378 0.999392259352378 0.999137767292086 0.999137760106536 0.999388206809814 0.999392259500064 0.999388206809814 0.999388206809814 0.999137767292086 0.999388206809814 0.999388206809814 0.999392259500064 0.999137767292086
0.958015406295264 0.992299206223313 0.976884437076077 0.994941004098749 0.9772782536064 0.973123595763489 0.992480755731146 0.99149736459277 0.982613557792376 0.990951043620794 0.986441900923121 0.981069692708575 0.979122669085472 0.971028181132505 0.97874871426066 0.981368471791913 0.994859697410453 0.9963504808989 0.978888563913065 0.965508455461428 0.982776874849611 0.976734784318263 0.995594567470012 0.954360372340049 0.990427171304258 0.990952163251611 0.999392259352378 0.999388217689299 0.999137775363527 0.999388217689299 0.999137775363527 0.999392259057006 0.999137775363527 0.999137775363527 0.999137767292086 0.999388217689299 0.999388217689299 0.999388217689299 0.999137775363527 0.999392259352378 0.999392259057006 0.999392259057006 0.999137775363527 0.999388217689299 0.999392259352378
0.970195234516459 0.992171121080322 0.974415257708655 0.962799067737706 0.992644079626195 0.993074664334312 0.992887297419169 0.980496755519951 0.981502533473973 0.976253901872166 0.983550561385188 0.978049330267702 0.985587487846399 0.978510473637326 0.979602720562739 0.985822616825462 0.984696714258044 0.97849107687696 0.979750615574181 0.976230935569481 0.986592662586896 0.978906723698494 0.969072514274833 0.996892281855418 0.997125794976075 0.997147470152568 0.999137784222426 0.999392258810863 0.999137775363527 0.999388229947181 0.999388229947181 0.999388229947181 0.999388229947181 0.999388229947181 0.999388229947181 0.999137784222426 0.999392258810863 0.999388229947181 0.999388229947181 0.999392259057006 0.999392258810863 0.999388229947181 0.999392258810863 0.999137784222426 0.999137784222426
