Model input/Uganda/survival/sedimentation/sedimentation_restime_1may.asc
NCOLS 67 
NROWS 67 
XLLCORNER 29.500000001 
YLLCORNER -1.499999999 
CELLSIZE 0.0833333332985075 
NODATA_value -9999 
[rows 20 to 39 of 67, columns 0 to 44 of 67]
-9999 -9999 -9999 -9999 -9999 -9999 -9999 -9999 -9999 -9999 -9999 -9999 -9999 -9999 -9999 0.984797050050812 0.976706756018223 0.984398536326311 0.981924673087925 0.982353162266067 0.980504137505073 0.984816894315864 0.989395916000281 0.986766351451853 0.992873859908266 0.992223674568541 0.975566309086587 0.981915250885102 0.999271618509023 0.994692677506358 0.981989871256367 0.975365710326057 0.986766117559554 0.981304789778205 0.99632431387814 0.996227521071187 0.991921786983749 0.986743849847557 0.982200460660874 0.985060886105539 0.986308192393899 0.980889326757731 0.98827307851035 0.988976321897074 0.995032074277762
-9999 -9999 -9999 -9999 -9999 -9999 -9999 -9999 -9999 -9999 -9999 -9999 -9999 -9999 -9999 0.982438142909319 0.976319296811757 0.975698604162345 0.979815788996113 0.98249777655297 0.98103501284013 0.980655563168556 0.986489233995499 0.98030643908567 0.999271226773226 0.999483579784544 0.999483753238445 0.999483330681779 0.98566458380844 0.999270359721954 0.999482760080323 0.98424017935936 0.989822485841673 0.980526856169683 0.995065568065075 0.982199648285479 0.986685119562989 0.992699143284282 0.993846818408597 0.993089220219018 0.991588072654458 0.98313407287928 0.982404469042132 0.9855675108003 0.985111689183196
-9999 -9999 -9999 -9999 -9999 -9999 -9999 -9999 -9999 -9999 -9999 -9999 -9999 -9999 -9999 -9999 0.982886506940291 0.98184078487224 0.985062789718726 0.970909694912867 0.999217870759213 0.99921784883659 0.999445241255577 0.999482604755938 0.982009950306498 0.982029737244994 0.982874060978705 0.98929019330794 0.991504217596108 0.989904445750176 0.987883975294742 0.999270612132236 0.999482921875974 0.999482815664995 0.985735794263443 0.986641720490696 0.995428919972126 0.986117656250126 0.985898395955104 0.986518190791103 0.985820461361972 0.976382041421392 0.982356171414229 0.981969750269792 0.978528204370323
-9999 -9999 -9999 -9999 -9999 -9999 -9999 -9999 -9999 -9999 -9999 -9999 -9999 -9999 -9999 -9999 -9999 0.977045613087195 0.999448523641634 0.999448524235509 0.999445210419874 0.999448524235509 0.999445210419874 0.988898117764595 0.986715694726793 0.986806868438781 0.987524261228329 0.988282121460227 0.986040394788845 0.986325514678639 0.984661271786429 0.984724271139418 0.988358120110991 0.999482960322785 0.985317597759746 0.985473034793151 0.994249386872445 0.989831198749094 0.986273528583988 0.985637712546074 0.983112901071642 0.975269208925801 0.988665568509726 0.991652721074867 0.985191413155028
-9999 -9999 -9999 -9999 -9999 -9999 -9999 -9999 -9999 -9999 -9999 -9999 -9999 -9999 -9999 0.980696772943833 0.978433141921766 0.999448524235509 0.999217827736066 0.999217827736066 0.999445180680553 0.999448524783701 0.999445180680553 0.999448524235509 0.994322270316556 0.995350998450825 0.995045039508585 0.989468311404909 0.983437438086548 0.980506548748144 0.977955370498047 0.978351841811897 0.984909396983102 0.992544740423034 0.999266809480497 0.995971065020568 0.985734795736198 0.978185863094563 0.978380521353825 0.989002775403853 0.989344255682772 0.982439515458854 0.994355903057374 0.99229464302594 0.976173739025924
-9999 -9999 -9999 -9999 -9999 -9999 -9999 -9999 -9999 -9999 -9999 -9999 -9999 -9999 -9999 0.984379706552585 0.999217807548986 0.999445152128978 0.999445152128978 0.999445152128978 0.999217788092659 0.999448525377576 0.999445152128978 0.999217788092659 0.988598566231751 0.984953911073765 0.98011954939509 0.99000423892406 0.97947503915026 0.98841360625511 0.984488587999466 0.98460744130182 0.984783438926491 0.999262964719258 0.995104416340002 0.994580388928938 0.994317422090084 0.993767699030652 0.992960553499415 0.987581575916122 0.987734504878024 0.98340646955326 0.993055025902311 0.988942688964543 0.976016838836704
-9999 -9999 -9999 -9999 -9999 -9999 -9999 -9999 -9999 -9999 -9999 -9999 -9999 -9999 -9999 0.999217788092659 0.999445124719467 0.999445124719467 0.999445124719467 0.999217769458432 0.999448525925768 0.999445124719467 0.999217769458432 0.987152702258904 0.991208424437629 0.986550384684635 0.986555081555045 0.992092031349393 0.983931235382663 0.988983625696869 0.988202707160004 0.983764913682071 0.978533058552243 0.999476675099802 0.999261111378687 0.984884503217055 0.985658187143348 0.984513580870296 0.984903460284395 0.991295494345333 0.990512780310224 0.99431148306261 0.984846004918047 0.991254859122374 0.988716498485598
-9999 -9999 -9999 -9999 -9999 -9999 -9999 -9999 -9999 -9999 -9999 -9999 -9999 -9999 -9999 0.999445098452019 0.999445098452019 0.999445098452019 0.999217751554959 0.999448526428277 0.999445098452019 0.999217751554959 0.999445098452019 0.980966659312172 0.992088359812454 0.980177124004299 0.97857815130217 0.984624598756288 0.978670820045373 0.978198855686886 0.991073001067722 0.999476665573975 0.999476665573975 0.999479898565969 0.98405569973654 0.978159815469534 0.98603467062673 0.991118442363685 0.993258635743198 0.995816265862664 0.99681906789877 0.99475637263244 0.985944409188297 0.988794722218749 0.999448350030272
-9999 -9999 -9999 -9999 -9999 -9999 -9999 -9999 -9999 -9999 -9999 -9999 -9999 -9999 0.999445073418 0.999217751554959 0.999445073418 0.999217734564928 0.999445073418 0.999217734564928 0.999217734564928 0.999448526885104 0.989024535358316 0.990391703505234 0.991422594398729 0.99028995975697 0.978274503947934 0.991759300265549 0.984255104917963 0.976436658368651 0.988038364350339 0.99926223106958 0.999262247136522 0.999476641948757 0.996525474978995 0.989199221065009 0.98509820700111 0.9887190355589 0.996197157168504 0.986821128104706 0.985779903565373 0.993799041989937 0.993163754608061 0.984014731836184 0.999217502096526
-9999 -9999 -9999 -9999 -9999 -9999 -9999 -9999 -9999 -9999 -9999 0.999448526885104 0.999217734564928 0.999217718396996 0.999217734564928 0.999445049526045 0.999217718396996 0.999448527387613 0.999217718396996 0.999448527387613 0.999217718396996 0.979818000055471 0.985600756427495 0.983589155531427 0.977426766750708 0.988503751935995 0.984172778514794 0.992427950816224 0.983574279295157 0.980686037234947 0.984284824508644 0.999479899439363 0.999476619415277 0.999262215875842 0.999444872549139 0.996418397562481 0.997415632648516 0.997381765622258 0.999448351035537 0.999217485102328 0.999217485102328 0.999448351035537 0.999448351035537 0.999448351035537 0.999217485102328
-9999 -9999 -9999 -9999 -9999 -9999 -9999 -9999 -9999 -9999 0.987363125935212 0.99944502673047 0.999448527387613 0.99944502673047 0.99944502673047 0.999217702959818 0.99944852784444 0.99944502673047 0.999217702959818 0.999217702959818 0.98245488270497 0.983055541723898 0.982543807416336 0.982204347925762 0.983893139182123 0.982928221242246 0.988624716745804 0.993834449753151 0.987969993496143 0.977010669324905 0.997777495051331 0.990465366096794 0.984664606118474 0.991554862519476 0.999448351949415 0.999217453489467 0.999444849747972 0.999444849747972 0.999448351492476 0.999217468930431 0.999444849747972 0.999217468930431 0.999217468930431 0.999444849747972 0.999448351949415
-9999 -9999 -9999 -9999 -9999 -9999 -9999 -9999 -9999 -9999 0.999445005168324 0.999217688344739 0.999445005168324 0.999445005168324 0.999217688344739 0.999448528255584 0.999448528255584 0.999217688344739 0.982824914710799 0.993475623963477 0.977422013458935 0.977457850328091 0.977844108740684 0.983865578195573 0.99209196430707 0.988560145533314 0.994452089488452 0.994115169465778 0.998229146346595 0.997770982555804 0.996866039780743 0.985904578117092 0.98050114940302 0.98584787269414 0.987097038725029 0.983833865365834 0.999448352360659 0.999217438870803 0.999444828180536 0.999444828180536 0.999444828180536 0.999444828180536 0.999444828180536 0.999444828180536 0.999444828180536
-9999 -9999 -9999 -9999 -9999 -9999 -9999 -9999 -9999 0.986629740319459 0.999444984793924 0.999444984793924 0.999444984793924 0.999217674551758 0.999448528666728 0.999444984793924 0.999217674551758 0.990754151651036 0.9777135685434 0.993062576254078 0.991310962791335 0.988350748585282 0.984517232598917 0.97933470137448 0.997219248296613 0.996207985758402 0.994713148051367 0.997482426624493 0.975951858839315 0.983081137593463 0.984643676356581 0.995421248761225 0.986872257735494 0.987137554212888 0.9864910376734 0.986034869657816 0.999444807755443 0.999448352771904 0.999217425074439 0.985470711312612 0.999217425074439 0.999444807755443 0.999448352771904 0.999217425074439 0.999444807755443
-9999 -9999 -9999 -9999 -9999 -9999 -9999 -9999 -9999 0.986180703962334 0.999444965561586 0.999444965561586 0.999217661580876 0.999448528986507 0.999444965561586 0.999217661580876 0.985123415224899 0.988285003624591 0.973461383153119 0.981217473945611 0.97569303832724 0.982680583290155 0.99686604870008 0.9958630996654 0.990899650009125 0.983090486671419 0.996595434665868 0.982536182024533 0.99651881492338 0.994494964112702 0.986651951496589 0.984565718115791 0.995374333516086 0.990278646014673 0.981691079651476 0.979601287989905 0.992140883010829 0.985726096312195 0.983437268067845 0.995890511000803 0.999448353137456 0.99944478856408 0.899448048574245 0.999448353137456 0.999448353137456
-9999 -9999 -9999 -9999 -9999 -9999 0.988100726921769 0.990549485261031 0.986728860922229 0.972928548106462 0.998008406700502 0.999217649432092 0.999448529351968 0.999217649432092 0.999217649432092 0.98558726949945 0.979576565104033 0.976041134291921 0.982908709166911 0.979458610592909 0.993686166462513 0.995291047969593 0.98573047911087 0.98310882667082 0.975722680720024 0.984162228212714 0.989528977336333 0.979512087715282 0.997276624630839 0.980406220755381 0.991439760359764 0.986042534414658 0.991383888253825 0.994603903178635 0.985400754500558 0.98628133862361 0.989524681296602 0.989580451601076 0.980727628945314 0.997101794522815 0.986008560422582 0.999207215245994 0.994965032865922 0.987604186523089 0.999448353503007
-9999 -9999 -9999 -9999 -9999 -9999 0.987203943414568 0.988625355644847 0.981472855481548 0.997190940945999 0.97989918931096 0.999217638105406 0.999217638105406 0.99944852971743 0.999444930568784 0.996359702890393 0.996131470972173 0.995955829050726 0.995571646204967 0.995374812995701 0.992786986655685 0.975081020306786 0.9946133284175 0.995856306953202 0.982095747775517 0.983217040546344 0.985649923434861 0.98844280493695 0.997131846505129 0.974098845649732 0.9931716208276 0.98574874764315 0.989449748121652 0.985687418748362 0.994158740380701 0.986029730333676 0.986088183395772 0.991757431524404 0.987375556969808 0.996983630753236 0.987206825734226 0.999439228633551 0.987169179878275 0.992012195513409 0.986588708477565
-9999 -9999 -9999 -9999 -9999 0.982816344694953 0.979847290291341 0.991566024906031 0.997182653293786 0.96387561938152 0.960398218850842 0.999444914762636 0.999448529991526 0.999448529991526 0.986249950537498 0.989959434040941 0.983299700341022 0.988188851663953 0.981932860909827 0.995281870113574 0.979875663563436 0.988789367433982 0.990163417834367 0.995693686964942 0.985279910939367 0.97671889529786 0.976036113450025 0.9892239428183 0.991296910612193 0.995756729131775 0.986932473144315 0.986935083692677 0.985375515013835 0.985379264878395 0.994735451598291 0.990351663156898 0.985825480600677 0.987003809578829 0.990649106834196 0.996896930420179 0.987248403419396 0.999439473883584 0.987694058023497 0.993370721653407 0.986254117402488
-9999 -9999 0.974026087634794 0.979824425257181 0.98101888051129 0.976950388343461 0.976076123904578 0.98830016837572 0.997933974292549 0.973771229413724 0.991657297530607 0.991973409473615 0.99736131931421 0.979697402814553 0.982512683979254 0.990830692767516 0.987246425499376 0.985143301388931 0.983335573138114 0.995194905089458 0.981262969636429 0.991278092065686 0.987024089009576 0.99271336994865 0.993501696594603 0.987479192375804 0.983569868411082 0.98361702407911 0.990604777544606 0.996981336430595 0.996791331680478 0.983424233615813 0.980249750792564 0.980244579411347 0.994288651100252 0.982334604714945 0.986765602510416 0.986627030295587 0.984205292399124 0.996566421839707 0.982264523446351 0.999439324303963 0.987205201508767 0.987223855024776 0.985159151332234
-9999 0.976623659512036 0.986571584112166 0.982408885446228 0.968233666355448 0.980935103661611 0.997876919267326 0.997027974875784 0.97657310096736 0.962575438328623 0.991227619011113 0.978383632683635 0.993232279084905 0.995969470155946 0.996944837771212 0.987212319213699 0.986170655563913 0.985881672083035 0.98812647607407 0.994083000906652 0.989489817597692 0.986285844813576 0.9813091566395 0.991876149827312 0.983626691107457 0.99025066563074 0.978592041876028 0.976480265246172 0.985815341208829 0.980158818265408 0.987892683392684 0.995432712705114 0.991175597540153 0.98308513970533 0.994067286087061 0.983781268473917 0.989045283982927 0.985207873261722 0.982384595444271 0.996379236349756 0.976915898002466 0.99943898502799 0.981019702818577 0.981411181270944 0.976196165897787
-9999 0.975262348345011 0.980361522782104 0.997801152640121 0.997807568332952 0.996985141228131 0.982565952904973 0.986236395181694 0.986131809618732 0.98667072530456 0.984613555412728 0.987757763574461 0.9866606092087 0.992255284489409 0.985694552623506 0.99547673760386 0.995859251534998 0.985393977334418 0.987215407338706 0.980254696434712 0.989589654570365 0.980830561335275 0.986097114695884 0.990864578409807 0.983781116533234 0.992649855304385 0.99196676821788 0.989807890796679 0.977227924371737 0.97782023241054 0.988440357147328 0.979271467400653 0.995057123436464 0.975379759897344 0.983695322775754 0.990758990423729 0.983435911468257 0.982414568535617 0.992803358078134 0.995101965361502 0.982861993196069 0.983527104817685 0.999204079799453 0.994704808187597 0.985835427136793
