Model input/Uganda/survival/sedimentation/sedimentation_restime_1mar.asc
NCOLS 67 
NROWS 67 
XLLCORNER 29.500000001 
YLLCORNER -1.499999999 
CELLSIZE 0.0833333332985075 
NODATA_value -9999 
[rows 40 to 59 of 67, columns 0 to 44 of 67]
0.970381158076759 0.974577147570279 0.99742631727405 0.997469788826189 0.965231825826786 0.991764448781857 0.976243162255886 0.98150362904715 0.976038340498859 0.982402885776236 0.980864357670381 0.98589179692805 0.979090515871139 0.991029757287548 0.985391991808074 0.994167585694338 0.992266645162943 0.991287125885451 0.986046158648519 0.985837431331772 0.985292843828635 0.98444522391599 0.985283236472945 0.982481450710614 0.982217507123776 0.98210868833722 0.98435845997097 0.98700964208755 0.98136690064562 0.975754313790976 0.984975348822716 0.98100212114926 0.996069503867743 0.98393834995471 0.984768028135597 0.991424217253303 0.982677473895232 0.975877916574773 0.981963516233723 0.991653913903288 0.992364729487494 0.983261616419198 0.99939075498389 0.989448131012325 0.989311141572624
0.980501655989266 0.980260234525042 0.997391585482239 0.989921861059506 0.989640935959009 0.990627706559528 0.976392785762938 0.98208592412695 0.984128760801732 0.99093296125868 0.988850872597167 0.982802099100916 0.979356790831392 0.985847149257936 0.984241221986297 0.992319212146744 0.9845069663971 0.987781606718587 0.990897158044192 0.992596998805319 0.989885810000242 0.988787260127032 0.9850687465843 0.987522214400591 0.979939117939168 0.980831600469275 0.970500644228841 0.98075572687964 0.971643348400359 0.980648680692828 0.984422014719927 0.986595224034119 0.995764473019488 0.982032866373321 0.982031908824707 0.981627323585331 0.980675315401501 0.982441875222929 0.990502153119962 0.987225603433328 0.994243413259924 0.990477640185108 0.999390772452617 0.98596148959267 0.991638140707253
0.969362634129674 0.967165124242262 0.99731327130699 0.963425548752046 0.989131250860917 0.988873398615746 0.973234273334983 0.987093194901807 0.989557910097664 0.982568194649205 0.984004120823098 0.993090649577856 0.987806397262234 0.983214530912902 0.983927678048357 0.983857938677059 0.983882739500741 0.98638918220534 0.982073230303704 0.983537663253004 0.975592767454952 0.980567794735051 0.981567639173762 0.985234857338066 0.978880631866742 0.991119038356526 0.983686167186913 0.980145208762546 0.978567472918792 0.974025161180172 0.981935637310497 0.982657773658388 0.995622024244406 0.993552830248299 0.988732141505818 0.98135867386023 0.981317484281119 0.982017784238706 0.992541398918287 0.982381662296416 0.992791836631667 0.989255119490094 0.999390784006521 0.999386677947275 0.984111764553659
0.997162756510159 0.996180620106713 0.978247022690808 0.978143412135936 0.986521318970733 0.985717000512388 0.979750432031189 0.980743113124121 0.986660142367967 0.9851655757812 0.987818916371659 0.993413068043025 0.994237639537956 0.979535399316481 0.971133792910986 0.971018703626887 0.982103226402526 0.967969384279675 0.972957900644672 0.977243453676945 0.979339467717196 0.984647973246866 0.988036435383271 0.978281398202011 0.971204899781031 0.987893203260785 0.971881165557515 0.981034579577939 0.990753789411216 0.99226116961958 0.985199136895156 0.979537786829913 0.994230150283394 0.983259909200341 0.987681849557458 0.990253881370265 0.983048890053666 0.98657304369418 0.982705571481584 0.982718003418782 0.992362708658906 0.987600818912915 0.974314080058615 0.999390739773427 0.986185694145525
0.997171430600488 0.991760859665603 0.99126520173561 0.989116942598896 0.986246822637199 0.978138989764454 0.964803899411991 0.977634113277118 0.982136368152429 0.992095175392774 0.991048715947968 0.981271538959387 0.994717117277052 0.987253598457748 0.984575332105296 0.971050259748637 0.977485670249394 0.969644629331403 0.97291863673584 0.983542927623712 0.982443113310436 0.992488457499847 0.965182835734913 0.978096156735181 0.98987690167413 0.987374220211587 0.983497949837252 0.995073649835556 0.987719949493514 0.989036710405463 0.982774744705098 0.974054186005902 0.9884819922947 0.990046188186367 0.991723596236691 0.983758480638127 0.980456520717874 0.989156354356258 0.984461252954316 0.986649163059313 0.991002240522028 0.984783219643456 0.999135263252878 0.999135263252878 0.999135258813612
0.997140091691768 0.987720757858715 0.986428380334737 0.984718474016254 0.989062009684728 0.976684577463072 0.987659039409393 0.989204226334555 0.979157289792369 0.993113039547466 0.991588559559301 0.968565850702681 0.994815340247567 0.978760233576091 0.983542068990668 0.977422037223397 0.987444822634526 0.976419190236707 0.976655151747976 0.987799285362589 0.979263151319824 0.992836887661818 0.99105877768048 0.993302063589558 0.981567697526353 0.984389296651268 0.986355147767455 0.99301687223119 0.99220935424494 0.99220935424494 0.984238008658444 0.981980393356509 0.984660164218041 0.984233897714088 0.981269171206377 0.985154634572607 0.987085976430925 0.999390508092197 0.999135258813612 0.979590141473657 0.984873089085551 0.979218766181805 0.999386412225846 0.999386412225846 0.999135255163548
0.992109771055331 0.995846718001188 0.981912866772948 0.977683684069141 0.986865999067559 0.981180829626083 0.984536402720962 0.98921008404484 0.99665995308242 0.994940426105542 0.992331377521708 0.979438591433982 0.992770710846626 0.990093155406845 0.990319092433923 0.991072520042161 0.993849048723788 0.993922594033607 0.995278297003826 0.995722317301739 0.995643436888675 0.996875910714887 0.995522273683032 0.978770211987454 0.978977622608396 0.979461636576358 0.993099405199879 0.980557238399385 0.981651739027283 0.980880063822374 0.981597597164116 0.981934398113031 0.981892516407529 0.986794347133172 0.999135255163548 0.999390508190872 0.999135255163548 0.999390508190872 0.999386407785464 0.999386407785464 0.999390508190872 0.999135255163548 0.999386407785464 0.999390508190872 0.999390508289548
0.977916697758036 0.996879701837034 0.988152926748758 0.984772898930329 0.984790702425034 0.989430773752022 0.996682243524249 0.996682243524249 0.996682243524249 0.996682243524249 0.995277625949274 0.996628044919793 0.995599932231996 0.99555754866691 0.977824741450412 0.977671344339861 0.990643607155116 0.97878852968044 0.99308961890018 0.985264949460885 0.990705861765397 0.97808933957788 0.986089052094863 0.995660489511117 0.988934259246381 0.993183064902028 0.981064031523094 0.981078181366771 0.973749910951555 0.982002987920632 0.981119101501273 0.986584465027563 0.999135252499989 0.999135252499989 0.999386404578521 0.999135252499989 0.999390508289548 0.999390508289548 0.999386404578521 0.999390508289548 0.999390508289548 0.999386404578521 0.999386404578521 0.999135250724282 0.999390508338886
0.985763469183097 0.996863964572439 0.996798254294016 0.996776714468126 0.992933943292468 0.976084109540027 0.996659925130743 0.995295427139991 0.996659925130743 0.995295427139991 0.979084026692171 0.987698010751566 0.977682914861604 0.991722822829566 0.992724666021541 0.991442675795029 0.987679897193204 0.965058245257265 0.992974510557337 0.979836611784682 0.99252627886728 0.980200796902374 0.982427011014709 0.982757697750385 0.997369017220871 0.997638035507932 0.997638926177562 0.997649089137723 0.996720005793737 0.986577972278992 0.999390508338886 0.999135250724282 0.999386402605018 0.999390508338886 0.999390508338886 0.999135250724282 0.999386402605018 0.999386402605018 0.999386402605018 0.999386402605018 0.999386402605018 0.999386402605018 0.999386402605018 0.999386402605018 0.999390508338886
0.996798254294016 0.996798254294016 0.996798254294016 0.996798254294016 0.996798254294016 0.96182912156847 0.967164615140093 0.975135106624609 0.995295422427337 0.996682243887265 0.975772528365554 0.976251625999923 0.985855338621272 0.978713190044032 0.99376524726279 0.990459057255177 0.977380832163172 0.980065104269229 0.992677973839837 0.992363691613174 0.98229286558352 0.988357090931854 0.974359378634025 0.977817865813692 0.992047755698899 0.985136611866979 0.989774980311523 0.977996842978569 0.999386401963629 0.999386401963629 0.999135249836429 0.999386401963629 0.999390508338886 0.999390508338886 0.999390508338886 0.999386401963629 0.999386401963629 0.999390508338886 0.999390508338886 0.999390508338886 0.999390508338886 0.999386401963629 0.999135249836429 0.999390508338886 0.999390508338886
0.995459819115982 0.996798254294016 0.996776714468126 0.996798254294016 0.996776714468126 0.955114719178411 0.995587184953958 0.996674175795483 0.996682243887265 0.972612743798017 0.976174861166102 0.975984283300098 0.989275759435585 0.978596028202971 0.993614532658876 0.989252628123888 0.976703529789422 0.983033998937264 0.972071396090341 0.991953237560332 0.981409377687577 0.991347808562159 0.980775057841471 0.97241939989573 0.994125197871663 0.981064146107326 0.992610212465135 0.979819311513745 0.999135249836429 0.999386402605018 0.999386402605018 0.999386402605018 0.999386402605018 0.999386402605018 0.999386402605018 0.999135249836429 0.999390508338886 0.999135249836429 0.999390508338886 0.999390508338886 0.999386402605018 0.999135250724282 0.999390508338886 0.999135250724282 0.999386402605018
0.996776724711619 0.995459828640427 0.996776724711619 0.996776724711619 0.996776724711619 0.996866997186091 0.96692836868462 0.988829841643403 0.971934800982909 0.978368535556446 0.968909919471205 0.976180623348057 0.981962845618336 0.973749416486 0.992959696569113 0.972631191786461 0.982498670161149 0.977553375608495 0.977201899006232 0.989048541524161 0.980581447884827 0.987668659728645 0.976736305226343 0.981160602240458 0.993868966388123 0.970177057428577 0.990598545833186 0.980402936363842 0.999386404578521 0.999135252499989 0.999390508289548 0.999386404578521 0.999386404578521 0.999390508289548 0.999390508289548 0.999390508289548 0.999386404578521 0.999386404578521 0.999386404578521 0.999135252499989 0.999386404578521 0.999386404578521 0.999390508338886 0.999390508289548 0.999135252499989
0.996776741666366 0.996798253587553 0.995459842397959 0.995459842397959 0.996776741666366 0.974522217248093 0.952804386645252 0.991626197136396 0.970393677207222 0.956968053414307 0.968622414804667 0.944123724714005 0.981950893628525 0.982922806797509 0.988597904426035 0.982049762046572 0.978674219167782 0.968585964124574 0.978222052269247 0.983537277840393 0.982566465445384 0.984044781131151 0.983712937853242 0.990351172425483 0.992896747495554 0.979783170947323 0.986347097029905 0.972786840828986 0.98440119845862 0.982226125535479 0.999135255163548 0.999135252499989 0.999135255163548 0.999390508190872 0.999386407785464 0.999386407785464 0.999135255163548 0.999386407785464 0.999390508190872 0.999386407785464 0.999386407785464 0.999386407785464 0.999135255163548 0.999386407785464 0.999135255163548
0.995459861446851 0.99679825288109 0.995459861446851 0.995459861446851 0.996776764979144 0.950018957008905 0.960875264710464 0.991385974154375 0.990598863382189 0.980757372247244 0.981567886233972 0.981850858219617 0.972370964049167 0.979075026338512 0.978423307183949 0.979432004945674 0.970642935058906 0.980402017818639 0.979615600095077 0.979857512482888 0.979051434942922 0.968790981451119 0.977942282001594 0.979897630468249 0.989495185908064 0.981254528948172 0.981040397451842 0.98258471665642 0.989394778536887 0.992659681805533 0.999390508190872 0.999386412225846 0.999386412225846 0.999390508092197 0.999390508092197 0.999386412225846 0.999135255163548 0.999390508190872 0.999386412225846 0.999386412225846 0.999135258813612 0.999390508092197 0.999390508092197 0.999135258813612 0.999386412225846
0.996798252174627 0.995459884728829 0.996798252174627 0.995459884728829 0.957989411725654 0.974708221454926 0.979000531552972 0.981059026402113 0.97876239331006 0.982272635176691 0.981025817329839 0.985779020391208 0.98081154714928 0.979651389181586 0.980296614993661 0.979011920134175 0.979508225488457 0.985183133301702 0.978970246785163 0.993180282878384 0.989000724583635 0.986805045092742 0.984578955914918 0.978451025804351 0.98383322415288 0.977060290813429 0.973151773562774 0.999386418047681 0.999135258813612 0.999390508092197 0.999390508092197 0.999386418047681 0.999135258813612 0.999135263252878 0.999390508092197 0.999135258813612 0.999386418047681 0.999386418047681 0.999135263252878 0.999386418047681 0.999386418047681 0.999135263252878 0.999390507944184 0.999386418047681 0.999135263252878
0.996798251468164 0.996798251468164 0.99527939065271 0.959322146941375 0.987563660895851 0.977076378866474 0.974645664095682 0.981898578425629 0.982088506017945 0.99018787343584 0.973165296452083 0.988026349003634 0.985815820499226 0.970965056205227 0.978595961403384 0.980508388233408 0.98396349909831 0.990058479439069 0.980057894045086 0.99318028098613 0.975610561902274 0.981539805216785 0.974196021670291 0.979377303260457 0.970984873339761 0.966833368326954 0.977292735075413 0.999135263252878 0.999390507845508 0.999135263252878 0.999135263252878 0.999390507944184 0.999386425152292 0.999386425152292 0.999386425152292 0.999135268579998 0.999390507845508 0.999135268579998 0.999390507845508 0.999390507845508 0.999135268579998 0.999390507845508 0.999135268579998 0.999135268579998 0.999390507845508
0.996798250408469 0.996798250408469 0.995252496306998 0.995040602435678 0.975024417210951 0.986429952640373 0.983112571614734 0.981816005627646 0.98071969324401 0.991203684904616 0.980423605089022 0.994737155009087 0.995200456283913 0.995348286992904 0.995477983938941 0.993831454756588 0.996400012474643 0.992658575802631 0.996853747434207 0.995568122674125 0.996951383708802 0.980204288297291 0.995719805239055 0.976620773150597 0.97747092474134 0.976437183400895 0.999390507845508 0.999386433539681 0.999386433539681 0.999386433539681 0.999386433539681 0.999386433539681 0.999135274893621 0.999135274893621 0.999390507648157 0.999390507845508 0.999135268579998 0.999386433539681 0.999386433539681 0.999390507648157 0.999390507845508 0.999390507648157 0.999386433539681 0.999135274893621 0.999135274893621
0.973641072821761 0.99256075165338 0.981671258403704 0.995015274437775 0.977449160783056 0.982104037718055 0.981880705084221 0.990872855046652 0.980747751131737 0.991948286566722 0.991331744611293 0.980778270179634 0.978712170562089 0.98000292390555 0.987161115382904 0.98895689485276 0.996376041197133 0.996376041197133 0.996853797017716 0.996853797017716 0.996931078197808 0.995719836595191 0.99696154413706 0.982121565300004 0.989598578075724 0.972178429294885 0.999390507648157 0.999390507450806 0.999135282095098 0.999135282095098 0.999390507450806 0.999135282095098 0.999390507450806 0.999390507450806 0.999135282095098 0.999135274893621 0.999386443259185 0.999390507648157 0.999386443259185 0.999386443259185 0.999135282095098 0.999386443259185 0.999386443259185 0.999390507648157 0.999135282095098
0.956957100521598 0.992215774321923 0.976224692892083 0.994938913731344 0.977083352821396 0.972773440271161 0.992424690403058 0.991430744952318 0.982400780505562 0.990814905594131 0.986321482233907 0.980879798824708 0.976884683387998 0.96890683417853 0.978481814971965 0.98070218343571 0.994895762736006 0.996376105740211 0.979548259587658 0.9683608024818 0.984107006090464 0.978697560124962 0.995754221054052 0.952852407516751 0.990951615885502 0.991331082535131 0.999390507450806 0.999386454162791 0.999135290184428 0.999386454162791 0.999135290184428 0.999390507154779 0.999135290184428 0.999135290184428 0.999135282095098 0.999386454162791 0.999386454162791 0.999386454162791 0.999135290184428 0.999390507450806 0.999390507154779 0.999390507154779 0.999135290184428 0.999386454162791 0.999390507450806
0.968522428041665 0.992097040778273 0.970020731157223 0.961899030925578 0.992649263563767 0.993033804640847 0.992843484981521 0.980709722906891 0.981609835733728 0.976259210479067 0.98341148195557 0.977854857389769 0.984567787999539 0.976529853204617 0.979107196003887 0.985531711342425 0.98520170787948 0.979670762693593 0.981058919673837 0.977997548195718 0.987587960140342 0.980716078311807 0.969094037044659 0.996995534572432 0.997211725092678 0.997224240222214 0.999135299062961 0.99939050690809 0.999135290184428 0.999386466398512 0.999386466398512 0.999386466398512 0.999386466398512 0.999386466398512 0.999386466398512 0.999135299062961 0.99939050690809 0.999386466398512 0.999386466398512 0.999390507154779 0.99939050690809 0.999386466398512 0.99939050690809 0.999135299062961 0.999135299062961
