Model input/Uganda/survival/sedimentation/sedimentation_restime_1nov.asc
NCOLS 67 
NROWS 67 
XLLCORNER 29.500000001 
YLLCORNER -1.499999999 
CELLSIZE 0.0833333332985075 
NODATA_value -9999 
[rows 20 to 39 of 67, columns 0 to 44 of 67]
-9999 -9999 -9999 -9999 -9999 -9999 -9999 -9999 -9999 -9999 -9999 -9999 -9999 -9999 -9999 0.985432559305134 0.977859367385559 0.985207190509874 0.982785521928376 0.984854485465463 0.981276680859518 0.985888906615 0.990176485299031 0.990039237691165 0.994298990838799 0.993564974679234 0.979994202530249 0.984081318089019 0.999257629039828 0.994896223142523 0.982615469615883 0.976088557728331 0.987149288204058 0.981961987753933 0.996444712010445 0.996345964702444 0.992139786063114 0.987081862922121 0.982717465995847 0.98542226722286 0.986655853711031 0.981368260275602 0.988666558295866 0.989353504509359 0.995145098097904
-9999 -9999 -9999 -9999 -9999 -9999 -9999 -9999 -9999 -9999 -9999 -9999 -9999 -9999 -9999 0.983090331860893 0.977369198993105 0.976583020663395 0.980610431767666 0.983490658131049 0.98224703305072 0.981387526861834 0.988393284615277 0.985068371415254 0.999260357402642 0.999475197771052 0.999474885897938 0.999473801364727 0.987024465961482 0.999255391010219 0.999471728667649 0.984695724143253 0.990128410287293 0.980934464222365 0.995239665135757 0.982801656443489 0.987040856408134 0.992899911194742 0.993998595830947 0.993243715129072 0.991740223385895 0.983493612569494 0.98291432158104 0.985917361508595 0.985313998303344
-9999 -9999 -9999 -9999 -9999 -9999 -9999 -9999 -9999 -9999 -9999 -9999 -9999 -9999 -9999 -9999 0.983380773892062 0.982394276949696 0.985752230934722 0.972434755155135 0.99927540262195 0.999275382295248 0.999486052520275 0.999475602457393 0.986139155153096 0.986742347337906 0.9871677295832 0.990104287427299 0.992011765667485 0.990383801869538 0.988239202717809 0.999254414572543 0.999470977638701 0.999470307012322 0.986024434014556 0.987007314172761 0.99555837418428 0.986517050110059 0.986275938938509 0.986853595356983 0.985964051718538 0.976800747529223 0.982621894165157 0.982189592858763 0.978809395529826
-9999 -9999 -9999 -9999 -9999 -9999 -9999 -9999 -9999 -9999 -9999 -9999 -9999 -9999 -9999 -9999 -9999 0.978248724109952 0.99948909347198 0.999489094031945 0.999486023962131 0.999489094031945 0.999486023962131 0.991277368062474 0.989954771573905 0.990203320192092 0.990670808349046 0.989605865746588 0.987328654698785 0.986965367354275 0.985118569404615 0.985054396553725 0.988622599367854 0.999469398945 0.985652198153551 0.985863392562986 0.994430169299358 0.990179963786249 0.986700220476145 0.98614953607572 0.98360954765548 0.976073081230025 0.988886753590829 0.991727965077312 0.985283591266979
-9999 -9999 -9999 -9999 -9999 -9999 -9999 -9999 -9999 -9999 -9999 -9999 -9999 -9999 -9999 0.981373642774705 0.979599011112236 0.999489094031945 0.999275362743718 0.999275362743718 0.999485996394692 0.999489094548836 0.999485996394692 0.999489094031945 0.995189177094385 0.995861196480079 0.995541860512679 0.990288974523875 0.984719414009032 0.981812038675662 0.978680829422978 0.978922763113509 0.985156132382111 0.99274420366143 0.999246817263057 0.996101977911429 0.986318535122014 0.978979444584531 0.979105180603764 0.989337704496733 0.989605598769559 0.982764966023973 0.994430211121838 0.992342927320558 0.976002705431645
-9999 -9999 -9999 -9999 -9999 -9999 -9999 -9999 -9999 -9999 -9999 -9999 -9999 -9999 -9999 0.984957882463434 0.999275344053488 0.999485969947181 0.999485969947181 0.999485969947181 0.9992753260523 0.999489095108801 0.999485969947181 0.9992753260523 0.990907941798743 0.988022022666333 0.982046911866404 0.990723278209044 0.981021294218636 0.988853231380741 0.984937858349031 0.985001140173347 0.985088405914079 0.999241375626134 0.995308928803677 0.994787344345797 0.994531564858993 0.993988662130065 0.993197324456326 0.9876490036535 0.987695250158567 0.983191501419613 0.993116808304913 0.988915300218266 0.975867815312005
-9999 -9999 -9999 -9999 -9999 -9999 -9999 -9999 -9999 -9999 -9999 -9999 -9999 -9999 -9999 0.9992753260523 0.99948594453345 0.99948594453345 0.99948594453345 0.999275308740152 0.999489095582618 0.99948594453345 0.999275308740152 0.9890400229993 0.991947733523058 0.987695462890812 0.987617110650413 0.992625173565664 0.984619669440359 0.989371444420044 0.988538837809296 0.984217741031308 0.978909716932966 0.999459368913408 0.99923832605912 0.985523994479164 0.986220868388693 0.984992536811568 0.985135373229173 0.991003324362852 0.990076285633506 0.994209049515602 0.983782247814353 0.991253577319 0.988759340830031
-9999 -9999 -9999 -9999 -9999 -9999 -9999 -9999 -9999 -9999 -9999 -9999 -9999 -9999 -9999 0.999485920239646 0.999485920239646 0.999485920239646 0.999275292203176 0.999489096099509 0.999485920239646 0.999275292203176 0.999485920239646 0.98390585909812 0.992599157948998 0.981736024441858 0.979902736137567 0.985434302150757 0.979177812919087 0.978717774101137 0.991368957654816 0.999459175287269 0.999459175287269 0.999462516315038 0.984369262652708 0.978534407294452 0.986115195676745 0.991276621023879 0.993223068052504 0.995684467453218 0.99672690930854 0.994556977311057 0.984787780464313 0.988818962477581 0.999423912933517
-9999 -9999 -9999 -9999 -9999 -9999 -9999 -9999 -9999 -9999 -9999 -9999 -9999 -9999 0.999485897022696 0.999275292203176 0.999485897022696 0.999275276441371 0.999485897022696 0.999275276441371 0.999275276441371 0.999489096530252 0.989619733560714 0.990868556820694 0.991918700339785 0.990811071601993 0.979478732825919 0.992147112432165 0.985024784725654 0.977482933553478 0.988376571870296 0.999237576942247 0.999237593510215 0.999459150877689 0.996427290715627 0.988853965360427 0.984581973110215 0.98749434043792 0.996075934207484 0.985827658401239 0.985663503850452 0.993765266641851 0.993145274763194 0.983677209113348 0.999182843014062
-9999 -9999 -9999 -9999 -9999 -9999 -9999 -9999 -9999 -9999 -9999 0.999489096530252 0.999275276441371 0.999275261454737 0.999275276441371 0.9994858748826 0.999275261454737 0.999489096960994 0.999275261454737 0.999489096960994 0.999275261454737 0.980578084149548 0.986343331960951 0.984251102084677 0.97816248330365 0.989055124603272 0.98485860541669 0.99280696028833 0.984666588142209 0.981753675069131 0.984962301641206 0.999462517210805 0.999459127587814 0.999237561180289 0.999420281382113 0.996304994908673 0.997327162338901 0.997292225956101 0.999423913972873 0.999182825254804 0.999182825254804 0.999423913972873 0.999423913972873 0.999423913972873 0.999182825254804
-9999 -9999 -9999 -9999 -9999 -9999 -9999 -9999 -9999 -9999 0.987850515703307 0.999485853776282 0.999489096960994 0.999485853776282 0.999485853776282 0.999275247157143 0.999489097391737 0.999485853776282 0.999275247157143 0.999275247157143 0.983428722460147 0.983985239423057 0.983086419678868 0.982687751999388 0.984273750252999 0.983410212277346 0.988985561797336 0.994123373867023 0.988868098699568 0.979200493786692 0.997887123179686 0.990832858020363 0.985300184115584 0.991699814225381 0.999423914917743 0.999182792286819 0.999420257618737 0.999420257618737 0.999423914445308 0.999182808345723 0.999420257618737 0.999182808345723 0.999182808345723 0.999420257618737 0.999423914917743
-9999 -9999 -9999 -9999 -9999 -9999 -9999 -9999 -9999 -9999 0.999485833789893 0.999275233634721 0.999485833789893 0.999485833789893 0.999275233634721 0.999489097779405 0.999489097779405 0.999275233634721 0.984444797435151 0.994029779970594 0.979423449022807 0.979349910160926 0.979112934979521 0.984363291643212 0.992287918109534 0.988869836657394 0.994737174963333 0.994410447085735 0.998328362322616 0.997879953292424 0.996919690842712 0.986421000666304 0.980994195367084 0.986028542247694 0.987234224253788 0.98383774788372 0.999423915342934 0.99918277698363 0.999420235083686 0.999420235083686 0.999420235083686 0.999420235083686 0.999420235083686 0.999420235083686 0.999420235083686
-9999 -9999 -9999 -9999 -9999 -9999 -9999 -9999 -9999 0.987207380592548 0.999485814880356 0.999485814880356 0.999485814880356 0.999275220887469 0.999489098123999 0.999485814880356 0.999275220887469 0.991709355196843 0.97917633704358 0.993670050194576 0.992039279562965 0.989289561868105 0.986363692833229 0.981417110382616 0.997478273256963 0.99655105304978 0.994993503516619 0.997622168463601 0.977519542161034 0.984035633573323 0.985251442619782 0.995482094028455 0.987073767173979 0.987272550623051 0.986570923142893 0.98595918572587 0.999420213776961 0.999423915768125 0.999182762625081 0.984764168316087 0.999182762625081 0.999420213776961 0.999423915768125 0.999182762625081 0.999420213776961
-9999 -9999 -9999 -9999 -9999 -9999 -9999 -9999 -9999 0.986535851087036 0.999485797090747 0.999485797090747 0.999275208829258 0.999489098468593 0.999485797090747 0.999275208829258 0.986544703351766 0.989425055632972 0.976438210080851 0.98296183652071 0.9782957700251 0.985295722172759 0.997175485578917 0.99627400343958 0.991718078050134 0.984635706897228 0.996882913411297 0.983831698191638 0.996590891532577 0.994659257413874 0.987027225368406 0.984731767286525 0.995426543371464 0.990408199491344 0.98185895892065 0.979780268540549 0.992113361110403 0.98565615585095 0.983028948142255 0.995838507030454 0.999423916146073 0.999420193698563 0.77895445935021 0.999423916146073 0.999423916146073
-9999 -9999 -9999 -9999 -9999 -9999 0.988247997636775 0.990727750482632 0.987148948737673 0.972786565665927 0.998066974526753 0.999275197632348 0.999489098770113 0.999275197632348 0.999275197632348 0.987102384951497 0.981491518103462 0.977971805432033 0.983736358523094 0.980555891369051 0.994459594434133 0.995742112184542 0.986733661562113 0.984734253757185 0.97833559508572 0.985708432602736 0.990472684860577 0.98112569963063 0.997319531035744 0.981168033309828 0.991635457788099 0.986220667050592 0.991451674439344 0.994653001798181 0.985586149541422 0.986302490168499 0.989533290544686 0.989494926372418 0.98025068993441 0.997065096177103 0.985989557865594 0.99910859301336 0.994691387308418 0.986777905815906 0.99942391652402
-9999 -9999 -9999 -9999 -9999 -9999 0.987313170742631 0.988803434249599 0.981398861548876 0.997283145636144 0.980177064804004 0.999275187124479 0.999275187124479 0.999489099114707 0.999485764655939 0.996879711457781 0.996698707402442 0.996564906317333 0.99628815007641 0.99617077225644 0.993847248446663 0.975341829432773 0.995082022774744 0.996230857022594 0.98338026266464 0.984793112505512 0.986897682123145 0.989042285133411 0.997162266869923 0.97531962754592 0.993317164942323 0.986014689831229 0.989516340236592 0.985579809230291 0.994204695630838 0.986069223644948 0.985974357236764 0.991669163979162 0.987058530804759 0.996949296391124 0.987041913678069 0.999368698333547 0.986559751897226 0.991634929332566 0.985859890183706
-9999 -9999 -9999 -9999 -9999 0.98313167852879 0.980192073092093 0.991627126448846 0.997290073141396 0.96314995268985 0.958559369512874 0.999485750053815 0.999489099373153 0.999489099373153 0.987633375931155 0.991488030119629 0.985840213212544 0.989495857270244 0.98368305256851 0.996127484568093 0.979951577949413 0.990709865687426 0.991074377491343 0.996106143860626 0.985805458689339 0.978240262643845 0.977868918107182 0.989627639859265 0.991509819758503 0.995793237622035 0.987165587822521 0.987247899026996 0.985689671357509 0.985634851008504 0.994796735037682 0.990331978409913 0.985734563714151 0.986845175095451 0.990406691896951 0.996862632318278 0.987058741320625 0.999368770427295 0.987153951057285 0.993083379797748 0.985657953554375
-9999 -9999 0.974364780538911 0.980185072974466 0.981365670576969 0.977419130874285 0.97641337315169 0.988472205604775 0.998028307085705 0.972209350865661 0.991919217290685 0.99216842947625 0.997743603462553 0.982735333431182 0.985120224655518 0.992251914036751 0.9893119494805 0.98750556021561 0.985898115079158 0.996080582457048 0.985335188244987 0.993024104402149 0.988971183394925 0.993972412574912 0.994188176250736 0.987858440163005 0.984175391554276 0.984186341840217 0.990835092176838 0.997005431698604 0.996814318267506 0.983764902163926 0.980491155627896 0.980505534774061 0.994351389234005 0.982371283590514 0.986730091298409 0.986382394320902 0.983635886187584 0.996539195332803 0.981923144927329 0.999368371258241 0.986713195443544 0.986718836309788 0.984524269761272
-9999 0.977326469323016 0.986812232283187 0.982723594657043 0.96864061751214 0.981171933030478 0.997979275019314 0.99717020373875 0.977580128719743 0.962403622311726 0.991675822449461 0.979838444828912 0.99378455297148 0.99659571080751 0.997448130836737 0.989105370051732 0.988352988990618 0.988178783118622 0.990185606612571 0.995188057907741 0.991512571591517 0.988725656212573 0.984804937453047 0.993460607427576 0.985989865535007 0.99079535801368 0.978678465691875 0.976614313195429 0.986038621446349 0.980644870813894 0.988021928239239 0.995463852697055 0.991292300937492 0.983283647243355 0.994130549246713 0.983730552900921 0.98904284854029 0.985033954839087 0.98194074187681 0.996354838767374 0.976596466625189 0.999367762272705 0.980438257919966 0.980631832952755 0.974588147114187
-9999 0.975663922897014 0.980867479727954 0.997907867826406 0.997911297662189 0.997133815294023 0.983781504591613 0.987702150413545 0.987112020245482 0.987436107140347 0.985427028271077 0.988398504447852 0.987804010840427 0.992828987683538 0.98656388887579 0.996247091471206 0.996648034129837 0.988012884560776 0.989159117947391 0.984447520475818 0.991487948253773 0.984444629626142 0.988976365462255 0.992681478845888 0.986678880031359 0.993120261753641 0.992557803670817 0.990231106165702 0.977345898354903 0.978395346240761 0.9885039347353 0.979443127683099 0.995084672729887 0.975515876812002 0.983751565704713 0.990875371486356 0.983414881693592 0.982376955186012 0.992767919158878 0.995060531852554 0.982724048128202 0.983476809142286 0.999102869367279 0.994705610384949 0.985540277310217
