Model input/Uganda/survival/sedimentation/sedimentation_restime_1may.asc
NCOLS 67 
NROWS 67 
XLLCORNER 29.500000001 
YLLCORNER -1.499999999 
CELLSIZE 0.0833333332985075 
NODATA_value -9999 
[rows 40 to 59 of 67, columns 0 to 44 of 67]
0.970331425492812 0.974608066272718 0.997745609182636 0.997777225251981 0.96526720404923 0.992190940803627 0.97810357042931 0.982547872377221 0.976944416191787 0.982631370540508 0.981327987989135 0.986381452087623 0.979726741028342 0.991360623857634 0.985954637241914 0.99471931034693 0.993254841217858 0.99241244741201 0.987397987674639 0.987323499066527 0.986724415551268 0.985892574379473 0.986345408282756 0.985115425230858 0.985775267963576 0.98429190305117 0.986871106347841 0.988239891536262 0.983188873151994 0.976135999720675 0.985449192450235 0.981739376601164 0.996297833372663 0.986616190926733 0.987164624868398 0.992566710693044 0.983627101521272 0.97598531924194 0.982979648160096 0.991870984795253 0.992668776133366 0.983387907277379 0.999437371753867 0.989837881369767 0.989771977076791
0.980521705793969 0.98025823571654 0.997727879621103 0.990466993565838 0.990177773975334 0.991099357966416 0.977733362622596 0.983209526254465 0.984655483372956 0.991215756435178 0.989208153936426 0.98367375062423 0.980202514871945 0.986221052787884 0.985153301271209 0.993249694316158 0.985747583121329 0.989488901765662 0.991994516969926 0.993461950685523 0.991047719863735 0.989930097032552 0.986031166307517 0.989476539789868 0.984521114496122 0.986462429924345 0.975969621342031 0.98119007638693 0.971845325850979 0.981127367711297 0.984723316614329 0.987010537909736 0.996008495992322 0.984876197989411 0.984703709525604 0.984426014433385 0.983149182473853 0.982586465586432 0.990713374792145 0.987369389301304 0.994476992612157 0.991033983304931 0.999437493790898 0.986671013182831 0.991979456646281
0.969317931428836 0.967162726783998 0.997673839967127 0.964991476066922 0.98968343847871 0.989407472110669 0.974802603169449 0.988001952391459 0.990159818636503 0.983189997501121 0.984562004928749 0.993336479587552 0.988132324508532 0.983628757470737 0.985303915569699 0.985753282710528 0.986259994985777 0.988422342586237 0.984188711434979 0.985483304115838 0.978287126872825 0.984661453855821 0.985687441508962 0.987643103164567 0.983681761676438 0.99326452403133 0.985783936849319 0.983618763642896 0.982769201246896 0.982712579739544 0.982733162113145 0.982789221138773 0.995832466783362 0.994027754995337 0.990339945503096 0.984400889775601 0.983705791546477 0.982084454096583 0.992724086327406 0.982687792134147 0.992999266200341 0.989861317003999 0.99943758273305 0.999433861952453 0.984626580283434
0.997571825770066 0.996696030870701 0.978420384420074 0.979048329282463 0.98728569480675 0.986358902278593 0.982545818361503 0.98278913273063 0.987443153751811 0.985606582186693 0.988188293125099 0.993640920203371 0.994453596628543 0.98234873871863 0.975633587316349 0.979397916920279 0.984774087952708 0.973199574749896 0.977238817561807 0.985802919713889 0.985518395748255 0.988901743342339 0.990649522834461 0.983850175005906 0.977464935042903 0.991030172789005 0.978047552805454 0.98451575775379 0.992525714659387 0.9949812072394 0.987379269364292 0.97960550022531 0.994370013861553 0.983419591357668 0.988282668674462 0.990731009446268 0.983523863343349 0.98702422353361 0.982848311199351 0.983091853453423 0.992557755039642 0.988131599410408 0.975185008486028 0.999437665287082 0.986606920246682
0.997582694908208 0.992130909131154 0.991695650359448 0.989760777066464 0.988679560677855 0.982419403336108 0.970674797241309 0.978454934917466 0.984150010193044 0.992520290803028 0.991592903198248 0.982764293346709 0.995043721606885 0.989094192333078 0.98920271337958 0.979123029275106 0.985380823609945 0.980179536891284 0.982824251744443 0.990008820603385 0.988703074757728 0.99435871243943 0.976585807690138 0.984222051762517 0.99236702475018 0.989230850435248 0.986812019483197 0.996460506131001 0.990704103235234 0.992886010509592 0.984207806771872 0.973734280207038 0.988526181564411 0.990369678627413 0.992037820869477 0.983774108596041 0.981319817031938 0.989523869742777 0.984678668001748 0.986901095393131 0.991216394507888 0.985281204825676 0.999201988860441 0.999201988860441 0.999201984687099
0.997565059798306 0.988118956319448 0.986972209851266 0.985754369653282 0.991190640291575 0.981034836100882 0.989787217560449 0.991051120874638 0.980814222061598 0.99367413989722 0.992201467599965 0.973309055957977 0.995156301453648 0.984635061540745 0.988642091715826 0.984862464837196 0.992011777687382 0.98477047553638 0.985998840286507 0.99274504900444 0.987088360101982 0.994783946311704 0.993729850434776 0.995088384379013 0.986179143331766 0.986491374681145 0.987477322005644 0.99498128651441 0.994947557738466 0.994947557738466 0.984129152156078 0.981776752575487 0.984648102279962 0.984183471565717 0.981188574694898 0.986006764263245 0.987889359337324 0.999437543783703 0.999201984687099 0.979588915366036 0.985218799382201 0.979707368815602 0.99943376393855 0.99943376393855 0.999201981348425
0.992186996582002 0.996489332112502 0.982366249622286 0.978743713385407 0.989131638103165 0.983079983173891 0.98672698865537 0.991093733977328 0.997528171076685 0.995380517379106 0.993027965510116 0.982407939512613 0.993280299268462 0.993168104083806 0.993635511885253 0.99430010643699 0.995997369020907 0.996103719070837 0.996954098500523 0.99730687920713 0.99734116709613 0.998005860114573 0.997217502200276 0.985682860889779 0.98336472447208 0.983971567733505 0.995141593364586 0.985854683070239 0.984879309290983 0.980939586426115 0.98150339555483 0.981815606090466 0.981735095232499 0.98673724311341 0.999201981348425 0.999437543876466 0.999201981348425 0.999437543876466 0.999433759810621 0.999433759810621 0.999437543876466 0.999201981348425 0.999433759810621 0.999437543876466 0.999437543969229
0.978053320460344 0.997417557607156 0.988357499663103 0.985038117862388 0.985929713960002 0.990953688418513 0.997544674313421 0.997544674313421 0.997544674313421 0.997544674313421 0.995834807546559 0.997020278114731 0.996153712070227 0.99609972147758 0.981656615572425 0.980982401289601 0.993120371205425 0.985762010545938 0.995307160745961 0.990197141435087 0.993865137485082 0.986131381151656 0.991030347602733 0.99732649686469 0.991517597042996 0.995263097617501 0.987074504866986 0.986946037556793 0.981313960056591 0.982004825288827 0.981209339635622 0.986687103591445 0.999201978937161 0.999201978937161 0.999433756842222 0.999201978937161 0.999437543969229 0.999437543969229 0.999433756842222 0.999437543969229 0.999437543969229 0.999433756842222 0.999433756842222 0.999201977267824 0.99943754401561
0.985805361942216 0.997411621569541 0.997378927929734 0.997361289777839 0.993905686429781 0.977557605945569 0.997528150046654 0.99651772210058 0.997528150046654 0.99651772210058 0.982272283427152 0.99077795362343 0.981308285660346 0.993107979848782 0.993453767132138 0.992509678363569 0.990446305195454 0.977607721795447 0.9951599586566 0.986041306069957 0.995053707915203 0.986686985861511 0.988143191438553 0.987569936466075 0.998334917404248 0.998491385992769 0.998502001543198 0.998517068919238 0.997931169706399 0.986809430503314 0.99943754401561 0.999201977267824 0.999433755079736 0.99943754401561 0.99943754401561 0.999201977267824 0.999433755079736 0.999433755079736 0.999433755079736 0.999433755079736 0.999433755079736 0.999433755079736 0.999433755079736 0.999433755079736 0.99943754401561
0.997378927929734 0.997378927929734 0.997378927929734 0.997378927929734 0.997378927929734 0.963552766770675 0.971943993781511 0.97995944112102 0.99651771864709 0.997544674601509 0.982363075206481 0.982846759197565 0.988415607481039 0.982145795141373 0.994300266615967 0.991668806721506 0.98127751306424 0.984607521205346 0.994920893853475 0.994539487420899 0.986961913309364 0.992200979409668 0.982342615782394 0.98334342540976 0.995082394384134 0.985644621439838 0.990484035720012 0.978973290725547 0.99943375447678 0.99943375447678 0.999201976433155 0.99943375447678 0.99943754401561 0.99943754401561 0.99943754401561 0.99943375447678 0.99943375447678 0.99943754401561 0.99943754401561 0.99943754401561 0.99943754401561 0.99943375447678 0.999201976433155 0.99943754401561 0.99943754401561
0.99628278080356 0.997378927929734 0.997361289777839 0.997378927929734 0.997361289777839 0.96244851441343 0.996666857857737 0.997541539445537 0.997544674601509 0.977764325726501 0.983270891888171 0.981300050073446 0.990986158573165 0.981723189064111 0.99412751079987 0.990357066036977 0.979803976912585 0.985825239345879 0.98281029292654 0.994217774299878 0.986813877229277 0.994117987958724 0.987767419939792 0.983052005691652 0.996326275812144 0.981286840075475 0.993109069569987 0.980717248755581 0.999201976433155 0.999433755079736 0.999433755079736 0.999433755079736 0.999433755079736 0.999433755079736 0.999433755079736 0.999201976433155 0.99943754401561 0.999201976433155 0.99943754401561 0.99943754401561 0.999433755079736 0.999201977267824 0.99943754401561 0.999201977267824 0.999433755079736
0.99736129795634 0.996282788368056 0.99736129795634 0.99736129795634 0.99736129795634 0.997638504681425 0.972454277452918 0.989515727393434 0.977526636675706 0.982734636523491 0.977305946968655 0.980837387344615 0.983220828453316 0.975606836362599 0.99345031781172 0.974887478184013 0.984011117238696 0.979744923113624 0.981983873526781 0.992235679175566 0.98765966960498 0.991295554043464 0.983861692653505 0.988968497035836 0.996199701457327 0.971746587437163 0.99143486077834 0.981890106369287 0.999433756842222 0.999201978937161 0.999437543969229 0.999433756842222 0.999433756842222 0.999437543969229 0.999437543969229 0.999437543969229 0.999433756842222 0.999433756842222 0.999433756842222 0.999201978937161 0.999433756842222 0.999433756842222 0.99943754401561 0.999437543969229 0.999201978937161
0.997361311890081 0.997378927626821 0.996282799866091 0.996282799866091 0.997361311890081 0.976374681121971 0.959971588245039 0.992004684155745 0.974581857305478 0.966420543253974 0.97425582245975 0.952808072503157 0.983467836459078 0.984292126925781 0.98932713157067 0.982904382711927 0.980224817451075 0.970755549492649 0.981834767741577 0.987293033224111 0.988497179067789 0.988168743668833 0.988205312072043 0.99366612301578 0.995649328236775 0.985623703729974 0.987579456636827 0.976277466459328 0.986207744174806 0.985143496174171 0.999201981348425 0.999201978937161 0.999201981348425 0.999437543876466 0.999433759810621 0.999433759810621 0.999201981348425 0.999433759810621 0.999437543876466 0.999433759810621 0.999433759810621 0.999433759810621 0.999201981348425 0.999433759810621 0.999201981348425
0.996282815297665 0.997378927020996 0.996282815297665 0.996282815297665 0.997361330973249 0.95214062973213 0.962795073178141 0.991749611087897 0.990991279402913 0.981978550935083 0.985851084023864 0.986359802627818 0.975051644793136 0.980461919172213 0.9794285056507 0.980151047141724 0.972021242486446 0.98239505977119 0.983194442436938 0.984903037330673 0.986771023406446 0.980482171967539 0.98418507516722 0.988538802393711 0.993885473464861 0.987171593843545 0.983077720503801 0.984663014528477 0.990314973230213 0.993745049965571 0.999437543876466 0.99943376393855 0.99943376393855 0.999437543783703 0.999437543783703 0.99943376393855 0.999201981348425 0.999437543876466 0.99943376393855 0.99943376393855 0.999201984687099 0.999437543783703 0.999437543783703 0.999201984687099 0.99943376393855
0.99737892641517 0.996282834360197 0.99737892641517 0.996282834360197 0.959823361617073 0.976059132954018 0.979674579306946 0.981563247053962 0.980326672370881 0.984714935155548 0.985275907980189 0.989134662656616 0.98326732441515 0.981092171017269 0.98156016852774 0.98064632307794 0.981171711126699 0.98666699075897 0.982741514506278 0.99525003657115 0.992690261624691 0.990644717763692 0.98882543442118 0.9855864727452 0.991054910405481 0.986930240584673 0.977196673462697 0.999433769318772 0.999201984687099 0.999437543783703 0.999437543783703 0.999433769318772 0.999201984687099 0.999201988860441 0.999437543783703 0.999201984687099 0.999433769318772 0.999433769318772 0.999201988860441 0.999433769318772 0.999433769318772 0.999201988860441 0.999437543644559 0.999433769318772 0.999201988860441
0.997378925809344 0.997378925809344 0.99548562161135 0.960834060880227 0.987676569496205 0.978364786961967 0.974999961600532 0.982340539476387 0.982957236662169 0.992074245416567 0.976664591974427 0.990459056310267 0.987180961884028 0.972873994528202 0.98126948927896 0.983070194728378 0.98546771627679 0.99150645905603 0.98287817468005 0.99525003561498 0.984129437258624 0.989487840453736 0.986694991494716 0.98704612151759 0.980785156237763 0.980586514388168 0.979873328977774 0.999201988860441 0.999437543551796 0.999201988860441 0.999201988860441 0.999437543644559 0.999433775858525 0.999433775858525 0.999433775858525 0.999201993775711 0.999437543551796 0.999201993775711 0.999437543551796 0.999437543551796 0.999201993775711 0.999437543551796 0.999201993775711 0.999201993775711 0.999437543551796
0.997378924900606 0.997378924900606 0.995459180238002 0.995220662463025 0.977012418191991 0.986395832946914 0.982955164533563 0.982073172485767 0.981463377899203 0.99270587687428 0.98230635027628 0.995434018257267 0.995809766328327 0.99594290551572 0.996051442867154 0.994633626226661 0.996901671659792 0.993561949577598 0.997464351008548 0.996427784189556 0.997581976969975 0.987691814814195 0.996676789201994 0.983615211855374 0.979427101506715 0.984793410217147 0.999437543551796 0.99943378360419 0.99943378360419 0.99943378360419 0.99943378360419 0.99943378360419 0.99920199961839 0.99920199961839 0.999437543366271 0.999437543551796 0.999201993775711 0.99943378360419 0.99943378360419 0.999437543366271 0.999437543551796 0.999437543366271 0.99943378360419 0.99920199961839 0.99920199961839
0.97416371795269 0.993797048603973 0.984601119263632 0.995188511737724 0.978878112472468 0.981860794413913 0.98181157975828 0.991059147329066 0.980891481322718 0.993213224929168 0.992334937258986 0.981447229937269 0.980947636316173 0.982782602391196 0.988563081853353 0.990175007802929 0.996881035576813 0.996881035576813 0.997464390963867 0.997464390963867 0.997565866287252 0.996676813635114 0.997641223718548 0.98329331478325 0.992698820418161 0.976392853003314 0.999437543366271 0.999437543180745 0.999202006202997 0.999202006202997 0.999437543180745 0.999202006202997 0.999437543180745 0.999437543180745 0.999202006202997 0.99920199961839 0.999433792555767 0.999437543366271 0.999433792555767 0.999433792555767 0.999202006202997 0.999433792555767 0.999433792555767 0.999437543366271 0.999202006202997
0.961715878226556 0.993543108829595 0.981403179633041 0.995108302786636 0.976981505253722 0.972646791243757 0.992538216764792 0.991590304925108 0.982867499049557 0.991910703035714 0.986849125784966 0.981582472577693 0.980408664270226 0.973710378896795 0.980979878776315 0.983824556271847 0.995606577076695 0.996881091030138 0.980266815385238 0.973897808945408 0.987628872779053 0.984460001128789 0.996708117075353 0.963099789083566 0.99333652176549 0.993670826537217 0.999437543180745 0.999433802620493 0.999202013715013 0.999433802620493 0.999202013715013 0.999437542948838 0.999202013715013 0.999202013715013 0.999202006202997 0.999433802620493 0.999433802620493 0.999433802620493 0.999202013715013 0.999437543180745 0.999437542948838 0.999437542948838 0.999202013715013 0.999433802620493 0.999437543180745
0.97457383242468 0.99344294893061 0.977795880883686 0.971457675686096 0.992878181992406 0.993130116130537 0.99294537872543 0.981637394860361 0.98173811612015 0.976773091118246 0.983707383596269 0.978228565696273 0.986428542213255 0.979854918676866 0.9818106755846 0.987195032100172 0.98643679582316 0.981040852462765 0.982807952710632 0.980417867200079 0.990122531468742 0.985955276487822 0.971009120880427 0.997675515857311 0.997876155273501 0.997889859050949 0.999202021876216 0.999437542716931 0.999202013715013 0.999433813937513 0.999433813937513 0.999433813937513 0.999433813937513 0.999433813937513 0.999433813937513 0.999202021876216 0.999437542716931 0.999433813937513 0.999433813937513 0.999437542948838 0.999437542716931 0.999433813937513 0.999437542716931 0.999202021876216 0.999202021876216
