Model input/Uganda/survival/sedimentation/sedimentation_restime_1jul.asc
NCOLS 67 
NROWS 67 
XLLCORNER 29.500000001 
YLLCORNER -1.499999999 
CELLSIZE 0.0833333332985075 
NODATA_value -9999 
[rows 20 to 39 of 67, columns 0 to 44 of 67]
-9999 -9999 -9999 -9999 -9999 -9999 -9999 -9999 -9999 -9999 -9999 -9999 -9999 -9999 -9999 0.984613287258858 0.976380033657572 0.984168187548233 0.981882825656879 0.984209671800262 0.98218083265082 0.985692753030689 0.989671046509399 0.98705362418943 0.993040718019649 0.992432377119395 0.975994715906214 0.982070560294351 0.999278694451171 0.99471387232416 0.981923900872273 0.975263074256347 0.986757523277715 0.981246622135664 0.9963424661959 0.996250466113477 0.991913115116703 0.986674688328234 0.982221321463242 0.985007413301135 0.98622936582502 0.980745874878796 0.98824671713725 0.9889145406806 0.994901245268215
-9999 -9999 -9999 -9999 -9999 -9999 -9999 -9999 -9999 -9999 -9999 -9999 -9999 -9999 -9999 0.982215556747984 0.976106126275606 0.975487117488248 0.979667877153086 0.982955064879279 0.981494236953738 0.981223461194457 0.98674138968429 0.98066617297532 0.999280480818576 0.999489551313869 0.999489373200455 0.999488630241821 0.98540393586427 0.999276841784665 0.999486990209563 0.984081703689533 0.989755628737223 0.980276014351924 0.995078219339796 0.982067004604591 0.986573856223662 0.992631438388478 0.993795700914071 0.993018384719946 0.991472463398444 0.983010509084575 0.982413372255625 0.985430211404806 0.98491974227855
-9999 -9999 -9999 -9999 -9999 -9999 -9999 -9999 -9999 -9999 -9999 -9999 -9999 -9999 -9999 -9999 0.982941231445573 0.981893882447576 0.985040508757431 0.971851365179736 0.999246346936672 0.999246325808234 0.999465441474082 0.999489790130937 0.981746334912846 0.98192094652282 0.98268580836349 0.988905082413046 0.991209189852897 0.989598249179474 0.987609660885304 0.999276073914038 0.999486388098834 0.999485845137699 0.985433852674205 0.986440939025165 0.995390107239627 0.986088739550263 0.9857387879476 0.986335788308262 0.98549323628055 0.976100800743608 0.982119859131881 0.98177642586193 0.978198451992521
-9999 -9999 -9999 -9999 -9999 -9999 -9999 -9999 -9999 -9999 -9999 -9999 -9999 -9999 -9999 -9999 -9999 0.976959471904841 0.999468604336147 0.999468604868916 0.999465411727953 0.999468604868916 0.999465411727953 0.988211813208115 0.986264087476542 0.986372854211442 0.987074883849049 0.987614567199181 0.985283068775433 0.985970698157258 0.984362567256945 0.984382928064578 0.988041073389246 0.999485518600751 0.984964093927005 0.985329715191305 0.994179742942222 0.989615936353364 0.986022688233392 0.98548998606641 0.982689901686757 0.974838381426727 0.988445304124163 0.99148857641211 0.98488339495981
-9999 -9999 -9999 -9999 -9999 -9999 -9999 -9999 -9999 -9999 -9999 -9999 -9999 -9999 -9999 0.980469351134246 0.978092027893207 0.999468604868916 0.999246305478771 0.999246305478771 0.999465383047359 0.999468605446081 0.999465383047359 0.999468604868916 0.993941338984991 0.995023109892725 0.994703098158197 0.988780520509203 0.982512133325351 0.979760241828601 0.977420645313934 0.977733267652699 0.984457700363654 0.992314358201897 0.999269800504229 0.99591850692645 0.985322185851574 0.977763974553402 0.97828843733116 0.988746102307076 0.98900125252516 0.981944492474214 0.994214990913066 0.992115033227665 0.97540370259309
-9999 -9999 -9999 -9999 -9999 -9999 -9999 -9999 -9999 -9999 -9999 -9999 -9999 -9999 -9999 0.984118685130084 0.999246286037058 0.999465355521092 0.999465355521092 0.999465355521092 0.999246267305545 0.999468606023247 0.999465355521092 0.999246267305545 0.987692677438823 0.983823523481867 0.978568101825838 0.989206825515937 0.978311989236164 0.988050727933255 0.98389020837541 0.984044192249438 0.984203117630893 0.999265418940802 0.994974523983296 0.994469918367972 0.994209110721857 0.993647271994748 0.992801771264401 0.98699296377575 0.987124824412844 0.982545459870034 0.992838063238048 0.988548495483673 0.975001578915952
-9999 -9999 -9999 -9999 -9999 -9999 -9999 -9999 -9999 -9999 -9999 -9999 -9999 -9999 -9999 0.999246267305545 0.999465329149153 0.999465329149153 0.999465329149153 0.999246249284231 0.999468606511618 0.999465329149153 0.999246249284231 0.985783125329167 0.990506893797687 0.985044644918544 0.985280240282245 0.991511542274731 0.983098586379679 0.988497517760461 0.987717194288683 0.983112644490139 0.977588701764446 0.999477057612179 0.999263088091555 0.984264617397178 0.985158959997705 0.983868279300305 0.98415732013032 0.990842723838264 0.989863302256957 0.994018242679222 0.983550112523684 0.99089328746003 0.988296609002777
-9999 -9999 -9999 -9999 -9999 -9999 -9999 -9999 -9999 -9999 -9999 -9999 -9999 -9999 -9999 0.999465303842748 0.999465303842748 0.999465303842748 0.999246232061893 0.999468607044386 0.999465303842748 0.999246232061893 0.999465303842748 0.978692098185033 0.991530976615654 0.978870795810108 0.977356279508875 0.983649708822841 0.97737271994655 0.976765196716856 0.990660435161357 0.999476911400117 0.999476911400117 0.999480142917889 0.983284754089251 0.976938669927317 0.985239298911078 0.990629939235068 0.992868292313364 0.995532256563361 0.996624047512411 0.994389704513902 0.984730287042876 0.988305240997815 0.999455372826977
-9999 -9999 -9999 -9999 -9999 -9999 -9999 -9999 -9999 -9999 -9999 -9999 -9999 -9999 0.999465279690671 0.999246232061893 0.999465279690671 0.999246215727304 0.999465279690671 0.999246215727304 0.999246215727304 0.999468607488359 0.988505174461719 0.990035261412311 0.990921531194555 0.989745398075334 0.976841963267936 0.991180735338998 0.983135779751279 0.973924091700977 0.986948220667315 0.999262577618696 0.999262593679831 0.999476887783438 0.996232701363525 0.988239656533956 0.98384231866656 0.987587892238988 0.995925921563887 0.985630793562054 0.985064518122898 0.99347296645711 0.992828688825614 0.982982436663298 0.999227462601484
-9999 -9999 -9999 -9999 -9999 -9999 -9999 -9999 -9999 -9999 -9999 0.999468607488359 0.999246215727304 0.999246200102915 0.999246215727304 0.999465256692922 0.999246200102915 0.999468607932333 0.999246200102915 0.999468607932333 0.999246200102915 0.97855303483719 0.984688664396221 0.983268189613266 0.977224231377046 0.987953230784671 0.983616087565421 0.991899574716032 0.982296967841961 0.977944090631827 0.982304314493952 0.999480143790967 0.999476865258104 0.999262562430448 0.999451939593146 0.996128202878866 0.997209638350917 0.997181646622521 0.999455373822381 0.999227445773941 0.999227445773941 0.999455373822381 0.999455373822381 0.999455373822381 0.999227445773941
-9999 -9999 -9999 -9999 -9999 -9999 -9999 -9999 -9999 -9999 0.987035257294241 0.999465234716308 0.999468607932333 0.999465234716308 0.999465234716308 0.999246185277501 0.999468608376306 0.999465234716308 0.999246185277501 0.999246185277501 0.981234688422449 0.981912914365098 0.982710625656124 0.98233773297042 0.983942632591975 0.983050387122348 0.988392503697239 0.993484392210671 0.986845413554665 0.970992578232366 0.997513293933078 0.989527659606864 0.983519241314335 0.990584043512938 0.999455374727294 0.999227414561564 0.999451917060891 0.999451917060891 0.999455374274838 0.999227429851105 0.999451917060891 0.999227429851105 0.999227429851105 0.999451917060891 0.999455374727294
-9999 -9999 -9999 -9999 -9999 -9999 -9999 -9999 -9999 -9999 0.99946521393842 0.999246171162286 0.99946521393842 0.99946521393842 0.999246171162286 0.999468608775882 0.999468608775882 0.999246171162286 0.981147225850435 0.992973749542496 0.975524199284953 0.975670738834252 0.977584213758664 0.983862352750097 0.992116510242394 0.988553489720461 0.994095378104975 0.993745799821487 0.998030784549645 0.997508164820269 0.996447582546852 0.984614091471336 0.978375041286781 0.984245661495226 0.98565644909158 0.982147259970339 0.999455375134505 0.99922740017673 0.999451895795511 0.999451895795511 0.999451895795511 0.999451895795511 0.999451895795511 0.999451895795511 0.999451895795511
-9999 -9999 -9999 -9999 -9999 -9999 -9999 -9999 -9999 0.98600714703534 0.999465194270461 0.999465194270461 0.999465194270461 0.999246157934821 0.999468609175458 0.999465194270461 0.999246157934821 0.989912527076897 0.976237916984886 0.992534921768091 0.990728676718799 0.987711107958374 0.982585051512597 0.976924668352793 0.996930817948177 0.995825169202706 0.994355743193471 0.997202162099154 0.973649765421858 0.980784439110002 0.98271220395537 0.994804893261426 0.985330780110994 0.985707208234493 0.985139031018571 0.984741581011875 0.999451875661268 0.999455375541716 0.999227386515662 0.983184360205762 0.999227386515662 0.999451875661268 0.999455375541716 0.999227386515662 0.999451875661268
-9999 -9999 -9999 -9999 -9999 -9999 -9999 -9999 -9999 0.985648415055683 0.999465175756831 0.999465175756831 0.999246145417555 0.99946860948624 0.999465175756831 0.999246145417555 0.983916788577769 0.987258520438147 0.97119124279702 0.979900907575876 0.972938068657812 0.979242384681279 0.996517149092678 0.995395613217854 0.990125838741905 0.981666609923114 0.996265354783944 0.98107337702238 0.996086835222812 0.993719075783801 0.985147057311389 0.982216462651749 0.994756044739918 0.989153812691774 0.979740878816352 0.977652286775715 0.991245510748237 0.98428859964129 0.981439074729534 0.995679793102541 0.999455375903681 0.999451856658163 0.698393411736894 0.999455375903681 0.999455375903681
-9999 -9999 -9999 -9999 -9999 -9999 0.98791616905283 0.990391935947841 0.986440113706662 0.972531069197998 0.997670574973423 0.999246133699264 0.999468609841419 0.999246133699264 0.999246133699264 0.984051617371681 0.977845775919066 0.974483730975601 0.982324107820031 0.978952110513376 0.993042295618005 0.994796715635049 0.984999478865819 0.981567723967066 0.973417184018546 0.982721735219056 0.988427775731431 0.977372864408299 0.996948720024165 0.978261946957448 0.990202276851293 0.984151467788205 0.99017226819776 0.993891513018776 0.983763139154594 0.984720275089821 0.988387136285039 0.988328726867705 0.978383302488759 0.996953090907689 0.98595246169018 0.99917189713912 0.994300292434732 0.985877841263602 0.9994553762204
-9999 -9999 -9999 -9999 -9999 -9999 0.987046095785011 0.988436867569696 0.981191037271509 0.996698330743213 0.97916237476993 0.999246122779948 0.999246122779948 0.999468610196597 0.99946514205936 0.995738355035285 0.995452523004123 0.995241680421962 0.994734205874117 0.994419991842931 0.991830620702094 0.974839527847069 0.99405166082792 0.995401772342436 0.980978842921339 0.981756697675207 0.984114813434983 0.987189629299677 0.996787006037013 0.969870700753359 0.992204024718558 0.984047816728005 0.987959713478124 0.983496508368311 0.993383364538052 0.984291070253542 0.984338447429688 0.990759181215736 0.985861468990446 0.996849914918585 0.986700437303641 0.9994131863222 0.985503120284743 0.99104948201039 0.985035473849157
-9999 -9999 -9999 -9999 -9999 0.982520242766466 0.979548199858828 0.991470314186762 0.996663495571807 0.961770457552274 0.956555292310098 0.999465126831122 0.999468610462982 0.999468610462982 0.983842239995477 0.987103736186792 0.979809175770367 0.986674897179682 0.979749704502604 0.994259977350119 0.979980494717952 0.986933870931002 0.989292825177452 0.995189928617544 0.98473587357204 0.974616906608791 0.9730751762251 0.988084027824563 0.990233000954369 0.995254431686097 0.985170875336439 0.985176643773118 0.983746415447311 0.983769585103593 0.993871517076396 0.989587762467059 0.984094576851812 0.98552592079834 0.98949758796712 0.996762662764535 0.98657175202713 0.999412391916944 0.986161135271231 0.992587501517077 0.984790891469685
-9999 -9999 0.97354553560689 0.979453312256028 0.980641618485273 0.976649532717783 0.975848656781002 0.988143572803384 0.99749392707831 0.96814008051447 0.990428917096119 0.990703932037095 0.996866263935619 0.975345281770305 0.97752588526493 0.988194488515176 0.983584640420547 0.981910182991127 0.979126461684669 0.994140116512579 0.976942324516047 0.989481527186123 0.984650120383367 0.991272898163944 0.992649649727862 0.986869392073894 0.982503476840321 0.982053093729646 0.98955136263158 0.996628489949179 0.996419800678294 0.98053659224257 0.977515306411488 0.977959972260075 0.993307275651656 0.980909117802378 0.986127881356443 0.98505710029509 0.981652601901219 0.996469928489802 0.981132603891356 0.999411437267551 0.985659508799988 0.985603761790431 0.983434924543432
-9999 0.976096587119997 0.986344065565675 0.982148408354816 0.967609758403483 0.980738121577697 0.997403845142022 0.996374854159281 0.971536281102416 0.953025163580297 0.990159229472054 0.976194004565919 0.992524293742635 0.995149801059703 0.996282306452111 0.984575244725773 0.982475233697774 0.982066365929115 0.985529499422835 0.992859524914906 0.987456921283632 0.983681397635074 0.977983248875336 0.99006132119334 0.980536172909409 0.989252451304714 0.97842925236945 0.976315951104215 0.984982765581098 0.977551169969989 0.986589539417266 0.994912854591845 0.990206490725561 0.981260799840407 0.993037279780653 0.98235700039798 0.988835743825136 0.984245974900612 0.980909644678109 0.996287529711758 0.976172990367683 0.999410421492921 0.978832542528454 0.978484954528792 0.97083201739072
-9999 0.974811588496872 0.979964285964614 0.99728175076783 0.997298387923684 0.996296159713853 0.981045906420218 0.98404886489316 0.984748449315058 0.985267385675538 0.983264352375473 0.986986906612436 0.9854266396186 0.991789545368149 0.984917142344087 0.994477409217428 0.994798791043886 0.981924106310152 0.984450946918507 0.976790589304011 0.987495805769261 0.977525026203931 0.983559454117863 0.988817498860146 0.980391038558883 0.991770792756772 0.990859842658169 0.988830720433028 0.976880006396319 0.97619844216339 0.987586916116374 0.976688788798038 0.994510129900151 0.973935886265493 0.982110930107002 0.988964096454385 0.983364872709476 0.982327477165706 0.992626284324196 0.994966949315988 0.982740876324495 0.983443773176258 0.999162630345665 0.9942745500081 0.984171499174574
