Model input/Uganda/survival/sedimentation/sedimentation_restime_1jun.asc
NCOLS 67 
NROWS 67 
XLLCORNER 29.500000001 
YLLCORNER -1.499999999 
CELLSIZE 0.0833333332985075 
NODATA_value -9999 
[rows 40 to 59 of 67, columns 0 to 44 of 67]
0.969971680493389 0.974402260807692 0.997592601083155 0.997630602571452 0.964383609063329 0.991048933000589 0.976008892465403 0.980741423938769 0.975365413650629 0.982425417702788 0.980752737632169 0.985812683554542 0.978913160131913 0.990982622782964 0.985322875544249 0.993935986018534 0.991665816151278 0.99042267648591 0.984392275040124 0.983885791923347 0.983084110153808 0.981983414640536 0.982614820750674 0.971959462991649 0.974330190383637 0.979832088460438 0.983355351420808 0.987087123633784 0.981503013492201 0.975633633028864 0.985199937546573 0.981037891600146 0.996102948202172 0.983795358373377 0.984345228228855 0.991439544235054 0.982693321822149 0.976010974821408 0.983092075293721 0.991745461555234 0.992599691137506 0.983262525869157 0.999431888551615 0.989410301113062 0.989279185303768
0.980344379774791 0.980056026336514 0.997566711460365 0.988971690923953 0.988565173111718 0.989583848334825 0.975789422209008 0.981320876952014 0.984029422069726 0.990825781657847 0.988722158264507 0.982575224992205 0.979257105419918 0.985708792549647 0.983907499565062 0.991733606280268 0.983717566328487 0.986419283927023 0.989870749127196 0.991693572219056 0.988623002900474 0.987340509828143 0.982430616727141 0.981017283080077 0.971905674644475 0.979009645264498 0.969454639554252 0.980883415447614 0.97189959650536 0.98063276915776 0.984475133139975 0.986677830050917 0.995796950394666 0.980997078284056 0.98133890970744 0.98139369890247 0.980886391481456 0.982643256450115 0.990505081030608 0.987399665689122 0.99441707269272 0.990764356671962 0.999431584984516 0.98579775462794 0.991579397635647
0.968994906102185 0.966988752811428 0.997512280014575 0.963735135488674 0.987836825663854 0.98714524252551 0.971762109940158 0.986590745199108 0.989177938978478 0.982220102871403 0.983667840496739 0.993002174441615 0.987440552196802 0.982610806699946 0.983224629521389 0.982130877801885 0.981931395835453 0.984882613262486 0.979519474262047 0.98119338236756 0.971951306818826 0.97263578569105 0.974592730737525 0.977831056821881 0.96803299579188 0.989516651509648 0.982756950637568 0.979833712127143 0.975892348354368 0.969105473782019 0.981894266591118 0.98292815330422 0.995657692311723 0.993541536406028 0.988544173279228 0.980942511277877 0.981271781022519 0.982220833041065 0.992508411222975 0.982766050721909 0.992986329630955 0.989557591588558 0.999431296002558 0.999427182170034 0.983801999162747
0.997393905600614 0.996463782511308 0.978278532751109 0.978059495847194 0.983567474004982 0.981106315567684 0.979373314645497 0.980146299475164 0.986168911370176 0.984930643322417 0.987607472024413 0.993316166616514 0.994109548570474 0.976966718498734 0.967207291908945 0.963446553743935 0.979925925282727 0.962528743444809 0.969913437006794 0.972979304902823 0.971706653156214 0.979814261256288 0.982923465298961 0.965454755854408 0.957206780035218 0.985919026306558 0.959909461431595 0.971619410180307 0.989173856697414 0.99341960071863 0.982179693414851 0.979822521336597 0.994298380713485 0.983498219224199 0.987657617765562 0.990098097170796 0.983089076373571 0.98631813590602 0.982858337008256 0.983130452588957 0.992542106967878 0.987898792138868 0.97447104591955 0.9994307509102 0.985101228340088
0.997402905533027 0.991656353310413 0.991143648852416 0.988897366031216 0.980709886007152 0.971686368581875 0.96491647655687 0.976215362881961 0.981380980983955 0.991851947786953 0.990635589229289 0.979428490783641 0.994503034874807 0.985461128086232 0.981269048784088 0.963265141155289 0.971709420752094 0.963977492328014 0.973877597205487 0.981786678790614 0.979054283451458 0.989755043806445 0.961744073667075 0.97527755969371 0.987564834871211 0.979808878015385 0.975735646743831 0.994833764285108 0.985697409266371 0.990675540450849 0.981423906210667 0.974687905633844 0.988766648322385 0.990076988307434 0.991607968454341 0.983645798013571 0.979562167839474 0.988770623982587 0.984154568456097 0.986756457540275 0.991170880790688 0.985110176272965 0.999191738192395 0.999191738192395 0.999191734071532
0.997379142926191 0.987392457941867 0.986011630651869 0.984392564292907 0.984788693128429 0.974077089459048 0.985783758864649 0.988076202601424 0.977882270711815 0.992889743582758 0.991135895784119 0.963884339627668 0.994584521261238 0.974342917943136 0.980379182862325 0.97214461363249 0.984834615820385 0.969490697208688 0.973753552091359 0.987934517265324 0.978567934543952 0.990752415643544 0.990249240436425 0.992221257117265 0.978815075179611 0.973865986631228 0.97907121963986 0.992677202303506 0.993375515936269 0.993375515936269 0.984709140954881 0.982556030066022 0.985062788188911 0.984578867990253 0.981650503356847 0.984624027451524 0.986103872762985 0.999430318022005 0.999191734071532 0.979430203225138 0.985204348681077 0.979672316125814 0.999426489676242 0.999426489676242 0.999191730699916
0.992090374860827 0.996210795144228 0.981828216063665 0.976744218826951 0.983422425470151 0.980993558087549 0.983668168481244 0.988110079617613 0.997043488723938 0.994684249567793 0.991780963323085 0.976190193841634 0.992427074984826 0.988247362566226 0.989091781999153 0.990183501621122 0.993522275976912 0.993720958267779 0.994916472010269 0.995526599792428 0.99568768383038 0.996757206978848 0.995582257199375 0.979045672192888 0.976186844430369 0.977049255099964 0.993014469046946 0.974166468194262 0.976442071335043 0.981350913072721 0.982000491984648 0.982536938388455 0.982539564477757 0.987284304378155 0.999191730699916 0.999430318162523 0.999191730699916 0.999430318162523 0.999426485507572 0.999426485507572 0.999430318162523 0.999191730699916 0.999426485507572 0.999430318162523 0.999430318209362
0.977857865270726 0.997186772873049 0.987782198986263 0.984198870012143 0.984432122524345 0.987840839258475 0.997063223392285 0.997063223392285 0.997063223392285 0.997063223392285 0.995050765516341 0.996466635348725 0.995395957927872 0.995353303764651 0.975287995001774 0.975559180978618 0.990351329213422 0.97856307263361 0.99157991079777 0.981972472448662 0.988804401253757 0.980715602849738 0.986551110270979 0.995834722644636 0.987809083090768 0.993232378582212 0.978320388077899 0.974763022410504 0.970007885587235 0.982110295478715 0.981418512853397 0.987047021575824 0.999191728171204 0.999191728171204 0.999426482463037 0.999191728171204 0.999430318209362 0.999430318209362 0.999426482463037 0.999430318209362 0.999430318209362 0.999426482463037 0.999426482463037 0.999191726485397 0.99943031830304
0.985651256611437 0.997172729464099 0.997124112733301 0.997104762005201 0.991994522109513 0.975156624655632 0.997043463601747 0.995835322618752 0.997043463601747 0.995835322618752 0.978398625616762 0.987029883487605 0.974906438769378 0.991309926061309 0.992431475501674 0.991170728354585 0.987119210923876 0.960250535655216 0.991305759037155 0.974434104876474 0.990786825152154 0.976680072735235 0.980402283538944 0.977006866480081 0.997477929968722 0.997751167580229 0.997786063063537 0.997823779307899 0.997019351168611 0.986638606804012 0.99943031830304 0.999191726485397 0.999426480683155 0.99943031830304 0.99943031830304 0.999191726485397 0.999426480683155 0.999426480683155 0.999426480683155 0.999426480683155 0.999426480683155 0.999426480683155 0.999426480683155 0.999426480683155 0.99943031830304
0.997124112733301 0.997124112733301 0.997124112733301 0.997124112733301 0.997124112733301 0.96144366095615 0.966638695177307 0.97157399919737 0.995835318326743 0.997063223392285 0.975184251525655 0.975071837855366 0.985228271830945 0.978502220234548 0.993476913729468 0.990251445315728 0.9776227099748 0.978747078013644 0.990771276834506 0.990098966494636 0.974154669539723 0.985396426583257 0.968065248720756 0.970259071964591 0.99160202788837 0.985355980841569 0.989803493958822 0.978357324798732 0.999426480074248 0.999426480074248 0.999191725642493 0.999426480074248 0.99943031830304 0.99943031830304 0.99943031830304 0.999426480074248 0.999426480074248 0.99943031830304 0.99943031830304 0.99943031830304 0.99943031830304 0.999426480074248 0.999191725642493 0.99943031830304 0.99943031830304
0.995921617973876 0.997124112733301 0.997104762005201 0.997124112733301 0.997104762005201 0.954009395340931 0.996027371400935 0.997060350361276 0.997063223392285 0.972836166997806 0.97574947055171 0.975359062581246 0.988832724699146 0.978667940583109 0.993294194381252 0.988830722863647 0.976414049148397 0.981889609894059 0.963936624320225 0.989530475574705 0.973476304311818 0.988757083586212 0.975958266232638 0.971600209089717 0.99351532418589 0.981012970546737 0.992577895923712 0.97983051006312 0.999191725642493 0.999426480683155 0.999426480683155 0.999426480683155 0.999426480683155 0.999426480683155 0.999426480683155 0.999191725642493 0.99943031830304 0.999191725642493 0.99943031830304 0.99943031830304 0.999426480683155 0.999191726485397 0.99943031830304 0.999191726485397 0.999426480683155
0.997104771113022 0.995921626745996 0.997104771113022 0.997104771113022 0.997104771113022 0.997189876032869 0.963195006529193 0.987754552122002 0.971493710094391 0.976810635783969 0.968503631771063 0.975156851470031 0.98090275305659 0.972510581333275 0.992543843601413 0.971196602354201 0.981599219854324 0.976576152605357 0.973716942760943 0.985374234280789 0.976524042264496 0.983017621217427 0.969158411119596 0.981364602139116 0.993030632931831 0.96950618301282 0.990546494715431 0.980370436353545 0.999426482463037 0.999191728171204 0.999430318209362 0.999426482463037 0.999426482463037 0.999430318209362 0.999430318209362 0.999430318209362 0.999426482463037 0.999426482463037 0.999426482463037 0.999191728171204 0.999426482463037 0.999426482463037 0.99943031830304 0.999430318209362 0.999191728171204
0.997104786401149 0.99712411208273 0.995921639091943 0.995921639091943 0.997104786401149 0.973365839085912 0.94864997198541 0.990846540537847 0.966680101646438 0.952146335189535 0.965015163589247 0.940592752068928 0.980867702966224 0.982005942972437 0.987935643543686 0.98066956625047 0.97739716841954 0.966432251733971 0.975208939710848 0.977785412549891 0.977912828636692 0.976731042840309 0.976605641157847 0.986677902739884 0.991500374177945 0.977939753849934 0.986178199220736 0.97280916473158 0.984838092522582 0.981146138256802 0.999191730699916 0.999191728171204 0.999191730699916 0.999430318162523 0.999426485507572 0.999426485507572 0.999191730699916 0.999426485507572 0.999430318162523 0.999426485507572 0.999426485507572 0.999426485507572 0.999191730699916 0.999426485507572 0.999191730699916
0.995921655986396 0.997124111432158 0.995921655986396 0.995921655986396 0.997104807219025 0.948822854760973 0.959056468424482 0.990576781651652 0.98971355384509 0.978470115495954 0.97779959833929 0.981144946729097 0.971394994640643 0.977963840240284 0.976798080434821 0.977693918005908 0.968330088948196 0.977936331058635 0.978218655877637 0.979211184480727 0.976783385685935 0.964352851625828 0.967750106918218 0.974470490896586 0.98862033507078 0.978100788449111 0.981012290992308 0.982905545926485 0.989798630208076 0.992500040854041 0.999430318162523 0.999426489676242 0.999426489676242 0.999430318022005 0.999430318022005 0.999426489676242 0.999191730699916 0.999430318162523 0.999426489676242 0.999426489676242 0.999191734071532 0.999430318022005 0.999430318022005 0.999191734071532 0.999426489676242
0.997124110781587 0.995921677104464 0.997124110781587 0.995921677104464 0.957068911099385 0.973615449208836 0.977770705669803 0.979599411350468 0.976891102270941 0.980330846941143 0.979056289230549 0.985319409347289 0.979835402549303 0.978675053192439 0.978258243598631 0.976970876468472 0.9769745283813 0.983417480466224 0.977803169528914 0.992936102781047 0.98794142422128 0.984600245980684 0.980037144708241 0.969676440840965 0.984582147274154 0.97929552546091 0.97460604630462 0.999426495109565 0.999191734071532 0.999430318022005 0.999430318022005 0.999426495109565 0.999191734071532 0.999191738192395 0.999430318022005 0.999191734071532 0.999426495109565 0.999426495109565 0.999191738192395 0.999426495109565 0.999426495109565 0.999191738192395 0.999430317928327 0.999426495109565 0.999191738192395
0.997124110131016 0.997124110131016 0.994991529028636 0.958551878180121 0.986792095527825 0.976104191636083 0.972846537847025 0.980731014145088 0.981057909006396 0.98954599376963 0.971356787959299 0.987451291317653 0.984665727756737 0.967558783185597 0.976739010686276 0.979468451750056 0.98221798283883 0.989276784748958 0.976950012431036 0.992936101485113 0.973878047990698 0.98312889889347 0.977873072290563 0.976810998421658 0.966990330606955 0.973401902774457 0.978109032211043 0.999191738192395 0.99943031778781 0.999191738192395 0.999191738192395 0.999430317928327 0.999426501713864 0.999426501713864 0.999426501713864 0.999191743249818 0.99943031778781 0.999191743249818 0.99943031778781 0.99943031778781 0.999191743249818 0.99943031778781 0.999191743249818 0.999191743249818 0.99943031778781
0.997124109480445 0.997124109480445 0.994956200797603 0.994725871276914 0.974554948217356 0.985492121235507 0.982137588454299 0.981233073039525 0.979870636503304 0.99071686927932 0.978631221058751 0.994468177356791 0.994930359449355 0.995085457318241 0.995220332491248 0.993521060015838 0.996203573325523 0.992007282941081 0.996735332483639 0.995401432661818 0.996860984505739 0.981468231524467 0.99571679120064 0.975957907731901 0.977766914269956 0.97786775894675 0.99943031778781 0.999426509582815 0.999426509582815 0.999426509582815 0.999426509582815 0.999426509582815 0.999191749150146 0.999191749150146 0.999430317600453 0.99943031778781 0.999191743249818 0.999426509582815 0.999426509582815 0.999430317600453 0.99943031778781 0.999430317600453 0.999426509582815 0.999191749150146 0.999191749150146
0.973782157809316 0.991499232152438 0.980008033865627 0.994692080371999 0.976472998778191 0.98076649743183 0.981069969343596 0.990500660480611 0.979982148953868 0.991583485529687 0.99090687052542 0.978719171890961 0.976565090816452 0.978529770126985 0.986064133660473 0.988150592953884 0.996178296452303 0.996178296452303 0.996735383850486 0.996735383850486 0.996840077694935 0.995716822573712 0.996959403187017 0.982498970217303 0.990429137209518 0.975272104500791 0.999430317600453 0.999430317459935 0.999191755799721 0.999191755799721 0.999430317459935 0.999191755799721 0.999430317459935 0.999430317459935 0.999191755799721 0.999191749150146 0.999426518622741 0.999430317600453 0.999426518622741 0.999426518622741 0.999191755799721 0.999426518622741 0.999426518622741 0.999430317600453 0.999191755799721
0.956196881436523 0.990945016925514 0.972052667868023 0.994607225803902 0.975091001035564 0.970641403191251 0.992111111947239 0.991079470134035 0.981380324165276 0.990386749493226 0.985270176543564 0.978741996123411 0.975382245808707 0.966818077789865 0.976492309246999 0.97994664213652 0.994617463533759 0.996178364486602 0.97808879681647 0.964007160021698 0.983150821697677 0.977818004310357 0.995770110187798 0.964652249665224 0.991751659694397 0.992377930104642 0.999430317459935 0.999426528833643 0.999191763385856 0.999426528833643 0.999191763385856 0.9994303171789 0.999191763385856 0.999191763385856 0.999191755799721 0.999426528833643 0.999426528833643 0.999426528833643 0.999191763385856 0.999430317459935 0.9994303171789 0.9994303171789 0.999191763385856 0.999426528833643 0.999430317459935
0.968067339593463 0.990749811058602 0.963324169846579 0.954861467264549 0.992177086273338 0.992686368616466 0.992499924237544 0.977629071114086 0.980478704080429 0.974652068965296 0.981353247281082 0.974497218974088 0.983378412714925 0.974487423456185 0.978271755930868 0.985343614759754 0.983906443084201 0.97671263160346 0.977713182591909 0.974194344483586 0.986803535329053 0.979900030225902 0.970032804022462 0.997042050439594 0.997333248410284 0.997370743088772 0.999191771721239 0.999430316944704 0.999191763385856 0.999426540309197 0.999426540309197 0.999426540309197 0.999426540309197 0.999426540309197 0.999426540309197 0.999191771721239 0.999430316944704 0.999426540309197 0.999426540309197 0.9994303171789 0.999430316944704 0.999426540309197 0.999430316944704 0.999191771721239 0.999191771721239
