Model input/Uganda/survival/sedimentation/sedimentation_restime_1jun.asc
NCOLS 67 
NROWS 67 
XLLCORNER 29.500000001 
YLLCORNER -1.499999999 
CELLSIZE 0.0833333332985075 
NODATA_value -9999 
[rows 20 to 39 of 67, columns 0 to 44 of 67]
-9999 -9999 -9999 -9999 -9999 -9999 -9999 -9999 -9999 -9999 -9999 -9999 -9999 -9999 -9999 0.984639032856439 0.976473310824716 0.984239675871919 0.981739679598668 0.981801488790397 0.978230974384573 0.983589753595811 0.988910405767991 0.986864214164277 0.992750651366147 0.992107269771335 0.974568820977594 0.981451061996345 0.999289033413581 0.994707310955931 0.981903116804208 0.975308649077208 0.986698802666458 0.981190991207188 0.99634274669889 0.996247859733825 0.99189926547864 0.986625450501659 0.982189443322061 0.984964723492092 0.98612661861463 0.980537837206307 0.988144425660223 0.988864387447583 0.994970357215659
-9999 -9999 -9999 -9999 -9999 -9999 -9999 -9999 -9999 -9999 -9999 -9999 -9999 -9999 -9999 0.982274221585075 0.97605703842871 0.975447497758417 0.979600729782898 0.982214080322033 0.980433123474277 0.979627544490349 0.986073534025355 0.979408420087702 0.999290143020449 0.999496548871215 0.999496468403576 0.999495873814665 0.984974544629713 0.999287409432593 0.999494570191354 0.984125373682574 0.989746471488941 0.980248771120632 0.995085387993971 0.982155172820432 0.986533072485736 0.992641752746951 0.99379017648101 0.992999593192159 0.991415364990233 0.982865608870658 0.982154548858997 0.985239147262885 0.984768634463604
-9999 -9999 -9999 -9999 -9999 -9999 -9999 -9999 -9999 -9999 -9999 -9999 -9999 -9999 -9999 -9999 0.982570902890627 0.981544323725764 0.98485217902974 0.970228418080309 0.999238183624593 0.999238162320319 0.999459650654002 0.999496484286673 0.981503186924888 0.98178030865551 0.982040350899971 0.988765852525873 0.991136169663657 0.989568744205631 0.987634978953601 0.99928689277086 0.999494149576637 0.999493718604048 0.985405500781365 0.986442820671396 0.995398028305148 0.986102067726973 0.985702346837997 0.986264050430686 0.985298842437841 0.975868064008236 0.981969444941457 0.981574386619118 0.97796098018232
-9999 -9999 -9999 -9999 -9999 -9999 -9999 -9999 -9999 -9999 -9999 -9999 -9999 -9999 -9999 -9999 -9999 0.976580184839411 0.999462847814336 0.99946284835154 0.999459620615481 0.99946284835154 0.999459620615481 0.98842933121775 0.986430251631966 0.986501596052561 0.987081219228007 0.987507972896347 0.985054317442119 0.985911512298379 0.984314705994964 0.98439813773063 0.988093134200507 0.999493593370063 0.985003079140642 0.985348158624273 0.994200488333789 0.989628252877579 0.985990262603796 0.985498296423374 0.982749915467105 0.974967662848462 0.988429697648439 0.991441498211318 0.984836594605737
-9999 -9999 -9999 -9999 -9999 -9999 -9999 -9999 -9999 -9999 -9999 -9999 -9999 -9999 -9999 0.980359369186285 0.978081131396799 0.99946284835154 0.999238141732155 0.999238141732155 0.999459591651364 0.99946284893351 0.999459591651364 0.99946284835154 0.994000358342894 0.995029281823555 0.994695407374934 0.988687742958872 0.982458165035146 0.979873128437436 0.977452636498435 0.977834734421858 0.984504328257685 0.992382433083667 0.999281391840369 0.995938034073414 0.985362947054844 0.977821220926613 0.978339091318172 0.98880604110773 0.989060796593325 0.982167312458832 0.994230869227031 0.992100581249179 0.975759265448157
-9999 -9999 -9999 -9999 -9999 -9999 -9999 -9999 -9999 -9999 -9999 -9999 -9999 -9999 -9999 0.984077478918829 0.999238122039129 0.999459563806417 0.999459563806417 0.999459563806417 0.999238103151728 0.99946284951548 0.999459563806417 0.999238103151728 0.988157994822917 0.984347832239326 0.978359554836811 0.989200776821509 0.978271271299797 0.988087944893365 0.983962437279941 0.984128784353923 0.984321367372434 0.999277310345047 0.995038951535844 0.99452283794901 0.994257563867748 0.993695336251049 0.99285206094557 0.987111038106413 0.98728102441721 0.982952456965829 0.992897463773115 0.988692893909122 0.975538232298951
-9999 -9999 -9999 -9999 -9999 -9999 -9999 -9999 -9999 -9999 -9999 -9999 -9999 -9999 -9999 0.999238103151728 0.999459537125408 0.999459537125408 0.999459537125408 0.999238084980437 0.999462850007916 0.999459537125408 0.999238084980437 0.986245222017607 0.990600606138321 0.985024723615302 0.985181949423442 0.991501312922432 0.982994925932684 0.988574761595497 0.987752461804913 0.9832297120863 0.977707672856793 0.999485788051834 0.999275147143912 0.984421750598547 0.985198927390373 0.983955083431376 0.984293201516301 0.990764829012028 0.989935203297631 0.994077908133263 0.983710513851635 0.991064919480965 0.988471001279638
-9999 -9999 -9999 -9999 -9999 -9999 -9999 -9999 -9999 -9999 -9999 -9999 -9999 -9999 -9999 0.999459511563569 0.999459511563569 0.999459511563569 0.999238067525256 0.99946285054512 0.999459511563569 0.999238067525256 0.999459511563569 0.979150138692405 0.991609406977214 0.979001347397826 0.977310543213186 0.98352870575337 0.977117234800409 0.976587891509721 0.990725978073663 0.999485668574479 0.999485668574479 0.999488845975261 0.98337599475843 0.977131312462784 0.985327875537642 0.990730265197968 0.992860287698375 0.995607602444338 0.996670123983063 0.994494025785461 0.984674697590838 0.988585054212552 0.999463356240225
-9999 -9999 -9999 -9999 -9999 -9999 -9999 -9999 -9999 -9999 -9999 -9999 -9999 -9999 0.999459487165667 0.999238067525256 0.999459487165667 0.999238050965213 0.999459487165667 0.999238050965213 0.999238050965213 0.999462850992789 0.988635193710337 0.990120052230113 0.991003127662129 0.989836987021303 0.976847845876438 0.991218633657055 0.983216809530697 0.974374928295933 0.987073557353177 0.999274921707465 0.999274937475206 0.999485645348785 0.996304085178902 0.987913563212982 0.983541338123762 0.98688944506376 0.995985473034894 0.985553358062955 0.98527328381156 0.993639571849672 0.992992763437026 0.983200463373101 0.999238785541899
-9999 -9999 -9999 -9999 -9999 -9999 -9999 -9999 -9999 -9999 -9999 0.999462850992789 0.999238050965213 0.999238035210793 0.999238050965213 0.999459463886936 0.999238035210793 0.999462851440459 0.999238035210793 0.999462851440459 0.999238035210793 0.97879991408572 0.984933468947447 0.983386154765494 0.977401396373132 0.988049159292027 0.983746122138792 0.991970726384045 0.982424319200504 0.978568889786987 0.982734429176648 0.999488846837071 0.999485623200349 0.999274906715188 0.999459973290545 0.996192567027315 0.99725279772244 0.997221904687518 0.999463357179649 0.999238768993861 0.999238768993861 0.999463357179649 0.999463357179649 0.999463357179649 0.999238768993861
-9999 -9999 -9999 -9999 -9999 -9999 -9999 -9999 -9999 -9999 0.987160422043951 0.999459441682608 0.999462851440459 0.999459441682608 0.999459441682608 0.999238020261998 0.999462851888128 0.999459441682608 0.999238020261998 0.999238020261998 0.981478625237474 0.982154455086462 0.982624916374458 0.982333751873576 0.98398994257473 0.983051305025772 0.988489088940297 0.993556618577471 0.987043773165186 0.972503501176918 0.997626894295042 0.989699167112313 0.983682449591891 0.990800909848793 0.999463358119073 0.999238738223457 0.99945995110232 0.99945995110232 0.999463357626994 0.999238753250864 0.99945995110232 0.999238753250864 0.999238753250864 0.99945995110232 0.999463358119073
-9999 -9999 -9999 -9999 -9999 -9999 -9999 -9999 -9999 -9999 0.999459420686985 0.999238006029313 0.999459420686985 0.999459420686985 0.999238006029313 0.99946285229103 0.99946285229103 0.999238006029313 0.981472122874829 0.993062218871427 0.975917540483861 0.975979371812138 0.977760917588565 0.983928206421859 0.992134896697094 0.988596579635214 0.994194609910845 0.993828693784723 0.998109085851654 0.997616774207997 0.99660242439669 0.984701715129707 0.978590166367607 0.984478364309556 0.985893639507542 0.982525446767242 0.999463358521683 0.99923872400109 0.999459930121921 0.999459930121921 0.999459930121921 0.999459930121921 0.999459930121921 0.999459930121921 0.999459930121921
-9999 -9999 -9999 -9999 -9999 -9999 -9999 -9999 -9999 0.986214654645132 0.999459400810531 0.999459400810531 0.999459400810531 0.999237992602252 0.999462852693933 0.999459400810531 0.999237992602252 0.990072927677348 0.976272191383679 0.992620564223055 0.990835361788374 0.987849929176179 0.983081003021459 0.977472864817062 0.997001651137226 0.995930887552669 0.994462841131149 0.997308854193341 0.974020035638544 0.981104124674508 0.983011493821656 0.995031962182269 0.985531458443618 0.985893022684353 0.985290315108541 0.98490575719513 0.999459910304616 0.999463358879559 0.999238710583763 0.983761577155602 0.999238710583763 0.999459910304616 0.999463358879559 0.999238710583763 0.999459910304616
-9999 -9999 -9999 -9999 -9999 -9999 -9999 -9999 -9999 0.985794846356753 0.999459382098014 0.999459382098014 0.999237979891301 0.999462853052069 0.999459382098014 0.999237979891301 0.984130121730361 0.987477396336464 0.971341966124759 0.979944806371577 0.97319691465648 0.979560770947051 0.996579228554196 0.99549531057651 0.99030011480325 0.982027283498345 0.996365880805739 0.981240800882467 0.996258246532576 0.993943892626389 0.985305313186838 0.98256655674092 0.994973285294411 0.989345744367621 0.979970615363431 0.97802600652866 0.991475893878603 0.984610106099141 0.981936943467054 0.995769233416481 0.999463359237435 0.999459891605669 0.887075368942694 0.999463359237435 0.999463359237435
-9999 -9999 -9999 -9999 -9999 -9999 0.988019547375571 0.990470600577589 0.986571793212067 0.972642783470662 0.99791866026835 0.999237968075487 0.999462853365437 0.999237968075487 0.999237968075487 0.984387187827585 0.978144024675428 0.974551685925527 0.982338020109515 0.979231816923517 0.993011761549218 0.994860259340275 0.985328339447822 0.982074533720846 0.974013357928309 0.983041204800644 0.988768749679916 0.977831518322591 0.997085333154125 0.978553245444086 0.990546704770964 0.984463352959839 0.990483812131736 0.994162850861004 0.984067173938071 0.985002337665199 0.988602104001179 0.988657299090285 0.97888726536806 0.997016210096882 0.986003782754855 0.999204360173915 0.994522010793458 0.986317488922669 0.999463359595311
-9999 -9999 -9999 -9999 -9999 -9999 0.98713530071829 0.988528928914269 0.981274458168713 0.997055586399591 0.979541459559832 0.999237957065298 0.999237957065298 0.999462853723573 0.99945934803049 0.995762116984359 0.995456807710079 0.9952136760673 0.994657865859274 0.994303324246081 0.991699065627069 0.975008235306005 0.994133055983858 0.995469861272031 0.981102737583919 0.981813179706606 0.98456882780887 0.987428707208151 0.9969355844872 0.97036232450478 0.992467738274183 0.984362389175993 0.98836819607427 0.984053986587904 0.993680890818414 0.984708060867909 0.984753949197409 0.990997262773743 0.986161305841467 0.996909659934345 0.986813103744685 0.9994365154055 0.985945182621813 0.991357729912941 0.985514341105731
-9999 -9999 -9999 -9999 -9999 0.982696481968189 0.979729589793393 0.991524658699018 0.997034086342891 0.962221109212413 0.957825109453844 0.999459332630716 0.999462853992174 0.999462853992174 0.984069578176439 0.987421605105203 0.980445237450421 0.986835547540235 0.980026792281006 0.994102225773395 0.97981513845772 0.986600132892431 0.98905173193692 0.995250333500141 0.984838675382807 0.974639885811156 0.973526625948639 0.988308122010538 0.990485377086498 0.995473155276213 0.985563598307858 0.985698353662018 0.984123298448817 0.9841272584918 0.994200794271897 0.989848731928551 0.984550714299806 0.985835053955583 0.989729812336418 0.996824277579422 0.98671248868201 0.999435975928906 0.986507986876404 0.992825879092687 0.985238908358165
-9999 -9999 0.973812247055564 0.979665070150883 0.980860295977187 0.976821053919106 0.976014286278185 0.988243596734273 0.997806784568367 0.96851410864459 0.9906998896818 0.991000813266576 0.996937972479765 0.975978064715143 0.978087180741632 0.988449001818954 0.983782857782217 0.982071158851959 0.979749838397882 0.993933530450379 0.977048316202916 0.988990146013757 0.983801865403805 0.991137307086194 0.992724903299936 0.987007029289028 0.982717829989562 0.982314560457347 0.989817941064551 0.996778912371879 0.996575047472561 0.981402905955944 0.978238892806242 0.978571764595823 0.993689680034926 0.981430784309222 0.986376503781821 0.985414178236776 0.982358211884932 0.99653002753042 0.981387961458764 0.999435236113296 0.985994529640239 0.985975491533817 0.984046916248817
-9999 0.976384863141734 0.986471812578528 0.982293423283233 0.967954212683297 0.980849610770864 0.997743889503545 0.996842970165996 0.972374261958261 0.95352647306891 0.990394802605792 0.976703128669092 0.992705039740905 0.995256000480026 0.996344741238982 0.984697521846382 0.982474105431599 0.981902450787447 0.985077046922919 0.99247542958698 0.986700262684479 0.982811936881625 0.976308407096544 0.989848129432069 0.980310771491798 0.989512719522236 0.978550882085881 0.976399936351488 0.985215279032341 0.978347139460939 0.987060235188802 0.995128967718614 0.990523638175215 0.981820637152416 0.993429459821481 0.982841411417267 0.988950123655404 0.984522284748351 0.981381479074851 0.996350525287903 0.976395616808713 0.999434404650507 0.979433052147362 0.979138685453923 0.972542184991971
-9999 0.975056880889858 0.980183295569518 0.997663485759188 0.997673388778557 0.996791986410466 0.981334767735811 0.984699055153816 0.985077823130891 0.985602918162547 0.983560580121798 0.987223241912161 0.985784849246834 0.991898332223244 0.98499491708119 0.994548946518102 0.994841555083026 0.981690129186201 0.98395559966872 0.974992109579902 0.986730931386403 0.975685782653622 0.98254577058731 0.988656010186504 0.980110692012754 0.991977869279968 0.991068500957846 0.989113186955172 0.977087586248703 0.976943718773293 0.987981302215514 0.97749504000107 0.994737665332537 0.974434728347763 0.982641182369893 0.989636460797881 0.983467394747717 0.982413154319708 0.992727373705499 0.995067862445457 0.982919633428813 0.983488205945533 0.9991968539899 0.994375444615459 0.984487810941327
