Model input/Uganda/survival/sedimentation/sedimentation_restime_1jan.asc
NCOLS 67 
NROWS 67 
XLLCORNER 29.500000001 
YLLCORNER -1.499999999 
CELLSIZE 0.0833333332985075 
NODATA_value -9999 
[rows 0 to 19 of 67, columns 0 to 44 of 67]
-9999.000000000000000 -9999 -9999 -9999 -9999 -9999 -9999 -9999 -9999 -9999 -9999 -9999 -9999 -9999 -9999 -9999 -9999 -9999 -9999 -9999 -9999 -9999 -9999 -9999 -9999 -9999 -9999 -9999 -9999 -9999 -9999 0.972655074604306 0.980576554316563 -9999 -9999 -9999 -9999 -9999 -9999 -9999 -9999 -9999 -9999 -9999 -9999
-9999 -9999 -9999 -9999 -9999 -9999 -9999 -9999 -9999 -9999 -9999 -9999 -9999 -9999 -9999 -9999 -9999 -9999 -9999 -9999 -9999 -9999 -9999 -9999 -9999 -9999 -9999 -9999 -9999 0.98089155368532 0.979202814738313 0.97962035335404 0.982584073185272 0.97129724995518 0.971854827618831 0.979618017859751 0.983608560667054 0.975460866018691 0.978007370437449 0.979583811031839 -9999 -9999 -9999 -9999 -9999
-9999 -9999 -9999 -9999 -9999 -9999 -9999 -9999 -9999 -9999 -9999 -9999 -9999 -9999 -9999 -9999 -9999 -9999 -9999 -9999 -9999 -9999 -9999 -9999 -9999 -9999 -9999 -9999 -9999 0.989743447975227 0.97776211588982 0.988907226235653 0.993406298171767 0.995097389264066 0.978853653883536 0.992222633830077 0.994059826392882 0.993232199568494 0.99074429879367 0.988093869688757 0.979288839663163 0.975209923668659 0.980473752374838 -9999 -9999
-9999 -9999 -9999 -9999 -9999 -9999 -9999 -9999 -9999 -9999 -9999 -9999 -9999 -9999 -9999 -9999 -9999 -9999 -9999 -9999 -9999 -9999 -9999 -9999 -9999 0.978875645368617 -9999 -9999 -9999 0.986098494067603 0.976396820005947 0.993919620549036 0.978970552981646 0.970432133643094 0.99286278943973 0.985589993918491 0.981417388844467 0.981620422874075 0.982967963891371 0.983322803270121 0.981973247190852 0.97468303643189 0.987680287329299 -9999 -9999
-9999 -9999 -9999 -9999 -9999 -9999 -9999 -9999 -9999 -9999 -9999 -9999 -9999 -9999 -9999 -9999 -9999 -9999 -9999 -9999 -9999 -9999 0.983154775457868 -9999 -9999 0.977429103939159 -9999 -9999 -9999 0.999443406100518 0.998513463206497 0.998436692546875 0.989594618287774 0.987794175349962 0.983446904779167 0.971413427289746 0.981103917800697 0.980565310133063 0.983128855205822 0.976653621426988 0.98310727299606 0.975584394027466 0.98967731407193 0.97890813935129 -9999
-9999 -9999 -9999 -9999 -9999 -9999 -9999 -9999 -9999 -9999 -9999 -9999 -9999 -9999 -9999 -9999 -9999 -9999 -9999 -9999 -9999 0.980655247631291 0.987497681078034 0.981836107834846 0.986497024469868 0.963692626355065 0.99948691165087 0.999489285981338 0.999281293418541 0.999492913343617 0.970121062302454 0.998432066329029 0.994908723407616 0.994670920223754 0.982828856086404 0.986858154385559 0.98975992912129 0.980876300726594 0.968066057555145 0.977995441850634 0.971023583427003 0.989741747445517 0.990834006391614 0.979162086874959 -9999
-9999 -9999 -9999 -9999 -9999 -9999 -9999 -9999 -9999 -9999 -9999 -9999 -9999 -9999 -9999 -9999 -9999 -9999 -9999 0.983963843664462 0.99339591654475 0.993852366498771 0.994772055760957 0.995032175580316 0.984866640671059 0.969255744573527 0.999489286928678 0.999486864671574 0.999490508271355 0.99949291424295 0.995251420166693 0.972175764087046 0.997702647423676 0.977052094248565 0.992247009487479 0.992165808370416 0.991719712237679 0.989115436654559 0.979121828758933 0.984831305300697 0.987520385198788 0.991388451003357 0.993712845758814 0.966614939191156 -9999
-9999 -9999 -9999 -9999 -9999 -9999 -9999 -9999 -9999 -9999 -9999 -9999 -9999 -9999 -9999 -9999 -9999 0.98827951068319 0.99023776785763 0.988916771080187 0.982995140051064 0.980366481432702 0.97389347285374 0.995065374861385 0.939425924052911 0.99004969780938 0.999275865522257 0.972089207739475 0.987060822956358 0.988523431449833 0.995327829631086 0.99359248166416 0.998376840883445 0.974720983000886 0.972312346297109 0.980479308858888 0.986063321844659 0.981173228027508 0.979750614703943 0.980159444181283 0.986032857566402 0.980125154679923 0.991766213170632 0.977573107883432 0.967365033125576
-9999 -9999 -9999 -9999 -9999 -9999 -9999 -9999 -9999 -9999 -9999 -9999 -9999 -9999 -9999 -9999 -9999 0.988388496372873 0.97843768085023 0.983780815667575 0.983594065815418 0.984463243683542 0.988431253814379 0.995500447922875 0.995519552707076 0.99927463153505 0.979018895323722 0.978541461768755 0.984226526126513 0.986890460567842 0.995262859596437 0.995410146818195 0.98026589169027 0.997694991539435 0.978391433183194 0.981314524629354 0.974098323585734 0.981500842910712 0.979148579677428 0.980271555276414 0.980863881528603 0.996957293041783 0.979641026725421 0.986231621488179 0.977865843096442
-9999 -9999 -9999 -9999 -9999 -9999 -9999 -9999 -9999 -9999 -9999 -9999 -9999 -9999 -9999 -9999 -9999 0.990716620096082 0.991779443410614 0.993480733367463 0.987067466870401 0.985319291211361 0.984872006795962 0.934849096265175 0.999270474495034 0.981568953093225 0.983460343328865 0.97520603589293 0.97814252927119 0.992077087147319 0.994947587964387 0.980328444083795 0.993280150447218 0.998371698831141 0.998356891798303 0.97663555897569 0.973962777132966 0.987233595994777 0.98404551344901 0.986766768329739 0.995842157759812 0.996963147509329 0.994786322119636 0.98866296057113 0.98016212812218
-9999 -9999 -9999 -9999 -9999 -9999 -9999 -9999 -9999 -9999 -9999 -9999 -9999 -9999 -9999 -9999 0.985510133113851 0.989367671114095 0.994216474799068 0.995563764793218 0.995888884383676 0.995913009498291 0.994615802451267 0.989424355174097 0.999484632971017 0.99191258181666 0.981078992874381 0.973168683548252 0.981038526699524 0.989983693222573 0.993365109770855 0.973437407901112 0.995070617541578 0.98543725175818 0.977935179318019 0.997677272445945 0.991364132932686 0.981850344269887 0.996108831800286 0.997216715447052 0.985821078739423 0.980303754657583 0.979796887004365 0.994450507280641 0.995777409143269
-9999 -9999 -9999 -9999 -9999 -9999 -9999 -9999 -9999 -9999 -9999 -9999 -9999 -9999 -9999 -9999 0.985343543629922 0.990148616235919 0.983558449826988 0.980972713360481 0.98326854869753 0.971138192270033 0.927982991175897 0.999267421836927 0.98009616964687 0.991279981202784 0.990313063490262 0.981796981618997 0.982280251551535 0.988755567775477 0.99261679459578 0.990202099769407 0.994731949002795 0.98532881658856 0.984532960480045 0.997951980132306 0.996360351146528 0.997409981257868 0.993222387514058 0.981806371055393 0.986344929603566 0.989131375098674 0.979110538744766 0.989706451334576 0.979243446192066
-9999 -9999 -9999 -9999 -9999 -9999 -9999 -9999 -9999 -9999 -9999 -9999 -9999 -9999 -9999 0.984313877278636 0.9875617551985 0.985999582131281 0.988714347718593 0.98938246473529 0.974483347294524 0.969496941614141 0.999479757299316 0.999479758129201 0.983482443306698 0.9753440539046 0.982393328614042 0.975478356512684 0.982860695565776 0.987328509650265 0.987024100173716 0.986794722566695 0.994101607080273 0.973734726582009 0.983258118876935 0.990814156786722 0.997032048333158 0.981232337650923 0.986190956049664 0.9885047026186 0.973841091758554 0.985449987746867 0.979650738803666 0.987276747591363 0.969126221975307
-9999 -9999 -9999 -9999 -9999 -9999 -9999 -9999 -9999 -9999 -9999 -9999 -9999 -9999 -9999 -9999 0.986715588535532 0.987106213856609 0.984556656014993 0.983660768846839 0.989714824600199 0.953952706404369 0.999262366537733 0.999479758915407 0.982015450711651 0.97598004616553 0.982723956328099 0.983403033058841 0.980392015939391 0.982250665260294 0.983105334417108 0.988393846725737 0.993920487086097 0.990393346135573 0.976532147247192 0.984096416796252 0.997900665635045 0.979404231452133 0.982071294393886 0.991215779351973 0.985318970093922 0.98064210312104 0.980203390839391 0.985067936778672 0.97902057960623
-9999 -9999 -9999 -9999 -9999 -9999 -9999 -9999 -9999 -9999 -9999 -9999 -9999 -9999 -9999 -9999 -9999 0.986844266423652 0.989739127362855 0.991205956818101 0.991606683676237 0.994428633864044 0.999479007924636 0.9850302753875 0.987197489960262 0.989680675653427 0.976008769813097 0.986248341342783 0.982248951222433 0.983712970051708 0.977459892098393 0.984505950924155 0.992043001631036 0.988681352887884 0.984724669960858 0.984388000224167 0.992116876611999 0.99693285633354 0.979617869602964 0.979159226820095 0.995182357667197 0.982577397595147 0.98374667944252 0.984613229759451 0.994544051603951
-9999 -9999 -9999 -9999 -9999 -9999 -9999 -9999 -9999 -9999 -9999 -9999 -9999 -9999 -9999 -9999 0.988456502567894 0.987032493978112 0.98263407630731 0.987153350063835 0.988774117967741 0.984868577870786 0.999476861568244 0.984518100605819 0.991609043752371 0.99393584846678 0.991937325047468 0.982889557808476 0.981644722991849 0.98974695923627 0.985560874303343 0.983346731758732 0.984705019110004 0.985691153270387 0.986756047058404 0.988647449409107 0.990235566401778 0.9898536527121 0.996865630416245 0.996682489272305 0.987808681687137 0.995143507096257 0.996358767585075 0.996266928159565 0.984357258014982
-9999 -9999 -9999 -9999 -9999 -9999 -9999 -9999 -9999 -9999 -9999 -9999 -9999 -9999 -9999 -9999 0.988173890209473 0.994111619019303 0.992962858705405 0.981578450624536 0.99636457345789 0.996629845137003 0.996630955619567 0.999256809482774 0.981623190376813 0.973930575685277 0.974539145229206 0.975138761645609 0.993494324617566 0.992837004128188 0.982825909924153 0.976181456921357 0.981332245929179 0.985135383276543 0.984252916491233 0.984784655962621 0.977496700865879 0.98264129305639 0.991341870334064 0.995886617461088 0.976572913177356 0.978264032965275 0.978862526980041 0.969042544500539 0.978181697787311
-9999 -9999 -9999 -9999 -9999 -9999 -9999 -9999 -9999 -9999 -9999 -9999 -9999 -9999 -9999 0.982424758008741 0.990014304406473 0.985199162635271 0.994834769833807 0.994787907636434 0.98908780737845 0.977253877804938 0.969555975234714 0.999470253531214 0.993109549868315 0.994785201420297 0.994513520609287 0.994162205827201 0.993954366104272 0.981418023263011 0.987778511912606 0.97781786284912 0.983320675784303 0.98957173027243 0.983345737469779 0.983246389031695 0.98290506336915 0.989036755742232 0.990363609136061 0.997078479214828 0.997040620914875 0.980457079870872 0.971346201550055 0.979280094948383 0.983542230101243
-9999 -9999 -9999 -9999 -9999 -9999 -9999 -9999 -9999 -9999 -9999 -9999 -9999 -9999 -9999 0.98534325635992 0.991832296434736 0.978958997221218 0.994231776920291 0.985800861436619 0.992093465477724 0.975230195335648 0.986188376781491 0.99946964154585 0.981877599512651 0.971834764737202 0.980896351692178 0.980013065538594 0.979754940109603 0.981301623115539 0.987222047627361 0.983860568563223 0.984326004646414 0.988418850301258 0.994079786873472 0.982618655806873 0.983422069935322 0.982335559513289 0.974446405260154 0.986781331062142 0.991809847697398 0.995550066184815 0.979449956151092 0.985513102245079 0.9867615943531
-9999 -9999 -9999 -9999 -9999 -9999 -9999 -9999 -9999 -9999 -9999 -9999 -9999 -9999 -9999 0.984343038507262 0.992343883546386 0.991626272761438 0.974999205412942 0.98568545057905 0.975428885198665 0.963338217466882 0.981785265629365 0.979602429198187 0.999244198367397 0.971152506559913 0.986417324496559 0.980322060140234 0.97046141727092 0.994090259218662 0.991739165259165 0.990202125012516 0.985883600989416 0.990317047143749 0.99287579824262 0.988263136274627 0.983644121451275 0.980527085761056 0.981289226570535 0.981499648138272 0.988066761983034 0.984643602507963 0.995440816389224 0.996399129366977 0.98705196765917
