Model input/Uganda/survival/sedimentation/sedimentation_restime_1feb.asc
NCOLS 67 
NROWS 67 
XLLCORNER 29.500000001 
YLLCORNER -1.499999999 
CELLSIZE 0.0833333332985075 
NODATA_value -9999 
[rows 20 to 39 of 67, columns 0 to 44 of 67]
-9999 -9999 -9999 -9999 -9999 -9999 -9999 -9999 -9999 -9999 -9999 -9999 -9999 -9999 -9999 0.985242837702144 0.977553653598982 0.984991355948429 0.982274074846675 0.979547166049085 0.974213391250051 0.981666415261625 0.988477750391109 0.981324987515219 0.991652143520805 0.990867090251894 0.970282084998981 0.978679943373737 0.999208339032129 0.994389939431406 0.980970664317324 0.973908675711013 0.985676193774374 0.979666152347553 0.996038737681193 0.995936422012379 0.991321001523126 0.985969475034843 0.981746980209322 0.984747774370029 0.98561350987456 0.979322101263865 0.987657879812815 0.988545591455975 0.994596279246587
-9999 -9999 -9999 -9999 -9999 -9999 -9999 -9999 -9999 -9999 -9999 -9999 -9999 -9999 -9999 0.982907154495024 0.97696885663957 0.976406492449374 0.980175653077171 0.982285320359781 0.980043075598584 0.978509421059084 0.982209693858461 0.974907036004836 0.999209880892954 0.999439492359273 0.999439331125525 0.99943865150819 0.981756692440391 0.999206264509924 0.999436976302823 0.983004319034493 0.988947946839669 0.978609335922621 0.994678441549464 0.980706683717168 0.986004472640345 0.992450939989204 0.993614838565965 0.992745699379778 0.990920543036761 0.981897001398779 0.981102101777047 0.984236034205515 0.983898749831788
-9999 -9999 -9999 -9999 -9999 -9999 -9999 -9999 -9999 -9999 -9999 -9999 -9999 -9999 -9999 -9999 0.982965992412996 0.981992657056483 0.985136162941352 0.970026995886172 0.999208027699014 0.999208005472234 0.999438258872199 0.999439702206434 0.980689770834007 0.979892514368786 0.978289477113635 0.987200986693852 0.990030145680147 0.988629672397926 0.986723078473099 0.999205524623931 0.99943635227651 0.999435761800206 0.984361040143411 0.9858609881367 0.995296668884328 0.986233029277655 0.985236602883563 0.985625681789708 0.984010792293378 0.97394120800021 0.980259163940245 0.979783254716975 0.976335699360403
-9999 -9999 -9999 -9999 -9999 -9999 -9999 -9999 -9999 -9999 -9999 -9999 -9999 -9999 -9999 -9999 -9999 0.976988549739379 0.999441582500881 0.999441583100499 0.999438227646064 0.999441583100499 0.999438227646064 0.985744496689917 0.984273008856765 0.983176068303766 0.983241369435065 0.985214939521349 0.981849281230848 0.98494340201429 0.983257905275642 0.983237911979881 0.98721285664767 0.999435300042378 0.984121427973572 0.985046761808628 0.994033707835076 0.988998309892573 0.985216782816046 0.985242492197622 0.981161483851463 0.97290676873656 0.987583478277879 0.990800987654599 0.983852333307414
-9999 -9999 -9999 -9999 -9999 -9999 -9999 -9999 -9999 -9999 -9999 -9999 -9999 -9999 -9999 0.980986590786629 0.978781462172523 0.999441583100499 0.999207984167728 0.999207984167728 0.999438197526912 0.999441583700116 0.999438197526912 0.999441583100499 0.992766419694257 0.994186773058856 0.993861644615872 0.987092422253202 0.980259482585899 0.978769099881321 0.975948407179073 0.976275103411092 0.983387360086114 0.991802850330319 0.999198536005785 0.995816949151212 0.9844498844771 0.977001541756244 0.97839446123235 0.988225682254674 0.988145996217344 0.980576757257515 0.993782579982502 0.991496072445153 0.973845659343763
-9999 -9999 -9999 -9999 -9999 -9999 -9999 -9999 -9999 -9999 -9999 -9999 -9999 -9999 -9999 0.984531464478053 0.999207963693267 0.999438168560868 0.999438168560868 0.999438168560868 0.999207943956626 0.999441584299734 0.999438168560868 0.999207943956626 0.983272234616647 0.977848660470661 0.974594238127826 0.987948059876344 0.976316174366547 0.987325253747832 0.982862952339148 0.983065266081078 0.983217577041566 0.999193042041146 0.994829256751855 0.99433971642618 0.994070324113902 0.993472777954918 0.99252110544616 0.986058326793926 0.986167677520726 0.981025672421461 0.992324135599522 0.9878988055447 0.973478260833425
-9999 -9999 -9999 -9999 -9999 -9999 -9999 -9999 -9999 -9999 -9999 -9999 -9999 -9999 -9999 0.999207943956626 0.999438140840181 0.999438140840181 0.999438140840181 0.999207925142258 0.999441584853227 0.999438140840181 0.999207925142258 0.982680545688773 0.989753077269032 0.982057685845728 0.982873749529936 0.990707207551057 0.981901972561598 0.98780053177021 0.986948858542761 0.982121921169708 0.976176228096837 0.99942525402928 0.999190123372006 0.983426261976788 0.98428422578613 0.98284884072846 0.983017043665398 0.989305377406726 0.988250494469486 0.993353788751102 0.981103797344115 0.990373939613765 0.987629002318158
-9999 -9999 -9999 -9999 -9999 -9999 -9999 -9999 -9999 -9999 -9999 -9999 -9999 -9999 -9999 0.999438114272601 0.999438114272601 0.999438114272601 0.999207906973481 0.999441585360596 0.999438114272601 0.999207906973481 0.999438114272601 0.976128217476619 0.991159486244395 0.977809712549443 0.976137479949501 0.98249872056649 0.975541189085333 0.974778746333363 0.990089513898626 0.999425085536302 0.999425085536302 0.999428637117516 0.982298057954603 0.975582751498286 0.984195600836255 0.989993014879849 0.991856875317977 0.994942996472151 0.996219944832872 0.993725963976362 0.981714062914598 0.987679133161917 0.999398460574468
-9999 -9999 -9999 -9999 -9999 -9999 -9999 -9999 -9999 -9999 -9999 -9999 -9999 -9999 0.999438088904252 0.999207906973481 0.999438088904252 0.999207889819205 0.999438088904252 0.999207889819205 0.999207889819205 0.99944158582184 0.988151750754894 0.989799355233467 0.990648805473358 0.98947060113358 0.97558695083728 0.99069417891181 0.982447096555711 0.972853241589033 0.986066178032957 0.999189524935739 0.999189542489021 0.999425059575733 0.995649613325263 0.985369195352407 0.981175546116092 0.981559917448502 0.995345081151773 0.982785324683901 0.98439810501846 0.993082100740835 0.992407995691325 0.981471218421252 0.999146744401424
-9999 -9999 -9999 -9999 -9999 -9999 -9999 -9999 -9999 -9999 -9999 0.99944158582184 0.999207889819205 0.999207873402747 0.999207889819205 0.999438064689011 0.999207873402747 0.999441586329209 0.999207873402747 0.999441586329209 0.999207873402747 0.9772473083832 0.984047696635727 0.982937050600738 0.977600007643339 0.987679481718201 0.983564439990286 0.991540353025324 0.981642183502842 0.976774756897808 0.981512638097666 0.999428638056419 0.999425034788788 0.999189508133401 0.99939466863584 0.995527824538045 0.996771462606274 0.996750231555502 0.999398461648978 0.999146725846381 0.999146725846381 0.999398461648978 0.999398461648978 0.999398461648978 0.999146725846381
-9999 -9999 -9999 -9999 -9999 -9999 -9999 -9999 -9999 -9999 0.987186583936375 0.999438041626877 0.999441586329209 0.999438041626877 0.999438041626877 0.999207857816335 0.999441586790453 0.999438041626877 0.999207857816335 0.999207857816335 0.980292269983369 0.981015694949441 0.982439521002152 0.982254179241671 0.984012286007517 0.982997676849684 0.988469702050815 0.993326903597595 0.986448897331061 0.968597146722047 0.997472083553818 0.989120841427025 0.982914518302755 0.990184502831125 0.999398462674646 0.999146691373064 0.999394643775681 0.999394643775681 0.999398462137391 0.999146708170261 0.999394643775681 0.999146708170261 0.999146708170261 0.999394643775681 0.999398462674646
-9999 -9999 -9999 -9999 -9999 -9999 -9999 -9999 -9999 -9999 0.999438019763975 0.999207842967742 0.999438019763975 0.999438019763975 0.999207842967742 0.999441587205573 0.999441587205573 0.999207842967742 0.979708298332832 0.99274439740635 0.974428441375232 0.974351985763278 0.977812444937241 0.984001989862053 0.992133991786741 0.988492723137041 0.993970291922053 0.993596463755777 0.997998893330865 0.997465496350107 0.996355498923597 0.98393451461782 0.977359951884878 0.983537217154134 0.984999373636524 0.981371603886167 0.999398463114218 0.99914667545479 0.999394620283074 0.999394620283074 0.999394620283074 0.999394620283074 0.999394620283074 0.999394620283074 0.999394620283074
-9999 -9999 -9999 -9999 -9999 -9999 -9999 -9999 -9999 0.986061259851379 0.999437999146428 0.999437999146428 0.999437999146428 0.999207829041422 0.999441587620693 0.999437999146428 0.999207829041422 0.989706095060934 0.975332189070807 0.992293792777938 0.990444883413745 0.987522796765856 0.981747979906235 0.975771859997688 0.996871258035369 0.995751333006936 0.994230286642304 0.997155000005122 0.972946324811315 0.979856298719375 0.982012085508504 0.994673176110225 0.984619405115794 0.984950122688996 0.984420492012596 0.984078162419313 0.999394598060339 0.999398463553791 0.99914666041544 0.978921770443631 0.99914666041544 0.999394598060339 0.999398463553791 0.99914666041544 0.999394598060339
-9999 -9999 -9999 -9999 -9999 -9999 -9999 -9999 -9999 0.985585891466201 0.999437979681989 0.999437979681989 0.999207815945147 0.999441587943564 0.999437979681989 0.999207815945147 0.983739326894057 0.987123927506762 0.970278380728173 0.979304433332405 0.971310640660641 0.976295102922562 0.996435251581667 0.995289853502279 0.989782175212444 0.980814198706577 0.996200912864768 0.980015343667074 0.996014286094149 0.9935384635825 0.984445606841446 0.981406187799979 0.994619539408102 0.988617337048778 0.97870279931578 0.976887379756434 0.990970485348226 0.983785016106768 0.980919774846017 0.995609865249827 0.999398463944522 0.999394577058634 0.110752989707343 0.999398463944522 0.999398463944522
-9999 -9999 -9999 -9999 -9999 -9999 0.988117603052652 0.990504402765279 0.986566509175433 0.972723610428383 0.997955370785952 0.999207803586691 0.999441588312559 0.999207803586691 0.999207803586691 0.983954283110935 0.977599499041857 0.974103070454584 0.98220757372945 0.979606438003415 0.992807784757281 0.994680699199464 0.985321826823138 0.981896311531355 0.973242098454176 0.98226203330628 0.988257229146403 0.97703337370498 0.996899019353778 0.9774775839153 0.989933741557217 0.983587070420877 0.989855557250593 0.99376280168074 0.98313285187302 0.984073334068995 0.987959363685218 0.987986143406555 0.977787338688767 0.996903741014137 0.985881381220937 0.999146920234266 0.994072111727986 0.985328559205262 0.999398464335253
-9999 -9999 -9999 -9999 -9999 -9999 0.987219079690666 0.988563423072234 0.981347614774429 0.997106410812161 0.978904057463976 0.999207792150508 0.999207792150508 0.999441588681555 0.99943794421243 0.995537757245074 0.995214509300528 0.994961697746572 0.994342938449854 0.993931128839599 0.991326136672757 0.975191215361829 0.993927559097553 0.995312688929458 0.980685120193822 0.98092700491116 0.984018044953969 0.986783085235008 0.996740109139852 0.968599581770523 0.991991942835953 0.983602325115997 0.987615069459653 0.982957476880428 0.993263787061383 0.983746348010084 0.983852149311707 0.990484794997061 0.985470513757747 0.996807622906651 0.986511255039348 0.999396425804251 0.985020436796 0.990687564538309 0.984352553227244
-9999 -9999 -9999 -9999 -9999 0.98291206544229 0.979939653487051 0.991576050214904 0.997083598262803 0.960784247374882 0.954671280176433 0.999437928253435 0.999441588958301 0.999441588958301 0.982791820405261 0.985802897843234 0.9789928686611 0.986493891859323 0.979363384879813 0.993702782610597 0.979916283977182 0.985797692904372 0.988624984180357 0.995076983364848 0.984735176912847 0.97363746713104 0.971986201219952 0.987718146375545 0.99008081726244 0.995186265261254 0.984639300555632 0.984851965878218 0.983357671132262 0.983369433421383 0.993752428638641 0.98943723706594 0.983642611083096 0.98510350743749 0.989206047672353 0.99671964728549 0.986423831491495 0.999396278339324 0.985707073077661 0.992286417100542 0.984128849222414
-9999 -9999 0.974434644303791 0.980114840514946 0.981284249084154 0.977157087599256 0.976072675671743 0.988309646012626 0.997844912082695 0.965104068582177 0.99023025656261 0.99047793105052 0.996794884334529 0.97418812617112 0.975101413066036 0.987037139728105 0.982015418171426 0.981048583856801 0.978074037888292 0.993522329347074 0.975430421928459 0.98808392077224 0.982234250270915 0.990645181614883 0.992431671235716 0.986920575215701 0.982561619780847 0.981588507355109 0.989444867674823 0.996579947523027 0.996363374528539 0.980140126586883 0.976955036180126 0.977488029062993 0.99318315850235 0.980749154479571 0.98602992112498 0.984756770116192 0.981221312509632 0.996428904574341 0.980927451855013 0.999395808577812 0.985225207793894 0.985080820605646 0.982722266188901
-9999 0.976754496838931 0.986718030677684 0.982507101233827 0.968763312447768 0.981075642210077 0.997787496476274 0.996901218368864 0.970374779043223 0.949650047076751 0.990073346651513 0.975993724641725 0.992600347292621 0.995007389860898 0.996136635602691 0.983408140454091 0.98056004115841 0.980026865485497 0.984110741140357 0.991992241143621 0.985943298155745 0.981665254808825 0.974611575482597 0.989273600546548 0.9793026044094 0.989116109088713 0.978695474453321 0.976525545602276 0.984949321003168 0.977311074349438 0.986503790443658 0.994832234406205 0.990074941910499 0.981016869690504 0.992906469201821 0.98218866002981 0.988815647004056 0.984120955677537 0.980688141260292 0.996242392095688 0.976041016692107 0.999395222812492 0.978323769365149 0.977721948999832 0.969518224881178
-9999 0.975371625132732 0.980466933053058 0.997711811960575 0.997721564809797 0.996855766925601 0.980407189504396 0.983816781817837 0.984748470459197 0.985234149728789 0.983258963904512 0.987097698967356 0.986041987716335 0.991885075567806 0.984897254341357 0.994245940053648 0.994520580172391 0.980129877384413 0.982717236350811 0.974363789385283 0.985919936945967 0.974342986336927 0.981852310650378 0.988094826644493 0.979400874404721 0.991619941365998 0.990623317445261 0.988766173834803 0.977192189980684 0.976274254590414 0.987547380606307 0.976503150722227 0.994419448693295 0.973875622479947 0.981950277749325 0.988718859048278 0.983358442280727 0.98233521935954 0.992536553960617 0.994903226956943 0.982396123656998 0.983354959790091 0.999141577291559 0.994191827998741 0.983727114322005
