Model input/Uganda/survival/sedimentation/sedimentation_restime_1apr.asc
NCOLS 67 
NROWS 67 
XLLCORNER 29.500000001 
YLLCORNER -1.499999999 
CELLSIZE 0.0833333332985075 
NODATA_value -9999 
[rows 0 to 19 of 67, columns 0 to 44 of 67]
-9999.000000000000000 -9999 -9999 -9999 -9999 -9999 -9999 -9999 -9999 -9999 -9999 -9999 -9999 -9999 -9999 -9999 -9999 -9999 -9999 -9999 -9999 -9999 -9999 -9999 -9999 -9999 -9999 -9999 -9999 -9999 -9999 0.972719132308166 0.980529799200521 -9999 -9999 -9999 -9999 -9999 -9999 -9999 -9999 -9999 -9999 -9999 -9999
-9999 -9999 -9999 -9999 -9999 -9999 -9999 -9999 -9999 -9999 -9999 -9999 -9999 -9999 -9999 -9999 -9999 -9999 -9999 -9999 -9999 -9999 -9999 -9999 -9999 -9999 -9999 -9999 -9999 0.981057167440523 0.979076291623333 0.979378805310996 0.982294502228776 0.970099712632228 0.971030527047951 0.978357861104366 0.982644925851238 0.973914553833258 0.977919129167123 0.979703195443717 -9999 -9999 -9999 -9999 -9999
-9999 -9999 -9999 -9999 -9999 -9999 -9999 -9999 -9999 -9999 -9999 -9999 -9999 -9999 -9999 -9999 -9999 -9999 -9999 -9999 -9999 -9999 -9999 -9999 -9999 -9999 -9999 -9999 -9999 0.989801097109793 0.977626438098423 0.988608202545181 0.993057191522109 0.994843506515848 0.977393402750253 0.991855543313218 0.993792540510886 0.992973999719929 0.990423232874193 0.987710420315464 0.978418838880581 0.975101529554396 0.982142277356797 -9999 -9999
-9999 -9999 -9999 -9999 -9999 -9999 -9999 -9999 -9999 -9999 -9999 -9999 -9999 -9999 -9999 -9999 -9999 -9999 -9999 -9999 -9999 -9999 -9999 -9999 -9999 0.979750650642969 -9999 -9999 -9999 0.986307701596713 0.975914429345831 0.993608957734125 0.977643661462822 0.968772242835637 0.992505923025698 0.984707074933358 0.980323737907835 0.980673107031977 0.982542164110658 0.983211466990628 0.981805936532898 0.976005052859622 0.988336966347804 -9999 -9999
-9999 -9999 -9999 -9999 -9999 -9999 -9999 -9999 -9999 -9999 -9999 -9999 -9999 -9999 -9999 -9999 -9999 -9999 -9999 -9999 -9999 -9999 0.980261764599556 -9999 -9999 0.978257149768372 -9999 -9999 -9999 0.999398423723776 0.998531689616657 0.998467164064694 0.989311394877835 0.987482397723635 0.98300325916111 0.970030083362674 0.980965587061478 0.982290407060698 0.984871262915605 0.979206795484406 0.98377043159775 0.977977490527211 0.99029498452852 0.979122230864486 -9999
-9999 -9999 -9999 -9999 -9999 -9999 -9999 -9999 -9999 -9999 -9999 -9999 -9999 -9999 -9999 -9999 -9999 -9999 -9999 -9999 -9999 0.978341361205375 0.986491690557632 0.982179679411726 0.986702265277519 0.965903546028914 0.999440191887294 0.999442782361089 0.99921725559064 0.999447726001753 0.971668650024636 0.998465876610268 0.995458414236064 0.995273047147047 0.983091530373034 0.988050176091103 0.990668454365813 0.984268090598874 0.971718453791749 0.979735827876929 0.97233901773861 0.990265258544563 0.99136154834838 0.979494235507609 -9999
-9999 -9999 -9999 -9999 -9999 -9999 -9999 -9999 -9999 -9999 -9999 -9999 -9999 -9999 -9999 -9999 -9999 -9999 -9999 0.980842471722695 0.992449234263854 0.992990051028675 0.994168354285415 0.994549172974934 0.985137112291877 0.969226529343718 0.999442783420175 0.999440140682945 0.99944510666978 0.999447727007871 0.995389782505683 0.973954160383837 0.997737743026044 0.979309630907301 0.993187674074493 0.993338020494297 0.992964591356059 0.990638835141868 0.980577114274262 0.985556581319172 0.987957601644159 0.991754383039879 0.993991567818859 0.967524243193461 -9999
-9999 -9999 -9999 -9999 -9999 -9999 -9999 -9999 -9999 -9999 -9999 -9999 -9999 -9999 -9999 -9999 -9999 0.987357703038999 0.989128205553451 0.98735902026766 0.980996425702348 0.978015081566378 0.97523366356549 0.994573316797451 0.874578596541233 0.989878062625935 0.999210237901543 0.973385425782625 0.988484526934662 0.9897620181987 0.995552824982113 0.993641033821262 0.998403859205503 0.975829349242555 0.975330680467805 0.983242394388184 0.988296940782449 0.984176490304847 0.980072684231268 0.980792250219883 0.986384700947402 0.979805139287075 0.992081079039068 0.978279860538311 0.968440659897596
-9999 -9999 -9999 -9999 -9999 -9999 -9999 -9999 -9999 -9999 -9999 -9999 -9999 -9999 -9999 -9999 -9999 0.987397359090198 0.975495030816117 0.981563299383997 0.981671156346976 0.983100250058041 0.988010728922266 0.99512739703538 0.995181283662893 0.999210204004064 0.980401154123884 0.981461498713964 0.986368828791345 0.988304393897879 0.995493396216964 0.995439662283081 0.982349617442569 0.997736089080024 0.980397685069571 0.983475933277823 0.977728603845501 0.984366955656662 0.979367674547224 0.981136111068795 0.980933821482103 0.997049425411262 0.979604207477975 0.986630833900649 0.978446921955235
-9999 -9999 -9999 -9999 -9999 -9999 -9999 -9999 -9999 -9999 -9999 -9999 -9999 -9999 -9999 -9999 -9999 0.989740366148753 0.990860161768987 0.992687854344067 0.98573236275956 0.984549233321517 0.983893617185395 0.928618680990526 0.999207746743939 0.979221713968076 0.984684800083002 0.977489188392666 0.980277162235419 0.992635458714603 0.995146130531229 0.98255041841616 0.993268521549032 0.998402710239857 0.998388764961095 0.978123846785989 0.977021877351531 0.988308686496969 0.985270282955435 0.987111108083331 0.995951851696967 0.997050998116963 0.994955424617546 0.988846963621365 0.979691867493298
-9999 -9999 -9999 -9999 -9999 -9999 -9999 -9999 -9999 -9999 -9999 -9999 -9999 -9999 -9999 -9999 0.983021468806798 0.987690382950176 0.993409645451344 0.994998939191002 0.995487725341666 0.99552274561311 0.994155940665536 0.988649141000019 0.999441595684652 0.992712590863334 0.983332962103271 0.976454784673974 0.982881801448957 0.990463731027048 0.99338351944859 0.976409912822716 0.995005173523756 0.984962396114927 0.978784324586022 0.997724080026622 0.9921154553628 0.984829153687203 0.996204306581896 0.997288428152053 0.986302131002114 0.981143192402907 0.980556095326463 0.99465522923419 0.995953028285849
-9999 -9999 -9999 -9999 -9999 -9999 -9999 -9999 -9999 -9999 -9999 -9999 -9999 -9999 -9999 -9999 0.983315273382716 0.988783160155068 0.982586865340515 0.980637755900639 0.984870660981538 0.971545780674392 0.934377963380251 0.99920731515171 0.979983235614454 0.992199037007047 0.991310057747934 0.984041377229521 0.984132431367266 0.989075294848562 0.992413189630935 0.990109177559249 0.994625849801576 0.985121471536957 0.984898276954978 0.997979189041031 0.99645996390108 0.997481200603194 0.993474198378025 0.982369230988686 0.986910021539792 0.989620265225862 0.980147671724391 0.989949035484276 0.979941460671877
-9999 -9999 -9999 -9999 -9999 -9999 -9999 -9999 -9999 -9999 -9999 -9999 -9999 -9999 -9999 0.98345340695301 0.98600705615066 0.984925612740765 0.988331283447929 0.98953515926967 0.983574663581185 0.977406676844609 0.99943873093469 0.999438731814485 0.984580024074552 0.977320622996802 0.983876364053875 0.978010368289662 0.984766902749213 0.987748755488048 0.986251743445712 0.986178623668916 0.993915227654756 0.972529579053323 0.98269845540951 0.990743446077511 0.997074824263297 0.981539218525866 0.986428075322794 0.989055613811616 0.974857768228789 0.986122707354171 0.980666226507251 0.987603895461812 0.969766704320169
-9999 -9999 -9999 -9999 -9999 -9999 -9999 -9999 -9999 -9999 -9999 -9999 -9999 -9999 -9999 -9999 0.984898798352479 0.986279511015224 0.984214443905601 0.986034608550199 0.989832065905571 0.903811738410555 0.999204203507521 0.999438732647975 0.983563354671497 0.97810146653697 0.984631065148869 0.985300156658553 0.979889042115619 0.981225483548601 0.982180048137316 0.987699780906592 0.993732344921574 0.989743745946045 0.975805476883555 0.983979278361187 0.997932043576074 0.980892867276675 0.98263335096219 0.991686802507404 0.985923122045319 0.981629165582196 0.980997830378494 0.985521619974077 0.979065054606181
-9999 -9999 -9999 -9999 -9999 -9999 -9999 -9999 -9999 -9999 -9999 -9999 -9999 -9999 -9999 -9999 -9999 0.986039687955227 0.989831056893728 0.991713303734745 0.991954575452743 0.99451870733662 0.999437731891805 0.986315496480467 0.988341807355168 0.990812001131209 0.978590845009409 0.986493775162502 0.982082016966397 0.983129598155524 0.976901004395234 0.983732496454665 0.992039433090686 0.987942102788425 0.983855579776156 0.984276262947246 0.992071357276239 0.996982313502545 0.9821704912647 0.982067776034989 0.995225619602154 0.982155148111717 0.983578706532707 0.984454359114707 0.994621517607253
-9999 -9999 -9999 -9999 -9999 -9999 -9999 -9999 -9999 -9999 -9999 -9999 -9999 -9999 -9999 -9999 0.987685949110221 0.986281000177981 0.983782089772422 0.988510984599299 0.989643827803229 0.985524242574571 0.999436351176991 0.984515155884368 0.992285239045402 0.994422422773881 0.992363803750575 0.98485051808311 0.981301580455813 0.989438927368992 0.985284276477379 0.982918598926949 0.984780414204008 0.985990609769627 0.986881528142523 0.988615549494223 0.990190159081715 0.98984509762572 0.996917436701998 0.996731966222831 0.988784344614862 0.995186069351828 0.996397341302514 0.996307181496812 0.984074787855319
-9999 -9999 -9999 -9999 -9999 -9999 -9999 -9999 -9999 -9999 -9999 -9999 -9999 -9999 -9999 -9999 0.987701158672015 0.993876469526467 0.992740298558072 0.984834936898679 0.996324356702344 0.996633553646776 0.996633520657443 0.999201397274015 0.983383544440955 0.976645286682521 0.977604459576758 0.978060927638116 0.993329889041986 0.992658127643967 0.982774875901657 0.976481323128375 0.981793807121864 0.985770026198892 0.984717548660966 0.984801732599144 0.977413084668959 0.982733032422899 0.99145623082202 0.995965110765025 0.980272152654563 0.979119087721783 0.979532961489135 0.970290850360571 0.978832287147292
-9999 -9999 -9999 -9999 -9999 -9999 -9999 -9999 -9999 -9999 -9999 -9999 -9999 -9999 -9999 0.981798017960337 0.989629344934151 0.98458831978899 0.994684831928918 0.994669026382013 0.989865846863296 0.978793720717583 0.970315668101632 0.999431214394647 0.993311965467911 0.994906779000754 0.994566567104804 0.994103656156121 0.993815506766358 0.981541580833848 0.987949000572408 0.978181289090754 0.983533104134078 0.989788797896796 0.98357549403124 0.983422942288879 0.98307720637167 0.98922464154725 0.990511476501411 0.997136544778854 0.997102692506225 0.979661665766947 0.97143267032888 0.980470272545377 0.984639515327531
-9999 -9999 -9999 -9999 -9999 -9999 -9999 -9999 -9999 -9999 -9999 -9999 -9999 -9999 -9999 0.984757311835779 0.991519262825957 0.978078533816344 0.99403330078782 0.986973463626621 0.992580502974609 0.976769880084897 0.985584013356199 0.999431582932578 0.978433394266327 0.975353895581149 0.983274339673306 0.981879954576452 0.980439070019922 0.981621944506756 0.987409065175162 0.984149765750899 0.98457916505595 0.988595555344712 0.994185568488456 0.983256202718795 0.984020658431007 0.982774614706082 0.974927410877254 0.986983814886699 0.991952519647132 0.995644838325789 0.978352878574639 0.985939591511253 0.987399548569487
-9999 -9999 -9999 -9999 -9999 -9999 -9999 -9999 -9999 -9999 -9999 -9999 -9999 -9999 -9999 0.98369573095469 0.992025510774579 0.991273423364048 0.974997981786064 0.986109982619525 0.97870910300772 0.96545783404211 0.981282017978226 0.975091702642329 0.999191464569702 0.968387136837216 0.987985183357405 0.983004521242968 0.972160818222055 0.994210604485812 0.991960287307492 0.99049101131878 0.986506841132598 0.990569421421409 0.99302866087695 0.988790839207801 0.9843738383211 0.981054276342141 0.981719676175196 0.981753737831919 0.98825250372031 0.984881438095028 0.995562558932847 0.996514848301483 0.986913151131807
