Model input/Uganda/survival/sedimentation/sedimentation_restime_1jun.asc
NCOLS 67 
NROWS 67 
XLLCORNER 29.500000001 
YLLCORNER -1.499999999 
CELLSIZE 0.0833333332985075 
NODATA_value -9999 
[rows 0 to 19 of 67, columns 0 to 44 of 67]
-9999.000000000000000 -9999 -9999 -9999 -9999 -9999 -9999 -9999 -9999 -9999 -9999 -9999 -9999 -9999 -9999 -9999 -9999 -9999 -9999 -9999 -9999 -9999 -9999 -9999 -9999 -9999 -9999 -9999 -9999 -9999 -9999 0.973347223472691 0.980946471483925 -9999 -9999 -9999 -9999 -9999 -9999 -9999 -9999 -9999 -9999 -9999 -9999
-9999 -9999 -9999 -9999 -9999 -9999 -9999 -9999 -9999 -9999 -9999 -9999 -9999 -9999 -9999 -9999 -9999 -9999 -9999 -9999 -9999 -9999 -9999 -9999 -9999 -9999 -9999 -9999 -9999 0.981648857653357 0.979535862725594 0.979818016871426 0.982687560970098 0.97079196616093 0.971716583148995 0.978981797206202 0.983427973794161 0.975698785839789 0.979024820032268 0.980769042643579 -9999 -9999 -9999 -9999 -9999
-9999 -9999 -9999 -9999 -9999 -9999 -9999 -9999 -9999 -9999 -9999 -9999 -9999 -9999 -9999 -9999 -9999 -9999 -9999 -9999 -9999 -9999 -9999 -9999 -9999 -9999 -9999 -9999 -9999 0.990150836030102 0.978197777164086 0.988860269833341 0.993398002302187 0.995111420080241 0.978246124772501 0.992326284096093 0.994181181386786 0.993439354833666 0.99101926808562 0.988406172092086 0.979680700784108 0.976507305348552 0.984873357847775 -9999 -9999
-9999 -9999 -9999 -9999 -9999 -9999 -9999 -9999 -9999 -9999 -9999 -9999 -9999 -9999 -9999 -9999 -9999 -9999 -9999 -9999 -9999 -9999 -9999 -9999 -9999 0.982262837131894 -9999 -9999 -9999 0.98696308302524 0.976718282267445 0.993893470624308 0.978160358532869 0.969549946768778 0.992905494590378 0.985204376487737 0.981023243940773 0.981867721059765 0.983840071707137 0.984663643075639 0.983305294972913 0.979093821456713 0.989841209193971 -9999 -9999
-9999 -9999 -9999 -9999 -9999 -9999 -9999 -9999 -9999 -9999 -9999 -9999 -9999 -9999 -9999 -9999 -9999 -9999 -9999 -9999 -9999 -9999 0.980610379954786 -9999 -9999 0.980871436925863 -9999 -9999 -9999 0.999435749525753 0.99863627949202 0.998578849538958 0.989586927398268 0.9878170155788 0.983486748191855 0.970981206478163 0.982368185724283 0.985283030798529 0.987514618691102 0.983405153159297 0.986119073744299 0.983300189705742 0.991520189328174 0.980215690629176 -9999
-9999 -9999 -9999 -9999 -9999 -9999 -9999 -9999 -9999 -9999 -9999 -9999 -9999 -9999 -9999 -9999 -9999 -9999 -9999 -9999 -9999 0.979861075715287 0.987979335209225 0.985198825203424 0.988272365984139 0.970955893117973 0.999473627409776 0.999476063172715 0.999264950738039 0.999481381470814 0.976779403085164 0.998577241909051 0.99608486598003 0.995914582303575 0.983727972879373 0.989611075955267 0.992003381732964 0.986834494995274 0.977477454777421 0.983637338866027 0.975533525925723 0.991890537128652 0.992448549902106 0.98052674643823 -9999
-9999 -9999 -9999 -9999 -9999 -9999 -9999 -9999 -9999 -9999 -9999 -9999 -9999 -9999 -9999 -9999 -9999 -9999 -9999 0.981919049856694 0.992805216467907 0.993375904607286 0.994626820304561 0.995060373555947 0.987453691209395 0.977105977137797 0.999476064182787 0.999473579233867 0.999478921700526 0.999481382385844 0.995894224180137 0.978454277794902 0.997883121152034 0.982513097593028 0.994135237731851 0.994356801997247 0.994059040269179 0.992221115993888 0.983960926787409 0.987716939815935 0.989498284280359 0.992922143014628 0.994763230916182 0.970225936481499 -9999
-9999 -9999 -9999 -9999 -9999 -9999 -9999 -9999 -9999 -9999 -9999 -9999 -9999 -9999 -9999 -9999 -9999 0.987747171827521 0.989548313374425 0.987887364098841 0.981643983377538 0.97946755095316 0.979573847142871 0.995112186324371 0.947104128649469 0.991566590807576 0.999257295746259 0.975038794971471 0.989773186165781 0.990921619159541 0.996082205484689 0.994256980272247 0.998504415162036 0.980464360408961 0.978909288891459 0.985539058487373 0.989897204602308 0.986362976019465 0.982555772256992 0.982383983992856 0.98781866835438 0.980327654037622 0.99302713092474 0.980096562896173 0.970835932565421
-9999 -9999 -9999 -9999 -9999 -9999 -9999 -9999 -9999 -9999 -9999 -9999 -9999 -9999 -9999 -9999 -9999 0.987726338223544 0.975999514833399 0.981990128764779 0.982032578050461 0.983632371034436 0.989318721595215 0.99566187287998 0.995741991102183 0.999257170384644 0.983236268372119 0.983998817405869 0.988173090888837 0.989975009799454 0.996023100144153 0.995869259587169 0.984859120516148 0.997875157662843 0.983663863373071 0.98588748546531 0.980799414607363 0.986579637428124 0.981759175144604 0.982696856438816 0.981629731783721 0.997239295136543 0.980309745398005 0.987664957689715 0.979951909463568
-9999 -9999 -9999 -9999 -9999 -9999 -9999 -9999 -9999 -9999 -9999 -9999 -9999 -9999 -9999 -9999 -9999 0.989933586471807 0.99102218854266 0.992826736069439 0.986106872753159 0.985483176547658 0.985359018720804 0.974025662547206 0.99925438393449 0.98310945680446 0.987122636153899 0.981690985965389 0.983237519514494 0.99355987513806 0.995691404745858 0.985067224760072 0.993864079528818 0.998498847261142 0.998482237570971 0.982503289767842 0.980291666634781 0.989670500806351 0.986155262865839 0.987756998388583 0.996210654539422 0.99724125314645 0.995149971845255 0.989493015991788 0.979793509858991
-9999 -9999 -9999 -9999 -9999 -9999 -9999 -9999 -9999 -9999 -9999 -9999 -9999 -9999 -9999 -9999 0.982751968120981 0.987538234501772 0.993391390407677 0.995059631912326 0.995624903134009 0.995679393961138 0.994427651041893 0.99045614262414 0.999474443401193 0.993642314031966 0.985527640403452 0.979486202584763 0.98522392256471 0.991561367080859 0.99399964498777 0.979745399884063 0.995409146824062 0.985915720957428 0.982776720346609 0.997852404868745 0.993090566784577 0.986586403365599 0.996445269568958 0.997461339526674 0.987245487583524 0.982622656712464 0.982073276054038 0.994842784731946 0.996073292389566
-9999 -9999 -9999 -9999 -9999 -9999 -9999 -9999 -9999 -9999 -9999 -9999 -9999 -9999 -9999 -9999 0.983340608041381 0.988727224722233 0.98324230577831 0.982230217099791 0.986427264199735 0.97311229453972 0.973657091632554 0.999253537880106 0.985313891258964 0.993195218987098 0.992424001110876 0.986085448536399 0.986184673899021 0.990252262839746 0.992992292324532 0.990961594672079 0.995042546540656 0.986155816399902 0.986487315615291 0.998063399025179 0.996696700979141 0.99764545762142 0.993876169462496 0.983318767189371 0.987918819384219 0.990427523741555 0.981686763767933 0.99060121297881 0.981251980675299
-9999 -9999 -9999 -9999 -9999 -9999 -9999 -9999 -9999 -9999 -9999 -9999 -9999 -9999 -9999 0.983629545877973 0.985995830872755 0.985002767039671 0.988592205321351 0.989849227128838 0.982668795798407 0.979496849950896 0.999471438390832 0.999471439230908 0.985792183774718 0.980048378576405 0.98590948337687 0.980742602212408 0.98651390064545 0.988894416323309 0.987112534426213 0.987057036827805 0.994338729312283 0.975074660452009 0.983685621452162 0.991390941233521 0.997185451021306 0.982487461316436 0.987084917202289 0.989848740483879 0.976395695740679 0.987173047624151 0.982087222285075 0.988417750332651 0.971357780091868
-9999 -9999 -9999 -9999 -9999 -9999 -9999 -9999 -9999 -9999 -9999 -9999 -9999 -9999 -9999 -9999 0.984819694960002 0.986051731130889 0.984589508846975 0.986853418530187 0.990190746084763 0.950326138010662 0.999250572748097 0.99947144002677 0.98535765538438 0.980519018205413 0.9863840558408 0.986975215086418 0.981655212738731 0.982106979584531 0.983149770925515 0.988482213586402 0.994143100952311 0.990450261072731 0.977247085300696 0.984781447194017 0.998005842588632 0.983533417891541 0.983607132750033 0.99231548362781 0.986848250312106 0.982894818126932 0.982329826691474 0.986472340467816 0.979824395608935
-9999 -9999 -9999 -9999 -9999 -9999 -9999 -9999 -9999 -9999 -9999 -9999 -9999 -9999 -9999 -9999 -9999 0.985787339559604 0.990036013113369 0.992127766389471 0.992344473429529 0.9947989447912 0.999470274689677 0.98744517494426 0.989474936626698 0.99179984080311 0.980887305923046 0.987772429124271 0.98350398915072 0.983757329861501 0.978017660749635 0.984694032738129 0.992532601461549 0.988777446749961 0.984884454838771 0.985096309982563 0.992474671500651 0.997081081199659 0.984885377969305 0.984316743176676 0.995344270777793 0.982401089055812 0.983775933875634 0.984618205372163 0.994727885617715
-9999 -9999 -9999 -9999 -9999 -9999 -9999 -9999 -9999 -9999 -9999 -9999 -9999 -9999 -9999 -9999 0.987529581086664 0.986096484106761 0.984493972664992 0.988962928531574 0.989984218298447 0.986105466580888 0.999468923970004 0.984615420509563 0.993064692515315 0.994964989144154 0.993067850166444 0.986192274272746 0.982083222273296 0.989872451547424 0.985933315587694 0.983818041027998 0.985568789391292 0.986843434425432 0.987611670037321 0.989148931529817 0.990671482253699 0.990296339831395 0.99700852574889 0.996833389846562 0.989344391376363 0.995294602594155 0.996477922967355 0.99638419611224 0.984178803665714
-9999 -9999 -9999 -9999 -9999 -9999 -9999 -9999 -9999 -9999 -9999 -9999 -9999 -9999 -9999 -9999 0.987579149832212 0.993803744303759 0.992652762662569 0.984876141892304 0.996280359619278 0.996603239101388 0.996603794617757 0.999247442281456 0.983702595381261 0.977693312985746 0.978903807899853 0.979636037626036 0.993600991182236 0.992963763395026 0.983405572971059 0.977581777719482 0.982409856425327 0.986409471577643 0.985494295005265 0.985472197213809 0.978425628771865 0.983514526270402 0.991765286898934 0.996066301332334 0.982890418919216 0.980393650595926 0.980488243672881 0.971587544545708 0.97958691220197
-9999 -9999 -9999 -9999 -9999 -9999 -9999 -9999 -9999 -9999 -9999 -9999 -9999 -9999 -9999 0.981607311621175 0.989507372176958 0.984371115211731 0.9946311989489 0.994607083778106 0.989889682979924 0.97931584627678 0.971261537076842 0.999464324310322 0.993589386861158 0.995127431430672 0.994799754392287 0.994335475197695 0.994048891234524 0.98202878974478 0.988420997658995 0.978916105398906 0.984300526879575 0.99025763734737 0.984526691497156 0.984173577337328 0.983852571379269 0.98957752336767 0.990835538058145 0.997200541800465 0.997163860295178 0.979806197206095 0.971861237255094 0.980691604488409 0.984617511452155
-9999 -9999 -9999 -9999 -9999 -9999 -9999 -9999 -9999 -9999 -9999 -9999 -9999 -9999 -9999 0.984587296536127 0.991420470947693 0.977770232115216 0.993964203568297 0.987071320532323 0.99259789627945 0.97728734133346 0.985952722469535 0.999464560617044 0.980004476197838 0.975672892988916 0.983670652266728 0.98242881897954 0.980947042745014 0.982026723804704 0.987862468228663 0.984599930911155 0.9850656805045 0.989010474358302 0.994472306479142 0.984223639081788 0.984695472982362 0.983302133096376 0.975609706906408 0.987269290882932 0.992090078422033 0.995720571127315 0.978582411793428 0.98609625461107 0.987440736649423
-9999 -9999 -9999 -9999 -9999 -9999 -9999 -9999 -9999 -9999 -9999 -9999 -9999 -9999 -9999 0.983482349082257 0.991913085103931 0.991148513910457 0.974975253904211 0.986091580989001 0.978172002447748 0.965093036602548 0.980953355261881 0.978268227178959 0.9992382285605 0.969524408175775 0.98827771249162 0.983379253927802 0.972706912824375 0.994383618766829 0.992179577610489 0.990762830139254 0.986867274909665 0.990889638341153 0.993338427934307 0.989206129671153 0.984861683416523 0.981982899063904 0.982377640013005 0.982165341069138 0.988422702405845 0.985004496817549 0.995625594014159 0.9965561609942 0.987029275373829
