Model input/Uganda/survival/sedimentation/sedimentation_restime_1mar.asc
NCOLS 67 
NROWS 67 
XLLCORNER 29.500000001 
YLLCORNER -1.499999999 
CELLSIZE 0.0833333332985075 
NODATA_value -9999 
[rows 20 to 39 of 67, columns 0 to 44 of 67]
-9999 -9999 -9999 -9999 -9999 -9999 -9999 -9999 -9999 -9999 -9999 -9999 -9999 -9999 -9999 0.985027342931688 0.977200832117134 0.984754642100348 0.982092234135945 0.980269159867062 0.97633953413052 0.982574393616925 0.988663999070608 0.97893684940167 0.991807802290265 0.991165384272808 0.972082007019766 0.979589472401323 0.999202589243369 0.994401830990772 0.981049426160495 0.973983203678959 0.98580846833099 0.979827463240878 0.996049472461658 0.995947847688402 0.991350384184118 0.986016052081249 0.981663757755723 0.984701745774119 0.985623252374375 0.979429033602097 0.987631303939541 0.988494116908946 0.994566122897831
-9999 -9999 -9999 -9999 -9999 -9999 -9999 -9999 -9999 -9999 -9999 -9999 -9999 -9999 -9999 0.982682667780527 0.976615363201575 0.976096427683478 0.979994133319006 0.982263249191163 0.980203993837188 0.979075479622697 0.982222512513659 0.974509502466314 0.999203583687041 0.999435211620559 0.999435156498323 0.999434513271365 0.982961950331185 0.999200666210964 0.99943313677012 0.983080467490656 0.989053507054726 0.97890439500189 0.994691860455343 0.980772127780653 0.986026611738978 0.9924235942403 0.993598889406629 0.992744453589762 0.990966779326709 0.981926072022409 0.9810780592583 0.984337372277088 0.983974538785321
-9999 -9999 -9999 -9999 -9999 -9999 -9999 -9999 -9999 -9999 -9999 -9999 -9999 -9999 -9999 -9999 0.982768297226248 0.981791155251012 0.985038668113106 0.969857035382509 0.999184557796087 0.999184534969998 0.999421609850315 0.999435041724835 0.979373780150081 0.978485638041882 0.978161771812223 0.987705893177258 0.990369635918144 0.988895943612333 0.986890997939054 0.999200299117448 0.999432816343185 0.999432407888952 0.984581357400433 0.985910977237837 0.995276576036328 0.986111490515386 0.985232783237855 0.985665172700926 0.984275859613701 0.974051307407578 0.980265747552184 0.979812817220778 0.976501927713442
-9999 -9999 -9999 -9999 -9999 -9999 -9999 -9999 -9999 -9999 -9999 -9999 -9999 -9999 -9999 -9999 -9999 0.976814608249733 0.999425031987346 0.999425032600591 0.999421577678651 0.999425032600591 0.999421577678651 0.984931730624883 0.983113247109972 0.982165000178462 0.982654296519334 0.9857822611359 0.982960899907124 0.985222653279054 0.983511487857593 0.983495102913699 0.987402131480833 0.999432109591738 0.984278740293554 0.985013546839659 0.994013825917269 0.989051933481571 0.985288541528673 0.985152027837169 0.981173162332563 0.972843566222145 0.987584090565638 0.990834348186467 0.983888811400789
-9999 -9999 -9999 -9999 -9999 -9999 -9999 -9999 -9999 -9999 -9999 -9999 -9999 -9999 -9999 0.980738345412803 0.978598076102209 0.999425032600591 0.999184512992814 0.999184512992814 0.9994215466863 0.999425033166663 0.9994215466863 0.999425032600591 0.992847729019357 0.994369981072647 0.994066011791027 0.987657455462438 0.980903260917887 0.978808932431396 0.976341323778248 0.976653132589802 0.983655804968628 0.991905068032542 0.999194322204058 0.995802062082805 0.984545752969305 0.9770321135782 0.978190586445365 0.988196729944295 0.988168709736242 0.980547227945218 0.993789183100604 0.991520704376594 0.973929781511928
-9999 -9999 -9999 -9999 -9999 -9999 -9999 -9999 -9999 -9999 -9999 -9999 -9999 -9999 -9999 0.984365431095162 0.999184491864534 0.999421516873264 0.999421516873264 0.999421516873264 0.999184471585159 0.999425033779908 0.999421516873264 0.999184471585159 0.982809626889903 0.977452926192996 0.975974119836923 0.988350231444967 0.976861104316498 0.987540822360911 0.983158760153223 0.983366612277851 0.983515675150763 0.999189144315068 0.994807562482396 0.994306097244918 0.994035573914704 0.993436770919163 0.992494572725089 0.986168320639658 0.986259779929723 0.981108116684733 0.992343771170325 0.987964386282459 0.973665702549183
-9999 -9999 -9999 -9999 -9999 -9999 -9999 -9999 -9999 -9999 -9999 -9999 -9999 -9999 -9999 0.999184471585159 0.999421488286714 0.999421488286714 0.999421488286714 0.999184452154689 0.99942503434598 0.999421488286714 0.999184452154689 0.982410884775737 0.98996013955124 0.983331657183754 0.983832350380011 0.990965677054833 0.982198746479141 0.987990610208403 0.987187232128273 0.982443190735624 0.976702507154716 0.999423316372672 0.999186552021885 0.983536379104179 0.98442320431427 0.983064263178364 0.983248137858958 0.989812738247655 0.988678671939715 0.993472386795832 0.981910823154881 0.990451092545404 0.987739190699342
-9999 -9999 -9999 -9999 -9999 -9999 -9999 -9999 -9999 -9999 -9999 -9999 -9999 -9999 -9999 0.999421460973823 0.999421460973823 0.999421460973823 0.999184433573122 0.999425034912052 0.999421460973823 0.999184433573122 0.999421460973823 0.975752356783345 0.991304380456795 0.97817195685026 0.976536002180187 0.982813176701149 0.976154876726618 0.975336567479687 0.990252377514743 0.999423234591077 0.999423234591077 0.999426797602053 0.98271157417655 0.976046636131341 0.984372570171277 0.99009497993796 0.992180364566043 0.995096541554104 0.996320385127882 0.993944780078101 0.982998620693723 0.987762822655106 0.999394622116983
-9999 -9999 -9999 -9999 -9999 -9999 -9999 -9999 -9999 -9999 -9999 -9999 -9999 -9999 0.999421434840245 0.999184433573122 0.999421434840245 0.999184415840461 0.999421434840245 0.999184415840461 0.999184415840461 0.999425035383779 0.988195867116717 0.989828916920445 0.990740930400619 0.989580450959397 0.976295141524662 0.990880027690664 0.982913593577297 0.973504418341938 0.98634322243156 0.999186915886862 0.999186933577695 0.999423208519164 0.99583257012278 0.986733318193499 0.982254593494782 0.985075495616943 0.995512354004162 0.984077286825747 0.984593908495463 0.993162949096919 0.992487850659297 0.982022242504619 0.999141300405351
-9999 -9999 -9999 -9999 -9999 -9999 -9999 -9999 -9999 -9999 -9999 0.999425035383779 0.999184415840461 0.999184398956703 0.999184415840461 0.999421409885982 0.999184398956703 0.999425035855506 0.999184398956703 0.999425035855506 0.999184398956703 0.977744247033649 0.984196428498133 0.982793017509073 0.977283229850406 0.987794345942212 0.983608644341926 0.991673800526939 0.98224918964417 0.978119277541985 0.982116023999221 0.999426798543281 0.999423183717904 0.999186899042931 0.999390805980465 0.995718596119172 0.996910168826783 0.996883358208633 0.999394623196764 0.999141281759309 0.999141281759309 0.999394623196764 0.999394623196764 0.999394623196764 0.999141281759309
-9999 -9999 -9999 -9999 -9999 -9999 -9999 -9999 -9999 -9999 0.987247857874075 0.999421386158204 0.999425035855506 0.999421386158204 0.999421386158204 0.999184382827527 0.999425036374406 0.999421386158204 0.999184382827527 0.999184382827527 0.980576437088564 0.981223202720332 0.982168648889831 0.981986474097949 0.983818721594734 0.9827907613859 0.98840919505671 0.993383836449187 0.986821916142831 0.97140119160254 0.997510303723158 0.989374216638594 0.98337730861315 0.990444641825434 0.999394624227465 0.999141247018789 0.999390780998346 0.999390780998346 0.999394623687574 0.999141263996501 0.999390780998346 0.999141263996501 0.999141263996501 0.999390780998346 0.999394624227465
-9999 -9999 -9999 -9999 -9999 -9999 -9999 -9999 -9999 -9999 0.999421363656913 0.999184367641578 0.999421363656913 0.999421363656913 0.999184367641578 0.99942503679896 0.99942503679896 0.999184367641578 0.979349558489361 0.992855446103086 0.975083853575538 0.974904996150427 0.977369013181158 0.983763061149022 0.992030354713212 0.988390863642974 0.994019633024255 0.993660883943736 0.998032810860807 0.997508285936803 0.996460456730582 0.984484803015865 0.978029690334015 0.984055690633057 0.985486713083674 0.98201723274794 0.999394624669193 0.999141231022449 0.999390757341408 0.999390757341408 0.999390757341408 0.999390757341408 0.999390757341408 0.999390757341408 0.999390757341408
-9999 -9999 -9999 -9999 -9999 -9999 -9999 -9999 -9999 0.986191582057035 0.99942134242928 0.99942134242928 0.99942134242928 0.999184353304533 0.999425037223514 0.99942134242928 0.999184353304533 0.989828307210253 0.976024315611229 0.992416464866077 0.99056359712018 0.987581345976721 0.982294384585626 0.976637281267686 0.996930424926335 0.995818339814316 0.99428084608244 0.997207900229266 0.973695777745983 0.981387889301516 0.982949333301594 0.994835039441971 0.985209556838063 0.985480351381829 0.98501095441534 0.984717480246262 0.999390734911491 0.999394625110922 0.999141215909342 0.981254100343022 0.999141215909342 0.999390734911491 0.999394625110922 0.999141215909342 0.999390734911491
-9999 -9999 -9999 -9999 -9999 -9999 -9999 -9999 -9999 0.985694043856607 0.99942132238096 0.99942132238096 0.99918433972207 0.999425037553723 0.99942132238096 0.99918433972207 0.984139991494537 0.987339971549663 0.970893515641807 0.979703248181127 0.972369297397583 0.978301361369342 0.996536260633796 0.995407364073738 0.989957898367152 0.981265277442347 0.996250822142062 0.980816670203644 0.996136320953086 0.993769979916762 0.985098668685032 0.982883820546341 0.994797809966111 0.98902309028282 0.979634306655288 0.977823817491971 0.991318996800376 0.984424141218722 0.981711417207896 0.995650005046359 0.99939462550357 0.999390713855835 0.444747748242463 0.99939462550357 0.99939462550357
-9999 -9999 -9999 -9999 -9999 -9999 0.988044129006709 0.99050553978402 0.986659402766599 0.972538367773252 0.997809269526642 0.999184327082834 0.999425037931105 0.999184327082834 0.999184327082834 0.984307327644485 0.978187477388339 0.974399255270674 0.982294402856507 0.979047397090493 0.993104690506775 0.994847030832778 0.985159038190444 0.981892913231035 0.97344908374524 0.982535928168632 0.98848075600446 0.977746443788037 0.996997046738964 0.978408416994254 0.990354398654854 0.984326634904337 0.990252864236233 0.993970917678526 0.983809509227535 0.98478634304995 0.98846002663726 0.988474686951496 0.978802150568339 0.996932068835466 0.985897773313223 0.999143376480379 0.994254130947011 0.985845315697642 0.999394625896218
-9999 -9999 -9999 -9999 -9999 -9999 0.987149459846748 0.988572832115327 0.981227434045174 0.996905260954549 0.978667610433587 0.999184315292501 0.999184315292501 0.999425038308486 0.999421285869434 0.995863423221383 0.995596399559069 0.995409472522308 0.994955587478983 0.994707147855376 0.991980099088082 0.975019992770373 0.994124959068671 0.995477404608626 0.981043273444714 0.981428212796523 0.984393838733923 0.987247320770666 0.996847857944905 0.970747579462343 0.992363934867483 0.984301003147246 0.988116677953718 0.983835197736696 0.993502315741634 0.984477821902233 0.984536706388731 0.990904903458105 0.986199586974914 0.996831305242496 0.986752339000341 0.999393861764138 0.985552598874991 0.990964518434913 0.984802691098629
-9999 -9999 -9999 -9999 -9999 0.982705078536778 0.979706658807624 0.991529477796415 0.996888305026132 0.961556356120894 0.955594752213341 0.999421269453399 0.999425038591522 0.999425038591522 0.984436049579535 0.988175735847884 0.980762492110445 0.986984310822066 0.980009071457483 0.994609451006137 0.979825065391451 0.987309710685007 0.989324999524253 0.995285571689374 0.984915410779303 0.974601487969123 0.972915373031913 0.988172477930629 0.990508503832968 0.995351480750738 0.98539097924172 0.985456490064431 0.984055090141879 0.984060535242136 0.994064371972517 0.98964957421621 0.984308373713075 0.9858348744477 0.989773052348804 0.996743239600064 0.986693458596321 0.999393807319289 0.986248142211635 0.992531745601818 0.984570833439352
-9999 -9999 0.97413988793787 0.97987470250061 0.98105762331408 0.976917506205711 0.975840182063576 0.988181925841303 0.997691707107793 0.971761977659033 0.990823882730501 0.991012949482026 0.997023492500598 0.976916854283805 0.979783605995986 0.989260491182724 0.985132637298846 0.982767082834549 0.980030114513385 0.994535542834411 0.977789248915343 0.989913612537364 0.985000937217852 0.99174847165035 0.992836947762153 0.987035419625878 0.982816805657408 0.982221578080702 0.989805957157727 0.996705122505295 0.99650938107777 0.981224282006358 0.97809733038469 0.978446180682717 0.993549510726195 0.981139533083863 0.986161889593722 0.985531268318849 0.982378487920597 0.996436022767491 0.981368972106028 0.999393402424533 0.985838216373016 0.985727369644552 0.983205801963652
-9999 0.9765058848478 0.986582056031525 0.982379134921955 0.96837919130669 0.980931526413927 0.997617608078291 0.996668033627683 0.977638404474507 0.958169448492339 0.990606276030328 0.977011694285142 0.992878647488078 0.995404268981957 0.996504387822327 0.985679860588525 0.983772788878008 0.983267872831478 0.986739044461769 0.993335948202046 0.98823386963999 0.98445860802713 0.979073968958719 0.99079020559326 0.981479069505952 0.989391137845683 0.978571295731583 0.976432361862289 0.985215277604931 0.97832293964036 0.986991549119535 0.99504368213595 0.990398661684361 0.981644778431769 0.993317496206737 0.982614176039891 0.988836455557633 0.98458871068219 0.981408152994308 0.996247115795402 0.976170320220847 0.999392875463047 0.979040205961445 0.978867171023635 0.971100498543131
-9999 0.975206950734781 0.980273199372645 0.997512667904108 0.997523668052944 0.996610074701147 0.981499865852579 0.985057165794122 0.986010921634501 0.98598205242044 0.983854148376958 0.987299793164581 0.986507970784278 0.991972517282132 0.985186392295159 0.994832307426565 0.995218145436812 0.983212171548973 0.985733110252888 0.979067018924468 0.988407672084293 0.978867588269198 0.984850938701022 0.989715407159691 0.982121413708259 0.991912530248925 0.991086709032944 0.989023109329617 0.977188816228092 0.976930808782792 0.987800152174726 0.977638575264938 0.994670792708055 0.974244758831981 0.982488901597595 0.989511217964882 0.98336292314997 0.982326549906376 0.992614561706737 0.994883184582729 0.98240647436203 0.983394510961943 0.999138416416477 0.994346559279395 0.984327630129232
