Model input/Uganda/survival/sedimentation/sedimentation_restime_1may.asc
NCOLS 67 
NROWS 67 
XLLCORNER 29.500000001 
YLLCORNER -1.499999999 
CELLSIZE 0.0833333332985075 
NODATA_value -9999 
[rows 0 to 19 of 67, columns 0 to 44 of 67]
-9999.000000000000000 -9999 -9999 -9999 -9999 -9999 -9999 -9999 -9999 -9999 -9999 -9999 -9999 -9999 -9999 -9999 -9999 -9999 -9999 -9999 -9999 -9999 -9999 -9999 -9999 -9999 -9999 -9999 -9999 -9999 -9999 0.972938454903336 0.980650626320091 -9999 -9999 -9999 -9999 -9999 -9999 -9999 -9999 -9999 -9999 -9999 -9999
-9999 -9999 -9999 -9999 -9999 -9999 -9999 -9999 -9999 -9999 -9999 -9999 -9999 -9999 -9999 -9999 -9999 -9999 -9999 -9999 -9999 -9999 -9999 -9999 -9999 -9999 -9999 -9999 -9999 0.981279447680007 0.9792416871642 0.979497737232447 0.982407834051233 0.970228530401181 0.971145067516475 0.978397062847575 0.982836480340218 0.974488674743503 0.978369358566646 0.98023986442274 -9999 -9999 -9999 -9999 -9999
-9999 -9999 -9999 -9999 -9999 -9999 -9999 -9999 -9999 -9999 -9999 -9999 -9999 -9999 -9999 -9999 -9999 -9999 -9999 -9999 -9999 -9999 -9999 -9999 -9999 -9999 -9999 -9999 -9999 0.989939657540996 0.977837102304708 0.988680110637843 0.993177855509156 0.994939508132013 0.97758504548617 0.992031690389788 0.993942497816611 0.993164091920976 0.990662623057992 0.987950251604958 0.978772840492434 0.975464929590226 0.983014264615693 -9999 -9999
-9999 -9999 -9999 -9999 -9999 -9999 -9999 -9999 -9999 -9999 -9999 -9999 -9999 -9999 -9999 -9999 -9999 -9999 -9999 -9999 -9999 -9999 -9999 -9999 -9999 0.980760779694204 -9999 -9999 -9999 0.986584726454157 0.97618207246856 0.993708273369605 0.977750779684363 0.968922072124191 0.992650934946375 0.984815793260602 0.980487706006832 0.98118319941917 0.983050610946308 0.983710082189712 0.982221435768575 0.976920749088616 0.988789188752925 -9999 -9999
-9999 -9999 -9999 -9999 -9999 -9999 -9999 -9999 -9999 -9999 -9999 -9999 -9999 -9999 -9999 -9999 -9999 -9999 -9999 -9999 -9999 -9999 0.980176732566431 -9999 -9999 0.979366582778057 -9999 -9999 -9999 0.999417596693166 0.998600523147887 0.998542609498746 0.989422438985866 0.987612680808215 0.983181380666601 0.970266419264533 0.981511204032759 0.983726509593881 0.986022864181105 0.980933862486067 0.984538890770598 0.97995441911831 0.990676662582119 0.979411580160705 -9999
-9999 -9999 -9999 -9999 -9999 -9999 -9999 -9999 -9999 -9999 -9999 -9999 -9999 -9999 -9999 -9999 -9999 -9999 -9999 -9999 -9999 0.978865943974656 0.98708823915411 0.983585928463229 0.98736605757352 0.968262553090732 0.999456757817574 0.999459271693053 0.999241003548701 0.999464483532396 0.97422442854481 0.998541220191836 0.995818396504179 0.995637990030528 0.983366599079785 0.988814997134013 0.991321112010384 0.985857521548533 0.974562422839716 0.981403827148973 0.973501186530275 0.990832182747875 0.991722486189206 0.979834880027479 -9999
-9999 -9999 -9999 -9999 -9999 -9999 -9999 -9999 -9999 -9999 -9999 -9999 -9999 -9999 -9999 -9999 -9999 -9999 -9999 0.98102773907007 0.99253398341979 0.993095995662234 0.994327593450252 0.994745260716803 0.986100335863664 0.970429263777875 0.999459272727941 0.999456708098067 0.999461943611486 0.99946448447028 0.995692465792446 0.976360902979213 0.997840131481637 0.981137453691224 0.993723359886129 0.993930506658676 0.993600108120206 0.991517034699915 0.982137134820971 0.986480049982147 0.988604018581336 0.992166946402525 0.994261614552286 0.968587690032437 -9999
-9999 -9999 -9999 -9999 -9999 -9999 -9999 -9999 -9999 -9999 -9999 -9999 -9999 -9999 -9999 -9999 -9999 0.987427725019052 0.98921517741832 0.987462265259969 0.981081669695318 0.978492802489952 0.977279219121945 0.994780195059143 0.895060499207564 0.990634723018008 0.999233630697237 0.974281135189033 0.989198586376245 0.990443945995728 0.995864046147008 0.994023495433967 0.998474934414556 0.978531937103787 0.977418911751644 0.984641643425601 0.98927581547694 0.985531951213433 0.981386140553869 0.981618336661682 0.987014623686774 0.979989611860746 0.992425409389336 0.979069753734688 0.96946581367538
-9999 -9999 -9999 -9999 -9999 -9999 -9999 -9999 -9999 -9999 -9999 -9999 -9999 -9999 -9999 -9999 -9999 0.987448923228232 0.975473170754072 0.981554054576189 0.981644626132588 0.983215745280111 0.988563135031482 0.995343241769586 0.995425078938361 0.999233859422954 0.981855743688071 0.982812850810796 0.987353945168383 0.989246870795984 0.995802567184017 0.995707180400607 0.983864067984178 0.997834881917969 0.982375738917586 0.984924031629772 0.979604999935583 0.985858942357081 0.980646243710219 0.981878426519972 0.981214786766821 0.99715945375724 0.979894217300179 0.987123855353468 0.979213801507013
-9999 -9999 -9999 -9999 -9999 -9999 -9999 -9999 -9999 -9999 -9999 -9999 -9999 -9999 -9999 -9999 -9999 0.989745600308443 0.99085929891342 0.992686524035313 0.985808554325985 0.984898944689089 0.984492110273056 0.964911454295419 0.999231748898962 0.981446048794857 0.986050032632108 0.97975702116393 0.981913490277819 0.993156867930174 0.995465609706201 0.984145356425838 0.993641765036344 0.998471215451098 0.998455941167925 0.9808411439839 0.979097243449385 0.98917594017992 0.985872779872693 0.987438221157364 0.996104342692952 0.997162122899008 0.995132240260434 0.989156287769937 0.979717933440822
-9999 -9999 -9999 -9999 -9999 -9999 -9999 -9999 -9999 -9999 -9999 -9999 -9999 -9999 -9999 -9999 0.982767307187718 0.987508755027727 0.993351129547771 0.994984991316974 0.995517283557425 0.995566301417423 0.994274208866696 0.989565187603009 0.999458749398414 0.993237684305148 0.984572926629521 0.978144796131686 0.9841989280097 0.991082335166711 0.993748336810668 0.978576220636351 0.995259860959336 0.985497898592439 0.981328989383735 0.997816778736684 0.992743361152421 0.986107726984983 0.996349834980155 0.99739196074348 0.986825662288269 0.98197357301189 0.981411341081317 0.994842738656044 0.996087243970541
-9999 -9999 -9999 -9999 -9999 -9999 -9999 -9999 -9999 -9999 -9999 -9999 -9999 -9999 -9999 -9999 0.983225592681347 0.988680388073404 0.982716065089444 0.981256789214296 0.985581300170804 0.973703859169176 0.968889450465054 0.999231714910923 0.983720083383048 0.99276165808683 0.991937599898163 0.985189433905647 0.985274057671675 0.989732525346777 0.992742193324562 0.990613348025631 0.994892342131765 0.985741864714059 0.985912815696517 0.998050521742368 0.996609559886359 0.997584094374777 0.993765903969833 0.982983502840546 0.98759138983155 0.990169693260832 0.981204812275228 0.990387694074853 0.980858325273741
-9999 -9999 -9999 -9999 -9999 -9999 -9999 -9999 -9999 -9999 -9999 -9999 -9999 -9999 -9999 0.983574983852355 0.985917289483267 0.984837112228375 0.988375173380148 0.989621694280694 0.98350074702269 0.980083710166394 0.999456306076097 0.999456306934618 0.985239439785594 0.978859614203104 0.98503549068909 0.97953743297693 0.985792598811373 0.988386741875219 0.986678665385112 0.986695346693602 0.994191316672861 0.973931552545089 0.98326763447175 0.991153894506861 0.997172843420508 0.982148297497769 0.986861105752289 0.989643540632744 0.975933740281246 0.986864709242788 0.981701080598338 0.988162733159474 0.970893357092351
-9999 -9999 -9999 -9999 -9999 -9999 -9999 -9999 -9999 -9999 -9999 -9999 -9999 -9999 -9999 -9999 0.984657882100238 0.986118200553047 0.984315053507141 0.9863733072517 0.989971928946503 0.939263396043879 0.999229119644001 0.999456307747953 0.984564015473203 0.979557997204075 0.985740406662962 0.986343633241076 0.980855622803706 0.981634097929181 0.982651025313101 0.988144866097344 0.994006449660828 0.990142495666998 0.976603898983928 0.984493444387409 0.997999019186887 0.982721123904783 0.983314130837341 0.99215683447389 0.986595993647148 0.982582686349997 0.981949043730816 0.986191784895155 0.979594768269379
-9999 -9999 -9999 -9999 -9999 -9999 -9999 -9999 -9999 -9999 -9999 -9999 -9999 -9999 -9999 -9999 -9999 0.985894949496613 0.989873456083385 0.99189626192075 0.99214004375653 0.994660399311684 0.999455184413934 0.98702962159433 0.989048978540687 0.991442606216872 0.980221106181961 0.987291788852176 0.982914651496044 0.983466165432185 0.977515380211685 0.984289540242477 0.992415730805006 0.988422489024391 0.984462059687708 0.984807854922286 0.99234465507935 0.99707620739905 0.984409325467129 0.983945390451238 0.995343119046134 0.982303408012904 0.983733909237003 0.984589858837022 0.994753242960312
-9999 -9999 -9999 -9999 -9999 -9999 -9999 -9999 -9999 -9999 -9999 -9999 -9999 -9999 -9999 -9999 0.987591388427365 0.986171712813768 0.9840703583538 0.988741161936635 0.989852319247972 0.985887561782518 0.999454054299745 0.984684210204442 0.992836409249153 0.994784626540358 0.99283388216228 0.985822676581537 0.981812026544637 0.989683507425905 0.985682990350729 0.983446282419125 0.985364153487185 0.986720443720775 0.987456857667702 0.989001324382974 0.990527735479634 0.990193283497348 0.997007592383349 0.996826702187559 0.98929747225676 0.995298870388987 0.996485116538374 0.996395610011575 0.984154599852954
-9999 -9999 -9999 -9999 -9999 -9999 -9999 -9999 -9999 -9999 -9999 -9999 -9999 -9999 -9999 -9999 0.987635706143873 0.993842085217378 0.992703394676696 0.985096878052273 0.996321970775709 0.99665728144171 0.996657936686885 0.999226818204832 0.983857381664858 0.977659671679099 0.978835830025944 0.97934873018432 0.993495722357977 0.992841644470366 0.983193222392409 0.977172556344613 0.98229394911457 0.986266926694186 0.98527781702749 0.985306605670276 0.978191349732013 0.983325841939089 0.991729974247542 0.996077059562074 0.982529489229261 0.980077218657637 0.980255076446091 0.971436358094405 0.979662506978112
-9999 -9999 -9999 -9999 -9999 -9999 -9999 -9999 -9999 -9999 -9999 -9999 -9999 -9999 -9999 0.981723249522744 0.989575918855046 0.984505881244822 0.994683393726934 0.994659049084238 0.990251960235465 0.979746266353763 0.971830111325881 0.999449611522325 0.993544299104748 0.995079894033096 0.994737807171882 0.994262391040971 0.993963682003969 0.981936475175237 0.988269669061867 0.978743703586054 0.984018635345938 0.990124314597223 0.984162550456798 0.983984574028091 0.983661006066613 0.989556466606948 0.9908089837668 0.99721180337414 0.997177316520548 0.979735901797534 0.971878290657709 0.980982327276581 0.985076670700297
-9999 -9999 -9999 -9999 -9999 -9999 -9999 -9999 -9999 -9999 -9999 -9999 -9999 -9999 -9999 0.984694059901861 0.991477182162865 0.97793094026779 0.994026596516298 0.98761490313822 0.992853989603094 0.978034282025657 0.986252218833337 0.999450076000756 0.979842692841277 0.976137167608935 0.983901892757803 0.982523551113286 0.980944029744968 0.982004768978884 0.987736694779015 0.984528282666282 0.984977888564919 0.988922959741307 0.994387384567145 0.983973546606071 0.984650738320324 0.983281827655121 0.975669687070748 0.98732893062101 0.992150093702415 0.995747196107094 0.97847970934385 0.986290546512692 0.98772974532376
-9999 -9999 -9999 -9999 -9999 -9999 -9999 -9999 -9999 -9999 -9999 -9999 -9999 -9999 -9999 0.983611739053616 0.991981990746694 0.99122080865312 0.97529520474252 0.986468476042458 0.979361607629973 0.966384627405968 0.98131646160337 0.978066588765993 0.999217916888066 0.970093991274174 0.988435826824148 0.983704461092748 0.973002418075067 0.994359387443074 0.992174008551321 0.990747980735138 0.986885962002554 0.990853552166569 0.993262912447904 0.989186405904894 0.984912520733251 0.981801955578446 0.982308733347156 0.982266300465167 0.988543805861225 0.98515303857029 0.995664052400956 0.996591218733269 0.987108087671501
