Model input/Uganda/survival/sedimentation/sedimentation_restime_1mar.asc
NCOLS 67 
NROWS 67 
XLLCORNER 29.500000001 
YLLCORNER -1.499999999 
CELLSIZE 0.0833333332985075 
NODATA_value -9999 
[rows 0 to 19 of 67, columns 0 to 44 of 67]
-9999.000000000000000 -9999 -9999 -9999 -9999 -9999 -9999 -9999 -9999 -9999 -9999 -9999 -9999 -9999 -9999 -9999 -9999 -9999 -9999 -9999 -9999 -9999 -9999 -9999 -9999 -9999 -9999 -9999 -9999 -9999 -9999 0.972478618347605 0.980396928689011 -9999 -9999 -9999 -9999 -9999 -9999 -9999 -9999 -9999 -9999 -9999 -9999
-9999 -9999 -9999 -9999 -9999 -9999 -9999 -9999 -9999 -9999 -9999 -9999 -9999 -9999 -9999 -9999 -9999 -9999 -9999 -9999 -9999 -9999 -9999 -9999 -9999 -9999 -9999 -9999 -9999 0.980795047217142 0.9789362984658 0.979267147916806 0.982219146812769 0.970126061823722 0.971003572755295 0.97849466486692 0.982667182448864 0.973941729169565 0.977709624984971 0.979382442344604 -9999 -9999 -9999 -9999 -9999
-9999 -9999 -9999 -9999 -9999 -9999 -9999 -9999 -9999 -9999 -9999 -9999 -9999 -9999 -9999 -9999 -9999 -9999 -9999 -9999 -9999 -9999 -9999 -9999 -9999 -9999 -9999 -9999 -9999 0.989657232101872 0.977440337957126 0.988582648747321 0.993056819278806 0.994838657093162 0.977541094315093 0.99183005463836 0.993760692255524 0.992915843634923 0.990352644383324 0.987625536557346 0.978359612841915 0.97479236797731 0.98079385398509 -9999 -9999
-9999 -9999 -9999 -9999 -9999 -9999 -9999 -9999 -9999 -9999 -9999 -9999 -9999 -9999 -9999 -9999 -9999 -9999 -9999 -9999 -9999 -9999 -9999 -9999 -9999 0.978660643576895 -9999 -9999 -9999 0.986023051458404 0.97569669327583 0.993610741202647 0.97774222388348 0.96885478855687 0.992493032154225 0.984769835298084 0.980393112587386 0.980643415661871 0.982231895944399 0.982706464029649 0.981552370886144 0.974797829252329 0.987690111704464 -9999 -9999
-9999 -9999 -9999 -9999 -9999 -9999 -9999 -9999 -9999 -9999 -9999 -9999 -9999 -9999 -9999 -9999 -9999 -9999 -9999 -9999 -9999 -9999 0.980980355621483 -9999 -9999 0.977188861465993 -9999 -9999 -9999 0.999397455740767 0.998471257951651 0.998396354243357 0.989212251960491 0.987361969559674 0.982847953493992 0.969951809192423 0.980554291560234 0.980401645929012 0.983132755954836 0.976723877086965 0.982988194858793 0.975747883539391 0.989693228827201 0.97863076376234 -9999
-9999 -9999 -9999 -9999 -9999 -9999 -9999 -9999 -9999 -9999 -9999 -9999 -9999 -9999 -9999 -9999 -9999 -9999 -9999 -9999 -9999 0.978287509996729 0.986116482634782 0.980304281715153 0.986127962350137 0.963636352726707 0.999441786541992 0.999444369636436 0.999218541260348 0.999448633201484 0.969115420551355 0.998392977537004 0.994927973472253 0.994712719708905 0.982561552194816 0.986849038840912 0.98972752421423 0.981332596745209 0.968069249650462 0.977941830038002 0.970853314446446 0.989683374168431 0.990829909006505 0.978928337576934 -9999
-9999 -9999 -9999 -9999 -9999 -9999 -9999 -9999 -9999 -9999 -9999 -9999 -9999 -9999 -9999 -9999 -9999 -9999 -9999 0.981372792938857 0.99255090396413 0.993056244942261 0.994132158060101 0.994447695401385 0.98430727619171 0.968635418021684 0.999444370693199 0.999441735449903 0.99944601813969 0.999448634160655 0.99504835822324 0.971544518259553 0.997641857856195 0.976754607914124 0.992337435357657 0.99234108653492 0.991893305467179 0.989262808112586 0.978926747501763 0.984668522560244 0.987361384879864 0.991323030391443 0.993674525405968 0.966255639117809 -9999
-9999 -9999 -9999 -9999 -9999 -9999 -9999 -9999 -9999 -9999 -9999 -9999 -9999 -9999 -9999 -9999 -9999 0.987336515637388 0.989192737693369 0.987538498717885 0.981275972173292 0.977923937389717 0.972314560977532 0.994476215285782 0.89283979671994 0.989312299389252 0.999212315526444 0.972068946771344 0.987304809625652 0.988727875370795 0.995163524886529 0.993266636885523 0.998335078218402 0.973301057082757 0.972039684475832 0.980898502210619 0.986480282632368 0.981712027916061 0.978886340646577 0.979916979591854 0.985828895265222 0.979708573178692 0.991699661348501 0.977389614797763 0.96721879178113
-9999 -9999 -9999 -9999 -9999 -9999 -9999 -9999 -9999 -9999 -9999 -9999 -9999 -9999 -9999 -9999 -9999 0.987395168177325 0.975983814499222 0.981956548145256 0.982014418145615 0.983172056106352 0.987438912996655 0.994989943931523 0.995017244502735 0.999211459819109 0.97838127586736 0.97918367288288 0.984632661883763 0.98691773986272 0.995101569635196 0.995177651119398 0.980015324466589 0.997637426269351 0.977823599321477 0.981150943053271 0.974506791493858 0.981578801505196 0.978333660929721 0.980269793847734 0.980664350398095 0.996909507063321 0.979319601427338 0.98613714190833 0.977707447259878
-9999 -9999 -9999 -9999 -9999 -9999 -9999 -9999 -9999 -9999 -9999 -9999 -9999 -9999 -9999 -9999 -9999 0.98982193909434 0.990959744100513 0.992795469835643 0.985818850173246 0.98418819415006 0.983617844752574 0.802136891823468 0.999207879648534 0.977503240962086 0.983218928815484 0.975118944415508 0.978050386292977 0.991890333372201 0.994751982586036 0.980163149304786 0.992923537690154 0.998332161361873 0.998317940131616 0.975364995982102 0.973452365681414 0.987080005808914 0.984237634077974 0.986714038049214 0.995774055481594 0.996914104471248 0.994695147166901 0.988553062039464 0.979778750474944
-9999 -9999 -9999 -9999 -9999 -9999 -9999 -9999 -9999 -9999 -9999 -9999 -9999 -9999 -9999 -9999 0.983680760158547 0.988092027883842 0.993596004604493 0.995098052243391 0.995504412953276 0.995530015459402 0.994107130589271 0.988381184926427 0.999440896979135 0.991901008654873 0.981436056014368 0.973674597610895 0.980864371082398 0.989662571337266 0.993016531363253 0.973135026114314 0.994791564777005 0.984472629403614 0.976594115855117 0.99762369430151 0.991265290583541 0.98259696661544 0.99604762941245 0.997173822281419 0.985792393317709 0.980308413904938 0.979749316087863 0.994352932598952 0.995702530253454
-9999 -9999 -9999 -9999 -9999 -9999 -9999 -9999 -9999 -9999 -9999 -9999 -9999 -9999 -9999 -9999 0.98366847450319 0.989122074832041 0.982463669527555 0.979913012709929 0.983208919121539 0.968288503460409 0.812086044848192 0.999205726068315 0.973885991890825 0.991314805866088 0.990320318156001 0.982271367242211 0.982301098970674 0.98833256870574 0.992159666421258 0.989650571517468 0.994425164994898 0.984466475716512 0.983699409254046 0.997895432314337 0.996307790902334 0.997373403962717 0.993190280032441 0.981760553551831 0.986305623454713 0.98911567056945 0.979075570538283 0.989612201549655 0.979144851847345
-9999 -9999 -9999 -9999 -9999 -9999 -9999 -9999 -9999 -9999 -9999 -9999 -9999 -9999 -9999 0.983471791476391 0.986393529071813 0.985174235955028 0.988253412253901 0.98917262542936 0.974544992049968 0.964824244582428 0.999436670603132 0.999436671485411 0.98340018120831 0.974911351665699 0.982059633468939 0.975486574723977 0.983044068028812 0.986931122744229 0.986125976348707 0.985883087469984 0.993744251198394 0.971823983666756 0.982422411745941 0.99048373222626 0.996953261217526 0.9810371014583 0.986074017971056 0.988466925531766 0.973826703163265 0.985445752198998 0.979656217520114 0.987174595548577 0.968863070571609
-9999 -9999 -9999 -9999 -9999 -9999 -9999 -9999 -9999 -9999 -9999 -9999 -9999 -9999 -9999 -9999 0.9854888751969 0.986494029605414 0.984087308458581 0.984539962959765 0.989494437066313 0.917451707410551 0.999201282621517 0.999436672321255 0.981830987997178 0.975646172105484 0.982782356805503 0.983525466337225 0.979290389186145 0.98111545924317 0.982062017446819 0.987551010785153 0.993558973499099 0.989641117646821 0.975474645241237 0.98364464947335 0.997845852355745 0.979196081667066 0.98194383009784 0.991199031686652 0.985251119695198 0.980621119379439 0.980138481854124 0.984972023488902 0.978740567830158
-9999 -9999 -9999 -9999 -9999 -9999 -9999 -9999 -9999 -9999 -9999 -9999 -9999 -9999 -9999 -9999 -9999 0.986253499625004 0.989620903457626 0.991254386553524 0.991556627195832 0.994266336988021 0.999435885616117 0.984951907554199 0.987063874472098 0.989725773157914 0.976110183989029 0.985685381789986 0.981408664888938 0.982960238794772 0.976560035727994 0.98351485778403 0.991702132568471 0.987812742482159 0.983669360110241 0.983929220798591 0.991890504819428 0.99685388842472 0.97977506493321 0.979533867504524 0.995100134059934 0.982090755665976 0.983460590814845 0.984365767700488 0.994467833405405
-9999 -9999 -9999 -9999 -9999 -9999 -9999 -9999 -9999 -9999 -9999 -9999 -9999 -9999 -9999 -9999 0.987867863159068 0.986465945023374 0.982911055320258 0.987590811244614 0.988915440406235 0.984556414002068 0.999433948082989 0.984125534148784 0.991465326563174 0.993876388941056 0.991751862523028 0.983114623296837 0.98092975585126 0.989308382596869 0.98505387614323 0.982671917683902 0.984262996970878 0.985195262457192 0.986353850058736 0.988343123191802 0.989962442277965 0.989578110811677 0.996785877193535 0.996628296384675 0.987815216741598 0.995063199684886 0.996301403728649 0.996209856742294 0.984071861321246
-9999 -9999 -9999 -9999 -9999 -9999 -9999 -9999 -9999 -9999 -9999 -9999 -9999 -9999 -9999 -9999 0.98781151709607 0.993932088297851 0.99276046797127 0.982924984689617 0.996287468032518 0.996562310702329 0.996561775847857 0.999196758539525 0.98208455603572 0.974316777493643 0.975194432521469 0.975619081509947 0.993235691253669 0.992556109166182 0.982444904901125 0.975939841407652 0.981235140971915 0.985118241340453 0.984127203285476 0.984417185755046 0.976831896118868 0.982235149189167 0.991172973732758 0.995754125018545 0.977028167165896 0.977922172317916 0.978472215151793 0.968479583773621 0.977898069621913
-9999 -9999 -9999 -9999 -9999 -9999 -9999 -9999 -9999 -9999 -9999 -9999 -9999 -9999 -9999 0.981929373066868 0.989717340296748 0.984718720554273 0.994691284503006 0.994656546006381 0.989072188859084 0.977319012383749 0.968280088630291 0.999427489159636 0.992977437863312 0.994683386581799 0.99437435614328 0.993970522962227 0.993725503816413 0.981159531843618 0.987670161452647 0.977656486421816 0.98313851210133 0.989465813556865 0.983115547644625 0.982943973511056 0.982560052483416 0.988849221151603 0.990186610062134 0.996985610579293 0.996947667204882 0.979751967177119 0.970345260413482 0.978810694633194 0.98324001500334
-9999 -9999 -9999 -9999 -9999 -9999 -9999 -9999 -9999 -9999 -9999 -9999 -9999 -9999 -9999 0.98489689068151 0.991591116040819 0.978295344314869 0.99405756213638 0.985797804807112 0.992054857350017 0.974511815346422 0.984745977059581 0.999427317518456 0.976870779030315 0.97318841203646 0.981709316580749 0.980451714319714 0.979708595653965 0.981184271301711 0.987112867917028 0.983761309646137 0.984190354058739 0.988287874248591 0.994003168372619 0.982496895139415 0.983300805443556 0.982138027920406 0.973998843295932 0.986544855823766 0.991677656298928 0.995402602267446 0.978502673863837 0.98502660998954 0.986413017173045
-9999 -9999 -9999 -9999 -9999 -9999 -9999 -9999 -9999 -9999 -9999 -9999 -9999 -9999 -9999 0.983850778121577 0.992101930785348 0.991360107837224 0.974613216983889 0.985527383693854 0.975639290260014 0.963043943662793 0.981106695761549 0.97192837777281 0.999184605900656 0.965050839588982 0.986888947895283 0.981235163193686 0.970724650932634 0.994049887237428 0.991701418302633 0.990164977850588 0.985914635046821 0.990238220647551 0.99279343408977 0.988217050668443 0.983580608098042 0.98027499568435 0.98105415510384 0.981161546300087 0.987876161644082 0.984401133788072 0.995299584825939 0.996287202513346 0.986493439701334
