Model input/Uganda/survival/sedimentation/sedimentation_restime_1apr.asc
NCOLS 67 
NROWS 67 
XLLCORNER 29.500000001 
YLLCORNER -1.499999999 
CELLSIZE 0.0833333332985075 
NODATA_value -9999 
[rows 20 to 39 of 67, columns 0 to 44 of 67]
-9999 -9999 -9999 -9999 -9999 -9999 -9999 -9999 -9999 -9999 -9999 -9999 -9999 -9999 -9999 0.984881466422567 0.976911066319647 0.984552208252422 0.98199078377853 0.981586409682899 0.980446061575385 0.984695281188218 0.989339115945405 0.983789431550073 0.992558352721379 0.991904870547472 0.97470854041576 0.981268565275082 0.999230190219791 0.994554472858805 0.981555194023174 0.974715075497152 0.986397851271603 0.980738965676578 0.996199537178091 0.996100133050066 0.991682755769577 0.986478726904021 0.981939731444162 0.984918080073177 0.986032398522921 0.980313545149976 0.987977614522187 0.988773716540003 0.994920287705361
-9999 -9999 -9999 -9999 -9999 -9999 -9999 -9999 -9999 -9999 -9999 -9999 -9999 -9999 -9999 0.982527799963468 0.976420743887272 0.975872737783898 0.979876307797078 0.982453472009604 0.980985042267977 0.980626726480473 0.985104026461716 0.978934142959816 0.999229567781031 0.999454118035349 0.999454336277596 0.999453906272998 0.984961593565565 0.999228838245249 0.999453388957816 0.983727479753042 0.989534261511786 0.979991264457742 0.994896960642901 0.98155274738979 0.9864466826088 0.99257007353122 0.993733570763819 0.992939481661764 0.991333654363654 0.982569492126051 0.981764760981067 0.985147138314524 0.984823124230464
-9999 -9999 -9999 -9999 -9999 -9999 -9999 -9999 -9999 -9999 -9999 -9999 -9999 -9999 -9999 -9999 0.982879844267246 0.981859468205218 0.985051976209959 0.970761162710727 0.99919141687041 0.999191394192162 0.999426475506259 0.99945296600998 0.98081873353128 0.980456609233523 0.981254769491596 0.988866903566496 0.991200292584448 0.989638929216616 0.987495156008803 0.999229261410038 0.999453671366815 0.999453611265316 0.985368942514982 0.986384757069501 0.99535742861622 0.986091943202175 0.985621829876594 0.98617184116005 0.985285609152378 0.975311257136571 0.981464788111649 0.981034427460358 0.977916474337616
-9999 -9999 -9999 -9999 -9999 -9999 -9999 -9999 -9999 -9999 -9999 -9999 -9999 -9999 -9999 -9999 -9999 0.976996535131701 0.999429868863585 0.999429869472857 0.999426443636763 0.999429869472857 0.999426443636763 0.987715966880898 0.985126967934041 0.984954584312621 0.985736056486234 0.98752845119089 0.985217832451989 0.986053089703317 0.984268970196252 0.984298909433347 0.988039177798702 0.999453685182538 0.984986587060102 0.985289690565966 0.994143231681134 0.989535778633039 0.985902637441846 0.985413010248015 0.982202425705516 0.97406957549828 0.98822863311451 0.991370719964609 0.984725640792472
-9999 -9999 -9999 -9999 -9999 -9999 -9999 -9999 -9999 -9999 -9999 -9999 -9999 -9999 -9999 0.980830104876761 0.978552790772511 0.999429869472857 0.99919137235732 0.99919137235732 0.999426412892073 0.999429870082129 0.999426412892073 0.999429869472857 0.993810176153438 0.995044708904999 0.994747207811892 0.988975247612636 0.982730550969881 0.97981168161072 0.977492999439316 0.977849495245227 0.984507299914007 0.992317843080575 0.999225404459879 0.99589362055951 0.985303034890943 0.977748561208934 0.978247111397494 0.988652839516866 0.988858793793873 0.981519250702411 0.994133442047722 0.992019655759433 0.975232832238753
-9999 -9999 -9999 -9999 -9999 -9999 -9999 -9999 -9999 -9999 -9999 -9999 -9999 -9999 -9999 0.984465794431551 0.999191351459597 0.999426383365923 0.999426383365923 0.999426383365923 0.99919133140528 0.999429870691401 0.999426383365923 0.99919133140528 0.986561417496747 0.982316652169514 0.978954352128308 0.98953305273192 0.978686917753776 0.988165827013097 0.984153774163292 0.984269840473892 0.984410742632877 0.999221122790159 0.994967929963277 0.994449820726633 0.994184100237837 0.993613125552127 0.992753849182359 0.987101830707986 0.987209572096651 0.982477044185589 0.992783849326055 0.988576527987829 0.974926268017724
-9999 -9999 -9999 -9999 -9999 -9999 -9999 -9999 -9999 -9999 -9999 -9999 -9999 -9999 -9999 0.99919133140528 0.999426355011447 0.999426355011447 0.999426355011447 0.999191312100657 0.999429871253805 0.999426355011447 0.999191312100657 0.985495047728523 0.990784064406957 0.985693903426035 0.985796302303001 0.991782622740373 0.983594014468801 0.988733142897186 0.987977881539971 0.983403441640703 0.978101891606166 0.999447175019275 0.999219141854428 0.984403327702547 0.985245547728296 0.984032594694926 0.984417770317116 0.991141331048911 0.990223077949866 0.994111947437564 0.984350277993417 0.990901717805165 0.988304960556352
-9999 -9999 -9999 -9999 -9999 -9999 -9999 -9999 -9999 -9999 -9999 -9999 -9999 -9999 -9999 0.999426327875512 0.999426327875512 0.999426327875512 0.999191293639441 0.999429871769343 0.999426327875512 0.999191293639441 0.999426327875512 0.978988783717853 0.991837845140233 0.979545608653962 0.977988548862571 0.984306123645523 0.978507816292768 0.977786935837676 0.990868826763505 0.999447197095051 0.999447197095051 0.999450612131081 0.983718628830987 0.977600698869993 0.985555708202334 0.990793072829367 0.993068985294975 0.995679980852672 0.996721609355594 0.994626452668365 0.985741594786297 0.988337826279442 0.999414923678049
-9999 -9999 -9999 -9999 -9999 -9999 -9999 -9999 -9999 -9999 -9999 -9999 -9999 -9999 0.999426301958116 0.999191293639441 0.999426301958116 0.999191276115342 0.999426301958116 0.999191276115342 0.999191276115342 0.999429872238014 0.988755011042716 0.990201873143324 0.991196438174369 0.990039415199712 0.977705611116871 0.991594627242476 0.984039317419946 0.97620467980454 0.987757754462116 0.999220692717431 0.999220709658014 0.999447172133911 0.996396690615886 0.989033609068204 0.98486701880469 0.988713505350479 0.996073591683482 0.986645088842414 0.985440081955934 0.993581985293451 0.99290493302044 0.983531504532805 0.999170093641082
-9999 -9999 -9999 -9999 -9999 -9999 -9999 -9999 -9999 -9999 -9999 0.999429872238014 0.999191276115342 0.999191259340938 0.999191276115342 0.99942627725926 0.999191259340938 0.999429872753552 0.999191259340938 0.999429872753552 0.999191259340938 0.979395535298273 0.985176209639389 0.983310456136353 0.977245594945663 0.988254987786159 0.983950105192037 0.992260451960619 0.983382226244044 0.980751616854423 0.984210764810188 0.999450613042075 0.999447148357059 0.999220676596553 0.999411235505874 0.996293780529598 0.997327837130353 0.997295389287535 0.999414924729861 0.999170075669061 0.999170075669061 0.999414924729861 0.999414924729861 0.999414924729861 0.999170075669061
-9999 -9999 -9999 -9999 -9999 -9999 -9999 -9999 -9999 -9999 0.987405180955242 0.999426253732078 0.999429872753552 0.999426253732078 0.999426253732078 0.99919124340994 0.999429873222222 0.999426253732078 0.99919124340994 0.99919124340994 0.981887902619145 0.982461770415503 0.98236848444327 0.98206315172685 0.983775129792081 0.982779403818898 0.988512635749876 0.993717047424408 0.987825884934214 0.97667412990559 0.997724375600008 0.990204514010813 0.98429449291296 0.991272237289858 0.999414925686054 0.999170042114918 0.999411211314286 0.999411211314286 0.999414925207958 0.999170058461808 0.999411211314286 0.999170058461808 0.999170058461808 0.999411211314286 0.999414925686054
-9999 -9999 -9999 -9999 -9999 -9999 -9999 -9999 -9999 -9999 0.999426231423435 0.999191228322348 0.999426231423435 0.999426231423435 0.999191228322348 0.999429873644026 0.999429873644026 0.999191228322348 0.981678334503398 0.99331004058421 0.976723921637377 0.976763885096755 0.977558710635248 0.983761723990049 0.992040372368034 0.98846839017313 0.994336836082624 0.994002568921115 0.998195128504416 0.997720326634793 0.996774764030814 0.98562628785584 0.979972147523457 0.985410611388858 0.986706006883825 0.983313352362535 0.999414926164151 0.99917002662839 0.999411188461364 0.999411188461364 0.999411188461364 0.999411188461364 0.999411188461364 0.999411188461364 0.999411188461364
-9999 -9999 -9999 -9999 -9999 -9999 -9999 -9999 -9999 0.986810735758982 0.999426210333332 0.999426210333332 0.999426210333332 0.999191214078162 0.99942987406583 0.999426210333332 0.999191214078162 0.990615620748046 0.977543925583081 0.992901376881816 0.991108309223072 0.98813744340789 0.984037176610657 0.978848727312117 0.997178545265592 0.996145009384828 0.994601182144811 0.997436593775387 0.975699029365036 0.983443368432813 0.984588681186922 0.995284389582025 0.98653746462846 0.986756979722758 0.986174021653372 0.985701099559302 0.999411166803679 0.999414926594437 0.999170012002226 0.985258019183185 0.999170012002226 0.999411166803679 0.999414926594437 0.999170012002226 0.999411166803679
-9999 -9999 -9999 -9999 -9999 -9999 -9999 -9999 -9999 0.98640451313762 0.999426190461769 0.999426190461769 0.999191200677382 0.999429874440766 0.999426190461769 0.999191200677382 0.985219141267463 0.988222151207821 0.973134000263418 0.980978104669357 0.975055742311997 0.981870663305155 0.996834742965087 0.995809725105113 0.990817666867829 0.982820032641298 0.996530559503713 0.982542412426523 0.99646962526464 0.994388678025155 0.986440420945875 0.984757377068138 0.995238407081711 0.989984424999558 0.981259436799794 0.979149836788706 0.991980290494643 0.985459552086278 0.983187400599843 0.995846936069401 0.999414926929105 0.999411146436849 0.843052372497291 0.999414926929105 0.999414926929105
-9999 -9999 -9999 -9999 -9999 -9999 0.988138559413144 0.990599851140172 0.986881957531791 0.973039527600092 0.997880444597194 0.999191188120007 0.999429874815703 0.999191188120007 0.999191188120007 0.985747841070045 0.979758584845628 0.976238401054308 0.98289907724233 0.979093453364903 0.993696309615259 0.995272160261138 0.985501038220842 0.982766210811442 0.975256222801956 0.983941953087099 0.989380208967007 0.979440999606687 0.997241016388763 0.980200898152566 0.991275422731432 0.985833914639013 0.991167531664169 0.994436314358916 0.985059352125336 0.986010262715526 0.989311317646689 0.98939192275649 0.980507885133402 0.997071044247395 0.985985428165344 0.999169972372767 0.9948306403309 0.987322375921944 0.999414927311582
-9999 -9999 -9999 -9999 -9999 -9999 0.987220037482375 0.988724624846873 0.981647510489897 0.99701417342122 0.979415985143567 0.999191176406039 0.999191176406039 0.999429875143772 0.999426154280527 0.996422961025625 0.99620807727348 0.996054101483705 0.9957121700608 0.99554999596875 0.992870535073666 0.975000425107361 0.994597992579378 0.99584326985598 0.981969043446185 0.983052439793918 0.985434932633581 0.988292240295786 0.997094383266185 0.974270629628791 0.993032088264929 0.985438747430666 0.989220904348866 0.9854164636659 0.993975117887679 0.98574123715691 0.985794250589559 0.99161565162288 0.987324370206073 0.996953326217167 0.987236032779116 0.999413193605209 0.986863795440025 0.991818885610496 0.986222697438831
-9999 -9999 -9999 -9999 -9999 0.982743788910535 0.979751621990924 0.991574648125726 0.997009670728674 0.963782275448991 0.959328703123107 0.999426137970849 0.999429875471841 0.999429875471841 0.986700033954837 0.990706544484867 0.983521775275581 0.988353025226141 0.981696251862882 0.995488214171021 0.979866119469402 0.98899632850134 0.990338666232161 0.995689098516249 0.985257734919531 0.976489760364341 0.975466400198427 0.98908096543449 0.991229046829291 0.995699349623254 0.986700863181746 0.986601273002364 0.985045582437824 0.985062719518595 0.994545921320305 0.990136334188751 0.985407634160899 0.986821112078954 0.990608608654558 0.996863443588311 0.987189128617704 0.999413766335697 0.987486809842469 0.993245545907013 0.985919418491293
-9999 -9999 0.974070521048427 0.979832959166808 0.981023419042656 0.976903363178949 0.975896771274928 0.988223333435639 0.997797205778175 0.975950702155649 0.991962389351297 0.992184230089358 0.997438160591431 0.980685717631328 0.984111947127657 0.991587803639616 0.988372315397341 0.985669946714017 0.983143455902411 0.995430335524715 0.981249887962065 0.991530047879197 0.987549008438297 0.992896845280507 0.993511160289169 0.987326839786533 0.983323588061103 0.983376580113587 0.990481764022423 0.996941428246208 0.996749833526771 0.982942203715959 0.979756809672939 0.979744826241116 0.994076296727745 0.981873210917557 0.986555844645632 0.986407977605318 0.983830884014154 0.996531151887679 0.98217959917359 0.999413837506444 0.987062846828157 0.987177335510636 0.984867465710557
-9999 0.976585035817741 0.986572495255833 0.98240157303311 0.968276223764258 0.98091546485978 0.997726150377924 0.996819967841525 0.98027714775412 0.965995980203451 0.991581637408681 0.978710954010891 0.993435580245005 0.996092428726261 0.997055690809659 0.988196540351743 0.987202375807684 0.98682719681698 0.98888988412409 0.994397460631095 0.990045441543414 0.98680157092739 0.982153388791523 0.992133804931194 0.983758914925742 0.99013816261159 0.978522094187695 0.976361431263793 0.985679129742875 0.979857588479269 0.987764379320624 0.995375491033283 0.990938661248113 0.982602923029005 0.993854596248739 0.983409337324792 0.988956326963541 0.985123015354344 0.982148908594038 0.996341448605548 0.976702833386696 0.999413689138585 0.980851104707822 0.98177465705462 0.975442628976657
-9999 0.975259991574434 0.980326457081838 0.997623812119506 0.997631183082419 0.996768070597169 0.98271414672851 0.986527444035539 0.986934335318646 0.98728693883009 0.985273036100749 0.987917040158986 0.987203500741003 0.992347906109916 0.986020684795006 0.99564828674188 0.996035408726237 0.9863834417705 0.988141741400924 0.981972864962622 0.990174422226626 0.981871425639389 0.98679068022735 0.991146084933855 0.98425136032119 0.992566884650638 0.991887721801136 0.989577493803599 0.977131891052267 0.977584080931687 0.988360212619421 0.97895574387823 0.995009230098827 0.97494579404897 0.983298350648216 0.99041835551978 0.983386976585746 0.982364866610196 0.992758381313316 0.995030750757553 0.982605620890255 0.983523444390237 0.999168494856746 0.994796119102242 0.985920467076486
