Model input/Uganda/survival/sedimentation/sedimentation_restime_1apr.asc
NCOLS 67 
NROWS 67 
XLLCORNER 29.500000001 
YLLCORNER -1.499999999 
CELLSIZE 0.0833333332985075 
NODATA_value -9999 
[rows 40 to 59 of 67, columns 0 to 44 of 67]
0.970453811725028 0.974605947360189 0.997553548142255 0.99759062098945 0.965681301237313 0.992625089560424 0.978369552829465 0.982918455639137 0.977222213972452 0.982535649707433 0.981316758026825 0.986509100889432 0.979990596866266 0.991434798903616 0.986132176894261 0.994882606251905 0.99348799311506 0.992795606066453 0.988135876414793 0.988149794631554 0.987527840892987 0.986672803378437 0.987176222489496 0.986407316751021 0.986811336940049 0.985001648836878 0.987106385588664 0.987908813248591 0.982518319378231 0.975946998801874 0.98539666819056 0.981574204313796 0.996274943424847 0.986147625675294 0.986771522102149 0.99226927378837 0.983440192884622 0.975929680372797 0.982251515284675 0.991834059777854 0.992584136807019 0.983544007910594 0.999412194944712 0.990065782049492 0.990063308437636
0.980496757547958 0.980270801918725 0.997527836509999 0.991123276858124 0.990899046222483 0.991692590092152 0.97824391027788 0.983519649027568 0.98458871139555 0.991246794065136 0.989240348088896 0.983682274456442 0.980394696627044 0.986296788981905 0.985358278888872 0.993572700983708 0.986176311798779 0.9899503971302 0.992414356806394 0.99382160391594 0.991527846063027 0.990412958125513 0.986757500714193 0.990282895934724 0.985553735533662 0.986699707311865 0.975415685081523 0.981098735952726 0.971762713949843 0.981037946514889 0.984638542203327 0.986925586925131 0.995985364552105 0.984476026169861 0.984100475942426 0.983556020723343 0.98234886414101 0.982448578650654 0.990728278655469 0.987245262459357 0.994406865775403 0.990958014659885 0.99941250673182 0.987087062801325 0.992248430175352
0.969317856584176 0.967110395949147 0.997447107413676 0.964791306956228 0.990517691320314 0.990300637410125 0.975739060475292 0.988284190365069 0.990408608168874 0.983404563816869 0.98461232455069 0.993351272813714 0.988187176885696 0.983739628628069 0.985661089805694 0.986719745199473 0.987133169709584 0.988872444514911 0.985078189826971 0.986297279453055 0.979647567470955 0.985485608796491 0.986348091618194 0.988600101762964 0.984971065470575 0.993528662985598 0.986019228914461 0.983478064236478 0.98289119706577 0.981167491267319 0.982634707013169 0.982686379226898 0.995815530775277 0.993940613779963 0.989968425865664 0.983666565277588 0.982912069276759 0.981899178778589 0.992750541952443 0.982362768243734 0.99290182671576 0.989766702960901 0.999412765395479 0.999409036971104 0.985245004560055
0.997309222074959 0.99637384662194 0.978289627645016 0.979375252678668 0.988785218486146 0.988106923835692 0.982363821242342 0.98301880357304 0.987758604601418 0.985684874938286 0.988185805118435 0.993656132391281 0.994476894096132 0.982701153377119 0.97603927717399 0.980753071406437 0.985889871362566 0.974693488757458 0.977875185235041 0.986267034479889 0.986558891409546 0.989444387089839 0.991232448000164 0.984805391891695 0.978185108135286 0.991327288509223 0.978928992578763 0.985123013798219 0.992647929297087 0.994690145401873 0.987548788484711 0.979571807181018 0.994400067046005 0.983318242351276 0.988265510936402 0.990734061917343 0.983378584756262 0.987187821144761 0.982693049164041 0.982785002058101 0.992466219725803 0.988034982939739 0.974998871967671 0.999413128013302 0.987954785249465
0.997320468257911 0.992275785527295 0.991867394803582 0.990025230108908 0.989714990969629 0.983315017663657 0.970440015504542 0.979317014052038 0.984438198047469 0.992669280352518 0.991667370509697 0.983219924702777 0.995087868171922 0.989297614283242 0.989502444680539 0.979167021836923 0.986111553105229 0.980450518070825 0.98208910050978 0.990018493839985 0.989206801583561 0.994667782488118 0.976309833438877 0.983730048955439 0.992559477805157 0.989557521517486 0.98696318390944 0.996387880589235 0.990894605235825 0.992473899425648 0.984937748045978 0.974162740344367 0.988568826139654 0.990441638669253 0.992114944011376 0.983839942917046 0.981578194110302 0.989732587487983 0.984878022403667 0.986864335401558 0.991140474914082 0.985201833519878 0.999167273076487 0.999167273076487 0.999167268764174
0.997296477253209 0.988333691498114 0.987265400851184 0.986125277652151 0.991918480069842 0.98170282633335 0.990125335493294 0.991257220654445 0.981474572727701 0.993784559846919 0.992285105791408 0.973994749394651 0.995203228877361 0.984867685148982 0.988797219982386 0.985404693593763 0.992241871611166 0.985313455668596 0.986034480763405 0.992493279446469 0.986912912162814 0.99498347360079 0.993617993854146 0.995087457550056 0.984916908811992 0.987035339430242 0.987760484449145 0.99487838769514 0.994654549595042 0.994654549595042 0.984499257152899 0.982268860829079 0.984792110866987 0.98432958090926 0.981660593453534 0.986214224421609 0.988162735651787 0.99941307230068 0.999167268764174 0.979738092476706 0.98505172387358 0.97947449526302 0.999409128063953 0.999409128063953 0.999167265314324
0.992170819444555 0.996085033240967 0.982463729488859 0.979391292280687 0.989875423099326 0.982972347761857 0.987013334190719 0.991293816742132 0.997286843345889 0.99546708998059 0.993146026690405 0.983113359817364 0.993347643137566 0.993247235669182 0.993708980599292 0.994359039008505 0.995990630466117 0.996073472621019 0.996933772673744 0.997259069273825 0.997262159302111 0.997949902322095 0.997112474232531 0.984528506978666 0.982452526688111 0.982890678082354 0.994986008971043 0.98561427983893 0.985433375052969 0.981435485347693 0.981870319482099 0.982254764314988 0.98226534118378 0.987113150005557 0.999167265314324 0.999413072444459 0.999167265314324 0.999413072444459 0.999409123798523 0.999409123798523 0.999413072444459 0.999167265314324 0.999409123798523 0.999413072444459 0.999413072492386
0.977938588859595 0.99708717254376 0.988633738331127 0.985437459127352 0.986066450615851 0.991409734967649 0.997304955757422 0.997304955757422 0.997304955757422 0.997304955757422 0.995841414616997 0.997026217769677 0.996152650860173 0.996098443131585 0.981818952979401 0.980964519098775 0.993013485450394 0.985212874087974 0.99533790529413 0.989736941700206 0.993628520120347 0.984316160091008 0.99010619091555 0.997203263549234 0.990987382601181 0.995075696890418 0.986045122571703 0.986578306278333 0.980454712153976 0.982273015874452 0.981463168359195 0.986872489795171 0.999167262726936 0.999167262726936 0.999409120683321 0.999167262726936 0.999413072492386 0.999413072492386 0.999409120683321 0.999413072492386 0.999413072492386 0.999409120683321 0.999409120683321 0.999167261002011 0.999413072588238
0.985808461668063 0.997081593636291 0.99703593455734 0.997015991639604 0.994179408541053 0.977636243283908 0.997286820446414 0.996177932470554 0.997286820446414 0.996177932470554 0.982204500534363 0.990624946281519 0.981839014438528 0.993036224380051 0.993472606354271 0.992472498563957 0.990505421035699 0.977246230802397 0.995214417353904 0.985517864202737 0.994846992975976 0.986301896857706 0.98750329805074 0.987580230786179 0.998253821048207 0.998397437972663 0.998403703157064 0.998415734077815 0.997783211839418 0.986927683414331 0.999413072588238 0.999167261002011 0.9994091188142 0.999413072588238 0.999413072588238 0.999167261002011 0.9994091188142 0.9994091188142 0.9994091188142 0.9994091188142 0.9994091188142 0.9994091188142 0.9994091188142 0.9994091188142 0.999413072588238
0.99703593455734 0.99703593455734 0.99703593455734 0.99703593455734 0.99703593455734 0.963099502890263 0.970732135923944 0.98226240301275 0.996177928452146 0.99730495606688 0.981660144903087 0.982989669109408 0.98818291177358 0.981909155984619 0.994353309056225 0.991620645410642 0.980827883882595 0.98499579898992 0.994987668726244 0.994617846591938 0.986832224960777 0.99187559731688 0.982014714687686 0.983112571629708 0.994487788279726 0.98549484035527 0.990297215674624 0.978519539361922 0.999409118191159 0.999409118191159 0.999167260139549 0.999409118191159 0.999413072588238 0.999413072588238 0.999413072588238 0.999409118191159 0.999409118191159 0.999413072588238 0.999413072588238 0.999413072588238 0.999413072588238 0.999409118191159 0.999167260139549 0.999413072588238 0.999413072588238
0.995796647934322 0.99703593455734 0.997015991639604 0.99703593455734 0.997015991639604 0.962189677063338 0.996373898593587 0.997302275029918 0.99730495606688 0.976606871950593 0.982519214259653 0.98082216403459 0.990711292328789 0.981397279083007 0.994200391182536 0.990413057162357 0.97972681804006 0.986427150573669 0.98368997110049 0.994335835065578 0.987064976497124 0.993852319630716 0.987252075992049 0.981141497730935 0.995891853105914 0.98143666201376 0.992984801644143 0.980545709823813 0.999167260139549 0.9994091188142 0.9994091188142 0.9994091188142 0.9994091188142 0.9994091188142 0.9994091188142 0.999167260139549 0.999413072588238 0.999167260139549 0.999413072588238 0.999413072588238 0.9994091188142 0.999167261002011 0.999413072588238 0.999167261002011 0.9994091188142
0.997016000961121 0.99579665657943 0.997016000961121 0.997016000961121 0.997016000961121 0.997425051267732 0.972615500988804 0.989836752473875 0.977005008229001 0.982139251980271 0.970378917413382 0.979221847281103 0.983501347888838 0.975768354372373 0.993568786121967 0.975205230173489 0.984176518759964 0.979849820399737 0.98251148298287 0.992403194368543 0.987299777543439 0.990883888839802 0.982944608555928 0.987442951952913 0.995742963179891 0.971969509439402 0.991155340299808 0.981262521947522 0.999409120683321 0.999167262726936 0.999413072492386 0.999409120683321 0.999409120683321 0.999413072492386 0.999413072492386 0.999413072492386 0.999409120683321 0.999409120683321 0.999409120683321 0.999167262726936 0.999409120683321 0.999409120683321 0.999413072588238 0.999413072492386 0.999167262726936
0.997016016607952 0.997035933891504 0.995796669547091 0.995796669547091 0.997016016607952 0.976091939100519 0.959569757746215 0.99229145831611 0.974619897083753 0.957794612500242 0.974327085156689 0.945515259817016 0.983512911713917 0.984380469280295 0.989566586201387 0.9834907080758 0.980638059774866 0.971249083241114 0.981917012459171 0.987972873932208 0.988304205120164 0.987818284300392 0.987502233865232 0.992970000971932 0.995070605396014 0.984572654203729 0.987213630388683 0.974820385498217 0.985463119907198 0.984625797889045 0.999167265314324 0.999167262726936 0.999167265314324 0.999413072444459 0.999409123798523 0.999409123798523 0.999167265314324 0.999409123798523 0.999413072444459 0.999409123798523 0.999409123798523 0.999409123798523 0.999167265314324 0.999409123798523 0.999167265314324
0.995796687169812 0.997035933225668 0.995796687169812 0.995796687169812 0.997016038247187 0.95152780620195 0.962734173155424 0.992058303869943 0.991345501294722 0.982467880239784 0.986534459726182 0.986748000448962 0.975077828156592 0.980937858052832 0.980057783243621 0.980952845776604 0.972968841976717 0.982703577962944 0.983168011137341 0.984343201097516 0.986193012017125 0.977456500828507 0.983109036558257 0.986348800033444 0.992910325964211 0.986047468982309 0.982305642233734 0.983813025125989 0.989905355078734 0.99349733404768 0.999413072444459 0.999409128063953 0.999409128063953 0.99941307230068 0.99941307230068 0.999409128063953 0.999167265314324 0.999413072444459 0.999409128063953 0.999409128063953 0.999167268764174 0.99941307230068 0.99941307230068 0.999167268764174 0.999409128063953
0.99703593289275 0.995796708782583 0.99703593289275 0.995796708782583 0.95925412671532 0.976073085042384 0.980074784582124 0.982324794864886 0.981312927536342 0.986085192034349 0.98583913221799 0.989307898836601 0.983805848353434 0.981635638803271 0.982401731666551 0.981428042876984 0.982245969268984 0.987002489507884 0.982560301583611 0.994840514558854 0.991726136067933 0.989665358609063 0.987861947926708 0.984041760812046 0.98946700809385 0.984266573641706 0.975135701782997 0.999409133671316 0.999167268764174 0.99941307230068 0.99941307230068 0.999409133671316 0.999167268764174 0.999167273076487 0.99941307230068 0.999167268764174 0.999409133671316 0.999409133671316 0.999167273076487 0.999409133671316 0.999409133671316 0.999167273076487 0.999413072204827 0.999409133671316 0.999167273076487
0.997035932226914 0.997035932226914 0.995580373880412 0.960660651759617 0.988030563520504 0.978624996231698 0.975880900052045 0.983180448487075 0.98373937746428 0.992364284143461 0.97708519123333 0.990585330178425 0.987646026841659 0.974774802387259 0.982194347392665 0.983467869502172 0.985988146689429 0.991523433651749 0.98278327009681 0.994840513540095 0.98183567049006 0.987032455734623 0.98315046415423 0.98522882988754 0.978605870665533 0.974913404171277 0.978468782040691 0.999167273076487 0.999413072061048 0.999167273076487 0.999167273076487 0.999413072204827 0.99940914052476 0.99940914052476 0.99940914052476 0.999167278251262 0.999413072061048 0.999167278251262 0.999413072061048 0.999413072061048 0.999167278251262 0.999413072061048 0.999167278251262 0.999167278251262 0.999413072061048
0.99703593122816 0.99703593122816 0.995557249994876 0.99533623213928 0.976764538194805 0.986874608253271 0.983500994245634 0.98240082337441 0.982050147363206 0.99293138313124 0.982784243271775 0.995507028431682 0.99588511198494 0.996016651602708 0.996126685665408 0.994714121670653 0.996915806799112 0.99366035779152 0.997380147579396 0.996309222472095 0.997472106278387 0.985246362198307 0.996460764223859 0.981644241052022 0.978031446561705 0.982158040458859 0.999413072061048 0.999409148576359 0.999409148576359 0.999409148576359 0.999409148576359 0.999409148576359 0.999167284288499 0.999167284288499 0.999413071869343 0.999413072061048 0.999167278251262 0.999409148576359 0.999409148576359 0.999413071869343 0.999413072061048 0.999413071869343 0.999409148576359 0.999167284288499 0.999167284288499
0.973778026630512 0.993925314154252 0.984610218684514 0.995310018173101 0.978984687830048 0.982532447935569 0.982237512653723 0.991283794503006 0.981276508878836 0.993378982624921 0.992468995493689 0.982358256812606 0.981252180875836 0.983322836592977 0.988827132174436 0.990380814853058 0.99689526466497 0.99689526466497 0.99738018885132 0.99738018885132 0.997455264381075 0.996460790158622 0.997487812590016 0.982607710775154 0.991623242029411 0.973758056445145 0.999413071869343 0.999413071677637 0.9991672911882 0.9991672911882 0.999413071677637 0.9991672911882 0.999413071677637 0.999413071677637 0.9991672911882 0.999167284288499 0.999409157921965 0.999413071869343 0.999409157921965 0.999409157921965 0.9991672911882 0.999409157921965 0.999409157921965 0.999413071869343 0.9991672911882
0.960640434202317 0.993708991794244 0.981609053120123 0.995236378574792 0.978031408602507 0.974021138160002 0.992716101822832 0.991794816503374 0.98321731253314 0.992071233682147 0.987286291871386 0.982577112419303 0.980619282586149 0.973681695754234 0.981459874994914 0.983830919167177 0.995626607190844 0.996895319580721 0.980713126845562 0.972853379814336 0.986794562143991 0.982418243024455 0.996484884353403 0.95627116236552 0.992430919573403 0.99276555769011 0.999413071677637 0.999409168417799 0.999167298950362 0.999409168417799 0.999167298950362 0.999413071438005 0.999167298950362 0.999167298950362 0.9991672911882 0.999409168417799 0.999409168417799 0.999409168417799 0.999167298950362 0.999413071677637 0.999413071438005 0.999413071438005 0.999167298950362 0.999409168417799 0.999413071677637
0.973862307638441 0.993625868594797 0.979058065206908 0.972436905766668 0.993065584449462 0.993313525203676 0.993127876877499 0.982598579719838 0.98226977656709 0.97746399044996 0.984733290490627 0.979223583661607 0.986659334781978 0.979715601711854 0.981729336172554 0.987089040723237 0.986780066214125 0.981837425762544 0.983585199583608 0.980911671063231 0.989633052299283 0.98465470630681 0.969915602222283 0.997507932832276 0.99770614604856 0.997711965829574 0.999167307574988 0.999413071198374 0.999167298950362 0.999409180255567 0.999409180255567 0.999409180255567 0.999409180255567 0.999409180255567 0.999409180255567 0.999167307574988 0.999413071198374 0.999409180255567 0.999409180255567 0.999413071438005 0.999413071198374 0.999409180255567 0.999413071198374 0.999167307574988 0.999167307574988
