Model input/Uganda/survival/sedimentation/sedimentation_restime_1nov.asc
NCOLS 67 
NROWS 67 
XLLCORNER 29.500000001 
YLLCORNER -1.499999999 
CELLSIZE 0.0833333332985075 
NODATA_value -9999 
[rows 0 to 19 of 67, columns 0 to 44 of 67]
-9999.000000000000000 -9999 -9999 -9999 -9999 -9999 -9999 -9999 -9999 -9999 -9999 -9999 -9999 -9999 -9999 -9999 -9999 -9999 -9999 -9999 -9999 -9999 -9999 -9999 -9999 -9999 -9999 -9999 -9999 -9999 -9999 0.97353849296159 0.981191702431639 -9999 -9999 -9999 -9999 -9999 -9999 -9999 -9999 -9999 -9999 -9999 -9999
-9999 -9999 -9999 -9999 -9999 -9999 -9999 -9999 -9999 -9999 -9999 -9999 -9999 -9999 -9999 -9999 -9999 -9999 -9999 -9999 -9999 -9999 -9999 -9999 -9999 -9999 -9999 -9999 -9999 0.981674667211924 0.97998638527455 0.980365346619749 0.983289137836712 0.972759420570798 0.973065846176241 0.9807561205551 0.984747828310968 0.977218409075788 0.978565623449453 0.980053220427727 -9999 -9999 -9999 -9999 -9999
-9999 -9999 -9999 -9999 -9999 -9999 -9999 -9999 -9999 -9999 -9999 -9999 -9999 -9999 -9999 -9999 -9999 -9999 -9999 -9999 -9999 -9999 -9999 -9999 -9999 -9999 -9999 -9999 -9999 0.990265124714387 0.978678124395934 0.989412988060803 0.993816928188125 0.995405836636517 0.980238580868503 0.992718397929018 0.994447559570694 0.993665547665921 0.991248416371683 0.98866020196802 0.980187342478008 0.975896251563368 0.98232634941404 -9999 -9999
-9999 -9999 -9999 -9999 -9999 -9999 -9999 -9999 -9999 -9999 -9999 -9999 -9999 -9999 -9999 -9999 -9999 -9999 -9999 -9999 -9999 -9999 -9999 -9999 -9999 0.982089789489975 -9999 -9999 -9999 0.987036429240291 0.977816720386654 0.994286725050452 0.98021627853609 0.972038877853404 0.993311279271386 0.986431349554712 0.982492387146894 0.982831393156878 0.984211274394323 0.984669470834976 0.982796686158862 0.976787408679069 0.988716310071976 -9999 -9999
-9999 -9999 -9999 -9999 -9999 -9999 -9999 -9999 -9999 -9999 -9999 -9999 -9999 -9999 -9999 -9999 -9999 -9999 -9999 -9999 -9999 -9999 0.984530479367553 -9999 -9999 0.980989623618197 -9999 -9999 -9999 0.999468875274978 0.998657423924524 0.998593254874971 0.990197683683957 0.988499435335573 0.984413848866421 0.972924625290799 0.982630970576245 0.983820823582721 0.986053881999428 0.981134597965856 0.984650237035596 0.979682538259064 0.990670509271014 0.979890594377369 -9999
-9999 -9999 -9999 -9999 -9999 -9999 -9999 -9999 -9999 -9999 -9999 -9999 -9999 -9999 -9999 -9999 -9999 -9999 -9999 -9999 -9999 0.983375431967065 0.989715147242006 0.986608935631156 0.98866863382233 0.971374914472398 0.999506552128973 0.999508835612684 0.999311009005854 0.999513881465736 0.977737006036057 0.998589343764683 0.995935674752474 0.995718588919054 0.984159936799888 0.988977966510384 0.9914412228571 0.985224019118329 0.974387940943393 0.981444441183694 0.973569079903615 0.990887945933544 0.991743437111883 0.980217066985991 -9999
-9999 -9999 -9999 -9999 -9999 -9999 -9999 -9999 -9999 -9999 -9999 -9999 -9999 -9999 -9999 -9999 -9999 -9999 -9999 0.986131675735965 0.994207337298819 0.99465804986061 0.995561015467805 0.995859709408202 0.987883338225081 0.971646750672288 0.999508836531995 0.99950650695745 0.999511575838217 0.999513882336317 0.996158495304408 0.978916957796239 0.997909375426429 0.982803473093371 0.993812979712487 0.993910833296364 0.993545143714285 0.991382953510457 0.982336609611593 0.986667549165035 0.988795326857417 0.992246152755683 0.994314834462125 0.968926039425109 -9999
-9999 -9999 -9999 -9999 -9999 -9999 -9999 -9999 -9999 -9999 -9999 -9999 -9999 -9999 -9999 -9999 -9999 0.989405519508353 0.991336098488985 0.990228448923462 0.984575811232894 0.983270422169231 0.981394139167458 0.995890313226321 0.96319568325416 0.992249993883712 0.999303681276762 0.975345008351624 0.989739748240266 0.99103125232954 0.996327299094964 0.99464477791957 0.998521628132106 0.981112723743564 0.979437046758287 0.985198961880207 0.989273976803195 0.985429740206743 0.982317166399143 0.981731735720919 0.987245392006459 0.980577368367301 0.992515689968518 0.979243155679957 0.969541054916665
-9999 -9999 -9999 -9999 -9999 -9999 -9999 -9999 -9999 -9999 -9999 -9999 -9999 -9999 -9999 -9999 -9999 0.989537133197349 0.980622511125717 0.985388105901375 0.984989191439808 0.986014981830201 0.990704796833185 0.996321130160136 0.996395618324869 0.999303009058673 0.984019594295175 0.983789352928561 0.988048088268737 0.990188269509758 0.996261215870393 0.996142278504943 0.985407447314843 0.997897794971871 0.983846690284058 0.986004761306007 0.980313546557485 0.985960936982818 0.981643632239648 0.981800571200907 0.981475860160702 0.997157207656322 0.980351285559315 0.987190207375247 0.979259732308132
-9999 -9999 -9999 -9999 -9999 -9999 -9999 -9999 -9999 -9999 -9999 -9999 -9999 -9999 -9999 -9999 -9999 0.991654469686753 0.992605376264593 0.994132693486536 0.988477017592685 0.987549573027482 0.9866322855474 0.97566349337814 0.999298783732368 0.986409066278627 0.987786013017946 0.981659580966399 0.983646652962565 0.993932292434358 0.99597089014832 0.985523083016323 0.994281910736109 0.998513734249628 0.998496495380379 0.982567357897711 0.980686724825497 0.989499600558235 0.985852454180094 0.98749162656303 0.996109910843426 0.997161955200673 0.995081750516119 0.989276433936131 0.98027628374051
-9999 -9999 -9999 -9999 -9999 -9999 -9999 -9999 -9999 -9999 -9999 -9999 -9999 -9999 -9999 -9999 0.987341419084466 0.990589891408379 0.994872377818547 0.996062739172339 0.996436702593472 0.996461886292025 0.995414926593427 0.991410766287084 0.99950531903185 0.994008922408996 0.985756217510422 0.979773470316473 0.985987127731059 0.992094129185346 0.994445604448024 0.980427059250829 0.995737008102882 0.987194783541615 0.983152405842229 0.997871468270951 0.992961892583681 0.986072974075666 0.996362258550527 0.997398839952304 0.986895752824395 0.981993915117041 0.981484718099645 0.994769045502413 0.996007805206652
-9999 -9999 -9999 -9999 -9999 -9999 -9999 -9999 -9999 -9999 -9999 -9999 -9999 -9999 -9999 -9999 0.986871579016992 0.991226809971249 0.985824041872757 0.984613463699819 0.987706711141221 0.974266439093174 0.977034464804884 0.999296813209446 0.988332774943412 0.9935830588968 0.99287926127096 0.986397596929684 0.986840498942564 0.990918819215512 0.993590062612904 0.991670791523558 0.99540170415851 0.98736342209389 0.987531253040926 0.998116247793348 0.996628212143896 0.997595864495272 0.993834112058708 0.983109596157874 0.987651689870253 0.990192705265749 0.981042330837954 0.99055097348146 0.980956892824832
-9999 -9999 -9999 -9999 -9999 -9999 -9999 -9999 -9999 -9999 -9999 -9999 -9999 -9999 -9999 0.985315330212932 0.98891764197704 0.987241450905668 0.989980192315133 0.990840663161477 0.981745236999935 0.981181318721151 0.999500717387275 0.999500718191311 0.987109300087608 0.982161227295508 0.987223711736067 0.981918376699703 0.987025137165342 0.989674674255798 0.988279526329057 0.98828647269464 0.994757019516708 0.976988592097401 0.984786063749067 0.991733638632846 0.997259357077345 0.982497377328242 0.987072026783135 0.989728383129035 0.976060361893426 0.986913992906406 0.981673321340407 0.988370554411629 0.971194845567724
-9999 -9999 -9999 -9999 -9999 -9999 -9999 -9999 -9999 -9999 -9999 -9999 -9999 -9999 -9999 -9999 0.988049217985601 0.987441310453315 0.986051748037785 0.987767803731025 0.991111167341687 0.971759334029349 0.999292081972531 0.999500718910712 0.987035523545359 0.982710484509444 0.98741240886974 0.987844349005868 0.983124876174699 0.983803641026409 0.984542815479945 0.98956831396733 0.994576014124082 0.991409264697587 0.978419857036022 0.985313944757087 0.99805902250083 0.983038173175215 0.983591069277022 0.992204648424585 0.986736704501312 0.982714069296322 0.982209229486784 0.98642519675302 0.980056737434659
-9999 -9999 -9999 -9999 -9999 -9999 -9999 -9999 -9999 -9999 -9999 -9999 -9999 -9999 -9999 -9999 -9999 0.987011661806009 0.990981378630985 0.992798382868374 0.993076830914612 0.995387704947443 0.999499275855152 0.989072483504229 0.990854485253567 0.9925031017735 0.982576376149669 0.988900559876332 0.984926667065194 0.985079853903203 0.979314161804666 0.986001711341658 0.992914241120861 0.989877725252967 0.986236361034697 0.985620369991792 0.992714727679719 0.997159481090602 0.984341266738212 0.983658784860078 0.995453702363956 0.982961241918985 0.984207245461347 0.985032709094421 0.994857598674958
-9999 -9999 -9999 -9999 -9999 -9999 -9999 -9999 -9999 -9999 -9999 -9999 -9999 -9999 -9999 -9999 0.988718584290353 0.98723026239807 0.986082892106843 0.990133814802616 0.991065863032519 0.988159321688973 0.999497300441677 0.986143797896071 0.993890152420639 0.9954640196632 0.993760466417943 0.987507114412163 0.983484806284159 0.990593425383635 0.9866985036164 0.984672805365697 0.986039277963144 0.987383200927446 0.988085877652836 0.989488015793064 0.990964023171089 0.990615536327129 0.997090288398055 0.996900292426325 0.989462536047987 0.995408745746974 0.996563483172375 0.996473625277452 0.98462687470081
-9999 -9999 -9999 -9999 -9999 -9999 -9999 -9999 -9999 -9999 -9999 -9999 -9999 -9999 -9999 -9999 0.988274433242476 0.994143411326561 0.993117413473207 0.986253075123181 0.996522766771499 0.996870759775424 0.996875631845335 0.999287153638794 0.985889129227349 0.98158416165601 0.981812047935915 0.982086050546268 0.994044535412203 0.993418684891969 0.984036074949759 0.977893136173457 0.982787726897931 0.986586025766923 0.985699382643839 0.985864775720664 0.979227355800033 0.983847419677147 0.991987255545229 0.996193761326732 0.982397446910682 0.980665436978066 0.980743424447381 0.971849626033884 0.979959895844817
-9999 -9999 -9999 -9999 -9999 -9999 -9999 -9999 -9999 -9999 -9999 -9999 -9999 -9999 -9999 0.982539371360884 0.990068297973923 0.985296240851177 0.99496609834845 0.994952676199132 0.991064936103276 0.981764527242777 0.976266831939458 0.999491598007104 0.994381426470937 0.995636967714795 0.995285501053887 0.994792799821253 0.994470613721016 0.982773215121591 0.988680105567474 0.979353712819535 0.984507123927643 0.990457322223224 0.984582457705367 0.98444503837226 0.98408657587114 0.989825890365704 0.991065855646624 0.997293248978823 0.99725849978296 0.980687836156672 0.972642125124186 0.980892843911963 0.985032332969682
-9999 -9999 -9999 -9999 -9999 -9999 -9999 -9999 -9999 -9999 -9999 -9999 -9999 -9999 -9999 0.985392896934143 0.991871689089841 0.979009392585428 0.994314810440128 0.988335242033016 0.993454043876723 0.982083746181071 0.989317062327403 0.999491567883909 0.986425012530622 0.980215028852047 0.986564383626792 0.98460775652912 0.982220599797655 0.982737620092458 0.98817121687404 0.984995609987457 0.985382562086493 0.989276755707244 0.994577747806614 0.984191806907243 0.984916781793398 0.98360775627475 0.976333106082891 0.987732034320404 0.992394403995116 0.9958666092266 0.979526213099448 0.986445246947794 0.987778474972739
-9999 -9999 -9999 -9999 -9999 -9999 -9999 -9999 -9999 -9999 -9999 -9999 -9999 -9999 -9999 0.984304610581735 0.992330819386641 0.991624642107373 0.977164687386959 0.98758105634479 0.981939271615135 0.972729443871377 0.982999852973566 0.984702405594066 0.999275445342477 0.980089759038553 0.990164086208284 0.986207129700725 0.975081516156607 0.994569123727492 0.992435694734673 0.991056992158985 0.987270432849523 0.991162268547148 0.993503513937759 0.989428785887153 0.985233250321346 0.982340537815643 0.982773808190418 0.982813460051202 0.98886615144483 0.985634931070543 0.995777215934158 0.996675962209768 0.987564418082392
