Model input/Uganda/survival/sedimentation/sedimentation_restime_1jan.asc
NCOLS 67 
NROWS 67 
XLLCORNER 29.500000001 
YLLCORNER -1.499999999 
CELLSIZE 0.0833333332985075 
NODATA_value -9999 
[rows 40 to 59 of 67, columns 0 to 44 of 67]
0.970973618559851 0.975111323598521 0.997949591237907 0.997977679434354 0.965173186362751 0.990952261501185 0.974409261293545 0.980295974390041 0.975449663769212 0.98281689686205 0.981188756897305 0.985772076561919 0.978990452949785 0.991057709884076 0.985400892762758 0.993849246340476 0.991663580786692 0.990231412654766 0.983614408730808 0.983142994919333 0.982362119341265 0.981478672210598 0.982366316068918 0.973497506718535 0.96885995972016 0.978753508261247 0.982167041079992 0.986843873261687 0.981337377486759 0.975811008986189 0.984982221882829 0.980645656192848 0.995976931391586 0.981941951943966 0.982387507661953 0.990870199755104 0.982205608114123 0.976012470366494 0.982896493688717 0.991646467760811 0.992540101234845 0.983200049461338 0.999393052108546 0.989300003551602 0.989126421782605
0.980939170415871 0.980704088427935 0.997936302335453 0.988803248157221 0.988373209563307 0.989531322483117 0.97523912630353 0.981100476534683 0.98481954192151 0.991085154304228 0.989037602674885 0.983045839596498 0.97940162749412 0.985901644372117 0.983822205403569 0.99150029826988 0.983402471971018 0.986463395502639 0.989742447478696 0.991574096684953 0.988585674634451 0.987238970710252 0.982619541619412 0.981626182341075 0.966154704434996 0.976246162383624 0.968704355549802 0.980747041969118 0.971895762714119 0.980570051195765 0.984451054517921 0.986563406797151 0.995649819647625 0.97849487077851 0.979591610756051 0.980041597798665 0.979944683879839 0.982662560684154 0.990406297975156 0.987328400999639 0.994373177861125 0.990636565988577 0.999392978937641 0.985583558377079 0.99145287611869
0.970056852101962 0.967845619766063 0.997904536009518 0.964012083946113 0.987653677300697 0.987134902100334 0.971386632934941 0.986475145385337 0.989275718060022 0.982975437416637 0.984295161981848 0.993206885819804 0.987825246598891 0.983212414913983 0.982735631341354 0.981016902638956 0.981556684888643 0.984918760400053 0.980330489478677 0.981049833903925 0.971991086110989 0.980172758167849 0.980705295892999 0.978619461870933 0.963886604688201 0.988381857883566 0.981976825533956 0.9783982452536 0.973982366142878 0.967860709861303 0.981729472072405 0.982762689578492 0.995520722805072 0.993298911424119 0.987721152335296 0.979354003031427 0.980371951284895 0.982181938441637 0.992407060538267 0.982659586052481 0.992957799587618 0.989430282398295 0.999392903603026 0.999388719207637 0.983557827082851
0.997831656060205 0.99702256886666 0.978749499755999 0.97795306819527 0.983175510655272 0.981189538513259 0.978561117696339 0.979939019682137 0.986449268583332 0.985667934431991 0.98811408614337 0.993516884468221 0.994270834184495 0.975300842556053 0.964580838804612 0.950507714746595 0.978894371829924 0.96576786062947 0.970494282566722 0.973191657242593 0.96685786947673 0.982793816787308 0.984128052119542 0.966015043878735 0.957454726281886 0.984372204667359 0.954624339313785 0.968978160441558 0.988175462435669 0.993204473773331 0.980273374161868 0.979558102908251 0.994138931833886 0.983445725585349 0.987252818248436 0.989722628186051 0.982752510360025 0.985996602777915 0.982844301231267 0.983125395902537 0.992523257206116 0.987787278773128 0.974675987700167 0.999392696820169 0.984324739041351
0.997840803788376 0.991658413711906 0.99111754106974 0.988824583236946 0.982027743510017 0.969140029347126 0.963456151386799 0.976239918594804 0.981107545271149 0.992069483735942 0.990814562436389 0.9792174655754 0.994580280605248 0.984355958230688 0.975757967881121 0.955599861400291 0.966122339311501 0.967937560325882 0.975367515283078 0.98217359171934 0.977398110381893 0.990634362958896 0.96794186894934 0.977745783794888 0.986471029882595 0.979471920073892 0.973951771030782 0.994608539556138 0.98457387041846 0.990371140207372 0.979846430319979 0.973415456476637 0.988466389804791 0.98977034214298 0.991323616828762 0.983418814360292 0.978457987977557 0.988448460706078 0.983952184562292 0.986692303471297 0.991155619549282 0.984968152913414 0.999137996748727 0.999137996748727 0.999137992320259
0.997826287364577 0.987492988683542 0.986006398279632 0.984145296621476 0.98559993629818 0.971506005958927 0.984826065876549 0.987483115023689 0.977394695586051 0.992990141080411 0.991253502169176 0.960856764080009 0.994645744900993 0.967477877991243 0.975376648452117 0.966392062651347 0.984806756405845 0.971308996755742 0.974324858342748 0.988295990892821 0.978804453971082 0.991611047829648 0.990047183053147 0.99184875474984 0.979237280761388 0.973355323836147 0.978180166537191 0.992358322725544 0.993158952628272 0.993158952628272 0.983977360812438 0.981608652656814 0.98457327620478 0.984137862258048 0.980834898427963 0.983897525932876 0.985280007448562 0.99939243494889 0.999137992320259 0.979457593132467 0.985293861459755 0.979743204048012 0.999388352050936 0.999388352050936 0.999137988679074
0.992223397641097 0.996875224576749 0.982009012476139 0.976510737082366 0.983691678496439 0.980148680593479 0.982619837109446 0.987480837008664 0.997101030971509 0.994705933765982 0.99177820936304 0.974589851080298 0.992495490699326 0.985282004490055 0.986402337461439 0.987898212652771 0.993299577589936 0.993572657968053 0.994871653303914 0.995482077688881 0.995627554650323 0.99675336632595 0.995558560797777 0.981679023933871 0.975483658247136 0.976084800268578 0.992682929344156 0.974928000612584 0.976411563014889 0.980804432290832 0.981314585048472 0.981627046203762 0.981564096720699 0.986540201558014 0.999137988679074 0.999392435096543 0.999137988679074 0.999392435096543 0.999388347621358 0.999388347621358 0.999392435096543 0.999137988679074 0.999388347621358 0.999392435096543 0.99939243514576
0.978362535890503 0.997719370144001 0.987951140856851 0.984369112749805 0.984139772934796 0.987809632301082 0.997120382087916 0.997120382087916 0.997120382087916 0.997120382087916 0.995140500647021 0.996534529300429 0.995573026577655 0.995540632943162 0.975576915006187 0.97606829919847 0.991048373382252 0.981982389973402 0.991738578281136 0.979562012251195 0.988867913760142 0.981732386825683 0.986524117472369 0.995810658805731 0.987178215731694 0.992896165950059 0.97737363490992 0.975096457897899 0.968086402159987 0.981788590106863 0.980883467854749 0.986413673738336 0.999137986021993 0.999137986021993 0.999388344422219 0.999137986021993 0.99939243514576 0.99939243514576 0.999388344422219 0.99939243514576 0.99939243514576 0.999388344422219 0.999388344422219 0.999137984250606 0.999392435194978
0.985977851028903 0.997710723124281 0.997684062284556 0.997668474828744 0.992012230922336 0.975816270953725 0.997101006551263 0.995916330995477 0.997101006551263 0.995916330995477 0.978105120687858 0.985426007804848 0.974368862759393 0.991353092260759 0.992828091758477 0.991578779109899 0.987445170149227 0.9586377121267 0.991533502309081 0.972053856393878 0.990967178149217 0.977093394374674 0.980312814907196 0.977400534628654 0.997430037592585 0.997693918634504 0.997725009694465 0.997759240567407 0.996924325420087 0.986425419780087 0.999392435194978 0.999137984250606 0.999388342453518 0.999392435194978 0.999392435194978 0.999137984250606 0.999388342453518 0.999388342453518 0.999388342453518 0.999388342453518 0.999388342453518 0.999388342453518 0.999388342453518 0.999388342453518 0.999392435194978
0.997684062284556 0.997684062284556 0.997684062284556 0.997684062284556 0.997684062284556 0.963486662384693 0.96707116126968 0.960268782258452 0.995916326767664 0.997120382087916 0.972447120007403 0.970445903215274 0.985034758075792 0.979603684211344 0.993829307316219 0.990707275591016 0.978434434340306 0.978430450103851 0.991188284186249 0.990623791243605 0.974534961713355 0.985976330237216 0.969132852663788 0.971621165273884 0.991117042566005 0.985085736786379 0.989705865761375 0.97794850565741 0.99938834181369 0.99938834181369 0.999137983364912 0.99938834181369 0.999392435194978 0.999392435194978 0.999392435194978 0.99938834181369 0.99938834181369 0.999392435194978 0.999392435194978 0.999392435194978 0.999392435194978 0.99938834181369 0.999137983364912 0.999392435194978 0.999392435194978
0.996715313471335 0.997684062284556 0.997668474828744 0.997684062284556 0.997668474828744 0.956534836500589 0.996121970493212 0.997114125010144 0.997120382087916 0.973397631021979 0.972164464828701 0.972987451020344 0.988789559746196 0.979829634143423 0.993652747672313 0.989374579639024 0.977610666563594 0.981834079919816 0.96689096600749 0.990165799707801 0.97500189487511 0.989373686448307 0.976134956271251 0.971967994169299 0.993163802459716 0.980926439658872 0.992527918781516 0.979623585976238 0.999137983364912 0.999388342453518 0.999388342453518 0.999388342453518 0.999388342453518 0.999388342453518 0.999388342453518 0.999137983364912 0.999392435194978 0.999137983364912 0.999392435194978 0.999392435194978 0.999388342453518 0.999137984250606 0.999392435194978 0.999137984250606 0.999388342453518
0.997668482265449 0.996715320350595 0.997668482265449 0.997668482265449 0.997668482265449 0.997258079375394 0.96323561105968 0.98868572031746 0.9724932480861 0.977040322943436 0.968534248080781 0.974484743325722 0.981619943742916 0.973812233421096 0.992940138095155 0.973540978588191 0.982418781318729 0.97734052451641 0.975812443170983 0.986256398231368 0.977529717826412 0.984144593029534 0.97095176571804 0.980904223020406 0.992756021810285 0.969559592785984 0.990467488652123 0.980236970407042 0.999388344422219 0.999137986021993 0.99939243514576 0.999388344422219 0.999388344422219 0.99939243514576 0.99939243514576 0.99939243514576 0.999388344422219 0.999388344422219 0.999388344422219 0.999137986021993 0.999388344422219 0.999388344422219 0.999392435194978 0.99939243514576 0.999137986021993
0.997668494384524 0.99768406173368 0.996715330256728 0.996715330256728 0.997668494384524 0.974566774738858 0.951097341443846 0.991585789919328 0.968043208176164 0.954651218023706 0.966151258143799 0.94386136098982 0.981375312548424 0.982762246661856 0.988706383250861 0.981477231100918 0.978517162837295 0.967560373026542 0.97772875270159 0.979280652039684 0.978699743233638 0.979148189061396 0.978732112596631 0.987668572181958 0.991190674065317 0.977549187761452 0.986065022175302 0.972231667456881 0.984429309563671 0.97918297539048 0.999137988679074 0.999137986021993 0.999137988679074 0.999392435096543 0.999388347621358 0.999388347621358 0.999137988679074 0.999388347621358 0.999392435096543 0.999388347621358 0.999388347621358 0.999388347621358 0.999137988679074 0.999388347621358 0.999137988679074
0.996715344015248 0.997684061182805 0.996715344015248 0.996715344015248 0.997668511461403 0.95070982839542 0.961125459623349 0.991320544495433 0.990532561736026 0.980476517214279 0.97854414781724 0.979727781802626 0.972417463564479 0.979344817145225 0.978338291056759 0.978466701694519 0.969400768664435 0.97935183204324 0.980739216464082 0.980941346195794 0.977330054253066 0.965745548258452 0.970927743203676 0.975210178270473 0.987042144168174 0.977469121248081 0.98069116491061 0.982436414740393 0.989431583839545 0.991886833226709 0.999392435096543 0.999388352050936 0.999388352050936 0.99939243494889 0.99939243494889 0.999388352050936 0.999137988679074 0.999392435096543 0.999388352050936 0.999388352050936 0.999137992320259 0.99939243494889 0.99939243494889 0.999137992320259 0.999388352050936
0.997684060907367 0.996715361075812 0.997684060907367 0.996715361075812 0.958689416601477 0.974945440919718 0.979070424824132 0.981017485051738 0.978827080886009 0.981161798093073 0.979356763973867 0.984906151220068 0.980353733220449 0.979704194667334 0.97973204530877 0.978585560863079 0.978590250911574 0.984591946630258 0.980139270601137 0.993159475391942 0.988101889321708 0.984784097792623 0.980721880403674 0.971126539414046 0.980234490935535 0.969577627343137 0.972974675725504 0.999388357858605 0.999137992320259 0.99939243494889 0.99939243494889 0.999388357858605 0.999137992320259 0.999137996748727 0.99939243494889 0.999137992320259 0.999388357858605 0.999388357858605 0.999137996748727 0.999388357858605 0.999388357858605 0.999137996748727 0.999392434850454 0.999388357858605 0.999137996748727
0.997684060356491 0.997684060356491 0.995246576772224 0.959952608446765 0.987627430222426 0.977081432925466 0.974632560128153 0.981927328333169 0.98192248318117 0.989989205838038 0.973665306730521 0.987684890864792 0.985770085563245 0.970721049314128 0.978794405179203 0.981085927972627 0.98361499054731 0.990209234373149 0.978789546264452 0.993159474127494 0.97489039737539 0.981618403611253 0.974721214514493 0.975783858512726 0.966152505781436 0.967003634980749 0.977343510848907 0.999137996748727 0.999392434702801 0.999137996748727 0.999137996748727 0.999392434850454 0.99938836494593 0.99938836494593 0.99938836494593 0.999138002062889 0.999392434702801 0.999138002062889 0.999392434702801 0.999392434702801 0.999138002062889 0.999392434702801 0.999138002062889 0.999138002062889 0.999392434702801
0.997684059530178 0.997684059530178 0.995215004294807 0.994996531121315 0.975640820929636 0.986492090063518 0.983124621390586 0.981914025066863 0.98069436019686 0.991140453935364 0.980929455733949 0.994803672389723 0.995263895966278 0.995414200853931 0.995543433388225 0.993961515121456 0.996504366797141 0.992654047248938 0.996960592543361 0.995718533323806 0.997059172279553 0.980219843624941 0.995954847817229 0.975042126211655 0.977553578811117 0.975497580779759 0.999392434702801 0.999388373312911 0.999388373312911 0.999388373312911 0.999388373312911 0.999388373312911 0.999138008361156 0.999138008361156 0.99939243450593 0.999392434702801 0.999138002062889 0.999388373312911 0.999388373312911 0.99939243450593 0.999392434702801 0.99939243450593 0.999388373312911 0.999138008361156 0.999138008361156
0.974354843423352 0.992038905339736 0.981296036595762 0.994965920887796 0.977745556763325 0.982280120681094 0.981936677469508 0.990882740532034 0.98079397924764 0.991969670692332 0.991471777231843 0.980584443477854 0.978540786302176 0.97950354801169 0.986998786049287 0.988904077267068 0.996481089383679 0.996481089383679 0.99696064049112 0.99696064049112 0.997039583498255 0.995954877197993 0.997128496033977 0.982333923135839 0.989475064502859 0.973169959644961 0.99939243450593 0.999392434309059 0.999138015545115 0.999138015545115 0.999392434309059 0.999138015545115 0.999392434309059 0.999392434309059 0.999138015545115 0.999138008361156 0.999388382959547 0.99939243450593 0.999388382959547 0.999388382959547 0.999138015545115 0.999388382959547 0.999388382959547 0.99939243450593 0.999138015545115
0.956830244886868 0.991589739255379 0.974773302498644 0.994883734154625 0.977572742775491 0.972966043007587 0.992438158743416 0.991440722345981 0.982428171617158 0.990895707488366 0.986313192436087 0.98054190677685 0.97729705238763 0.968911294269273 0.978018535146915 0.980763088109897 0.995043612847681 0.996481151730131 0.978655012818488 0.966055400832242 0.983108738161213 0.977106949157758 0.995993348349932 0.956664613040882 0.991013361996097 0.991522186007642 0.999392434309059 0.999388393836622 0.999138023516358 0.999388393836622 0.999138023516358 0.99939243406297 0.999138023516358 0.999138023516358 0.999138015545115 0.999388393836622 0.999388393836622 0.999388393836622 0.999138023516358 0.999392434309059 0.99939243406297 0.99939243406297 0.999138023516358 0.999388393836622 0.999392434309059
0.967169750042554 0.991435896614902 0.964742817882353 0.958948509326841 0.992558829258086 0.993031946456447 0.992839719861939 0.981127687071385 0.981386193353637 0.975731500235801 0.9828818060415 0.977795191619936 0.98463200840157 0.977173884853804 0.978870933832347 0.985622363763518 0.984522255741206 0.97808034470423 0.979331215813612 0.975679823160075 0.986784290720482 0.97954066771572 0.969410167507874 0.997182720922108 0.997383148501968 0.99740968643984 0.999138032471706 0.999392433816882 0.999138023516358 0.999388406091788 0.999388406091788 0.999388406091788 0.999388406091788 0.999388406091788 0.999388406091788 0.999138032471706 0.999392433816882 0.999388406091788 0.999388406091788 0.99939243406297 0.999392433816882 0.999388406091788 0.999392433816882 0.999138032471706 0.999138032471706
