Archive - glowpa-model-master/Model input/Uganda/oocysts/diffuse_streaminput_human_cryptosporidium1sep.asc
NCOLS 67 
NROWS 67 
XLLCORNER 29.5 
YLLCORNER -1.5 
CELLSIZE 0.0833333333333334 
NODATA_value -9999 
-9999.000000000000000 -9999 -9999 -9999 -9999 -9999 -9999 -9999 -9999 -9999 -9999 -9999 -9999 -9999 -9999 -9999 -9999 -9999 -9999 -9999 -9999 -9999 -9999 -9999 -9999 -9999 -9999 -9999 -9999 -9999 -9999 0 0 -9999 -9999 -9999 -9999 -9999 -9999 -9999 -9999 -9999 -9999 -9999 -9999 -9999 -9999 -9999 -9999 -9999 -9999 -9999 -9999 -9999 -9999 -9999 -9999 -9999 -9999 -9999 -9999 -9999 -9999 -9999 -9999 -9999 -9999
-9999 -9999 -9999 -9999 -9999 -9999 -9999 -9999 -9999 -9999 -9999 -9999 -9999 -9999 -9999 -9999 -9999 -9999 -9999 -9999 -9999 -9999 -9999 -9999 -9999 -9999 -9999 -9999 -9999 0 0 0 0 0 0 0 0 0 0 0 -9999 -9999 -9999 -9999 -9999 -9999 -9999 -9999 -9999 -9999 -9999 -9999 -9999 -9999 -9999 -9999 -9999 -9999 -9999 -9999 -9999 -9999 -9999 -9999 -9999 -9999 -9999
-9999 -9999 -9999 -9999 -9999 -9999 -9999 -9999 -9999 -9999 -9999 -9999 -9999 -9999 -9999 -9999 -9999 -9999 -9999 -9999 -9999 -9999 -9999 -9999 -9999 -9999 -9999 -9999 -9999 0 0 0 0 0 0 0 0 0 0 0 0 1 6 -9999 -9999 -9999 -9999 -9999 -9999 -9999 -9999 -9999 -9999 -9999 -9999 -9999 -9999 -9999 -9999 -9999 -9999 -9999 -9999 -9999 -9999 -9999 -9999
-9999 -9999 -9999 -9999 -9999 -9999 -9999 -9999 -9999 -9999 -9999 -9999 -9999 -9999 -9999 -9999 -9999 -9999 -9999 -9999 -9999 -9999 -9999 -9999 -9999 0 -9999 -9999 -9999 0 0 0 0 0 0 0 1 3 1 2 3 18 41 -9999 -9999 -9999 -9999 -9999 -9999 -9999 -9999 -9999 20 16 11 -9999 -9999 -9999 -9999 -9999 -9999 -9999 -9999 -9999 -9999 -9999 -9999
-9999 -9999 -9999 -9999 -9999 -9999 -9999 -9999 -9999 -9999 -9999 -9999 -9999 -9999 -9999 -9999 -9999 -9999 -9999 -9999 -9999 -9999 37 -9999 -9999 2 -9999 -9999 -9999 0 0 0 0 0 4 10 19 22 23 30 26 21 45 15 -9999 -9999 -9999 -9999 -9999 -9999 -9999 -9999 41 42 21 76 67 -9999 -9999 -9999 -9999 -9999 -9999 -9999 -9999 -9999 -9999
-9999 -9999 -9999 -9999 -9999 -9999 -9999 -9999 -9999 -9999 -9999 -9999 -9999 -9999 -9999 -9999 -9999 -9999 -9999 -9999 -9999 62 73 59 18 10 18 14 3 1 0 0 1 4 7 13 23 41 36 28 13 29 16 19 -9999 -9999 -9999 -9999 -9999 -9999 -9999 15 20 23 126 92 129 17 1 -9999 -9999 -9999 -9999 -9999 -9999 -9999 -9999
-9999 -9999 -9999 -9999 -9999 -9999 -9999 -9999 -9999 -9999 -9999 -9999 -9999 -9999 -9999 -9999 -9999 -9999 -9999 128 103 167 158 116 14 7 3 12 4 9 12 3 3 5 7 14 32 28 32 35 50 23 14 11 -9999 -9999 -9999 15 -9999 -9999 7 9 23 19 54 125 42 8 9 -9999 -9999 -9999 -9999 -9999 -9999 -9999 -9999
-9999 -9999 -9999 -9999 -9999 -9999 -9999 -9999 -9999 -9999 -9999 -9999 -9999 -9999 -9999 -9999 -9999 204 144 108 152 296 131 28 3 8 20 45 49 18 31 10 8 7 9 10 30 20 25 41 59 27 29 13 8 -9999 -9999 16 5 2 6 9 32 18 10 73 21 7 -9999 -9999 -9999 -9999 -9999 -9999 -9999 -9999 -9999
-9999 -9999 -9999 -9999 -9999 -9999 -9999 -9999 -9999 -9999 -9999 -9999 -9999 -9999 -9999 -9999 -9999 148 122 152 86 185 126 16 12 18 74 128 40 31 20 19 13 9 9 15 14 48 28 34 49 42 32 16 16 15 27 19 4 6 8 14 42 30 19 48 11 15 -9999 -9999 -9999 -9999 -9999 -9999 -9999 -9999 -9999
-9999 -9999 -9999 -9999 -9999 -9999 -9999 -9999 -9999 -9999 -9999 -9999 -9999 -9999 -9999 -9999 -9999 139 151 186 154 113 83 8 10 21 36 40 22 12 36 35 17 11 12 8 15 16 12 43 41 34 42 44 39 31 21 8 10 11 11 19 22 35 15 32 8 12 7 -9999 -9999 -9999 -9999 -9999 -9999 -9999 -9999
-9999 -9999 -9999 -9999 -9999 -9999 -9999 -9999 -9999 -9999 -9999 -9999 -9999 -9999 -9999 -9999 131 198 207 115 91 54 92 34 8 35 19 28 16 15 50 23 14 12 8 8 9 13 12 32 28 75 34 47 30 13 8 14 16 14 18 33 17 14 71 48 6 15 6 -9999 -9999 -9999 -9999 -9999 -9999 -9999 -9999
-9999 -9999 -9999 -9999 -9999 -9999 -9999 -9999 -9999 -9999 -9999 -9999 -9999 -9999 -9999 -9999 262 266 144 59 55 39 40 56 14 18 19 19 10 14 36 31 11 12 14 10 28 25 19 23 42 36 25 43 30 20 9 54 11 13 17 19 18 21 88 69 36 18 6 -9999 -9999 -9999 -9999 -9999 -9999 -9999 -9999
-9999 -9999 -9999 -9999 -9999 -9999 -9999 -9999 -9999 -9999 -9999 -9999 -9999 -9999 -9999 148 456 415 164 94 49 54 91 40 18 18 19 17 17 15 22 72 24 28 14 18 26 19 19 30 30 43 34 39 17 42 51 36 8 8 28 38 37 64 104 131 82 68 21 14 -9999 -9999 -9999 -9999 -9999 -9999 -9999
-9999 -9999 -9999 -9999 -9999 -9999 -9999 -9999 -9999 -9999 -9999 -9999 -9999 -9999 -9999 -9999 282 160 43 40 14 24 21 8 23 22 22 20 13 13 33 78 28 34 37 27 40 42 52 23 34 72 31 16 18 34 55 35 7 7 15 16 55 77 62 124 116 72 21 20 -9999 -9999 -9999 -9999 -9999 -9999 -9999
-9999 -9999 -9999 -9999 -9999 -9999 -9999 -9999 -9999 -9999 -9999 -9999 -9999 -9999 -9999 -9999 -9999 78 54 20 17 26 7 21 19 20 24 24 13 14 52 74 63 77 32 38 28 32 33 27 37 78 69 57 25 12 31 26 7 4 6 8 27 47 77 57 100 57 27 31 13 -9999 -9999 -9999 -9999 -9999 -9999
-9999 -9999 -9999 -9999 -9999 -9999 -9999 -9999 -9999 -9999 -9999 -9999 -9999 -9999 -9999 -9999 122 67 56 24 16 15 15 16 16 11 12 12 9 11 21 41 97 261 93 21 16 20 42 48 36 66 84 36 32 21 28 33 12 30 17 7 42 37 51 64 46 58 42 25 15 -9999 -9999 -9999 -9999 -9999 -9999
-9999 -9999 -9999 -9999 -9999 -9999 -9999 -9999 -9999 -9999 -9999 -9999 -9999 -9999 -9999 -9999 99 38 39 46 14 9 28 21 6 10 12 18 11 26 32 19 67 100 40 34 18 31 41 56 66 44 40 27 18 27 31 28 30 72 5 7 23 47 21 9 25 38 56 38 23 15 17 -9999 -9999 -9999 -9999
-9999 -9999 -9999 -9999 -9999 -9999 -9999 -9999 -9999 -9999 -9999 -9999 -9999 -9999 -9999 44 134 31 33 49 24 16 31 3 4 5 9 13 19 91 23 15 30 49 42 77 53 34 36 38 57 33 60 51 57 68 28 16 21 29 39 25 8 17 3 8 38 45 33 34 24 22 55 -9999 -9999 -9999 -9999
-9999 -9999 -9999 -9999 -9999 -9999 -9999 -9999 -9999 -9999 -9999 -9999 -9999 -9999 -9999 88 97 40 39 102 35 22 29 44 2 6 6 9 17 66 9 8 9 29 70 65 24 23 41 49 79 57 22 42 36 39 23 12 4 74 53 58 20 17 8 6 19 47 16 39 30 62 28 5 -9999 -9999 -9999
-9999 -9999 -9999 -9999 -9999 -9999 -9999 -9999 -9999 -9999 -9999 -9999 -9999 -9999 -9999 36 81 164 81 97 77 33 36 110 20 2 2 6 3 8 5 3 42 25 28 38 35 36 57 72 98 98 38 51 38 62 23 19 23 16 9 14 23 20 13 10 5 4 23 55 46 29 55 -9999 -9999 -9999 -9999
-9999 -9999 -9999 -9999 -9999 -9999 -9999 -9999 -9999 -9999 -9999 -9999 -9999 -9999 -9999 0 50 60 51 96 91 38 17 43 5 6 5 4 10 3 3 3 12 15 24 36 42 45 109 94 98 132 53 32 26 59 56 31 15 23 6 10 11 15 25 14 6 11 46 33 54 23 67 104 65 -9999 -9999
-9999 -9999 -9999 -9999 -9999 -9999 -9999 -9999 -9999 -9999 -9999 -9999 -9999 -9999 -9999 0 0 0 1 71 96 68 16 8 17 3 7 24 26 18 7 4 8 35 43 21 49 39 72 78 119 110 41 39 69 32 19 18 21 15 9 9 7 20 13 9 15 33 44 55 22 49 93 83 -9999 -9999 -9999
-9999 -9999 -9999 -9999 -9999 -9999 -9999 -9999 -9999 -9999 -9999 -9999 -9999 -9999 -9999 -9999 0 0 0 0 23 43 55 54 55 19 19 22 26 22 13 19 30 91 50 42 44 104 136 85 173 103 65 39 31 47 48 19 17 27 11 12 7 7 10 56 96 61 99 69 23 65 -9999 -9999 -9999 -9999 -9999
-9999 -9999 -9999 -9999 -9999 -9999 -9999 -9999 -9999 -9999 -9999 -9999 -9999 -9999 -9999 -9999 -9999 0 0 0 0 0 57 57 40 11 20 20 24 22 14 19 50 102 20 24 32 68 96 86 50 56 77 61 57 51 48 22 22 30 30 28 12 13 18 13 71 30 133 96 29 94 -9999 -9999 -9999 -9999 -9999
-9999 -9999 -9999 -9999 -9999 -9999 -9999 -9999 -9999 -9999 -9999 -9999 -9999 -9999 -9999 0 0 0 0 0 0 0 4 37 29 9 18 20 21 17 14 31 86 70 26 31 90 47 70 77 53 30 30 22 34 29 30 43 28 32 32 36 16 44 42 16 10 4 39 35 62 84 25 -9999 -9999 -9999 -9999
-9999 -9999 -9999 -9999 -9999 -9999 -9999 -9999 -9999 -9999 -9999 -9999 -9999 -9999 -9999 0 0 0 0 0 0 0 0 30 17 19 24 17 23 23 23 56 70 42 20 72 65 32 83 81 60 43 20 23 37 80 40 50 46 22 35 34 23 46 23 30 22 46 31 25 67 40 38 -9999 -9999 -9999 -9999
-9999 -9999 -9999 -9999 -9999 -9999 -9999 -9999 -9999 -9999 -9999 -9999 -9999 -9999 -9999 0 0 0 0 0 0 0 74 47 24 15 29 18 35 79 42 26 18 27 32 22 43 23 50 71 45 38 53 34 65 74 64 67 37 31 24 48 27 88 35 22 17 27 25 35 110 95 -9999 -9999 -9999 -9999 -9999
-9999 -9999 -9999 -9999 -9999 -9999 -9999 -9999 -9999 -9999 -9999 -9999 -9999 -9999 -9999 0 0 0 0 0 0 20 71 30 3 5 36 35 34 93 61 21 21 20 31 18 14 42 6 8 20 33 22 75 56 30 50 24 39 84 36 13 8 56 32 17 10 30 29 48 53 37 -9999 -9999 -9999 -9999 -9999
-9999 -9999 -9999 -9999 -9999 -9999 -9999 -9999 -9999 -9999 -9999 -9999 -9999 -9999 0 0 0 0 0 0 0 20 44 45 12 13 31 36 24 10 34 13 12 10 28 12 19 13 7 40 61 47 47 42 44 46 17 30 51 211 70 8 40 46 21 25 10 21 37 48 73 64 15 -9999 -9999 -9999 -9999
-9999 -9999 -9999 -9999 -9999 -9999 -9999 -9999 -9999 -9999 -9999 0 0 0 0 0 0 0 0 0 13 37 25 38 32 25 39 27 17 6 12 3 3 3 2 1 1 13 36 42 49 38 20 7 21 27 17 26 39 49 21 75 28 5 5 5 1 15 37 32 63 28 17 36 -9999 -9999 -9999
-9999 -9999 -9999 -9999 -9999 -9999 -9999 -9999 -9999 -9999 0 0 0 0 0 0 0 4 7 11 20 27 22 20 23 34 14 6 5 4 12 6 2 3 25 26 2 22 32 1 8 1 14 12 40 56 54 77 77 62 17 48 65 21 16 9 3 4 7 8 3 13 49 90 66 -9999 -9999
-9999 -9999 -9999 -9999 -9999 -9999 -9999 -9999 -9999 -9999 0 0 0 0 0 0 2 13 15 8 22 39 42 37 29 27 16 5 4 2 2 5 8 9 10 13 17 0 0 0 9 4 1 44 35 36 53 74 122 64 15 73 34 40 43 39 6 4 32 92 30 25 82 191 -9999 -9999 -9999
-9999 -9999 -9999 -9999 -9999 -9999 -9999 -9999 -9999 0 0 0 0 0 0 0 17 15 3 13 27 31 28 17 20 21 5 8 4 2 2 6 6 6 5 20 16 12 9 22 26 103 32 1 6 2 15 6 33 7 30 40 33 27 72 32 20 128 169 140 122 222 98 43 -9999 -9999 -9999
-9999 -9999 -9999 -9999 -9999 -9999 -9999 -9999 -9999 0 0 0 0 0 0 13 19 7 2 18 20 26 13 72 77 61 13 12 8 3 5 8 3 6 6 24 10 20 11 13 24 29 105 30 31 45 14 1 13 42 88 51 28 59 48 84 40 366 265 12 7 -9999 -9999 -9999 -9999 -9999 -9999
-9999 -9999 -9999 -9999 -9999 -9999 0 0 0 0 0 1 0 0 6 22 17 7 11 3 7 21 32 27 91 52 43 23 10 1 4 7 4 6 8 13 6 12 13 10 37 8 57 130 33 45 134 52 14 71 122 95 73 66 64 89 223 264 288 3 29 -9999 -9999 -9999 0 0 0
-9999 -9999 -9999 -9999 -9999 -9999 0 0 2 17 8 18 1 3 17 48 44 33 21 22 26 48 44 37 37 65 16 10 14 1 4 2 3 8 11 19 13 19 14 8 52 20 109 88 88 135 156 50 156 45 69 73 66 239 204 128 274 205 246 169 -9999 -9999 0 0 0 0 0
-9999 -9999 -9999 -9999 -9999 0 0 0 10 35 11 8 24 38 81 79 70 54 37 35 45 23 47 30 43 86 61 42 14 31 7 4 3 6 25 23 12 29 26 18 48 116 55 114 123 53 196 78 141 44 40 148 118 195 191 178 369 299 457 363 3 0 0 0 0 0 0
-9999 -9999 0 0 0 0 0 0 12 21 11 4 30 103 123 139 144 68 36 24 25 18 16 75 84 174 132 66 20 30 2 8 4 4 24 30 11 24 12 21 118 93 102 198 67 117 90 79 141 72 51 30 86 118 251 123 201 309 91 78 0 0 0 0 0 0 0
-9999 0 0 0 0 1 9 9 33 14 16 14 35 18 51 120 92 62 34 25 34 52 49 38 15 39 83 59 69 41 22 4 4 9 18 75 33 43 32 23 114 68 97 341 194 163 153 145 101 119 101 28 141 133 85 109 191 193 249 27 0 0 0 0 0 0 0
-9999 0 0 0 0 10 58 56 35 15 41 10 43 21 95 26 5 19 77 54 26 64 53 17 24 27 24 26 37 59 29 14 7 20 32 45 53 40 29 16 150 152 111 244 183 152 168 144 93 161 83 44 118 85 178 102 161 240 176 0 0 0 0 0 0 0 0
0 0 0 0 0 96 180 86 66 74 20 62 54 27 52 23 37 24 29 61 44 35 41 39 30 38 24 36 44 105 78 34 35 46 43 75 82 49 70 51 153 247 208 242 408 170 293 171 109 60 92 47 106 49 133 200 276 87 0 0 0 0 0 0 0 0 0
0 0 0 0 0 50 104 50 146 76 26 47 95 50 28 32 31 61 82 82 62 55 57 19 46 30 26 45 52 34 19 22 22 50 57 62 81 72 61 33 57 247 82 251 164 222 286 400 194 129 94 67 63 35 50 145 137 29 0 0 0 0 0 0 0 0 0
0 0 0 0 0 4 25 58 144 51 13 5 26 36 36 41 63 87 57 123 103 40 88 23 31 33 61 56 23 27 21 24 33 52 64 55 66 81 52 47 39 23 114 121 169 118 458 290 224 183 164 131 119 31 92 61 0 0 0 0 0 0 0 0 0 0 0
0 0 0 0 0 160 38 84 87 29 12 4 20 32 50 40 122 132 114 109 61 57 36 9 22 28 62 62 40 32 30 21 26 47 43 39 80 111 29 33 18 11 29 71 292 72 59 238 150 158 166 196 60 41 167 56 0 0 0 0 0 0 0 0 0 0 0
0 0 0 0 12 50 13 68 74 23 21 56 39 42 73 70 44 137 159 91 35 20 17 55 10 36 48 25 7 13 33 30 36 64 97 72 73 95 103 36 48 100 47 45 156 3 29 134 232 254 120 99 306 90 143 7 0 0 0 0 0 0 0 0 0 0 0
0 0 0 0 27 13 37 103 54 2 9 147 46 47 17 22 23 54 47 32 27 12 9 3 7 22 12 10 14 25 31 42 82 89 102 161 54 26 42 37 14 87 77 68 29 77 147 70 175 111 39 159 198 66 22 0 0 0 0 0 0 0 0 0 0 0 0
0 0 0 1 29 15 107 -9999 -9999 13 83 106 58 31 26 32 26 27 38 45 40 21 22 10 61 26 42 41 93 74 119 94 103 91 59 47 169 18 16 35 33 87 46 9 9 261 23 194 46 15 64 105 172 8 0 0 0 0 0 0 0 0 0 0 0 0 0
0 0 10 57 47 89 54 -9999 5 29 76 63 26 8 12 16 28 9 39 11 5 17 21 8 25 46 97 102 83 129 125 74 114 112 32 26 97 1 18 14 9 60 10 66 31 63 0 0 12 0 0 42 1 0 0 0 0 0 0 0 0 0 0 0 0 0 0
0 0 68 69 84 9 19 3 0 26 112 30 33 15 5 3 17 4 19 15 14 33 23 13 17 20 10 19 55 143 120 169 57 14 3 65 10 0 0 1 39 78 0 0 0 201 0 0 0 2 0 7 0 0 0 0 0 0 0 0 0 0 0 0 0 0 0
0 0 6 64 45 6 6 2 6 22 88 29 44 24 19 17 3 2 23 14 10 24 44 64 23 129 65 38 22 93 77 25 4 1 0 0 0 0 0 3 0 0 0 0 0 0 0 0 0 5 0 0 0 0 0 0 0 0 0 0 0 0 0 0 0 0 0
0 0 0 21 24 10 4 0 36 11 99 59 34 28 22 16 5 7 7 11 6 9 54 89 95 130 71 25 23 2 0 0 0 0 0 0 0 0 9 12 0 0 0 0 0 0 0 0 0 0 102 0 0 0 0 0 0 0 0 0 0 0 0 0 0 0 0
0 0 0 0 0 1 2 3 3 1 49 42 34 34 31 9 5 8 11 14 14 27 83 173 85 109 98 25 27 1 0 5 1 3 4 0 0 0 0 0 0 0 0 0 0 0 0 0 0 0 0 0 0 0 0 0 0 0 0 0 0 0 0 0 0 0 0
0 0 0 0 0 1 0 5 0 6 52 44 9 11 9 4 4 3 5 24 33 35 41 85 80 82 93 75 50 10 12 58 6 37 4 0 4 3 0 0 0 0 0 0 0 0 0 0 0 0 0 0 0 0 0 0 0 0 0 0 0 0 0 0 0 0 0
0 0 0 1 0 -9999 0 15 10 18 52 94 5 3 4 5 7 2 2 21 70 73 71 77 69 82 70 61 22 1 0 0 7 46 92 4 2 0 0 0 0 0 0 0 0 0 0 0 0 0 0 0 0 0 0 0 0 0 0 0 0 0 0 0 0 0 0
0 0 3 21 2 5 9 26 28 60 68 47 5 4 2 2 6 5 6 8 34 47 73 96 79 63 58 49 6 0 0 0 10 31 0 23 12 0 0 0 0 0 0 0 0 0 0 0 0 0 0 0 0 0 0 0 0 0 0 0 0 0 0 0 0 0 0
0 0 12 41 0 30 29 39 65 18 54 32 2 3 3 6 4 3 3 3 45 48 54 73 53 72 70 22 0 0 0 2 1 35 0 0 0 0 0 0 0 0 0 0 0 0 0 0 0 0 0 0 0 0 0 0 0 0 0 0 0 0 0 0 0 0 0
0 1 17 -9999 91 47 78 17 36 25 45 11 3 9 21 13 3 2 2 7 29 44 70 47 66 44 55 9 0 0 0 0 0 0 0 0 0 0 0 0 0 0 0 0 0 0 0 0 0 0 0 0 0 0 0 0 0 0 0 0 0 0 0 0 0 0 0
0 2 15 -9999 119 89 50 26 25 25 23 3 3 9 34 25 10 1 5 12 16 8 20 54 39 23 22 2 0 0 0 0 0 0 0 0 0 0 0 0 0 0 0 0 0 0 0 0 0 0 0 0 0 0 0 0 0 0 0 0 0 0 0 0 0 0 0
0 1 29 39 84 167 67 17 17 18 6 3 4 8 15 31 7 7 25 12 19 37 38 43 22 9 1 0 0 0 0 0 0 0 0 0 0 0 0 0 0 0 0 0 0 0 0 0 0 0 0 0 0 0 0 0 0 0 0 0 0 0 0 0 0 0 0
0 16 10 24 36 123 121 22 20 21 19 14 10 23 48 21 19 16 25 14 14 19 17 24 12 8 14 1 0 0 0 0 0 0 0 0 0 0 0 0 0 0 0 0 0 0 0 0 0 0 0 0 0 0 0 0 0 0 0 0 0 0 0 0 0 0 0
0 13 18 16 89 116 90 10 12 21 15 22 24 26 32 22 19 13 19 6 7 17 21 18 13 5 16 10 0 0 0 0 0 0 0 0 0 0 0 0 0 0 0 0 0 0 0 0 0 0 0 0 0 0 0 0 0 0 0 0 0 0 0 0 0 0 0
0 21 2 11 18 29 15 16 17 8 13 15 22 38 7 0 0 0 0 0 0 0 0 0 0 0 0 0 0 0 0 0 0 0 0 0 0 0 0 0 0 0 0 0 0 0 0 0 0 0 0 0 0 0 0 0 0 0 0 0 0 0 0 0 0 0 0
0 129 66 10 23 15 18 14 14 6 0 0 0 0 0 0 0 0 0 0 0 0 0 0 0 0 0 0 0 0 0 0 0 0 0 0 0 0 0 0 0 0 0 0 0 0 0 0 0 0 0 0 0 0 0 0 0 0 0 0 0 0 0 0 0 0 0
4 130 91 50 17 30 14 17 7 3 0 0 0 0 0 0 0 0 0 0 0 0 0 0 0 0 0 0 0 0 0 0 0 0 0 0 0 0 0 0 0 0 0 0 0 0 0 0 0 0 0 0 0 0 0 0 0 0 0 0 0 0 0 0 0 0 0
0 174 232 140 18 13 23 17 2 0 0 0 0 -9999 0 0 0 0 0 0 0 0 0 0 0 0 0 0 0 0 0 0 0 0 0 0 0 0 0 0 0 0 0 0 0 0 0 0 0 0 0 0 0 0 0 0 0 0 0 0 0 0 0 0 0 0 0
0 32 32 31 5 16 12 2 0 0 0 0 0 0 0 0 0 0 0 0 0 0 0 0 0 0 0 0 0 0 0 0 0 0 0 0 0 0 0 0 0 0 0 0 0 0 0 0 0 0 0 0 -9999 0 0 0 0 0 0 0 0 0 0 0 0 0 0
0 0 0 0 9 12 1 0 0 0 0 0 0 0 0 0 0 0 0 0 0 0 0 0 0 0 0 0 0 0 0 0 0 0 0 0 0 0 0 0 0 0 0 0 0 0 0 0 0 0 0 0 0 0 -9999 0 0 0 0 0 0 0 0 0 0 0 0
