Archive - glowpa-model-master/Model input/Uganda/oocysts/diffuse_streaminput_cryptosporidium1jun.asc
NCOLS 67 
NROWS 67 
XLLCORNER 29.5 
YLLCORNER -1.5 
CELLSIZE 0.0833333333333334 
NODATA_value -9999 
-9999.000000000000000 -9999 -9999 -9999 -9999 -9999 -9999 -9999 -9999 -9999 -9999 -9999 -9999 -9999 -9999 -9999 -9999 -9999 -9999 -9999 -9999 -9999 -9999 -9999 -9999 -9999 -9999 -9999 -9999 -9999 -9999 0 0 -9999 -9999 -9999 -9999 -9999 -9999 -9999 -9999 -9999 -9999 -9999 -9999 -9999 -9999 -9999 -9999 -9999 -9999 -9999 -9999 -9999 -9999 -9999 -9999 -9999 -9999 -9999 -9999 -9999 -9999 -9999 -9999 -9999 -9999
-9999 -9999 -9999 -9999 -9999 -9999 -9999 -9999 -9999 -9999 -9999 -9999 -9999 -9999 -9999 -9999 -9999 -9999 -9999 -9999 -9999 -9999 -9999 -9999 -9999 -9999 -9999 -9999 -9999 0 0 0 0 0 0 0 0 0 0 0 -9999 -9999 -9999 -9999 -9999 -9999 -9999 -9999 -9999 -9999 -9999 -9999 -9999 -9999 -9999 -9999 -9999 -9999 -9999 -9999 -9999 -9999 -9999 -9999 -9999 -9999 -9999
-9999 -9999 -9999 -9999 -9999 -9999 -9999 -9999 -9999 -9999 -9999 -9999 -9999 -9999 -9999 -9999 -9999 -9999 -9999 -9999 -9999 -9999 -9999 -9999 -9999 -9999 -9999 -9999 -9999 0 0 0 0 0 0 0 0 0 0 0 0 1 6 -9999 -9999 -9999 -9999 -9999 -9999 -9999 -9999 -9999 -9999 -9999 -9999 -9999 -9999 -9999 -9999 -9999 -9999 -9999 -9999 -9999 -9999 -9999 -9999
-9999 -9999 -9999 -9999 -9999 -9999 -9999 -9999 -9999 -9999 -9999 -9999 -9999 -9999 -9999 -9999 -9999 -9999 -9999 -9999 -9999 -9999 -9999 -9999 -9999 0 -9999 -9999 -9999 0 0 0 0 0 0 0 1 3 1 2 3 17 41 -9999 -9999 -9999 -9999 -9999 -9999 -9999 -9999 -9999 20 17 12 -9999 -9999 -9999 -9999 -9999 -9999 -9999 -9999 -9999 -9999 -9999 -9999
-9999 -9999 -9999 -9999 -9999 -9999 -9999 -9999 -9999 -9999 -9999 -9999 -9999 -9999 -9999 -9999 -9999 -9999 -9999 -9999 -9999 -9999 33 -9999 -9999 2 -9999 -9999 -9999 0 0 0 0 0 4 10 18 22 21 30 26 21 45 15 -9999 -9999 -9999 -9999 -9999 -9999 -9999 -9999 41 42 22 76 67 -9999 -9999 -9999 -9999 -9999 -9999 -9999 -9999 -9999 -9999
-9999 -9999 -9999 -9999 -9999 -9999 -9999 -9999 -9999 -9999 -9999 -9999 -9999 -9999 -9999 -9999 -9999 -9999 -9999 -9999 -9999 48 53 43 17 9 16 13 2 1 0 0 1 4 6 13 22 41 34 28 13 29 16 19 -9999 -9999 -9999 -9999 -9999 -9999 -9999 15 20 23 126 92 129 17 1 -9999 -9999 -9999 -9999 -9999 -9999 -9999 -9999
-9999 -9999 -9999 -9999 -9999 -9999 -9999 -9999 -9999 -9999 -9999 -9999 -9999 -9999 -9999 -9999 -9999 -9999 -9999 105 70 121 114 84 12 7 3 11 4 8 11 3 2 4 6 13 30 27 30 35 50 23 13 11 -9999 -9999 -9999 15 -9999 -9999 7 9 23 19 54 125 42 8 9 -9999 -9999 -9999 -9999 -9999 -9999 -9999 -9999
-9999 -9999 -9999 -9999 -9999 -9999 -9999 -9999 -9999 -9999 -9999 -9999 -9999 -9999 -9999 -9999 -9999 157 111 95 134 229 95 24 3 7 18 43 46 16 25 9 8 7 8 9 28 19 24 41 55 27 29 13 7 -9999 -9999 16 5 2 6 9 32 18 10 73 21 7 -9999 -9999 -9999 -9999 -9999 -9999 -9999 -9999 -9999
-9999 -9999 -9999 -9999 -9999 -9999 -9999 -9999 -9999 -9999 -9999 -9999 -9999 -9999 -9999 -9999 -9999 107 101 133 76 152 98 14 9 14 65 112 36 28 16 17 10 8 9 13 12 42 26 34 49 39 32 16 16 15 27 19 4 6 8 14 42 30 19 48 11 15 -9999 -9999 -9999 -9999 -9999 -9999 -9999 -9999 -9999
-9999 -9999 -9999 -9999 -9999 -9999 -9999 -9999 -9999 -9999 -9999 -9999 -9999 -9999 -9999 -9999 -9999 115 124 163 127 82 78 6 7 17 31 38 19 11 31 28 15 9 11 7 13 14 11 40 41 34 42 44 39 31 20 8 10 11 10 19 22 35 15 32 8 12 7 -9999 -9999 -9999 -9999 -9999 -9999 -9999 -9999
-9999 -9999 -9999 -9999 -9999 -9999 -9999 -9999 -9999 -9999 -9999 -9999 -9999 -9999 -9999 -9999 95 163 160 89 66 47 67 28 6 29 16 23 13 12 41 19 11 10 7 7 9 11 12 32 28 75 34 47 30 12 8 13 15 14 17 33 17 14 71 48 6 15 6 -9999 -9999 -9999 -9999 -9999 -9999 -9999 -9999
-9999 -9999 -9999 -9999 -9999 -9999 -9999 -9999 -9999 -9999 -9999 -9999 -9999 -9999 -9999 -9999 216 193 118 46 37 35 31 40 9 15 16 15 9 12 29 26 9 11 11 8 26 25 19 23 42 33 25 41 29 19 9 50 11 12 17 19 18 21 88 69 36 18 6 -9999 -9999 -9999 -9999 -9999 -9999 -9999 -9999
-9999 -9999 -9999 -9999 -9999 -9999 -9999 -9999 -9999 -9999 -9999 -9999 -9999 -9999 -9999 130 330 321 135 68 38 42 66 26 14 13 14 13 13 13 21 59 21 25 12 16 23 18 19 30 30 41 34 39 17 42 51 36 7 7 28 38 37 64 104 123 77 63 20 14 -9999 -9999 -9999 -9999 -9999 -9999 -9999
-9999 -9999 -9999 -9999 -9999 -9999 -9999 -9999 -9999 -9999 -9999 -9999 -9999 -9999 -9999 -9999 204 150 33 29 13 18 17 6 18 16 17 16 11 12 31 69 25 30 34 26 35 39 49 21 32 67 29 15 18 32 52 35 7 6 15 16 55 72 62 124 116 68 20 19 -9999 -9999 -9999 -9999 -9999 -9999 -9999
-9999 -9999 -9999 -9999 -9999 -9999 -9999 -9999 -9999 -9999 -9999 -9999 -9999 -9999 -9999 -9999 -9999 73 37 14 15 18 5 16 15 16 17 18 12 12 48 65 56 68 28 33 26 30 29 25 35 78 64 57 23 11 29 26 7 4 6 8 27 47 77 57 100 57 27 29 13 -9999 -9999 -9999 -9999 -9999 -9999
-9999 -9999 -9999 -9999 -9999 -9999 -9999 -9999 -9999 -9999 -9999 -9999 -9999 -9999 -9999 -9999 108 67 43 17 14 13 -9999 14 12 8 8 9 9 10 20 38 91 229 82 19 15 19 37 45 32 66 79 36 30 21 27 31 12 29 17 7 42 35 51 64 46 55 40 23 15 -9999 -9999 -9999 -9999 -9999 -9999
-9999 -9999 -9999 -9999 -9999 -9999 -9999 -9999 -9999 -9999 -9999 -9999 -9999 -9999 -9999 -9999 93 35 30 33 13 -9999 -9999 15 5 7 9 14 10 24 30 18 63 94 38 32 17 29 38 53 58 41 37 27 18 25 29 27 28 68 5 7 22 47 20 9 23 38 56 38 23 15 17 -9999 -9999 -9999 -9999
-9999 -9999 -9999 -9999 -9999 -9999 -9999 -9999 -9999 -9999 -9999 -9999 -9999 -9999 -9999 41 125 31 27 38 21 15 -9999 3 3 4 7 10 18 85 21 14 28 46 39 72 50 32 34 36 50 33 60 48 54 64 28 15 19 27 37 23 8 16 3 8 38 45 33 34 24 22 51 -9999 -9999 -9999 -9999
-9999 -9999 -9999 -9999 -9999 -9999 -9999 -9999 -9999 -9999 -9999 -9999 -9999 -9999 -9999 88 97 37 32 79 29 18 24 34 1 4 5 7 16 62 8 8 9 27 65 57 22 22 38 46 74 53 21 42 34 37 23 12 4 69 49 54 20 16 8 6 19 47 16 39 30 59 26 5 -9999 -9999 -9999
-9999 -9999 -9999 -9999 -9999 -9999 -9999 -9999 -9999 -9999 -9999 -9999 -9999 -9999 -9999 36 81 154 71 80 63 29 34 90 18 1 2 5 3 8 4 3 40 24 27 36 33 31 54 68 86 86 36 48 38 58 23 19 23 15 8 14 23 20 13 10 5 4 23 55 46 29 55 -9999 -9999 -9999 -9999
-9999 -9999 -9999 -9999 -9999 -9999 -9999 -9999 -9999 -9999 -9999 -9999 -9999 -9999 -9999 0 50 56 48 74 75 35 16 36 4 5 4 3 9 3 3 3 10 13 22 31 39 39 102 88 92 116 46 32 26 59 56 29 15 23 6 10 10 14 23 12 6 11 46 33 51 23 67 97 65 -9999 -9999
-9999 -9999 -9999 -9999 -9999 -9999 -9999 -9999 -9999 -9999 -9999 -9999 -9999 -9999 -9999 0 0 0 1 66 90 64 14 7 15 2 6 20 20 17 7 4 8 31 38 20 46 39 72 78 119 103 38 34 65 30 18 18 21 14 9 9 7 19 12 9 15 33 44 55 22 49 87 78 -9999 -9999 -9999
-9999 -9999 -9999 -9999 -9999 -9999 -9999 -9999 -9999 -9999 -9999 -9999 -9999 -9999 -9999 -9999 0 0 0 0 22 38 43 45 45 16 16 17 20 19 13 17 28 85 47 39 41 104 127 80 162 91 61 36 29 44 45 18 17 25 11 12 7 7 10 53 90 57 93 65 23 61 -9999 -9999 -9999 -9999 -9999
-9999 -9999 -9999 -9999 -9999 -9999 -9999 -9999 -9999 -9999 -9999 -9999 -9999 -9999 -9999 -9999 -9999 0 0 0 0 0 41 54 35 9 16 17 19 19 13 18 46 96 18 24 30 60 90 81 47 52 68 57 53 51 45 22 21 30 30 26 12 13 17 13 67 28 125 84 27 89 -9999 -9999 -9999 -9999 -9999
-9999 -9999 -9999 -9999 -9999 -9999 -9999 -9999 -9999 -9999 -9999 -9999 -9999 -9999 -9999 0 0 0 0 0 0 0 3 32 25 8 16 17 17 16 13 29 81 65 25 29 84 47 70 72 49 28 29 22 32 27 28 43 28 30 32 36 16 41 42 16 9 4 34 30 59 79 24 -9999 -9999 -9999 -9999
-9999 -9999 -9999 -9999 -9999 -9999 -9999 -9999 -9999 -9999 -9999 -9999 -9999 -9999 -9999 0 0 0 0 0 0 0 0 28 16 16 21 14 20 22 21 49 65 39 18 67 65 32 78 71 52 40 19 21 35 80 38 47 43 22 35 32 23 43 23 30 22 46 29 24 67 40 38 -9999 -9999 -9999 -9999
-9999 -9999 -9999 -9999 -9999 -9999 -9999 -9999 -9999 -9999 -9999 -9999 -9999 -9999 -9999 0 0 0 0 0 0 0 61 44 22 12 25 16 33 74 40 24 16 25 30 20 41 22 44 62 42 33 50 34 61 69 60 63 34 31 24 48 25 82 35 22 16 26 25 35 110 89 -9999 -9999 -9999 -9999 -9999
-9999 -9999 -9999 -9999 -9999 -9999 -9999 -9999 -9999 -9999 -9999 -9999 -9999 -9999 -9999 0 0 0 0 0 0 16 66 28 3 4 33 33 32 87 53 20 20 19 29 17 13 39 5 7 19 29 21 75 53 28 47 23 37 84 36 11 8 53 30 17 10 30 27 48 50 35 -9999 -9999 -9999 -9999 -9999
-9999 -9999 -9999 -9999 -9999 -9999 -9999 -9999 -9999 -9999 -9999 -9999 -9999 -9999 0 0 0 0 0 0 0 18 44 42 11 13 29 33 22 10 30 13 12 10 25 11 18 11 6 37 61 44 47 42 41 46 17 30 48 211 70 8 40 43 20 27 10 21 37 45 73 64 13 -9999 -9999 -9999 -9999
-9999 -9999 -9999 -9999 -9999 -9999 -9999 -9999 -9999 -9999 -9999 0 0 0 0 0 0 0 0 0 12 34 23 38 32 25 39 25 16 6 12 3 3 2 1 0 0 12 34 37 46 35 19 6 17 25 17 26 36 49 21 75 28 5 5 5 1 14 35 32 55 26 15 36 -9999 -9999 -9999
-9999 -9999 -9999 -9999 -9999 -9999 -9999 -9999 -9999 -9999 0 0 0 0 0 0 0 3 6 11 20 27 22 20 23 34 14 6 4 4 12 6 2 3 23 23 2 21 28 1 6 1 11 10 40 52 51 73 72 62 17 48 65 22 16 9 3 4 7 8 3 13 49 90 66 -9999 -9999
-9999 -9999 -9999 -9999 -9999 -9999 -9999 -9999 -9999 -9999 0 0 0 0 0 0 2 12 14 7 20 37 42 37 29 27 15 4 4 2 2 5 7 9 9 12 15 0 0 0 6 3 0 39 30 36 50 74 122 68 14 73 36 43 46 42 6 4 42 104 28 23 82 191 -9999 -9999 -9999
-9999 -9999 -9999 -9999 -9999 -9999 -9999 -9999 -9999 0 0 0 0 0 0 0 15 15 3 13 26 29 25 15 17 19 5 7 4 2 2 6 6 6 5 19 15 11 8 22 22 97 27 1 5 2 15 6 33 8 30 43 35 27 72 32 22 137 192 159 100 208 98 43 -9999 -9999 -9999
-9999 -9999 -9999 -9999 -9999 -9999 -9999 -9999 -9999 0 0 0 0 0 0 10 17 6 2 18 19 25 12 64 72 57 13 11 8 3 4 8 3 5 5 24 10 19 11 13 22 29 105 28 31 48 15 1 12 42 88 54 30 59 48 84 46 390 301 12 5 -9999 -9999 -9999 -9999 -9999 -9999
-9999 -9999 -9999 -9999 -9999 -9999 0 0 0 0 0 1 0 0 5 22 16 7 11 3 7 21 32 25 91 45 40 22 10 1 3 7 3 5 7 12 6 12 12 10 39 8 57 130 33 45 134 52 14 71 122 101 78 71 64 89 223 281 288 3 21 -9999 -9999 -9999 0 0 0
-9999 -9999 -9999 -9999 -9999 -9999 0 0 2 17 8 18 1 3 15 42 44 33 21 22 26 48 47 37 35 61 15 10 14 1 4 2 3 7 10 17 12 19 13 7 52 20 109 88 88 135 156 50 156 45 69 78 70 254 217 136 274 218 246 139 -9999 -9999 0 0 0 0 0
-9999 -9999 -9999 -9999 -9999 0 0 0 10 35 11 8 21 31 71 69 65 54 39 35 45 23 47 30 40 81 57 39 14 29 6 3 3 6 23 22 12 27 26 18 48 109 55 114 123 53 196 78 141 47 40 148 126 195 204 190 369 318 488 319 2 0 0 0 0 0 0
-9999 -9999 0 0 0 0 0 0 12 21 11 4 30 85 89 107 104 60 33 21 22 16 11 66 84 174 124 62 19 28 2 7 4 4 22 30 11 24 12 21 118 87 102 186 67 117 90 79 141 77 51 34 86 118 251 123 201 309 97 68 0 0 0 0 0 0 0
-9999 0 0 0 0 1 9 9 33 14 15 13 29 15 45 92 67 48 28 21 26 37 35 29 13 39 83 59 69 38 22 4 4 9 18 71 33 43 32 23 114 68 97 319 194 153 153 145 101 119 108 39 141 133 85 109 191 206 283 27 0 0 0 0 0 0 0
-9999 0 0 0 0 10 58 53 31 14 39 9 40 20 89 25 4 15 52 37 19 44 38 13 20 27 24 26 37 59 27 13 7 20 32 48 53 40 29 17 150 152 111 244 183 152 168 144 93 161 88 47 134 85 190 109 171 257 188 0 0 0 0 0 0 0 0
0 0 0 0 0 90 169 81 66 74 20 58 51 25 49 22 35 18 21 39 28 24 28 23 18 31 23 33 44 105 78 34 33 40 41 71 82 49 70 54 153 247 208 242 408 170 293 171 109 64 92 50 113 52 142 213 314 93 0 0 0 0 0 0 0 0 0
0 0 0 0 0 50 98 47 146 76 26 44 89 47 26 26 26 47 68 64 48 37 41 12 29 22 24 45 52 34 20 22 22 47 53 58 81 72 61 33 57 263 82 251 164 237 286 400 194 129 101 71 67 35 57 155 146 33 0 0 0 0 0 0 0 0 0
0 0 0 0 0 4 24 54 144 51 13 5 26 33 30 28 46 67 44 84 79 31 63 14 21 27 54 49 20 25 21 24 33 52 64 52 62 81 52 47 39 24 114 121 169 118 458 309 224 183 164 131 119 33 99 65 0 0 0 0 0 0 0 0 0 0 0
0 0 0 0 0 116 38 78 87 29 12 3 16 25 37 20 83 96 82 65 37 34 23 6 16 22 51 58 31 26 28 22 26 47 43 39 86 118 29 35 19 11 29 71 273 72 55 253 150 158 166 209 64 43 178 77 0 0 0 0 0 0 0 0 0 0 0
0 0 0 0 8 36 12 64 70 23 21 49 30 30 41 42 25 72 78 58 26 15 15 49 9 33 37 24 7 13 33 32 39 64 97 72 68 89 97 36 51 100 47 45 156 3 31 134 232 254 120 99 327 96 153 13 0 0 0 0 0 0 0 0 0 0 0
0 0 0 0 20 11 35 103 51 2 8 121 36 28 10 13 13 30 30 26 22 10 8 3 7 19 11 9 15 25 31 45 82 95 108 161 51 25 42 40 15 92 77 68 33 93 190 79 175 119 39 159 211 71 34 0 0 0 0 0 0 0 0 0 0 0 0
0 0 0 1 27 14 94 -9999 -9999 12 68 87 48 20 14 19 16 15 29 37 36 19 21 9 70 32 48 39 88 79 127 100 110 91 63 50 169 18 15 35 31 87 46 11 12 337 34 235 52 17 69 112 195 8 0 0 0 0 0 0 0 0 0 0 0 0 0
0 0 10 57 44 78 51 -9999 -9999 29 63 52 20 6 10 13 19 5 30 8 3 16 21 8 30 52 103 102 83 129 125 79 122 120 36 29 110 1 19 14 9 60 12 86 43 92 0 0 15 0 0 45 1 0 0 0 0 0 0 0 0 0 0 0 0 0 0
0 0 64 69 84 8 17 2 0 18 98 24 27 14 5 3 15 3 12 11 10 25 20 12 24 26 11 20 59 152 120 169 61 17 5 101 14 0 0 1 51 95 0 0 0 278 0 0 0 2 0 7 0 0 0 0 0 0 0 0 0 0 0 0 0 0 0
0 0 5 64 45 6 -9999 2 3 17 77 24 34 21 18 16 3 2 18 10 7 20 36 56 30 137 69 38 23 93 77 27 5 1 0 0 0 0 1 4 0 0 0 0 0 0 0 0 0 5 0 0 0 0 0 0 0 0 0 0 0 0 0 0 0 0 0
0 0 0 14 23 10 4 0 31 11 76 48 31 26 20 15 5 6 6 8 5 7 45 95 108 130 71 25 23 2 0 0 0 0 0 0 0 0 15 18 0 0 0 0 0 0 0 0 0 0 109 0 0 0 0 0 0 0 0 0 0 0 0 0 0 0 0
0 0 0 0 0 -9999 2 -9999 3 1 45 35 32 32 27 9 5 8 10 10 10 22 68 173 85 109 98 25 27 1 0 6 2 6 7 0 0 0 0 0 0 0 0 0 0 0 0 0 0 0 0 0 0 0 0 0 0 0 0 0 0 0 0 0 0 0 0
0 0 0 0 0 -9999 -9999 5 0 5 40 41 8 11 9 4 4 3 5 19 26 31 36 85 80 82 87 75 50 10 14 80 10 76 10 0 8 7 0 0 0 0 0 0 0 0 0 0 0 0 0 0 0 0 0 0 0 0 0 0 0 0 0 0 0 0 0
0 0 0 1 0 -9999 0 12 9 15 31 56 5 3 4 5 7 2 1 20 66 73 67 77 69 82 70 61 23 1 0 0 13 93 200 9 3 0 0 0 0 0 0 0 0 0 0 0 0 0 0 0 0 0 0 0 0 0 0 0 0 0 0 0 0 0 0
0 0 2 21 2 4 9 23 24 36 44 37 4 3 2 2 6 5 6 8 34 47 69 90 79 76 58 52 6 0 0 0 15 56 0 40 21 0 0 0 0 0 0 0 0 0 0 0 0 0 0 0 0 0 0 0 0 0 0 0 0 0 0 0 0 0 0
0 0 12 41 0 30 26 34 54 15 44 28 2 3 3 5 4 3 3 3 45 48 61 78 56 77 74 23 0 0 0 3 2 54 0 0 0 0 0 0 0 0 0 0 0 0 0 0 0 0 0 0 0 0 0 0 0 0 0 0 0 0 0 0 0 0 0
0 1 17 -9999 86 44 73 16 34 22 37 10 3 8 18 11 3 2 2 7 29 46 74 51 66 47 55 9 0 0 0 0 0 0 0 0 0 0 0 0 0 0 0 0 0 0 0 0 0 0 0 0 0 0 0 0 0 0 0 0 0 0 0 0 0 0 0
0 2 15 -9999 119 83 47 25 25 22 20 2 3 7 30 24 9 1 5 12 16 9 22 54 44 25 22 2 0 0 0 0 0 0 0 0 0 0 0 0 0 0 0 0 0 0 0 0 0 0 0 0 0 0 0 0 0 0 0 0 0 0 0 0 0 0 0
0 1 -9999 34 79 147 63 16 15 17 5 2 3 7 14 29 7 7 25 12 19 37 40 46 22 10 1 0 0 0 0 0 0 0 0 0 0 0 0 0 0 0 0 0 0 0 0 0 0 0 0 0 0 0 0 0 0 0 0 0 0 0 0 0 0 0 0
0 14 9 19 34 116 121 21 19 20 17 13 9 20 45 21 18 16 25 14 14 20 17 26 16 9 14 1 0 0 0 0 0 0 0 0 0 0 0 0 0 0 0 0 0 0 0 0 0 0 0 0 0 0 0 0 0 0 0 0 0 0 0 0 0 0 0
0 10 12 14 78 109 84 9 12 19 14 22 24 24 32 21 18 13 19 6 7 17 21 22 17 9 19 9 0 0 0 0 0 0 0 0 0 0 0 0 0 0 0 0 0 0 0 0 0 0 0 0 0 0 0 0 0 0 0 0 0 0 0 0 0 0 0
0 14 1 10 16 25 15 15 16 8 13 15 23 40 7 0 0 0 0 0 0 0 0 0 0 0 0 0 0 0 0 0 0 0 0 0 0 0 0 0 0 0 0 0 0 0 0 0 0 0 0 0 0 0 0 0 0 0 0 0 0 0 0 0 0 0 0
0 113 61 9 20 14 18 14 14 6 0 0 0 0 0 0 0 0 0 0 0 0 0 0 0 0 0 0 0 0 0 0 0 0 0 0 0 0 0 0 0 0 0 0 0 0 0 0 0 0 0 0 0 0 0 0 0 0 0 0 0 0 0 0 0 0 0
3 83 85 47 15 28 13 17 7 3 0 0 0 0 0 0 0 0 0 0 0 0 0 0 0 0 0 0 0 0 0 0 0 0 0 0 0 0 0 0 0 0 0 0 0 0 0 0 0 0 0 0 0 0 0 0 0 0 0 0 0 0 0 0 0 0 0
0 186 232 149 15 11 22 16 2 0 0 0 0 -9999 0 0 0 0 0 0 0 0 0 0 0 0 0 0 0 0 0 0 0 0 0 0 0 0 0 0 0 0 0 0 0 0 0 0 0 0 0 0 0 0 0 0 0 0 0 0 0 0 0 0 0 0 0
0 36 34 29 5 15 12 2 0 0 0 0 0 0 0 0 0 0 0 0 0 0 0 0 0 0 0 0 0 0 0 0 0 0 0 0 0 0 0 0 0 0 0 0 0 0 0 0 0 0 0 0 0 0 0 0 0 0 0 0 0 0 0 0 0 0 0
0 0 0 0 10 12 1 0 0 0 0 0 0 0 0 0 0 0 0 0 0 0 0 0 0 0 0 0 0 0 0 0 0 0 0 0 0 0 0 0 0 0 0 0 0 0 0 0 0 0 0 0 0 0 0 0 0 0 0 0 0 0 0 0 0 0 0
