Archive - glowpa-model-master/Model input/Uganda/oocysts/diffuse_streaminput_cryptosporidium1jul.asc
NCOLS 67 
NROWS 67 
XLLCORNER 29.5 
YLLCORNER -1.5 
CELLSIZE 0.0833333333333334 
NODATA_value -9999 
-9999.000000000000000 -9999 -9999 -9999 -9999 -9999 -9999 -9999 -9999 -9999 -9999 -9999 -9999 -9999 -9999 -9999 -9999 -9999 -9999 -9999 -9999 -9999 -9999 -9999 -9999 -9999 -9999 -9999 -9999 -9999 -9999 0 0 -9999 -9999 -9999 -9999 -9999 -9999 -9999 -9999 -9999 -9999 -9999 -9999 -9999 -9999 -9999 -9999 -9999 -9999 -9999 -9999 -9999 -9999 -9999 -9999 -9999 -9999 -9999 -9999 -9999 -9999 -9999 -9999 -9999 -9999
-9999 -9999 -9999 -9999 -9999 -9999 -9999 -9999 -9999 -9999 -9999 -9999 -9999 -9999 -9999 -9999 -9999 -9999 -9999 -9999 -9999 -9999 -9999 -9999 -9999 -9999 -9999 -9999 -9999 0 0 0 0 0 0 0 0 0 0 0 -9999 -9999 -9999 -9999 -9999 -9999 -9999 -9999 -9999 -9999 -9999 -9999 -9999 -9999 -9999 -9999 -9999 -9999 -9999 -9999 -9999 -9999 -9999 -9999 -9999 -9999 -9999
-9999 -9999 -9999 -9999 -9999 -9999 -9999 -9999 -9999 -9999 -9999 -9999 -9999 -9999 -9999 -9999 -9999 -9999 -9999 -9999 -9999 -9999 -9999 -9999 -9999 -9999 -9999 -9999 -9999 0 0 0 0 0 0 0 0 0 0 0 0 1 7 -9999 -9999 -9999 -9999 -9999 -9999 -9999 -9999 -9999 -9999 -9999 -9999 -9999 -9999 -9999 -9999 -9999 -9999 -9999 -9999 -9999 -9999 -9999 -9999
-9999 -9999 -9999 -9999 -9999 -9999 -9999 -9999 -9999 -9999 -9999 -9999 -9999 -9999 -9999 -9999 -9999 -9999 -9999 -9999 -9999 -9999 -9999 -9999 -9999 0 -9999 -9999 -9999 0 0 0 0 0 0 0 1 3 1 2 3 18 41 -9999 -9999 -9999 -9999 -9999 -9999 -9999 -9999 -9999 21 18 13 -9999 -9999 -9999 -9999 -9999 -9999 -9999 -9999 -9999 -9999 -9999 -9999
-9999 -9999 -9999 -9999 -9999 -9999 -9999 -9999 -9999 -9999 -9999 -9999 -9999 -9999 -9999 -9999 -9999 -9999 -9999 -9999 -9999 -9999 35 -9999 -9999 2 -9999 -9999 -9999 0 0 0 0 0 4 10 19 22 23 32 27 22 45 15 -9999 -9999 -9999 -9999 -9999 -9999 -9999 -9999 41 45 24 81 67 -9999 -9999 -9999 -9999 -9999 -9999 -9999 -9999 -9999 -9999
-9999 -9999 -9999 -9999 -9999 -9999 -9999 -9999 -9999 -9999 -9999 -9999 -9999 -9999 -9999 -9999 -9999 -9999 -9999 -9999 -9999 55 60 49 17 9 17 14 3 1 0 0 1 4 6 13 23 44 36 30 14 29 16 19 -9999 -9999 -9999 -9999 -9999 -9999 -9999 15 21 23 134 92 138 18 1 -9999 -9999 -9999 -9999 -9999 -9999 -9999 -9999
-9999 -9999 -9999 -9999 -9999 -9999 -9999 -9999 -9999 -9999 -9999 -9999 -9999 -9999 -9999 -9999 -9999 -9999 -9999 112 80 137 130 96 13 7 3 11 4 8 11 3 3 5 6 14 32 28 32 35 50 23 13 12 -9999 -9999 -9999 15 -9999 -9999 7 9 23 19 57 133 42 9 9 -9999 -9999 -9999 -9999 -9999 -9999 -9999 -9999
-9999 -9999 -9999 -9999 -9999 -9999 -9999 -9999 -9999 -9999 -9999 -9999 -9999 -9999 -9999 -9999 -9999 168 118 95 134 244 108 26 3 7 18 43 46 17 27 9 8 7 8 10 30 20 25 41 55 27 29 13 8 -9999 -9999 16 5 2 6 9 32 18 10 78 22 8 -9999 -9999 -9999 -9999 -9999 -9999 -9999 -9999 -9999
-9999 -9999 -9999 -9999 -9999 -9999 -9999 -9999 -9999 -9999 -9999 -9999 -9999 -9999 -9999 -9999 -9999 122 108 133 76 163 111 14 10 15 65 120 38 28 18 17 11 9 9 13 13 45 26 34 49 39 32 16 16 15 27 19 4 6 8 14 45 32 19 51 12 16 -9999 -9999 -9999 -9999 -9999 -9999 -9999 -9999 -9999
-9999 -9999 -9999 -9999 -9999 -9999 -9999 -9999 -9999 -9999 -9999 -9999 -9999 -9999 -9999 -9999 -9999 122 132 163 135 93 83 7 8 17 31 38 19 11 31 30 15 10 11 7 14 15 11 40 41 34 42 44 39 31 21 8 10 11 10 19 22 35 16 32 8 12 7 -9999 -9999 -9999 -9999 -9999 -9999 -9999 -9999
-9999 -9999 -9999 -9999 -9999 -9999 -9999 -9999 -9999 -9999 -9999 -9999 -9999 -9999 -9999 -9999 101 174 170 95 70 47 71 30 7 29 17 23 14 12 41 20 12 10 8 8 9 12 12 32 28 75 34 47 30 13 8 14 16 14 18 33 17 14 71 48 6 15 6 -9999 -9999 -9999 -9999 -9999 -9999 -9999 -9999
-9999 -9999 -9999 -9999 -9999 -9999 -9999 -9999 -9999 -9999 -9999 -9999 -9999 -9999 -9999 -9999 231 206 126 49 42 37 33 40 10 16 16 16 9 12 29 27 10 11 12 8 26 25 19 23 42 36 25 41 30 20 9 54 11 13 17 19 18 21 94 69 36 18 6 -9999 -9999 -9999 -9999 -9999 -9999 -9999 -9999
-9999 -9999 -9999 -9999 -9999 -9999 -9999 -9999 -9999 -9999 -9999 -9999 -9999 -9999 -9999 139 352 342 144 77 40 42 70 27 15 14 15 14 14 13 21 63 21 25 12 17 24 18 19 30 30 43 34 39 17 42 51 36 8 8 28 38 37 64 104 123 77 63 21 15 -9999 -9999 -9999 -9999 -9999 -9999 -9999
-9999 -9999 -9999 -9999 -9999 -9999 -9999 -9999 -9999 -9999 -9999 -9999 -9999 -9999 -9999 -9999 218 150 38 33 13 19 17 6 19 17 18 17 12 12 31 73 27 32 34 26 35 39 49 21 34 72 29 15 18 32 52 35 7 6 15 16 55 72 62 124 116 68 20 20 -9999 -9999 -9999 -9999 -9999 -9999 -9999
-9999 -9999 -9999 -9999 -9999 -9999 -9999 -9999 -9999 -9999 -9999 -9999 -9999 -9999 -9999 -9999 -9999 73 42 16 16 19 5 18 16 17 19 20 12 12 48 65 56 68 30 35 26 30 31 25 35 78 64 57 23 11 29 26 7 4 6 8 27 47 77 57 100 57 27 31 13 -9999 -9999 -9999 -9999 -9999 -9999
-9999 -9999 -9999 -9999 -9999 -9999 -9999 -9999 -9999 -9999 -9999 -9999 -9999 -9999 -9999 -9999 108 67 46 19 14 13 -9999 14 13 9 9 10 9 10 20 38 91 229 88 20 15 19 39 45 32 66 84 36 32 21 28 31 12 29 17 7 42 35 51 64 46 55 40 25 15 -9999 -9999 -9999 -9999 -9999 -9999
-9999 -9999 -9999 -9999 -9999 -9999 -9999 -9999 -9999 -9999 -9999 -9999 -9999 -9999 -9999 -9999 93 35 34 38 14 8 -9999 17 5 7 10 15 11 24 30 18 63 94 38 32 17 29 38 53 62 41 37 27 18 25 29 27 28 68 5 7 22 47 20 9 23 38 56 38 23 15 18 -9999 -9999 -9999 -9999
-9999 -9999 -9999 -9999 -9999 -9999 -9999 -9999 -9999 -9999 -9999 -9999 -9999 -9999 -9999 41 125 31 29 43 22 15 -9999 3 3 4 8 11 18 85 21 14 28 46 39 72 50 32 34 36 50 33 60 48 57 64 28 15 19 27 37 25 8 16 3 8 38 45 33 34 24 22 55 -9999 -9999 -9999 -9999
-9999 -9999 -9999 -9999 -9999 -9999 -9999 -9999 -9999 -9999 -9999 -9999 -9999 -9999 -9999 88 97 37 36 90 30 20 26 34 1 5 5 7 16 62 8 8 9 27 65 57 22 22 38 46 74 53 21 42 34 37 23 12 4 74 49 54 20 16 8 6 19 47 16 39 30 62 28 5 -9999 -9999 -9999
-9999 -9999 -9999 -9999 -9999 -9999 -9999 -9999 -9999 -9999 -9999 -9999 -9999 -9999 -9999 36 81 154 71 91 72 31 34 90 18 1 2 5 3 8 4 3 40 24 27 36 33 31 54 68 86 86 36 48 38 58 23 19 23 15 8 14 23 20 13 10 5 4 23 55 46 29 55 -9999 -9999 -9999 -9999
-9999 -9999 -9999 -9999 -9999 -9999 -9999 -9999 -9999 -9999 -9999 -9999 -9999 -9999 -9999 0 50 56 48 79 86 35 16 36 4 5 4 3 9 3 3 3 11 14 22 33 39 42 102 88 92 116 49 32 26 59 56 29 15 23 6 10 10 13 22 12 6 11 46 33 51 23 72 104 65 -9999 -9999
-9999 -9999 -9999 -9999 -9999 -9999 -9999 -9999 -9999 -9999 -9999 -9999 -9999 -9999 -9999 0 0 0 1 66 96 64 19 7 15 3 6 20 21 17 7 4 8 33 38 20 46 39 72 78 119 110 38 36 65 30 18 18 21 14 9 9 6 19 12 9 15 33 44 55 22 49 87 83 -9999 -9999 -9999
-9999 -9999 -9999 -9999 -9999 -9999 -9999 -9999 -9999 -9999 -9999 -9999 -9999 -9999 -9999 -9999 0 0 0 0 22 49 55 48 48 16 16 18 22 20 13 17 28 85 47 39 41 104 127 80 162 91 61 36 29 44 45 18 17 25 11 12 7 7 10 53 90 57 93 65 23 61 -9999 -9999 -9999 -9999 -9999
-9999 -9999 -9999 -9999 -9999 -9999 -9999 -9999 -9999 -9999 -9999 -9999 -9999 -9999 -9999 -9999 -9999 0 0 0 0 0 61 54 33 9 16 17 20 19 13 18 46 96 18 24 30 60 90 81 47 52 68 57 53 51 45 22 21 30 30 26 12 13 17 13 67 28 125 90 29 89 -9999 -9999 -9999 -9999 -9999
-9999 -9999 -9999 -9999 -9999 -9999 -9999 -9999 -9999 -9999 -9999 -9999 -9999 -9999 -9999 0 0 0 0 0 0 0 5 32 24 8 15 17 19 16 13 29 81 65 25 29 84 47 70 72 49 28 29 21 32 27 28 43 28 30 32 33 16 41 42 16 9 4 36 32 59 84 25 -9999 -9999 -9999 -9999
-9999 -9999 -9999 -9999 -9999 -9999 -9999 -9999 -9999 -9999 -9999 -9999 -9999 -9999 -9999 0 0 0 0 0 0 0 0 28 15 15 21 14 20 22 21 49 65 39 18 67 65 32 78 71 52 40 19 20 35 75 38 47 43 22 35 32 23 43 23 30 22 46 29 24 67 40 38 -9999 -9999 -9999 -9999
-9999 -9999 -9999 -9999 -9999 -9999 -9999 -9999 -9999 -9999 -9999 -9999 -9999 -9999 -9999 0 0 0 0 0 0 0 84 44 22 12 25 16 33 74 40 24 16 25 30 20 41 22 44 67 42 35 50 34 61 69 60 63 34 31 24 45 25 82 35 22 16 26 25 35 110 89 -9999 -9999 -9999 -9999 -9999
-9999 -9999 -9999 -9999 -9999 -9999 -9999 -9999 -9999 -9999 -9999 -9999 -9999 -9999 -9999 0 0 0 0 0 0 24 66 28 3 4 33 33 32 87 57 20 20 19 29 17 13 39 6 7 19 31 21 75 53 28 47 24 37 79 36 11 8 53 30 16 9 30 27 48 50 35 -9999 -9999 -9999 -9999 -9999
-9999 -9999 -9999 -9999 -9999 -9999 -9999 -9999 -9999 -9999 -9999 -9999 -9999 -9999 0 0 0 0 0 0 0 20 44 42 11 13 29 33 22 10 30 13 12 10 27 12 18 11 6 37 58 44 47 42 41 46 18 32 48 211 65 8 40 46 20 25 10 21 37 45 73 64 14 -9999 -9999 -9999 -9999
-9999 -9999 -9999 -9999 -9999 -9999 -9999 -9999 -9999 -9999 -9999 0 0 0 0 0 0 0 0 0 13 34 23 38 32 25 39 25 16 6 12 3 3 2 2 0 1 12 34 40 46 35 19 6 21 27 17 26 36 49 21 75 28 5 5 5 1 14 35 32 59 26 16 36 -9999 -9999 -9999
-9999 -9999 -9999 -9999 -9999 -9999 -9999 -9999 -9999 -9999 0 0 0 0 0 0 0 4 7 11 20 27 22 20 23 34 14 6 4 4 12 6 2 3 23 23 2 21 30 1 6 1 12 11 40 52 51 73 72 62 17 48 65 21 16 9 3 4 7 8 3 13 49 90 66 -9999 -9999
-9999 -9999 -9999 -9999 -9999 -9999 -9999 -9999 -9999 -9999 0 0 0 0 0 0 2 13 14 7 20 37 42 37 29 27 15 4 4 2 2 5 7 9 9 12 16 0 0 0 7 3 0 39 33 36 50 69 122 68 14 73 34 43 43 42 6 4 35 98 30 25 87 204 -9999 -9999 -9999
-9999 -9999 -9999 -9999 -9999 -9999 -9999 -9999 -9999 0 0 0 0 0 0 0 16 15 3 13 26 29 25 15 17 19 5 7 4 2 2 6 6 6 4 19 15 11 8 22 22 97 27 1 5 2 15 6 33 7 30 43 35 27 72 32 20 137 180 149 107 222 104 45 -9999 -9999 -9999
-9999 -9999 -9999 -9999 -9999 -9999 -9999 -9999 -9999 0 0 0 0 0 0 10 17 6 2 18 19 25 12 64 68 57 13 11 8 3 4 8 3 5 5 23 10 19 11 13 24 28 99 28 29 45 14 1 13 42 88 51 28 59 48 84 43 366 282 11 6 -9999 -9999 -9999 -9999 -9999 -9999
-9999 -9999 -9999 -9999 -9999 -9999 0 0 0 0 0 1 0 0 6 21 16 7 11 3 7 20 30 25 85 45 40 20 10 1 3 6 3 5 7 12 6 12 12 10 39 8 54 121 31 45 126 52 14 71 122 95 73 66 64 89 223 281 288 3 24 -9999 -9999 -9999 0 0 0
-9999 -9999 -9999 -9999 -9999 -9999 0 0 2 17 8 18 1 3 15 42 44 33 21 24 26 48 47 37 35 61 14 9 14 1 4 2 3 7 10 17 12 18 12 7 52 20 109 82 82 127 156 50 156 45 69 73 66 239 204 128 274 205 246 148 -9999 -9999 0 0 0 0 0
-9999 -9999 -9999 -9999 -9999 0 0 0 10 35 11 8 27 33 71 69 65 54 39 35 45 23 47 30 40 81 57 37 14 29 6 3 3 6 23 22 11 27 24 17 45 102 55 107 116 53 184 73 141 44 40 148 118 195 191 178 369 299 457 363 2 0 0 0 0 0 0
-9999 -9999 0 0 0 0 0 0 12 21 11 4 30 85 84 107 104 60 31 21 22 16 12 70 84 174 124 62 19 28 2 7 4 4 22 30 11 22 12 21 111 87 96 186 67 117 90 79 141 72 51 32 86 111 251 123 201 309 91 68 0 0 0 0 0 0 0
-9999 0 0 0 0 1 9 9 33 14 15 13 27 14 42 92 67 48 28 21 28 40 38 29 13 39 83 59 69 38 22 4 4 8 17 71 31 43 32 23 114 63 91 319 194 153 153 145 95 119 101 32 141 133 85 109 191 193 265 27 0 0 0 0 0 0 0
-9999 0 0 0 0 10 58 53 31 14 39 9 40 20 89 25 4 15 55 39 20 46 41 13 20 27 24 26 37 59 27 13 7 20 32 45 53 40 29 17 150 152 111 244 172 152 168 144 93 161 83 44 126 85 178 102 161 240 176 0 0 0 0 0 0 0 0
0 0 0 0 0 90 169 81 66 74 20 58 51 25 49 22 35 18 21 42 30 25 30 23 18 31 23 33 44 105 78 34 30 38 36 66 82 49 70 54 153 247 208 242 408 170 275 160 109 60 92 47 113 49 133 188 276 87 0 0 0 0 0 0 0 0 0
0 0 0 0 0 47 98 47 146 71 26 44 83 47 26 26 26 47 68 64 48 40 41 12 31 23 24 45 52 34 20 22 21 44 53 58 76 72 61 33 57 247 82 251 164 222 268 375 194 129 94 67 63 35 50 136 137 29 0 0 0 0 0 0 0 0 0
0 0 0 0 0 4 22 51 135 51 12 5 25 33 28 28 46 67 44 89 79 29 59 14 21 27 54 46 20 25 20 24 33 52 60 49 62 81 52 47 39 23 114 121 169 110 458 290 224 172 164 123 111 31 87 57 0 0 0 0 0 0 0 0 0 0 0
0 0 0 0 0 109 36 74 82 29 12 3 16 23 34 20 83 96 88 65 37 36 24 6 16 22 48 54 31 25 26 22 26 47 43 39 80 111 29 33 18 11 29 67 273 67 55 253 150 158 166 209 64 41 157 53 0 0 0 0 0 0 0 0 0 0 0
0 0 0 0 7 32 12 60 70 22 21 46 30 30 41 42 23 72 78 54 26 15 14 45 9 31 37 22 7 13 33 32 36 64 97 72 64 89 97 36 51 100 47 45 147 3 29 134 232 254 120 99 306 90 118 8 0 0 0 0 0 0 0 0 0 0 0
0 0 0 0 17 9 33 96 51 -9999 8 121 36 26 10 12 13 30 30 24 21 10 8 3 7 19 11 9 14 24 31 45 82 89 102 161 48 25 42 37 15 92 77 68 31 82 157 70 175 111 37 159 198 62 23 0 0 0 0 0 0 0 0 0 0 0 0
0 0 0 1 26 14 94 -9999 -9999 12 68 82 48 19 14 19 16 15 29 35 33 16 18 9 61 26 42 36 88 79 127 100 110 91 63 50 169 19 15 35 31 87 46 11 11 278 26 207 49 16 64 105 172 7 0 0 0 0 0 0 0 0 0 0 0 0 0
0 0 10 54 41 73 48 -9999 -9999 27 63 52 20 6 10 13 19 5 30 8 3 14 18 7 25 46 91 95 77 129 125 79 122 120 34 27 110 1 19 14 9 60 11 75 38 76 0 0 13 0 0 39 1 0 0 0 0 0 0 0 0 0 0 0 0 0 0
0 0 60 69 84 8 16 2 0 18 98 23 27 14 4 2 14 3 12 10 9 24 18 10 18 21 10 19 55 152 120 169 57 15 4 78 12 0 0 1 45 89 0 0 0 229 0 0 0 2 0 6 0 0 0 0 0 0 0 0 0 0 0 0 0 0 0
0 0 5 64 45 6 -9999 2 3 17 73 22 34 21 17 16 3 2 18 10 7 18 32 49 24 129 65 38 23 93 67 23 4 1 0 0 0 0 1 4 0 0 0 0 0 0 0 0 0 5 0 0 0 0 0 0 0 0 0 0 0 0 0 0 0 0 0
0 0 0 13 -9999 -9999 4 -9999 31 10 72 48 30 26 20 14 4 6 -9999 8 4 7 42 78 95 130 71 25 23 1 0 0 0 0 0 0 0 0 12 15 0 0 0 0 0 0 0 0 0 0 96 0 0 0 0 0 0 0 0 0 0 0 0 0 0 0 0
0 0 0 0 0 -9999 -9999 -9999 3 1 -9999 31 30 30 27 8 5 8 9 9 10 21 60 152 -9999 109 98 25 27 1 0 4 1 4 4 0 0 0 0 0 0 0 0 0 0 0 0 0 0 0 0 0 0 0 0 0 0 0 0 0 0 0 0 0 0 0 0
0 0 0 0 0 -9999 -9999 5 0 -9999 38 41 8 10 9 4 4 2 5 18 23 27 34 -9999 -9999 82 87 75 50 10 10 58 6 45 6 0 5 4 0 0 0 0 0 0 0 0 0 0 0 0 0 0 0 0 0 0 0 0 0 0 0 0 0 0 0 0 0
0 0 0 1 -9999 -9999 0 12 9 14 27 52 5 3 4 5 7 2 1 19 62 68 59 72 -9999 77 70 61 23 1 0 0 8 56 112 5 2 0 0 0 0 0 0 0 0 0 0 0 0 0 0 0 0 0 0 0 0 0 0 0 0 0 0 0 0 0 0
0 0 2 21 2 4 9 21 23 34 41 34 4 3 2 2 5 5 6 8 32 44 61 79 -9999 63 58 49 5 0 0 0 10 33 0 26 13 0 0 0 0 0 0 0 0 0 0 0 0 0 0 0 0 0 0 0 0 0 0 0 0 0 0 0 0 0 0
0 0 12 38 0 28 26 34 54 14 42 28 2 3 3 5 4 3 3 3 42 45 54 69 53 72 70 20 0 0 0 2 1 35 0 0 0 0 0 0 0 0 0 0 0 0 0 0 0 0 0 0 0 0 0 0 0 0 0 0 0 0 0 0 0 0 0
0 1 17 -9999 86 44 73 16 34 22 37 9 3 7 18 11 3 2 2 7 28 44 70 51 66 44 55 8 0 0 0 0 0 0 0 0 0 0 0 0 0 0 0 0 0 0 0 0 0 0 0 0 0 0 0 0 0 0 0 0 0 0 0 0 0 0 0
0 2 15 -9999 112 83 47 25 25 22 20 2 3 7 30 22 9 1 5 12 16 8 18 54 41 25 22 1 0 0 0 0 0 0 0 0 0 0 0 0 0 0 0 0 0 0 0 0 0 0 0 0 0 0 0 0 0 0 0 0 0 0 0 0 0 0 0
0 1 -9999 34 79 147 63 16 15 17 5 2 3 7 13 27 7 7 25 12 19 35 38 46 22 9 1 0 0 0 0 0 0 0 0 0 0 0 0 0 0 0 0 0 0 0 0 0 0 0 0 0 0 0 0 0 0 0 0 0 0 0 0 0 0 0 0
0 14 -9999 19 34 116 121 21 19 20 18 13 9 20 45 21 18 15 25 13 13 19 17 26 15 9 14 1 0 0 0 0 0 0 0 0 0 0 0 0 0 0 0 0 0 0 0 0 0 0 0 0 0 0 0 0 0 0 0 0 0 0 0 0 0 0 0
-9999 10 11 13 78 109 84 9 12 19 14 22 24 24 32 21 17 13 18 5 7 16 21 21 15 8 18 9 0 0 0 0 0 0 0 0 0 0 0 0 0 0 0 0 0 0 0 0 0 0 0 0 0 0 0 0 0 0 0 0 0 0 0 0 0 0 0
0 13 1 9 16 25 15 15 16 8 13 15 22 38 7 0 0 0 0 0 0 0 0 0 0 0 0 0 0 0 0 0 0 0 0 0 0 0 0 0 0 0 0 0 0 0 0 0 0 0 0 0 0 0 0 0 0 0 0 0 0 0 0 0 0 0 0
0 113 61 9 20 13 17 14 14 6 0 0 0 0 0 0 0 0 0 0 0 0 0 0 0 0 0 0 0 0 0 0 0 0 0 0 0 0 0 0 0 0 0 0 0 0 0 0 0 0 0 0 0 0 0 0 0 0 0 0 0 0 0 0 0 0 0
3 68 75 47 14 25 12 17 7 3 0 0 0 0 0 0 0 0 0 0 0 0 0 0 0 0 0 0 0 0 0 0 0 0 0 0 0 0 0 0 0 0 0 0 0 0 0 0 0 0 0 0 0 0 0 0 0 0 0 0 0 0 0 0 0 0 0
0 174 232 140 14 10 20 16 2 0 0 0 0 -9999 0 0 0 0 0 0 0 0 0 0 0 0 0 0 0 0 0 0 0 0 0 0 0 0 0 0 0 0 0 0 0 0 0 0 0 0 0 0 0 0 0 0 0 0 0 0 0 0 0 0 0 0 0
0 34 32 27 5 14 11 2 0 0 0 0 0 0 0 0 0 0 0 0 0 0 0 0 0 0 0 0 0 0 0 0 0 0 0 0 0 0 0 0 0 0 0 0 0 0 0 0 0 0 0 0 -9999 0 -9999 0 0 0 0 0 0 0 0 0 0 0 0
0 0 0 0 9 12 1 0 0 0 0 0 0 0 0 0 0 0 0 0 0 0 0 0 0 0 0 0 0 0 0 0 0 0 0 0 0 0 0 0 0 0 0 0 0 0 0 0 0 0 0 0 0 -9999 -9999 0 0 0 0 0 0 0 0 0 0 0 0
