Archive - glowpa-model-master/Model input/Uganda/oocysts/diffuse_streaminput_human_cryptosporidium1mar.asc
NCOLS 67 
NROWS 67 
XLLCORNER 29.5 
YLLCORNER -1.5 
CELLSIZE 0.0833333333333334 
NODATA_value -9999 
-9999.000000000000000 -9999 -9999 -9999 -9999 -9999 -9999 -9999 -9999 -9999 -9999 -9999 -9999 -9999 -9999 -9999 -9999 -9999 -9999 -9999 -9999 -9999 -9999 -9999 -9999 -9999 -9999 -9999 -9999 -9999 -9999 0 0 -9999 -9999 -9999 -9999 -9999 -9999 -9999 -9999 -9999 -9999 -9999 -9999 -9999 -9999 -9999 -9999 -9999 -9999 -9999 -9999 -9999 -9999 -9999 -9999 -9999 -9999 -9999 -9999 -9999 -9999 -9999 -9999 -9999 -9999
-9999 -9999 -9999 -9999 -9999 -9999 -9999 -9999 -9999 -9999 -9999 -9999 -9999 -9999 -9999 -9999 -9999 -9999 -9999 -9999 -9999 -9999 -9999 -9999 -9999 -9999 -9999 -9999 -9999 0 0 0 0 0 0 0 0 0 0 0 -9999 -9999 -9999 -9999 -9999 -9999 -9999 -9999 -9999 -9999 -9999 -9999 -9999 -9999 -9999 -9999 -9999 -9999 -9999 -9999 -9999 -9999 -9999 -9999 -9999 -9999 -9999
-9999 -9999 -9999 -9999 -9999 -9999 -9999 -9999 -9999 -9999 -9999 -9999 -9999 -9999 -9999 -9999 -9999 -9999 -9999 -9999 -9999 -9999 -9999 -9999 -9999 -9999 -9999 -9999 -9999 0 0 0 0 0 0 0 0 0 0 0 0 1 5 -9999 -9999 -9999 -9999 -9999 -9999 -9999 -9999 -9999 -9999 -9999 -9999 -9999 -9999 -9999 -9999 -9999 -9999 -9999 -9999 -9999 -9999 -9999 -9999
-9999 -9999 -9999 -9999 -9999 -9999 -9999 -9999 -9999 -9999 -9999 -9999 -9999 -9999 -9999 -9999 -9999 -9999 -9999 -9999 -9999 -9999 -9999 -9999 -9999 0 -9999 -9999 -9999 0 0 0 0 0 0 0 1 3 1 2 3 15 34 -9999 -9999 -9999 -9999 -9999 -9999 -9999 -9999 -9999 20 15 11 -9999 -9999 -9999 -9999 -9999 -9999 -9999 -9999 -9999 -9999 -9999 -9999
-9999 -9999 -9999 -9999 -9999 -9999 -9999 -9999 -9999 -9999 -9999 -9999 -9999 -9999 -9999 -9999 -9999 -9999 -9999 -9999 -9999 -9999 33 -9999 -9999 2 -9999 -9999 -9999 0 0 0 0 0 4 9 17 18 19 25 21 16 37 14 -9999 -9999 -9999 -9999 -9999 -9999 -9999 -9999 41 42 21 71 62 -9999 -9999 -9999 -9999 -9999 -9999 -9999 -9999 -9999 -9999
-9999 -9999 -9999 -9999 -9999 -9999 -9999 -9999 -9999 -9999 -9999 -9999 -9999 -9999 -9999 -9999 -9999 -9999 -9999 -9999 -9999 45 41 35 16 8 14 11 2 1 0 0 1 3 6 11 17 28 28 23 12 26 14 18 -9999 -9999 -9999 -9999 -9999 -9999 -9999 15 20 21 118 86 129 17 1 -9999 -9999 -9999 -9999 -9999 -9999 -9999 -9999
-9999 -9999 -9999 -9999 -9999 -9999 -9999 -9999 -9999 -9999 -9999 -9999 -9999 -9999 -9999 -9999 -9999 -9999 -9999 99 66 106 88 69 10 6 3 11 4 8 10 2 2 4 5 10 22 19 25 31 47 21 13 11 -9999 -9999 -9999 15 -9999 -9999 7 9 22 18 50 117 39 8 9 -9999 -9999 -9999 -9999 -9999 -9999 -9999 -9999
-9999 -9999 -9999 -9999 -9999 -9999 -9999 -9999 -9999 -9999 -9999 -9999 -9999 -9999 -9999 -9999 -9999 147 111 89 126 215 73 23 -9999 6 15 40 43 14 22 7 7 6 6 7 22 14 21 38 55 27 27 12 7 -9999 -9999 16 5 2 6 9 32 17 10 69 20 7 -9999 -9999 -9999 -9999 -9999 -9999 -9999 -9999 -9999
-9999 -9999 -9999 -9999 -9999 -9999 -9999 -9999 -9999 -9999 -9999 -9999 -9999 -9999 -9999 -9999 -9999 107 101 133 76 143 75 12 7 12 54 99 29 23 14 14 9 7 7 10 9 33 24 32 46 39 32 15 15 15 27 19 4 6 8 14 42 30 18 45 11 14 -9999 -9999 -9999 -9999 -9999 -9999 -9999 -9999 -9999
-9999 -9999 -9999 -9999 -9999 -9999 -9999 -9999 -9999 -9999 -9999 -9999 -9999 -9999 -9999 -9999 -9999 115 124 163 119 72 64 -9999 5 14 28 31 16 9 26 23 12 8 9 6 10 10 10 40 41 32 39 44 39 31 20 8 10 11 10 19 22 32 14 30 7 12 7 -9999 -9999 -9999 -9999 -9999 -9999 -9999 -9999
-9999 -9999 -9999 -9999 -9999 -9999 -9999 -9999 -9999 -9999 -9999 -9999 -9999 -9999 -9999 -9999 101 163 160 83 54 39 45 -9999 -9999 24 12 18 10 10 32 14 9 9 6 6 8 9 11 32 26 71 32 44 29 11 7 13 15 14 17 33 17 14 67 45 6 15 6 -9999 -9999 -9999 -9999 -9999 -9999 -9999 -9999
-9999 -9999 -9999 -9999 -9999 -9999 -9999 -9999 -9999 -9999 -9999 -9999 -9999 -9999 -9999 -9999 216 206 111 40 31 32 -9999 27 6 12 12 12 7 11 23 20 7 10 9 7 22 22 18 22 37 31 22 38 27 19 9 50 11 12 17 19 18 21 88 69 36 18 6 -9999 -9999 -9999 -9999 -9999 -9999 -9999 -9999
-9999 -9999 -9999 -9999 -9999 -9999 -9999 -9999 -9999 -9999 -9999 -9999 -9999 -9999 -9999 130 330 342 127 56 31 -9999 -9999 18 12 11 11 10 11 12 19 52 18 23 11 14 19 17 18 28 26 38 31 37 16 40 48 34 7 7 26 38 37 64 104 123 77 63 20 14 -9999 -9999 -9999 -9999 -9999 -9999 -9999
-9999 -9999 -9999 -9999 -9999 -9999 -9999 -9999 -9999 -9999 -9999 -9999 -9999 -9999 -9999 -9999 218 150 31 24 12 -9999 -9999 4 14 12 13 12 10 12 29 64 25 28 32 24 31 34 46 20 32 63 27 14 16 32 52 33 6 6 15 16 55 72 62 124 116 68 20 19 -9999 -9999 -9999 -9999 -9999 -9999 -9999
-9999 -9999 -9999 -9999 -9999 -9999 -9999 -9999 -9999 -9999 -9999 -9999 -9999 -9999 -9999 -9999 -9999 78 32 13 15 14 4 15 12 12 14 14 10 11 45 61 52 64 27 31 25 26 24 21 33 78 64 57 23 11 29 25 7 4 6 8 27 47 77 57 100 57 25 29 13 -9999 -9999 -9999 -9999 -9999 -9999
-9999 -9999 -9999 -9999 -9999 -9999 -9999 -9999 -9999 -9999 -9999 -9999 -9999 -9999 -9999 -9999 115 67 38 15 13 -9999 -9999 13 11 7 7 8 8 9 19 36 80 189 72 18 14 17 35 35 28 62 79 36 30 21 27 29 12 27 16 7 42 35 51 64 46 55 40 23 15 -9999 -9999 -9999 -9999 -9999 -9999
-9999 -9999 -9999 -9999 -9999 -9999 -9999 -9999 -9999 -9999 -9999 -9999 -9999 -9999 -9999 -9999 99 38 28 31 12 -9999 -9999 13 5 6 8 12 10 23 28 17 59 82 35 30 16 27 36 46 51 36 35 25 17 25 29 27 26 64 5 7 22 47 20 9 23 36 53 35 22 15 17 -9999 -9999 -9999 -9999
-9999 -9999 -9999 -9999 -9999 -9999 -9999 -9999 -9999 -9999 -9999 -9999 -9999 -9999 -9999 41 134 31 25 35 19 14 -9999 2 3 4 7 9 18 80 20 13 26 40 37 68 47 30 34 34 47 33 56 45 54 64 26 15 18 26 37 23 8 16 3 8 38 45 33 34 24 21 51 -9999 -9999 -9999 -9999
-9999 -9999 -9999 -9999 -9999 -9999 -9999 -9999 -9999 -9999 -9999 -9999 -9999 -9999 -9999 88 97 40 30 74 27 17 24 30 1 4 5 6 16 58 8 7 9 25 61 54 21 20 38 43 69 53 21 42 34 37 21 12 3 69 49 54 18 16 8 6 19 47 16 39 30 59 26 4 -9999 -9999 -9999
-9999 -9999 -9999 -9999 -9999 -9999 -9999 -9999 -9999 -9999 -9999 -9999 -9999 -9999 -9999 36 81 154 71 75 59 29 34 85 17 1 2 4 3 8 4 3 35 22 25 32 29 29 50 63 86 86 36 48 38 58 23 19 23 15 8 13 23 19 13 10 5 4 22 52 46 27 51 -9999 -9999 -9999 -9999
-9999 -9999 -9999 -9999 -9999 -9999 -9999 -9999 -9999 -9999 -9999 -9999 -9999 -9999 -9999 0 50 60 48 70 75 35 16 31 4 5 4 3 8 3 2 3 10 12 21 29 34 39 102 88 86 109 46 32 26 59 56 29 15 23 6 10 10 11 19 11 5 11 46 33 51 22 59 91 -9999 -9999 -9999
-9999 -9999 -9999 -9999 -9999 -9999 -9999 -9999 -9999 -9999 -9999 -9999 -9999 -9999 -9999 0 0 0 1 66 90 60 12 7 15 2 6 17 19 15 6 4 7 29 36 19 43 39 72 78 112 103 36 34 61 28 18 17 20 13 9 9 6 15 12 9 15 31 41 51 22 46 87 73 -9999 -9999 -9999
-9999 -9999 -9999 -9999 -9999 -9999 -9999 -9999 -9999 -9999 -9999 -9999 -9999 -9999 -9999 -9999 0 0 0 0 22 34 35 42 45 14 14 16 19 18 12 16 26 75 44 37 41 104 119 75 152 91 57 34 27 41 42 18 16 24 11 11 6 7 10 53 84 54 93 61 21 61 -9999 -9999 -9999 -9999 -9999
-9999 -9999 -9999 -9999 -9999 -9999 -9999 -9999 -9999 -9999 -9999 -9999 -9999 -9999 -9999 -9999 -9999 0 0 0 0 0 32 47 29 7 14 14 17 18 13 17 44 84 18 24 30 56 85 76 44 49 64 54 50 47 45 20 21 29 28 23 12 11 17 12 63 26 110 84 27 83 -9999 -9999 -9999 -9999 -9999
-9999 -9999 -9999 -9999 -9999 -9999 -9999 -9999 -9999 -9999 -9999 -9999 -9999 -9999 -9999 0 0 0 0 0 0 0 3 28 21 6 13 15 16 15 13 28 76 61 23 29 79 44 70 72 43 27 25 21 32 27 28 40 27 30 30 31 16 36 39 15 9 3 32 30 55 79 24 -9999 -9999 -9999 -9999
-9999 -9999 -9999 -9999 -9999 -9999 -9999 -9999 -9999 -9999 -9999 -9999 -9999 -9999 -9999 0 0 0 0 0 0 0 0 25 12 13 18 13 19 20 21 49 61 37 18 67 65 32 78 67 49 38 17 20 33 75 35 44 40 21 33 30 22 40 21 30 21 43 28 22 63 37 36 -9999 -9999 -9999 -9999
-9999 -9999 -9999 -9999 -9999 -9999 -9999 -9999 -9999 -9999 -9999 -9999 -9999 -9999 -9999 0 0 0 0 0 0 0 53 39 20 11 22 15 31 69 40 23 16 25 29 19 38 22 44 55 35 26 47 32 57 65 56 59 32 29 23 45 -9999 77 33 19 14 23 24 33 97 79 -9999 -9999 -9999 -9999 -9999
-9999 -9999 -9999 -9999 -9999 -9999 -9999 -9999 -9999 -9999 -9999 -9999 -9999 -9999 -9999 0 0 0 0 0 0 13 55 26 3 4 33 31 32 81 53 19 20 19 27 17 12 37 5 6 14 22 19 71 50 27 44 22 35 79 36 9 7 50 29 14 8 29 25 45 46 29 -9999 -9999 -9999 -9999 -9999
-9999 -9999 -9999 -9999 -9999 -9999 -9999 -9999 -9999 -9999 -9999 -9999 -9999 -9999 0 0 0 0 0 0 0 14 41 40 11 12 29 31 21 9 30 12 12 9 23 10 17 9 5 33 58 41 44 40 39 43 14 26 45 198 61 7 33 40 16 21 9 20 35 42 64 49 9 -9999 -9999 -9999 -9999
-9999 -9999 -9999 -9999 -9999 -9999 -9999 -9999 -9999 -9999 -9999 0 0 0 0 0 0 0 0 0 10 32 22 35 32 25 39 25 16 6 12 3 3 2 1 0 0 10 34 35 43 35 18 5 14 22 15 23 34 46 21 70 26 5 5 5 1 11 33 30 48 20 12 28 -9999 -9999 -9999
-9999 -9999 -9999 -9999 -9999 -9999 -9999 -9999 -9999 -9999 0 0 0 0 0 0 0 3 6 10 19 26 22 20 23 34 14 6 4 4 12 6 2 3 23 21 2 19 28 1 5 1 9 9 38 49 47 68 68 58 16 45 61 21 16 8 3 4 5 6 3 9 38 79 62 -9999 -9999
-9999 -9999 -9999 -9999 -9999 -9999 -9999 -9999 -9999 -9999 0 0 0 0 0 0 1 11 14 7 20 37 42 37 29 27 15 4 4 2 2 5 7 8 9 12 15 0 0 0 6 3 0 34 29 32 47 65 122 60 14 73 34 40 41 36 5 3 29 66 18 15 52 157 -9999 -9999 -9999
-9999 -9999 -9999 -9999 -9999 -9999 -9999 -9999 -9999 0 0 0 0 0 0 0 13 14 3 12 26 29 25 15 17 19 4 7 4 2 2 6 5 6 4 19 15 11 8 21 21 91 27 1 5 2 13 5 31 7 28 40 33 25 68 28 17 106 122 78 64 124 58 35 -9999 -9999 -9999
-9999 -9999 -9999 -9999 -9999 -9999 -9999 -9999 -9999 0 0 0 0 0 0 9 17 6 2 18 19 23 12 64 68 54 12 11 8 3 4 8 3 5 5 24 10 19 11 12 24 28 99 30 29 45 13 1 11 42 88 47 28 55 45 74 35 301 180 6 4 -9999 -9999 -9999 -9999 -9999 -9999
-9999 -9999 -9999 -9999 -9999 -9999 0 0 0 0 0 1 0 0 5 22 16 7 11 3 7 20 30 25 85 45 40 22 10 1 3 7 3 5 7 12 6 12 12 10 37 7 54 121 31 42 126 48 14 71 122 89 68 66 56 84 196 217 196 2 17 -9999 -9999 -9999 0 0 0
-9999 -9999 -9999 -9999 -9999 -9999 0 0 2 16 8 18 1 2 15 42 44 33 21 22 26 48 47 37 35 57 15 10 14 1 4 2 3 7 10 17 12 19 13 7 52 20 109 82 82 127 146 46 146 42 60 73 66 239 204 128 274 192 178 83 -9999 -9999 0 0 0 0 0
-9999 -9999 -9999 -9999 -9999 0 0 0 10 35 11 8 21 31 76 69 65 54 39 35 45 23 47 30 40 81 57 39 14 29 6 3 3 6 23 22 12 27 26 17 48 109 55 107 116 50 184 73 132 41 40 148 118 183 191 167 346 280 429 247 2 0 0 0 0 0 0
-9999 -9999 0 0 0 0 0 0 12 22 11 4 30 91 95 114 118 60 33 22 22 16 12 70 84 174 124 62 19 28 2 7 4 4 22 30 11 24 12 21 118 87 96 186 67 117 84 74 133 72 48 25 81 104 236 116 189 290 85 49 0 0 0 0 0 0 0
-9999 0 0 0 0 1 9 9 35 15 15 13 31 16 45 99 76 51 30 22 30 43 40 31 14 39 83 59 69 38 22 4 4 9 17 71 31 43 32 23 114 63 91 319 194 153 153 136 95 112 101 22 141 133 80 102 191 193 249 24 0 0 0 0 0 0 0
-9999 0 0 0 0 10 58 53 35 14 39 9 43 21 89 25 4 15 59 45 21 50 44 15 21 27 24 26 37 59 29 13 7 20 32 45 53 40 29 16 150 152 111 244 183 152 168 135 87 151 83 41 111 79 178 102 151 240 165 0 0 0 0 0 0 0 0
0 0 0 0 0 96 180 81 66 74 20 58 51 25 49 22 37 19 24 44 34 27 34 28 21 33 23 36 44 105 78 34 33 43 41 71 82 49 70 51 153 247 208 242 408 170 293 160 102 60 92 47 106 49 125 188 258 82 0 0 0 0 0 0 0 0 0
0 0 0 0 0 50 104 50 146 76 26 44 89 47 26 28 28 50 72 68 51 45 47 15 35 25 26 45 52 34 20 22 22 50 57 62 81 72 61 33 57 247 82 251 175 237 286 375 182 129 94 67 59 33 47 128 128 27 0 0 0 0 0 0 0 0 0
0 0 0 0 0 4 24 54 144 51 13 5 26 36 30 30 49 72 50 95 85 36 77 18 25 29 57 52 22 27 21 24 33 52 64 52 62 81 52 47 39 23 114 129 169 118 458 290 210 172 164 131 111 31 81 57 0 0 0 0 0 0 0 0 0 0 0
0 0 0 0 0 150 38 78 87 29 12 4 17 26 39 23 88 102 88 69 42 38 28 7 19 26 58 66 40 36 34 22 26 47 43 39 86 118 29 33 18 11 29 71 311 87 67 238 150 158 166 196 60 43 157 49 0 0 0 0 0 0 0 0 0 0 0
0 0 0 0 11 44 12 64 74 23 21 49 32 35 47 47 26 77 78 58 27 17 15 45 10 38 48 35 8 15 35 32 36 64 97 72 73 101 103 36 48 100 47 48 190 4 35 143 232 254 120 99 306 84 134 6 0 0 0 0 0 0 0 0 0 0 0
0 0 0 0 24 11 35 103 51 2 9 130 38 30 11 14 14 34 32 26 22 10 8 3 8 27 16 11 15 25 31 45 82 89 102 161 54 28 42 40 15 92 77 78 46 121 263 109 187 154 54 159 198 71 23 0 0 0 0 0 0 0 0 0 0 0 0
0 0 0 1 29 14 100 -9999 -9999 13 73 93 51 21 14 21 17 16 31 37 36 17 19 9 80 36 54 44 106 79 127 100 110 91 63 50 180 26 19 35 35 87 53 18 19 360 50 325 63 25 108 155 208 14 0 0 0 0 0 0 0 0 0 0 0 0 0
0 0 10 57 44 84 51 -9999 -9999 29 67 56 22 7 11 14 19 5 32 9 4 15 19 8 34 55 110 116 94 129 125 79 114 120 34 29 134 2 29 19 13 64 17 134 72 136 0 0 24 1 0 70 1 0 0 0 0 0 0 0 0 0 0 0 0 0 0
0 0 64 69 84 9 17 2 0 20 98 26 29 14 5 3 15 3 14 12 11 27 22 13 21 23 12 20 63 152 120 169 61 18 6 149 22 0 0 1 80 159 0 0 0 409 0 0 0 3 0 14 0 0 0 0 0 0 0 0 0 0 0 0 0 0 0
0 0 6 64 45 6 -9999 2 3 18 77 25 36 21 18 16 3 2 19 12 9 22 41 73 28 129 65 38 22 93 87 30 6 1 0 0 0 0 1 6 0 0 0 0 0 0 0 0 0 10 0 0 0 0 0 0 0 0 0 0 0 0 0 0 0 0 0
0 0 0 15 23 10 4 0 31 11 82 52 31 26 20 15 5 6 6 10 6 8 51 95 123 130 71 25 23 2 0 0 0 0 0 0 0 0 21 23 0 0 0 0 0 0 0 0 0 0 183 0 0 0 0 0 0 0 0 0 0 0 0 0 0 0 0
0 0 0 0 0 -9999 2 3 3 1 45 35 34 32 27 9 5 8 11 12 12 27 83 173 103 109 98 25 27 2 0 9 2 10 13 0 0 0 0 0 0 0 0 0 0 0 0 0 0 0 0 0 0 0 0 0 0 0 0 0 0 0 0 0 0 0 0
0 0 0 0 0 -9999 0 5 0 5 43 41 9 11 9 5 4 3 5 23 29 38 46 97 91 88 93 75 50 12 22 97 15 120 17 0 12 10 0 0 0 0 0 0 0 0 0 0 0 0 0 0 0 0 0 0 0 0 0 0 0 0 0 0 0 0 0
0 0 0 1 0 -9999 0 13 10 16 35 60 5 3 4 5 7 2 2 21 70 78 86 87 78 87 70 61 22 1 0 0 20 129 335 15 5 0 0 0 0 0 0 0 0 0 0 0 0 0 0 0 0 0 0 0 0 0 0 0 0 0 0 0 0 0 0
0 0 2 21 2 4 9 24 24 38 46 39 4 3 2 2 6 5 6 8 34 47 84 116 90 72 58 49 8 0 0 0 20 88 0 68 35 0 0 0 0 0 0 0 0 0 0 0 0 0 0 0 0 0 0 0 0 0 0 0 0 0 0 0 0 0 0
0 0 12 41 0 30 27 36 57 15 44 30 2 3 3 5 4 3 3 4 45 48 58 83 60 72 70 26 0 0 0 5 4 97 0 0 0 0 0 0 0 0 0 0 0 0 0 0 0 0 0 0 0 0 0 0 0 0 0 0 0 0 0 0 0 0 0
0 1 17 -9999 86 47 78 17 34 22 40 11 3 8 20 12 3 2 2 7 31 46 70 47 66 44 55 13 0 0 0 0 0 0 0 0 0 0 0 0 0 0 0 0 0 0 0 0 0 0 0 0 0 0 0 0 0 0 0 0 0 0 0 0 0 0 0
0 2 15 -9999 119 89 50 26 25 23 22 3 3 8 32 24 10 1 5 13 17 9 21 54 36 23 23 4 0 0 0 0 0 0 0 0 0 0 0 0 0 0 0 0 0 0 0 0 0 0 0 0 0 0 0 0 0 0 0 0 0 0 0 0 0 0 0
0 1 29 37 84 157 63 17 16 18 6 2 3 7 14 29 7 7 26 13 20 37 38 43 22 9 2 0 0 0 0 0 0 0 0 0 0 0 0 0 0 0 0 0 0 0 0 0 0 0 0 0 0 0 0 0 0 0 0 0 0 0 0 0 0 0 0
0 14 9 20 34 123 121 22 20 21 19 14 10 21 45 21 19 17 27 15 15 20 17 23 11 8 17 3 0 0 0 0 0 0 0 0 0 0 0 0 0 0 0 0 0 0 0 0 0 0 0 0 0 0 0 0 0 0 0 0 0 0 0 0 0 0 0
0 11 14 15 83 116 90 10 12 21 15 22 25 26 32 22 21 13 21 7 8 18 21 18 13 5 15 23 0 0 0 0 0 0 0 0 0 0 0 0 0 0 0 0 0 0 0 0 0 0 0 0 0 0 0 0 0 0 0 0 0 0 0 0 0 0 0
0 16 2 11 17 27 15 16 17 8 13 15 23 40 7 0 0 0 0 0 0 0 0 0 0 0 0 0 0 0 0 0 0 0 0 0 0 0 0 0 0 0 0 0 0 0 0 0 0 0 0 0 0 0 0 0 0 0 0 0 0 0 0 0 0 0 0
0 129 66 10 23 15 18 14 15 6 0 0 0 0 0 0 0 0 0 0 0 0 0 0 0 0 0 0 0 0 0 0 0 0 0 0 0 0 0 0 0 0 0 0 0 0 0 0 0 0 0 0 0 0 0 0 0 0 0 0 0 0 0 0 0 0 0
3 122 91 50 17 32 14 17 7 4 0 0 0 0 0 0 0 0 0 0 0 0 0 0 0 0 0 0 0 0 0 0 0 0 0 0 0 0 0 0 0 0 0 0 0 0 0 0 0 0 0 0 0 0 0 0 0 0 0 0 0 0 0 0 0 0 0
0 186 232 149 18 13 25 18 2 0 0 0 0 -9999 0 0 0 0 0 0 0 0 0 0 0 0 0 0 0 0 0 0 0 0 0 0 0 0 0 0 0 0 0 0 0 0 0 0 0 0 0 0 0 0 0 0 0 0 0 0 0 0 0 0 0 0 0
0 34 32 31 5 16 12 2 0 0 0 0 0 0 0 0 0 0 0 0 0 0 0 0 0 0 0 0 0 0 0 0 0 0 0 0 0 0 0 0 0 0 0 0 0 0 0 0 0 0 0 0 0 0 0 0 0 0 0 0 0 0 0 0 0 0 0
0 0 0 0 10 12 1 0 0 0 0 0 0 0 0 0 0 0 0 0 0 0 0 0 0 0 0 0 0 0 0 0 0 0 0 0 0 0 0 0 0 0 0 0 0 0 0 0 0 0 0 0 0 0 0 0 0 0 0 0 0 0 0 0 0 0 0
