Archive - glowpa-model-master/Model input/Uganda/oocysts/diffuse_streaminput_human_cryptosporidium1nov.asc
NCOLS 67 
NROWS 67 
XLLCORNER 29.5 
YLLCORNER -1.5 
CELLSIZE 0.0833333333333334 
NODATA_value -9999 
-9999.000000000000000 -9999 -9999 -9999 -9999 -9999 -9999 -9999 -9999 -9999 -9999 -9999 -9999 -9999 -9999 -9999 -9999 -9999 -9999 -9999 -9999 -9999 -9999 -9999 -9999 -9999 -9999 -9999 -9999 -9999 -9999 0 0 -9999 -9999 -9999 -9999 -9999 -9999 -9999 -9999 -9999 -9999 -9999 -9999 -9999 -9999 -9999 -9999 -9999 -9999 -9999 -9999 -9999 -9999 -9999 -9999 -9999 -9999 -9999 -9999 -9999 -9999 -9999 -9999 -9999 -9999
-9999 -9999 -9999 -9999 -9999 -9999 -9999 -9999 -9999 -9999 -9999 -9999 -9999 -9999 -9999 -9999 -9999 -9999 -9999 -9999 -9999 -9999 -9999 -9999 -9999 -9999 -9999 -9999 -9999 0 0 0 0 0 0 0 0 0 0 0 -9999 -9999 -9999 -9999 -9999 -9999 -9999 -9999 -9999 -9999 -9999 -9999 -9999 -9999 -9999 -9999 -9999 -9999 -9999 -9999 -9999 -9999 -9999 -9999 -9999 -9999 -9999
-9999 -9999 -9999 -9999 -9999 -9999 -9999 -9999 -9999 -9999 -9999 -9999 -9999 -9999 -9999 -9999 -9999 -9999 -9999 -9999 -9999 -9999 -9999 -9999 -9999 -9999 -9999 -9999 -9999 0 0 0 0 0 0 0 0 0 0 0 0 1 6 -9999 -9999 -9999 -9999 -9999 -9999 -9999 -9999 -9999 -9999 -9999 -9999 -9999 -9999 -9999 -9999 -9999 -9999 -9999 -9999 -9999 -9999 -9999 -9999
-9999 -9999 -9999 -9999 -9999 -9999 -9999 -9999 -9999 -9999 -9999 -9999 -9999 -9999 -9999 -9999 -9999 -9999 -9999 -9999 -9999 -9999 -9999 -9999 -9999 0 -9999 -9999 -9999 0 0 0 0 0 0 0 1 3 1 2 3 16 36 -9999 -9999 -9999 -9999 -9999 -9999 -9999 -9999 -9999 20 16 11 -9999 -9999 -9999 -9999 -9999 -9999 -9999 -9999 -9999 -9999 -9999 -9999
-9999 -9999 -9999 -9999 -9999 -9999 -9999 -9999 -9999 -9999 -9999 -9999 -9999 -9999 -9999 -9999 -9999 -9999 -9999 -9999 -9999 -9999 40 -9999 -9999 2 -9999 -9999 -9999 0 0 0 0 0 4 10 18 20 20 26 23 18 42 15 -9999 -9999 -9999 -9999 -9999 -9999 -9999 -9999 41 42 21 76 67 -9999 -9999 -9999 -9999 -9999 -9999 -9999 -9999 -9999 -9999
-9999 -9999 -9999 -9999 -9999 -9999 -9999 -9999 -9999 -9999 -9999 -9999 -9999 -9999 -9999 -9999 -9999 -9999 -9999 -9999 -9999 66 60 49 17 9 16 13 2 1 0 0 1 4 6 13 19 34 32 25 12 27 15 19 -9999 -9999 -9999 -9999 -9999 -9999 -9999 15 20 23 126 86 129 17 1 -9999 -9999 -9999 -9999 -9999 -9999 -9999 -9999
-9999 -9999 -9999 -9999 -9999 -9999 -9999 -9999 -9999 -9999 -9999 -9999 -9999 -9999 -9999 -9999 -9999 -9999 -9999 136 103 167 130 96 13 7 3 12 4 9 11 3 3 4 6 13 26 23 28 33 47 23 13 11 -9999 -9999 -9999 15 -9999 -9999 7 9 23 18 50 125 39 8 9 -9999 -9999 -9999 -9999 -9999 -9999 -9999 -9999
-9999 -9999 -9999 -9999 -9999 -9999 -9999 -9999 -9999 -9999 -9999 -9999 -9999 -9999 -9999 -9999 -9999 204 144 115 152 296 108 24 3 8 21 43 46 16 27 9 8 7 8 9 27 17 24 41 55 27 29 12 7 -9999 -9999 16 5 2 6 9 32 17 10 69 21 7 -9999 -9999 -9999 -9999 -9999 -9999 -9999 -9999 -9999
-9999 -9999 -9999 -9999 -9999 -9999 -9999 -9999 -9999 -9999 -9999 -9999 -9999 -9999 -9999 -9999 -9999 148 131 162 86 185 104 15 10 18 65 112 36 28 18 17 11 8 9 13 12 39 26 34 46 42 32 16 16 15 27 19 4 6 8 14 42 30 18 48 11 15 -9999 -9999 -9999 -9999 -9999 -9999 -9999 -9999 -9999
-9999 -9999 -9999 -9999 -9999 -9999 -9999 -9999 -9999 -9999 -9999 -9999 -9999 -9999 -9999 -9999 -9999 148 161 198 164 100 68 6 8 21 31 38 19 11 31 30 15 9 11 7 13 14 11 40 41 34 42 44 39 31 21 8 10 11 10 19 22 35 15 32 8 12 7 -9999 -9999 -9999 -9999 -9999 -9999 -9999 -9999
-9999 -9999 -9999 -9999 -9999 -9999 -9999 -9999 -9999 -9999 -9999 -9999 -9999 -9999 -9999 -9999 140 211 194 101 80 44 81 30 7 31 16 23 14 12 41 20 12 11 8 7 9 11 12 32 28 75 32 47 30 12 8 13 16 14 18 33 17 14 71 45 6 15 6 -9999 -9999 -9999 -9999 -9999 -9999 -9999 -9999
-9999 -9999 -9999 -9999 -9999 -9999 -9999 -9999 -9999 -9999 -9999 -9999 -9999 -9999 -9999 -9999 280 284 135 52 42 37 33 49 13 16 17 15 9 13 31 27 10 12 13 8 24 24 19 23 39 33 23 41 29 19 9 50 11 13 17 19 18 21 88 69 36 18 6 -9999 -9999 -9999 -9999 -9999 -9999 -9999 -9999
-9999 -9999 -9999 -9999 -9999 -9999 -9999 -9999 -9999 -9999 -9999 -9999 -9999 -9999 -9999 148 486 415 154 77 38 47 70 35 16 16 16 14 14 15 22 67 22 26 13 16 23 18 19 30 28 41 34 39 17 42 51 36 7 7 28 38 37 64 104 131 82 68 20 14 -9999 -9999 -9999 -9999 -9999 -9999 -9999
-9999 -9999 -9999 -9999 -9999 -9999 -9999 -9999 -9999 -9999 -9999 -9999 -9999 -9999 -9999 -9999 282 170 38 31 13 22 18 8 21 18 19 18 12 13 33 78 28 34 37 27 35 39 49 21 32 67 29 15 18 34 55 35 7 6 15 16 55 77 62 124 116 68 20 19 -9999 -9999 -9999 -9999 -9999 -9999 -9999
-9999 -9999 -9999 -9999 -9999 -9999 -9999 -9999 -9999 -9999 -9999 -9999 -9999 -9999 -9999 -9999 -9999 84 45 15 16 26 7 20 18 18 20 20 12 13 52 69 60 77 32 35 26 30 29 24 35 78 69 57 25 12 29 26 7 4 6 8 27 47 77 57 100 57 27 31 13 -9999 -9999 -9999 -9999 -9999 -9999
-9999 -9999 -9999 -9999 -9999 -9999 -9999 -9999 -9999 -9999 -9999 -9999 -9999 -9999 -9999 -9999 131 72 49 19 15 15 -9999 16 15 10 10 10 9 11 21 41 91 245 88 20 15 19 37 43 32 66 84 36 32 21 28 31 12 29 17 7 42 37 51 64 46 58 42 25 15 -9999 -9999 -9999 -9999 -9999 -9999
-9999 -9999 -9999 -9999 -9999 -9999 -9999 -9999 -9999 -9999 -9999 -9999 -9999 -9999 -9999 -9999 106 38 32 38 13 9 28 23 6 9 11 17 11 26 30 19 67 94 38 32 18 29 38 53 58 41 37 27 18 25 31 27 28 68 5 7 23 47 21 9 25 38 56 38 23 15 17 -9999 -9999 -9999 -9999
-9999 -9999 -9999 -9999 -9999 -9999 -9999 -9999 -9999 -9999 -9999 -9999 -9999 -9999 -9999 44 142 33 31 43 22 16 31 4 4 5 9 12 19 85 21 15 28 46 39 72 50 32 36 36 50 33 60 48 57 68 28 15 19 27 39 25 8 17 3 8 38 45 33 34 24 22 55 -9999 -9999 -9999 -9999
-9999 -9999 -9999 -9999 -9999 -9999 -9999 -9999 -9999 -9999 -9999 -9999 -9999 -9999 -9999 94 103 40 36 90 30 21 31 44 2 5 6 8 17 62 9 8 9 29 65 57 22 22 41 46 79 57 22 42 34 37 23 12 4 74 53 58 20 17 8 6 19 50 16 39 30 62 29 5 -9999 -9999 -9999
-9999 -9999 -9999 -9999 -9999 -9999 -9999 -9999 -9999 -9999 -9999 -9999 -9999 -9999 -9999 38 86 164 76 91 72 33 36 117 23 2 2 6 3 8 4 3 42 25 28 36 33 31 54 68 92 92 38 51 38 62 23 19 23 16 9 14 25 20 13 10 5 4 23 55 49 29 58 -9999 -9999 -9999 -9999
-9999 -9999 -9999 -9999 -9999 -9999 -9999 -9999 -9999 -9999 -9999 -9999 -9999 -9999 -9999 0 54 60 51 85 80 38 17 46 5 7 5 4 10 3 3 3 11 14 22 33 39 42 102 94 92 124 49 34 26 59 56 31 15 25 6 10 11 15 26 14 6 11 49 33 54 23 67 104 70 -9999 -9999
-9999 -9999 -9999 -9999 -9999 -9999 -9999 -9999 -9999 -9999 -9999 -9999 -9999 -9999 -9999 0 0 0 1 71 96 64 15 9 19 3 8 24 24 18 7 4 8 33 40 20 49 42 72 83 119 110 38 36 69 30 19 18 21 15 9 9 7 20 13 10 15 33 44 55 23 49 93 83 -9999 -9999 -9999
-9999 -9999 -9999 -9999 -9999 -9999 -9999 -9999 -9999 -9999 -9999 -9999 -9999 -9999 -9999 -9999 0 0 0 0 23 41 55 62 62 23 22 22 25 22 13 18 30 91 50 42 44 104 136 85 162 97 61 36 29 44 45 18 17 27 11 12 8 7 11 56 96 61 99 65 23 65 -9999 -9999 -9999 -9999 -9999
-9999 -9999 -9999 -9999 -9999 -9999 -9999 -9999 -9999 -9999 -9999 -9999 -9999 -9999 -9999 -9999 -9999 0 0 0 0 0 61 65 45 13 24 22 24 22 13 18 50 96 20 24 32 64 96 86 50 52 72 57 57 51 48 22 21 30 30 28 12 14 18 13 67 30 133 90 29 89 -9999 -9999 -9999 -9999 -9999
-9999 -9999 -9999 -9999 -9999 -9999 -9999 -9999 -9999 -9999 -9999 -9999 -9999 -9999 -9999 0 0 0 0 0 0 0 4 42 33 11 22 20 21 17 14 29 81 70 25 31 90 47 70 77 53 28 29 22 32 27 30 43 28 30 32 36 17 44 42 16 9 4 36 32 59 84 25 -9999 -9999 -9999 -9999
-9999 -9999 -9999 -9999 -9999 -9999 -9999 -9999 -9999 -9999 -9999 -9999 -9999 -9999 -9999 0 0 0 0 0 0 0 0 34 20 23 27 18 23 23 23 52 65 39 20 72 65 35 83 76 56 43 20 21 35 80 40 50 43 22 35 34 23 46 23 30 22 46 29 24 67 40 38 -9999 -9999 -9999 -9999
-9999 -9999 -9999 -9999 -9999 -9999 -9999 -9999 -9999 -9999 -9999 -9999 -9999 -9999 -9999 0 0 0 0 0 0 0 78 57 29 16 31 20 35 79 42 26 17 27 30 22 43 23 47 67 39 31 50 34 61 74 60 63 37 31 24 48 27 88 35 22 16 26 25 35 110 89 -9999 -9999 -9999 -9999 -9999
-9999 -9999 -9999 -9999 -9999 -9999 -9999 -9999 -9999 -9999 -9999 -9999 -9999 -9999 -9999 0 0 0 0 0 0 21 86 34 4 5 38 38 34 93 61 21 21 20 31 18 14 42 6 7 17 27 21 75 56 28 50 23 37 84 36 13 8 56 30 15 9 30 27 45 50 37 -9999 -9999 -9999 -9999 -9999
-9999 -9999 -9999 -9999 -9999 -9999 -9999 -9999 -9999 -9999 -9999 -9999 -9999 -9999 0 0 0 0 0 0 0 21 46 48 13 14 33 36 24 10 34 13 12 10 27 12 19 11 6 37 61 44 47 42 41 46 17 30 48 211 70 8 40 46 21 22 10 21 37 45 68 60 13 -9999 -9999 -9999 -9999
-9999 -9999 -9999 -9999 -9999 -9999 -9999 -9999 -9999 -9999 -9999 0 0 0 0 0 0 0 0 0 13 39 26 38 34 27 42 29 18 7 13 3 3 3 1 1 1 12 36 40 46 38 19 6 17 25 17 26 39 49 21 75 28 5 5 5 1 14 37 32 59 24 15 34 -9999 -9999 -9999
-9999 -9999 -9999 -9999 -9999 -9999 -9999 -9999 -9999 -9999 0 0 0 0 0 0 0 4 7 12 21 29 23 20 23 37 15 7 5 4 12 6 2 3 25 24 2 22 30 1 7 1 11 11 40 52 54 77 77 62 17 48 65 21 16 9 3 4 6 7 3 11 43 90 62 -9999 -9999
-9999 -9999 -9999 -9999 -9999 -9999 -9999 -9999 -9999 -9999 0 0 0 0 0 0 2 13 17 8 25 45 45 39 29 27 17 5 4 3 2 6 8 10 10 13 16 0 0 0 8 4 0 41 33 36 53 74 130 64 14 73 34 40 43 39 6 3 30 86 25 22 68 179 -9999 -9999 -9999
-9999 -9999 -9999 -9999 -9999 -9999 -9999 -9999 -9999 0 0 0 0 0 0 0 19 17 4 15 29 36 32 19 22 22 5 8 4 2 3 6 7 6 5 20 16 12 9 24 26 103 30 1 6 2 16 6 33 7 30 40 33 27 72 30 19 120 169 140 107 208 80 40 -9999 -9999 -9999
-9999 -9999 -9999 -9999 -9999 -9999 -9999 -9999 -9999 0 0 0 0 0 0 15 21 7 3 19 23 32 16 88 82 65 14 13 9 3 5 9 3 6 6 26 11 20 11 13 24 31 105 32 33 48 15 1 13 42 88 51 28 55 48 84 38 343 282 11 6 -9999 -9999 -9999 -9999 -9999 -9999
-9999 -9999 -9999 -9999 -9999 -9999 0 0 0 0 0 1 0 0 7 27 20 7 12 4 7 22 36 29 103 59 49 25 10 1 4 8 4 6 8 14 6 13 13 10 39 9 57 138 33 48 134 52 14 71 122 95 73 66 60 89 209 264 288 3 25 -9999 -9999 -9999 0 0 0
-9999 -9999 -9999 -9999 -9999 -9999 0 0 2 17 8 19 1 3 19 58 47 33 21 22 26 48 47 37 40 69 18 11 15 1 4 2 3 8 12 20 13 21 14 8 52 22 117 94 88 135 166 50 156 45 64 73 66 239 204 128 274 205 262 158 -9999 -9999 0 0 0 0 0
-9999 -9999 -9999 -9999 -9999 0 0 0 10 35 11 8 25 40 98 95 85 54 39 35 45 23 47 30 43 92 69 44 15 33 7 4 3 7 25 25 13 31 28 18 48 124 58 114 123 56 196 78 141 44 40 148 118 195 191 178 369 299 457 387 3 0 0 0 0 0 0
-9999 -9999 0 0 0 0 0 0 12 22 11 4 34 134 159 192 198 88 43 27 30 26 19 85 84 174 132 66 22 32 2 8 5 4 24 32 11 25 13 21 118 99 109 211 72 125 90 79 141 72 51 30 86 118 251 123 201 309 91 78 0 0 0 0 0 0 0
-9999 0 0 0 0 1 9 9 35 15 17 15 45 22 58 155 119 75 44 30 44 67 63 46 17 39 83 59 74 44 25 4 4 10 18 75 33 43 32 23 114 68 103 363 207 163 163 155 101 127 108 30 141 133 85 109 191 206 265 27 0 0 0 0 0 0 0
-9999 0 0 0 0 10 58 60 38 15 44 11 52 22 101 28 6 23 93 70 32 83 73 22 29 27 24 28 37 59 29 15 7 20 34 48 53 40 29 17 150 152 111 260 195 163 179 153 99 171 88 44 126 85 190 109 161 240 176 0 0 0 0 0 0 0 0
0 0 0 0 0 96 192 98 75 74 22 66 58 28 55 25 43 31 38 70 50 42 54 62 44 46 26 38 50 112 78 36 37 56 53 91 87 49 70 54 153 247 208 242 435 181 333 182 116 64 98 50 113 52 142 213 314 93 0 0 0 0 0 0 0 0 0
0 0 0 0 0 50 119 57 166 86 29 50 101 57 30 36 36 84 121 114 71 71 73 37 59 44 29 49 52 36 20 22 25 61 69 71 86 72 61 33 57 263 88 286 187 237 305 455 221 137 101 71 67 38 57 165 156 33 0 0 0 0 0 0 0 0 0
0 0 0 0 0 5 27 70 175 58 16 6 30 41 44 46 76 106 84 150 125 77 178 39 42 46 79 87 28 40 23 24 35 56 73 63 70 81 52 47 39 24 122 129 180 125 458 330 239 209 187 139 135 33 105 74 0 0 0 0 0 0 0 0 0 0 0
0 0 0 0 0 194 43 102 106 31 14 4 26 41 61 56 130 150 129 141 74 73 49 12 34 41 97 104 71 57 44 22 26 47 43 41 86 118 29 33 18 11 29 71 354 120 87 253 150 158 177 209 64 43 203 82 0 0 0 0 0 0 0 0 0 0 0
0 0 0 0 23 65 14 78 90 25 24 68 50 51 140 133 57 202 323 134 40 24 26 105 16 60 85 51 20 35 40 32 36 64 97 72 77 101 103 36 51 107 47 48 246 7 45 162 232 254 120 99 306 102 198 12 0 0 0 0 0 0 0 0 0 0 0
0 0 0 0 40 15 39 117 58 3 12 179 60 79 27 30 29 70 61 47 49 18 16 7 12 42 24 18 32 29 31 45 82 89 102 161 58 32 45 40 15 92 77 89 67 167 387 151 187 186 70 169 211 92 34 0 0 0 0 0 0 0 0 0 0 0 0
0 0 0 1 33 16 122 63 9 14 107 137 76 49 28 39 32 35 46 55 52 40 42 18 110 46 75 69 138 79 127 100 110 91 63 50 180 32 21 35 40 87 60 27 26 384 65 394 72 30 131 176 222 17 0 0 0 0 0 0 0 0 0 0 0 0 0
0 0 11 61 50 108 62 -9999 5 31 92 77 32 9 15 17 36 12 51 15 6 29 40 14 44 76 162 182 130 129 125 79 114 120 36 31 134 2 37 26 20 68 24 174 82 145 0 0 29 1 0 75 1 0 0 0 0 0 0 0 0 0 0 0 0 0 0
0 0 78 78 90 9 20 3 0 26 127 36 40 17 6 3 21 5 23 19 18 48 41 24 27 24 12 24 76 152 120 169 65 20 7 140 22 0 0 1 111 205 0 0 0 436 0 0 0 3 0 15 0 0 0 0 0 0 0 0 0 0 0 0 0 0 0
0 0 7 68 45 6 6 2 6 22 107 35 53 28 22 18 3 3 28 20 14 35 69 107 32 129 65 38 22 93 99 34 7 1 0 0 0 0 1 7 0 0 0 0 0 0 0 0 0 10 0 0 0 0 0 0 0 0 0 0 0 0 0 0 0 0 0
0 0 0 19 24 10 5 0 36 12 120 67 38 32 25 16 5 8 9 15 9 13 80 139 131 130 71 25 23 3 0 0 0 0 0 0 0 0 23 28 0 0 0 0 0 0 0 0 0 0 183 0 0 0 0 0 0 0 0 0 0 0 0 0 0 0 0
0 0 0 0 0 1 2 4 3 1 52 51 41 39 31 9 5 9 15 19 19 40 122 255 125 109 98 25 27 2 0 10 2 9 11 0 0 0 0 0 0 0 0 0 0 0 0 0 0 0 0 0 0 0 0 0 0 0 0 0 0 0 0 0 0 0 0
0 0 0 0 0 1 0 6 0 6 68 47 11 12 10 5 4 3 6 33 46 52 60 118 110 94 93 75 50 12 24 97 14 99 14 0 11 10 0 0 0 0 0 0 0 0 0 0 0 0 0 0 0 0 0 0 0 0 0 0 0 0 0 0 0 0 0
0 0 0 1 0 0 0 17 13 22 71 107 6 4 5 6 8 2 2 28 85 94 105 99 89 99 70 61 22 1 0 0 17 113 276 13 5 0 0 0 0 0 0 0 0 0 0 0 0 0 0 0 0 0 0 0 0 0 0 0 0 0 0 0 0 0 0
0 0 3 21 2 5 10 29 31 64 78 54 5 4 2 2 7 6 8 10 42 53 95 141 102 76 58 49 8 0 0 0 19 73 0 59 31 0 0 0 0 0 0 0 0 0 0 0 0 0 0 0 0 0 0 0 0 0 0 0 0 0 0 0 0 0 0
0 0 12 41 0 32 31 44 69 21 61 38 3 4 4 6 4 4 3 4 51 54 66 89 64 72 70 25 0 0 0 4 3 80 0 0 0 0 0 0 0 0 0 0 0 0 0 0 0 0 0 0 0 0 0 0 0 0 0 0 0 0 0 0 0 0 0
0 1 17 -9999 91 54 83 18 38 28 52 13 3 10 22 15 4 2 2 8 31 50 79 47 66 44 55 11 0 0 0 0 0 0 0 0 0 0 0 0 0 0 0 0 0 0 0 0 0 0 0 0 0 0 0 0 0 0 0 0 0 0 0 0 0 0 0
0 2 16 -9999 136 95 50 26 26 27 26 3 3 9 39 29 10 1 5 14 18 9 22 54 39 23 22 3 0 0 0 0 0 0 0 0 0 0 0 0 0 0 0 0 0 0 0 0 0 0 0 0 0 0 0 0 0 0 0 0 0 0 0 0 0 0 0
0 1 29 42 90 178 67 18 18 21 6 3 4 8 16 35 9 7 26 14 20 40 40 43 22 9 2 0 0 0 0 0 0 0 0 0 0 0 0 0 0 0 0 0 0 0 0 0 0 0 0 0 0 0 0 0 0 0 0 0 0 0 0 0 0 0 0
0 17 12 27 39 132 129 25 22 22 23 16 12 24 52 21 20 19 28 16 16 22 17 24 11 8 16 2 0 0 0 0 0 0 0 0 0 0 0 0 0 0 0 0 0 0 0 0 0 0 0 0 0 0 0 0 0 0 0 0 0 0 0 0 0 0 0
0 16 24 18 95 124 96 10 13 23 16 23 25 29 32 22 22 14 23 7 9 19 21 18 13 5 16 18 0 0 0 0 0 0 0 0 0 0 0 0 0 0 0 0 0 0 0 0 0 0 0 0 0 0 0 0 0 0 0 0 0 0 0 0 0 0 0
0 31 2 13 19 31 16 17 18 9 14 15 23 43 7 0 0 0 0 0 0 0 0 0 0 0 0 0 0 0 0 0 0 0 0 0 0 0 0 0 0 0 0 0 0 0 0 0 0 0 0 0 0 0 0 0 0 0 0 0 0 0 0 0 0 0 0
0 156 70 11 24 19 18 15 16 6 0 0 0 0 0 0 0 0 0 0 0 0 0 0 0 0 0 0 0 0 0 0 0 0 0 0 0 0 0 0 0 0 0 0 0 0 0 0 0 0 0 0 0 0 0 0 0 0 0 0 0 0 0 0 0 0 0
6 282 126 53 18 41 14 17 7 4 0 0 0 0 0 0 0 0 0 0 0 0 0 0 0 0 0 0 0 0 0 0 0 0 0 0 0 0 0 0 0 0 0 0 0 0 0 0 0 0 0 0 0 0 0 0 0 0 0 0 0 0 0 0 0 0 0
0 186 232 159 19 15 28 19 2 0 0 0 0 0 0 0 0 0 0 0 0 0 0 0 0 0 0 0 0 0 0 0 0 0 0 0 0 0 0 0 0 0 0 0 0 0 0 0 0 0 0 0 0 0 0 0 0 0 0 0 0 0 0 0 0 0 0
0 34 32 33 6 17 14 3 0 0 0 0 0 0 0 0 0 0 0 0 0 0 0 0 0 0 0 0 0 0 0 0 0 0 0 0 0 0 0 0 0 0 0 0 0 0 0 0 0 0 0 0 0 0 0 0 0 0 0 0 0 0 0 0 0 0 0
0 0 0 0 11 12 1 0 0 0 0 0 0 0 0 0 0 0 0 0 0 0 0 0 0 0 0 0 0 0 0 0 0 0 0 0 0 0 0 0 0 0 0 0 0 0 0 0 0 0 0 0 0 0 0 0 0 0 0 0 0 0 0 0 0 0 0
