Archive - glowpa-model-master/Model input/Uganda/oocysts/diffuse_streaminput_cryptosporidium1feb.asc
NCOLS 67 
NROWS 67 
XLLCORNER 29.5 
YLLCORNER -1.5 
CELLSIZE 0.0833333333333334 
NODATA_value -9999 
-9999.000000000000000 -9999 -9999 -9999 -9999 -9999 -9999 -9999 -9999 -9999 -9999 -9999 -9999 -9999 -9999 -9999 -9999 -9999 -9999 -9999 -9999 -9999 -9999 -9999 -9999 -9999 -9999 -9999 -9999 -9999 -9999 0 0 -9999 -9999 -9999 -9999 -9999 -9999 -9999 -9999 -9999 -9999 -9999 -9999 -9999 -9999 -9999 -9999 -9999 -9999 -9999 -9999 -9999 -9999 -9999 -9999 -9999 -9999 -9999 -9999 -9999 -9999 -9999 -9999 -9999 -9999
-9999 -9999 -9999 -9999 -9999 -9999 -9999 -9999 -9999 -9999 -9999 -9999 -9999 -9999 -9999 -9999 -9999 -9999 -9999 -9999 -9999 -9999 -9999 -9999 -9999 -9999 -9999 -9999 -9999 0 0 0 0 0 0 0 0 0 0 0 -9999 -9999 -9999 -9999 -9999 -9999 -9999 -9999 -9999 -9999 -9999 -9999 -9999 -9999 -9999 -9999 -9999 -9999 -9999 -9999 -9999 -9999 -9999 -9999 -9999 -9999 -9999
-9999 -9999 -9999 -9999 -9999 -9999 -9999 -9999 -9999 -9999 -9999 -9999 -9999 -9999 -9999 -9999 -9999 -9999 -9999 -9999 -9999 -9999 -9999 -9999 -9999 -9999 -9999 -9999 -9999 0 0 0 0 0 0 0 0 0 0 0 0 1 5 -9999 -9999 -9999 -9999 -9999 -9999 -9999 -9999 -9999 -9999 -9999 -9999 -9999 -9999 -9999 -9999 -9999 -9999 -9999 -9999 -9999 -9999 -9999 -9999
-9999 -9999 -9999 -9999 -9999 -9999 -9999 -9999 -9999 -9999 -9999 -9999 -9999 -9999 -9999 -9999 -9999 -9999 -9999 -9999 -9999 -9999 -9999 -9999 -9999 0 -9999 -9999 -9999 0 0 0 0 0 0 0 1 3 1 2 3 15 34 -9999 -9999 -9999 -9999 -9999 -9999 -9999 -9999 -9999 19 15 10 -9999 -9999 -9999 -9999 -9999 -9999 -9999 -9999 -9999 -9999 -9999 -9999
-9999 -9999 -9999 -9999 -9999 -9999 -9999 -9999 -9999 -9999 -9999 -9999 -9999 -9999 -9999 -9999 -9999 -9999 -9999 -9999 -9999 -9999 35 -9999 -9999 2 -9999 -9999 -9999 0 0 0 0 0 4 9 17 18 19 25 20 16 37 14 -9999 -9999 -9999 -9999 -9999 -9999 -9999 -9999 41 39 20 71 62 -9999 -9999 -9999 -9999 -9999 -9999 -9999 -9999 -9999 -9999
-9999 -9999 -9999 -9999 -9999 -9999 -9999 -9999 -9999 -9999 -9999 -9999 -9999 -9999 -9999 -9999 -9999 -9999 -9999 -9999 -9999 48 44 35 16 8 14 11 2 1 0 0 1 3 6 11 16 28 28 23 12 26 14 18 -9999 -9999 -9999 -9999 -9999 -9999 -9999 15 20 21 118 86 121 16 1 -9999 -9999 -9999 -9999 -9999 -9999 -9999 -9999
-9999 -9999 -9999 -9999 -9999 -9999 -9999 -9999 -9999 -9999 -9999 -9999 -9999 -9999 -9999 -9999 -9999 -9999 -9999 105 70 113 88 69 10 6 3 11 4 8 9 2 2 4 5 10 20 19 25 31 47 21 13 11 -9999 -9999 -9999 15 -9999 -9999 7 9 22 18 50 117 39 8 8 -9999 -9999 -9999 -9999 -9999 -9999 -9999 -9999
-9999 -9999 -9999 -9999 -9999 -9999 -9999 -9999 -9999 -9999 -9999 -9999 -9999 -9999 -9999 -9999 -9999 157 111 95 134 215 73 23 -9999 6 15 40 43 14 22 7 7 6 6 7 21 13 21 38 55 27 27 12 7 -9999 -9999 16 5 2 5 9 30 17 10 69 20 7 -9999 -9999 -9999 -9999 -9999 -9999 -9999 -9999 -9999
-9999 -9999 -9999 -9999 -9999 -9999 -9999 -9999 -9999 -9999 -9999 -9999 -9999 -9999 -9999 -9999 -9999 115 108 133 76 152 75 12 7 12 54 92 29 23 14 13 9 7 7 10 9 30 24 32 46 39 32 15 15 15 27 19 4 6 8 14 42 30 18 45 11 14 -9999 -9999 -9999 -9999 -9999 -9999 -9999 -9999 -9999
-9999 -9999 -9999 -9999 -9999 -9999 -9999 -9999 -9999 -9999 -9999 -9999 -9999 -9999 -9999 -9999 -9999 122 132 163 127 72 64 -9999 5 14 28 31 16 8 24 23 12 8 9 6 10 10 9 40 41 32 39 44 39 31 20 8 10 11 10 19 22 32 14 30 7 12 6 -9999 -9999 -9999 -9999 -9999 -9999 -9999 -9999
-9999 -9999 -9999 -9999 -9999 -9999 -9999 -9999 -9999 -9999 -9999 -9999 -9999 -9999 -9999 -9999 108 174 160 83 54 42 45 -9999 -9999 24 12 18 10 10 32 14 9 9 6 6 8 9 11 32 26 71 32 44 29 11 7 13 15 14 17 33 17 14 67 45 6 15 6 -9999 -9999 -9999 -9999 -9999 -9999 -9999 -9999
-9999 -9999 -9999 -9999 -9999 -9999 -9999 -9999 -9999 -9999 -9999 -9999 -9999 -9999 -9999 -9999 231 220 111 40 29 32 -9999 27 6 12 12 12 7 11 23 20 7 10 9 7 22 22 18 22 37 31 22 38 27 18 9 50 11 12 17 19 18 21 88 69 36 18 6 -9999 -9999 -9999 -9999 -9999 -9999 -9999 -9999
-9999 -9999 -9999 -9999 -9999 -9999 -9999 -9999 -9999 -9999 -9999 -9999 -9999 -9999 -9999 130 352 342 127 52 31 -9999 -9999 18 12 11 11 10 10 13 19 55 20 23 11 14 19 17 18 28 26 38 31 37 16 40 48 34 7 7 26 38 37 64 104 123 77 63 20 13 -9999 -9999 -9999 -9999 -9999 -9999 -9999
-9999 -9999 -9999 -9999 -9999 -9999 -9999 -9999 -9999 -9999 -9999 -9999 -9999 -9999 -9999 -9999 232 160 29 22 12 18 -9999 4 14 12 12 12 10 12 29 69 25 30 32 24 31 32 46 20 32 63 27 14 16 32 52 33 6 6 15 16 55 72 62 124 116 68 20 17 -9999 -9999 -9999 -9999 -9999 -9999 -9999
-9999 -9999 -9999 -9999 -9999 -9999 -9999 -9999 -9999 -9999 -9999 -9999 -9999 -9999 -9999 -9999 -9999 78 30 13 15 15 4 14 12 12 13 14 11 12 45 61 52 64 27 31 25 26 24 20 31 78 64 57 25 12 29 25 7 4 6 8 27 47 77 57 100 57 25 29 13 -9999 -9999 -9999 -9999 -9999 -9999
-9999 -9999 -9999 -9999 -9999 -9999 -9999 -9999 -9999 -9999 -9999 -9999 -9999 -9999 -9999 -9999 115 72 38 14 13 13 -9999 13 10 7 7 7 8 10 19 36 85 189 72 18 14 17 35 35 28 58 79 36 30 21 27 29 12 27 16 7 42 35 51 64 46 55 40 23 15 -9999 -9999 -9999 -9999 -9999 -9999
-9999 -9999 -9999 -9999 -9999 -9999 -9999 -9999 -9999 -9999 -9999 -9999 -9999 -9999 -9999 -9999 99 38 26 29 12 8 -9999 14 5 6 8 12 10 23 28 17 55 82 35 30 16 27 36 46 51 36 35 25 17 25 29 27 26 64 5 7 22 47 20 9 23 38 53 35 22 15 16 -9999 -9999 -9999 -9999
-9999 -9999 -9999 -9999 -9999 -9999 -9999 -9999 -9999 -9999 -9999 -9999 -9999 -9999 -9999 44 134 31 25 33 19 14 -9999 2 3 4 6 9 18 80 20 13 26 40 37 68 47 30 34 34 47 33 56 45 54 64 26 15 18 26 34 22 8 16 3 8 38 45 33 34 24 21 51 -9999 -9999 -9999 -9999
-9999 -9999 -9999 -9999 -9999 -9999 -9999 -9999 -9999 -9999 -9999 -9999 -9999 -9999 -9999 88 103 40 30 69 25 17 24 32 1 4 4 5 16 58 8 7 8 25 61 54 21 20 38 43 69 53 21 42 34 37 21 12 3 65 46 54 18 16 8 6 19 47 16 39 30 59 26 4 -9999 -9999 -9999
-9999 -9999 -9999 -9999 -9999 -9999 -9999 -9999 -9999 -9999 -9999 -9999 -9999 -9999 -9999 36 86 154 71 75 59 29 34 85 18 1 1 4 3 8 4 3 35 22 25 32 29 29 50 63 86 86 38 48 38 58 23 19 23 14 8 13 23 19 13 10 5 4 22 52 46 27 48 -9999 -9999 -9999 -9999
-9999 -9999 -9999 -9999 -9999 -9999 -9999 -9999 -9999 -9999 -9999 -9999 -9999 -9999 -9999 0 50 60 48 70 71 35 16 31 4 5 4 3 8 3 2 3 10 12 19 29 34 39 102 88 86 109 46 32 26 59 56 29 15 23 6 10 10 11 19 11 5 11 46 33 51 22 59 91 -9999 -9999 -9999
-9999 -9999 -9999 -9999 -9999 -9999 -9999 -9999 -9999 -9999 -9999 -9999 -9999 -9999 -9999 0 0 0 1 66 85 60 11 7 15 2 5 16 17 15 6 4 7 29 36 19 43 39 72 78 112 103 36 32 61 28 18 17 20 13 9 9 6 15 12 9 15 31 41 51 22 46 87 73 -9999 -9999 -9999
-9999 -9999 -9999 -9999 -9999 -9999 -9999 -9999 -9999 -9999 -9999 -9999 -9999 -9999 -9999 -9999 0 0 0 0 22 31 31 45 45 15 14 15 18 18 12 16 26 75 44 37 41 104 119 75 143 91 57 34 27 41 42 17 16 22 11 11 6 7 10 53 84 54 87 61 21 57 -9999 -9999 -9999 -9999 -9999
-9999 -9999 -9999 -9999 -9999 -9999 -9999 -9999 -9999 -9999 -9999 -9999 -9999 -9999 -9999 -9999 -9999 0 0 0 0 0 26 47 29 8 14 14 16 18 13 17 44 84 17 24 30 56 85 81 44 49 64 50 50 47 45 20 19 29 28 23 12 11 17 12 63 26 110 79 27 83 -9999 -9999 -9999 -9999 -9999
-9999 -9999 -9999 -9999 -9999 -9999 -9999 -9999 -9999 -9999 -9999 -9999 -9999 -9999 -9999 0 0 0 0 0 0 0 2 28 21 6 13 15 15 15 12 28 76 61 23 29 79 44 70 72 43 27 25 21 32 27 28 40 27 28 30 31 16 38 39 15 8 3 32 30 55 74 24 -9999 -9999 -9999 -9999
-9999 -9999 -9999 -9999 -9999 -9999 -9999 -9999 -9999 -9999 -9999 -9999 -9999 -9999 -9999 0 0 0 0 0 0 0 0 25 13 13 18 12 19 20 20 46 61 37 17 67 65 32 78 67 49 38 17 19 33 75 35 44 38 21 33 28 22 40 21 28 21 43 28 22 59 37 36 -9999 -9999 -9999 -9999
-9999 -9999 -9999 -9999 -9999 -9999 -9999 -9999 -9999 -9999 -9999 -9999 -9999 -9999 -9999 0 0 0 0 0 0 0 39 39 20 11 21 15 31 69 40 23 16 24 29 19 38 20 41 48 33 21 44 32 57 65 53 59 32 29 23 45 -9999 77 33 19 14 21 22 31 97 79 -9999 -9999 -9999 -9999 -9999
-9999 -9999 -9999 -9999 -9999 -9999 -9999 -9999 -9999 -9999 -9999 -9999 -9999 -9999 -9999 0 0 0 0 0 0 10 55 28 3 4 33 31 30 81 53 19 19 18 27 16 12 37 4 5 13 20 18 71 50 25 44 19 35 79 36 10 7 50 29 -9999 -9999 27 25 42 46 29 -9999 -9999 -9999 -9999 -9999
-9999 -9999 -9999 -9999 -9999 -9999 -9999 -9999 -9999 -9999 -9999 -9999 -9999 -9999 0 0 0 0 0 0 0 12 41 40 11 12 27 31 21 9 30 12 11 9 22 9 16 8 4 31 58 39 44 40 34 38 12 21 45 185 61 8 33 40 16 21 9 20 35 42 64 49 9 -9999 -9999 -9999 -9999
-9999 -9999 -9999 -9999 -9999 -9999 -9999 -9999 -9999 -9999 -9999 0 0 0 0 0 0 0 0 0 9 32 22 35 32 25 39 25 16 6 12 3 3 2 1 0 0 9 32 33 43 35 18 4 10 16 13 20 34 46 21 70 26 5 5 5 1 11 35 30 48 20 12 28 -9999 -9999 -9999
-9999 -9999 -9999 -9999 -9999 -9999 -9999 -9999 -9999 -9999 0 0 0 0 0 0 0 2 -9999 10 19 26 22 20 23 34 14 6 4 4 11 5 2 3 22 19 2 19 25 1 4 1 7 7 35 49 47 68 68 58 16 45 61 19 15 8 3 -9999 5 6 3 9 35 79 62 -9999 -9999
-9999 -9999 -9999 -9999 -9999 -9999 -9999 -9999 -9999 -9999 0 0 0 0 0 0 1 10 14 7 20 37 45 37 29 27 14 4 4 2 2 5 6 8 9 11 12 0 0 0 5 2 0 23 21 28 47 65 114 60 14 73 32 37 41 36 5 3 27 62 17 15 52 157 -9999 -9999 -9999
-9999 -9999 -9999 -9999 -9999 -9999 -9999 -9999 -9999 0 0 0 0 0 0 0 12 14 3 12 26 29 25 14 16 19 4 7 4 2 2 6 5 5 4 18 14 9 6 18 17 91 21 0 3 1 12 6 31 7 28 40 31 25 68 28 17 106 114 73 64 124 58 35 -9999 -9999 -9999
-9999 -9999 -9999 -9999 -9999 -9999 -9999 -9999 -9999 0 0 0 0 0 0 8 17 6 2 17 19 23 11 60 68 54 12 11 8 2 4 8 3 5 5 23 10 17 11 12 21 28 99 25 21 33 13 1 12 42 88 47 26 52 45 74 33 283 169 6 4 -9999 -9999 -9999 -9999 -9999 -9999
-9999 -9999 -9999 -9999 -9999 -9999 0 0 0 0 0 1 0 0 4 21 15 7 11 4 7 20 32 25 85 45 38 20 9 1 3 6 3 5 7 12 6 12 12 10 37 7 54 121 31 37 126 48 14 71 114 89 68 66 56 84 196 217 209 2 17 -9999 -9999 -9999 0 0 0
-9999 -9999 -9999 -9999 -9999 -9999 0 0 2 17 8 18 0 2 13 40 44 33 21 22 26 48 47 37 35 57 14 9 14 1 4 2 3 7 10 16 12 18 12 7 49 19 102 82 82 119 146 46 146 42 60 73 62 224 191 120 257 192 190 88 -9999 -9999 0 0 0 0 0
-9999 -9999 -9999 -9999 -9999 0 0 0 10 35 11 8 17 27 67 65 61 54 39 35 45 23 47 30 40 76 57 37 14 27 6 3 3 6 23 20 11 25 24 17 45 102 51 100 108 50 184 73 132 41 40 148 111 183 179 167 346 280 429 263 2 0 0 0 0 0 0
-9999 -9999 0 0 0 0 0 0 12 21 10 4 28 85 78 94 98 56 31 21 21 15 11 66 84 174 124 62 19 28 2 7 4 3 22 30 11 22 11 21 111 82 96 174 63 110 84 74 133 68 48 25 81 104 236 116 189 290 85 53 0 0 0 0 0 0 0
-9999 0 0 0 0 1 9 9 33 14 15 12 27 14 42 87 63 45 26 19 26 37 33 27 13 39 83 59 65 38 21 4 4 8 17 71 31 40 32 23 107 63 91 299 182 143 143 136 89 105 95 22 132 133 80 102 179 193 233 24 0 0 0 0 0 0 0
-9999 0 0 0 0 10 58 49 31 14 39 9 43 20 89 25 4 14 49 37 18 44 38 13 20 27 24 26 37 59 27 13 7 20 32 45 53 40 29 16 150 152 111 228 172 143 158 135 87 141 78 41 111 79 178 102 151 225 165 0 0 0 0 0 0 0 0
0 0 0 0 0 90 169 81 66 74 20 58 51 25 49 22 35 17 20 36 28 24 28 22 17 29 22 33 44 105 78 34 30 38 36 62 82 49 70 51 153 247 208 242 408 170 275 150 102 60 86 47 106 46 117 176 258 82 0 0 0 0 0 0 0 0 0
0 0 0 0 0 47 98 47 155 76 26 44 89 47 26 26 26 44 68 64 48 37 41 12 -9999 -9999 24 45 52 34 20 22 21 44 50 55 76 72 61 33 57 247 82 251 164 222 268 351 182 121 89 67 63 33 47 128 128 27 0 0 0 0 0 0 0 0 0
0 0 0 0 0 4 24 54 144 51 13 5 26 33 28 26 43 63 44 84 74 31 63 14 -9999 26 50 43 20 25 20 24 33 52 60 49 62 81 52 47 39 23 114 121 169 110 430 272 210 161 154 123 104 31 81 54 0 0 0 0 0 0 0 0 0 0 0
0 0 0 0 0 124 36 78 87 29 12 3 16 23 34 19 78 96 82 61 34 34 23 -9999 16 22 48 54 29 23 25 22 26 47 43 39 80 111 29 33 18 11 29 67 273 63 48 238 150 158 156 196 60 41 147 46 0 0 0 0 0 0 0 0 0 0 0
0 0 0 0 9 36 12 64 70 23 21 49 30 30 39 39 23 67 73 51 26 15 14 43 9 31 35 21 7 -9999 31 30 36 64 97 72 64 83 97 36 48 100 47 45 137 2 25 118 232 254 120 99 306 84 118 6 0 0 0 0 0 0 0 0 0 0 0
0 0 0 0 23 10 33 96 51 -9999 8 121 36 26 10 12 13 30 28 24 21 10 8 3 7 18 10 9 -9999 24 31 45 82 89 102 161 45 20 39 37 15 92 77 64 27 77 138 61 175 98 34 159 198 62 22 0 0 0 0 0 0 0 0 0 0 0 0
0 0 0 1 27 14 94 -9999 -9999 12 68 82 48 19 14 19 16 15 29 35 33 16 18 9 61 26 39 36 88 79 119 94 103 91 59 47 158 14 13 35 29 87 43 9 9 261 25 194 46 15 60 99 172 7 0 0 0 0 0 0 0 0 0 0 0 0 0
0 0 10 57 44 78 48 -9999 -9999 29 63 52 20 6 10 13 19 5 30 7 3 14 18 7 25 46 91 95 77 129 125 74 114 112 32 22 85 1 14 11 7 56 9 58 31 67 0 0 13 0 0 39 1 0 0 0 0 0 0 0 0 0 0 0 0 0 0
0 0 64 69 84 8 16 2 0 18 98 24 27 14 5 3 15 3 12 10 9 24 18 10 18 21 10 19 55 143 120 158 50 12 3 50 7 0 0 0 30 64 0 0 0 201 0 0 0 2 0 7 0 0 0 0 0 0 0 0 0 0 0 0 0 0 0
0 0 6 64 45 6 -9999 2 3 17 77 24 34 21 18 16 3 2 18 10 7 18 34 53 24 129 65 36 22 93 59 21 3 0 0 0 0 0 0 3 0 0 0 0 0 0 0 0 0 5 0 0 0 0 0 0 0 0 0 0 0 0 0 0 0 0 0
0 0 0 14 23 10 4 0 31 11 76 48 31 26 20 15 5 6 6 8 5 7 42 83 95 130 71 24 23 1 0 0 0 0 0 0 0 0 8 10 0 0 0 0 0 0 0 0 0 0 102 0 0 0 0 0 0 0 0 0 0 0 0 0 0 0 0
0 0 0 0 0 -9999 2 3 3 1 45 35 32 32 27 9 5 8 10 10 10 22 64 152 80 109 98 25 27 1 0 3 1 3 3 0 0 0 0 0 0 0 0 0 0 0 0 0 0 0 0 0 0 0 0 0 0 0 0 0 0 0 0 0 0 0 0
0 0 0 0 0 -9999 0 5 0 5 43 41 8 11 9 4 4 3 5 19 24 31 38 80 75 82 87 75 47 9 9 51 5 31 4 0 3 3 0 0 0 0 0 0 0 0 0 0 0 0 0 0 0 0 0 0 0 0 0 0 0 0 0 0 0 0 0
0 0 0 1 0 -9999 0 13 10 16 33 56 5 3 4 5 7 2 1 20 66 73 67 72 65 77 70 61 22 1 0 0 6 43 81 4 1 0 0 0 0 0 0 0 0 0 0 0 0 0 0 0 0 0 0 0 0 0 0 0 0 0 0 0 0 0 0
0 0 2 21 2 5 9 24 24 38 46 37 4 3 2 2 6 5 6 8 34 44 69 90 74 63 58 49 5 0 0 0 9 28 0 20 10 0 0 0 0 0 0 0 0 0 0 0 0 0 0 0 0 0 0 0 0 0 0 0 0 0 0 0 0 0 0
0 0 12 41 0 30 27 36 57 15 44 30 2 3 3 5 4 3 3 3 45 48 54 73 53 72 70 19 0 0 0 1 1 28 0 0 0 0 0 0 0 0 0 0 0 0 0 0 0 0 0 0 0 0 0 0 0 0 0 0 0 0 0 0 0 0 0
0 1 17 -9999 86 47 78 17 34 23 40 10 3 8 20 12 3 2 2 7 29 44 70 47 66 44 55 7 0 0 0 0 0 0 0 0 0 0 0 0 0 0 0 0 0 0 0 0 0 0 0 0 0 0 0 0 0 0 0 0 0 0 0 0 0 0 0
0 2 15 -9999 119 89 50 26 25 23 22 3 3 8 32 24 10 1 5 13 16 8 20 54 39 23 20 1 0 0 0 0 0 0 0 0 0 0 0 0 0 0 0 0 0 0 0 0 0 0 0 0 0 0 0 0 0 0 0 0 0 0 0 0 0 0 0
0 1 29 37 84 157 63 17 16 18 6 2 3 8 14 29 7 7 25 12 19 37 38 43 22 9 1 0 0 0 0 0 0 0 0 0 0 0 0 0 0 0 0 0 0 0 0 0 0 0 0 0 0 0 0 0 0 0 0 0 0 0 0 0 0 0 0
0 15 9 20 34 123 121 22 19 21 19 14 10 21 48 21 19 16 27 15 14 19 17 24 11 8 14 1 0 0 0 0 0 0 0 0 0 0 0 0 0 0 0 0 0 0 0 0 0 0 0 0 0 0 0 0 0 0 0 0 0 0 0 0 0 0 0
0 11 14 15 83 116 90 10 12 21 15 22 25 26 32 22 19 13 20 6 8 17 21 18 13 5 15 11 0 0 0 0 0 0 0 0 0 0 0 0 0 0 0 0 0 0 0 0 0 0 0 0 0 0 0 0 0 0 0 0 0 0 0 0 0 0 0
0 16 2 11 17 27 15 16 17 8 13 15 23 40 7 0 0 0 0 0 0 0 0 0 0 0 0 0 0 0 0 0 0 0 0 0 0 0 0 0 0 0 0 0 0 0 0 0 0 0 0 0 0 0 0 0 0 0 0 0 0 0 0 0 0 0 0
0 129 66 10 21 15 18 14 15 6 0 0 0 0 0 0 0 0 0 0 0 0 0 0 0 0 0 0 0 0 0 0 0 0 0 0 0 0 0 0 0 0 0 0 0 0 0 0 0 0 0 0 0 0 0 0 0 0 0 0 0 0 0 0 0 0 0
3 114 91 50 16 30 13 17 7 4 0 0 0 0 0 0 0 0 0 0 0 0 0 0 0 0 0 0 0 0 0 0 0 0 0 0 0 0 0 0 0 0 0 0 0 0 0 0 0 0 0 0 0 0 0 0 0 0 0 0 0 0 0 0 0 0 0
0 186 232 149 17 13 23 17 2 0 0 0 0 -9999 0 0 0 0 0 0 0 0 0 0 0 0 0 0 0 0 0 0 0 0 0 0 0 0 0 0 0 0 0 0 0 0 0 0 0 0 0 0 0 0 0 0 0 0 0 0 0 0 0 0 0 0 0
0 34 32 31 5 16 12 2 0 0 0 0 0 0 0 0 0 0 0 0 0 0 0 0 0 0 0 0 0 0 0 0 0 0 0 0 0 0 0 0 0 0 0 0 0 0 0 0 0 0 0 0 0 0 0 0 0 0 0 0 0 0 0 0 0 0 0
0 0 0 0 10 12 1 0 0 0 0 0 0 0 0 0 0 0 0 0 0 0 0 0 0 0 0 0 0 0 0 0 0 0 0 0 0 0 0 0 0 0 0 0 0 0 0 0 0 0 0 0 0 0 0 0 0 0 0 0 0 0 0 0 0 0 0
