Archive - glowpa-model-master/Model input/Uganda/oocysts/diffuse_streaminput_cryptosporidium1aug.asc
NCOLS 67 
NROWS 67 
XLLCORNER 29.5 
YLLCORNER -1.5 
CELLSIZE 0.0833333333333334 
NODATA_value -9999 
-9999.000000000000000 -9999 -9999 -9999 -9999 -9999 -9999 -9999 -9999 -9999 -9999 -9999 -9999 -9999 -9999 -9999 -9999 -9999 -9999 -9999 -9999 -9999 -9999 -9999 -9999 -9999 -9999 -9999 -9999 -9999 -9999 0 0 -9999 -9999 -9999 -9999 -9999 -9999 -9999 -9999 -9999 -9999 -9999 -9999 -9999 -9999 -9999 -9999 -9999 -9999 -9999 -9999 -9999 -9999 -9999 -9999 -9999 -9999 -9999 -9999 -9999 -9999 -9999 -9999 -9999 -9999
-9999 -9999 -9999 -9999 -9999 -9999 -9999 -9999 -9999 -9999 -9999 -9999 -9999 -9999 -9999 -9999 -9999 -9999 -9999 -9999 -9999 -9999 -9999 -9999 -9999 -9999 -9999 -9999 -9999 0 0 0 0 0 0 0 0 0 0 0 -9999 -9999 -9999 -9999 -9999 -9999 -9999 -9999 -9999 -9999 -9999 -9999 -9999 -9999 -9999 -9999 -9999 -9999 -9999 -9999 -9999 -9999 -9999 -9999 -9999 -9999 -9999
-9999 -9999 -9999 -9999 -9999 -9999 -9999 -9999 -9999 -9999 -9999 -9999 -9999 -9999 -9999 -9999 -9999 -9999 -9999 -9999 -9999 -9999 -9999 -9999 -9999 -9999 -9999 -9999 -9999 0 0 0 0 0 0 0 0 0 0 0 0 2 7 -9999 -9999 -9999 -9999 -9999 -9999 -9999 -9999 -9999 -9999 -9999 -9999 -9999 -9999 -9999 -9999 -9999 -9999 -9999 -9999 -9999 -9999 -9999 -9999
-9999 -9999 -9999 -9999 -9999 -9999 -9999 -9999 -9999 -9999 -9999 -9999 -9999 -9999 -9999 -9999 -9999 -9999 -9999 -9999 -9999 -9999 -9999 -9999 -9999 0 -9999 -9999 -9999 0 0 0 0 0 0 0 1 3 1 2 3 19 44 -9999 -9999 -9999 -9999 -9999 -9999 -9999 -9999 -9999 21 18 12 -9999 -9999 -9999 -9999 -9999 -9999 -9999 -9999 -9999 -9999 -9999 -9999
-9999 -9999 -9999 -9999 -9999 -9999 -9999 -9999 -9999 -9999 -9999 -9999 -9999 -9999 -9999 -9999 -9999 -9999 -9999 -9999 -9999 -9999 35 -9999 -9999 2 -9999 -9999 -9999 0 0 0 0 0 4 10 19 23 24 34 29 22 48 15 -9999 -9999 -9999 -9999 -9999 -9999 -9999 -9999 41 45 24 81 67 -9999 -9999 -9999 -9999 -9999 -9999 -9999 -9999 -9999 -9999
-9999 -9999 -9999 -9999 -9999 -9999 -9999 -9999 -9999 -9999 -9999 -9999 -9999 -9999 -9999 -9999 -9999 -9999 -9999 -9999 -9999 58 69 55 18 10 18 14 3 1 0 0 1 4 7 14 26 47 39 32 14 31 17 19 -9999 -9999 -9999 -9999 -9999 -9999 -9999 15 21 23 134 92 138 18 1 -9999 -9999 -9999 -9999 -9999 -9999 -9999 -9999
-9999 -9999 -9999 -9999 -9999 -9999 -9999 -9999 -9999 -9999 -9999 -9999 -9999 -9999 -9999 -9999 -9999 -9999 -9999 120 91 156 158 109 14 8 3 12 4 9 12 3 3 5 7 15 36 32 34 37 53 24 14 12 -9999 -9999 -9999 15 -9999 -9999 7 9 23 21 57 133 42 9 9 -9999 -9999 -9999 -9999 -9999 -9999 -9999 -9999
-9999 -9999 -9999 -9999 -9999 -9999 -9999 -9999 -9999 -9999 -9999 -9999 -9999 -9999 -9999 -9999 -9999 191 135 108 143 278 122 28 3 7 19 45 49 18 31 11 9 7 10 11 34 23 27 44 59 27 29 14 8 -9999 -9999 16 5 2 6 9 32 19 11 78 22 8 -9999 -9999 -9999 -9999 -9999 -9999 -9999 -9999 -9999
-9999 -9999 -9999 -9999 -9999 -9999 -9999 -9999 -9999 -9999 -9999 -9999 -9999 -9999 -9999 -9999 -9999 130 115 142 81 173 126 16 11 17 74 136 40 31 20 20 13 10 10 16 16 54 28 36 49 42 32 17 16 16 27 19 4 6 8 14 45 32 19 51 12 16 -9999 -9999 -9999 -9999 -9999 -9999 -9999 -9999 -9999
-9999 -9999 -9999 -9999 -9999 -9999 -9999 -9999 -9999 -9999 -9999 -9999 -9999 -9999 -9999 -9999 -9999 130 141 186 144 106 94 8 9 21 36 43 22 13 38 37 18 11 13 9 17 18 12 43 41 34 42 44 39 31 21 8 10 11 11 19 22 35 16 34 8 12 7 -9999 -9999 -9999 -9999 -9999 -9999 -9999 -9999
-9999 -9999 -9999 -9999 -9999 -9999 -9999 -9999 -9999 -9999 -9999 -9999 -9999 -9999 -9999 -9999 115 185 194 115 86 58 86 34 7 35 19 28 17 15 50 24 14 12 9 9 10 14 12 32 30 80 36 47 30 13 8 14 16 14 18 33 17 14 76 48 6 15 6 -9999 -9999 -9999 -9999 -9999 -9999 -9999 -9999
-9999 -9999 -9999 -9999 -9999 -9999 -9999 -9999 -9999 -9999 -9999 -9999 -9999 -9999 -9999 -9999 246 234 135 59 55 39 37 49 12 20 21 20 11 15 38 33 12 12 14 10 30 27 20 24 45 36 26 43 30 20 9 54 11 13 17 19 18 21 94 69 36 18 6 -9999 -9999 -9999 -9999 -9999 -9999 -9999 -9999
-9999 -9999 -9999 -9999 -9999 -9999 -9999 -9999 -9999 -9999 -9999 -9999 -9999 -9999 -9999 139 400 390 164 100 52 47 80 33 18 18 19 18 18 15 22 72 24 28 14 19 28 19 20 30 32 46 36 42 17 42 51 36 8 8 28 38 37 64 104 131 82 68 21 15 -9999 -9999 -9999 -9999 -9999 -9999 -9999
-9999 -9999 -9999 -9999 -9999 -9999 -9999 -9999 -9999 -9999 -9999 -9999 -9999 -9999 -9999 -9999 264 150 43 40 14 22 20 7 25 22 24 23 14 13 33 78 28 34 37 27 40 45 52 23 34 76 31 16 18 32 55 35 7 7 15 16 55 77 62 124 116 68 21 20 -9999 -9999 -9999 -9999 -9999 -9999 -9999
-9999 -9999 -9999 -9999 -9999 -9999 -9999 -9999 -9999 -9999 -9999 -9999 -9999 -9999 -9999 -9999 -9999 78 54 21 17 23 6 21 21 22 24 26 13 13 52 74 60 77 32 38 28 34 35 29 40 78 69 57 25 12 31 26 7 4 6 8 27 47 77 57 100 57 27 31 13 -9999 -9999 -9999 -9999 -9999 -9999
-9999 -9999 -9999 -9999 -9999 -9999 -9999 -9999 -9999 -9999 -9999 -9999 -9999 -9999 -9999 -9999 115 67 56 24 15 14 -9999 15 16 12 12 13 9 11 21 41 97 261 100 21 16 20 42 55 36 70 84 36 32 21 28 33 12 30 17 7 42 37 51 64 46 55 42 25 15 -9999 -9999 -9999 -9999 -9999 -9999
-9999 -9999 -9999 -9999 -9999 -9999 -9999 -9999 -9999 -9999 -9999 -9999 -9999 -9999 -9999 -9999 99 38 39 46 15 8 -9999 19 6 10 13 18 11 26 32 19 72 107 43 34 18 31 41 60 70 44 40 27 18 27 31 28 30 72 5 7 23 47 21 9 23 38 56 38 23 15 18 -9999 -9999 -9999 -9999
-9999 -9999 -9999 -9999 -9999 -9999 -9999 -9999 -9999 -9999 -9999 -9999 -9999 -9999 -9999 41 125 31 33 52 25 16 -9999 3 4 5 9 13 19 91 23 15 30 49 42 77 53 34 36 38 57 33 60 51 57 68 28 16 21 29 39 25 8 17 3 8 38 45 33 34 24 22 55 -9999 -9999 -9999 -9999
-9999 -9999 -9999 -9999 -9999 -9999 -9999 -9999 -9999 -9999 -9999 -9999 -9999 -9999 -9999 88 97 40 39 109 35 21 28 39 2 5 6 9 17 66 9 8 9 31 74 65 24 23 41 49 79 57 21 42 36 39 23 12 4 74 53 58 20 17 8 6 19 47 16 39 30 62 28 5 -9999 -9999 -9999
-9999 -9999 -9999 -9999 -9999 -9999 -9999 -9999 -9999 -9999 -9999 -9999 -9999 -9999 -9999 36 81 154 76 103 77 33 36 103 19 2 2 6 3 8 5 3 45 27 30 38 35 36 57 72 92 92 38 51 38 58 23 19 23 16 9 14 23 20 13 10 5 4 23 55 46 29 58 -9999 -9999 -9999 -9999
-9999 -9999 -9999 -9999 -9999 -9999 -9999 -9999 -9999 -9999 -9999 -9999 -9999 -9999 -9999 0 50 60 51 96 97 38 17 40 4 5 5 4 10 3 3 3 12 15 24 36 42 45 102 94 98 124 49 32 26 59 56 29 15 23 6 10 10 14 23 13 6 11 46 33 54 23 72 111 65 -9999 -9999
-9999 -9999 -9999 -9999 -9999 -9999 -9999 -9999 -9999 -9999 -9999 -9999 -9999 -9999 -9999 0 0 0 1 71 96 68 19 8 17 3 7 22 24 18 7 4 8 35 43 21 49 39 72 78 119 110 41 39 69 30 19 18 21 15 9 9 7 19 12 9 15 33 44 55 22 49 93 83 -9999 -9999 -9999
-9999 -9999 -9999 -9999 -9999 -9999 -9999 -9999 -9999 -9999 -9999 -9999 -9999 -9999 -9999 -9999 0 0 0 0 22 49 59 51 51 17 18 21 25 22 13 18 30 91 50 42 41 104 127 85 173 97 65 39 31 47 45 19 17 27 11 12 7 7 10 56 96 61 99 69 23 65 -9999 -9999 -9999 -9999 -9999
-9999 -9999 -9999 -9999 -9999 -9999 -9999 -9999 -9999 -9999 -9999 -9999 -9999 -9999 -9999 -9999 -9999 0 0 0 0 0 65 57 37 9 19 19 22 22 14 19 50 102 20 24 32 68 96 81 50 56 72 61 57 51 48 22 22 30 30 26 12 13 18 13 71 30 133 90 29 94 -9999 -9999 -9999 -9999 -9999
-9999 -9999 -9999 -9999 -9999 -9999 -9999 -9999 -9999 -9999 -9999 -9999 -9999 -9999 -9999 0 0 0 0 0 0 0 5 34 25 8 17 19 21 16 14 31 86 70 25 31 90 47 70 77 53 30 30 22 34 29 30 43 28 32 32 36 16 41 42 16 10 4 39 32 62 84 25 -9999 -9999 -9999 -9999
-9999 -9999 -9999 -9999 -9999 -9999 -9999 -9999 -9999 -9999 -9999 -9999 -9999 -9999 -9999 0 0 0 0 0 0 0 0 30 16 18 24 16 21 23 23 52 70 39 20 72 65 32 83 76 60 43 20 21 37 80 40 50 46 22 35 34 23 43 23 31 24 49 31 25 67 40 38 -9999 -9999 -9999 -9999
-9999 -9999 -9999 -9999 -9999 -9999 -9999 -9999 -9999 -9999 -9999 -9999 -9999 -9999 -9999 0 0 0 0 0 0 0 78 47 24 14 27 17 33 74 42 26 17 27 30 22 43 23 47 76 45 43 53 34 61 74 64 67 37 31 24 48 25 82 35 22 17 27 25 35 117 95 -9999 -9999 -9999 -9999 -9999
-9999 -9999 -9999 -9999 -9999 -9999 -9999 -9999 -9999 -9999 -9999 -9999 -9999 -9999 -9999 0 0 0 0 0 0 21 71 30 3 4 36 33 34 93 57 20 21 20 29 18 14 42 7 10 23 38 22 75 56 30 50 26 39 84 36 12 8 53 32 16 10 30 29 48 53 37 -9999 -9999 -9999 -9999 -9999
-9999 -9999 -9999 -9999 -9999 -9999 -9999 -9999 -9999 -9999 -9999 -9999 -9999 -9999 0 0 0 0 0 0 0 20 44 42 11 13 29 33 22 10 32 13 12 10 28 12 19 14 8 42 61 47 47 42 44 49 21 36 51 225 70 8 40 46 21 25 10 23 37 48 73 64 16 -9999 -9999 -9999 -9999
-9999 -9999 -9999 -9999 -9999 -9999 -9999 -9999 -9999 -9999 -9999 0 0 0 0 0 0 0 0 0 13 34 23 38 32 25 39 27 17 6 12 3 3 3 2 0 1 14 36 42 46 35 20 8 24 30 18 30 39 52 21 75 28 5 5 6 1 15 37 32 59 28 17 39 -9999 -9999 -9999
-9999 -9999 -9999 -9999 -9999 -9999 -9999 -9999 -9999 -9999 0 0 0 0 0 0 0 5 7 11 20 27 22 18 23 34 14 6 4 4 12 6 2 3 23 26 2 21 32 1 9 1 15 14 43 52 54 77 77 62 17 48 65 21 16 9 3 4 7 8 3 13 52 96 66 -9999 -9999
-9999 -9999 -9999 -9999 -9999 -9999 -9999 -9999 -9999 -9999 0 0 0 0 0 0 2 13 14 8 22 39 42 37 29 27 15 4 4 2 2 5 7 9 9 12 17 0 0 0 9 4 1 47 37 39 53 74 122 68 15 73 34 43 43 42 6 4 35 98 34 28 93 217 -9999 -9999 -9999
-9999 -9999 -9999 -9999 -9999 -9999 -9999 -9999 -9999 0 0 0 0 0 0 0 16 15 3 13 26 31 26 16 19 21 5 7 4 2 2 6 6 6 5 19 15 12 9 22 24 97 30 1 7 2 16 6 33 7 30 43 33 27 72 32 20 137 180 159 130 252 104 48 -9999 -9999 -9999
-9999 -9999 -9999 -9999 -9999 -9999 -9999 -9999 -9999 0 0 0 0 0 0 12 19 6 2 18 20 25 13 68 72 57 13 12 8 3 4 8 3 5 5 24 10 19 11 13 24 29 99 30 33 55 15 1 12 42 88 51 28 59 51 84 43 366 282 13 8 -9999 -9999 -9999 -9999 -9999 -9999
-9999 -9999 -9999 -9999 -9999 -9999 0 0 0 0 0 1 0 0 6 21 16 7 11 3 7 21 30 25 91 48 43 22 10 1 3 7 3 5 8 12 6 12 12 10 37 8 54 130 33 48 134 52 14 71 122 95 73 66 64 89 223 281 288 4 33 -9999 -9999 -9999 0 0 0
-9999 -9999 -9999 -9999 -9999 -9999 0 0 2 17 8 19 1 3 16 45 44 33 21 22 26 48 44 37 37 61 15 10 14 1 4 2 3 7 10 17 12 19 13 7 52 20 109 88 88 135 156 50 156 45 69 78 66 239 204 128 274 205 246 169 -9999 -9999 0 0 0 0 0
-9999 -9999 -9999 -9999 -9999 0 0 0 10 35 11 8 27 36 76 69 65 54 39 35 45 23 47 30 40 86 61 42 14 29 6 3 3 6 23 22 12 27 26 17 48 109 55 107 116 53 196 78 141 44 40 148 118 195 204 178 369 299 457 387 3 0 0 0 0 0 0
-9999 -9999 0 0 0 0 0 0 12 22 11 4 30 91 95 122 118 64 33 22 23 17 15 75 84 174 124 62 19 28 2 8 4 4 22 30 11 24 12 21 118 87 102 186 67 117 90 79 141 72 51 30 86 118 251 123 201 309 91 73 0 0 0 0 0 0 0
-9999 0 0 0 0 1 9 9 33 14 16 13 29 15 45 105 81 55 32 23 32 48 49 36 14 39 83 59 69 38 22 4 4 9 17 71 31 43 32 23 114 63 97 319 194 153 153 145 101 119 101 28 141 133 85 109 191 193 249 27 0 0 0 0 0 0 0
-9999 0 0 0 0 10 58 53 33 14 39 9 40 20 89 25 5 17 72 51 24 60 50 16 23 27 24 26 37 59 29 13 7 20 32 45 53 40 29 17 150 152 111 244 183 152 168 144 93 161 83 44 126 85 178 102 161 240 176 0 0 0 0 0 0 0 0
0 0 0 0 0 96 180 81 66 74 20 58 51 25 49 22 37 21 26 57 41 33 39 30 24 36 23 36 44 105 78 34 33 43 41 71 82 49 70 51 153 247 208 242 408 170 293 171 109 60 92 47 113 49 133 188 276 87 0 0 0 0 0 0 0 0 0
0 0 0 0 0 50 98 47 136 71 26 44 89 47 26 28 28 53 77 72 58 51 50 15 38 28 26 45 52 34 19 22 22 47 53 58 81 72 61 33 57 247 82 251 164 237 268 400 194 129 94 67 63 35 50 136 137 29 0 0 0 0 0 0 0 0 0
0 0 0 0 0 4 24 54 135 47 12 5 25 33 32 34 52 76 50 108 96 36 72 18 25 29 61 52 22 25 21 24 33 52 64 52 62 81 52 47 39 23 114 121 169 118 458 290 224 183 164 131 119 31 87 61 0 0 0 0 0 0 0 0 0 0 0
0 0 0 0 0 132 36 78 82 29 12 3 17 26 39 24 100 109 114 96 50 47 29 8 18 25 58 62 35 28 28 21 26 47 40 39 80 111 29 33 18 11 29 67 292 72 59 253 150 158 166 196 60 41 157 53 0 0 0 0 0 0 0 0 0 0 0
0 0 0 0 8 39 12 60 70 22 21 49 32 32 47 47 30 93 131 80 31 18 15 52 9 33 42 24 7 13 33 30 36 64 97 72 68 95 97 36 48 100 47 45 156 3 29 134 232 254 120 99 306 90 126 6 0 0 0 0 0 0 0 0 0 0 0
0 0 0 0 21 11 35 96 51 2 8 121 38 30 11 15 15 39 39 30 25 11 8 3 7 21 11 9 -9999 24 31 45 82 89 102 161 51 26 42 37 14 87 77 73 31 77 147 70 175 119 42 159 198 66 22 0 0 0 0 0 0 0 0 0 0 0 0
0 0 0 1 27 14 94 -9999 -9999 12 68 87 51 21 16 22 18 18 33 42 38 20 21 9 58 24 39 39 93 79 119 100 110 91 59 47 169 19 16 35 33 87 49 11 10 261 25 207 49 17 69 120 183 9 0 0 0 0 0 0 0 0 0 0 0 0 0
0 0 10 54 44 78 48 -9999 -9999 29 63 52 20 6 11 14 20 6 35 9 4 16 19 7 25 43 91 95 77 129 125 79 114 120 34 26 103 1 19 15 10 60 12 71 33 67 0 0 13 0 0 42 1 0 0 0 0 0 0 0 0 0 0 0 0 0 0
0 0 64 69 84 8 17 2 0 20 98 24 27 14 5 3 15 3 14 12 11 27 20 11 17 20 10 19 55 152 120 169 61 16 4 78 11 0 0 1 48 89 0 0 0 215 0 0 0 2 0 7 0 0 0 0 0 0 0 0 0 0 0 0 0 0 0
0 0 5 64 45 6 -9999 2 3 18 77 25 36 21 17 16 3 2 19 11 8 20 34 53 23 129 65 38 23 93 82 28 5 1 0 0 0 0 1 3 0 0 0 0 0 0 0 0 0 5 0 0 0 0 0 0 0 0 0 0 0 0 0 0 0 0 0
0 0 0 15 23 -9999 4 0 31 11 82 52 30 26 20 14 4 6 6 9 5 7 45 78 89 130 71 25 23 2 0 0 0 0 0 0 0 0 11 14 0 0 0 0 0 0 0 0 0 0 109 0 0 0 0 0 0 0 0 0 0 0 0 0 0 0 0
0 0 0 0 0 -9999 -9999 -9999 3 1 45 35 32 32 27 8 5 8 10 11 11 22 64 152 80 109 98 25 27 1 0 5 1 4 5 0 0 0 0 0 0 0 0 0 0 0 0 0 0 0 0 0 0 0 0 0 0 0 0 0 0 0 0 0 0 0 0
0 0 0 0 0 -9999 -9999 5 0 5 43 41 8 10 9 4 4 2 5 20 26 29 36 80 75 82 93 75 50 10 13 66 7 48 6 0 5 5 0 0 0 0 0 0 0 0 0 0 0 0 0 0 0 0 0 0 0 0 0 0 0 0 0 0 0 0 0
0 0 0 1 0 -9999 0 13 9 15 33 60 5 3 4 5 7 2 1 20 66 68 63 72 65 77 70 61 22 1 0 0 9 56 120 6 2 0 0 0 0 0 0 0 0 0 0 0 0 0 0 0 0 0 0 0 0 0 0 0 0 0 0 0 0 0 0
0 0 3 21 2 4 9 23 24 38 46 37 4 3 2 2 6 5 6 8 32 44 65 84 74 63 58 49 6 0 0 0 11 38 0 29 15 0 0 0 0 0 0 0 0 0 0 0 0 0 0 0 0 0 0 0 0 0 0 0 0 0 0 0 0 0 0
0 0 12 38 0 30 26 34 57 15 44 28 2 3 3 5 4 3 3 3 42 48 54 73 53 72 70 22 0 0 0 2 2 42 0 0 0 0 0 0 0 0 0 0 0 0 0 0 0 0 0 0 0 0 0 0 0 0 0 0 0 0 0 0 0 0 0
0 1 17 -9999 86 44 73 16 34 22 37 10 3 8 18 11 3 2 2 7 28 44 65 47 66 44 55 8 0 0 0 0 0 0 0 0 0 0 0 0 0 0 0 0 0 0 0 0 0 0 0 0 0 0 0 0 0 0 0 0 0 0 0 0 0 0 0
0 2 15 -9999 112 83 47 25 25 22 20 3 3 7 30 24 9 -9999 5 12 16 8 18 54 39 23 22 2 0 0 0 0 0 0 0 0 0 0 0 0 0 0 0 0 0 0 0 0 0 0 0 0 0 0 0 0 0 0 0 0 0 0 0 0 0 0 0
0 1 -9999 37 79 147 63 16 16 17 5 2 3 7 13 27 7 6 25 12 19 35 38 46 22 9 1 0 0 0 0 0 0 0 0 0 0 0 0 0 0 0 0 0 0 0 0 0 0 0 0 0 0 0 0 0 0 0 0 0 0 0 0 0 0 0 0
0 14 9 20 34 116 121 21 19 20 18 13 9 20 45 20 18 15 25 13 14 19 17 24 13 9 14 1 0 0 0 0 0 0 0 0 0 0 0 0 0 0 0 0 0 0 0 0 0 0 0 0 0 0 0 0 0 0 0 0 0 0 0 0 0 0 0
0 10 12 14 78 109 84 9 12 19 14 22 24 24 32 21 18 13 19 5 7 16 21 19 14 6 18 9 0 0 0 0 0 0 0 0 0 0 0 0 0 0 0 0 0 0 0 0 0 0 0 0 0 0 0 0 0 0 0 0 0 0 0 0 0 0 0
0 14 1 10 16 25 15 15 16 8 13 15 22 38 7 0 0 0 0 0 0 0 0 0 0 0 0 0 0 0 0 0 0 0 0 0 0 0 0 0 0 0 0 0 0 0 0 0 0 0 0 0 0 0 0 0 0 0 0 0 0 0 0 0 0 0 0
0 113 61 9 20 13 17 14 14 6 0 0 0 0 0 0 0 0 0 0 0 0 0 0 0 0 0 0 0 0 0 0 0 0 0 0 0 0 0 0 0 0 0 0 0 0 0 0 0 0 0 0 0 0 0 0 0 0 0 0 0 0 0 0 0 0 0
3 78 80 47 15 26 13 17 7 3 0 0 0 0 0 0 0 0 0 0 0 0 0 0 0 0 0 0 0 0 0 0 0 0 0 0 0 0 0 0 0 0 0 0 0 0 0 0 0 0 0 0 0 0 0 0 0 0 0 0 0 0 0 0 0 0 0
0 174 232 140 15 11 20 16 2 0 0 0 -9999 -9999 0 0 0 0 0 0 0 0 0 0 0 0 0 0 0 0 0 0 0 0 0 0 0 0 0 0 0 0 0 0 0 0 0 0 0 0 0 0 0 0 0 0 0 0 0 0 0 0 0 0 0 0 0
0 32 32 29 5 15 11 2 0 0 0 0 0 0 0 0 0 0 0 0 0 0 0 0 0 0 0 0 0 0 0 0 0 0 0 0 0 0 0 0 0 0 0 0 0 0 0 0 0 0 0 0 -9999 -9999 -9999 0 0 0 0 0 0 0 0 0 0 0 0
0 0 0 0 9 12 1 0 0 0 0 0 0 0 0 0 0 0 0 0 0 0 0 0 0 0 0 0 0 0 0 0 0 0 0 0 0 0 0 0 0 0 0 0 0 0 0 0 0 0 0 0 0 -9999 -9999 0 0 0 0 0 0 0 0 0 0 0 0
