Archive - glowpa-model-master/Model input/Uganda/oocysts/diffuse_streaminput_human_cryptosporidium1oct.asc
NCOLS 67 
NROWS 67 
XLLCORNER 29.5 
YLLCORNER -1.5 
CELLSIZE 0.0833333333333334 
NODATA_value -9999 
-9999.000000000000000 -9999 -9999 -9999 -9999 -9999 -9999 -9999 -9999 -9999 -9999 -9999 -9999 -9999 -9999 -9999 -9999 -9999 -9999 -9999 -9999 -9999 -9999 -9999 -9999 -9999 -9999 -9999 -9999 -9999 -9999 0 0 -9999 -9999 -9999 -9999 -9999 -9999 -9999 -9999 -9999 -9999 -9999 -9999 -9999 -9999 -9999 -9999 -9999 -9999 -9999 -9999 -9999 -9999 -9999 -9999 -9999 -9999 -9999 -9999 -9999 -9999 -9999 -9999 -9999 -9999
-9999 -9999 -9999 -9999 -9999 -9999 -9999 -9999 -9999 -9999 -9999 -9999 -9999 -9999 -9999 -9999 -9999 -9999 -9999 -9999 -9999 -9999 -9999 -9999 -9999 -9999 -9999 -9999 -9999 0 0 0 0 0 0 0 0 0 0 0 -9999 -9999 -9999 -9999 -9999 -9999 -9999 -9999 -9999 -9999 -9999 -9999 -9999 -9999 -9999 -9999 -9999 -9999 -9999 -9999 -9999 -9999 -9999 -9999 -9999 -9999 -9999
-9999 -9999 -9999 -9999 -9999 -9999 -9999 -9999 -9999 -9999 -9999 -9999 -9999 -9999 -9999 -9999 -9999 -9999 -9999 -9999 -9999 -9999 -9999 -9999 -9999 -9999 -9999 -9999 -9999 0 0 0 0 0 0 0 0 0 0 0 0 1 6 -9999 -9999 -9999 -9999 -9999 -9999 -9999 -9999 -9999 -9999 -9999 -9999 -9999 -9999 -9999 -9999 -9999 -9999 -9999 -9999 -9999 -9999 -9999 -9999
-9999 -9999 -9999 -9999 -9999 -9999 -9999 -9999 -9999 -9999 -9999 -9999 -9999 -9999 -9999 -9999 -9999 -9999 -9999 -9999 -9999 -9999 -9999 -9999 -9999 0 -9999 -9999 -9999 0 0 0 0 0 0 0 1 3 1 2 3 17 38 -9999 -9999 -9999 -9999 -9999 -9999 -9999 -9999 -9999 20 16 12 -9999 -9999 -9999 -9999 -9999 -9999 -9999 -9999 -9999 -9999 -9999 -9999
-9999 -9999 -9999 -9999 -9999 -9999 -9999 -9999 -9999 -9999 -9999 -9999 -9999 -9999 -9999 -9999 -9999 -9999 -9999 -9999 -9999 -9999 40 -9999 -9999 2 -9999 -9999 -9999 0 0 0 0 0 4 10 19 22 21 28 24 20 42 15 -9999 -9999 -9999 -9999 -9999 -9999 -9999 -9999 41 42 21 76 67 -9999 -9999 -9999 -9999 -9999 -9999 -9999 -9999 -9999 -9999
-9999 -9999 -9999 -9999 -9999 -9999 -9999 -9999 -9999 -9999 -9999 -9999 -9999 -9999 -9999 -9999 -9999 -9999 -9999 -9999 -9999 71 78 63 19 10 18 14 3 1 0 0 1 4 7 13 23 41 34 28 13 27 15 19 -9999 -9999 -9999 -9999 -9999 -9999 -9999 15 20 23 126 92 129 17 1 -9999 -9999 -9999 -9999 -9999 -9999 -9999 -9999
-9999 -9999 -9999 -9999 -9999 -9999 -9999 -9999 -9999 -9999 -9999 -9999 -9999 -9999 -9999 -9999 -9999 -9999 -9999 136 110 178 168 124 15 7 3 12 5 9 12 3 3 5 7 14 32 28 30 35 50 23 14 11 -9999 -9999 -9999 15 -9999 -9999 7 9 23 19 54 125 42 8 9 -9999 -9999 -9999 -9999 -9999 -9999 -9999 -9999
-9999 -9999 -9999 -9999 -9999 -9999 -9999 -9999 -9999 -9999 -9999 -9999 -9999 -9999 -9999 -9999 -9999 217 153 115 152 337 139 28 3 8 21 45 49 18 31 11 9 7 9 10 30 20 25 41 55 27 29 13 7 -9999 -9999 16 5 2 6 9 32 18 10 73 21 7 -9999 -9999 -9999 -9999 -9999 -9999 -9999 -9999 -9999
-9999 -9999 -9999 -9999 -9999 -9999 -9999 -9999 -9999 -9999 -9999 -9999 -9999 -9999 -9999 -9999 -9999 158 131 162 92 197 144 17 12 19 79 136 43 34 21 20 13 9 10 15 14 48 28 34 49 42 32 16 16 15 27 19 4 6 8 14 42 30 18 48 11 15 -9999 -9999 -9999 -9999 -9999 -9999 -9999 -9999 -9999
-9999 -9999 -9999 -9999 -9999 -9999 -9999 -9999 -9999 -9999 -9999 -9999 -9999 -9999 -9999 -9999 -9999 158 161 198 175 121 83 7 10 23 36 43 22 13 38 37 18 11 12 8 16 16 12 43 41 34 42 44 39 31 21 8 10 11 11 19 22 35 15 32 8 12 7 -9999 -9999 -9999 -9999 -9999 -9999 -9999 -9999
-9999 -9999 -9999 -9999 -9999 -9999 -9999 -9999 -9999 -9999 -9999 -9999 -9999 -9999 -9999 -9999 140 225 220 123 104 54 98 32 7 38 21 29 17 16 53 24 14 13 8 8 9 13 12 32 28 75 34 47 30 12 8 14 16 14 18 33 17 14 71 48 6 15 6 -9999 -9999 -9999 -9999 -9999 -9999 -9999 -9999
-9999 -9999 -9999 -9999 -9999 -9999 -9999 -9999 -9999 -9999 -9999 -9999 -9999 -9999 -9999 -9999 280 303 153 63 58 39 37 56 15 21 21 20 12 15 38 33 13 13 15 10 28 25 20 23 42 36 25 41 30 20 9 54 11 13 17 19 18 21 88 69 36 18 6 -9999 -9999 -9999 -9999 -9999 -9999 -9999 -9999
-9999 -9999 -9999 -9999 -9999 -9999 -9999 -9999 -9999 -9999 -9999 -9999 -9999 -9999 -9999 148 486 443 175 107 46 51 80 40 19 21 20 18 18 15 24 77 24 28 14 18 26 19 19 30 30 43 34 39 17 42 51 36 8 8 28 38 37 64 104 131 82 68 20 14 -9999 -9999 -9999 -9999 -9999 -9999 -9999
-9999 -9999 -9999 -9999 -9999 -9999 -9999 -9999 -9999 -9999 -9999 -9999 -9999 -9999 -9999 -9999 300 170 46 43 14 24 20 9 27 23 25 23 14 14 36 83 30 36 39 27 40 42 52 21 34 72 29 15 18 34 55 35 7 7 15 16 55 77 62 124 116 68 21 19 -9999 -9999 -9999 -9999 -9999 -9999 -9999
-9999 -9999 -9999 -9999 -9999 -9999 -9999 -9999 -9999 -9999 -9999 -9999 -9999 -9999 -9999 -9999 -9999 84 58 21 17 28 7 24 22 23 26 26 14 14 55 74 63 77 34 38 28 34 33 25 37 78 69 57 25 12 31 26 7 4 6 8 27 47 77 57 100 57 27 31 13 -9999 -9999 -9999 -9999 -9999 -9999
-9999 -9999 -9999 -9999 -9999 -9999 -9999 -9999 -9999 -9999 -9999 -9999 -9999 -9999 -9999 -9999 131 72 56 25 16 16 15 17 18 12 12 13 10 11 21 43 104 278 100 21 16 20 42 48 34 66 84 36 32 21 28 33 12 29 17 7 42 37 51 64 46 58 42 25 15 -9999 -9999 -9999 -9999 -9999 -9999
-9999 -9999 -9999 -9999 -9999 -9999 -9999 -9999 -9999 -9999 -9999 -9999 -9999 -9999 -9999 -9999 106 38 39 46 15 9 28 23 7 11 14 21 11 26 32 19 72 107 40 34 18 31 41 56 62 41 37 27 18 25 31 27 30 72 5 7 23 47 21 9 25 38 56 38 23 15 17 -9999 -9999 -9999 -9999
-9999 -9999 -9999 -9999 -9999 -9999 -9999 -9999 -9999 -9999 -9999 -9999 -9999 -9999 -9999 44 134 33 35 52 25 17 31 3 4 6 11 15 21 91 23 16 30 49 42 77 53 34 36 38 53 33 60 48 57 68 28 16 21 27 39 25 8 17 3 8 38 45 33 34 24 22 55 -9999 -9999 -9999 -9999
-9999 -9999 -9999 -9999 -9999 -9999 -9999 -9999 -9999 -9999 -9999 -9999 -9999 -9999 -9999 94 103 40 39 102 35 22 31 44 2 6 7 9 18 66 9 8 10 31 74 65 24 23 41 49 84 57 22 42 34 37 23 12 4 74 49 58 20 17 8 6 19 50 16 39 30 62 29 5 -9999 -9999 -9999
-9999 -9999 -9999 -9999 -9999 -9999 -9999 -9999 -9999 -9999 -9999 -9999 -9999 -9999 -9999 36 86 164 81 103 77 35 36 117 22 2 2 7 4 9 5 3 45 27 30 41 37 36 57 72 92 98 38 51 38 62 23 19 23 16 9 14 23 20 13 10 5 4 23 55 46 29 55 -9999 -9999 -9999 -9999
-9999 -9999 -9999 -9999 -9999 -9999 -9999 -9999 -9999 -9999 -9999 -9999 -9999 -9999 -9999 0 50 60 51 96 91 38 17 46 5 7 6 4 11 3 3 3 13 16 25 36 44 45 109 94 98 132 53 32 26 59 56 31 15 23 6 10 11 15 25 14 6 11 49 33 54 23 67 104 65 -9999 -9999
-9999 -9999 -9999 -9999 -9999 -9999 -9999 -9999 -9999 -9999 -9999 -9999 -9999 -9999 -9999 0 0 0 1 71 103 68 16 9 18 3 8 25 27 19 7 5 8 35 43 21 52 39 72 78 119 110 41 39 69 30 19 18 21 15 9 9 7 20 13 9 15 33 44 55 22 49 93 83 -9999 -9999 -9999
-9999 -9999 -9999 -9999 -9999 -9999 -9999 -9999 -9999 -9999 -9999 -9999 -9999 -9999 -9999 -9999 0 0 0 0 23 43 59 58 58 21 22 25 28 23 13 19 32 97 53 45 44 104 136 91 173 97 65 36 31 44 45 19 17 27 11 12 8 7 10 56 96 61 99 65 23 65 -9999 -9999 -9999 -9999 -9999
-9999 -9999 -9999 -9999 -9999 -9999 -9999 -9999 -9999 -9999 -9999 -9999 -9999 -9999 -9999 -9999 -9999 0 0 0 0 0 65 61 45 12 24 23 26 23 14 19 50 109 21 24 32 68 96 86 50 56 77 61 57 51 48 22 22 30 30 28 12 13 18 13 67 30 133 90 29 89 -9999 -9999 -9999 -9999 -9999
-9999 -9999 -9999 -9999 -9999 -9999 -9999 -9999 -9999 -9999 -9999 -9999 -9999 -9999 -9999 0 0 0 0 0 0 0 5 39 31 10 21 23 24 17 15 31 86 75 26 31 96 50 70 77 56 30 30 22 34 29 30 43 28 30 32 36 16 44 42 16 9 4 36 32 59 84 25 -9999 -9999 -9999 -9999
-9999 -9999 -9999 -9999 -9999 -9999 -9999 -9999 -9999 -9999 -9999 -9999 -9999 -9999 -9999 0 0 0 0 0 0 0 0 34 19 21 27 19 24 25 24 56 70 42 21 72 65 35 89 81 60 43 20 21 37 80 40 50 46 22 35 34 23 43 23 30 22 46 29 24 67 40 38 -9999 -9999 -9999 -9999
-9999 -9999 -9999 -9999 -9999 -9999 -9999 -9999 -9999 -9999 -9999 -9999 -9999 -9999 -9999 0 0 0 0 0 0 0 84 54 27 17 33 20 35 79 45 26 18 29 32 23 46 25 50 76 42 35 50 34 65 74 64 67 37 31 24 48 27 82 35 22 16 26 25 35 110 89 -9999 -9999 -9999 -9999 -9999
-9999 -9999 -9999 -9999 -9999 -9999 -9999 -9999 -9999 -9999 -9999 -9999 -9999 -9999 -9999 0 0 0 0 0 0 24 80 34 4 5 38 38 37 99 61 21 21 22 31 19 14 45 6 8 20 33 22 75 56 30 50 24 39 84 36 13 8 53 30 16 9 30 27 48 53 37 -9999 -9999 -9999 -9999 -9999
-9999 -9999 -9999 -9999 -9999 -9999 -9999 -9999 -9999 -9999 -9999 -9999 -9999 -9999 0 0 0 0 0 0 0 23 46 48 13 14 33 38 25 10 34 14 12 10 28 13 21 14 7 42 66 47 50 42 44 46 18 32 51 211 65 8 40 46 21 24 10 21 37 45 73 60 13 -9999 -9999 -9999 -9999
-9999 -9999 -9999 -9999 -9999 -9999 -9999 -9999 -9999 -9999 -9999 0 0 0 0 0 0 0 0 0 14 39 26 38 32 27 42 29 18 7 13 3 3 3 2 1 1 15 36 42 49 38 20 7 21 27 17 28 39 49 21 75 28 5 5 5 1 14 37 32 63 26 16 36 -9999 -9999 -9999
-9999 -9999 -9999 -9999 -9999 -9999 -9999 -9999 -9999 -9999 0 0 0 0 0 0 0 5 7 12 21 29 22 20 23 37 14 7 5 4 13 6 2 3 25 28 2 22 34 1 9 1 14 13 43 56 54 77 77 62 17 45 61 21 16 9 3 4 6 8 3 12 46 90 62 -9999 -9999
-9999 -9999 -9999 -9999 -9999 -9999 -9999 -9999 -9999 -9999 0 0 0 0 0 0 2 13 16 8 23 42 45 37 29 27 16 5 4 3 3 6 8 10 10 13 20 0 0 0 11 5 1 50 37 39 53 74 122 64 14 73 34 40 43 39 6 3 30 86 26 23 72 191 -9999 -9999 -9999
-9999 -9999 -9999 -9999 -9999 -9999 -9999 -9999 -9999 0 0 0 0 0 0 0 19 16 3 14 29 36 30 18 22 22 5 8 4 2 3 6 7 7 5 22 17 13 11 24 27 103 32 1 7 2 16 6 33 7 28 40 33 27 72 30 19 120 158 131 107 208 86 40 -9999 -9999 -9999
-9999 -9999 -9999 -9999 -9999 -9999 -9999 -9999 -9999 0 0 0 0 0 0 15 21 7 3 19 21 30 15 82 82 61 13 13 9 3 5 9 3 6 6 26 11 20 12 13 25 29 105 32 33 48 15 1 13 42 88 51 28 55 48 84 38 343 265 11 6 -9999 -9999 -9999 -9999 -9999 -9999
-9999 -9999 -9999 -9999 -9999 -9999 0 0 0 0 0 1 0 0 7 25 19 7 12 4 7 22 34 27 97 55 49 25 10 1 4 8 4 6 8 15 7 13 13 10 39 8 57 138 33 45 134 52 14 71 122 95 73 66 60 89 209 264 288 3 22 -9999 -9999 -9999 0 0 0
-9999 -9999 -9999 -9999 -9999 -9999 0 0 2 17 8 18 1 3 19 55 44 33 21 22 26 48 47 37 37 69 17 11 15 1 4 2 3 8 12 20 14 21 14 8 52 22 117 88 88 135 166 50 156 45 64 73 66 239 204 128 274 205 262 169 -9999 -9999 0 0 0 0 0
-9999 -9999 -9999 -9999 -9999 0 0 0 10 35 11 8 25 43 98 89 79 54 39 35 45 23 47 30 43 92 65 44 15 33 8 4 3 7 27 25 13 31 28 18 48 124 58 114 123 53 196 78 141 44 40 148 118 195 191 178 369 299 457 387 3 0 0 0 0 0 0
-9999 -9999 0 0 0 0 0 0 12 22 11 4 32 125 170 204 198 83 41 25 27 21 19 85 84 174 132 66 20 32 2 8 5 4 24 32 11 25 13 21 118 99 102 198 72 125 90 79 141 72 51 30 86 111 251 123 201 309 91 78 0 0 0 0 0 0 0
-9999 0 0 0 0 1 9 9 35 15 16 15 48 22 58 155 127 80 41 30 41 63 63 43 17 39 83 59 74 44 23 4 4 10 18 75 33 43 32 23 114 68 97 341 194 163 163 145 101 119 101 28 141 133 85 109 191 193 265 27 0 0 0 0 0 0 0
-9999 0 0 0 0 10 58 56 40 16 44 11 49 22 108 28 6 23 99 70 34 83 73 20 27 27 24 26 37 59 29 14 7 20 34 48 53 40 29 17 150 152 111 244 183 163 179 144 93 161 83 44 118 85 178 109 161 240 176 0 0 0 0 0 0 0 0
0 0 0 0 0 96 192 92 75 74 22 66 58 30 55 25 40 29 38 79 54 45 54 58 41 43 24 38 46 105 78 34 37 52 49 86 87 49 70 51 153 247 208 242 435 181 312 171 116 64 92 47 113 52 133 200 294 87 0 0 0 0 0 0 0 0 0
0 0 0 0 0 50 119 53 155 86 27 50 101 53 30 36 36 78 106 100 76 71 73 31 59 41 27 45 52 34 19 22 24 57 64 71 86 72 61 33 57 247 82 268 175 237 286 426 207 137 101 67 63 35 53 145 146 30 0 0 0 0 0 0 0 0 0
0 0 0 0 0 5 27 66 164 54 15 6 28 41 44 53 81 106 74 150 125 56 129 34 40 40 74 72 26 31 21 24 33 52 68 59 70 81 52 47 39 24 114 129 180 118 458 309 224 196 187 139 127 33 99 65 0 0 0 0 0 0 0 0 0 0 0
0 0 0 0 0 194 41 95 99 29 13 4 26 41 65 59 148 150 138 150 79 73 46 11 28 36 80 80 55 44 36 21 26 47 43 41 86 118 29 33 18 11 29 71 311 87 67 238 150 158 166 209 64 43 190 68 0 0 0 0 0 0 0 0 0 0 0
0 0 0 0 18 61 14 73 84 25 23 64 50 51 115 110 61 177 250 125 40 24 21 71 13 46 66 33 9 17 38 30 36 64 97 72 73 101 103 36 48 100 47 45 190 4 35 143 232 254 120 99 306 96 174 9 0 0 0 0 0 0 0 0 0 0 0
0 0 0 0 36 14 39 110 58 2 11 179 56 70 26 30 29 66 61 38 35 14 12 5 8 30 16 12 17 27 31 45 82 89 102 161 54 28 42 40 14 87 77 73 38 99 203 90 175 135 51 159 198 76 25 0 0 0 0 0 0 0 0 0 0 0 0
0 0 0 1 33 16 114 63 -9999 14 94 128 71 43 29 42 32 30 43 52 49 29 29 13 75 32 51 50 113 74 119 100 110 91 59 47 169 22 17 35 35 87 49 14 13 296 32 251 52 19 83 136 195 10 0 0 0 0 0 0 0 0 0 0 0 0 0
0 0 11 61 50 101 58 -9999 5 31 87 72 30 9 14 17 31 10 48 14 6 22 29 10 32 55 118 132 94 129 125 74 114 120 34 27 110 1 25 18 13 64 14 91 43 81 0 0 17 0 0 48 1 0 0 0 0 0 0 0 0 0 0 0 0 0 0
0 0 78 73 90 9 20 3 0 26 119 34 38 17 5 3 18 4 21 17 17 43 34 19 19 21 11 21 63 152 120 158 57 16 5 95 14 0 0 1 66 131 0 0 0 278 0 0 0 2 0 8 0 0 0 0 0 0 0 0 0 0 0 0 0 0 0
0 0 6 68 45 6 6 2 5 22 100 33 47 26 21 17 3 2 24 16 12 31 53 83 24 129 65 36 22 93 77 27 5 1 0 0 0 0 1 5 0 0 0 0 0 0 0 0 0 5 0 0 0 0 0 0 0 0 0 0 0 0 0 0 0 0 0
0 0 0 20 24 10 4 0 36 11 105 63 36 30 23 16 5 8 7 13 7 10 70 108 108 130 71 25 23 2 0 0 0 0 0 0 0 0 14 18 0 0 0 0 0 0 0 0 0 0 109 0 0 0 0 0 0 0 0 0 0 0 0 0 0 0 0
0 0 0 0 0 1 2 3 3 1 52 45 36 37 31 9 5 9 13 17 15 33 101 210 103 109 98 25 27 1 0 6 1 5 5 0 0 0 0 0 0 0 0 0 0 0 0 0 0 0 0 0 0 0 0 0 0 0 0 0 0 0 0 0 0 0 0
0 0 0 0 0 1 0 5 0 6 56 44 10 11 10 5 4 3 6 28 38 43 49 97 91 88 93 75 47 10 14 71 9 55 7 0 6 5 0 0 0 0 0 0 0 0 0 0 0 0 0 0 0 0 0 0 0 0 0 0 0 0 0 0 0 0 0
0 0 0 1 0 0 0 15 12 19 59 94 6 4 5 5 8 2 2 23 75 78 86 87 78 87 70 61 22 1 0 0 10 68 136 6 2 0 0 0 0 0 0 0 0 0 0 0 0 0 0 0 0 0 0 0 0 0 0 0 0 0 0 0 0 0 0
0 0 3 21 2 5 10 27 29 60 73 50 5 4 2 2 7 5 7 9 37 47 84 116 90 67 58 49 6 0 0 0 13 43 0 31 17 0 0 0 0 0 0 0 0 0 0 0 0 0 0 0 0 0 0 0 0 0 0 0 0 0 0 0 0 0 0
0 0 12 41 0 32 29 41 65 19 54 36 3 4 3 6 4 4 3 4 48 51 58 83 60 72 70 22 0 0 0 2 2 45 0 0 0 0 0 0 0 0 0 0 0 0 0 0 0 0 0 0 0 0 0 0 0 0 0 0 0 0 0 0 0 0 0
0 1 17 -9999 91 50 78 17 36 26 45 12 3 9 21 14 3 2 2 7 29 46 74 47 66 44 55 9 0 0 0 0 0 0 0 0 0 0 0 0 0 0 0 0 0 0 0 0 0 0 0 0 0 0 0 0 0 0 0 0 0 0 0 0 0 0 0
0 2 15 -9999 127 89 50 26 26 25 25 3 3 9 36 27 10 1 5 13 17 9 21 54 39 23 22 2 0 0 0 0 0 0 0 0 0 0 0 0 0 0 0 0 0 0 0 0 0 0 0 0 0 0 0 0 0 0 0 0 0 0 0 0 0 0 0
0 1 29 42 84 167 67 17 17 20 6 3 4 8 15 33 8 7 26 13 20 37 38 43 22 9 1 0 0 0 0 0 0 0 0 0 0 0 0 0 0 0 0 0 0 0 0 0 0 0 0 0 0 0 0 0 0 0 0 0 0 0 0 0 0 0 0
0 17 12 24 36 123 129 24 20 21 20 15 11 23 48 21 19 17 27 15 15 20 17 23 11 8 14 1 0 0 0 0 0 0 0 0 0 0 0 0 0 0 0 0 0 0 0 0 0 0 0 0 0 0 0 0 0 0 0 0 0 0 0 0 0 0 0
0 15 20 17 89 116 90 10 12 22 15 23 24 27 32 22 19 13 21 6 8 17 21 18 12 5 16 13 0 0 0 0 0 0 0 0 0 0 0 0 0 0 0 0 0 0 0 0 0 0 0 0 0 0 0 0 0 0 0 0 0 0 0 0 0 0 0
0 28 2 12 18 29 15 16 17 8 13 15 23 40 7 0 0 0 0 0 0 0 0 0 0 0 0 0 0 0 0 0 0 0 0 0 0 0 0 0 0 0 0 0 0 0 0 0 0 0 0 0 0 0 0 0 0 0 0 0 0 0 0 0 0 0 0
0 146 70 11 23 16 18 15 15 6 0 0 0 0 0 0 0 0 0 0 0 0 0 0 0 0 0 0 0 0 0 0 0 0 0 0 0 0 0 0 0 0 0 0 0 0 0 0 0 0 0 0 0 0 0 0 0 0 0 0 0 0 0 0 0 0 0
5 218 104 53 17 32 14 17 7 4 0 0 0 0 0 0 0 0 0 0 0 0 0 0 0 0 0 0 0 0 0 0 0 0 0 0 0 0 0 0 0 0 0 0 0 0 0 0 0 0 0 0 0 0 0 0 0 0 0 0 0 0 0 0 0 0 0
0 174 232 149 19 14 25 17 2 0 0 0 0 -9999 0 0 0 0 0 0 0 0 0 0 0 0 0 0 0 0 0 0 0 0 0 0 0 0 0 0 0 0 0 0 0 0 0 0 0 0 0 0 0 0 0 0 0 0 0 0 0 0 0 0 0 0 0
0 32 32 33 5 17 12 2 0 0 0 0 0 0 0 0 0 0 0 0 0 0 0 0 0 0 0 0 0 0 0 0 0 0 0 0 0 0 0 0 0 0 0 0 0 0 0 0 0 0 0 0 0 0 0 0 0 0 0 0 0 0 0 0 0 0 0
0 0 0 0 9 12 1 0 0 0 0 0 0 0 0 0 0 0 0 0 0 0 0 0 0 0 0 0 0 0 0 0 0 0 0 0 0 0 0 0 0 0 0 0 0 0 0 0 0 0 0 0 0 0 -9999 0 0 0 0 0 0 0 0 0 0 0 0
