Archive - glowpa-model-master/Model input/Uganda/survival/survivalcombined/survival_restime_1jul.asc
NCOLS 67 
NROWS 67 
XLLCORNER 29.500000001 
YLLCORNER -1.499999999 
CELLSIZE 0.0833333332985075 
NODATA_value -9999 
[rows 0 to 19 of 67, columns 0 to 44 of 67]
-9999.000000000000000 -9999 -9999 -9999 -9999 -9999 -9999 -9999 -9999 -9999 -9999 -9999 -9999 -9999 -9999 -9999 -9999 -9999 -9999 -9999 -9999 -9999 -9999 -9999 -9999 -9999 -9999 -9999 -9999 -9999 -9999 0.92069449575731 0.943240970381347 -9999 -9999 -9999 -9999 -9999 -9999 -9999 -9999 -9999 -9999 -9999 -9999
-9999 -9999 -9999 -9999 -9999 -9999 -9999 -9999 -9999 -9999 -9999 -9999 -9999 -9999 -9999 -9999 -9999 -9999 -9999 -9999 -9999 -9999 -9999 -9999 -9999 -9999 -9999 -9999 -9999 0.94445979701223 0.929206802567997 0.941058690074076 0.934163027472253 0.917004973403914 0.918372901331769 0.940670936028785 0.9468626072411 0.926430002845323 0.942602942534552 0.945232911599555 -9999 -9999 -9999 -9999 -9999
-9999 -9999 -9999 -9999 -9999 -9999 -9999 -9999 -9999 -9999 -9999 -9999 -9999 -9999 -9999 -9999 -9999 -9999 -9999 -9999 -9999 -9999 -9999 -9999 -9999 -9999 -9999 -9999 -9999 0.957635058476189 0.93839488180464 0.954729102235663 0.954990082123709 0.967518983483192 0.939400287760304 0.952919251160601 0.965288443670267 0.963699832344167 0.959463296187561 0.9558213026276 0.944313077006234 0.929651766999406 0.951621780603326 -9999 -9999
-9999 -9999 -9999 -9999 -9999 -9999 -9999 -9999 -9999 -9999 -9999 -9999 -9999 -9999 -9999 -9999 -9999 -9999 -9999 -9999 -9999 -9999 -9999 -9999 -9999 0.94697475834615 -9999 -9999 -9999 0.941959839013175 0.936442254308556 0.956060171635878 0.938487454523409 0.914795480147306 0.954104421987163 0.949302143927079 0.942919227778254 0.944435568736197 0.936797567553155 0.949623072549047 0.949406517559571 0.932085684736562 0.957461974589367 -9999 -9999
-9999 -9999 -9999 -9999 -9999 -9999 -9999 -9999 -9999 -9999 -9999 -9999 -9999 -9999 -9999 -9999 -9999 -9999 -9999 -9999 -9999 -9999 0.944390786414528 -9999 -9999 0.933777310314871 -9999 -9999 -9999 0.984812932744766 0.979209138826545 0.97889943108252 0.955646492741896 0.952734735770372 0.946234820853167 0.91729962188582 0.945207076022385 0.939265534235166 0.953303717543684 0.94723442230178 0.941481477368377 0.947770161943542 0.960261880045672 0.941874608204935 -9999
-9999 -9999 -9999 -9999 -9999 -9999 -9999 -9999 -9999 -9999 -9999 -9999 -9999 -9999 -9999 -9999 -9999 -9999 -9999 -9999 -9999 0.932894971867179 0.955685250540575 0.951714491882321 0.955321465058783 0.919418777310051 0.986563680948365 0.986618894910871 0.981220530787816 0.986421101087756 0.937802362270745 0.978955401770937 0.969830460802613 0.969442965219639 0.946564186824887 0.947238360055771 0.960921026510148 0.951929910948815 0.927056800154145 0.94773885774084 0.924214657613271 0.961149578573843 0.962090587747098 0.942167563972052 -9999
-9999 -9999 -9999 -9999 -9999 -9999 -9999 -9999 -9999 -9999 -9999 -9999 -9999 -9999 -9999 -9999 -9999 -9999 -9999 0.947439263436384 0.963977276002069 0.964843565182764 0.967548606245359 0.968641564813413 0.943900948789616 0.939034519586591 0.986415485737268 0.986253955347946 0.98631241394254 0.986367778404835 0.961695046369749 0.939548159342251 0.969742125433956 0.934400984427892 0.957076245171266 0.965822993182615 0.964963537908668 0.961253160715167 0.947533936931747 0.953541226454633 0.956462323472031 0.962843959825155 0.966930719650426 0.916063364707272 -9999
-9999 -9999 -9999 -9999 -9999 -9999 -9999 -9999 -9999 -9999 -9999 -9999 -9999 -9999 -9999 -9999 -9999 0.955893028125863 0.957791964667237 0.945513680929573 0.9454770859684 0.931432774602078 0.932155484995275 0.968475459894583 0.903380648755447 0.960371269023313 0.980446513567011 0.922009368793086 0.956335865851713 0.958445160977414 0.969857530800325 0.956906525993739 0.978673264371728 0.942636541865029 0.929259119824123 0.9397071974355 0.957087105032132 0.951285975549021 0.945754498015449 0.945049584042484 0.943657340168993 0.941726885052162 0.954541573937924 0.941692032612404 0.917287389579772
-9999 -9999 -9999 -9999 -9999 -9999 -9999 -9999 -9999 -9999 -9999 -9999 -9999 -9999 -9999 -9999 -9999 0.955780038069893 0.926412199371602 0.945946967972 0.945460438266916 0.93716586591393 0.956869743390879 0.969718243407528 0.96940453874926 0.980407046537159 0.946274039033741 0.947328075057628 0.953896812832454 0.956831731811204 0.969765627558011 0.969238040383454 0.948603076552675 0.969919735860184 0.936387800984185 0.950696942238047 0.931989720711908 0.951737741138791 0.933185740315125 0.945254344992585 0.943529369050041 0.973827042972838 0.9415888155933 0.953219646534167 0.941464853845085
-9999 -9999 -9999 -9999 -9999 -9999 -9999 -9999 -9999 -9999 -9999 -9999 -9999 -9999 -9999 -9999 -9999 0.959204109142283 0.959781527518473 0.963320315636427 0.951458957654134 0.940327693817486 0.939877046593872 0.939243053353248 0.980342895241047 0.946601515494067 0.941782785699151 0.943873527761466 0.935280815939493 0.963984912532471 0.968921184372468 0.948725384527974 0.956067146141342 0.978845739298352 0.978557494958284 0.945514345413561 0.931136021910371 0.946991653777345 0.950403534722624 0.95291166092031 0.963345678444934 0.973726136089123 0.960071259829659 0.956043648495994 0.940817090243565
-9999 -9999 -9999 -9999 -9999 -9999 -9999 -9999 -9999 -9999 -9999 -9999 -9999 -9999 -9999 -9999 0.949212868464208 0.955446595451786 0.96469893051889 0.968337500710106 0.969640142246688 0.969627507226841 0.958602739148498 0.959018104846923 0.986105905596613 0.964105688150208 0.94988014894386 0.929657859564489 0.939320651418656 0.960202197554113 0.964852705430551 0.929633430062156 0.968187564182084 0.950290440821613 0.945835313356465 0.969967194523851 0.962733595570758 0.951330258128355 0.964058349196412 0.974388474769045 0.952218311843153 0.945021032050561 0.944560105405869 0.959304035208702 0.970317621943435
-9999 -9999 -9999 -9999 -9999 -9999 -9999 -9999 -9999 -9999 -9999 -9999 -9999 -9999 -9999 -9999 0.949489675295172 0.948353947670839 0.947741937388358 0.936026210760148 0.952561308987736 0.921055379369053 0.938254345031669 0.980701559711013 0.950176750298979 0.963692656772096 0.962094244789167 0.951104749495746 0.951762713448114 0.958019948739124 0.96278422251552 0.949612193087831 0.967385605004041 0.950743783795512 0.95168161860048 0.976796571514352 0.964901381448286 0.974978115819659 0.964260428477395 0.945942546047883 0.943420287024185 0.957796227837226 0.944255442539077 0.958289828005875 0.943641380768537
-9999 -9999 -9999 -9999 -9999 -9999 -9999 -9999 -9999 -9999 -9999 -9999 -9999 -9999 -9999 0.949967524374032 0.944013561873241 0.951441651549359 0.955841161894108 0.948648840143167 0.946971556014035 0.931814957455018 0.986354753187329 0.986358989712974 0.950575658981853 0.931494566102637 0.951219458932341 0.932555022283274 0.9519834221006 0.955920517777967 0.952477506330286 0.94202956770088 0.965772563355 0.9230799202776 0.947037630777366 0.959782366629347 0.966803404584663 0.944751625403509 0.951823266789781 0.946952044705574 0.924724150464616 0.952470155032315 0.944795401964185 0.954564946858834 0.917983634458516
-9999 -9999 -9999 -9999 -9999 -9999 -9999 -9999 -9999 -9999 -9999 -9999 -9999 -9999 -9999 -9999 0.952059197037495 0.952141243313156 0.938801258182444 0.953297943010578 0.948852727854367 0.902617675818149 0.980559516217685 0.986393233958838 0.93947492936112 0.931700493408941 0.941137175289541 0.952441140039737 0.933105887066896 0.94465509072772 0.946346655186967 0.954618362454103 0.965341978047717 0.95791436479043 0.925919103796847 0.948592255471331 0.9766806735571 0.946676271883064 0.946830044182411 0.961649283227162 0.951902759607012 0.946092280445901 0.946272282425519 0.95248816513402 0.942538300461103
-9999 -9999 -9999 -9999 -9999 -9999 -9999 -9999 -9999 -9999 -9999 -9999 -9999 -9999 -9999 -9999 -9999 0.951641892473711 0.958007812548302 0.962063198751127 0.962270055437717 0.967252370466043 0.986236927784731 0.943669113442475 0.956374266173373 0.960636259364383 0.93193728184125 0.943470994979287 0.946795081576072 0.947060174096152 0.927285811600146 0.948678141815616 0.961962507887605 0.955129531791246 0.94887871062139 0.948906315037483 0.961885989763888 0.966719167226224 0.948970843113646 0.948233888804235 0.960841526177757 0.945016684365268 0.937386405100726 0.949062300437483 0.95996478262525
-9999 -9999 -9999 -9999 -9999 -9999 -9999 -9999 -9999 -9999 -9999 -9999 -9999 -9999 -9999 -9999 0.955388775359705 0.942667374545044 0.950215360858369 0.95675676278377 0.958120614054981 0.941691233436122 0.986224753204225 0.948147723448788 0.954137111564754 0.967194397491888 0.963027522475979 0.951298950340521 0.944574973221115 0.956873696534241 0.939918919426734 0.947013957859313 0.949872761476507 0.941745603877174 0.953135298758928 0.955583309892047 0.958470720507448 0.95777355762858 0.9665021547067 0.972473548788418 0.956042926479717 0.960755811645167 0.971986048584935 0.971738566568926 0.948333154330573
-9999 -9999 -9999 -9999 -9999 -9999 -9999 -9999 -9999 -9999 -9999 -9999 -9999 -9999 -9999 -9999 0.955454343487893 0.966192068184083 0.953911788347136 0.950759822284741 0.970847871883737 0.971841049465204 0.971742109184917 0.980516967183984 0.946459482263757 0.92745869681726 0.92919275741457 0.930301033800694 0.964015182842908 0.962576364029082 0.946381869318566 0.926197374220423 0.934125164330577 0.951119456426857 0.939350158620289 0.949758926019622 0.927922424472282 0.946686109179995 0.960505037300103 0.96293326971175 0.946021028100986 0.93102671067676 0.943023628275321 0.919140831926346 0.942065516960575
-9999 -9999 -9999 -9999 -9999 -9999 -9999 -9999 -9999 -9999 -9999 -9999 -9999 -9999 -9999 0.936794409003979 0.950077858551696 0.950077321243197 0.966774685403782 0.958824573730853 0.949245920639131 0.942261788655348 0.919370187432924 0.986153008838613 0.955065457980308 0.967250028385267 0.966511000402922 0.965457012624642 0.964814404008379 0.943907799583662 0.954232253557288 0.928389520760454 0.947538386750884 0.94818969861354 0.947957577491522 0.93693372477098 0.947119993352912 0.956433770600493 0.958780002081111 0.973660713775813 0.973423220337881 0.940969809351523 0.91908830691038 0.9430605461415 0.949207670233122
-9999 -9999 -9999 -9999 -9999 -9999 -9999 -9999 -9999 -9999 -9999 -9999 -9999 -9999 -9999 0.951293581777364 0.962527937420682 0.930230741130391 0.965588827096169 0.954008219435306 0.963587283606575 0.940404527986656 0.951440114742811 0.986168740734157 0.941541037942979 0.924132176522391 0.94748793875751 0.934168807587096 0.942410959535262 0.944012819419881 0.94317123340595 0.948094451783711 0.948801102026964 0.955381932186008 0.966152520497433 0.947566753751358 0.94857003257178 0.946542455001994 0.923916212362239 0.952601930895861 0.961255240637787 0.961806643946199 0.939945844881078 0.941077590636502 0.953373479733928
-9999 -9999 -9999 -9999 -9999 -9999 -9999 -9999 -9999 -9999 -9999 -9999 -9999 -9999 -9999 0.949335053414772 0.962953327844312 0.952897062740221 0.925152067192707 0.942198051841624 0.943534658401825 0.912533522573825 0.942407947112399 0.938848237572391 0.980061305595369 0.915848694218836 0.944193043772798 0.94672790466193 0.918978193740328 0.965648934591794 0.960944836088827 0.958293098444816 0.951741896636005 0.958707943916456 0.95524865494932 0.955779902809077 0.93884476139309 0.934006500004312 0.945487727429698 0.945486330227466 0.955103877177025 0.949489075000877 0.962850145889451 0.972437007156012 0.953289452038541
