Archive - glowpa-model-master/Model input/Uganda/survival/survivalcombined/survival_restime_1may.asc
NCOLS 67 
NROWS 67 
XLLCORNER 29.500000001 
YLLCORNER -1.499999999 
CELLSIZE 0.0833333332985075 
NODATA_value -9999 
[rows 20 to 39 of 67, columns 0 to 44 of 67]
-9999 -9999 -9999 -9999 -9999 -9999 -9999 -9999 -9999 -9999 -9999 -9999 -9999 -9999 -9999 0.935672251544907 0.922443173133508 0.94608958840333 0.928532571757692 0.94081370802967 0.936694595136251 0.943233729675125 0.951174587910466 0.934647234140557 0.957876311056778 0.956272284245043 0.915449724832289 0.925748085744185 0.9783747652091 0.962492107820486 0.937802454295948 0.914477656063217 0.945921288219647 0.924343203135844 0.966916066784396 0.966490153674421 0.955131971724445 0.945296984175105 0.938003482513981 0.94262410878178 0.944748834894871 0.923094167053602 0.94776280603332 0.948811572337428 0.953152508427142
-9999 -9999 -9999 -9999 -9999 -9999 -9999 -9999 -9999 -9999 -9999 -9999 -9999 -9999 -9999 0.943355109665345 0.922490281225828 0.921402653588847 0.937980158923959 0.940931079823668 0.925097456014633 0.93672711724217 0.934089502536183 0.936092166135574 0.978129639379107 0.984478478801147 0.984553172556877 0.984577635568733 0.944523659833987 0.978497787405671 0.984408268877612 0.941422417481697 0.95144702302432 0.923079378337044 0.954307323980467 0.938404229843738 0.945345298350531 0.946762373280003 0.959461253852164 0.957699017498413 0.954432920077117 0.939393761880399 0.937976459092304 0.943054902832815 0.942249227949488
-9999 -9999 -9999 -9999 -9999 -9999 -9999 -9999 -9999 -9999 -9999 -9999 -9999 -9999 -9999 -9999 0.944418681019332 0.931181631881469 0.945917349196489 0.910671530979343 0.977960623267049 0.977641578248085 0.984077965503723 0.98456176674103 0.938385968737779 0.938550043780783 0.940021682966078 0.939918064425181 0.955269969646788 0.952108147747185 0.947886179270171 0.978157899298209 0.984479410504954 0.984549819975519 0.944125750896479 0.945836842135367 0.963786785794398 0.944156066341533 0.931806335580778 0.944866458356919 0.943927216215024 0.915712081375192 0.937846244445631 0.937229439693488 0.918566972428048
-9999 -9999 -9999 -9999 -9999 -9999 -9999 -9999 -9999 -9999 -9999 -9999 -9999 -9999 -9999 -9999 -9999 0.923985169895349 0.985212851517363 0.984831015255405 0.984187108491964 0.984170526632316 0.98409132040538 0.950136516791493 0.945873807003215 0.934570406008498 0.947483468272989 0.937749578791383 0.94524096875595 0.946110422246102 0.942638884377187 0.942543259788371 0.937488622865012 0.984615001751361 0.943446059996314 0.93178862132515 0.951167330966877 0.950878795233931 0.944451510140477 0.943518451465803 0.939451586972678 0.913821863394812 0.948379645225458 0.954303485804432 0.942262919386619
-9999 -9999 -9999 -9999 -9999 -9999 -9999 -9999 -9999 -9999 -9999 -9999 -9999 -9999 -9999 0.942049711433762 0.938887133275841 0.985831018712284 0.978311770917527 0.978063556162563 0.984124027513642 0.984219940888159 0.984102232553448 0.984202425811851 0.952049967057433 0.964033715565824 0.9633018615432 0.951220013427565 0.929084954173103 0.93682741171418 0.91925096504933 0.919832113842657 0.943093407226427 0.957045521278124 0.978226000902366 0.965737470305426 0.94374413051467 0.918461849833445 0.918717197415989 0.938017124130965 0.949942117290824 0.938077940633386 0.960453898209909 0.955528538275298 0.91467129118053
-9999 -9999 -9999 -9999 -9999 -9999 -9999 -9999 -9999 -9999 -9999 -9999 -9999 -9999 -9999 0.94831951728512 0.980705957539119 0.985159019042358 0.984588627604244 0.984507104711293 0.978197792169474 0.984579363446849 0.98446443417463 0.978123111025524 0.950126073741566 0.944012545938884 0.924465806467927 0.942804571689207 0.923643414178726 0.95063574754263 0.943410424468422 0.943623849182427 0.943707703220694 0.978670930373674 0.963911890576457 0.96255174505659 0.961470427984062 0.960078758317802 0.95818054293363 0.947809687201455 0.948083480606006 0.940794079778332 0.948545376568337 0.950010444483387 0.916424705205641
-9999 -9999 -9999 -9999 -9999 -9999 -9999 -9999 -9999 -9999 -9999 -9999 -9999 -9999 -9999 0.981187466365449 0.985361888091083 0.984884032172104 0.984560639023662 0.978261188000184 0.984595334960968 0.984496154652617 0.978167478356825 0.948036204084527 0.945210853279343 0.947085810448793 0.947208667160195 0.957568462448561 0.94295164189309 0.940871639737648 0.949445776827703 0.930056149291268 0.921383076108542 0.984829757049183 0.978633800909454 0.931949036439949 0.944432326734096 0.942653275626309 0.943253093823271 0.954730363847402 0.952983764433225 0.952152090135005 0.942866095298359 0.954685737407409 0.94963686394096
-9999 -9999 -9999 -9999 -9999 -9999 -9999 -9999 -9999 -9999 -9999 -9999 -9999 -9999 -9999 0.985530196158539 0.98492100832909 0.984879960300521 0.978315544253329 0.984632627020749 0.984516736434789 0.978216676445946 0.984563790034803 0.939009617870661 0.957636816199449 0.924978273083724 0.922458057941417 0.944267309228567 0.922482356339968 0.921877047735298 0.944617774800528 0.984828643114472 0.984840256333075 0.984952685887191 0.942420087396022 0.92058308847377 0.945035275896317 0.954276446504453 0.958975837270498 0.957146559528796 0.968638310722086 0.96240462313528 0.944640527443597 0.938683266124985 0.984185441104862
-9999 -9999 -9999 -9999 -9999 -9999 -9999 -9999 -9999 -9999 -9999 -9999 -9999 -9999 0.985496600639808 0.978832771015674 0.984899571581183 0.978738082120511 0.984568139804735 0.978270482914303 0.978254154747946 0.98473693793953 0.941581578960157 0.954704129770325 0.956416666714133 0.954034275190899 0.921957590484952 0.956991714137309 0.943570962928104 0.918984268868631 0.949108067823555 0.978696774039566 0.978736775484038 0.984918674784367 0.960651140981654 0.951127453952901 0.94346377386708 0.949838429318605 0.958630984508572 0.946174638913821 0.944601435551871 0.960175954667336 0.958481068040201 0.941420568069289 0.977514767977754
-9999 -9999 -9999 -9999 -9999 -9999 -9999 -9999 -9999 -9999 -9999 0.986553674124237 0.980361692760089 0.979406532054178 0.978815946140869 0.984900029726978 0.978756815854529 0.984957521643481 0.978297919845725 0.984638982320312 0.978563096902141 0.925364153307116 0.946519963030349 0.943396883963751 0.920733856392742 0.950893232588642 0.943588126116966 0.958402515929709 0.942672574408865 0.93796295778208 0.931020905486337 0.984951144277249 0.984863420705315 0.978693037856205 0.984412745204642 0.960146323784672 0.971031376593573 0.970865787559878 0.984221792513698 0.977637127164339 0.977626014588917 0.984168025457255 0.984145719122421 0.98409547144831 0.977485069301774
-9999 -9999 -9999 -9999 -9999 -9999 -9999 -9999 -9999 -9999 0.952115866771279 0.985606284879285 0.985044841250716 0.984894916486263 0.984884089859475 0.978750262602589 0.984956688945512 0.984810046331269 0.978234243015867 0.978691601492634 0.929761668077662 0.94239720942864 0.941843180498122 0.929506310176557 0.94327203742107 0.941695811157205 0.950918391167215 0.961623859087401 0.94991612565841 0.932596716861992 0.966672393035892 0.953885842957863 0.943506223959365 0.955989755397838 0.984498773560081 0.978039537864512 0.984197696724528 0.984171176797634 0.984212911099829 0.977613790061582 0.984058034502172 0.977568207282305 0.97753719840261 0.983983774331001 0.984097553172634
-9999 -9999 -9999 -9999 -9999 -9999 -9999 -9999 -9999 -9999 0.98539466491308 0.979155787996237 0.98507574125665 0.985074435259051 0.979023387502426 0.985161115690597 0.985098744911281 0.978943444935417 0.942790370415923 0.962094980169764 0.922925398654572 0.922972799145633 0.923859229742068 0.944751385727775 0.958743630213509 0.951993499249464 0.96396506490903 0.962932267496251 0.976067984014344 0.967824846839179 0.970251611892577 0.946741643761636 0.92625698730708 0.946580083378401 0.937613491296497 0.931493490904718 0.984732897036421 0.978399261334709 0.984592919812102 0.984574905617811 0.984555414354422 0.984529448990564 0.984438694096137 0.984385089005467 0.984377399591881
-9999 -9999 -9999 -9999 -9999 -9999 -9999 -9999 -9999 0.950335968978863 0.985185288037199 0.985225654875565 0.985064850082707 0.978984732096116 0.985140449284726 0.985050720765127 0.979334397192935 0.956881551282459 0.923372108036493 0.961171000937129 0.957362632293302 0.952002349501927 0.945922764181822 0.926003245161908 0.971923803311958 0.96111605433512 0.964587016947471 0.966368239811093 0.919811415604007 0.943035215261261 0.944932671301407 0.95779934055351 0.948525100539779 0.948984113220604 0.947896931652298 0.9469934039451 0.984651447412878 0.984734740114164 0.978369368128963 0.945546203586168 0.978342609380962 0.984540648860641 0.984524009730173 0.978089440867848 0.984382473179475
-9999 -9999 -9999 -9999 -9999 -9999 -9999 -9999 -9999 0.94921470667831 0.985275655230535 0.985266037491522 0.978990980544416 0.985117656005093 0.98502495943545 0.979432265143812 0.947354000222918 0.952667221014525 0.917137997261881 0.940792674954952 0.920321114314998 0.942826078959665 0.971025449107748 0.960271685263741 0.956229808697697 0.943074351181885 0.962570261844826 0.942226197130722 0.96222305107081 0.963890699034274 0.948083487915019 0.94463767398747 0.957661182215098 0.954454091840632 0.928297833669893 0.924750359849579 0.948040171968583 0.945910302385584 0.942111226441543 0.958909359244538 0.984762850331734 0.984634702527117 0.840964431134495 0.984533107328882 0.984526787319745
-9999 -9999 -9999 -9999 -9999 -9999 0.954415024300945 0.958545174711902 0.951345502221178 0.916529618599744 0.975446409531357 0.979278638583482 0.985153836544447 0.97896104952248 0.979060943212021 0.948206615467209 0.927271238274388 0.921815616560123 0.94338050432757 0.938039688363699 0.962429072926529 0.958372281843957 0.947679129570297 0.943584018584735 0.919745789235475 0.933319083780364 0.953787746953481 0.925536189837868 0.972247849165385 0.926973946719635 0.947056090058723 0.947105899771987 0.956865509227377 0.955299428909965 0.946008091075433 0.947456714623023 0.952928784924814 0.942399143047005 0.925931364815958 0.970891193418939 0.946347526686956 0.978410568606279 0.96396726006519 0.948608977416045 0.984576008663861
-9999 -9999 -9999 -9999 -9999 -9999 0.94196340023979 0.944331856596431 0.941635197086059 0.965270110849654 0.93823970280813 0.978982764317758 0.978972128963635 0.985158320399701 0.985401350460771 0.969887754002019 0.969111560538482 0.968603115198196 0.967127919256836 0.966617610198951 0.960599448116375 0.919325989563831 0.956279936804596 0.967860270524227 0.941431602429909 0.943345163011256 0.947198374542485 0.941298953986245 0.971741757377192 0.917344627545262 0.960627933997071 0.946684874982194 0.953295505454068 0.94654690664464 0.954084438933881 0.947118655536179 0.94689467514798 0.957302754262018 0.949086641014539 0.970538478921207 0.948460015497708 0.984679415746581 0.936932017758408 0.947326302214671 0.946964843237388
-9999 -9999 -9999 -9999 -9999 0.94544639530632 0.927954551536494 0.958175972913785 0.965410455182904 0.903173739585484 0.898496300146896 0.985019355744637 0.985107488296383 0.985434212467383 0.949273376489019 0.945648883554958 0.944656333912612 0.952473945622858 0.930197448824189 0.966482157014118 0.938817607195241 0.942527970967244 0.95540854169513 0.967546508792012 0.946323401981226 0.921230851060165 0.920266341181202 0.953335882593068 0.957188139486201 0.959573918739719 0.948850468191212 0.937821762159918 0.946175352248678 0.946185268783876 0.964388924209377 0.944751340483524 0.946505953718051 0.948685132648768 0.95493492594501 0.970270870090933 0.948642717277958 0.984708711329404 0.949159930413798 0.960284186396672 0.946481075348614
-9999 -9999 0.933173627969241 0.930010401199568 0.943297974814847 0.936793987113071 0.934025708683221 0.952190528576075 0.975210730367956 0.929958344082233 0.95801538903125 0.958923277148544 0.973123358362732 0.928112003031388 0.932673095411986 0.957637080131259 0.951009104553038 0.947717651437943 0.944319212332912 0.966415726610234 0.941009140149881 0.957811693939253 0.95024684850971 0.96049033685484 0.953029440721029 0.950396473512183 0.944260439197591 0.94437911626339 0.956130764787359 0.971456154454123 0.970373756696776 0.94357548824234 0.926629233746734 0.926773565793069 0.96351940956627 0.94178025835933 0.937728856052382 0.948432307848844 0.932982568264498 0.969575427523818 0.929488528912597 0.984905490246026 0.948820942407902 0.949019982454775 0.93399029139022
-9999 0.924910697802396 0.941045121203366 0.944502508571067 0.925361452206294 0.941872010956895 0.975254670440188 0.965345988143864 0.935111335154209 0.902468455009221 0.958034795428936 0.926881473347332 0.962853145677186 0.961928878158241 0.972095079169448 0.950996571170107 0.938860239862484 0.948828768363758 0.941667197439658 0.963728645061864 0.954207887409777 0.948974622986729 0.929699589047635 0.959155598385185 0.944570853391713 0.945532245402158 0.936946658242872 0.934146773543694 0.947875808747268 0.927107912814441 0.93995965998122 0.958310193211384 0.956624822184988 0.942839272040182 0.963026719149224 0.94395319424851 0.952893670576279 0.946154808020434 0.929915432215547 0.969008849445123 0.920954222878236 0.984911182891699 0.926973991033298 0.927625287421211 0.919326388546808
-9999 0.9226702377421 0.929963475266384 0.975629281928055 0.975712944222449 0.966163557805178 0.944043787611602 0.949975034094733 0.950440131217912 0.940436966841494 0.948001633861057 0.943581406491358 0.951132154137892 0.960857998717554 0.949133295035065 0.960108285847517 0.968752507872131 0.948122966781022 0.950765301288899 0.928052972463313 0.944508675658419 0.928762417612323 0.948569444645238 0.957150481400163 0.9447977443522 0.960251452613306 0.958664713583434 0.954637432554824 0.935436008009309 0.936102268344079 0.951851513365302 0.925168029417026 0.957145076672113 0.919140504176818 0.943938780017341 0.94616975674511 0.943687764186506 0.941798425616994 0.950692640217419 0.965417086849845 0.942246469483219 0.943368452653522 0.978606799734465 0.964002431878713 0.946634040243861
