Archive - glowpa-model-master/Model input/Uganda/survival/survivalcombined/survival_restime_1nov.asc
NCOLS 67 
NROWS 67 
XLLCORNER 29.500000001 
YLLCORNER -1.499999999 
CELLSIZE 0.0833333332985075 
NODATA_value -9999 
[rows 20 to 39 of 67, columns 0 to 44 of 67]
-9999 -9999 -9999 -9999 -9999 -9999 -9999 -9999 -9999 -9999 -9999 -9999 -9999 -9999 -9999 0.942299813840886 0.930178333428076 0.951396780139304 0.935450415422542 0.948909791469775 0.942611063237913 0.950199990087806 0.957387546912464 0.947478335187828 0.965084668856156 0.962836916161407 0.928355407647434 0.935075032104454 0.980242342437871 0.966077796727333 0.942466120344019 0.92079652503759 0.950163999012074 0.930359284074147 0.969882097839707 0.969495993289122 0.958388508659604 0.94903654271127 0.94217983991093 0.946446157181903 0.948496458018453 0.928226445682883 0.950952874670999 0.951974239297022 0.956011648521365
-9999 -9999 -9999 -9999 -9999 -9999 -9999 -9999 -9999 -9999 -9999 -9999 -9999 -9999 -9999 0.948804763703351 0.929883276209883 0.928407758454356 0.94359221930317 0.946848252027926 0.933266615723035 0.943482945044484 0.944069765346977 0.948693288375173 0.98028510405102 0.985852413280149 0.985918571570686 0.985935052703347 0.950707017300912 0.980270888778105 0.985550951226968 0.945875998748561 0.955437576206035 0.928746980666839 0.958446867968337 0.943205669792789 0.949101005159144 0.950779299185954 0.962480572101667 0.960777845750729 0.957582992930509 0.943263234075186 0.941460553583313 0.94623680670956 0.945169826772617
-9999 -9999 -9999 -9999 -9999 -9999 -9999 -9999 -9999 -9999 -9999 -9999 -9999 -9999 -9999 -9999 0.949322498230389 0.93746444616324 0.951310120010287 0.919223959392216 0.98129688694267 0.981202701783457 0.986177666001987 0.986263604068236 0.949203085964932 0.950166582980229 0.950865324441465 0.946242681330722 0.959724359517042 0.95666755742161 0.951964262318453 0.979805559295862 0.985667451230019 0.985720168283981 0.94827440912862 0.950090997924906 0.966571165098753 0.948021581433509 0.936641172486462 0.948685885140406 0.947379746478419 0.920907798553988 0.940947829080499 0.940280473123299 0.922621157486258
-9999 -9999 -9999 -9999 -9999 -9999 -9999 -9999 -9999 -9999 -9999 -9999 -9999 -9999 -9999 -9999 -9999 0.931493828252648 0.987298027177651 0.986889107794129 0.986403357180873 0.986276098819431 0.986260362879293 0.959439755427269 0.955561083340217 0.946268271452495 0.956826917704596 0.945182976922769 0.951321977167026 0.951158019831632 0.947102575344206 0.946871386839975 0.942537776381178 0.985768169617339 0.947696866057726 0.937247180792825 0.954946966159205 0.954530156906464 0.948402890183154 0.947649531447005 0.943572906983431 0.919682759404533 0.95127811417435 0.956687925561974 0.944979635734241
-9999 -9999 -9999 -9999 -9999 -9999 -9999 -9999 -9999 -9999 -9999 -9999 -9999 -9999 -9999 0.947069872689179 0.944519787941291 0.987842090522718 0.981277022239338 0.980984286990061 0.986087755811794 0.986141106247192 0.986110038743659 0.986343877836991 0.958705101473898 0.968396330755336 0.967616360122329 0.956417688934621 0.936628501422415 0.943170184554201 0.925629853870763 0.925928160396132 0.947208355675766 0.960634515012601 0.979874129437498 0.968827547949364 0.947908121827023 0.92427050285463 0.924347175246743 0.942564409932163 0.953417654765589 0.941959024714457 0.962740414039639 0.957791173339572 0.918053919199272
-9999 -9999 -9999 -9999 -9999 -9999 -9999 -9999 -9999 -9999 -9999 -9999 -9999 -9999 -9999 0.952809709616586 0.9834150482678 0.987135009919929 0.98643765198144 0.98630970191888 0.980686325693216 0.986333411056161 0.986239735350058 0.98072813030482 0.957813839948407 0.952691994308213 0.932549469442851 0.948634279690863 0.931294738776561 0.95499928214309 0.948145904391351 0.948256112035326 0.948225702127933 0.980453185608445 0.967556030336348 0.966242935054134 0.965214234383165 0.963904158727623 0.962026740079084 0.951703237120981 0.951775116833697 0.944551493467272 0.952551266014564 0.953241066230887 0.921138044003137
-9999 -9999 -9999 -9999 -9999 -9999 -9999 -9999 -9999 -9999 -9999 -9999 -9999 -9999 -9999 0.983688430592597 0.987377773933949 0.986759297633656 0.986403197205867 0.980778585540146 0.986368415401086 0.986236677272195 0.980694967972156 0.954976326599408 0.951079784842076 0.952627397126295 0.952578462817952 0.961794933078306 0.947841885286573 0.946126205603046 0.953841470746648 0.936103446538821 0.927540768468592 0.986074918208874 0.980409195903661 0.93830546968544 0.949402912466246 0.947483115930635 0.947581800941414 0.957646291824543 0.955765749788626 0.955928668952487 0.944747395090418 0.957734744690433 0.953050370852892
-9999 -9999 -9999 -9999 -9999 -9999 -9999 -9999 -9999 -9999 -9999 -9999 -9999 -9999 -9999 0.98751351014274 0.98679744483604 0.98672334348279 0.980856869133998 0.986402794725585 0.986262163735064 0.980632332657461 0.986547568656368 0.94759753806054 0.961939533669155 0.932680872559684 0.929726000988249 0.949253872261413 0.928471233448256 0.927847753065453 0.949829951491241 0.986085531136049 0.986107133156512 0.986189172153428 0.947024346455986 0.926862290697602 0.949158351037248 0.958108240608976 0.962156474607833 0.9603774616063 0.971035631286244 0.96502688269796 0.946279195544173 0.94288411251537 0.985223948803752
-9999 -9999 -9999 -9999 -9999 -9999 -9999 -9999 -9999 -9999 -9999 -9999 -9999 -9999 0.987471334007129 0.981468303664221 0.9867144244121 0.981259833318033 0.986340433784943 0.980722476659946 0.980669481733177 0.98649947718275 0.94741311808024 0.959256716971919 0.960710897782608 0.95844547522781 0.929090213858047 0.961097355279407 0.948578854563205 0.925916514874268 0.953502393068298 0.980396384137972 0.980476944645621 0.986170554421301 0.963826413961786 0.954242942363651 0.946617306299214 0.951387195286006 0.961711040519777 0.948402986607839 0.948329171230784 0.963285290843668 0.961362429922329 0.944477322365466 0.978992989859257
-9999 -9999 -9999 -9999 -9999 -9999 -9999 -9999 -9999 -9999 -9999 0.988378203269064 0.983060549640884 0.982167610621197 0.98141446627625 0.986696657484263 0.981243155180828 0.986704788706883 0.980750938520313 0.986360339601082 0.981026308159772 0.931916531236434 0.95170621976539 0.948516458079338 0.927128352364268 0.955403469130528 0.948572719588373 0.962396950726119 0.948172538326437 0.94350260739195 0.937325247930531 0.986126141849501 0.986058202193091 0.980398636173079 0.985567743751292 0.963150676220359 0.973160001542069 0.973022582709828 0.985366957723728 0.979271134579312 0.979252071686353 0.985327177686372 0.985133261537023 0.985121108315186 0.978951545498875
-9999 -9999 -9999 -9999 -9999 -9999 -9999 -9999 -9999 -9999 0.956700891751198 0.987549692766965 0.98692200888979 0.986719808063732 0.986667310941256 0.981216708408017 0.986695834821407 0.986695251533608 0.98132768369644 0.981378608805515 0.936604464943174 0.947936782466127 0.946859658972143 0.935697540216398 0.947681065323655 0.946285959093698 0.955124418134794 0.965284987530917 0.9549822421044 0.939762811043376 0.970140602004356 0.958053204342996 0.948491180491973 0.959704946291055 0.985621326994586 0.979617131534078 0.985307169068061 0.985333596808644 0.985355107005235 0.979230509598724 0.985209890084975 0.979197395005042 0.978943403065138 0.985011694272036 0.985098773976256
-9999 -9999 -9999 -9999 -9999 -9999 -9999 -9999 -9999 -9999 0.987171725700132 0.981578247713741 0.986596163203485 0.986589445481483 0.981115863615114 0.986631990007131 0.986672966846858 0.981446156230203 0.948956789442189 0.966060076539019 0.930675170551382 0.930588592624779 0.930629345022476 0.949034300734412 0.962067196981935 0.955695979510153 0.967301969186912 0.966326123333423 0.97848967996165 0.97099120053444 0.972895840920218 0.951204526116957 0.932052687521951 0.950513187868581 0.942412528162653 0.93631482735164 0.985812417747361 0.979909964272785 0.985665578334574 0.985649209402145 0.985640226644704 0.985629195789302 0.985523238807212 0.985517906281529 0.985515878146964
-9999 -9999 -9999 -9999 -9999 -9999 -9999 -9999 -9999 0.954540422066482 0.986954518897358 0.986812892806361 0.986546868946199 0.981081407492797 0.986615349406538 0.986578819048298 0.981680611352431 0.961521750207171 0.930313903114838 0.965252718578849 0.961738528488113 0.956775769560364 0.952216180013252 0.933962565090356 0.975075070756518 0.965388237719872 0.967875312741588 0.969781992603266 0.927013161139583 0.947889618226795 0.949502939572064 0.961395673906292 0.952393378987769 0.952734292531838 0.951605544513444 0.950518046779403 0.985767550391526 0.985804783496592 0.97987194636174 0.948172940666403 0.979902684871345 0.985663999790429 0.98561964169942 0.979653106726495 0.98552854253869
-9999 -9999 -9999 -9999 -9999 -9999 -9999 -9999 -9999 0.95295272110058 0.986807803730086 0.986791530206194 0.981046362409808 0.986592805940522 0.986497724313941 0.981669562027771 0.952757165053138 0.957643900408863 0.926285598449807 0.946861250602512 0.928980793487455 0.950277875437817 0.974307891703848 0.964779577104245 0.960791618826585 0.948870361494079 0.966628365243404 0.947635016665341 0.965471797697178 0.966942792576972 0.952238329256614 0.948490666830782 0.96123846352535 0.958009762695736 0.933477611671322 0.930082206337445 0.952118700825388 0.949558661231004 0.945397266452822 0.962173079021768 0.985850141061895 0.985719634783973 0.723135350883571 0.985633257629136 0.985631711337694
-9999 -9999 -9999 -9999 -9999 -9999 0.957529204818287 0.961639777486005 0.955116442870594 0.921173993454355 0.977561324708638 0.981437013880852 0.986592661212601 0.981016955265675 0.981167290275082 0.953750760762843 0.934657965945062 0.929175779183237 0.948033776834572 0.943166440665014 0.966859957550146 0.962998026812889 0.952597958675949 0.949467429245444 0.928404244007053 0.940324700823607 0.958566435860772 0.932697006105406 0.974546220702644 0.932715245789985 0.95152839063648 0.950939984349693 0.9601680465181 0.959028231860248 0.949872239123847 0.951021803518462 0.956337178437864 0.946593020335971 0.930306557004919 0.973190371392145 0.950035528532833 0.979191427401264 0.966091011718199 0.950861745749367 0.985676913222385
-9999 -9999 -9999 -9999 -9999 -9999 0.945889300624313 0.948442636450371 0.944972010515489 0.968920635962532 0.942996319054843 0.981712827469557 0.981020213567974 0.98662782593655 0.987045502469154 0.973650801480324 0.972999188938841 0.972591767530689 0.97149576992559 0.971165246533962 0.965607101758812 0.92450722383576 0.960945250859822 0.971314244312625 0.94681380327704 0.949149343000887 0.952478309500316 0.946450802404609 0.974021682137871 0.923874092114189 0.963930502670098 0.950675857307687 0.956720257137691 0.949932586812893 0.957801786819368 0.950661311974498 0.950298547629824 0.960284391270122 0.952085157598886 0.972820617323718 0.951746520959324 0.985237768982439 0.940352094048983 0.950560218466052 0.949477250655719
-9999 -9999 -9999 -9999 -9999 0.949604365363801 0.932624975535569 0.961055506162473 0.968676253801358 0.908560481072635 0.902602131771615 0.98698510220088 0.986605001952328 0.987019089239104 0.954662129332158 0.952547382268397 0.951699659693131 0.95766613410046 0.937460360179087 0.971161745461716 0.942430542136336 0.950379644462636 0.960070981606675 0.971091070300675 0.950496574827595 0.928228639310682 0.927716799294316 0.95709494519556 0.960487268901705 0.962732210979313 0.952701577266329 0.942843773345752 0.950242164356968 0.950117104111035 0.96724777785588 0.948734078806997 0.949918238333993 0.951893840615919 0.957731092928607 0.97258750302623 0.951843729132959 0.985263336432754 0.951790191174714 0.962709938321578 0.949201800554996
-9999 -9999 0.937247950160161 0.934930409513715 0.94706768419822 0.940725859709358 0.937253179097026 0.954913195606042 0.977303196387547 0.931722520674858 0.961249319723665 0.961730286614958 0.976161549682774 0.936341787358891 0.940288893504711 0.962556731141207 0.956927089240176 0.953970676014307 0.950771796405826 0.970633518285033 0.949811786312514 0.963520201307541 0.955941306791887 0.96530253525217 0.957557954076036 0.953493679951221 0.947763505485681 0.947795230145135 0.958797915864679 0.973201479399047 0.972277160592333 0.946815998738529 0.930683005445804 0.930729895000138 0.965756895381252 0.944579414334305 0.940599171698108 0.950320823454862 0.93504478256896 0.971111715811497 0.932070860335853 0.985009751319403 0.950034589832076 0.950274623377855 0.935716127869654
-9999 0.930514363052717 0.945515350480625 0.94832321086659 0.929429471395101 0.945325116370213 0.977243681175142 0.968110399261907 0.93948944367452 0.906720409350729 0.961353918222278 0.93298534123797 0.966018069898547 0.966333896917043 0.975417825970722 0.956578106559459 0.945930226918431 0.954983445534849 0.948725818123256 0.968356166251674 0.960256436838072 0.955510309012532 0.938962767362097 0.964605063899507 0.950897579734348 0.949674518687087 0.939851568874443 0.937115703036026 0.950688704177482 0.931287290516225 0.943535635952756 0.96100504985911 0.959283388065694 0.945910261355209 0.965267322142008 0.946515347230346 0.955037605208582 0.948211119887827 0.93228764176076 0.970571487467033 0.923756415908087 0.985010154773922 0.928912857757117 0.929251535724482 0.920071939576462
-9999 0.927842592945026 0.935097260227883 0.977917389905449 0.977913872424166 0.969261486492228 0.948590705526453 0.954882500192595 0.954625260984341 0.945196857113941 0.95189956695793 0.947865529782655 0.955245924398061 0.964048875504806 0.952908908147606 0.964927674044998 0.972715377662965 0.954725410454613 0.956420323655519 0.938333027375101 0.951497592934307 0.938189450998732 0.955915139971886 0.962993193346043 0.952084997859309 0.963441366495109 0.962123805518589 0.957825919833644 0.938474545451795 0.939628024493549 0.954470718733566 0.929090685047249 0.959895653083612 0.923170508289563 0.946676403126264 0.949313896938757 0.946004525380783 0.94413005525986 0.953124877631412 0.967088077503811 0.944430428141661 0.945683938445726 0.978556948582459 0.965558956664989 0.948187700794359
