Archive - glowpa-model-master/Model input/Uganda/survival/survivalcombined/survival_restime_1nov.asc
NCOLS 67 
NROWS 67 
XLLCORNER 29.500000001 
YLLCORNER -1.499999999 
CELLSIZE 0.0833333332985075 
NODATA_value -9999 
[rows 40 to 59 of 67, columns 0 to 44 of 67]
0.921021353423732 0.937260037521185 0.977671945915702 0.977922588679474 0.927466772488405 0.965262022701029 0.943501451892445 0.9517116650335 0.933258825380839 0.948866456086385 0.947797179470874 0.954961990815518 0.934177267951059 0.962475589374161 0.952996528545705 0.969719388915826 0.967507426885032 0.95797538230814 0.956898958744934 0.956693890791049 0.956099416029053 0.945656081303678 0.956087544196219 0.957592976230522 0.956859147929198 0.952045571004755 0.955213032710149 0.955597837986156 0.947660738223235 0.936972252558714 0.949631594916118 0.943853448045377 0.970909442005239 0.941762950034064 0.952703769694818 0.962319902220744 0.946095281475183 0.923334564242254 0.945028266487679 0.950875866081643 0.952675565003592 0.945512550608633 0.984847433686623 0.955806335943793 0.946009462312983
0.945231198285599 0.934439538286828 0.97770818563996 0.96195295132042 0.961726362483046 0.963535196859092 0.934496094549559 0.953246836547909 0.952861123243619 0.962993625024505 0.951100799421619 0.952010389718223 0.93523439697368 0.954458341891231 0.944220498154297 0.96729317581046 0.954210123698118 0.952964856697348 0.956719602149016 0.967376859699847 0.963242789684751 0.961355999013912 0.955703568874098 0.963142013287634 0.945188226340018 0.956450722587749 0.940966848802427 0.944226985781341 0.918809876556825 0.943972627879583 0.948801843678502 0.942252547767673 0.970140110322287 0.949291860870458 0.949566428042988 0.949158280770716 0.935192607998651 0.944530338485796 0.948481308276763 0.951944604735593 0.965605689044591 0.958259067989107 0.984861333521303 0.950531474540741 0.960152318384746
0.930538192550859 0.916038612559955 0.977530166704215 0.915830899960845 0.963378641547191 0.963309179178415 0.933167608970523 0.959572380494411 0.962056469891058 0.95144778205264 0.953354372933849 0.966924729427406 0.957755800347692 0.951447138375392 0.955717405262076 0.956042685486975 0.947604363185673 0.959734621959939 0.944941497765484 0.955068388596961 0.935254237025483 0.956876623524198 0.957871551017791 0.951453055437309 0.953573472723133 0.967209188579844 0.953553941043059 0.939422475284369 0.949800923966306 0.949930940101363 0.935781371086215 0.945521830583552 0.969655617687036 0.96519623596217 0.958291725893557 0.948693918855237 0.947037066616742 0.943818483783454 0.961943726113737 0.9446248873413 0.962350080524537 0.956407072677519 0.984931950382778 0.984809306606149 0.947946374934848
0.976866265458557 0.967937294383557 0.941681539808155 0.936567922962653 0.961396183868104 0.960166608247758 0.951515105313931 0.940988468630886 0.94757159969332 0.953206840381671 0.957122297831741 0.966557960695085 0.968077555225947 0.953727595532972 0.935200365932294 0.940597431402032 0.953544334710129 0.931515640837137 0.932462430249666 0.955011407769398 0.954217681476184 0.960384873203863 0.954836862821143 0.95311280654342 0.935056597125272 0.9539139035338 0.934020448373057 0.952169889276766 0.963865853358531 0.967342159448139 0.952933019433437 0.939481279739322 0.965043396794545 0.945237346460833 0.942890587461213 0.957350517053755 0.944606490261145 0.939609781177162 0.943523094186123 0.943536521701485 0.960277375676995 0.95222295882454 0.931807871503848 0.984538029694481 0.950504491517666
0.976979584864484 0.964005980328616 0.963380788356774 0.962605029661464 0.964288309564538 0.944082116084636 0.925356503546435 0.934546491497069 0.942262409362791 0.96456911891727 0.96367930359937 0.952033935037481 0.970014105280589 0.961769488426975 0.963172759124501 0.941307556649652 0.956052057809889 0.940140734863114 0.943354263180863 0.960819463156822 0.958316305714054 0.969652528498645 0.932939142853128 0.944110873726999 0.956364104633602 0.959029116035348 0.95514534222086 0.972102085925625 0.951588285241253 0.953890076033655 0.947653985263536 0.920010690520434 0.953596014377477 0.947054062123264 0.959735316092223 0.945796109493828 0.929722191722197 0.954624961496918 0.946452012721388 0.949880147755367 0.957716059438363 0.947613011291511 0.978272562139604 0.978154870837745 0.978050503391601
0.977020587843804 0.957052233852501 0.955725825293432 0.956885918799881 0.967587189237472 0.940984665656649 0.960798498815325 0.961465457254533 0.936506156515458 0.966850610311777 0.964858539519177 0.932067679153938 0.970293984914843 0.957715870667582 0.953591564980269 0.956196293651091 0.965733896699054 0.955106338349161 0.954417321884451 0.965776768352613 0.946501429884364 0.970320849802887 0.959512844122062 0.969962752912396 0.952008675546157 0.954838705145749 0.955132555858003 0.96060332653441 0.967081697692447 0.967143538778267 0.935821662967651 0.943105268450807 0.947353087845977 0.946668951139576 0.942151636630945 0.938244716285816 0.951188489870939 0.98466326904171 0.978363585867527 0.939086265106551 0.947092926620944 0.93842225747211 0.984534817394136 0.984438936335353 0.978056426308851
0.963199828089499 0.967435884886875 0.949073689460905 0.937721366620978 0.955573921102296 0.952022089734286 0.945013955809209 0.960855619225196 0.976751080952133 0.970851258040569 0.966617538221442 0.953156603987744 0.958597260025497 0.968826402103343 0.969413687313322 0.970452473918654 0.973447032559819 0.973703615078459 0.974899014993926 0.975973802417302 0.976044412699769 0.9783649266154 0.969749718609531 0.954253955521291 0.934133974345769 0.934698739660631 0.960902372885174 0.952177253696044 0.950898758933573 0.930992112013352 0.942557238477702 0.943210945847881 0.943020222252757 0.950749180778837 0.978837508048203 0.985019820098279 0.97844180583197 0.984714578067061 0.984598325668934 0.984649946381309 0.984683766999507 0.978423356013656 0.984536456899438 0.984505378944048 0.984480994208018
0.941306674167523 0.976619815100358 0.958512162339906 0.954860332837688 0.955930811929337 0.955463753349494 0.977178346504697 0.976810264457975 0.976949539078516 0.977002292494365 0.965813595041741 0.975563945492033 0.972432734887801 0.972226138527151 0.949707678761498 0.948286138322989 0.966274876636639 0.95650576637459 0.96925018096598 0.959356027419633 0.957039681676337 0.954235221751356 0.960544410271517 0.970154162392057 0.958536876436837 0.961174176719531 0.951363236863554 0.952563219853467 0.931439710791186 0.943915816028946 0.942148066601449 0.950414259138406 0.97888537055887 0.978829569500684 0.984909994640511 0.978767817779471 0.984727850872374 0.984695880863885 0.984634360175615 0.984718526586363 0.984717061393191 0.984696437541456 0.984470201199609 0.978097960135908 0.984483114690241
0.9524964187477 0.976506002787313 0.976635566891279 0.976912765507588 0.96832345893656 0.944598012435933 0.97661821906546 0.967149918379519 0.976712302100438 0.967584918817042 0.949466676730301 0.963142396991079 0.95072259542064 0.966525871861274 0.958136712686588 0.963908690323924 0.960483698999438 0.932191984820102 0.968952593193257 0.953168159007285 0.967759509835466 0.943583794811107 0.955799669073877 0.954945162411946 0.979399635452997 0.979758615799022 0.97976807778626 0.979810490351179 0.971752111312179 0.950908300137153 0.985113851885313 0.978876938358529 0.984946453148886 0.985037684942678 0.984989678024843 0.978722203231925 0.984608179423517 0.984601318775026 0.984599031718998 0.984618138910299 0.984606656128654 0.984584348466681 0.98443498923654 0.984412359156182 0.984486500871106
0.976318261582263 0.976020682357407 0.976111382955688 0.975936733890032 0.976023728486698 0.924359506866028 0.93298909969822 0.94584972889 0.966474461178267 0.976623068101015 0.940253832834807 0.950676912557139 0.948493453722585 0.948351286304328 0.967175722641648 0.961382365928296 0.94504326970358 0.939493997764817 0.967740292519389 0.966560329658724 0.952742466516839 0.951269567690201 0.934347723966258 0.934735291184972 0.954721977884626 0.947419761345696 0.945222900766887 0.924827836215877 0.984662330957968 0.98465600269701 0.978282251595629 0.984536669118796 0.984629684438735 0.984610319012802 0.984579487076573 0.98445857119072 0.984373539913759 0.984477055056163 0.984480056915253 0.984480525855467 0.984451390716725 0.984328788501224 0.977424083120122 0.98400620325282 0.983976703669569
0.966278013534032 0.975894771272754 0.975735433653425 0.975881686401075 0.97571335698809 0.928357777025474 0.967097703570372 0.976196867985043 0.976446680340215 0.942513666937835 0.95242573469276 0.949348588135718 0.962121897712763 0.947251663227838 0.966853169370065 0.959057569796581 0.943488202080457 0.951882323115518 0.949157988957646 0.966039925624648 0.952499450027821 0.964408911522652 0.952151787133205 0.931074979023982 0.96718474478488 0.940871396620155 0.960777652713931 0.939309104622556 0.978471341113817 0.98464327615152 0.9845132703986 0.984508128628389 0.984505813011494 0.98449647791382 0.984488524095235 0.978206649040077 0.984508761142052 0.978079693776753 0.984491824905915 0.984481563851862 0.98434456524864 0.977981730718397 0.984040986790506 0.977390539792504 0.983877572287857
0.975733113422198 0.965864996564234 0.97566328469251 0.97571577318367 0.97573121851408 0.977573637371545 0.938461469889565 0.951976137564764 0.943738241324957 0.943280183278533 0.948710611437705 0.939934092173937 0.949730231761897 0.927349984535843 0.965525345076057 0.938072006357528 0.938266884263495 0.942596824127399 0.935467967077445 0.961778436009709 0.952893351629591 0.958062280327337 0.933704079239187 0.951364352912869 0.966824048230416 0.913990493771404 0.956860279014991 0.940218456736381 0.984689073690776 0.978450557876883 0.984619226346697 0.984526370925105 0.984514759890916 0.9846052311039 0.984598577914289 0.98460329662447 0.984410282255429 0.984385138585467 0.984374720805619 0.978024177564279 0.9843432725547 0.984321367279295 0.984038167823866 0.984011570902468 0.977351242183104
0.975582703282054 0.975740271858284 0.965851325646065 0.965927374010589 0.975937348773529 0.942806540030176 0.925969617750453 0.965295799267091 0.933327702815061 0.943421123384243 0.934880211848339 0.915782998971775 0.949769268926241 0.940560365347497 0.958329967287215 0.936841152004827 0.943629988629563 0.918247388927154 0.94542138658882 0.953259432738335 0.953571515317615 0.952200081016574 0.950919838719479 0.960634663353549 0.964816167459483 0.932045745841875 0.949496805673523 0.917096728308722 0.946229693881704 0.931688487417391 0.97827144219617 0.978311104012417 0.978290451938176 0.984634572180812 0.984512821257856 0.984498513658284 0.978091608261571 0.98438752807147 0.984478200204884 0.984356071544706 0.984335347215536 0.984323022501139 0.977422293022097 0.98391063785979 0.977357983495883
0.965743097988831 0.975747520581986 0.965907365151117 0.966123569619791 0.976054424794276 0.912397276859188 0.913691870719472 0.96505269557158 0.963628101869513 0.95248526892051 0.958209385756509 0.956606815085382 0.927840982319501 0.935292218026407 0.943761139694488 0.943955212038871 0.920792146116735 0.946582912452051 0.94765780060988 0.948878893366951 0.93949551774696 0.924183863337791 0.931888686969549 0.946927329405803 0.958674472254281 0.945401693819232 0.941243770663978 0.943150885266217 0.954321559247691 0.960615305333192 0.984642623063324 0.984530948709431 0.984532669921671 0.984650293165221 0.984622912963625 0.984493073902843 0.978085936724477 0.984489299514749 0.98437463945493 0.984347368633529 0.97800047566075 0.984422295688427 0.984041532107796 0.97739769693354 0.983885427380421
0.975751467251047 0.965854277187821 0.97594046775554 0.96625215831957 0.920764150598287 0.932162256790164 0.946834694023926 0.940051948358564 0.950459644045877 0.956307955164485 0.94702202350357 0.960337747274557 0.950359140463258 0.947103837638112 0.947982943217448 0.935556978014783 0.946108415040273 0.953053270158662 0.936148970784717 0.966470149213952 0.958793721441553 0.954260456624982 0.950574891905934 0.931687012181918 0.950483970012237 0.939024737310326 0.929576779514812 0.984731137022563 0.978483006956912 0.984776078170269 0.984654726358886 0.984533640276012 0.978287675767053 0.97827796655404 0.984614923728557 0.978220910728154 0.984402599330887 0.984385512600582 0.978026701777296 0.984351898160322 0.984337017154571 0.977972545048928 0.984041651835891 0.983920709400462 0.977375079560395
0.975433647676092 0.975450413039526 0.970349185947391 0.907471623198092 0.947796793605213 0.945033939371883 0.929739271243412 0.950430280945649 0.951050125215227 0.965586545707118 0.932089375176666 0.962018877058662 0.95605963093632 0.927472350481163 0.947275109984804 0.9482641325188 0.941644010741113 0.960538608492651 0.944066725958059 0.96578619158787 0.939916893204632 0.947489874885278 0.939793799134828 0.943737581270013 0.919081765718119 0.924466766623998 0.921968706396104 0.977978951725658 0.984407085620557 0.977951488588311 0.977745081443938 0.984261945754299 0.984127322897898 0.984123469711557 0.9841121260495 0.977641828310225 0.983920965437771 0.977237041051447 0.983887566056441 0.983881735847715 0.977175688488793 0.983857536483175 0.976737144605701 0.976723297401146 0.983519666706363
0.975452414955358 0.975500904345696 0.970378319087566 0.969883445305105 0.941688751595204 0.946932827131733 0.949072655194057 0.947767909893379 0.937796188223014 0.966423967494356 0.950572211634092 0.971195535133478 0.971413990680414 0.971713573345294 0.971830220689383 0.960957967156974 0.973909443952826 0.96481332573768 0.97436735598521 0.964127200065192 0.974724675242468 0.933541071265838 0.964449856962913 0.926917030876034 0.935478518496058 0.925529225054015 0.984495981722988 0.984341405598966 0.984326009759233 0.984311654415261 0.984165536508858 0.984148700176565 0.977702955137538 0.977685623273547 0.984215401039037 0.98418981026152 0.977260758267815 0.983790518795902 0.983784340312665 0.983873627363119 0.983865660820585 0.983857982556255 0.983446938520636 0.976721313964348 0.976715291064913
0.934581813301045 0.967237601904397 0.953947748477226 0.970119027739834 0.945561997776652 0.949788400090736 0.94697745200669 0.961827672799243 0.945921371856841 0.967314523291536 0.957031394902438 0.949242130741813 0.947100180266206 0.949073619839884 0.95608699119092 0.958749305993926 0.973673974227431 0.973556896942234 0.974322392642225 0.974430234890429 0.974621182169351 0.964409046725653 0.974629127555528 0.942882982275245 0.956135085646918 0.91602924704156 0.984491464868399 0.984458749011134 0.977991728748537 0.977958827686604 0.984274712667791 0.977723902564401 0.984238286233097 0.984216780202041 0.977667653983593 0.977639543286863 0.983805976169215 0.983895943239571 0.983787508753305 0.983764376661393 0.977187935977445 0.983751176474191 0.983458037463411 0.983551668384539 0.976722906195309
0.910979712540452 0.967132465802741 0.951748986604758 0.970405339784496 0.944522272783745 0.928367618084866 0.964373088985387 0.962524501916406 0.949049955024614 0.956225282302999 0.955426306836905 0.948929185783246 0.946084298118674 0.92444892552996 0.944972159935545 0.947896989783473 0.96313953222216 0.97373278569911 0.94100503922894 0.915068282901951 0.936939554604722 0.939643399219521 0.964501334876003 0.892406930934466 0.958074407453506 0.958686044664115 0.984489737987959 0.98436729384746 0.977994196906907 0.98431857270576 0.977756777385614 0.98424948342374 0.977705884567289 0.977673171336967 0.977659140739516 0.984083561636607 0.9837986048579 0.983791613583638 0.977215671797375 0.983874775712263 0.983866261013161 0.98385679617641 0.976752182462304 0.983446418331726 0.983542080398149
0.940455012975099 0.967386015861311 0.94913612570388 0.930936145918545 0.958345467615643 0.966692818938171 0.964965429738067 0.949358426443338 0.947386631845307 0.929810600852014 0.951674466775685 0.945606895149996 0.953977427080507 0.944744678026229 0.944925196142518 0.952498039865177 0.95109690073874 0.943208911083043 0.944396270771218 0.927261958842668 0.953122363291596 0.942512279267648 0.912027316954216 0.974547914567766 0.974479557452949 0.974372785972025 0.97808685655953 0.984486914380584 0.978005935101196 0.984322202662715 0.984164347990224 0.984143647702723 0.984127555134151 0.984101949112171 0.984094165685436 0.977632310569572 0.983897814432758 0.983784724013888 0.983768733469594 0.983874419723638 0.98386066787951 0.983743250535907 0.983548720042496 0.976721607456845 0.976722950440653
