Archive - glowpa-model-master/Model input/Uganda/survival/survivalcombined/survival_restime_1jul.asc
NCOLS 67 
NROWS 67 
XLLCORNER 29.500000001 
YLLCORNER -1.499999999 
CELLSIZE 0.0833333332985075 
NODATA_value -9999 
[rows 40 to 59 of 67, columns 0 to 44 of 67]
0.918513338829881 0.935515586879038 0.974906213750568 0.975248002354478 0.923216769383369 0.960384140373036 0.936405617164484 0.944039472961442 0.925552512954229 0.946804047029166 0.944291535292876 0.951796882797571 0.928857709972816 0.959158445800766 0.949366548178524 0.964886759498104 0.960213612041268 0.9485625857052 0.947569840875673 0.947821600120872 0.947029625826523 0.934021527910076 0.946036522778432 0.931514417657778 0.933967257264258 0.941035267824083 0.945171390774318 0.950629116355663 0.941448706636697 0.934112079281698 0.948041345656969 0.941292033681089 0.969604898001334 0.932749255904782 0.944919881791467 0.958269186604507 0.944638651063058 0.923978212616769 0.945103080357311 0.951064183513836 0.952926661792843 0.945862343643231 0.986055555933965 0.956569397901413 0.946624539866073
0.94390019140492 0.932708801811305 0.974814626264662 0.95608285212084 0.955579329139233 0.957702439721783 0.925959848229122 0.945722776906828 0.948516817886548 0.959933506680842 0.94709561889761 0.946424020062814 0.929297158671053 0.95013543719439 0.936453302735809 0.960429690484825 0.946557865917775 0.940892578957647 0.946971314785987 0.959998349036993 0.954349861342693 0.952030595741348 0.944738796028835 0.942350019951391 0.917286298358059 0.937097529685878 0.925772398295512 0.941529749864399 0.916684379656535 0.941038041815955 0.947324276049882 0.940219568924025 0.968744464346911 0.938914274687799 0.940364537097126 0.940385981005867 0.929700014723704 0.94492877051024 0.948480332506805 0.952455840188797 0.965734276022774 0.957852633648416 0.986076283618131 0.950572298551472 0.960445750182749
0.928911772989902 0.914383233814312 0.974546339342887 0.909840181526761 0.956770559477581 0.955857891548608 0.922550318860589 0.953203004734806 0.956734863551078 0.945756201631165 0.948091448575598 0.964118986760687 0.952608857621373 0.944814443517337 0.946035487727914 0.94469900034463 0.933688492264527 0.949342921116122 0.928884136893343 0.943250464092134 0.919107997008755 0.925458151117904 0.926930455205117 0.924765280867039 0.925619979594008 0.954737843280616 0.943792800496044 0.926424431880792 0.932137158430942 0.910474771752115 0.932168898475194 0.944992542530564 0.968460878301449 0.962932780114488 0.952202444546384 0.939007754104387 0.941751062953187 0.944320891661247 0.961804572363892 0.945135992030224 0.962656049688131 0.955842673475885 0.986123019821559 0.98602863197856 0.947307336921325
0.973680429345777 0.963793403140133 0.940356762998555 0.932100960131963 0.950536049590621 0.946281466363042 0.942479759391266 0.930733683624571 0.940306482348411 0.948802900148554 0.953223773536997 0.963814492712215 0.964577158066082 0.934849134399689 0.909010824775091 0.901730208857523 0.941154446037504 0.906540551372121 0.915696047154732 0.929691231821352 0.929858431807335 0.936731890566271 0.931172966275653 0.925191129158755 0.893728992584563 0.936328201054702 0.896052246504007 0.92409976858194 0.952103003692052 0.957470509723578 0.938971889656675 0.939159824719147 0.964387332010406 0.944844083025345 0.940496172749467 0.955250775494113 0.944201211297984 0.938929480218459 0.944259250832375 0.944292013805912 0.960789475698014 0.952015716168851 0.932566019800342 0.985729937871632 0.9476873093278
0.973772822776685 0.961434283488745 0.960346757919155 0.958704902883007 0.941384987188516 0.917565322622988 0.90954149584233 0.924005391797184 0.930399782175822 0.960234104876472 0.958071415001802 0.939023121995751 0.965276145336834 0.947521008973886 0.938799220685288 0.899855687859276 0.924633543848587 0.900144850125909 0.916348896301029 0.940737864167475 0.936246915081886 0.953803726881113 0.894000098838382 0.916458647325084 0.938718842799143 0.935898066738479 0.928790615146605 0.962136740984667 0.933193724354216 0.94012299319073 0.939511964944472 0.919450026132779 0.953380073685616 0.945719250976492 0.95838133084366 0.944804577216917 0.92711592700519 0.953766936073596 0.946209138362001 0.950181615535312 0.958180603223116 0.947598736539711 0.979899962013825 0.979851712274848 0.979759110051322
0.973622654647457 0.953635593810245 0.95151412837701 0.95177216616391 0.947750570619992 0.925354441272272 0.949534459553844 0.951606315984046 0.924087661296182 0.962000139685264 0.958789818665153 0.901327291299342 0.965352383244946 0.925296963429691 0.924309639627298 0.923684801769003 0.944267491689434 0.921899567123107 0.926732286196911 0.949618163670626 0.920517247412321 0.955091996179513 0.94294526029709 0.957824913679452 0.929615739879776 0.926922983032048 0.934230443447935 0.94666729096313 0.957135119168182 0.957220916859973 0.935669998846364 0.943057243624626 0.947236947597674 0.946392140600138 0.941781760597847 0.935085997841759 0.948814498623293 0.985432683522052 0.979478347482826 0.939487411054538 0.947817356247828 0.939204926945384 0.985733350308718 0.985636160977371 0.979739651611774
0.962244414422389 0.962375116982178 0.946168170831914 0.930099641210127 0.937882585158304 0.94600597512395 0.935353512110052 0.950944114250523 0.970927485370564 0.965970935312342 0.959650064720486 0.931832909456079 0.951422015389144 0.949198361961003 0.949901406665836 0.951817686083751 0.960130276828304 0.960437190326049 0.962602515605141 0.964524576455445 0.964516935914443 0.968295597388035 0.955732208483425 0.931229143221614 0.911285486464215 0.913446031211716 0.947432260879446 0.920402348391375 0.929468619007929 0.93047302676745 0.942604247070099 0.943259623004354 0.942846439698142 0.950547643053256 0.979298112705258 0.985363703064274 0.979484365784215 0.985455407592743 0.985435339387701 0.985455185502228 0.985486554475074 0.979474061473137 0.985719008583528 0.985675618455098 0.985655687684735
0.939945008391559 0.97240394562218 0.955262223308884 0.951086532702693 0.950956490871525 0.944171243620162 0.971413881844148 0.971033290774603 0.971144186408154 0.971221903710174 0.959300087883713 0.970915253414239 0.966612383682319 0.966566409009749 0.931837241182453 0.932939650607371 0.954548330187229 0.931007359598278 0.953992352039399 0.936901163351534 0.934298732929696 0.934183426803322 0.943821849337434 0.956525334528077 0.944922079397909 0.947958734154707 0.9233525154771 0.914985581637976 0.900447500687294 0.942965532000765 0.941912647541409 0.950396896775743 0.979309973986519 0.979277170721215 0.985243889573193 0.97924785881408 0.985461173137447 0.98543149709582 0.985373749225526 0.985451194608766 0.98549456556055 0.985502706752163 0.985642268502987 0.979739626253501 0.985657467478689
0.951304786419959 0.97222128300068 0.972167074270029 0.972446053880553 0.960897847425014 0.93508435660714 0.970785477311262 0.95905277947362 0.970944764345606 0.959462428274863 0.937187535624763 0.948444101729111 0.928170618238524 0.956797197855641 0.951008666528964 0.95744043513736 0.949112297035038 0.886438896380954 0.953695564895982 0.925943600508228 0.949570176585624 0.911630636427836 0.933134866606082 0.925389176635374 0.970552766066943 0.971874977632045 0.971943144013749 0.972059673916976 0.9613712903047 0.949723408053215 0.985371147309917 0.9793063551533 0.985250221664758 0.985347055499328 0.985270940642247 0.979118586776275 0.985336628896492 0.985325801203995 0.985320007659333 0.985365897987361 0.985327315810197 0.985333149471859 0.98558569757688 0.985582029663684 0.985657783159002
0.971838135887715 0.971531052417279 0.971659263087941 0.971483560046674 0.971564937293029 0.915418094569532 0.917876720792726 0.917052869726128 0.958491461651825 0.970924934209717 0.915421439409036 0.927695472792425 0.933373501621678 0.935003892205213 0.962026853154986 0.95529104041293 0.934403072832145 0.922995082814362 0.952088892042081 0.951221890878932 0.924826933551883 0.923444494713521 0.887703164467005 0.892515150980132 0.937473751143123 0.946637461879831 0.94399995008416 0.923450772196937 0.984830803995175 0.984838335127604 0.978828248614184 0.984933539411291 0.985022244406148 0.984965920775382 0.984921471609142 0.984798471518283 0.985060611070135 0.985157062712061 0.98521902563491 0.985252647588263 0.985184220882036 0.98507647962001 0.979181546602217 0.985284548195171 0.985262825056922
0.959994550425934 0.971453297009977 0.971257458199711 0.971448713882282 0.971208907506379 0.896286635319193 0.959297958647448 0.970442207812632 0.970758472038288 0.926661936405589 0.927710769476199 0.929426388745611 0.951479382444409 0.935292488371912 0.961678584007455 0.952786178108503 0.932409022439909 0.941126438450321 0.898581018212389 0.950266764172003 0.918389842108895 0.944322723449407 0.912816366102411 0.893829628818205 0.953864763617004 0.939943154811556 0.959802184195476 0.937859796959873 0.978700979635614 0.984823155162183 0.984894535833168 0.984900156119784 0.984892245992774 0.984850012217818 0.984821040475046 0.978656838553258 0.985164188580329 0.979038587094095 0.985251956968466 0.985239924649624 0.985076677165193 0.979021733243247 0.985289824784357 0.979189903173076 0.985169867641021
0.971212724105731 0.959619969074539 0.971201830172917 0.971256103935908 0.971273726161124 0.972216813120785 0.91037861855417 0.940882575900055 0.925552195354112 0.918760887718528 0.919480796866315 0.917338543899287 0.939362488361343 0.914324384603621 0.96017133568334 0.924820272188832 0.929516538084059 0.933668147307701 0.913225717384113 0.941178173407153 0.922713453618501 0.932671993747663 0.89494387472797 0.927136482068425 0.952245698560086 0.910467312261925 0.95575546749049 0.938903868891583 0.984845285717073 0.978710446620565 0.985010509902518 0.984921259424639 0.984899352148451 0.984980256731902 0.984961645875262 0.984939552290156 0.985091440195489 0.985087791131082 0.985081390561718 0.979030713345091 0.985077308087677 0.985077585919599 0.985295273904361 0.985280135129377 0.979166238097789
0.971125590970509 0.971302409445326 0.959663736890287 0.959747767780028 0.971444074651885 0.931376270765129 0.893509613902946 0.957790191695994 0.902069201746687 0.891756281619431 0.901651067692943 0.875192223964932 0.939595911926128 0.929945706176305 0.951301436057689 0.928347398436799 0.934375625666034 0.906896103185431 0.92989326851153 0.930784638177382 0.922908505513168 0.922705372293776 0.919032104687452 0.937081732624388 0.945861323537247 0.917325948496659 0.94805371451753 0.91510237946226 0.94539636237551 0.926659182271907 0.978820377337597 0.978858202070792 0.978856143382374 0.985045459154153 0.984910771417977 0.98487520738591 0.979089033295888 0.98510198683504 0.985188472858066 0.985088233266768 0.985086511668002 0.985086811074631 0.979194406191878 0.985182727467453 0.979177796005216
0.959494208497846 0.971313915681837 0.959732712585538 0.95987978837273 0.971539893498573 0.901564115447684 0.898748861260661 0.957614881299178 0.955805694502458 0.93718966153718 0.928323785691013 0.938066547816661 0.914301682559388 0.92404371550411 0.933738919796373 0.93632621940696 0.910055029473986 0.935927460743567 0.933568399122839 0.933811792074096 0.906653723880139 0.889248958941037 0.890185042966694 0.906610662346103 0.937248126916935 0.929054815975495 0.939727214780942 0.942307083989752 0.953960725549938 0.958876098159205 0.985020329090753 0.984925504614782 0.984947938730867 0.985078764758247 0.985039974340989 0.984930212860189 0.979166670978727 0.98520129237009 0.985096388774101 0.98509466108406 0.979058153001546 0.985196540616372 0.985296232454594 0.979200349711974 0.985192298487313
0.971289945871385 0.959649747957104 0.971524978197787 0.959964827822688 0.911742715446231 0.920973997946191 0.937298850892919 0.929071106939736 0.935328305283411 0.939341176163412 0.9226969045206 0.945599190420384 0.938430425237678 0.937576614971669 0.93647760552843 0.922301894522064 0.934245812380822 0.943957191129291 0.920230995847645 0.956445220968126 0.945391519157899 0.940755700472595 0.931969710659677 0.888832256171804 0.927298154831095 0.920234956872802 0.929734898209318 0.984932176696758 0.978735498672689 0.984919279966585 0.985014743648906 0.984925419669415 0.978878065677921 0.978873600101705 0.985022000831159 0.978828755727885 0.98516582391442 0.98512802583426 0.979071509182767 0.985103163185177 0.985106980428988 0.979066564995975 0.985307802882705 0.98520951199428 0.979196207715843
0.971005311742329 0.971016562005593 0.967170273781097 0.899140883721425 0.941732512191146 0.935777151435278 0.918848647418236 0.94249796279923 0.943368795084425 0.954142850096485 0.915296144959044 0.950144272956245 0.946269152709116 0.909046477092972 0.933399822904162 0.937731142388602 0.930907505421607 0.953119418885403 0.932089095450477 0.956020208523071 0.921785495036146 0.932794885379144 0.91615150063847 0.92472068906696 0.897032333635851 0.919036625232746 0.922050079166002 0.978432139636741 0.984679805975326 0.978336200544483 0.97822212731657 0.984617006644417 0.984514353169926 0.984522158460122 0.984497426858509 0.978207081639825 0.984608297762638 0.978227488380399 0.984587353470328 0.984582320446937 0.978201690876963 0.984580465900087 0.978378948205722 0.978369964201516 0.984699871254393
0.970978517494931 0.970993582593127 0.967195717538706 0.966858077591928 0.932928952964413 0.940661730241639 0.944691908858675 0.943956463633024 0.930715635763024 0.957132677191764 0.938424712199565 0.965728894515752 0.965931101089879 0.966238124391152 0.966353984858397 0.953710652932061 0.968979573846402 0.958768276155075 0.96889600888605 0.956536643867963 0.969406867833701 0.920509764346083 0.957028191296694 0.915939337072184 0.934912028232143 0.915630590994247 0.984851975416543 0.984648266540147 0.984585086320328 0.984580786501597 0.984513012124371 0.984502466347603 0.978237397725861 0.978244196468221 0.984609282849487 0.984593950620803 0.978234413800212 0.984507088600671 0.98448541082157 0.984590688976089 0.984581293186587 0.984581626268341 0.984625891264916 0.978382673138803 0.978383907399479
0.931993334240551 0.95743348525777 0.937607060086817 0.96713407725369 0.935782258901478 0.943718772110935 0.943710503558601 0.958933985107268 0.942286490769671 0.95945221621335 0.949525608661107 0.940363678913373 0.936013148518243 0.938003119472732 0.948318663056761 0.952157923821907 0.96881436840209 0.968847964727594 0.96894010104923 0.96892727334836 0.969194170478207 0.956813538354311 0.969360876441809 0.942782557751885 0.953225166439281 0.917795989306305 0.984847674907507 0.98470768740677 0.978342297201602 0.978348760165777 0.984612284938633 0.97823873840567 0.984610533950444 0.984616158420231 0.978222078661697 0.9782115535955 0.984513285851106 0.984614014202315 0.984492521035999 0.984496912887373 0.978198662687895 0.984490312922235 0.984629100958545 0.98472381258203 0.978392132644775
0.893443103746703 0.956415520289919 0.918595101853694 0.967391542790807 0.934692887728219 0.918659287062878 0.961878123932815 0.959793373288989 0.944367115231813 0.948440215842236 0.950113725909214 0.94080164958368 0.933555178243129 0.908410249514773 0.9337662021058 0.938679135781488 0.956233413302242 0.968858494407136 0.936259879363544 0.90069792844599 0.928913699784116 0.932469056773923 0.95738723782812 0.902342419996318 0.956400065883712 0.957519674185239 0.984804837318201 0.984597982438636 0.97834388552364 0.984591106899661 0.978237285438895 0.984618037343982 0.978232990972788 0.978240905908482 0.978216297727732 0.984489929707898 0.984516456804518 0.984512847865905 0.978221251865921 0.984593803095521 0.984593555386344 0.984593070265501 0.978401758760869 0.984631896624709 0.984726006505415
0.921428382000247 0.956410908446417 0.902049457815353 0.871253034772556 0.954442239025451 0.963824660043387 0.96234382363196 0.93567396092126 0.943385932661712 0.924046243231443 0.945953553385302 0.934793982465402 0.945566777967297 0.930769836711467 0.936648773180574 0.947684706567222 0.945251820328727 0.934283391407856 0.934335030321519 0.916277344545616 0.947149424236921 0.93529228704845 0.911697854656864 0.969632271552839 0.970319317731757 0.9702507906384 0.978558100297862 0.984730119650926 0.978363173294849 0.984595099675945 0.984518355469359 0.984520650099406 0.984510167309116 0.984510074978016 0.98449562635917 0.97820106878912 0.984622661538682 0.984505302483725 0.984501673488373 0.984590669454935 0.984588024233137 0.984486734455598 0.984724044197767 0.978397836312976 0.978400511342998
