Archive - glowpa-model-master/Model input/Uganda/survival/survivalcombined/survival_restime_1may.asc
NCOLS 67 
NROWS 67 
XLLCORNER 29.500000001 
YLLCORNER -1.499999999 
CELLSIZE 0.0833333332985075 
NODATA_value -9999 
[rows 40 to 59 of 67, columns 0 to 44 of 67]
0.915608597488366 0.933088295250937 0.975273674365425 0.9755443835132 0.921394764106306 0.961100951246904 0.937885345371583 0.946059452942763 0.926438144930141 0.945665157616617 0.94381897601925 0.951323722574524 0.929205483409419 0.959145349239094 0.949385647474851 0.965945050300673 0.96261485539774 0.951722662051794 0.951203351597062 0.951059141607723 0.94991888437205 0.937475855072459 0.949017661586768 0.947304168016079 0.948060731798604 0.94550583746232 0.949606239336336 0.952022034480925 0.943739835671727 0.933752923155547 0.94695811136755 0.940963550479576 0.969027746586266 0.93793576034532 0.949703838230623 0.959975621706127 0.943866722874261 0.920154322310099 0.942827330995414 0.948451592571889 0.95034649112586 0.943144944998026 0.984943205359416 0.953915126053229 0.943357087481798
0.941614646818881 0.929685713733293 0.97523826857852 0.957150719540463 0.956855721592439 0.958990045194551 0.927774678773139 0.948291144856608 0.94869545866344 0.959626517513327 0.946596382940888 0.947029909190593 0.929853962646489 0.950173616965175 0.93758873836386 0.962695164072706 0.948836247244729 0.945295486023814 0.950253379351547 0.962466600667848 0.957518206176359 0.955411314306626 0.948614566603054 0.954544121161398 0.934660373176648 0.949112105090266 0.933262384962208 0.94087886700003 0.914995042728399 0.940803381759825 0.94589184898872 0.938598249057722 0.968166658113739 0.945762701331716 0.945730921919541 0.945307735355046 0.931687859284487 0.942228123718649 0.945987140988855 0.949879985096648 0.963910064714827 0.956283934444516 0.984982941457491 0.948465418977261 0.95813287937039
0.926712607564055 0.910829371190008 0.975051059593899 0.908021785546049 0.958714207134935 0.958564916339346 0.926521226125304 0.95512077886593 0.957745489918017 0.946277180502879 0.948454563664277 0.963741816603485 0.953288679936633 0.945888383507297 0.948599746157622 0.949191499512714 0.939336694748211 0.953471665200291 0.93493986384839 0.947878923514344 0.925192945135504 0.946604793317328 0.948210156733158 0.940816953919379 0.944426641377157 0.961742033051969 0.947869723291757 0.933223516785148 0.94341106108496 0.943409424409503 0.931404987758893 0.942854325623621 0.967696044566052 0.962934541613644 0.955241333585625 0.945061309827635 0.944209365112084 0.941493716340077 0.960078175399201 0.942472052568659 0.960569283451632 0.954292697829015 0.985023486980428 0.984934643543089 0.945154803143421
0.975062730744384 0.965340050116617 0.938805573616156 0.932026752902238 0.956751056827956 0.955347536524453 0.948568634536227 0.935914802620906 0.942838492531791 0.949788278271912 0.953909393677823 0.964177571780277 0.965717544103397 0.944137020385327 0.922541360337327 0.928217859865582 0.947684770940496 0.918839115299697 0.92420517686436 0.948862765585753 0.948250423592612 0.953830714530586 0.947237759627532 0.945329199390608 0.923594402440197 0.947726355157585 0.924525129158204 0.946077510078719 0.960445596142448 0.966146251782481 0.950773120800128 0.938627455941812 0.964419108660677 0.944356602273793 0.941789881795053 0.956479792602161 0.944284765771067 0.939326401016684 0.943399388424849 0.943547032266676 0.960180621816956 0.951947237570166 0.93182835826877 0.985250502340178 0.948549506873308
0.975192515240418 0.961265264278538 0.960286155061769 0.95935031781291 0.95918757931874 0.939829425561401 0.919965768608898 0.928292504846076 0.936295753513774 0.961519728713767 0.959843590365837 0.944999675091089 0.966984129362699 0.954615550966019 0.955018668733603 0.927572392637661 0.948524713335797 0.929164063982254 0.932969786281572 0.955909241405139 0.953518361037236 0.964777275732311 0.922689794535605 0.934960513049541 0.950794168131213 0.953908557517756 0.949798855988299 0.970118673756753 0.947014709925243 0.952232031338802 0.945580768488882 0.918165163376441 0.952888339997101 0.946316365811385 0.959184371358133 0.944754589821919 0.929405881804306 0.954315727039075 0.946075802452223 0.949670747307447 0.957642578493847 0.94735211402023 0.979237315586531 0.979185088516482 0.979118230696855
0.975141099253261 0.953785957988455 0.952065327780063 0.953227389992172 0.963424444218711 0.937410808935319 0.958397592230284 0.958658715160703 0.930026646689538 0.963737667818484 0.960979456534403 0.919656025206614 0.967187416601123 0.94739733034149 0.943861194186816 0.947722639350958 0.960090156291982 0.947349165261768 0.949067796783927 0.961180214790731 0.940143567210769 0.965771912585232 0.954623641357094 0.966401926550247 0.948693294572289 0.949442301774855 0.950908893957531 0.957883729145108 0.965812693867913 0.965925927567456 0.934507579396978 0.941990213974408 0.946591496273984 0.945854434812625 0.941181582422214 0.937613650505154 0.951314650219809 0.985317420907416 0.979395040049235 0.938732483964968 0.947263256718048 0.938776075809682 0.985262716313274 0.985160122510923 0.979057680828419
0.961202763358077 0.964630203360061 0.945503230515728 0.932586388174113 0.950710639887672 0.948752089654234 0.941732688396595 0.95816437429231 0.974277214136832 0.967776843466202 0.962528269215727 0.944525087209419 0.9541338915135 0.962365472935309 0.963398939362817 0.964896718945425 0.969253345696951 0.969557729171709 0.971915427310082 0.973150683028085 0.97326193061636 0.975936700010971 0.966382047650535 0.948514477842003 0.933153969355106 0.934208513129738 0.958439955620521 0.948481625663111 0.946999920607255 0.929427890058052 0.941606667373489 0.942260373236343 0.941944408500627 0.949935084678411 0.979515217996193 0.985486469019255 0.979396735637591 0.98540553060233 0.985370295598837 0.985385110528151 0.985409303270336 0.979381207213183 0.985254088085255 0.985202345170602 0.985188920882825
0.938775106498595 0.974542615066006 0.955151491368883 0.951391401620137 0.952681795072142 0.950819835219035 0.974739425770775 0.97441102899081 0.974452595024935 0.974562962550933 0.962098119658959 0.972879280189296 0.969827688815608 0.969641713986786 0.942780816235988 0.942006551186969 0.962536066663083 0.949047674093815 0.967310981089185 0.956416464017542 0.955303507519481 0.949347223743407 0.957753855657498 0.966962458943336 0.958463318691793 0.958887814293642 0.950485296726351 0.950312574795376 0.929928423722671 0.942681624402441 0.941278594159987 0.949840786113823 0.979593948352107 0.979498557139757 0.985413033938571 0.979457191479631 0.985420308631916 0.985388886718198 0.985332429527765 0.985404476741125 0.985447652908166 0.985459677525111 0.985173040962726 0.97908203132118 0.985184300962418
0.950139853892897 0.97447522358031 0.974544603213045 0.974761336306742 0.965078271029917 0.937904235380083 0.974189763739962 0.963793529533931 0.974339145321097 0.964167059703041 0.944381768599918 0.958463485015231 0.942463412537979 0.962592809531982 0.954821457588663 0.961258349362694 0.957431663510714 0.925507499298685 0.967061050573312 0.949440235795929 0.966775417003447 0.939830510495726 0.952824008806755 0.951792686015781 0.977385520732709 0.97821396645962 0.978263452007251 0.978344350505606 0.969775762723674 0.949975312245334 0.985544432753296 0.979560416508426 0.985444127758337 0.985509758147754 0.985452945806329 0.979378839089949 0.985292008471994 0.985293704438087 0.985288345629501 0.985317409567669 0.985282254152079 0.985283513640731 0.9851175589043 0.985106451800597 0.985182823127133
0.974678032250152 0.974434429560862 0.974465289727285 0.974311044577709 0.974405737185892 0.919571778706462 0.929097557095525 0.939937452558735 0.96393693333784 0.974782710149072 0.934026218905163 0.945568027823406 0.944110022676489 0.94419518871571 0.965550917131041 0.960037372458883 0.942711451393127 0.937193540487451 0.966837933565196 0.965753045789645 0.951347282937514 0.951708446451296 0.932801914628437 0.934382599408813 0.95889732302275 0.948727942550052 0.947323153128321 0.926839688075066 0.985627604833429 0.985661256004268 0.979698312665603 0.985553655156368 0.985633190560844 0.98558984202729 0.985552191098871 0.985442885916216 0.985298831422888 0.985399041709363 0.985419073616772 0.985444922882718 0.985377786559308 0.985280393363966 0.979160674322554 0.985246546278921 0.985219512731193
0.963904572687729 0.97429603582748 0.974131603315166 0.974276106558791 0.974061134277384 0.918083056598466 0.96447475226116 0.974324630025935 0.974603826331677 0.937821450967974 0.946791341043292 0.943472675561258 0.958785734220789 0.943578236134783 0.965246991056824 0.957630863540866 0.940715552115609 0.950008892710838 0.945058690558822 0.965254313184091 0.951093580602002 0.964967793410002 0.952526785809942 0.934017110015448 0.970273287934056 0.941934228967056 0.962252591084039 0.94107041191888 0.979805515987548 0.985650802757047 0.985534826940366 0.985529344923813 0.985510892286348 0.985490717670664 0.985462714104046 0.97955925862708 0.985411366372744 0.979358189168136 0.985446813832732 0.985445482938457 0.985294099360335 0.979340711781257 0.985265903633392 0.979130461862917 0.985124554406684
0.97403704609044 0.96362005144082 0.974086627530358 0.974139714152822 0.974119173175694 0.975171195512913 0.930386791865299 0.946385431064959 0.937943769706823 0.934974972353467 0.938749191939497 0.932405351114378 0.946326384079723 0.923420457411233 0.96391743660235 0.933995734099607 0.93652871102171 0.940826629525697 0.932854753997036 0.961126560261164 0.952630526726471 0.959192431022784 0.93566282711855 0.954588811735355 0.969976755388267 0.916365531954779 0.958939411234934 0.942878340930849 0.985649330319016 0.97986648415863 0.985638716464799 0.985551542112087 0.985528969613107 0.985604174470377 0.985587139494403 0.98557061209334 0.98532293502151 0.985317365161611 0.985312058331254 0.979346190056639 0.985298504994949 0.985300909534688 0.985268074076136 0.985247513869869 0.979105863107522
0.973990114221598 0.974155621280232 0.963656685384497 0.963730581781439 0.974213329567764 0.936248415616811 0.915051042689273 0.961272710334712 0.922767615446399 0.924627994851425 0.923810761138725 0.895635447379964 0.94670067457463 0.937221342301969 0.956035555028841 0.93477552844872 0.94179560710514 0.916649551557313 0.94390211507854 0.952364414619808 0.954366314995168 0.953668566547681 0.953480945299537 0.963771953468333 0.968519711639401 0.93820603512808 0.952014477141919 0.922933067275908 0.949603084145739 0.937127486801885 0.97967753728744 0.979720491447432 0.979711911341015 0.985644331161432 0.985525255529013 0.985503106673537 0.979419014775011 0.985335844181262 0.985413690161202 0.98530646037302 0.985307657636697 0.985306194652076 0.979173236144997 0.985155468820388 0.979107577560628
0.963508529136273 0.974158756812372 0.963708292855684 0.96376533027879 0.974276435285017 0.90597930642233 0.906133783192358 0.961108160254771 0.959426828188366 0.945490407670025 0.951794204621152 0.952249245181357 0.923055911504824 0.931084601787611 0.940731765117453 0.941742387343399 0.918474709080798 0.945015266067058 0.945990563384377 0.948554618060705 0.941217449934674 0.930571688566662 0.936446262669371 0.954136354928053 0.964269626190483 0.951547306066603 0.944868149367043 0.947059371518892 0.956525784928505 0.963512456604214 0.985636006965176 0.985547429027881 0.985555972728815 0.985665175342456 0.985639034380125 0.985532410989128 0.979452431552138 0.985436922648155 0.985327317028971 0.985319511335747 0.979368988568889 0.985399706903994 0.985277141504035 0.979156053075579 0.985143384265627
0.974168810713014 0.963642735263524 0.974301023786118 0.963857761031046 0.915345934573732 0.92475492482781 0.941467021174139 0.933902661379244 0.942762220967164 0.949678703370224 0.940405438565744 0.956462132523451 0.946478915268488 0.94335943570108 0.943774647313535 0.931340910223455 0.943242285289269 0.951601060400634 0.934354852020344 0.968034049485782 0.962141393156415 0.958159650148683 0.95471840291357 0.938767802724702 0.958423340181156 0.950902747971995 0.936411741589753 0.985699864631519 0.979901649917108 0.985754769201675 0.985642174593177 0.985552495986396 0.979736334416264 0.979719385933589 0.985631622426031 0.979679226031558 0.985377190783025 0.985348112120715 0.97939671963138 0.985324310153688 0.985312459567728 0.979359855287052 0.985281750486063 0.985166337670654 0.979131032417437
0.974333240851361 0.974285834862918 0.9686109081982 0.903625500080324 0.94373805043603 0.940015899795786 0.923877536240917 0.946077826069333 0.947036822462673 0.962106659094049 0.92643649153625 0.958795036414895 0.952874329232999 0.920191530457953 0.943799399052826 0.946524163598908 0.939828935796686 0.960271126003716 0.945442854661634 0.968096859181031 0.947402657082268 0.956378758588637 0.951444948816473 0.951858166643235 0.930495118931329 0.941504824928141 0.928766556982536 0.979945558826302 0.98579332545299 0.979942065808657 0.979862314484952 0.985771525862278 0.985665120522314 0.985665882437007 0.985655473450399 0.979826232853225 0.985676435681675 0.979722163486356 0.98564955956923 0.985630925600835 0.979677243495997 0.98561923264782 0.979419592241587 0.9793991377122 0.985419741113185
0.974286492892105 0.974269201448032 0.968699551062115 0.968204521004272 0.937769375224742 0.942724003953402 0.946786480699995 0.945729153099355 0.933987689455275 0.963329918839309 0.945548275090732 0.969141301152774 0.969956767322385 0.970299896605796 0.970456310155797 0.959281354806212 0.973257973175701 0.964468953545524 0.974709844811202 0.964590684465852 0.975280263098553 0.94336240382935 0.965651598417914 0.935774833475663 0.940051253630533 0.937333634213856 0.9859664916805 0.985771655809875 0.98576123813359 0.985763158829077 0.985690660518813 0.985686463739672 0.979864448585531 0.979851555757698 0.985753392135266 0.985734596674965 0.979740601227478 0.985579536770929 0.985564374198123 0.985643880553624 0.985636638084906 0.985625527102382 0.985352419111475 0.979414532973075 0.979394224912178
0.932926676061449 0.964663541775721 0.948666175323715 0.968443757637309 0.94087544668548 0.946041950480844 0.945406155851325 0.960339846570955 0.94399744603505 0.964554630932663 0.95402667835576 0.944639168751332 0.943934531517997 0.946441374359101 0.95495742529124 0.957867279663846 0.972955932782081 0.972846784215213 0.974755187081592 0.974807776268454 0.975149188356295 0.965503010579052 0.975507914361111 0.945940078808341 0.962007038968458 0.923888474641527 0.985997928456939 0.985883885734148 0.98005361410447 0.980026857790844 0.985810600136918 0.97989573777818 0.985779155340109 0.985765251969934 0.979844105337091 0.979819950135992 0.98559041482345 0.985682405546984 0.985568081302124 0.985561897563125 0.979684519698142 0.985532300724449 0.985367898232852 0.985455606801821 0.979408415093679
0.904475833266175 0.964439935454266 0.944272189277429 0.96868424159785 0.938829710381991 0.922303104559681 0.963005055737353 0.961096981400848 0.946795384875418 0.953214497871679 0.952922601514822 0.94488686233844 0.943143331955018 0.922419607146805 0.943664119391136 0.947817859241591 0.962140114037678 0.973009892020496 0.942242440929357 0.921381619192967 0.943368629196684 0.948044913155309 0.965810200290406 0.90606349636284 0.963265786782452 0.963783336529264 0.98597421305196 0.985864407131703 0.980100786299975 0.985810125731945 0.979961192552517 0.985809942623643 0.979892919713827 0.979877501101143 0.9798498770938 0.985653932509539 0.985596582627094 0.985590104340207 0.979724225123808 0.985666720889777 0.985651050282177 0.985637624340884 0.979456962432433 0.985365951243719 0.985450565886944
0.934582447272381 0.964619127094198 0.939674233219395 0.920216778602874 0.956135389465157 0.964583882736016 0.963527012266617 0.944852241461097 0.94508946963682 0.926581889765364 0.948109759480331 0.940248903298016 0.952036406515282 0.942203920998188 0.945039450944528 0.953073221106604 0.951853107182941 0.943626896742107 0.945907597862135 0.931141558431866 0.957705675158051 0.950470662788459 0.916646399593498 0.975514369777701 0.976000454777951 0.975886145536117 0.980148102108261 0.985998029037375 0.980128314422455 0.985833689691644 0.985748441549677 0.985722643255725 0.985698597964876 0.985678421817989 0.985666781701219 0.979842475484002 0.985694994712125 0.985586783550511 0.9855759645494 0.98565888064664 0.985652484241573 0.98554256318167 0.985468722301259 0.979434895367486 0.979415428677876
