Archive - glowpa-model-master/Model input/Uganda/survival/survivalcombined/survival_restime_1apr.asc
NCOLS 67 
NROWS 67 
XLLCORNER 29.500000001 
YLLCORNER -1.499999999 
CELLSIZE 0.0833333332985075 
NODATA_value -9999 
[rows 0 to 19 of 67, columns 0 to 44 of 67]
-9999.000000000000000 -9999 -9999 -9999 -9999 -9999 -9999 -9999 -9999 -9999 -9999 -9999 -9999 -9999 -9999 -9999 -9999 -9999 -9999 -9999 -9999 -9999 -9999 -9999 -9999 -9999 -9999 -9999 -9999 -9999 -9999 0.90523254001648 0.932011940796701 -9999 -9999 -9999 -9999 -9999 -9999 -9999 -9999 -9999 -9999 -9999 -9999
-9999 -9999 -9999 -9999 -9999 -9999 -9999 -9999 -9999 -9999 -9999 -9999 -9999 -9999 -9999 -9999 -9999 -9999 -9999 -9999 -9999 -9999 -9999 -9999 -9999 -9999 -9999 -9999 -9999 0.932932742458 0.914920470834058 0.929671901235038 0.920428796526603 0.900875436231754 0.902422232127449 0.928444435648707 0.934840649130619 0.908007983705939 0.929992324776185 0.933008585194084 -9999 -9999 -9999 -9999 -9999
-9999 -9999 -9999 -9999 -9999 -9999 -9999 -9999 -9999 -9999 -9999 -9999 -9999 -9999 -9999 -9999 -9999 -9999 -9999 -9999 -9999 -9999 -9999 -9999 -9999 -9999 -9999 -9999 -9999 0.947935359781834 0.926744297254837 0.945007507408637 0.943666964626561 0.959223511458593 0.926713184963715 0.940688259675381 0.956154967112748 0.954307723934724 0.949018190481572 0.944566564751387 0.931112569576136 0.913576003199141 0.935989463691764 -9999 -9999
-9999 -9999 -9999 -9999 -9999 -9999 -9999 -9999 -9999 -9999 -9999 -9999 -9999 -9999 -9999 -9999 -9999 -9999 -9999 -9999 -9999 -9999 -9999 -9999 -9999 0.930695968791974 -9999 -9999 -9999 0.928226333054692 0.924100068772481 0.944997320925616 0.926627675074763 0.898575614258885 0.94235876613646 0.938283805096585 0.93077238450289 0.931734895299905 0.921144465909339 0.936356990097631 0.936161180726584 0.912020069029494 0.944702069175696 -9999 -9999
-9999 -9999 -9999 -9999 -9999 -9999 -9999 -9999 -9999 -9999 -9999 -9999 -9999 -9999 -9999 -9999 -9999 -9999 -9999 -9999 -9999 -9999 0.932087769735172 -9999 -9999 0.913877181916677 -9999 -9999 -9999 0.980445936560103 0.973655947478792 0.973237260900595 0.946109477866198 0.942699281525913 0.935275704656136 0.900934387726672 0.932021253392553 0.920254514120861 0.938395477391021 0.929355995117629 0.923487518059993 0.928009573626158 0.948491667344213 0.929145947328404 -9999
-9999 -9999 -9999 -9999 -9999 -9999 -9999 -9999 -9999 -9999 -9999 -9999 -9999 -9999 -9999 -9999 -9999 -9999 -9999 -9999 -9999 0.915039697667789 0.942361628446347 0.935172726919703 0.941982630679716 0.895008980825219 0.982480667182803 0.982595952222584 0.975568541934971 0.982515494414608 0.917994468133097 0.973343030251587 0.960696048848474 0.960117620715511 0.935350146543909 0.931706292086328 0.949042836913069 0.937361430932492 0.902980467024432 0.930438505137046 0.904190714440676 0.948545611650187 0.950700507240037 0.929533460489538 -9999
-9999 -9999 -9999 -9999 -9999 -9999 -9999 -9999 -9999 -9999 -9999 -9999 -9999 -9999 -9999 -9999 -9999 -9999 -9999 0.933338333912804 0.954077023161652 0.955135402125314 0.958173268796271 0.959281225002418 0.926033720910769 0.915268969487727 0.982465536932519 0.982330067399162 0.982405943990654 0.9825007972642 0.950948153745416 0.921126695327467 0.961830378512116 0.914822992960644 0.944092369472176 0.955281340589088 0.954117503333711 0.948991056794227 0.93133941165314 0.939609769485486 0.943981736862977 0.951450856320527 0.956706587208672 0.896386323153006 -9999
-9999 -9999 -9999 -9999 -9999 -9999 -9999 -9999 -9999 -9999 -9999 -9999 -9999 -9999 -9999 -9999 -9999 0.945668804190544 0.947771572877417 0.932199056108662 0.933551920741524 0.914594234932679 0.910339914783767 0.959418606894202 0.787259466392627 0.947827715716677 0.975174495332968 0.906016603462101 0.945128636055155 0.94775439504074 0.961197194747119 0.94528237870139 0.973009308379155 0.924165028166523 0.908893748455389 0.922403055424234 0.94428587441443 0.936872224417203 0.930590597479606 0.931516779245369 0.927766108271845 0.930041558533393 0.940362193377568 0.927176728826813 0.897334937201767
-9999 -9999 -9999 -9999 -9999 -9999 -9999 -9999 -9999 -9999 -9999 -9999 -9999 -9999 -9999 -9999 -9999 0.945698418577194 0.911247333935604 0.934593953372714 0.934257016244701 0.923501257501887 0.945109353573756 0.960750553350734 0.960365318052928 0.975154740348212 0.931647243880265 0.933168870020121 0.941422761732582 0.944812536865375 0.961055537708452 0.96094180939068 0.934167606448712 0.96206062450516 0.917158746651901 0.936328711019108 0.912021719346515 0.937372787047049 0.914877787051876 0.932103460937363 0.931779877089909 0.96633507918447 0.929126512360461 0.940992802281045 0.927459388275529
-9999 -9999 -9999 -9999 -9999 -9999 -9999 -9999 -9999 -9999 -9999 -9999 -9999 -9999 -9999 -9999 -9999 0.949784322981597 0.950878444637587 0.954867666453803 0.941171089170985 0.92613922492883 0.924744272653864 0.866653163849164 0.97515164846094 0.929821195444151 0.925379529284207 0.927260850074765 0.917476506161995 0.953963809160378 0.96010007233048 0.934529410901513 0.944446441303714 0.973226085185669 0.972959716997096 0.9280148343228 0.910721073950814 0.931657020246819 0.938687143460075 0.942118797939139 0.953103319660845 0.966240144592045 0.949102653973964 0.944946532753121 0.929566197639308
-9999 -9999 -9999 -9999 -9999 -9999 -9999 -9999 -9999 -9999 -9999 -9999 -9999 -9999 -9999 -9999 0.938361347793655 0.945917527725071 0.956471506695151 0.960559297002262 0.962047881703877 0.961996554233437 0.948234844525032 0.946174148314107 0.982451715947192 0.954071267040891 0.936563501665871 0.911336389464448 0.922325021896302 0.949477679309923 0.955529740966498 0.910525250717507 0.959877142109481 0.938857278749591 0.929052261721113 0.962132802635227 0.951820212741574 0.937982375447137 0.954073215952079 0.967173303439789 0.940706845501417 0.93201644265519 0.930914769899473 0.948133612116496 0.962147987638472
-9999 -9999 -9999 -9999 -9999 -9999 -9999 -9999 -9999 -9999 -9999 -9999 -9999 -9999 -9999 -9999 0.938733441611311 0.936457221430415 0.935982368541457 0.919372002590957 0.93981815232025 0.904540975779746 0.873251193516032 0.975618240623587 0.931296189125197 0.953431690993721 0.951396192263245 0.93797653177569 0.938429069364058 0.946971831146255 0.953228056627792 0.936475480104706 0.95889857411036 0.939151815220942 0.93892282508196 0.970978507791303 0.955145463684488 0.967970041169876 0.955146333749893 0.93397637646464 0.928901138316084 0.946918597679277 0.930322258966102 0.947389030554289 0.930093802368024
-9999 -9999 -9999 -9999 -9999 -9999 -9999 -9999 -9999 -9999 -9999 -9999 -9999 -9999 -9999 0.939622038324362 0.931153456201401 0.94126346720391 0.945923341440998 0.936619433662047 0.937557969165762 0.913741358703546 0.982711852364037 0.982746824732657 0.938741798508368 0.913316464969105 0.937940056272536 0.914446930163995 0.939286014093221 0.944782020078296 0.94151626285335 0.928353901665271 0.957177618537599 0.905063317932877 0.93547011478366 0.950039445642187 0.9583055249757 0.932720963555932 0.940957697704252 0.933355950265813 0.907634304672991 0.940616356090019 0.931136251367298 0.942936024465804 0.899553954323902
-9999 -9999 -9999 -9999 -9999 -9999 -9999 -9999 -9999 -9999 -9999 -9999 -9999 -9999 -9999 -9999 0.942131613766744 0.943753777477712 0.926259438896204 0.942431761140734 0.937578858724536 0.82127011664421 0.975769118305592 0.982943065456896 0.924441106710477 0.915094019320638 0.926520097091936 0.940625736363135 0.918275559277542 0.934116821863387 0.93514796029041 0.944438991655035 0.957037539501281 0.948148222673602 0.910820140568927 0.938012038998876 0.970706640000665 0.932131369262903 0.934965020387657 0.951729397221497 0.94041582287747 0.933409971185431 0.932018221630974 0.939609158824252 0.929180348525884
-9999 -9999 -9999 -9999 -9999 -9999 -9999 -9999 -9999 -9999 -9999 -9999 -9999 -9999 -9999 -9999 -9999 0.943371274994878 0.949282720995416 0.953062683023155 0.953409841259534 0.959480593167581 0.982879372168509 0.930275548241901 0.945811141259387 0.950842210912677 0.915854028172098 0.930179727709513 0.935359426058551 0.9372872726723 0.912515226846998 0.937702589397628 0.953153034289642 0.944942765205593 0.937756350150796 0.93838735487607 0.952681289036982 0.958272255151002 0.934249825163747 0.934276123145546 0.951030510957544 0.934444243551537 0.922660675288062 0.937639378573233 0.948629647400542
-9999 -9999 -9999 -9999 -9999 -9999 -9999 -9999 -9999 -9999 -9999 -9999 -9999 -9999 -9999 -9999 0.94730025559069 0.931840194386166 0.938675784152888 0.946723608516669 0.948772243860674 0.928588072585315 0.982834898365454 0.939375984495195 0.942916385596164 0.95903752659702 0.954113184499945 0.939868977055041 0.934354487089301 0.948367803415295 0.927073549949439 0.936205670527317 0.939520307790394 0.928717610703136 0.943012254225045 0.946093799440843 0.948754513462153 0.94803718969597 0.958031028937944 0.965498250648156 0.945767680921434 0.950969653389121 0.964017155170909 0.963723038768256 0.937017929939412
-9999 -9999 -9999 -9999 -9999 -9999 -9999 -9999 -9999 -9999 -9999 -9999 -9999 -9999 -9999 -9999 0.947379983909333 0.95921467037023 0.945093759673619 0.940213834106031 0.96496450890128 0.966066741358787 0.965928749887845 0.975764364057988 0.9369208558299 0.912611285323576 0.914313101224088 0.915163517371755 0.956592199671841 0.954903385960194 0.93599420264056 0.911803574832137 0.920898526793609 0.940972604429146 0.926294316340512 0.939561915307895 0.912692911123466 0.935481435835692 0.951407278799971 0.953899071845409 0.931520448750684 0.915411896401715 0.929720049253501 0.900878076043861 0.928700109877063
-9999 -9999 -9999 -9999 -9999 -9999 -9999 -9999 -9999 -9999 -9999 -9999 -9999 -9999 -9999 0.925474109062314 0.940188304564695 0.94131123911295 0.960324384689961 0.950714656537398 0.937610797552706 0.930556147234688 0.903445353497923 0.982803441675875 0.945589041415009 0.960238370943561 0.959443802552289 0.958347940890792 0.957652463475267 0.934581198485989 0.944885648258503 0.914609700334895 0.937134986965736 0.936594820571958 0.937462449931516 0.923918192507548 0.935917755102833 0.946755715253488 0.949457126732291 0.967235685738293 0.9669462058525 0.93036622310312 0.902572850145084 0.931349584606658 0.938113630037972
-9999 -9999 -9999 -9999 -9999 -9999 -9999 -9999 -9999 -9999 -9999 -9999 -9999 -9999 -9999 0.942802190188012 0.955236375022655 0.918416940506988 0.959013046651003 0.944064679792644 0.955323562792521 0.927672103261076 0.941331578623432 0.982798187897779 0.929441387333135 0.910350131121978 0.937207545451312 0.921632721509559 0.932855907358732 0.934915084062545 0.931326375245617 0.938295726767653 0.938902602362377 0.94615368234237 0.958336211277296 0.936935458823798 0.937610074926344 0.935621892464221 0.908774954704901 0.942525310324885 0.95252084480431 0.952686480635645 0.927883984913448 0.927143136593271 0.94276131825541
-9999 -9999 -9999 -9999 -9999 -9999 -9999 -9999 -9999 -9999 -9999 -9999 -9999 -9999 -9999 0.941630078839953 0.956428148464417 0.94438867882625 0.91273102370904 0.930940715183392 0.931392474928709 0.897237333922532 0.934930598700352 0.92560788525637 0.975713675028143 0.900881932399373 0.933783533858466 0.937342776383497 0.906792494893063 0.959396888701927 0.953349272962243 0.950295607655714 0.942896069423344 0.950583797267351 0.945594670716247 0.947268821260505 0.926000564733909 0.920115709210557 0.934733455697278 0.934965967869815 0.945941632152761 0.939816585283282 0.952924467352526 0.965143729153352 0.942886057659137
