Archive - glowpa-model-master/Model input/Uganda/survival/survivalcombined/survival_restime_1mar.asc
NCOLS 67 
NROWS 67 
XLLCORNER 29.500000001 
YLLCORNER -1.499999999 
CELLSIZE 0.0833333332985075 
NODATA_value -9999 
[rows 40 to 59 of 67, columns 0 to 44 of 67]
0.918350850673861 0.935125077733773 0.975247891380006 0.975526561556726 0.923505136099789 0.961761211617982 0.93710666369579 0.946255413767328 0.9274504744143 0.947043622969688 0.944871555138607 0.952177309780729 0.929880585487313 0.959595721703369 0.949756854853128 0.965651370474222 0.961649021329402 0.950541968174767 0.950421790725559 0.95012082731475 0.949147580437116 0.936977340025526 0.948949897264941 0.944979695378783 0.944327819979552 0.943890126698803 0.947221743366661 0.951524963485217 0.942732183977699 0.935036811532275 0.947844377523077 0.941610716214092 0.969507614499718 0.935191437195701 0.947356656533087 0.959021388832343 0.943768389614525 0.921810139942151 0.942614093943455 0.9493844906118 0.951008504761794 0.944247927941648 0.984933523010478 0.954517936385856 0.944101416362558
0.943511800627043 0.93219529621763 0.975150241052203 0.957881167801438 0.957562731642968 0.959706399534581 0.928115536152787 0.948338081915868 0.949537476227575 0.960512510324878 0.9477833226716 0.947432219663863 0.930172661606247 0.950745365818224 0.937571608908827 0.961831069820532 0.948192164201 0.943518764833088 0.949441338421392 0.961865692303964 0.956724765086494 0.954811041051607 0.948690239466134 0.952713922441863 0.929371271407528 0.942178982676744 0.927863527369637 0.942000541304066 0.917159618433886 0.941843126441058 0.947122343407418 0.939958991594181 0.968720293228191 0.94311840353038 0.943320767659694 0.942723565316883 0.929416019200829 0.94335314594091 0.946983683800809 0.950863827356646 0.964374008515698 0.956380337523123 0.984966605692599 0.948696756499778 0.958705089825828
0.928851212311609 0.913605059039263 0.974903163722224 0.9088687870418 0.959421435505915 0.959311055914514 0.926671391348169 0.955201670203603 0.958173918367015 0.947058175032007 0.949219877964969 0.964541042718919 0.953914130563305 0.946563099562692 0.947689806232906 0.947524053221954 0.936845296055425 0.951354687768108 0.933383227014689 0.946377998786312 0.923328317056055 0.942105869886093 0.943562093421194 0.938439593969312 0.939123915208115 0.958821729898027 0.946273286792154 0.929758847694398 0.93901681590251 0.932853794987758 0.932390662549046 0.944476922947047 0.968382822665516 0.963209819097717 0.953853729395463 0.942092415180837 0.942021917307401 0.94275156536693 0.960794138211281 0.943315498307173 0.961204813582146 0.954412265709856 0.985035403937152 0.984927941496974 0.945812329664888
0.974746015545031 0.965111210793716 0.940688080207818 0.933274274940683 0.957388175208291 0.9562187050452 0.94624606506184 0.934770725997081 0.943403919885955 0.950720861039036 0.954899786056948 0.96496951735841 0.966414562647 0.941763533771455 0.918500792571446 0.918293540780926 0.945366757931192 0.914029239267733 0.920148053133148 0.937834199619862 0.940653662388994 0.948414865477821 0.943866665397391 0.93888388187368 0.916957848525331 0.943337123020455 0.917905323725831 0.942575515494335 0.958419616174145 0.961398879311665 0.948861970734788 0.940386039278463 0.965439563889618 0.945843528466765 0.942593688914371 0.957025075816285 0.945198303270559 0.940408503497633 0.944783225562126 0.944569498471065 0.961086483423783 0.952527321374093 0.93244020832503 0.985268637385397 0.949336226060496
0.974855335667328 0.962114303700825 0.961178275825184 0.959975435601842 0.957194544833533 0.935985231152473 0.914477240720353 0.929302472977999 0.93513303467807 0.962022775851234 0.960297072686253 0.944507052355045 0.967407368114135 0.953052156123526 0.949019735607711 0.918046424664233 0.93867799751418 0.916122585136874 0.919935700502414 0.946781491681009 0.945071422343562 0.961991437105991 0.909016997041635 0.92723119887201 0.947160461241085 0.952308279134575 0.946242815878709 0.967514944456393 0.942896446294328 0.945512352793555 0.945078049043036 0.921030267438471 0.954333601413177 0.947493129540637 0.959954649248764 0.946395509479507 0.930123097099539 0.955119623545056 0.947286051391776 0.950715263157103 0.95853566130315 0.948054342344173 0.979296612769917 0.979207521786915 0.97909923821728
0.974797331406152 0.954913463839835 0.953104476098912 0.953524320053503 0.961520608513549 0.933639391596427 0.956291688307401 0.95693776980119 0.929936023318654 0.96387496938396 0.961210799572847 0.915484421556084 0.967545704310779 0.940372134774529 0.936712219761285 0.938541364211742 0.953362646490331 0.936957962907107 0.936864365982659 0.953406244512738 0.928991922784406 0.962666270909463 0.949974452665779 0.963493474205588 0.943264703255544 0.947784250988642 0.950696735060341 0.954200895606333 0.961003467120621 0.961115496941266 0.936795484578261 0.943977753353358 0.948215477482112 0.947546497221652 0.942977845290768 0.938130960302175 0.951461942073403 0.985363051781823 0.979416304309235 0.940341426601338 0.948254196594107 0.939665092311335 0.985284398003684 0.985171829184233 0.979071793368803
0.962737411330075 0.964172953166281 0.946910451449717 0.933611086050635 0.948915394332986 0.947995711869726 0.940085633805544 0.956341892502775 0.972400969702548 0.9679077486762 0.962475295305287 0.94195032152395 0.954567859527031 0.957747213777231 0.958172859257923 0.959551625497705 0.965152168827527 0.965333374690487 0.968118410558939 0.969294165960348 0.969081939927089 0.972678589115558 0.96149526252006 0.939840473939891 0.928354994941963 0.929107542691524 0.954490292173185 0.942119096086452 0.94377872211626 0.931532143416462 0.943448731719881 0.944099748501642 0.94389038208384 0.951571914423554 0.979602400640211 0.985562861163246 0.979438476741929 0.98541247347915 0.985404567543409 0.9854226147094 0.985434209714458 0.979418227814127 0.985287566699089 0.985215711658551 0.985193134528733
0.94070526560794 0.974017035073856 0.956705706865851 0.952884390650855 0.952848413685513 0.950091512020467 0.972986123055868 0.972616605312533 0.972617750396205 0.972692232967058 0.96184383783512 0.972736981291218 0.969450621395681 0.969353852862025 0.939062681934529 0.93906415405551 0.959076420360248 0.94039247413042 0.963354462589802 0.949550794061196 0.949468353148029 0.938949092239844 0.950649604575989 0.962013120232418 0.955213615756723 0.954769321366053 0.942863627107654 0.942923483483331 0.920682495191408 0.944366342872836 0.942917352215865 0.95124267204061 0.979689528968619 0.979615507137554 0.985479938002504 0.979545615976929 0.985440413335776 0.985385945350926 0.985344517482402 0.985421645840009 0.985477898656602 0.985502505596575 0.985197084375343 0.979108916172598 0.985207102606835
0.95199270889313 0.973873196145919 0.973916244177644 0.974192192694133 0.964696081872182 0.938227140322138 0.972354924555922 0.961200217259788 0.972427577567716 0.961555403348366 0.941580507141346 0.954655191425875 0.939042897982319 0.96121008783951 0.954765639765793 0.96057682870129 0.954132885934117 0.910300139324016 0.963241461377705 0.941624815156175 0.962323566553596 0.93087927140165 0.945313950419303 0.945740907670054 0.974268149751724 0.975284181218596 0.975263675581143 0.975298166512618 0.965530569941021 0.951195528643917 0.985642088394151 0.979663800223442 0.985517361534917 0.985595285304548 0.985511221071037 0.979422241752294 0.985309099081616 0.985301889466259 0.985297947661161 0.985339740281609 0.98531014590533 0.985303569104906 0.985143224977134 0.985140440609476 0.98521839651586
0.973942487363001 0.97367700881341 0.97377910398778 0.97367818306402 0.973792218508244 0.919874191670744 0.924867907228078 0.935003143637702 0.961298041270647 0.972959721561787 0.926318734955912 0.9381619909615 0.941721421970152 0.941211761512864 0.965812039846998 0.959359526496242 0.939162740590914 0.932221464454635 0.963254044981502 0.962458873940351 0.945878396352081 0.945683924447051 0.923115123470192 0.928086081957944 0.952919038080208 0.949786250228042 0.948010561625412 0.927962919267856 0.985804050296389 0.985831089649071 0.979884922890674 0.985707311872445 0.9857780482806 0.985712257599256 0.985651464890781 0.985540408449922 0.985353367040622 0.985454629706683 0.985504288696954 0.985524238664286 0.985442447482775 0.985342544420886 0.979173676402525 0.985266944847049 0.985253396874365
0.962877866580611 0.973565941451414 0.973363835548296 0.973556968493074 0.973392928244834 0.911636865462166 0.962207377058737 0.972475917995727 0.972800622083851 0.932764731350933 0.938557015299374 0.937951088750392 0.95742415802267 0.941036192256771 0.965571250168518 0.957335910545989 0.938375824190417 0.947539080159296 0.932037926190252 0.961907905610242 0.944547713382977 0.960690885284275 0.943536108274899 0.920356667449787 0.966033713085098 0.943579734896918 0.962756044344074 0.941755061031562 0.980018633072797 0.985798612769462 0.985620084628268 0.985647110482788 0.985646301955076 0.985612179984367 0.985583213229036 0.97973441077239 0.985485269406975 0.979483282358173 0.985563540378764 0.985528607106141 0.985360245132284 0.979426487645409 0.985295242573153 0.979177445574878 0.985169685769032
0.973254883998762 0.962513269403832 0.973293677776358 0.97334311537758 0.973381133956156 0.973747367998704 0.925196917938578 0.947036696278458 0.9323573641228 0.930436950109823 0.929650684134611 0.92775261749807 0.946395343958076 0.923353586110814 0.964355858194509 0.933073393188043 0.93642158581502 0.939703166356789 0.927783389632889 0.956762209198709 0.943528733007244 0.954402031462792 0.926834184782988 0.944049661871299 0.965497940721675 0.916915001146774 0.95895833151216 0.942699596889773 0.985805101210089 0.980082557270567 0.985760742153715 0.985684522487479 0.985675121256261 0.985754736853145 0.98573057284132 0.985712674674424 0.985435667818195 0.985421709007739 0.985395761582903 0.979456401153454 0.985377740498005 0.985377601931343 0.985312959965046 0.985292786459537 0.979182205513423
0.973199108409334 0.973385064251757 0.962527708771917 0.962623665738385 0.973491162292099 0.935853984615849 0.908555587152505 0.962003452442205 0.919330935911266 0.915089026608433 0.918470657346562 0.888007914191486 0.946452502608574 0.937350856013518 0.956462714241246 0.93582197592677 0.941546911451595 0.916345389785249 0.940546231761352 0.948179729686992 0.946744996708156 0.948811497311826 0.948032421237739 0.958706422550115 0.963563562527001 0.930985685759294 0.951777818924554 0.920584031007874 0.948586838540876 0.934575048136086 0.979885597602027 0.979949255503955 0.979940798329486 0.985808521571571 0.98566349766115 0.985652805555782 0.979595046967574 0.98545090490011 0.985518952272737 0.98541765587015 0.985415211321114 0.985407546890445 0.979247647873967 0.985213090965154 0.979198424875604
0.962432591273149 0.973391776623872 0.962576956821677 0.962710763460804 0.973584633511748 0.905927089229972 0.906277481922589 0.961824063951797 0.960187509198109 0.945447230161718 0.947074108913948 0.947202415243706 0.92192484800376 0.931462238723946 0.9413333026681 0.942689657734842 0.919208223180596 0.943972652952046 0.942535216019115 0.942821724925114 0.930682016672398 0.916096399926254 0.928850265355591 0.942572613269773 0.957257861300728 0.944288459491614 0.943797964453223 0.945830745050945 0.956529770931995 0.962705023766762 0.985775416923452 0.985687870941797 0.985723227763049 0.985844732056077 0.985796641881158 0.985687943581794 0.979626251150247 0.985538945059941 0.985439647614993 0.985440119114856 0.979510828565082 0.985514534002221 0.985334060664603 0.979226047975552 0.985191481944644
0.973393151805424 0.96252405561615 0.973530581854031 0.962817379572058 0.915450473575759 0.925495566368803 0.942284556367827 0.935293303321826 0.942382603603075 0.947729825444169 0.935690459146385 0.952604120229724 0.944785486885892 0.943074278043106 0.943786534088213 0.931255352445478 0.942703819427591 0.950954140975617 0.930660430182909 0.964588196584476 0.956704423772096 0.953124139990341 0.949549416190915 0.929548708764354 0.948198450920971 0.938145184422498 0.932965054334637 0.98587623822299 0.980082016251371 0.98591166972816 0.985793585430781 0.985710994606463 0.979968748810008 0.979960461013601 0.985781178764091 0.979891564267495 0.985491521010278 0.985451348293934 0.979548972736765 0.985433554289327 0.98542475817187 0.979515891032765 0.985341207130482 0.985225842304973 0.979208295181672
0.973477721598804 0.973495039947605 0.969450038257162 0.904505970479278 0.945729580102175 0.940235987324148 0.926189110793897 0.947384939072012 0.947720328653474 0.960318278705455 0.924250949735269 0.956438430666468 0.952277709309352 0.919981690526251 0.941600065096635 0.944322810400182 0.939258490979551 0.958976364739064 0.943343342647267 0.964870539401869 0.937262451153134 0.945655142170282 0.935382251327874 0.94234404157106 0.919074904561187 0.925464016968978 0.927686905418195 0.980330082835507 0.986071853400785 0.980333628418013 0.980123906249143 0.985953748574703 0.985845404306531 0.985852215553814 0.985832401810094 0.980074357986014 0.98578565770454 0.979880633418192 0.985760171902306 0.985744472184302 0.979833930481826 0.985736142535787 0.979505948919653 0.979481772536237 0.98547439397959
0.973454646710666 0.973532481992888 0.96951984880407 0.969083919499285 0.937061823775291 0.945071380279557 0.948897546970395 0.947241837540742 0.935317089722917 0.962074503912401 0.944905241301222 0.968935178267742 0.969624407197833 0.969927430927095 0.970032990171703 0.958634617146301 0.972745815822106 0.963821353592277 0.973862897369296 0.963418671503641 0.974279815465851 0.933079074426759 0.963952356960487 0.927452648414997 0.939491544859188 0.926742153973442 0.986161435254977 0.986003353464134 0.986000629291788 0.986015286538079 0.985858251365279 0.985845765428343 0.980103256373712 0.980105695809447 0.985931342484751 0.985914003352629 0.979887839870559 0.98568012381786 0.985653459279124 0.985746590393615 0.985729546849329 0.985735932885309 0.985416176874653 0.979490958468178 0.979470981697451
0.934215325367107 0.963579013280596 0.946090459570312 0.969350401748748 0.940852651841791 0.948198113587897 0.947348913982539 0.961550046696488 0.945712223577904 0.963652218017077 0.953957706215312 0.945711089791254 0.942527058165271 0.944136304538484 0.954072427601658 0.957126291703291 0.972463580644452 0.972363972625472 0.973863789400957 0.973943706648532 0.974168162921635 0.963793788991974 0.974250667412272 0.946177580834406 0.957867217931707 0.920627464015273 0.986179987454176 0.98610288474336 0.980371606589968 0.980356049194385 0.985956478996229 0.980115430304125 0.98595103110398 0.98594973006913 0.980102995405257 0.980067887106799 0.985688198683358 0.985777111311456 0.985654577339349 0.985654364619369 0.979820116455193 0.98564705079241 0.985416925239957 0.985499098647464 0.979471751892413
0.901273717162095 0.963198505531647 0.938961797895866 0.969647132185491 0.94092250216577 0.925007035439758 0.964306088544853 0.962345187627842 0.947983272160888 0.95298284752568 0.953976582287546 0.945931416411105 0.940035860239599 0.918207943313039 0.941782423897195 0.944830185710484 0.961443527441758 0.972516736425493 0.943232913960339 0.91643273618881 0.939560622670773 0.941634601112891 0.964052694955303 0.896059096062281 0.960159044547343 0.960779142998732 0.986198460619145 0.98604660717262 0.980407536308585 0.986040864463777 0.980154647635795 0.985959976624247 0.98014357770878 0.980132532867593 0.980111653338635 0.985826417621559 0.985703181651155 0.985682710048119 0.979843551173958 0.98574544565274 0.985736406756963 0.985743589297605 0.979502572054376 0.985404910855245 0.985486039163698
0.92879666061 0.963445997425767 0.931440837747538 0.910250226377924 0.957477130675048 0.965894613107341 0.96494179449172 0.945544530615209 0.946937453382012 0.928606535367529 0.949616702174012 0.941741032049325 0.950767088972727 0.939345630697634 0.942832855892959 0.951928965832432 0.951437944706218 0.94330483693966 0.945319500399101 0.929959932321773 0.955066946914521 0.94457887894535 0.916813102907318 0.974207959633129 0.974786387407376 0.97468707640075 0.980503491099822 0.986182548730681 0.980428152936633 0.986052571057063 0.985896752233383 0.985875922922802 0.985876766823375 0.985868665799664 0.985844348940895 0.980076797312957 0.985802395081547 0.985684195169587 0.985668554077984 0.985750999356913 0.985738562493031 0.985645226247237 0.985503963061134 0.979472585576204 0.979464378199157
