Archive - glowpa-model-master/Model input/Uganda/survival/survivalcombined/survival_restime_1sep.asc
NCOLS 67 
NROWS 67 
XLLCORNER 29.500000001 
YLLCORNER -1.499999999 
CELLSIZE 0.0833333332985075 
NODATA_value -9999 
[rows 0 to 19 of 67, columns 0 to 44 of 67]
-9999.000000000000000 -9999 -9999 -9999 -9999 -9999 -9999 -9999 -9999 -9999 -9999 -9999 -9999 -9999 -9999 -9999 -9999 -9999 -9999 -9999 -9999 -9999 -9999 -9999 -9999 -9999 -9999 -9999 -9999 -9999 -9999 0.916119670286726 0.939957645962092 -9999 -9999 -9999 -9999 -9999 -9999 -9999 -9999 -9999 -9999 -9999 -9999
-9999 -9999 -9999 -9999 -9999 -9999 -9999 -9999 -9999 -9999 -9999 -9999 -9999 -9999 -9999 -9999 -9999 -9999 -9999 -9999 -9999 -9999 -9999 -9999 -9999 -9999 -9999 -9999 -9999 0.941551483684113 0.925662418434571 0.938469647106497 0.930832341584523 0.914169448054606 0.915031083672276 0.938849484494092 0.945074505866561 0.923640826274428 0.939101377186385 0.941513146092691 -9999 -9999 -9999 -9999 -9999
-9999 -9999 -9999 -9999 -9999 -9999 -9999 -9999 -9999 -9999 -9999 -9999 -9999 -9999 -9999 -9999 -9999 -9999 -9999 -9999 -9999 -9999 -9999 -9999 -9999 -9999 -9999 -9999 -9999 0.955248412796368 0.935812753605331 0.95252650913103 0.952481816681778 0.965693250128723 0.937789613515002 0.950066455471543 0.96323942750276 0.961609998270087 0.957276504521402 0.953384567282983 0.941687807216522 0.924849646461676 0.946284423698584 -9999 -9999
-9999 -9999 -9999 -9999 -9999 -9999 -9999 -9999 -9999 -9999 -9999 -9999 -9999 -9999 -9999 -9999 -9999 -9999 -9999 -9999 -9999 -9999 -9999 -9999 -9999 0.944229476728337 -9999 -9999 -9999 0.938744861870108 0.934496625902614 0.953599857041244 0.937100740251381 0.912598214107621 0.95150887526338 0.947504189792455 0.941193914778237 0.942322738059316 0.933412535477618 0.946793575229061 0.946076796259579 0.926499937700358 0.953528466344758 -9999 -9999
-9999 -9999 -9999 -9999 -9999 -9999 -9999 -9999 -9999 -9999 -9999 -9999 -9999 -9999 -9999 -9999 -9999 -9999 -9999 -9999 -9999 -9999 0.94428838841457 -9999 -9999 0.930582658449197 -9999 -9999 -9999 0.983811202457869 0.978046371807352 0.977728052174161 0.953632904117703 0.950683879356175 0.944097803310347 0.914669397479141 0.942767662546389 0.934795169672802 0.949711765049817 0.943277986894331 0.936786541025983 0.94282534290547 0.956783232694346 0.938267905165361 -9999
-9999 -9999 -9999 -9999 -9999 -9999 -9999 -9999 -9999 -9999 -9999 -9999 -9999 -9999 -9999 -9999 -9999 -9999 -9999 -9999 -9999 0.931860175440772 0.954701225502121 0.950620206728927 0.953479595385918 0.917764602282939 0.985608146526513 0.985670442766271 0.979904833305535 0.985516165934445 0.937625153256654 0.977796311370455 0.967987459028678 0.967482092081262 0.944311571265578 0.943561935801819 0.958178390998604 0.948413152288315 0.921928535511471 0.943998339322836 0.919166048554241 0.957962492555812 0.958674008727849 0.938657153966068 -9999
-9999 -9999 -9999 -9999 -9999 -9999 -9999 -9999 -9999 -9999 -9999 -9999 -9999 -9999 -9999 -9999 -9999 -9999 -9999 0.947837657381126 0.963087463700601 0.963959974372896 0.966522733405449 0.967596096910356 0.941765383986766 0.935050441288183 0.985482479333737 0.985327788425246 0.9854134124374 0.985473784002511 0.960371039718489 0.939012015720638 0.968099540008226 0.932571368717457 0.954266155654462 0.963436273345462 0.962528798643616 0.958393993870917 0.944107929811411 0.950469005314817 0.95361311674205 0.959887679716816 0.963902409134717 0.910456265036979 -9999
-9999 -9999 -9999 -9999 -9999 -9999 -9999 -9999 -9999 -9999 -9999 -9999 -9999 -9999 -9999 -9999 -9999 0.95464401288352 0.957176341412622 0.944878982079762 0.945174116627774 0.931129251107309 0.931543210852034 0.967763603218142 0.910748872686791 0.959533123609432 0.979354948972094 0.920283035103419 0.955348782399441 0.957578463909684 0.969189334351873 0.955781191566803 0.977708458075533 0.942556441515181 0.928076456734949 0.937504353367194 0.955005375864149 0.94897550489508 0.943654262021518 0.942275236184502 0.940464605147021 0.939237464250203 0.951135740084683 0.938282737786797 0.912235696592156
-9999 -9999 -9999 -9999 -9999 -9999 -9999 -9999 -9999 -9999 -9999 -9999 -9999 -9999 -9999 -9999 -9999 0.954736414212003 0.926475438052671 0.946072276789594 0.94523321611273 0.936025289916049 0.956232734443534 0.969031790958625 0.96889208329319 0.97932114821291 0.946251293614846 0.94665138846274 0.953080908137871 0.956271772671042 0.969068654703312 0.968407448071347 0.948303933830003 0.968524949152632 0.934924722171237 0.949540264811037 0.929752061859117 0.949840704848012 0.930581870133563 0.942388716133767 0.940816384675397 0.972083500195123 0.938703716580945 0.950247185747517 0.938163661107859
-9999 -9999 -9999 -9999 -9999 -9999 -9999 -9999 -9999 -9999 -9999 -9999 -9999 -9999 -9999 -9999 -9999 0.958358762209607 0.959222273853147 0.962709760157309 0.951071762538903 0.939547515687973 0.938406728890266 0.941933571561394 0.979240578743261 0.947838148659563 0.941373871218655 0.943923923163946 0.934665999192596 0.963376644465478 0.96818822510877 0.948376901727295 0.954769631530431 0.977803269211253 0.977516537700824 0.944772225389577 0.929660019386006 0.944627158566021 0.94812061476961 0.950445346934164 0.961008205014976 0.971995559391259 0.957352627379458 0.953335750274234 0.938184431335374
-9999 -9999 -9999 -9999 -9999 -9999 -9999 -9999 -9999 -9999 -9999 -9999 -9999 -9999 -9999 -9999 0.950269292997954 0.955711302127283 0.964510804165648 0.967882457563462 0.969177768681495 0.969167945574519 0.957979897119655 0.95867920066156 0.985319298889452 0.963522336680683 0.949340577889276 0.928921653157608 0.938678593242425 0.959621529894219 0.963989785451055 0.929067424369866 0.967213433391927 0.949431584325882 0.945417304260816 0.968460293832499 0.961074081267065 0.949592192798541 0.961795172800522 0.972738028538403 0.949663230605036 0.942146597336289 0.941325115304044 0.956480076111802 0.968178326763509
-9999 -9999 -9999 -9999 -9999 -9999 -9999 -9999 -9999 -9999 -9999 -9999 -9999 -9999 -9999 -9999 0.949510417013273 0.947870368224262 0.947952054491209 0.936182185121435 0.952771477110304 0.921440567750302 0.943723849284533 0.979519721574014 0.951705414819153 0.963111368645221 0.961556540939884 0.950557008858333 0.951392566587522 0.957470019483243 0.961864354900827 0.948357336052787 0.96639162765552 0.949930276720049 0.951057778356442 0.975766688327638 0.962785433894119 0.973434656717854 0.962514035770756 0.943462872917089 0.940491889057531 0.955586058333014 0.941263227179357 0.95604532911188 0.940777464843271
-9999 -9999 -9999 -9999 -9999 -9999 -9999 -9999 -9999 -9999 -9999 -9999 -9999 -9999 -9999 0.948518359226875 0.943485677434321 0.950799120742208 0.955161520126445 0.947457067957779 0.947609693508696 0.934505023858783 0.985484357699308 0.985499974665785 0.95050832978632 0.932113994098844 0.951466385061369 0.932298807329753 0.951497737417756 0.955384606132737 0.951833776071551 0.940786694667799 0.964743013896573 0.922798021321665 0.946134316632243 0.95849100848705 0.965315191670094 0.942732797980151 0.949772648513626 0.944504271397302 0.921424787766848 0.95022291944354 0.942084106914087 0.952270751773722 0.914227621680864
-9999 -9999 -9999 -9999 -9999 -9999 -9999 -9999 -9999 -9999 -9999 -9999 -9999 -9999 -9999 -9999 0.952676815269101 0.950707865926628 0.937863841339513 0.953251947040283 0.948188583320204 0.918730385872688 0.97951584882993 0.985663944313277 0.940353204685343 0.933025546014483 0.941396218451425 0.952728125936005 0.933488466375459 0.944924781035182 0.946224427551342 0.954202887895754 0.96458734695184 0.957527385237687 0.925208798421101 0.947508160164056 0.975889574384711 0.945736860130101 0.94539149830879 0.960271979159624 0.950422319688169 0.944534109264209 0.944187493791606 0.950520053187941 0.940454465625671
-9999 -9999 -9999 -9999 -9999 -9999 -9999 -9999 -9999 -9999 -9999 -9999 -9999 -9999 -9999 -9999 -9999 0.949920434404858 0.957396465744923 0.961707519346297 0.962059853478882 0.966940983980467 0.985503308899736 0.944032838825909 0.957168452554514 0.960798230951246 0.932867513567514 0.943698163748046 0.947235381321859 0.946870284336465 0.92650053467629 0.948338923886769 0.961002903308746 0.954827994237978 0.948577367175075 0.947917725714991 0.960860541427012 0.965577631572775 0.947996147230605 0.947120605714839 0.959306212133931 0.943453879956675 0.934650339164959 0.946968616346098 0.958038831722988
-9999 -9999 -9999 -9999 -9999 -9999 -9999 -9999 -9999 -9999 -9999 -9999 -9999 -9999 -9999 -9999 0.953882112118441 0.940388036607114 0.950418176353001 0.95675038194802 0.958175722962171 0.942422740685364 0.985467465918516 0.947549139151516 0.95453141047177 0.967229622971076 0.963156315146676 0.951913459506786 0.944743183333342 0.956371915731507 0.938808912283996 0.946489471348283 0.948816111225788 0.94022585304544 0.951983053014433 0.954505424620108 0.957480041241705 0.956848630443939 0.965340367170446 0.971435315148274 0.955237088897379 0.959221394403692 0.970678752419949 0.970414045851447 0.946241336759402
-9999 -9999 -9999 -9999 -9999 -9999 -9999 -9999 -9999 -9999 -9999 -9999 -9999 -9999 -9999 -9999 0.95344190655252 0.964377430820432 0.951968165654671 0.950760758056312 0.969662444715026 0.970838536124144 0.970739462584161 0.979482061988253 0.94735510785553 0.929664386474778 0.930656000005089 0.931597591657952 0.963424102186822 0.9619268052529 0.94557200365423 0.925003224860953 0.932268258326709 0.949915514538145 0.937788918563209 0.94870496270088 0.926950804667237 0.945939998659918 0.95970751976951 0.961759509600683 0.946094563447915 0.93028125137943 0.942037880195548 0.917846563710101 0.94084575175562
-9999 -9999 -9999 -9999 -9999 -9999 -9999 -9999 -9999 -9999 -9999 -9999 -9999 -9999 -9999 0.933762509317675 0.947341294731589 0.94803278287902 0.965370234338145 0.957046271053042 0.948352123432686 0.942505205552875 0.92165927310552 0.985415976602662 0.955038673244578 0.967088157178323 0.966220061397128 0.965002083142315 0.964232346845572 0.943312493451326 0.953177597077866 0.926775926914121 0.946730120106335 0.946715159647921 0.947119938756529 0.935582165260032 0.946357841874607 0.955654840328981 0.958016450814791 0.97283008679488 0.972580887284629 0.939703603453255 0.91792260091743 0.94232606403722 0.948255140180256
-9999 -9999 -9999 -9999 -9999 -9999 -9999 -9999 -9999 -9999 -9999 -9999 -9999 -9999 -9999 0.949115958927242 0.960468490659127 0.927519965180846 0.964078902851895 0.953402401156011 0.962895023265358 0.942950557912049 0.953190352466888 0.98540004201685 0.945716849168114 0.926491636861302 0.948995549937231 0.935040667354924 0.942522711194925 0.943359109708576 0.941641035420087 0.946975155778642 0.947643593616152 0.954340271138768 0.96515947671716 0.946996190777393 0.947996489012 0.945992084486958 0.923431347398105 0.95207828809356 0.960486417095147 0.960590721461778 0.938491646341582 0.939505238744233 0.952307735121446
-9999 -9999 -9999 -9999 -9999 -9999 -9999 -9999 -9999 -9999 -9999 -9999 -9999 -9999 -9999 0.947415889100971 0.961253065982034 0.950632426874977 0.925135622236869 0.941629546006705 0.944471405461386 0.917233454185498 0.942329198495453 0.944529043633315 0.97938404038826 0.923456167913889 0.94563658604926 0.948868554830372 0.920274694493177 0.965179149787026 0.960583313981209 0.95800164087339 0.95159446355193 0.958453032895864 0.954775285133094 0.955782728457314 0.939013688755373 0.935181141350739 0.94651137641924 0.946282163753614 0.955213875037801 0.949563827679339 0.962238609867499 0.971970630920545 0.952843634824347
