Archive - glowpa-model-master/Model input/Uganda/survival/survivalcombined/survival_restime_1mar.asc
NCOLS 67 
NROWS 67 
XLLCORNER 29.500000001 
YLLCORNER -1.499999999 
CELLSIZE 0.0833333332985075 
NODATA_value -9999 
[rows 0 to 19 of 67, columns 0 to 44 of 67]
-9999.000000000000000 -9999 -9999 -9999 -9999 -9999 -9999 -9999 -9999 -9999 -9999 -9999 -9999 -9999 -9999 -9999 -9999 -9999 -9999 -9999 -9999 -9999 -9999 -9999 -9999 -9999 -9999 -9999 -9999 -9999 -9999 0.912005159335411 0.936968590164413 -9999 -9999 -9999 -9999 -9999 -9999 -9999 -9999 -9999 -9999 -9999 -9999
-9999 -9999 -9999 -9999 -9999 -9999 -9999 -9999 -9999 -9999 -9999 -9999 -9999 -9999 -9999 -9999 -9999 -9999 -9999 -9999 -9999 -9999 -9999 -9999 -9999 -9999 -9999 -9999 -9999 0.937605960613006 0.921359280775571 0.934651432083944 0.926691215563199 0.908198192136618 0.909754007436232 0.934114896126413 0.939474252918684 0.914198135536885 0.934340969473626 0.93708431980521 -9999 -9999 -9999 -9999 -9999
-9999 -9999 -9999 -9999 -9999 -9999 -9999 -9999 -9999 -9999 -9999 -9999 -9999 -9999 -9999 -9999 -9999 -9999 -9999 -9999 -9999 -9999 -9999 -9999 -9999 -9999 -9999 -9999 -9999 0.952026113023499 0.931680780478072 0.949428338311102 0.948681527553049 0.962984946403761 0.932336586421766 0.946198505248525 0.959772339950863 0.957864344691361 0.952782793195777 0.94868356994968 0.935652680677655 0.918934453323899 0.938073552807746 -9999 -9999
-9999 -9999 -9999 -9999 -9999 -9999 -9999 -9999 -9999 -9999 -9999 -9999 -9999 -9999 -9999 -9999 -9999 -9999 -9999 -9999 -9999 -9999 -9999 -9999 -9999 0.934223897910479 -9999 -9999 -9999 0.93358841828303 0.929099767153512 0.950025933065733 0.932033357019144 0.905971461244957 0.947702870438835 0.943367993447611 0.935666013374348 0.936372620383716 0.92630455051053 0.940151520126923 0.940316502192598 0.916586719244882 0.947356611226053 -9999 -9999
-9999 -9999 -9999 -9999 -9999 -9999 -9999 -9999 -9999 -9999 -9999 -9999 -9999 -9999 -9999 -9999 -9999 -9999 -9999 -9999 -9999 -9999 0.938001786040376 -9999 -9999 0.91879588689333 -9999 -9999 -9999 0.98231423951689 0.975793825211891 0.975391654981549 0.950395135478096 0.947296845223212 0.940221253906687 0.908135119001348 0.936132272806786 0.922987072342531 0.940078257779778 0.930572135230755 0.928048639374337 0.929979513093917 0.951057581425908 0.932265102822397 -9999
-9999 -9999 -9999 -9999 -9999 -9999 -9999 -9999 -9999 -9999 -9999 -9999 -9999 -9999 -9999 -9999 -9999 -9999 -9999 -9999 -9999 0.921221016160276 0.946073303609203 0.936911948840525 0.945531001514896 0.899034640524307 0.984267031796998 0.984384838931198 0.978024030091444 0.984187587353274 0.919832151153901 0.975422035266286 0.962745642890023 0.962311562050762 0.939677293798817 0.935219044683717 0.951180189480472 0.937314113307826 0.904385798631318 0.932672257416006 0.908876897927503 0.951766473936572 0.953181057709577 0.932968685616597 -9999
-9999 -9999 -9999 -9999 -9999 -9999 -9999 -9999 -9999 -9999 -9999 -9999 -9999 -9999 -9999 -9999 -9999 -9999 -9999 0.938602224296533 0.958116619729808 0.959046840385308 0.961600514503807 0.962504490607272 0.930403842422996 0.919985076272326 0.984247359364231 0.984082356753336 0.98414980780048 0.98423203853026 0.954200176024456 0.923070078859782 0.964908864622214 0.917199660719483 0.946787412303141 0.956995935049907 0.955452568204378 0.950380169577183 0.933661380018123 0.942665685491284 0.947348370470196 0.954716581787261 0.959295366995268 0.900721215059389 -9999
-9999 -9999 -9999 -9999 -9999 -9999 -9999 -9999 -9999 -9999 -9999 -9999 -9999 -9999 -9999 -9999 -9999 0.949823066163906 0.951494987797051 0.937503691765434 0.938443494209375 0.920619429055699 0.912146723392752 0.962504981876628 0.815168370072366 0.950900513876865 0.977569728557614 0.910525908549798 0.947224490954978 0.949901613884507 0.963227849894034 0.948704288154199 0.975003043599339 0.925355640784252 0.910048583638778 0.924249660245612 0.944974424457936 0.937200242232117 0.933259184846816 0.934660641289743 0.932027345593504 0.934563063629742 0.943773050930535 0.929998122036575 0.901173170574282
-9999 -9999 -9999 -9999 -9999 -9999 -9999 -9999 -9999 -9999 -9999 -9999 -9999 -9999 -9999 -9999 -9999 0.949569282703845 0.917621568977592 0.939455981996231 0.939305272409933 0.929344602777624 0.948205233568198 0.96363188430125 0.963298667837028 0.97752725881863 0.933540575680783 0.934542187029099 0.942988272528224 0.946725948740125 0.963208382472179 0.963482463189158 0.934989688835981 0.964805257165397 0.918908939396562 0.937297164948561 0.912779715338122 0.937156109307959 0.918938152186174 0.935208363435062 0.935793966829854 0.968619440021149 0.932911646467728 0.944036447866721 0.9306201343355
-9999 -9999 -9999 -9999 -9999 -9999 -9999 -9999 -9999 -9999 -9999 -9999 -9999 -9999 -9999 -9999 -9999 0.953471595876755 0.954684110425673 0.958625142092213 0.94567471262803 0.93102334046795 0.929861177084669 0.740283893731259 0.977494401031908 0.932049025883473 0.928465663752955 0.928827057307426 0.920067719447542 0.956263933351301 0.962417154898091 0.935460327226247 0.948157359857698 0.975245959919922 0.975024421813292 0.928828923094672 0.91093793842982 0.934181561244015 0.941117309702727 0.945439702150321 0.956345887038754 0.968557451244406 0.952130796678124 0.948109924733217 0.933919759941335
-9999 -9999 -9999 -9999 -9999 -9999 -9999 -9999 -9999 -9999 -9999 -9999 -9999 -9999 -9999 -9999 0.943844523729427 0.950233554033735 0.960548992686973 0.964260202334671 0.965312191921488 0.965238607249404 0.952370076701131 0.94968990902424 0.984075846889715 0.95621124884373 0.938340023303059 0.913587313956324 0.924901619462175 0.952042811051872 0.958265447968802 0.911708580700756 0.962668943741334 0.94250818879471 0.930626917059686 0.964916212402966 0.953406478841948 0.938373725726337 0.957130097927885 0.96944476351853 0.943969037901484 0.935174649119948 0.933871075342021 0.951116582169073 0.964264370407763
-9999 -9999 -9999 -9999 -9999 -9999 -9999 -9999 -9999 -9999 -9999 -9999 -9999 -9999 -9999 -9999 0.943773508044954 0.941818923718072 0.94040894577151 0.924079922949057 0.941567020870725 0.906287952467886 0.750119399444525 0.977793942618271 0.927527306674416 0.955642763646627 0.953568931548459 0.939974501928418 0.940291597682529 0.949963101587997 0.956583307972432 0.940728172320436 0.961904488533471 0.942557120011171 0.941426284585518 0.973213693371225 0.958072601410702 0.970061507901743 0.957823006186242 0.937352483782303 0.932900092286871 0.94980462731677 0.932877524170212 0.95031721054096 0.93307720366448
-9999 -9999 -9999 -9999 -9999 -9999 -9999 -9999 -9999 -9999 -9999 -9999 -9999 -9999 -9999 0.94402473425869 0.937381597887844 0.945559897774827 0.949991702232042 0.940948458934811 0.928749157243833 0.901567365756025 0.984282261248528 0.984317936580769 0.941616224194229 0.916115659547633 0.939780490377762 0.917059187978169 0.941254897295974 0.947804964034665 0.945667378140239 0.933386675523417 0.960375249322413 0.910447375885661 0.939568109585004 0.953444881043138 0.961089808936208 0.936153616249145 0.944331711081527 0.937063186337796 0.912018923517164 0.943577242380034 0.933739079631652 0.945906640532571 0.903977494292711
-9999 -9999 -9999 -9999 -9999 -9999 -9999 -9999 -9999 -9999 -9999 -9999 -9999 -9999 -9999 -9999 0.94796688065201 0.948587332870792 0.931694455923309 0.944249375200415 0.941842030253308 0.844314938473719 0.977987264869286 0.984630721884463 0.927060249676575 0.917346698374002 0.92882552617454 0.942128362975049 0.923178146750481 0.938463083269492 0.939448440291501 0.948304206647146 0.960128726850539 0.951890368474992 0.916395010240502 0.941820365089808 0.972701092853433 0.933853005544693 0.938075836629749 0.954264579957919 0.943392277465914 0.936254585777059 0.934796943074364 0.942518910949362 0.932849723943536
-9999 -9999 -9999 -9999 -9999 -9999 -9999 -9999 -9999 -9999 -9999 -9999 -9999 -9999 -9999 -9999 -9999 0.948455594663908 0.952811776429106 0.955941843613562 0.956330591592012 0.962245057969134 0.984482970486082 0.933258545333232 0.947439240618174 0.952344663428474 0.917524607916738 0.934002543398378 0.938831558268019 0.941442416072898 0.918057547834327 0.941712612414957 0.956142123426137 0.948776110734093 0.941803959800348 0.942153344372431 0.955736278468284 0.961113606247175 0.934855138171383 0.934675932198417 0.954596227275145 0.938632876980815 0.927434104256445 0.941373347198366 0.951993906848307
-9999 -9999 -9999 -9999 -9999 -9999 -9999 -9999 -9999 -9999 -9999 -9999 -9999 -9999 -9999 -9999 0.95212125708697 0.938495146787127 0.941665114589249 0.949200406261045 0.9514095512767 0.932383666820111 0.98439172544649 0.943189647937889 0.945292549121769 0.960791328081029 0.956239486746175 0.941361328616388 0.938332867469567 0.952058404885946 0.932184626412871 0.940249717766003 0.942950459716168 0.932555422770071 0.94624070070708 0.949611894741914 0.951917028133171 0.951159413417701 0.960886707197247 0.967937016968225 0.947846409411292 0.954503911252211 0.966375672850279 0.966121027607901 0.94090041697534
-9999 -9999 -9999 -9999 -9999 -9999 -9999 -9999 -9999 -9999 -9999 -9999 -9999 -9999 -9999 -9999 0.951978236831074 0.963450566057042 0.949764222111916 0.941732499150598 0.968046119745112 0.968849192379384 0.968684034557928 0.977962160968038 0.939056858127768 0.914582314747016 0.916042641916799 0.916951242072085 0.95987636390188 0.958283973781085 0.939938102272068 0.917068554046804 0.925647098635318 0.944147475934539 0.930732572262717 0.943207260982959 0.917302751810971 0.938788716906473 0.954318201982664 0.956839661269846 0.931081281018971 0.919101122761606 0.932192067214151 0.903869868925319 0.931428048698963
-9999 -9999 -9999 -9999 -9999 -9999 -9999 -9999 -9999 -9999 -9999 -9999 -9999 -9999 -9999 0.93206551173971 0.945750516541065 0.946605910663955 0.963713612704881 0.95495412481936 0.941242422603628 0.933260799179388 0.906957764370365 0.984373935387606 0.949046556845592 0.962760907354418 0.962044485291668 0.961189133858074 0.960797915509984 0.938403143220899 0.948457618161231 0.919744762290462 0.940953147070549 0.940983508208096 0.941081429974308 0.928659939404909 0.93919793442522 0.949740027777548 0.952387460865117 0.969307800128475 0.969053492740188 0.934863153319214 0.906468945828853 0.932808614864351 0.939580523326686
-9999 -9999 -9999 -9999 -9999 -9999 -9999 -9999 -9999 -9999 -9999 -9999 -9999 -9999 -9999 0.94782356597357 0.959480494369357 0.925598054987216 0.962720650644734 0.946202611363707 0.957760939033918 0.929444757154374 0.94429664867337 0.984377856779558 0.931579133248105 0.913057060463129 0.938993037463197 0.92456391224153 0.936090445548257 0.938574581390493 0.935949586862524 0.941940153113239 0.942617050652855 0.949692075518705 0.961308069960371 0.940144457507964 0.940499632767771 0.938723581140781 0.913094083243652 0.945654848997681 0.955424613882511 0.955633131701618 0.932151895428087 0.930100485804475 0.94462778884731
-9999 -9999 -9999 -9999 -9999 -9999 -9999 -9999 -9999 -9999 -9999 -9999 -9999 -9999 -9999 0.946815929063932 0.960770226742639 0.949961911637409 0.91926618790999 0.93577059086391 0.931977431021703 0.901301518796579 0.93957348937818 0.926502708814467 0.977786262866641 0.902566957032455 0.936864507665959 0.939098333465367 0.91094733113061 0.962368970019211 0.956324772092486 0.95333518849816 0.945937214936704 0.953663332189852 0.949400695890768 0.95010361456621 0.929273817472843 0.923715426468525 0.937529686246906 0.937864238852526 0.948736167349546 0.942736438000588 0.955297039561565 0.966831342941349 0.945531062847171
