Archive - glowpa-model-master/Model input/Uganda/survival/survivalcombined/survival_restime_1nov.asc
NCOLS 67 
NROWS 67 
XLLCORNER 29.500000001 
YLLCORNER -1.499999999 
CELLSIZE 0.0833333332985075 
NODATA_value -9999 
[rows 0 to 19 of 67, columns 0 to 44 of 67]
-9999.000000000000000 -9999 -9999 -9999 -9999 -9999 -9999 -9999 -9999 -9999 -9999 -9999 -9999 -9999 -9999 -9999 -9999 -9999 -9999 -9999 -9999 -9999 -9999 -9999 -9999 -9999 -9999 -9999 -9999 -9999 -9999 0.913104090225484 0.937865324749045 -9999 -9999 -9999 -9999 -9999 -9999 -9999 -9999 -9999 -9999 -9999 -9999
-9999 -9999 -9999 -9999 -9999 -9999 -9999 -9999 -9999 -9999 -9999 -9999 -9999 -9999 -9999 -9999 -9999 -9999 -9999 -9999 -9999 -9999 -9999 -9999 -9999 -9999 -9999 -9999 -9999 0.940297456807757 0.923110706923376 0.936391514985005 0.928670491025678 0.911998382304538 0.912710839555013 0.937447825690568 0.942033168110293 0.918482263093991 0.934913038759425 0.937370587642589 -9999 -9999 -9999 -9999 -9999
-9999 -9999 -9999 -9999 -9999 -9999 -9999 -9999 -9999 -9999 -9999 -9999 -9999 -9999 -9999 -9999 -9999 -9999 -9999 -9999 -9999 -9999 -9999 -9999 -9999 -9999 -9999 -9999 -9999 0.954562988518029 0.933797184677787 0.951300827659785 0.951106080945142 0.964578255752893 0.936319153685042 0.948457216346093 0.960831967127075 0.959034046193214 0.954154711609984 0.950036982688827 0.937503413905583 0.919334641447303 0.939150226284295 -9999 -9999
-9999 -9999 -9999 -9999 -9999 -9999 -9999 -9999 -9999 -9999 -9999 -9999 -9999 -9999 -9999 -9999 -9999 -9999 -9999 -9999 -9999 -9999 -9999 -9999 -9999 0.940897499449807 -9999 -9999 -9999 0.937585568584093 0.932565263322595 0.952390561292234 0.936078501727837 0.910876301417406 0.949885756557461 0.946158868180302 0.93803692514694 0.938955029449951 0.929050099642679 0.942809187005709 0.94154458640195 0.918819749393722 0.948116867625128 -9999 -9999
-9999 -9999 -9999 -9999 -9999 -9999 -9999 -9999 -9999 -9999 -9999 -9999 -9999 -9999 -9999 -9999 -9999 -9999 -9999 -9999 -9999 -9999 0.945557580761282 -9999 -9999 0.926916120141102 -9999 -9999 -9999 0.98398862330777 0.977139501253758 0.976766963295958 0.952625386214632 0.949575924118575 0.942766690998313 0.912529443439852 0.938467400973035 0.92786440021323 0.944166690157498 0.936416212933409 0.930317016619031 0.934975478644815 0.951883686331934 0.933209799388726 -9999
-9999 -9999 -9999 -9999 -9999 -9999 -9999 -9999 -9999 -9999 -9999 -9999 -9999 -9999 -9999 -9999 -9999 -9999 -9999 -9999 -9999 0.932148966301551 0.954324593263779 0.948966231556117 0.951584614023273 0.912386656893523 0.985616109502243 0.985735133949731 0.979995277178885 0.985679699367496 0.932180763706913 0.976792373775386 0.96593397187916 0.965397163666828 0.942432811244362 0.939767201593524 0.953912922326464 0.94272878191037 0.912642142262125 0.937169790693578 0.911835285468675 0.953484147891431 0.954099192344861 0.933565827358566 -9999
-9999 -9999 -9999 -9999 -9999 -9999 -9999 -9999 -9999 -9999 -9999 -9999 -9999 -9999 -9999 -9999 -9999 -9999 -9999 0.947996298785577 0.96325019926893 0.964545820236767 0.967126104184273 0.96810604288729 0.939507789578598 0.926091920282084 0.985689744406331 0.98554448978056 0.985591273029868 0.985667767800555 0.958560361088123 0.933945487696764 0.966804943913065 0.927818258592984 0.951202300424437 0.960762027874321 0.958514203503966 0.953867107269324 0.938082883041997 0.94534844055776 0.94925902948316 0.955995896461589 0.959902820892221 0.902834826428112 -9999
-9999 -9999 -9999 -9999 -9999 -9999 -9999 -9999 -9999 -9999 -9999 -9999 -9999 -9999 -9999 -9999 -9999 0.955707254855175 0.957327424383003 0.945039352894602 0.945537447312257 0.93275123176191 0.929801476150673 0.9683359972642 0.901256089054032 0.958484755579206 0.979764514898219 0.918054716737229 0.953239068155986 0.955831744027767 0.967518830562375 0.953946066764241 0.976733431078402 0.937900733652618 0.922901157603038 0.932815825942169 0.950170464596618 0.9434465268118 0.938789408635766 0.937825704409939 0.935253841779129 0.936164838514304 0.945433805953364 0.932499337598949 0.904225178291766
-9999 -9999 -9999 -9999 -9999 -9999 -9999 -9999 -9999 -9999 -9999 -9999 -9999 -9999 -9999 -9999 -9999 0.955776405198527 0.9276243422655 0.946728126655706 0.946055589982827 0.937688274315409 0.956688920147681 0.969476006876992 0.968835308193607 0.979927027494284 0.944137652485623 0.943377876866642 0.950351587877479 0.954192209738278 0.967459605801738 0.967148347854584 0.94471943626445 0.96719187157251 0.930323530912182 0.945837594221471 0.922325595579249 0.944494878573929 0.924857061557691 0.937912320723334 0.937383257743497 0.969750964257356 0.933976590730594 0.945389920443824 0.932434127291156
-9999 -9999 -9999 -9999 -9999 -9999 -9999 -9999 -9999 -9999 -9999 -9999 -9999 -9999 -9999 -9999 -9999 0.959402468403081 0.960108277193018 0.963683119423632 0.952612289242936 0.94073447326661 0.938981581872744 0.933379925716335 0.979948765117141 0.948093850382741 0.939731690565259 0.940380283955618 0.93168466773789 0.962328879610167 0.966713988792038 0.945011968089872 0.953119990737248 0.976856029578204 0.976583015144688 0.940456174279019 0.922832945150013 0.939579539886511 0.94414891957799 0.947066882669078 0.957776036374046 0.969641128060551 0.952889456740756 0.948978546219173 0.934068888294991
-9999 -9999 -9999 -9999 -9999 -9999 -9999 -9999 -9999 -9999 -9999 -9999 -9999 -9999 -9999 -9999 0.952212292546045 0.957392736313602 0.96571520778084 0.968994948755383 0.970044609920217 0.969995907073804 0.959415276355931 0.958118366162066 0.985751664546111 0.962410595968464 0.946816700062851 0.925458996409439 0.936148646689269 0.958438971220282 0.962577253649266 0.924666565042046 0.966061793741135 0.947995316723934 0.941464024550623 0.967147052348285 0.957507779458515 0.944494397611008 0.958734019410519 0.970538779178422 0.946131351418385 0.938064419776186 0.93600739611339 0.951966368612394 0.964813694794219
-9999 -9999 -9999 -9999 -9999 -9999 -9999 -9999 -9999 -9999 -9999 -9999 -9999 -9999 -9999 -9999 0.951464603224909 0.949484408249524 0.948356313527777 0.935633076909346 0.951516108268421 0.918797664900826 0.934990632686237 0.980579892176039 0.950947656052263 0.961349415030677 0.959772681184798 0.947747451302343 0.94877267316827 0.956020223267592 0.960367219476667 0.946258979939424 0.965173498209715 0.948326008046721 0.948692310299639 0.974816351531608 0.959777008424044 0.971276510110215 0.959681196497127 0.939796397648162 0.935967573324118 0.952157392076143 0.935377243729501 0.951759042212723 0.935311676998725
-9999 -9999 -9999 -9999 -9999 -9999 -9999 -9999 -9999 -9999 -9999 -9999 -9999 -9999 -9999 0.949729626299364 0.945224692316459 0.951670414922245 0.955501045965392 0.947758012530308 0.941991180138295 0.929502048052535 0.986153017315858 0.986118139246028 0.94868564942257 0.929163182714418 0.949328943905661 0.929012440715023 0.949005941833902 0.953882835954269 0.950012405949085 0.939083863446404 0.963582763236598 0.919597271830942 0.944241091970168 0.956750833061513 0.962874364811241 0.938793227943858 0.946363878408228 0.940126868875135 0.915934922613697 0.946396882377406 0.936340815568505 0.947646801072176 0.906794527886402
-9999 -9999 -9999 -9999 -9999 -9999 -9999 -9999 -9999 -9999 -9999 -9999 -9999 -9999 -9999 -9999 0.954321915606656 0.952549122507797 0.938448328287624 0.952360765260823 0.948829848622864 0.916304411892611 0.980818632884646 0.986193251515513 0.938292622478588 0.930732094489855 0.939310640689594 0.950843858021939 0.931879748432319 0.944486112070887 0.944527036621577 0.953094093056897 0.963652563970642 0.956563721432647 0.92281062785734 0.94584580056269 0.974206243448965 0.940595161575856 0.941509467136937 0.957082748794435 0.946690107200012 0.940300439049202 0.938325970731032 0.94532383027983 0.935235140905112
-9999 -9999 -9999 -9999 -9999 -9999 -9999 -9999 -9999 -9999 -9999 -9999 -9999 -9999 -9999 -9999 -9999 0.951923828122364 0.957575143830354 0.961527715699101 0.962183369501432 0.967588673720305 0.986495252668657 0.943922376829111 0.955982900414409 0.959554391534648 0.930783134777694 0.942439583171457 0.946123261132726 0.946630399782318 0.924186255955761 0.94695923587262 0.959839576747299 0.953769344686734 0.94728329998923 0.946223886516671 0.958221502176971 0.963217145042071 0.94277689162477 0.941867468369364 0.956590844088898 0.940833661861917 0.929221359507841 0.942818367201724 0.953605873959609
-9999 -9999 -9999 -9999 -9999 -9999 -9999 -9999 -9999 -9999 -9999 -9999 -9999 -9999 -9999 -9999 0.955835639486251 0.942701152357111 0.949201646412073 0.956346241586929 0.957913825714938 0.942526721876485 0.986386368257756 0.949155315896339 0.953654557225932 0.966470881564852 0.962398618398547 0.950356718437723 0.944035291675784 0.956109253159533 0.93687434392398 0.944725438383826 0.947167954992971 0.938448954027837 0.950543870766589 0.952951331367854 0.954616159114049 0.953927144904748 0.962972580518691 0.969456335570763 0.951645888313808 0.956473850842961 0.967514371248104 0.967245735893544 0.942156155925278
-9999 -9999 -9999 -9999 -9999 -9999 -9999 -9999 -9999 -9999 -9999 -9999 -9999 -9999 -9999 -9999 0.955117372921166 0.965751639682438 0.953531070173958 0.949639969693578 0.970627451354207 0.971737211503997 0.971798429013997 0.980773734618239 0.947487558709145 0.929086353589922 0.929654790090822 0.930131660206606 0.963208426689428 0.961690851340573 0.943725547330314 0.92201977434727 0.930098079569325 0.947920172073179 0.935296091813052 0.946898211166925 0.922264000382115 0.942195220765046 0.956752373204592 0.959279309879612 0.939975781362902 0.924751066063825 0.936032071111651 0.909358721352304 0.934898303557215
-9999 -9999 -9999 -9999 -9999 -9999 -9999 -9999 -9999 -9999 -9999 -9999 -9999 -9999 -9999 0.936704078849712 0.949468096293067 0.949881790984631 0.966392389757411 0.958527302493632 0.948620408594671 0.942594403171213 0.922733028234102 0.986220295128178 0.955355091918516 0.967047806945946 0.966216194924711 0.964974861143187 0.964148537465642 0.942792860798228 0.951427369259063 0.924354415090939 0.944605210783906 0.944826392431819 0.944790939616713 0.933059219798845 0.942466545626214 0.952367207513875 0.95490960543495 0.971048159143228 0.970788446381501 0.937156152229656 0.910454829281504 0.936329253238635 0.942850294489632
-9999 -9999 -9999 -9999 -9999 -9999 -9999 -9999 -9999 -9999 -9999 -9999 -9999 -9999 -9999 0.951318019421491 0.962291928144455 0.930086806468593 0.965141845462198 0.953083203435005 0.962959667903489 0.942984720627618 0.954872712119829 0.986436694011744 0.948671339561687 0.926962868111525 0.948904203605374 0.934618407926803 0.94207748822431 0.942941136962916 0.93955928544802 0.945259631695142 0.946025188858508 0.952852631694934 0.963804502334839 0.944219997900886 0.943978168159243 0.941920909897018 0.917865379306859 0.948552869042615 0.957655797645439 0.958061331417347 0.934055279981292 0.933248224258562 0.947346034510216
-9999 -9999 -9999 -9999 -9999 -9999 -9999 -9999 -9999 -9999 -9999 -9999 -9999 -9999 -9999 0.950099945933716 0.963434131958835 0.953312147663868 0.926073426214775 0.94241455251201 0.943671823867287 0.918585337325207 0.945673168074686 0.948462869794019 0.980407357545352 0.928457889144333 0.94655047411055 0.949375028073643 0.920850165719828 0.965458597122868 0.959520971244391 0.956885893407715 0.950287921487884 0.957330988668853 0.953436393616678 0.954229026231701 0.93472220436224 0.929771821787923 0.942147998674432 0.942360577066096 0.952267629782516 0.946630802115194 0.958271946433582 0.969072119040931 0.948687218358396
