Archive - glowpa-model-master/Model input/Uganda/survival/survivalcombined/survival_restime_1apr.asc
NCOLS 67 
NROWS 67 
XLLCORNER 29.500000001 
YLLCORNER -1.499999999 
CELLSIZE 0.0833333332985075 
NODATA_value -9999 
[rows 20 to 39 of 67, columns 0 to 44 of 67]
-9999 -9999 -9999 -9999 -9999 -9999 -9999 -9999 -9999 -9999 -9999 -9999 -9999 -9999 -9999 0.931782090922937 0.918344201021291 0.943170699120251 0.924872750527235 0.93668208287228 0.933812059428635 0.940298497686053 0.948591290889853 0.92569078421806 0.955072182051467 0.953484107445088 0.910496141379679 0.921162768936275 0.976437230389185 0.96010745784548 0.934605579574489 0.909963624186082 0.942837859538899 0.919986996908893 0.964729787163905 0.964287499843957 0.952609945033207 0.942591124944048 0.935190885907553 0.940077271377732 0.942008497429273 0.918954191078927 0.945121523601779 0.946352305739679 0.95060839757575
-9999 -9999 -9999 -9999 -9999 -9999 -9999 -9999 -9999 -9999 -9999 -9999 -9999 -9999 -9999 0.94023036332139 0.91821010213444 0.91716508912753 0.935117327159622 0.937994100959647 0.921489547342595 0.933848365418388 0.928157239156974 0.931228941306157 0.97628284368881 0.983141500332977 0.983203458569339 0.983202776835541 0.940654630203598 0.976618592718287 0.983101489238934 0.938073941893032 0.948603629246206 0.918802783398841 0.951319419918497 0.934790889196692 0.942680650488377 0.943897420201402 0.957279164920718 0.955417409582314 0.951856277596888 0.936082915283564 0.934643286970741 0.940121543320052 0.939546396869392
-9999 -9999 -9999 -9999 -9999 -9999 -9999 -9999 -9999 -9999 -9999 -9999 -9999 -9999 -9999 -9999 0.941183803093399 0.927049834261313 0.943151503866972 0.906421811621428 0.976258049532512 0.975938265767876 0.982847065281445 0.983209721192971 0.933915363363134 0.933443369959161 0.934812704957273 0.935892798592112 0.952318101210078 0.949262898586665 0.944854970339582 0.976324814708185 0.983156633270923 0.983236646116454 0.941036674182576 0.943003503751993 0.96184902928977 0.941800675792441 0.92833325740488 0.942002392684911 0.94071897617215 0.910704360983541 0.934106098189173 0.933438535672552 0.914453111350934
-9999 -9999 -9999 -9999 -9999 -9999 -9999 -9999 -9999 -9999 -9999 -9999 -9999 -9999 -9999 -9999 -9999 0.919518638462666 0.983949094183143 0.983561388623633 0.982990196556305 0.982960705152732 0.982861760532355 0.945444229965497 0.940704296527901 0.927805527630421 0.941875168571874 0.933140351822353 0.941337674823046 0.943095873747374 0.939537537061756 0.939390529827749 0.933834765391899 0.983304641242099 0.940404423742176 0.928280073494198 0.948467283575068 0.948157004003674 0.94152143329219 0.940836512622503 0.935609453938871 0.908629167129778 0.945478811605808 0.951769197553389 0.939229230249728
-9999 -9999 -9999 -9999 -9999 -9999 -9999 -9999 -9999 -9999 -9999 -9999 -9999 -9999 -9999 0.939047670183048 0.935840831760213 0.984436178109621 0.976521095846961 0.976297651586025 0.982896793707239 0.982997067279796 0.982875360645803 0.98298027985923 0.947978072873133 0.961239894695906 0.96052775345804 0.947911346055522 0.924457561548421 0.933066610138437 0.915114896875298 0.915588391188245 0.939959775576338 0.954438013071116 0.976362866646411 0.963666348902117 0.940697581103071 0.914507210585182 0.915274288128084 0.934500247565711 0.946860939537604 0.934209984695889 0.958123769982147 0.95298599816318 0.910031403337089
-9999 -9999 -9999 -9999 -9999 -9999 -9999 -9999 -9999 -9999 -9999 -9999 -9999 -9999 -9999 0.945248326485735 0.978652298338972 0.98371285122151 0.983257374766029 0.983183063414372 0.976335222723292 0.983247724712561 0.983125398562528 0.97627096562069 0.943929783909542 0.936986656928956 0.918785869183874 0.938548410576163 0.918557163363698 0.94757713151524 0.940232511104343 0.940446217956774 0.94045823864108 0.976746332223138 0.961521743454363 0.960138915827217 0.959234571008369 0.957772224306278 0.955721549124286 0.944685453917498 0.944866524276073 0.936874892758984 0.945194410384956 0.946983322113123 0.911152991093542
-9999 -9999 -9999 -9999 -9999 -9999 -9999 -9999 -9999 -9999 -9999 -9999 -9999 -9999 -9999 0.979221631376975 0.983917458894485 0.983469843423149 0.983237803469743 0.97639379387968 0.983277959090905 0.983156899596376 0.976310788959978 0.942329436988225 0.941110089265891 0.942926914142268 0.943190547701901 0.95449400320371 0.939595748192685 0.937111709946765 0.946627583361637 0.926032669919471 0.917028462974463 0.983454711085138 0.976715215428152 0.927676886866065 0.941379836927987 0.939490906553006 0.940082431575501 0.952327260779399 0.950265583063939 0.949185073096375 0.939547655448243 0.951738900454957 0.946550375854894
-9999 -9999 -9999 -9999 -9999 -9999 -9999 -9999 -9999 -9999 -9999 -9999 -9999 -9999 -9999 0.98409128707948 0.983513713299104 0.983474345919623 0.976461567388664 0.983314609041691 0.983187555894003 0.976354574513666 0.983249602503968 0.93287558660337 0.954748973769307 0.920231929771956 0.917631599270221 0.940932975584388 0.91847186657086 0.917419970882243 0.941249684993443 0.983480545545342 0.983497634993751 0.983604461900323 0.939191065880392 0.91603136024586 0.94187272854214 0.951513921191749 0.956609899819209 0.954516568594401 0.96670491291924 0.960273272222199 0.941884398688066 0.934735398311254 0.982850476943669
-9999 -9999 -9999 -9999 -9999 -9999 -9999 -9999 -9999 -9999 -9999 -9999 -9999 -9999 0.984063977708016 0.976864479734209 0.983499209520456 0.976772439934663 0.983247376655264 0.976421030662873 0.976383343969309 0.983411135222366 0.937444306085676 0.951596560487126 0.953525770918361 0.951039585078044 0.917227209823613 0.954250763988502 0.940360013485549 0.914756516459232 0.946178667563105 0.976821741724729 0.97685176499954 0.983562399436957 0.957817582975856 0.948395920916834 0.940717183490929 0.947673663351324 0.956120319143746 0.943611521873046 0.941721510577466 0.957746197662001 0.955863496553684 0.938195253457361 0.975674045847946
-9999 -9999 -9999 -9999 -9999 -9999 -9999 -9999 -9999 -9999 -9999 0.985068442796058 0.978344437423837 0.977386140343436 0.976859247629106 0.983512215530372 0.976803280055619 0.983567903765391 0.976461292380237 0.98333162919815 0.976685129882963 0.920524326563476 0.942808375467908 0.939816631271214 0.916517843681443 0.947851102474433 0.940548165871277 0.955738843474254 0.939495164255142 0.935157625240547 0.927571480971873 0.983610248495468 0.983511135024144 0.976813765874284 0.983031032903274 0.957419366392616 0.9692429407528 0.969048565977134 0.982913624799498 0.975799247320151 0.975781000515126 0.982862261730826 0.982810324674961 0.982791581892125 0.975719386579432
-9999 -9999 -9999 -9999 -9999 -9999 -9999 -9999 -9999 -9999 0.94887729398936 0.984071005866131 0.983619824193484 0.983505675183607 0.983507891510674 0.976818638188081 0.983584065479231 0.983432543862216 0.976436969998988 0.976835556979257 0.924778821602257 0.938315035843028 0.938360517599113 0.925203176772552 0.940222874768912 0.93862833888304 0.948106707527249 0.959061355472412 0.947003692777537 0.929152795610444 0.964326893200903 0.951005103885118 0.940271903072043 0.953131602086043 0.983103546802663 0.976106256723396 0.98291292212364 0.982845845838903 0.982905387762221 0.975837474814312 0.982785004254373 0.975808660484967 0.975735281050644 0.982730014593629 0.982794677414333
-9999 -9999 -9999 -9999 -9999 -9999 -9999 -9999 -9999 -9999 0.983929758500697 0.977116371318585 0.983660884681187 0.983666637670194 0.977050659351516 0.98375846930823 0.983689722270555 0.976943312356559 0.937696910029797 0.959009392588213 0.917171745120328 0.917186160501768 0.918756998141568 0.941186601599454 0.955970567441294 0.948946826050151 0.961227588940341 0.960232087249314 0.974219475295992 0.965282314132031 0.968060556324875 0.943528820263963 0.92160130262579 0.943099711332711 0.933414274328842 0.926963738868688 0.983378439760923 0.976516358480124 0.983272483299545 0.983283151857762 0.983279213348237 0.983261238538566 0.983204239117818 0.983069046051561 0.983026913657345
-9999 -9999 -9999 -9999 -9999 -9999 -9999 -9999 -9999 0.947321716823485 0.983746510785225 0.983793265168454 0.983677618682316 0.977030433306211 0.983755119622757 0.983630456233531 0.977248945631156 0.953555308947801 0.918594548195777 0.958127019280419 0.954088209374402 0.948486986551777 0.941801753967721 0.920641390793994 0.969737328135174 0.95805903509095 0.961923347269138 0.963802853098071 0.915196267448062 0.940460653701175 0.942025022136493 0.954683838041028 0.945307730178458 0.945675152413996 0.944672327682302 0.943696197112053 0.983271118427057 0.98338305121931 0.976485080623971 0.942688347118299 0.976443845542918 0.983179864694679 0.983178911432992 0.976341061577974 0.983140477081335
-9999 -9999 -9999 -9999 -9999 -9999 -9999 -9999 -9999 0.946180866180772 0.983836029821951 0.983886814774372 0.977062927346768 0.983744799885191 0.983635124401619 0.977387859332517 0.944110961921385 0.949355292087233 0.91194357133366 0.937056428443932 0.914768041474296 0.938173683125772 0.968682647220932 0.957033753256749 0.953321630353743 0.939539858426492 0.959701339319878 0.939112593222538 0.959425047294544 0.961279161465609 0.945013779274156 0.942140918678384 0.954585611210455 0.951419520114592 0.923889951567878 0.920239204904139 0.944840684435694 0.942930819231134 0.93911351497781 0.95636271369824 0.983373410889616 0.98326027711247 0.778285450970815 0.983181428894448 0.983192048119863
-9999 -9999 -9999 -9999 -9999 -9999 0.951181623169716 0.955544388640609 0.948204744436079 0.911698422983742 0.972877573696605 0.977312583388446 0.983790366945301 0.977041393902449 0.977089300655818 0.945065771211652 0.922943365981656 0.917284182390962 0.940065665987082 0.934052078725797 0.959850660811962 0.955264682940143 0.944074808224891 0.939688774100135 0.914668820306013 0.928970099276257 0.950760764862508 0.92134921639347 0.97018379382715 0.922570862867987 0.943620518608733 0.944058285177194 0.954039438487664 0.952059565792919 0.942705993250941 0.944289003188431 0.950180416752862 0.938980201522649 0.922173034163238 0.969070323074325 0.943804844490177 0.976557590110248 0.961621708055051 0.945680163290839 0.983198624860907
-9999 -9999 -9999 -9999 -9999 -9999 0.937676372568413 0.940343808364951 0.93829506013124 0.961736403822507 0.934007054213604 0.976983658379482 0.977040009443592 0.983786823717922 0.983916214955661 0.967646675759115 0.966945143422702 0.966467689955918 0.965109889117194 0.964675518668343 0.958103891621156 0.914605726785551 0.953002090345243 0.965447112166335 0.938081551891213 0.939997038073107 0.943849628656574 0.937377305294344 0.969666514485473 0.913274187843385 0.958097543750758 0.943491492924749 0.950386502866462 0.943413933272819 0.950782025170808 0.943956146276056 0.943905035204775 0.954785709946299 0.946543412452317 0.968710220944394 0.946069091904453 0.983407791103238 0.933217252822575 0.944062196386033 0.943847987577856
-9999 -9999 -9999 -9999 -9999 0.941806112275593 0.922934745159777 0.955179989871491 0.961843798152624 0.897994907313839 0.891932091981936 0.983592591359991 0.983678793224997 0.983982304171254 0.946577056308608 0.943247971087415 0.94157089675209 0.949604790262631 0.925443804228452 0.964634241966001 0.935372919508629 0.939127254361164 0.95282160822511 0.965169164489686 0.943304360155208 0.91668191877179 0.915144385442527 0.950314297932207 0.954453470143951 0.95658250312294 0.945829816539411 0.933774445746085 0.942869371382601 0.942943998560593 0.961754271810193 0.941102237340185 0.943293594969078 0.945897977682434 0.952541161933113 0.968429622895499 0.946091054899426 0.983445964987948 0.946363389402933 0.95791477047519 0.943414148325246
-9999 -9999 0.929466703873611 0.925441178376154 0.93976898601879 0.933005133163697 0.930277213878684 0.949118090127505 0.972779608596862 0.929646547131398 0.95606610659543 0.95673327335287 0.971215640007013 0.925017709823071 0.931003163757626 0.956135440035277 0.949748278932228 0.945202714031112 0.940784014700783 0.96473029364999 0.937748214243633 0.955621164148994 0.948151705340145 0.958283314471012 0.950000701950476 0.947356609507034 0.94090242363128 0.941046940166168 0.953306662431015 0.969367932646233 0.968374374591749 0.939996636650123 0.922019046879195 0.922147608810793 0.960809413532986 0.938266927037962 0.934123375687753 0.945503856124066 0.928898663811961 0.96763309489711 0.92583598352973 0.983612126582805 0.945894314500825 0.946317121141257 0.929981169131537
-9999 0.920103974996659 0.93687398039742 0.941027282883373 0.921501649977492 0.938313269321895 0.972727081227982 0.961861287024231 0.937019346982092 0.902311687158661 0.955960338926959 0.922966853162611 0.960473225272483 0.959243745953386 0.970187564741578 0.949458952036908 0.936559687778462 0.947049962382651 0.939428559470383 0.962043193707466 0.952421024169477 0.946846462451928 0.927002860923324 0.957049905428615 0.941824245037947 0.941934709387322 0.933706116432416 0.930793545672833 0.944801333543032 0.922620564895456 0.936445783934862 0.955587870205786 0.953760720518576 0.939259725479328 0.960308104813608 0.940547274615733 0.950319400105503 0.943415908496212 0.926035789886289 0.967038558635122 0.916957945656306 0.98363546458432 0.92303145434515 0.924597609885909 0.914307156181549
-9999 0.917959974984125 0.925445334172379 0.972837709141858 0.972961854311419 0.962475733197887 0.941088046243048 0.947388165232365 0.948659284333061 0.937574364630536 0.945912439566079 0.940105784143092 0.948755270562745 0.958141818213708 0.946244747945242 0.957458523939754 0.966814210426529 0.946423414194011 0.949361439031375 0.926693487338892 0.942170834947718 0.926371189859884 0.946739152008121 0.954992342172853 0.94260789865565 0.95762688575602 0.955982046121878 0.951535120170644 0.932099831481077 0.932594017152459 0.949237706208375 0.920925917358815 0.954425695289856 0.914600024671147 0.940520210774219 0.94226476189293 0.940959752736025 0.939015727828534 0.947792149053156 0.963226489151 0.939150209582423 0.940811688283163 0.976775351655768 0.962106663854842 0.944039010838893
