Archive - glowpa-model-master/Model input/Uganda/survival/survivalcombined/survival_restime_1sep.asc
NCOLS 67 
NROWS 67 
XLLCORNER 29.500000001 
YLLCORNER -1.499999999 
CELLSIZE 0.0833333332985075 
NODATA_value -9999 
[rows 20 to 39 of 67, columns 0 to 44 of 67]
-9999 -9999 -9999 -9999 -9999 -9999 -9999 -9999 -9999 -9999 -9999 -9999 -9999 -9999 -9999 0.938905065118542 0.926206853515025 0.948676221312869 0.933238370393633 0.949739578041029 0.94420140668721 0.94961092154525 0.95555078480537 0.944147980437685 0.963285712316466 0.961774178904287 0.925949449920705 0.9339580577388 0.97985837598589 0.965767906281952 0.94371839922832 0.922676378533003 0.95145010592013 0.932177314752217 0.97077307556957 0.970389647882137 0.961129202984874 0.95181807844707 0.94541732686693 0.948994090966169 0.951342631773996 0.932579082653102 0.955351513611046 0.95600247784543 0.960127269168148
-9999 -9999 -9999 -9999 -9999 -9999 -9999 -9999 -9999 -9999 -9999 -9999 -9999 -9999 -9999 0.945863097472443 0.926240304718599 0.924879270106154 0.941733853029083 0.945534101507224 0.931458264722923 0.941388418693964 0.941608980251514 0.944115621073141 0.979592767590565 0.985517173271527 0.985600694605131 0.985644008138315 0.950180349239205 0.979997848543307 0.985885613828002 0.947029814463835 0.956518712837055 0.930529867227026 0.959615677871805 0.945215008666165 0.951651244460218 0.953405496499309 0.964514618882988 0.962976928775067 0.960124811562862 0.946631668792745 0.94692598162082 0.951126591482147 0.95005896212647
-9999 -9999 -9999 -9999 -9999 -9999 -9999 -9999 -9999 -9999 -9999 -9999 -9999 -9999 -9999 -9999 0.947109134814567 0.934649119403572 0.949639319195494 0.917036317434529 0.979852825798033 0.979478315019795 0.985352115192387 0.985466453193469 0.945207310348101 0.946089734315603 0.947724522312297 0.945164032848159 0.959089541300227 0.956101741407143 0.953028266875063 0.980235033062815 0.985952138498839 0.9859886235837 0.949469403753231 0.950916440527115 0.968328210835048 0.950002383882181 0.939846498322686 0.951348653758157 0.950558411097755 0.92597578330762 0.946608019474213 0.946573732673035 0.929891037049026
-9999 -9999 -9999 -9999 -9999 -9999 -9999 -9999 -9999 -9999 -9999 -9999 -9999 -9999 -9999 -9999 -9999 0.928780282691296 0.986584622321975 0.98618899051831 0.985518191552848 0.985447322782608 0.985359680496234 0.954595803747881 0.951892525084867 0.942320510479178 0.953820653141797 0.943646113822008 0.950433964592614 0.950475360100981 0.948198811270073 0.948111282347422 0.94381286468773 0.986034462184224 0.948667542617615 0.938011458861611 0.957355512455602 0.956937929643829 0.951051305192599 0.949799676785791 0.946901407865901 0.924685827302917 0.955790710928702 0.961106149936133 0.950043879401109
-9999 -9999 -9999 -9999 -9999 -9999 -9999 -9999 -9999 -9999 -9999 -9999 -9999 -9999 -9999 0.944433381361092 0.941931650709175 0.986972175114423 0.980232884970629 0.979930155013096 0.985400094420946 0.985467001032064 0.985373167952451 0.985473901285866 0.956440923600467 0.967087860096674 0.966427320258085 0.955233073183487 0.935380555915328 0.942096594311289 0.927173146756531 0.927514555451394 0.948465539486248 0.961456157625451 0.980259903350589 0.969306610626375 0.950421466068835 0.927524055135094 0.927094506143792 0.9456344932134 0.956145407168677 0.94567361937988 0.966523743485852 0.962102931327134 0.925748509867146
-9999 -9999 -9999 -9999 -9999 -9999 -9999 -9999 -9999 -9999 -9999 -9999 -9999 -9999 -9999 0.950240778982336 0.982074971711556 0.986110497876003 0.985617672534952 0.985539204024852 0.979643640463635 0.985596716380096 0.985500865837658 0.979626371231737 0.953951314250884 0.948499442918859 0.929595906694302 0.946491080692403 0.929095642755994 0.954218911928508 0.948630950470218 0.948838100457191 0.948849875476099 0.980648776227593 0.967607590344445 0.966309226052155 0.966718367679728 0.965496275019794 0.963866245253029 0.954095623084269 0.954308056811478 0.947648778218931 0.957365879432254 0.957593002431153 0.928247043015627
-9999 -9999 -9999 -9999 -9999 -9999 -9999 -9999 -9999 -9999 -9999 -9999 -9999 -9999 -9999 0.982446210114932 0.98631253912571 0.985773736688102 0.98558929964604 0.979698805689131 0.985624690894497 0.98552215819115 0.979634427857882 0.950191398697047 0.948207425138581 0.950117688576885 0.950357850960949 0.960111440422086 0.946172399682653 0.944863935332355 0.954156656575796 0.936633979484598 0.928276511465459 0.986219192428207 0.980600947415705 0.938553233501286 0.951527642133758 0.949713221108664 0.950053367639529 0.960107879134485 0.958430136724813 0.958667967094893 0.949645508542253 0.961761757386044 0.957336822237067
-9999 -9999 -9999 -9999 -9999 -9999 -9999 -9999 -9999 -9999 -9999 -9999 -9999 -9999 -9999 0.986515042158508 0.985809242013982 0.985767373940708 0.979745898081985 0.985652517490783 0.985545036540109 0.97966743166587 0.985641951152914 0.941560053138994 0.959823270348913 0.929112992335034 0.926473962001431 0.947176369929059 0.926294663140041 0.925923237519014 0.950037630328322 0.986208545784184 0.986240038255736 0.986316879300466 0.947464596606047 0.927359175717436 0.951466293158273 0.960096569406816 0.964261031277344 0.962853718132014 0.97284875933083 0.967095108016125 0.951270090526687 0.948267105574059 0.986838020297117
-9999 -9999 -9999 -9999 -9999 -9999 -9999 -9999 -9999 -9999 -9999 -9999 -9999 -9999 0.98648881772032 0.980090753171886 0.985771066529267 0.979970788229062 0.985585937931556 0.979706957696316 0.979689170251638 0.985777865140802 0.943901244014029 0.956639530286196 0.958711263145512 0.956452804677378 0.925825529051978 0.959483189528013 0.946560072921434 0.92303547997515 0.953205756844048 0.980576007977729 0.980662152425376 0.986303072133817 0.964436682219334 0.955117492420135 0.949435858755279 0.955003451964638 0.964131565418138 0.951663297335104 0.95089842040397 0.965325190989048 0.965065106198508 0.949167596179004 0.981284913738399
-9999 -9999 -9999 -9999 -9999 -9999 -9999 -9999 -9999 -9999 -9999 0.987330313499069 0.98166512731355 0.980783407448001 0.980062846555102 0.985764431706832 0.979970715814119 0.985822164296124 0.97971601658202 0.985652880190458 0.980021782863652 0.927707075448893 0.94845738558063 0.945336245591633 0.924218513087027 0.953284747108187 0.946353474485994 0.960785557707191 0.945744135196344 0.940461041155992 0.936063092654778 0.986297396854685 0.986222109691493 0.980621121697582 0.985813777332133 0.963878745118605 0.97486477909501 0.974725299947795 0.986279830646641 0.980553800229102 0.980565642714205 0.986268131387295 0.986756901762801 0.986755032680069 0.981267773890804
-9999 -9999 -9999 -9999 -9999 -9999 -9999 -9999 -9999 -9999 0.953438059608055 0.986507771827948 0.985984645497682 0.985774673112366 0.985744043670907 0.979948052183317 0.985809407057045 0.98571239645792 0.979734695298028 0.980228120019195 0.931992884569517 0.94416206871974 0.943812351361925 0.932144966105754 0.945855569816762 0.944315633040153 0.953407152341008 0.963783680393984 0.952589580906292 0.934771649052486 0.969341457021296 0.957556223083287 0.948091501603614 0.95927066415545 0.985914289428124 0.980026456967863 0.986229260672482 0.986216896883419 0.986261702762608 0.980529604531051 0.986145406055374 0.980529361759513 0.981233785911442 0.986659657879436 0.986747552349946
-9999 -9999 -9999 -9999 -9999 -9999 -9999 -9999 -9999 -9999 0.986131715887948 0.980100293412794 0.985652498164063 0.985644733722983 0.979821286090629 0.985722619475021 0.985720853068487 0.9798714500919 0.942780369974836 0.962917809838296 0.92398043817437 0.924108564039594 0.925421236271331 0.945905637785877 0.960300130745417 0.953707579725733 0.965459587094199 0.964464571615244 0.976907117668797 0.968883660757226 0.972059103880517 0.950206225635982 0.930801103103339 0.949766451576865 0.941644511864432 0.935624406408838 0.986537553108606 0.980908099614284 0.986387176072334 0.986376337034302 0.986375746058841 0.986367385673216 0.987047499939911 0.987051742074328 0.987059341150586
-9999 -9999 -9999 -9999 -9999 -9999 -9999 -9999 -9999 0.951013413590025 0.985848773965799 0.98580791701632 0.985622166212858 0.979752409382331 0.985686656033019 0.985636847530021 0.980319523231835 0.957183213880357 0.92485086751836 0.962010877257492 0.958260306959354 0.953039547757157 0.947250361240528 0.928177791922763 0.973157571135005 0.96278521594796 0.966024352278789 0.967551574197592 0.922212432291795 0.9441458709872 0.947724542371574 0.96034225274876 0.951579231383987 0.95201980473182 0.951009136189448 0.950172869141978 0.986493172676126 0.986538983784042 0.980910587661612 0.948334681563689 0.980937610957691 0.986407548568851 0.987136145698774 0.981798609052856 0.987062736439449
-9999 -9999 -9999 -9999 -9999 -9999 -9999 -9999 -9999 0.949746486417994 0.985831855576147 0.985807482731131 0.979736489913974 0.985653529543476 0.985571579118215 0.980325295219505 0.947725663269422 0.952921721468115 0.918187737814827 0.941788517413482 0.921833967125006 0.943847500777473 0.971841205620107 0.961412439700087 0.95812964217942 0.945180455637951 0.964219361728896 0.944016861629855 0.963134860612998 0.964807478777965 0.951101712615058 0.946854452467691 0.960238079110024 0.957266338227264 0.932445568347604 0.92901627208421 0.953125151161941 0.950435876698266 0.946255895777028 0.963076167990505 0.986547968652135 0.986449080717941 0.327087753496817 0.987146781822338 0.987151542331096
-9999 -9999 -9999 -9999 -9999 -9999 0.954365257089484 0.958764693515885 0.951869740497809 0.917115578307135 0.973614230403465 0.980050777468779 0.985681788778258 0.97972506819848 0.979872351462094 0.948156592603558 0.927884439907549 0.922422582683025 0.94428037311764 0.938381281060537 0.96351361884035 0.959524600046785 0.948777150958413 0.944868334011938 0.922676440263713 0.936035801307808 0.955475678185718 0.92780199973852 0.972861114620715 0.929045954289629 0.950060235296176 0.949718470455112 0.95909838182536 0.957893548291803 0.948797686699879 0.950190244691525 0.957111207416534 0.947529540435827 0.931432268668178 0.973847001360416 0.951425638516286 0.980129904866875 0.968643202691167 0.954060051659047 0.98718783396636
-9999 -9999 -9999 -9999 -9999 -9999 0.942299372182348 0.944925337832615 0.94208323937874 0.962814032518102 0.938584447997484 0.979849932456745 0.979741487596998 0.985733425311775 0.986122960518748 0.970522205956428 0.969785734964706 0.969360409580241 0.968302203689114 0.967892668708132 0.961921266726978 0.92076317226617 0.957440414813285 0.96868814211531 0.943656786320883 0.945466175670602 0.94895107928663 0.94310349014429 0.9723204322744 0.918034683831827 0.962846720381301 0.949508447278359 0.955464756592306 0.948501918355195 0.956626443237624 0.94956000799279 0.950877526241153 0.960980184375491 0.952979368966906 0.973518482137067 0.952906828058063 0.98591957423554 0.944302308472966 0.954178412742258 0.952681165269554
-9999 -9999 -9999 -9999 -9999 0.945999502860416 0.9284705303913 0.958588832024121 0.962922239507239 0.902430133812084 0.895941879105548 0.985684509087632 0.985706901780383 0.986109671551051 0.949395847585328 0.946524315488118 0.944399439427772 0.952605368464311 0.930530544391228 0.967878795077432 0.939878849423712 0.944743773275119 0.956830357391934 0.968385806779867 0.948268163165463 0.92399106377811 0.922203894209721 0.954620087293767 0.957837213869823 0.960401252414462 0.95135135933452 0.941158931401291 0.949059533930234 0.948877901971149 0.966108306395851 0.947886530736106 0.950393880495699 0.952691461048877 0.958561183664892 0.973269382378188 0.952967630710998 0.985939061801543 0.954744264492956 0.965363081021747 0.952393109093936
-9999 -9999 0.93354750240687 0.930614260035925 0.94355614583963 0.937696013622559 0.934725151732926 0.952745724221037 0.973210943910523 0.925701190363364 0.957960450277649 0.958668349250609 0.973782673267696 0.928445775398191 0.933777523833669 0.958168830471081 0.951807447988887 0.947753791759678 0.943909958161167 0.967726530332562 0.942325650610208 0.959523195365127 0.952089921306366 0.961788042637623 0.954444640617435 0.951478083684224 0.945263241364064 0.945126362480825 0.956403283047015 0.971716221066526 0.971644751531736 0.94489455718522 0.928924100484041 0.929235337181497 0.964668466679671 0.943399907587575 0.942380456403662 0.951528952101595 0.936276672959269 0.972129484779969 0.934137452589481 0.985838503180426 0.95258896803125 0.952693200464213 0.939185506477964
-9999 0.925763822491417 0.941880550622545 0.945281284975192 0.925740127273657 0.942728372045882 0.973102196587885 0.962416555599309 0.933439942945462 0.897768531999052 0.958409084424077 0.927264158410477 0.962997898224699 0.962727197738865 0.972798343050267 0.951913067000709 0.940128699013778 0.949911494925002 0.94403899918693 0.965321650297036 0.95612421163615 0.951231746117399 0.933187846656863 0.960771734835529 0.946201415571447 0.946437546532655 0.93805927547542 0.93517449413357 0.9485850985823 0.927020040347152 0.942115795736962 0.960091755718175 0.958381053839818 0.94451400782186 0.96418549692191 0.945638618102898 0.956558708754365 0.949616102643152 0.933961515596253 0.971600699469922 0.926169872695339 0.985840616848314 0.932346023570821 0.932001167999363 0.921547903823305
-9999 0.923584594041591 0.931109867028354 0.97336748716488 0.973360236631753 0.963256460001974 0.944637278389883 0.950179032424439 0.951087088593529 0.940985695748566 0.948709027889845 0.944049407376744 0.950666929241752 0.961374092682865 0.949911721894826 0.961281710514336 0.969622185312705 0.949505935837004 0.953152132348822 0.932373646907838 0.947243271138333 0.932445817792546 0.951336009886422 0.958917795673183 0.947512683405108 0.960866601166321 0.959204837728351 0.954994446266112 0.93642564293608 0.936371108700145 0.953488363098307 0.927022023398707 0.958929985851839 0.921995227459885 0.945527697507338 0.947576882838122 0.947806254148752 0.945997721462911 0.954795754422463 0.968056195899911 0.945966111166889 0.947548894597719 0.980461636265684 0.967454632964593 0.950432231857213
