Archive - glowpa-model-master/Model input/Uganda/survival/survivalcombined/survival_restime_1jul.asc
NCOLS 67 
NROWS 67 
XLLCORNER 29.500000001 
YLLCORNER -1.499999999 
CELLSIZE 0.0833333332985075 
NODATA_value -9999 
[rows 20 to 39 of 67, columns 0 to 44 of 67]
-9999 -9999 -9999 -9999 -9999 -9999 -9999 -9999 -9999 -9999 -9999 -9999 -9999 -9999 -9999 0.941453835772746 0.928632954736479 0.950390036997973 0.934876423699915 0.948528060017395 0.944235432551576 0.949313995999941 0.955846848509952 0.94093028838967 0.962038647259603 0.96069181334249 0.922726345204932 0.932258838123864 0.980778050468464 0.966218743715511 0.943782198809012 0.922686551661238 0.9515584738781 0.932075780933929 0.971060922994646 0.97068664678029 0.961083671759272 0.951944203176375 0.945250549220357 0.949491323836043 0.951445114584525 0.93229713916561 0.955582754408338 0.956479407691152 0.96080814134642
-9999 -9999 -9999 -9999 -9999 -9999 -9999 -9999 -9999 -9999 -9999 -9999 -9999 -9999 -9999 0.947876623069195 0.928788530091879 0.927762302901024 0.942877576515029 0.946560132972189 0.932323901078563 0.942464017780176 0.940355448108402 0.941547218387666 0.980508213674111 0.986155197430943 0.986237878224723 0.986288447416096 0.948763854538166 0.980953152461538 0.986542189364311 0.947119008341125 0.956670255628824 0.930536360225006 0.959973561151594 0.944265714880609 0.951865650841973 0.954060679802214 0.964978259285582 0.963383578039071 0.960325431604835 0.946398030929716 0.946610714872176 0.951083119553492 0.950243444612155
-9999 -9999 -9999 -9999 -9999 -9999 -9999 -9999 -9999 -9999 -9999 -9999 -9999 -9999 -9999 -9999 0.949263385134751 0.937479564055033 0.950672283279395 0.91903502606648 0.980761011702146 0.980363981318291 0.985961784681489 0.986273113121675 0.942812564858434 0.943177928132912 0.944472928907957 0.944641918686061 0.958815639017249 0.956026866976908 0.952962780377297 0.981140947320182 0.986607766191574 0.986633708273991 0.949400866110222 0.951175746279591 0.968826609548175 0.950931771612127 0.940302882729118 0.951406528185747 0.950303308873127 0.925184672106051 0.946113623027706 0.945636671181365 0.929639695936179
-9999 -9999 -9999 -9999 -9999 -9999 -9999 -9999 -9999 -9999 -9999 -9999 -9999 -9999 -9999 -9999 -9999 0.930362496803196 0.98720795434793 0.986804139503351 0.986143191300695 0.98605442207469 0.985967050348718 0.95317558858633 0.949643952566472 0.939514674072881 0.95115183335577 0.942162597714748 0.948792645431488 0.950323086858682 0.948013629802761 0.947873497304613 0.943924129305576 0.986691720968952 0.948704586633996 0.93893433517096 0.957933996910118 0.956829961307573 0.950881974228434 0.950183485726846 0.945995907150827 0.923209844279768 0.955847205746784 0.961258346882318 0.950139794667513
-9999 -9999 -9999 -9999 -9999 -9999 -9999 -9999 -9999 -9999 -9999 -9999 -9999 -9999 -9999 0.94638727217355 0.943212358823572 0.987748246797389 0.981110114452917 0.98079705865295 0.985997013549544 0.986059281339592 0.98597091755498 0.986075348562572 0.955601556090628 0.966630482451591 0.966011281851794 0.954421595106129 0.933876251576248 0.940919895705604 0.92657837200945 0.926987427314638 0.948224054938566 0.961541765818838 0.981202601978545 0.969804766324212 0.949898180933641 0.927448811557756 0.928224507921344 0.945822447142769 0.955830591516883 0.944637174784505 0.966741359748271 0.962286486499863 0.925411070992321
-9999 -9999 -9999 -9999 -9999 -9999 -9999 -9999 -9999 -9999 -9999 -9999 -9999 -9999 -9999 0.951126355293159 0.982762816378312 0.986590558000136 0.985967995776591 0.985887129715197 0.980130555420021 0.985940874829529 0.985842778743719 0.98009833156724 0.951969276079186 0.945989052041904 0.927265963955472 0.945658081957806 0.927178162911211 0.953681373658769 0.947486999046791 0.947711269495648 0.947838031378576 0.98126271419396 0.967470161485715 0.966235571359038 0.966354679702301 0.965090301515071 0.963306635075369 0.95299222762956 0.953247465260201 0.946166422810258 0.9560885168541 0.95636869188096 0.925599410945427
-9999 -9999 -9999 -9999 -9999 -9999 -9999 -9999 -9999 -9999 -9999 -9999 -9999 -9999 -9999 0.983136866266978 0.986796965390412 0.986232113136511 0.98592575974377 0.980173050394409 0.985960842711188 0.985860905178369 0.980114401787831 0.948894246563253 0.947865103479003 0.948391197121681 0.948882454165845 0.959698424896214 0.945602251553332 0.944444464361019 0.953312449534775 0.935522849258172 0.926938466936249 0.986666395279154 0.981222557083031 0.937370023346995 0.950110631898073 0.948209987236349 0.948509834211639 0.959505169606539 0.957660144078702 0.957982631235722 0.948487240776258 0.960605992716625 0.956021057299449
-9999 -9999 -9999 -9999 -9999 -9999 -9999 -9999 -9999 -9999 -9999 -9999 -9999 -9999 -9999 0.987016427408502 0.986264218490435 0.986225266066476 0.980228184834092 0.985983507985066 0.98587145750506 0.98012202627301 0.985982019131014 0.939280491812037 0.95981462769858 0.928135567247724 0.925848756865279 0.946618059994029 0.925799148193089 0.924913969766688 0.949336754859315 0.986648231142091 0.986673019433339 0.986755657971502 0.946361895084909 0.925790437557717 0.950198817735435 0.959107013652787 0.963499319278904 0.962278472850318 0.972461256515176 0.966652313686535 0.95023837083426 0.946738568442599 0.987025690742222
-9999 -9999 -9999 -9999 -9999 -9999 -9999 -9999 -9999 -9999 -9999 -9999 -9999 -9999 0.986985706902415 0.980744926613971 0.986227371589911 0.980589577057465 0.985913476985903 0.980172008269329 0.980145024324786 0.986104335462194 0.944439368582899 0.957142005804592 0.958789753803382 0.956477178924424 0.925034847371234 0.959233628430701 0.945732176121167 0.920806918426583 0.952010205850146 0.981188426341682 0.981256949601847 0.986733155227631 0.96401337059251 0.954120251921434 0.947979514911289 0.953975773997183 0.963535390617244 0.950608642107743 0.949912228483984 0.964714000516814 0.964065075896882 0.947590343101646 0.981547877444088
-9999 -9999 -9999 -9999 -9999 -9999 -9999 -9999 -9999 -9999 -9999 0.987985663723124 0.982352154896302 0.981468855570673 0.980700766300119 0.986213845978691 0.980590287067188 0.986261140863165 0.980169573103059 0.985974500489345 0.980494723606918 0.927889504626318 0.948453168324547 0.946351894224365 0.925700690979103 0.953458154087332 0.946643808284765 0.960609476781067 0.944631513964757 0.938128874808503 0.934071011418252 0.986708449705464 0.98664638659088 0.981214430561458 0.986326226295052 0.963518721452022 0.97439082080235 0.974276566822586 0.986641580075593 0.981051327230127 0.981049932616146 0.986615330950412 0.986957707020644 0.986951573105101 0.981530074307835
-9999 -9999 -9999 -9999 -9999 -9999 -9999 -9999 -9999 -9999 0.954905192775997 0.987159254393759 0.986439337374053 0.986224060364861 0.986190377088965 0.980571434674184 0.98624822420364 0.986162402123279 0.980219457740589 0.980704048323504 0.932201886310123 0.94417792063523 0.9456009724409 0.934253129261147 0.947186582347938 0.945762791443778 0.954116603131533 0.963889517552857 0.951630607035015 0.928712412679647 0.969090098762237 0.956594804181513 0.946722662988931 0.958496013419134 0.986403325294027 0.980718161791307 0.986597472358829 0.98656995468762 0.986611224402933 0.981028493469981 0.986511356498421 0.98104250745301 0.981511449345927 0.986853316091551 0.986936311836291
-9999 -9999 -9999 -9999 -9999 -9999 -9999 -9999 -9999 -9999 0.986632607106407 0.980786462175701 0.985952306070732 0.985932050936069 0.980223882079627 0.986008407435664 0.986007446050953 0.980290602857266 0.942314990185953 0.962661357944868 0.922907152398525 0.923125862615786 0.926360364609503 0.946855329490018 0.960941785344783 0.954320778444251 0.965092441228211 0.964071391238283 0.976609349525051 0.968494228365317 0.97123333621177 0.948064812067565 0.927639642775464 0.94752950370304 0.939393457976587 0.933320291004654 0.986585211966645 0.980978530877502 0.98644514248322 0.986438677738109 0.986438670560463 0.986429162312186 0.986855558264721 0.986859713651468 0.986867724610539
-9999 -9999 -9999 -9999 -9999 -9999 -9999 -9999 -9999 0.951816035249037 0.98633032157559 0.986287594666931 0.985908984291879 0.98016941370085 0.985975319710724 0.985925638651189 0.980736195447733 0.957102386920147 0.923916538299417 0.961721833577112 0.958025131648637 0.95280183209376 0.945035235010723 0.925131963164368 0.972581464147803 0.96204400323635 0.965648258273752 0.967117837669856 0.92000522860782 0.942139740267784 0.945360701995274 0.959175395921413 0.949388102632966 0.950019178471879 0.949143839763817 0.948431085867347 0.986541890443511 0.986580556357716 0.980985212423679 0.94686400413982 0.98100556470388 0.986458871401321 0.986943824926321 0.981522755661161 0.986868596691688
-9999 -9999 -9999 -9999 -9999 -9999 -9999 -9999 -9999 0.95079004616437 0.986309280296376 0.986296885019696 0.980160543798022 0.98594497720008 0.985857024553489 0.9807277389886 0.947346445988467 0.952765644463287 0.916687208001305 0.940924625085238 0.919131329408565 0.939865567050961 0.971279291389581 0.960635462953473 0.957008291521955 0.943509055805663 0.963561502725431 0.942557488798876 0.962880442735649 0.964082208970467 0.948945497320325 0.944527379999283 0.959060989986442 0.955554666377866 0.929849602803507 0.926582814461839 0.951390753127815 0.948500546680795 0.944161261154244 0.962605174557656 0.986603916468027 0.986499121709077 0.647939062140632 0.986958253023137 0.986960745062102
-9999 -9999 -9999 -9999 -9999 -9999 0.956106720642287 0.960220036162229 0.953151203406081 0.919423791016365 0.975397038700035 0.980728736506759 0.985981280662256 0.980138151503397 0.980267303435491 0.947741752114804 0.927246909634811 0.922254633123924 0.944482756922204 0.939399141713752 0.962622950812999 0.958807794436728 0.948503976588561 0.943349377659281 0.919906444752542 0.934107727426694 0.95415449244235 0.925654030243052 0.9727447851117 0.92705769530387 0.948161294143953 0.947490306490125 0.957587366614136 0.956736858825459 0.946854113364639 0.948356452339921 0.955357932393655 0.945587487166088 0.928909439413647 0.973520726556716 0.951049631682787 0.980468161054541 0.967268052958105 0.952025045844577 0.986993045272695
-9999 -9999 -9999 -9999 -9999 -9999 0.944469106583072 0.946834130175575 0.943857892001358 0.965222061896426 0.939738341443378 0.980537945421967 0.980153955049334 0.986013042180143 0.98639248284829 0.969527858906556 0.968646368232116 0.968098988561452 0.966401494163223 0.965677158947551 0.96031306821426 0.921820013738445 0.956711260365054 0.968105426568713 0.942362623027589 0.943696301139286 0.947247873153001 0.941901525788833 0.972228456553137 0.914967520375155 0.961446838315414 0.94739674267449 0.953864032542031 0.946525233722128 0.955486539456469 0.947728821199904 0.948826322094222 0.959504067661884 0.951210794693596 0.973230797461813 0.952290784414407 0.986161565678091 0.941834869145319 0.952249890830968 0.950811845971113
-9999 -9999 -9999 -9999 -9999 0.948297361416903 0.9309190118116 0.960083546041496 0.965262308731347 0.904113324775183 0.897400308375166 0.986162499263549 0.985981444841835 0.98637655698241 0.947559763313953 0.942487077229736 0.941514767799149 0.951810928376056 0.929259932837773 0.965443445861742 0.941035702754734 0.941380413015702 0.95563400838783 0.967706189811461 0.947950187907076 0.921650627238975 0.919502147890463 0.95367625557376 0.95739013688045 0.960309679917301 0.94931011664589 0.938893927041212 0.947033693869866 0.947057232596879 0.964983165176062 0.947027179012314 0.948403945689961 0.950838991427086 0.957065113738074 0.972988222741662 0.952134256106029 0.986180944873121 0.952784330784152 0.963900680284202 0.950489997883451
-9999 -9999 0.935509545750792 0.933025847987633 0.945495854100253 0.939327336711112 0.935970809837556 0.953772051628044 0.97461700352021 0.924942340677154 0.957586384044493 0.958301333770891 0.972208813584099 0.923238223599535 0.926476989786524 0.95410278750985 0.946438859911937 0.944050742073906 0.939253199732404 0.964727910267899 0.93610379461463 0.955566280823114 0.947592977768754 0.958623124294342 0.952289179880947 0.950669879729897 0.943989868740981 0.943344282346282 0.955387088849802 0.97121130102987 0.970715190825955 0.941508275803438 0.925379264570753 0.926099987551608 0.962993913915826 0.941867153796873 0.94010962366366 0.948740376933075 0.93248057987791 0.971273488972694 0.931559786283636 0.985730879657974 0.950209156730739 0.950343626665254 0.936331725086921
-9999 0.92789576414279 0.943943579046812 0.946886201288669 0.927580889190585 0.94448851365829 0.97463732797873 0.964500909597802 0.930608147963023 0.89369430456623 0.957959406899113 0.926475444568397 0.962321350806741 0.960386257386465 0.970839296109221 0.947988462047458 0.934053893053279 0.944178091725557 0.93823226362693 0.961974791588523 0.951776963286186 0.946056892696191 0.926128299736761 0.956777604889344 0.941286113810336 0.944999051226739 0.938135915056865 0.935365113742581 0.94785756300912 0.924874042627265 0.940203426755805 0.958796453720123 0.956775138001201 0.942346128132569 0.962442432942128 0.943902833663223 0.955157977031015 0.947525145416337 0.93134930472893 0.970768611991467 0.923964034038129 0.985735252059719 0.929029979708759 0.928540745141205 0.917521890690447
-9999 0.925833339293401 0.933035873711222 0.975365472879523 0.975368895425805 0.965771813531479 0.943793263865592 0.948399639830943 0.950146923557179 0.940424815358563 0.947851210301541 0.944412458806146 0.950194244882468 0.960887717160534 0.949092962074959 0.958322432753058 0.966815818080105 0.943945625986023 0.947423043520998 0.92430984435016 0.941788672608769 0.92525964591625 0.945803258506217 0.954539955870018 0.941087488430737 0.959558169773791 0.957631947733566 0.954120326124853 0.936401477364736 0.935250040065524 0.9523974892532 0.924193037374823 0.957661299036634 0.92004689077942 0.943629351735195 0.94478792653904 0.946459907826448 0.944609344759428 0.953364402858711 0.967276547780641 0.945042707759336 0.94626210089358 0.980251951745723 0.966042989518611 0.947967842409155
