Archive - glowpa-model-master/Model input/Uganda/survival/survivalcombined/survival_restime_1jun.asc
NCOLS 67 
NROWS 67 
XLLCORNER 29.500000001 
YLLCORNER -1.499999999 
CELLSIZE 0.0833333332985075 
NODATA_value -9999 
[rows 20 to 39 of 67, columns 0 to 44 of 67]
-9999 -9999 -9999 -9999 -9999 -9999 -9999 -9999 -9999 -9999 -9999 -9999 -9999 -9999 -9999 0.942160138818484 0.929410592238758 0.950934868481839 0.935189982861352 0.945402598583299 0.939052972618444 0.946550830909196 0.954904633991979 0.94107753428391 0.961524267718376 0.960132127028123 0.920818744059414 0.931423187412487 0.980998077177305 0.966309608691003 0.943585847045124 0.92251947947679 0.951314516621499 0.931746440368363 0.970952410284937 0.970577424594436 0.960917618239278 0.95170726801554 0.94504317629814 0.949286312537179 0.951141212646146 0.931766676005036 0.95521116155319 0.956185833865227 0.96081936016293
-9999 -9999 -9999 -9999 -9999 -9999 -9999 -9999 -9999 -9999 -9999 -9999 -9999 -9999 -9999 0.948462010745693 0.929381757196613 0.928352669749502 0.943200674659278 0.945934229353349 0.93128314148734 0.94066392828505 0.939649740126351 0.940160965877597 0.980728389561703 0.986318295165744 0.986404405700579 0.986453230370655 0.948211795941354 0.981213416651724 0.98662323707149 0.947019677480379 0.956505208316658 0.930238913135216 0.959834176192787 0.944225496267942 0.951632001877025 0.953926819404019 0.964851868832052 0.963231069851416 0.96010697648692 0.946030499615116 0.945999238570195 0.950566547491396 0.949799895058082
-9999 -9999 -9999 -9999 -9999 -9999 -9999 -9999 -9999 -9999 -9999 -9999 -9999 -9999 -9999 -9999 0.949208203094952 0.937529515899738 0.950802240884335 0.917450169112992 0.980955816079883 0.980521658872855 0.986064658431169 0.986527511104318 0.942575963697443 0.943103340229403 0.943636479512274 0.944526617347518 0.958828124677058 0.95613160793792 0.95284962243845 0.981246642548853 0.986681701356487 0.98670024523911 0.949170064744087 0.951019918335196 0.968726068667327 0.950791992507891 0.940045866220377 0.951141823319284 0.949856993918431 0.924633277129016 0.945662486644162 0.945108299073249 0.928950647055589
-9999 -9999 -9999 -9999 -9999 -9999 -9999 -9999 -9999 -9999 -9999 -9999 -9999 -9999 -9999 -9999 -9999 0.930440110997394 0.987319948764821 0.986930094319469 0.986257031176021 0.986151213012417 0.986070435934413 0.953944583975909 0.950042816371097 0.939935994313493 0.951301996996723 0.942193695236326 0.948630184383693 0.950388341304009 0.947772653245245 0.94771396689378 0.943804574956827 0.986762944715892 0.948577483909228 0.938740076929032 0.957817440459646 0.956697587533328 0.950677300614478 0.950049712781708 0.945933028391867 0.923174956425519 0.955619585659976 0.960980224586833 0.949822443614174
-9999 -9999 -9999 -9999 -9999 -9999 -9999 -9999 -9999 -9999 -9999 -9999 -9999 -9999 -9999 0.946644676390115 0.943560986590128 0.987874213345648 0.98127284639919 0.980985191874184 0.98611554432756 0.986160726925961 0.986070333849381 0.986183737133484 0.955906001732268 0.96676154678022 0.966141426867956 0.954455243507302 0.93400749884855 0.94123624689945 0.926379192291352 0.926884763704468 0.948109156353395 0.961524806125741 0.98130653083494 0.969738171387958 0.949768025487382 0.927282701725992 0.928081619504535 0.945765431645291 0.955798179189611 0.944807498629361 0.966613142140896 0.962071770988489 0.925594134319682
-9999 -9999 -9999 -9999 -9999 -9999 -9999 -9999 -9999 -9999 -9999 -9999 -9999 -9999 -9999 0.95123860380449 0.982841356983709 0.986683841174361 0.985983383076676 0.985888399865149 0.980133239691471 0.985931703151382 0.985831777143748 0.980099169348828 0.952634835499985 0.946726982366967 0.926874060254918 0.945569010799578 0.926992195491263 0.953660070019616 0.947053407127695 0.947265592859268 0.947436312666606 0.981179193683342 0.96720674212332 0.965933891015973 0.965873002545199 0.964603648603797 0.962805776450083 0.952527459574376 0.952838715710694 0.946071825391626 0.955377169583819 0.955840941019639 0.9251677474133
-9999 -9999 -9999 -9999 -9999 -9999 -9999 -9999 -9999 -9999 -9999 -9999 -9999 -9999 -9999 0.983183572960638 0.986893118986649 0.986302155195924 0.985933768628496 0.980184980685537 0.985966511138099 0.985847726076412 0.980111304452072 0.949770034534181 0.947998145184748 0.948309040128342 0.948676838465629 0.959637483486239 0.945393978768527 0.944510724822493 0.952870881621468 0.934997522339965 0.92630068071009 0.986611172664378 0.981148656047363 0.93693374758272 0.949425294607281 0.947592575200291 0.948014670449549 0.958769975690655 0.957153375609171 0.957447355022244 0.947890226027681 0.960194729857694 0.95553553587759
-9999 -9999 -9999 -9999 -9999 -9999 -9999 -9999 -9999 -9999 -9999 -9999 -9999 -9999 -9999 0.987098038728891 0.986343552893908 0.986288231225676 0.980221128537 0.985988789840684 0.985863309346781 0.980105013103212 0.985996921353798 0.940123823909613 0.959922763132033 0.928264726976096 0.925704634945641 0.946370241857799 0.925340342265997 0.924503259136429 0.948874794655334 0.986613487354428 0.986620555993389 0.986706917257117 0.945928129194483 0.925296181158988 0.949590086142712 0.958641116389808 0.962886807436879 0.961864645409608 0.972123605444642 0.966334992551626 0.949319223038219 0.946273447688501 0.986879259009057
-9999 -9999 -9999 -9999 -9999 -9999 -9999 -9999 -9999 -9999 -9999 -9999 -9999 -9999 0.987059673314794 0.980845507688574 0.986282438146296 0.980681928312634 0.985901691445136 0.980154369986696 0.980123882746845 0.986094916519272 0.944861752813196 0.957437320003899 0.958890522074462 0.956587757273995 0.925022274599701 0.959231251491969 0.945754152761015 0.921321293302159 0.9517109473785 0.981147099284606 0.981203613650293 0.9866825079839 0.963786280473141 0.953045729058537 0.946763464802118 0.952103257123769 0.963078967180924 0.949759584932114 0.949514500593974 0.964479043995714 0.963709667062681 0.947049947596311 0.981344796755538
-9999 -9999 -9999 -9999 -9999 -9999 -9999 -9999 -9999 -9999 -9999 0.988218637742682 0.982425227964254 0.981560206071531 0.980794617224949 0.986270218619325 0.980654251808045 0.986308854107895 0.980149420130521 0.985963811501911 0.980460589739517 0.928400879004948 0.948972446422242 0.946674364515557 0.925806753702741 0.953591190462227 0.946782826063218 0.96070010209493 0.944711665176415 0.938907624641542 0.934077183135647 0.986656781317997 0.986585317633629 0.981147330087514 0.986268426860196 0.963284129421623 0.974067827180677 0.973935750661369 0.986514820811748 0.980891267506824 0.980898933984253 0.986500209289389 0.986801661730036 0.986778820666448 0.981288915083753
-9999 -9999 -9999 -9999 -9999 -9999 -9999 -9999 -9999 -9999 0.955800550735178 0.987359832656423 0.986487701118749 0.986290366642532 0.986248844396205 0.980637816303613 0.986295833850059 0.986212569123568 0.98024207248566 0.980697803166806 0.932706389282665 0.944658157285741 0.945611794773487 0.934427500484133 0.947154858603445 0.94569723485405 0.954196414174982 0.963974809886466 0.951872729298286 0.930609435634728 0.96919724234772 0.956374518387863 0.946402274460539 0.95838766321027 0.986319950927585 0.980613947554808 0.986462634649192 0.986437584579288 0.986489594288259 0.980865900548089 0.986392899401124 0.98087056246451 0.981284175569538 0.986681459276939 0.986776945198492
-9999 -9999 -9999 -9999 -9999 -9999 -9999 -9999 -9999 -9999 0.986676500398246 0.980885828361 0.985959086945887 0.985942872014629 0.980221172855695 0.986009448071498 0.986008430240492 0.980317671219754 0.942616346332939 0.962707892623702 0.923267283780346 0.923365775662928 0.926401189583905 0.946792315139226 0.960643547486207 0.95403716031801 0.965020445935726 0.964000728073733 0.976796607718777 0.968775530031284 0.971312581261892 0.94761155448832 0.927116757570446 0.947264626445418 0.939030173349804 0.933108776320364 0.986374199365584 0.980715413590588 0.986257858562126 0.986252616959853 0.98625333790128 0.986241779344442 0.98653879303843 0.986544952073063 0.986540027262781
-9999 -9999 -9999 -9999 -9999 -9999 -9999 -9999 -9999 0.952415430730374 0.98641129753763 0.98635893093019 0.985918514574355 0.980170922048498 0.985980193170537 0.985930507272105 0.9807172186182 0.95747243675111 0.923701885560479 0.961763486589995 0.958091107577875 0.952880724542243 0.945602758062042 0.925712807365049 0.972552936819157 0.962036862958065 0.96561103003109 0.967357843041215 0.920022644138252 0.942187088506195 0.94519038164595 0.959260790340391 0.949103304879063 0.949736108340789 0.948800794211988 0.948096867396288 0.986330688579197 0.986381832897548 0.98070649509872 0.946766045092923 0.980734090858952 0.986262869669953 0.986622503916442 0.981065522388803 0.98653044237762
-9999 -9999 -9999 -9999 -9999 -9999 -9999 -9999 -9999 0.951260121038505 0.986378537957384 0.986371055759203 0.980167595940813 0.985954733673539 0.985857572487468 0.980698543452832 0.947794735173697 0.95321313822454 0.916608504604436 0.94080376899637 0.919252354048881 0.94013225677743 0.971355114072372 0.960789378686973 0.956936672102792 0.943589556583458 0.963583135960967 0.942441915761056 0.963172633483478 0.964291758576093 0.948618158451093 0.944401470014527 0.959125065135328 0.95536416061567 0.929394723348954 0.926321897011953 0.950850678643541 0.94804652241908 0.943905509150057 0.962023406323728 0.986407783423056 0.986305291197921 0.835103640968558 0.986626077523797 0.98662744745429
-9999 -9999 -9999 -9999 -9999 -9999 0.956638838780609 0.960677933676899 0.953620960251239 0.91999027027677 0.976569770587244 0.980818209670573 0.985984287159421 0.980130867183124 0.980242652584854 0.94826464659258 0.927850596778856 0.9224878279993 0.94430799608653 0.939588386900873 0.962403004074487 0.958826376227081 0.948831345903952 0.943885109458677 0.920126325581477 0.934064467035844 0.954355050430293 0.925822657740514 0.972950269496894 0.926928424792552 0.948229435579628 0.947369039972749 0.957630094425907 0.956888070501752 0.946724597285025 0.948192605906767 0.954824987191948 0.945073577200695 0.928379089214282 0.973122337331138 0.950199146301676 0.980388886303206 0.966737961573861 0.951418504771162 0.986663928752691
-9999 -9999 -9999 -9999 -9999 -9999 0.944954280442931 0.947337041492948 0.944255743324971 0.966970722340355 0.940701385850494 0.980679102033518 0.980153373325173 0.986000415314374 0.986299241211614 0.969614798525796 0.968745945542637 0.968112529872266 0.966062172220644 0.96524558370125 0.959878516458327 0.921770809503435 0.956724208858041 0.968131774682106 0.942059340361194 0.943309245548415 0.947494771917546 0.941834717870451 0.972468686676146 0.915012522443709 0.961467291910144 0.947260758273295 0.953987789956015 0.946769916452282 0.955657176186967 0.947776748907593 0.94848287502704 0.959064118742642 0.950723999606422 0.972794342510942 0.951552152661972 0.986112380179544 0.940921715943893 0.951417179302791 0.950232384828092
-9999 -9999 -9999 -9999 -9999 0.949001682142634 0.93169865273926 0.960478759807936 0.966990855969422 0.90526825392827 0.899618714828596 0.98625108901782 0.985970740674364 0.986319409968434 0.947793055973849 0.942931623176492 0.942527217984618 0.952151278752224 0.929376833865262 0.964906438764536 0.940566345997508 0.940501753502656 0.954991833847832 0.967686832823541 0.947643947720947 0.921011051429706 0.919461703521218 0.953631719264744 0.957475946344204 0.960594019639926 0.949308146330192 0.939027726216312 0.946978043414474 0.946985627272173 0.965237428205305 0.946860900311741 0.948102960472552 0.950338732755802 0.956562084733339 0.9725354216597 0.951445487182276 0.986134719286758 0.952052395152851 0.963272956590187 0.949839011208967
-9999 -9999 0.936014841404239 0.933557125400169 0.945964023686801 0.939551871658102 0.936233018675009 0.953945103929815 0.975848868961797 0.925488472805929 0.958113529974669 0.958843184503431 0.972296767443276 0.923812863227447 0.927060235578063 0.954321482651354 0.946558526380541 0.944094708548079 0.939619067926313 0.96386608593852 0.935694704385074 0.95422776864388 0.945746190656926 0.957910586221465 0.951898220317515 0.950398570703704 0.94377910278935 0.943213478099854 0.955419520040247 0.971380802966752 0.97070448146134 0.94203166366072 0.92547874071902 0.926070351902788 0.963285391485707 0.941916081667578 0.939189929739857 0.948209598196188 0.932173827240768 0.970717925546884 0.930513044968794 0.985635749752496 0.949322429315612 0.94951299307781 0.935470014161857
-9999 0.928468381673006 0.944310828137198 0.947161137036735 0.928025325311858 0.944735452732518 0.975971118492387 0.966240165354723 0.93165212186279 0.894209587601937 0.958298003837072 0.927083417692834 0.962531876644265 0.960527649686711 0.970889695289759 0.947999452127829 0.933782356316327 0.943718345707243 0.936785523796899 0.960753004371443 0.950033743433315 0.944217536840909 0.922881189712983 0.955907253578767 0.940370863604414 0.944917297669028 0.937738874150577 0.93490875996573 0.947717547703321 0.925420725225328 0.940185348559115 0.958783979933315 0.956722381458187 0.942443472696182 0.962716790096456 0.943915388769007 0.95433847973951 0.946867443895001 0.93064897091431 0.970201472017673 0.92274532096429 0.985642862065 0.927972729835552 0.927562613577163 0.917789344103244
-9999 0.926233142818685 0.933317798053475 0.976709297821064 0.976781356863906 0.967692032368328 0.944176893175681 0.949385239432128 0.950686892226375 0.940939805955609 0.948272891926816 0.9448207167622 0.950547242679024 0.960893231619074 0.948983563579514 0.958323718505892 0.966752328803078 0.943380424608186 0.946123487797028 0.92088862918781 0.939722298759321 0.921768306557582 0.943729766818695 0.953804382984801 0.940092338439006 0.959540243085649 0.957595524846815 0.954163218053061 0.936144938486047 0.935759182025841 0.952396206406245 0.924426799466344 0.957670999331795 0.919876502027511 0.943754025080142 0.945363691774642 0.945524636791789 0.943598479316548 0.952443510943568 0.966717772724543 0.944187616092376 0.945204477572079 0.97994970245948 0.965160746972175 0.947011875591219
