Archive - glowpa-model-master/Model input/Uganda/survival/survivalcombined/survival_restime_1mar.asc
NCOLS 67 
NROWS 67 
XLLCORNER 29.500000001 
YLLCORNER -1.499999999 
CELLSIZE 0.0833333332985075 
NODATA_value -9999 
[rows 20 to 39 of 67, columns 0 to 44 of 67]
-9999 -9999 -9999 -9999 -9999 -9999 -9999 -9999 -9999 -9999 -9999 -9999 -9999 -9999 -9999 0.938288730999765 0.925582881249053 0.948230471636286 0.931464708523734 0.939836275316738 0.932745329458661 0.94182192745801 0.951683554925701 0.92369264645159 0.956994681078486 0.955516364616614 0.912619845570214 0.92412752368695 0.978311140156974 0.963058731707778 0.938052797971369 0.914739250561456 0.94589779993942 0.924076148549655 0.967215614594508 0.966786959102696 0.955078638674198 0.945364711582577 0.938578287168129 0.943385400268667 0.94491361502587 0.922487874982891 0.947770439273017 0.949059749654588 0.952862355046571
-9999 -9999 -9999 -9999 -9999 -9999 -9999 -9999 -9999 -9999 -9999 -9999 -9999 -9999 -9999 0.945515312681635 0.925407951550108 0.924431758255363 0.940308103656155 0.942639327112101 0.926350239391355 0.936511167240151 0.929006490589558 0.930017042489847 0.978104031537472 0.984420159122028 0.984500071399275 0.98454047457797 0.941848439780432 0.978476488989539 0.984371071598 0.941258888366637 0.951530057686779 0.922623519583565 0.954695218422079 0.937912407026177 0.945491346443852 0.947493987853271 0.959961362933356 0.958066382851135 0.954356374251168 0.938877954167706 0.937175249889476 0.942217837353032 0.941619040099384
-9999 -9999 -9999 -9999 -9999 -9999 -9999 -9999 -9999 -9999 -9999 -9999 -9999 -9999 -9999 -9999 0.946087342703066 0.933462875174971 0.947876245614041 0.912121331382764 0.978580145103862 0.978311091264195 0.984454131995716 0.98466796577317 0.936180965723891 0.935016610443108 0.934670364701761 0.938631022362072 0.954494495017257 0.951863298944612 0.947702804929821 0.978096614535086 0.984440823531725 0.984477095868728 0.943826210767403 0.946181992971486 0.964336881817123 0.945433389477466 0.932232601735427 0.944742808763707 0.942719477300188 0.91402937773682 0.935890471174649 0.935225196966512 0.917031173561117
-9999 -9999 -9999 -9999 -9999 -9999 -9999 -9999 -9999 -9999 -9999 -9999 -9999 -9999 -9999 -9999 -9999 0.926070609441856 0.985696824852951 0.985268676662168 0.984625034600655 0.984576282613353 0.98449250154843 0.945274376114596 0.941673259485968 0.928325548350423 0.941116207731628 0.934991736188487 0.942041766588345 0.946021561971715 0.942427789907181 0.942216283299781 0.937555811871146 0.984544370611387 0.943381867584896 0.932988420150316 0.951785838365246 0.950616694018131 0.94409735121726 0.944039940730447 0.937855451949081 0.912122866171156 0.947615095753315 0.953693277921365 0.94132635469961
-9999 -9999 -9999 -9999 -9999 -9999 -9999 -9999 -9999 -9999 -9999 -9999 -9999 -9999 -9999 0.943758377089534 0.940775004021373 0.98620554965203 0.978988949634438 0.978663298314806 0.984494250374421 0.984580461364649 0.984493334605626 0.984629828339869 0.94964688504976 0.962696110759497 0.962112400069561 0.94958325197632 0.92707103396347 0.936199461952461 0.919004011602955 0.919436155728949 0.942718978694939 0.957077214001696 0.978161666682093 0.966409068034886 0.9430646829972 0.918467580738743 0.920226425430398 0.937945968156706 0.949055611894078 0.936590664352348 0.960051265607702 0.954894941583469 0.912941301978374
-9999 -9999 -9999 -9999 -9999 -9999 -9999 -9999 -9999 -9999 -9999 -9999 -9999 -9999 -9999 0.949733622739313 0.981156373981207 0.985451660765604 0.98481753343278 0.98473964796008 0.978527337667711 0.984807876831618 0.984713068516082 0.9785310706387 0.942040686216538 0.934304142040891 0.92015282881059 0.941221142734692 0.921764612492862 0.950637634515398 0.943013761967223 0.943327681199434 0.943390296818226 0.978642793963531 0.964469207859661 0.963209545601834 0.962082256339515 0.960655071775155 0.958526818704039 0.946963670468561 0.947107780970881 0.93893821843087 0.948203116138734 0.949467830049251 0.914658086286578
-9999 -9999 -9999 -9999 -9999 -9999 -9999 -9999 -9999 -9999 -9999 -9999 -9999 -9999 -9999 0.981586946323534 0.985643942821887 0.985087927961836 0.98479040546157 0.978584039691331 0.984836064604109 0.98473352077179 0.978550420245764 0.941993053604405 0.944217601870201 0.943465746423826 0.944348001987055 0.956675315196614 0.94193215118792 0.940770636243928 0.949285991678459 0.930013496911589 0.920868649523491 0.984804275933043 0.978610613172228 0.931785721853126 0.944082484154353 0.94201633875955 0.942237565939797 0.953283939813487 0.951037597491988 0.951452607443183 0.939581688921065 0.954222285746469 0.949105408129941
-9999 -9999 -9999 -9999 -9999 -9999 -9999 -9999 -9999 -9999 -9999 -9999 -9999 -9999 -9999 0.985860414592088 0.985121658044171 0.985088815268499 0.978630228960554 0.984860091831323 0.984748845361011 0.978552622215777 0.984874508832976 0.933344621890345 0.957421178099065 0.923942549015427 0.921462463000186 0.943019850061833 0.920824698705375 0.919637715138082 0.944688789027302 0.984805690793763 0.984815983748329 0.984913318990239 0.942069569501456 0.91973399749025 0.943949767956274 0.95372406409417 0.957958730139274 0.956225597526925 0.96810827568582 0.961667443881039 0.941212426973819 0.938099080998927 0.98403097708021
-9999 -9999 -9999 -9999 -9999 -9999 -9999 -9999 -9999 -9999 -9999 -9999 -9999 -9999 0.985835815665493 0.979151924776392 0.98508852154307 0.97900272205982 0.984783101456457 0.978572922050292 0.978554726023233 0.984983212743414 0.941823386771443 0.955173085679333 0.956466490891923 0.954134099563641 0.921097212347335 0.956643047024611 0.943057022410573 0.916867578090168 0.94781362227861 0.978619475307087 0.978671651657376 0.984881817286057 0.95957482057394 0.948384514931366 0.940590469826308 0.945117246892652 0.957626051738333 0.943235043952972 0.944248220605603 0.959987251667819 0.958079843192496 0.939628004075962 0.977343672760075
-9999 -9999 -9999 -9999 -9999 -9999 -9999 -9999 -9999 -9999 -9999 0.986961428372216 0.980801551055271 0.979864433216686 0.979119598107754 0.985083726839763 0.979006117381687 0.985126438693623 0.978593897855045 0.98485054752923 0.978894977924345 0.924329758207253 0.945966334065626 0.943856492959689 0.922745678118533 0.95116984114684 0.94431900750231 0.958182281244865 0.942208110500831 0.935897017741823 0.929425488169575 0.984876332358031 0.984798782849681 0.97862928463958 0.984383850974098 0.959009844835407 0.970141393457885 0.970061368806946 0.984186339160243 0.977563648709349 0.977544750006905 0.984107603642085 0.983971784600436 0.983943503611141 0.977279679780922
-9999 -9999 -9999 -9999 -9999 -9999 -9999 -9999 -9999 -9999 0.953794113475933 0.986106180460117 0.985316354630219 0.985100661417036 0.985071123721147 0.978989715855128 0.985123465894852 0.985036765197472 0.978658512690249 0.979119431673132 0.928904579406409 0.94137239044678 0.942992673820238 0.931362615127359 0.944775117946143 0.943142553659206 0.952029673672382 0.961824605209237 0.949420097952091 0.92666273805199 0.966477891270229 0.953294188016835 0.943136021453992 0.955263885710644 0.984450971422424 0.977951741212623 0.984102082237743 0.98413483480397 0.984151929972207 0.977524419301706 0.983992891654176 0.977489352951828 0.977301119480737 0.983832070335006 0.983935849666675
-9999 -9999 -9999 -9999 -9999 -9999 -9999 -9999 -9999 -9999 0.985907768944688 0.97984431813136 0.985207818065966 0.985182406059266 0.979153888864937 0.985246402142758 0.985249170346838 0.979245655258492 0.939021625997972 0.961864413336558 0.921253837703126 0.920944863339983 0.925005561488436 0.945928984914892 0.959829196843675 0.953033337347885 0.964035457199787 0.962999738555828 0.975964530925816 0.967600675121871 0.969935402224996 0.945921211852421 0.924360627924913 0.945174960571797 0.936457757745429 0.930344616775225 0.984610021980469 0.978215696546443 0.98445629524884 0.984433575035751 0.984423505256566 0.98440538649746 0.984324039087936 0.98431370791816 0.984308963248196
-9999 -9999 -9999 -9999 -9999 -9999 -9999 -9999 -9999 0.951547865450997 0.985666263956383 0.985612841675375 0.985166753793334 0.97911732683827 0.985227761328824 0.985165975731785 0.979684188699371 0.956384887354517 0.922661375531632 0.960887275179746 0.957070434394556 0.951870271400582 0.943827769060172 0.92363005378077 0.971821874203457 0.960976087513275 0.96461317717776 0.96622717555435 0.918507247339042 0.941895432898286 0.943740361731449 0.957340178133069 0.947243616709686 0.947670672682117 0.946941174357031 0.946339694016659 0.984554233409335 0.984609610187182 0.978183209089274 0.94039060348703 0.97815983471717 0.984422993729006 0.984424519498941 0.977965841863404 0.984315474811346
-9999 -9999 -9999 -9999 -9999 -9999 -9999 -9999 -9999 0.950272142716999 0.985641886504201 0.985604500006928 0.979115693509107 0.985200460265783 0.98510559759898 0.979696606845496 0.947054806824239 0.95225753474247 0.91530052522168 0.939924857984905 0.917306909540784 0.937758281449019 0.970822874949843 0.959942988855494 0.955717625593074 0.941779193531228 0.962500151576272 0.941059303815432 0.96203329978398 0.963291482773531 0.946969680163542 0.94348340304344 0.957259486098589 0.953492432192263 0.926948481665143 0.923996585882986 0.947675676008099 0.945220502049622 0.940923206859588 0.959365486812318 0.98463770332781 0.984488445417547 0.400819875353281 0.984439724571903 0.984426033749147
-9999 -9999 -9999 -9999 -9999 -9999 0.955855635088454 0.959961806763618 0.952985343332187 0.918718303368309 0.975680607142924 0.979777563103312 0.985235488192053 0.979072865357116 0.979215687121522 0.947505364404167 0.926871062702404 0.921217611373745 0.943746320136051 0.938794288800968 0.962166482856174 0.958252147326624 0.948027883234414 0.943048723826725 0.918370054207722 0.932350808982223 0.953205193071089 0.924683351013733 0.972144868738021 0.92568501048957 0.946278483627325 0.945800106969945 0.955981273234736 0.954928946109445 0.944915982691079 0.946469779268691 0.952299340391158 0.941773973877112 0.924779567138055 0.97120116583514 0.94755622254667 0.978341651474336 0.963238654129277 0.947064421422185 0.984486215520456
-9999 -9999 -9999 -9999 -9999 -9999 0.944084870862525 0.946461134240151 0.943274975713122 0.965636444723225 0.938467490760142 0.979547974283162 0.979101779705188 0.985256355888126 0.985643225995464 0.969379278853044 0.96850447574315 0.968017767503443 0.966427981286282 0.965822067785741 0.959993805415215 0.921062065191365 0.956151749150846 0.967733166944128 0.941276188749691 0.942049683330023 0.946543574027444 0.940617799830483 0.971666669044089 0.914471080230561 0.960096332377665 0.945783595347053 0.952263729583196 0.945035205608625 0.953732064873336 0.94603103874654 0.945732737345114 0.956794632094083 0.948424951633841 0.970910472993294 0.94899226973349 0.984639477571876 0.935721406479458 0.946495753120821 0.945456927374766
-9999 -9999 -9999 -9999 -9999 0.947453868445726 0.930330215458339 0.959748002028176 0.965728510711421 0.903013914528421 0.895254388324995 0.985432196533218 0.985226599997157 0.985620218240425 0.947822409338382 0.943683646494203 0.942142017683927 0.951646392258027 0.928774630900485 0.965728205603464 0.940084211498036 0.941216704410459 0.955020272606356 0.967374934049895 0.947115263094936 0.919980793325355 0.917579971472243 0.952734553135337 0.956867461263057 0.959485842728756 0.947686848857719 0.936833971742935 0.94547574804187 0.945495913539016 0.963861792804092 0.944850222076298 0.945370282502207 0.94802678997833 0.954479508437143 0.970664668857366 0.948991151334601 0.984669410805931 0.948088225271239 0.959643663512795 0.945155086377342
-9999 -9999 0.935383092653966 0.93253108620218 0.945195649747889 0.938762898846409 0.935710881093163 0.953691768145627 0.975269103875452 0.929362521738436 0.958096454211435 0.958717607256126 0.972854678501948 0.92576834974084 0.930057027206317 0.955967942865447 0.948930089981599 0.945433126471751 0.941003883565937 0.965948905686652 0.937698426406973 0.956671021564191 0.948485033367941 0.959822981867335 0.95306586621637 0.951192297913106 0.944723769930922 0.943869791065787 0.956077973850345 0.971607529860392 0.970607533548478 0.94196067150959 0.925547438986616 0.926176535182361 0.963157809353236 0.941712873083108 0.93829428584433 0.947953309486374 0.931606571634912 0.970093944567836 0.929778857351903 0.984875680773324 0.948044173048929 0.948068385854595 0.932643867609078
-9999 0.927369475294505 0.943371299189921 0.946389201747415 0.927632179512888 0.943765172660944 0.975323259644752 0.965413920504449 0.938576376518492 0.899807435322158 0.958597884419007 0.927462975666498 0.963159158175521 0.961266087936015 0.971570454585089 0.949805556927112 0.936348787501203 0.946094501669723 0.940926111520803 0.963303556996504 0.953452444561458 0.947650321681294 0.928348154322775 0.958433078051581 0.943021766238762 0.945624627887266 0.938645030661258 0.935818690184674 0.948462301771087 0.926391819798639 0.940311775737273 0.958695580259555 0.956666550488217 0.942385480859282 0.962662460300737 0.943839791359534 0.953762006339809 0.946498967688023 0.930080163663177 0.969548021690372 0.921648729802062 0.98487376690088 0.925925148431765 0.925669983404462 0.914160330903996
-9999 0.92523075111925 0.932398962183053 0.97566360781924 0.975641876462024 0.966108994874107 0.944139216712096 0.949750048231474 0.951892379613562 0.941422964961494 0.948550219312617 0.944730129713874 0.952063687976408 0.961365644437663 0.949595292966467 0.959396663374634 0.967967161460109 0.946017362750746 0.949831351728342 0.928327498455454 0.944000276119719 0.92785454445032 0.94821321550081 0.956543765996486 0.944063965276128 0.960163073280865 0.95840715705971 0.954774278967981 0.937165347258233 0.936575200322523 0.952307224546253 0.924905140819102 0.957636490239918 0.919794824919663 0.943770472934288 0.94539602244228 0.944926842233039 0.943058430666341 0.951714839229647 0.965879386660816 0.942893995093091 0.944503151117786 0.978640592054214 0.964258883133284 0.945696042857333
