Archive - glowpa-model-master/Model input/Uganda/survival/survivalcombined/survival_restime_1oct.asc
NCOLS 67 
NROWS 67 
XLLCORNER 29.500000001 
YLLCORNER -1.499999999 
CELLSIZE 0.0833333332985075 
NODATA_value -9999 
[rows 0 to 19 of 67, columns 0 to 44 of 67]
-9999.000000000000000 -9999 -9999 -9999 -9999 -9999 -9999 -9999 -9999 -9999 -9999 -9999 -9999 -9999 -9999 -9999 -9999 -9999 -9999 -9999 -9999 -9999 -9999 -9999 -9999 -9999 -9999 -9999 -9999 -9999 -9999 0.915145174718192 0.939335134662954 -9999 -9999 -9999 -9999 -9999 -9999 -9999 -9999 -9999 -9999 -9999 -9999
-9999 -9999 -9999 -9999 -9999 -9999 -9999 -9999 -9999 -9999 -9999 -9999 -9999 -9999 -9999 -9999 -9999 -9999 -9999 -9999 -9999 -9999 -9999 -9999 -9999 -9999 -9999 -9999 -9999 0.9407504606548 0.924078299848483 0.937333350306388 0.929489260777972 0.913007941363382 0.913756170935208 0.938119861430188 0.943381208065474 0.920325036722968 0.936311360462794 0.938579476848137 -9999 -9999 -9999 -9999 -9999
-9999 -9999 -9999 -9999 -9999 -9999 -9999 -9999 -9999 -9999 -9999 -9999 -9999 -9999 -9999 -9999 -9999 -9999 -9999 -9999 -9999 -9999 -9999 -9999 -9999 -9999 -9999 -9999 -9999 0.954656404837097 0.934791108535893 0.951724169045476 0.951382072747873 0.964829418597195 0.9369705002603 0.948819670923183 0.961739845358319 0.959962721687807 0.955141493636933 0.951142674824905 0.939094710561775 0.921499026287613 0.942370743449269 -9999 -9999
-9999 -9999 -9999 -9999 -9999 -9999 -9999 -9999 -9999 -9999 -9999 -9999 -9999 -9999 -9999 -9999 -9999 -9999 -9999 -9999 -9999 -9999 -9999 -9999 -9999 0.943838016567645 -9999 -9999 -9999 0.938031066891706 0.933914694979338 0.952622250401716 0.936662026838165 0.911741193424773 0.950261917800131 0.946648441386666 0.939487887534054 0.940334093176494 0.93074072729571 0.94439257130984 0.943287078982525 0.922085285052325 0.950369656982307 -9999 -9999
-9999 -9999 -9999 -9999 -9999 -9999 -9999 -9999 -9999 -9999 -9999 -9999 -9999 -9999 -9999 -9999 -9999 -9999 -9999 -9999 -9999 -9999 0.944663143484076 -9999 -9999 0.930035689943072 -9999 -9999 -9999 0.98359829657484 0.977351123459418 0.977001562828931 0.952934079368693 0.949979920561281 0.943325402666919 0.913481676981452 0.940638969078239 0.931104933472794 0.946708696141742 0.939738798460802 0.933014307283638 0.938672206059803 0.953888080940473 0.93513927134112 -9999
-9999 -9999 -9999 -9999 -9999 -9999 -9999 -9999 -9999 -9999 -9999 -9999 -9999 -9999 -9999 -9999 -9999 -9999 -9999 -9999 -9999 0.932318298717911 0.95511726985792 0.951270805563909 0.953234460416977 0.917958811283875 0.985369379266953 0.985447839877793 0.979560804884108 0.985297755091806 0.937017788428801 0.977011131737858 0.967007014075709 0.966528968235442 0.943524103023879 0.941689904340508 0.95608252627714 0.946001253553155 0.917351960219715 0.940520085013651 0.915103555525348 0.955409570988711 0.956004145437819 0.935722022419921 -9999
-9999 -9999 -9999 -9999 -9999 -9999 -9999 -9999 -9999 -9999 -9999 -9999 -9999 -9999 -9999 -9999 -9999 -9999 -9999 0.94818140668798 0.963201372102493 0.964308472925201 0.9669558408175 0.968055946311393 0.941659883201353 0.934577294169733 0.985298329057725 0.985124022032939 0.985190463231264 0.985268048145885 0.959720762974295 0.938433269121493 0.967030121714613 0.931610406449552 0.952884117888791 0.962300461609123 0.96075691781995 0.956264040967078 0.941133648266801 0.947623056987453 0.951128493327678 0.957640866700785 0.96150054012075 0.906155394489059 -9999
-9999 -9999 -9999 -9999 -9999 -9999 -9999 -9999 -9999 -9999 -9999 -9999 -9999 -9999 -9999 -9999 -9999 0.955573770345086 0.957590867507691 0.945441461386143 0.946113025364201 0.932853925366063 0.933472725001846 0.968406665742421 0.908389937443157 0.959674681937506 0.97925227229054 0.920817008676091 0.955581233501772 0.957702563358297 0.968592259559718 0.954866102806987 0.976854710675905 0.941497886969183 0.926903141613314 0.935881646788466 0.952831608806645 0.946466909985521 0.940747388059414 0.939296049136432 0.936782376331378 0.936863733373986 0.947097244256143 0.934343310564838 0.906842100010162
-9999 -9999 -9999 -9999 -9999 -9999 -9999 -9999 -9999 -9999 -9999 -9999 -9999 -9999 -9999 -9999 -9999 0.955651800538171 0.928038612247981 0.947204018867316 0.946294268015317 0.937467347499421 0.957459577049189 0.969639092233858 0.969117884559811 0.979256788818672 0.947201686687427 0.947216099515666 0.953440410581165 0.956556416588214 0.968548419644545 0.967778686600108 0.947678748184127 0.967362892502817 0.93357804184309 0.948592489372336 0.926701861419625 0.947440607108306 0.926967102904041 0.939514894432271 0.938266655722253 0.970281561748999 0.935237456796089 0.946868278100066 0.934303889093118
-9999 -9999 -9999 -9999 -9999 -9999 -9999 -9999 -9999 -9999 -9999 -9999 -9999 -9999 -9999 -9999 -9999 0.959203876342937 0.959974579186886 0.96343731566365 0.952212642129305 0.940966591531529 0.939553397152105 0.939726503282045 0.979187141955523 0.94853998463008 0.941700851179519 0.944458413834003 0.935178271544781 0.963568367487963 0.967668074699904 0.947814175277984 0.953884267003183 0.976967516189448 0.976686635317522 0.94346349968117 0.926997808849943 0.941853401213129 0.945870444769988 0.948079035833409 0.958591054993561 0.970223393988006 0.953972005051667 0.950218159096079 0.934957094720905
-9999 -9999 -9999 -9999 -9999 -9999 -9999 -9999 -9999 -9999 -9999 -9999 -9999 -9999 -9999 -9999 0.952098137951282 0.957135970991316 0.965446602272195 0.968617434431528 0.969850252349276 0.969842223952705 0.958946483647728 0.958812204915266 0.985270190697129 0.963764943393109 0.949862746201589 0.929627971831466 0.939056851127096 0.959792425333058 0.963407926269627 0.92838598774756 0.966563899405573 0.94874004638798 0.944285809104898 0.967270544017484 0.959101957491316 0.947422641856786 0.959455700700809 0.971063540004836 0.947312678000798 0.939570515228825 0.93786691477105 0.953012641745067 0.96560268548624
-9999 -9999 -9999 -9999 -9999 -9999 -9999 -9999 -9999 -9999 -9999 -9999 -9999 -9999 -9999 -9999 0.951184816020702 0.94928888618782 0.949290609992645 0.937527123651769 0.953599149709506 0.921476936845607 0.940708247031819 0.979689399428765 0.951754064919376 0.963297685829545 0.961819791654789 0.950936319179687 0.951743025051623 0.957602149411801 0.961212476778536 0.947512884765173 0.965713604948154 0.949336178725674 0.950399834388376 0.974917226702098 0.960504958841716 0.971797507934373 0.960584371423087 0.941114164523468 0.937299094897214 0.953189025292908 0.93730235104726 0.952944223356425 0.937219320362402
-9999 -9999 -9999 -9999 -9999 -9999 -9999 -9999 -9999 -9999 -9999 -9999 -9999 -9999 -9999 0.949718291797007 0.945071761458536 0.952078880739913 0.9560893691624 0.948299221120788 0.947455084106857 0.933788593015186 0.985619508011062 0.985588542974618 0.951006662859301 0.932859439106181 0.95201950515699 0.932890127604693 0.951797130268373 0.95555876597579 0.951004761093266 0.939887984747962 0.964022150439723 0.921588168335163 0.945184574191516 0.957562043531217 0.96338231555758 0.940342501074535 0.947542923448949 0.941593603368477 0.917945133556966 0.947596146408489 0.938195652488064 0.948931891763124 0.909097066954087
-9999 -9999 -9999 -9999 -9999 -9999 -9999 -9999 -9999 -9999 -9999 -9999 -9999 -9999 -9999 -9999 0.954355856756661 0.951902853693163 0.939287539903814 0.954437337069462 0.949392970123988 0.91892114267513 0.979926024438612 0.985828247699269 0.940996999483081 0.933916072653116 0.94186133710679 0.953148307150937 0.933779616392752 0.945295374692297 0.945212957514774 0.953361665149234 0.963762701885738 0.956635743366372 0.923472719944365 0.946364962423662 0.974423814993212 0.943229801206603 0.942854654429313 0.958023363589137 0.947703011854943 0.941564979607546 0.939362545545657 0.946061816879813 0.935754902025856
-9999 -9999 -9999 -9999 -9999 -9999 -9999 -9999 -9999 -9999 -9999 -9999 -9999 -9999 -9999 -9999 -9999 0.951158648914023 0.958237125962098 0.9626262909491 0.962995840944635 0.967812052689097 0.985788543224798 0.945623100657973 0.957645488711679 0.961060159307439 0.933595402044658 0.943856635389701 0.947797045940435 0.947221055339901 0.925164104199933 0.94747731163863 0.960133579798099 0.953896659204239 0.947636557760544 0.946768691611117 0.959039255930105 0.963471140705404 0.94552338455295 0.944264056811034 0.956850425152619 0.940980207220851 0.929397641493389 0.942966350319905 0.953822924855139
-9999 -9999 -9999 -9999 -9999 -9999 -9999 -9999 -9999 -9999 -9999 -9999 -9999 -9999 -9999 -9999 0.955113817876016 0.941816239664303 0.951227533704391 0.957689238560618 0.958988904685071 0.943616034499212 0.98575916616865 0.948996393324917 0.954695832703254 0.967399177891155 0.963302788606103 0.952465393737225 0.945203266406886 0.956488189961427 0.937450249945078 0.945433289910169 0.94782405241135 0.939012551590931 0.951006907652728 0.95339932234317 0.955576056766719 0.954789884649103 0.963170243936627 0.969666810588925 0.952608195515024 0.956636531875115 0.96761889080208 0.967379627975773 0.942217419874396
-9999 -9999 -9999 -9999 -9999 -9999 -9999 -9999 -9999 -9999 -9999 -9999 -9999 -9999 -9999 -9999 0.954477787126649 0.965222884435003 0.952799252227883 0.951726896114588 0.970244969813775 0.971405798441822 0.971351918457766 0.979852096329429 0.948369234277106 0.931170184755942 0.931953033300894 0.932557633623815 0.963425046103319 0.961944573708955 0.944491369923966 0.923123321451734 0.930798050107711 0.948954834878054 0.936271729922372 0.947567039795773 0.923901861760342 0.943486285773487 0.957534270209704 0.959402743840863 0.942510433643512 0.925968933394705 0.936780862179 0.91033626213769 0.935665717568926
-9999 -9999 -9999 -9999 -9999 -9999 -9999 -9999 -9999 -9999 -9999 -9999 -9999 -9999 -9999 0.935367243789814 0.948625854548367 0.949253846098 0.966031172086977 0.957832916338421 0.949216785760068 0.944030883376536 0.923875130896402 0.985657832144697 0.955436282127812 0.967259079298651 0.966317270973122 0.965004378020214 0.964213261117121 0.943566134265537 0.95200077652271 0.92530437144662 0.945446884738444 0.945300037037698 0.945734022722123 0.93377161587912 0.943945738577433 0.95336819001333 0.955772744815402 0.971129249132061 0.970881005664804 0.937275857871433 0.911029943478427 0.936798311455417 0.943075411447186
-9999 -9999 -9999 -9999 -9999 -9999 -9999 -9999 -9999 -9999 -9999 -9999 -9999 -9999 -9999 0.950336019953833 0.961531809977514 0.929110980436905 0.964768711300266 0.954089254638167 0.963460144406983 0.944439893395319 0.954542130439087 0.985696658056354 0.947306902183994 0.928310687950143 0.950139032067991 0.935797737295211 0.942996952341395 0.943577377048093 0.940102915333364 0.945984559691332 0.946578171718981 0.95327632859985 0.964080530995879 0.945565929677627 0.945626676054611 0.943430284326631 0.919660668936327 0.94953734565955 0.958355037985186 0.958158601648604 0.934053506811092 0.933464800942258 0.947548755128479
-9999 -9999 -9999 -9999 -9999 -9999 -9999 -9999 -9999 -9999 -9999 -9999 -9999 -9999 -9999 0.949322094223979 0.962810091179465 0.952632017710469 0.926792651304834 0.943182003756087 0.945926908619698 0.919896810660736 0.944179463919248 0.946785139217211 0.979613293809778 0.927196444731447 0.947095375504774 0.950380799551768 0.921933259188354 0.965480685724512 0.959883137185164 0.957267371982014 0.950885885328126 0.957672411335539 0.953649982365812 0.954844012878614 0.935981619408285 0.931290055667418 0.943471758022317 0.943397793870318 0.952823953917976 0.947121240991237 0.958324684057893 0.969033190223906 0.94865100847089
