Archive - glowpa-model-master/Model input/Uganda/survival/survivalcombined/survival_restime_1jun.asc
NCOLS 67 
NROWS 67 
XLLCORNER 29.500000001 
YLLCORNER -1.499999999 
CELLSIZE 0.0833333332985075 
NODATA_value -9999 
[rows 40 to 59 of 67, columns 0 to 44 of 67]
0.919092758127613 0.935824626488817 0.976362142755616 0.976630521176307 0.923424697648061 0.961184208879212 0.937060228965659 0.9453516950703 0.926773464272436 0.947212976182701 0.944866545473672 0.952125572812784 0.929119833929912 0.95917229777081 0.949295914340436 0.964878954060187 0.960147935827118 0.948273649069879 0.94686521620397 0.946122870347684 0.944783922374128 0.931605176633676 0.943877018738703 0.929262444609378 0.93213168743155 0.939596980242754 0.944806845577998 0.950861823955209 0.942032372163991 0.933977506855261 0.947989099539371 0.941460284890122 0.96954494168847 0.934783020702879 0.946563982933198 0.958912875392559 0.944249295242993 0.922674456336752 0.944782279491489 0.950130678393115 0.952112781783524 0.944751871476828 0.985844674908332 0.955394140107393 0.945248485056556
0.944223550017296 0.933045391543219 0.97634797833747 0.957068064595545 0.956632336714527 0.958763064485679 0.927449267149114 0.947133691206056 0.949599600465303 0.960475496705744 0.947788654890358 0.947231339774102 0.929537935233345 0.950173606208373 0.936557633228798 0.960349578833533 0.946571213374226 0.940536351118699 0.946174243816476 0.959206578912457 0.953578949015881 0.951385972824516 0.94362531282909 0.941653345060744 0.916022237769349 0.938546898657396 0.925412410096791 0.941292110374617 0.916259332651904 0.940956827361811 0.946968747530511 0.939853827332943 0.968678169318923 0.941418568759791 0.942120206637823 0.942160247697953 0.93030289594158 0.944082101811746 0.947495283435031 0.95159618071267 0.965157446159421 0.957341836672811 0.985863310995786 0.9494142878598 0.959453387604806
0.929397303653275 0.914710739368916 0.97618066074236 0.910736120682377 0.958005651295725 0.957180417403432 0.924460811361924 0.954382993643663 0.957674882575565 0.946683988441544 0.94895101307731 0.964541944077587 0.952964618580781 0.945285605008639 0.946282648214374 0.944545436318252 0.933127996946555 0.948631426218806 0.927965940540485 0.941846310093733 0.91663855060734 0.930076088704327 0.932712323755098 0.925125306286139 0.923446185343674 0.9550191695271 0.943940371734014 0.928100406059459 0.934323314247715 0.925363651794045 0.93196698878116 0.944623791585143 0.968351356866256 0.962993991990549 0.95329060492686 0.941275388460026 0.94239125282547 0.943475823560354 0.961085733245439 0.944336082416103 0.961997729179271 0.955350166761473 0.985906590248145 0.985808202212958 0.946315757866394
0.975361927821558 0.965916315547145 0.940513329972285 0.932613828532214 0.952502763118061 0.949058337338383 0.944219962203892 0.932250514811098 0.940973268638752 0.949158243623723 0.953393240866767 0.963834817298597 0.964587550595547 0.936038471123891 0.910141205204667 0.904930060896877 0.940069223974172 0.903763959929396 0.9124969265503 0.929488079132013 0.927695747456972 0.938890268498158 0.931923565996389 0.919301246880048 0.894949158660621 0.937032098273355 0.898592926228598 0.927297215953116 0.953716854837618 0.962143403089401 0.942162887979485 0.938667916650813 0.964066216662285 0.944307875618397 0.940275362981898 0.955097624580386 0.943466240592786 0.937727438285751 0.943169713225 0.94334683625388 0.959967681238635 0.951321309750646 0.931651411417437 0.985495509138081 0.946805898653114
0.975415109584639 0.961650623987554 0.960783550945216 0.959205177452461 0.948695700417953 0.92624980366517 0.912544688806206 0.925658837663024 0.93196963486791 0.960555335547473 0.958496004930239 0.940639275378849 0.965394061912553 0.948232145252023 0.942046590011411 0.904491942966701 0.928693269577623 0.905510137254909 0.918044705545877 0.941803810041029 0.937776014643615 0.954826952038862 0.901052703516534 0.919875461006823 0.940054456965092 0.938489429570853 0.932833734277567 0.965382097806782 0.936694790245071 0.946652748619375 0.940981887945294 0.91910674810032 0.952981719409156 0.945307376240832 0.95806176778633 0.944325833784777 0.926342275543014 0.952819331619585 0.945025218092247 0.949160210815097 0.957320250214504 0.946811311711703 0.979582763285804 0.979516789506838 0.979423825473429
0.975364558902583 0.954043117834558 0.952222381625875 0.952555783310333 0.954441593076976 0.92928397634281 0.952151846946721 0.9537766735924 0.925948347973802 0.962541264554199 0.959379366245966 0.907404026011058 0.965486925380605 0.932154657997088 0.929002827904766 0.9292286224358 0.947271024241383 0.925532317972826 0.930420482727561 0.951499726727731 0.924818176957798 0.956631970933105 0.945732917746115 0.959386748491908 0.937030913839544 0.930437184594442 0.937525621227081 0.951229616765813 0.961833593719114 0.961931173611225 0.935021276722066 0.942746009245864 0.946857423225599 0.946103374016317 0.941502337101796 0.934767355571157 0.948167073039931 0.985285040688037 0.979257196652969 0.938199397353305 0.946996100053052 0.938408831946908 0.985491407416468 0.985394139979247 0.979401152580777
0.962287386128432 0.964982405673336 0.946481080118285 0.93143879428425 0.942588192009681 0.947354559302749 0.937030433022018 0.953196830450023 0.972820623264309 0.966435415672563 0.960259656595582 0.9359509735612 0.95150305958142 0.952671314784469 0.954206613661176 0.956190941308065 0.96290032162706 0.963354603887018 0.965522538167618 0.96713014725518 0.967571219344165 0.970811066928677 0.959656699814472 0.937872409419022 0.921154920949635 0.922481407122051 0.952085630785639 0.9309083279976 0.934119023816994 0.929508288561988 0.941911242966312 0.942891047859786 0.942728327751587 0.950423949630541 0.979315780823114 0.985367093658747 0.979302408073971 0.985322893378194 0.985264218228535 0.985292580138361 0.985334964224495 0.97930358717847 0.985485033950031 0.985432453066774 0.985414883249862
0.940232446219095 0.974741906987654 0.955611947919991 0.951672269516063 0.9519429335169 0.946553694478986 0.973326163525806 0.972889248353473 0.973075177896613 0.973055749416762 0.959822427255761 0.971316346241129 0.967322464544948 0.967311888960826 0.933372359838509 0.933962590209902 0.956783393649015 0.937945993265164 0.958370500349187 0.942219811954638 0.942940921926047 0.940325956285765 0.949228472868693 0.960590559633128 0.951284312902471 0.952683402958301 0.936653662035134 0.931750569816811 0.912286001603041 0.942340964297494 0.941187297501618 0.950016760607601 0.979344497247854 0.979298326175397 0.985266723587718 0.979278601806841 0.985333131796939 0.985296324139909 0.985231217970267 0.985302479789773 0.985345970919624 0.985364018433855 0.985401794848748 0.979396750784645 0.985414420947993
0.951427842041037 0.974611034068149 0.974689114075574 0.974888409159046 0.962418136321524 0.936436518069 0.972757350543691 0.961758760643538 0.97284121243113 0.962004317329356 0.939087181440505 0.952231419918249 0.932833516013805 0.958665357193327 0.951925238007484 0.958303348565737 0.951305647292228 0.900897237866486 0.95797186678921 0.931656126460964 0.95697718059761 0.922371932851489 0.940017405793784 0.935113100946546 0.973360765198242 0.974465361735492 0.974602129787703 0.974772986795824 0.965041912768306 0.949234048574502 0.985394125493581 0.979322126931792 0.985276163077258 0.985359863865857 0.985304612963105 0.979180040720624 0.98521278742896 0.985196808352333 0.98518456362371 0.985207613994964 0.985182382839718 0.985173535241734 0.985343986458104 0.985332435604614 0.985413485194133
0.974095741144631 0.97381926164148 0.97391494377107 0.9737076262746 0.973795450181669 0.917492917583312 0.921419716745017 0.92770838392508 0.960890430777668 0.972518317225582 0.922062497413764 0.933884060332569 0.936082424343204 0.937103524314007 0.962353048942344 0.9558117643515 0.935717760471867 0.925442399859726 0.956142584656396 0.954714780998318 0.930244796971536 0.93544871567228 0.908565177568389 0.911609078562461 0.947410696076827 0.946119335905474 0.943353858485517 0.922894151220182 0.984857738344612 0.984865708418525 0.978805988663312 0.984908297389464 0.985006722106072 0.984973374012684 0.984937527177667 0.984821772802194 0.984949080479025 0.985051932427379 0.985074041056617 0.985108161574693 0.985037707880811 0.984938196251837 0.978893442792831 0.985066586851122 0.985047688059949
0.963101069068416 0.973735144128213 0.973524674345174 0.973668714663249 0.973459052647326 0.908435794284758 0.961537295011514 0.972176438232957 0.972392105225369 0.930304620567516 0.935383707062207 0.934454401515381 0.953374162964016 0.937203854824045 0.961986164475457 0.953370351812406 0.934171259093707 0.942269132474014 0.917044688141126 0.953952555094904 0.92926382498343 0.952507447946122 0.932568874750065 0.913641532373884 0.961403899699746 0.93923975569526 0.959292743759041 0.937446507517197 0.978730731708246 0.984859596935856 0.984913093161946 0.984898473125846 0.984885101390286 0.984857169024946 0.984831224035082 0.978669852497018 0.985052629807227 0.97886363579458 0.985118222669919 0.985111349907958 0.984944057364695 0.978843456009675 0.985077741932082 0.978878793737049 0.984949771937386
0.973440066171605 0.96276141827195 0.97347882961581 0.973500715106933 0.973505978951246 0.973838166386813 0.91756729773089 0.941982547601714 0.928936963572764 0.924832002158603 0.926331212499045 0.922919935181613 0.941145526292848 0.916355095287093 0.960486052944899 0.927218723710314 0.930421635704464 0.934569826180766 0.917134741833762 0.946965745030947 0.933581045251163 0.943215205746334 0.91041425978861 0.940371721372757 0.960372511583116 0.909957712096081 0.955229716915833 0.938304964539778 0.984868605475637 0.978740180182311 0.98500762386342 0.984901321284134 0.984890548009511 0.984972939129993 0.984947411373164 0.984934691013529 0.984971208933482 0.984962636444803 0.984955316608181 0.978852780168447 0.9849492801114 0.984948549661853 0.985075433070581 0.985069299071191 0.978846024981256
0.973410805684082 0.973602746455243 0.962797151796369 0.962845590381289 0.973619901786568 0.932721464110695 0.900703241176591 0.958467255930139 0.91076839600823 0.906368501301622 0.910036342856322 0.879820575335677 0.941258116704241 0.931258969674934 0.951981316775686 0.92885242363469 0.935961869747478 0.908189212448194 0.932045948369381 0.93570498313553 0.935896998306166 0.934134903104252 0.933673723601456 0.948804180093109 0.957223974352306 0.922473570457202 0.947525775525586 0.914661228192387 0.945269886347802 0.927373155215405 0.978802796169542 0.978805540385308 0.978808795370835 0.985007003016627 0.984876144428661 0.98485455826394 0.978900969225027 0.984972044128214 0.985061643014577 0.98495763963091 0.984956701858925 0.98495131343711 0.978892600097761 0.984977333841289 0.978862598567026
0.962754174880756 0.973619251580024 0.962839038621682 0.962933590623036 0.973730254194004 0.902760261708535 0.900266413361524 0.958275071507705 0.956482442578877 0.939667835370222 0.939240536968833 0.943766020170833 0.915630140777435 0.925008427824513 0.935273117588119 0.936443682560409 0.910641834410128 0.936754560067737 0.936245813595975 0.937655691637091 0.921740604122165 0.904197226056679 0.908691003368936 0.930912500841247 0.951855619540316 0.93533659319432 0.939484446792693 0.942151227588218 0.953617842076718 0.958943761561333 0.98501258314679 0.984901156207158 0.984909519279118 0.985036582996059 0.985006822908946 0.984894150188838 0.978960106771656 0.98507525163296 0.984966975610559 0.984964102642881 0.978874199581064 0.985050534980307 0.985091097077617 0.978912821066011 0.984972688133816
0.973621598229689 0.962825407600557 0.973701558067502 0.962978840005765 0.912608544996196 0.921877834835876 0.938011179532269 0.929851122190441 0.93719932667212 0.942434282961099 0.929450386303816 0.94965917322933 0.939809826438904 0.937852172778829 0.936989827358374 0.923167889703328 0.935240267329709 0.944641039826338 0.923267062232139 0.960814401510881 0.951181577232791 0.945710324806328 0.938775337453869 0.911324842249108 0.94518786170122 0.936854511876427 0.930418883496428 0.984983366644728 0.978762977139573 0.98499111472343 0.985019567766217 0.984919118168328 0.978825600721244 0.978820888014899 0.984992440268596 0.978783225760824 0.985025780215337 0.984977388163813 0.978883567776891 0.984970634364757 0.984963475359267 0.978856545569647 0.985103097707605 0.984997225998674 0.978907694218864
0.973156576157206 0.973129462973301 0.966988894265209 0.899853095919998 0.941558897626099 0.936366258696745 0.918973162777792 0.942421000187773 0.94294019536832 0.956316194221156 0.917141883001503 0.952578323241592 0.946591106006725 0.909175139302952 0.934395986283493 0.938522610733565 0.931125703303384 0.953857931407607 0.933455977563343 0.96020396682626 0.929256379392454 0.942916571671453 0.935025688516568 0.933489802511227 0.905461613714863 0.927836778455257 0.921590145458281 0.978421857555806 0.984698597270664 0.97834622394694 0.978335398283475 0.984687469052464 0.98457479798112 0.984564881131117 0.984543037697147 0.978261515967261 0.984610166291702 0.978197651405305 0.984580028240435 0.98457298244168 0.97816720052094 0.984566650267911 0.978249057290169 0.978223771702273 0.984603602554032
0.973118788565529 0.97310033726178 0.96700991296786 0.966564862966883 0.933868323862845 0.94051024582909 0.944173888394493 0.94318225866883 0.92981990932338 0.958450426514222 0.93906177034595 0.965935577583658 0.965993076259815 0.966258298692554 0.966325367794223 0.953699742665242 0.969309352712243 0.959175803062869 0.970088278058896 0.95821431957153 0.97070564528072 0.92850177600768 0.959486581584676 0.919634420457737 0.93404195315726 0.921399251894581 0.984792644878564 0.984644051791841 0.984602083197986 0.984586919942461 0.984578600942007 0.98457974552668 0.978324231679685 0.978306487760088 0.984652417237237 0.98463242560045 0.978227797884085 0.984484602140603 0.984482817764258 0.984570028791197 0.984569562705189 0.98457427613221 0.984510215230694 0.978241958214089 0.978227453226969
0.932025004654336 0.959565629640483 0.941274070460337 0.966844328456877 0.936993777277485 0.943858839729024 0.942798555517932 0.958086255011741 0.941332820133504 0.96021026769759 0.949522332307852 0.939443908336858 0.935218302110761 0.93781835259027 0.948299965832511 0.952066824402031 0.969206506692719 0.96925991379612 0.970213435291699 0.970201993405987 0.970619720764821 0.959386530106995 0.971057931348292 0.941723680591097 0.954562559720828 0.917367485423498 0.984746642452251 0.984732005193665 0.97836838742012 0.978341502584506 0.984678194512602 0.978331548212535 0.984671450162288 0.984661042444847 0.978285329385089 0.978267707339231 0.984499960268119 0.984590970971839 0.984487445909349 0.984469935270123 0.978187389730771 0.984466991165848 0.984517669646997 0.984610885987881 0.978238050022637
0.896712448803568 0.958848160722181 0.93091369249234 0.967130776690746 0.935689426026383 0.91853738242388 0.961076492171345 0.958946866067068 0.943233592604721 0.948479487941311 0.949182967810547 0.939512485717721 0.933578564856322 0.909403295652675 0.934576467051522 0.939448390529832 0.956747453199923 0.969213201130228 0.935806818653532 0.902751456534286 0.931289363256124 0.934900731626077 0.95958113010367 0.903574503883107 0.957075335600365 0.958103275842877 0.984715337657253 0.984643968027086 0.978378523857891 0.984586378566987 0.978338468672837 0.984678149856767 0.978312991833489 0.978305186233127 0.978286928223342 0.984535339904717 0.984501496742208 0.984493314817028 0.978187634754396 0.984574781140731 0.984575141334355 0.984574287753123 0.978243474217875 0.984519959738902 0.984615473536037
0.925547388287508 0.958907618819526 0.920392602768277 0.897753623078591 0.953917891829076 0.96328451684077 0.961609932022397 0.9378649298727 0.942014586578589 0.921800728012297 0.943349523712671 0.933634432189408 0.94489301993338 0.932082283716442 0.937226842063044 0.947640672817445 0.945400141317376 0.934905183632996 0.935235670954521 0.917076144086679 0.948836015531368 0.937964031782014 0.910754891836121 0.971244827858737 0.971742970614239 0.971762218682154 0.978407168717824 0.984754002151719 0.978384077747051 0.984594054538717 0.984590278365244 0.984576680623698 0.984565550123955 0.984558052818777 0.984537063419623 0.978273091583556 0.984600701720436 0.984488540594033 0.984477710426682 0.984572973292866 0.984571497459404 0.984466784080139 0.984619895630345 0.978241449082235 0.978239792587827
