Archive - glowpa-model-master/Model input/Uganda/survival/survivalcombined/survival_restime_1may.asc
NCOLS 67 
NROWS 67 
XLLCORNER 29.500000001 
YLLCORNER -1.499999999 
CELLSIZE 0.0833333332985075 
NODATA_value -9999 
[rows 0 to 19 of 67, columns 0 to 44 of 67]
-9999.000000000000000 -9999 -9999 -9999 -9999 -9999 -9999 -9999 -9999 -9999 -9999 -9999 -9999 -9999 -9999 -9999 -9999 -9999 -9999 -9999 -9999 -9999 -9999 -9999 -9999 -9999 -9999 -9999 -9999 -9999 -9999 0.908894372618978 0.934671680419133 -9999 -9999 -9999 -9999 -9999 -9999 -9999 -9999 -9999 -9999 -9999 -9999
-9999 -9999 -9999 -9999 -9999 -9999 -9999 -9999 -9999 -9999 -9999 -9999 -9999 -9999 -9999 -9999 -9999 -9999 -9999 -9999 -9999 -9999 -9999 -9999 -9999 -9999 -9999 -9999 -9999 0.935785653872468 0.918642939253655 0.932500418221333 0.923918654395101 0.904847698998817 0.906532373821729 0.931480672114907 0.937748575296749 0.912242247412845 0.933111139516129 0.936237293097912 -9999 -9999 -9999 -9999 -9999
-9999 -9999 -9999 -9999 -9999 -9999 -9999 -9999 -9999 -9999 -9999 -9999 -9999 -9999 -9999 -9999 -9999 -9999 -9999 -9999 -9999 -9999 -9999 -9999 -9999 -9999 -9999 -9999 -9999 0.950359087011584 0.929761947036408 0.94747570209709 0.946617409239084 0.961472490753524 0.929863923343214 0.944167272270227 0.958561359789574 0.956897311340993 0.95168275073125 0.94722228241599 0.934137956194983 0.917339259497551 0.939853390334162 -9999 -9999
-9999 -9999 -9999 -9999 -9999 -9999 -9999 -9999 -9999 -9999 -9999 -9999 -9999 -9999 -9999 -9999 -9999 -9999 -9999 -9999 -9999 -9999 -9999 -9999 -9999 0.934644463867676 -9999 -9999 -9999 0.931660765012538 0.927272721353433 0.947946934782021 0.929546963878384 0.902535021225223 0.945432908128671 0.941108783070899 0.933634802510961 0.935176047978146 0.925306668296498 0.939690054156734 0.939184740476237 0.916824591245266 0.947948115176387 -9999 -9999
-9999 -9999 -9999 -9999 -9999 -9999 -9999 -9999 -9999 -9999 -9999 -9999 -9999 -9999 -9999 -9999 -9999 -9999 -9999 -9999 -9999 -9999 0.934454016301681 -9999 -9999 0.918978379366995 -9999 -9999 -9999 0.981671280743964 0.97541077251856 0.97505753612449 0.948666824664485 0.945388692559225 0.938067155286524 0.904917083224673 0.935486834539234 0.926142325935517 0.942822159279806 0.934648394050668 0.928134643410873 0.933732886426151 0.951435071741662 0.931856368189533 -9999
-9999 -9999 -9999 -9999 -9999 -9999 -9999 -9999 -9999 -9999 -9999 -9999 -9999 -9999 -9999 -9999 -9999 -9999 -9999 -9999 -9999 0.919110980790454 0.945797743201708 0.939936353021569 0.945491642201333 0.901902179947852 0.983601222762713 0.983721641357046 0.977135757843551 0.983588433301918 0.924303842498726 0.975121491442297 0.963627357077825 0.963105581058634 0.938308642030426 0.936179738283845 0.952586685831998 0.942504378224664 0.910882156799642 0.935607189355728 0.909587225418057 0.951954109812904 0.953718051403691 0.932853473881731 -9999
-9999 -9999 -9999 -9999 -9999 -9999 -9999 -9999 -9999 -9999 -9999 -9999 -9999 -9999 -9999 -9999 -9999 -9999 -9999 0.93575513877003 0.956176385745071 0.957291903743401 0.960416826981765 0.961619029147695 0.930763443843627 0.919546906991487 0.983557486360656 0.983418231573405 0.983505827141558 0.983591246191298 0.954354630407586 0.927296356093758 0.964337655394537 0.921213393075046 0.948135179573467 0.958729389078257 0.957664347671535 0.95300428552907 0.936342766132888 0.943640892090862 0.947527260346884 0.95453282594039 0.959429973783419 0.901883984739831 -9999
-9999 -9999 -9999 -9999 -9999 -9999 -9999 -9999 -9999 -9999 -9999 -9999 -9999 -9999 -9999 -9999 -9999 0.9482189720496 0.949977837609879 0.935192580833424 0.936243401571774 0.918727972782522 0.916967439691086 0.961827794231393 0.813944614818126 0.951624837450715 0.976804869100105 0.911043244599112 0.948856478824669 0.95141814482884 0.963949338566502 0.948935100827804 0.97476996681295 0.930723928976526 0.915680728438752 0.928324883803762 0.948663681441109 0.941843618969529 0.935413842690102 0.935623922720177 0.932384338536481 0.933203193138792 0.944201438255557 0.931355179230741 0.902980173594836
-9999 -9999 -9999 -9999 -9999 -9999 -9999 -9999 -9999 -9999 -9999 -9999 -9999 -9999 -9999 -9999 -9999 0.948009838151066 0.914287877795414 0.936864260854806 0.936702801771379 0.926874959581246 0.948354355853347 0.963189315522557 0.962963834336283 0.976759520733996 0.936655604118066 0.938017783812926 0.945649430784809 0.949024506579601 0.963821479882396 0.963580232604355 0.939083251934049 0.964456811686397 0.923836361888053 0.941304483277487 0.918883980483284 0.942588585063878 0.920699869107386 0.936085072831 0.935038360295463 0.968544533297709 0.932427732212737 0.944458919387327 0.931543668068066
-9999 -9999 -9999 -9999 -9999 -9999 -9999 -9999 -9999 -9999 -9999 -9999 -9999 -9999 -9999 -9999 -9999 0.951755124987151 0.952731364743435 0.956746362259785 0.943723339186172 0.929791125821112 0.928931586347723 0.913402552728826 0.976774599603071 0.935864023877987 0.931166141487111 0.933374500106802 0.923807248000408 0.95739701168442 0.962972480182297 0.939782639676392 0.948153725448995 0.974975144541886 0.974712258243488 0.934794315987037 0.917846364913106 0.936813501260313 0.94245250339999 0.94528934587998 0.956195318711115 0.968486034504975 0.9523595499879 0.948035286451765 0.932432093995522
-9999 -9999 -9999 -9999 -9999 -9999 -9999 -9999 -9999 -9999 -9999 -9999 -9999 -9999 -9999 -9999 0.940494519170899 0.94752605206328 0.958244487274405 0.962387519127555 0.96389292016484 0.963869869705625 0.950989066249353 0.950128091318427 0.983599116023379 0.957421820165594 0.941122824491718 0.917572502133842 0.928032947272184 0.953059829023588 0.958493657957559 0.917575794571357 0.962560930606575 0.942327604298782 0.935624637621712 0.964614893652795 0.955495463364697 0.942857970059791 0.957130507835435 0.969364493555938 0.944269338899069 0.936138560394666 0.935092497416868 0.951440982502377 0.964514244823565
-9999 -9999 -9999 -9999 -9999 -9999 -9999 -9999 -9999 -9999 -9999 -9999 -9999 -9999 -9999 -9999 0.941106306371734 0.938679953511839 0.938695036701138 0.923702726712558 0.943417466020179 0.911307964774184 0.918574679945036 0.977203887467477 0.939924797203243 0.956997990810962 0.955080777159137 0.942621214404246 0.942975197139442 0.950555181875377 0.956143070034498 0.940615491727152 0.96160828205457 0.942727100749876 0.943143874448896 0.97283180780344 0.958128354037771 0.970105080557049 0.95807172409766 0.937747087927581 0.93359417748418 0.950434546727506 0.934793584538897 0.950716748302712 0.934336389191308
-9999 -9999 -9999 -9999 -9999 -9999 -9999 -9999 -9999 -9999 -9999 -9999 -9999 -9999 -9999 0.942220376131861 0.934063573211504 0.943111645265892 0.948368564766331 0.939623282270953 0.939928109256939 0.92149131498915 0.983843628774537 0.983887339315209 0.942475480987234 0.919489808305534 0.942486258236465 0.920687209017351 0.943725280859624 0.948455735848364 0.944780628174022 0.932620965785635 0.959965275250779 0.910834523106426 0.938980718019375 0.953105475646771 0.960919819788628 0.936355958251447 0.944272080877952 0.937853017861851 0.913137174166048 0.944532026316783 0.935555533892513 0.946513890819644 0.905105723671033
-9999 -9999 -9999 -9999 -9999 -9999 -9999 -9999 -9999 -9999 -9999 -9999 -9999 -9999 -9999 -9999 0.944522485561111 0.9458535685239 0.929841164472629 0.94554453031533 0.940906293957044 0.866612357632813 0.977437630001506 0.984171627490476 0.929630131121 0.92117868954558 0.932033963148527 0.94509370164912 0.923552189110709 0.937555733319449 0.938602909475181 0.947738558630555 0.959833333398043 0.951306236276818 0.915722733634172 0.941454933273538 0.972565051761871 0.937692144938614 0.938707425789702 0.955011447912701 0.944223859988928 0.937725472677011 0.936226876643394 0.943318283279297 0.932737372358207
-9999 -9999 -9999 -9999 -9999 -9999 -9999 -9999 -9999 -9999 -9999 -9999 -9999 -9999 -9999 -9999 -9999 0.945620622950093 0.951636859444893 0.955773404299585 0.956063469321005 0.961839114804539 0.984069310367255 0.934726926779351 0.949454339844593 0.954339674628114 0.922060764871966 0.935092255249004 0.939469668398269 0.940583210430583 0.917154752794011 0.941224316278519 0.956204459936136 0.948256861480292 0.941331762195389 0.941843147211833 0.955533228630307 0.96089243836968 0.940545851084571 0.939979201922774 0.954003263590293 0.937442700582422 0.926303886966429 0.940460534140663 0.951640987227469
-9999 -9999 -9999 -9999 -9999 -9999 -9999 -9999 -9999 -9999 -9999 -9999 -9999 -9999 -9999 -9999 0.94978906180576 0.935049603664346 0.941673991950638 0.949606333668381 0.951553006738082 0.932589304204827 0.983987534943601 0.942163443684699 0.946972838951329 0.961908309264176 0.957348518822963 0.944155282456633 0.937967373958726 0.951271321600719 0.931142606106505 0.939702626862899 0.943049527948599 0.93335327788694 0.94648748650844 0.949204294153644 0.951788889201011 0.951095883777121 0.960679877466257 0.967625636421293 0.949184344411961 0.953896416909633 0.966113606591044 0.965831745681633 0.939743020915882
-9999 -9999 -9999 -9999 -9999 -9999 -9999 -9999 -9999 -9999 -9999 -9999 -9999 -9999 -9999 -9999 0.949881047831938 0.961405274152381 0.947733759925117 0.943189482879661 0.966762909918217 0.967909806214906 0.967779120803045 0.977375771289645 0.940156895745294 0.91765366783639 0.919730381373062 0.92076821803408 0.9591450015861 0.957546929267423 0.939333947810677 0.916541073431916 0.925155782110956 0.94435426315071 0.930592964366656 0.942932364101145 0.917536195175818 0.939084806243216 0.954250465317558 0.956733945483107 0.93778224402941 0.920576287462399 0.93352126309834 0.906309878260974 0.932685749755054
-9999 -9999 -9999 -9999 -9999 -9999 -9999 -9999 -9999 -9999 -9999 -9999 -9999 -9999 -9999 0.928947610988231 0.943273810362789 0.944013627992761 0.962308816971392 0.953204103542411 0.941437766900902 0.934660157646589 0.909407506409328 0.983989426938551 0.948870139375921 0.962618928946861 0.961786275671474 0.960745796483123 0.960110787978086 0.93790427247002 0.947897445452457 0.919050061154259 0.940554976006155 0.940350702571483 0.940968839663022 0.928235008630518 0.939513652308595 0.949776922495295 0.95236037471382 0.969224954436935 0.96895833753718 0.933248302623482 0.906896735964218 0.934773317685506 0.941344732155846
-9999 -9999 -9999 -9999 -9999 -9999 -9999 -9999 -9999 -9999 -9999 -9999 -9999 -9999 -9999 0.945430989659571 0.957515759701637 0.922189168157175 0.961039003644366 0.947635461985408 0.958084573877895 0.932285931378926 0.94507406034426 0.983978418648237 0.934213089339754 0.91527364773076 0.940823196916992 0.926079798572748 0.936318338010884 0.93818056230979 0.935093693767759 0.941429954814991 0.942133314887291 0.949172581778423 0.960871416030229 0.940680949059224 0.941268291965432 0.939071896703127 0.913599521335627 0.945619895089673 0.955163734326406 0.95546666417447 0.930773102167151 0.93093094415095 0.945731421568544
-9999 -9999 -9999 -9999 -9999 -9999 -9999 -9999 -9999 -9999 -9999 -9999 -9999 -9999 -9999 0.944726477678184 0.959032306170779 0.947842874209145 0.917228590295532 0.93498857834472 0.935205955792628 0.902548031293276 0.937822847093639 0.932830949688411 0.977335946835027 0.907105880359911 0.937915703311026 0.94117951453002 0.91184170817487 0.961823878730534 0.955951144456362 0.953026671623389 0.945999111109252 0.95341310856534 0.948915942683312 0.950338098921588 0.929999102664706 0.924508397027256 0.938073038666235 0.938175718805764 0.948655756682276 0.942615599402529 0.955394909895757 0.966963825493511 0.945383027795845
