Archive - glowpa-model-master/Model input/Uganda/survival/survivalcombined/survival_restime_1jun.asc
NCOLS 67 
NROWS 67 
XLLCORNER 29.500000001 
YLLCORNER -1.499999999 
CELLSIZE 0.0833333332985075 
NODATA_value -9999 
[rows 0 to 19 of 67, columns 0 to 44 of 67]
-9999.000000000000000 -9999 -9999 -9999 -9999 -9999 -9999 -9999 -9999 -9999 -9999 -9999 -9999 -9999 -9999 -9999 -9999 -9999 -9999 -9999 -9999 -9999 -9999 -9999 -9999 -9999 -9999 -9999 -9999 -9999 -9999 0.921283344297549 0.943605242357999 -9999 -9999 -9999 -9999 -9999 -9999 -9999 -9999 -9999 -9999 -9999 -9999
-9999 -9999 -9999 -9999 -9999 -9999 -9999 -9999 -9999 -9999 -9999 -9999 -9999 -9999 -9999 -9999 -9999 -9999 -9999 -9999 -9999 -9999 -9999 -9999 -9999 -9999 -9999 -9999 -9999 0.944438320879566 0.929297300603417 0.940958548617211 0.93412759020421 0.916491563923515 0.91806093488148 0.940079041140522 0.946681475296504 0.925666920208224 0.942761118890284 0.945472631068506 -9999 -9999 -9999 -9999 -9999
-9999 -9999 -9999 -9999 -9999 -9999 -9999 -9999 -9999 -9999 -9999 -9999 -9999 -9999 -9999 -9999 -9999 -9999 -9999 -9999 -9999 -9999 -9999 -9999 -9999 -9999 -9999 -9999 -9999 0.957723433114963 0.938336550404405 0.95472712174486 0.954953545308772 0.967454731819077 0.938758223541167 0.952819926466344 0.965505874250304 0.963924958278268 0.959566026347351 0.95584062731079 0.943874615684231 0.929581479496168 0.951039319380735 -9999 -9999
-9999 -9999 -9999 -9999 -9999 -9999 -9999 -9999 -9999 -9999 -9999 -9999 -9999 -9999 -9999 -9999 -9999 -9999 -9999 -9999 -9999 -9999 -9999 -9999 -9999 0.945419058195659 -9999 -9999 -9999 0.941869576321509 0.936114588763408 0.956041847313994 0.93821862314364 0.91440725595125 0.954007048641745 0.949010567562079 0.942876559401457 0.944359633223215 0.936956643669751 0.94947723261368 0.94913989974802 0.931738888987165 0.957340668861175 -9999 -9999
-9999 -9999 -9999 -9999 -9999 -9999 -9999 -9999 -9999 -9999 -9999 -9999 -9999 -9999 -9999 -9999 -9999 -9999 -9999 -9999 -9999 -9999 0.943806947308218 -9999 -9999 0.93225657305489 -9999 -9999 -9999 0.984955557788511 0.979430711240549 0.979142168341865 0.95573865348067 0.952822582161337 0.946230601411447 0.916944930705579 0.945053798339326 0.939051861712295 0.953043591460915 0.946727165265403 0.941415246856124 0.947244137195967 0.960294608393445 0.942182437738193 -9999
-9999 -9999 -9999 -9999 -9999 -9999 -9999 -9999 -9999 -9999 -9999 -9999 -9999 -9999 -9999 -9999 -9999 -9999 -9999 -9999 -9999 0.931992218302976 0.954870810049094 0.950374369683796 0.954392859656751 0.917363955522342 0.986717752881373 0.986784877931901 0.981428276841009 0.986559127965301 0.935981820288283 0.979192396319875 0.969709355882136 0.969341083095908 0.946543183550219 0.946810517478636 0.960902240068866 0.951969302645534 0.926776135939496 0.947343275736855 0.924231765556984 0.961168565947205 0.96213656938174 0.942516799294536 -9999
-9999 -9999 -9999 -9999 -9999 -9999 -9999 -9999 -9999 -9999 -9999 -9999 -9999 -9999 -9999 -9999 -9999 -9999 -9999 0.945952851635275 0.963742225066316 0.96460496536981 0.96722123416443 0.968304038048534 0.942780808486187 0.937386840079101 0.986551058673727 0.986365995678345 0.986423017060347 0.986483781661406 0.961805932991135 0.938332240452623 0.97014150040174 0.933532027449759 0.956907040151166 0.965642353829568 0.965108196656622 0.961373835082426 0.947435638291478 0.953556692818994 0.956641941028089 0.962983087200408 0.966976776693156 0.916157546186922 -9999
-9999 -9999 -9999 -9999 -9999 -9999 -9999 -9999 -9999 -9999 -9999 -9999 -9999 -9999 -9999 -9999 -9999 0.955849185266816 0.957347183397184 0.944796945874661 0.944583356804535 0.930152240460133 0.930042322592487 0.967951327228927 0.885009021746809 0.959308962875024 0.980482041460577 0.921801696440762 0.956076985197383 0.958280836004857 0.96967124759891 0.956850026263951 0.978810250187053 0.941302517653629 0.927863189385473 0.938840237876973 0.956967863574972 0.951065791522805 0.945499972173709 0.945202943636751 0.943805121304723 0.942206130654555 0.954940391794735 0.94196263610454 0.91746372944752
-9999 -9999 -9999 -9999 -9999 -9999 -9999 -9999 -9999 -9999 -9999 -9999 -9999 -9999 -9999 -9999 -9999 0.955853941965289 0.925573954587542 0.945221159997582 0.944895522887406 0.936772489723952 0.956146694465903 0.969220644983635 0.968726003815277 0.980452265525976 0.945583639403561 0.946741709752622 0.953483427881198 0.956474749391154 0.969582809193667 0.969214382363275 0.947922992425895 0.970092037876745 0.935395198298406 0.949836748644517 0.931495396431198 0.951542046817805 0.933241022411926 0.945577433116496 0.943975069103057 0.973971509045931 0.942137929983246 0.953599374622743 0.941771244567633
-9999 -9999 -9999 -9999 -9999 -9999 -9999 -9999 -9999 -9999 -9999 -9999 -9999 -9999 -9999 -9999 -9999 0.959311436040467 0.959618930724217 0.963140049947086 0.951187159137948 0.939825812039137 0.939327731894291 0.933431161731517 0.98041005396586 0.945210811409364 0.941422529743937 0.943241168016717 0.934687917948548 0.963695930449465 0.968727099022502 0.948203248002297 0.956017843078258 0.978958321434022 0.978674939033756 0.944640888237272 0.930479830583173 0.947091754021916 0.950645826108948 0.95334550421739 0.96365479027787 0.973913119455358 0.960559977484685 0.956531866353664 0.941657257983382
-9999 -9999 -9999 -9999 -9999 -9999 -9999 -9999 -9999 -9999 -9999 -9999 -9999 -9999 -9999 -9999 0.94830247655481 0.955154082831875 0.964369722751424 0.968095529796982 0.969398692813139 0.969392085106429 0.9583328780981 0.958073246687124 0.986155185632089 0.963784342768413 0.94937501815042 0.929006986678051 0.938573676897564 0.959878483094837 0.964682433551195 0.928972443145373 0.968149410915684 0.949963787540717 0.945133433947276 0.97009569370855 0.962807700897305 0.951278618842304 0.964396009999064 0.97462068675658 0.952583366524093 0.945330657299948 0.944956796065908 0.959746320173204 0.970593290768214
-9999 -9999 -9999 -9999 -9999 -9999 -9999 -9999 -9999 -9999 -9999 -9999 -9999 -9999 -9999 -9999 0.949163557034149 0.948263543932517 0.946977270912584 0.934696376358074 0.951696366928901 0.920511914977847 0.932892774587736 0.980892604779951 0.948928563502458 0.963349944466404 0.961684396683589 0.950528900546605 0.950929401294367 0.957644989104321 0.962601469955175 0.949372311882278 0.967357882621527 0.950373377689765 0.951056085255384 0.9769859814998 0.965254588115912 0.97522059906818 0.964663830914293 0.946330000508988 0.943866150472267 0.958079767130391 0.944503897084743 0.95877767849772 0.943926092178657
-9999 -9999 -9999 -9999 -9999 -9999 -9999 -9999 -9999 -9999 -9999 -9999 -9999 -9999 -9999 0.949952921343689 0.943817697586275 0.951374272312329 0.955461204238348 0.948312104694749 0.945793443508048 0.929956688283762 0.986519086991337 0.986495748135456 0.949948515763789 0.930365440864496 0.950398188239852 0.931542825065981 0.951328287466125 0.955478940352776 0.952171769195778 0.941821302307043 0.965772304145355 0.922598777349979 0.946756461732806 0.959694366529693 0.967485688868833 0.945107730710341 0.952254986940266 0.94749350676417 0.925040521421154 0.95269001927571 0.945070489939121 0.955006158472768 0.918476796706016
-9999 -9999 -9999 -9999 -9999 -9999 -9999 -9999 -9999 -9999 -9999 -9999 -9999 -9999 -9999 -9999 0.951447597156066 0.952783073750744 0.938387843124238 0.952203636725288 0.948300015643554 0.890098741358732 0.980709113007344 0.986455968963986 0.938426692805565 0.930478820154827 0.940367080383731 0.951667403951846 0.932482938658664 0.944200238942455 0.945833296013236 0.95422846849788 0.965150319529695 0.957590569225831 0.925625085741002 0.948289674857619 0.976836672177394 0.946439795027864 0.946611643734763 0.961533686755714 0.951700372173739 0.945711914574849 0.946035312452488 0.952442091882669 0.942598183475916
-9999 -9999 -9999 -9999 -9999 -9999 -9999 -9999 -9999 -9999 -9999 -9999 -9999 -9999 -9999 -9999 -9999 0.952370920204073 0.957757780479168 0.961430150814883 0.961645383543362 0.966869270276393 0.986344600908149 0.942978080284177 0.955586505358837 0.960091506633839 0.930917999425948 0.942978755864221 0.946214632848496 0.946826283829852 0.926784254544795 0.948206867401003 0.961766726894498 0.954784241779059 0.948402004910995 0.948694518798931 0.961901001825835 0.966948787075269 0.948654779885471 0.947937965405549 0.960958397934923 0.945114376370374 0.937888658180908 0.949433438820343 0.960295437038438
-9999 -9999 -9999 -9999 -9999 -9999 -9999 -9999 -9999 -9999 -9999 -9999 -9999 -9999 -9999 -9999 0.956112939935895 0.94364239841715 0.948784416675816 0.955587359862582 0.957164508081925 0.94031601246057 0.986338304312345 0.948101707140275 0.953664982091642 0.966796783547972 0.962614974368768 0.950360686072471 0.944277565527039 0.956778865246597 0.939681344332608 0.946778399602571 0.949625665711479 0.9414093838124 0.952865460047622 0.955418355815179 0.958492440037229 0.957804841915286 0.966759091435593 0.972580864039507 0.956036555039854 0.960864185504752 0.972264467908591 0.972008463311967 0.948765549093206
-9999 -9999 -9999 -9999 -9999 -9999 -9999 -9999 -9999 -9999 -9999 -9999 -9999 -9999 -9999 -9999 0.956231753853875 0.966858226597442 0.954273760371044 0.948978357407913 0.97092176105404 0.97176085285536 0.971670298573766 0.980658384980307 0.94568423234548 0.925705178435115 0.927721374731572 0.929056612877657 0.964020403116344 0.96257308730099 0.946181569487327 0.926117002355726 0.933825515474684 0.950858142108215 0.939159398637423 0.949563670423683 0.927941014907761 0.946768146848907 0.960612709375142 0.963303629913162 0.945853156327867 0.931080309556567 0.94334713191549 0.919634183881912 0.942120090333502
-9999 -9999 -9999 -9999 -9999 -9999 -9999 -9999 -9999 -9999 -9999 -9999 -9999 -9999 -9999 0.937745992945434 0.951004282532316 0.9506844388763 0.966978816992606 0.959031525088863 0.947812262949373 0.940474458852592 0.917163806897333 0.98626053599934 0.954814229312575 0.967085763951405 0.966383327956842 0.965399557154463 0.964819507727512 0.943931856952727 0.954155826764599 0.928191020934867 0.947520105265029 0.948111574147024 0.948056550000616 0.936911594198678 0.94719556074135 0.956486378111803 0.958879921173832 0.973924657343505 0.973682640040839 0.941173494219111 0.919961269977379 0.943778810611914 0.949557243698377
-9999 -9999 -9999 -9999 -9999 -9999 -9999 -9999 -9999 -9999 -9999 -9999 -9999 -9999 -9999 0.95203733292263 0.963185169172645 0.931278696472381 0.965814285263406 0.952571889565671 0.962552901989278 0.937716159074863 0.950173219958669 0.986274148850547 0.94040633134096 0.922454498871116 0.946217304770227 0.933378163825644 0.942195906946928 0.944058624789766 0.943099360933315 0.947977912855782 0.948701340918962 0.955333398562886 0.9661469277025 0.947588125271186 0.948601455017156 0.946544410048652 0.923935369175824 0.952617813535063 0.961339192080931 0.962211717652623 0.940548050569749 0.941812991468811 0.953834358349858
-9999 -9999 -9999 -9999 -9999 -9999 -9999 -9999 -9999 -9999 -9999 -9999 -9999 -9999 -9999 0.949828249486001 0.963384144987402 0.95342605490094 0.924279044758885 0.940887626122618 0.939196633627619 0.908762726106468 0.942511108833147 0.938516796390008 0.98006715574424 0.913391362162676 0.943377415224961 0.945643825278984 0.918503253293498 0.965728159152422 0.960787294160152 0.958111424105497 0.95146320187279 0.958540162577133 0.955069835740052 0.955627042390504 0.938521022472079 0.933831259847525 0.94521532046655 0.945077411911808 0.954846230288018 0.949194001191011 0.96283323952933 0.972436340206045 0.953102826278171
