Archive - glowpa-model-master/Model input/Uganda/survival/survivalcombined/survival_restime_1sep.asc
NCOLS 67 
NROWS 67 
XLLCORNER 29.500000001 
YLLCORNER -1.499999999 
CELLSIZE 0.0833333332985075 
NODATA_value -9999 
[rows 40 to 59 of 67, columns 0 to 44 of 67]
0.916261326871772 0.933893685989944 0.972831017737815 0.973224856085075 0.922766814685048 0.961878536478302 0.938797396483146 0.946194868748795 0.925983924277116 0.945256637151296 0.9431021342723 0.951684619984092 0.92978802864946 0.959826998886559 0.950246300831698 0.96718946443126 0.963732502995042 0.953339917865553 0.953322254803932 0.953777025835682 0.952773167735469 0.940829440623068 0.952165837464249 0.95107823937598 0.951772434263441 0.947176390280475 0.950269288034212 0.952023463439283 0.943252489641454 0.934435947150521 0.948811389051428 0.942452581950394 0.970349677648389 0.938519754582454 0.950017555631729 0.96075750954842 0.947022742556725 0.925846874538622 0.945883170532854 0.952599121292924 0.954062899043634 0.947112292582506 0.986209092761008 0.958101708880682 0.948623093325197
0.942042891650046 0.930485482385933 0.972682703478161 0.958379021543796 0.958110683801975 0.959906931843951 0.928367825330478 0.947816576613814 0.947125524581377 0.959155194063328 0.946044485757403 0.946840781853943 0.931107862228846 0.950898382068782 0.939474382772693 0.964504372246609 0.950036266250981 0.947306366092776 0.952325920127079 0.964212381523821 0.959498958763404 0.95743979692028 0.951223535931337 0.957207495391249 0.938567330637088 0.949324063243803 0.931346781156106 0.941710477170791 0.916338999900032 0.941419572663559 0.948040570433537 0.941189221333431 0.96953018072258 0.945115793651439 0.946016566873319 0.945580940808082 0.934567428412267 0.946161118658041 0.950248104054158 0.953476114378492 0.966557020173603 0.958845368698195 0.986232270718629 0.952493532767381 0.961940180865138
0.926700884118491 0.911733461415081 0.972162420761381 0.909617838768021 0.959671247963861 0.959496429519095 0.926147460267036 0.954824449531494 0.957517477311234 0.945320258828229 0.947881487235732 0.963541793563455 0.953650037493669 0.946622054165049 0.951201787036842 0.952574787834566 0.943500433792071 0.955757796950189 0.937775840212094 0.950633814241858 0.929370059967077 0.94687228266656 0.947743904733865 0.9438214198957 0.946697242906077 0.96275178558346 0.947784379965125 0.931401153661125 0.940319860670259 0.932968848526438 0.933765561827667 0.945232573226123 0.969157599885738 0.964206471712673 0.955695306403868 0.944582338173108 0.945975769608749 0.945354082675194 0.96316403300893 0.94602945442945 0.963461065226862 0.956812152784611 0.986275713990738 0.986190420947249 0.949166409552583
0.971319313007787 0.960958512390726 0.939078538048619 0.9326850195898 0.957771025479499 0.95621016554195 0.94730068690944 0.935333673085941 0.942204938093443 0.948653188340162 0.953496867181497 0.963994845124184 0.965510682592825 0.948263882437308 0.928482884129595 0.935339603359468 0.951565550235994 0.927237252055458 0.928758519390216 0.951198018348266 0.951258464706425 0.954649625751422 0.948739116619309 0.947308702234899 0.923052655703226 0.948283667400071 0.920264910865153 0.938532437317316 0.958030160807152 0.958888732739748 0.946708348687982 0.940076673181433 0.965443902699362 0.94595030680656 0.942869922354263 0.957243980581172 0.946332458543678 0.941985586919802 0.945834008476658 0.9456683281373 0.961946549808826 0.953348922967032 0.934086270397459 0.985932286444549 0.950573271254856
0.97140446074189 0.961724043465096 0.960782379025887 0.959867522657555 0.957834196249161 0.937825972349818 0.917804795689773 0.928289784476237 0.935545171058087 0.961093915636623 0.960050979682897 0.945983997517956 0.967343140846503 0.95771230122839 0.95873486096431 0.931669010278483 0.952632488164726 0.9343007973924 0.936365037771868 0.956962379616246 0.954944677964725 0.965496267655618 0.918468541015966 0.932837490236988 0.949952131965287 0.948153936229802 0.945478913697622 0.965771181039557 0.94179270508069 0.94206054086578 0.942642526103461 0.920153480077744 0.954235056426892 0.947518856307311 0.959933173973989 0.946336565025622 0.931854022022742 0.956359260387248 0.948425769817145 0.951725613329327 0.959388672612813 0.948890992234791 0.980208932167838 0.980128307098857 0.980056677115369
0.971210157086291 0.954153998811645 0.952455351827847 0.953736969336759 0.962096387561338 0.935922213665992 0.957242873217774 0.957666817276562 0.929899124123354 0.963372580446978 0.961145702372757 0.921837494924316 0.967565323851286 0.951212030480938 0.947576460668634 0.951612743213261 0.962715809685882 0.950998051972497 0.949733857985266 0.961870766592105 0.940264197001106 0.966057219943261 0.952318735553098 0.96488459503361 0.934750876222868 0.942066154093049 0.942477540477383 0.951758721457307 0.9585706848189 0.958636289239466 0.936475860660258 0.943389325621729 0.948014982400512 0.947405640462165 0.942529538048571 0.937946296666997 0.952111866958242 0.985715417577718 0.979828273423493 0.94137511464243 0.948899300094782 0.940262584631798 0.985921892464727 0.985832953517431 0.980020745230311
0.961259187328297 0.958768946348522 0.945959290605027 0.93304647713353 0.949211637650612 0.948474638144325 0.941029632620332 0.957215049429563 0.972679789030166 0.967742140915306 0.962767497789319 0.946307221928808 0.954672716281053 0.964650382406025 0.965525515903718 0.966819495202697 0.97057208089874 0.970837080859083 0.972222058552064 0.973336107793551 0.973304167116278 0.97540315267644 0.965487620065187 0.940170795260707 0.912040071501938 0.912722502335593 0.951977336890496 0.935793792570651 0.938552832317366 0.930345920650304 0.942922973699517 0.943526524875093 0.943254753416381 0.951108625404317 0.979388574897875 0.985439428428945 0.97986575014833 0.985722572528655 0.985667047719606 0.985699050064888 0.985752957837401 0.979889317641203 0.985917585541078 0.985872226373633 0.985863903431344
0.938444608986568 0.969354445222582 0.955659807816701 0.951862025842957 0.952635091981732 0.950098416499761 0.973183605822727 0.972855123216067 0.972896338182421 0.972917330894082 0.96245801697613 0.973178385487287 0.96976954233739 0.969670792168579 0.944513044901769 0.94345357000562 0.963210998683765 0.952094226970015 0.965384593932913 0.95489434729333 0.950712941301827 0.944526527919392 0.952227365907956 0.965730318124949 0.944346262913733 0.952159646959217 0.930241830779913 0.934487360766668 0.910076323333157 0.943048550248397 0.942556681638237 0.950970827020099 0.979444533051895 0.979384857999847 0.985304517209056 0.979352693151339 0.985728300787066 0.985695955265258 0.985641236818902 0.985706795985363 0.985744888043657 0.985743186991136 0.985841961136708 0.9800152945038 0.985857373181056
0.950157595679257 0.96919597463707 0.969036333680867 0.969297231812786 0.96464048080748 0.938387292667134 0.972590321508014 0.961571146564813 0.972685941316986 0.961824496215506 0.944772959018585 0.958917583893488 0.944619065769442 0.963043692620474 0.954563080659966 0.960954562294575 0.956882984300536 0.924693623347643 0.965051422035316 0.947249292026077 0.962767221189586 0.93403677063152 0.946591270695375 0.942453060822143 0.976122524696284 0.976556060609729 0.976526964210521 0.976530807416932 0.967240268157851 0.950090837069724 0.985469496424518 0.979440906774238 0.985350863871838 0.985433491040002 0.985349751946966 0.979268656116647 0.985608975498661 0.985595778292876 0.9855909432779 0.985616584613072 0.985593784070265 0.985590758894805 0.985785101166855 0.985764448336922 0.985861886752215
0.968956248416145 0.968656199426512 0.968821076335529 0.968671390087526 0.968762998996142 0.916751765459704 0.925239524629651 0.943758356346625 0.961509917242417 0.972975172033799 0.934356069141612 0.946064119548893 0.944680522366334 0.943907875929521 0.965370788901955 0.959427126012522 0.942620241806965 0.936238228261118 0.964382422891028 0.963133245675861 0.946695405477514 0.944632531163016 0.923313521962289 0.92077835752364 0.946476208560817 0.947882192467846 0.946229770171404 0.925662513224692 0.985039052482735 0.985071460434773 0.979285429124151 0.985254468349957 0.985325660194302 0.985276516854462 0.985238024731248 0.985111234997446 0.985318876654024 0.985419260712001 0.985468620545629 0.985488247033958 0.98542978373862 0.98531810232023 0.979334290468181 0.985374897695734 0.985375669264158
0.955986892496541 0.968564837119846 0.968378520534104 0.968594058552212 0.968353321402235 0.916141281685113 0.962452192222075 0.972651368664115 0.972898789849499 0.935343454494911 0.947524288856058 0.944527732997726 0.959316324996544 0.942816816655754 0.965044353553581 0.956887118200401 0.940478853269465 0.949913482628724 0.942199117741222 0.962525053999608 0.945293915563289 0.959691766285298 0.944698353536701 0.914572559401064 0.961331768405603 0.941597676273456 0.96144222943014 0.939971921729036 0.978989840866417 0.985044064945253 0.985220668083791 0.985220715080264 0.985211651674047 0.985188151777948 0.985138096936721 0.979088064878519 0.985416445001315 0.979392765773833 0.985490483363668 0.985482805475489 0.985337174769543 0.979397122511444 0.98540141267246 0.979315009127818 0.985277901799438
0.968321842871206 0.955569807863528 0.968303542112445 0.968360665531118 0.968408195289862 0.973852626336001 0.931219295766278 0.948495556750569 0.938423113734184 0.937792748575538 0.942565988987393 0.934305017447396 0.945962850673198 0.922189561798751 0.96368964374407 0.933030551111931 0.934421921120443 0.938790718492495 0.927789955631411 0.957946386106664 0.947831028303528 0.951670932438406 0.92392022629471 0.94212610404178 0.96098656169564 0.914024120766258 0.957565558155233 0.94104522950891 0.985061324720902 0.979019905118338 0.985356381189286 0.985261707841718 0.985248691134696 0.985338002460515 0.985286751348318 0.985246182694275 0.985343238775886 0.985331601385005 0.985323520384369 0.979397675829732 0.985342083918558 0.985339887314595 0.985404363071534 0.985384914615929 0.979305904165895
0.96821029883252 0.968399848253953 0.955600635295183 0.955733544588719 0.968545585370682 0.937024799262716 0.916315578432771 0.962865663332365 0.925725339949161 0.936519323402287 0.92812982159762 0.904586142341871 0.946558409652871 0.93708341398062 0.95574736056609 0.933747703424304 0.939318137225278 0.913351136376111 0.938743032299963 0.948472898756545 0.948436946394401 0.944021718955051 0.941198755038788 0.953052201232566 0.957908968190635 0.924350602727396 0.95011790425595 0.918044794309762 0.946985333308583 0.929809376414873 0.979289969755793 0.979323766351504 0.979311082548118 0.98535685859958 0.985229185492289 0.985202907766216 0.979471391164401 0.985352263387789 0.985444607438975 0.985347787428143 0.985350052551832 0.985346779711317 0.979364176795484 0.985294199494901 0.979316603473315
0.955442556210355 0.968412531413293 0.955704668370776 0.95586033770944 0.968621285845241 0.905607955229756 0.906325934781179 0.962821870531931 0.961311341813316 0.948111824667335 0.955011956378155 0.955348496914992 0.92374954762314 0.931575884079698 0.939463922666453 0.941523522953379 0.916773509660472 0.942219962149566 0.941807486886034 0.942760469824284 0.931721521534151 0.906954567362278 0.919531519382153 0.932511921849674 0.94930595235652 0.936689239960628 0.94189613507654 0.944054306309741 0.955247921860233 0.960460043220145 0.985362806874966 0.985259820614913 0.985268242524595 0.985377022534744 0.985342811574177 0.985223312292024 0.979505882677381 0.985466073174057 0.985361416317947 0.985357463039504 0.979428807799542 0.985455355808842 0.985427449491547 0.979362358270998 0.985305635346872
0.96839578739766 0.95558433232705 0.968670055108511 0.955965423081865 0.914820521805941 0.926611635315439 0.943181331475372 0.93694298790705 0.946921442322668 0.955221251462648 0.94402937208084 0.958532750218667 0.948254289892037 0.944428483334965 0.94390578988982 0.930619575089199 0.941506951622321 0.949322385378241 0.929690021132093 0.96236121780261 0.952576680847545 0.948612662367267 0.943870061219337 0.918687672003483 0.935222847424477 0.922314751740406 0.930728423262371 0.985144045020907 0.979026332291371 0.985158253023996 0.985357367498976 0.985267432346838 0.979331355220386 0.979316732475088 0.985324393468265 0.97924549283237 0.985409925713444 0.985375093661944 0.979440168471444 0.985358860020282 0.985370577044962 0.979426232001892 0.985437854197813 0.985326025172713 0.979364286355555
0.968432302249608 0.968457366953289 0.969004941555277 0.901913948728134 0.944949071353128 0.941408976278612 0.927079978602125 0.949201883973519 0.950409007081337 0.964547844364035 0.928823340649844 0.960605195454494 0.954400749870606 0.92351616327669 0.944072323806324 0.94541453135274 0.937928312223303 0.958052695459383 0.939878194865749 0.962387685688565 0.931020811325779 0.939211644790782 0.925184315408381 0.934710237572219 0.908016779297499 0.917744445254792 0.924450610966144 0.97893577213764 0.985072475827093 0.978875887288242 0.978909209035811 0.985098867757436 0.984981755723045 0.984969114479677 0.984940575572761 0.978811035129573 0.984894029055737 0.978625438836494 0.984883356510954 0.984866228212632 0.978596046411377 0.984872735828661 0.978530306772371 0.978523450843935 0.984803713322451
0.968418354769084 0.96846926258625 0.969046289849116 0.968595885412168 0.937350356224264 0.944151037497351 0.948099972056438 0.947245180981839 0.937264955317516 0.965471534761131 0.948023996504829 0.970331078338763 0.970851530981122 0.971101371617879 0.971060899703727 0.959823479512992 0.972947993027518 0.962990221078486 0.973027768813306 0.96231073147736 0.97338044030086 0.92633133971057 0.962420090265731 0.921604046102129 0.937004243564673 0.919558952418456 0.985199860204968 0.985014527040137 0.984980950856503 0.984979389937317 0.984996066077455 0.984986923457492 0.978898340354596 0.978888669057292 0.98505196623024 0.985022656491427 0.978637013571105 0.984794349354564 0.984776591626127 0.9848685650184 0.984872725512778 0.984864570867472 0.984722691895666 0.978541635218064 0.978524917658208
0.931688968463312 0.964809196347903 0.950106245394289 0.968857402888668 0.941593927619997 0.94705204355316 0.946387184794357 0.961729179917191 0.945314353727225 0.966460617386678 0.955807438659336 0.947195978290988 0.945354225395588 0.948473496206988 0.954934570313221 0.957605828335722 0.972714783878542 0.972670480637044 0.973120289665897 0.97317082355537 0.973297446650137 0.962192127340958 0.973129512033406 0.944505955198627 0.954852694893086 0.918806447409982 0.985148375196819 0.985097094370094 0.978917082862831 0.978894609865751 0.985090857588078 0.978909772618184 0.985079757351589 0.985060933749455 0.978850784129806 0.978822114394692 0.984801092550397 0.984898259325129 0.984783586876974 0.984778144879897 0.978595680622425 0.984772922212529 0.98472314752294 0.984825846869777 0.97852654918376
0.904807571816421 0.964651683667334 0.946866244481798 0.969029035024106 0.939941694887927 0.92533309857026 0.964178003381988 0.962383425379182 0.94794685824253 0.955093152082136 0.953885226834788 0.946964002415967 0.946227922132186 0.923248870144596 0.942116188335602 0.946502447216383 0.961672846365544 0.972700880154367 0.939958313299089 0.908986836168416 0.934058256055661 0.936675487591348 0.962428296357803 0.897374919447847 0.957746363420192 0.958677444877861 0.98516791989008 0.985015278941596 0.97891656401769 0.984981532166976 0.978932568257406 0.985096460135976 0.978897869179057 0.978862950732094 0.978842759716399 0.984932106833315 0.984805789229317 0.984804511943957 0.978624387096634 0.98488784589467 0.984878400820953 0.984883078448321 0.97854052309222 0.984726082338193 0.984824451892997
0.93621574185815 0.964789257283481 0.944692778586908 0.924408772570844 0.956698228905633 0.965415989981787 0.964531523392851 0.943778621407967 0.945866635225302 0.927727928026676 0.949510701852955 0.940566211156437 0.953624602799471 0.943411296886526 0.943179640675053 0.951844678387971 0.948912982851353 0.939251946340044 0.940302647653008 0.923579907002024 0.950910551637577 0.939082157232626 0.914240874599006 0.973032091444696 0.973192963266226 0.973096587766773 0.9790916368118 0.985148527900119 0.978935551044441 0.984999875391238 0.985017928033717 0.985007114755649 0.984989703139657 0.984962070877727 0.98494190017911 0.978833877961449 0.98491166599424 0.984800387727286 0.984790693225628 0.98488929478292 0.984882789186352 0.984772742305012 0.98482473364472 0.978532668704838 0.978540657635058
