Archive - glowpa-model-master/Model input/Uganda/survival/survivalcombined/survival_restime_1oct.asc
NCOLS 67 
NROWS 67 
XLLCORNER 29.500000001 
YLLCORNER -1.499999999 
CELLSIZE 0.0833333332985075 
NODATA_value -9999 
[rows 20 to 39 of 67, columns 0 to 44 of 67]
-9999 -9999 -9999 -9999 -9999 -9999 -9999 -9999 -9999 -9999 -9999 -9999 -9999 -9999 -9999 0.941421711582957 0.929050024743804 0.950670308459735 0.934972738778823 0.950676860909708 0.945457872766495 0.950950568606456 0.956827380307118 0.945792558821303 0.964479921208138 0.962923785301428 0.928930801276138 0.935649537837163 0.97979194505221 0.966090117670121 0.943182157709702 0.92171377591751 0.95069316231312 0.931079114101039 0.970000522470425 0.96959360928897 0.958938765442639 0.949545595165759 0.942722765684459 0.946605554461545 0.948958464178441 0.929190983730127 0.951510204806254 0.952289217398062 0.955984532150325
-9999 -9999 -9999 -9999 -9999 -9999 -9999 -9999 -9999 -9999 -9999 -9999 -9999 -9999 -9999 0.948020667797229 0.929298070136212 0.927778565616932 0.943123587689501 0.94698457192283 0.933350719689863 0.943000098653203 0.942907393801512 0.946877457597304 0.979635177438594 0.985509828913167 0.98557944525305 0.985610673027902 0.951617777517801 0.979978342868196 0.985406318691697 0.94632695190385 0.955764362563948 0.929471174465912 0.958531683498439 0.944155480030466 0.949487361064534 0.95079092167359 0.962538187541421 0.960926089721231 0.957964716968181 0.943987553957157 0.942465124929883 0.947023306015768 0.945817180108739
-9999 -9999 -9999 -9999 -9999 -9999 -9999 -9999 -9999 -9999 -9999 -9999 -9999 -9999 -9999 -9999 0.949469733650542 0.937536237432149 0.950993401252854 0.919778967201563 0.98042911558774 0.980115548735266 0.9857622596528 0.985783954389003 0.947517690589313 0.948420399536843 0.950327416005455 0.946529200355753 0.959976489293658 0.956833532290154 0.952379336682201 0.979550492413944 0.985466052526414 0.985490232436577 0.948739469542062 0.950056094174727 0.966536863796974 0.947719872981646 0.936897760577468 0.949073677517159 0.94827952397473 0.922196254914322 0.942037596757176 0.941656332280804 0.923908471529665
-9999 -9999 -9999 -9999 -9999 -9999 -9999 -9999 -9999 -9999 -9999 -9999 -9999 -9999 -9999 -9999 -9999 0.931753877594905 0.98694330101221 0.986540699041612 0.985923761008894 0.985861839893896 0.98578671324 0.957149442098207 0.953888378298234 0.944731573505385 0.955962219059017 0.945459838332755 0.952045147339028 0.951266567013152 0.947491645194206 0.947319940815395 0.942779755530497 0.985540264002164 0.947898339954197 0.936775694304252 0.954957586917918 0.954877197746041 0.948853794995963 0.947604369907066 0.944387054038908 0.920792860852939 0.951901154002377 0.957338605518381 0.945787628514367
-9999 -9999 -9999 -9999 -9999 -9999 -9999 -9999 -9999 -9999 -9999 -9999 -9999 -9999 -9999 0.947010928270155 0.944469033469061 0.987524572441857 0.980745562524091 0.980437293152861 0.985789732075057 0.985868425711338 0.985780647027408 0.98588414539554 0.957870605187322 0.968114692441982 0.967474351974964 0.9566059618581 0.93686168698895 0.943231449982861 0.92609812003873 0.926441247663797 0.947708625960024 0.960694597124142 0.979557272977303 0.968501343303541 0.948423531878599 0.924644304799701 0.923968368598827 0.942808060103829 0.953890204511088 0.942717038107756 0.963216859317995 0.95839480782508 0.919283771140557
-9999 -9999 -9999 -9999 -9999 -9999 -9999 -9999 -9999 -9999 -9999 -9999 -9999 -9999 -9999 0.95324410035564 0.983127592743682 0.986864206180686 0.986214440830329 0.986136680905687 0.980486428376415 0.986199586644058 0.986102926658754 0.980468549153182 0.956518258203943 0.951522254215461 0.933091538042103 0.948632714742675 0.93160986675061 0.955304482322166 0.948614423092891 0.948820137747885 0.948828551193466 0.980275884695292 0.967373930888942 0.966021235739933 0.964961098623139 0.963670407549865 0.961960061808234 0.951998742485617 0.952013402360222 0.944911365422377 0.953081793621408 0.953756649153478 0.921994501145031
-9999 -9999 -9999 -9999 -9999 -9999 -9999 -9999 -9999 -9999 -9999 -9999 -9999 -9999 -9999 0.983543994057445 0.987054577413055 0.986549348298846 0.986202335985106 0.980553616587645 0.98622114617586 0.986130347039102 0.980495498461879 0.953745974414154 0.950524092353014 0.952722281302667 0.952725800542406 0.961772268082386 0.948037662276733 0.946306471523251 0.954186102570805 0.936618790153262 0.928345731009515 0.985959211874488 0.980234835500382 0.938499749344175 0.949683882881846 0.947825345889251 0.948015678481952 0.958112124884139 0.956114058262037 0.955985102445883 0.945339066113195 0.958061449268909 0.953403622270319
-9999 -9999 -9999 -9999 -9999 -9999 -9999 -9999 -9999 -9999 -9999 -9999 -9999 -9999 -9999 0.987277100784651 0.986584671068766 0.986544593422395 0.980602025029166 0.986262984154493 0.986148644472313 0.980508058087984 0.986259630226853 0.946319077805396 0.96139283794297 0.931912756099035 0.929231112621872 0.949234092548366 0.928875578074251 0.92812064448077 0.949982496783182 0.985973327722533 0.985981748047106 0.98606697156496 0.94757814303134 0.927420459575544 0.949500190347516 0.958231615632239 0.962433993844717 0.96044869617609 0.971074640333036 0.96505255822233 0.947131492738205 0.94323070208834 0.985297978267389
-9999 -9999 -9999 -9999 -9999 -9999 -9999 -9999 -9999 -9999 -9999 -9999 -9999 -9999 0.987244847332659 0.981160788057619 0.986556696316714 0.981065505512415 0.98619487332411 0.980554183026679 0.980529458493251 0.986360305258435 0.946861388103825 0.958756424744643 0.960156051614781 0.957888794415998 0.928708074488119 0.960858826642499 0.948422774851008 0.925826858430465 0.953568379207018 0.980268666957974 0.980312962824043 0.986044930940499 0.963953575546188 0.955236504923037 0.947618865370904 0.95326655379147 0.9618579015444 0.949563335039193 0.948595978891298 0.963206747504424 0.96164107015878 0.945061204163348 0.979113574717837
-9999 -9999 -9999 -9999 -9999 -9999 -9999 -9999 -9999 -9999 -9999 0.98828326784627 0.982771481567636 0.981845936013498 0.981131040689571 0.986547138741992 0.98105306496016 0.986598203888184 0.980580865336393 0.986254180761286 0.98085206656721 0.931584291141638 0.951208810670116 0.947784920606585 0.925940477598907 0.954903149544046 0.947958796182662 0.962108079356834 0.947906431652171 0.943218740111693 0.937022318103265 0.98603013222281 0.98596037396846 0.980256525667282 0.985476147665494 0.963307393269824 0.97326598766768 0.973140350073102 0.985314469205838 0.979174850971134 0.979154797668897 0.985236399548243 0.98520173450251 0.985194889208936 0.979065648418128
-9999 -9999 -9999 -9999 -9999 -9999 -9999 -9999 -9999 -9999 0.956521032188032 0.987431548575901 0.986730406877784 0.986538941916852 0.98652628143062 0.981036495919201 0.986577432179453 0.986508911542436 0.980663811161742 0.981068279627996 0.935825695923636 0.947275099418658 0.946026283021839 0.934704880689016 0.946883946038397 0.945458444817691 0.954445649724465 0.964852869417415 0.954639359069361 0.939503112167589 0.96942821769228 0.958050877722012 0.948670508787016 0.959704142911272 0.985554612198862 0.979508197080152 0.985215281762011 0.985245254265296 0.985273839314553 0.979108637454455 0.985132724545344 0.979075934595072 0.97906835338736 0.985094716433621 0.985172949856905
-9999 -9999 -9999 -9999 -9999 -9999 -9999 -9999 -9999 -9999 0.987175934005927 0.981624476475954 0.986611178530504 0.986593722327297 0.981138048746629 0.986659120034257 0.986667652970388 0.981256267662977 0.947520262566593 0.965608538122058 0.929325260598304 0.929483677142442 0.929557685829411 0.948536225490669 0.961808406152706 0.955450467971336 0.967131042330859 0.966275119984633 0.978214541238383 0.970646280336429 0.97280330984732 0.951648504518533 0.932850446574315 0.951130382582308 0.943016776720512 0.936820062792618 0.985865914694576 0.979966708978524 0.985708472048141 0.98568708596451 0.985692085300226 0.985687490233408 0.985672371678509 0.985660509511127 0.985657407533336
-9999 -9999 -9999 -9999 -9999 -9999 -9999 -9999 -9999 0.954833131435137 0.986952887772003 0.986876995432825 0.986567336115359 0.981085944437933 0.98662620414954 0.986577415910443 0.981666259272233 0.960947812457041 0.929893477202403 0.964763721793553 0.96117439214851 0.956129794341664 0.951300311854048 0.933223749439502 0.974605212062656 0.964746040770887 0.967745889938892 0.969372480508867 0.926955531267308 0.947896167759039 0.949705027589093 0.961318350351866 0.953101565539027 0.953335007903306 0.952195463688479 0.951076262975825 0.98581853130856 0.985853092591012 0.979948400425668 0.948503369617992 0.979947857565298 0.985710164833404 0.985770937209862 0.979876775820691 0.98569238025926
-9999 -9999 -9999 -9999 -9999 -9999 -9999 -9999 -9999 0.953249610473946 0.986883082430156 0.986851200582636 0.981077694310919 0.986596818216465 0.986507971990945 0.981638581437321 0.952152944786087 0.956948878455566 0.924540602773509 0.94592265428506 0.92767680255454 0.949091223583106 0.973906064524202 0.964195384273931 0.96036264850081 0.948249244880355 0.966130558826579 0.947593975971308 0.965194850599567 0.966958567355139 0.95275470014073 0.949089155420174 0.961188454183243 0.958483727583067 0.934302459367549 0.930565836523462 0.952333284937252 0.949876713815232 0.945763608178966 0.961926156728487 0.985886503115216 0.985750353238014 0.57375908417492 0.985770948817275 0.985786923675967
-9999 -9999 -9999 -9999 -9999 -9999 0.957674686573113 0.961840269698324 0.955344915438298 0.921628881824225 0.97649370238419 0.981507032626265 0.986621903705267 0.981028248849535 0.981169581661186 0.952975039142689 0.93400809111969 0.928652695351452 0.947560422200206 0.94179988054668 0.966369466299256 0.962494408954362 0.95184392091776 0.948451374050553 0.926928757183316 0.93953773789641 0.957998945361393 0.932090586951207 0.974305319820791 0.933156143606207 0.951586842648063 0.951455848534059 0.960381431896703 0.958844745095861 0.95034977868501 0.951595224587021 0.956730436086982 0.946823667547382 0.930781406341027 0.973022116855464 0.950010362109128 0.979122914986147 0.966055908315664 0.950991578816634 0.985799129392021
-9999 -9999 -9999 -9999 -9999 -9999 0.946256901551845 0.948808487751254 0.945517173823761 0.966985368936378 0.942189276148688 0.981415719896154 0.981057091753024 0.986633974540196 0.987035810422858 0.973415238145638 0.972780467819836 0.972409175316799 0.971248497768605 0.970952409710686 0.965161196766968 0.924236522464264 0.960481690538537 0.970963889784615 0.946173039068274 0.948582364436842 0.951748121911285 0.946249562799116 0.973771611035936 0.924158180833913 0.963985961486254 0.951015701898412 0.956918265260838 0.950378213424648 0.957594709314704 0.95119876093873 0.950747026403404 0.960537425918372 0.95241966608479 0.972663790438321 0.951741551237714 0.985201593528015 0.940470903640206 0.950566701508594 0.949507887434681
-9999 -9999 -9999 -9999 -9999 0.949639542945809 0.932781719698881 0.961314062778428 0.967072148216981 0.907644643706898 0.901444868978473 0.986784924191069 0.986625898317376 0.987005688402257 0.954557743223883 0.952893199858022 0.950571027788206 0.957166889158914 0.936019866598104 0.971003222419494 0.942414801798106 0.949707016954382 0.960016273400782 0.97075074027889 0.950252574226024 0.927819594802928 0.926934754122088 0.957020266603914 0.960190795442224 0.962402126481687 0.952962004811713 0.942903488473626 0.950491954721713 0.950375095207624 0.966984173954537 0.948802309283098 0.950225263870805 0.952284470784492 0.957988275942391 0.972425575635278 0.951836809734774 0.985220124226208 0.951877380727974 0.962667210690757 0.949132229847019
-9999 -9999 0.937546420538586 0.93542883780862 0.9473560119277 0.941328582401535 0.93785338412537 0.95540291149873 0.976209085813078 0.930510990789926 0.961691629311703 0.962271077015317 0.976209773484878 0.93631464210345 0.941469237546414 0.962958179630036 0.9573982270617 0.953488591028374 0.949847535602285 0.971090121600444 0.948401136356137 0.963718067523051 0.956675590145983 0.965564721488581 0.957899439833789 0.954016627883753 0.948235362937751 0.948554975744188 0.959289892013495 0.973550537860405 0.97268627212555 0.947918111237068 0.932307997382072 0.932173518328609 0.966180622402306 0.945430260254288 0.941870008420572 0.951581469970647 0.936536971330588 0.971641735777258 0.933435929273067 0.985366934976648 0.950979730182278 0.951055069897214 0.936639781087889
-9999 0.930925316955128 0.946146631395825 0.948873731979923 0.929738772430083 0.945990506615552 0.976131063853881 0.966646956848261 0.939766093865793 0.905659758059248 0.962120381435786 0.933747374837202 0.966304014543683 0.96634916504223 0.975469734780639 0.956973537150783 0.94642722274029 0.955315900187058 0.949772799077208 0.968952024879826 0.960823040189262 0.956127465113545 0.940062086664302 0.964841942749689 0.95102727695036 0.949866217391129 0.940513943681816 0.93773582925218 0.95137584642006 0.931951294473209 0.944257012345246 0.961532349458204 0.960006504842221 0.946680863125327 0.965675318731809 0.9474244545841 0.95597720275047 0.949331842435887 0.933691823645196 0.971099928129987 0.925173774821466 0.985379249558405 0.93005744097713 0.930083934938001 0.919708807939164
-9999 0.928528941764407 0.935695568102799 0.976781631398944 0.976690362068272 0.967732107332673 0.948871868928946 0.955072873003158 0.955558487446919 0.946315585389869 0.953215327458092 0.948709202691033 0.955050418813353 0.964299858134531 0.953608239153221 0.965021226008466 0.972649757633975 0.954866828573204 0.957696832347682 0.939671105670298 0.952631681492344 0.939501941021162 0.956606082493745 0.963194054961837 0.95224955213094 0.963540423063491 0.962204252068945 0.957795532576094 0.939032448463956 0.939893295015951 0.954962131744186 0.929765455044757 0.960375169582769 0.924057109195794 0.947381802694205 0.949869110664762 0.947085398699482 0.945251549409898 0.954119973214703 0.967551839950373 0.945306000144519 0.946757266840347 0.9791485741463 0.966094029678881 0.948811999424291
