Archive - glowpa-model-master/Model input/Uganda/survival/survivalcombined/survival_restime_1oct.asc
NCOLS 67 
NROWS 67 
XLLCORNER 29.500000001 
YLLCORNER -1.499999999 
CELLSIZE 0.0833333332985075 
NODATA_value -9999 
[rows 40 to 59 of 67, columns 0 to 44 of 67]
0.92157629386269 0.937751666317068 0.976449269469806 0.976766717686055 0.927573166917312 0.965669610016831 0.943906504332733 0.951816626035548 0.933279935640268 0.948912779683386 0.947601314985247 0.955569147462744 0.934660057731167 0.96274575692953 0.953652727873111 0.970117071374716 0.967412720813291 0.957960509110698 0.957906508684042 0.95811083419478 0.957436570523385 0.946844851779027 0.957051949112995 0.957986732988043 0.957316748745945 0.952460873367598 0.955262774061263 0.955274270772289 0.946807399488092 0.937327731632918 0.950129316487239 0.944228079117113 0.971318611003991 0.942045902864618 0.95307426567652 0.962658495876074 0.946991075063951 0.924797559555735 0.945479168599412 0.951845433378813 0.953328712834727 0.946430771290363 0.985273126939536 0.956580850557421 0.946732850233597
0.945698382326003 0.935089976505944 0.976444859572511 0.962333371572824 0.962126483474049 0.963937846002937 0.934935845930344 0.953223675460673 0.951978044239146 0.962970148552727 0.951066729676794 0.952164754841456 0.9359727034073 0.954316309191325 0.944554916335017 0.967888311840178 0.954562790983679 0.952884398685922 0.957277363370583 0.967901197245749 0.963701357124353 0.961788422261031 0.956306803798103 0.963118361540063 0.945739253576681 0.955874348041006 0.939304016457661 0.944507790495666 0.919774533376383 0.944262832768306 0.949351077855538 0.942864518462001 0.970572927041211 0.949023507673988 0.949432442542784 0.948788607442059 0.935393850071721 0.945479993512243 0.949476144215831 0.952835582900048 0.966051092510952 0.958491296870704 0.985303806458412 0.951177388573186 0.960622113496705
0.93080443393582 0.916802194708229 0.976130376551335 0.915962758484263 0.963807749137307 0.963834132092026 0.933135052133539 0.959623193850931 0.962061419755941 0.951179490728449 0.953038475002159 0.966990836709453 0.957508246684267 0.951176026475109 0.956050408776375 0.957498473224186 0.948764817807461 0.9602900167371 0.944966551904486 0.955876216820167 0.936710591368724 0.954990545335771 0.956241904825261 0.951473259095282 0.953829213936606 0.967217529287035 0.95293826946304 0.938082305770729 0.948035894278432 0.944313821379712 0.935964157338449 0.946337612996687 0.970131895116598 0.965545975731756 0.95817999477161 0.948057125705738 0.946903204554632 0.944732925229043 0.962629675914933 0.945419068991004 0.962883145573751 0.956554006020493 0.985371288667904 0.985257626283981 0.948082997403739
0.975442788562555 0.966185287478678 0.942401733250629 0.937569381784215 0.961983601206231 0.960881597516588 0.952326181786867 0.94201429023782 0.948587728165148 0.953758717673465 0.95782651635406 0.967353679326301 0.968816271546682 0.955323623504236 0.937762650124464 0.943175130330563 0.95618713356095 0.933757238945838 0.935339548280042 0.95670507478225 0.956273929436315 0.960448777038594 0.95539368603509 0.954049368165673 0.934421435476787 0.954977767103522 0.933105938679698 0.949643014237832 0.963574755041764 0.964988290187213 0.952419310959542 0.941705513034335 0.966680126268431 0.947436503143022 0.945049397254704 0.958892409834199 0.946475027862252 0.941965791185785 0.945704696387053 0.945530669413212 0.961861843473003 0.953548642550441 0.933198554840171 0.98541794801823 0.951191792745657
0.975498881023051 0.964650144851149 0.963979840607411 0.963202073123927 0.963932311176753 0.944970135256291 0.92557744664755 0.935359279309928 0.9427731394295 0.965229767039004 0.964441836371055 0.95281474935295 0.97091463022305 0.963234223634786 0.964151140321241 0.941853389875684 0.957933888635354 0.94105721661602 0.94367386142143 0.961810763183939 0.959760869176614 0.969975843982829 0.930630951473675 0.942284655186407 0.956813850927901 0.957469657688764 0.954028835273318 0.970834779776323 0.949850563124949 0.950532787521926 0.947513627496891 0.922819187851014 0.955648649788395 0.949379736146132 0.961378896026298 0.947900477000302 0.931904784899889 0.956332811269136 0.948401100256896 0.951665180103708 0.959287785765 0.94902918027617 0.979484893495758 0.979410608406639 0.979331627101609
0.975470625786141 0.957542516140144 0.956221907242762 0.957481260716646 0.967453478835944 0.941732123114972 0.961735703345207 0.962111128721477 0.937122091596832 0.967404236173824 0.965583417069061 0.933161057480217 0.971172132303037 0.958178852582826 0.954563173309036 0.957505125512666 0.96676400366567 0.95624766685211 0.955350067119691 0.966206408194836 0.947005044468746 0.970496161950103 0.958687750888589 0.969562299415027 0.946759500541537 0.952830293050676 0.952235193530462 0.958830623276698 0.964637371941157 0.964732248038208 0.93847569653567 0.945205602517283 0.949567952618744 0.948909569142871 0.94430157892719 0.940293220151267 0.952449342889132 0.985460127968507 0.979475635868185 0.94124648870258 0.948709889853039 0.940045214322584 0.985420509470588 0.985312539868792 0.979283087677307
0.963928103605803 0.965187814474502 0.949780421534838 0.93846370545195 0.955596322233374 0.952440052184117 0.946263651763886 0.961598576156764 0.97652360748258 0.971396625600054 0.967251455488914 0.953690178293049 0.959761600221503 0.969463536510424 0.970033849361738 0.971076888631227 0.973936320606738 0.974135810650791 0.975093507057193 0.976164191711616 0.976151574081353 0.978296010611911 0.969548817953179 0.95046385580086 0.928229532260249 0.928091336820977 0.958958982857121 0.948112244670465 0.948782153927926 0.933496491249724 0.94455713918084 0.945223565904186 0.945158434513549 0.952791640907151 0.979988267042681 0.985834687133121 0.979561016479479 0.985511276899717 0.985393934018816 0.985465156696567 0.985482682604704 0.979524585773303 0.985418769559453 0.985346358144363 0.985342920317521
0.94201828750429 0.974766068589237 0.959146156295274 0.955435463794887 0.956388233431038 0.955640843297315 0.977031589566023 0.97666607664843 0.976703503207898 0.976743771503451 0.966494025398235 0.976078227526313 0.972741644655021 0.972566137537186 0.950812686178658 0.949208838373811 0.966391742450075 0.956241455276356 0.968895401018496 0.95963658213191 0.956634902224942 0.952283334579432 0.959441716622845 0.969840760468534 0.954725089418737 0.959121067647351 0.945790718771421 0.948169714517196 0.925785062400634 0.94572654740211 0.944066256967322 0.952425236766446 0.980055611029977 0.979983286117303 0.985745530646301 0.979929959366011 0.985534966051206 0.985501387459447 0.985447532042965 0.985497556890445 0.985538976660304 0.985536495649662 0.985333545614228 0.979286117518115 0.985342951674981
0.953291208158844 0.974629874995689 0.974696026606807 0.974948880132206 0.96847695626377 0.944357084147927 0.976448271395404 0.966903097863113 0.976487350731476 0.967226117534702 0.949764215873822 0.963255792794475 0.950961284505333 0.966701929935012 0.958570049002785 0.964261889910669 0.960555537566089 0.931646399695083 0.968572043666921 0.953066750425278 0.967265200801811 0.942725933990933 0.955015100858332 0.95370818291159 0.979271936519147 0.979597539737376 0.979573408012693 0.979599444144566 0.971454481274906 0.952615579759275 0.985895805368757 0.98005198335781 0.985792176254905 0.985857502143749 0.985814053626423 0.979883056624582 0.985421478154046 0.985400018035966 0.985396253927795 0.985428647105383 0.985408707590229 0.985393624783595 0.985293630057464 0.985267624987832 0.985355199784701
0.974755338764949 0.974462177377541 0.97456876109977 0.974407591232702 0.974507060374238 0.923610499008275 0.932203775738273 0.946702093444453 0.966552251946841 0.976669423725522 0.940327869656029 0.951098330051691 0.949709760638294 0.948961921397581 0.968195344145046 0.962378363506951 0.945958406277261 0.940909854268968 0.968284218310551 0.967184250230345 0.953339019005881 0.95177053782626 0.93419039027404 0.93394298201338 0.95468934280802 0.950575794535932 0.949077313761646 0.929181071258595 0.98594187848141 0.985975443659528 0.980094884147236 0.985833310339141 0.985921224741822 0.985892078855457 0.985852122003968 0.985738101765193 0.985472556970994 0.985560750047236 0.985571775917156 0.9855891465788 0.985540947724089 0.985435238374586 0.978977928301456 0.985103181352601 0.985085441208283
0.964033194881325 0.974303662684317 0.97410559756045 0.974300690699072 0.974139792181041 0.926276115497366 0.967243943629308 0.97625624129653 0.976519834373674 0.941555599234305 0.95201962111676 0.949444706190025 0.962980447994527 0.947688387157434 0.967903576650401 0.960023670837991 0.944084761932124 0.953095358820551 0.948040557687813 0.966623437776304 0.952468099804568 0.964776774183135 0.952316837779895 0.928000849275395 0.967303702896563 0.944367417240905 0.963535885898066 0.942502328395671 0.980235797491127 0.985939790915877 0.9857867916256 0.98579329016464 0.985798040724408 0.985785682157604 0.985770281833648 0.979980424236585 0.985581423409597 0.979598843712177 0.985597322617284 0.985599798834749 0.98545749586686 0.979552980001247 0.985155272046716 0.978958501128049 0.985005384207908
0.974041382620395 0.963541572445165 0.974037960159139 0.974078964166079 0.974124486462497 0.977507522832032 0.937235297225867 0.952733171871647 0.942931895885375 0.943397744492503 0.948582214147989 0.940452484363191 0.950445710883483 0.928496162434076 0.966617302368964 0.938134091933342 0.939498435509364 0.94317573235365 0.935507263202163 0.962315381901495 0.952392546957811 0.958134114829691 0.933539198480384 0.949621885649051 0.96696613911065 0.918168394680418 0.959765285592315 0.943480298885766 0.985954344875928 0.980275494769534 0.985900511019299 0.985820975538139 0.985805231595815 0.985887420600234 0.985873561581689 0.985856202893088 0.985491613624589 0.985477497392027 0.985463153606299 0.979568305502632 0.985466273544654 0.98545713906103 0.985168812903683 0.985140282261165 0.978943250413021
0.973957107340339 0.974119245077283 0.963564536051411 0.963651464188881 0.974275377670379 0.942394466243805 0.923880739662258 0.965903421200215 0.933161621181568 0.942497482981876 0.934830420998282 0.915521047270442 0.950731902167092 0.941988779852103 0.959330166372973 0.938588409732589 0.944158815699217 0.919340129518972 0.945011727245975 0.953984991085874 0.953376231804825 0.951836551483037 0.950152573905628 0.960004619670501 0.964705393718471 0.932936966359319 0.952629230539367 0.921557031913044 0.949530893104488 0.934410287175187 0.980064445312137 0.980116875846371 0.980101693618617 0.985920127329198 0.985796908228811 0.985775938739553 0.979633757674584 0.985504380842761 0.985569777939841 0.985464941820621 0.985466380175213 0.985467863508411 0.979019762450077 0.985056186253557 0.978978259737916
0.96346940644779 0.974131149281158 0.963625226413279 0.96380556268363 0.97438768693323 0.912057513298849 0.913426102727146 0.965779569751042 0.964353645521061 0.952941473079488 0.95878852540971 0.957655356534481 0.929130942969066 0.936776442527781 0.944348450266962 0.945386169540214 0.92240604742916 0.946942402951353 0.947259371556407 0.948060398362017 0.938885241416786 0.919826895871802 0.930829207296601 0.943461348174827 0.957967168690437 0.945204418528984 0.944552891493786 0.946598461524699 0.957564550336018 0.962958044168713 0.985898783097851 0.985809309565655 0.985826705289191 0.985938256982061 0.985905855462505 0.985798291221292 0.979664703844296 0.985595393591926 0.985481287974875 0.985471937201865 0.979587625117516 0.985567622772586 0.985171899925591 0.97900762214977 0.985053169851997
0.974128281242827 0.963571530181411 0.974309617473846 0.963926564011835 0.920619528685708 0.932604195072312 0.947412184451103 0.941300966902967 0.950512593414038 0.957436345814241 0.94804569369936 0.961092372650663 0.951414175129149 0.948332278219112 0.94881005532858 0.936718617793453 0.946593226773253 0.953607241757309 0.936298010498681 0.966704947439435 0.958199864848585 0.954177028505409 0.950329560779522 0.930228504622126 0.948381720469963 0.93615894339005 0.933293796598671 0.98601260189207 0.980263159429104 0.986046632232646 0.985912025167845 0.985818992336103 0.980108611890247 0.980090054056592 0.985895051682174 0.980048458174037 0.985530383952608 0.985493196816251 0.979599169581169 0.98547900744614 0.985471838174693 0.979569731264899 0.985179774694901 0.985062649810848 0.979005175252016
0.973891236985066 0.973923335600404 0.971187331410425 0.907976244741885 0.948958775081698 0.945485213015507 0.931582419525022 0.951790854004118 0.95248001771219 0.966738601302261 0.932963222099114 0.963027772724631 0.957377478774493 0.929202940772396 0.94796781599914 0.949125992756841 0.943282540555753 0.961395876877494 0.946130459421995 0.966615713844265 0.939215331441313 0.946817164831403 0.937089200286035 0.943937255588266 0.920431995962083 0.924284306782763 0.928217245040036 0.980244932067612 0.986006099217814 0.980219819618524 0.979925228227679 0.985812363243824 0.98571151103489 0.985701053729537 0.985685215883554 0.979874915132687 0.985495398798337 0.979455371992314 0.985471701481399 0.985468388403988 0.979419007941652 0.985453938802634 0.978881900092756 0.978876301137243 0.985053648222315
0.973910181403307 0.9739863649577 0.971253316523655 0.970755656166505 0.94180760191545 0.948203546259898 0.95074549759559 0.949551240891142 0.939963358384472 0.967622814112665 0.950896627265641 0.972302657940864 0.972796406554276 0.973086750096064 0.973204783204881 0.962797313760986 0.975105121632477 0.965901915040721 0.975727138773493 0.966043086227871 0.976067932618372 0.934413614395518 0.966318256791374 0.929062560553055 0.940155488866718 0.927875827250117 0.986098603904606 0.985949311348234 0.985939215917927 0.985949252351644 0.985727612374867 0.985715806112856 0.979919031909434 0.979915131384372 0.985781689418271 0.985773164320713 0.979477186157001 0.985383582340526 0.985379139926434 0.985456732241097 0.985457665077377 0.985442038120403 0.984976210260276 0.978875987855921 0.978872214733023
0.935651657675249 0.967992658153076 0.95398434806239 0.97101033702734 0.945915817415889 0.950553391441352 0.948817881018786 0.963520592270469 0.94779715630761 0.968560578081775 0.95874111577727 0.950391719453604 0.948524041821218 0.950873723623649 0.957718963537525 0.960260675722327 0.974853595569758 0.974734567029307 0.975712464222711 0.975816484470537 0.975961132626695 0.966207855359829 0.975930151165277 0.946810278592627 0.958795706572735 0.922269778973917 0.986091560173121 0.986061532583753 0.980288183071307 0.980271608936725 0.985827702950414 0.979935977093715 0.985808116733192 0.985799589620761 0.979885970133914 0.979871452355938 0.985399550349645 0.98548296468495 0.985375931578923 0.985362170699336 0.979425899013574 0.985352433009781 0.984981206791516 0.985069721695574 0.978885766379407
0.912140320681183 0.967853366489363 0.951291899343301 0.97129814236251 0.944534004830489 0.929372085064372 0.966016218160038 0.964209216354933 0.950526381581463 0.958006377479659 0.95690926065641 0.950221332040827 0.947256532484305 0.926491738121357 0.946303435984555 0.948965561484963 0.964777476451291 0.974923333428192 0.943661558554395 0.91702249592654 0.939320096295316 0.941227928218763 0.966330313387569 0.898323283758899 0.961032813541625 0.961726687298781 0.986114309735701 0.986006842241554 0.980309276671032 0.985972621158071 0.979962034442654 0.985819059544609 0.979933233192607 0.979903715145836 0.979888131516771 0.985676708651638 0.985398643298166 0.985390037406025 0.979446831448223 0.985465235144206 0.985454038911906 0.985447176287174 0.978886655561397 0.984977042325195 0.985074609588842
0.941700434583527 0.968113825554743 0.950200519813181 0.930017311003364 0.959697189454319 0.967727735858925 0.966506262491601 0.948905029853576 0.948794760113429 0.931679780790836 0.952668977303092 0.945448728780175 0.955306942377548 0.945106675674794 0.946250129327265 0.95414129050873 0.952239129057297 0.943805255501902 0.945751608859851 0.929654473923884 0.954804319372946 0.943562943421881 0.917391106978152 0.975840729720058 0.976245710619028 0.976134942853305 0.980374305009964 0.986106452025365 0.980328034056106 0.98598571758453 0.98575355415432 0.985736332702906 0.985720667372071 0.985702722501361 0.985691297361468 0.979869406357 0.985491833339723 0.985388565910335 0.985370193332787 0.985462576644659 0.985452258191255 0.985345923835159 0.985072524433212 0.978870751099687 0.978862502498463
