Archive - glowpa-model-master/Model input/Uganda/survival/survivalcombined/survival_restime_1apr.asc
NCOLS 67 
NROWS 67 
XLLCORNER 29.500000001 
YLLCORNER -1.499999999 
CELLSIZE 0.0833333332985075 
NODATA_value -9999 
[rows 40 to 59 of 67, columns 0 to 44 of 67]
0.910932563281538 0.929422401395264 0.972421623293169 0.972732323299149 0.918012629813783 0.959172866046693 0.934887054791774 0.943431522646314 0.92243296907516 0.942285370172898 0.940511541893598 0.948495518991444 0.924984155549029 0.956306346388645 0.946313264119155 0.963703394213604 0.960362319191969 0.949041026738491 0.949475339132229 0.949505212596462 0.948288361187618 0.935089403810067 0.947462413827188 0.946414993037812 0.94698033754128 0.943741448894977 0.947208506855726 0.948693364553816 0.939700500284259 0.930251389358116 0.944238189796102 0.937869760609763 0.96701727429115 0.933616725232024 0.946397395343739 0.957022761388193 0.940908158041186 0.916382480731217 0.938994521396064 0.945471609870177 0.947306560328389 0.940739851542863 0.983601021735051 0.951835732927122 0.94079908906558
0.938104973911603 0.925234662109421 0.972371177722679 0.955431598398732 0.955319810511539 0.957331097192744 0.924228350469305 0.945694762353831 0.945408838204389 0.956889367781416 0.942930112402542 0.943894952139776 0.925519769503594 0.946933093602067 0.93355897505792 0.960629369733372 0.946221394504125 0.942335685210863 0.947836746813388 0.960725018584328 0.955687841791761 0.953452990402464 0.946787821065555 0.95329371204256 0.932879079942543 0.946714930246037 0.929266270546274 0.93768539772323 0.910577698570859 0.937591679077499 0.943036107305105 0.935090334011309 0.966202937833192 0.942448208460888 0.942086805894678 0.941209426570437 0.926837324984162 0.939317498514039 0.943003399724677 0.947170169109332 0.961693758247518 0.953825837916741 0.983655684338589 0.946523385093092 0.956369344502392
0.922915842120088 0.905770824614199 0.972080698801227 0.902607280760771 0.957278447890105 0.957243076060641 0.923786130108279 0.95270342789686 0.955353802845868 0.943383334869709 0.945431309272622 0.961260195147338 0.95018120572698 0.942616435965602 0.945753163235969 0.947433734220622 0.936762554046163 0.951110708060988 0.932522095026335 0.946116469881133 0.923033565126262 0.944867622561724 0.946318397669194 0.939027593244273 0.943575024569049 0.959986077830643 0.945402474063275 0.929154614463991 0.940560733482344 0.938010200180796 0.927664749683561 0.939934748238771 0.965710498366389 0.960583131313305 0.952122391694466 0.941206976992517 0.940292094284578 0.938442751262722 0.957891517120048 0.939234564925166 0.95817857724678 0.951850204629834 0.983717102981546 0.983620655221728 0.943459090520802
0.971999056039376 0.961202183063358 0.93493143869259 0.92796192174955 0.956380540288042 0.955286373014823 0.945222572944211 0.931955732183267 0.939374133230421 0.94665563064388 0.950855559463026 0.961593565167904 0.963253156120426 0.941390867302152 0.918628493568232 0.925883318709307 0.946261241117469 0.916395392473867 0.920812118163418 0.946527753677857 0.946937843435383 0.951994872745083 0.945102134626632 0.943766610533689 0.92067071072037 0.945134360318798 0.921839063282067 0.944089090630228 0.958197216102008 0.963126572514392 0.948344797191033 0.935579211243734 0.962278165316449 0.941338173471956 0.938367082323729 0.953971364656395 0.940996445515286 0.935868072373699 0.940042554223781 0.939918804110594 0.957451196150129 0.949067756993568 0.928414688996082 0.983865471455686 0.948051714630698
0.972133980774146 0.958753999852916 0.957666221648296 0.956864030405456 0.958202626183607 0.937327603028622 0.914987532439076 0.925097836698626 0.932348310875402 0.959052845723764 0.957156648493901 0.942276775172145 0.964642105611731 0.952057786440447 0.952599338324986 0.923079151630283 0.946534764959748 0.925199160849104 0.927503065534964 0.953117732486098 0.95155077598414 0.963142675809113 0.917947641404026 0.930118436407322 0.948096390623231 0.951803702110411 0.947196320442715 0.96784721391099 0.944131037463382 0.94804514191237 0.943911701518681 0.914710405524079 0.950275963679929 0.943195244219779 0.956911296332067 0.941971170860969 0.925866033250072 0.952055556389076 0.943372587050943 0.946642741386035 0.954837778669792 0.94424453670508 0.977334619564755 0.977223081603653 0.977163537396493
0.972037917992204 0.951042227001481 0.94927985699943 0.950666781600222 0.962203879040671 0.934417289014607 0.956095069660917 0.95615543783947 0.926611535803244 0.961381149340494 0.958360750846501 0.91586237490048 0.964852171410583 0.944486653441536 0.940291715300756 0.945350766596317 0.957792160440315 0.944982004742186 0.946012834510878 0.958007081921417 0.935953926556715 0.963914735314056 0.951147607548111 0.964057485144479 0.943711898079139 0.947532507888658 0.948563576960159 0.954713620477422 0.962852439431422 0.962923236979581 0.931446057386684 0.939764803575814 0.943967393548428 0.94321890151926 0.93890120689664 0.934417790646289 0.949002401701478 0.983942128932969 0.977418278333214 0.93576216646109 0.944098911047888 0.935259674750597 0.983874612806413 0.983747034139657 0.977095636404126
0.958332205579776 0.960222139495864 0.942125855101083 0.929110584203458 0.948573397481563 0.945294682234271 0.93818365668491 0.955642358141525 0.971264590911068 0.965585193193357 0.960077974186184 0.942223238031872 0.95100566457112 0.959881098005286 0.960938134956042 0.962507048251257 0.966907284998461 0.967159194885101 0.96973929401554 0.970951278721952 0.97095670783243 0.973856220734821 0.963384472132245 0.94361932179244 0.927759591704837 0.928496628949838 0.95510079973524 0.945161873713563 0.944904485833086 0.926263120001467 0.939180140432009 0.939954399258456 0.939780091178908 0.947779071413606 0.977596255921439 0.984137849577047 0.977420121276771 0.983999145858209 0.983979752598827 0.984003867996848 0.983988509041135 0.977396005934977 0.983874993363615 0.983818674159275 0.983798800103297
0.934960172317629 0.971171495418589 0.952482378317191 0.948744107209344 0.949696605619077 0.948044939674391 0.971746774381893 0.971392235153329 0.971472620358047 0.971573837095589 0.959118872552003 0.970766608439512 0.967579552142733 0.967357833559237 0.939668857641999 0.938644477564143 0.959684643982945 0.945022404410971 0.965046975654476 0.952719031524151 0.951446443398249 0.943353122366074 0.953221069794458 0.963891907812425 0.954840103915726 0.955471765389722 0.945881024935263 0.946806622525184 0.924514714953314 0.939993943642858 0.938659853527412 0.947367301345933 0.977661865672577 0.977555737690197 0.984035787275782 0.977548043681001 0.984010746595827 0.983981443973974 0.98392321432167 0.984008299317721 0.984071800682881 0.984070680683893 0.98377747705927 0.97713300157382 0.983800362026286
0.946800478472433 0.971020748490999 0.971121880408792 0.971342148358269 0.962991554456215 0.934313849429541 0.971201756721185 0.959689438130801 0.971348365452883 0.960007064671748 0.940918954222499 0.955277460278337 0.939956539796896 0.959822257660003 0.951555882962395 0.958464520847757 0.95468303562003 0.920529337906736 0.964842932273544 0.9455058334833 0.963870934876099 0.935245963365847 0.948786698165195 0.948858404387607 0.975306452845993 0.976106880151535 0.976126481205826 0.976184317655786 0.966726605278846 0.94724389139023 0.984176117788682 0.9776354113342 0.984052733894724 0.984135843433482 0.984093199502195 0.977441476687249 0.983876801355525 0.983876158612117 0.98390848788359 0.983942184182687 0.983933837953963 0.983914823289437 0.983743057831851 0.983723495859034 0.983813152742173
0.971460262972346 0.971162748655292 0.971252907234942 0.971079891740004 0.971180029518534 0.915255032375056 0.924021208878793 0.940310602568728 0.960084433279262 0.971991613787005 0.928797694347929 0.942696530931422 0.939909854534769 0.940636869385786 0.963249137458232 0.957227937180827 0.938738847041238 0.933865369506021 0.964659444815091 0.963548824610893 0.948181853094836 0.947586441622856 0.928220394481991 0.930039225357531 0.954190140514189 0.945590132930058 0.943517090622309 0.922031582550066 0.984248303996215 0.984265702638199 0.97777705520382 0.984143941131031 0.984242045838488 0.984221555629047 0.984156495205497 0.984026891987085 0.983991052177068 0.984127616415578 0.984150527690828 0.984161568671265 0.984147017107875 0.984028140814423 0.977236144931266 0.983864032400402 0.983846124065241
0.959435914092286 0.971108083054873 0.970974911006299 0.971093522757823 0.970833449005123 0.914099091561617 0.960699631449863 0.97151039514212 0.971753805301772 0.932930879239074 0.942572556917184 0.939606352545357 0.955484447248512 0.939792890262907 0.962947008145267 0.954936653379221 0.937259019337531 0.947908805761228 0.943254082825446 0.963112262806407 0.948557503979723 0.961922954862128 0.948725093532267 0.926808910419869 0.966897231906546 0.939086687036933 0.959541032370003 0.937680373850806 0.977856292857963 0.984281617733116 0.984175448426353 0.984166623296599 0.984144835926537 0.984126011193145 0.984104344188363 0.977639868758656 0.984144688510874 0.977566543383943 0.984165963708374 0.984163449824044 0.984027651300704 0.977560416305241 0.983907398267101 0.977204150606612 0.983746050408209
0.970909373659959 0.959239920576212 0.970938686222368 0.970970210485862 0.970967313874803 0.972445181906792 0.92711978275827 0.943428863993008 0.93389345461381 0.93004633883648 0.926104438397226 0.925808704291144 0.943635884376798 0.91915600218974 0.961590499934784 0.930947507307652 0.932792390890605 0.937619063678347 0.929662751543712 0.958863729782347 0.949072349743105 0.955696050146933 0.930101507163896 0.949048266477788 0.96652563390343 0.912372730849689 0.955798208488805 0.938823011548193 0.984270209867859 0.977945244987424 0.984274600700171 0.984158442964901 0.984160406040486 0.984241805116581 0.984228079240229 0.984220724322963 0.984061992627046 0.984038105179482 0.984041326006625 0.977566072244143 0.984031831828652 0.984030224434739 0.983895181826075 0.983875097424388 0.97716670622879
0.970882516756457 0.971072096123819 0.959259855707526 0.959318055380616 0.971069910760403 0.932574246293731 0.910952179977695 0.959315015724349 0.918590812154587 0.91040257653803 0.919700923986046 0.881938413188882 0.943718689327858 0.933316178595285 0.95357131182523 0.931680583411541 0.939117162425181 0.912792914502074 0.940849810197079 0.950578343936847 0.951147162271068 0.950177469879557 0.949364181168909 0.95974278608304 0.964737056491721 0.93252485801154 0.9485658209949 0.916544014502388 0.945557673470808 0.932457407623408 0.977794418653813 0.977779375027403 0.97776246168155 0.984269957925033 0.984143206548838 0.984126199978591 0.977631077331215 0.984064520035434 0.984155675179587 0.984040723887724 0.984032163727024 0.984019253703624 0.977224633509211 0.983767366962041 0.977166480987157
0.959234050506675 0.971106918658062 0.959320115265073 0.959373109004826 0.971147064349485 0.901482951144811 0.901422170832452 0.959165183046672 0.95747828982512 0.943156582630969 0.950013305676165 0.950037649968727 0.918709962085469 0.927593204542163 0.938330579938723 0.939640657832837 0.915308482016549 0.942331859565552 0.942795866305619 0.94458788021582 0.936271953727255 0.921579147105279 0.930612230231588 0.947521537657143 0.959651340998959 0.946833174746471 0.940668165315421 0.942738787444769 0.953158708903027 0.96057176147092 0.984297607258927 0.984171481673308 0.98416856170204 0.984281455653187 0.984258562563424 0.984137744456958 0.97764597469947 0.984177782619607 0.984059549132839 0.984036061728451 0.977565038215957 0.984135123912725 0.983891281086183 0.977208340589151 0.983759890251322
0.971141158221472 0.959316485934276 0.971175009390538 0.9594366443199 0.911049959626804 0.920575646218119 0.938856700793364 0.931168005659791 0.94104057270131 0.948884538530356 0.937625076595535 0.954019993134455 0.944229431727463 0.94081843158883 0.941754773219058 0.928398869566337 0.941588654241644 0.949146786665264 0.929955159876736 0.964680196727328 0.957523840619323 0.953495480265454 0.950127847874082 0.93210437802191 0.952754954833309 0.943644768349544 0.930319169629202 0.984353838338527 0.978027891775715 0.984442248757141 0.98429259990757 0.984172856491566 0.977793151081654 0.977780008619285 0.98425392292092 0.977731095320027 0.984096601776371 0.984080818172912 0.977599218311373 0.984043152203442 0.984043262831683 0.977557601384997 0.983904764342094 0.983779821983103 0.977201512345272
0.971333212893365 0.971289659144601 0.966733169149128 0.898914324341005 0.94098712323052 0.937311448493397 0.92121046221239 0.944472457878655 0.945411176859142 0.960306048954972 0.923164196122713 0.956550781554726 0.950767565352735 0.918635713799621 0.941915378907133 0.943927197119291 0.936807496564862 0.957593674429653 0.942083795658146 0.964736818998481 0.940681899043108 0.949250924863133 0.942731285661739 0.945834975285813 0.92318626849704 0.930426595825651 0.922806972485421 0.978250525140578 0.98459593417707 0.97815917833883 0.977976943556552 0.984419206694237 0.984302571727346 0.984297973103284 0.98427777337225 0.977886171373463 0.984350465636707 0.977852069845627 0.984315200895004 0.984312144383209 0.97779534764094 0.984292424895615 0.977462472422225 0.97744937701561 0.984039836392461
0.971307604193861 0.971244858531878 0.966799978630863 0.966381821977576 0.934307863456289 0.940035844983228 0.944758756490913 0.943383439005218 0.931286417158429 0.961497657823242 0.94338609368364 0.967261906332757 0.967918134539347 0.968314361250673 0.968477188279019 0.956400533607813 0.971221209808406 0.962222808655152 0.972419416636724 0.961448715492941 0.97293432546015 0.935051860910431 0.962026199768795 0.928307285688441 0.935086529973901 0.929217192617507 0.984710750711145 0.984562346242029 0.984502355145192 0.984474430183798 0.984343901293936 0.984325230750183 0.97796185544071 0.977936030403709 0.984396749119339 0.984372055205531 0.977875513112238 0.984235835853942 0.984222471657232 0.984321772852698 0.984304083435048 0.984304836762506 0.983962378065397 0.977466850606654 0.977442499084056
0.929369114618784 0.962710902021229 0.945850912962295 0.966658111766643 0.937951520011909 0.94407169783515 0.943209644374308 0.95837454726312 0.941685152562834 0.962630535350167 0.951346672995734 0.943092503294351 0.941161373420688 0.944156070321098 0.952540557109769 0.955432811163742 0.97095747588045 0.970865991314694 0.972507699402862 0.972579365007983 0.972849596424552 0.962051891939621 0.972941725515196 0.941661924175376 0.957434091325459 0.916022637090944 0.984680391500063 0.984652613643019 0.978245912361848 0.978207968773518 0.984457318097998 0.977994763157986 0.984422406036643 0.984410865324516 0.97793130528509 0.977913771031489 0.984259023495576 0.984346193097886 0.98423407537481 0.984225303246294 0.977821679690715 0.984206188365116 0.983977040095055 0.984072469209041 0.97746573598606
0.898677279860276 0.962560527186795 0.941657626638444 0.96687819608681 0.937201662804193 0.920210816877892 0.961073689511894 0.959136279050808 0.944546374401287 0.950625717919726 0.951007569268985 0.943482866580687 0.940193458599831 0.917991831536121 0.941168701848975 0.944692514312421 0.959321135059158 0.970969807984902 0.939603206176307 0.915398310483048 0.938010440902955 0.941731497480551 0.962175175824279 0.892397804290124 0.958988499458633 0.959460091821333 0.984630209858498 0.984555331522733 0.978257854206219 0.984500135572377 0.978031405800109 0.984447624557982 0.977983304815232 0.97796298009974 0.977936193114531 0.984289206253644 0.984264996599906 0.984251144955589 0.977864809212626 0.984336630618571 0.984331394939425 0.984316477719909 0.977509625777842 0.983973452856526 0.984080415584289
0.930497222757997 0.962742201984443 0.938358189623527 0.917414575279546 0.95356567423976 0.962613821047257 0.961552207905335 0.943377875533563 0.943024776847818 0.923760121208559 0.946931099815119 0.938715247216497 0.94945396560429 0.938780377892252 0.941807762553593 0.949910873830152 0.949437087437222 0.941574692897857 0.943923102631317 0.927726043444748 0.954021252806626 0.945333000754609 0.910599933977718 0.972908619945179 0.973576131581376 0.973434383888504 0.978243058799969 0.984662307850345 0.978272568068693 0.984511714928051 0.984375767799072 0.98435341407155 0.984332847611268 0.984312694658506 0.984300020737913 0.977929580052809 0.984367436454985 0.984257026598574 0.984247551324997 0.984336224952209 0.984333764059543 0.984211393582982 0.98409348424945 0.97748725883061 0.977483940820391
